"Delivery_Duration","Order_Type","Delivery_Person_Age","Delivery_Person_Tenure","Delivery_Person_Ratings","Vehicle_Type","Vehicle_Condition","Festival","Location_Type","Weather_Conditions","Road_Traffic_Conditions","Multiple_Deliveries","Grievances","Order_Placed_Picked_Duration"
23,"Drinks ",23,18,4.6,"electric_scooter",0,"No","Urban","Cloudy","Low",0,"Y",10
24,"Meal ",27,19,5,"motorcycle",0,"No","Metropolitan","Sunny","Medium",1,"N",5
37,"Buffet ",23,3,4.5,"motorcycle",0,"No","Metropolitan","Fog","Medium",1,"N",5
29,"Buffet ",35,6,4.3,"motorcycle",0,"No","Metropolitan","Sandstorms","Low ",0,"N",15
29,"Snack ",36,3,4.6,"motorcycle",2,"No","Urban","Sandstorms","High ",1,"N",5
34,"Meal ",28,9,4.6,"scooter",1,"No","Metropolitan","Stormy","High ",1,"Y",5
24,"Buffet ",34,4,4.6,"motorcycle",0,"No","Metropolitan","Stormy","Low ",0,"Y",10
22,"Meal ",32,8,4.8,"scooter",2,"No","Metropolitan","Sunny","Medium",1,"N",15
53,"Drinks ",27,23,4.6,"scooter",0,"Yes","Metropolitan","Fog","Jam ",1,"Y",5
21,"Meal ",37,12,4.6,"motorcycle",0,"No","Metropolitan","Windy","Low ",1,"Y",5
42,"Drinks ",31,16,4.7,"electric_scooter",2,"No","Metropolitan","Fog","Medium",0,"N",5
21,"Snack ",20,15,4.7,"scooter",1,"No","Urban","Sandstorms","Medium",1,"N",15
31,"Snack ",32,21,4.8,"scooter",1,"No","Metropolitan","Stormy","Medium",1,"N",10
19,"Meal ",33,19,4.8,"motorcycle",2,"No","Metropolitan","Sunny","High ",1,"N",15
36,"Snack ",20,8,4.4,"scooter",0,"No","Metropolitan","Stormy","Jam ",1,"N",15
37,"Drinks ",32,16,3.9,"electric_scooter",2,"No","Metropolitan","Cloudy","Low ",1,"N",5
36,"Snack ",31,6,3.6,"motorcycle",1,"No","Metropolitan","Fog","Low ",0,"N",10
24,"Snack ",23,23,4.8,"electric_scooter",2,"No","Urban","Sunny","Medium",1,"Y",5
32,"Meal ",20,3,3.6,"motorcycle",1,"No","Metropolitan","Sandstorms","Jam ",2,"N",10
23,"Meal ",22,23,4.7,"motorcycle",0,"No","Urban","Cloudy","Low",0,"N",5
29,"Snack ",24,19,4.5,"motorcycle",0,"No","Metropolitan","Fog","Low ",1,"N",15
13,"Buffet ",28,19,4.6,"electric_scooter",1,"No","Metropolitan","Windy","Low ",1,"N",5
12,"Buffet ",28,9,5,"electric_scooter",2,"No","Metropolitan","Stormy","Low ",0,"N",15
40,"Drinks ",24,4,4.8,"scooter",0,"No","Metropolitan","Sandstorms","Jam ",1,"N",15
18,"Buffet ",38,3,4.6,"motorcycle",1,"No","Metropolitan","Stormy","Low ",1,"N",10
43,"Meal ",31,22,4.9,"motorcycle",0,"No","Metropolitan","Fog","Low ",1,"N",5
12,"Meal ",38,23,4.9,"scooter",1,"No","Metropolitan","Windy","Low ",1,"N",10
26,"Meal ",33,9,4.5,"scooter",2,"No","Metropolitan","Sandstorms","High ",0,"N",15
29,"Snack ",22,13,4.8,"scooter",0,"No","Metropolitan","Cloudy","Low ",0,"N",10
25,"Meal ",33,21,4.8,"scooter",2,"No","Urban","Sunny","Low",1,"N",5
34,"Buffet ",20,3,4,"motorcycle",2,"No","Semi-Urban","Sandstorms","Jam ",1,"N",15
21,"Snack ",31,6,4.6,"scooter",2,"No","Urban","Windy","Jam ",1,"N",15
17,"Snack ",37,16,4.9,"electric_scooter",1,"No","Semi-Urban","Fog","Low ",0,"N",15
22,"Drinks ",30,19,4.6,"scooter",2,"No","Urban","Sandstorms","Jam ",0,"N",10
40,"Snack ",32,13,4.8,"scooter",0,"No","Metropolitan","Sandstorms","Medium",1,"N",10
23,"Snack ",38,15,4.5,"motorcycle",0,"No","Urban","Sunny","Medium",1,"Y",5
32,"Snack ",25,13,4.8,"electric_scooter",1,"No","Metropolitan","Fog","Jam ",1,"N",10
45,"Snack ",36,13,5,"motorcycle",0,"No","Metropolitan","Cloudy","Jam ",1,"N",15
15,"Buffet ",31,16,4.9,"scooter",2,"No","Urban","Sandstorms","Low",1,"Y",10
35,"Drinks ",35,11,4.9,"motorcycle",0,"No","Semi-Urban","Stormy","Jam ",1,"N",5
25,"Meal ",30,16,4.8,"scooter",2,"No","Urban","Sandstorms","Jam ",1,"N",5
15,"Buffet ",36,8,4.8,"scooter",1,"No","Semi-Urban","Sandstorms","Jam ",0,"N",10
17,"Buffet ",23,23,4.9,"motorcycle",2,"No","Semi-Urban","Sunny","Jam ",0,"Y",5
37,"Meal ",38,1,4.1,"scooter",2,"No","Metropolitan","Fog","Medium",0,"Y",10
15,"Drinks ",33,16,4.6,"motorcycle",2,"No","Semi-Urban","Sunny","Jam ",1,"Y",10
42,"Snack ",33,2,4.4,"scooter",1,"No","Semi-Urban","Fog","Medium",0,"N",5
43,"Drinks ",31,16,4.6,"motorcycle",0,"No","Metropolitan","Fog","Jam ",1,"N",5
39,"Snack ",28,4,4,"scooter",0,"No","Metropolitan","Sandstorms","Jam ",0,"N",5
21,"Snack ",27,14,4.5,"motorcycle",0,"No","Urban","Windy","Jam ",0,"Y",10
19,"Meal ",21,14,4.7,"scooter",2,"No","Metropolitan","Sunny","Low ",0,"Y",10
19,"Buffet ",35,14,4.6,"motorcycle",1,"No","Semi-Urban","Cloudy","Low ",0,"N",15
19,"Drinks ",36,18,4.6,"scooter",1,"No","Urban","Stormy","Low",0,"Y",10
21,"Drinks ",30,9,4.8,"motorcycle",0,"No","Metropolitan","Windy","Low ",0,"N",15
47,"Meal ",24,11,4.9,"scooter",0,"No","Semi-Urban","Stormy","High ",1,"N",15
21,"Drinks ",30,19,4.6,"motorcycle",0,"No","Urban","Sunny","Jam",0,"Y",5
35,"Drinks ",38,16,4.9,"scooter",1,"No","Semi-Urban","Cloudy","Medium",0,"N",15
30,"Meal ",37,18,4.7,"electric_scooter",1,"No","Semi-Urban","Fog","Jam",1,"N",15
19,"Buffet ",24,19,4.7,"scooter",1,"No","Urban","Sunny","Medium",1,"Y",10
18,"Meal ",36,2,5,"scooter",2,"No","Metropolitan","Sandstorms","Low ",0,"N",10
27,"Buffet ",35,15,5,"scooter",0,"No","Metropolitan","Sunny","Medium",1,"N",5
12,"Meal ",37,5,4.5,"motorcycle",0,"No","Urban","Sunny","Low",1,"N",10
26,"Snack ",37,9,4.9,"scooter",1,"No","Urban","Windy","Jam ",1,"N",15
25,"Drinks ",32,8,4.6,"electric_scooter",2,"No","Semi-Urban","Windy","Low ",1,"Y",10
29,"Snack ",33,9,4.8,"motorcycle",1,"No","Semi-Urban","Windy","Medium",0,"N",5
45,"Buffet ",37,5,4.3,"motorcycle",2,"No","Metropolitan","Cloudy","Jam ",2,"N",5
19,"Snack ",30,21,4.7,"electric_scooter",2,"No","Semi-Urban","Fog","Low",1,"Y",15
41,"Snack ",38,18,4.6,"motorcycle",0,"No","Semi-Urban","Fog","Medium",0,"Y",10
22,"Snack ",21,19,4.9,"motorcycle",2,"No","Metropolitan","Stormy","Medium",1,"N",15
33,"Drinks ",34,9,4.8,"electric_scooter",0,"No","Metropolitan","Sunny","Jam ",1,"N",10
19,"Meal ",36,16,4.8,"scooter",2,"No","Metropolitan","Sunny","Jam ",1,"Y",15
19,"Snack ",24,4,4.8,"scooter",1,"No","Semi-Urban","Sunny","Medium",1,"N",15
22,"Buffet ",39,3,4.5,"motorcycle",2,"No","Metropolitan","Fog","Medium",1,"N",5
15,"Meal ",39,18,5,"scooter",1,"No","Urban","Fog","Medium",1,"Y",5
24,"Snack ",31,15,4.8,"scooter",2,"No","Urban","Sunny","Medium",1,"Y",15
47,"Buffet ",33,12,4.6,"motorcycle",0,"No","Metropolitan","Cloudy","Medium",0,"Y",15
24,"Buffet ",36,21,4.3,"electric_scooter",0,"No","Metropolitan","Sandstorms","Low ",1,"Y",15
27,"Buffet ",24,21,5,"scooter",2,"No","Urban","Stormy","Jam",1,"N",15
33,"Buffet ",34,13,4.7,"scooter",2,"No","Metropolitan","Cloudy","Jam ",1,"Y",10
21,"Snack ",20,5,4.8,"motorcycle",0,"No","Semi-Urban","Fog","Low ",1,"N",15
15,"Drinks ",27,21,4.7,"motorcycle",1,"No","Urban","Cloudy","Low",1,"N",5
37,"Buffet ",20,4,4,"electric_scooter",0,"No","Semi-Urban","Fog","Low",1,"N",15
48,"Buffet ",29,15,4.9,"motorcycle",0,"No","Semi-Urban","Fog","Jam ",1,"N",15
10,"Drinks ",39,15,4.6,"electric_scooter",0,"No","Semi-Urban","Sunny","Low",1,"N",10
33,"Snack ",35,4,4.7,"motorcycle",0,"No","Urban","Stormy","High ",1,"N",10
34,"Buffet ",23,3,4.7,"electric_scooter",2,"No","Metropolitan","Fog","Medium",1,"N",15
38,"Snack ",38,1,4.9,"motorcycle",0,"No","Metropolitan","Windy","Jam ",1,"N",5
32,"Snack ",32,4,4.9,"scooter",2,"No","Metropolitan","Sandstorms","Medium",1,"N",15
30,"Buffet ",31,18,5,"motorcycle",0,"No","Metropolitan","Stormy","Jam ",1,"Y",5
31,"Buffet ",37,7,4.1,"motorcycle",1,"No","Metropolitan","Fog","Jam ",0,"N",5
12,"Buffet ",20,23,5,"motorcycle",1,"No","Urban","Sunny","Jam ",1,"Y",15
42,"Buffet ",28,13,3.7,"scooter",1,"No","Metropolitan","Stormy","Jam ",1,"N",5
17,"Buffet ",21,7,4.2,"scooter",0,"No","Metropolitan","Windy","Low ",1,"N",10
38,"Buffet ",32,4,4.4,"electric_scooter",2,"No","Metropolitan","Stormy","Medium",2,"Y",10
25,"Drinks ",37,17,5,"motorcycle",1,"No","Urban","Cloudy","High",1,"N",5
30,"Meal ",28,8,4.8,"electric_scooter",2,"No","Semi-Urban","Sandstorms","Medium",0,"N",10
12,"Buffet ",35,9,4.7,"motorcycle",2,"No","Semi-Urban","Stormy","Low ",0,"N",5
16,"Meal ",37,16,4.8,"scooter",1,"No","Metropolitan","Fog","Medium",0,"N",15
25,"Snack ",31,8,4.7,"scooter",2,"No","Semi-Urban","Windy","Low ",1,"N",5
26,"Buffet ",27,19,4.8,"motorcycle",2,"No","Urban","Sandstorms","High",1,"N",15
38,"Meal ",28,3,4.2,"scooter",2,"No","Metropolitan","Sandstorms","Jam ",1,"N",15
27,"Drinks ",24,18,4.7,"motorcycle",2,"No","Urban","Fog","Low ",1,"N",15
38,"Meal ",27,16,4.9,"motorcycle",0,"No","Urban","Sandstorms","Jam",1,"N",5
29,"Snack ",39,2,4.6,"motorcycle",0,"No","Metropolitan","Sandstorms","Jam ",1,"N",15
17,"Buffet ",23,3,4.7,"scooter",2,"No","Urban","Fog","Medium",1,"N",15
30,"Meal ",28,12,4.9,"motorcycle",1,"No","Metropolitan","Stormy","Medium",1,"N",15
18,"Buffet ",26,19,4.6,"motorcycle",1,"No","Metropolitan","Sunny","High ",0,"N",15
17,"Snack ",39,6,4.7,"motorcycle",2,"No","Urban","Stormy","Low ",1,"N",5
35,"Drinks ",26,14,4.4,"electric_scooter",0,"No","Metropolitan","Sandstorms","Jam ",1,"N",5
29,"Meal ",21,23,5,"scooter",1,"No","Urban","Fog","Jam",0,"N",15
37,"Drinks ",39,3,4.2,"motorcycle",0,"No","Semi-Urban","Sandstorms","Jam ",0,"N",15
12,"Meal ",38,14,4.9,"motorcycle",1,"No","Semi-Urban","Fog","Medium",1,"N",5
27,"Meal ",28,23,5,"motorcycle",2,"No","Metropolitan","Cloudy","Low ",1,"N",5
42,"Meal ",23,3,4.2,"scooter",0,"No","Metropolitan","Stormy","Jam ",3,"N",15
22,"Meal ",22,23,4.4,"motorcycle",0,"No","Semi-Urban","Sandstorms","Low ",1,"N",15
28,"Snack ",30,17,4.8,"scooter",1,"No","Urban","Sunny","Low",0,"N",15
36,"Meal ",32,13,4.7,"motorcycle",0,"No","Urban","Stormy","Jam ",1,"N",15
17,"Snack ",25,17,4.8,"motorcycle",2,"No","Urban","Stormy","Low",1,"N",15
31,"Snack ",36,9,4.2,"scooter",2,"No","Metropolitan","Fog","Medium",1,"N",5
40,"Meal ",37,11,4,"motorcycle",2,"No","Urban","Cloudy","Jam ",1,"N",10
25,"Drinks ",28,7,4.2,"motorcycle",0,"No","Semi-Urban","Stormy","Low ",1,"N",5
38,"Drinks ",25,4,4.5,"motorcycle",0,"No","Metropolitan","Fog","Medium",2,"Y",5
13,"Snack ",34,17,4.7,"motorcycle",1,"No","Metropolitan","Stormy","High ",0,"N",15
28,"Buffet ",27,17,4.6,"electric_scooter",0,"No","Metropolitan","Sandstorms","Jam ",1,"N",5
17,"Buffet ",25,3,4.5,"electric_scooter",2,"No","Urban","Windy","Jam",0,"N",5
24,"Meal ",20,14,5,"electric_scooter",2,"No","Semi-Urban","Stormy","Jam ",0,"N",10
16,"Snack ",27,3,4.9,"motorcycle",1,"No","Metropolitan","Sunny","Low ",1,"Y",10
28,"Buffet ",37,21,4.7,"scooter",2,"No","Metropolitan","Stormy","Low ",1,"Y",5
12,"Snack ",35,21,4.8,"scooter",2,"No","Metropolitan","Sunny","Jam ",0,"N",15
25,"Buffet ",31,23,5,"motorcycle",2,"No","Urban","Stormy","Medium",0,"N",10
25,"Meal ",26,2,4.4,"motorcycle",0,"No","Semi-Urban","Windy","Low",1,"Y",5
24,"Meal ",22,19,4.7,"electric_scooter",0,"No","Metropolitan","Fog","Low ",1,"N",10
11,"Snack ",37,19,4.7,"scooter",1,"No","Metropolitan","Cloudy","Low",0,"N",10
17,"Meal ",34,8,4.7,"scooter",2,"No","Urban","Sandstorms","Low ",0,"N",15
16,"Buffet ",36,23,4.7,"electric_scooter",2,"No","Semi-Urban","Windy","Medium",1,"N",5
44,"Meal ",31,12,3.8,"electric_scooter",2,"No","Urban","Windy","Jam ",0,"N",5
18,"Buffet ",31,22,5,"motorcycle",2,"No","Metropolitan","Fog","Low ",0,"N",5
14,"Buffet ",31,16,4.9,"electric_scooter",2,"No","Metropolitan","Sunny","Low ",0,"N",10
17,"Drinks ",25,19,4.9,"electric_scooter",2,"No","Semi-Urban","Sunny","High ",1,"N",5
31,"Snack ",29,4,4.2,"electric_scooter",0,"No","Metropolitan","Windy","Low ",1,"N",10
26,"Drinks ",23,23,4.5,"scooter",2,"No","Metropolitan","Stormy","Low ",1,"Y",10
15,"Buffet ",21,15,4.8,"motorcycle",1,"No","Semi-Urban","Sunny","Medium",0,"N",10
38,"Snack ",32,16,4.6,"motorcycle",0,"No","Metropolitan","Fog","Jam ",0,"Y",10
18,"Drinks ",37,23,4.8,"motorcycle",1,"No","Urban","Stormy","Medium",1,"N",10
23,"Buffet ",23,22,4.8,"motorcycle",0,"No","Urban","Stormy","Low",1,"N",10
23,"Meal ",37,21,4.7,"electric_scooter",0,"No","Semi-Urban","Cloudy","Low",1,"N",10
17,"Buffet ",33,21,4.9,"scooter",2,"No","Urban","Sunny","Jam",1,"N",15
26,"Buffet ",38,21,4.9,"electric_scooter",1,"No","Metropolitan","Sandstorms","Medium",1,"N",15
17,"Snack ",39,14,4.8,"scooter",1,"No","Metropolitan","Sunny","Low ",1,"Y",15
20,"Drinks ",39,13,4.7,"scooter",1,"No","Semi-Urban","Sandstorms","Medium",1,"N",5
44,"Drinks ",32,5,5,"scooter",2,"No","Metropolitan","Fog","Jam ",3,"N",5
15,"Snack ",21,18,4.9,"electric_scooter",2,"No","Metropolitan","Fog","Low",0,"Y",10
29,"Snack ",39,13,4.8,"motorcycle",2,"No","Semi-Urban","Sandstorms","Medium",1,"Y",10
13,"Buffet ",22,23,4.7,"electric_scooter",1,"No","Metropolitan","Windy","Low ",0,"Y",15
15,"Meal ",37,23,5,"scooter",2,"No","Metropolitan","Cloudy","Medium",0,"Y",15
24,"Snack ",30,19,4.8,"motorcycle",0,"No","Urban","Sandstorms","Low",0,"Y",5
20,"Meal ",24,4,4,"motorcycle",0,"No","Urban","Sandstorms","Low",0,"N",5
12,"Buffet ",22,3,4.6,"scooter",1,"No","Urban","Windy","Low ",0,"N",10
28,"Buffet ",25,23,4.6,"motorcycle",1,"No","Metropolitan","Stormy","Medium",1,"Y",15
17,"Snack ",38,3,4.7,"scooter",2,"No","Metropolitan","Sunny","Medium",1,"Y",10
30,"Snack ",32,21,5,"motorcycle",0,"No","Metropolitan","Sandstorms","Jam ",1,"N",5
15,"Drinks ",31,15,4.7,"electric_scooter",2,"No","Metropolitan","Stormy","Jam ",0,"N",5
32,"Meal ",22,3,4.3,"scooter",2,"No","Metropolitan","Fog","Medium",1,"Y",10
33,"Meal ",27,3,5,"scooter",2,"No","Semi-Urban","Fog","Medium",1,"N",10
12,"Drinks ",20,13,4.9,"scooter",2,"No","Metropolitan","Sunny","Medium",0,"N",10
15,"Snack ",23,9,4.8,"motorcycle",1,"No","Metropolitan","Sandstorms","Jam ",1,"N",10
31,"Drinks ",31,3,3.5,"motorcycle",1,"No","Metropolitan","Stormy","Medium",1,"N",15
17,"Snack ",25,17,4.6,"electric_scooter",2,"No","Metropolitan","Sunny","Jam ",1,"Y",5
22,"Buffet ",22,21,4.9,"motorcycle",0,"No","Metropolitan","Fog","Low ",1,"N",15
42,"Buffet ",25,6,4.7,"motorcycle",0,"No","Metropolitan","Sandstorms","Medium",1,"N",10
18,"Snack ",34,23,4.9,"motorcycle",1,"No","Metropolitan","Sandstorms","Jam ",1,"Y",10
26,"Snack ",22,18,4.9,"scooter",1,"No","Urban","Stormy","High",0,"N",15
28,"Snack ",37,22,5,"electric_scooter",2,"No","Urban","Cloudy","Low ",0,"Y",10
24,"Meal ",31,19,4.7,"motorcycle",0,"No","Metropolitan","Fog","High ",1,"N",5
43,"Meal ",34,4,4.2,"scooter",1,"Yes","Urban","Cloudy","Jam",1,"N",5
42,"Buffet ",28,3,4,"scooter",0,"No","Metropolitan","Sandstorms","Jam ",1,"Y",15
29,"Buffet ",21,23,4.7,"scooter",0,"No","Metropolitan","Stormy","Jam ",1,"N",15
37,"Snack ",30,6,4.8,"motorcycle",0,"No","Metropolitan","Stormy","Jam ",1,"N",10
29,"Drinks ",25,5,4.7,"scooter",2,"No","Metropolitan","Sandstorms","Jam ",0,"N",15
22,"Drinks ",26,5,4.7,"motorcycle",1,"No","Semi-Urban","Windy","Jam ",1,"N",5
54,"Drinks ",21,1,4.4,"motorcycle",0,"Yes","Metropolitan","Sandstorms","Jam ",3,"Y",10
29,"Meal ",28,19,4.9,"motorcycle",0,"No","Urban","Cloudy","Medium",1,"N",5
16,"Meal ",39,2,4.6,"motorcycle",2,"No","Metropolitan","Sunny","Medium",1,"Y",15
14,"Buffet ",22,23,4.6,"scooter",2,"No","Urban","Sandstorms","Low",0,"Y",10
17,"Buffet ",23,18,4.8,"motorcycle",0,"No","Metropolitan","Windy","Medium",1,"N",15
24,"Snack ",38,2,4.6,"motorcycle",2,"No","Semi-Urban","Stormy","Low",1,"N",10
25,"Meal ",37,3,4.6,"motorcycle",0,"No","Metropolitan","Stormy","Medium",1,"N",15
10,"Drinks ",27,22,4.9,"electric_scooter",2,"No","Metropolitan","Stormy","Jam ",0,"Y",5
21,"Meal ",23,15,4.6,"motorcycle",1,"No","Metropolitan","Cloudy","Low ",0,"N",5
29,"Buffet ",23,21,4.8,"scooter",0,"No","Metropolitan","Windy","Low ",0,"N",5
19,"Meal ",23,23,4.7,"scooter",2,"No","Urban","Sandstorms","Low ",1,"N",5
28,"Snack ",37,22,5,"electric_scooter",2,"No","Urban","Cloudy","Low ",0,"Y",10
29,"Snack ",32,7,4.8,"scooter",2,"No","Urban","Windy","Medium",0,"N",10
24,"Drinks ",28,23,4.6,"scooter",2,"No","Metropolitan","Stormy","Jam ",0,"N",5
24,"Meal ",37,4,4.6,"electric_scooter",2,"No","Metropolitan","Windy","Low ",0,"N",10
36,"Buffet ",21,8,4.6,"motorcycle",1,"No","Metropolitan","Fog","Medium",1,"N",15
42,"Meal ",39,19,4.6,"scooter",1,"No","Metropolitan","Cloudy","Jam ",1,"Y",10
43,"Snack ",29,3,4.2,"motorcycle",2,"Yes","Semi-Urban","Fog","Medium",1,"N",5
49,"Drinks ",25,23,4.8,"motorcycle",0,"No","Metropolitan","Cloudy","Medium",1,"Y",10
19,"Meal ",27,15,5,"motorcycle",2,"No","Urban","Sandstorms","Low",0,"N",20
19,"Buffet ",38,15,4.7,"scooter",1,"No","Metropolitan","Stormy","Jam ",1,"N",15
48,"Drinks ",25,14,4.8,"motorcycle",0,"No","Metropolitan","Windy","Jam ",2,"Y",5
29,"Drinks ",39,3,4.9,"motorcycle",1,"No","Metropolitan","Fog","High ",1,"N",10
17,"Drinks ",27,16,5,"scooter",2,"No","Urban","Cloudy","Medium",0,"N",5
11,"Snack ",25,16,4.8,"electric_scooter",2,"No","Metropolitan","Sunny","Medium",0,"N",10
42,"Snack ",32,15,4.8,"electric_scooter",0,"Yes","Metropolitan","Cloudy","Low ",1,"N",15
16,"Meal ",34,21,4.8,"scooter",1,"No","Metropolitan","Cloudy","Medium",0,"N",10
14,"Drinks ",34,1,4.5,"electric_scooter",1,"No","Urban","Stormy","Low",0,"N",10
22,"Meal ",38,18,4.6,"scooter",0,"No","Metropolitan","Stormy","Medium",0,"N",5
10,"Meal ",30,8,4.6,"scooter",2,"No","Metropolitan","Stormy","Low ",1,"N",10
22,"Snack ",29,17,4.9,"electric_scooter",2,"No","Metropolitan","Stormy","High",1,"N",10
14,"Buffet ",23,14,4.6,"motorcycle",1,"No","Metropolitan","Stormy","Low ",0,"N",15
12,"Buffet ",25,19,5,"motorcycle",1,"No","Urban","Sandstorms","Low",1,"N",20
28,"Buffet ",39,18,4.6,"motorcycle",0,"No","Metropolitan","Cloudy","Medium",0,"Y",15
38,"Drinks ",30,7,4.6,"motorcycle",0,"No","Semi-Urban","Fog","Jam ",1,"N",5
18,"Snack ",35,18,4.7,"electric_scooter",2,"No","Semi-Urban","Fog","Low ",1,"Y",20
26,"Drinks ",30,22,4.5,"scooter",1,"No","Semi-Urban","Stormy","Low ",0,"Y",15
36,"Snack ",37,6,4.2,"electric_scooter",0,"No","Metropolitan","Sandstorms","Jam ",2,"N",10
33,"Buffet ",31,2,4.8,"motorcycle",0,"No","Urban","Sandstorms","High ",1,"N",5
25,"Meal ",39,23,4.7,"electric_scooter",0,"No","Metropolitan","Sunny","Low ",0,"N",15
41,"Meal ",32,22,4.8,"motorcycle",0,"No","Urban","Sandstorms","Medium",1,"N",5
23,"Meal ",28,13,4.8,"motorcycle",2,"No","Metropolitan","Sunny","Jam ",1,"Y",10
11,"Drinks ",35,18,4.9,"scooter",1,"No","Urban","Stormy","Jam",0,"N",5
24,"Snack ",29,21,4.7,"scooter",1,"No","Urban","Stormy","Low",1,"N",15
23,"Meal ",34,17,4.5,"scooter",1,"No","Semi-Urban","Sandstorms","Medium",0,"N",5
31,"Drinks ",31,6,3.4,"motorcycle",0,"No","Metropolitan","Sunny","Low ",2,"Y",10
25,"Meal ",38,23,4.7,"scooter",2,"No","Metropolitan","Sunny","Low ",1,"N",15
44,"Meal ",33,11,4.7,"scooter",0,"No","Metropolitan","Stormy","High ",3,"N",15
24,"Drinks ",25,9,4.7,"electric_scooter",1,"No","Urban","Sunny","Medium",1,"N",15
29,"Meal ",34,19,4.7,"electric_scooter",1,"No","Metropolitan","Sunny","Low ",1,"N",10
26,"Snack ",20,18,4.7,"electric_scooter",1,"No","Metropolitan","Stormy","Low ",1,"N",10
19,"Drinks ",28,16,4.7,"motorcycle",1,"No","Metropolitan","Cloudy","Low",1,"N",5
43,"Buffet ",37,5,4.1,"electric_scooter",1,"No","Metropolitan","Fog","Jam ",1,"N",15
37,"Buffet ",28,9,4.3,"motorcycle",0,"No","Semi-Urban","Sandstorms","Jam ",0,"N",15
14,"Buffet ",25,16,4.7,"scooter",1,"No","Metropolitan","Sunny","Jam ",1,"Y",5
42,"Drinks ",26,16,5,"motorcycle",0,"No","Metropolitan","Cloudy","Medium",0,"N",10
16,"Meal ",35,23,4.6,"scooter",1,"No","Metropolitan","Sandstorms","Low ",0,"N",10
15,"Snack ",23,4,4.6,"scooter",2,"No","Semi-Urban","Sunny","Jam ",0,"N",15
49,"Drinks ",29,8,4.9,"motorcycle",0,"Yes","Semi-Urban","Stormy","Jam ",2,"Y",15
26,"Drinks ",21,9,4.7,"scooter",1,"No","Metropolitan","Fog","Medium",1,"Y",10
27,"Meal ",35,7,4.5,"scooter",1,"No","Semi-Urban","Fog","Jam ",1,"N",10
32,"Drinks ",26,11,4.2,"motorcycle",2,"No","Urban","Cloudy","Jam ",1,"N",15
26,"Meal ",35,3,4.5,"scooter",2,"No","Semi-Urban","Cloudy","Medium",1,"N",15
29,"Snack ",25,19,4.9,"motorcycle",1,"No","Urban","Sandstorms","Jam",1,"N",10
11,"Drinks ",37,5,4.8,"electric_scooter",1,"No","Urban","Sunny","Medium",1,"N",10
19,"Meal ",36,7,4.9,"motorcycle",0,"No","Metropolitan","Stormy","Low ",1,"N",5
19,"Snack ",31,21,4.6,"electric_scooter",1,"No","Urban","Cloudy","Low",0,"N",10
27,"Drinks ",33,9,4.9,"scooter",1,"No","Metropolitan","Sunny","Medium",1,"N",10
37,"Snack ",38,22,5,"motorcycle",0,"No","Metropolitan","Cloudy","Jam ",1,"Y",15
45,"Buffet ",37,23,4.7,"scooter",2,"Yes","Urban","Fog","Jam",2,"N",5
29,"Meal ",31,17,4.7,"motorcycle",0,"No","Urban","Sandstorms","High",1,"N",10
17,"Drinks ",39,12,5,"scooter",2,"No","Semi-Urban","Stormy","Low ",0,"N",15
54,"Snack ",24,15,4.9,"electric_scooter",0,"No","Semi-Urban","Fog","Jam ",0,"N",5
15,"Buffet ",29,23,4.6,"scooter",1,"No","Urban","Sandstorms","Low ",1,"N",15
18,"Buffet ",23,3,4.6,"scooter",2,"No","Metropolitan","Cloudy","Low ",0,"Y",5
47,"Buffet ",22,4,4.8,"scooter",1,"No","Metropolitan","Cloudy","Jam ",2,"N",5
35,"Snack ",27,6,3.8,"scooter",1,"No","Urban","Windy","Jam ",1,"N",5
50,"Meal ",22,3,4,"motorcycle",0,"No","Metropolitan","Windy","Jam ",0,"N",10
27,"Snack ",27,21,4.9,"scooter",2,"No","Metropolitan","Cloudy","Low ",1,"N",5
28,"Meal ",37,4,5,"motorcycle",0,"No","Metropolitan","Fog","Low ",1,"N",5
13,"Meal ",36,23,4.8,"scooter",1,"No","Urban","Stormy","Jam",0,"N",15
24,"Buffet ",20,13,4.9,"scooter",2,"No","Metropolitan","Stormy","Low ",0,"N",5
18,"Drinks ",22,18,4.7,"scooter",1,"No","Metropolitan","Sandstorms","Low ",0,"Y",10
22,"Buffet ",29,15,4.9,"scooter",1,"No","Urban","Sunny","Low",1,"N",10
15,"Meal ",22,16,5,"motorcycle",1,"No","Metropolitan","Fog","Low ",1,"Y",5
35,"Drinks ",28,1,4.4,"scooter",2,"No","Urban","Stormy","Jam",0,"Y",10
28,"Buffet ",21,18,4.8,"scooter",1,"No","Semi-Urban","Stormy","Jam ",1,"Y",5
30,"Meal ",38,23,4.9,"motorcycle",1,"No","Metropolitan","Windy","Jam",1,"N",15
22,"Drinks ",26,15,4.6,"scooter",2,"No","Metropolitan","Sunny","Jam ",1,"N",5
29,"Drinks ",31,11,4.7,"motorcycle",2,"No","Metropolitan","Windy","Medium",0,"N",15
13,"Buffet ",27,21,4.7,"motorcycle",2,"No","Metropolitan","Cloudy","Low ",0,"N",5
30,"Snack ",35,15,4.7,"motorcycle",2,"No","Metropolitan","Windy","Medium",0,"Y",5
13,"Drinks ",37,14,4.7,"scooter",1,"No","Metropolitan","Stormy","Jam ",0,"N",10
46,"Buffet ",29,17,4.6,"motorcycle",0,"No","Urban","Sunny","Jam ",1,"N",15
18,"Meal ",27,23,4.6,"electric_scooter",2,"No","Urban","Sandstorms","Medium",0,"N",5
19,"Snack ",25,13,4.9,"scooter",2,"No","Metropolitan","Sandstorms","Jam ",0,"Y",15
21,"Drinks ",25,22,4.7,"motorcycle",1,"No","Metropolitan","Windy","Medium",1,"N",15
16,"Buffet ",34,16,4.8,"electric_scooter",2,"No","Urban","Fog","Medium",1,"Y",10
28,"Snack ",25,22,4.8,"motorcycle",2,"No","Semi-Urban","Stormy","Jam ",1,"N",15
16,"Snack ",29,19,4.9,"motorcycle",1,"No","Urban","Fog","Medium",1,"N",15
35,"Buffet ",28,5,4.8,"motorcycle",0,"No","Semi-Urban","Sunny","Jam ",1,"N",15
32,"Drinks ",35,1,4.2,"scooter",1,"No","Semi-Urban","Stormy","Medium",1,"Y",10
14,"Snack ",37,14,4.7,"electric_scooter",1,"No","Semi-Urban","Sunny","Jam ",1,"N",15
11,"Drinks ",38,19,4.8,"motorcycle",1,"No","Urban","Fog","Low",0,"N",10
26,"Drinks ",26,16,4.6,"scooter",2,"No","Metropolitan","Stormy","Medium",1,"Y",10
11,"Drinks ",23,21,4.8,"motorcycle",0,"No","Urban","Sunny","Low",1,"Y",15
30,"Snack ",23,5,4.2,"motorcycle",0,"No","Metropolitan","Stormy","Low ",1,"N",10
26,"Meal ",35,4,4.7,"motorcycle",0,"No","Urban","Windy","Medium",1,"N",10
27,"Drinks ",38,19,4.6,"scooter",2,"No","Urban","Windy","Low ",0,"N",30
23,"Snack ",30,1,4.9,"motorcycle",0,"No","Metropolitan","Fog","Low ",1,"Y",15
40,"Buffet ",35,5,4.7,"motorcycle",0,"No","Urban","Stormy","Low ",2,"N",10
44,"Drinks ",33,17,3.7,"electric_scooter",2,"No","Semi-Urban","Sandstorms","Jam ",3,"Y",15
31,"Buffet ",34,21,4.6,"scooter",2,"No","Urban","Cloudy","High",0,"N",10
24,"Snack ",28,3,4.6,"motorcycle",1,"No","Urban","Stormy","Medium",0,"N",5
48,"Meal ",26,8,4.6,"scooter",1,"No","Metropolitan","Fog","Jam ",1,"N",5
33,"Meal ",38,16,4.8,"scooter",1,"No","Metropolitan","Sunny","High ",2,"N",15
29,"Snack ",25,5,5,"scooter",2,"No","Metropolitan","Fog","High ",1,"Y",10
23,"Buffet ",23,23,5,"motorcycle",1,"No","Metropolitan","Fog","Low ",1,"N",15
21,"Snack ",33,19,4.9,"motorcycle",1,"No","Urban","Sandstorms","Medium",0,"N",10
35,"Snack ",22,3,3.9,"motorcycle",1,"No","Urban","Stormy","Medium",1,"N",15
25,"Meal ",28,22,5,"motorcycle",2,"No","Urban","Sunny","Jam ",1,"Y",15
46,"Snack ",25,22,4.7,"electric_scooter",0,"No","Metropolitan","Fog","Jam ",1,"N",5
12,"Buffet ",29,13,4.9,"scooter",2,"No","Metropolitan","Fog","Medium",0,"N",10
37,"Snack ",39,8,3.8,"motorcycle",2,"No","Metropolitan","Fog","Low ",1,"N",15
24,"Drinks ",23,16,4.6,"scooter",2,"No","Metropolitan","Windy","Jam ",1,"N",10
30,"Meal ",28,12,4.9,"motorcycle",1,"No","Metropolitan","Stormy","Medium",1,"N",15
37,"Drinks ",36,9,4.6,"motorcycle",0,"No","Metropolitan","Fog","Medium",1,"Y",15
17,"Snack ",38,16,5,"motorcycle",1,"No","Semi-Urban","Fog","Medium",1,"N",10
33,"Buffet ",22,9,3.7,"motorcycle",2,"No","Metropolitan","Stormy","Medium",2,"N",15
42,"Snack ",27,1,4.2,"electric_scooter",1,"No","Urban","Cloudy","Jam",2,"N",10
28,"Buffet ",34,17,4.9,"motorcycle",0,"No","Metropolitan","Stormy","Medium",1,"N",10
25,"Meal ",36,9,4.8,"motorcycle",2,"No","Urban","Windy","Low ",0,"Y",15
29,"Buffet ",32,23,4.9,"electric_scooter",2,"No","Semi-Urban","Stormy","Jam ",0,"N",15
33,"Meal ",28,15,4.8,"motorcycle",0,"No","Metropolitan","Sunny","Jam ",1,"N",10
26,"Drinks ",26,12,4.8,"scooter",2,"No","Urban","Fog","Jam ",1,"N",5
20,"Buffet ",26,9,4.6,"scooter",0,"No","Metropolitan","Sunny","High ",1,"N",15
14,"Meal ",24,12,4.9,"motorcycle",1,"No","Urban","Fog","Low ",0,"Y",30
26,"Snack ",30,17,4.9,"motorcycle",1,"No","Metropolitan","Windy","Medium",0,"N",15
37,"Buffet ",31,9,4.9,"scooter",0,"No","Metropolitan","Windy","Jam ",1,"N",5
12,"Snack ",29,19,4.7,"motorcycle",0,"No","Metropolitan","Sunny","Low ",0,"N",10
24,"Drinks ",39,18,4.6,"motorcycle",0,"No","Semi-Urban","Sunny","Jam ",1,"N",15
23,"Buffet ",37,18,4.7,"motorcycle",2,"No","Urban","Sandstorms","Jam",0,"Y",15
25,"Drinks ",22,9,4.8,"motorcycle",2,"No","Metropolitan","Sandstorms","Medium",1,"Y",10
27,"Snack ",32,19,4.8,"motorcycle",2,"No","Urban","Stormy","Medium",0,"N",15
26,"Drinks ",24,22,4.8,"electric_scooter",1,"No","Semi-Urban","Cloudy","Medium",0,"Y",15
28,"Drinks ",23,22,4.5,"scooter",0,"No","Semi-Urban","Stormy","Low ",1,"N",10
50,"Drinks ",28,6,4.1,"motorcycle",0,"No","Semi-Urban","Windy","Jam ",1,"N",5
24,"Meal ",27,23,4.3,"motorcycle",0,"No","Metropolitan","Stormy","Low ",1,"N",5
35,"Buffet ",34,17,4.1,"electric_scooter",2,"No","Metropolitan","Cloudy","Medium",1,"N",5
42,"Drinks ",26,3,3.6,"scooter",1,"No","Semi-Urban","Windy","Jam ",1,"N",5
16,"Buffet ",27,23,4.7,"motorcycle",2,"No","Urban","Sandstorms","Jam",1,"Y",10
20,"Buffet ",34,16,4.7,"scooter",1,"No","Metropolitan","Stormy","Low ",1,"N",15
44,"Drinks ",24,14,4.1,"motorcycle",2,"No","Semi-Urban","Fog","Jam ",1,"N",5
33,"Buffet ",31,22,4.4,"motorcycle",0,"No","Metropolitan","Stormy","Jam ",1,"Y",15
36,"Snack ",34,9,4.8,"scooter",0,"No","Metropolitan","Stormy","Medium",2,"N",15
20,"Snack ",34,2,4.8,"scooter",2,"No","Metropolitan","Windy","Low ",1,"N",10
42,"Buffet ",25,6,4.3,"electric_scooter",2,"No","Metropolitan","Cloudy","Jam ",1,"N",5
16,"Snack ",24,23,4.6,"motorcycle",1,"No","Urban","Sandstorms","Jam",0,"Y",10
29,"Snack ",33,12,4.5,"motorcycle",2,"No","Metropolitan","Windy","Medium",1,"N",10
27,"Meal ",32,23,4.8,"electric_scooter",0,"No","Urban","Cloudy","Jam",1,"N",10
25,"Meal ",34,19,5,"motorcycle",0,"No","Metropolitan","Sandstorms","Jam ",1,"N",10
40,"Buffet ",20,23,4.3,"scooter",2,"Yes","Metropolitan","Fog","Medium",1,"N",15
18,"Buffet ",22,18,4.7,"scooter",1,"No","Metropolitan","Stormy","Jam ",0,"Y",15
37,"Snack ",32,22,4.9,"motorcycle",0,"No","Metropolitan","Stormy","Jam ",1,"N",15
30,"Drinks ",25,3,4.6,"motorcycle",1,"No","Urban","Cloudy","Medium",1,"N",10
32,"Drinks ",32,3,4.2,"electric_scooter",2,"No","Metropolitan","Cloudy","High ",1,"N",15
26,"Buffet ",38,19,4.6,"scooter",1,"No","Urban","Sandstorms","Jam ",1,"Y",10
13,"Buffet ",26,18,4.7,"motorcycle",2,"No","Metropolitan","Sunny","Jam ",1,"N",10
32,"Buffet ",33,7,4.2,"motorcycle",1,"No","Semi-Urban","Sunny","Jam ",1,"Y",10
44,"Buffet ",32,11,3.5,"motorcycle",2,"No","Metropolitan","Stormy","Jam ",1,"Y",5
38,"Drinks ",36,14,4,"scooter",1,"No","Metropolitan","Sandstorms","Jam ",1,"N",10
50,"Meal ",32,3,4.6,"motorcycle",0,"No","Metropolitan","Stormy","Jam ",1,"N",5
33,"Drinks ",26,5,4.3,"motorcycle",0,"No","Urban","Sandstorms","Medium",1,"Y",15
34,"Buffet ",22,18,5,"motorcycle",1,"No","Urban","Windy","Jam ",1,"N",15
23,"Drinks ",37,3,4.5,"electric_scooter",1,"No","Urban","Windy","High",1,"N",15
33,"Meal ",21,8,4,"electric_scooter",2,"No","Metropolitan","Cloudy","Medium",1,"Y",15
13,"Meal ",25,22,4.7,"motorcycle",2,"No","Urban","Sunny","Medium",1,"N",10
30,"Drinks ",27,17,5,"electric_scooter",0,"No","Urban","Stormy","Medium",1,"N",15
21,"Snack ",30,16,4.5,"electric_scooter",2,"No","Semi-Urban","Sandstorms","Medium",1,"Y",5
25,"Meal ",31,19,4.8,"scooter",1,"No","Metropolitan","Windy","Low",1,"N",5
12,"Meal ",30,16,4.7,"electric_scooter",2,"No","Metropolitan","Sunny","Jam ",0,"Y",10
14,"Buffet ",29,2,4.9,"motorcycle",0,"No","Semi-Urban","Stormy","Medium",0,"N",15
17,"Snack ",22,1,4.1,"motorcycle",0,"No","Urban","Stormy","Low ",0,"Y",15
17,"Meal ",27,16,4.6,"scooter",1,"No","Metropolitan","Fog","Low ",1,"N",5
26,"Meal ",28,23,4.8,"scooter",0,"No","Urban","Fog","Jam",0,"N",10
26,"Snack ",29,14,4.8,"scooter",1,"No","Metropolitan","Stormy","High ",1,"N",5
27,"Meal ",34,9,4.7,"electric_scooter",0,"No","Urban","Sandstorms","Jam ",1,"Y",15
26,"Meal ",36,12,5,"electric_scooter",0,"No","Metropolitan","Sunny","Medium",1,"N",5
13,"Buffet ",37,22,4.7,"electric_scooter",2,"No","Urban","Windy","Low",0,"N",15
18,"Buffet ",30,16,4.7,"motorcycle",1,"No","Metropolitan","Sunny","High ",1,"N",10
28,"Drinks ",35,18,4.8,"scooter",2,"No","Urban","Cloudy","Low",1,"N",15
20,"Meal ",28,5,4.8,"motorcycle",0,"No","Semi-Urban","Sunny","Jam ",1,"N",15
24,"Buffet ",34,15,4.7,"motorcycle",2,"No","Urban","Stormy","Low",1,"Y",5
19,"Snack ",31,22,4.6,"motorcycle",1,"No","Metropolitan","Sunny","Medium",0,"Y",10
15,"Meal ",21,5,4.5,"scooter",2,"No","Urban","Windy","Low",1,"N",15
33,"Meal ",35,13,4.8,"scooter",2,"No","Metropolitan","Stormy","Jam ",1,"Y",5
31,"Meal ",24,15,4.7,"scooter",2,"No","Urban","Sandstorms","High",0,"N",15
15,"Meal ",39,19,4.8,"scooter",1,"No","Urban","Stormy","Low ",1,"N",10
23,"Meal ",23,18,4.8,"scooter",1,"No","Metropolitan","Cloudy","High ",0,"Y",5
32,"Drinks ",29,3,4.6,"motorcycle",2,"No","Metropolitan","Sandstorms","High ",1,"N",10
26,"Drinks ",27,16,4.8,"scooter",1,"No","Urban","Stormy","Low",1,"N",10
20,"Buffet ",22,22,4.7,"scooter",2,"No","Urban","Stormy","Low",0,"N",10
23,"Buffet ",33,6,4.6,"motorcycle",0,"No","Semi-Urban","Stormy","High ",0,"N",10
17,"Buffet ",32,5,4.5,"motorcycle",1,"No","Urban","Stormy","Medium",1,"N",15
17,"Snack ",25,17,4.7,"scooter",2,"No","Urban","Sunny","Jam",0,"N",10
25,"Drinks ",38,18,5,"motorcycle",0,"No","Metropolitan","Fog","Medium",0,"N",5
38,"Buffet ",22,9,4.1,"motorcycle",0,"No","Urban","Sunny","Medium",1,"N",10
31,"Snack ",20,17,4.3,"motorcycle",2,"No","Urban","Stormy","High",1,"N",10
17,"Meal ",24,18,4.7,"motorcycle",1,"No","Urban","Fog","Low",0,"N",5
20,"Snack ",23,12,4.5,"scooter",1,"No","Semi-Urban","Sandstorms","Medium",1,"N",5
14,"Snack ",36,23,4.7,"electric_scooter",1,"No","Metropolitan","Sunny","Low ",0,"N",10
23,"Drinks ",28,19,4.7,"scooter",1,"No","Semi-Urban","Windy","Medium",1,"N",5
37,"Meal ",29,12,4.9,"motorcycle",0,"No","Metropolitan","Windy","Jam ",1,"N",5
29,"Drinks ",21,3,4.5,"electric_scooter",2,"No","Metropolitan","Windy","Medium",1,"Y",15
18,"Meal ",24,4,4,"motorcycle",0,"No","Semi-Urban","Sandstorms","Low",1,"N",5
33,"Buffet ",36,3,3.5,"electric_scooter",2,"No","Metropolitan","Stormy","Jam ",1,"Y",10
26,"Snack ",32,9,4.8,"motorcycle",1,"No","Metropolitan","Windy","Medium",1,"Y",10
17,"Drinks ",25,22,4.5,"motorcycle",0,"No","Metropolitan","Cloudy","Low ",1,"N",5
22,"Snack ",22,9,4.7,"motorcycle",0,"No","Metropolitan","Cloudy","Low ",1,"N",5
42,"Snack ",25,18,5,"electric_scooter",0,"Yes","Metropolitan","Fog","Jam ",2,"Y",5
36,"Buffet ",34,3,4.3,"scooter",0,"No","Metropolitan","Stormy","High ",1,"N",5
27,"Snack ",33,15,4.3,"motorcycle",0,"No","Urban","Sandstorms","Low ",1,"N",5
37,"Snack ",20,16,4.9,"scooter",1,"No","Metropolitan","Cloudy","Jam ",2,"N",10
32,"Buffet ",35,15,4,"motorcycle",0,"No","Metropolitan","Sandstorms","Low",0,"N",15
18,"Buffet ",20,22,4.7,"scooter",2,"No","Urban","Windy","Jam ",1,"N",10
34,"Drinks ",31,6,3.6,"electric_scooter",1,"No","Urban","Windy","Jam ",1,"N",5
33,"Buffet ",32,4,4.2,"electric_scooter",2,"No","Metropolitan","Windy","Medium",1,"N",5
20,"Snack ",33,12,4.8,"scooter",1,"No","Semi-Urban","Sandstorms","Jam ",1,"Y",10
20,"Buffet ",28,6,4.5,"motorcycle",0,"No","Urban","Sunny","Low",0,"N",10
30,"Meal ",39,19,4.9,"electric_scooter",1,"No","Urban","Cloudy","High",1,"Y",15
33,"Drinks ",25,9,4.2,"motorcycle",2,"No","Metropolitan","Fog","Medium",0,"N",10
26,"Drinks ",29,8,4.4,"motorcycle",0,"No","Metropolitan","Sandstorms","Low ",0,"N",15
36,"Meal ",29,5,3.6,"scooter",1,"No","Urban","Stormy","Jam ",2,"Y",5
30,"Snack ",25,21,4.6,"scooter",2,"No","Urban","Stormy","Jam",1,"Y",15
37,"Drinks ",23,12,4.7,"motorcycle",0,"No","Metropolitan","Sandstorms","Jam ",2,"Y",15
17,"Snack ",35,23,4.9,"scooter",2,"No","Urban","Sandstorms","Medium",1,"N",5
27,"Meal ",21,9,4.7,"motorcycle",2,"No","Metropolitan","Sandstorms","Low ",1,"N",20
15,"Meal ",24,16,4.6,"electric_scooter",1,"No","Urban","Cloudy","Low",1,"N",5
49,"Drinks ",36,23,4.8,"motorcycle",0,"Yes","Semi-Urban","Sandstorms","Jam ",3,"N",5
30,"Drinks ",35,9,4.6,"motorcycle",2,"No","Urban","Sunny","Jam ",1,"N",15
27,"Buffet ",37,4,4.5,"scooter",2,"No","Metropolitan","Windy","Jam ",1,"N",10
24,"Drinks ",35,23,4.9,"motorcycle",0,"No","Metropolitan","Sunny","Medium",1,"N",15
18,"Meal ",34,23,4.5,"motorcycle",0,"No","Metropolitan","Sandstorms","Low ",1,"N",5
15,"Drinks ",37,17,4.7,"motorcycle",0,"No","Urban","Stormy","Medium",1,"N",5
31,"Snack ",22,12,4.9,"motorcycle",0,"No","Metropolitan","Sandstorms","Jam ",1,"N",10
29,"Snack ",31,21,4.8,"electric_scooter",1,"No","Semi-Urban","Sunny","Jam ",0,"N",5
29,"Buffet ",26,17,4.3,"motorcycle",0,"No","Metropolitan","Sandstorms","Low ",1,"N",5
28,"Meal ",35,23,4.8,"scooter",1,"No","Metropolitan","Stormy","Low ",1,"N",15
40,"Drinks ",38,6,4.1,"scooter",1,"No","Metropolitan","Stormy","Jam ",0,"N",10
29,"Meal ",24,2,4.9,"scooter",1,"No","Semi-Urban","Stormy","Low ",1,"N",15
47,"Meal ",29,16,5,"motorcycle",0,"No","Metropolitan","Stormy","Medium",3,"N",5
28,"Meal ",28,13,4.7,"motorcycle",2,"No","Metropolitan","Sunny","Low ",0,"N",10
29,"Buffet ",35,23,4.4,"motorcycle",0,"No","Metropolitan","Stormy","Low ",0,"Y",5
26,"Buffet ",31,18,4.8,"scooter",2,"No","Metropolitan","Stormy","High ",0,"N",15
31,"Meal ",24,9,4,"scooter",2,"No","Metropolitan","Stormy","Jam ",1,"N",15
25,"Snack ",31,7,4.9,"motorcycle",1,"No","Metropolitan","Windy","High ",1,"Y",10
45,"Buffet ",29,6,4.7,"electric_scooter",2,"Yes","Metropolitan","Fog","Jam ",0,"Y",5
29,"Buffet ",22,13,4.7,"motorcycle",1,"No","Metropolitan","Sandstorms","Medium",0,"N",15
40,"Meal ",22,3,4.9,"motorcycle",0,"No","Metropolitan","Fog","Medium",1,"N",10
16,"Meal ",36,23,5,"electric_scooter",2,"No","Urban","Sandstorms","Jam ",1,"N",15
21,"Buffet ",35,5,4.9,"motorcycle",1,"No","Semi-Urban","Sunny","Jam ",0,"N",5
47,"Drinks ",20,5,4.9,"motorcycle",0,"No","Urban","Sandstorms","High ",0,"N",5
26,"Drinks ",20,18,4.8,"scooter",2,"No","Metropolitan","Stormy","Jam ",1,"N",5
17,"Drinks ",25,23,4.6,"motorcycle",1,"No","Semi-Urban","Sunny","Medium",0,"Y",10
29,"Buffet ",35,11,4.2,"motorcycle",0,"No","Semi-Urban","Stormy","Low ",1,"N",10
41,"Buffet ",31,3,3.1,"motorcycle",1,"No","Semi-Urban","Sunny","Low ",2,"Y",5
16,"Drinks ",37,12,4.9,"scooter",2,"No","Metropolitan","Fog","Low ",1,"Y",20
12,"Buffet ",34,15,4.6,"motorcycle",1,"No","Urban","Stormy","Low",0,"N",15
35,"Drinks ",36,16,4.3,"electric_scooter",2,"No","Metropolitan","Cloudy","Jam ",0,"N",10
24,"Snack ",27,1,5,"motorcycle",1,"No","Metropolitan","Windy","High",1,"N",15
19,"Meal ",25,17,4.7,"motorcycle",1,"No","Urban","Stormy","Low",1,"N",5
32,"Drinks ",21,18,4.9,"scooter",1,"No","Semi-Urban","Fog","Jam ",1,"N",10
18,"Buffet ",26,9,4.6,"electric_scooter",2,"No","Metropolitan","Stormy","Medium",1,"N",15
18,"Snack ",24,23,4.9,"scooter",1,"No","Urban","Sunny","Low",0,"N",15
29,"Meal ",38,9,4.5,"scooter",2,"No","Metropolitan","Fog","Medium",0,"N",5
29,"Buffet ",29,5,4.1,"motorcycle",0,"No","Metropolitan","Windy","Low ",1,"Y",15
12,"Snack ",39,22,4.8,"motorcycle",1,"No","Metropolitan","Windy","Low ",0,"N",15
32,"Drinks ",31,21,4.5,"scooter",1,"No","Urban","Stormy","Jam ",1,"N",15
35,"Snack ",31,3,4.6,"scooter",1,"No","Metropolitan","Fog","Medium",1,"N",15
33,"Buffet ",36,1,4.2,"electric_scooter",0,"No","Urban","Stormy","Jam ",1,"Y",5
46,"Drinks ",20,7,5,"scooter",2,"No","Metropolitan","Cloudy","Jam ",2,"N",10
38,"Snack ",27,13,4.2,"motorcycle",1,"No","Metropolitan","Fog","Jam ",0,"N",15
20,"Buffet ",28,5,5,"motorcycle",0,"No","Urban","Stormy","Low ",0,"N",10
38,"Drinks ",21,7,4.2,"scooter",1,"No","Metropolitan","Fog","Jam ",1,"N",15
27,"Meal ",22,23,4.6,"electric_scooter",1,"No","Metropolitan","Fog","Low ",1,"Y",25
27,"Drinks ",29,14,4.6,"scooter",2,"No","Metropolitan","Sandstorms","Low ",1,"N",10
18,"Snack ",36,21,4.8,"scooter",0,"No","Semi-Urban","Windy","Low",1,"N",15
19,"Snack ",26,23,4.6,"motorcycle",0,"No","Urban","Stormy","Medium",1,"N",5
43,"Drinks ",39,17,4.3,"motorcycle",0,"No","Semi-Urban","Sandstorms","High ",1,"Y",5
28,"Meal ",26,18,5,"scooter",0,"No","Metropolitan","Sandstorms","Jam ",1,"N",15
24,"Drinks ",29,22,4.7,"motorcycle",0,"No","Urban","Stormy","High ",1,"N",15
26,"Buffet ",38,4,4.5,"scooter",1,"No","Metropolitan","Sandstorms","Low ",1,"N",10
26,"Buffet ",38,18,4.8,"motorcycle",0,"No","Urban","Cloudy","Jam ",1,"N",5
25,"Buffet ",30,12,5,"motorcycle",1,"No","Metropolitan","Stormy","Jam ",1,"N",5
16,"Snack ",21,4,4.6,"scooter",1,"No","Urban","Sandstorms","Jam ",1,"N",15
27,"Buffet ",35,8,4.9,"scooter",1,"No","Metropolitan","Sandstorms","Low ",1,"N",5
42,"Buffet ",30,13,4.3,"electric_scooter",2,"No","Semi-Urban","Cloudy","Jam ",2,"N",15
33,"Snack ",34,16,5,"scooter",2,"No","Metropolitan","Sandstorms","High ",1,"Y",15
31,"Buffet ",36,3,4.3,"motorcycle",1,"No","Urban","Stormy","Medium",1,"Y",5
20,"Snack ",38,18,4.7,"scooter",2,"No","Metropolitan","Fog","Low ",0,"N",5
31,"Buffet ",30,2,3.3,"electric_scooter",1,"No","Semi-Urban","Sunny","Low",1,"N",20
28,"Snack ",36,9,4.7,"motorcycle",2,"No","Metropolitan","Windy","Jam ",1,"N",15
28,"Meal ",39,23,4.8,"motorcycle",0,"No","Urban","Stormy","Low",1,"N",15
35,"Meal ",26,23,4.7,"motorcycle",0,"No","Metropolitan","Windy","Jam ",0,"N",10
27,"Meal ",38,23,4.5,"motorcycle",1,"No","Metropolitan","Stormy","Low ",1,"Y",5
39,"Snack ",32,5,4,"motorcycle",1,"No","Urban","Cloudy","Jam",1,"N",10
41,"Snack ",36,9,4.2,"motorcycle",1,"No","Urban","Windy","Jam ",0,"N",15
26,"Snack ",31,9,4.8,"electric_scooter",0,"No","Semi-Urban","Cloudy","Low ",1,"N",5
22,"Meal ",38,9,4.5,"motorcycle",0,"No","Urban","Stormy","Low ",1,"N",10
18,"Meal ",22,23,5,"electric_scooter",1,"No","Metropolitan","Fog","Low",0,"Y",15
17,"Meal ",29,19,4.7,"motorcycle",2,"No","Metropolitan","Windy","Low ",1,"N",15
29,"Drinks ",33,7,4.8,"motorcycle",0,"No","Metropolitan","Stormy","Jam ",1,"N",15
19,"Drinks ",34,23,4.6,"motorcycle",0,"No","Semi-Urban","Sunny","Jam ",0,"N",15
46,"Meal ",27,1,4.7,"motorcycle",0,"No","Semi-Urban","Cloudy","Jam ",3,"N",15
12,"Meal ",35,21,4.8,"scooter",2,"No","Metropolitan","Windy","Low",0,"N",5
32,"Drinks ",33,3,4.1,"motorcycle",0,"No","Semi-Urban","Stormy","Medium",0,"N",10
16,"Snack ",27,21,4.6,"scooter",0,"No","Metropolitan","Cloudy","Low ",1,"N",15
39,"Buffet ",37,3,4.8,"electric_scooter",1,"Yes","Semi-Urban","Fog","Medium",0,"N",10
34,"Snack ",32,19,4.3,"motorcycle",1,"No","Metropolitan","Fog","Jam ",1,"N",10
13,"Snack ",25,23,4.5,"scooter",2,"No","Semi-Urban","Stormy","High ",0,"N",15
23,"Buffet ",22,19,5,"scooter",2,"No","Metropolitan","Sunny","Low",0,"N",15
15,"Meal ",37,19,4.9,"motorcycle",0,"No","Metropolitan","Windy","Medium",0,"N",10
13,"Meal ",30,21,4.8,"electric_scooter",0,"No","Urban","Sunny","Low",1,"Y",10
30,"Drinks ",28,12,4.9,"electric_scooter",2,"No","Urban","Sunny","Jam ",1,"N",5
21,"Drinks ",23,22,4.6,"motorcycle",0,"No","Metropolitan","Stormy","Medium",1,"N",5
23,"Meal ",30,23,4.6,"scooter",2,"No","Metropolitan","Windy","Medium",1,"N",10
42,"Meal ",26,13,4.8,"motorcycle",0,"No","Metropolitan","Fog","Medium",0,"N",5
23,"Buffet ",24,23,4.7,"motorcycle",2,"No","Metropolitan","Sandstorms","Medium",1,"Y",5
44,"Buffet ",20,6,4.2,"motorcycle",0,"No","Metropolitan","Sandstorms","Jam ",1,"N",15
25,"Meal ",22,2,4.6,"motorcycle",0,"No","Urban","Stormy","Medium",0,"N",5
38,"Buffet ",34,6,4.3,"motorcycle",0,"No","Metropolitan","Fog","Low ",1,"N",5
32,"Snack ",33,17,4.8,"motorcycle",0,"No","Metropolitan","Stormy","High ",1,"Y",5
28,"Buffet ",34,14,4.5,"motorcycle",2,"No","Metropolitan","Fog","High ",1,"N",15
31,"Snack ",33,5,4.2,"scooter",1,"No","Urban","Stormy","Jam",1,"N",5
25,"Snack ",21,9,4.6,"electric_scooter",2,"No","Metropolitan","Stormy","Jam ",1,"N",15
22,"Buffet ",33,23,4.9,"motorcycle",1,"No","Urban","Sunny","Medium",0,"N",15
22,"Meal ",33,23,4.8,"motorcycle",2,"No","Metropolitan","Sandstorms","Medium",1,"N",15
18,"Snack ",22,15,4.9,"electric_scooter",2,"No","Semi-Urban","Cloudy","Low",1,"N",5
12,"Meal ",35,13,4.8,"scooter",1,"No","Metropolitan","Sandstorms","Low ",1,"N",5
13,"Buffet ",20,5,4.8,"motorcycle",2,"No","Urban","Windy","Low ",0,"N",20
34,"Drinks ",24,8,4.5,"electric_scooter",2,"No","Metropolitan","Fog","Low ",1,"Y",5
13,"Snack ",35,22,4.9,"motorcycle",2,"No","Urban","Windy","High",0,"Y",10
16,"Buffet ",23,4,4.7,"motorcycle",2,"No","Semi-Urban","Sunny","Low ",0,"N",15
14,"Meal ",30,16,4.7,"motorcycle",2,"No","Metropolitan","Cloudy","Medium",1,"N",5
28,"Meal ",35,13,4.9,"electric_scooter",2,"No","Metropolitan","Windy","High ",1,"Y",10
25,"Drinks ",35,21,4.5,"motorcycle",2,"No","Metropolitan","Windy","Medium",0,"Y",10
25,"Snack ",25,9,4.6,"motorcycle",1,"No","Metropolitan","Stormy","Low ",1,"N",15
47,"Drinks ",25,22,4.9,"motorcycle",0,"No","Urban","Fog","Jam",1,"N",5
44,"Snack ",26,21,4.7,"scooter",0,"No","Semi-Urban","Stormy","Jam ",2,"N",10
14,"Meal ",23,23,4.8,"electric_scooter",2,"No","Semi-Urban","Fog","Low ",0,"N",5
24,"Buffet ",31,15,4.8,"motorcycle",1,"No","Semi-Urban","Stormy","Low",1,"N",15
25,"Drinks ",37,7,4.9,"electric_scooter",2,"No","Metropolitan","Stormy","Jam ",0,"Y",10
26,"Buffet ",38,4,4.6,"electric_scooter",2,"No","Metropolitan","Stormy","Medium",1,"N",15
24,"Meal ",34,12,4.8,"scooter",0,"No","Semi-Urban","Fog","High ",1,"Y",15
13,"Buffet ",30,21,4.8,"motorcycle",2,"No","Urban","Sandstorms","Low",1,"Y",10
30,"Snack ",20,13,4.5,"scooter",1,"No","Metropolitan","Sandstorms","High ",1,"N",10
26,"Drinks ",30,23,4.6,"scooter",1,"No","Metropolitan","Sandstorms","Low ",1,"N",5
23,"Snack ",30,15,5,"motorcycle",2,"No","Metropolitan","Sunny","High ",0,"N",15
24,"Meal ",36,13,4.8,"motorcycle",2,"No","Metropolitan","Stormy","Low ",0,"N",10
16,"Meal ",29,23,4.7,"motorcycle",1,"No","Metropolitan","Fog","Low ",1,"N",5
18,"Buffet ",32,23,4.6,"motorcycle",1,"No","Urban","Stormy","Low",0,"N",10
36,"Snack ",31,9,5,"motorcycle",0,"No","Metropolitan","Windy","Medium",1,"N",5
27,"Snack ",32,13,4.8,"scooter",1,"No","Metropolitan","Windy","Jam ",0,"Y",15
17,"Drinks ",26,18,4.8,"motorcycle",0,"No","Metropolitan","Cloudy","Low ",0,"N",10
28,"Snack ",21,21,4.8,"motorcycle",2,"No","Urban","Sandstorms","Low",1,"Y",10
38,"Snack ",27,9,4.3,"motorcycle",0,"No","Semi-Urban","Stormy","Jam ",1,"N",5
37,"Meal ",27,3,4.1,"motorcycle",0,"No","Semi-Urban","Fog","Low ",2,"N",15
13,"Snack ",26,9,4.7,"electric_scooter",2,"No","Metropolitan","Windy","Low ",0,"N",10
16,"Buffet ",27,15,5,"scooter",1,"No","Urban","Fog","Medium",1,"N",10
36,"Buffet ",20,3,4.4,"motorcycle",0,"No","Urban","Sandstorms","Jam",1,"N",5
49,"Buffet ",33,22,4.9,"electric_scooter",0,"No","Semi-Urban","Fog","Jam ",1,"N",10
24,"Buffet ",37,23,5,"scooter",2,"No","Metropolitan","Fog","Low ",1,"N",15
18,"Meal ",36,15,4.6,"electric_scooter",2,"No","Urban","Stormy","Medium",0,"Y",15
26,"Buffet ",35,13,4.8,"motorcycle",0,"No","Metropolitan","Sunny","High ",0,"N",15
16,"Snack ",37,21,4.9,"scooter",1,"No","Metropolitan","Sunny","Low",1,"N",10
39,"Drinks ",21,13,4.7,"scooter",2,"No","Metropolitan","Fog","Jam ",1,"N",10
24,"Drinks ",27,22,4.8,"scooter",2,"No","Metropolitan","Sandstorms","Low ",0,"N",10
31,"Meal ",23,2,4.6,"motorcycle",0,"No","Urban","Windy","Medium",1,"N",10
25,"Snack ",20,23,4.6,"electric_scooter",2,"No","Metropolitan","Windy","Medium",1,"N",5
23,"Buffet ",35,19,4.7,"scooter",0,"No","Urban","Sandstorms","Medium",0,"N",10
42,"Drinks ",27,13,3.6,"scooter",2,"Yes","Metropolitan","Stormy","Jam ",1,"N",15
44,"Buffet ",26,19,3.9,"motorcycle",0,"Yes","Metropolitan","Sunny","High ",1,"N",5
28,"Snack ",27,5,4.5,"scooter",0,"No","Urban","Sunny","Low",1,"Y",5
18,"Buffet ",23,18,4.7,"motorcycle",1,"No","Metropolitan","Fog","Low ",1,"N",5
21,"Drinks ",23,5,5,"motorcycle",0,"No","Metropolitan","Stormy","Low ",1,"N",5
31,"Meal ",27,20,3.9,"scooter",2,"No","Metropolitan","Windy","Jam ",0,"N",5
39,"Meal ",22,15,4.4,"motorcycle",1,"No","Urban","Cloudy","Jam ",1,"Y",5
39,"Buffet ",33,5,3.8,"scooter",2,"No","Urban","Fog","Low",2,"N",5
30,"Drinks ",39,2,4.8,"motorcycle",1,"No","Semi-Urban","Windy","Medium",1,"N",5
28,"Meal ",34,22,4.6,"motorcycle",0,"No","Metropolitan","Fog","Jam ",0,"N",5
23,"Drinks ",29,22,4.8,"motorcycle",1,"No","Semi-Urban","Windy","High ",1,"N",10
19,"Drinks ",39,15,4.9,"motorcycle",1,"No","Urban","Cloudy","Low",1,"N",5
11,"Buffet ",26,19,4.8,"scooter",2,"No","Urban","Stormy","Jam",0,"Y",10
18,"Drinks ",35,16,4.4,"motorcycle",0,"No","Metropolitan","Sandstorms","Low ",1,"N",30
27,"Snack ",26,19,4.9,"motorcycle",2,"No","Urban","Windy","Medium",1,"N",10
18,"Buffet ",38,12,4.6,"scooter",2,"No","Semi-Urban","Fog","Medium",0,"N",5
18,"Drinks ",37,21,5,"electric_scooter",0,"No","Urban","Sunny","Low ",0,"N",5
38,"Snack ",38,23,4.6,"motorcycle",1,"No","Urban","Stormy","Medium",1,"N",15
16,"Meal ",27,9,4.7,"motorcycle",2,"No","Metropolitan","Sunny","High ",0,"N",15
19,"Buffet ",36,8,4.7,"scooter",1,"No","Metropolitan","Fog","Low ",1,"N",15
30,"Meal ",38,23,4.9,"motorcycle",1,"No","Metropolitan","Windy","Jam",1,"N",15
17,"Snack ",31,12,4.8,"scooter",1,"No","Metropolitan","Cloudy","Medium",1,"N",15
21,"Buffet ",28,16,4.9,"electric_scooter",0,"No","Urban","Sunny","Medium",0,"N",5
16,"Buffet ",35,23,4.9,"motorcycle",1,"No","Urban","Sunny","High",1,"N",10
19,"Drinks ",28,12,4.7,"scooter",2,"No","Metropolitan","Stormy","Low ",0,"N",10
11,"Meal ",28,23,4.7,"motorcycle",1,"No","Semi-Urban","Fog","Low ",1,"N",5
25,"Snack ",21,23,4.8,"electric_scooter",0,"No","Urban","Windy","Low ",1,"N",5
33,"Buffet ",36,1,4.2,"electric_scooter",0,"No","Urban","Stormy","Jam ",1,"Y",5
25,"Meal ",24,21,4.5,"scooter",2,"No","Metropolitan","Stormy","Medium",0,"Y",5
38,"Drinks ",31,22,4.6,"motorcycle",1,"No","Metropolitan","Fog","Medium",1,"Y",5
20,"Drinks ",35,12,4.7,"motorcycle",2,"No","Semi-Urban","Sunny","Jam ",1,"N",15
35,"Drinks ",27,3,4.8,"motorcycle",2,"No","Semi-Urban","Cloudy","High ",1,"Y",5
48,"Drinks ",28,15,4.4,"motorcycle",0,"Yes","Metropolitan","Sandstorms","Medium",1,"N",15
33,"Snack ",24,16,4.6,"motorcycle",1,"No","Urban","Stormy","Jam",1,"Y",15
29,"Meal ",26,7,4.6,"scooter",2,"No","Urban","Stormy","Jam ",1,"N",5
23,"Drinks ",22,14,4.8,"scooter",1,"No","Semi-Urban","Sunny","Jam ",0,"Y",5
35,"Buffet ",32,4,4,"scooter",1,"No","Urban","Stormy","Jam ",1,"Y",5
15,"Buffet ",39,7,4.9,"motorcycle",1,"No","Semi-Urban","Fog","Low ",1,"N",5
16,"Drinks ",26,16,4.7,"scooter",2,"No","Urban","Sunny","High",1,"Y",15
17,"Meal ",32,19,4.6,"scooter",2,"No","Urban","Stormy","Low ",1,"Y",15
45,"Buffet ",34,4,4.7,"motorcycle",0,"No","Urban","Fog","Jam ",1,"N",5
31,"Snack ",22,5,4.8,"motorcycle",1,"No","Metropolitan","Fog","Medium",1,"N",5
26,"Snack ",21,19,4.8,"scooter",1,"No","Metropolitan","Stormy","Jam ",1,"N",5
24,"Snack ",23,21,4.8,"motorcycle",0,"No","Metropolitan","Sunny","Low ",1,"N",10
26,"Buffet ",24,3,4.8,"scooter",1,"No","Urban","Windy","High",1,"N",5
30,"Buffet ",24,23,4.6,"electric_scooter",0,"No","Urban","Windy","Jam",1,"N",15
15,"Buffet ",34,15,4.9,"motorcycle",2,"No","Urban","Fog","Medium",0,"N",15
22,"Meal ",38,18,4.6,"scooter",0,"No","Metropolitan","Stormy","Medium",0,"N",5
31,"Buffet ",29,3,3.6,"motorcycle",1,"No","Urban","Sunny","Jam",0,"Y",5
32,"Buffet ",24,6,4,"scooter",2,"No","Metropolitan","Sandstorms","Medium",1,"Y",15
16,"Buffet ",33,21,4.8,"motorcycle",1,"No","Semi-Urban","Windy","Low ",0,"Y",15
20,"Buffet ",21,6,4.1,"motorcycle",0,"No","Urban","Stormy","Low",1,"N",25
22,"Snack ",31,22,4.6,"scooter",1,"No","Semi-Urban","Windy","Medium",0,"N",5
33,"Meal ",32,6,4.1,"scooter",2,"No","Metropolitan","Windy","Medium",0,"Y",5
20,"Snack ",26,15,4.8,"scooter",0,"No","Urban","Sandstorms","Jam",1,"N",5
21,"Snack ",38,22,4.9,"motorcycle",0,"No","Urban","Fog","Low",0,"N",15
17,"Meal ",30,4,4.7,"motorcycle",1,"No","Metropolitan","Fog","Low ",1,"N",5
15,"Drinks ",37,21,4.9,"motorcycle",2,"No","Semi-Urban","Windy","High ",0,"N",5
24,"Snack ",33,21,4.8,"motorcycle",0,"No","Semi-Urban","Sandstorms","Low ",1,"N",15
32,"Drinks ",28,23,4.7,"motorcycle",0,"No","Metropolitan","Stormy","Medium",1,"N",10
15,"Drinks ",39,15,4.6,"scooter",2,"No","Urban","Cloudy","Low",0,"Y",10
22,"Drinks ",29,3,4.6,"scooter",1,"No","Metropolitan","Stormy","Medium",1,"N",5
21,"Meal ",37,12,4.6,"motorcycle",0,"No","Metropolitan","Windy","Low ",1,"Y",5
29,"Buffet ",36,23,4.8,"electric_scooter",1,"No","Urban","Cloudy","High",1,"N",15
34,"Buffet ",36,9,4,"electric_scooter",1,"No","Metropolitan","Stormy","Medium",1,"N",5
29,"Snack ",21,15,4.9,"scooter",2,"No","Urban","Sandstorms","Jam ",1,"N",5
19,"Snack ",23,18,4.6,"scooter",1,"No","Metropolitan","Stormy","Jam ",0,"N",15
26,"Drinks ",22,18,4.5,"motorcycle",0,"No","Metropolitan","Stormy","Medium",1,"N",15
16,"Buffet ",30,16,4.8,"scooter",1,"No","Urban","Fog","Low",0,"Y",5
10,"Snack ",35,22,4.6,"electric_scooter",2,"No","Metropolitan","Sunny","Medium",0,"N",10
37,"Drinks ",38,3,3.6,"motorcycle",1,"No","Metropolitan","Fog","Low ",1,"N",10
18,"Meal ",36,2,5,"scooter",2,"No","Metropolitan","Sandstorms","Low ",0,"N",10
39,"Meal ",22,21,4.7,"motorcycle",0,"No","Semi-Urban","Cloudy","Medium",1,"Y",10
20,"Buffet ",24,9,4.8,"scooter",2,"No","Metropolitan","Sunny","Low ",0,"N",15
35,"Drinks ",20,21,4.9,"motorcycle",0,"No","Metropolitan","Cloudy","Jam ",1,"N",15
35,"Buffet ",36,5,4.7,"electric_scooter",0,"No","Metropolitan","Fog","Medium",1,"Y",5
22,"Meal ",30,9,4.9,"motorcycle",1,"No","Metropolitan","Sunny","Medium",0,"N",5
15,"Buffet ",22,3,4.8,"motorcycle",1,"No","Semi-Urban","Stormy","Low ",0,"N",15
48,"Buffet ",34,17,4.9,"motorcycle",0,"No","Metropolitan","Sandstorms","Medium",2,"Y",10
18,"Drinks ",29,16,4.8,"electric_scooter",1,"No","Metropolitan","Sunny","Jam ",1,"Y",15
53,"Meal ",21,9,4.3,"motorcycle",0,"No","Metropolitan","Sunny","High ",2,"Y",5
32,"Snack ",23,15,4.1,"motorcycle",1,"No","Metropolitan","Windy","Medium",1,"N",10
25,"Meal ",37,23,4.8,"electric_scooter",2,"No","Metropolitan","Stormy","Low ",1,"N",10
12,"Drinks ",36,9,4.8,"motorcycle",1,"No","Semi-Urban","Fog","Medium",0,"N",5
32,"Snack ",36,2,4.1,"electric_scooter",0,"No","Metropolitan","Sunny","Medium",1,"N",10
33,"Snack ",23,2,3.7,"scooter",1,"No","Metropolitan","Windy","Jam ",1,"Y",10
43,"Snack ",26,5,4.8,"electric_scooter",0,"No","Urban","Sandstorms","Jam ",1,"N",10
13,"Buffet ",33,21,4.7,"motorcycle",1,"No","Metropolitan","Windy","Jam ",1,"N",10
24,"Buffet ",27,23,4.9,"scooter",2,"No","Metropolitan","Stormy","Medium",0,"N",5
18,"Snack ",20,22,4.6,"motorcycle",1,"No","Metropolitan","Fog","Low ",1,"Y",5
34,"Meal ",31,13,3.5,"scooter",1,"No","Metropolitan","Stormy","Medium",0,"N",10
16,"Meal ",23,17,4.7,"motorcycle",1,"No","Urban","Sandstorms","Low",0,"N",5
16,"Buffet ",37,22,4.5,"electric_scooter",2,"No","Urban","Sunny","Jam",1,"N",10
31,"Meal ",36,5,4.6,"scooter",1,"No","Metropolitan","Fog","Medium",1,"N",5
28,"Drinks ",33,9,4.8,"scooter",1,"No","Urban","Sandstorms","Jam ",1,"N",10
22,"Snack ",23,4,4.7,"motorcycle",0,"No","Semi-Urban","Fog","High ",1,"N",5
16,"Drinks ",34,23,4.7,"scooter",2,"No","Metropolitan","Sunny","Medium",1,"N",10
39,"Buffet ",31,3,4.1,"motorcycle",1,"No","Metropolitan","Cloudy","Jam ",1,"Y",15
37,"Snack ",20,16,4.9,"scooter",1,"No","Metropolitan","Cloudy","Jam ",2,"N",10
25,"Drinks ",38,17,4.4,"motorcycle",0,"No","Metropolitan","Stormy","Low ",0,"N",10
19,"Snack ",34,19,4.9,"scooter",2,"No","Semi-Urban","Sandstorms","Low ",0,"Y",10
10,"Drinks ",39,15,4.6,"electric_scooter",0,"No","Semi-Urban","Sunny","Low",1,"N",10
33,"Meal ",39,16,4.4,"motorcycle",2,"No","Metropolitan","Windy","Jam ",1,"N",10
23,"Buffet ",35,3,4.2,"motorcycle",0,"No","Urban","Stormy","Low",0,"N",5
29,"Buffet ",26,4,5,"motorcycle",0,"No","Metropolitan","Sandstorms","Medium",0,"N",15
30,"Snack ",33,23,4.8,"electric_scooter",2,"No","Semi-Urban","Cloudy","High ",1,"N",5
25,"Snack ",36,15,4.7,"motorcycle",2,"No","Semi-Urban","Sunny","Jam ",1,"N",15
50,"Buffet ",36,17,4.1,"motorcycle",0,"No","Metropolitan","Sandstorms","Jam ",1,"N",5
12,"Buffet ",22,16,4.7,"motorcycle",1,"No","Urban","Sandstorms","Medium",0,"N",15
36,"Drinks ",20,21,4.8,"scooter",2,"No","Metropolitan","Fog","Medium",1,"N",10
33,"Meal ",30,6,4.1,"motorcycle",0,"No","Urban","Stormy","Low",1,"N",5
26,"Drinks ",36,22,4.6,"motorcycle",2,"No","Metropolitan","Stormy","Medium",1,"N",5
18,"Meal ",39,6,4.9,"motorcycle",1,"No","Urban","Sandstorms","Low",1,"Y",5
10,"Drinks ",23,23,5,"motorcycle",1,"No","Metropolitan","Sandstorms","Low ",1,"N",15
39,"Meal ",27,22,4.9,"scooter",2,"No","Metropolitan","Stormy","Jam ",2,"N",5
32,"Snack ",22,16,4.6,"motorcycle",0,"No","Metropolitan","Stormy","Medium",1,"N",15
29,"Buffet ",25,12,4.9,"scooter",2,"No","Metropolitan","Fog","Jam ",0,"N",10
35,"Meal ",20,5,4.7,"scooter",1,"No","Metropolitan","Cloudy","Jam ",1,"N",10
28,"Buffet ",27,16,4.6,"motorcycle",1,"No","Metropolitan","Fog","Low ",0,"N",15
18,"Meal ",23,13,4.6,"motorcycle",2,"No","Semi-Urban","Sunny","Jam ",1,"N",15
29,"Snack ",34,22,4.8,"motorcycle",1,"No","Urban","Stormy","Low",1,"N",5
28,"Drinks ",20,9,4.5,"electric_scooter",2,"No","Urban","Windy","Jam ",0,"N",15
31,"Snack ",24,3,5,"motorcycle",0,"No","Metropolitan","Windy","Jam ",1,"N",5
37,"Snack ",36,8,5,"scooter",2,"No","Urban","Stormy","Jam ",2,"N",5
20,"Buffet ",38,19,4.9,"electric_scooter",1,"No","Urban","Stormy","Low",0,"Y",5
36,"Snack ",36,9,4.4,"motorcycle",0,"No","Metropolitan","Windy","Jam ",1,"N",10
34,"Buffet ",37,13,4.4,"scooter",1,"No","Metropolitan","Cloudy","Low ",0,"Y",10
27,"Snack ",22,4,4.6,"electric_scooter",2,"No","Metropolitan","Windy","Jam ",1,"N",15
28,"Drinks ",27,14,4.7,"scooter",2,"No","Metropolitan","Stormy","Low ",1,"N",5
26,"Buffet ",30,18,4.6,"electric_scooter",1,"No","Metropolitan","Sandstorms","Low ",1,"N",5
10,"Meal ",27,3,4.7,"motorcycle",0,"No","Semi-Urban","Sunny","Low",1,"N",5
18,"Snack ",30,21,5,"scooter",1,"No","Urban","Sandstorms","High",0,"N",10
16,"Buffet ",25,17,4.7,"electric_scooter",1,"No","Metropolitan","Stormy","High ",0,"N",10
26,"Drinks ",35,18,5,"electric_scooter",2,"No","Metropolitan","Sunny","Low ",0,"N",10
20,"Buffet ",36,21,4.8,"motorcycle",0,"No","Semi-Urban","Sunny","Medium",0,"N",10
19,"Drinks ",39,16,4.6,"electric_scooter",1,"No","Urban","Sandstorms","Low",0,"Y",10
11,"Meal ",35,23,4.8,"scooter",2,"No","Metropolitan","Windy","Low",0,"Y",5
28,"Snack ",33,17,4.7,"scooter",2,"No","Metropolitan","Stormy","Jam ",1,"N",5
26,"Buffet ",39,15,4.6,"motorcycle",2,"No","Urban","Sandstorms","High",1,"Y",10
30,"Drinks ",26,5,4.6,"scooter",1,"No","Metropolitan","Windy","High ",1,"N",10
29,"Meal ",39,7,4.8,"scooter",1,"No","Metropolitan","Sandstorms","Medium",1,"N",15
23,"Meal ",24,15,4.6,"scooter",2,"No","Semi-Urban","Fog","High",1,"N",10
41,"Snack ",31,5,4.2,"motorcycle",1,"No","Metropolitan","Fog","Jam ",1,"N",10
34,"Meal ",25,2,4,"motorcycle",0,"No","Metropolitan","Sandstorms","Low ",1,"Y",30
37,"Meal ",22,6,4.6,"motorcycle",1,"No","Metropolitan","Cloudy","Medium",1,"N",5
19,"Drinks ",29,17,4.6,"motorcycle",2,"No","Urban","Sunny","Jam",1,"Y",15
22,"Buffet ",28,14,4.5,"scooter",0,"No","Semi-Urban","Fog","Low ",1,"N",10
23,"Buffet ",31,23,4.9,"motorcycle",1,"No","Metropolitan","Windy","Low ",1,"Y",5
16,"Buffet ",30,23,4.9,"motorcycle",1,"No","Urban","Stormy","Jam",0,"N",5
16,"Drinks ",21,19,4.8,"scooter",2,"No","Urban","Sunny","Low",1,"N",5
37,"Drinks ",22,17,3.7,"scooter",2,"No","Metropolitan","Windy","Jam ",2,"N",5
18,"Drinks ",28,18,4.7,"motorcycle",1,"No","Urban","Windy","Low",0,"N",5
36,"Buffet ",24,9,4.7,"motorcycle",0,"No","Metropolitan","Stormy","Jam ",2,"N",10
42,"Snack ",31,7,4.9,"motorcycle",0,"No","Metropolitan","Stormy","High ",2,"N",15
33,"Drinks ",36,17,4.9,"scooter",0,"No","Semi-Urban","Cloudy","Jam",1,"N",10
53,"Snack ",31,7,3.7,"motorcycle",0,"No","Metropolitan","Sunny","Jam ",3,"N",5
17,"Meal ",24,15,4.9,"scooter",2,"No","Urban","Windy","Low",1,"N",10
36,"Meal ",39,9,3.8,"motorcycle",1,"No","Metropolitan","Stormy","Medium",1,"N",10
17,"Drinks ",33,16,4.8,"motorcycle",1,"No","Metropolitan","Stormy","Jam ",0,"N",10
19,"Buffet ",29,15,4.7,"scooter",1,"No","Urban","Sunny","Low",1,"N",10
26,"Snack ",30,22,4.5,"motorcycle",2,"No","Metropolitan","Fog","Low ",0,"N",15
29,"Buffet ",34,15,5,"motorcycle",1,"No","Metropolitan","Stormy","High ",1,"N",10
42,"Drinks ",38,5,4.3,"electric_scooter",2,"No","Metropolitan","Cloudy","Jam ",0,"Y",15
19,"Drinks ",35,18,4.6,"motorcycle",0,"No","Urban","Windy","Low",1,"N",10
14,"Buffet ",22,8,4.9,"scooter",2,"No","Metropolitan","Sandstorms","Low ",0,"N",5
32,"Snack ",24,6,4.1,"scooter",0,"No","Metropolitan","Stormy","Low ",1,"Y",15
28,"Buffet ",25,17,4.8,"scooter",1,"No","Semi-Urban","Stormy","High ",1,"N",10
45,"Buffet ",29,8,4.8,"electric_scooter",0,"No","Urban","Sandstorms","Jam ",3,"N",10
28,"Meal ",26,22,4.8,"motorcycle",1,"No","Semi-Urban","Fog","Low ",1,"N",10
28,"Snack ",30,23,4.6,"motorcycle",1,"No","Semi-Urban","Cloudy","Medium",1,"N",15
29,"Meal ",35,1,4.2,"scooter",0,"No","Urban","Sandstorms","Low",0,"N",10
16,"Drinks ",33,23,4.6,"motorcycle",1,"No","Metropolitan","Sunny","Medium",0,"N",5
20,"Snack ",32,18,4.9,"electric_scooter",1,"No","Metropolitan","Stormy","Medium",1,"N",5
19,"Snack ",35,16,4.7,"motorcycle",2,"No","Urban","Stormy","Low",1,"N",5
29,"Drinks ",21,8,5,"scooter",2,"No","Semi-Urban","Sandstorms","Medium",1,"Y",5
38,"Snack ",23,7,4.2,"motorcycle",1,"No","Metropolitan","Sunny","Jam ",1,"N",10
25,"Buffet ",20,16,4.8,"motorcycle",1,"No","Metropolitan","Windy","High ",1,"N",15
43,"Buffet ",29,18,4.6,"motorcycle",0,"No","Metropolitan","Cloudy","Medium",3,"Y",5
34,"Buffet ",36,9,5,"motorcycle",0,"No","Metropolitan","Fog","Medium",1,"Y",5
25,"Drinks ",33,2,4.9,"scooter",1,"No","Urban","Stormy","Medium",1,"N",10
15,"Meal ",39,22,4.6,"scooter",1,"No","Metropolitan","Cloudy","Low ",1,"N",10
16,"Meal ",38,9,4.8,"scooter",1,"No","Metropolitan","Sunny","Low ",0,"N",15
28,"Meal ",23,3,4.8,"motorcycle",0,"No","Semi-Urban","Stormy","Jam ",0,"N",5
17,"Buffet ",29,3,4.5,"motorcycle",1,"No","Semi-Urban","Stormy","Low",1,"Y",15
18,"Snack ",36,17,4.7,"motorcycle",1,"No","Urban","Stormy","Medium",1,"N",15
16,"Buffet ",31,15,4.6,"scooter",2,"No","Metropolitan","Fog","Low ",0,"N",15
16,"Meal ",27,9,4.7,"scooter",2,"No","Urban","Sandstorms","Jam ",0,"N",15
31,"Drinks ",29,5,4,"scooter",1,"No","Urban","Sandstorms","Medium",0,"N",5
39,"Snack ",20,7,4.1,"electric_scooter",2,"No","Metropolitan","Fog","Jam ",2,"N",15
32,"Snack ",30,9,4.6,"scooter",0,"No","Metropolitan","Windy","Jam ",2,"N",5
31,"Snack ",39,3,4,"scooter",1,"No","Semi-Urban","Sandstorms","Medium",1,"N",5
25,"Meal ",20,16,4.6,"electric_scooter",2,"No","Metropolitan","Sandstorms","Low ",1,"N",15
19,"Buffet ",34,3,4.4,"electric_scooter",0,"No","Urban","Sandstorms","Low",0,"N",5
26,"Buffet ",36,17,4.7,"motorcycle",1,"No","Urban","Sunny","Jam",1,"N",10
28,"Snack ",25,22,4.8,"motorcycle",2,"No","Metropolitan","Sandstorms","Low ",1,"N",5
16,"Snack ",21,5,4.9,"scooter",1,"No","Semi-Urban","Sunny","Jam",1,"N",5
21,"Snack ",23,19,4.9,"electric_scooter",2,"No","Urban","Stormy","Low ",0,"Y",15
11,"Snack ",36,16,4.9,"motorcycle",2,"No","Metropolitan","Cloudy","Low ",0,"N",5
29,"Snack ",28,3,4.8,"motorcycle",1,"No","Metropolitan","Sandstorms","Jam",0,"N",10
27,"Drinks ",20,13,4.6,"scooter",2,"No","Metropolitan","Windy","Medium",1,"N",10
21,"Meal ",30,15,4.6,"electric_scooter",2,"No","Urban","Sandstorms","Low ",1,"N",10
36,"Snack ",23,3,4.7,"scooter",2,"No","Metropolitan","Fog","Jam ",1,"N",5
12,"Drinks ",22,16,4.7,"motorcycle",2,"No","Urban","Sunny","Jam",0,"N",5
30,"Buffet ",30,19,4.6,"electric_scooter",0,"No","Urban","Windy","Jam",1,"Y",5
28,"Buffet ",39,13,4.8,"electric_scooter",2,"No","Metropolitan","Sandstorms","Low ",0,"Y",5
22,"Drinks ",21,22,4,"motorcycle",0,"No","Metropolitan","Stormy","Low ",1,"N",5
28,"Meal ",29,3,4.8,"motorcycle",1,"No","Semi-Urban","Sandstorms","Jam",1,"N",5
26,"Buffet ",25,5,4.8,"motorcycle",0,"No","Semi-Urban","Sunny","Low",0,"N",15
37,"Buffet ",27,16,4.9,"electric_scooter",0,"No","Metropolitan","Windy","Jam",0,"N",10
20,"Drinks ",38,21,4.7,"scooter",0,"No","Urban","Cloudy","Low",0,"N",20
52,"Snack ",32,8,4.8,"motorcycle",0,"Yes","Semi-Urban","Fog","Jam ",1,"N",15
40,"Meal ",21,17,4.6,"motorcycle",0,"No","Metropolitan","Fog","Medium",2,"N",5
28,"Meal ",36,13,4.7,"scooter",1,"No","Metropolitan","Sandstorms","Low ",0,"N",30
16,"Snack ",27,15,4.7,"electric_scooter",2,"No","Urban","Stormy","Medium",0,"N",15
16,"Buffet ",38,6,4.7,"electric_scooter",1,"No","Semi-Urban","Stormy","Medium",1,"Y",10
30,"Snack ",38,13,4.7,"motorcycle",0,"No","Urban","Windy","Medium",1,"N",10
13,"Meal ",23,18,4.7,"motorcycle",2,"No","Metropolitan","Fog","Low ",1,"N",5
31,"Buffet ",21,23,4.9,"motorcycle",0,"No","Metropolitan","Fog","Medium",1,"Y",10
28,"Meal ",23,4,4.5,"motorcycle",0,"No","Urban","Stormy","Medium",1,"N",10
19,"Meal ",33,13,4.8,"scooter",1,"No","Metropolitan","Windy","Jam ",1,"Y",15
17,"Snack ",35,18,4.8,"electric_scooter",2,"No","Semi-Urban","Sunny","High ",1,"N",5
35,"Drinks ",24,15,4.8,"motorcycle",0,"No","Metropolitan","Cloudy","Low ",0,"N",20
17,"Buffet ",27,3,4.6,"motorcycle",2,"No","Metropolitan","Stormy","Low ",1,"N",10
38,"Snack ",27,9,4.3,"motorcycle",1,"No","Metropolitan","Cloudy","Medium",2,"Y",5
46,"Drinks ",38,7,4.8,"motorcycle",0,"No","Urban","Sandstorms","Jam ",0,"Y",10
25,"Snack ",38,22,4.7,"electric_scooter",2,"No","Metropolitan","Fog","Low ",1,"Y",10
23,"Drinks ",24,23,4.9,"motorcycle",0,"No","Semi-Urban","Sunny","Low ",1,"N",5
27,"Buffet ",25,13,4.8,"motorcycle",2,"No","Metropolitan","Stormy","Medium",0,"N",5
47,"Snack ",24,1,4.9,"motorcycle",0,"No","Metropolitan","Cloudy","Medium",1,"N",15
26,"Meal ",27,18,4.9,"motorcycle",2,"No","Urban","Stormy","Low",0,"N",10
26,"Meal ",33,19,5,"electric_scooter",1,"No","Metropolitan","Sunny","Medium",1,"Y",15
23,"Meal ",34,22,4.8,"motorcycle",1,"No","Semi-Urban","Sandstorms","Low ",0,"N",5
25,"Snack ",25,22,4.2,"motorcycle",0,"No","Metropolitan","Sandstorms","Low ",0,"N",10
27,"Meal ",29,16,4.8,"scooter",0,"No","Metropolitan","Sandstorms","Jam ",1,"N",5
27,"Meal ",28,5,4.9,"electric_scooter",1,"No","Semi-Urban","Stormy","Low ",0,"N",10
15,"Drinks ",37,17,4.7,"motorcycle",0,"No","Urban","Stormy","Medium",1,"N",5
40,"Meal ",33,15,4.6,"scooter",2,"No","Metropolitan","Sunny","Jam ",1,"Y",5
20,"Meal ",27,23,4.8,"scooter",1,"No","Semi-Urban","Sunny","Medium",0,"N",15
16,"Meal ",29,15,5,"motorcycle",0,"No","Metropolitan","Sunny","Low ",0,"N",10
24,"Meal ",22,9,4.8,"motorcycle",1,"No","Metropolitan","Stormy","Medium",1,"N",15
27,"Meal ",22,9,4.7,"motorcycle",1,"No","Metropolitan","Windy","Jam ",1,"N",15
36,"Drinks ",20,18,4.4,"motorcycle",1,"No","Metropolitan","Windy","Jam ",1,"N",5
24,"Snack ",35,22,4.8,"scooter",2,"No","Urban","Windy","Jam ",1,"N",15
27,"Drinks ",38,14,4.8,"motorcycle",0,"No","Metropolitan","Sandstorms","Medium",1,"N",10
24,"Snack ",36,14,4.9,"scooter",2,"No","Metropolitan","Windy","Medium",1,"N",10
20,"Buffet ",39,3,4.9,"motorcycle",1,"No","Semi-Urban","Stormy","Jam",1,"N",5
33,"Snack ",33,11,4.2,"scooter",1,"No","Semi-Urban","Cloudy","Jam ",1,"N",10
33,"Buffet ",22,13,4.6,"scooter",2,"No","Metropolitan","Windy","Jam ",1,"N",5
27,"Buffet ",36,2,4.9,"scooter",1,"No","Semi-Urban","Stormy","Medium",0,"N",15
21,"Meal ",24,23,4.7,"scooter",1,"No","Semi-Urban","Sandstorms","Jam ",1,"N",10
27,"Meal ",24,19,5,"motorcycle",1,"No","Metropolitan","Sandstorms","Low ",1,"N",5
38,"Meal ",23,15,4.7,"motorcycle",2,"No","Urban","Stormy","High",1,"N",5
15,"Drinks ",31,12,4.9,"scooter",1,"No","Metropolitan","Sunny","Jam ",1,"N",5
36,"Drinks ",38,21,4.2,"scooter",1,"No","Metropolitan","Windy","Medium",1,"N",15
24,"Meal ",24,23,5,"motorcycle",1,"No","Urban","Stormy","Low",0,"N",10
41,"Buffet ",29,6,4.2,"motorcycle",0,"No","Metropolitan","Windy","Jam ",1,"N",10
28,"Meal ",21,21,4.6,"motorcycle",0,"No","Metropolitan","Fog","Low ",1,"N",5
17,"Buffet ",23,14,4.6,"motorcycle",0,"No","Semi-Urban","Windy","High ",0,"N",15
27,"Buffet ",38,13,4.6,"motorcycle",0,"No","Urban","Windy","Medium",0,"Y",15
37,"Drinks ",26,12,4.6,"motorcycle",0,"No","Metropolitan","Sandstorms","Medium",0,"N",10
37,"Buffet ",21,9,4.7,"motorcycle",0,"No","Metropolitan","Windy","Jam ",2,"N",10
16,"Meal ",32,17,4.9,"motorcycle",1,"No","Urban","Sunny","Medium",0,"N",15
19,"Snack ",33,2,4.6,"motorcycle",2,"No","Metropolitan","Sandstorms","Low ",1,"N",5
26,"Snack ",23,22,4.9,"scooter",2,"No","Urban","Cloudy","Jam",1,"N",15
20,"Meal ",32,19,4.6,"motorcycle",2,"No","Metropolitan","Windy","Jam ",1,"N",10
19,"Meal ",23,19,4.6,"motorcycle",2,"No","Urban","Fog","Low ",1,"Y",15
25,"Meal ",36,9,4.8,"motorcycle",2,"No","Urban","Windy","Low ",0,"Y",15
16,"Drinks ",22,2,4.2,"scooter",0,"No","Metropolitan","Windy","Low ",1,"N",15
30,"Buffet ",33,21,5,"motorcycle",1,"No","Urban","Stormy","Medium",1,"N",5
25,"Buffet ",35,21,4.5,"electric_scooter",2,"No","Metropolitan","Windy","Medium",0,"N",10
49,"Drinks ",36,8,4.7,"motorcycle",1,"No","Metropolitan","Stormy","Jam ",1,"N",15
17,"Drinks ",21,22,4.6,"motorcycle",2,"No","Semi-Urban","Windy","Medium",1,"N",5
22,"Snack ",29,18,4.8,"motorcycle",2,"No","Semi-Urban","Stormy","Jam",0,"Y",5
30,"Drinks ",37,15,4.7,"motorcycle",1,"No","Metropolitan","Sandstorms","Jam ",1,"N",5
28,"Buffet ",38,23,4.7,"motorcycle",1,"No","Urban","Stormy","Jam ",1,"N",15
35,"Meal ",32,18,5,"scooter",1,"No","Metropolitan","Fog","Jam ",1,"N",5
51,"Snack ",36,21,4.7,"scooter",0,"No","Metropolitan","Sunny","Jam ",2,"Y",5
30,"Buffet ",24,18,4.7,"motorcycle",0,"No","Semi-Urban","Stormy","Jam ",0,"N",15
29,"Buffet ",34,3,4.9,"motorcycle",1,"No","Metropolitan","Fog","Low ",1,"Y",20
28,"Snack ",31,6,4.5,"motorcycle",2,"No","Urban","Windy","Jam",0,"N",15
15,"Meal ",30,18,4.9,"electric_scooter",2,"No","Metropolitan","Sunny","Medium",1,"Y",10
25,"Buffet ",26,17,4.8,"electric_scooter",2,"No","Metropolitan","Windy","Low ",1,"N",5
30,"Drinks ",36,23,4.9,"electric_scooter",2,"No","Metropolitan","Cloudy","Medium",1,"N",10
27,"Drinks ",31,23,4.5,"electric_scooter",1,"No","Metropolitan","Sandstorms","Jam ",0,"N",10
25,"Snack ",32,17,4.8,"motorcycle",0,"No","Metropolitan","Cloudy","Low ",1,"N",10
24,"Meal ",30,22,4.7,"motorcycle",0,"No","Metropolitan","Sandstorms","Low ",1,"N",5
30,"Drinks ",38,16,4.9,"motorcycle",1,"No","Urban","Sunny","Jam ",1,"N",5
47,"Buffet ",38,6,4.3,"motorcycle",0,"No","Urban","Sandstorms","Jam ",3,"N",15
11,"Snack ",27,22,4.6,"scooter",1,"No","Semi-Urban","Sandstorms","Jam ",1,"Y",5
34,"Drinks ",31,17,4,"motorcycle",0,"No","Metropolitan","Fog","High ",2,"N",15
18,"Drinks ",31,9,4.7,"scooter",2,"No","Metropolitan","Fog","Low ",0,"N",5
29,"Drinks ",29,23,4.7,"motorcycle",0,"No","Metropolitan","Sunny","Jam",1,"N",15
24,"Meal ",31,5,4.5,"electric_scooter",2,"No","Metropolitan","Sandstorms","Jam ",1,"N",5
20,"Drinks ",39,15,4.9,"scooter",0,"No","Semi-Urban","Sandstorms","Low ",0,"N",5
42,"Buffet ",23,8,4.1,"scooter",2,"No","Metropolitan","Fog","Medium",0,"N",10
32,"Snack ",21,3,4,"motorcycle",0,"No","Metropolitan","Sandstorms","Low ",1,"N",15
27,"Meal ",38,13,4.6,"scooter",2,"No","Metropolitan","Sandstorms","High ",1,"Y",10
34,"Meal ",21,7,4.2,"motorcycle",0,"No","Metropolitan","Stormy","Low ",1,"N",10
29,"Meal ",33,3,5,"scooter",2,"No","Metropolitan","Stormy","Jam ",1,"N",15
20,"Drinks ",35,12,4.7,"motorcycle",2,"No","Semi-Urban","Sunny","Jam ",1,"N",15
29,"Drinks ",38,21,4.8,"scooter",2,"No","Urban","Sunny","Jam",1,"Y",10
20,"Drinks ",21,22,4.7,"scooter",0,"No","Metropolitan","Windy","Low ",1,"N",15
43,"Meal ",24,3,3.5,"motorcycle",1,"No","Metropolitan","Windy","Jam ",2,"N",10
24,"Drinks ",23,12,4.5,"motorcycle",2,"No","Metropolitan","Sandstorms","Medium",1,"N",15
17,"Meal ",35,14,4.9,"electric_scooter",0,"No","Metropolitan","Sandstorms","Jam ",0,"N",5
32,"Snack ",35,15,3.9,"motorcycle",1,"No","Semi-Urban","Cloudy","Low",1,"N",15
15,"Meal ",22,23,4.7,"electric_scooter",0,"No","Urban","Windy","Jam",1,"N",15
30,"Meal ",27,5,4.7,"scooter",2,"No","Metropolitan","Sandstorms","Jam ",0,"N",15
15,"Snack ",31,21,4.7,"motorcycle",2,"No","Semi-Urban","Fog","Medium",0,"N",10
32,"Meal ",24,21,4.4,"scooter",1,"No","Metropolitan","Stormy","Medium",1,"N",10
31,"Drinks ",39,17,4.9,"motorcycle",0,"No","Urban","Windy","Jam",0,"N",10
38,"Meal ",37,3,4.6,"motorcycle",0,"No","Metropolitan","Fog","Jam ",2,"N",15
20,"Buffet ",30,3,4.6,"scooter",2,"No","Metropolitan","Sunny","Jam ",0,"N",5
23,"Buffet ",22,23,4.8,"motorcycle",0,"No","Urban","Sunny","Low ",1,"N",15
24,"Snack ",24,3,4,"motorcycle",0,"No","Urban","Windy","Low",1,"N",10
37,"Buffet ",25,19,4.3,"motorcycle",1,"No","Metropolitan","Sunny","Jam ",1,"Y",10
41,"Buffet ",36,8,3.9,"scooter",0,"No","Metropolitan","Sunny","Jam ",1,"N",15
40,"Buffet ",21,11,4.4,"electric_scooter",0,"No","Semi-Urban","Sunny","Jam ",0,"Y",5
20,"Buffet ",29,13,5,"motorcycle",0,"No","Metropolitan","Sunny","Low ",1,"Y",5
26,"Meal ",21,22,4.9,"scooter",2,"No","Semi-Urban","Windy","Low ",0,"N",15
24,"Buffet ",23,15,4.9,"motorcycle",1,"No","Metropolitan","Sandstorms","Low ",0,"N",10
26,"Buffet ",38,21,4.7,"motorcycle",0,"No","Metropolitan","Windy","Medium",1,"Y",15
26,"Drinks ",39,23,4.7,"motorcycle",1,"No","Urban","Fog","High ",1,"N",5
16,"Buffet ",30,19,4.9,"electric_scooter",2,"No","Urban","Windy","Low",0,"N",15
39,"Buffet ",34,2,4.3,"scooter",1,"No","Metropolitan","Fog","Medium",2,"N",10
28,"Snack ",36,3,4.7,"motorcycle",0,"No","Metropolitan","Fog","Medium",1,"N",10
26,"Buffet ",32,17,4.8,"motorcycle",1,"No","Metropolitan","Stormy","Medium",1,"N",5
27,"Drinks ",26,22,4.7,"scooter",2,"No","Semi-Urban","Fog","Low ",1,"N",5
23,"Snack ",32,4,4.7,"motorcycle",1,"No","Semi-Urban","Sunny","High ",1,"N",5
23,"Buffet ",23,23,4.9,"electric_scooter",1,"No","Urban","Fog","Low",1,"N",10
24,"Drinks ",35,22,4.8,"motorcycle",0,"No","Metropolitan","Sunny","Medium",1,"N",5
14,"Drinks ",35,22,5,"motorcycle",1,"No","Metropolitan","Stormy","Jam ",0,"Y",15
26,"Meal ",38,21,4.8,"scooter",0,"No","Urban","Sunny","Jam",1,"N",15
28,"Drinks ",32,19,4.7,"electric_scooter",1,"No","Urban","Sandstorms","Medium",1,"N",10
45,"Buffet ",25,15,4.6,"motorcycle",0,"No","Metropolitan","Cloudy","Jam ",1,"N",10
21,"Meal ",37,16,4.8,"motorcycle",1,"No","Semi-Urban","Stormy","Low ",0,"Y",10
17,"Meal ",24,18,4.7,"motorcycle",1,"No","Urban","Fog","Low",0,"N",5
30,"Drinks ",28,12,5,"motorcycle",0,"No","Metropolitan","Fog","Medium",0,"N",5
37,"Drinks ",38,5,4.9,"motorcycle",2,"No","Metropolitan","Stormy","Jam ",1,"N",10
28,"Snack ",21,9,5,"motorcycle",0,"No","Urban","Sandstorms","Jam ",1,"N",5
43,"Snack ",23,1,4.2,"motorcycle",1,"No","Semi-Urban","Fog","Jam ",0,"N",5
17,"Meal ",25,7,5,"motorcycle",0,"No","Urban","Sandstorms","Medium",1,"N",15
29,"Snack ",37,19,4.8,"scooter",2,"No","Semi-Urban","Fog","Jam ",1,"N",15
25,"Drinks ",35,23,4.6,"motorcycle",0,"No","Metropolitan","Fog","Low ",1,"N",15
43,"Drinks ",21,3,4.6,"scooter",0,"Yes","Metropolitan","Cloudy","Low ",2,"N",5
23,"Meal ",20,9,4.7,"electric_scooter",2,"No","Urban","Sunny","Medium",1,"N",5
48,"Drinks ",21,14,4.3,"motorcycle",0,"No","Semi-Urban","Sandstorms","Jam ",0,"Y",15
18,"Buffet ",36,16,4.5,"motorcycle",2,"No","Metropolitan","Sandstorms","Low ",0,"Y",5
35,"Meal ",32,5,4.9,"electric_scooter",2,"No","Semi-Urban","Fog","Jam ",1,"N",5
31,"Buffet ",20,5,4.1,"motorcycle",0,"No","Urban","Stormy","Medium",1,"Y",15
18,"Buffet ",39,23,4.7,"scooter",1,"No","Metropolitan","Sunny","High ",1,"N",10
39,"Drinks ",24,12,4.7,"motorcycle",0,"No","Semi-Urban","Stormy","High ",2,"N",15
33,"Snack ",30,11,4.3,"electric_scooter",0,"No","Metropolitan","Stormy","Low ",2,"N",10
12,"Meal ",29,15,4.8,"motorcycle",1,"No","Metropolitan","Sandstorms","Low ",0,"N",15
23,"Snack ",27,22,4.6,"electric_scooter",2,"No","Metropolitan","Windy","Low ",0,"Y",5
39,"Drinks ",21,9,4.3,"scooter",1,"No","Metropolitan","Stormy","Jam ",1,"N",15
41,"Drinks ",23,16,5,"motorcycle",1,"No","Metropolitan","Fog","Jam ",1,"N",5
23,"Snack ",24,19,4.7,"motorcycle",0,"No","Metropolitan","Fog","Jam ",0,"N",10
32,"Snack ",30,11,4.6,"scooter",1,"No","Metropolitan","Windy","Jam ",1,"N",15
49,"Drinks ",33,3,4,"motorcycle",1,"No","Metropolitan","Sunny","Jam ",1,"N",5
24,"Meal ",20,7,4.9,"motorcycle",0,"No","Metropolitan","Sunny","Low ",1,"N",10
43,"Drinks ",31,17,4.1,"scooter",2,"No","Metropolitan","Fog","Jam ",2,"N",5
44,"Meal ",27,3,4.2,"electric_scooter",1,"No","Metropolitan","Fog","Jam ",1,"N",10
22,"Meal ",24,18,4.8,"motorcycle",0,"No","Urban","Sunny","High ",1,"Y",10
26,"Drinks ",30,14,4.7,"motorcycle",0,"No","Metropolitan","Fog","Low ",1,"N",15
28,"Buffet ",38,23,4.7,"motorcycle",1,"No","Urban","Stormy","Jam ",1,"N",15
20,"Meal ",25,21,4.9,"scooter",1,"No","Urban","Sandstorms","Jam",1,"Y",10
25,"Drinks ",37,9,4.6,"scooter",2,"No","Metropolitan","Sandstorms","Jam ",1,"N",15
38,"Buffet ",22,23,4.7,"motorcycle",0,"No","Metropolitan","Fog","Jam ",2,"N",15
38,"Meal ",22,4,4.3,"electric_scooter",2,"No","Urban","Cloudy","Jam ",1,"N",15
37,"Snack ",24,5,3.6,"scooter",2,"No","Urban","Sandstorms","Jam ",2,"Y",10
16,"Meal ",26,18,4.9,"scooter",2,"No","Metropolitan","Sandstorms","Low ",0,"Y",15
12,"Meal ",22,21,4.8,"scooter",1,"No","Urban","Sunny","Medium",0,"N",10
30,"Buffet ",31,23,4.5,"scooter",2,"No","Metropolitan","Cloudy","Low ",1,"Y",25
41,"Snack ",26,3,3.9,"scooter",2,"No","Urban","Sandstorms","Jam",1,"Y",10
27,"Drinks ",35,18,4.8,"electric_scooter",0,"No","Semi-Urban","Sandstorms","High ",1,"Y",15
26,"Buffet ",29,21,4.6,"motorcycle",0,"No","Urban","Windy","Jam",1,"N",15
15,"Meal ",20,17,4.8,"motorcycle",1,"No","Urban","Sunny","Medium",0,"N",10
16,"Buffet ",39,23,4.9,"scooter",2,"No","Metropolitan","Stormy","Low ",1,"Y",10
25,"Drinks ",30,23,4.7,"motorcycle",0,"No","Semi-Urban","Sunny","Low ",1,"N",15
33,"Snack ",22,14,4.9,"scooter",1,"No","Metropolitan","Stormy","High ",0,"N",5
27,"Snack ",30,18,4.4,"scooter",0,"No","Metropolitan","Stormy","Low ",0,"Y",5
47,"Meal ",32,6,4.7,"motorcycle",0,"No","Urban","Fog","Jam ",1,"N",15
24,"Snack ",39,22,4.8,"scooter",2,"No","Urban","Stormy","Jam",1,"Y",15
24,"Drinks ",23,9,4.5,"motorcycle",0,"No","Urban","Cloudy","Medium",1,"Y",5
14,"Snack ",27,22,4.5,"scooter",2,"No","Urban","Cloudy","Medium",0,"N",10
31,"Meal ",22,7,4.3,"scooter",1,"No","Metropolitan","Windy","High ",0,"N",15
37,"Meal ",24,2,4.1,"scooter",1,"No","Urban","Cloudy","Low",2,"Y",5
40,"Buffet ",28,1,4.9,"scooter",0,"No","Metropolitan","Fog","Jam ",1,"N",15
25,"Meal ",36,5,4.9,"scooter",1,"No","Semi-Urban","Windy","Jam ",1,"N",5
15,"Snack ",26,18,4.9,"motorcycle",0,"No","Urban","Windy","Low",1,"Y",15
23,"Buffet ",23,17,4.1,"motorcycle",0,"No","Semi-Urban","Windy","Low ",1,"Y",5
29,"Snack ",23,18,4.8,"motorcycle",0,"No","Urban","Stormy","High",1,"N",5
19,"Drinks ",33,6,4.7,"motorcycle",1,"No","Semi-Urban","Stormy","Medium",1,"N",15
31,"Snack ",38,14,5,"scooter",1,"No","Metropolitan","Windy","High ",1,"Y",5
46,"Buffet ",29,17,4.7,"motorcycle",0,"No","Metropolitan","Cloudy","Jam ",1,"N",10
31,"Snack ",26,13,4.8,"motorcycle",0,"No","Metropolitan","Stormy","High ",1,"Y",5
30,"Snack ",22,4,4.9,"electric_scooter",2,"No","Metropolitan","Sunny","Jam ",0,"N",15
13,"Snack ",22,9,4.7,"electric_scooter",2,"No","Semi-Urban","Stormy","Jam ",0,"N",10
35,"Buffet ",39,3,4.1,"electric_scooter",1,"No","Semi-Urban","Stormy","Jam ",1,"Y",5
30,"Meal ",25,13,4.9,"motorcycle",0,"No","Semi-Urban","Sandstorms","Jam ",0,"N",10
22,"Meal ",25,6,4.4,"electric_scooter",0,"No","Urban","Windy","Low",1,"N",15
41,"Meal ",23,7,4.1,"electric_scooter",2,"No","Urban","Sandstorms","Jam ",1,"Y",10
41,"Snack ",36,23,4.9,"motorcycle",0,"No","Semi-Urban","Fog","Jam ",1,"N",5
17,"Meal ",22,12,4.9,"motorcycle",1,"No","Metropolitan","Cloudy","Medium",1,"N",5
17,"Drinks ",37,16,4.7,"motorcycle",0,"No","Metropolitan","Windy","Low ",0,"N",5
18,"Drinks ",38,19,4.7,"scooter",2,"No","Metropolitan","Sunny","Low ",0,"N",10
27,"Drinks ",20,14,4.9,"electric_scooter",1,"No","Metropolitan","Windy","High ",1,"N",10
14,"Buffet ",36,18,4.8,"motorcycle",1,"No","Urban","Sunny","Medium",1,"N",15
19,"Buffet ",35,18,4.9,"motorcycle",2,"No","Metropolitan","Stormy","Low ",0,"Y",5
38,"Meal ",27,9,4.7,"scooter",2,"No","Metropolitan","Fog","Medium",0,"N",10
29,"Snack ",26,3,4.5,"scooter",2,"No","Metropolitan","Fog","Low ",1,"N",15
26,"Snack ",36,22,4.3,"motorcycle",0,"No","Semi-Urban","Stormy","Low ",1,"N",15
19,"Buffet ",21,17,4.7,"scooter",1,"No","Metropolitan","Fog","Low ",1,"N",10
28,"Meal ",31,21,4.9,"motorcycle",0,"No","Semi-Urban","Stormy","Jam ",1,"Y",5
28,"Snack ",25,23,4.5,"scooter",2,"No","Metropolitan","Stormy","Medium",1,"N",10
26,"Drinks ",34,8,4.6,"motorcycle",1,"No","Semi-Urban","Stormy","Low ",1,"N",15
19,"Snack ",20,13,4.9,"scooter",2,"No","Metropolitan","Sunny","Jam ",0,"Y",10
21,"Snack ",32,13,4.7,"motorcycle",1,"No","Metropolitan","Sunny","Medium",1,"Y",10
13,"Snack ",32,13,4.9,"scooter",2,"No","Metropolitan","Stormy","Low ",1,"Y",5
12,"Drinks ",30,7,4.8,"motorcycle",1,"No","Metropolitan","Stormy","Low ",1,"N",15
44,"Snack ",34,5,4.4,"scooter",0,"No","Urban","Sandstorms","Jam",1,"N",5
27,"Buffet ",32,12,4.7,"scooter",2,"No","Metropolitan","Sandstorms","Jam ",1,"N",15
33,"Buffet ",30,19,4.3,"motorcycle",1,"No","Urban","Fog","Low",0,"N",15
24,"Meal ",24,12,4.7,"motorcycle",2,"No","Urban","Sunny","Jam ",1,"N",5
29,"Drinks ",21,8,4.7,"motorcycle",2,"No","Semi-Urban","Stormy","High ",0,"N",5
39,"Buffet ",33,5,3.8,"scooter",2,"No","Urban","Fog","Low",2,"N",5
22,"Buffet ",38,14,4.6,"motorcycle",1,"No","Metropolitan","Sandstorms","Low ",0,"N",15
22,"Snack ",22,18,4.8,"motorcycle",2,"No","Urban","Cloudy","Low",1,"Y",5
21,"Snack ",35,21,4.8,"electric_scooter",2,"No","Metropolitan","Windy","Medium",0,"Y",15
27,"Snack ",28,15,4.6,"scooter",1,"No","Metropolitan","Windy","Low ",1,"N",5
20,"Meal ",38,15,4.9,"motorcycle",0,"No","Urban","Sandstorms","Low ",0,"Y",5
45,"Snack ",22,19,4.7,"motorcycle",0,"No","Semi-Urban","Cloudy","Jam",1,"Y",10
26,"Drinks ",26,5,4.5,"electric_scooter",0,"No","Metropolitan","Sandstorms","Medium",0,"N",15
26,"Buffet ",26,2,4.6,"motorcycle",0,"No","Semi-Urban","Sandstorms","Medium",0,"N",5
23,"Meal ",34,15,4,"motorcycle",0,"No","Metropolitan","Windy","Low ",0,"N",10
30,"Meal ",34,1,4.8,"electric_scooter",0,"No","Metropolitan","Sunny","Low ",1,"N",5
14,"Snack ",36,14,4.8,"scooter",2,"No","Metropolitan","Fog","Medium",1,"Y",5
12,"Snack ",30,6,4.7,"motorcycle",2,"No","Urban","Sunny","High",0,"N",5
29,"Buffet ",39,13,4.7,"electric_scooter",0,"No","Semi-Urban","Sunny","Jam ",1,"N",5
27,"Meal ",29,22,4.9,"motorcycle",0,"No","Semi-Urban","Stormy","Medium",1,"Y",5
22,"Drinks ",20,8,4.9,"motorcycle",0,"No","Metropolitan","Stormy","Low ",1,"N",15
44,"Snack ",34,3,4.2,"motorcycle",1,"No","Urban","Fog","Jam ",1,"Y",10
36,"Buffet ",35,15,4.7,"motorcycle",0,"No","Urban","Windy","Medium",1,"N",10
19,"Meal ",28,14,4.7,"electric_scooter",2,"No","Metropolitan","Sunny","Medium",1,"N",5
36,"Drinks ",36,1,3.8,"electric_scooter",2,"No","Metropolitan","Windy","Medium",0,"N",10
26,"Meal ",28,23,4.7,"electric_scooter",0,"No","Metropolitan","Fog","High ",0,"N",15
49,"Meal ",34,22,4.7,"scooter",0,"No","Semi-Urban","Stormy","High",2,"N",10
40,"Meal ",35,4,4.2,"motorcycle",0,"No","Metropolitan","Windy","Jam ",1,"N",15
29,"Snack ",33,15,4.8,"scooter",0,"No","Metropolitan","Sandstorms","Medium",1,"Y",5
37,"Drinks ",28,13,4.1,"motorcycle",2,"No","Semi-Urban","Cloudy","Medium",1,"N",10
29,"Meal ",39,18,4.9,"scooter",2,"No","Metropolitan","Stormy","High ",1,"N",5
21,"Meal ",30,16,4.8,"scooter",0,"No","Metropolitan","Cloudy","Low ",1,"N",10
15,"Buffet ",38,15,4.7,"electric_scooter",0,"No","Urban","Stormy","Medium",0,"Y",10
33,"Snack ",27,5,4.2,"scooter",1,"No","Semi-Urban","Windy","Medium",1,"N",10
10,"Drinks ",24,17,4.9,"electric_scooter",2,"No","Urban","Sunny","Low",0,"N",5
18,"Buffet ",32,16,4.7,"motorcycle",2,"No","Urban","Stormy","Jam",1,"Y",10
24,"Meal ",34,23,4.8,"motorcycle",1,"No","Metropolitan","Stormy","Medium",1,"N",15
20,"Meal ",20,23,4.9,"scooter",2,"No","Urban","Stormy","Low",0,"Y",15
37,"Snack ",20,5,4.2,"scooter",2,"No","Urban","Windy","Medium",1,"N",5
25,"Drinks ",29,22,4.8,"scooter",1,"No","Metropolitan","Stormy","Jam ",0,"N",15
23,"Buffet ",30,12,4.8,"electric_scooter",0,"No","Metropolitan","Cloudy","Low ",1,"N",5
36,"Drinks ",20,3,4.4,"scooter",1,"No","Metropolitan","Fog","Jam ",1,"N",15
28,"Meal ",35,13,4,"scooter",0,"No","Metropolitan","Stormy","Low ",1,"N",5
27,"Snack ",34,23,4.5,"motorcycle",0,"No","Semi-Urban","Stormy","Medium",0,"N",15
16,"Snack ",20,6,4.5,"scooter",1,"No","Urban","Stormy","Low",0,"N",5
32,"Buffet ",33,5,4.8,"motorcycle",0,"No","Urban","Sunny","Medium",1,"N",15
27,"Drinks ",32,7,4.6,"electric_scooter",2,"No","Metropolitan","Windy","Low ",1,"N",15
17,"Drinks ",23,23,4.7,"motorcycle",2,"No","Metropolitan","Stormy","Medium",1,"N",10
25,"Drinks ",26,18,4.8,"motorcycle",0,"No","Metropolitan","Sandstorms","Low ",1,"N",15
24,"Drinks ",35,9,4.6,"electric_scooter",2,"No","Metropolitan","Cloudy","High ",1,"N",15
29,"Snack ",30,3,4.6,"motorcycle",0,"No","Metropolitan","Stormy","Medium",1,"N",10
22,"Snack ",29,18,4.8,"motorcycle",2,"No","Semi-Urban","Stormy","Jam",0,"Y",5
25,"Buffet ",36,13,4.8,"scooter",1,"No","Urban","Sandstorms","Medium",0,"N",15
22,"Buffet ",26,9,4.8,"motorcycle",1,"No","Semi-Urban","Sunny","Medium",1,"N",15
20,"Drinks ",33,18,4.6,"motorcycle",1,"No","Urban","Windy","Medium",1,"N",10
16,"Buffet ",30,13,4.9,"electric_scooter",2,"No","Semi-Urban","Cloudy","Low ",1,"N",15
27,"Snack ",21,3,4.6,"electric_scooter",2,"No","Metropolitan","Windy","Medium",1,"N",10
31,"Snack ",39,22,4.8,"motorcycle",1,"No","Urban","Stormy","Jam",0,"N",15
22,"Meal ",27,9,4.9,"motorcycle",0,"No","Urban","Fog","Low ",1,"N",20
20,"Buffet ",22,16,4.8,"scooter",2,"No","Urban","Sunny","Jam",1,"N",10
11,"Snack ",22,22,4.6,"motorcycle",2,"No","Metropolitan","Windy","Low ",0,"N",5
33,"Buffet ",29,13,4,"motorcycle",2,"No","Metropolitan","Stormy","Jam ",2,"N",5
24,"Drinks ",32,14,4.6,"electric_scooter",1,"No","Metropolitan","Sunny","Low ",1,"Y",5
10,"Buffet ",21,23,4.5,"scooter",2,"No","Metropolitan","Sunny","Medium",1,"N",10
24,"Buffet ",39,23,4.4,"electric_scooter",0,"No","Metropolitan","Windy","Low ",1,"N",10
29,"Meal ",20,13,4.5,"motorcycle",1,"No","Metropolitan","Sandstorms","High ",1,"N",10
22,"Snack ",22,19,4.8,"scooter",1,"No","Metropolitan","Windy","Jam ",1,"N",15
24,"Snack ",28,17,4.9,"electric_scooter",2,"No","Metropolitan","Sandstorms","High ",0,"Y",10
26,"Buffet ",36,19,4.7,"scooter",2,"No","Metropolitan","Windy","Low ",0,"N",15
37,"Meal ",31,13,4.5,"scooter",2,"No","Metropolitan","Cloudy","Low ",0,"N",10
39,"Drinks ",36,2,4.5,"scooter",2,"No","Metropolitan","Sandstorms","Medium",1,"N",15
16,"Drinks ",29,21,4.7,"motorcycle",1,"No","Urban","Sunny","Jam ",0,"N",15
17,"Meal ",21,19,4.5,"electric_scooter",2,"No","Metropolitan","Fog","Low ",1,"N",5
22,"Drinks ",37,23,4.9,"electric_scooter",2,"No","Urban","Sunny","Medium",1,"Y",5
48,"Meal ",27,3,4.6,"motorcycle",0,"No","Metropolitan","Stormy","Medium",3,"N",15
24,"Buffet ",37,15,4.9,"motorcycle",2,"No","Urban","Windy","Low",1,"N",15
28,"Buffet ",37,9,4.9,"motorcycle",1,"No","Urban","Sandstorms","Medium",1,"N",5
17,"Drinks ",25,23,4.9,"scooter",1,"No","Semi-Urban","Sunny","Medium",1,"N",15
14,"Meal ",24,13,4.6,"electric_scooter",2,"No","Metropolitan","Stormy","Low ",1,"N",10
28,"Snack ",31,22,4.8,"motorcycle",1,"No","Metropolitan","Stormy","Jam ",0,"N",10
22,"Snack ",26,13,4.8,"motorcycle",0,"No","Metropolitan","Cloudy","Medium",1,"N",15
35,"Meal ",33,23,4.7,"motorcycle",0,"No","Semi-Urban","Windy","Jam ",2,"Y",15
17,"Meal ",32,9,4.9,"scooter",2,"No","Metropolitan","Sunny","Low ",1,"N",15
27,"Meal ",24,4,4.8,"motorcycle",1,"No","Urban","Stormy","Low",1,"N",15
25,"Snack ",26,9,5,"motorcycle",2,"No","Urban","Stormy","Jam ",0,"N",15
28,"Buffet ",39,18,4.8,"scooter",1,"No","Urban","Sandstorms","Jam",1,"N",15
36,"Snack ",26,13,4.3,"scooter",1,"No","Semi-Urban","Fog","Jam ",1,"N",10
17,"Meal ",27,16,4.7,"scooter",0,"No","Urban","Windy","Jam",0,"N",5
23,"Drinks ",31,21,4.7,"scooter",0,"No","Metropolitan","Fog","High ",1,"Y",5
31,"Drinks ",38,9,4.2,"motorcycle",0,"No","Metropolitan","Stormy","Low ",1,"N",15
22,"Buffet ",38,17,4.6,"electric_scooter",1,"No","Metropolitan","Sandstorms","Medium",1,"N",15
25,"Buffet ",36,6,4.7,"scooter",1,"No","Urban","Sandstorms","Jam ",1,"N",15
21,"Snack ",25,12,4.6,"motorcycle",2,"No","Metropolitan","Sunny","High ",1,"N",5
17,"Meal ",27,23,4.6,"electric_scooter",2,"No","Metropolitan","Sunny","Jam ",1,"Y",10
13,"Drinks ",26,12,4.6,"motorcycle",1,"No","Metropolitan","Windy","Low ",0,"N",5
31,"Buffet ",38,2,4.2,"scooter",2,"No","Urban","Stormy","High",1,"Y",10
32,"Snack ",35,9,5,"motorcycle",0,"No","Semi-Urban","Sandstorms","Jam ",0,"N",15
14,"Drinks ",28,2,4.7,"scooter",2,"No","Metropolitan","Stormy","Low ",1,"N",15
15,"Meal ",32,18,4.1,"scooter",0,"No","Metropolitan","Windy","Low ",0,"Y",5
35,"Snack ",31,3,3.6,"scooter",1,"No","Metropolitan","Stormy","Jam ",0,"Y",5
13,"Snack ",25,23,4.6,"motorcycle",1,"No","Urban","Sunny","Jam ",1,"N",15
24,"Drinks ",26,13,4.9,"scooter",2,"No","Metropolitan","Sunny","Low ",1,"N",15
28,"Meal ",37,21,4.7,"scooter",2,"No","Metropolitan","Stormy","Jam ",1,"N",10
46,"Drinks ",20,12,4.7,"electric_scooter",0,"Yes","Metropolitan","Windy","High ",1,"N",10
44,"Drinks ",39,4,4.4,"electric_scooter",1,"No","Metropolitan","Fog","Jam ",2,"N",15
49,"Drinks ",29,8,4.9,"motorcycle",0,"Yes","Semi-Urban","Stormy","Jam ",2,"Y",15
15,"Snack ",25,18,4.8,"scooter",1,"No","Metropolitan","Windy","Low ",1,"N",15
25,"Buffet ",31,23,4.6,"motorcycle",1,"No","Metropolitan","Stormy","Medium",0,"N",5
38,"Drinks ",24,13,3.6,"electric_scooter",2,"No","Urban","Fog","Low ",1,"Y",15
16,"Buffet ",33,15,4.8,"motorcycle",1,"No","Urban","Cloudy","Low",1,"N",10
22,"Meal ",32,17,4.9,"motorcycle",1,"No","Semi-Urban","Stormy","Jam ",0,"N",15
18,"Snack ",36,23,4.6,"scooter",1,"No","Semi-Urban","Sunny","Low ",0,"Y",5
14,"Snack ",22,23,4.7,"motorcycle",0,"No","Urban","Stormy","Medium",0,"N",10
39,"Drinks ",39,9,4.9,"motorcycle",0,"No","Metropolitan","Fog","Medium",1,"N",10
30,"Buffet ",34,23,4.6,"scooter",1,"No","Metropolitan","Sandstorms","High ",0,"N",10
22,"Buffet ",35,23,4.9,"scooter",2,"No","Urban","Sunny","Medium",0,"N",10
14,"Drinks ",25,21,4.9,"scooter",1,"No","Metropolitan","Sunny","Jam ",0,"N",15
43,"Snack ",29,21,3.5,"motorcycle",2,"No","Urban","Sandstorms","Jam",1,"Y",5
20,"Buffet ",21,23,5,"scooter",0,"No","Semi-Urban","Windy","Low ",1,"N",10
37,"Drinks ",32,4,5,"electric_scooter",0,"No","Urban","Stormy","Medium",1,"N",5
19,"Meal ",28,23,4.5,"scooter",2,"No","Urban","Cloudy","Low",1,"N",15
14,"Meal ",36,15,4.8,"scooter",2,"No","Semi-Urban","Sunny","Jam",1,"N",10
12,"Snack ",32,18,5,"scooter",1,"No","Urban","Sunny","Jam",0,"Y",5
18,"Buffet ",28,21,5,"motorcycle",1,"No","Urban","Sandstorms","High",1,"N",5
13,"Buffet ",23,19,4.9,"electric_scooter",2,"No","Urban","Sandstorms","Low",0,"N",5
29,"Drinks ",34,23,4.9,"motorcycle",1,"No","Urban","Stormy","Low",1,"N",10
38,"Meal ",28,14,3.2,"electric_scooter",2,"No","Metropolitan","Sunny","Low ",1,"N",10
32,"Buffet ",32,7,4,"motorcycle",1,"No","Metropolitan","Cloudy","High ",1,"N",5
23,"Buffet ",22,4,4.9,"motorcycle",2,"No","Metropolitan","Sandstorms","Medium",1,"N",10
28,"Snack ",33,14,4.9,"scooter",1,"No","Semi-Urban","Windy","Jam ",1,"N",5
17,"Snack ",27,14,4.8,"scooter",1,"No","Semi-Urban","Fog","Medium",0,"Y",10
25,"Buffet ",34,13,4.7,"motorcycle",0,"No","Metropolitan","Windy","Low ",1,"N",5
39,"Buffet ",36,2,4,"motorcycle",0,"No","Metropolitan","Windy","Jam",1,"N",5
23,"Meal ",31,14,4.8,"motorcycle",1,"No","Metropolitan","Sunny","Jam ",1,"N",5
33,"Buffet ",37,6,4.2,"motorcycle",0,"No","Metropolitan","Stormy","Low ",0,"N",15
17,"Buffet ",25,15,4.8,"electric_scooter",2,"No","Semi-Urban","Sunny","Jam ",1,"N",5
22,"Buffet ",30,19,5,"electric_scooter",2,"No","Semi-Urban","Sandstorms","High ",1,"Y",5
16,"Meal ",36,12,4.8,"motorcycle",1,"No","Semi-Urban","Fog","Low ",1,"N",5
45,"Buffet ",23,16,4.6,"motorcycle",0,"No","Metropolitan","Sandstorms","Jam ",1,"Y",10
14,"Snack ",26,7,4.5,"scooter",1,"No","Metropolitan","Windy","Low ",1,"N",15
18,"Buffet ",24,6,4.5,"electric_scooter",0,"No","Metropolitan","Sandstorms","Medium",1,"N",5
34,"Buffet ",36,22,4.4,"motorcycle",0,"No","Metropolitan","Windy","Medium",1,"N",15
26,"Drinks ",25,21,4.9,"scooter",1,"No","Semi-Urban","Cloudy","Jam",1,"N",5
38,"Snack ",35,22,5,"motorcycle",0,"No","Metropolitan","Sunny","Medium",1,"Y",10
43,"Snack ",30,13,3.6,"scooter",2,"No","Metropolitan","Stormy","Jam ",1,"N",15
21,"Buffet ",36,15,5,"electric_scooter",2,"No","Metropolitan","Sandstorms","Low ",1,"N",10
31,"Buffet ",34,3,4.3,"motorcycle",0,"No","Urban","Sandstorms","Jam ",1,"N",5
44,"Buffet ",29,13,4.6,"motorcycle",0,"No","Metropolitan","Sunny","Jam ",1,"N",5
36,"Meal ",29,7,4.6,"motorcycle",0,"No","Metropolitan","Sandstorms","Jam ",1,"N",15
32,"Drinks ",35,15,3.7,"scooter",1,"No","Urban","Cloudy","Low ",1,"N",15
18,"Drinks ",27,12,4.8,"motorcycle",0,"No","Metropolitan","Fog","Low ",1,"N",10
18,"Meal ",30,4,4.7,"electric_scooter",2,"No","Urban","Stormy","Medium",0,"Y",5
29,"Snack ",39,5,4.1,"motorcycle",0,"No","Metropolitan","Stormy","Low ",1,"N",10
17,"Drinks ",24,3,4.5,"scooter",1,"No","Urban","Cloudy","Medium",0,"N",5
29,"Meal ",21,22,4.9,"electric_scooter",2,"No","Urban","Fog","Low ",1,"N",15
29,"Drinks ",24,1,4.5,"scooter",2,"No","Metropolitan","Stormy","Medium",1,"N",10
43,"Snack ",29,22,4.4,"scooter",2,"No","Metropolitan","Fog","Jam ",1,"N",15
15,"Buffet ",37,17,4.8,"motorcycle",2,"No","Urban","Sunny","Medium",0,"N",10
15,"Drinks ",33,15,4.8,"scooter",1,"No","Urban","Windy","Low",1,"N",5
28,"Drinks ",22,9,4.8,"motorcycle",1,"No","Urban","Fog","Low ",1,"Y",15
15,"Buffet ",24,12,4.7,"motorcycle",2,"No","Metropolitan","Stormy","High ",0,"N",10
16,"Buffet ",36,23,4.5,"motorcycle",1,"No","Metropolitan","Fog","Low ",1,"N",15
16,"Meal ",23,3,4.5,"electric_scooter",2,"No","Urban","Sandstorms","Medium",0,"N",15
19,"Drinks ",37,2,4.9,"scooter",1,"No","Urban","Sunny","Jam",1,"N",15
29,"Drinks ",27,7,4.6,"motorcycle",2,"No","Metropolitan","Windy","Low ",1,"N",5
21,"Meal ",37,23,4.8,"electric_scooter",1,"No","Metropolitan","Stormy","Medium",1,"N",10
15,"Snack ",21,22,4.7,"motorcycle",1,"No","Urban","Sandstorms","Low",0,"N",10
29,"Buffet ",27,18,5,"scooter",2,"No","Urban","Fog","Jam",1,"N",15
24,"Snack ",21,21,4.9,"electric_scooter",1,"No","Metropolitan","Sunny","Jam ",1,"N",15
26,"Drinks ",28,9,4.9,"motorcycle",0,"No","Semi-Urban","Sandstorms","High ",1,"N",15
21,"Snack ",28,9,4.6,"scooter",0,"No","Metropolitan","Sunny","Low ",1,"N",5
17,"Snack ",25,17,4.8,"motorcycle",2,"No","Urban","Stormy","Low",1,"N",15
16,"Snack ",22,22,4.9,"motorcycle",0,"No","Metropolitan","Sunny","Medium",0,"N",5
27,"Buffet ",21,21,4.6,"motorcycle",0,"No","Semi-Urban","Sunny","Low ",1,"N",10
36,"Meal ",39,14,4.8,"motorcycle",0,"No","Metropolitan","Stormy","Medium",1,"N",15
35,"Meal ",30,6,4,"motorcycle",0,"No","Urban","Sandstorms","Jam",1,"N",10
29,"Buffet ",32,2,4.7,"motorcycle",0,"No","Semi-Urban","Windy","Jam ",0,"Y",15
36,"Snack ",39,8,4.1,"motorcycle",0,"No","Metropolitan","Windy","Jam ",1,"N",10
20,"Snack ",23,16,4.9,"electric_scooter",2,"No","Semi-Urban","Sunny","Jam ",1,"N",10
16,"Buffet ",31,23,5,"motorcycle",2,"No","Metropolitan","Sandstorms","Low",0,"N",5
22,"Drinks ",21,16,4.6,"motorcycle",1,"No","Metropolitan","Sunny","High ",1,"N",15
24,"Snack ",20,9,4.7,"motorcycle",1,"No","Metropolitan","Stormy","Jam ",0,"N",5
44,"Snack ",26,21,4.7,"scooter",0,"No","Semi-Urban","Stormy","Jam ",2,"N",10
20,"Buffet ",30,23,4.5,"scooter",2,"No","Semi-Urban","Sandstorms","Low ",0,"N",5
26,"Drinks ",32,17,4.8,"electric_scooter",0,"No","Metropolitan","Sunny","Low ",1,"Y",15
21,"Snack ",31,17,4.6,"electric_scooter",2,"No","Metropolitan","Cloudy","Jam ",0,"N",15
27,"Meal ",39,21,4.9,"motorcycle",2,"No","Metropolitan","Stormy","Low ",1,"N",5
34,"Buffet ",29,17,4.5,"motorcycle",0,"No","Metropolitan","Fog","Medium",1,"Y",15
28,"Buffet ",35,19,4.6,"scooter",1,"No","Urban","Sandstorms","Jam",1,"Y",15
21,"Drinks ",39,22,4.8,"scooter",0,"No","Semi-Urban","Sunny","Jam ",0,"N",15
19,"Buffet ",26,4,4.5,"scooter",0,"No","Urban","Stormy","Low",0,"N",5
26,"Drinks ",22,2,4.6,"motorcycle",1,"No","Metropolitan","Sandstorms","Medium",0,"N",5
24,"Drinks ",21,19,4.6,"motorcycle",0,"No","Semi-Urban","Fog","Low ",1,"N",15
37,"Drinks ",37,23,4.9,"motorcycle",0,"No","Metropolitan","Cloudy","Medium",1,"N",5
40,"Snack ",33,11,4.7,"scooter",1,"No","Metropolitan","Cloudy","Jam ",1,"N",15
31,"Drinks ",24,9,4.6,"motorcycle",1,"No","Metropolitan","Fog","Medium",1,"N",5
19,"Snack ",23,19,4.7,"electric_scooter",1,"No","Metropolitan","Sunny","Jam ",0,"Y",5
20,"Snack ",25,9,4.2,"scooter",0,"No","Metropolitan","Windy","Low ",1,"N",15
34,"Snack ",20,3,4.8,"electric_scooter",2,"No","Semi-Urban","Fog","High ",0,"Y",5
38,"Snack ",31,5,4.4,"motorcycle",0,"No","Urban","Stormy","Medium",1,"N",15
26,"Buffet ",21,23,4.6,"scooter",0,"No","Metropolitan","Sunny","Medium",1,"Y",10
24,"Snack ",31,5,4.1,"electric_scooter",0,"No","Metropolitan","Windy","Low ",1,"Y",10
50,"Drinks ",33,14,4.9,"electric_scooter",0,"No","Metropolitan","Fog","Jam ",1,"N",15
29,"Meal ",30,15,4.5,"scooter",1,"No","Metropolitan","Sandstorms","Jam ",1,"Y",10
18,"Meal ",39,15,4.7,"motorcycle",1,"No","Urban","Stormy","Low",1,"Y",10
30,"Buffet ",29,19,4.6,"motorcycle",1,"No","Urban","Windy","High",1,"N",5
35,"Drinks ",23,16,4.9,"scooter",1,"No","Metropolitan","Cloudy","Jam ",1,"Y",15
37,"Snack ",20,12,4.1,"scooter",0,"No","Semi-Urban","Sandstorms","Jam ",1,"Y",5
17,"Buffet ",20,8,4.9,"electric_scooter",2,"No","Semi-Urban","Sunny","Medium",0,"N",5
27,"Snack ",33,5,4.7,"scooter",2,"No","Metropolitan","Fog","High ",0,"N",15
13,"Meal ",31,22,4.7,"motorcycle",1,"No","Metropolitan","Sunny","Medium",0,"N",10
23,"Buffet ",37,16,4.8,"motorcycle",0,"No","Metropolitan","Fog","Low ",0,"N",10
35,"Snack ",39,19,4.6,"motorcycle",0,"No","Metropolitan","Windy","Jam ",1,"N",5
26,"Snack ",39,21,5,"scooter",0,"No","Urban","Stormy","Medium",1,"Y",5
31,"Snack ",35,5,4.3,"scooter",1,"No","Urban","Fog","Jam",1,"Y",15
35,"Buffet ",28,21,4.8,"scooter",1,"No","Metropolitan","Cloudy","Medium",0,"N",10
22,"Drinks ",29,12,5,"electric_scooter",1,"No","Metropolitan","Cloudy","Low ",1,"N",15
28,"Meal ",25,12,4.6,"motorcycle",0,"No","Urban","Stormy","Low ",0,"Y",15
37,"Snack ",22,23,4.3,"electric_scooter",2,"No","Urban","Fog","High ",1,"Y",5
23,"Meal ",28,13,4.8,"motorcycle",2,"No","Metropolitan","Sunny","Jam ",1,"Y",10
53,"Snack ",33,5,4.7,"motorcycle",0,"Yes","Metropolitan","Cloudy","Jam ",1,"N",15
20,"Meal ",35,23,4.9,"motorcycle",0,"No","Metropolitan","Fog","Low ",1,"Y",10
26,"Meal ",26,15,4.6,"motorcycle",1,"No","Metropolitan","Fog","Jam ",1,"Y",5
22,"Meal ",28,23,4.9,"electric_scooter",2,"No","Metropolitan","Windy","Medium",0,"N",5
24,"Meal ",21,16,4.7,"scooter",2,"No","Urban","Cloudy","High",0,"N",10
29,"Drinks ",24,16,4.5,"motorcycle",1,"No","Metropolitan","Sandstorms","Low ",1,"N",15
22,"Drinks ",27,3,4.6,"motorcycle",0,"No","Metropolitan","Sandstorms","Low ",1,"N",5
19,"Drinks ",34,19,4.8,"motorcycle",1,"No","Metropolitan","Sunny","Medium",0,"N",5
20,"Snack ",26,23,5,"motorcycle",0,"No","Metropolitan","Sandstorms","Low ",1,"N",20
29,"Snack ",23,3,4.1,"scooter",0,"No","Metropolitan","Sandstorms","Low ",1,"Y",10
37,"Buffet ",36,19,4.7,"motorcycle",0,"No","Semi-Urban","Windy","Jam",1,"N",5
41,"Drinks ",36,9,4,"electric_scooter",0,"No","Metropolitan","Windy","Jam ",1,"N",5
30,"Drinks ",34,13,4.2,"electric_scooter",0,"No","Semi-Urban","Stormy","Low ",0,"Y",10
42,"Buffet ",28,5,5,"motorcycle",1,"No","Metropolitan","Cloudy","Jam ",1,"N",15
23,"Drinks ",31,16,4.9,"scooter",0,"No","Metropolitan","Cloudy","Jam ",1,"Y",15
20,"Meal ",36,21,4.6,"motorcycle",2,"No","Metropolitan","Stormy","Low ",1,"N",15
29,"Snack ",26,1,4.5,"motorcycle",1,"No","Urban","Cloudy","Jam",1,"N",15
39,"Buffet ",29,3,3.5,"motorcycle",1,"No","Metropolitan","Stormy","Jam ",2,"Y",10
19,"Snack ",39,9,5,"motorcycle",2,"No","Semi-Urban","Sunny","Jam ",1,"Y",15
39,"Meal ",27,15,4.7,"motorcycle",0,"No","Metropolitan","Stormy","Jam ",0,"Y",15
37,"Meal ",22,5,4.8,"motorcycle",0,"No","Metropolitan","Stormy","Jam ",1,"N",5
15,"Meal ",32,15,4.6,"scooter",2,"No","Urban","Fog","Medium",0,"Y",5
28,"Snack ",33,8,4.7,"scooter",2,"No","Metropolitan","Sandstorms","Medium",0,"N",10
11,"Snack ",20,19,5,"motorcycle",2,"No","Urban","Sunny","Medium",0,"N",15
24,"Drinks ",20,9,4.7,"motorcycle",1,"No","Metropolitan","Sunny","Jam ",1,"N",10
44,"Drinks ",24,19,4.4,"motorcycle",1,"Yes","Metropolitan","Fog","Jam ",1,"N",10
11,"Drinks ",20,4,4.9,"electric_scooter",1,"No","Urban","Stormy","Low ",0,"N",5
26,"Snack ",26,3,4.9,"motorcycle",0,"No","Metropolitan","Stormy","High ",1,"N",5
15,"Snack ",24,16,4.7,"scooter",2,"No","Urban","Fog","Medium",0,"N",5
14,"Snack ",26,19,4.6,"scooter",1,"No","Urban","Sunny","Jam",1,"N",5
28,"Snack ",37,3,4.7,"scooter",2,"No","Semi-Urban","Windy","Medium",0,"N",15
20,"Drinks ",29,9,4.6,"motorcycle",0,"No","Metropolitan","Fog","High ",1,"N",10
21,"Drinks ",26,13,4.9,"electric_scooter",0,"No","Metropolitan","Sunny","Low ",1,"N",5
25,"Meal ",20,17,4.6,"motorcycle",0,"No","Metropolitan","Sunny","High ",1,"N",10
21,"Buffet ",23,15,4.7,"motorcycle",1,"No","Urban","Sunny","Jam",0,"Y",10
18,"Snack ",29,15,5,"motorcycle",1,"No","Metropolitan","Sunny","Jam",1,"Y",15
32,"Snack ",30,4,4.2,"scooter",1,"No","Metropolitan","Stormy","Medium",1,"N",10
30,"Buffet ",24,6,4.6,"scooter",2,"No","Metropolitan","Stormy","Medium",1,"N",5
29,"Drinks ",24,18,5,"motorcycle",1,"No","Metropolitan","Windy","Low",1,"N",5
16,"Snack ",23,15,4.5,"scooter",2,"No","Urban","Sunny","Jam",1,"N",5
18,"Buffet ",39,23,4.6,"electric_scooter",1,"No","Metropolitan","Cloudy","Medium",0,"N",5
28,"Buffet ",39,19,4.7,"scooter",2,"No","Metropolitan","Windy","Jam ",1,"N",15
42,"Meal ",27,1,4.4,"motorcycle",0,"No","Urban","Stormy","Jam",1,"N",15
26,"Snack ",35,9,5,"scooter",2,"No","Metropolitan","Stormy","Low ",0,"N",5
29,"Drinks ",26,12,4.6,"electric_scooter",0,"No","Metropolitan","Stormy","Jam ",1,"Y",10
22,"Buffet ",26,15,4.5,"motorcycle",2,"No","Metropolitan","Sandstorms","Medium",1,"N",10
21,"Meal ",24,18,4.7,"motorcycle",0,"No","Metropolitan","Windy","Medium",1,"N",10
22,"Meal ",22,16,4.9,"scooter",1,"No","Urban","Sunny","Low",0,"N",15
43,"Meal ",24,13,4.3,"motorcycle",0,"No","Metropolitan","Windy","Medium",1,"N",15
38,"Meal ",32,15,4.9,"motorcycle",0,"No","Semi-Urban","Windy","High ",0,"Y",10
28,"Drinks ",38,3,4.1,"scooter",0,"No","Urban","Windy","Low",0,"N",10
12,"Snack ",35,9,4.5,"motorcycle",2,"No","Urban","Stormy","High ",1,"Y",5
24,"Meal ",29,21,4.8,"scooter",0,"No","Metropolitan","Windy","Jam ",1,"N",5
21,"Drinks ",23,3,4.7,"motorcycle",0,"No","Urban","Windy","Medium",1,"N",5
33,"Snack ",25,10,4,"motorcycle",0,"No","Metropolitan","Sandstorms","High ",0,"N",15
22,"Drinks ",30,22,4.6,"motorcycle",2,"No","Metropolitan","Sunny","Jam",0,"N",5
38,"Meal ",28,21,4.9,"electric_scooter",0,"No","Metropolitan","Fog","Jam",1,"Y",10
35,"Drinks ",36,2,4.2,"motorcycle",2,"No","Metropolitan","Cloudy","Medium",1,"N",15
15,"Buffet ",20,9,4.9,"scooter",1,"No","Metropolitan","Sunny","Medium",0,"N",5
30,"Buffet ",36,17,4.7,"electric_scooter",2,"No","Urban","Fog","Jam",0,"N",5
33,"Meal ",27,7,4.2,"scooter",1,"No","Metropolitan","Fog","High ",1,"N",15
22,"Meal ",37,22,4.5,"electric_scooter",1,"No","Semi-Urban","Sunny","Medium",1,"N",15
39,"Buffet ",22,15,3.5,"scooter",2,"No","Semi-Urban","Stormy","Medium",2,"N",5
15,"Snack ",37,9,5,"scooter",2,"No","Metropolitan","Sunny","High ",1,"N",5
28,"Meal ",38,22,4.9,"scooter",1,"No","Metropolitan","Windy","Jam ",1,"N",10
20,"Meal ",22,22,4.8,"scooter",1,"No","Semi-Urban","Stormy","High ",1,"N",5
26,"Drinks ",22,23,4.7,"motorcycle",2,"No","Metropolitan","Stormy","High ",1,"N",10
20,"Buffet ",23,4,5,"scooter",1,"No","Metropolitan","Stormy","Low ",1,"Y",15
39,"Snack ",24,18,4.6,"motorcycle",0,"No","Urban","Sandstorms","Jam ",2,"Y",15
27,"Snack ",25,19,4.9,"electric_scooter",2,"No","Metropolitan","Windy","Jam ",1,"N",15
39,"Meal ",38,19,3.8,"scooter",1,"No","Metropolitan","Cloudy","Low ",1,"N",15
25,"Snack ",20,8,4.6,"scooter",1,"No","Metropolitan","Fog","Low ",1,"N",10
23,"Meal ",35,3,4.5,"motorcycle",2,"No","Metropolitan","Stormy","High ",1,"N",10
20,"Drinks ",35,23,4.9,"motorcycle",0,"No","Urban","Sunny","Jam ",1,"N",10
49,"Snack ",32,6,4.2,"scooter",1,"No","Metropolitan","Cloudy","Jam ",1,"N",15
34,"Buffet ",27,16,4.2,"electric_scooter",2,"No","Urban","Cloudy","Jam",0,"N",10
20,"Drinks ",39,22,4.7,"scooter",2,"No","Metropolitan","Sunny","Low ",1,"N",5
26,"Buffet ",31,13,4.6,"scooter",2,"No","Metropolitan","Sunny","Medium",0,"Y",15
15,"Buffet ",33,21,4.6,"electric_scooter",2,"No","Metropolitan","Windy","Low ",1,"N",5
15,"Buffet ",22,18,4.7,"electric_scooter",2,"No","Urban","Fog","Medium",0,"N",5
20,"Drinks ",39,17,4.8,"motorcycle",0,"No","Metropolitan","Sunny","Jam ",1,"Y",10
16,"Meal ",24,16,5,"motorcycle",1,"No","Metropolitan","Stormy","Medium",1,"N",10
23,"Buffet ",37,22,4.6,"motorcycle",0,"No","Metropolitan","Cloudy","Medium",0,"N",10
39,"Buffet ",26,9,4.2,"motorcycle",2,"No","Metropolitan","Fog","Jam ",0,"N",15
41,"Buffet ",21,23,4.5,"scooter",1,"No","Metropolitan","Windy","Jam ",2,"Y",5
29,"Snack ",38,23,4.9,"scooter",2,"No","Urban","Stormy","Medium",1,"N",10
28,"Snack ",34,13,4.2,"electric_scooter",0,"No","Metropolitan","Sandstorms","Low ",0,"N",10
22,"Buffet ",30,19,4.6,"electric_scooter",0,"No","Semi-Urban","Fog","Low ",1,"Y",5
26,"Drinks ",22,21,4.8,"electric_scooter",1,"No","Metropolitan","Stormy","Low ",1,"Y",10
14,"Drinks ",22,3,4.5,"motorcycle",2,"No","Urban","Sandstorms","Jam",1,"Y",15
25,"Meal ",28,15,4.9,"motorcycle",0,"No","Metropolitan","Windy","Low ",1,"N",5
27,"Drinks ",32,19,4.7,"scooter",1,"No","Metropolitan","Stormy","High ",1,"N",15
16,"Meal ",22,15,4.9,"motorcycle",0,"No","Metropolitan","Sandstorms","Medium",1,"Y",15
12,"Snack ",30,16,4.6,"scooter",2,"No","Metropolitan","Sunny","Medium",1,"N",10
28,"Drinks ",37,18,4.6,"scooter",1,"No","Metropolitan","Windy","Jam ",1,"Y",15
20,"Drinks ",25,8,4.5,"motorcycle",0,"No","Metropolitan","Stormy","Low ",1,"N",15
27,"Drinks ",29,21,4.8,"motorcycle",0,"No","Metropolitan","Fog","High ",1,"N",5
25,"Buffet ",38,3,4.6,"scooter",2,"No","Metropolitan","Sunny","Low ",1,"N",15
32,"Drinks ",20,11,4,"motorcycle",0,"No","Metropolitan","Sandstorms","Medium",1,"N",5
32,"Drinks ",39,19,4.9,"scooter",2,"No","Metropolitan","Windy","High ",0,"Y",15
28,"Meal ",20,12,4.8,"motorcycle",0,"No","Metropolitan","Stormy","Medium",1,"N",5
36,"Drinks ",37,21,5,"scooter",2,"No","Semi-Urban","Cloudy","Jam ",1,"N",5
54,"Snack ",26,18,4.9,"scooter",0,"No","Semi-Urban","Cloudy","Jam ",1,"Y",5
23,"Buffet ",23,19,4.8,"motorcycle",1,"No","Metropolitan","Stormy","Medium",1,"Y",15
33,"Buffet ",31,22,4.4,"motorcycle",0,"No","Metropolitan","Stormy","Jam ",1,"Y",15
32,"Drinks ",26,22,4.4,"scooter",2,"No","Metropolitan","Fog","Medium",0,"N",10
26,"Meal ",26,23,4.8,"motorcycle",0,"No","Metropolitan","Sandstorms","Low ",1,"N",25
15,"Meal ",33,7,4.8,"scooter",2,"No","Metropolitan","Stormy","Jam ",0,"N",5
15,"Drinks ",24,16,4.9,"scooter",2,"No","Urban","Cloudy","Low ",1,"N",25
12,"Buffet ",31,21,4.9,"scooter",2,"No","Urban","Fog","Low",0,"N",5
22,"Snack ",33,22,4.9,"motorcycle",0,"No","Urban","Cloudy","Low ",1,"N",15
29,"Drinks ",26,22,4.8,"scooter",2,"No","Urban","Stormy","Jam ",1,"N",10
25,"Meal ",21,9,4.8,"motorcycle",1,"No","Metropolitan","Stormy","Jam ",1,"N",15
25,"Meal ",25,15,4.8,"electric_scooter",2,"No","Metropolitan","Sandstorms","High ",0,"Y",5
25,"Snack ",23,2,4.8,"electric_scooter",2,"No","Semi-Urban","Sandstorms","Jam ",1,"N",10
26,"Meal ",35,16,4.9,"motorcycle",2,"No","Semi-Urban","Cloudy","Medium",1,"N",10
29,"Buffet ",27,13,4.9,"scooter",1,"No","Metropolitan","Windy","Low ",1,"N",10
23,"Meal ",25,15,5,"scooter",2,"No","Urban","Sunny","Jam",0,"N",5
21,"Snack ",33,18,4.6,"motorcycle",0,"No","Semi-Urban","Windy","Medium",1,"Y",5
16,"Drinks ",35,9,4.6,"scooter",1,"No","Metropolitan","Fog","Medium",1,"N",15
30,"Meal ",23,16,4.6,"motorcycle",1,"No","Metropolitan","Sandstorms","Medium",1,"Y",15
24,"Meal ",21,17,4.9,"motorcycle",2,"No","Urban","Stormy","Low",1,"Y",15
15,"Snack ",23,23,4.5,"motorcycle",2,"No","Metropolitan","Fog","Medium",1,"N",5
19,"Snack ",34,16,4.9,"motorcycle",2,"No","Metropolitan","Sunny","Jam",1,"N",15
53,"Snack ",33,5,4.7,"motorcycle",0,"Yes","Metropolitan","Cloudy","Jam ",1,"N",15
42,"Drinks ",20,3,5,"scooter",2,"No","Metropolitan","Cloudy","Jam ",2,"N",5
21,"Buffet ",20,23,4.7,"scooter",2,"No","Urban","Stormy","Low",1,"Y",15
17,"Snack ",32,12,4.7,"motorcycle",0,"No","Metropolitan","Windy","Medium",1,"Y",5
19,"Meal ",22,7,5,"scooter",1,"No","Metropolitan","Windy","Low ",0,"N",5
22,"Drinks ",39,6,4.8,"motorcycle",0,"No","Urban","Sunny","Low ",1,"N",5
12,"Snack ",31,4,4.6,"scooter",1,"No","Metropolitan","Windy","High",0,"N",5
23,"Drinks ",25,13,4.5,"motorcycle",1,"No","Metropolitan","Stormy","Low ",0,"N",10
27,"Meal ",23,6,4.6,"motorcycle",2,"No","Metropolitan","Sandstorms","Medium",1,"N",5
30,"Snack ",28,23,4.7,"motorcycle",1,"No","Urban","Stormy","High",1,"Y",15
47,"Buffet ",36,13,4.6,"motorcycle",0,"Yes","Semi-Urban","Sunny","Jam ",1,"Y",10
15,"Drinks ",22,14,4.5,"scooter",1,"No","Metropolitan","Cloudy","Low ",1,"N",5
17,"Drinks ",22,23,4.6,"motorcycle",2,"No","Metropolitan","Fog","Low ",0,"Y",5
41,"Snack ",22,2,4.1,"scooter",1,"No","Metropolitan","Fog","Jam ",1,"N",15
16,"Buffet ",32,12,4.6,"electric_scooter",2,"No","Metropolitan","Fog","Low ",1,"N",15
29,"Buffet ",35,11,4.2,"motorcycle",0,"No","Semi-Urban","Stormy","Low ",1,"N",10
26,"Buffet ",24,14,4.6,"scooter",1,"No","Urban","Fog","High ",1,"N",15
18,"Meal ",33,22,4.6,"scooter",1,"No","Urban","Sunny","Low",0,"N",10
29,"Meal ",26,6,5,"motorcycle",1,"No","Metropolitan","Stormy","Low ",0,"N",5
39,"Drinks ",26,7,4.6,"electric_scooter",0,"No","Semi-Urban","Cloudy","Jam ",1,"N",15
44,"Snack ",31,18,4.7,"motorcycle",0,"No","Metropolitan","Fog","Medium",3,"N",5
18,"Buffet ",25,2,4.6,"scooter",1,"No","Metropolitan","Sunny","Medium",1,"Y",5
23,"Meal ",33,16,4.7,"motorcycle",0,"No","Metropolitan","Cloudy","Low ",1,"Y",10
25,"Meal ",20,12,4.7,"scooter",1,"No","Metropolitan","Stormy","Low ",1,"N",10
30,"Drinks ",26,11,4.9,"scooter",2,"No","Metropolitan","Fog","Medium",0,"N",10
18,"Drinks ",22,15,4.8,"electric_scooter",2,"No","Urban","Cloudy","Low",1,"Y",5
17,"Snack ",28,23,4.9,"motorcycle",1,"No","Metropolitan","Windy","Jam ",1,"N",10
16,"Drinks ",39,18,5,"motorcycle",2,"No","Urban","Sunny","Low ",0,"N",15
22,"Meal ",22,14,5,"motorcycle",0,"No","Semi-Urban","Sunny","Jam ",1,"N",5
25,"Meal ",22,18,4.7,"scooter",1,"No","Metropolitan","Stormy","Medium",1,"Y",10
20,"Snack ",35,19,4.7,"electric_scooter",0,"No","Urban","Cloudy","Jam",0,"N",10
25,"Meal ",29,18,4.7,"motorcycle",1,"No","Semi-Urban","Sunny","Low ",1,"N",10
20,"Meal ",34,4,4.6,"scooter",2,"No","Semi-Urban","Fog","High ",0,"N",15
18,"Snack ",24,19,4.5,"scooter",1,"No","Metropolitan","Sunny","Jam ",0,"N",5
29,"Meal ",36,16,4.6,"scooter",0,"No","Metropolitan","Sunny","Low ",1,"N",10
20,"Drinks ",32,5,4.8,"electric_scooter",1,"No","Urban","Fog","Jam ",1,"N",5
27,"Snack ",35,16,4.6,"scooter",1,"No","Semi-Urban","Sandstorms","Low ",0,"N",15
20,"Meal ",35,13,4.9,"scooter",0,"No","Metropolitan","Sandstorms","Low ",1,"N",5
19,"Drinks ",20,23,4.7,"motorcycle",1,"No","Semi-Urban","Sunny","Jam",0,"Y",15
35,"Snack ",28,4,4.9,"scooter",1,"No","Metropolitan","Fog","Jam ",1,"N",10
12,"Snack ",29,22,5,"scooter",1,"No","Urban","Sunny","Low",1,"N",5
17,"Snack ",26,3,4.9,"scooter",1,"No","Urban","Sandstorms","Low",0,"N",15
24,"Buffet ",39,23,4.9,"motorcycle",0,"No","Metropolitan","Cloudy","Medium",1,"N",5
26,"Buffet ",24,18,4.5,"electric_scooter",2,"No","Metropolitan","Stormy","Low ",1,"N",10
24,"Buffet ",28,14,4.8,"motorcycle",0,"No","Metropolitan","Sandstorms","Low ",1,"N",10
26,"Drinks ",39,21,4.7,"scooter",2,"No","Semi-Urban","Fog","Medium",0,"N",10
39,"Meal ",32,17,4.4,"scooter",1,"No","Semi-Urban","Windy","Jam ",2,"N",10
37,"Drinks ",26,9,4.9,"motorcycle",2,"No","Semi-Urban","Cloudy","Medium",0,"Y",5
23,"Snack ",22,16,4.8,"electric_scooter",1,"No","Metropolitan","Sunny","Low ",1,"Y",10
27,"Meal ",32,8,4.8,"electric_scooter",2,"No","Semi-Urban","Sandstorms","Low ",1,"N",15
10,"Snack ",36,16,4.9,"scooter",2,"No","Metropolitan","Sandstorms","Low ",0,"N",10
19,"Snack ",30,15,5,"motorcycle",1,"No","Metropolitan","Sunny","Low ",0,"N",10
38,"Drinks ",29,4,4.2,"motorcycle",0,"No","Metropolitan","Stormy","High",1,"N",15
19,"Snack ",34,18,4.9,"electric_scooter",0,"No","Urban","Sunny","Low ",1,"N",15
35,"Meal ",29,1,4.2,"scooter",1,"No","Metropolitan","Cloudy","Low ",0,"N",15
38,"Buffet ",34,13,4.9,"scooter",1,"No","Metropolitan","Fog","Medium",0,"N",10
25,"Snack ",20,2,4.9,"motorcycle",0,"No","Urban","Windy","Medium",0,"N",5
40,"Snack ",31,9,4.4,"motorcycle",2,"No","Metropolitan","Sandstorms","Medium",1,"N",5
26,"Snack ",21,23,5,"motorcycle",0,"No","Urban","Sandstorms","Medium",1,"N",10
20,"Buffet ",21,4,4.6,"electric_scooter",2,"No","Semi-Urban","Windy","Medium",0,"N",10
44,"Drinks ",26,21,4.6,"electric_scooter",1,"No","Urban","Fog","Jam",1,"N",5
44,"Buffet ",29,3,4.3,"electric_scooter",2,"No","Semi-Urban","Cloudy","Jam ",0,"N",5
49,"Meal ",33,1,4.2,"scooter",2,"No","Urban","Stormy","Jam ",2,"N",10
27,"Meal ",39,16,4.9,"scooter",2,"No","Urban","Cloudy","Jam",1,"N",10
52,"Meal ",29,1,4.3,"motorcycle",0,"Yes","Metropolitan","Sandstorms","Jam ",1,"N",5
19,"Drinks ",21,13,4.7,"electric_scooter",2,"No","Urban","Windy","High ",1,"N",15
11,"Drinks ",31,23,4.6,"scooter",1,"No","Urban","Windy","High",1,"Y",10
46,"Snack ",35,8,4.5,"scooter",0,"No","Metropolitan","Sunny","Jam ",1,"N",5
33,"Meal ",24,23,4.7,"scooter",1,"No","Metropolitan","Stormy","Medium",1,"N",10
45,"Snack ",33,7,4.8,"motorcycle",2,"No","Metropolitan","Fog","Jam ",2,"N",15
42,"Meal ",38,15,4.1,"scooter",1,"No","Urban","Sandstorms","Jam",1,"N",5
39,"Snack ",35,2,5,"motorcycle",1,"No","Urban","Fog","Medium",0,"N",5
32,"Meal ",29,5,5,"motorcycle",2,"No","Metropolitan","Windy","Jam ",1,"N",10
46,"Snack ",25,8,4.1,"scooter",0,"No","Metropolitan","Sunny","High ",3,"N",15
18,"Meal ",24,4,4,"motorcycle",0,"No","Semi-Urban","Sandstorms","Low",1,"N",5
39,"Drinks ",30,5,4.4,"scooter",1,"No","Urban","Fog","Medium",1,"Y",5
29,"Meal ",30,18,4.8,"motorcycle",0,"No","Metropolitan","Windy","Jam ",1,"Y",15
18,"Buffet ",38,6,4.5,"motorcycle",0,"No","Urban","Fog","Low",1,"N",5
29,"Meal ",37,17,4.9,"scooter",2,"No","Metropolitan","Windy","Low ",0,"N",5
23,"Snack ",36,15,4.6,"motorcycle",0,"No","Urban","Sunny","Low",0,"N",10
33,"Drinks ",36,12,4.6,"scooter",1,"No","Metropolitan","Sandstorms","High ",1,"N",15
23,"Buffet ",25,13,5,"scooter",1,"No","Semi-Urban","Stormy","Medium",1,"Y",10
46,"Buffet ",29,8,4.9,"electric_scooter",0,"No","Metropolitan","Stormy","Jam ",0,"N",5
23,"Meal ",22,23,4.3,"electric_scooter",0,"No","Metropolitan","Windy","Low ",0,"N",15
33,"Meal ",35,3,4.4,"motorcycle",1,"No","Metropolitan","Stormy","Medium",0,"N",10
27,"Snack ",20,18,5,"scooter",0,"No","Urban","Fog","Low",1,"Y",5
36,"Snack ",23,9,4.1,"electric_scooter",2,"No","Metropolitan","Cloudy","Medium",1,"Y",10
21,"Buffet ",36,21,4.5,"motorcycle",0,"No","Semi-Urban","Sandstorms","Medium",0,"N",5
15,"Drinks ",30,17,4.9,"electric_scooter",2,"No","Metropolitan","Stormy","Jam ",0,"N",10
42,"Drinks ",33,8,4.9,"motorcycle",0,"No","Urban","Fog","Jam ",1,"N",5
30,"Meal ",24,21,4.6,"motorcycle",1,"No","Semi-Urban","Sandstorms","Jam",1,"N",10
38,"Drinks ",38,22,4.5,"scooter",2,"No","Urban","Stormy","Jam",1,"N",15
22,"Drinks ",36,23,4.8,"electric_scooter",1,"No","Semi-Urban","Sunny","Jam ",1,"N",15
29,"Snack ",32,1,4.5,"motorcycle",0,"No","Urban","Stormy","Low",1,"N",10
26,"Buffet ",38,4,4.5,"scooter",1,"No","Semi-Urban","Stormy","Medium",1,"N",15
32,"Drinks ",32,13,3.6,"electric_scooter",2,"No","Urban","Sunny","Jam ",0,"Y",15
18,"Snack ",27,15,4.7,"scooter",2,"No","Semi-Urban","Stormy","Jam",0,"N",10
36,"Meal ",37,4,4,"motorcycle",0,"No","Metropolitan","Windy","Jam",1,"Y",15
30,"Drinks ",22,11,4.8,"motorcycle",1,"No","Metropolitan","Stormy","High ",0,"N",5
15,"Meal ",29,3,4.5,"scooter",2,"No","Urban","Windy","Low",1,"N",5
43,"Meal ",33,5,5,"motorcycle",0,"No","Metropolitan","Sandstorms","Jam ",1,"N",15
12,"Meal ",38,15,4.6,"electric_scooter",2,"No","Urban","Cloudy","Low",1,"N",15
24,"Snack ",27,22,4.7,"scooter",1,"No","Urban","Stormy","Medium",1,"N",15
31,"Buffet ",34,8,4.4,"motorcycle",1,"No","Metropolitan","Fog","Medium",1,"N",10
35,"Snack ",24,2,4.9,"motorcycle",0,"No","Semi-Urban","Stormy","Low ",1,"Y",10
15,"Drinks ",23,23,4.9,"electric_scooter",0,"No","Metropolitan","Stormy","Low ",1,"Y",10
30,"Buffet ",25,16,4.8,"motorcycle",2,"No","Urban","Sandstorms","Medium",1,"N",5
19,"Meal ",33,21,4.8,"scooter",0,"No","Metropolitan","Sunny","Low ",1,"N",10
22,"Meal ",33,17,4.8,"motorcycle",0,"No","Urban","Sunny","Low",1,"N",10
18,"Drinks ",28,4,4.7,"motorcycle",2,"No","Urban","Stormy","Jam",0,"N",5
25,"Meal ",38,21,4.9,"motorcycle",2,"No","Semi-Urban","Windy","Medium",1,"N",10
29,"Drinks ",26,2,4.7,"motorcycle",1,"No","Metropolitan","Windy","Jam ",1,"Y",10
38,"Drinks ",38,9,4.3,"scooter",1,"No","Metropolitan","Sandstorms","Medium",1,"N",10
38,"Snack ",29,18,4.6,"scooter",0,"No","Metropolitan","Sunny","Jam ",1,"N",5
10,"Snack ",32,18,4.6,"scooter",1,"No","Urban","Fog","Low",0,"Y",5
30,"Buffet ",32,7,4.9,"scooter",1,"No","Semi-Urban","Stormy","Jam ",0,"N",15
27,"Buffet ",32,22,4.6,"electric_scooter",2,"No","Metropolitan","Windy","Medium",1,"N",10
16,"Snack ",34,15,4.7,"motorcycle",2,"No","Urban","Sandstorms","Medium",1,"N",5
24,"Buffet ",26,9,4.7,"electric_scooter",2,"No","Metropolitan","Sunny","Jam ",0,"N",10
19,"Meal ",25,23,4.8,"motorcycle",2,"No","Metropolitan","Cloudy","Medium",1,"N",5
34,"Snack ",30,3,3.9,"electric_scooter",2,"No","Metropolitan","Sandstorms","Jam ",1,"N",5
34,"Snack ",39,11,4.7,"scooter",1,"No","Metropolitan","Stormy","High ",1,"N",10
32,"Meal ",38,8,4.1,"scooter",0,"No","Metropolitan","Stormy","High ",1,"N",10
17,"Drinks ",39,9,4.6,"scooter",2,"No","Metropolitan","Stormy","Low ",1,"N",15
28,"Buffet ",32,2,4.6,"motorcycle",0,"No","Semi-Urban","Windy","Jam ",1,"N",5
26,"Drinks ",33,16,4.7,"electric_scooter",1,"No","Urban","Sandstorms","Jam",1,"Y",15
37,"Drinks ",28,9,4.2,"motorcycle",1,"No","Semi-Urban","Cloudy","Jam ",1,"N",5
35,"Snack ",31,18,4.9,"motorcycle",0,"No","Metropolitan","Fog","Jam ",0,"N",15
25,"Meal ",38,23,4.7,"scooter",2,"No","Metropolitan","Sunny","Low ",1,"N",15
26,"Drinks ",27,17,4.5,"scooter",2,"No","Metropolitan","Stormy","Jam ",1,"N",10
33,"Meal ",32,6,4.1,"scooter",2,"No","Metropolitan","Windy","Medium",0,"Y",5
32,"Buffet ",22,15,4.8,"motorcycle",0,"No","Urban","Sandstorms","High",1,"N",10
48,"Drinks ",29,1,4.4,"electric_scooter",0,"No","Metropolitan","Windy","Jam ",1,"N",15
41,"Drinks ",21,6,4.3,"electric_scooter",2,"No","Metropolitan","Stormy","Jam ",0,"N",5
27,"Drinks ",22,21,4.7,"scooter",2,"No","Semi-Urban","Windy","Medium",1,"N",15
32,"Buffet ",26,23,4.3,"scooter",2,"No","Semi-Urban","Cloudy","Jam ",0,"N",15
15,"Meal ",27,17,4.5,"motorcycle",1,"No","Urban","Sunny","Jam ",1,"N",15
49,"Snack ",39,9,4.7,"motorcycle",0,"Yes","Metropolitan","Sandstorms","High ",1,"N",5
40,"Snack ",31,8,4.2,"electric_scooter",1,"No","Semi-Urban","Cloudy","Jam ",1,"N",15
22,"Drinks ",34,16,4.6,"motorcycle",2,"No","Urban","Sunny","High",1,"Y",15
15,"Snack ",22,3,4.8,"scooter",1,"No","Metropolitan","Sunny","Medium",0,"N",5
27,"Drinks ",34,6,4.8,"scooter",1,"No","Metropolitan","Fog","Jam ",1,"N",10
37,"Meal ",28,7,4.4,"scooter",1,"No","Metropolitan","Fog","Medium",1,"N",15
19,"Drinks ",25,9,4.5,"motorcycle",2,"No","Metropolitan","Fog","Low ",1,"N",10
23,"Meal ",38,19,4.9,"electric_scooter",2,"No","Metropolitan","Windy","Medium",1,"Y",5
24,"Meal ",20,13,4.9,"scooter",1,"No","Metropolitan","Sandstorms","High ",1,"N",10
25,"Drinks ",28,7,4.2,"motorcycle",0,"No","Semi-Urban","Stormy","Low ",1,"N",5
18,"Drinks ",25,21,4.8,"motorcycle",2,"No","Urban","Windy","Jam ",1,"N",15
40,"Meal ",38,2,4.2,"motorcycle",0,"No","Semi-Urban","Windy","High ",2,"N",15
19,"Buffet ",27,17,4.6,"scooter",2,"No","Urban","Stormy","Low",0,"N",5
13,"Drinks ",36,19,4.6,"scooter",2,"No","Urban","Sunny","Jam",0,"N",5
39,"Buffet ",36,4,4.1,"electric_scooter",0,"No","Urban","Sandstorms","Medium",0,"Y",15
10,"Drinks ",30,23,4.7,"scooter",2,"No","Semi-Urban","Sunny","Low ",0,"N",5
42,"Drinks ",24,3,4,"scooter",1,"No","Metropolitan","Stormy","Medium",1,"N",15
19,"Meal ",21,19,4.7,"scooter",1,"No","Metropolitan","Windy","Low ",1,"N",10
18,"Snack ",30,17,4.8,"scooter",2,"No","Urban","Stormy","Low",1,"N",10
19,"Buffet ",35,23,4.6,"electric_scooter",2,"No","Metropolitan","Fog","Low ",1,"N",5
24,"Drinks ",31,23,4.6,"electric_scooter",2,"No","Urban","Sandstorms","Low",1,"N",15
49,"Snack ",37,15,4.8,"scooter",2,"No","Semi-Urban","Fog","Jam ",1,"N",10
23,"Drinks ",20,23,4.9,"motorcycle",0,"No","Metropolitan","Fog","Jam ",1,"Y",5
17,"Buffet ",31,4,4.6,"motorcycle",1,"No","Metropolitan","Stormy","Medium",1,"N",10
18,"Drinks ",23,18,4.6,"scooter",2,"No","Urban","Fog","Low",0,"Y",10
27,"Buffet ",20,5,4.6,"scooter",1,"No","Metropolitan","Windy","Jam ",0,"N",15
26,"Buffet ",38,7,4.7,"electric_scooter",2,"No","Metropolitan","Windy","Low ",1,"N",5
20,"Meal ",30,22,5,"electric_scooter",0,"No","Urban","Fog","Low",0,"Y",10
19,"Meal ",25,23,4.8,"motorcycle",1,"No","Urban","Windy","Jam",0,"N",15
16,"Meal ",35,14,4.9,"motorcycle",2,"No","Semi-Urban","Stormy","Medium",0,"N",5
26,"Drinks ",23,5,4.7,"electric_scooter",2,"No","Semi-Urban","Windy","Jam ",1,"N",15
23,"Drinks ",28,15,4.5,"electric_scooter",0,"No","Metropolitan","Sunny","Low ",1,"N",20
39,"Buffet ",34,23,4.7,"motorcycle",0,"No","Metropolitan","Windy","Medium",1,"Y",10
37,"Drinks ",28,9,4.2,"motorcycle",1,"No","Semi-Urban","Cloudy","Jam ",1,"N",5
12,"Drinks ",34,19,5,"scooter",1,"No","Urban","Stormy","High",0,"Y",15
15,"Buffet ",20,23,4.8,"motorcycle",1,"No","Metropolitan","Sunny","Medium",1,"Y",5
15,"Snack ",27,21,4.6,"motorcycle",2,"No","Metropolitan","Stormy","Low ",1,"N",10
33,"Meal ",23,15,4.1,"scooter",2,"No","Metropolitan","Cloudy","Jam ",1,"Y",15
21,"Meal ",22,16,4.3,"motorcycle",0,"No","Metropolitan","Stormy","Low ",1,"Y",10
17,"Meal ",24,9,4.7,"electric_scooter",2,"No","Urban","Cloudy","Low ",0,"N",5
23,"Meal ",38,22,4.8,"scooter",2,"No","Urban","Windy","Low",1,"Y",10
17,"Buffet ",29,12,4.8,"scooter",2,"No","Metropolitan","Sunny","Low ",1,"N",5
15,"Buffet ",29,16,4.6,"scooter",1,"No","Urban","Cloudy","Low",1,"N",10
28,"Snack ",25,5,4.5,"scooter",1,"No","Urban","Cloudy","Medium",1,"N",15
38,"Meal ",27,5,4.9,"motorcycle",0,"No","Semi-Urban","Fog","Low ",1,"N",15
20,"Drinks ",35,15,4.7,"motorcycle",2,"No","Urban","Fog","Low",0,"N",5
20,"Buffet ",21,6,4.6,"scooter",2,"No","Semi-Urban","Windy","Medium",1,"N",15
33,"Meal ",38,16,4.8,"scooter",1,"No","Metropolitan","Sunny","High ",2,"N",15
29,"Meal ",26,1,4.6,"scooter",2,"No","Metropolitan","Cloudy","High ",1,"N",5
17,"Meal ",26,21,4.9,"motorcycle",1,"No","Semi-Urban","Sandstorms","Medium",1,"N",15
21,"Drinks ",35,8,4.6,"scooter",2,"No","Metropolitan","Sandstorms","Jam ",0,"N",5
32,"Snack ",28,14,4.7,"electric_scooter",2,"No","Metropolitan","Fog","High ",1,"N",5
23,"Drinks ",28,22,4.9,"scooter",2,"No","Metropolitan","Stormy","Low ",1,"Y",5
15,"Buffet ",36,22,4.8,"scooter",1,"No","Metropolitan","Sunny","Medium",1,"N",15
26,"Snack ",33,12,4.7,"electric_scooter",2,"No","Metropolitan","Windy","Jam ",1,"N",5
10,"Drinks ",33,2,4.8,"motorcycle",0,"No","Semi-Urban","Sandstorms","Medium",0,"N",10
16,"Snack ",26,9,4.5,"motorcycle",1,"No","Metropolitan","Sunny","Medium",0,"N",15
42,"Snack ",20,7,4.4,"motorcycle",0,"No","Metropolitan","Fog","Jam ",1,"N",5
31,"Buffet ",37,4,4.3,"scooter",2,"No","Urban","Sandstorms","Medium",0,"N",5
22,"Snack ",35,16,4.8,"motorcycle",0,"No","Metropolitan","Cloudy","High",1,"N",15
29,"Meal ",21,7,4.6,"electric_scooter",1,"No","Metropolitan","Fog","Low ",1,"Y",15
40,"Buffet ",31,8,3.5,"scooter",2,"No","Metropolitan","Windy","Jam ",0,"N",10
20,"Snack ",26,23,4.7,"motorcycle",2,"No","Metropolitan","Stormy","Jam ",1,"N",15
45,"Buffet ",26,5,4.3,"motorcycle",0,"Yes","Urban","Sunny","High ",1,"N",5
21,"Snack ",29,15,4.5,"motorcycle",1,"No","Metropolitan","Sunny","Medium",0,"N",15
18,"Snack ",25,5,4.5,"electric_scooter",2,"No","Urban","Stormy","Low",1,"Y",15
23,"Buffet ",29,14,4.6,"motorcycle",0,"No","Metropolitan","Windy","Medium",1,"N",5
20,"Meal ",29,15,4.8,"motorcycle",0,"No","Metropolitan","Fog","Low ",1,"N",10
25,"Snack ",24,21,4.8,"motorcycle",0,"No","Urban","Sunny","Jam ",0,"N",5
32,"Meal ",37,17,4.6,"scooter",2,"No","Semi-Urban","Fog","Jam ",1,"N",15
21,"Meal ",30,16,4.9,"scooter",1,"No","Urban","Sunny","Low",0,"Y",10
19,"Drinks ",36,15,4.8,"motorcycle",1,"No","Metropolitan","Sunny","Low ",1,"N",25
18,"Buffet ",27,17,4.9,"scooter",2,"No","Urban","Stormy","Jam",1,"N",5
24,"Meal ",24,12,4.7,"motorcycle",2,"No","Urban","Sunny","Jam ",1,"N",5
46,"Drinks ",33,7,4.1,"motorcycle",0,"Yes","Semi-Urban","Stormy","Medium",1,"N",15
40,"Meal ",24,12,4.1,"motorcycle",1,"No","Metropolitan","Fog","Jam ",0,"N",15
32,"Meal ",32,5,4.2,"scooter",2,"No","Semi-Urban","Windy","Jam ",1,"N",15
19,"Snack ",37,13,4.9,"scooter",1,"No","Metropolitan","Sunny","Jam ",1,"N",10
20,"Drinks ",23,21,5,"scooter",1,"No","Urban","Windy","Medium",1,"N",15
39,"Meal ",39,11,3.7,"scooter",1,"No","Metropolitan","Sandstorms","Medium",0,"N",5
33,"Meal ",35,12,4.4,"motorcycle",0,"No","Semi-Urban","Stormy","Medium",1,"N",15
21,"Meal ",35,22,4.9,"scooter",2,"No","Urban","Stormy","Jam",1,"N",15
34,"Drinks ",32,9,4.8,"electric_scooter",1,"No","Metropolitan","Sandstorms","Jam ",1,"N",15
42,"Buffet ",24,23,4.8,"motorcycle",0,"No","Urban","Cloudy","Medium",1,"N",5
28,"Snack ",22,12,4.6,"scooter",2,"No","Metropolitan","Sandstorms","Medium",1,"N",15
48,"Drinks ",21,14,4.3,"motorcycle",0,"No","Semi-Urban","Sandstorms","Jam ",0,"Y",15
29,"Buffet ",27,15,4.6,"motorcycle",0,"No","Urban","Fog","Jam",1,"Y",15
39,"Snack ",28,23,4.9,"motorcycle",0,"No","Metropolitan","Fog","Medium",2,"Y",15
15,"Meal ",20,18,4.6,"scooter",1,"No","Urban","Stormy","Low",1,"N",15
18,"Snack ",26,19,4.8,"motorcycle",1,"No","Metropolitan","Sunny","Low ",1,"Y",5
15,"Snack ",28,17,4.8,"motorcycle",0,"No","Urban","Stormy","Low",1,"N",15
18,"Buffet ",23,15,4.7,"electric_scooter",2,"No","Metropolitan","Fog","Low ",0,"N",5
22,"Snack ",24,5,4.3,"motorcycle",0,"No","Urban","Sandstorms","Low",1,"N",5
17,"Snack ",28,23,4.9,"motorcycle",1,"No","Metropolitan","Windy","Jam ",1,"N",10
18,"Drinks ",39,18,4.9,"motorcycle",1,"No","Semi-Urban","Cloudy","Medium",1,"N",5
29,"Buffet ",27,15,4.8,"scooter",0,"No","Metropolitan","Sunny","Jam ",1,"N",10
29,"Meal ",22,2,4.8,"scooter",1,"No","Semi-Urban","Stormy","High ",1,"N",10
16,"Buffet ",34,22,4.8,"scooter",1,"No","Urban","Stormy","Low",1,"Y",5
23,"Buffet ",38,16,4.9,"scooter",2,"No","Metropolitan","Stormy","Jam ",1,"N",5
25,"Snack ",39,12,4.8,"motorcycle",1,"No","Metropolitan","Sandstorms","Medium",0,"Y",15
28,"Buffet ",24,9,4.6,"scooter",1,"No","Metropolitan","Stormy","Medium",1,"Y",10
28,"Buffet ",24,6,5,"scooter",2,"No","Metropolitan","Sandstorms","High ",1,"N",15
22,"Meal ",30,13,4.6,"motorcycle",1,"No","Metropolitan","Sandstorms","Medium",0,"N",10
17,"Drinks ",25,9,4.6,"scooter",2,"No","Metropolitan","Cloudy","Low ",1,"N",10
16,"Buffet ",34,15,4.9,"scooter",2,"No","Metropolitan","Fog","Medium",0,"Y",15
20,"Meal ",32,16,4.8,"electric_scooter",0,"No","Metropolitan","Windy","Low ",0,"N",10
36,"Snack ",25,11,3.8,"electric_scooter",2,"No","Semi-Urban","Stormy","Jam ",1,"N",5
32,"Snack ",34,9,4.3,"motorcycle",0,"No","Urban","Sunny","Medium",1,"N",5
37,"Snack ",39,23,4.3,"motorcycle",0,"No","Metropolitan","Cloudy","Low ",1,"N",15
25,"Meal ",21,5,5,"motorcycle",0,"No","Metropolitan","Sunny","Jam",1,"N",5
35,"Drinks ",28,3,4.1,"scooter",2,"No","Urban","Fog","Medium",1,"Y",15
39,"Drinks ",32,14,5,"motorcycle",0,"No","Semi-Urban","Stormy","Jam ",2,"N",5
39,"Meal ",36,12,4.6,"electric_scooter",0,"No","Metropolitan","Windy","Jam ",1,"N",5
29,"Snack ",37,7,4.9,"motorcycle",1,"No","Semi-Urban","Fog","Low ",0,"N",25
18,"Snack ",31,21,4.7,"electric_scooter",2,"No","Metropolitan","Fog","Medium",0,"N",10
47,"Snack ",21,3,4.2,"electric_scooter",2,"Yes","Metropolitan","Cloudy","Jam ",2,"N",15
46,"Drinks ",31,13,4.7,"motorcycle",0,"Yes","Metropolitan","Sandstorms","Jam ",1,"N",5
15,"Snack ",20,13,5,"scooter",1,"No","Metropolitan","Windy","Jam ",1,"Y",15
26,"Meal ",29,3,4.6,"motorcycle",0,"No","Urban","Cloudy","Low",1,"N",5
17,"Buffet ",31,23,4.6,"electric_scooter",2,"No","Metropolitan","Sunny","Medium",0,"N",15
15,"Snack ",23,4,5,"electric_scooter",2,"No","Metropolitan","Sandstorms","Low ",0,"N",5
10,"Drinks ",23,23,4.8,"scooter",1,"No","Metropolitan","Sunny","Medium",0,"Y",15
42,"Drinks ",34,7,5,"scooter",0,"No","Metropolitan","Cloudy","Jam ",0,"Y",5
15,"Meal ",34,17,5,"motorcycle",2,"No","Semi-Urban","Fog","Low",1,"N",5
21,"Buffet ",31,19,4.9,"scooter",2,"No","Metropolitan","Windy","Medium",1,"Y",5
15,"Meal ",34,23,4.8,"motorcycle",0,"No","Semi-Urban","Windy","Jam",1,"N",10
15,"Snack ",31,13,5,"scooter",2,"No","Metropolitan","Sandstorms","Medium",0,"Y",10
38,"Buffet ",36,18,4.1,"scooter",2,"No","Metropolitan","Cloudy","Medium",2,"N",10
28,"Buffet ",36,9,4.6,"electric_scooter",2,"No","Metropolitan","Sandstorms","Jam ",1,"N",15
18,"Snack ",21,14,4.9,"motorcycle",1,"No","Metropolitan","Sandstorms","Medium",1,"N",10
25,"Buffet ",20,22,4.6,"motorcycle",2,"No","Semi-Urban","Windy","Low ",1,"N",15
25,"Snack ",37,9,4.6,"scooter",1,"No","Metropolitan","Sandstorms","Jam ",1,"Y",5
23,"Snack ",34,9,4.7,"motorcycle",1,"No","Urban","Sandstorms","Low ",1,"Y",25
21,"Buffet ",29,14,4.8,"scooter",1,"No","Metropolitan","Fog","Low ",1,"N",15
18,"Buffet ",28,17,4.8,"scooter",1,"No","Urban","Sunny","Low ",1,"Y",15
19,"Snack ",31,17,4.8,"scooter",1,"No","Metropolitan","Windy","Low ",1,"Y",5
34,"Drinks ",37,4,4.3,"scooter",0,"No","Metropolitan","Sandstorms","Low ",1,"N",5
17,"Meal ",39,21,4.9,"motorcycle",1,"No","Metropolitan","Stormy","Medium",1,"N",5
25,"Drinks ",38,15,4.7,"electric_scooter",2,"No","Metropolitan","Stormy","High ",1,"Y",15
27,"Buffet ",30,18,4.8,"scooter",2,"No","Urban","Windy","Low",1,"N",5
17,"Meal ",28,9,5,"scooter",1,"No","Metropolitan","Sandstorms","Medium",0,"Y",10
34,"Buffet ",33,1,4.3,"electric_scooter",0,"No","Urban","Cloudy","High ",1,"Y",15
16,"Snack ",22,22,5,"scooter",2,"No","Metropolitan","Windy","Jam ",0,"N",15
44,"Meal ",26,9,4.8,"scooter",0,"No","Urban","Fog","Jam ",1,"N",10
30,"Meal ",38,13,4.8,"scooter",0,"No","Urban","Cloudy","Jam ",1,"Y",15
45,"Snack ",33,7,4.8,"motorcycle",2,"No","Metropolitan","Fog","Jam ",2,"N",15
33,"Drinks ",38,18,4.4,"motorcycle",1,"No","Metropolitan","Windy","Medium",0,"Y",5
28,"Snack ",30,13,4.8,"scooter",1,"No","Metropolitan","Fog","Jam ",1,"N",5
27,"Buffet ",38,18,4.5,"electric_scooter",2,"No","Metropolitan","Sandstorms","Medium",1,"Y",10
32,"Snack ",37,6,4.1,"motorcycle",1,"No","Urban","Stormy","Jam",1,"N",15
23,"Drinks ",28,15,4.8,"motorcycle",1,"No","Urban","Windy","High ",1,"N",10
14,"Meal ",21,17,4.8,"electric_scooter",0,"No","Urban","Sunny","Low",0,"N",5
44,"Snack ",38,3,2.6,"scooter",2,"No","Semi-Urban","Sunny","Low ",1,"N",5
36,"Meal ",24,6,4.9,"electric_scooter",2,"No","Urban","Fog","Medium",1,"Y",5
37,"Snack ",36,4,5,"motorcycle",0,"No","Metropolitan","Cloudy","Medium",2,"N",5
43,"Meal ",38,15,3.8,"scooter",1,"Yes","Semi-Urban","Stormy","Jam ",1,"N",15
33,"Meal ",38,16,4.8,"scooter",1,"No","Metropolitan","Sunny","High ",2,"N",15
18,"Meal ",33,6,4.9,"motorcycle",0,"No","Metropolitan","Fog","Low ",0,"Y",5
10,"Buffet ",29,19,4.9,"motorcycle",2,"No","Urban","Fog","Low",1,"N",5
36,"Drinks ",22,23,4.5,"motorcycle",0,"No","Metropolitan","Fog","Medium",1,"N",15
19,"Snack ",37,15,4.5,"scooter",1,"No","Metropolitan","Stormy","Low ",1,"N",10
13,"Buffet ",30,21,4.8,"motorcycle",2,"No","Urban","Sandstorms","Low",1,"Y",10
16,"Buffet ",23,22,4.6,"scooter",1,"No","Metropolitan","Stormy","Low ",0,"N",5
21,"Meal ",39,18,4.6,"electric_scooter",0,"No","Urban","Stormy","Low",1,"N",20
22,"Snack ",30,21,4.9,"electric_scooter",1,"No","Urban","Sunny","Jam",0,"Y",15
38,"Meal ",28,13,4.3,"scooter",1,"No","Semi-Urban","Fog","Jam ",1,"N",15
39,"Snack ",24,3,4.4,"electric_scooter",2,"Yes","Semi-Urban","Fog","High ",2,"N",5
18,"Drinks ",22,15,4.8,"electric_scooter",2,"No","Urban","Cloudy","Low",1,"Y",5
24,"Meal ",23,12,4.5,"scooter",2,"No","Semi-Urban","Stormy","Medium",1,"N",10
16,"Drinks ",30,16,4.9,"scooter",1,"No","Semi-Urban","Windy","Low",0,"N",5
25,"Buffet ",25,16,5,"motorcycle",2,"No","Metropolitan","Stormy","Jam ",1,"N",5
25,"Drinks ",22,18,4.6,"electric_scooter",2,"No","Metropolitan","Windy","Jam ",1,"N",15
45,"Buffet ",24,3,4.5,"motorcycle",0,"Yes","Urban","Sandstorms","Jam",1,"N",15
21,"Drinks ",20,3,4.8,"motorcycle",1,"No","Metropolitan","Windy","Medium",1,"N",5
23,"Meal ",29,19,4.8,"motorcycle",0,"No","Urban","Fog","High",0,"N",5
27,"Drinks ",38,19,4.5,"motorcycle",0,"No","Urban","Fog","Low",1,"N",10
15,"Snack ",22,18,4.9,"electric_scooter",1,"No","Metropolitan","Sunny","Low ",0,"N",25
31,"Drinks ",24,3,3.7,"scooter",1,"No","Urban","Stormy","Jam",1,"Y",10
18,"Drinks ",22,18,4.7,"scooter",1,"No","Metropolitan","Sandstorms","Low ",0,"Y",10
26,"Meal ",33,17,4.7,"motorcycle",2,"No","Metropolitan","Stormy","Jam",1,"N",15
19,"Buffet ",24,16,4.6,"electric_scooter",2,"No","Metropolitan","Sandstorms","Jam ",1,"N",15
40,"Meal ",24,4,3.5,"electric_scooter",2,"No","Urban","Sandstorms","Jam",1,"N",10
21,"Buffet ",35,13,4.7,"scooter",0,"No","Metropolitan","Stormy","Low ",1,"N",10
23,"Meal ",33,22,4.8,"electric_scooter",2,"No","Metropolitan","Sunny","Low ",1,"N",20
26,"Buffet ",24,19,4.7,"motorcycle",0,"No","Metropolitan","Stormy","Low ",1,"N",30
17,"Buffet ",36,9,4.7,"electric_scooter",1,"No","Urban","Fog","Low ",1,"N",5
20,"Snack ",23,9,4.6,"scooter",1,"No","Semi-Urban","Cloudy","High ",1,"N",5
42,"Snack ",21,6,4.7,"motorcycle",1,"No","Semi-Urban","Fog","Medium",2,"Y",10
11,"Buffet ",29,18,4.5,"motorcycle",1,"No","Urban","Sunny","High",0,"N",10
23,"Snack ",21,23,4.7,"motorcycle",0,"No","Urban","Cloudy","Low",1,"N",10
38,"Meal ",20,7,3.9,"electric_scooter",1,"No","Metropolitan","Sandstorms","Jam ",1,"N",10
15,"Drinks ",26,9,4.8,"scooter",1,"No","Metropolitan","Windy","Low ",1,"N",15
26,"Buffet ",20,17,5,"electric_scooter",2,"No","Urban","Sandstorms","Jam",1,"N",10
44,"Buffet ",39,23,4.4,"motorcycle",0,"No","Urban","Sunny","High ",1,"N",5
30,"Buffet ",20,3,4.6,"electric_scooter",1,"No","Semi-Urban","Sandstorms","High ",0,"Y",10
33,"Snack ",34,21,4.7,"motorcycle",0,"No","Metropolitan","Sandstorms","Medium",1,"Y",15
27,"Meal ",36,18,4.7,"motorcycle",2,"No","Metropolitan","Windy","Jam ",0,"Y",15
15,"Drinks ",20,23,4.9,"electric_scooter",0,"No","Urban","Sunny","Low",1,"N",10
28,"Drinks ",28,9,4.9,"motorcycle",2,"No","Metropolitan","Sandstorms","Medium",1,"Y",10
15,"Buffet ",23,23,4.6,"electric_scooter",1,"No","Urban","Windy","Low",1,"N",20
26,"Buffet ",24,13,4.6,"scooter",0,"No","Metropolitan","Sunny","Low ",1,"N",5
23,"Buffet ",23,23,4.7,"motorcycle",0,"No","Urban","Cloudy","Low ",1,"Y",15
17,"Snack ",23,23,4.6,"motorcycle",0,"No","Metropolitan","Sunny","Medium",1,"N",10
51,"Meal ",22,9,4.9,"electric_scooter",0,"Yes","Metropolitan","Windy","Jam ",2,"Y",15
10,"Buffet ",23,23,4.7,"electric_scooter",2,"No","Semi-Urban","Stormy","Low ",0,"N",10
33,"Snack ",38,9,4,"motorcycle",0,"No","Metropolitan","Sandstorms","Medium",1,"N",10
17,"Snack ",26,19,4.9,"scooter",1,"No","Metropolitan","Sandstorms","Low ",1,"N",10
24,"Meal ",27,17,4.9,"scooter",1,"No","Metropolitan","Sunny","Low ",0,"N",15
27,"Drinks ",35,18,4.6,"motorcycle",2,"No","Metropolitan","Stormy","Medium",1,"N",5
38,"Buffet ",30,8,4.9,"motorcycle",0,"No","Metropolitan","Sandstorms","High ",1,"N",15
24,"Meal ",26,13,4.8,"motorcycle",0,"No","Metropolitan","Stormy","Medium",1,"N",5
16,"Snack ",23,18,4.8,"scooter",1,"No","Urban","Sandstorms","Low ",1,"N",5
29,"Drinks ",28,14,4.5,"electric_scooter",2,"No","Metropolitan","Sandstorms","Jam ",1,"Y",10
29,"Drinks ",26,8,4.8,"electric_scooter",1,"No","Semi-Urban","Windy","Medium",1,"N",15
24,"Meal ",38,23,4.8,"motorcycle",2,"No","Metropolitan","Sunny","Low ",0,"N",5
39,"Snack ",25,23,4.6,"electric_scooter",2,"No","Urban","Cloudy","Medium",1,"N",10
20,"Buffet ",38,17,4.7,"motorcycle",1,"No","Metropolitan","Cloudy","Low ",1,"N",15
22,"Snack ",33,14,4.5,"motorcycle",0,"No","Urban","Stormy","Low ",0,"N",10
30,"Drinks ",39,23,4.8,"motorcycle",0,"No","Semi-Urban","Windy","Jam ",1,"N",15
24,"Snack ",26,19,4.6,"electric_scooter",2,"No","Urban","Windy","Medium",0,"N",10
48,"Drinks ",38,11,4,"motorcycle",1,"No","Semi-Urban","Fog","Jam ",2,"N",15
38,"Snack ",30,16,4.5,"motorcycle",0,"No","Metropolitan","Fog","Jam ",1,"N",5
39,"Meal ",24,3,4.2,"motorcycle",1,"No","Metropolitan","Fog","Jam ",1,"N",10
21,"Drinks ",31,19,4.7,"motorcycle",1,"No","Semi-Urban","Sunny","High ",1,"N",15
22,"Snack ",25,9,4.8,"motorcycle",0,"No","Metropolitan","Stormy","Medium",0,"N",10
12,"Snack ",25,2,4.6,"scooter",1,"No","Urban","Stormy","Low ",0,"N",10
26,"Snack ",24,21,4.1,"electric_scooter",0,"No","Urban","Windy","Low ",1,"N",10
35,"Buffet ",23,1,4.2,"scooter",1,"No","Metropolitan","Windy","Medium",1,"N",10
17,"Meal ",30,17,4.9,"scooter",1,"No","Urban","Stormy","Low",1,"Y",10
16,"Drinks ",36,16,5,"motorcycle",0,"No","Metropolitan","Stormy","Low ",0,"N",10
43,"Snack ",27,5,5,"electric_scooter",2,"No","Metropolitan","Stormy","Jam ",0,"N",5
18,"Snack ",33,13,4.5,"electric_scooter",2,"No","Metropolitan","Sunny","Jam ",1,"Y",15
18,"Buffet ",36,23,4.8,"electric_scooter",2,"No","Semi-Urban","Stormy","Low ",1,"N",10
22,"Snack ",34,7,4.9,"motorcycle",2,"No","Metropolitan","Windy","Jam ",1,"N",10
21,"Meal ",32,23,4.8,"motorcycle",0,"No","Metropolitan","Windy","Low ",1,"Y",20
36,"Snack ",30,16,4.9,"motorcycle",0,"No","Urban","Cloudy","Medium",1,"N",5
45,"Snack ",27,23,4.9,"motorcycle",0,"Yes","Metropolitan","Fog","Medium",1,"N",15
36,"Snack ",34,9,4.2,"motorcycle",0,"No","Metropolitan","Windy","Medium",2,"N",5
25,"Drinks ",37,12,4.8,"motorcycle",1,"No","Metropolitan","Stormy","Medium",1,"Y",5
21,"Snack ",35,19,4.6,"motorcycle",0,"No","Metropolitan","Sunny","Medium",1,"Y",10
19,"Meal ",34,5,4.1,"motorcycle",0,"No","Urban","Windy","Low ",1,"N",5
37,"Buffet ",38,1,4.7,"motorcycle",0,"No","Semi-Urban","Windy","Jam",1,"N",5
35,"Meal ",33,4,4.3,"scooter",1,"No","Metropolitan","Cloudy","Medium",0,"N",10
24,"Buffet ",27,9,4.6,"motorcycle",0,"No","Metropolitan","Sunny","Jam ",0,"N",5
40,"Buffet ",29,3,4.3,"electric_scooter",2,"No","Metropolitan","Cloudy","Jam ",2,"Y",10
30,"Drinks ",31,23,4.7,"motorcycle",0,"No","Urban","Cloudy","Medium",1,"N",15
41,"Buffet ",25,3,4.8,"motorcycle",0,"No","Metropolitan","Cloudy","Jam ",1,"N",15
11,"Buffet ",32,17,4.8,"motorcycle",1,"No","Urban","Sunny","Low",0,"N",10
14,"Buffet ",29,2,4.9,"motorcycle",0,"No","Semi-Urban","Stormy","Medium",0,"N",15
25,"Drinks ",25,23,5,"scooter",2,"No","Metropolitan","Sandstorms","Low ",0,"N",15
16,"Snack ",30,17,4.9,"scooter",2,"No","Metropolitan","Stormy","Low ",0,"N",15
21,"Buffet ",22,12,4.6,"motorcycle",0,"No","Metropolitan","Sunny","Low ",1,"Y",5
41,"Drinks ",32,23,4.7,"motorcycle",0,"No","Metropolitan","Stormy","Jam ",2,"Y",15
30,"Drinks ",32,13,4.8,"motorcycle",1,"No","Metropolitan","Windy","Medium",0,"N",5
20,"Drinks ",35,16,4.9,"electric_scooter",0,"No","Metropolitan","Stormy","Low ",1,"N",10
15,"Snack ",36,16,4.5,"scooter",2,"No","Urban","Sunny","Medium",0,"Y",15
15,"Snack ",33,17,4.8,"scooter",2,"No","Urban","Stormy","Medium",0,"N",10
41,"Snack ",31,23,4.8,"motorcycle",0,"Yes","Urban","Cloudy","Medium",0,"N",10
19,"Buffet ",22,23,4.9,"motorcycle",0,"No","Urban","Stormy","Low",1,"N",15
19,"Drinks ",35,21,4.6,"scooter",2,"No","Urban","Cloudy","Low ",0,"N",5
26,"Buffet ",29,9,4.6,"scooter",1,"No","Semi-Urban","Stormy","Medium",0,"N",15
27,"Buffet ",35,18,5,"scooter",1,"No","Metropolitan","Sunny","Jam ",0,"N",10
10,"Meal ",28,19,4.8,"motorcycle",1,"No","Urban","Windy","Low",1,"N",5
15,"Snack ",27,21,4.6,"electric_scooter",2,"No","Urban","Stormy","Low",0,"N",5
24,"Drinks ",38,13,4.3,"electric_scooter",0,"No","Urban","Windy","Low ",1,"N",5
26,"Drinks ",29,2,4.8,"motorcycle",2,"No","Metropolitan","Fog","Low ",1,"N",10
15,"Buffet ",27,23,4.9,"scooter",1,"No","Metropolitan","Fog","Medium",1,"Y",15
20,"Meal ",29,19,4.7,"electric_scooter",2,"No","Semi-Urban","Sunny","Low",0,"Y",10
29,"Meal ",37,17,4.9,"scooter",2,"No","Metropolitan","Windy","Low ",0,"N",5
34,"Buffet ",38,15,4.7,"motorcycle",0,"No","Metropolitan","Cloudy","Jam ",1,"Y",5
15,"Meal ",24,23,4.7,"motorcycle",0,"No","Urban","Sunny","Medium",0,"N",10
25,"Drinks ",37,5,4.6,"motorcycle",2,"No","Semi-Urban","Windy","Jam ",0,"N",5
33,"Drinks ",38,18,4.4,"motorcycle",1,"No","Metropolitan","Windy","Medium",0,"Y",5
34,"Snack ",32,23,4.6,"motorcycle",0,"No","Urban","Sunny","Medium",0,"N",5
27,"Snack ",20,18,5,"scooter",0,"No","Urban","Fog","Low",1,"Y",5
14,"Drinks ",33,9,4.8,"scooter",2,"No","Metropolitan","Sandstorms","Low ",1,"N",5
33,"Snack ",21,17,4.9,"motorcycle",1,"No","Metropolitan","Fog","Jam ",1,"N",10
29,"Buffet ",34,21,4.7,"electric_scooter",2,"No","Metropolitan","Sandstorms","High ",1,"N",10
21,"Buffet ",37,16,4.7,"scooter",1,"No","Metropolitan","Sunny","Medium",0,"N",5
18,"Buffet ",27,18,4.7,"motorcycle",0,"No","Metropolitan","Sunny","Low ",1,"Y",5
15,"Snack ",32,19,4.9,"scooter",2,"No","Metropolitan","Stormy","Low",0,"N",10
18,"Drinks ",33,21,4.7,"scooter",1,"No","Urban","Stormy","Low",0,"Y",15
17,"Snack ",38,7,4.8,"scooter",2,"No","Metropolitan","Stormy","Low ",0,"N",10
29,"Buffet ",25,14,4.8,"motorcycle",2,"No","Semi-Urban","Windy","Low ",1,"N",15
17,"Buffet ",22,16,4.5,"scooter",2,"No","Metropolitan","Sunny","High ",0,"N",5
15,"Drinks ",33,15,4.8,"scooter",1,"No","Urban","Windy","Low",1,"N",5
33,"Buffet ",30,23,4.3,"motorcycle",0,"No","Metropolitan","Fog","High ",1,"N",10
48,"Buffet ",38,18,4.8,"motorcycle",0,"No","Urban","Windy","Jam",0,"N",5
14,"Drinks ",24,12,4.8,"electric_scooter",2,"No","Metropolitan","Sandstorms","High ",0,"Y",10
29,"Buffet ",39,16,4.6,"scooter",1,"No","Semi-Urban","Fog","Medium",1,"Y",15
25,"Buffet ",29,16,4.7,"motorcycle",0,"No","Metropolitan","Cloudy","Medium",1,"N",15
17,"Snack ",38,14,4.1,"motorcycle",0,"No","Metropolitan","Windy","Low ",0,"N",10
25,"Meal ",24,23,4.7,"electric_scooter",2,"No","Metropolitan","Sunny","Medium",1,"Y",15
22,"Buffet ",34,9,4.9,"motorcycle",0,"No","Semi-Urban","Sandstorms","Low ",0,"N",15
30,"Snack ",27,7,4.8,"motorcycle",1,"No","Metropolitan","Fog","High ",1,"N",5
39,"Buffet ",35,4,4.8,"scooter",0,"No","Metropolitan","Cloudy","Jam ",2,"Y",15
43,"Meal ",30,16,4.2,"motorcycle",0,"Yes","Metropolitan","Sandstorms","Medium",0,"N",10
28,"Buffet ",35,7,4.6,"motorcycle",1,"No","Metropolitan","Fog","Low ",1,"N",5
20,"Buffet ",33,6,4.5,"motorcycle",0,"No","Urban","Sandstorms","Medium",1,"N",15
21,"Snack ",38,21,4.8,"scooter",2,"No","Metropolitan","Fog","High ",1,"N",5
22,"Drinks ",22,19,4.7,"motorcycle",0,"No","Urban","Sunny","Low ",0,"N",25
18,"Snack ",31,16,4.7,"scooter",1,"No","Urban","Sunny","Low",1,"N",10
27,"Meal ",36,19,4.9,"scooter",2,"No","Metropolitan","Stormy","Jam ",0,"N",15
29,"Meal ",31,7,5,"electric_scooter",2,"No","Semi-Urban","Sandstorms","Low ",1,"N",5
25,"Snack ",26,23,4.9,"motorcycle",2,"No","Metropolitan","Sandstorms","Medium",0,"N",5
33,"Snack ",24,7,4.6,"electric_scooter",0,"No","Urban","Sandstorms","Jam ",1,"Y",5
12,"Drinks ",36,9,4.8,"motorcycle",1,"No","Semi-Urban","Fog","Medium",0,"N",5
16,"Snack ",37,21,4.9,"scooter",1,"No","Metropolitan","Sunny","Low",1,"N",10
27,"Drinks ",31,23,4.5,"electric_scooter",1,"No","Metropolitan","Sandstorms","Jam ",0,"N",10
34,"Snack ",20,5,2.6,"scooter",2,"No","Urban","Sunny","Low",1,"N",10
16,"Buffet ",25,16,4.6,"scooter",0,"No","Urban","Cloudy","Low",0,"N",15
43,"Snack ",33,4,4.4,"scooter",0,"No","Metropolitan","Stormy","Jam ",0,"N",15
44,"Snack ",32,5,4.8,"motorcycle",1,"No","Metropolitan","Fog","Jam ",0,"N",10
29,"Meal ",24,17,4.8,"motorcycle",0,"No","Urban","Sandstorms","Jam",1,"Y",10
32,"Drinks ",22,13,4.9,"motorcycle",0,"No","Metropolitan","Sunny","Medium",1,"N",15
25,"Buffet ",20,4,4.5,"scooter",1,"No","Metropolitan","Stormy","High ",0,"N",5
34,"Snack ",33,23,4.7,"motorcycle",0,"No","Metropolitan","Fog","High ",0,"Y",15
27,"Meal ",21,1,4.5,"scooter",2,"No","Urban","Windy","Medium",1,"N",15
25,"Snack ",21,18,4.6,"scooter",2,"No","Semi-Urban","Fog","Jam ",1,"N",10
46,"Buffet ",32,4,4,"scooter",1,"No","Urban","Cloudy","Jam ",3,"N",15
24,"Snack ",34,5,4.6,"motorcycle",1,"No","Semi-Urban","Sandstorms","Jam",1,"N",10
12,"Buffet ",29,21,4.7,"electric_scooter",1,"No","Urban","Sandstorms","High",0,"N",5
15,"Buffet ",33,4,5,"motorcycle",1,"No","Urban","Stormy","Medium",1,"Y",5
17,"Snack ",21,22,4.6,"scooter",2,"No","Metropolitan","Stormy","Low",0,"N",15
18,"Snack ",39,9,5,"scooter",1,"No","Metropolitan","Sandstorms","Jam ",1,"N",5
29,"Drinks ",25,11,4.9,"electric_scooter",2,"No","Metropolitan","Fog","Low ",1,"N",5
41,"Meal ",34,11,3.9,"scooter",2,"No","Metropolitan","Fog","Jam ",1,"Y",10
15,"Buffet ",21,19,4.9,"scooter",2,"No","Urban","Stormy","Medium",1,"N",15
19,"Buffet ",27,23,4.5,"electric_scooter",2,"No","Urban","Sandstorms","Low ",1,"N",15
30,"Drinks ",39,8,4.4,"electric_scooter",0,"No","Semi-Urban","Sandstorms","Low ",1,"N",10
13,"Buffet ",20,9,4.9,"scooter",2,"No","Metropolitan","Windy","Low ",1,"N",5
21,"Snack ",31,21,4.9,"motorcycle",0,"No","Metropolitan","Cloudy","Medium",0,"N",15
28,"Drinks ",25,9,4.5,"motorcycle",1,"No","Semi-Urban","Windy","Low ",1,"Y",5
20,"Snack ",25,13,4.6,"motorcycle",2,"No","Metropolitan","Fog","High ",0,"N",15
20,"Meal ",38,3,4.7,"scooter",1,"No","Metropolitan","Windy","High",1,"N",5
23,"Meal ",29,9,4.9,"motorcycle",1,"No","Metropolitan","Stormy","Medium",1,"Y",15
11,"Buffet ",21,13,4.9,"electric_scooter",1,"No","Metropolitan","Sandstorms","Low ",0,"Y",15
30,"Snack ",33,4,5,"electric_scooter",2,"No","Metropolitan","Fog","Jam ",1,"Y",5
24,"Drinks ",24,21,4.9,"motorcycle",2,"No","Urban","Windy","Jam",1,"N",15
15,"Buffet ",33,17,4.9,"scooter",1,"No","Metropolitan","Cloudy","Low ",1,"N",5
35,"Buffet ",25,5,4.8,"scooter",2,"No","Urban","Fog","Jam ",1,"N",5
32,"Drinks ",26,23,4.5,"motorcycle",0,"No","Metropolitan","Fog","Medium",1,"N",10
27,"Drinks ",32,16,5,"electric_scooter",2,"No","Urban","Stormy","Low",1,"N",5
36,"Buffet ",28,3,4.2,"motorcycle",1,"No","Metropolitan","Sandstorms","Medium",1,"Y",15
25,"Snack ",30,9,4.3,"electric_scooter",0,"No","Metropolitan","Sandstorms","Low ",1,"N",15
16,"Drinks ",28,22,4.8,"motorcycle",1,"No","Urban","Sandstorms","Low",1,"N",10
20,"Meal ",31,15,4.8,"scooter",1,"No","Urban","Sandstorms","Jam",1,"N",5
24,"Snack ",23,23,4.8,"electric_scooter",2,"No","Urban","Sunny","Medium",1,"Y",5
28,"Drinks ",35,23,4.6,"motorcycle",0,"No","Metropolitan","Sandstorms","Low ",1,"N",10
22,"Meal ",39,23,4.6,"electric_scooter",2,"No","Metropolitan","Windy","Low ",1,"Y",10
23,"Drinks ",38,23,4.6,"scooter",0,"No","Metropolitan","Fog","Low ",1,"N",15
26,"Meal ",21,15,4.7,"motorcycle",1,"No","Urban","Stormy","Medium",1,"N",10
26,"Snack ",25,23,4.7,"motorcycle",0,"No","Urban","Cloudy","High ",1,"N",10
11,"Meal ",21,22,4.8,"motorcycle",2,"No","Urban","Sunny","Medium",1,"N",5
32,"Meal ",31,5,4.2,"electric_scooter",2,"No","Metropolitan","Sunny","Jam",1,"N",5
27,"Snack ",29,9,4.8,"scooter",1,"No","Metropolitan","Stormy","High ",1,"N",10
18,"Meal ",25,21,4.9,"motorcycle",1,"No","Metropolitan","Sunny","Medium",0,"Y",5
30,"Meal ",23,16,4.6,"motorcycle",1,"No","Metropolitan","Sandstorms","Medium",1,"Y",15
18,"Buffet ",38,22,4.6,"scooter",2,"No","Metropolitan","Sunny","Medium",1,"N",5
14,"Snack ",20,23,4.8,"motorcycle",2,"No","Metropolitan","Sunny","Jam ",1,"N",10
38,"Snack ",27,12,4.6,"scooter",2,"No","Urban","Fog","Jam ",1,"N",15
33,"Meal ",25,1,4.4,"scooter",1,"No","Urban","Stormy","Medium",2,"Y",10
23,"Meal ",22,23,4.8,"motorcycle",0,"No","Metropolitan","Stormy","Low ",0,"N",15
28,"Meal ",28,13,4.7,"motorcycle",2,"No","Metropolitan","Sunny","Low ",0,"N",10
29,"Snack ",27,12,5,"motorcycle",0,"No","Semi-Urban","Sandstorms","Medium",0,"Y",10
19,"Drinks ",37,14,4.8,"electric_scooter",2,"No","Metropolitan","Stormy","Medium",1,"N",15
25,"Snack ",22,13,4.5,"motorcycle",0,"No","Metropolitan","Stormy","Low ",1,"N",5
33,"Buffet ",25,1,4,"scooter",1,"No","Urban","Sandstorms","Medium",1,"N",15
25,"Snack ",37,19,4.6,"motorcycle",0,"No","Urban","Stormy","Medium",1,"Y",15
34,"Meal ",27,21,4.5,"motorcycle",1,"No","Metropolitan","Windy","Jam ",1,"N",5
39,"Meal ",25,8,4.8,"motorcycle",2,"No","Metropolitan","Cloudy","Medium",2,"N",10
29,"Meal ",28,9,5,"motorcycle",1,"No","Metropolitan","Cloudy","High ",0,"N",5
35,"Buffet ",36,14,3.5,"motorcycle",1,"No","Metropolitan","Sunny","Low ",1,"N",10
25,"Drinks ",25,17,5,"scooter",1,"No","Metropolitan","Windy","Jam ",1,"N",5
11,"Drinks ",29,21,4.7,"motorcycle",1,"No","Urban","Fog","Medium",0,"N",5
30,"Snack ",28,8,4.6,"electric_scooter",2,"No","Metropolitan","Sandstorms","Medium",1,"N",10
25,"Meal ",29,5,4,"motorcycle",0,"No","Semi-Urban","Stormy","Low",1,"N",10
37,"Drinks ",22,21,4.9,"electric_scooter",1,"No","Metropolitan","Cloudy","Medium",0,"Y",10
18,"Snack ",30,17,4.6,"motorcycle",1,"No","Metropolitan","Sunny","Jam ",1,"N",10
38,"Snack ",39,4,3.9,"scooter",2,"No","Semi-Urban","Sandstorms","Medium",1,"N",15
26,"Drinks ",30,19,4.7,"motorcycle",0,"No","Urban","Cloudy","Low ",0,"N",15
35,"Drinks ",28,13,4.3,"motorcycle",0,"No","Metropolitan","Stormy","Medium",1,"N",10
13,"Snack ",24,21,4.8,"electric_scooter",2,"No","Urban","Stormy","Jam ",1,"N",10
35,"Buffet ",34,4,3.9,"electric_scooter",1,"No","Urban","Cloudy","Low ",0,"Y",5
25,"Drinks ",21,21,5,"motorcycle",0,"No","Metropolitan","Fog","Medium",0,"N",5
35,"Buffet ",31,4,4.4,"electric_scooter",2,"No","Semi-Urban","Fog","Low ",1,"Y",15
12,"Meal ",37,12,4.8,"electric_scooter",2,"No","Metropolitan","Windy","High ",1,"N",5
21,"Snack ",21,3,4.9,"scooter",2,"No","Metropolitan","Sandstorms","Jam ",1,"N",5
24,"Snack ",25,21,5,"electric_scooter",2,"No","Metropolitan","Sunny","Medium",0,"N",10
16,"Drinks ",28,21,4.6,"scooter",1,"No","Urban","Sandstorms","Low",1,"N",10
18,"Drinks ",31,4,4.9,"electric_scooter",2,"No","Urban","Windy","Low ",0,"Y",10
12,"Buffet ",34,23,4.7,"electric_scooter",1,"No","Urban","Sunny","Low",0,"N",10
22,"Buffet ",22,2,4.5,"scooter",1,"No","Metropolitan","Stormy","Low",1,"N",20
25,"Buffet ",24,8,4.7,"motorcycle",0,"No","Urban","Sunny","Low ",0,"N",15
42,"Drinks ",28,5,2.9,"motorcycle",2,"Yes","Metropolitan","Sunny","Low ",2,"Y",5
34,"Snack ",23,2,4.4,"electric_scooter",2,"No","Semi-Urban","Cloudy","Jam ",1,"Y",10
19,"Drinks ",29,23,4.8,"scooter",2,"No","Semi-Urban","Sunny","Low ",1,"N",10
22,"Snack ",20,15,5,"scooter",2,"No","Metropolitan","Sunny","Low ",0,"Y",15
26,"Drinks ",26,17,4.6,"scooter",1,"No","Urban","Sandstorms","Jam",1,"N",10
42,"Snack ",23,6,3.6,"motorcycle",2,"No","Metropolitan","Sandstorms","Jam ",2,"Y",15
20,"Buffet ",31,17,4.8,"electric_scooter",2,"No","Metropolitan","Sunny","Jam ",1,"N",15
32,"Meal ",24,21,4.4,"scooter",1,"No","Metropolitan","Stormy","Medium",1,"N",10
29,"Drinks ",21,17,4.8,"scooter",2,"No","Urban","Windy","Jam",1,"N",10
12,"Meal ",27,14,4.9,"motorcycle",2,"No","Metropolitan","Sunny","Jam ",1,"N",10
42,"Buffet ",33,2,4.8,"motorcycle",0,"No","Metropolitan","Fog","Medium",1,"N",15
30,"Snack ",21,19,4.8,"electric_scooter",2,"No","Semi-Urban","Stormy","Jam ",1,"N",10
43,"Buffet ",31,12,2.8,"motorcycle",2,"No","Semi-Urban","Sunny","Low ",0,"Y",5
46,"Snack ",24,4,4.6,"motorcycle",0,"Yes","Urban","Fog","Jam ",1,"N",15
16,"Meal ",26,23,4.9,"electric_scooter",2,"No","Metropolitan","Cloudy","Low ",1,"N",10
32,"Drinks ",33,5,4.7,"electric_scooter",1,"No","Metropolitan","Fog","Medium",1,"N",15
40,"Buffet ",37,14,4.1,"motorcycle",0,"No","Urban","Stormy","Low ",1,"Y",20
37,"Drinks ",34,12,4.8,"scooter",1,"No","Metropolitan","Fog","Jam ",1,"N",10
23,"Buffet ",36,21,4.7,"motorcycle",0,"No","Semi-Urban","Stormy","Low ",1,"Y",15
40,"Snack ",35,8,3.6,"scooter",1,"No","Metropolitan","Windy","Jam ",1,"N",15
23,"Snack ",30,9,4.5,"motorcycle",0,"No","Semi-Urban","Sunny","Medium",0,"N",10
36,"Drinks ",32,8,4,"scooter",0,"No","Metropolitan","Windy","Jam ",1,"N",10
30,"Snack ",32,23,4.6,"motorcycle",1,"No","Metropolitan","Cloudy","Jam ",0,"Y",15
22,"Drinks ",37,15,4.6,"motorcycle",0,"No","Metropolitan","Sunny","Jam ",1,"N",15
44,"Snack ",39,22,4.8,"motorcycle",0,"Yes","Metropolitan","Fog","Low ",1,"Y",15
27,"Drinks ",32,19,4.9,"electric_scooter",2,"No","Metropolitan","Sandstorms","Low ",0,"Y",15
20,"Snack ",31,22,4.8,"motorcycle",1,"No","Semi-Urban","Sandstorms","Low ",0,"N",10
28,"Snack ",22,21,5,"motorcycle",2,"No","Metropolitan","Sandstorms","Low",0,"N",15
36,"Snack ",30,16,4.9,"motorcycle",0,"No","Urban","Cloudy","Medium",1,"N",5
22,"Snack ",37,3,4.1,"scooter",0,"No","Metropolitan","Stormy","Low ",0,"N",15
26,"Meal ",37,19,4.7,"scooter",2,"No","Urban","Sandstorms","Jam ",1,"N",5
19,"Buffet ",39,18,4.8,"motorcycle",0,"No","Urban","Stormy","Jam ",1,"N",15
36,"Buffet ",27,13,4.8,"scooter",0,"No","Metropolitan","Cloudy","Medium",0,"N",15
18,"Buffet ",26,23,4.9,"electric_scooter",2,"No","Metropolitan","Fog","Low ",0,"N",15
38,"Meal ",26,7,4.8,"motorcycle",1,"No","Metropolitan","Fog","Jam ",1,"N",15
29,"Meal ",35,4,4.8,"electric_scooter",0,"No","Metropolitan","Fog","High ",0,"Y",10
25,"Snack ",39,22,4.9,"electric_scooter",1,"No","Metropolitan","Fog","Jam ",0,"N",10
37,"Snack ",38,22,5,"motorcycle",0,"No","Metropolitan","Cloudy","Jam ",1,"Y",15
28,"Buffet ",22,16,4.7,"scooter",2,"No","Metropolitan","Windy","Jam ",1,"N",15
15,"Snack ",24,17,4.6,"scooter",1,"No","Metropolitan","Stormy","Jam ",1,"Y",15
40,"Drinks ",32,3,4.8,"scooter",2,"No","Metropolitan","Fog","Jam ",2,"N",15
31,"Snack ",34,5,3.4,"motorcycle",0,"No","Urban","Stormy","Low",1,"N",15
23,"Snack ",32,23,4.6,"scooter",2,"No","Urban","Windy","Jam",0,"N",10
31,"Snack ",20,3,4.7,"motorcycle",1,"No","Urban","Fog","Medium",1,"N",10
21,"Meal ",34,23,4.9,"scooter",1,"No","Semi-Urban","Stormy","Medium",0,"N",10
25,"Drinks ",36,22,4.9,"motorcycle",2,"No","Semi-Urban","Fog","Jam ",0,"Y",5
36,"Buffet ",21,22,4.3,"motorcycle",1,"No","Metropolitan","Sunny","Medium",1,"N",5
38,"Snack ",31,1,4,"motorcycle",0,"No","Metropolitan","Stormy","Jam",1,"N",5
38,"Buffet ",32,4,4.4,"electric_scooter",2,"No","Metropolitan","Stormy","Medium",2,"Y",10
21,"Snack ",31,17,4.7,"motorcycle",0,"No","Metropolitan","Fog","Low ",1,"N",15
18,"Meal ",28,3,4.5,"motorcycle",1,"No","Metropolitan","Stormy","Low ",0,"N",10
27,"Meal ",25,13,4.9,"motorcycle",1,"No","Metropolitan","Sandstorms","Low ",1,"Y",10
26,"Meal ",24,19,4.9,"motorcycle",2,"No","Metropolitan","Cloudy","Low ",1,"N",10
28,"Meal ",26,14,4.8,"motorcycle",1,"No","Urban","Stormy","Medium",1,"Y",15
29,"Snack ",24,21,4.9,"motorcycle",0,"No","Metropolitan","Stormy","Jam",1,"N",5
32,"Drinks ",32,3,4.2,"motorcycle",0,"No","Metropolitan","Windy","Jam ",1,"N",5
19,"Snack ",25,21,5,"electric_scooter",2,"No","Urban","Sandstorms","Medium",0,"N",5
15,"Snack ",22,23,5,"electric_scooter",1,"No","Metropolitan","Sunny","Low ",0,"N",15
34,"Drinks ",32,9,4.3,"motorcycle",1,"No","Metropolitan","Sandstorms","Medium",1,"N",5
25,"Drinks ",24,19,4.8,"motorcycle",2,"No","Metropolitan","Cloudy","Low ",0,"N",5
15,"Snack ",25,18,4.6,"electric_scooter",0,"No","Urban","Windy","Low",1,"Y",10
24,"Buffet ",27,17,4.9,"motorcycle",1,"No","Metropolitan","Windy","Jam ",1,"N",5
26,"Snack ",21,19,4.8,"scooter",1,"No","Metropolitan","Stormy","Jam ",1,"N",5
18,"Snack ",21,23,4.7,"scooter",1,"No","Metropolitan","Windy","Jam ",1,"Y",15
50,"Meal ",23,12,4.4,"motorcycle",0,"No","Metropolitan","Stormy","Jam ",0,"Y",15
35,"Snack ",32,5,4.1,"motorcycle",0,"No","Urban","Windy","Jam",1,"Y",10
51,"Buffet ",27,16,4.8,"motorcycle",0,"Yes","Metropolitan","Fog","Jam ",1,"N",5
35,"Meal ",29,9,4.9,"motorcycle",0,"No","Metropolitan","Sandstorms","Jam ",1,"N",15
26,"Meal ",27,21,4.7,"scooter",2,"No","Urban","Stormy","Medium",1,"N",15
34,"Drinks ",24,19,4.7,"electric_scooter",2,"No","Semi-Urban","Windy","High ",1,"N",10
17,"Buffet ",20,21,4.8,"motorcycle",2,"No","Metropolitan","Sunny","Jam ",1,"N",10
49,"Buffet ",29,3,4.7,"motorcycle",0,"No","Urban","Windy","Jam ",0,"N",15
26,"Snack ",31,23,4.7,"motorcycle",1,"No","Urban","Cloudy","Medium",1,"Y",5
31,"Snack ",37,16,4.9,"motorcycle",0,"No","Metropolitan","Windy","Medium",1,"N",10
26,"Meal ",39,2,4.6,"electric_scooter",1,"No","Metropolitan","Stormy","High ",1,"Y",5
20,"Meal ",25,22,4.5,"scooter",0,"No","Metropolitan","Sunny","Jam ",0,"N",15
18,"Meal ",33,17,4.7,"scooter",2,"No","Urban","Sunny","Medium",0,"N",5
27,"Snack ",24,19,4.9,"motorcycle",0,"No","Metropolitan","Sunny","Medium",1,"N",10
19,"Buffet ",20,8,4.8,"electric_scooter",1,"No","Metropolitan","Windy","Low ",1,"N",5
26,"Snack ",32,4,4.4,"motorcycle",0,"No","Metropolitan","Sandstorms","Low ",1,"N",15
23,"Buffet ",28,19,4.9,"scooter",1,"No","Urban","Sandstorms","Medium",1,"N",10
46,"Snack ",34,18,4.8,"electric_scooter",0,"No","Semi-Urban","Cloudy","Jam",0,"N",10
19,"Drinks ",36,15,4.6,"scooter",2,"No","Urban","Cloudy","Low",1,"N",10
25,"Buffet ",20,21,4.8,"scooter",0,"No","Semi-Urban","Sandstorms","Jam ",1,"Y",15
21,"Snack ",34,8,4.9,"motorcycle",0,"No","Semi-Urban","Fog","Low ",1,"Y",10
11,"Meal ",24,12,4.6,"electric_scooter",1,"No","Urban","Sunny","High ",0,"Y",15
34,"Meal ",24,3,4.1,"motorcycle",1,"No","Metropolitan","Stormy","Jam ",1,"Y",5
22,"Snack ",30,12,4.7,"motorcycle",1,"No","Urban","Stormy","Jam ",0,"N",5
17,"Buffet ",23,6,4.5,"scooter",1,"No","Urban","Stormy","Medium",1,"Y",15
25,"Drinks ",36,17,4.9,"scooter",1,"No","Metropolitan","Fog","Jam ",0,"N",5
26,"Meal ",37,16,4.6,"scooter",2,"No","Metropolitan","Sunny","Medium",1,"N",5
41,"Snack ",21,17,4.8,"scooter",0,"No","Metropolitan","Fog","Jam ",1,"Y",5
38,"Drinks ",24,21,4.8,"scooter",0,"No","Metropolitan","Stormy","Jam ",2,"N",5
44,"Buffet ",39,9,4.1,"electric_scooter",2,"No","Semi-Urban","Windy","Jam ",1,"Y",15
26,"Snack ",33,3,4.5,"scooter",1,"No","Urban","Sandstorms","Medium",1,"Y",10
26,"Drinks ",32,17,4.9,"motorcycle",0,"No","Metropolitan","Fog","Medium",1,"Y",5
36,"Meal ",27,13,4,"motorcycle",2,"No","Semi-Urban","Fog","Jam ",1,"N",15
25,"Meal ",29,19,4.6,"electric_scooter",2,"No","Urban","Stormy","Medium",1,"N",15
22,"Snack ",24,15,4.6,"electric_scooter",2,"No","Urban","Stormy","Medium",1,"N",15
18,"Snack ",26,22,4.8,"electric_scooter",1,"No","Urban","Sunny","Jam",1,"N",10
28,"Snack ",36,6,4.9,"motorcycle",0,"No","Metropolitan","Sandstorms","Low ",0,"N",10
16,"Buffet ",27,13,4.6,"motorcycle",1,"No","Metropolitan","Sunny","Jam ",0,"N",5
22,"Buffet ",22,9,4.9,"motorcycle",2,"No","Semi-Urban","Cloudy","Low ",0,"N",10
15,"Snack ",27,22,4.8,"scooter",2,"No","Semi-Urban","Sunny","Low ",1,"N",15
33,"Snack ",31,2,3.9,"scooter",2,"No","Metropolitan","Sandstorms","Jam",0,"N",10
39,"Buffet ",24,23,4.7,"scooter",0,"Yes","Metropolitan","Stormy","Jam ",0,"Y",5
26,"Meal ",28,5,4.5,"electric_scooter",1,"No","Urban","Sandstorms","Jam",1,"Y",10
36,"Snack ",34,1,4.6,"motorcycle",0,"No","Metropolitan","Sandstorms","High ",1,"N",5
16,"Snack ",34,3,4.1,"motorcycle",0,"No","Urban","Windy","Low",0,"N",10
15,"Buffet ",25,13,5,"scooter",1,"No","Urban","Cloudy","Medium",1,"Y",5
46,"Meal ",29,7,4.4,"electric_scooter",0,"No","Metropolitan","Sunny","Jam ",1,"Y",15
26,"Snack ",35,14,4.8,"motorcycle",1,"No","Metropolitan","Stormy","Medium",1,"Y",15
25,"Drinks ",35,21,4.5,"motorcycle",2,"No","Metropolitan","Windy","Medium",0,"Y",10
30,"Drinks ",32,13,4.8,"motorcycle",1,"No","Metropolitan","Windy","Medium",0,"N",5
25,"Drinks ",27,9,4.6,"electric_scooter",2,"No","Semi-Urban","Windy","Jam ",1,"N",15
20,"Buffet ",31,3,4.9,"scooter",1,"No","Metropolitan","Sunny","High ",0,"N",15
47,"Meal ",34,15,5,"motorcycle",0,"No","Semi-Urban","Sunny","Jam ",0,"Y",5
54,"Snack ",24,15,4.9,"electric_scooter",0,"No","Semi-Urban","Fog","Jam ",0,"N",5
29,"Snack ",29,7,4.5,"scooter",2,"No","Metropolitan","Fog","High ",0,"N",15
15,"Buffet ",29,19,4.8,"motorcycle",1,"No","Urban","Sandstorms","Jam",0,"N",15
19,"Snack ",38,19,4.9,"scooter",1,"No","Metropolitan","Windy","Jam ",1,"N",5
28,"Snack ",31,23,4.7,"electric_scooter",0,"No","Urban","Sunny","High",0,"Y",15
38,"Meal ",20,22,4.7,"motorcycle",0,"No","Urban","Stormy","Low",1,"N",25
29,"Meal ",20,1,4.7,"scooter",2,"No","Urban","Sunny","Low",1,"Y",15
14,"Meal ",23,9,4.6,"electric_scooter",2,"No","Metropolitan","Cloudy","Low ",0,"N",15
41,"Meal ",27,14,3.7,"electric_scooter",2,"No","Metropolitan","Windy","Jam ",1,"N",10
24,"Meal ",38,21,5,"motorcycle",0,"No","Semi-Urban","Sunny","Low ",1,"Y",5
36,"Drinks ",37,19,5,"scooter",0,"No","Metropolitan","Stormy","Medium",1,"N",10
33,"Snack ",22,11,4.2,"motorcycle",1,"No","Metropolitan","Fog","Jam ",0,"Y",15
25,"Snack ",36,22,4.9,"motorcycle",2,"No","Urban","Stormy","Medium",1,"N",15
33,"Buffet ",25,1,4,"motorcycle",1,"No","Semi-Urban","Cloudy","Jam",1,"N",15
14,"Snack ",32,14,4.9,"scooter",2,"No","Metropolitan","Stormy","Low ",1,"N",15
12,"Meal ",34,22,5,"scooter",2,"No","Urban","Windy","High ",0,"N",10
27,"Buffet ",23,23,4.6,"electric_scooter",1,"No","Metropolitan","Sandstorms","Jam ",1,"N",15
21,"Drinks ",36,18,4.4,"motorcycle",0,"No","Metropolitan","Stormy","Low ",0,"N",15
28,"Snack ",32,15,4.7,"electric_scooter",2,"No","Metropolitan","Stormy","Jam ",1,"N",5
41,"Meal ",28,3,4.1,"electric_scooter",2,"Yes","Metropolitan","Fog","Jam ",1,"N",5
33,"Drinks ",36,23,4.8,"motorcycle",0,"No","Metropolitan","Sandstorms","Medium",0,"N",5
18,"Meal ",20,17,4.5,"motorcycle",0,"No","Metropolitan","Sandstorms","Low ",1,"N",5
31,"Meal ",24,8,3.9,"scooter",1,"No","Metropolitan","Sandstorms","Medium",1,"N",15
30,"Snack ",34,19,4.8,"scooter",0,"No","Metropolitan","Stormy","Medium",0,"N",5
30,"Buffet ",23,1,4.5,"electric_scooter",1,"No","Urban","Sunny","Jam",1,"N",15
11,"Snack ",38,15,4.9,"motorcycle",2,"No","Urban","Sunny","Medium",0,"N",15
21,"Meal ",34,23,4.9,"motorcycle",1,"No","Metropolitan","Stormy","High",1,"N",5
17,"Meal ",29,5,4.7,"electric_scooter",2,"No","Urban","Sunny","Low ",0,"Y",5
40,"Meal ",20,1,4.9,"electric_scooter",1,"No","Urban","Cloudy","Jam ",1,"N",10
24,"Snack ",32,19,4.7,"scooter",1,"No","Metropolitan","Sunny","Medium",1,"N",5
35,"Drinks ",24,1,4.1,"motorcycle",2,"No","Metropolitan","Cloudy","Jam ",1,"N",15
33,"Meal ",27,17,4.8,"motorcycle",1,"No","Urban","Stormy","Medium",1,"Y",15
40,"Snack ",27,15,4.7,"scooter",2,"No","Metropolitan","Cloudy","Medium",2,"N",15
28,"Snack ",27,2,4.8,"motorcycle",0,"No","Semi-Urban","Sunny","High ",1,"Y",15
26,"Snack ",21,9,4.9,"scooter",2,"No","Metropolitan","Sandstorms","High ",0,"N",15
28,"Drinks ",38,15,4.6,"motorcycle",1,"No","Urban","Stormy","Medium",1,"N",10
40,"Drinks ",31,18,4.4,"scooter",2,"No","Urban","Windy","Jam",1,"N",5
11,"Drinks ",20,12,4.7,"electric_scooter",2,"No","Metropolitan","Sunny","Jam ",0,"N",15
22,"Buffet ",20,22,4.7,"motorcycle",0,"No","Urban","Sandstorms","Jam",1,"N",5
30,"Meal ",38,3,4.7,"motorcycle",1,"No","Semi-Urban","Fog","High ",1,"N",10
23,"Meal ",21,12,4.9,"scooter",0,"No","Metropolitan","Sunny","Low ",1,"N",10
36,"Snack ",22,13,4.3,"motorcycle",2,"No","Metropolitan","Cloudy","Jam ",1,"N",10
19,"Snack ",38,18,4.9,"motorcycle",2,"No","Metropolitan","Stormy","Jam ",1,"Y",15
49,"Snack ",34,9,5,"motorcycle",0,"Yes","Metropolitan","Fog","Jam ",2,"N",15
33,"Drinks ",25,6,3.9,"scooter",2,"No","Metropolitan","Stormy","Medium",0,"N",15
32,"Drinks ",31,3,4.2,"motorcycle",0,"No","Urban","Cloudy","Jam",1,"N",10
12,"Buffet ",32,14,4.9,"motorcycle",1,"No","Metropolitan","Sandstorms","Low ",1,"N",20
23,"Drinks ",35,17,4.8,"motorcycle",1,"No","Metropolitan","Stormy","Low ",1,"N",15
21,"Meal ",30,16,4.9,"scooter",1,"No","Urban","Sunny","Low",0,"Y",10
33,"Drinks ",37,8,4.1,"motorcycle",1,"No","Metropolitan","Sandstorms","Medium",1,"N",10
37,"Snack ",29,19,4.7,"motorcycle",2,"No","Urban","Cloudy","High",1,"N",15
35,"Meal ",33,17,4.6,"motorcycle",0,"No","Urban","Sandstorms","Jam",1,"N",10
27,"Meal ",27,23,4.9,"motorcycle",0,"No","Metropolitan","Fog","High ",1,"Y",15
18,"Buffet ",35,5,4.8,"scooter",2,"No","Urban","Sunny","Medium",1,"N",10
27,"Meal ",38,3,4.6,"motorcycle",0,"No","Urban","Sunny","Jam ",1,"N",10
18,"Meal ",24,21,4.6,"motorcycle",0,"No","Metropolitan","Fog","Low ",0,"N",5
23,"Drinks ",35,12,4.7,"scooter",0,"No","Urban","Stormy","Low ",1,"Y",10
36,"Snack ",33,23,4.9,"motorcycle",1,"No","Metropolitan","Fog","Jam ",2,"N",5
19,"Drinks ",23,17,4.5,"motorcycle",2,"No","Metropolitan","Stormy","Low ",1,"N",20
25,"Drinks ",24,9,4.6,"motorcycle",1,"No","Metropolitan","Fog","Low ",0,"Y",10
10,"Snack ",29,19,4.9,"motorcycle",1,"No","Urban","Stormy","Low",1,"N",20
19,"Drinks ",39,19,4.5,"motorcycle",0,"No","Metropolitan","Stormy","Low ",1,"N",25
21,"Buffet ",29,23,4.7,"motorcycle",2,"No","Metropolitan","Sandstorms","Low ",0,"N",15
17,"Snack ",38,22,5,"motorcycle",1,"No","Urban","Cloudy","Low",0,"N",5
36,"Meal ",32,2,4.2,"scooter",0,"No","Metropolitan","Stormy","Medium",0,"N",10
19,"Meal ",27,23,4.6,"electric_scooter",2,"No","Urban","Sunny","Medium",0,"N",10
27,"Meal ",34,9,4.7,"electric_scooter",0,"No","Urban","Sandstorms","Jam ",1,"Y",15
27,"Buffet ",25,18,4.9,"electric_scooter",0,"No","Urban","Stormy","Jam ",1,"Y",10
26,"Drinks ",36,4,4.9,"motorcycle",0,"No","Metropolitan","Stormy","Jam ",1,"N",5
17,"Snack ",24,4,4.9,"motorcycle",0,"No","Metropolitan","Sandstorms","Medium",0,"N",15
28,"Meal ",35,21,4.7,"scooter",1,"No","Metropolitan","Cloudy","Jam ",1,"N",5
25,"Drinks ",33,15,5,"motorcycle",0,"No","Metropolitan","Sunny","Low ",1,"N",10
26,"Buffet ",38,22,4.9,"motorcycle",1,"No","Urban","Sandstorms","Low",1,"Y",15
15,"Drinks ",25,16,4.7,"electric_scooter",1,"No","Metropolitan","Sunny","Low ",0,"N",20
28,"Buffet ",24,8,4.8,"electric_scooter",1,"No","Metropolitan","Fog","High ",1,"N",15
33,"Snack ",21,7,5,"scooter",0,"No","Urban","Sandstorms","Jam ",1,"Y",15
40,"Meal ",36,18,5,"motorcycle",0,"No","Metropolitan","Cloudy","Jam ",1,"Y",15
42,"Snack ",35,2,5,"motorcycle",0,"No","Metropolitan","Sandstorms","Jam ",1,"N",5
22,"Buffet ",38,16,4.6,"scooter",2,"No","Metropolitan","Cloudy","Low ",0,"N",10
28,"Buffet ",21,9,4.5,"motorcycle",0,"No","Urban","Windy","Low ",1,"N",5
26,"Drinks ",32,9,5,"scooter",1,"No","Metropolitan","Fog","Jam ",1,"N",10
18,"Snack ",31,17,4.9,"motorcycle",0,"No","Urban","Windy","Low",1,"N",5
28,"Buffet ",38,18,4.6,"motorcycle",0,"No","Urban","Sunny","Jam ",1,"N",5
17,"Buffet ",34,17,4.5,"scooter",2,"No","Urban","Fog","Low ",1,"N",5
33,"Meal ",31,4,4.4,"motorcycle",2,"No","Urban","Cloudy","Jam",1,"N",5
25,"Meal ",29,15,4.6,"scooter",1,"No","Semi-Urban","Sandstorms","Low ",0,"Y",15
28,"Buffet ",27,7,4.5,"scooter",1,"No","Semi-Urban","Stormy","Medium",0,"N",15
20,"Buffet ",24,21,4.9,"motorcycle",0,"No","Metropolitan","Stormy","Low ",0,"Y",10
30,"Snack ",38,8,4.8,"motorcycle",1,"No","Metropolitan","Windy","Medium",1,"N",10
41,"Snack ",31,23,4.8,"motorcycle",0,"Yes","Urban","Cloudy","Medium",0,"N",10
14,"Drinks ",25,4,4.9,"motorcycle",2,"No","Urban","Windy","Low ",1,"N",10
15,"Snack ",22,17,4.6,"electric_scooter",1,"No","Urban","Sunny","Jam",0,"N",15
28,"Buffet ",25,6,4.8,"motorcycle",0,"No","Metropolitan","Sandstorms","Jam ",0,"N",10
28,"Buffet ",20,17,4.6,"motorcycle",1,"No","Metropolitan","Cloudy","Medium",1,"N",10
26,"Snack ",20,18,4.6,"motorcycle",2,"No","Semi-Urban","Sandstorms","Jam",1,"N",10
36,"Snack ",36,9,4.3,"electric_scooter",2,"No","Urban","Fog","Jam ",0,"N",15
17,"Buffet ",31,17,5,"electric_scooter",1,"No","Metropolitan","Stormy","Low ",0,"Y",5
40,"Drinks ",27,6,4.3,"motorcycle",2,"No","Semi-Urban","Fog","Jam",1,"Y",5
23,"Snack ",32,4,4.7,"motorcycle",1,"No","Semi-Urban","Sunny","High ",1,"N",5
24,"Drinks ",35,22,4.5,"electric_scooter",2,"No","Semi-Urban","Windy","Low ",0,"N",5
19,"Buffet ",24,23,4.9,"motorcycle",1,"No","Metropolitan","Sunny","Medium",1,"N",5
14,"Drinks ",37,23,4.6,"scooter",2,"No","Urban","Windy","Jam ",1,"N",10
16,"Buffet ",32,18,5,"electric_scooter",1,"No","Semi-Urban","Cloudy","Low",1,"N",5
20,"Meal ",21,19,4.9,"electric_scooter",2,"No","Urban","Cloudy","Low",0,"N",10
25,"Snack ",25,14,4.5,"scooter",1,"No","Semi-Urban","Sunny","Jam ",0,"N",10
39,"Snack ",33,7,3.8,"electric_scooter",1,"No","Metropolitan","Fog","Low ",2,"Y",5
19,"Snack ",35,22,4.6,"electric_scooter",1,"No","Metropolitan","Windy","Low ",0,"N",10
25,"Drinks ",25,4,4.7,"motorcycle",2,"No","Metropolitan","Windy","Low ",1,"N",10
20,"Drinks ",32,23,4.5,"electric_scooter",0,"No","Metropolitan","Fog","Jam ",1,"N",15
17,"Meal ",22,5,4.5,"scooter",2,"No","Metropolitan","Fog","Low ",0,"Y",15
38,"Drinks ",24,5,4.3,"motorcycle",0,"No","Metropolitan","Fog","High ",1,"N",15
26,"Meal ",35,6,4.8,"motorcycle",1,"No","Urban","Sunny","Jam ",1,"N",10
11,"Drinks ",27,13,4.9,"motorcycle",1,"No","Urban","Sunny","High ",0,"N",10
26,"Snack ",28,6,4.9,"motorcycle",0,"No","Metropolitan","Sandstorms","Medium",1,"N",15
21,"Drinks ",35,19,5,"motorcycle",0,"No","Metropolitan","Windy","Low ",1,"N",15
31,"Drinks ",27,8,4.9,"motorcycle",1,"No","Urban","Windy","Jam ",1,"N",5
19,"Buffet ",26,2,5,"scooter",2,"No","Metropolitan","Stormy","Low ",1,"N",15
37,"Snack ",28,1,4.4,"electric_scooter",2,"No","Urban","Sandstorms","Jam ",1,"N",10
26,"Drinks ",31,13,4.7,"electric_scooter",2,"No","Metropolitan","Sunny","High ",1,"N",10
43,"Buffet ",31,23,5,"scooter",2,"No","Semi-Urban","Cloudy","Jam",2,"N",15
16,"Snack ",24,12,5,"electric_scooter",0,"No","Metropolitan","Sunny","Low ",0,"N",10
37,"Drinks ",25,9,4.5,"motorcycle",2,"No","Metropolitan","Stormy","Jam ",1,"N",10
52,"Snack ",32,8,4.8,"motorcycle",0,"Yes","Semi-Urban","Fog","Jam ",1,"N",15
28,"Buffet ",21,19,5,"electric_scooter",2,"No","Semi-Urban","Sandstorms","Medium",1,"N",5
28,"Snack ",27,19,5,"electric_scooter",1,"No","Metropolitan","Fog","Low ",1,"N",10
27,"Buffet ",27,9,4.7,"motorcycle",1,"No","Metropolitan","Fog","High ",0,"Y",10
31,"Snack ",39,22,4.8,"scooter",2,"No","Metropolitan","Fog","Jam ",0,"N",15
18,"Buffet ",39,9,4.5,"scooter",2,"No","Metropolitan","Stormy","Low ",0,"N",10
26,"Meal ",38,21,4.8,"scooter",0,"No","Urban","Sunny","Jam",1,"N",15
15,"Snack ",27,22,4.8,"scooter",2,"No","Semi-Urban","Sunny","Low ",1,"N",15
16,"Drinks ",35,3,4.7,"motorcycle",1,"No","Urban","Windy","Jam",1,"N",10
17,"Meal ",23,9,4.8,"electric_scooter",2,"No","Semi-Urban","Sunny","Medium",0,"N",5
31,"Meal ",34,5,4.1,"electric_scooter",1,"No","Urban","Sandstorms","Jam",1,"Y",5
14,"Drinks ",26,19,4.6,"motorcycle",1,"No","Semi-Urban","Stormy","Jam ",1,"N",10
32,"Meal ",39,9,4.9,"scooter",2,"No","Metropolitan","Fog","Jam ",1,"N",15
28,"Snack ",32,12,4.8,"electric_scooter",0,"No","Metropolitan","Fog","High ",1,"N",10
16,"Snack ",35,19,4.8,"scooter",2,"No","Urban","Fog","Low ",1,"N",10
21,"Drinks ",36,19,4.6,"motorcycle",0,"No","Metropolitan","Fog","High ",0,"N",10
26,"Buffet ",22,13,5,"scooter",2,"No","Metropolitan","Stormy","Medium",0,"N",15
15,"Buffet ",21,2,4.6,"scooter",2,"No","Metropolitan","Stormy","Low ",1,"N",5
25,"Drinks ",37,23,4.7,"motorcycle",0,"No","Metropolitan","Sandstorms","Low ",1,"N",15
15,"Meal ",28,1,4.7,"scooter",2,"No","Urban","Cloudy","Low",1,"N",5
36,"Snack ",26,13,4.3,"scooter",1,"No","Semi-Urban","Fog","Jam ",1,"N",10
31,"Snack ",32,21,4.7,"motorcycle",0,"No","Metropolitan","Cloudy","Jam",0,"N",5
22,"Drinks ",36,23,4.8,"electric_scooter",1,"No","Semi-Urban","Sunny","Jam ",1,"N",15
29,"Drinks ",21,3,4.8,"electric_scooter",0,"No","Metropolitan","Sunny","Low ",1,"N",5
10,"Drinks ",31,21,4.6,"electric_scooter",2,"No","Urban","Sandstorms","Low",0,"Y",10
42,"Snack ",27,9,4.6,"scooter",2,"No","Metropolitan","Cloudy","Jam ",1,"Y",10
33,"Drinks ",37,8,4.1,"motorcycle",1,"No","Metropolitan","Sandstorms","Medium",1,"N",10
25,"Drinks ",36,17,4.9,"scooter",1,"No","Metropolitan","Fog","Jam ",0,"N",5
18,"Buffet ",30,3,4.7,"motorcycle",2,"No","Semi-Urban","Cloudy","Medium",0,"N",15
23,"Meal ",32,15,4.9,"motorcycle",0,"No","Metropolitan","Fog","Jam ",1,"N",10
17,"Snack ",27,15,4.7,"electric_scooter",1,"No","Metropolitan","Sunny","Jam ",0,"N",15
23,"Snack ",30,14,4.8,"motorcycle",0,"No","Semi-Urban","Sandstorms","Jam ",1,"N",5
19,"Snack ",32,15,4.5,"motorcycle",2,"No","Urban","Sunny","Jam",1,"N",10
25,"Drinks ",33,23,4.6,"motorcycle",0,"No","Urban","Sunny","Jam ",1,"Y",5
28,"Snack ",20,23,4.6,"motorcycle",0,"No","Metropolitan","Sunny","Medium",0,"N",5
17,"Snack ",27,12,5,"scooter",1,"No","Metropolitan","Fog","Medium",1,"N",15
40,"Meal ",33,15,4.6,"scooter",2,"No","Metropolitan","Sunny","Jam ",1,"Y",5
23,"Buffet ",27,18,4.8,"motorcycle",1,"No","Urban","Stormy","Jam",0,"N",15
20,"Snack ",20,4,4.9,"motorcycle",0,"No","Metropolitan","Stormy","Medium",0,"N",5
31,"Buffet ",38,16,4.4,"scooter",0,"No","Metropolitan","Fog","High ",1,"N",10
36,"Meal ",22,16,3.8,"scooter",2,"No","Urban","Sandstorms","Jam ",1,"N",5
50,"Buffet ",25,13,4.7,"motorcycle",0,"No","Metropolitan","Fog","Jam ",1,"N",10
29,"Drinks ",30,2,4.8,"scooter",2,"No","Urban","Fog","High ",1,"N",15
12,"Meal ",39,12,4.7,"scooter",2,"No","Metropolitan","Stormy","Jam ",0,"N",10
38,"Drinks ",31,4,5,"motorcycle",0,"No","Metropolitan","Fog","Jam ",0,"N",15
22,"Buffet ",39,16,4.6,"scooter",0,"No","Urban","Cloudy","Medium",1,"N",15
19,"Snack ",34,19,4.9,"scooter",2,"No","Semi-Urban","Sandstorms","Low ",0,"Y",10
23,"Snack ",36,15,4.9,"scooter",1,"No","Metropolitan","Windy","Low ",0,"N",5
26,"Drinks ",33,19,4.7,"motorcycle",1,"No","Urban","Sandstorms","Low ",1,"N",15
29,"Drinks ",25,18,4.9,"motorcycle",1,"No","Urban","Sandstorms","Jam",1,"Y",5
24,"Snack ",30,18,4.7,"motorcycle",1,"No","Urban","Sunny","Medium",1,"N",5
29,"Buffet ",35,3,4.9,"electric_scooter",0,"No","Metropolitan","Sandstorms","Medium",1,"N",10
26,"Meal ",32,22,4.7,"scooter",1,"No","Urban","Sandstorms","High",0,"N",15
27,"Buffet ",26,8,4.9,"scooter",1,"No","Metropolitan","Fog","Jam ",0,"N",5
28,"Buffet ",38,23,4.5,"electric_scooter",2,"No","Metropolitan","Sunny","Low ",1,"N",10
25,"Meal ",31,9,4.1,"electric_scooter",0,"No","Metropolitan","Windy","Low ",0,"N",10
30,"Meal ",24,19,4.9,"motorcycle",2,"No","Semi-Urban","Stormy","Jam ",1,"N",5
38,"Meal ",31,6,4.2,"motorcycle",0,"No","Urban","Windy","Jam",1,"N",5
32,"Meal ",32,7,4.9,"scooter",1,"No","Metropolitan","Fog","Jam ",1,"N",10
24,"Meal ",32,14,4.6,"electric_scooter",1,"No","Metropolitan","Stormy","Low ",1,"N",5
24,"Meal ",23,9,4.8,"motorcycle",2,"No","Semi-Urban","Sunny","Low ",1,"N",15
24,"Drinks ",20,9,4.8,"scooter",2,"No","Metropolitan","Sunny","Jam ",1,"N",5
25,"Drinks ",27,8,4.9,"motorcycle",0,"No","Semi-Urban","Stormy","Jam ",1,"N",5
24,"Snack ",26,15,5,"scooter",2,"No","Urban","Stormy","Low",1,"Y",15
23,"Buffet ",37,2,4.2,"motorcycle",0,"No","Urban","Sandstorms","Low",1,"N",5
33,"Snack ",35,11,4,"electric_scooter",2,"No","Semi-Urban","Sandstorms","Medium",1,"N",10
26,"Drinks ",36,17,4.7,"motorcycle",0,"No","Metropolitan","Fog","Medium",1,"N",5
28,"Meal ",28,18,4.6,"scooter",1,"No","Metropolitan","Windy","Medium",1,"N",5
30,"Buffet ",32,23,4.9,"motorcycle",2,"No","Metropolitan","Stormy","High ",1,"N",15
22,"Meal ",39,21,4.9,"motorcycle",1,"No","Metropolitan","Stormy","Medium",0,"N",15
46,"Buffet ",24,18,4.9,"electric_scooter",0,"No","Semi-Urban","Sandstorms","Jam ",1,"N",5
38,"Meal ",31,3,4,"motorcycle",2,"No","Metropolitan","Stormy","Medium",1,"N",5
48,"Snack ",28,5,4.7,"motorcycle",0,"No","Metropolitan","Fog","Jam ",1,"N",5
12,"Drinks ",27,6,4.6,"motorcycle",0,"No","Metropolitan","Sandstorms","Medium",0,"N",15
17,"Meal ",29,16,4.5,"motorcycle",0,"No","Urban","Windy","High",0,"N",15
40,"Buffet ",38,9,4.4,"motorcycle",0,"No","Semi-Urban","Fog","Low ",1,"Y",15
26,"Drinks ",39,23,4.9,"motorcycle",0,"No","Semi-Urban","Cloudy","Medium",1,"Y",5
28,"Drinks ",21,12,4.7,"motorcycle",0,"No","Metropolitan","Stormy","Low ",1,"N",15
10,"Meal ",32,19,4.8,"motorcycle",2,"No","Semi-Urban","Sandstorms","Low ",1,"N",5
22,"Buffet ",33,17,4.7,"electric_scooter",1,"No","Metropolitan","Windy","High ",1,"N",10
36,"Snack ",36,11,4.5,"motorcycle",0,"No","Metropolitan","Cloudy","Medium",2,"N",10
29,"Drinks ",24,13,4.5,"scooter",1,"No","Metropolitan","Fog","Jam ",1,"Y",10
13,"Snack ",27,6,4.9,"electric_scooter",2,"No","Metropolitan","Fog","Low ",1,"N",5
12,"Buffet ",34,17,4.9,"motorcycle",1,"No","Metropolitan","Sunny","Low ",0,"N",5
31,"Buffet ",30,3,4,"motorcycle",1,"No","Urban","Sunny","Jam ",1,"Y",5
31,"Drinks ",24,1,4,"scooter",0,"No","Metropolitan","Sandstorms","Jam ",0,"N",10
11,"Snack ",30,23,5,"scooter",2,"No","Urban","Windy","Low",1,"N",15
28,"Buffet ",26,23,4.9,"motorcycle",2,"No","Metropolitan","Sandstorms","Medium",1,"N",15
22,"Snack ",24,5,4.3,"motorcycle",0,"No","Urban","Sandstorms","Low",1,"N",5
16,"Drinks ",23,16,4.6,"scooter",1,"No","Urban","Stormy","Low",1,"N",15
29,"Buffet ",26,17,4.5,"scooter",1,"No","Metropolitan","Windy","Medium",1,"Y",15
29,"Snack ",28,2,4.5,"motorcycle",2,"No","Urban","Fog","Medium",0,"N",10
33,"Meal ",34,7,4.2,"electric_scooter",2,"No","Urban","Stormy","Jam ",0,"N",10
26,"Meal ",39,19,4.7,"scooter",1,"No","Metropolitan","Stormy","Medium",1,"N",5
34,"Meal ",28,9,4.6,"scooter",1,"No","Metropolitan","Stormy","High ",1,"Y",5
33,"Drinks ",21,11,4.7,"electric_scooter",1,"No","Metropolitan","Windy","High ",0,"N",5
32,"Meal ",35,11,4.1,"motorcycle",0,"No","Urban","Sandstorms","Medium",1,"N",10
25,"Snack ",32,15,4.9,"electric_scooter",1,"No","Metropolitan","Fog","Low ",1,"N",10
16,"Buffet ",33,15,4.7,"motorcycle",2,"No","Metropolitan","Sunny","Low ",0,"N",5
24,"Snack ",25,11,4.7,"scooter",2,"No","Metropolitan","Sandstorms","Low ",1,"Y",5
39,"Buffet ",29,7,4,"electric_scooter",2,"No","Metropolitan","Stormy","High ",0,"N",15
39,"Drinks ",23,19,4.8,"motorcycle",0,"No","Metropolitan","Sandstorms","Jam ",2,"Y",10
34,"Snack ",39,2,3.6,"motorcycle",1,"No","Metropolitan","Sunny","Low ",1,"Y",10
17,"Buffet ",28,23,4.6,"scooter",1,"No","Metropolitan","Fog","Low ",0,"N",10
33,"Snack ",38,1,4.6,"scooter",2,"No","Semi-Urban","Fog","Medium",2,"Y",5
18,"Snack ",36,17,4.9,"electric_scooter",0,"No","Semi-Urban","Sunny","Medium",1,"N",15
24,"Snack ",24,15,4.6,"scooter",1,"No","Metropolitan","Windy","Jam ",1,"Y",5
24,"Buffet ",36,22,4.8,"scooter",0,"No","Metropolitan","Cloudy","Low ",0,"N",5
38,"Snack ",37,21,4.4,"scooter",2,"No","Urban","Cloudy","Medium",1,"N",15
13,"Snack ",24,11,4.8,"motorcycle",2,"No","Metropolitan","Windy","Low ",1,"N",15
22,"Meal ",21,16,4.8,"electric_scooter",0,"No","Metropolitan","Sandstorms","Low ",0,"N",10
17,"Buffet ",38,21,4.9,"electric_scooter",2,"No","Urban","Sandstorms","Low",0,"N",10
38,"Meal ",28,22,4.6,"motorcycle",0,"No","Semi-Urban","Fog","Medium",1,"Y",5
22,"Drinks ",33,7,5,"motorcycle",2,"No","Metropolitan","Sunny","Low ",1,"N",10
22,"Snack ",38,9,4.9,"scooter",1,"No","Urban","Sandstorms","Medium",0,"Y",5
49,"Snack ",23,19,4.9,"electric_scooter",1,"Yes","Metropolitan","Cloudy","Jam ",3,"Y",10
16,"Meal ",26,22,4.8,"motorcycle",1,"No","Metropolitan","Stormy","Low ",1,"N",5
28,"Meal ",30,13,4.8,"motorcycle",2,"No","Metropolitan","Sandstorms","Jam ",0,"N",5
15,"Snack ",38,23,4.7,"motorcycle",1,"No","Urban","Fog","Low ",0,"N",15
11,"Drinks ",25,23,4.9,"scooter",2,"No","Metropolitan","Windy","Jam ",0,"Y",10
22,"Snack ",21,12,4.8,"motorcycle",1,"No","Metropolitan","Sandstorms","Jam ",1,"N",10
44,"Buffet ",36,17,5,"motorcycle",0,"No","Urban","Sunny","Jam",1,"N",10
20,"Snack ",20,5,4.7,"motorcycle",0,"No","Semi-Urban","Windy","Medium",0,"N",10
22,"Buffet ",37,5,4.9,"motorcycle",1,"No","Metropolitan","Stormy","Jam ",1,"N",5
14,"Buffet ",27,4,4.9,"electric_scooter",2,"No","Metropolitan","Sandstorms","Low ",1,"Y",5
31,"Snack ",37,6,4.3,"motorcycle",1,"No","Urban","Cloudy","Low",0,"Y",20
36,"Drinks ",31,2,4.6,"motorcycle",0,"No","Semi-Urban","Stormy","Low ",2,"Y",5
22,"Meal ",37,23,4.7,"motorcycle",1,"No","Metropolitan","Sunny","Jam ",1,"Y",5
29,"Buffet ",31,15,4.6,"scooter",1,"No","Metropolitan","Sandstorms","Medium",1,"Y",15
29,"Meal ",26,23,4.9,"motorcycle",0,"No","Metropolitan","Sandstorms","Medium",1,"Y",15
24,"Buffet ",25,22,4.8,"motorcycle",0,"No","Metropolitan","Fog","Jam",1,"N",15
18,"Drinks ",20,23,4.8,"scooter",1,"No","Metropolitan","Sunny","Jam ",0,"Y",5
21,"Meal ",32,12,4.8,"motorcycle",0,"No","Metropolitan","Cloudy","Low ",0,"N",5
15,"Snack ",29,23,4.9,"motorcycle",0,"No","Metropolitan","Windy","Low ",1,"Y",15
19,"Meal ",29,22,4.8,"scooter",2,"No","Metropolitan","Stormy","Low ",1,"N",15
44,"Snack ",27,1,4.6,"motorcycle",0,"No","Semi-Urban","Fog","Low ",2,"Y",15
27,"Snack ",27,17,4.8,"scooter",0,"No","Metropolitan","Fog","Medium",1,"N",10
27,"Buffet ",30,14,4.6,"scooter",2,"No","Urban","Sandstorms","Medium",1,"N",5
27,"Meal ",32,3,4.8,"motorcycle",1,"No","Metropolitan","Stormy","Low ",1,"N",10
14,"Buffet ",35,17,4.8,"motorcycle",1,"No","Metropolitan","Sunny","Medium",1,"N",10
15,"Drinks ",32,17,4.7,"scooter",0,"No","Semi-Urban","Sunny","Medium",1,"Y",5
44,"Buffet ",28,4,4.6,"scooter",1,"No","Semi-Urban","Stormy","Jam ",2,"Y",15
34,"Snack ",24,5,4.4,"motorcycle",1,"No","Metropolitan","Fog","Jam ",0,"N",5
27,"Drinks ",21,1,5,"electric_scooter",2,"No","Metropolitan","Windy","Jam ",1,"N",10
17,"Snack ",28,15,4.8,"motorcycle",2,"No","Urban","Sunny","Medium",0,"N",15
16,"Meal ",33,16,4.9,"motorcycle",1,"No","Urban","Stormy","Low",1,"N",15
10,"Drinks ",24,4,4.5,"scooter",2,"No","Urban","Cloudy","Medium",1,"N",15
22,"Snack ",31,15,4.7,"motorcycle",2,"No","Metropolitan","Sandstorms","Low ",1,"N",15
22,"Drinks ",23,12,4.7,"motorcycle",1,"No","Metropolitan","Sunny","Low ",0,"N",10
19,"Meal ",38,8,4.8,"motorcycle",1,"No","Metropolitan","Stormy","Medium",1,"N",15
32,"Snack ",30,6,4.7,"scooter",0,"No","Metropolitan","Windy","Jam ",1,"N",10
18,"Buffet ",35,22,4.9,"scooter",2,"No","Metropolitan","Fog","Low ",1,"N",10
15,"Buffet ",36,4,4.5,"electric_scooter",2,"No","Metropolitan","Stormy","Low ",0,"N",5
17,"Drinks ",38,6,4.1,"motorcycle",0,"No","Semi-Urban","Stormy","Low ",0,"Y",5
10,"Snack ",38,21,4.9,"electric_scooter",2,"No","Metropolitan","Sunny","Low ",0,"N",15
19,"Buffet ",26,9,4.7,"electric_scooter",1,"No","Metropolitan","Sunny","Jam ",0,"N",10
45,"Buffet ",29,6,4.7,"electric_scooter",2,"Yes","Metropolitan","Fog","Jam ",0,"Y",5
47,"Drinks ",32,21,4.9,"scooter",0,"No","Metropolitan","Fog","Jam ",1,"N",15
37,"Drinks ",25,2,4,"scooter",2,"No","Metropolitan","Cloudy","Medium",0,"N",10
21,"Drinks ",23,5,4.9,"motorcycle",2,"No","Metropolitan","Sunny","Low ",1,"Y",5
43,"Snack ",34,3,4.3,"motorcycle",0,"No","Urban","Fog","Low ",0,"N",10
23,"Snack ",31,23,5,"motorcycle",1,"No","Urban","Sunny","Low",1,"N",15
20,"Snack ",36,23,4.9,"electric_scooter",0,"No","Metropolitan","Stormy","Medium",1,"N",15
14,"Snack ",25,16,4.6,"electric_scooter",1,"No","Metropolitan","Sandstorms","Low ",0,"N",5
31,"Snack ",22,11,4.3,"motorcycle",0,"No","Semi-Urban","Windy","Medium",1,"N",10
29,"Meal ",20,9,4.7,"scooter",1,"No","Metropolitan","Windy","High ",1,"N",15
30,"Meal ",36,11,4.9,"electric_scooter",1,"No","Metropolitan","Cloudy","Medium",1,"Y",5
15,"Drinks ",36,12,4.7,"scooter",0,"No","Metropolitan","Stormy","Low ",0,"N",5
31,"Buffet ",20,5,4.1,"motorcycle",0,"No","Urban","Stormy","Medium",1,"Y",15
22,"Drinks ",28,15,4.6,"motorcycle",0,"No","Metropolitan","Sunny","Low ",1,"N",15
20,"Snack ",26,5,4.9,"motorcycle",0,"No","Metropolitan","Sandstorms","Low ",1,"N",15
28,"Meal ",21,15,4.6,"motorcycle",0,"No","Metropolitan","Sunny","High ",1,"N",10
11,"Buffet ",37,16,4.8,"scooter",2,"No","Urban","Sandstorms","Low",0,"Y",5
20,"Buffet ",30,16,4.9,"motorcycle",2,"No","Metropolitan","Sandstorms","Medium",0,"N",10
22,"Meal ",23,9,4.2,"scooter",0,"No","Metropolitan","Stormy","Low ",1,"N",5
18,"Meal ",39,21,4.8,"motorcycle",1,"No","Metropolitan","Sunny","Low ",1,"N",5
37,"Snack ",28,6,4.8,"motorcycle",0,"No","Semi-Urban","Sunny","Jam ",1,"N",15
34,"Snack ",37,12,3.8,"scooter",2,"No","Metropolitan","Cloudy","Low ",0,"N",5
19,"Meal ",37,22,4.9,"scooter",2,"No","Metropolitan","Stormy","Low ",1,"N",10
32,"Snack ",39,12,4,"motorcycle",0,"No","Metropolitan","Fog","Jam ",1,"Y",15
44,"Meal ",34,6,5,"electric_scooter",1,"No","Urban","Cloudy","Jam ",3,"Y",5
42,"Drinks ",32,6,4.4,"motorcycle",1,"No","Metropolitan","Stormy","Jam ",1,"N",10
23,"Drinks ",33,6,4.6,"motorcycle",0,"No","Metropolitan","Windy","Jam",0,"N",15
32,"Drinks ",26,3,4.1,"electric_scooter",0,"No","Urban","Cloudy","Medium",1,"N",10
28,"Snack ",32,13,4.9,"electric_scooter",1,"No","Urban","Cloudy","Low ",0,"Y",10
25,"Meal ",32,22,4.6,"motorcycle",0,"No","Urban","Stormy","High",1,"N",15
47,"Meal ",29,13,4.6,"motorcycle",0,"No","Metropolitan","Cloudy","Medium",2,"N",5
25,"Drinks ",20,4,4.5,"motorcycle",1,"No","Metropolitan","Fog","Jam ",1,"N",15
16,"Drinks ",39,3,4.7,"motorcycle",1,"No","Metropolitan","Sunny","Jam ",0,"N",15
17,"Meal ",36,9,4.6,"electric_scooter",2,"No","Metropolitan","Stormy","Medium",1,"N",5
39,"Drinks ",35,17,4.1,"motorcycle",0,"No","Urban","Windy","Medium",1,"N",10
29,"Buffet ",30,9,4.8,"electric_scooter",2,"No","Metropolitan","Sandstorms","Medium",1,"Y",10
17,"Snack ",33,17,4.6,"electric_scooter",2,"No","Semi-Urban","Sandstorms","Low",1,"N",10
27,"Meal ",32,19,4.6,"scooter",2,"No","Metropolitan","Cloudy","Low ",1,"N",15
26,"Drinks ",31,4,4.9,"motorcycle",0,"No","Urban","Sandstorms","Medium",1,"N",15
17,"Drinks ",28,21,4.8,"motorcycle",1,"No","Metropolitan","Fog","Low ",1,"N",5
22,"Buffet ",32,1,4.8,"scooter",1,"No","Metropolitan","Sandstorms","Low ",0,"N",10
27,"Meal ",34,22,4.6,"scooter",2,"No","Urban","Stormy","Low",0,"N",10
29,"Drinks ",25,5,4.9,"scooter",2,"No","Semi-Urban","Stormy","High ",1,"N",10
29,"Buffet ",36,17,5,"motorcycle",0,"No","Metropolitan","Sunny","Jam ",1,"N",15
24,"Meal ",24,15,4.8,"electric_scooter",1,"No","Urban","Windy","Medium",0,"N",5
34,"Snack ",32,12,4.8,"scooter",1,"No","Urban","Sandstorms","Jam ",1,"Y",5
31,"Snack ",34,22,4.3,"electric_scooter",1,"No","Metropolitan","Windy","High ",1,"N",10
29,"Meal ",26,13,4.7,"motorcycle",0,"No","Metropolitan","Sunny","Medium",1,"Y",5
28,"Meal ",31,21,4.7,"electric_scooter",0,"No","Semi-Urban","Cloudy","High ",0,"Y",10
31,"Meal ",38,2,4.9,"motorcycle",1,"No","Metropolitan","Fog","Medium",1,"N",5
19,"Buffet ",27,17,4.6,"scooter",2,"No","Urban","Stormy","Low",0,"N",5
10,"Snack ",36,18,4.8,"electric_scooter",1,"No","Metropolitan","Windy","High ",0,"Y",10
28,"Buffet ",21,17,4.9,"scooter",2,"No","Metropolitan","Cloudy","Medium",0,"Y",15
39,"Buffet ",34,5,4.4,"motorcycle",0,"No","Metropolitan","Stormy","Medium",1,"N",5
32,"Snack ",24,7,4,"motorcycle",1,"No","Semi-Urban","Stormy","High ",1,"Y",10
44,"Buffet ",29,13,4.9,"motorcycle",0,"No","Metropolitan","Fog","Jam ",1,"N",10
17,"Drinks ",31,23,4.6,"scooter",2,"No","Metropolitan","Windy","Low ",1,"N",5
32,"Buffet ",21,18,4.2,"motorcycle",0,"No","Urban","Stormy","High",1,"N",5
46,"Meal ",31,7,4.6,"motorcycle",0,"Yes","Metropolitan","Sandstorms","Jam ",1,"N",10
44,"Drinks ",23,6,4.2,"motorcycle",2,"No","Urban","Stormy","Jam",1,"N",15
28,"Meal ",33,15,5,"scooter",2,"No","Metropolitan","Windy","High ",1,"Y",15
37,"Snack ",29,23,4.4,"motorcycle",0,"No","Metropolitan","Sandstorms","Jam ",0,"N",10
22,"Snack ",36,9,4.8,"scooter",2,"No","Metropolitan","Windy","Medium",1,"Y",10
28,"Snack ",26,23,4.6,"motorcycle",2,"No","Semi-Urban","Cloudy","High",1,"N",15
35,"Buffet ",32,9,4.7,"motorcycle",1,"No","Metropolitan","Fog","Jam ",1,"Y",10
35,"Snack ",20,4,4.9,"scooter",0,"No","Semi-Urban","Stormy","Jam ",2,"N",15
17,"Drinks ",30,17,4.9,"scooter",2,"No","Metropolitan","Sunny","Low ",0,"Y",10
46,"Snack ",33,7,4.2,"scooter",0,"No","Urban","Windy","Jam ",1,"Y",15
32,"Buffet ",32,9,4.6,"scooter",1,"No","Metropolitan","Windy","Medium",1,"N",10
24,"Meal ",27,22,4.9,"motorcycle",0,"No","Urban","Stormy","Low",0,"Y",5
18,"Buffet ",28,6,4.8,"motorcycle",0,"No","Semi-Urban","Sandstorms","Low",1,"N",10
27,"Meal ",23,6,4.6,"motorcycle",2,"No","Metropolitan","Sandstorms","Medium",1,"N",5
30,"Meal ",22,3,4.7,"motorcycle",1,"No","Semi-Urban","Windy","Medium",0,"N",5
28,"Meal ",28,14,4.8,"electric_scooter",2,"No","Metropolitan","Fog","Low ",1,"N",15
25,"Buffet ",25,16,5,"motorcycle",2,"No","Metropolitan","Stormy","Jam ",1,"N",5
25,"Drinks ",27,9,4.6,"electric_scooter",2,"No","Semi-Urban","Windy","Jam ",1,"N",15
15,"Meal ",28,19,4.9,"scooter",0,"No","Semi-Urban","Stormy","Low ",0,"N",5
24,"Buffet ",22,22,4.9,"electric_scooter",2,"No","Metropolitan","Stormy","Jam ",0,"N",15
28,"Meal ",23,12,4.4,"motorcycle",0,"No","Metropolitan","Stormy","Low ",1,"N",15
33,"Meal ",38,13,4.8,"motorcycle",2,"No","Metropolitan","Cloudy","Jam ",1,"N",15
49,"Snack ",37,16,4.9,"motorcycle",0,"No","Metropolitan","Windy","Jam ",2,"N",10
16,"Buffet ",35,1,4.8,"scooter",2,"No","Urban","Cloudy","Low",1,"N",5
16,"Drinks ",28,16,4.9,"scooter",2,"No","Metropolitan","Stormy","Low ",1,"Y",5
16,"Meal ",32,21,4.9,"scooter",2,"No","Urban","Fog","Low ",0,"N",15
25,"Meal ",20,7,4.8,"scooter",1,"No","Metropolitan","Sandstorms","Medium",1,"Y",15
22,"Drinks ",34,16,4.6,"motorcycle",0,"No","Metropolitan","Stormy","Medium",1,"Y",15
28,"Drinks ",25,12,4.5,"motorcycle",2,"No","Metropolitan","Cloudy","Low ",0,"N",10
30,"Drinks ",21,21,4.9,"electric_scooter",2,"No","Metropolitan","Cloudy","High ",1,"N",15
20,"Snack ",29,19,5,"scooter",2,"No","Urban","Sunny","Low ",1,"N",10
17,"Buffet ",20,13,4.9,"scooter",2,"No","Metropolitan","Windy","Low ",0,"N",15
34,"Meal ",34,2,4.1,"scooter",1,"No","Metropolitan","Fog","Medium",0,"N",15
29,"Drinks ",38,1,4.8,"electric_scooter",2,"No","Metropolitan","Stormy","Medium",0,"N",15
29,"Buffet ",23,3,4.9,"motorcycle",2,"No","Urban","Fog","High ",0,"N",5
28,"Buffet ",25,3,4.6,"motorcycle",0,"No","Metropolitan","Fog","Medium",0,"N",15
27,"Buffet ",36,16,4.7,"electric_scooter",2,"No","Metropolitan","Windy","Jam ",1,"N",5
18,"Snack ",26,18,5,"scooter",1,"No","Semi-Urban","Sunny","Low ",0,"N",15
32,"Meal ",39,4,5,"motorcycle",0,"No","Metropolitan","Cloudy","Jam",0,"N",5
28,"Drinks ",38,22,4.6,"electric_scooter",1,"No","Metropolitan","Sandstorms","Low ",0,"Y",10
54,"Buffet ",36,13,4.8,"electric_scooter",0,"No","Metropolitan","Stormy","Jam ",3,"N",15
14,"Buffet ",27,21,4.7,"electric_scooter",1,"No","Urban","Windy","Low",1,"N",15
29,"Drinks ",27,7,4.8,"scooter",2,"No","Metropolitan","Stormy","Jam ",1,"N",10
49,"Meal ",39,9,4.6,"motorcycle",0,"No","Urban","Fog","Medium",2,"Y",15
14,"Buffet ",29,22,4.8,"scooter",2,"No","Urban","Sandstorms","Jam",0,"N",5
28,"Snack ",25,4,4.8,"motorcycle",1,"No","Metropolitan","Windy","Medium",0,"N",15
36,"Snack ",23,16,4.6,"scooter",1,"No","Metropolitan","Cloudy","Jam ",1,"N",5
23,"Drinks ",31,21,4.6,"electric_scooter",1,"No","Metropolitan","Sandstorms","Jam ",1,"N",15
43,"Buffet ",21,13,4.1,"motorcycle",0,"No","Urban","Stormy","Medium",1,"N",15
25,"Snack ",25,15,5,"scooter",2,"No","Metropolitan","Windy","Low ",0,"Y",10
39,"Buffet ",30,3,4.3,"motorcycle",0,"No","Urban","Sandstorms","Medium",1,"Y",10
12,"Drinks ",22,16,4.7,"motorcycle",2,"No","Urban","Sunny","Jam",0,"N",5
19,"Snack ",27,21,5,"motorcycle",1,"No","Semi-Urban","Sunny","High",0,"Y",5
33,"Drinks ",34,9,4.9,"scooter",2,"No","Metropolitan","Sandstorms","Medium",1,"Y",15
40,"Drinks ",22,3,4.3,"scooter",2,"No","Urban","Stormy","Jam",1,"N",10
21,"Drinks ",36,23,4.8,"scooter",2,"No","Metropolitan","Cloudy","Low ",1,"Y",5
33,"Snack ",22,6,4.3,"motorcycle",2,"No","Urban","Sandstorms","Medium",0,"Y",5
16,"Buffet ",36,2,5,"electric_scooter",1,"No","Urban","Fog","Low ",1,"N",15
18,"Snack ",24,15,4.9,"electric_scooter",2,"No","Metropolitan","Sunny","Low ",1,"Y",5
20,"Meal ",30,9,4.6,"motorcycle",0,"No","Urban","Stormy","Low ",1,"N",5
42,"Meal ",23,23,4.5,"motorcycle",0,"No","Semi-Urban","Fog","Medium",1,"Y",5
29,"Buffet ",34,3,4.9,"scooter",1,"No","Metropolitan","Stormy","Medium",0,"Y",10
18,"Buffet ",34,22,4.6,"scooter",2,"No","Metropolitan","Sunny","Jam ",1,"N",10
29,"Drinks ",39,1,4.6,"electric_scooter",2,"No","Metropolitan","Windy","Jam ",1,"N",5
15,"Drinks ",22,23,4.7,"electric_scooter",2,"No","Metropolitan","Sunny","Medium",0,"N",5
37,"Snack ",25,9,4.2,"electric_scooter",1,"No","Semi-Urban","Stormy","Jam ",1,"Y",5
27,"Snack ",26,9,5,"scooter",2,"No","Semi-Urban","Sandstorms","Low ",1,"Y",10
20,"Snack ",29,3,4.6,"motorcycle",0,"No","Metropolitan","Windy","High ",1,"N",15
17,"Drinks ",20,6,4.8,"scooter",2,"No","Metropolitan","Sandstorms","Jam ",1,"N",15
20,"Snack ",20,18,4.8,"scooter",0,"No","Metropolitan","Stormy","Low ",0,"N",5
44,"Buffet ",36,22,4.9,"scooter",1,"No","Metropolitan","Fog","Jam ",0,"Y",5
44,"Buffet ",35,13,4.7,"motorcycle",0,"No","Metropolitan","Windy","Medium",0,"N",10
22,"Drinks ",34,8,5,"motorcycle",0,"No","Metropolitan","Stormy","Medium",1,"Y",10
28,"Buffet ",20,22,4.6,"scooter",0,"No","Urban","Cloudy","Low",1,"N",5
20,"Meal ",21,12,4.6,"electric_scooter",1,"No","Metropolitan","Windy","Medium",1,"N",5
30,"Meal ",23,22,4.7,"motorcycle",0,"No","Urban","Sunny","Jam",0,"Y",5
34,"Meal ",20,3,4.9,"electric_scooter",1,"No","Metropolitan","Cloudy","High ",1,"N",10
22,"Buffet ",34,9,4.6,"scooter",1,"No","Metropolitan","Stormy","Low ",1,"N",5
18,"Drinks ",34,7,4.8,"electric_scooter",2,"No","Semi-Urban","Sandstorms","Medium",0,"N",5
36,"Meal ",32,6,4.1,"electric_scooter",0,"No","Metropolitan","Sandstorms","Medium",2,"N",10
33,"Snack ",21,4,4,"scooter",0,"No","Metropolitan","Sandstorms","Low ",0,"N",10
18,"Meal ",36,19,4.6,"scooter",2,"No","Semi-Urban","Cloudy","Low",1,"N",5
27,"Buffet ",39,9,4.8,"scooter",2,"No","Metropolitan","Fog","Jam ",1,"Y",10
16,"Buffet ",38,1,4.8,"motorcycle",1,"No","Metropolitan","Sunny","Medium",0,"N",5
37,"Buffet ",32,1,4.2,"scooter",2,"No","Metropolitan","Cloudy","Jam ",1,"N",15
41,"Drinks ",36,7,4.9,"motorcycle",2,"No","Urban","Fog","Jam ",2,"N",15
31,"Buffet ",39,19,5,"electric_scooter",1,"No","Urban","Cloudy","High",0,"N",15
18,"Snack ",23,21,4.7,"motorcycle",2,"No","Metropolitan","Fog","Low ",1,"N",10
47,"Snack ",28,13,4.8,"motorcycle",0,"No","Metropolitan","Fog","Jam ",2,"N",5
15,"Drinks ",24,22,5,"scooter",1,"No","Metropolitan","Windy","Low ",0,"N",5
26,"Drinks ",23,23,4.9,"motorcycle",0,"No","Metropolitan","Sandstorms","Low ",1,"Y",20
32,"Buffet ",38,4,4.3,"motorcycle",1,"No","Urban","Fog","Jam ",1,"N",15
15,"Buffet ",26,6,4.5,"motorcycle",1,"No","Semi-Urban","Fog","Low",1,"N",15
37,"Buffet ",37,15,4.9,"motorcycle",0,"No","Urban","Cloudy","Low",2,"N",5
29,"Meal ",39,16,4.6,"motorcycle",0,"No","Metropolitan","Stormy","Jam ",1,"N",15
16,"Meal ",28,19,4.1,"motorcycle",0,"No","Urban","Stormy","Low ",1,"N",5
25,"Meal ",31,15,4.6,"scooter",2,"No","Metropolitan","Sandstorms","Low ",1,"Y",10
21,"Snack ",24,16,4.7,"motorcycle",0,"No","Urban","Sandstorms","Low",1,"N",5
32,"Meal ",27,2,4.7,"motorcycle",1,"No","Semi-Urban","Fog","Jam ",1,"N",10
26,"Drinks ",32,16,4.9,"motorcycle",1,"No","Urban","Fog","Medium",1,"N",5
17,"Buffet ",30,15,4.9,"scooter",2,"No","Urban","Sunny","Jam",0,"N",10
18,"Meal ",24,21,5,"motorcycle",2,"No","Urban","Sunny","Low",0,"N",15
38,"Snack ",34,7,5,"scooter",2,"No","Semi-Urban","Fog","Medium",1,"N",5
49,"Drinks ",33,3,4.8,"scooter",1,"Yes","Semi-Urban","Fog","Jam ",2,"Y",5
34,"Meal ",27,13,4.1,"motorcycle",0,"No","Urban","Cloudy","High ",1,"N",10
43,"Meal ",31,17,4,"electric_scooter",2,"No","Metropolitan","Stormy","Jam ",2,"N",15
38,"Buffet ",26,3,4.3,"electric_scooter",2,"No","Urban","Fog","Medium",1,"N",15
47,"Snack ",34,13,4.9,"motorcycle",0,"No","Metropolitan","Cloudy","Jam ",2,"N",15
25,"Drinks ",30,23,4.7,"scooter",2,"No","Metropolitan","Windy","Low ",0,"Y",5
28,"Meal ",29,19,4.9,"scooter",0,"No","Metropolitan","Cloudy","Low ",0,"N",15
18,"Meal ",24,2,4.5,"motorcycle",1,"No","Metropolitan","Stormy","Jam ",1,"N",5
34,"Snack ",26,13,3.5,"motorcycle",1,"No","Metropolitan","Sandstorms","Medium",1,"N",5
21,"Drinks ",32,23,4.7,"motorcycle",1,"No","Semi-Urban","Sandstorms","Medium",1,"Y",5
35,"Buffet ",30,3,4.8,"motorcycle",0,"No","Urban","Stormy","High ",1,"N",5
34,"Drinks ",24,7,5,"electric_scooter",2,"No","Metropolitan","Windy","Jam ",1,"N",5
28,"Meal ",38,9,5,"electric_scooter",2,"No","Urban","Sandstorms","Medium",0,"N",15
28,"Buffet ",26,15,4.7,"motorcycle",2,"No","Metropolitan","Sunny","Low",1,"Y",5
22,"Drinks ",23,17,4.6,"electric_scooter",1,"No","Urban","Stormy","Jam",0,"Y",10
31,"Meal ",35,3,4.1,"motorcycle",1,"No","Urban","Windy","Jam",1,"N",5
21,"Snack ",37,18,5,"motorcycle",0,"No","Urban","Sandstorms","Low",1,"N",5
44,"Snack ",35,3,4.8,"motorcycle",0,"No","Metropolitan","Fog","Jam ",1,"N",15
31,"Snack ",27,1,4.4,"electric_scooter",2,"No","Metropolitan","Stormy","Medium",1,"N",10
26,"Meal ",32,4,4.6,"motorcycle",2,"No","Metropolitan","Fog","Medium",0,"N",15
35,"Buffet ",31,4,4.4,"electric_scooter",2,"No","Semi-Urban","Fog","Low ",1,"Y",15
14,"Buffet ",21,17,4.8,"electric_scooter",2,"No","Urban","Windy","Low",0,"N",5
16,"Drinks ",30,13,4.7,"motorcycle",1,"No","Metropolitan","Stormy","Jam ",1,"N",15
35,"Drinks ",33,7,4.2,"scooter",1,"No","Urban","Fog","Medium",0,"Y",15
25,"Drinks ",39,21,4.9,"electric_scooter",1,"No","Urban","Fog","Low",0,"N",10
41,"Snack ",35,6,3.8,"motorcycle",1,"No","Metropolitan","Stormy","Jam ",2,"Y",15
36,"Drinks ",38,23,4,"motorcycle",2,"No","Metropolitan","Fog","Medium",1,"Y",15
53,"Buffet ",26,17,4.8,"motorcycle",0,"No","Urban","Fog","Jam ",0,"N",5
16,"Snack ",39,9,4.7,"electric_scooter",1,"No","Metropolitan","Cloudy","Medium",1,"N",5
24,"Meal ",32,17,4.8,"motorcycle",0,"No","Urban","Stormy","Low",1,"N",25
36,"Snack ",38,16,4.1,"scooter",2,"No","Semi-Urban","Fog","High ",1,"N",15
21,"Meal ",33,7,4.8,"motorcycle",0,"No","Metropolitan","Fog","Medium",0,"N",5
18,"Meal ",22,17,4.6,"scooter",1,"No","Metropolitan","Stormy","High ",1,"N",10
27,"Buffet ",34,18,4.6,"scooter",1,"No","Metropolitan","Fog","Jam ",1,"N",5
29,"Snack ",33,17,4.7,"motorcycle",2,"No","Metropolitan","Cloudy","Medium",1,"N",15
15,"Buffet ",38,23,4.7,"scooter",1,"No","Urban","Sunny","Low ",1,"N",5
42,"Buffet ",39,19,4.9,"electric_scooter",0,"No","Urban","Fog","Medium",1,"N",10
41,"Snack ",35,18,4.4,"motorcycle",0,"No","Semi-Urban","Sandstorms","Jam ",2,"N",5
44,"Drinks ",39,9,4.9,"motorcycle",0,"No","Metropolitan","Windy","Jam ",1,"Y",15
18,"Snack ",23,19,4.9,"motorcycle",0,"No","Urban","Cloudy","Low",1,"N",15
38,"Drinks ",35,8,4.3,"electric_scooter",2,"No","Metropolitan","Stormy","Medium",0,"N",10
43,"Meal ",36,8,4.1,"electric_scooter",2,"Yes","Metropolitan","Fog","Jam ",1,"N",5
30,"Buffet ",31,22,4.6,"motorcycle",2,"No","Metropolitan","Sandstorms","Medium",0,"N",10
28,"Drinks ",36,23,4.7,"motorcycle",2,"No","Metropolitan","Stormy","Jam ",1,"N",10
41,"Snack ",21,16,5,"scooter",2,"No","Metropolitan","Sunny","Jam ",2,"Y",15
40,"Snack ",26,2,4.8,"motorcycle",0,"No","Semi-Urban","Fog","Medium",1,"Y",10
15,"Drinks ",32,21,4.8,"electric_scooter",1,"No","Metropolitan","Fog","Low ",1,"N",10
36,"Buffet ",27,17,4.8,"electric_scooter",0,"No","Metropolitan","Sunny","Jam ",1,"N",10
20,"Buffet ",23,4,5,"scooter",1,"No","Metropolitan","Stormy","Low ",1,"Y",15
25,"Buffet ",38,13,4.7,"scooter",2,"No","Metropolitan","Fog","Jam ",0,"Y",10
29,"Buffet ",34,22,4.6,"scooter",2,"No","Metropolitan","Windy","Medium",0,"N",5
27,"Meal ",32,19,4.6,"electric_scooter",2,"No","Metropolitan","Windy","Low ",0,"N",5
24,"Drinks ",23,13,5,"scooter",2,"No","Metropolitan","Sandstorms","Low ",1,"N",10
33,"Drinks ",27,13,4.1,"motorcycle",0,"No","Semi-Urban","Stormy","Jam ",1,"N",15
24,"Meal ",20,15,4.9,"scooter",2,"No","Metropolitan","Windy","Medium",1,"N",5
28,"Snack ",23,3,4.8,"electric_scooter",2,"No","Urban","Windy","Jam ",0,"N",10
42,"Meal ",21,16,4.6,"motorcycle",0,"No","Metropolitan","Sunny","Jam ",1,"N",5
41,"Snack ",20,9,4.6,"electric_scooter",2,"No","Urban","Fog","Jam ",1,"N",5
15,"Buffet ",33,18,4.9,"motorcycle",2,"No","Semi-Urban","Sandstorms","High ",0,"N",10
27,"Meal ",28,13,5,"electric_scooter",2,"No","Semi-Urban","Sandstorms","High ",1,"Y",5
32,"Drinks ",31,21,5,"motorcycle",0,"No","Urban","Cloudy","Jam",1,"N",15
19,"Drinks ",29,23,4.6,"electric_scooter",2,"No","Metropolitan","Sunny","Medium",1,"Y",10
20,"Meal ",31,9,4.7,"motorcycle",0,"No","Urban","Sandstorms","High ",1,"Y",5
30,"Snack ",26,15,4.6,"motorcycle",0,"No","Semi-Urban","Sunny","Medium",1,"N",5
19,"Drinks ",21,2,4,"motorcycle",0,"No","Urban","Sandstorms","Low",1,"N",5
41,"Snack ",22,13,4.6,"electric_scooter",2,"Yes","Metropolitan","Fog","Jam ",1,"N",15
23,"Meal ",36,21,4.8,"scooter",2,"No","Metropolitan","Sunny","Medium",1,"N",5
36,"Snack ",39,1,4.4,"electric_scooter",1,"No","Metropolitan","Fog","Medium",1,"N",5
18,"Snack ",30,23,4.9,"motorcycle",2,"No","Urban","Cloudy","Low",0,"N",10
31,"Drinks ",38,13,3.8,"scooter",2,"No","Metropolitan","Fog","Low ",0,"N",10
15,"Buffet ",30,19,4.7,"motorcycle",2,"No","Metropolitan","Sandstorms","Medium",1,"N",10
43,"Meal ",24,13,4.3,"motorcycle",0,"No","Metropolitan","Windy","Medium",1,"N",15
15,"Buffet ",23,2,4.9,"motorcycle",0,"No","Metropolitan","Stormy","Jam ",1,"N",5
15,"Buffet ",22,5,5,"electric_scooter",2,"No","Metropolitan","Stormy","Low ",1,"N",5
34,"Buffet ",28,3,4.2,"scooter",2,"No","Metropolitan","Windy","Medium",1,"N",5
39,"Meal ",33,15,3.6,"motorcycle",2,"No","Urban","Cloudy","Low ",1,"N",10
49,"Snack ",35,2,4.1,"motorcycle",0,"No","Metropolitan","Stormy","Jam ",3,"N",5
25,"Drinks ",36,17,4.8,"motorcycle",2,"No","Metropolitan","Sandstorms","Low ",1,"N",10
42,"Buffet ",32,6,4.8,"scooter",2,"No","Metropolitan","Fog","Medium",1,"N",5
34,"Buffet ",36,9,5,"motorcycle",0,"No","Metropolitan","Fog","Medium",1,"Y",5
22,"Meal ",26,2,4.8,"motorcycle",0,"No","Metropolitan","Sunny","Jam ",0,"Y",10
37,"Drinks ",28,3,4.4,"motorcycle",0,"No","Metropolitan","Sandstorms","Jam ",1,"N",15
32,"Snack ",30,3,3.9,"motorcycle",2,"No","Metropolitan","Cloudy","Low ",1,"N",5
33,"Buffet ",36,11,4,"scooter",0,"No","Metropolitan","Windy","Low ",0,"N",10
16,"Buffet ",21,2,4.7,"electric_scooter",2,"No","Metropolitan","Sandstorms","Jam ",1,"Y",5
25,"Drinks ",33,21,4.8,"scooter",1,"No","Metropolitan","Sandstorms","Low",0,"N",10
21,"Buffet ",36,4,4.8,"motorcycle",1,"No","Semi-Urban","Sunny","Medium",1,"N",10
28,"Buffet ",30,23,4.9,"motorcycle",1,"No","Metropolitan","Stormy","Medium",1,"N",5
23,"Snack ",23,16,4.8,"electric_scooter",2,"No","Urban","Fog","Jam ",1,"N",15
25,"Meal ",25,15,4.7,"motorcycle",1,"No","Metropolitan","Stormy","Medium",1,"Y",10
19,"Snack ",29,9,4.9,"motorcycle",2,"No","Metropolitan","Sunny","Jam ",1,"Y",15
16,"Buffet ",25,21,4.6,"motorcycle",2,"No","Urban","Fog","Low ",0,"N",10
16,"Drinks ",27,19,4.8,"electric_scooter",1,"No","Metropolitan","Sunny","Low",1,"N",10
36,"Snack ",39,8,4.5,"scooter",1,"No","Metropolitan","Sandstorms","Jam ",2,"N",10
36,"Buffet ",38,6,4.6,"motorcycle",1,"No","Metropolitan","Cloudy","Jam ",1,"N",5
27,"Drinks ",32,19,4.7,"scooter",1,"No","Metropolitan","Stormy","High ",1,"N",15
28,"Buffet ",35,19,4.6,"scooter",1,"No","Urban","Sandstorms","Jam",1,"Y",15
35,"Snack ",35,9,3.9,"motorcycle",1,"No","Metropolitan","Stormy","Medium",1,"N",5
29,"Meal ",20,9,4.6,"electric_scooter",1,"No","Metropolitan","Stormy","Jam ",1,"N",10
24,"Snack ",34,13,4.8,"motorcycle",2,"No","Metropolitan","Stormy","Low ",0,"N",15
22,"Snack ",35,2,4.7,"scooter",1,"No","Metropolitan","Stormy","Jam ",1,"N",5
17,"Meal ",31,2,4.9,"scooter",1,"No","Urban","Stormy","Low ",1,"N",15
30,"Snack ",22,2,4.5,"electric_scooter",2,"No","Urban","Cloudy","Jam",1,"Y",5
33,"Snack ",23,2,4.1,"motorcycle",0,"No","Urban","Sandstorms","Medium",1,"N",5
16,"Snack ",38,16,4.3,"motorcycle",0,"No","Semi-Urban","Sandstorms","Low ",0,"Y",15
33,"Snack ",25,5,4.1,"scooter",1,"No","Metropolitan","Stormy","Jam ",2,"Y",5
15,"Drinks ",36,2,4.9,"electric_scooter",2,"No","Semi-Urban","Fog","Low ",1,"N",5
17,"Buffet ",32,18,4.9,"scooter",1,"No","Metropolitan","Cloudy","Low ",0,"N",5
17,"Drinks ",22,6,5,"scooter",2,"No","Metropolitan","Sandstorms","Low ",1,"Y",15
14,"Buffet ",28,2,4.6,"electric_scooter",2,"No","Metropolitan","Sunny","Jam ",0,"Y",5
25,"Drinks ",31,9,4.5,"motorcycle",0,"No","Metropolitan","Cloudy","High ",1,"N",15
34,"Drinks ",23,6,4,"scooter",0,"No","Metropolitan","Sandstorms","Jam ",0,"N",15
21,"Snack ",32,15,4.6,"motorcycle",0,"No","Urban","Sunny","Low",1,"N",5
36,"Drinks ",21,9,4.3,"electric_scooter",2,"No","Metropolitan","Fog","Jam ",2,"N",5
25,"Buffet ",24,5,4.7,"scooter",2,"No","Urban","Stormy","Jam ",0,"N",5
20,"Buffet ",23,9,5,"electric_scooter",2,"No","Semi-Urban","Windy","Jam ",1,"N",5
25,"Meal ",35,17,4.9,"scooter",2,"No","Urban","Sandstorms","Low",1,"N",10
19,"Meal ",30,19,4.9,"scooter",2,"No","Urban","Fog","Medium",1,"N",5
36,"Drinks ",39,14,4.7,"motorcycle",2,"No","Metropolitan","Fog","Medium",1,"N",10
27,"Meal ",21,19,4.6,"electric_scooter",2,"No","Metropolitan","Stormy","Medium",1,"Y",15
27,"Meal ",25,16,4.9,"motorcycle",2,"No","Urban","Stormy","Low",1,"Y",15
16,"Buffet ",30,13,4.9,"electric_scooter",2,"No","Semi-Urban","Cloudy","Low ",1,"N",15
40,"Drinks ",35,18,4.7,"scooter",0,"No","Urban","Sandstorms","Jam",2,"N",15
18,"Meal ",24,19,4.9,"scooter",1,"No","Urban","Cloudy","Low ",1,"N",5
22,"Buffet ",27,17,4.7,"motorcycle",1,"No","Semi-Urban","Cloudy","High ",1,"N",5
16,"Snack ",30,9,4.6,"electric_scooter",2,"No","Urban","Stormy","Low ",0,"N",10
25,"Snack ",24,23,4.6,"motorcycle",1,"No","Urban","Sunny","Jam ",1,"N",10
15,"Drinks ",29,19,4.5,"electric_scooter",1,"No","Metropolitan","Stormy","Jam ",1,"Y",10
31,"Drinks ",37,3,4,"scooter",0,"No","Urban","Stormy","Medium",1,"Y",10
33,"Meal ",27,17,5,"motorcycle",0,"No","Semi-Urban","Stormy","Jam ",1,"N",10
32,"Snack ",33,23,4.8,"electric_scooter",2,"No","Metropolitan","Sandstorms","Medium",0,"Y",5
27,"Drinks ",33,7,4.6,"motorcycle",1,"No","Metropolitan","Windy","Medium",1,"N",5
18,"Drinks ",32,21,4.8,"electric_scooter",1,"No","Metropolitan","Windy","Medium",0,"N",15
26,"Snack ",30,9,5,"motorcycle",1,"No","Metropolitan","Sandstorms","Jam ",1,"N",5
47,"Snack ",21,14,4.4,"scooter",2,"No","Metropolitan","Cloudy","Jam ",1,"N",10
43,"Buffet ",36,8,4.6,"scooter",2,"No","Semi-Urban","Stormy","Jam ",0,"Y",15
32,"Snack ",29,18,4.2,"motorcycle",1,"No","Metropolitan","Fog","Medium",1,"Y",5
40,"Buffet ",37,6,4.4,"motorcycle",0,"No","Urban","Sandstorms","Jam ",1,"N",5
20,"Drinks ",26,17,4.6,"scooter",1,"No","Metropolitan","Windy","Jam ",1,"N",10
36,"Meal ",22,6,4.3,"motorcycle",0,"No","Urban","Cloudy","Low ",1,"Y",15
18,"Snack ",26,22,4.6,"scooter",1,"No","Urban","Stormy","Low",0,"Y",15
35,"Snack ",24,2,4.9,"motorcycle",0,"No","Semi-Urban","Stormy","Low ",1,"Y",10
20,"Meal ",32,15,4.7,"electric_scooter",1,"No","Urban","Sandstorms","Medium",1,"N",5
15,"Snack ",37,9,5,"scooter",2,"No","Metropolitan","Sunny","High ",1,"N",5
48,"Snack ",35,9,4.8,"motorcycle",0,"No","Urban","Cloudy","Medium",1,"Y",10
16,"Meal ",22,3,4.6,"motorcycle",1,"No","Metropolitan","Sandstorms","Low",1,"N",5
42,"Snack ",33,2,4.4,"scooter",1,"No","Semi-Urban","Fog","Medium",0,"N",5
30,"Buffet ",38,12,4.6,"electric_scooter",2,"No","Metropolitan","Windy","Medium",1,"N",5
18,"Meal ",31,17,4.1,"electric_scooter",0,"No","Metropolitan","Windy","Low ",0,"N",5
38,"Meal ",23,5,4.2,"electric_scooter",2,"No","Semi-Urban","Windy","Medium",1,"N",15
17,"Snack ",30,23,4.5,"motorcycle",2,"No","Metropolitan","Fog","Low ",1,"N",5
19,"Snack ",20,12,4.7,"electric_scooter",2,"No","Metropolitan","Sandstorms","Low ",1,"N",30
31,"Drinks ",29,1,4.2,"scooter",2,"No","Metropolitan","Fog","Medium",0,"N",15
12,"Meal ",26,15,4.7,"motorcycle",2,"No","Urban","Stormy","Low",0,"N",5
19,"Snack ",36,23,4.9,"motorcycle",2,"No","Metropolitan","Sunny","Jam ",1,"N",15
23,"Drinks ",24,19,4.7,"electric_scooter",1,"No","Urban","Sunny","Medium",0,"N",10
34,"Meal ",35,21,4.8,"motorcycle",0,"No","Metropolitan","Stormy","Medium",1,"N",15
33,"Drinks ",26,8,4.6,"scooter",2,"No","Semi-Urban","Stormy","Medium",1,"Y",15
35,"Buffet ",34,21,4.8,"electric_scooter",0,"No","Urban","Cloudy","Jam",1,"N",15
15,"Snack ",24,22,4.9,"electric_scooter",1,"No","Urban","Sunny","Low",0,"N",10
28,"Buffet ",32,23,4.6,"scooter",1,"No","Metropolitan","Windy","Low ",1,"Y",5
19,"Snack ",27,15,4.7,"scooter",1,"No","Metropolitan","Sunny","Jam",1,"N",5
21,"Drinks ",32,15,4.6,"motorcycle",0,"No","Metropolitan","Stormy","Low ",1,"Y",15
30,"Buffet ",30,6,4.8,"scooter",1,"No","Metropolitan","Fog","Medium",1,"N",15
39,"Buffet ",31,14,4.9,"motorcycle",0,"No","Metropolitan","Sandstorms","Medium",2,"N",10
26,"Meal ",36,5,4.9,"scooter",1,"No","Metropolitan","Windy","Medium",1,"N",10
28,"Buffet ",26,3,4.9,"motorcycle",0,"No","Metropolitan","Fog","High ",0,"Y",10
20,"Drinks ",23,14,4.5,"motorcycle",0,"No","Metropolitan","Stormy","Low ",1,"N",10
22,"Snack ",20,23,4.4,"motorcycle",0,"No","Metropolitan","Windy","Low ",1,"N",15
34,"Drinks ",25,7,4.9,"electric_scooter",0,"No","Metropolitan","Fog","Jam ",0,"Y",15
26,"Buffet ",33,14,4.7,"scooter",1,"No","Semi-Urban","Windy","Jam ",1,"Y",5
30,"Buffet ",36,18,4.7,"motorcycle",0,"No","Urban","Sandstorms","Medium",1,"N",10
26,"Snack ",29,14,4.8,"scooter",1,"No","Metropolitan","Stormy","High ",1,"N",5
22,"Meal ",31,23,4.8,"electric_scooter",2,"No","Metropolitan","Sunny","Jam ",1,"N",15
21,"Buffet ",24,23,4.9,"scooter",1,"No","Urban","Stormy","High",1,"N",10
38,"Meal ",23,5,4.2,"electric_scooter",2,"No","Semi-Urban","Windy","Medium",1,"N",15
41,"Drinks ",28,9,4.7,"motorcycle",0,"No","Metropolitan","Sunny","Medium",2,"N",5
17,"Snack ",25,14,4.9,"scooter",1,"No","Metropolitan","Cloudy","Low ",0,"N",10
17,"Buffet ",22,16,4.9,"motorcycle",2,"No","Metropolitan","Cloudy","Medium",1,"N",10
42,"Meal ",21,19,4.1,"motorcycle",0,"No","Semi-Urban","Windy","High ",0,"Y",5
28,"Drinks ",36,18,4.7,"motorcycle",0,"No","Metropolitan","Stormy","Medium",1,"Y",15
15,"Snack ",33,16,4.7,"motorcycle",2,"No","Metropolitan","Sunny","High ",1,"N",10
36,"Buffet ",20,1,2.9,"motorcycle",1,"No","Semi-Urban","Sunny","Low",1,"N",20
11,"Snack ",37,16,4.8,"motorcycle",1,"No","Semi-Urban","Cloudy","Low",0,"N",10
17,"Meal ",27,16,4.7,"scooter",0,"No","Urban","Windy","Jam",0,"N",5
32,"Buffet ",20,5,4,"motorcycle",1,"No","Metropolitan","Fog","Medium",1,"N",15
29,"Meal ",24,19,4.8,"scooter",2,"No","Semi-Urban","Sandstorms","Medium",1,"N",10
38,"Drinks ",34,18,4.8,"motorcycle",0,"No","Urban","Windy","Jam ",1,"N",10
30,"Snack ",35,19,4.6,"motorcycle",0,"No","Semi-Urban","Windy","Jam ",0,"N",5
34,"Meal ",26,16,4.7,"motorcycle",0,"No","Metropolitan","Stormy","High ",1,"Y",15
41,"Snack ",35,9,4.4,"motorcycle",0,"No","Metropolitan","Stormy","Low ",1,"N",10
18,"Meal ",34,22,4.7,"motorcycle",2,"No","Metropolitan","Stormy","Low ",0,"N",10
23,"Snack ",35,9,4.9,"electric_scooter",2,"No","Metropolitan","Fog","Low ",1,"N",5
41,"Drinks ",29,17,5,"scooter",1,"No","Urban","Fog","Jam ",1,"N",5
26,"Meal ",26,16,4.8,"motorcycle",0,"No","Metropolitan","Cloudy","Low ",0,"N",10
43,"Drinks ",35,6,4,"scooter",2,"No","Semi-Urban","Cloudy","Medium",1,"N",10
24,"Snack ",27,23,5,"motorcycle",2,"No","Urban","Cloudy","Jam",0,"N",10
26,"Snack ",31,4,4.5,"scooter",0,"No","Metropolitan","Fog","Low",1,"Y",15
23,"Drinks ",39,6,4.2,"electric_scooter",0,"No","Metropolitan","Sandstorms","Low ",1,"N",10
24,"Buffet ",32,8,4.6,"motorcycle",0,"No","Metropolitan","Sunny","Jam ",1,"N",15
20,"Meal ",33,12,4.6,"motorcycle",1,"No","Metropolitan","Sandstorms","High ",0,"N",10
37,"Buffet ",29,15,4.8,"motorcycle",0,"No","Metropolitan","Cloudy","Low ",1,"N",30
21,"Buffet ",37,18,4.7,"motorcycle",0,"No","Metropolitan","Stormy","Low ",1,"N",15
27,"Drinks ",38,23,5,"scooter",1,"No","Urban","Cloudy","Medium",1,"N",15
13,"Buffet ",35,5,4.5,"motorcycle",1,"No","Urban","Sandstorms","Low",0,"N",10
20,"Buffet ",21,19,4.6,"electric_scooter",1,"No","Semi-Urban","Sandstorms","Low ",1,"N",5
13,"Meal ",33,22,4.9,"scooter",2,"No","Metropolitan","Windy","High ",0,"Y",5
42,"Snack ",27,16,4.1,"motorcycle",2,"No","Metropolitan","Cloudy","Medium",1,"Y",10
22,"Snack ",32,23,4.3,"motorcycle",0,"No","Urban","Stormy","Low ",1,"N",5
26,"Buffet ",33,14,4.7,"motorcycle",0,"No","Metropolitan","Sunny","Low ",1,"Y",5
26,"Drinks ",31,9,4.6,"scooter",2,"No","Metropolitan","Sunny","Low ",1,"Y",15
20,"Buffet ",32,15,4.8,"scooter",2,"No","Semi-Urban","Cloudy","High ",0,"N",5
16,"Buffet ",29,16,4.9,"motorcycle",1,"No","Urban","Sunny","Jam",1,"N",10
32,"Drinks ",31,6,4.6,"scooter",0,"No","Urban","Windy","Medium",1,"N",5
29,"Buffet ",24,7,4.5,"scooter",0,"No","Metropolitan","Sunny","Jam ",0,"N",5
13,"Snack ",35,2,4.5,"electric_scooter",2,"No","Urban","Sandstorms","Low",1,"N",5
35,"Snack ",35,9,3.9,"motorcycle",1,"No","Metropolitan","Stormy","Medium",1,"N",5
34,"Meal ",30,6,4.9,"scooter",0,"No","Metropolitan","Stormy","Jam ",1,"N",10
40,"Drinks ",34,2,4.6,"motorcycle",0,"No","Metropolitan","Fog","Jam ",2,"N",10
29,"Drinks ",37,9,5,"scooter",0,"No","Metropolitan","Cloudy","Medium",1,"N",5
10,"Drinks ",25,3,4.7,"motorcycle",1,"No","Metropolitan","Sunny","High ",0,"N",10
20,"Snack ",35,17,4.8,"electric_scooter",2,"No","Semi-Urban","Fog","Low ",0,"Y",20
27,"Snack ",21,21,4.7,"scooter",2,"No","Urban","Cloudy","High",1,"Y",5
10,"Meal ",23,8,4.8,"scooter",2,"No","Metropolitan","Cloudy","Low ",0,"N",10
36,"Buffet ",21,3,4.2,"scooter",0,"No","Metropolitan","Stormy","High ",1,"N",10
30,"Buffet ",25,4,4.8,"motorcycle",1,"No","Metropolitan","Fog","Jam ",0,"Y",15
19,"Meal ",38,15,5,"motorcycle",0,"No","Metropolitan","Fog","Low ",0,"Y",10
23,"Meal ",35,16,5,"scooter",0,"No","Metropolitan","Fog","Low",1,"N",5
31,"Buffet ",28,12,4.6,"electric_scooter",0,"No","Metropolitan","Sunny","Jam ",0,"Y",5
29,"Drinks ",21,5,4.7,"scooter",0,"No","Metropolitan","Windy","Medium",1,"N",5
14,"Buffet ",24,7,4.5,"motorcycle",1,"No","Metropolitan","Sunny","Jam ",0,"N",5
29,"Drinks ",24,15,4.9,"scooter",2,"No","Urban","Stormy","Jam ",1,"N",5
24,"Drinks ",34,18,4.9,"scooter",2,"No","Semi-Urban","Windy","Low ",1,"Y",5
23,"Snack ",38,19,4.8,"scooter",1,"No","Metropolitan","Sandstorms","Low ",1,"N",10
35,"Buffet ",21,1,4.2,"electric_scooter",1,"No","Urban","Fog","Medium",2,"N",5
28,"Snack ",31,18,4.6,"scooter",2,"No","Urban","Stormy","Low",0,"N",5
18,"Drinks ",39,22,5,"scooter",2,"No","Urban","Sandstorms","Low",1,"Y",15
22,"Snack ",27,21,4.6,"scooter",2,"No","Urban","Sandstorms","Jam",1,"N",5
26,"Meal ",31,3,4.5,"scooter",1,"No","Metropolitan","Cloudy","Low",1,"N",10
11,"Meal ",32,17,4.7,"motorcycle",1,"No","Urban","Stormy","Low",1,"N",15
35,"Snack ",36,7,5,"motorcycle",1,"No","Metropolitan","Cloudy","Jam ",1,"N",10
26,"Buffet ",27,17,4.9,"motorcycle",2,"No","Metropolitan","Sandstorms","Medium",1,"N",10
24,"Meal ",22,9,4.8,"motorcycle",0,"No","Semi-Urban","Sandstorms","Low ",1,"N",15
33,"Meal ",28,5,4.1,"electric_scooter",2,"No","Metropolitan","Windy","Medium",1,"N",10
31,"Buffet ",21,13,4.2,"scooter",0,"No","Metropolitan","Stormy","Low ",0,"Y",10
23,"Meal ",37,3,4.2,"motorcycle",0,"No","Semi-Urban","Stormy","Low",1,"Y",15
31,"Buffet ",33,7,4.9,"motorcycle",0,"No","Metropolitan","Fog","High ",1,"N",15
19,"Buffet ",27,13,4.7,"motorcycle",1,"No","Semi-Urban","Windy","Low ",1,"N",10
34,"Meal ",39,8,4.2,"scooter",2,"No","Metropolitan","Stormy","Jam ",1,"N",10
23,"Meal ",34,22,4.8,"motorcycle",1,"No","Semi-Urban","Sandstorms","Low ",0,"N",5
27,"Buffet ",36,9,4.7,"motorcycle",0,"No","Urban","Sandstorms","Jam ",1,"N",10
36,"Snack ",22,21,4.7,"motorcycle",0,"No","Metropolitan","Sunny","Medium",1,"N",5
10,"Snack ",20,23,4.5,"electric_scooter",1,"No","Metropolitan","Sandstorms","Jam ",0,"N",5
30,"Meal ",39,17,4.8,"motorcycle",1,"No","Metropolitan","Fog","High ",1,"Y",10
23,"Buffet ",25,9,4.9,"motorcycle",0,"No","Urban","Cloudy","Low ",1,"N",15
15,"Drinks ",25,3,4.7,"scooter",2,"No","Metropolitan","Windy","Low",1,"N",5
16,"Buffet ",27,5,4.7,"electric_scooter",2,"No","Semi-Urban","Fog","Medium",0,"N",5
36,"Meal ",20,7,4.1,"electric_scooter",1,"No","Urban","Sandstorms","Jam ",0,"Y",10
15,"Snack ",21,17,4.5,"motorcycle",1,"No","Metropolitan","Fog","Medium",1,"Y",10
18,"Drinks ",29,4,4.5,"scooter",1,"No","Urban","Fog","Medium",1,"N",5
35,"Meal ",38,3,2.8,"electric_scooter",2,"No","Urban","Sunny","Low ",1,"Y",5
18,"Meal ",22,23,5,"electric_scooter",1,"No","Metropolitan","Fog","Low",0,"Y",15
27,"Meal ",20,13,4.7,"motorcycle",2,"No","Urban","Sandstorms","Low ",1,"N",10
34,"Drinks ",26,6,3.7,"motorcycle",1,"No","Metropolitan","Sandstorms","Medium",0,"N",15
10,"Buffet ",30,9,4.7,"electric_scooter",2,"No","Semi-Urban","Stormy","Low ",0,"N",15
18,"Buffet ",31,21,4.6,"motorcycle",1,"No","Metropolitan","Sandstorms","Low ",0,"N",10
28,"Snack ",38,15,4.6,"electric_scooter",1,"No","Urban","Windy","Medium",1,"N",10
19,"Snack ",35,22,4.8,"scooter",1,"No","Urban","Sandstorms","Low",1,"Y",5
24,"Buffet ",26,22,4.8,"electric_scooter",1,"No","Metropolitan","Sunny","Low ",0,"N",15
39,"Drinks ",30,3,3.8,"scooter",1,"No","Urban","Windy","Jam",1,"N",10
26,"Drinks ",36,22,4.6,"motorcycle",1,"No","Urban","Fog","Low",1,"N",15
21,"Drinks ",37,23,4.9,"scooter",1,"No","Urban","Stormy","Jam",0,"N",5
23,"Buffet ",25,16,4.9,"electric_scooter",0,"No","Semi-Urban","Sandstorms","Low ",1,"N",15
22,"Meal ",26,21,4.9,"electric_scooter",2,"No","Metropolitan","Sandstorms","Jam ",1,"N",10
24,"Meal ",38,23,4.9,"scooter",2,"No","Urban","Cloudy","Low ",1,"N",5
44,"Snack ",33,2,4.9,"motorcycle",0,"Yes","Metropolitan","Fog","Medium",3,"N",10
26,"Drinks ",26,15,4.7,"scooter",1,"No","Metropolitan","Stormy","Jam ",1,"N",5
34,"Snack ",21,12,4.6,"scooter",0,"No","Urban","Sunny","Medium",1,"Y",15
24,"Drinks ",26,17,4.5,"electric_scooter",2,"No","Urban","Cloudy","Low ",1,"N",5
51,"Drinks ",33,4,4.1,"motorcycle",0,"No","Urban","Sandstorms","Jam ",3,"Y",10
11,"Snack ",29,16,4.8,"scooter",2,"No","Metropolitan","Sandstorms","Low ",0,"Y",15
22,"Buffet ",27,9,4.8,"scooter",2,"No","Semi-Urban","Windy","Low ",0,"N",10
25,"Snack ",22,15,5,"scooter",2,"No","Urban","Windy","Jam",0,"N",5
26,"Drinks ",38,12,4.6,"electric_scooter",2,"No","Metropolitan","Stormy","Low ",1,"Y",25
46,"Snack ",34,17,4.6,"scooter",0,"No","Urban","Fog","Jam ",0,"N",10
50,"Meal ",36,2,4.1,"scooter",0,"No","Semi-Urban","Sandstorms","Jam ",1,"N",5
20,"Meal ",39,9,4.7,"electric_scooter",2,"No","Metropolitan","Sunny","Low ",0,"N",10
29,"Buffet ",31,15,4.6,"scooter",1,"No","Metropolitan","Sandstorms","Medium",1,"Y",15
28,"Meal ",30,17,5,"scooter",2,"No","Urban","Cloudy","High ",1,"Y",15
25,"Buffet ",24,18,4.5,"motorcycle",1,"No","Urban","Stormy","Jam ",1,"N",15
20,"Snack ",27,15,4.9,"motorcycle",0,"No","Metropolitan","Sunny","Jam ",1,"N",15
26,"Buffet ",36,21,4.7,"motorcycle",0,"No","Urban","Fog","High",1,"N",15
24,"Meal ",35,21,4.9,"motorcycle",0,"No","Urban","Fog","Low",0,"N",5
31,"Snack ",37,16,4.9,"motorcycle",0,"No","Metropolitan","Windy","Medium",1,"N",10
44,"Drinks ",33,6,4.8,"motorcycle",2,"No","Semi-Urban","Fog","Medium",1,"N",5
28,"Buffet ",36,18,5,"motorcycle",1,"No","Metropolitan","Cloudy","Medium",1,"Y",15
24,"Meal ",32,2,4.5,"motorcycle",0,"No","Urban","Cloudy","Low",0,"N",10
26,"Buffet ",37,15,4.8,"electric_scooter",2,"No","Urban","Cloudy","High",1,"N",10
15,"Meal ",33,21,4.9,"scooter",2,"No","Urban","Stormy","Low",1,"Y",10
32,"Buffet ",22,5,4.5,"scooter",2,"No","Urban","Windy","Jam ",1,"N",15
26,"Buffet ",37,23,4.7,"scooter",1,"No","Semi-Urban","Windy","Medium",1,"N",10
26,"Drinks ",33,15,4.8,"scooter",1,"No","Urban","Sandstorms","Low",1,"N",5
27,"Meal ",20,17,5,"scooter",2,"No","Urban","Sunny","Low ",1,"N",15
15,"Buffet ",21,22,5,"motorcycle",0,"No","Urban","Fog","Low",1,"N",5
12,"Drinks ",24,21,4.9,"motorcycle",1,"No","Urban","Sandstorms","Low",0,"N",10
27,"Buffet ",22,22,4.6,"electric_scooter",2,"No","Metropolitan","Windy","High ",1,"N",10
43,"Meal ",31,23,4.8,"motorcycle",1,"No","Metropolitan","Fog","Jam ",2,"N",5
33,"Buffet ",29,13,4,"motorcycle",2,"No","Metropolitan","Stormy","Jam ",2,"N",5
36,"Drinks ",38,6,4.2,"scooter",2,"No","Metropolitan","Fog","Medium",1,"N",10
23,"Meal ",38,12,4.3,"motorcycle",0,"No","Metropolitan","Windy","Low ",0,"Y",5
31,"Drinks ",27,1,4.2,"scooter",1,"No","Urban","Fog","High ",1,"N",15
26,"Drinks ",33,9,4.9,"scooter",2,"No","Semi-Urban","Stormy","Jam ",0,"Y",15
22,"Meal ",36,23,4.9,"scooter",1,"No","Metropolitan","Windy","High ",0,"N",5
27,"Buffet ",25,13,5,"electric_scooter",0,"No","Metropolitan","Windy","Medium",1,"N",10
24,"Drinks ",20,19,4.9,"motorcycle",0,"No","Urban","Stormy","Low",0,"N",5
26,"Buffet ",23,19,5,"electric_scooter",2,"No","Metropolitan","Stormy","Jam ",1,"Y",15
15,"Drinks ",38,21,4.7,"scooter",1,"No","Urban","Cloudy","Low",0,"Y",15
20,"Snack ",20,18,4.7,"scooter",2,"No","Semi-Urban","Windy","Low ",1,"Y",5
34,"Drinks ",32,3,4.1,"motorcycle",1,"No","Semi-Urban","Sandstorms","High",0,"N",15
33,"Buffet ",23,5,5,"electric_scooter",1,"No","Metropolitan","Fog","High ",1,"N",5
28,"Buffet ",25,5,4.5,"electric_scooter",2,"No","Semi-Urban","Windy","Medium",1,"N",10
27,"Buffet ",29,19,4.9,"electric_scooter",0,"No","Metropolitan","Sunny","Low ",1,"N",5
11,"Drinks ",31,15,4.9,"scooter",2,"No","Metropolitan","Stormy","Low ",0,"N",10
23,"Snack ",27,5,4.6,"motorcycle",0,"No","Semi-Urban","Stormy","Low ",1,"Y",15
19,"Drinks ",32,15,4.7,"scooter",2,"No","Urban","Sunny","Jam",1,"N",5
15,"Snack ",22,9,4.6,"scooter",2,"No","Urban","Stormy","Low ",0,"N",15
30,"Drinks ",27,21,4.8,"motorcycle",0,"No","Metropolitan","Fog","Jam ",0,"N",10
43,"Buffet ",29,1,4.3,"motorcycle",1,"No","Urban","Stormy","Jam",1,"N",5
37,"Snack ",23,19,4.1,"motorcycle",0,"No","Metropolitan","Sandstorms","Jam ",1,"Y",5
34,"Meal ",25,4,3.6,"motorcycle",1,"No","Urban","Stormy","Medium",1,"N",10
39,"Buffet ",28,2,4.8,"motorcycle",0,"No","Metropolitan","Fog","Jam ",1,"N",10
13,"Meal ",38,23,4.7,"motorcycle",1,"No","Metropolitan","Fog","Medium",0,"N",5
28,"Buffet ",28,22,5,"motorcycle",0,"No","Metropolitan","Fog","Medium",1,"Y",10
32,"Snack ",22,3,3.8,"electric_scooter",2,"No","Urban","Stormy","Jam",1,"Y",10
15,"Snack ",29,5,4.7,"motorcycle",0,"No","Metropolitan","Sandstorms","Medium",0,"N",10
39,"Buffet ",24,3,4.6,"scooter",2,"No","Metropolitan","Cloudy","Jam",1,"N",5
27,"Meal ",36,18,4.7,"motorcycle",2,"No","Metropolitan","Windy","Jam ",0,"Y",15
25,"Buffet ",25,22,4.9,"electric_scooter",2,"No","Urban","Windy","High",0,"N",5
19,"Drinks ",38,5,4.7,"electric_scooter",2,"No","Metropolitan","Sunny","Jam ",1,"N",5
23,"Buffet ",35,12,4.5,"scooter",1,"No","Semi-Urban","Fog","Low ",1,"N",5
28,"Snack ",21,9,5,"motorcycle",0,"No","Urban","Sandstorms","Jam ",1,"N",5
17,"Snack ",32,19,4.6,"scooter",1,"No","Urban","Sunny","Medium",1,"N",5
30,"Drinks ",23,5,4.5,"electric_scooter",2,"No","Metropolitan","Sandstorms","Medium",1,"N",10
25,"Buffet ",23,18,4.6,"scooter",1,"No","Urban","Windy","Jam",0,"N",15
15,"Drinks ",37,9,4.9,"scooter",1,"No","Metropolitan","Sandstorms","High ",0,"N",15
36,"Snack ",36,3,4.5,"motorcycle",0,"No","Urban","Stormy","Medium",1,"N",15
15,"Drinks ",33,19,4.6,"electric_scooter",2,"No","Metropolitan","Fog","Medium",1,"N",15
23,"Snack ",32,9,4.7,"scooter",2,"No","Metropolitan","Sandstorms","Medium",1,"N",5
36,"Snack ",20,9,4.5,"electric_scooter",0,"No","Metropolitan","Cloudy","Medium",1,"Y",15
27,"Drinks ",37,21,4.6,"motorcycle",0,"No","Urban","Stormy","Low ",1,"Y",5
36,"Snack ",22,3,3.9,"motorcycle",1,"No","Urban","Stormy","Low",0,"N",15
26,"Drinks ",36,4,4.9,"motorcycle",2,"No","Metropolitan","Windy","Low ",1,"N",10
22,"Buffet ",30,23,4.7,"motorcycle",2,"No","Urban","Sandstorms","Low",0,"N",10
15,"Meal ",30,22,4.6,"motorcycle",2,"No","Metropolitan","Fog","Medium",1,"N",5
22,"Buffet ",34,22,4.8,"motorcycle",1,"No","Metropolitan","Fog","High ",0,"N",5
36,"Snack ",39,7,3.5,"motorcycle",1,"No","Metropolitan","Fog","Low ",0,"Y",20
25,"Buffet ",38,21,5,"motorcycle",0,"No","Metropolitan","Stormy","Medium",1,"N",5
17,"Drinks ",22,18,4.6,"motorcycle",1,"No","Urban","Sunny","Medium",1,"N",10
31,"Drinks ",38,5,3.6,"electric_scooter",2,"No","Urban","Sandstorms","Medium",1,"N",5
35,"Meal ",25,3,4,"motorcycle",0,"No","Semi-Urban","Sandstorms","Jam ",1,"Y",5
17,"Snack ",22,3,4.8,"motorcycle",1,"No","Semi-Urban","Stormy","Medium",1,"N",15
39,"Drinks ",22,1,5,"motorcycle",2,"No","Metropolitan","Cloudy","Medium",1,"N",5
35,"Snack ",22,2,4.9,"motorcycle",0,"No","Urban","Cloudy","Jam ",1,"Y",15
21,"Snack ",27,19,5,"motorcycle",1,"No","Urban","Cloudy","Low",1,"Y",5
16,"Buffet ",20,5,4.5,"motorcycle",0,"No","Urban","Stormy","Medium",1,"Y",10
36,"Meal ",21,5,5,"motorcycle",1,"No","Urban","Fog","Jam ",1,"N",10
30,"Snack ",25,18,4.8,"scooter",2,"No","Urban","Stormy","Medium",0,"Y",15
25,"Snack ",36,12,5,"electric_scooter",1,"No","Metropolitan","Cloudy","Low ",1,"N",5
42,"Buffet ",34,16,4.6,"motorcycle",0,"No","Metropolitan","Fog","Medium",1,"N",5
29,"Meal ",32,16,4.8,"electric_scooter",1,"No","Metropolitan","Sandstorms","Jam ",0,"N",5
29,"Drinks ",20,23,4.8,"electric_scooter",2,"No","Urban","Sandstorms","Jam",1,"Y",10
17,"Buffet ",32,16,4.9,"motorcycle",0,"No","Metropolitan","Stormy","Medium",1,"N",10
17,"Buffet ",33,18,4.6,"scooter",1,"No","Urban","Windy","Low",1,"N",15
27,"Drinks ",38,18,4.8,"motorcycle",1,"No","Urban","Stormy","Jam",1,"Y",10
35,"Buffet ",22,12,4.8,"motorcycle",2,"No","Metropolitan","Cloudy","Jam ",1,"N",15
34,"Snack ",33,5,4.4,"motorcycle",0,"No","Urban","Stormy","Medium",1,"N",5
10,"Drinks ",37,21,4.7,"motorcycle",2,"No","Urban","Sunny","Jam",1,"Y",15
15,"Snack ",25,12,4.7,"motorcycle",0,"No","Semi-Urban","Fog","Low ",1,"N",5
34,"Buffet ",34,6,4.9,"motorcycle",0,"No","Metropolitan","Fog","High ",1,"N",10
44,"Drinks ",22,13,4.6,"motorcycle",0,"No","Metropolitan","Sandstorms","Jam ",0,"N",15
21,"Drinks ",26,14,5,"scooter",1,"No","Metropolitan","Cloudy","Jam ",0,"N",15
27,"Buffet ",39,13,4.7,"motorcycle",2,"No","Metropolitan","Stormy","Medium",0,"N",10
19,"Meal ",39,23,4.8,"motorcycle",1,"No","Metropolitan","Stormy","Jam",1,"N",10
17,"Meal ",20,7,4.9,"motorcycle",0,"No","Metropolitan","Sandstorms","Medium",1,"N",15
28,"Buffet ",31,18,4.8,"scooter",2,"No","Urban","Stormy","Medium",0,"N",15
22,"Drinks ",21,3,4.7,"electric_scooter",2,"No","Metropolitan","Sunny","Medium",0,"N",5
30,"Drinks ",24,3,4.8,"electric_scooter",2,"No","Metropolitan","Stormy","High ",1,"N",15
36,"Meal ",29,15,4.5,"motorcycle",0,"No","Metropolitan","Fog","Jam ",2,"N",10
35,"Snack ",36,7,5,"motorcycle",1,"No","Metropolitan","Cloudy","Jam ",1,"N",10
28,"Snack ",29,9,5,"motorcycle",1,"No","Metropolitan","Sandstorms","Jam ",1,"N",10
18,"Buffet ",33,18,5,"electric_scooter",1,"No","Metropolitan","Fog","Low ",1,"N",5
26,"Drinks ",23,17,4.7,"scooter",2,"No","Urban","Stormy","Medium",1,"N",10
22,"Drinks ",27,3,4.6,"motorcycle",0,"No","Metropolitan","Sandstorms","Low ",1,"N",5
24,"Snack ",34,21,4.7,"scooter",2,"No","Metropolitan","Sunny","Low ",1,"Y",10
26,"Meal ",21,23,4.6,"motorcycle",1,"No","Metropolitan","Windy","Jam ",1,"Y",10
26,"Snack ",31,3,4.2,"motorcycle",0,"No","Metropolitan","Stormy","Low ",1,"N",5
26,"Snack ",23,22,4.9,"electric_scooter",2,"No","Metropolitan","Windy","Jam ",1,"N",15
11,"Snack ",37,19,4.7,"motorcycle",2,"No","Metropolitan","Sandstorms","Low ",0,"Y",15
15,"Drinks ",34,23,4.9,"motorcycle",2,"No","Metropolitan","Sandstorms","Jam ",1,"N",10
16,"Meal ",30,22,4.6,"electric_scooter",0,"No","Semi-Urban","Sunny","Low ",0,"N",20
29,"Meal ",39,4,4.7,"electric_scooter",2,"No","Semi-Urban","Windy","Low ",0,"N",10
53,"Buffet ",32,2,4.9,"motorcycle",0,"No","Metropolitan","Fog","Jam ",2,"N",15
10,"Buffet ",20,17,4.9,"scooter",1,"No","Metropolitan","Sunny","Jam ",0,"N",15
20,"Meal ",39,18,4.9,"electric_scooter",2,"No","Urban","Fog","Jam",0,"N",10
38,"Snack ",23,9,3.5,"electric_scooter",2,"No","Urban","Sunny","Low ",1,"N",5
24,"Snack ",34,8,4.9,"electric_scooter",2,"No","Metropolitan","Fog","Jam ",1,"N",15
36,"Drinks ",23,9,3.9,"motorcycle",2,"No","Metropolitan","Stormy","Jam ",0,"Y",15
15,"Buffet ",37,5,4.8,"motorcycle",1,"No","Urban","Stormy","Jam ",0,"N",10
51,"Meal ",37,7,4.7,"electric_scooter",0,"No","Semi-Urban","Cloudy","Jam ",1,"N",15
19,"Buffet ",36,9,4.9,"motorcycle",1,"No","Semi-Urban","Windy","Jam ",0,"N",10
12,"Buffet ",30,19,4.8,"scooter",2,"No","Metropolitan","Stormy","Low ",0,"Y",15
13,"Snack ",25,23,4.8,"scooter",2,"No","Urban","Sunny","Low ",0,"N",15
17,"Buffet ",21,23,5,"electric_scooter",2,"No","Urban","Windy","Medium",1,"N",5
15,"Buffet ",28,15,4.7,"motorcycle",2,"No","Metropolitan","Cloudy","Low ",0,"N",5
29,"Meal ",22,15,4.7,"scooter",1,"No","Metropolitan","Sandstorms","Low ",1,"Y",10
31,"Meal ",30,4,3.9,"motorcycle",2,"No","Metropolitan","Sandstorms","Jam ",1,"N",10
43,"Buffet ",31,5,4,"scooter",2,"No","Urban","Fog","Jam",1,"N",10
37,"Meal ",21,14,4.8,"scooter",0,"No","Metropolitan","Windy","High ",1,"N",5
20,"Snack ",25,9,4.2,"scooter",0,"No","Metropolitan","Windy","Low ",1,"N",15
38,"Buffet ",39,4,4.1,"electric_scooter",2,"No","Metropolitan","Cloudy","High ",2,"N",15
29,"Meal ",26,19,4.5,"motorcycle",0,"No","Metropolitan","Fog","Jam ",1,"N",5
34,"Drinks ",27,9,4.9,"motorcycle",1,"No","Metropolitan","Sandstorms","High ",0,"Y",15
14,"Drinks ",38,16,4.7,"scooter",2,"No","Metropolitan","Fog","Low ",1,"N",15
27,"Meal ",35,23,4.8,"electric_scooter",2,"No","Metropolitan","Cloudy","Low ",1,"Y",5
23,"Snack ",29,21,4.8,"scooter",1,"No","Metropolitan","Sandstorms","Low ",1,"N",10
27,"Snack ",31,19,5,"scooter",2,"No","Urban","Stormy","Jam",0,"N",15
21,"Meal ",21,8,4.8,"electric_scooter",2,"No","Metropolitan","Stormy","Medium",1,"N",5
27,"Drinks ",27,5,4.7,"scooter",1,"No","Metropolitan","Windy","Medium",1,"N",10
25,"Snack ",28,23,4.6,"electric_scooter",2,"No","Semi-Urban","Sandstorms","Low ",1,"Y",15
18,"Snack ",39,9,4.9,"scooter",1,"No","Metropolitan","Fog","Low ",1,"Y",5
26,"Drinks ",22,22,4.9,"motorcycle",0,"No","Metropolitan","Sunny","Medium",0,"N",15
41,"Meal ",32,17,4.7,"scooter",0,"No","Urban","Stormy","High",1,"N",5
40,"Meal ",30,13,4.4,"motorcycle",0,"No","Metropolitan","Windy","Jam ",2,"Y",10
17,"Buffet ",33,18,4.8,"motorcycle",2,"No","Urban","Stormy","Jam",1,"N",15
13,"Drinks ",35,23,4.6,"scooter",2,"No","Urban","Sandstorms","Low",0,"N",5
28,"Snack ",26,15,4.7,"scooter",2,"No","Urban","Fog","Jam",0,"N",10
40,"Snack ",28,1,3.8,"electric_scooter",2,"No","Metropolitan","Stormy","Jam ",1,"N",10
18,"Buffet ",20,17,4.9,"electric_scooter",2,"No","Urban","Stormy","Low",1,"N",10
29,"Meal ",35,23,4.6,"motorcycle",0,"No","Metropolitan","Stormy","Jam ",0,"N",15
27,"Drinks ",38,23,5,"scooter",1,"No","Urban","Cloudy","Medium",1,"N",15
24,"Snack ",36,9,4.7,"motorcycle",0,"No","Semi-Urban","Sunny","Jam ",0,"N",15
19,"Drinks ",38,5,4.5,"electric_scooter",2,"No","Urban","Cloudy","Medium",1,"N",15
19,"Buffet ",23,21,4.7,"scooter",1,"No","Metropolitan","Sunny","Low ",0,"N",5
17,"Drinks ",32,13,4.9,"electric_scooter",2,"No","Metropolitan","Cloudy","Medium",0,"N",15
10,"Meal ",39,16,4.9,"scooter",2,"No","Metropolitan","Fog","Low ",1,"Y",10
21,"Meal ",35,22,4.9,"scooter",2,"No","Urban","Stormy","Jam",1,"N",15
24,"Meal ",20,14,5,"electric_scooter",2,"No","Semi-Urban","Stormy","Jam ",0,"N",10
13,"Meal ",20,15,4.6,"motorcycle",1,"No","Metropolitan","Fog","Low ",0,"N",5
35,"Meal ",28,9,4.2,"motorcycle",0,"No","Metropolitan","Sandstorms","Jam ",1,"Y",5
19,"Buffet ",36,17,4.5,"scooter",1,"No","Semi-Urban","Fog","Low ",1,"N",5
18,"Meal ",32,16,5,"scooter",1,"No","Semi-Urban","Sunny","Jam ",0,"N",10
23,"Meal ",24,22,4.7,"electric_scooter",1,"No","Semi-Urban","Stormy","Jam",0,"N",5
19,"Meal ",20,23,5,"electric_scooter",2,"No","Semi-Urban","Fog","Medium",0,"Y",15
36,"Snack ",39,13,4.3,"electric_scooter",2,"No","Metropolitan","Fog","Medium",1,"N",5
29,"Buffet ",33,6,4.5,"motorcycle",1,"No","Urban","Sandstorms","High ",1,"Y",5
23,"Drinks ",33,17,4.8,"scooter",1,"No","Urban","Windy","Medium",1,"N",5
21,"Meal ",35,13,4.9,"scooter",2,"No","Urban","Stormy","High ",1,"N",15
18,"Drinks ",23,16,4.7,"scooter",0,"No","Urban","Stormy","Low ",1,"N",15
23,"Drinks ",35,12,4.7,"scooter",0,"No","Urban","Stormy","Low ",1,"Y",10
11,"Drinks ",31,23,4.9,"electric_scooter",1,"No","Urban","Sunny","Low ",0,"N",5
10,"Buffet ",28,19,4.5,"electric_scooter",2,"No","Semi-Urban","Sandstorms","Low ",0,"Y",10
30,"Meal ",23,17,5,"scooter",1,"No","Metropolitan","Sandstorms","High ",1,"N",5
15,"Snack ",33,17,4.9,"scooter",2,"No","Urban","Fog","Low ",1,"N",5
15,"Meal ",30,22,4.2,"motorcycle",0,"No","Metropolitan","Windy","Low ",1,"N",15
15,"Meal ",28,16,4.8,"motorcycle",1,"No","Metropolitan","Fog","Low ",1,"N",15
25,"Buffet ",21,14,4.6,"electric_scooter",1,"No","Metropolitan","Sandstorms","Medium",1,"N",10
23,"Buffet ",28,22,4.9,"electric_scooter",2,"No","Semi-Urban","Sandstorms","Medium",1,"Y",15
34,"Meal ",30,18,4.9,"scooter",1,"No","Metropolitan","Cloudy","High ",1,"Y",5
20,"Snack ",38,16,4.7,"motorcycle",1,"No","Metropolitan","Sandstorms","Low ",1,"N",15
18,"Snack ",35,7,4.9,"electric_scooter",2,"No","Metropolitan","Sunny","Low ",1,"Y",10
26,"Meal ",24,2,4.8,"motorcycle",2,"No","Metropolitan","Stormy","Medium",0,"N",10
13,"Drinks ",26,15,4.8,"scooter",1,"No","Urban","Sandstorms","Low",0,"N",15
39,"Snack ",21,3,4.3,"motorcycle",2,"No","Metropolitan","Fog","Medium",1,"N",5
23,"Drinks ",32,6,4.9,"motorcycle",1,"No","Metropolitan","Sandstorms","Jam ",0,"N",5
24,"Snack ",26,19,4.6,"scooter",0,"No","Metropolitan","Cloudy","Low ",1,"N",15
39,"Meal ",35,2,4.2,"scooter",1,"No","Metropolitan","Stormy","Jam ",0,"Y",15
20,"Snack ",30,16,4.8,"motorcycle",0,"No","Urban","Stormy","Low",0,"N",10
28,"Meal ",37,16,4.6,"scooter",0,"No","Urban","Sunny","Low",1,"N",25
44,"Buffet ",32,11,3.5,"motorcycle",2,"No","Metropolitan","Stormy","Jam ",1,"Y",5
15,"Buffet ",36,9,4.8,"motorcycle",0,"No","Metropolitan","Sandstorms","Low ",0,"N",5
37,"Snack ",34,3,4.3,"scooter",0,"No","Metropolitan","Sandstorms","High ",1,"N",15
26,"Snack ",32,16,4.9,"motorcycle",1,"No","Metropolitan","Stormy","Jam ",1,"N",5
21,"Buffet ",37,2,4.7,"scooter",2,"No","Metropolitan","Sunny","Medium",1,"N",5
22,"Drinks ",23,19,4.7,"electric_scooter",0,"No","Urban","Fog","High",0,"N",5
26,"Buffet ",25,15,4.7,"motorcycle",0,"No","Metropolitan","Fog","Low ",1,"Y",5
20,"Meal ",38,9,4.8,"motorcycle",2,"No","Urban","Sunny","Jam ",1,"N",10
22,"Meal ",23,16,4.8,"scooter",0,"No","Metropolitan","Sunny","Medium",0,"N",15
32,"Snack ",38,23,4.8,"scooter",1,"No","Metropolitan","Cloudy","Jam ",1,"Y",10
15,"Meal ",29,18,4.5,"motorcycle",1,"No","Urban","Sandstorms","Low",0,"N",5
15,"Buffet ",21,15,4.8,"motorcycle",1,"No","Semi-Urban","Sunny","Medium",0,"N",10
40,"Meal ",37,3,4.9,"scooter",2,"No","Semi-Urban","Fog","Jam ",1,"N",15
24,"Buffet ",36,1,4.7,"electric_scooter",2,"No","Metropolitan","Fog","Jam ",0,"N",15
36,"Buffet ",38,23,4.5,"scooter",2,"No","Metropolitan","Sandstorms","Jam ",1,"Y",15
28,"Meal ",29,15,4.7,"electric_scooter",2,"No","Metropolitan","Sandstorms","High ",1,"N",15
14,"Buffet ",38,21,4.6,"electric_scooter",2,"No","Semi-Urban","Sandstorms","Low",1,"N",15
20,"Snack ",27,22,4.6,"motorcycle",2,"No","Metropolitan","Sandstorms","High ",1,"N",5
17,"Drinks ",24,17,4.6,"scooter",1,"No","Metropolitan","Windy","Low ",1,"N",10
37,"Drinks ",22,4,4.4,"motorcycle",2,"No","Metropolitan","Windy","Jam ",0,"N",15
24,"Buffet ",28,23,4.9,"electric_scooter",2,"No","Urban","Windy","Medium",1,"N",10
15,"Meal ",26,1,5,"scooter",2,"No","Semi-Urban","Sunny","Low",0,"N",15
37,"Snack ",31,4,4.2,"scooter",1,"No","Metropolitan","Fog","Jam ",2,"N",5
29,"Buffet ",28,15,4.6,"scooter",1,"No","Semi-Urban","Windy","Medium",1,"N",5
38,"Snack ",35,19,5,"scooter",2,"No","Metropolitan","Fog","High ",1,"N",15
33,"Meal ",39,2,4.3,"electric_scooter",2,"No","Metropolitan","Fog","Jam",1,"Y",10
26,"Snack ",34,16,4.9,"scooter",0,"No","Metropolitan","Sunny","Low ",0,"N",5
18,"Drinks ",23,12,4.7,"electric_scooter",2,"No","Metropolitan","Stormy","Low ",0,"N",15
17,"Snack ",27,6,4.7,"scooter",2,"No","Metropolitan","Fog","Low ",0,"N",5
19,"Drinks ",23,15,4.7,"motorcycle",1,"No","Metropolitan","Sandstorms","Jam ",0,"Y",10
32,"Snack ",27,5,4.9,"scooter",0,"No","Metropolitan","Sandstorms","Medium",1,"N",10
39,"Drinks ",37,11,4.2,"electric_scooter",2,"No","Semi-Urban","Sandstorms","Medium",1,"N",10
24,"Snack ",27,15,4.6,"scooter",0,"No","Metropolitan","Sandstorms","Low ",1,"Y",25
34,"Drinks ",22,11,3.6,"scooter",2,"No","Metropolitan","Stormy","Jam ",1,"N",5
15,"Snack ",29,9,4.7,"motorcycle",2,"No","Urban","Cloudy","Low ",0,"N",10
29,"Drinks ",39,11,4.8,"motorcycle",1,"No","Semi-Urban","Sandstorms","High ",1,"Y",5
26,"Snack ",37,19,4.6,"scooter",2,"No","Urban","Stormy","Jam",0,"Y",10
39,"Drinks ",35,13,4.1,"motorcycle",0,"No","Metropolitan","Fog","Low ",2,"N",15
37,"Meal ",31,22,4.4,"motorcycle",0,"No","Metropolitan","Windy","Jam ",1,"N",15
19,"Meal ",25,22,4.9,"motorcycle",0,"No","Semi-Urban","Fog","Low ",1,"N",5
21,"Drinks ",24,23,4.7,"scooter",2,"No","Urban","Sandstorms","Medium",1,"N",10
37,"Meal ",23,14,4.7,"scooter",0,"No","Metropolitan","Windy","Jam ",1,"N",10
27,"Snack ",34,18,4.6,"scooter",1,"No","Metropolitan","Sandstorms","Low ",1,"N",5
15,"Snack ",23,15,4.6,"electric_scooter",2,"No","Urban","Stormy","Medium",1,"N",10
22,"Snack ",21,19,4.9,"scooter",2,"No","Metropolitan","Sandstorms","Low ",1,"Y",10
26,"Meal ",22,19,4.9,"motorcycle",0,"No","Urban","Windy","Medium",1,"N",5
40,"Meal ",35,7,4.1,"motorcycle",0,"No","Metropolitan","Fog","Low ",2,"Y",10
28,"Drinks ",37,17,4.9,"motorcycle",2,"No","Metropolitan","Sandstorms","High ",1,"N",10
24,"Drinks ",26,18,4.6,"motorcycle",2,"No","Urban","Sandstorms","Jam",1,"Y",5
34,"Buffet ",37,15,4.1,"motorcycle",1,"No","Metropolitan","Sandstorms","Jam ",1,"N",15
16,"Buffet ",30,12,4.9,"motorcycle",1,"No","Urban","Sunny","Low ",0,"N",10
17,"Snack ",35,22,4.8,"scooter",0,"No","Semi-Urban","Sunny","Medium",1,"Y",5
24,"Meal ",29,18,4.8,"electric_scooter",0,"No","Metropolitan","Sunny","Jam ",1,"N",15
53,"Snack ",31,7,3.7,"motorcycle",0,"No","Metropolitan","Sunny","Jam ",3,"N",5
18,"Drinks ",30,12,4.5,"scooter",2,"No","Metropolitan","Fog","Medium",0,"N",10
17,"Drinks ",38,19,4.7,"motorcycle",0,"No","Metropolitan","Fog","Low ",1,"N",5
20,"Drinks ",33,19,4.5,"motorcycle",0,"No","Metropolitan","Fog","Low ",1,"N",30
26,"Buffet ",34,18,4.6,"motorcycle",0,"No","Metropolitan","Stormy","Low ",0,"Y",5
29,"Meal ",28,22,4.8,"scooter",1,"No","Urban","Windy","Medium",1,"N",10
26,"Snack ",30,13,4.7,"scooter",2,"No","Metropolitan","Windy","Low ",1,"N",10
32,"Buffet ",39,1,5,"scooter",1,"No","Metropolitan","Fog","Jam ",1,"N",10
15,"Meal ",20,17,4.8,"motorcycle",1,"No","Urban","Sunny","Medium",0,"N",10
30,"Buffet ",28,12,4.8,"motorcycle",0,"No","Metropolitan","Cloudy","Medium",1,"N",10
36,"Drinks ",26,9,4.4,"scooter",1,"No","Urban","Fog","Jam ",0,"Y",15
47,"Meal ",34,3,4.2,"motorcycle",0,"No","Metropolitan","Stormy","Medium",1,"Y",10
27,"Drinks ",34,3,4.7,"electric_scooter",1,"No","Metropolitan","Sandstorms","Medium",1,"N",10
27,"Meal ",27,15,4.8,"motorcycle",2,"No","Metropolitan","Windy","High ",0,"N",15
28,"Meal ",39,12,5,"electric_scooter",1,"No","Metropolitan","Sandstorms","Medium",1,"N",15
19,"Drinks ",25,8,4.6,"motorcycle",2,"No","Metropolitan","Sunny","Medium",0,"N",10
19,"Snack ",28,22,4.9,"electric_scooter",2,"No","Urban","Cloudy","Medium",0,"N",15
27,"Buffet ",21,7,4.7,"motorcycle",0,"No","Metropolitan","Windy","Medium",0,"N",15
26,"Snack ",21,9,4.8,"motorcycle",2,"No","Metropolitan","Sandstorms","Medium",1,"N",5
26,"Buffet ",27,22,5,"electric_scooter",0,"No","Metropolitan","Windy","Jam ",1,"N",15
25,"Drinks ",28,15,4.7,"scooter",2,"No","Urban","Sandstorms","High",0,"N",15
23,"Snack ",28,16,4.7,"motorcycle",0,"No","Metropolitan","Sunny","Low ",1,"N",5
23,"Buffet ",23,9,4.7,"electric_scooter",1,"No","Metropolitan","Stormy","Jam ",1,"N",10
26,"Meal ",37,21,5,"electric_scooter",2,"No","Metropolitan","Stormy","Medium",1,"N",5
32,"Snack ",23,15,4.1,"motorcycle",1,"No","Metropolitan","Windy","Medium",1,"N",10
21,"Buffet ",21,19,5,"electric_scooter",2,"No","Metropolitan","Stormy","Low ",0,"Y",15
36,"Meal ",39,14,4.8,"motorcycle",0,"No","Metropolitan","Windy","Jam ",1,"N",10
30,"Snack ",27,8,4.5,"electric_scooter",1,"No","Urban","Fog","Low ",1,"N",15
35,"Buffet ",33,1,4,"electric_scooter",2,"No","Urban","Fog","Jam ",1,"N",10
31,"Meal ",39,13,4.7,"scooter",2,"No","Urban","Sunny","Jam ",1,"N",10
41,"Buffet ",26,4,4.9,"electric_scooter",2,"No","Urban","Fog","Jam ",1,"N",15
30,"Meal ",23,13,4.8,"motorcycle",0,"No","Metropolitan","Cloudy","High ",0,"Y",15
25,"Meal ",38,9,4.4,"motorcycle",0,"No","Urban","Sandstorms","Low ",1,"N",25
15,"Snack ",21,22,4.7,"motorcycle",1,"No","Urban","Sandstorms","Low",0,"N",10
15,"Buffet ",23,22,4.9,"electric_scooter",2,"No","Urban","Stormy","Medium",1,"N",5
21,"Meal ",25,6,4.8,"motorcycle",0,"No","Urban","Sunny","Medium",1,"N",10
23,"Buffet ",21,23,4.9,"scooter",1,"No","Metropolitan","Sunny","Low ",1,"Y",10
10,"Drinks ",22,23,5,"motorcycle",2,"No","Urban","Windy","High ",0,"Y",15
38,"Drinks ",34,21,4.9,"motorcycle",0,"No","Urban","Sunny","Medium",1,"Y",10
18,"Meal ",39,23,4.9,"scooter",1,"No","Semi-Urban","Sandstorms","Jam ",1,"N",10
27,"Snack ",30,3,4.5,"electric_scooter",0,"No","Urban","Fog","High",1,"N",10
25,"Drinks ",25,17,5,"scooter",1,"No","Metropolitan","Windy","Jam ",1,"N",5
32,"Snack ",27,5,4.6,"motorcycle",1,"No","Semi-Urban","Fog","High ",0,"N",10
25,"Meal ",37,15,4.8,"electric_scooter",2,"No","Metropolitan","Sandstorms","Low ",1,"N",5
42,"Meal ",21,2,4.7,"scooter",1,"No","Metropolitan","Fog","Medium",2,"N",15
41,"Buffet ",35,21,5,"scooter",2,"No","Metropolitan","Cloudy","Jam ",2,"N",10
15,"Snack ",28,19,4.6,"motorcycle",2,"No","Urban","Stormy","Low",1,"N",15
17,"Buffet ",38,18,4.8,"electric_scooter",1,"No","Metropolitan","Stormy","Low ",1,"Y",5
37,"Snack ",35,7,4.6,"scooter",0,"No","Metropolitan","Sunny","Medium",1,"N",10
25,"Meal ",20,22,4.7,"motorcycle",1,"No","Metropolitan","Stormy","Medium",1,"N",15
37,"Drinks ",39,3,4.1,"electric_scooter",0,"No","Semi-Urban","Sunny","Medium",1,"N",10
20,"Meal ",38,22,4.9,"scooter",1,"No","Metropolitan","Sandstorms","High ",1,"N",10
21,"Snack ",37,18,5,"motorcycle",0,"No","Urban","Sandstorms","Low",1,"N",5
19,"Buffet ",21,17,4.7,"scooter",1,"No","Metropolitan","Fog","Low ",1,"N",10
33,"Buffet ",28,4,3.7,"scooter",1,"No","Semi-Urban","Sandstorms","Jam ",1,"Y",15
29,"Snack ",33,1,4.7,"motorcycle",1,"No","Metropolitan","Stormy","Jam ",1,"N",15
20,"Buffet ",37,19,4.7,"motorcycle",0,"No","Metropolitan","Cloudy","Low ",1,"N",10
30,"Meal ",24,21,4.6,"motorcycle",1,"No","Semi-Urban","Sandstorms","Jam",1,"N",10
42,"Drinks ",22,7,4.4,"motorcycle",0,"No","Semi-Urban","Fog","Low ",2,"N",10
10,"Drinks ",33,23,4.7,"electric_scooter",2,"No","Semi-Urban","Fog","Low ",0,"Y",15
38,"Buffet ",35,8,4.1,"electric_scooter",1,"No","Metropolitan","Sandstorms","Jam ",1,"Y",5
33,"Meal ",24,5,4.2,"motorcycle",0,"No","Metropolitan","Sandstorms","Low ",0,"N",15
43,"Meal ",27,8,4.4,"scooter",1,"No","Metropolitan","Fog","Jam ",2,"N",5
21,"Drinks ",22,16,4.8,"scooter",0,"No","Metropolitan","Cloudy","High ",1,"N",15
23,"Meal ",30,21,4.6,"electric_scooter",0,"No","Urban","Fog","High ",1,"Y",10
27,"Snack ",23,14,4.7,"scooter",2,"No","Semi-Urban","Sunny","Jam ",0,"N",10
33,"Buffet ",33,9,4.8,"motorcycle",0,"No","Metropolitan","Sunny","Medium",1,"N",10
25,"Snack ",29,21,4.9,"scooter",1,"No","Metropolitan","Cloudy","High ",0,"N",5
34,"Snack ",26,6,4.2,"scooter",2,"No","Urban","Windy","Medium",0,"Y",15
29,"Meal ",37,9,4.8,"scooter",2,"No","Metropolitan","Fog","Jam ",1,"Y",10
27,"Buffet ",35,23,4.6,"motorcycle",1,"No","Urban","Sandstorms","Jam",1,"Y",5
33,"Meal ",21,7,4.1,"motorcycle",0,"No","Metropolitan","Sunny","Medium",1,"Y",15
30,"Snack ",23,8,4.6,"scooter",2,"No","Metropolitan","Stormy","Medium",1,"N",5
46,"Drinks ",21,13,4.7,"motorcycle",0,"No","Metropolitan","Fog","Medium",2,"Y",5
35,"Drinks ",27,6,4.6,"scooter",2,"No","Metropolitan","Cloudy","Jam ",2,"N",15
11,"Snack ",39,16,4.8,"scooter",1,"No","Metropolitan","Cloudy","Medium",0,"N",10
31,"Meal ",29,21,4.8,"motorcycle",1,"No","Metropolitan","Sandstorms","Jam ",1,"Y",15
31,"Snack ",20,2,4.4,"electric_scooter",1,"No","Urban","Windy","High",1,"N",10
39,"Drinks ",31,4,4.8,"scooter",1,"Yes","Metropolitan","Sandstorms","Jam ",2,"N",10
34,"Buffet ",39,2,4.4,"electric_scooter",2,"No","Metropolitan","Fog","Jam ",1,"Y",5
36,"Drinks ",23,13,5,"scooter",1,"No","Urban","Fog","Medium",2,"Y",15
26,"Meal ",26,3,4.9,"scooter",1,"No","Metropolitan","Sandstorms","Low ",1,"Y",5
16,"Buffet ",34,17,4.7,"motorcycle",1,"No","Metropolitan","Sandstorms","Low",1,"N",15
25,"Snack ",22,17,4.7,"scooter",1,"No","Metropolitan","Fog","High",1,"N",15
19,"Drinks ",37,21,4.7,"motorcycle",1,"No","Metropolitan","Sunny","Low ",0,"N",5
36,"Buffet ",30,5,4.7,"scooter",0,"No","Metropolitan","Fog","Medium",1,"N",15
27,"Buffet ",20,14,4.6,"motorcycle",2,"No","Metropolitan","Stormy","Medium",0,"N",5
21,"Drinks ",28,23,4.4,"motorcycle",0,"No","Metropolitan","Stormy","Low ",0,"Y",10
18,"Buffet ",38,23,5,"scooter",2,"No","Metropolitan","Sunny","Medium",1,"Y",10
43,"Buffet ",28,3,4.9,"scooter",1,"No","Urban","Fog","Jam ",2,"N",15
48,"Drinks ",39,19,4.5,"motorcycle",0,"No","Metropolitan","Fog","Jam ",0,"N",15
30,"Drinks ",33,5,4.6,"motorcycle",1,"No","Semi-Urban","Stormy","Jam ",1,"N",5
31,"Buffet ",25,4,4.2,"motorcycle",2,"No","Urban","Stormy","Jam",1,"N",10
28,"Meal ",27,21,4.9,"scooter",2,"No","Metropolitan","Windy","Medium",1,"N",10
36,"Meal ",21,4,4.7,"electric_scooter",0,"No","Semi-Urban","Cloudy","Jam ",1,"Y",5
16,"Meal ",26,22,4.9,"scooter",2,"No","Semi-Urban","Sandstorms","Jam ",1,"N",15
33,"Drinks ",33,18,4.9,"scooter",2,"No","Urban","Stormy","Medium",1,"Y",15
25,"Buffet ",30,23,5,"motorcycle",0,"No","Metropolitan","Fog","Low ",1,"N",15
17,"Buffet ",36,13,4.9,"scooter",1,"No","Metropolitan","Stormy","Low ",0,"N",30
24,"Drinks ",37,4,4.4,"motorcycle",0,"No","Semi-Urban","Sandstorms","Low ",1,"N",10
18,"Meal ",24,22,4.9,"scooter",1,"No","Semi-Urban","Windy","Jam ",1,"N",5
18,"Drinks ",28,4,4.7,"motorcycle",2,"No","Urban","Stormy","Jam",0,"N",5
31,"Buffet ",24,16,4.1,"scooter",2,"No","Metropolitan","Fog","Jam ",1,"Y",5
29,"Buffet ",28,8,4.6,"scooter",1,"No","Metropolitan","Sandstorms","Medium",1,"N",15
26,"Snack ",22,3,4.5,"electric_scooter",0,"No","Semi-Urban","Cloudy","High",1,"Y",15
23,"Drinks ",38,6,4.9,"motorcycle",1,"No","Urban","Sunny","Low ",0,"N",5
12,"Drinks ",37,16,4.6,"scooter",1,"No","Urban","Fog","Medium",0,"N",10
28,"Drinks ",21,5,4.8,"scooter",1,"No","Metropolitan","Stormy","Low ",1,"N",5
31,"Meal ",30,11,4.6,"scooter",1,"No","Urban","Fog","Jam ",1,"N",5
30,"Meal ",33,23,4.9,"motorcycle",0,"No","Metropolitan","Fog","Medium",1,"Y",10
14,"Snack ",20,16,4.8,"motorcycle",1,"No","Metropolitan","Windy","Low ",1,"Y",30
31,"Drinks ",37,16,4.1,"motorcycle",1,"No","Urban","Stormy","Jam ",1,"Y",5
31,"Meal ",39,14,4.4,"motorcycle",2,"No","Metropolitan","Stormy","Medium",1,"N",5
24,"Snack ",21,14,5,"scooter",1,"No","Semi-Urban","Windy","Jam ",0,"Y",5
42,"Drinks ",39,19,4.9,"motorcycle",0,"No","Metropolitan","Fog","Jam",1,"N",5
20,"Drinks ",27,19,4.6,"motorcycle",1,"No","Urban","Windy","Jam",1,"N",10
31,"Meal ",22,5,4,"motorcycle",0,"No","Urban","Fog","High ",1,"N",10
18,"Meal ",22,3,4.9,"scooter",1,"No","Semi-Urban","Stormy","Medium",1,"N",5
37,"Snack ",32,19,5,"motorcycle",0,"No","Urban","Windy","Jam ",0,"N",5
24,"Meal ",28,12,4.7,"motorcycle",1,"No","Urban","Sunny","Jam ",0,"N",5
12,"Meal ",34,18,4.8,"scooter",2,"No","Semi-Urban","Sunny","Low ",1,"N",10
23,"Drinks ",37,3,4.5,"electric_scooter",1,"No","Urban","Windy","High",1,"N",15
20,"Buffet ",21,19,4.6,"electric_scooter",1,"No","Semi-Urban","Sandstorms","Low ",1,"N",5
24,"Snack ",20,5,4.5,"scooter",0,"No","Urban","Stormy","Low",1,"N",10
17,"Meal ",27,15,5,"motorcycle",1,"No","Semi-Urban","Sandstorms","Low ",0,"Y",15
25,"Drinks ",35,13,4.8,"motorcycle",2,"No","Metropolitan","Windy","High ",1,"N",15
20,"Meal ",29,19,4.7,"electric_scooter",2,"No","Semi-Urban","Sunny","Low",0,"Y",10
22,"Buffet ",23,1,4.4,"scooter",0,"No","Metropolitan","Stormy","Low",0,"N",15
46,"Buffet ",29,17,4.6,"motorcycle",0,"No","Urban","Sunny","Jam ",1,"N",15
19,"Drinks ",24,12,4.6,"electric_scooter",1,"No","Metropolitan","Stormy","Low ",0,"N",30
26,"Snack ",29,22,4.9,"electric_scooter",0,"No","Metropolitan","Windy","Medium",1,"N",15
11,"Drinks ",25,17,4.6,"motorcycle",1,"No","Urban","Sunny","Medium",0,"Y",10
38,"Drinks ",33,4,4.4,"motorcycle",0,"No","Metropolitan","Fog","Jam ",1,"Y",5
19,"Snack ",33,19,4.6,"motorcycle",1,"No","Semi-Urban","Fog","Medium",0,"N",5
35,"Snack ",39,1,4.3,"motorcycle",2,"No","Urban","Cloudy","Medium",1,"N",5
43,"Drinks ",31,6,4.6,"electric_scooter",2,"No","Metropolitan","Fog","Jam ",2,"N",10
31,"Buffet ",22,5,4.2,"scooter",2,"No","Urban","Cloudy","Medium",1,"Y",5
26,"Buffet ",26,18,4.8,"scooter",0,"No","Metropolitan","Cloudy","Jam ",0,"N",10
39,"Snack ",25,19,3.7,"scooter",2,"No","Metropolitan","Windy","Jam ",1,"N",5
38,"Meal ",31,22,4.6,"motorcycle",2,"No","Semi-Urban","Fog","Medium",2,"N",10
30,"Meal ",31,1,4.6,"electric_scooter",0,"No","Metropolitan","Cloudy","Medium",1,"N",5
28,"Snack ",34,21,4.6,"motorcycle",1,"No","Urban","Fog","Low ",0,"Y",15
15,"Snack ",26,12,4.7,"motorcycle",2,"No","Metropolitan","Sandstorms","Low ",0,"Y",5
40,"Snack ",31,8,4.2,"electric_scooter",1,"No","Semi-Urban","Cloudy","Jam ",1,"N",15
15,"Buffet ",27,2,4.2,"motorcycle",0,"No","Urban","Windy","Low ",0,"N",15
38,"Snack ",35,19,5,"scooter",2,"No","Metropolitan","Fog","High ",1,"N",15
32,"Meal ",33,7,4.9,"motorcycle",0,"No","Metropolitan","Fog","High ",0,"Y",15
14,"Snack ",25,16,4.6,"electric_scooter",1,"No","Metropolitan","Sandstorms","Low ",0,"N",5
16,"Snack ",22,23,4.9,"motorcycle",0,"No","Metropolitan","Windy","High ",1,"Y",5
25,"Meal ",37,2,4.7,"electric_scooter",2,"No","Urban","Stormy","High ",1,"N",15
32,"Meal ",29,4,4.3,"electric_scooter",1,"No","Metropolitan","Stormy","Jam ",1,"N",5
33,"Meal ",32,3,4.7,"motorcycle",0,"No","Urban","Windy","High ",0,"N",5
27,"Meal ",28,9,4.4,"motorcycle",0,"No","Metropolitan","Fog","Low ",0,"N",15
32,"Snack ",22,22,4.3,"electric_scooter",1,"No","Metropolitan","Sandstorms","High ",1,"N",5
33,"Buffet ",36,3,3.5,"electric_scooter",2,"No","Metropolitan","Stormy","Jam ",1,"Y",10
15,"Meal ",39,18,5,"scooter",1,"No","Urban","Fog","Medium",1,"Y",5
29,"Meal ",20,9,4.6,"motorcycle",0,"No","Semi-Urban","Cloudy","Jam ",0,"Y",5
42,"Meal ",20,11,4.7,"motorcycle",0,"No","Semi-Urban","Fog","Medium",1,"N",15
28,"Drinks ",24,13,4.7,"motorcycle",0,"No","Urban","Stormy","Low ",0,"N",10
10,"Meal ",30,15,4.7,"scooter",2,"No","Urban","Sandstorms","Low ",0,"N",15
17,"Snack ",35,2,4.1,"motorcycle",0,"No","Metropolitan","Stormy","Low ",0,"N",5
22,"Drinks ",23,19,5,"electric_scooter",2,"No","Urban","Sunny","Low",1,"N",5
39,"Drinks ",38,3,4.4,"motorcycle",0,"No","Urban","Sunny","Jam",0,"Y",10
33,"Snack ",27,1,4.4,"scooter",1,"No","Metropolitan","Stormy","Medium",0,"N",5
33,"Drinks ",27,3,4.2,"scooter",2,"No","Urban","Fog","Jam ",1,"N",10
10,"Drinks ",38,19,4.8,"scooter",2,"No","Metropolitan","Windy","Low ",0,"Y",15
20,"Snack ",31,8,4.2,"motorcycle",0,"No","Metropolitan","Sandstorms","Low ",0,"N",10
29,"Meal ",31,7,5,"electric_scooter",2,"No","Semi-Urban","Sandstorms","Low ",1,"N",5
19,"Buffet ",25,17,4.8,"scooter",2,"No","Urban","Fog","Medium",0,"Y",10
15,"Drinks ",26,15,4.7,"scooter",1,"No","Semi-Urban","Windy","Jam",1,"Y",5
24,"Buffet ",39,19,4.5,"scooter",0,"No","Urban","Sandstorms","Low ",1,"N",10
35,"Meal ",28,2,4.8,"scooter",0,"No","Metropolitan","Windy","High ",1,"N",15
37,"Meal ",28,2,4.8,"motorcycle",0,"No","Urban","Fog","Jam",2,"N",15
22,"Snack ",22,23,4.5,"scooter",2,"No","Semi-Urban","Stormy","Jam ",1,"Y",5
28,"Drinks ",20,9,4.6,"motorcycle",1,"No","Metropolitan","Windy","Jam ",1,"N",15
32,"Snack ",23,15,4.1,"motorcycle",1,"No","Metropolitan","Windy","Medium",1,"N",10
39,"Drinks ",20,13,4.4,"scooter",1,"No","Urban","Fog","Medium",1,"N",15
19,"Snack ",31,22,4.6,"motorcycle",1,"No","Metropolitan","Sunny","Medium",0,"Y",10
14,"Drinks ",38,23,4.9,"motorcycle",1,"No","Semi-Urban","Fog","Low ",0,"Y",5
29,"Snack ",26,21,5,"motorcycle",1,"No","Metropolitan","Sandstorms","Jam ",0,"Y",5
38,"Meal ",20,1,4.3,"electric_scooter",0,"No","Metropolitan","Windy","Jam ",0,"N",5
34,"Snack ",37,6,4.6,"motorcycle",2,"No","Urban","Stormy","High ",2,"N",15
18,"Snack ",35,23,4.5,"electric_scooter",1,"No","Metropolitan","Sunny","Jam ",1,"N",15
18,"Snack ",25,23,4.6,"motorcycle",1,"No","Urban","Stormy","Low ",1,"N",5
16,"Drinks ",24,3,4.7,"scooter",2,"No","Urban","Cloudy","Medium",0,"N",10
36,"Meal ",22,17,4.9,"scooter",0,"No","Semi-Urban","Fog","Medium",2,"N",10
15,"Meal ",29,22,4.7,"motorcycle",0,"No","Metropolitan","Sunny","Medium",1,"Y",5
18,"Meal ",29,13,4.6,"motorcycle",1,"No","Metropolitan","Windy","Low ",1,"N",20
38,"Meal ",25,2,3.8,"motorcycle",1,"No","Metropolitan","Windy","Jam ",1,"N",15
49,"Snack ",34,9,4.8,"electric_scooter",2,"No","Metropolitan","Cloudy","Jam ",0,"N",5
33,"Snack ",24,4,4.9,"motorcycle",2,"No","Metropolitan","Fog","Jam ",1,"N",15
44,"Buffet ",25,5,3.7,"motorcycle",2,"No","Metropolitan","Sandstorms","Jam ",1,"N",15
27,"Buffet ",23,19,4.9,"scooter",1,"No","Metropolitan","Sunny","Low ",1,"N",15
23,"Buffet ",38,3,4.4,"scooter",0,"No","Urban","Sandstorms","Low",1,"N",10
16,"Drinks ",33,23,4.9,"electric_scooter",2,"No","Metropolitan","Windy","Low ",0,"Y",5
48,"Buffet ",21,4,4.2,"motorcycle",0,"No","Urban","Sandstorms","Medium",1,"N",10
16,"Snack ",20,6,4,"scooter",0,"No","Metropolitan","Windy","Low ",1,"Y",10
29,"Buffet ",25,5,4.7,"motorcycle",0,"No","Semi-Urban","Sunny","Low ",1,"N",15
28,"Snack ",23,13,4.3,"motorcycle",0,"No","Metropolitan","Windy","Low ",1,"N",10
21,"Buffet ",34,12,4.5,"electric_scooter",1,"No","Metropolitan","Fog","Jam ",0,"N",5
15,"Snack ",20,21,4.9,"motorcycle",1,"No","Metropolitan","Fog","Low ",0,"Y",10
22,"Drinks ",29,18,4.7,"electric_scooter",0,"No","Metropolitan","Sandstorms","Low ",1,"Y",30
18,"Buffet ",38,19,4.6,"scooter",2,"No","Metropolitan","Sandstorms","Medium",1,"Y",15
29,"Meal ",29,16,4.7,"electric_scooter",2,"No","Urban","Windy","Jam ",1,"N",10
26,"Buffet ",24,3,4.5,"scooter",2,"No","Semi-Urban","Stormy","Low ",0,"N",5
29,"Buffet ",38,22,4.6,"motorcycle",0,"No","Semi-Urban","Sunny","Medium",1,"Y",5
12,"Snack ",32,23,4.7,"scooter",1,"No","Metropolitan","Sunny","Jam ",0,"N",15
13,"Drinks ",33,15,4.6,"scooter",1,"No","Urban","Fog","Low ",0,"N",10
26,"Drinks ",27,17,4.5,"scooter",2,"No","Metropolitan","Stormy","Jam ",1,"N",10
31,"Buffet ",36,23,4.9,"motorcycle",2,"No","Urban","Stormy","Jam",0,"N",5
16,"Buffet ",33,22,4.8,"motorcycle",0,"No","Metropolitan","Cloudy","Low ",1,"N",15
28,"Snack ",35,16,4.6,"motorcycle",1,"No","Metropolitan","Cloudy","High ",1,"N",5
24,"Snack ",27,12,4.6,"motorcycle",0,"No","Metropolitan","Sunny","Low ",1,"N",15
15,"Buffet ",28,23,4.6,"scooter",1,"No","Urban","Cloudy","Low",1,"N",15
24,"Buffet ",35,23,4.9,"scooter",1,"No","Metropolitan","Sandstorms","Low ",0,"N",15
49,"Snack ",27,15,4.8,"motorcycle",0,"Yes","Semi-Urban","Fog","Jam",1,"N",10
48,"Meal ",34,3,4.2,"motorcycle",0,"No","Metropolitan","Sandstorms","Medium",0,"N",10
31,"Buffet ",33,3,4.2,"motorcycle",2,"No","Metropolitan","Fog","High ",1,"N",5
16,"Snack ",26,19,4.8,"electric_scooter",0,"No","Urban","Stormy","Jam ",1,"N",5
34,"Drinks ",20,3,4.2,"electric_scooter",2,"No","Urban","Windy","Medium",2,"N",5
27,"Buffet ",30,23,4.8,"scooter",1,"No","Metropolitan","Stormy","Medium",0,"N",10
19,"Buffet ",38,21,4.6,"electric_scooter",2,"No","Metropolitan","Windy","Low ",0,"N",15
20,"Drinks ",34,19,4.8,"scooter",1,"No","Semi-Urban","Sunny","Low",1,"N",5
21,"Snack ",24,8,4.3,"motorcycle",0,"No","Metropolitan","Sandstorms","Low ",1,"N",10
38,"Buffet ",32,4,4.4,"electric_scooter",2,"No","Metropolitan","Stormy","Medium",2,"Y",10
40,"Drinks ",31,1,3.9,"motorcycle",2,"No","Metropolitan","Windy","Jam ",1,"N",10
31,"Buffet ",30,11,4.7,"motorcycle",0,"No","Urban","Windy","Medium",1,"N",15
29,"Snack ",29,23,4.9,"motorcycle",0,"No","Metropolitan","Windy","Jam ",1,"N",5
42,"Buffet ",34,6,4.2,"motorcycle",1,"Yes","Urban","Sandstorms","Jam ",0,"N",15
16,"Meal ",25,14,4.6,"motorcycle",1,"No","Metropolitan","Stormy","Jam ",0,"N",10
23,"Snack ",37,5,4.8,"motorcycle",0,"No","Metropolitan","Sunny","Jam ",1,"N",10
34,"Buffet ",26,22,4.7,"scooter",2,"No","Metropolitan","Fog","Jam ",0,"N",15
30,"Snack ",24,17,4.9,"motorcycle",0,"No","Urban","Stormy","Jam",1,"Y",10
33,"Snack ",29,11,5,"electric_scooter",2,"No","Metropolitan","Windy","Medium",0,"N",15
19,"Buffet ",35,22,4.5,"electric_scooter",2,"No","Metropolitan","Sunny","Jam ",1,"N",5
36,"Snack ",26,3,4.8,"electric_scooter",2,"No","Metropolitan","Cloudy","Jam ",2,"N",10
53,"Snack ",25,21,4.6,"motorcycle",0,"No","Metropolitan","Stormy","Jam ",0,"N",10
26,"Drinks ",33,9,4.9,"scooter",2,"No","Semi-Urban","Stormy","Jam ",0,"Y",15
21,"Snack ",37,5,4.9,"motorcycle",0,"No","Metropolitan","Fog","Low ",1,"N",25
26,"Snack ",39,23,4.7,"scooter",1,"No","Urban","Sandstorms","Medium",0,"Y",15
16,"Meal ",28,13,4.9,"electric_scooter",2,"No","Metropolitan","Stormy","Low ",0,"N",10
28,"Meal ",32,23,4.6,"electric_scooter",2,"No","Urban","Cloudy","Low ",1,"N",15
19,"Snack ",26,19,4.6,"electric_scooter",1,"No","Metropolitan","Fog","Low ",0,"N",5
25,"Snack ",32,12,4.7,"motorcycle",0,"No","Metropolitan","Stormy","Jam ",0,"N",10
43,"Meal ",32,13,4.6,"motorcycle",0,"No","Metropolitan","Fog","Low ",0,"Y",5
26,"Drinks ",30,23,4.6,"electric_scooter",2,"No","Semi-Urban","Sandstorms","Low ",1,"N",10
45,"Meal ",32,1,4,"electric_scooter",1,"Yes","Semi-Urban","Fog","Jam ",1,"N",5
28,"Buffet ",30,23,4.5,"motorcycle",0,"No","Metropolitan","Sandstorms","Medium",1,"Y",5
22,"Meal ",25,9,4.8,"motorcycle",0,"No","Semi-Urban","Sunny","Medium",1,"N",15
23,"Snack ",29,14,4.8,"electric_scooter",1,"No","Metropolitan","Stormy","Low ",0,"N",10
30,"Meal ",25,13,4.8,"scooter",2,"No","Urban","Fog","Medium",1,"N",5
28,"Drinks ",27,19,4.7,"scooter",0,"No","Metropolitan","Stormy","Jam ",1,"N",5
12,"Snack ",36,5,4.8,"motorcycle",1,"No","Metropolitan","Fog","Medium",0,"N",5
35,"Snack ",23,22,4.6,"motorcycle",0,"No","Metropolitan","Fog","Jam ",1,"Y",10
28,"Snack ",39,17,4.9,"motorcycle",0,"No","Metropolitan","Cloudy","Jam ",1,"Y",10
25,"Drinks ",29,16,4.7,"motorcycle",0,"No","Metropolitan","Cloudy","Jam ",1,"Y",5
36,"Drinks ",33,6,4.6,"electric_scooter",2,"No","Metropolitan","Stormy","Jam ",1,"N",5
29,"Meal ",32,18,4.9,"scooter",1,"No","Semi-Urban","Stormy","Medium",1,"N",5
29,"Meal ",24,7,4.7,"motorcycle",0,"No","Metropolitan","Cloudy","Low ",1,"N",10
30,"Meal ",37,18,4.5,"scooter",1,"No","Urban","Stormy","Jam",0,"N",5
26,"Snack ",39,23,4.7,"scooter",1,"No","Urban","Sandstorms","Medium",0,"Y",15
24,"Snack ",20,19,4.8,"motorcycle",0,"No","Metropolitan","Sunny","Medium",1,"Y",10
44,"Buffet ",35,16,4.7,"scooter",0,"No","Urban","Stormy","High ",2,"N",10
38,"Meal ",36,23,4.5,"scooter",1,"No","Metropolitan","Windy","Medium",1,"N",5
20,"Snack ",22,19,4.9,"motorcycle",1,"No","Metropolitan","Cloudy","Jam ",0,"N",15
13,"Snack ",22,4,4.6,"electric_scooter",1,"No","Urban","Sandstorms","Low ",0,"N",5
18,"Buffet ",29,22,4.6,"motorcycle",1,"No","Metropolitan","Fog","Low ",1,"N",15
20,"Snack ",34,12,4.6,"motorcycle",1,"No","Metropolitan","Fog","Low ",0,"N",10
31,"Buffet ",23,13,3.7,"electric_scooter",1,"No","Metropolitan","Stormy","Jam ",1,"N",15
10,"Meal ",33,19,4.7,"electric_scooter",2,"No","Semi-Urban","Windy","Low ",0,"N",15
22,"Meal ",22,8,4.8,"motorcycle",0,"No","Metropolitan","Windy","Low ",0,"N",5
40,"Buffet ",30,21,4.7,"motorcycle",2,"No","Metropolitan","Fog","Jam ",1,"Y",15
16,"Snack ",33,13,4.6,"motorcycle",2,"No","Metropolitan","Stormy","Medium",1,"N",15
27,"Snack ",35,16,4.6,"scooter",1,"No","Semi-Urban","Sandstorms","Low ",0,"N",15
34,"Buffet ",24,7,4.9,"motorcycle",2,"No","Semi-Urban","Fog","Medium",1,"Y",15
23,"Drinks ",25,23,4.6,"motorcycle",2,"No","Urban","Sunny","Jam",1,"N",5
29,"Buffet ",35,5,4.5,"electric_scooter",0,"No","Metropolitan","Windy","Low ",1,"Y",5
24,"Snack ",38,2,4.2,"electric_scooter",0,"No","Semi-Urban","Windy","Low",0,"Y",5
27,"Meal ",30,15,4.8,"motorcycle",0,"No","Urban","Stormy","Jam",0,"Y",5
19,"Meal ",29,17,5,"scooter",2,"No","Urban","Stormy","Low",1,"Y",15
17,"Meal ",28,9,4.7,"scooter",2,"No","Urban","Sunny","Medium",0,"N",5
21,"Meal ",22,13,4.5,"scooter",2,"No","Metropolitan","Stormy","Low ",1,"N",10
32,"Meal ",27,2,4.7,"motorcycle",1,"No","Semi-Urban","Fog","Jam ",1,"N",10
13,"Meal ",32,18,4.7,"electric_scooter",1,"No","Urban","Cloudy","Low",0,"Y",15
16,"Buffet ",25,12,4.7,"motorcycle",1,"No","Metropolitan","Sunny","Medium",0,"N",15
29,"Buffet ",26,16,4.7,"electric_scooter",2,"No","Semi-Urban","Sandstorms","Low ",1,"Y",15
31,"Drinks ",34,17,5,"scooter",0,"No","Metropolitan","Stormy","High ",1,"N",5
26,"Snack ",26,18,4.1,"motorcycle",0,"No","Metropolitan","Windy","Low ",0,"Y",10
18,"Buffet ",21,21,4.6,"scooter",1,"No","Urban","Cloudy","Low",1,"N",5
27,"Drinks ",38,19,4.5,"motorcycle",0,"No","Urban","Fog","Low",1,"N",10
27,"Meal ",34,21,4.6,"motorcycle",1,"No","Urban","Stormy","Low",0,"N",5
31,"Drinks ",33,15,4.7,"motorcycle",0,"No","Urban","Windy","High",1,"N",5
48,"Drinks ",30,3,4.6,"scooter",0,"Yes","Metropolitan","Stormy","Jam ",1,"Y",5
31,"Snack ",22,22,5,"scooter",2,"No","Semi-Urban","Sandstorms","Medium",0,"N",10
26,"Meal ",38,2,4.6,"electric_scooter",1,"No","Metropolitan","Sandstorms","Jam ",0,"N",5
37,"Drinks ",36,17,4.6,"motorcycle",0,"No","Metropolitan","Cloudy","Low",1,"Y",25
26,"Drinks ",34,22,4.7,"motorcycle",2,"No","Metropolitan","Stormy","Low ",1,"N",5
43,"Buffet ",20,2,4.8,"motorcycle",0,"Yes","Metropolitan","Windy","Jam ",2,"N",15
39,"Drinks ",25,22,4.2,"motorcycle",0,"No","Urban","Windy","Jam",1,"N",5
17,"Buffet ",39,9,4.9,"scooter",2,"No","Metropolitan","Fog","Medium",1,"N",15
20,"Buffet ",36,21,4.8,"motorcycle",0,"No","Semi-Urban","Sunny","Medium",0,"N",10
29,"Snack ",20,18,4.9,"scooter",1,"No","Metropolitan","Sunny","Jam ",0,"N",15
42,"Buffet ",39,3,4.6,"motorcycle",0,"Yes","Metropolitan","Fog","Medium",0,"N",10
28,"Meal ",22,22,4.6,"motorcycle",0,"No","Urban","Sandstorms","Jam ",1,"Y",15
22,"Meal ",28,19,4.8,"scooter",1,"No","Metropolitan","Sunny","Jam ",0,"N",10
27,"Buffet ",28,23,4.6,"motorcycle",0,"No","Metropolitan","Fog","Low ",1,"N",5
20,"Drinks ",28,8,4.6,"scooter",2,"No","Metropolitan","Stormy","High ",1,"N",15
29,"Snack ",37,19,4,"motorcycle",0,"No","Metropolitan","Windy","Low ",1,"N",10
15,"Drinks ",36,12,4.7,"scooter",0,"No","Metropolitan","Stormy","Low ",0,"N",5
28,"Drinks ",36,17,4.1,"scooter",0,"No","Semi-Urban","Stormy","Low ",1,"N",5
31,"Meal ",32,13,4,"motorcycle",1,"No","Metropolitan","Fog","Jam ",0,"N",15
24,"Meal ",29,22,5,"electric_scooter",2,"No","Metropolitan","Stormy","Jam ",1,"Y",15
24,"Meal ",28,16,4.5,"electric_scooter",0,"No","Urban","Stormy","Low ",0,"N",20
39,"Buffet ",21,4,5,"motorcycle",0,"No","Semi-Urban","Stormy","Medium",1,"Y",5
25,"Meal ",33,16,4.8,"electric_scooter",2,"No","Urban","Sandstorms","Medium",1,"N",15
22,"Drinks ",30,17,4.6,"scooter",1,"No","Urban","Sunny","Jam",1,"N",15
16,"Meal ",34,23,4.9,"motorcycle",0,"No","Semi-Urban","Stormy","Low ",1,"N",10
39,"Snack ",35,9,5,"electric_scooter",2,"No","Semi-Urban","Fog","High ",2,"Y",15
18,"Meal ",38,18,4.9,"electric_scooter",2,"No","Metropolitan","Sunny","Low ",1,"Y",5
20,"Buffet ",27,17,4.7,"electric_scooter",2,"No","Urban","Windy","Low",1,"N",5
49,"Drinks ",36,3,3.9,"electric_scooter",0,"No","Semi-Urban","Sunny","Jam ",2,"N",15
23,"Snack ",30,17,4.5,"scooter",1,"No","Urban","Windy","Medium",1,"N",5
32,"Snack ",38,23,4.8,"scooter",1,"No","Metropolitan","Cloudy","Jam ",1,"Y",10
26,"Buffet ",26,21,4.6,"motorcycle",2,"No","Metropolitan","Cloudy","Medium",1,"N",15
21,"Meal ",31,18,4.5,"electric_scooter",0,"No","Metropolitan","Sandstorms","Medium",1,"N",10
29,"Meal ",33,23,4.6,"motorcycle",0,"No","Urban","Stormy","Medium",0,"Y",10
28,"Buffet ",33,6,4.8,"motorcycle",0,"No","Metropolitan","Sandstorms","Jam ",0,"Y",15
24,"Meal ",21,17,4.6,"motorcycle",0,"No","Metropolitan","Windy","Low",1,"N",10
44,"Drinks ",34,21,4.6,"motorcycle",0,"No","Metropolitan","Sandstorms","Jam ",1,"Y",10
26,"Buffet ",35,1,4.5,"motorcycle",2,"No","Urban","Stormy","Medium",1,"N",15
31,"Snack ",33,3,4.1,"motorcycle",0,"No","Urban","Windy","Jam ",1,"Y",10
25,"Drinks ",21,19,4.9,"motorcycle",2,"No","Urban","Stormy","Medium",1,"N",15
50,"Buffet ",37,5,4.5,"motorcycle",0,"No","Urban","Cloudy","Jam",1,"Y",5
19,"Meal ",25,14,4.9,"motorcycle",2,"No","Metropolitan","Windy","Jam ",0,"N",10
14,"Snack ",35,15,4.5,"motorcycle",1,"No","Urban","Sunny","Jam ",1,"N",5
29,"Buffet ",29,13,4.8,"motorcycle",0,"No","Metropolitan","Stormy","Jam ",0,"Y",10
18,"Buffet ",26,9,4.9,"electric_scooter",2,"No","Metropolitan","Fog","Low ",1,"N",15
29,"Snack ",35,23,4.6,"motorcycle",2,"No","Metropolitan","Windy","Low ",1,"Y",15
18,"Drinks ",28,17,4.7,"scooter",1,"No","Urban","Sandstorms","Jam",0,"N",15
32,"Meal ",38,23,4.8,"motorcycle",2,"No","Urban","Fog","Medium",2,"Y",5
23,"Meal ",29,19,4.8,"motorcycle",0,"No","Urban","Fog","High",0,"N",5
25,"Drinks ",27,14,5,"electric_scooter",1,"No","Semi-Urban","Sunny","Medium",1,"N",15
27,"Snack ",36,22,4.9,"scooter",2,"No","Metropolitan","Stormy","High ",1,"N",10
41,"Drinks ",29,3,4.6,"motorcycle",1,"No","Urban","Fog","Jam ",1,"N",5
16,"Snack ",37,21,4.9,"scooter",2,"No","Urban","Stormy","Medium",1,"Y",5
37,"Drinks ",26,13,5,"scooter",1,"No","Metropolitan","Fog","Jam ",2,"Y",15
36,"Drinks ",35,16,4.7,"scooter",1,"No","Metropolitan","Fog","Medium",1,"Y",10
25,"Drinks ",20,21,4.6,"motorcycle",1,"No","Metropolitan","Sandstorms","Low ",1,"N",5
27,"Buffet ",38,22,4.6,"electric_scooter",1,"No","Metropolitan","Stormy","High ",1,"N",10
17,"Buffet ",21,18,4.7,"scooter",1,"No","Metropolitan","Sunny","Medium",0,"N",15
29,"Meal ",21,17,4.8,"motorcycle",0,"No","Metropolitan","Windy","Medium",1,"Y",10
35,"Meal ",23,7,4.2,"scooter",2,"No","Metropolitan","Fog","Medium",2,"Y",15
39,"Snack ",28,8,3.5,"motorcycle",2,"No","Urban","Fog","Low ",1,"N",5
39,"Buffet ",36,2,4,"motorcycle",0,"No","Metropolitan","Windy","Jam",1,"N",5
48,"Buffet ",38,23,4.5,"motorcycle",0,"No","Semi-Urban","Fog","Jam ",1,"Y",10
11,"Snack ",36,18,4.9,"electric_scooter",2,"No","Urban","Sunny","Jam",0,"N",10
10,"Buffet ",22,18,5,"motorcycle",2,"No","Metropolitan","Sunny","Jam ",0,"N",10
20,"Meal ",20,23,4.8,"electric_scooter",0,"No","Metropolitan","Sunny","Jam ",0,"N",10
33,"Meal ",22,3,4.6,"motorcycle",2,"No","Metropolitan","Cloudy","High ",0,"N",10
49,"Buffet ",30,15,4.1,"motorcycle",0,"No","Metropolitan","Sandstorms","High ",3,"N",10
18,"Buffet ",27,2,4.5,"motorcycle",1,"No","Urban","Windy","Low",0,"Y",10
32,"Meal ",25,13,5,"motorcycle",0,"No","Urban","Cloudy","Medium",1,"N",5
24,"Drinks ",31,18,4.9,"motorcycle",2,"No","Metropolitan","Stormy","Medium",1,"N",10
26,"Drinks ",37,14,4.9,"electric_scooter",2,"No","Metropolitan","Sandstorms","Low ",1,"N",10
20,"Meal ",27,15,4.7,"motorcycle",0,"No","Metropolitan","Sandstorms","Medium",0,"N",5
41,"Meal ",31,8,4.7,"motorcycle",0,"No","Semi-Urban","Windy","Jam ",1,"N",10
48,"Snack ",28,5,4.7,"motorcycle",0,"No","Metropolitan","Fog","Jam ",1,"N",5
18,"Drinks ",20,23,4.8,"scooter",1,"No","Urban","Sandstorms","Medium",1,"N",5
19,"Drinks ",20,13,4.9,"motorcycle",1,"No","Urban","Windy","Medium",1,"N",15
24,"Buffet ",20,12,4.9,"electric_scooter",1,"No","Metropolitan","Sunny","High ",1,"N",15
10,"Buffet ",29,19,4.9,"scooter",2,"No","Urban","Windy","Low",0,"N",10
12,"Drinks ",23,21,4.7,"electric_scooter",1,"No","Metropolitan","Sunny","Low ",0,"Y",5
32,"Snack ",27,5,4.5,"scooter",1,"No","Urban","Stormy","Jam",0,"Y",10
34,"Buffet ",37,11,3.7,"scooter",2,"No","Metropolitan","Windy","Medium",1,"N",5
39,"Snack ",23,4,5,"scooter",0,"No","Metropolitan","Sandstorms","Medium",1,"N",5
19,"Drinks ",38,23,4.7,"electric_scooter",2,"No","Urban","Fog","Low",1,"N",10
39,"Meal ",39,19,4.4,"scooter",2,"No","Metropolitan","Sandstorms","Jam ",2,"Y",10
18,"Snack ",28,19,4.9,"motorcycle",1,"No","Semi-Urban","Sunny","Jam",1,"N",5
35,"Drinks ",27,6,4.6,"scooter",2,"No","Metropolitan","Cloudy","Jam ",2,"N",15
27,"Drinks ",37,17,5,"motorcycle",1,"No","Urban","Fog","Medium",1,"N",10
16,"Buffet ",21,1,4.5,"scooter",2,"No","Urban","Sunny","Medium",1,"N",5
20,"Buffet ",23,9,5,"electric_scooter",2,"No","Semi-Urban","Windy","Jam ",1,"N",5
28,"Meal ",35,23,4.8,"motorcycle",0,"No","Metropolitan","Windy","Low ",0,"Y",10
28,"Snack ",36,21,4.7,"electric_scooter",2,"No","Metropolitan","Fog","Jam ",1,"Y",15
18,"Meal ",35,22,5,"scooter",1,"No","Semi-Urban","Sunny","Low ",0,"Y",15
41,"Meal ",37,21,4.7,"motorcycle",1,"No","Semi-Urban","Cloudy","Jam ",2,"N",15
20,"Snack ",32,22,4.7,"electric_scooter",2,"No","Metropolitan","Windy","Medium",0,"N",5
12,"Meal ",31,16,4.6,"scooter",2,"No","Urban","Stormy","Jam",1,"N",10
14,"Snack ",33,13,4.8,"motorcycle",2,"No","Metropolitan","Cloudy","Low ",1,"N",5
23,"Meal ",22,17,4.7,"motorcycle",0,"No","Urban","Stormy","Low",1,"N",15
20,"Snack ",26,8,4.9,"scooter",1,"No","Metropolitan","Sunny","Jam ",1,"Y",15
19,"Snack ",37,16,4.7,"electric_scooter",2,"No","Semi-Urban","Windy","Medium",1,"Y",15
15,"Meal ",32,17,4.8,"scooter",0,"No","Urban","Windy","Jam",1,"N",15
43,"Meal ",33,23,5,"motorcycle",0,"No","Metropolitan","Fog","Low ",2,"N",20
21,"Drinks ",25,18,4.7,"electric_scooter",2,"No","Metropolitan","Sunny","Low ",1,"N",10
16,"Buffet ",21,8,4.2,"motorcycle",0,"No","Metropolitan","Stormy","Low ",1,"N",15
16,"Meal ",35,21,4.6,"scooter",1,"No","Metropolitan","Cloudy","Medium",0,"N",15
35,"Buffet ",38,4,4.1,"motorcycle",2,"No","Urban","Fog","Medium",1,"Y",15
36,"Meal ",21,6,4.3,"motorcycle",0,"No","Urban","Stormy","Jam",1,"N",5
18,"Buffet ",36,18,4.8,"motorcycle",1,"No","Metropolitan","Sunny","Low ",0,"Y",5
14,"Snack ",35,15,4.6,"motorcycle",0,"No","Metropolitan","Windy","Medium",0,"N",15
27,"Snack ",24,6,5,"motorcycle",0,"No","Semi-Urban","Sandstorms","Jam ",0,"N",5
26,"Meal ",39,23,4.6,"scooter",2,"No","Metropolitan","Fog","Medium",1,"Y",10
34,"Drinks ",21,22,4.8,"scooter",1,"No","Metropolitan","Stormy","High ",2,"N",10
15,"Buffet ",35,9,4.7,"electric_scooter",2,"No","Metropolitan","Stormy","Low ",0,"N",15
27,"Drinks ",24,23,4.5,"electric_scooter",2,"No","Urban","Windy","Medium",1,"N",5
38,"Meal ",30,2,3.7,"electric_scooter",2,"No","Urban","Windy","Jam ",1,"Y",15
43,"Snack ",25,3,4.3,"motorcycle",0,"Yes","Metropolitan","Windy","Jam ",1,"N",5
31,"Meal ",32,4,3.9,"scooter",1,"No","Urban","Stormy","Jam ",0,"N",10
21,"Drinks ",33,22,5,"motorcycle",1,"No","Metropolitan","Sunny","Low ",0,"N",15
15,"Buffet ",37,3,4.9,"electric_scooter",2,"No","Metropolitan","Stormy","Low ",1,"N",5
25,"Drinks ",26,9,4.9,"scooter",1,"No","Metropolitan","Fog","Low ",1,"N",5
17,"Meal ",32,14,5,"electric_scooter",2,"No","Metropolitan","Windy","Low ",1,"N",5
26,"Drinks ",28,8,4.8,"electric_scooter",2,"No","Metropolitan","Sandstorms","High ",0,"N",15
17,"Buffet ",24,18,4.8,"electric_scooter",1,"No","Urban","Stormy","Low",1,"N",5
12,"Buffet ",22,17,4.6,"electric_scooter",1,"No","Urban","Stormy","Low",1,"Y",10
34,"Drinks ",31,17,4,"motorcycle",0,"No","Metropolitan","Fog","High ",2,"N",15
20,"Buffet ",26,12,5,"motorcycle",0,"No","Metropolitan","Sunny","Medium",0,"N",15
17,"Meal ",31,23,4.9,"scooter",2,"No","Metropolitan","Windy","Low ",0,"N",5
37,"Buffet ",36,12,4.6,"motorcycle",0,"No","Metropolitan","Stormy","Medium",1,"Y",15
22,"Meal ",25,23,4.7,"scooter",0,"No","Metropolitan","Stormy","Low ",1,"N",10
18,"Buffet ",22,21,4.8,"motorcycle",0,"No","Metropolitan","Fog","Low ",1,"N",10
20,"Meal ",21,19,4.9,"scooter",2,"No","Metropolitan","Sandstorms","Medium",0,"N",5
21,"Meal ",24,23,4.8,"scooter",2,"No","Metropolitan","Windy","Jam ",1,"N",10
15,"Meal ",36,23,4.8,"motorcycle",0,"No","Semi-Urban","Stormy","Medium",0,"N",10
13,"Meal ",21,22,4.6,"scooter",2,"No","Urban","Sandstorms","Low",1,"N",15
25,"Drinks ",24,19,4.8,"motorcycle",2,"No","Metropolitan","Cloudy","Low ",0,"N",5
22,"Drinks ",36,16,4.9,"motorcycle",0,"No","Urban","Fog","Low ",0,"N",15
26,"Drinks ",22,14,4.7,"scooter",2,"No","Metropolitan","Sandstorms","Jam ",1,"N",15
27,"Snack ",26,9,5,"scooter",2,"No","Semi-Urban","Sandstorms","Low ",1,"Y",10
13,"Drinks ",23,19,4.8,"scooter",2,"No","Metropolitan","Fog","Medium",1,"N",5
33,"Drinks ",23,8,4.3,"motorcycle",0,"No","Metropolitan","Fog","Medium",1,"N",5
32,"Meal ",39,9,4.6,"motorcycle",2,"No","Urban","Cloudy","Medium",1,"Y",5
21,"Buffet ",37,16,4.7,"scooter",1,"No","Metropolitan","Sunny","Medium",0,"N",5
15,"Drinks ",22,18,4.5,"motorcycle",2,"No","Urban","Cloudy","Low",0,"N",5
33,"Buffet ",22,6,4.2,"motorcycle",0,"No","Urban","Sandstorms","High ",0,"N",15
29,"Drinks ",35,3,4.5,"scooter",1,"No","Urban","Sandstorms","Medium",1,"N",10
30,"Drinks ",23,1,4.2,"electric_scooter",0,"No","Metropolitan","Stormy","Low ",1,"N",15
40,"Drinks ",26,2,4.4,"motorcycle",0,"No","Urban","Windy","Jam",1,"Y",10
25,"Drinks ",33,18,4.7,"scooter",2,"No","Semi-Urban","Sandstorms","Jam ",1,"N",15
31,"Buffet ",27,13,4.1,"motorcycle",0,"No","Metropolitan","Windy","High ",0,"Y",10
17,"Drinks ",34,3,4.6,"motorcycle",0,"No","Metropolitan","Stormy","Medium",1,"Y",5
19,"Meal ",33,21,5,"motorcycle",1,"No","Semi-Urban","Cloudy","Low ",1,"N",5
25,"Meal ",33,12,5,"scooter",1,"No","Urban","Sandstorms","Low ",0,"N",10
18,"Meal ",27,23,4.7,"motorcycle",2,"No","Urban","Sandstorms","Jam",1,"Y",10
23,"Snack ",34,16,4.9,"motorcycle",1,"No","Urban","Windy","Low",0,"N",15
26,"Drinks ",22,22,4.9,"motorcycle",0,"No","Metropolitan","Sunny","Medium",0,"N",15
19,"Drinks ",24,19,4.6,"scooter",2,"No","Urban","Windy","Low",1,"N",5
23,"Drinks ",32,22,4.7,"scooter",2,"No","Urban","Sunny","Medium",1,"N",10
25,"Snack ",30,13,4.9,"motorcycle",0,"No","Semi-Urban","Sandstorms","Jam ",1,"Y",5
16,"Drinks ",39,15,4.6,"motorcycle",1,"No","Urban","Sunny","Jam",1,"Y",10
22,"Snack ",22,23,4.6,"motorcycle",2,"No","Urban","Windy","Low",1,"N",15
20,"Buffet ",35,15,4.8,"electric_scooter",0,"No","Metropolitan","Stormy","Low ",1,"N",25
20,"Buffet ",36,23,5,"motorcycle",2,"No","Metropolitan","Stormy","Low ",1,"N",15
17,"Drinks ",37,18,4.8,"scooter",0,"No","Urban","Stormy","Low",1,"N",20
32,"Snack ",23,3,4.3,"motorcycle",1,"No","Urban","Stormy","High",0,"N",10
22,"Snack ",33,22,4.9,"motorcycle",0,"No","Urban","Cloudy","Low ",1,"N",15
53,"Meal ",31,7,5,"motorcycle",0,"No","Metropolitan","Sandstorms","Jam ",2,"N",5
20,"Meal ",36,16,4.7,"scooter",1,"No","Metropolitan","Windy","Medium",0,"N",10
23,"Buffet ",29,21,4.6,"scooter",2,"No","Semi-Urban","Fog","Low ",1,"N",5
18,"Buffet ",30,22,4.8,"motorcycle",2,"No","Metropolitan","Sunny","Low ",0,"Y",10
33,"Meal ",21,16,4.8,"scooter",2,"No","Urban","Cloudy","Medium",1,"N",10
37,"Buffet ",34,8,4.2,"scooter",2,"No","Urban","Fog","Low ",0,"N",10
15,"Drinks ",34,23,4.9,"motorcycle",2,"No","Metropolitan","Sandstorms","Jam ",1,"N",10
25,"Meal ",26,22,4.6,"motorcycle",1,"No","Urban","Stormy","Medium",0,"N",10
32,"Drinks ",22,1,4,"electric_scooter",1,"No","Urban","Cloudy","Jam",1,"Y",5
41,"Drinks ",33,3,4.7,"motorcycle",0,"No","Urban","Fog","Low ",0,"N",10
22,"Meal ",37,17,4.6,"motorcycle",1,"No","Semi-Urban","Sandstorms","Jam",0,"N",15
25,"Snack ",29,2,4.5,"motorcycle",2,"No","Urban","Windy","Jam",1,"N",10
22,"Snack ",21,19,4.8,"motorcycle",2,"No","Metropolitan","Windy","Jam ",0,"N",5
37,"Snack ",25,6,4.3,"scooter",2,"No","Metropolitan","Cloudy","Jam ",1,"N",15
29,"Snack ",33,15,4.8,"motorcycle",0,"No","Semi-Urban","Windy","Jam ",1,"Y",15
32,"Meal ",29,1,4.2,"scooter",1,"No","Urban","Sandstorms","High",1,"Y",5
15,"Snack ",34,23,4.9,"scooter",1,"No","Metropolitan","Sunny","Jam ",0,"N",10
24,"Buffet ",36,4,4.2,"motorcycle",0,"No","Semi-Urban","Windy","Low ",1,"N",5
29,"Buffet ",31,17,4.5,"scooter",2,"No","Metropolitan","Windy","Medium",1,"N",15
12,"Meal ",21,22,4.7,"scooter",1,"No","Metropolitan","Windy","Low ",0,"N",5
37,"Snack ",35,11,4.6,"motorcycle",0,"No","Metropolitan","Sandstorms","Jam ",0,"N",15
19,"Buffet ",24,18,4.7,"motorcycle",0,"No","Semi-Urban","Stormy","Low",0,"N",20
36,"Buffet ",35,9,3.9,"scooter",1,"No","Metropolitan","Stormy","Jam ",2,"N",15
16,"Buffet ",31,23,5,"motorcycle",2,"No","Metropolitan","Sandstorms","Low",0,"N",5
18,"Meal ",31,22,4.8,"electric_scooter",2,"No","Metropolitan","Sunny","Jam ",0,"N",5
26,"Meal ",20,15,4.8,"motorcycle",1,"No","Metropolitan","Sandstorms","Jam ",1,"Y",10
41,"Meal ",31,8,4.7,"motorcycle",0,"No","Semi-Urban","Windy","Jam ",1,"N",10
47,"Drinks ",37,22,4.7,"motorcycle",0,"No","Metropolitan","Sandstorms","Jam ",1,"N",10
30,"Drinks ",23,9,4.6,"motorcycle",0,"No","Urban","Sandstorms","Jam ",1,"N",10
11,"Drinks ",20,18,4.9,"electric_scooter",1,"No","Metropolitan","Sandstorms","Low ",1,"N",10
12,"Meal ",38,21,4.8,"electric_scooter",2,"No","Urban","Sunny","Low",1,"N",15
13,"Meal ",25,22,4.7,"motorcycle",2,"No","Urban","Sunny","Medium",1,"N",10
25,"Drinks ",21,19,4.6,"scooter",2,"No","Metropolitan","Fog","High ",1,"Y",5
34,"Meal ",27,13,3.3,"motorcycle",0,"No","Metropolitan","Sunny","Low ",2,"Y",5
44,"Drinks ",21,12,4.9,"motorcycle",0,"No","Metropolitan","Stormy","Jam ",1,"Y",10
16,"Buffet ",21,8,4.9,"motorcycle",1,"No","Semi-Urban","Sandstorms","Medium",1,"N",15
18,"Snack ",38,17,4.9,"motorcycle",0,"No","Metropolitan","Sunny","Medium",0,"Y",5
31,"Meal ",37,3,4.3,"motorcycle",2,"No","Metropolitan","Cloudy","Medium",1,"Y",10
34,"Meal ",24,22,5,"scooter",1,"No","Metropolitan","Windy","Jam ",1,"N",10
37,"Snack ",27,4,4.3,"motorcycle",1,"No","Urban","Cloudy","Low",1,"N",15
30,"Snack ",28,16,4.9,"electric_scooter",2,"No","Metropolitan","Sandstorms","Jam ",0,"Y",5
43,"Drinks ",24,13,4.6,"motorcycle",0,"No","Metropolitan","Windy","Jam ",1,"Y",15
13,"Drinks ",35,23,4.6,"scooter",2,"No","Urban","Sandstorms","Low",0,"N",5
33,"Meal ",32,1,3.8,"motorcycle",1,"No","Metropolitan","Sunny","Jam ",0,"N",10
41,"Buffet ",39,4,4,"scooter",0,"No","Metropolitan","Sandstorms","Medium",1,"N",5
40,"Drinks ",27,23,4.5,"motorcycle",0,"No","Urban","Cloudy","Jam",1,"N",10
27,"Meal ",35,9,4.6,"motorcycle",1,"No","Metropolitan","Sandstorms","Medium",0,"N",5
26,"Meal ",24,6,4.8,"motorcycle",1,"No","Metropolitan","Windy","Jam",0,"N",5
30,"Meal ",31,19,4.6,"scooter",1,"No","Metropolitan","Fog","Jam ",0,"N",15
42,"Drinks ",39,13,4.1,"scooter",1,"No","Metropolitan","Sandstorms","Jam ",1,"N",15
16,"Buffet ",26,12,4.8,"electric_scooter",2,"No","Urban","Sunny","Jam ",1,"Y",5
19,"Snack ",24,18,4.8,"scooter",1,"No","Urban","Sunny","Medium",1,"N",10
35,"Buffet ",28,5,4.8,"motorcycle",0,"No","Semi-Urban","Sunny","Jam ",1,"N",15
25,"Snack ",38,22,4.8,"electric_scooter",0,"No","Semi-Urban","Sunny","Jam ",1,"N",15
42,"Buffet ",22,1,4.9,"electric_scooter",2,"No","Metropolitan","Fog","Jam ",1,"N",15
22,"Snack ",31,4,4.9,"motorcycle",1,"No","Metropolitan","Fog","Medium",1,"N",5
32,"Snack ",31,6,5,"scooter",2,"No","Metropolitan","Fog","Jam ",1,"N",10
13,"Drinks ",32,18,4.5,"electric_scooter",2,"No","Metropolitan","Windy","Low ",1,"N",5
14,"Buffet ",28,16,5,"scooter",2,"No","Urban","Stormy","Low",0,"N",15
54,"Drinks ",26,9,4.6,"electric_scooter",0,"No","Metropolitan","Fog","Jam ",1,"Y",5
27,"Drinks ",33,12,4.6,"electric_scooter",0,"No","Metropolitan","Sandstorms","Medium",0,"N",5
16,"Buffet ",28,22,4.8,"scooter",1,"No","Metropolitan","Fog","Low",1,"N",15
19,"Drinks ",26,9,4.6,"electric_scooter",0,"No","Semi-Urban","Stormy","Medium",1,"N",5
19,"Drinks ",24,5,4.7,"scooter",2,"No","Semi-Urban","Sunny","Medium",1,"N",10
22,"Drinks ",23,18,5,"motorcycle",0,"No","Urban","Sunny","Low",1,"N",5
18,"Buffet ",36,18,4.6,"motorcycle",1,"No","Urban","Sunny","Jam",1,"N",10
43,"Drinks ",28,12,4.8,"scooter",1,"No","Semi-Urban","Fog","Jam ",1,"N",5
25,"Meal ",35,17,4.9,"scooter",2,"No","Urban","Sandstorms","Low",1,"N",10
17,"Drinks ",27,19,4.9,"electric_scooter",2,"No","Urban","Stormy","Low",0,"Y",5
17,"Meal ",38,23,4.7,"scooter",2,"No","Metropolitan","Stormy","Medium",1,"Y",10
24,"Snack ",38,2,4.2,"electric_scooter",0,"No","Semi-Urban","Windy","Low",0,"Y",5
14,"Meal ",20,14,4.8,"electric_scooter",1,"No","Semi-Urban","Sunny","High ",1,"N",15
25,"Snack ",26,22,4.9,"electric_scooter",2,"No","Urban","Sandstorms","Medium",0,"N",10
17,"Snack ",27,21,5,"motorcycle",2,"No","Metropolitan","Cloudy","Low",1,"N",10
28,"Drinks ",21,9,4.5,"motorcycle",1,"No","Metropolitan","Stormy","Medium",1,"Y",10
15,"Meal ",24,21,4.6,"electric_scooter",0,"No","Metropolitan","Sandstorms","High ",0,"N",5
19,"Buffet ",22,14,4.5,"electric_scooter",2,"No","Semi-Urban","Sunny","Medium",1,"N",5
18,"Snack ",21,14,4.9,"motorcycle",1,"No","Metropolitan","Sandstorms","Medium",1,"N",10
30,"Buffet ",39,23,4.6,"electric_scooter",0,"No","Urban","Sunny","Medium",1,"Y",15
39,"Meal ",38,23,4.7,"motorcycle",0,"No","Metropolitan","Fog","Medium",1,"N",15
23,"Drinks ",29,22,4.7,"scooter",2,"No","Urban","Stormy","Low",1,"N",15
29,"Snack ",23,14,4.8,"electric_scooter",2,"No","Metropolitan","Stormy","Jam ",1,"N",15
18,"Buffet ",24,19,4.6,"electric_scooter",2,"No","Metropolitan","Fog","Low",0,"N",15
27,"Drinks ",27,21,4.8,"motorcycle",2,"No","Metropolitan","Cloudy","Low ",1,"N",15
15,"Snack ",22,19,4.9,"motorcycle",2,"No","Semi-Urban","Fog","Low ",1,"N",15
15,"Drinks ",24,19,4.8,"motorcycle",2,"No","Semi-Urban","Stormy","Medium",1,"N",15
24,"Drinks ",28,18,5,"motorcycle",1,"No","Urban","Fog","Jam",1,"N",5
30,"Buffet ",29,15,4.6,"motorcycle",1,"No","Urban","Sandstorms","Medium",0,"N",10
10,"Drinks ",35,9,4.8,"electric_scooter",2,"No","Metropolitan","Windy","Low ",0,"N",5
27,"Buffet ",27,21,4.9,"motorcycle",0,"No","Metropolitan","Sunny","Medium",0,"Y",10
33,"Buffet ",25,13,4.4,"electric_scooter",0,"No","Metropolitan","Windy","Medium",1,"N",5
23,"Buffet ",23,23,4.8,"scooter",2,"No","Urban","Stormy","Low",0,"Y",5
42,"Meal ",28,5,4.4,"electric_scooter",2,"No","Semi-Urban","Sandstorms","Jam ",0,"Y",15
23,"Drinks ",38,21,4.8,"electric_scooter",0,"No","Metropolitan","Cloudy","Medium",0,"Y",15
26,"Meal ",22,19,4.9,"motorcycle",0,"No","Urban","Windy","Medium",1,"N",5
19,"Buffet ",34,18,4.6,"electric_scooter",2,"No","Metropolitan","Sunny","Medium",1,"N",15
18,"Snack ",39,15,4.8,"motorcycle",0,"No","Metropolitan","Fog","Low ",0,"Y",15
29,"Buffet ",39,22,4.6,"scooter",2,"No","Metropolitan","Windy","Jam ",0,"Y",5
20,"Buffet ",37,9,4.9,"scooter",2,"No","Metropolitan","Sunny","Low ",0,"Y",15
44,"Buffet ",29,22,2.6,"scooter",1,"No","Metropolitan","Sunny","Low ",2,"N",15
37,"Drinks ",29,15,4.3,"motorcycle",1,"No","Metropolitan","Fog","Jam ",1,"Y",5
33,"Buffet ",32,16,4.7,"motorcycle",0,"No","Urban","Fog","Medium",1,"Y",15
48,"Meal ",20,15,4.8,"motorcycle",0,"No","Urban","Cloudy","Jam ",2,"N",15
26,"Snack ",36,23,4.6,"electric_scooter",1,"No","Metropolitan","Fog","High ",1,"Y",5
19,"Snack ",33,4,4.8,"electric_scooter",2,"No","Metropolitan","Fog","Low ",1,"N",10
42,"Meal ",33,14,4.3,"scooter",1,"No","Urban","Fog","Jam ",0,"Y",10
48,"Meal ",22,13,4.1,"scooter",0,"No","Metropolitan","Windy","Medium",2,"Y",10
29,"Snack ",36,22,5,"motorcycle",0,"No","Metropolitan","Stormy","Jam",1,"N",10
29,"Snack ",33,13,4.7,"scooter",2,"No","Metropolitan","Cloudy","Jam ",1,"N",15
15,"Meal ",37,15,4.7,"motorcycle",1,"No","Urban","Fog","Medium",1,"N",5
31,"Buffet ",28,3,4.1,"motorcycle",2,"No","Metropolitan","Sunny","Jam ",0,"N",15
19,"Meal ",20,23,4.9,"electric_scooter",2,"No","Metropolitan","Sunny","High ",1,"N",5
34,"Drinks ",29,17,4.9,"motorcycle",1,"No","Metropolitan","Windy","High",1,"N",15
36,"Buffet ",22,3,4.6,"motorcycle",0,"No","Metropolitan","Sandstorms","Jam ",2,"N",15
26,"Drinks ",24,18,4.9,"motorcycle",0,"No","Urban","Sunny","Low ",1,"N",10
49,"Snack ",37,16,4.9,"motorcycle",0,"No","Metropolitan","Windy","Jam ",2,"N",10
18,"Buffet ",35,19,4.8,"motorcycle",2,"No","Urban","Sandstorms","Low ",0,"N",10
16,"Drinks ",39,8,4.5,"motorcycle",0,"No","Metropolitan","Sandstorms","Low ",0,"N",5
28,"Meal ",36,17,4.5,"scooter",0,"No","Metropolitan","Cloudy","Jam ",1,"N",10
19,"Snack ",25,12,4.9,"motorcycle",0,"No","Metropolitan","Fog","Low ",1,"N",5
24,"Drinks ",22,23,4.5,"motorcycle",2,"No","Urban","Windy","Medium",1,"Y",10
15,"Snack ",22,9,4.9,"electric_scooter",1,"No","Metropolitan","Sunny","Jam ",1,"N",5
23,"Drinks ",23,5,4.4,"motorcycle",0,"No","Urban","Stormy","Low",1,"N",15
11,"Meal ",33,16,4.6,"electric_scooter",2,"No","Semi-Urban","Fog","Medium",0,"N",15
22,"Snack ",39,12,4.4,"motorcycle",0,"No","Metropolitan","Sandstorms","Low ",1,"Y",10
32,"Snack ",24,9,4,"motorcycle",0,"No","Semi-Urban","Sandstorms","Medium",1,"Y",15
24,"Meal ",29,21,4.7,"motorcycle",0,"No","Metropolitan","Fog","Low ",1,"N",10
44,"Meal ",21,16,4.9,"motorcycle",0,"No","Metropolitan","Cloudy","Low ",1,"N",5
20,"Buffet ",36,1,4,"scooter",0,"No","Metropolitan","Windy","Low ",0,"N",5
25,"Snack ",23,19,4.9,"motorcycle",1,"No","Metropolitan","Windy","Low ",1,"N",15
38,"Drinks ",21,2,4.1,"motorcycle",0,"No","Semi-Urban","Sandstorms","Medium",0,"Y",5
53,"Snack ",21,1,4.4,"motorcycle",0,"No","Metropolitan","Stormy","Jam ",1,"N",10
23,"Buffet ",37,22,4.8,"scooter",0,"No","Semi-Urban","Sandstorms","Medium",1,"N",10
31,"Buffet ",23,9,4.4,"scooter",2,"No","Metropolitan","Fog","Jam ",1,"N",15
20,"Buffet ",27,12,4.8,"electric_scooter",0,"No","Metropolitan","Cloudy","High ",0,"N",10
15,"Drinks ",24,15,5,"motorcycle",2,"No","Semi-Urban","Stormy","Low ",1,"N",10
25,"Drinks ",39,21,4.9,"electric_scooter",1,"No","Urban","Fog","Low",0,"N",10
19,"Snack ",28,23,4.7,"motorcycle",1,"No","Metropolitan","Sunny","Low ",0,"N",5
30,"Snack ",37,23,4.8,"scooter",2,"No","Metropolitan","Windy","High ",1,"N",10
11,"Meal ",34,21,4.8,"scooter",2,"No","Metropolitan","Fog","Medium",0,"N",5
22,"Buffet ",25,14,4.5,"electric_scooter",2,"No","Metropolitan","Sandstorms","Jam ",1,"N",15
36,"Buffet ",28,18,4,"motorcycle",0,"No","Urban","Sunny","Medium",1,"N",15
33,"Buffet ",21,3,4.8,"motorcycle",2,"No","Urban","Stormy","Jam ",1,"N",5
18,"Drinks ",29,17,4.8,"scooter",1,"No","Semi-Urban","Cloudy","Low",1,"N",15
19,"Meal ",37,23,4.7,"electric_scooter",1,"No","Urban","Fog","Low",1,"N",15
29,"Meal ",38,8,4.9,"motorcycle",1,"No","Semi-Urban","Sunny","Low ",1,"N",5
30,"Drinks ",36,13,4.6,"motorcycle",0,"No","Metropolitan","Sandstorms","Jam ",0,"Y",15
22,"Meal ",22,13,4.9,"electric_scooter",0,"No","Metropolitan","Stormy","Low ",1,"N",10
25,"Buffet ",32,16,4.6,"scooter",2,"No","Semi-Urban","Sandstorms","Low",0,"N",5
35,"Drinks ",37,17,4.7,"motorcycle",0,"No","Urban","Fog","Medium",1,"Y",15
20,"Buffet ",25,23,4,"motorcycle",0,"No","Metropolitan","Windy","Low ",0,"Y",10
38,"Meal ",35,15,4.9,"scooter",2,"No","Semi-Urban","Cloudy","Medium",2,"Y",10
24,"Snack ",26,19,4.9,"motorcycle",0,"No","Metropolitan","Sandstorms","Low ",0,"Y",15
25,"Drinks ",24,2,4.8,"motorcycle",2,"No","Metropolitan","Stormy","Low ",0,"N",5
32,"Drinks ",32,3,4.2,"motorcycle",0,"No","Urban","Windy","Low ",0,"N",15
25,"Buffet ",20,21,4.7,"electric_scooter",0,"No","Urban","Stormy","Medium",0,"N",15
48,"Meal ",29,3,4.8,"electric_scooter",0,"No","Urban","Cloudy","Medium",0,"N",10
17,"Buffet ",24,4,4.6,"electric_scooter",2,"No","Metropolitan","Windy","Low ",0,"Y",10
34,"Snack ",32,19,4.3,"motorcycle",1,"No","Metropolitan","Fog","Jam ",1,"N",10
40,"Drinks ",28,16,4.8,"motorcycle",0,"No","Urban","Cloudy","Low",2,"N",15
36,"Drinks ",26,15,4,"motorcycle",0,"No","Urban","Sunny","Jam ",1,"Y",15
34,"Buffet ",27,16,4.2,"electric_scooter",2,"No","Urban","Cloudy","Jam",0,"N",10
25,"Drinks ",20,16,5,"scooter",0,"No","Metropolitan","Sunny","High ",1,"N",15
33,"Meal ",20,13,4,"motorcycle",0,"No","Semi-Urban","Fog","Jam ",0,"N",5
45,"Drinks ",36,15,4.9,"electric_scooter",0,"No","Metropolitan","Sandstorms","Jam ",0,"N",5
34,"Meal ",23,17,4,"scooter",2,"No","Semi-Urban","Stormy","Jam ",1,"N",5
31,"Drinks ",22,13,4.5,"motorcycle",2,"No","Metropolitan","Sunny","Jam ",1,"N",5
17,"Drinks ",28,3,4.2,"scooter",0,"No","Metropolitan","Stormy","Low ",1,"N",5
16,"Buffet ",32,17,4.8,"scooter",1,"No","Urban","Windy","Low ",1,"Y",15
43,"Buffet ",25,5,4.4,"electric_scooter",1,"No","Metropolitan","Sandstorms","Jam ",2,"N",15
16,"Snack ",37,20,4,"motorcycle",0,"No","Metropolitan","Stormy","Low ",1,"N",5
32,"Buffet ",36,18,4.8,"electric_scooter",0,"No","Semi-Urban","Sunny","Medium",1,"N",10
34,"Meal ",32,13,4.4,"scooter",2,"No","Metropolitan","Stormy","Jam ",1,"N",10
16,"Meal ",38,18,4.9,"scooter",1,"No","Urban","Sunny","Low",0,"N",15
18,"Snack ",24,1,4.9,"scooter",1,"No","Metropolitan","Sunny","Low ",0,"N",10
38,"Buffet ",33,17,4.4,"scooter",1,"No","Metropolitan","Fog","Medium",2,"Y",15
22,"Snack ",37,21,4.6,"motorcycle",0,"No","Metropolitan","Windy","Low",1,"N",15
16,"Buffet ",36,14,4.8,"motorcycle",1,"No","Urban","Fog","Medium",1,"Y",10
33,"Drinks ",25,5,4.3,"electric_scooter",2,"No","Metropolitan","Fog","High ",1,"N",10
29,"Meal ",33,16,4.7,"scooter",1,"No","Urban","Stormy","Low",1,"Y",10
13,"Snack ",20,1,4.9,"scooter",2,"No","Semi-Urban","Sunny","High",0,"N",10
27,"Buffet ",33,22,4.6,"motorcycle",1,"No","Semi-Urban","Stormy","Jam ",1,"Y",15
18,"Meal ",20,23,4.9,"motorcycle",2,"No","Semi-Urban","Cloudy","Medium",1,"Y",5
28,"Drinks ",32,5,4.6,"motorcycle",1,"No","Metropolitan","Windy","Medium",0,"N",15
16,"Drinks ",25,18,4.8,"motorcycle",1,"No","Urban","Stormy","Low",1,"N",5
25,"Snack ",22,13,4.5,"motorcycle",0,"No","Metropolitan","Stormy","Low ",1,"N",5
25,"Snack ",23,16,4.6,"scooter",1,"No","Urban","Sandstorms","Medium",0,"Y",5
38,"Snack ",25,2,2.9,"motorcycle",2,"No","Semi-Urban","Sunny","Low",1,"N",5
28,"Buffet ",36,16,4.6,"scooter",1,"No","Metropolitan","Windy","Medium",1,"Y",5
21,"Meal ",26,18,4.8,"motorcycle",0,"No","Urban","Sunny","Low ",1,"Y",15
25,"Meal ",25,19,4.7,"scooter",1,"No","Semi-Urban","Windy","Jam",1,"N",5
24,"Drinks ",24,16,5,"motorcycle",0,"No","Semi-Urban","Sunny","Medium",1,"N",5
17,"Snack ",36,8,4.6,"motorcycle",1,"No","Metropolitan","Fog","Low ",1,"N",15
19,"Drinks ",20,5,4.9,"scooter",1,"No","Metropolitan","Sunny","Medium",1,"Y",10
33,"Snack ",29,14,4.8,"motorcycle",0,"No","Metropolitan","Fog","Medium",0,"Y",10
28,"Snack ",36,9,5,"scooter",1,"No","Semi-Urban","Stormy","Medium",1,"N",15
24,"Snack ",25,15,4.5,"motorcycle",1,"No","Metropolitan","Stormy","Low ",1,"N",10
23,"Buffet ",37,22,4.9,"scooter",1,"No","Metropolitan","Sandstorms","Low ",0,"Y",5
31,"Drinks ",25,3,4.3,"scooter",2,"No","Urban","Stormy","Jam",0,"N",5
16,"Meal ",37,9,4.7,"scooter",1,"No","Urban","Fog","Low ",0,"N",15
26,"Buffet ",36,23,4.7,"electric_scooter",0,"No","Metropolitan","Sunny","Medium",1,"N",15
43,"Meal ",28,15,4.6,"motorcycle",0,"No","Metropolitan","Sandstorms","Medium",1,"N",10
36,"Snack ",25,8,4.3,"scooter",2,"No","Metropolitan","Cloudy","Jam ",0,"Y",10
16,"Meal ",33,21,4.9,"scooter",2,"No","Metropolitan","Sunny","Medium",1,"N",10
25,"Buffet ",36,3,4.6,"scooter",1,"No","Urban","Sandstorms","Medium",0,"Y",10
37,"Drinks ",23,5,2.7,"scooter",2,"No","Urban","Sunny","Low",1,"N",10
46,"Meal ",38,9,4.1,"scooter",2,"No","Metropolitan","Fog","Jam ",1,"N",10
23,"Buffet ",20,17,4.9,"motorcycle",2,"No","Urban","Sandstorms","Medium",0,"N",10
46,"Meal ",22,23,4.4,"motorcycle",0,"No","Semi-Urban","Sunny","Jam ",1,"N",5
50,"Meal ",36,2,4.1,"scooter",0,"No","Semi-Urban","Sandstorms","Jam ",1,"N",5
18,"Snack ",38,22,4.9,"motorcycle",2,"No","Metropolitan","Fog","Low ",0,"Y",15
12,"Meal ",30,23,4.6,"scooter",2,"No","Semi-Urban","Windy","Low",0,"N",15
26,"Meal ",35,4,4.7,"motorcycle",0,"No","Urban","Windy","Medium",1,"N",10
26,"Drinks ",29,17,4.9,"electric_scooter",2,"No","Urban","Fog","Low ",1,"N",15
25,"Buffet ",38,21,4.8,"scooter",2,"No","Metropolitan","Sandstorms","Low ",1,"N",10
29,"Meal ",33,2,5,"motorcycle",0,"No","Metropolitan","Stormy","Low ",1,"N",15
44,"Meal ",27,21,5,"electric_scooter",0,"Yes","Semi-Urban","Cloudy","Jam ",0,"N",15
28,"Snack ",26,15,4.7,"scooter",2,"No","Urban","Fog","Jam",0,"N",10
38,"Meal ",26,9,5,"motorcycle",1,"No","Metropolitan","Sandstorms","Jam ",2,"N",5
28,"Meal ",25,3,4.5,"scooter",2,"No","Metropolitan","Windy","Medium",1,"Y",10
34,"Buffet ",28,7,4.2,"scooter",0,"No","Metropolitan","Windy","Low ",1,"N",15
20,"Meal ",27,21,4.9,"motorcycle",2,"No","Urban","Sandstorms","Medium",0,"N",15
26,"Drinks ",22,15,4.9,"scooter",2,"No","Metropolitan","Sandstorms","Jam",1,"N",15
15,"Buffet ",23,21,4.7,"scooter",2,"No","Metropolitan","Sunny","Medium",1,"N",15
29,"Snack ",23,14,4.8,"motorcycle",0,"No","Metropolitan","Cloudy","Low ",1,"N",5
34,"Meal ",27,5,3.4,"electric_scooter",0,"No","Metropolitan","Sunny","Low ",1,"Y",25
11,"Snack ",23,23,4.6,"motorcycle",1,"No","Urban","Stormy","Medium",1,"N",10
26,"Buffet ",31,12,4.8,"motorcycle",2,"No","Metropolitan","Stormy","Jam ",0,"N",10
25,"Drinks ",29,16,4.7,"motorcycle",0,"No","Metropolitan","Cloudy","Jam ",1,"Y",5
30,"Snack ",29,4,4.6,"motorcycle",1,"No","Urban","Stormy","Jam ",1,"N",10
38,"Snack ",36,11,3.9,"electric_scooter",1,"No","Semi-Urban","Windy","Jam ",2,"N",15
24,"Drinks ",34,23,4.9,"electric_scooter",2,"No","Urban","Windy","Jam ",1,"Y",15
30,"Snack ",20,2,4.7,"motorcycle",0,"No","Semi-Urban","Stormy","Medium",1,"N",5
48,"Meal ",26,12,4.8,"electric_scooter",0,"No","Urban","Sandstorms","Jam ",3,"Y",15
25,"Buffet ",27,14,4.7,"motorcycle",1,"No","Metropolitan","Windy","Jam ",1,"N",10
40,"Meal ",31,5,4.4,"motorcycle",0,"No","Urban","Windy","Jam",2,"Y",10
41,"Snack ",23,19,4.9,"motorcycle",0,"No","Metropolitan","Fog","Jam ",0,"N",15
12,"Drinks ",31,23,4.7,"motorcycle",1,"No","Urban","Sandstorms","Jam",0,"Y",10
53,"Buffet ",21,5,4.5,"electric_scooter",0,"Yes","Urban","Sunny","Jam",0,"N",5
20,"Drinks ",30,18,4.5,"scooter",1,"No","Urban","Windy","Low ",1,"N",10
21,"Meal ",22,3,4.3,"motorcycle",0,"No","Urban","Windy","Low",1,"N",15
42,"Meal ",21,19,4.1,"motorcycle",0,"No","Semi-Urban","Windy","High ",0,"Y",5
23,"Buffet ",37,22,4.6,"motorcycle",0,"No","Metropolitan","Cloudy","Medium",0,"N",10
15,"Meal ",33,23,4.6,"electric_scooter",2,"No","Semi-Urban","Sunny","Medium",0,"N",15
16,"Drinks ",32,13,4.9,"scooter",2,"No","Metropolitan","Sunny","Medium",0,"N",5
16,"Buffet ",33,19,4.7,"scooter",1,"No","Urban","Windy","Medium",0,"N",10
18,"Meal ",32,19,4.6,"electric_scooter",2,"No","Urban","Stormy","Low ",1,"N",10
28,"Drinks ",27,14,4.7,"scooter",2,"No","Metropolitan","Stormy","Low ",1,"N",5
29,"Snack ",34,3,4.6,"electric_scooter",2,"No","Semi-Urban","Stormy","Jam ",1,"Y",10
33,"Buffet ",24,7,4.1,"scooter",1,"No","Metropolitan","Stormy","High ",1,"N",10
25,"Meal ",25,18,4.9,"scooter",2,"No","Urban","Fog","Jam",1,"N",10
16,"Drinks ",35,9,4.6,"scooter",1,"No","Metropolitan","Fog","Medium",1,"N",15
15,"Snack ",21,15,4.9,"scooter",1,"No","Urban","Sandstorms","Low",1,"N",15
28,"Meal ",21,22,4.9,"electric_scooter",0,"No","Metropolitan","Cloudy","High ",0,"Y",10
40,"Snack ",27,23,5,"motorcycle",1,"No","Metropolitan","Fog","Medium",1,"N",15
18,"Buffet ",36,9,4.9,"motorcycle",1,"No","Metropolitan","Stormy","Jam ",1,"N",10
14,"Snack ",36,18,4.6,"electric_scooter",2,"No","Urban","Sunny","Medium",0,"N",5
25,"Drinks ",25,4,4.6,"scooter",2,"No","Metropolitan","Stormy","Jam ",0,"N",15
32,"Buffet ",20,1,4.2,"motorcycle",0,"No","Urban","Sandstorms","Medium",1,"Y",10
16,"Meal ",26,23,4.8,"scooter",0,"No","Urban","Sandstorms","Medium",1,"Y",10
35,"Drinks ",30,13,4.6,"electric_scooter",0,"No","Metropolitan","Sunny","Medium",1,"Y",10
15,"Buffet ",37,13,4.7,"motorcycle",2,"No","Metropolitan","Cloudy","Low ",0,"N",10
29,"Snack ",35,4,4.8,"scooter",2,"No","Metropolitan","Sunny","Low ",0,"N",5
48,"Meal ",20,3,4.9,"scooter",2,"No","Metropolitan","Cloudy","Jam ",1,"N",10
25,"Meal ",35,17,4.9,"scooter",0,"No","Urban","Sunny","Low",0,"N",5
15,"Snack ",38,18,4.6,"scooter",1,"No","Semi-Urban","Stormy","Jam ",1,"N",5
27,"Buffet ",31,23,4.7,"motorcycle",0,"No","Metropolitan","Sunny","Low ",1,"N",10
23,"Meal ",20,23,4.8,"electric_scooter",1,"No","Metropolitan","Sunny","Jam ",1,"Y",5
20,"Drinks ",29,19,4.9,"motorcycle",2,"No","Metropolitan","Windy","Medium",1,"N",5
36,"Snack ",26,3,3.5,"electric_scooter",1,"No","Urban","Sunny","Low ",0,"Y",15
17,"Buffet ",39,22,4.9,"scooter",1,"No","Urban","Windy","Low",0,"Y",10
10,"Meal ",29,15,5,"scooter",2,"No","Semi-Urban","Sunny","Jam ",0,"Y",10
37,"Snack ",24,5,3.6,"scooter",2,"No","Urban","Sandstorms","Jam ",2,"Y",10
48,"Drinks ",36,22,4,"motorcycle",0,"No","Metropolitan","Stormy","Medium",0,"N",10
25,"Buffet ",23,13,4.8,"electric_scooter",1,"No","Urban","Sandstorms","Medium",1,"N",5
15,"Meal ",37,23,4.7,"scooter",2,"No","Urban","Sandstorms","Jam",0,"Y",5
15,"Drinks ",38,19,4.6,"scooter",1,"No","Metropolitan","Sunny","Low ",1,"N",10
11,"Buffet ",37,15,4.6,"scooter",2,"No","Metropolitan","Windy","Low ",0,"N",5
22,"Meal ",31,15,4.5,"scooter",0,"No","Metropolitan","Sandstorms","Low ",0,"Y",30
26,"Snack ",26,13,5,"motorcycle",0,"No","Metropolitan","Sandstorms","High ",1,"N",15
26,"Drinks ",39,9,4.9,"motorcycle",1,"No","Metropolitan","Stormy","Low ",1,"N",10
38,"Buffet ",28,14,4.4,"motorcycle",0,"No","Metropolitan","Windy","Jam ",0,"N",15
31,"Drinks ",28,11,4.4,"scooter",2,"No","Semi-Urban","Sandstorms","Medium",1,"Y",10
18,"Buffet ",27,23,4.9,"motorcycle",1,"No","Metropolitan","Sunny","Medium",1,"N",5
12,"Snack ",32,15,4.9,"scooter",1,"No","Metropolitan","Fog","Low",0,"N",25
16,"Buffet ",38,13,4.7,"motorcycle",1,"No","Metropolitan","Stormy","Jam ",1,"N",5
12,"Buffet ",31,19,4.6,"scooter",2,"No","Metropolitan","Sandstorms","Low ",1,"Y",10
30,"Drinks ",29,3,4.8,"scooter",2,"No","Urban","Stormy","Medium",1,"N",10
17,"Drinks ",39,19,4.7,"scooter",2,"No","Metropolitan","Sunny","Low ",1,"N",10
26,"Buffet ",30,9,4.9,"electric_scooter",1,"No","Urban","Fog","High ",0,"N",10
22,"Drinks ",39,19,4.8,"electric_scooter",0,"No","Urban","Stormy","Jam",1,"N",15
26,"Snack ",21,13,4.4,"scooter",0,"No","Metropolitan","Stormy","Low ",1,"N",15
32,"Snack ",29,6,4.1,"motorcycle",2,"No","Metropolitan","Windy","Jam ",1,"Y",10
18,"Meal ",24,18,4.8,"motorcycle",1,"No","Urban","Sandstorms","Low ",0,"N",5
22,"Meal ",22,21,4.8,"scooter",0,"No","Metropolitan","Cloudy","Low ",0,"N",5
38,"Snack ",32,3,4.8,"motorcycle",1,"No","Metropolitan","Fog","High ",1,"N",15
26,"Snack ",33,6,4.8,"electric_scooter",2,"No","Metropolitan","Sandstorms","Low ",1,"N",5
12,"Snack ",21,17,4.6,"scooter",2,"No","Urban","Fog","Low ",1,"N",5
24,"Buffet ",27,16,4.6,"motorcycle",0,"No","Semi-Urban","Stormy","Low ",1,"Y",15
15,"Meal ",35,21,4.6,"scooter",2,"No","Urban","Sandstorms","Low ",1,"Y",10
25,"Buffet ",25,16,5,"motorcycle",2,"No","Metropolitan","Stormy","Jam ",1,"N",5
47,"Meal ",37,16,4.9,"electric_scooter",2,"No","Metropolitan","Cloudy","Jam ",2,"N",5
24,"Buffet ",24,23,4.8,"scooter",0,"No","Urban","Sunny","Medium",1,"N",15
36,"Buffet ",34,16,4.8,"motorcycle",0,"No","Urban","Stormy","Medium",1,"N",10
32,"Drinks ",26,4,4,"motorcycle",0,"No","Metropolitan","Stormy","Low ",1,"Y",10
22,"Drinks ",24,23,4.7,"motorcycle",0,"No","Metropolitan","Sunny","High ",0,"Y",15
19,"Snack ",26,7,4.7,"scooter",2,"No","Metropolitan","Stormy","Medium",1,"N",10
28,"Meal ",26,19,4.8,"electric_scooter",1,"No","Semi-Urban","Windy","Jam ",0,"Y",10
11,"Buffet ",25,16,4.8,"scooter",1,"No","Metropolitan","Sunny","Jam",1,"N",15
46,"Meal ",21,2,3.6,"motorcycle",0,"No","Urban","Sunny","Jam",1,"N",10
22,"Buffet ",28,21,4.8,"scooter",0,"No","Metropolitan","Sunny","Jam ",0,"N",10
26,"Snack ",28,16,4.6,"motorcycle",2,"No","Urban","Windy","Medium",1,"N",5
25,"Snack ",32,15,4.9,"scooter",2,"No","Metropolitan","Windy","Medium",0,"N",15
22,"Snack ",39,23,5,"scooter",1,"No","Metropolitan","Sunny","Jam ",1,"N",15
20,"Meal ",30,22,5,"electric_scooter",0,"No","Urban","Fog","Low",0,"Y",10
42,"Buffet ",21,16,4.9,"scooter",1,"No","Metropolitan","Cloudy","Medium",1,"N",15
22,"Drinks ",29,8,5,"motorcycle",1,"No","Semi-Urban","Stormy","High ",1,"N",5
25,"Meal ",31,16,4.8,"motorcycle",2,"No","Metropolitan","Windy","Jam ",0,"Y",5
19,"Meal ",26,16,4.8,"motorcycle",1,"No","Urban","Stormy","Low",0,"Y",5
26,"Drinks ",33,9,4.7,"scooter",2,"No","Metropolitan","Windy","Low ",1,"N",10
34,"Buffet ",37,6,4.2,"electric_scooter",2,"No","Metropolitan","Cloudy","Medium",1,"Y",10
43,"Meal ",29,16,4.9,"motorcycle",1,"No","Semi-Urban","Fog","Jam ",1,"N",10
16,"Meal ",29,13,4.8,"electric_scooter",2,"No","Metropolitan","Sunny","Jam ",1,"N",10
27,"Snack ",30,14,4.6,"scooter",2,"No","Metropolitan","Sandstorms","Medium",1,"Y",10
33,"Snack ",20,2,4.5,"motorcycle",1,"No","Metropolitan","Sunny","Jam ",0,"N",5
31,"Buffet ",38,19,4.9,"scooter",2,"No","Metropolitan","Fog","Jam ",1,"N",15
19,"Meal ",26,14,4.6,"electric_scooter",2,"No","Metropolitan","Sunny","Jam ",0,"N",15
12,"Buffet ",29,13,4.9,"scooter",2,"No","Metropolitan","Fog","Medium",0,"N",10
32,"Buffet ",30,17,4.7,"motorcycle",2,"No","Urban","Sandstorms","High",1,"N",10
29,"Snack ",20,7,4.6,"electric_scooter",1,"No","Urban","Sandstorms","Jam ",1,"N",5
40,"Buffet ",32,13,4.8,"motorcycle",0,"No","Metropolitan","Sandstorms","Medium",2,"Y",10
23,"Snack ",27,22,4.8,"electric_scooter",2,"No","Urban","Sunny","Low",0,"Y",15
31,"Buffet ",29,22,4.4,"motorcycle",0,"No","Metropolitan","Windy","Medium",0,"Y",15
38,"Drinks ",33,16,4.8,"scooter",1,"No","Urban","Fog","High",1,"N",5
32,"Meal ",31,3,4.1,"scooter",2,"No","Urban","Sandstorms","High ",1,"Y",15
27,"Snack ",37,8,4.6,"motorcycle",2,"No","Urban","Windy","Low ",1,"N",5
16,"Drinks ",36,23,4.9,"scooter",2,"No","Metropolitan","Stormy","Medium",1,"N",15
22,"Snack ",25,15,4.6,"scooter",1,"No","Semi-Urban","Sunny","High ",0,"N",10
27,"Drinks ",22,2,4.8,"electric_scooter",2,"No","Metropolitan","Fog","Low ",0,"N",5
18,"Drinks ",21,14,4.7,"motorcycle",0,"No","Metropolitan","Windy","Low ",0,"N",10
14,"Snack ",21,8,4.5,"motorcycle",1,"No","Semi-Urban","Stormy","Low ",0,"N",15
11,"Snack ",37,19,4.6,"scooter",1,"No","Urban","Cloudy","Low ",1,"Y",10
11,"Meal ",30,17,4.8,"scooter",1,"No","Metropolitan","Stormy","Jam ",0,"Y",10
15,"Drinks ",34,15,4.7,"scooter",1,"No","Urban","Sunny","Medium",1,"N",5
26,"Drinks ",23,21,4.6,"motorcycle",0,"No","Urban","Fog","Jam ",1,"N",5
15,"Drinks ",32,13,4.7,"motorcycle",0,"No","Metropolitan","Sandstorms","High ",0,"Y",15
15,"Snack ",37,23,5,"motorcycle",1,"No","Urban","Cloudy","Medium",1,"N",15
11,"Snack ",20,19,5,"motorcycle",2,"No","Urban","Sunny","Medium",0,"N",15
20,"Meal ",27,13,4.7,"scooter",2,"No","Semi-Urban","Windy","Medium",0,"N",5
36,"Buffet ",28,3,4.8,"motorcycle",0,"No","Metropolitan","Sandstorms","Medium",1,"Y",5
27,"Buffet ",29,15,4.8,"motorcycle",1,"No","Semi-Urban","Sandstorms","Jam ",1,"N",5
21,"Drinks ",25,19,4.8,"motorcycle",0,"No","Urban","Cloudy","Low",0,"N",5
13,"Snack ",32,9,4.5,"electric_scooter",2,"No","Metropolitan","Windy","Low ",0,"N",10
34,"Buffet ",27,16,4.2,"electric_scooter",2,"No","Urban","Cloudy","Jam",0,"N",10
40,"Buffet ",36,4,4.6,"motorcycle",0,"No","Metropolitan","Fog","Medium",1,"N",15
32,"Buffet ",33,8,4.9,"scooter",2,"No","Metropolitan","Windy","Medium",0,"N",10
24,"Drinks ",28,12,4.7,"electric_scooter",2,"No","Metropolitan","Fog","Low ",1,"Y",5
20,"Buffet ",29,13,5,"motorcycle",0,"No","Metropolitan","Sunny","Low ",1,"Y",5
28,"Buffet ",31,16,4.9,"scooter",2,"No","Urban","Fog","Low",1,"N",5
15,"Meal ",38,17,4.7,"scooter",1,"No","Metropolitan","Cloudy","Medium",1,"Y",15
24,"Buffet ",32,9,4.5,"scooter",1,"No","Semi-Urban","Cloudy","Low ",0,"Y",15
31,"Drinks ",28,9,4.6,"motorcycle",2,"No","Metropolitan","Sandstorms","Medium",1,"N",10
31,"Meal ",36,18,4.7,"motorcycle",1,"No","Metropolitan","Cloudy","Jam ",0,"N",10
27,"Snack ",22,19,4.7,"motorcycle",0,"No","Metropolitan","Stormy","Low ",1,"N",10
32,"Buffet ",32,2,4.3,"motorcycle",0,"No","Urban","Windy","Low",1,"N",5
17,"Snack ",22,23,4.9,"motorcycle",1,"No","Metropolitan","Stormy","Low ",1,"N",5
30,"Drinks ",31,3,4.9,"electric_scooter",2,"No","Metropolitan","Sunny","Low ",1,"N",5
37,"Drinks ",20,13,4.3,"scooter",1,"No","Urban","Sandstorms","Medium",1,"N",15
10,"Drinks ",20,16,4.7,"electric_scooter",2,"No","Urban","Stormy","Low",0,"N",15
45,"Buffet ",29,8,4.8,"electric_scooter",0,"No","Urban","Sandstorms","Jam ",3,"N",10
32,"Drinks ",21,13,3.5,"scooter",2,"No","Urban","Windy","Jam ",1,"Y",5
21,"Snack ",27,9,4.6,"motorcycle",0,"No","Metropolitan","Fog","Low ",1,"N",25
16,"Buffet ",30,5,4.5,"motorcycle",0,"No","Urban","Cloudy","Low",0,"N",15
29,"Snack ",35,17,4.8,"scooter",2,"No","Metropolitan","Stormy","High ",1,"Y",15
38,"Buffet ",35,9,4.9,"scooter",1,"No","Semi-Urban","Cloudy","Jam ",1,"Y",15
11,"Snack ",37,23,4.9,"scooter",2,"No","Urban","Stormy","Low",1,"N",15
23,"Snack ",31,7,4.9,"motorcycle",0,"No","Urban","Fog","Low ",1,"N",10
25,"Drinks ",21,16,4.9,"scooter",1,"No","Urban","Sandstorms","Jam",1,"N",5
34,"Snack ",37,23,4.6,"motorcycle",0,"No","Metropolitan","Cloudy","Jam ",1,"Y",10
15,"Snack ",39,11,4.9,"scooter",1,"No","Metropolitan","Fog","Low ",1,"Y",10
19,"Buffet ",35,8,4.7,"scooter",1,"No","Semi-Urban","Sunny","Medium",0,"N",5
23,"Snack ",23,18,4.8,"motorcycle",2,"No","Urban","Fog","Jam",1,"N",10
25,"Drinks ",21,14,4.6,"electric_scooter",0,"No","Urban","Fog","Medium",1,"N",5
38,"Drinks ",28,8,4,"electric_scooter",2,"No","Semi-Urban","Stormy","Jam ",1,"N",5
16,"Drinks ",23,9,4.6,"motorcycle",0,"No","Urban","Stormy","Jam ",0,"Y",5
39,"Drinks ",37,13,4.1,"motorcycle",0,"No","Metropolitan","Fog","Low ",1,"Y",10
24,"Buffet ",32,16,4.7,"scooter",1,"No","Metropolitan","Sunny","Medium",0,"Y",10
20,"Drinks ",20,18,4.8,"scooter",1,"No","Metropolitan","Sandstorms","Low ",1,"N",15
37,"Snack ",20,12,4.1,"scooter",0,"No","Semi-Urban","Sandstorms","Jam ",1,"Y",5
32,"Buffet ",26,17,5,"electric_scooter",2,"No","Semi-Urban","Fog","Medium",1,"N",10
24,"Drinks ",26,14,4.8,"motorcycle",2,"No","Semi-Urban","Stormy","Low ",1,"N",10
22,"Buffet ",37,21,4.9,"electric_scooter",1,"No","Metropolitan","Stormy","Jam ",1,"N",5
23,"Meal ",37,13,4.8,"scooter",1,"No","Metropolitan","Sunny","Jam ",1,"N",15
26,"Meal ",25,11,4.2,"motorcycle",0,"No","Metropolitan","Windy","Low ",1,"N",5
29,"Buffet ",36,17,5,"motorcycle",0,"No","Metropolitan","Sunny","Jam ",1,"N",15
25,"Meal ",26,5,4.7,"scooter",1,"No","Metropolitan","Fog","High ",1,"Y",5
32,"Meal ",38,18,4.7,"motorcycle",0,"No","Urban","Stormy","High ",1,"N",5
16,"Snack ",20,9,4.6,"scooter",0,"No","Metropolitan","Sandstorms","High ",1,"Y",15
27,"Meal ",25,22,5,"electric_scooter",2,"No","Urban","Fog","Jam",1,"N",5
23,"Meal ",27,13,4.9,"scooter",2,"No","Metropolitan","Sunny","Jam ",1,"N",10
43,"Buffet ",36,5,3.2,"scooter",2,"No","Metropolitan","Sunny","Low ",0,"N",5
28,"Buffet ",22,19,4.9,"motorcycle",0,"No","Metropolitan","Stormy","Jam ",1,"Y",15
15,"Snack ",20,21,4.8,"scooter",1,"No","Metropolitan","Windy","Jam ",0,"N",10
14,"Buffet ",24,7,4.5,"motorcycle",1,"No","Metropolitan","Sunny","Jam ",0,"N",5
12,"Buffet ",39,23,4.6,"electric_scooter",2,"No","Urban","Fog","Medium",0,"N",5
29,"Snack ",21,18,4.6,"scooter",0,"No","Metropolitan","Sunny","High ",0,"N",5
30,"Buffet ",39,5,4.8,"motorcycle",0,"No","Metropolitan","Sandstorms","Medium",1,"N",15
20,"Meal ",31,15,4.8,"scooter",1,"No","Metropolitan","Windy","Medium",0,"N",10
15,"Meal ",21,14,4.8,"scooter",0,"No","Metropolitan","Fog","Low ",1,"N",15
41,"Snack ",30,1,4.2,"motorcycle",0,"No","Urban","Sunny","High ",1,"N",15
37,"Drinks ",28,13,4.9,"scooter",1,"No","Metropolitan","Cloudy","Jam ",1,"N",15
25,"Buffet ",21,18,4.7,"scooter",1,"No","Urban","Stormy","High",1,"N",10
21,"Snack ",35,2,4.7,"motorcycle",0,"No","Urban","Sunny","Medium",1,"N",15
16,"Drinks ",28,22,4.8,"motorcycle",1,"No","Urban","Sandstorms","Low",1,"N",10
26,"Drinks ",30,23,4.7,"electric_scooter",2,"No","Semi-Urban","Stormy","Jam ",0,"N",5
23,"Meal ",22,18,5,"motorcycle",0,"No","Metropolitan","Fog","Low ",0,"Y",15
37,"Drinks ",34,18,4.3,"motorcycle",0,"No","Metropolitan","Stormy","Jam ",1,"N",10
40,"Snack ",34,13,4.7,"motorcycle",0,"No","Metropolitan","Sandstorms","Jam ",1,"N",10
40,"Drinks ",35,18,4.7,"scooter",0,"No","Urban","Sandstorms","Jam",2,"N",15
22,"Meal ",39,21,4.8,"scooter",2,"No","Urban","Sandstorms","Low",0,"Y",5
17,"Snack ",28,4,4.9,"scooter",2,"No","Metropolitan","Sandstorms","Low ",1,"N",10
28,"Drinks ",31,22,4.9,"electric_scooter",2,"No","Metropolitan","Stormy","Jam ",1,"N",10
41,"Drinks ",36,7,4.9,"motorcycle",2,"No","Urban","Fog","Jam ",2,"N",15
34,"Buffet ",33,1,4.3,"electric_scooter",0,"No","Urban","Cloudy","High ",1,"Y",15
31,"Snack ",33,23,4.9,"electric_scooter",2,"No","Metropolitan","Cloudy","High ",1,"N",5
41,"Buffet ",26,4,4.9,"electric_scooter",2,"No","Urban","Fog","Jam ",1,"N",15
54,"Buffet ",21,5,4.5,"scooter",0,"No","Semi-Urban","Fog","Jam ",3,"Y",15
32,"Snack ",33,9,4.5,"electric_scooter",2,"No","Metropolitan","Windy","Jam ",1,"N",5
23,"Snack ",35,22,4.8,"motorcycle",1,"No","Urban","Windy","Low ",0,"N",15
10,"Drinks ",34,23,4.8,"scooter",2,"No","Metropolitan","Fog","Low ",1,"N",10
25,"Meal ",29,22,4.6,"scooter",0,"No","Metropolitan","Windy","Medium",1,"N",15
18,"Drinks ",28,23,4.9,"electric_scooter",2,"No","Semi-Urban","Cloudy","Low",0,"N",10
10,"Meal ",31,9,4.8,"scooter",0,"No","Metropolitan","Stormy","Medium",0,"N",15
42,"Snack ",31,21,4.9,"motorcycle",0,"No","Metropolitan","Stormy","Jam ",1,"N",5
29,"Buffet ",22,16,4.7,"scooter",2,"No","Metropolitan","Sandstorms","Low ",1,"N",15
28,"Buffet ",23,12,4.9,"scooter",0,"No","Metropolitan","Windy","Medium",1,"Y",10
16,"Buffet ",35,1,4.8,"scooter",2,"No","Urban","Cloudy","Low",1,"N",5
17,"Drinks ",38,14,4.5,"motorcycle",1,"No","Metropolitan","Sandstorms","Jam ",0,"N",10
20,"Meal ",32,16,4.8,"scooter",0,"No","Semi-Urban","Sunny","Jam",1,"N",5
10,"Snack ",39,22,4.8,"motorcycle",1,"No","Metropolitan","Sunny","Low ",0,"N",10
24,"Drinks ",31,21,4.5,"scooter",2,"No","Metropolitan","Windy","Medium",1,"N",15
30,"Buffet ",39,2,5,"electric_scooter",2,"No","Urban","Fog","Low ",0,"N",5
37,"Drinks ",21,4,4.1,"motorcycle",0,"No","Metropolitan","Windy","Jam",1,"N",5
15,"Meal ",38,18,4.9,"scooter",2,"No","Urban","Stormy","Low ",0,"Y",15
26,"Meal ",25,13,4.9,"scooter",0,"No","Metropolitan","Sunny","High ",1,"N",10
20,"Drinks ",38,22,5,"electric_scooter",0,"No","Metropolitan","Sandstorms","Low ",1,"N",5
45,"Buffet ",25,1,4.7,"motorcycle",0,"Yes","Urban","Windy","Jam ",2,"Y",5
25,"Drinks ",36,18,5,"motorcycle",2,"No","Semi-Urban","Cloudy","Jam ",1,"N",10
29,"Drinks ",25,12,4.9,"motorcycle",0,"No","Metropolitan","Sunny","Jam ",1,"Y",10
25,"Drinks ",35,19,4.8,"scooter",0,"No","Urban","Sunny","Jam ",1,"N",10
18,"Snack ",31,22,4.6,"motorcycle",2,"No","Semi-Urban","Fog","Low ",1,"N",15
26,"Buffet ",37,9,4.6,"scooter",0,"No","Urban","Windy","Medium",1,"Y",15
25,"Meal ",23,7,4.7,"electric_scooter",2,"No","Urban","Sandstorms","High ",0,"N",5
20,"Snack ",24,17,4.4,"scooter",0,"No","Metropolitan","Stormy","Low ",0,"N",10
24,"Meal ",30,15,4.6,"motorcycle",0,"No","Metropolitan","Stormy","Jam ",0,"N",5
37,"Buffet ",21,3,4.2,"motorcycle",0,"No","Urban","Stormy","Jam",1,"Y",15
31,"Meal ",36,4,4.2,"scooter",2,"No","Urban","Sandstorms","Medium",0,"N",5
11,"Snack ",35,19,4.6,"scooter",2,"No","Urban","Windy","Low",1,"N",15
23,"Snack ",32,23,4.6,"scooter",2,"No","Urban","Windy","Jam",0,"N",10
27,"Meal ",26,13,4.5,"motorcycle",0,"No","Urban","Fog","Medium",0,"N",5
10,"Buffet ",36,18,4.8,"motorcycle",2,"No","Urban","Stormy","High",0,"Y",5
32,"Drinks ",29,3,4.6,"motorcycle",2,"No","Metropolitan","Sandstorms","High ",1,"N",10
32,"Buffet ",39,1,5,"scooter",1,"No","Metropolitan","Fog","Jam ",1,"N",10
17,"Meal ",25,19,4.8,"scooter",2,"No","Urban","Fog","Low",0,"N",5
46,"Drinks ",34,15,4.6,"motorcycle",0,"No","Metropolitan","Stormy","Jam ",1,"Y",10
37,"Meal ",38,1,4.1,"scooter",2,"No","Metropolitan","Fog","Medium",0,"Y",10
23,"Buffet ",23,16,4.9,"scooter",1,"No","Urban","Stormy","Jam",1,"Y",5
44,"Meal ",27,13,4.8,"motorcycle",0,"Yes","Urban","Cloudy","Jam ",1,"N",5
27,"Buffet ",32,22,4.8,"electric_scooter",0,"No","Semi-Urban","Cloudy","High ",0,"N",15
17,"Drinks ",31,22,4.8,"electric_scooter",2,"No","Semi-Urban","Sandstorms","Low ",1,"N",15
14,"Drinks ",22,23,5,"scooter",1,"No","Urban","Sandstorms","Low ",0,"N",10
34,"Buffet ",22,13,4.4,"scooter",0,"No","Metropolitan","Windy","High ",0,"N",10
42,"Drinks ",33,14,4.3,"motorcycle",2,"No","Metropolitan","Cloudy","Medium",2,"N",5
49,"Snack ",27,15,4.8,"motorcycle",0,"Yes","Semi-Urban","Fog","Jam",1,"N",10
19,"Buffet ",37,9,4.5,"scooter",2,"No","Metropolitan","Stormy","Low ",0,"N",15
21,"Snack ",20,15,4.7,"scooter",1,"No","Urban","Sandstorms","Medium",1,"N",15
31,"Drinks ",21,13,4.4,"scooter",2,"No","Metropolitan","Sunny","Jam ",1,"N",15
17,"Buffet ",25,23,4.8,"scooter",2,"No","Metropolitan","Stormy","Low ",0,"Y",5
18,"Snack ",29,15,5,"motorcycle",0,"No","Urban","Sunny","Medium",0,"N",5
32,"Drinks ",32,7,4.1,"electric_scooter",1,"No","Metropolitan","Fog","Medium",1,"Y",10
31,"Meal ",24,8,3.7,"electric_scooter",1,"No","Metropolitan","Stormy","Jam ",1,"N",10
33,"Buffet ",36,22,4.9,"electric_scooter",2,"No","Semi-Urban","Fog","Jam ",1,"Y",15
34,"Meal ",22,6,4.5,"motorcycle",0,"No","Urban","Fog","Medium",1,"N",10
15,"Snack ",30,12,4.6,"motorcycle",1,"No","Metropolitan","Stormy","Low ",1,"N",25
22,"Drinks ",38,9,5,"motorcycle",0,"No","Urban","Fog","Low ",1,"N",15
25,"Drinks ",35,19,4.7,"scooter",2,"No","Metropolitan","Cloudy","Jam ",0,"N",5
29,"Meal ",36,17,5,"motorcycle",2,"No","Metropolitan","Stormy","Medium",0,"N",15
23,"Meal ",27,3,4.5,"motorcycle",0,"No","Metropolitan","Fog","Low ",0,"Y",10
25,"Drinks ",26,4,4.8,"motorcycle",0,"No","Urban","Sunny","Medium",1,"N",15
21,"Drinks ",28,23,4.4,"motorcycle",0,"No","Metropolitan","Stormy","Low ",0,"Y",10
34,"Drinks ",36,22,4.6,"electric_scooter",0,"No","Urban","Stormy","Jam ",1,"Y",5
17,"Snack ",25,14,4.9,"scooter",1,"No","Metropolitan","Cloudy","Low ",0,"N",10
30,"Drinks ",20,19,5,"scooter",2,"No","Metropolitan","Sandstorms","High ",1,"N",10
42,"Buffet ",39,3,4.1,"scooter",0,"No","Metropolitan","Stormy","Jam ",1,"N",5
13,"Buffet ",27,19,4.8,"electric_scooter",2,"No","Urban","Sandstorms","High",1,"N",10
21,"Meal ",25,8,4.9,"electric_scooter",2,"No","Semi-Urban","Windy","Low ",0,"N",5
26,"Meal ",39,21,4.5,"scooter",1,"No","Metropolitan","Sandstorms","High ",1,"N",5
42,"Meal ",20,3,4.4,"motorcycle",2,"No","Urban","Windy","Jam",1,"N",10
27,"Meal ",25,19,4.8,"scooter",2,"No","Urban","Windy","High ",1,"Y",15
23,"Buffet ",37,23,4.5,"scooter",1,"No","Metropolitan","Windy","Low ",1,"N",15
19,"Buffet ",25,18,4.7,"scooter",1,"No","Metropolitan","Cloudy","Low ",0,"N",10
37,"Drinks ",25,9,4.5,"motorcycle",2,"No","Metropolitan","Stormy","Jam ",1,"N",10
38,"Drinks ",29,23,4.9,"motorcycle",0,"No","Metropolitan","Stormy","Jam ",0,"N",15
22,"Buffet ",35,21,4.6,"electric_scooter",1,"No","Metropolitan","Sunny","Jam ",1,"N",15
39,"Drinks ",25,14,4.7,"motorcycle",0,"No","Metropolitan","Fog","Low ",1,"N",15
44,"Buffet ",29,12,4.7,"scooter",2,"No","Semi-Urban","Cloudy","Jam ",1,"N",10
38,"Drinks ",20,7,4.6,"motorcycle",0,"No","Semi-Urban","Sandstorms","Jam ",2,"Y",10
24,"Meal ",22,19,4.7,"electric_scooter",0,"No","Metropolitan","Fog","Low ",1,"N",10
18,"Drinks ",31,9,4.7,"scooter",2,"No","Metropolitan","Fog","Low ",0,"N",5
25,"Snack ",24,16,4.5,"motorcycle",0,"No","Urban","Stormy","Jam ",0,"Y",5
14,"Meal ",22,19,4.5,"scooter",1,"No","Urban","Sandstorms","Low",0,"N",5
19,"Snack ",30,4,4.9,"motorcycle",1,"No","Metropolitan","Fog","Low ",1,"Y",15
20,"Meal ",25,9,4.6,"scooter",1,"No","Urban","Stormy","High ",1,"N",15
25,"Buffet ",33,6,4.6,"motorcycle",1,"No","Metropolitan","Windy","Jam ",0,"Y",15
24,"Drinks ",34,15,4.7,"scooter",1,"No","Metropolitan","Windy","Low ",1,"Y",10
13,"Drinks ",27,15,5,"scooter",1,"No","Urban","Sunny","Low",0,"N",15
26,"Snack ",26,3,4.9,"motorcycle",0,"No","Metropolitan","Stormy","High ",1,"N",5
36,"Drinks ",32,6,3.8,"scooter",1,"No","Metropolitan","Windy","Medium",1,"N",15
34,"Snack ",29,22,4.6,"electric_scooter",0,"No","Urban","Windy","Medium",1,"N",15
20,"Meal ",24,14,4.4,"motorcycle",0,"No","Metropolitan","Sandstorms","Low ",0,"N",10
23,"Meal ",29,22,4.8,"scooter",2,"No","Metropolitan","Sunny","Low ",1,"N",5
28,"Meal ",29,19,4.9,"scooter",0,"No","Metropolitan","Cloudy","Low ",0,"N",15
21,"Meal ",30,22,4.7,"motorcycle",0,"No","Metropolitan","Sandstorms","Low ",1,"Y",10
30,"Buffet ",32,23,4.5,"scooter",2,"No","Urban","Cloudy","High ",1,"Y",5
45,"Drinks ",39,23,5,"scooter",1,"No","Urban","Sunny","Jam ",0,"N",15
21,"Snack ",38,23,4.9,"motorcycle",0,"No","Metropolitan","Fog","Low ",1,"N",15
32,"Buffet ",22,7,5,"electric_scooter",2,"No","Metropolitan","Fog","Medium",0,"Y",10
16,"Buffet ",27,23,4.7,"motorcycle",2,"No","Urban","Sandstorms","Jam",1,"Y",10
27,"Buffet ",37,23,4.5,"motorcycle",2,"No","Semi-Urban","Sandstorms","Jam ",0,"N",10
25,"Snack ",23,15,4.6,"scooter",2,"No","Urban","Stormy","Low",1,"N",15
21,"Buffet ",23,19,4.9,"motorcycle",2,"No","Metropolitan","Sunny","Low ",0,"N",5
30,"Drinks ",28,9,5,"motorcycle",0,"No","Metropolitan","Sandstorms","Jam ",1,"Y",10
36,"Meal ",22,2,4.6,"motorcycle",1,"No","Urban","Stormy","Medium",0,"N",5
32,"Snack ",34,9,4.3,"motorcycle",0,"No","Urban","Sunny","Medium",1,"N",5
31,"Snack ",22,6,4.2,"motorcycle",0,"No","Metropolitan","Windy","Low ",1,"N",5
26,"Drinks ",31,17,4.8,"motorcycle",2,"No","Metropolitan","Stormy","High ",0,"Y",5
25,"Meal ",25,5,4.4,"motorcycle",0,"No","Metropolitan","Fog","Low ",0,"N",15
27,"Buffet ",29,15,4.7,"motorcycle",1,"No","Semi-Urban","Sunny","Low",1,"N",5
20,"Snack ",33,19,5,"motorcycle",2,"No","Urban","Windy","High",1,"N",10
38,"Buffet ",22,21,4.7,"motorcycle",2,"No","Metropolitan","Cloudy","Medium",0,"N",5
44,"Meal ",36,3,3.5,"electric_scooter",2,"No","Metropolitan","Windy","Jam ",1,"Y",10
17,"Drinks ",27,17,4.9,"scooter",1,"No","Urban","Stormy","High",1,"N",5
15,"Snack ",36,23,4.9,"scooter",1,"No","Urban","Sunny","Low",0,"N",10
12,"Buffet ",38,23,4.9,"motorcycle",1,"No","Metropolitan","Windy","High ",0,"N",5
17,"Meal ",25,22,4.9,"motorcycle",1,"No","Metropolitan","Fog","Low ",1,"N",5
33,"Snack ",30,11,4.3,"electric_scooter",0,"No","Metropolitan","Stormy","Low ",2,"N",10
17,"Snack ",23,19,4.9,"electric_scooter",2,"No","Urban","Fog","Medium",1,"N",15
31,"Drinks ",38,9,4.2,"motorcycle",0,"No","Metropolitan","Stormy","Low ",1,"N",15
24,"Drinks ",21,14,5,"scooter",2,"No","Metropolitan","Sandstorms","Medium",1,"N",10
43,"Snack ",32,13,4.4,"scooter",2,"No","Urban","Cloudy","Jam ",0,"N",10
10,"Buffet ",35,17,4.6,"motorcycle",1,"No","Metropolitan","Windy","High ",1,"N",15
40,"Buffet ",24,11,4.3,"electric_scooter",1,"No","Metropolitan","Fog","Jam ",0,"N",15
15,"Drinks ",35,13,4.8,"electric_scooter",1,"No","Metropolitan","Windy","Low ",1,"N",10
22,"Snack ",23,19,4.9,"scooter",1,"No","Urban","Sunny","Jam",1,"N",10
27,"Buffet ",25,21,5,"scooter",1,"No","Semi-Urban","Sunny","Low ",1,"Y",10
24,"Drinks ",36,12,4.7,"motorcycle",0,"No","Metropolitan","Sandstorms","Jam ",1,"N",15
31,"Drinks ",28,12,4.8,"motorcycle",0,"No","Semi-Urban","Windy","Medium",0,"N",5
27,"Buffet ",34,14,4.7,"electric_scooter",1,"No","Metropolitan","Windy","Low ",1,"N",5
20,"Snack ",29,22,5,"motorcycle",2,"No","Metropolitan","Windy","Medium",1,"N",5
29,"Buffet ",31,1,4.8,"scooter",1,"No","Metropolitan","Fog","Jam ",1,"N",5
40,"Meal ",20,11,3.6,"electric_scooter",1,"Yes","Semi-Urban","Sandstorms","Jam ",1,"N",10
21,"Buffet ",22,15,4.7,"electric_scooter",0,"No","Urban","Sunny","Jam",1,"N",15
46,"Meal ",30,1,4.2,"motorcycle",0,"No","Metropolitan","Stormy","Jam ",2,"N",10
15,"Drinks ",32,21,4.6,"motorcycle",1,"No","Urban","Sandstorms","Jam",0,"N",15
30,"Snack ",38,17,4.7,"scooter",2,"No","Metropolitan","Fog","Low ",1,"N",10
26,"Snack ",23,22,4.5,"scooter",1,"No","Metropolitan","Stormy","Jam ",1,"N",10
28,"Drinks ",38,3,4.1,"scooter",0,"No","Urban","Windy","Low",0,"N",10
48,"Drinks ",25,15,4.6,"motorcycle",0,"Yes","Metropolitan","Stormy","Jam ",2,"N",10
28,"Buffet ",33,23,4.8,"motorcycle",0,"No","Urban","Sandstorms","Medium",1,"N",15
48,"Buffet ",38,3,4.2,"motorcycle",1,"Yes","Semi-Urban","Fog","Jam ",1,"N",5
38,"Buffet ",38,4,3.4,"electric_scooter",1,"No","Metropolitan","Sunny","Low ",1,"N",5
23,"Snack ",27,16,4.7,"motorcycle",1,"No","Semi-Urban","Sandstorms","Medium",0,"Y",10
20,"Drinks ",28,22,4.7,"motorcycle",0,"No","Semi-Urban","Sunny","High",0,"Y",10
26,"Drinks ",36,14,4.7,"scooter",2,"No","Semi-Urban","Sandstorms","Jam ",1,"N",10
30,"Buffet ",27,23,4.8,"scooter",1,"No","Metropolitan","Sandstorms","Jam ",1,"N",10
27,"Buffet ",37,19,5,"scooter",0,"No","Urban","Fog","Low",0,"N",10
19,"Snack ",21,18,4.8,"motorcycle",1,"No","Urban","Sunny","Low",1,"N",10
13,"Meal ",27,16,4.9,"electric_scooter",2,"No","Urban","Sunny","Jam",0,"Y",15
42,"Snack ",35,1,3.6,"scooter",2,"No","Semi-Urban","Windy","Jam",1,"N",5
20,"Meal ",35,17,4.6,"scooter",2,"No","Urban","Sandstorms","High",1,"Y",5
38,"Snack ",21,18,4.3,"motorcycle",2,"No","Metropolitan","Fog","Medium",1,"Y",5
29,"Drinks ",23,9,4.6,"motorcycle",0,"No","Metropolitan","Sunny","Low ",1,"N",15
24,"Meal ",32,3,4.3,"motorcycle",0,"No","Urban","Windy","Low",1,"N",15
27,"Snack ",22,17,4.9,"motorcycle",0,"No","Metropolitan","Sunny","Jam ",0,"N",5
17,"Meal ",37,13,4.8,"motorcycle",1,"No","Metropolitan","Windy","Low ",1,"Y",5
19,"Drinks ",27,2,4.9,"motorcycle",1,"No","Metropolitan","Sunny","Jam ",1,"Y",10
19,"Drinks ",36,13,4.9,"motorcycle",0,"No","Semi-Urban","Fog","Low ",0,"N",15
28,"Meal ",34,1,4.7,"motorcycle",0,"No","Semi-Urban","Sunny","Medium",0,"N",5
25,"Drinks ",22,21,4.7,"scooter",1,"No","Metropolitan","Stormy","Medium",1,"N",5
26,"Drinks ",34,22,4.9,"scooter",2,"No","Metropolitan","Stormy","Medium",1,"N",15
30,"Snack ",34,6,4.9,"electric_scooter",2,"No","Urban","Stormy","Jam ",1,"N",10
26,"Meal ",38,14,4.9,"motorcycle",0,"No","Semi-Urban","Fog","Low ",0,"N",10
47,"Snack ",22,14,4.6,"scooter",2,"No","Metropolitan","Cloudy","Jam ",1,"N",5
22,"Buffet ",39,9,4.5,"motorcycle",0,"No","Metropolitan","Windy","Low ",1,"N",5
19,"Snack ",29,18,4.8,"motorcycle",1,"No","Urban","Sunny","Jam",0,"N",5
30,"Buffet ",20,23,4.9,"motorcycle",2,"No","Metropolitan","Stormy","Jam ",0,"Y",5
21,"Meal ",25,8,4.9,"electric_scooter",2,"No","Semi-Urban","Windy","Low ",0,"N",5
15,"Meal ",24,13,4.7,"electric_scooter",2,"No","Semi-Urban","Cloudy","Low ",0,"Y",5
24,"Snack ",20,21,4.6,"motorcycle",2,"No","Metropolitan","Windy","High ",0,"Y",10
21,"Drinks ",29,4,4.5,"motorcycle",2,"No","Metropolitan","Sandstorms","Low ",0,"N",15
42,"Meal ",38,3,3.7,"electric_scooter",1,"No","Metropolitan","Stormy","Jam ",1,"N",10
43,"Drinks ",25,4,4.2,"motorcycle",0,"No","Metropolitan","Sunny","High ",3,"Y",5
45,"Buffet ",33,17,4.7,"motorcycle",0,"Yes","Urban","Stormy","Jam",1,"N",10
46,"Meal ",38,7,4.3,"motorcycle",0,"No","Metropolitan","Sunny","High ",0,"N",15
23,"Drinks ",28,23,5,"motorcycle",2,"No","Metropolitan","Sunny","Medium",0,"N",15
37,"Meal ",22,5,3.7,"motorcycle",1,"No","Metropolitan","Stormy","Jam ",1,"N",15
11,"Buffet ",24,19,4.7,"electric_scooter",1,"No","Urban","Sunny","Jam",1,"N",10
30,"Buffet ",39,2,4.8,"electric_scooter",2,"No","Metropolitan","Fog","High ",1,"N",5
29,"Snack ",23,18,4.8,"motorcycle",0,"No","Urban","Stormy","High",1,"N",5
21,"Meal ",32,12,4.8,"motorcycle",0,"No","Metropolitan","Cloudy","Low ",0,"N",5
20,"Buffet ",32,22,4.9,"electric_scooter",2,"No","Urban","Sandstorms","Low",1,"N",15
22,"Buffet ",26,16,4.7,"scooter",0,"No","Metropolitan","Stormy","Medium",1,"Y",10
22,"Snack ",23,19,5,"motorcycle",0,"No","Urban","Fog","Low",1,"N",10
23,"Meal ",32,23,5,"motorcycle",0,"No","Urban","Stormy","Jam",1,"N",5
35,"Buffet ",22,23,4.6,"scooter",1,"No","Urban","Cloudy","Jam ",2,"Y",10
20,"Buffet ",36,13,4.9,"motorcycle",1,"No","Metropolitan","Stormy","Low ",1,"Y",15
21,"Buffet ",27,12,4.8,"motorcycle",0,"No","Metropolitan","Sunny","Jam ",0,"N",5
37,"Meal ",20,5,4.4,"motorcycle",2,"No","Urban","Windy","Medium",1,"Y",15
19,"Drinks ",24,18,4.8,"scooter",1,"No","Urban","Cloudy","Low",0,"N",10
25,"Drinks ",31,19,4.6,"motorcycle",0,"No","Urban","Cloudy","Medium",1,"N",5
39,"Buffet ",30,19,4.7,"motorcycle",0,"No","Metropolitan","Stormy","Medium",1,"N",5
28,"Meal ",34,17,4.8,"motorcycle",2,"No","Urban","Sunny","Medium",0,"N",15
27,"Buffet ",38,13,4.5,"scooter",1,"No","Urban","Windy","High ",1,"N",15
20,"Snack ",31,22,4.8,"motorcycle",1,"No","Semi-Urban","Sandstorms","Low ",0,"N",10
11,"Drinks ",28,18,4.9,"electric_scooter",1,"No","Metropolitan","Sandstorms","Low",0,"N",5
30,"Meal ",38,3,4.9,"motorcycle",1,"No","Urban","Windy","High ",0,"N",5
25,"Snack ",32,15,4.9,"scooter",2,"No","Metropolitan","Windy","Medium",0,"N",15
42,"Drinks ",30,17,4.9,"motorcycle",0,"No","Metropolitan","Fog","Jam ",0,"N",10
22,"Meal ",22,9,4.9,"electric_scooter",2,"No","Metropolitan","Fog","Low ",1,"N",15
11,"Drinks ",27,19,4.6,"motorcycle",1,"No","Urban","Sunny","Jam",0,"N",15
22,"Buffet ",21,9,4.6,"motorcycle",0,"No","Semi-Urban","Sunny","Medium",0,"N",10
41,"Snack ",34,4,5,"motorcycle",0,"No","Urban","Stormy","Medium",2,"Y",5
17,"Snack ",25,19,5,"scooter",2,"No","Metropolitan","Cloudy","Low ",1,"Y",5
22,"Buffet ",37,5,4.9,"motorcycle",1,"No","Metropolitan","Stormy","Jam ",1,"N",5
48,"Buffet ",22,13,3.6,"scooter",0,"No","Metropolitan","Sunny","High ",3,"N",15
16,"Buffet ",27,5,4.6,"electric_scooter",2,"No","Urban","Fog","Low",1,"N",5
20,"Buffet ",25,9,5,"motorcycle",2,"No","Metropolitan","Stormy","Jam ",0,"N",5
25,"Drinks ",37,21,4.7,"electric_scooter",0,"No","Metropolitan","Sandstorms","Jam ",1,"N",10
25,"Buffet ",26,17,4.7,"scooter",2,"No","Metropolitan","Stormy","Jam",1,"N",10
21,"Drinks ",33,17,5,"motorcycle",1,"No","Urban","Fog","Low ",1,"Y",15
25,"Meal ",29,16,4.6,"motorcycle",1,"No","Metropolitan","Windy","Low ",0,"N",15
38,"Buffet ",38,23,4.7,"motorcycle",0,"No","Metropolitan","Stormy","Jam ",1,"Y",10
33,"Snack ",28,11,4.2,"motorcycle",2,"No","Metropolitan","Sandstorms","High ",1,"N",5
15,"Meal ",30,3,4.5,"electric_scooter",2,"No","Metropolitan","Sandstorms","Low ",0,"N",5
13,"Drinks ",39,4,4.5,"electric_scooter",2,"No","Metropolitan","Stormy","Low ",1,"Y",5
27,"Buffet ",39,15,4.7,"motorcycle",0,"No","Metropolitan","Fog","Medium",1,"N",15
33,"Meal ",35,12,4.4,"motorcycle",0,"No","Semi-Urban","Stormy","Medium",1,"N",15
22,"Buffet ",27,19,4.6,"scooter",1,"No","Semi-Urban","Windy","High ",0,"N",15
25,"Buffet ",30,22,4.5,"motorcycle",0,"No","Urban","Windy","Medium",0,"N",10
22,"Drinks ",24,18,4.6,"motorcycle",1,"No","Urban","Stormy","Jam",1,"N",10
37,"Drinks ",39,13,5,"motorcycle",0,"No","Metropolitan","Sunny","Medium",1,"N",15
26,"Meal ",32,21,4.6,"electric_scooter",2,"No","Metropolitan","Windy","Low ",1,"N",5
32,"Drinks ",37,18,4.3,"motorcycle",0,"No","Metropolitan","Sunny","Medium",1,"N",15
23,"Meal ",20,9,4.6,"motorcycle",1,"No","Metropolitan","Sandstorms","Jam ",0,"N",10
11,"Drinks ",23,9,4.9,"motorcycle",1,"No","Metropolitan","Sunny","Jam ",0,"N",15
20,"Buffet ",35,2,4.8,"motorcycle",1,"No","Metropolitan","Stormy","Low ",1,"Y",10
21,"Drinks ",38,23,4.6,"motorcycle",0,"No","Semi-Urban","Sunny","Jam ",1,"Y",10
20,"Meal ",31,19,4.1,"motorcycle",0,"No","Urban","Sandstorms","Low ",1,"N",15
10,"Meal ",31,17,4.7,"scooter",2,"No","Urban","Stormy","Low",0,"Y",5
48,"Drinks ",38,6,4.6,"motorcycle",0,"Yes","Metropolitan","Cloudy","Medium",2,"N",10
33,"Buffet ",24,2,4.3,"motorcycle",1,"No","Urban","Stormy","Medium",1,"N",10
16,"Buffet ",23,16,4.9,"electric_scooter",2,"No","Metropolitan","Windy","Low ",1,"N",5
10,"Drinks ",24,21,4.6,"motorcycle",1,"No","Urban","Sunny","Jam",0,"N",15
31,"Drinks ",23,23,4.3,"electric_scooter",1,"No","Metropolitan","Sandstorms","Jam ",1,"N",5
46,"Drinks ",31,14,4.9,"motorcycle",0,"Yes","Metropolitan","Fog","Medium",1,"Y",15
29,"Drinks ",39,1,4.5,"electric_scooter",2,"No","Urban","Stormy","Jam ",1,"N",5
14,"Snack ",32,21,4.7,"scooter",2,"No","Urban","Fog","Low",1,"N",15
26,"Meal ",31,3,4.5,"scooter",0,"No","Urban","Windy","Jam",1,"N",15
22,"Buffet ",37,18,4.6,"motorcycle",1,"No","Urban","Windy","Medium",1,"Y",5
25,"Drinks ",29,15,4.5,"scooter",1,"No","Metropolitan","Windy","Medium",1,"N",5
23,"Buffet ",36,15,4.6,"electric_scooter",0,"No","Metropolitan","Fog","Low ",0,"N",5
30,"Buffet ",38,1,4.2,"scooter",0,"No","Urban","Stormy","Low",1,"N",10
34,"Snack ",21,6,4.6,"scooter",2,"No","Semi-Urban","Stormy","High ",2,"N",15
30,"Snack ",38,22,4.7,"electric_scooter",2,"No","Urban","Stormy","Medium",0,"Y",10
15,"Snack ",26,19,4.7,"scooter",1,"No","Urban","Sunny","Low",1,"N",15
27,"Buffet ",33,23,4.5,"motorcycle",1,"No","Semi-Urban","Cloudy","Medium",1,"N",10
19,"Meal ",31,17,4.6,"motorcycle",1,"No","Semi-Urban","Cloudy","Low ",0,"N",15
28,"Meal ",32,22,4.9,"motorcycle",2,"No","Semi-Urban","Windy","Medium",1,"N",5
23,"Drinks ",39,22,4.6,"scooter",1,"No","Semi-Urban","Stormy","Medium",0,"Y",10
26,"Meal ",33,13,5,"motorcycle",2,"No","Semi-Urban","Windy","Jam ",1,"N",5
40,"Drinks ",33,18,4.4,"scooter",0,"No","Metropolitan","Windy","Jam ",1,"N",10
30,"Meal ",25,2,4.8,"scooter",1,"No","Urban","Windy","High ",1,"N",10
15,"Meal ",20,17,4.8,"motorcycle",1,"No","Urban","Sunny","Medium",0,"N",10
30,"Meal ",30,16,5,"scooter",2,"No","Metropolitan","Fog","Medium",1,"N",15
34,"Buffet ",30,1,4.4,"scooter",2,"No","Metropolitan","Sandstorms","Jam",1,"N",10
20,"Meal ",21,2,4.7,"scooter",1,"No","Metropolitan","Windy","Medium",1,"N",5
35,"Buffet ",36,9,3.8,"scooter",2,"No","Urban","Stormy","Jam ",1,"Y",10
16,"Drinks ",27,9,4.6,"scooter",1,"No","Metropolitan","Sunny","High ",0,"Y",5
28,"Buffet ",21,23,4.8,"scooter",0,"No","Metropolitan","Fog","Low ",1,"N",5
11,"Drinks ",23,21,4.8,"motorcycle",0,"No","Urban","Sunny","Low",1,"Y",15
18,"Snack ",28,19,4.9,"motorcycle",1,"No","Semi-Urban","Sunny","Jam",1,"N",5
36,"Snack ",35,9,4.4,"motorcycle",0,"No","Metropolitan","Fog","Jam ",1,"N",5
31,"Meal ",27,9,4.4,"electric_scooter",2,"No","Metropolitan","Stormy","Medium",0,"Y",5
25,"Meal ",21,12,4.5,"motorcycle",0,"No","Urban","Stormy","Low ",1,"Y",10
26,"Meal ",30,3,4.9,"motorcycle",1,"No","Semi-Urban","Stormy","Medium",1,"N",15
15,"Snack ",30,17,4.8,"scooter",1,"No","Urban","Stormy","Medium",1,"N",5
35,"Buffet ",32,9,4.7,"motorcycle",1,"No","Metropolitan","Fog","Jam ",1,"Y",10
18,"Drinks ",32,23,4.7,"scooter",2,"No","Urban","Stormy","Low ",1,"Y",10
33,"Buffet ",29,3,4.2,"motorcycle",2,"No","Metropolitan","Sandstorms","Medium",1,"Y",15
28,"Snack ",28,7,4.9,"motorcycle",1,"No","Urban","Windy","Jam ",1,"N",15
29,"Snack ",39,17,4.9,"electric_scooter",0,"No","Urban","Stormy","Medium",1,"N",10
44,"Buffet ",37,11,3.6,"motorcycle",0,"No","Urban","Sunny","High ",1,"N",5
21,"Snack ",35,14,5,"motorcycle",0,"No","Metropolitan","Stormy","Medium",1,"N",15
18,"Snack ",29,15,5,"motorcycle",0,"No","Urban","Sunny","Medium",0,"N",5
15,"Buffet ",36,22,4.8,"scooter",1,"No","Metropolitan","Sunny","Medium",1,"N",15
30,"Snack ",38,4,4.6,"motorcycle",0,"No","Semi-Urban","Windy","Jam ",0,"N",15
29,"Drinks ",39,9,5,"electric_scooter",2,"No","Semi-Urban","Cloudy","Medium",1,"Y",10
30,"Buffet ",25,4,4.6,"motorcycle",2,"No","Metropolitan","Stormy","Jam ",1,"N",15
23,"Snack ",22,22,4.9,"scooter",1,"No","Urban","Windy","Low",1,"N",5
13,"Snack ",32,13,4.9,"scooter",2,"No","Metropolitan","Stormy","Low ",1,"Y",5
43,"Drinks ",27,9,5,"motorcycle",1,"No","Metropolitan","Cloudy","Jam ",2,"Y",10
27,"Snack ",32,22,5,"motorcycle",0,"No","Metropolitan","Sunny","Jam ",0,"N",10
17,"Snack ",22,13,4.7,"motorcycle",1,"No","Metropolitan","Sandstorms","Low ",1,"N",15
33,"Snack ",38,14,4.1,"motorcycle",1,"No","Metropolitan","Fog","Jam ",1,"N",10
21,"Snack ",25,16,4.5,"electric_scooter",2,"No","Urban","Stormy","High ",0,"N",5
36,"Drinks ",36,15,4.9,"motorcycle",2,"No","Urban","Cloudy","High",1,"N",10
33,"Meal ",38,14,4.4,"motorcycle",2,"No","Urban","Stormy","Jam ",1,"Y",10
15,"Drinks ",20,22,4.9,"scooter",1,"No","Urban","Fog","Low ",0,"Y",5
29,"Meal ",20,3,4.7,"scooter",0,"No","Semi-Urban","Windy","Jam ",1,"N",15
43,"Buffet ",30,17,4.6,"motorcycle",0,"No","Urban","Fog","Jam",0,"N",15
17,"Drinks ",39,23,5,"scooter",1,"No","Metropolitan","Fog","Low ",1,"N",15
23,"Snack ",39,7,4.6,"motorcycle",1,"No","Semi-Urban","Sunny","Low ",1,"N",5
18,"Meal ",33,23,5,"scooter",1,"No","Semi-Urban","Sunny","Low ",0,"Y",15
27,"Meal ",27,23,4.9,"motorcycle",0,"No","Metropolitan","Fog","High ",1,"Y",15
20,"Drinks ",23,16,4.5,"scooter",0,"No","Metropolitan","Fog","Low ",0,"N",10
41,"Buffet ",32,1,3.9,"scooter",2,"No","Metropolitan","Windy","Jam ",1,"N",10
23,"Snack ",35,22,4.8,"scooter",1,"No","Metropolitan","Fog","Jam ",0,"N",10
29,"Snack ",21,11,4.8,"electric_scooter",2,"No","Semi-Urban","Fog","Jam ",1,"N",10
25,"Meal ",21,15,4.7,"motorcycle",0,"No","Metropolitan","Sunny","Low ",0,"N",5
37,"Meal ",27,8,5,"electric_scooter",2,"No","Metropolitan","Cloudy","High ",1,"Y",10
41,"Drinks ",32,23,4.7,"motorcycle",0,"No","Metropolitan","Stormy","Jam ",2,"Y",15
39,"Meal ",29,3,4.1,"motorcycle",1,"No","Metropolitan","Cloudy","Medium",0,"N",5
24,"Buffet ",27,9,4.6,"motorcycle",0,"No","Metropolitan","Sunny","Jam ",0,"N",5
24,"Meal ",26,19,4.7,"scooter",2,"No","Semi-Urban","Sandstorms","Low ",1,"N",5
34,"Snack ",35,3,4.6,"motorcycle",0,"No","Metropolitan","Sunny","Jam ",0,"N",5
24,"Snack ",32,19,4.7,"scooter",1,"No","Metropolitan","Sunny","Medium",1,"N",5
15,"Drinks ",23,17,4.8,"motorcycle",0,"No","Urban","Cloudy","Low",1,"N",15
36,"Drinks ",22,9,4.3,"motorcycle",0,"No","Metropolitan","Windy","Jam ",1,"N",5
25,"Meal ",30,15,4.7,"scooter",1,"No","Urban","Stormy","Jam",1,"N",5
34,"Meal ",23,3,4.4,"electric_scooter",0,"No","Metropolitan","Windy","High ",1,"N",5
15,"Drinks ",31,15,4.8,"scooter",1,"No","Urban","Sunny","Jam",0,"N",15
38,"Drinks ",20,12,4,"motorcycle",2,"No","Urban","Stormy","High ",1,"N",15
33,"Buffet ",23,3,3.1,"scooter",0,"No","Metropolitan","Sunny","Low ",1,"N",15
26,"Drinks ",21,1,4.8,"motorcycle",0,"No","Metropolitan","Fog","Low ",1,"Y",10
12,"Drinks ",37,5,4.5,"motorcycle",0,"No","Metropolitan","Sunny","Low",0,"N",5
30,"Snack ",22,5,4.9,"motorcycle",0,"No","Urban","Sandstorms","Jam ",1,"N",5
21,"Drinks ",28,1,4.5,"electric_scooter",2,"No","Metropolitan","Sandstorms","Jam",1,"N",15
30,"Meal ",26,1,4.5,"scooter",0,"No","Metropolitan","Sandstorms","Jam ",1,"N",15
16,"Meal ",30,11,4.1,"motorcycle",0,"No","Urban","Windy","Low ",0,"N",5
12,"Meal ",25,15,4.9,"electric_scooter",1,"No","Urban","Stormy","High ",0,"Y",5
15,"Drinks ",36,13,4.7,"scooter",2,"No","Semi-Urban","Stormy","Jam ",1,"Y",5
16,"Buffet ",25,23,4.9,"electric_scooter",2,"No","Metropolitan","Fog","Low ",1,"N",10
33,"Meal ",34,6,4.5,"scooter",2,"No","Metropolitan","Windy","Medium",1,"N",15
49,"Meal ",27,22,4.6,"electric_scooter",0,"No","Metropolitan","Sunny","Jam ",3,"N",10
22,"Snack ",38,21,4.8,"motorcycle",0,"No","Urban","Sunny","Medium",1,"N",15
20,"Drinks ",38,21,4.3,"scooter",0,"No","Metropolitan","Stormy","Low ",1,"N",10
50,"Meal ",20,23,4.7,"motorcycle",0,"No","Metropolitan","Stormy","Jam ",1,"Y",5
40,"Meal ",31,4,4.1,"electric_scooter",0,"No","Metropolitan","Sandstorms","Medium",0,"Y",5
28,"Snack ",29,1,4.9,"electric_scooter",2,"No","Metropolitan","Fog","High ",1,"Y",15
13,"Snack ",20,18,4.8,"motorcycle",1,"No","Urban","Windy","Low",1,"N",5
20,"Drinks ",28,18,4.5,"motorcycle",0,"No","Metropolitan","Fog","Low ",1,"N",10
39,"Meal ",32,2,4.1,"motorcycle",0,"No","Metropolitan","Windy","Medium",1,"Y",5
14,"Snack ",35,7,4.9,"scooter",1,"No","Semi-Urban","Fog","Medium",0,"N",10
21,"Snack ",24,23,4.9,"scooter",1,"No","Metropolitan","Fog","Jam ",0,"N",5
15,"Buffet ",24,16,4.9,"motorcycle",2,"No","Urban","Fog","Low",0,"N",5
21,"Snack ",37,16,4.9,"motorcycle",1,"No","Urban","Stormy","Low",0,"N",20
26,"Meal ",30,4,4.7,"motorcycle",1,"No","Metropolitan","Stormy","Medium",1,"N",10
26,"Drinks ",26,16,5,"scooter",2,"No","Urban","Stormy","Medium",1,"N",5
26,"Meal ",38,14,4.9,"motorcycle",0,"No","Semi-Urban","Fog","Low ",0,"N",10
18,"Drinks ",31,9,4.7,"scooter",2,"No","Metropolitan","Fog","Low ",0,"N",5
15,"Snack ",31,21,4.7,"motorcycle",2,"No","Semi-Urban","Fog","Medium",0,"N",10
28,"Buffet ",26,21,4.8,"motorcycle",0,"No","Urban","Stormy","Low",1,"N",5
26,"Buffet ",28,7,4.6,"motorcycle",0,"No","Urban","Windy","Low ",1,"N",15
40,"Drinks ",34,8,4.8,"electric_scooter",0,"No","Metropolitan","Cloudy","Jam ",0,"N",10
29,"Snack ",23,1,4.7,"motorcycle",2,"No","Metropolitan","Stormy","Low ",1,"N",10
28,"Drinks ",31,22,4.7,"electric_scooter",1,"No","Semi-Urban","Sandstorms","Low",0,"N",5
17,"Buffet ",34,5,4.7,"scooter",1,"No","Metropolitan","Fog","Medium",1,"N",5
11,"Snack ",20,22,5,"motorcycle",1,"No","Urban","Stormy","Medium",0,"N",15
22,"Snack ",31,5,4.5,"electric_scooter",1,"No","Semi-Urban","Windy","Medium",1,"Y",10
22,"Buffet ",27,16,4.9,"scooter",2,"No","Urban","Sunny","Jam",1,"N",10
18,"Meal ",32,17,4.9,"motorcycle",2,"No","Urban","Cloudy","Low",1,"Y",15
27,"Snack ",36,5,4.8,"motorcycle",2,"No","Metropolitan","Stormy","Medium",0,"N",15
17,"Buffet ",32,16,4.9,"motorcycle",0,"No","Metropolitan","Stormy","Medium",1,"N",10
30,"Snack ",35,7,4.9,"motorcycle",2,"No","Metropolitan","Fog","Medium",1,"N",10
36,"Buffet ",34,2,4.2,"motorcycle",0,"No","Metropolitan","Stormy","Medium",1,"N",5
16,"Buffet ",39,15,4.5,"electric_scooter",0,"No","Semi-Urban","Sunny","Medium",0,"N",15
22,"Meal ",24,2,4.1,"motorcycle",0,"No","Metropolitan","Stormy","Low ",1,"N",5
17,"Drinks ",22,18,4.6,"motorcycle",1,"No","Urban","Sunny","Medium",1,"N",10
17,"Drinks ",21,12,5,"motorcycle",1,"No","Metropolitan","Fog","Medium",1,"N",15
25,"Snack ",39,14,4.8,"scooter",0,"No","Urban","Sandstorms","Medium",1,"N",10
35,"Buffet ",31,4,4.3,"scooter",1,"No","Metropolitan","Cloudy","Jam ",1,"N",10
36,"Buffet ",38,4,4.3,"scooter",1,"No","Urban","Stormy","Medium",1,"N",5
25,"Drinks ",37,19,4.6,"scooter",1,"No","Semi-Urban","Sandstorms","Jam ",1,"N",15
20,"Drinks ",38,23,4.8,"scooter",1,"No","Urban","Windy","Low",0,"N",10
27,"Buffet ",21,5,4.7,"motorcycle",2,"No","Urban","Stormy","Jam ",0,"N",15
26,"Snack ",21,9,4.9,"scooter",2,"No","Metropolitan","Sandstorms","High ",0,"N",15
13,"Drinks ",29,15,4.8,"electric_scooter",1,"No","Urban","Fog","Low",0,"Y",5
13,"Meal ",25,3,4.7,"scooter",1,"No","Metropolitan","Sandstorms","Jam ",0,"N",5
39,"Buffet ",23,21,5,"motorcycle",0,"No","Metropolitan","Sandstorms","Jam ",2,"N",10
22,"Buffet ",28,23,4.9,"electric_scooter",1,"No","Semi-Urban","Stormy","Low ",1,"N",15
16,"Snack ",36,17,4.5,"electric_scooter",2,"No","Metropolitan","Windy","Low ",1,"Y",10
27,"Buffet ",38,15,5,"scooter",1,"No","Semi-Urban","Fog","Low ",1,"Y",15
13,"Drinks ",30,22,4.9,"electric_scooter",1,"No","Urban","Sunny","High",0,"N",15
29,"Drinks ",36,1,4.9,"motorcycle",0,"No","Metropolitan","Sunny","Jam ",1,"N",15
22,"Drinks ",28,4,4.6,"electric_scooter",2,"No","Metropolitan","Stormy","Low ",1,"N",15
39,"Snack ",24,12,3.7,"motorcycle",1,"No","Urban","Stormy","Jam ",1,"N",5
14,"Snack ",33,6,4.8,"electric_scooter",2,"No","Metropolitan","Fog","Low ",1,"Y",10
33,"Meal ",31,13,4.3,"scooter",2,"No","Metropolitan","Sandstorms","Jam ",1,"N",5
41,"Drinks ",21,17,4.7,"motorcycle",1,"No","Urban","Cloudy","Jam",1,"N",15
28,"Meal ",30,23,4.9,"motorcycle",2,"No","Metropolitan","Windy","Jam",1,"N",15
23,"Drinks ",21,7,4.9,"motorcycle",0,"No","Metropolitan","Stormy","Medium",1,"N",15
34,"Drinks ",27,14,4.8,"electric_scooter",0,"No","Metropolitan","Sandstorms","Jam ",1,"Y",5
23,"Meal ",34,2,4.9,"motorcycle",0,"No","Metropolitan","Sandstorms","Low ",1,"N",20
15,"Meal ",20,8,4.9,"scooter",2,"No","Metropolitan","Windy","Low ",0,"N",15
15,"Snack ",37,18,4.7,"scooter",0,"No","Urban","Sandstorms","Low",1,"Y",5
25,"Snack ",34,12,4.7,"motorcycle",0,"No","Metropolitan","Fog","High ",1,"Y",15
15,"Buffet ",25,21,4.7,"electric_scooter",1,"No","Metropolitan","Sunny","Jam ",0,"N",10
16,"Snack ",24,5,4.7,"scooter",2,"No","Urban","Sunny","Low",1,"N",15
23,"Drinks ",32,23,4.8,"motorcycle",0,"No","Urban","Fog","Low ",1,"N",15
38,"Snack ",28,17,4.6,"motorcycle",0,"No","Urban","Cloudy","Low",0,"N",5
22,"Buffet ",27,7,4.9,"motorcycle",0,"No","Metropolitan","Fog","Low ",1,"N",15
23,"Drinks ",21,7,4.9,"motorcycle",0,"No","Metropolitan","Stormy","Medium",1,"N",15
35,"Drinks ",24,23,4.4,"scooter",1,"No","Metropolitan","Sandstorms","Jam ",0,"Y",5
44,"Drinks ",38,23,4.9,"motorcycle",0,"No","Metropolitan","Windy","Jam ",2,"Y",5
20,"Meal ",29,15,4.8,"motorcycle",0,"No","Metropolitan","Fog","Low ",1,"N",10
27,"Snack ",20,22,4.8,"motorcycle",1,"No","Metropolitan","Windy","Medium",1,"N",15
25,"Meal ",37,12,4.7,"electric_scooter",1,"No","Metropolitan","Stormy","Jam ",1,"N",5
20,"Meal ",39,6,4.5,"scooter",2,"No","Metropolitan","Stormy","Low ",1,"N",15
16,"Buffet ",22,7,4.5,"scooter",2,"No","Metropolitan","Sandstorms","High ",0,"N",15
21,"Buffet ",23,18,4.9,"motorcycle",0,"No","Metropolitan","Sandstorms","Low ",1,"N",25
37,"Meal ",25,1,4.8,"motorcycle",0,"No","Semi-Urban","Fog","Jam ",2,"N",15
28,"Buffet ",26,22,4.7,"motorcycle",2,"No","Metropolitan","Sandstorms","Low ",1,"N",15
33,"Meal ",24,8,4.1,"motorcycle",1,"No","Metropolitan","Windy","Jam ",1,"N",15
19,"Buffet ",23,12,4.9,"motorcycle",2,"No","Metropolitan","Sandstorms","Jam ",1,"N",5
12,"Meal ",30,3,4.7,"motorcycle",1,"No","Metropolitan","Sunny","Low ",1,"N",15
24,"Drinks ",31,9,4.7,"motorcycle",0,"No","Metropolitan","Sunny","Medium",1,"N",5
10,"Buffet ",20,19,4.6,"scooter",2,"No","Urban","Sunny","Jam",0,"N",10
32,"Meal ",29,22,4.3,"motorcycle",1,"No","Metropolitan","Sandstorms","Medium",1,"N",5
41,"Drinks ",27,3,3.7,"electric_scooter",1,"No","Urban","Sandstorms","Jam",1,"N",5
29,"Meal ",38,7,4.5,"scooter",1,"No","Semi-Urban","Sandstorms","Jam ",0,"N",15
18,"Meal ",22,17,4.7,"scooter",1,"No","Metropolitan","Sunny","Jam ",0,"Y",10
41,"Buffet ",35,1,4.7,"electric_scooter",1,"No","Metropolitan","Fog","Jam ",2,"N",5
25,"Buffet ",28,18,4.9,"motorcycle",2,"No","Metropolitan","Sunny","Low ",0,"N",10
41,"Buffet ",22,23,4.3,"scooter",1,"No","Metropolitan","Fog","Jam ",2,"Y",10
27,"Meal ",22,13,4,"motorcycle",0,"No","Urban","Windy","Low ",1,"N",5
12,"Buffet ",35,22,4.9,"motorcycle",2,"No","Urban","Sandstorms","High",0,"N",10
18,"Buffet ",21,16,4.7,"motorcycle",2,"No","Metropolitan","Sunny","High ",0,"N",5
40,"Snack ",34,13,4.6,"motorcycle",0,"No","Urban","Cloudy","Low ",1,"N",10
18,"Snack ",35,18,4.7,"electric_scooter",2,"No","Semi-Urban","Fog","Low ",1,"Y",20
22,"Meal ",39,12,4.8,"scooter",1,"No","Metropolitan","Cloudy","Low ",1,"N",10
26,"Meal ",33,4,4.7,"motorcycle",0,"No","Semi-Urban","Sunny","Low",1,"N",10
18,"Snack ",30,18,4,"motorcycle",0,"No","Urban","Sandstorms","Low",1,"N",10
16,"Meal ",38,4,4.5,"scooter",1,"No","Urban","Sandstorms","Medium",1,"Y",5
21,"Meal ",22,21,4.7,"scooter",2,"No","Urban","Sunny","Low",1,"N",5
32,"Snack ",39,5,2.6,"scooter",1,"No","Metropolitan","Sunny","Low ",1,"N",10
25,"Buffet ",36,14,4.7,"motorcycle",2,"No","Urban","Stormy","Low ",1,"N",15
28,"Meal ",37,11,4.7,"motorcycle",2,"No","Metropolitan","Sandstorms","Medium",1,"N",5
33,"Drinks ",26,5,4.2,"scooter",2,"No","Metropolitan","Cloudy","Jam ",1,"N",5
30,"Buffet ",39,23,4.9,"electric_scooter",0,"No","Metropolitan","Stormy","Jam ",1,"N",10
11,"Snack ",30,21,4.9,"electric_scooter",2,"No","Metropolitan","Stormy","Low",1,"Y",15
38,"Meal ",20,3,4.2,"electric_scooter",2,"No","Metropolitan","Stormy","Medium",1,"N",5
23,"Meal ",25,5,4.6,"scooter",2,"No","Metropolitan","Sandstorms","Medium",1,"N",10
40,"Snack ",28,1,3.8,"electric_scooter",2,"No","Metropolitan","Stormy","Jam ",1,"N",10
25,"Drinks ",32,18,4.7,"scooter",2,"No","Urban","Cloudy","High ",0,"Y",5
37,"Buffet ",21,15,4.8,"motorcycle",0,"No","Urban","Stormy","High",1,"Y",15
34,"Meal ",33,12,4.6,"motorcycle",1,"No","Urban","Cloudy","Jam ",1,"N",5
14,"Drinks ",39,16,4.7,"scooter",2,"No","Urban","Windy","Jam",1,"N",15
25,"Buffet ",35,14,4.8,"scooter",2,"No","Metropolitan","Cloudy","High ",0,"N",15
44,"Meal ",22,9,4.4,"motorcycle",1,"Yes","Metropolitan","Fog","Jam ",1,"Y",10
18,"Meal ",32,23,4.9,"motorcycle",0,"No","Metropolitan","Cloudy","Low ",0,"N",15
26,"Meal ",20,15,4.9,"motorcycle",0,"No","Metropolitan","Fog","Low ",1,"N",10
15,"Snack ",27,21,4.8,"motorcycle",2,"No","Urban","Sunny","Low",1,"Y",15
19,"Buffet ",30,12,4.7,"scooter",2,"No","Metropolitan","Windy","Low ",1,"Y",10
17,"Drinks ",21,8,4.6,"electric_scooter",2,"No","Metropolitan","Sunny","Jam ",1,"Y",15
15,"Drinks ",32,21,4.6,"motorcycle",1,"No","Urban","Sandstorms","Jam",0,"N",15
29,"Buffet ",29,13,4.8,"electric_scooter",2,"No","Semi-Urban","Cloudy","Jam ",1,"N",15
29,"Snack ",35,4,4.8,"scooter",2,"No","Metropolitan","Sunny","Low ",0,"N",5
26,"Buffet ",26,15,4.6,"electric_scooter",2,"No","Urban","Sunny","Jam ",0,"N",5
24,"Drinks ",29,21,4.5,"motorcycle",2,"No","Metropolitan","Cloudy","Jam ",1,"N",5
31,"Buffet ",35,9,4.8,"scooter",1,"No","Semi-Urban","Stormy","Jam ",0,"N",10
18,"Drinks ",31,21,4.5,"scooter",2,"No","Metropolitan","Cloudy","Low ",1,"Y",5
43,"Meal ",21,3,4.6,"motorcycle",1,"No","Metropolitan","Cloudy","Jam ",1,"N",10
18,"Meal ",33,23,4.6,"scooter",2,"No","Metropolitan","Fog","Low ",0,"N",5
36,"Drinks ",23,21,4.4,"motorcycle",0,"No","Metropolitan","Sandstorms","Medium",1,"Y",15
22,"Meal ",26,15,4.8,"scooter",1,"No","Metropolitan","Sandstorms","Jam ",1,"N",15
14,"Drinks ",29,23,4.7,"motorcycle",1,"No","Urban","Stormy","Low",1,"N",10
27,"Drinks ",30,22,4.6,"electric_scooter",0,"No","Metropolitan","Fog","Jam ",0,"N",15
24,"Snack ",36,13,4.6,"scooter",2,"No","Urban","Fog","Jam ",1,"N",10
34,"Buffet ",33,9,4.1,"motorcycle",1,"No","Metropolitan","Sandstorms","Jam ",0,"N",15
32,"Snack ",25,9,4,"motorcycle",1,"No","Urban","Sandstorms","Medium",2,"Y",5
49,"Meal ",30,6,4,"scooter",1,"No","Semi-Urban","Fog","Jam ",2,"N",10
42,"Buffet ",33,18,5,"motorcycle",1,"No","Urban","Cloudy","Jam",2,"N",10
26,"Snack ",23,21,4.9,"motorcycle",1,"No","Metropolitan","Stormy","Jam ",1,"N",10
20,"Snack ",21,19,4.6,"scooter",1,"No","Metropolitan","Sunny","Jam ",0,"N",15
26,"Buffet ",35,1,4.5,"scooter",2,"No","Urban","Fog","Medium",1,"N",5
34,"Meal ",23,4,4.6,"electric_scooter",1,"No","Metropolitan","Fog","Jam ",1,"N",15
15,"Buffet ",37,3,4.9,"electric_scooter",2,"No","Metropolitan","Stormy","Low ",1,"N",5
35,"Snack ",21,5,4.7,"electric_scooter",2,"No","Semi-Urban","Fog","Medium",0,"N",5
32,"Snack ",35,15,3.9,"motorcycle",1,"No","Semi-Urban","Cloudy","Low",1,"N",15
28,"Drinks ",33,12,4.8,"electric_scooter",2,"No","Metropolitan","Windy","Medium",0,"Y",15
33,"Drinks ",26,1,4.3,"electric_scooter",2,"No","Metropolitan","Stormy","Medium",1,"N",10
19,"Snack ",21,23,4.7,"motorcycle",2,"No","Metropolitan","Sunny","High",0,"N",15
30,"Meal ",24,17,4.7,"electric_scooter",1,"No","Urban","Windy","Jam",1,"Y",15
35,"Meal ",21,4,4.2,"scooter",1,"No","Urban","Cloudy","Jam ",1,"N",10
17,"Snack ",20,18,4.9,"motorcycle",0,"No","Metropolitan","Sandstorms","Low ",0,"N",5
14,"Snack ",36,7,4.9,"motorcycle",1,"No","Metropolitan","Windy","Low ",0,"N",20
28,"Meal ",39,3,4.9,"motorcycle",0,"No","Urban","Stormy","High ",1,"N",10
35,"Buffet ",25,17,4.8,"motorcycle",0,"No","Urban","Windy","Jam",2,"Y",10
27,"Buffet ",32,22,4.6,"electric_scooter",2,"No","Metropolitan","Windy","Medium",1,"N",10
21,"Meal ",37,18,4.8,"motorcycle",0,"No","Semi-Urban","Sunny","Low ",0,"N",5
17,"Meal ",29,19,4.7,"motorcycle",2,"No","Metropolitan","Windy","Low ",1,"N",15
27,"Meal ",39,15,4.6,"scooter",1,"No","Metropolitan","Fog","Jam",1,"N",5
21,"Drinks ",21,17,4.9,"motorcycle",0,"No","Metropolitan","Stormy","Low ",1,"N",10
16,"Snack ",23,15,4.7,"scooter",1,"No","Metropolitan","Sunny","Jam ",1,"N",10
18,"Drinks ",38,15,5,"scooter",2,"No","Urban","Stormy","High",1,"N",10
19,"Drinks ",36,15,4.6,"scooter",2,"No","Urban","Cloudy","Low",1,"N",10
24,"Meal ",30,15,4.7,"scooter",1,"No","Metropolitan","Sunny","High ",1,"Y",15
28,"Buffet ",28,9,4.3,"motorcycle",0,"No","Metropolitan","Stormy","Low ",1,"N",25
12,"Meal ",37,22,4.9,"motorcycle",2,"No","Metropolitan","Sunny","Low ",0,"N",10
26,"Drinks ",36,14,4.7,"scooter",2,"No","Semi-Urban","Sandstorms","Jam ",1,"N",10
39,"Drinks ",37,17,4.9,"motorcycle",0,"No","Metropolitan","Stormy","Jam ",1,"Y",10
33,"Buffet ",36,1,4.2,"electric_scooter",0,"No","Urban","Stormy","Jam ",1,"Y",5
27,"Drinks ",23,3,4.6,"scooter",2,"No","Metropolitan","Fog","Jam ",1,"N",15
31,"Snack ",39,3,3.5,"motorcycle",1,"No","Semi-Urban","Sunny","Low ",1,"Y",25
36,"Drinks ",20,3,3.1,"motorcycle",1,"No","Metropolitan","Sunny","Low ",1,"Y",5
22,"Buffet ",31,16,4.7,"motorcycle",0,"No","Metropolitan","Stormy","Low ",1,"N",5
17,"Meal ",25,18,4.9,"scooter",2,"No","Semi-Urban","Sandstorms","Low",1,"N",15
18,"Snack ",30,2,4.7,"motorcycle",1,"No","Urban","Windy","Low ",1,"N",15
24,"Snack ",25,15,4.5,"motorcycle",1,"No","Metropolitan","Stormy","Low ",1,"N",10
29,"Meal ",39,5,4.9,"scooter",1,"No","Metropolitan","Sandstorms","Jam",0,"N",5
29,"Buffet ",29,6,4.8,"motorcycle",0,"No","Metropolitan","Stormy","Low ",1,"N",5
31,"Buffet ",27,1,3.5,"electric_scooter",2,"No","Metropolitan","Sunny","Jam ",1,"N",10
16,"Meal ",36,16,4.6,"motorcycle",0,"No","Metropolitan","Fog","Low ",1,"N",5
26,"Drinks ",34,22,4.9,"scooter",2,"No","Metropolitan","Stormy","Medium",1,"N",15
30,"Buffet ",39,23,4.9,"electric_scooter",0,"No","Metropolitan","Stormy","Jam ",1,"N",10
28,"Snack ",28,3,4.6,"scooter",2,"No","Metropolitan","Sandstorms","Medium",1,"Y",5
22,"Snack ",24,18,4.6,"scooter",0,"No","Urban","Cloudy","Low",0,"Y",25
35,"Drinks ",34,5,5,"motorcycle",0,"No","Metropolitan","Stormy","Jam ",1,"N",10
26,"Snack ",35,13,4.9,"electric_scooter",0,"No","Metropolitan","Cloudy","Medium",1,"N",5
20,"Buffet ",21,15,4.9,"motorcycle",2,"No","Metropolitan","Windy","Low ",0,"N",15
20,"Snack ",20,16,5,"scooter",0,"No","Urban","Fog","Low ",1,"N",5
17,"Meal ",20,14,4.9,"motorcycle",0,"No","Metropolitan","Sandstorms","Low ",1,"N",10
18,"Snack ",21,13,4.9,"motorcycle",1,"No","Urban","Windy","Low ",0,"Y",5
24,"Drinks ",30,23,4.6,"electric_scooter",0,"No","Metropolitan","Fog","Low ",1,"N",15
16,"Drinks ",27,15,4.8,"scooter",2,"No","Metropolitan","Fog","Low ",1,"N",10
22,"Drinks ",28,15,4.9,"electric_scooter",2,"No","Urban","Sandstorms","Medium",1,"N",15
40,"Drinks ",34,1,3.5,"scooter",2,"Yes","Metropolitan","Sunny","Low ",2,"Y",15
20,"Buffet ",34,13,4.9,"motorcycle",1,"No","Urban","Sunny","High ",1,"N",5
10,"Meal ",27,2,4.7,"scooter",1,"No","Semi-Urban","Windy","Low",0,"N",15
42,"Meal ",37,8,4,"motorcycle",1,"No","Metropolitan","Fog","Jam ",2,"N",15
16,"Meal ",35,22,4.6,"electric_scooter",0,"No","Semi-Urban","Sunny","Low",0,"N",5
22,"Drinks ",21,22,4.7,"scooter",2,"No","Metropolitan","Stormy","Jam ",1,"N",10
27,"Buffet ",22,19,5,"motorcycle",1,"No","Metropolitan","Fog","High ",1,"N",10
27,"Drinks ",27,3,4.5,"scooter",0,"No","Semi-Urban","Windy","Low ",1,"Y",5
20,"Drinks ",27,23,4.9,"scooter",0,"No","Metropolitan","Windy","Low ",0,"N",15
17,"Meal ",27,17,4.8,"scooter",1,"No","Semi-Urban","Stormy","Medium",0,"N",5
43,"Snack ",36,12,5,"motorcycle",0,"No","Metropolitan","Stormy","High ",2,"Y",10
27,"Buffet ",26,16,4.9,"electric_scooter",1,"No","Urban","Cloudy","Low",1,"N",15
33,"Buffet ",26,11,4,"scooter",0,"No","Urban","Windy","Jam ",2,"Y",5
42,"Meal ",37,8,4,"motorcycle",1,"No","Metropolitan","Fog","Jam ",2,"N",15
19,"Drinks ",28,4,4.6,"motorcycle",1,"No","Semi-Urban","Stormy","Low ",1,"N",10
27,"Drinks ",27,16,4.9,"motorcycle",2,"No","Semi-Urban","Cloudy","High",1,"N",15
19,"Drinks ",30,15,4.8,"scooter",2,"No","Urban","Sandstorms","Jam",0,"N",5
20,"Buffet ",33,19,4.7,"scooter",1,"No","Metropolitan","Windy","Low ",1,"N",5
23,"Meal ",29,21,4.6,"motorcycle",0,"No","Urban","Stormy","Low",0,"N",10
21,"Snack ",23,2,4.9,"electric_scooter",1,"No","Urban","Stormy","Medium",0,"Y",10
47,"Meal ",23,2,4.9,"electric_scooter",0,"No","Metropolitan","Stormy","High ",2,"Y",10
32,"Snack ",35,7,4.7,"motorcycle",0,"No","Metropolitan","Fog","Jam ",1,"N",15
20,"Buffet ",34,9,4.5,"electric_scooter",1,"No","Metropolitan","Sunny","High ",0,"N",15
22,"Snack ",34,17,4.6,"scooter",1,"No","Metropolitan","Windy","Medium",1,"N",5
29,"Meal ",38,23,4.7,"motorcycle",1,"No","Semi-Urban","Windy","Medium",1,"Y",15
35,"Buffet ",29,6,4,"electric_scooter",0,"No","Metropolitan","Stormy","High ",1,"Y",10
17,"Meal ",27,9,4.6,"scooter",2,"No","Metropolitan","Sunny","Medium",0,"Y",5
27,"Buffet ",20,7,4.8,"electric_scooter",2,"No","Metropolitan","Sandstorms","Jam ",0,"N",5
15,"Meal ",32,22,4.6,"motorcycle",0,"No","Urban","Sandstorms","Medium",1,"N",10
28,"Buffet ",21,12,4.9,"scooter",1,"No","Metropolitan","Stormy","Medium",1,"N",5
46,"Drinks ",29,3,5,"motorcycle",0,"No","Urban","Stormy","Medium",1,"Y",10
23,"Buffet ",24,17,4.9,"motorcycle",0,"No","Urban","Fog","High ",1,"N",10
26,"Buffet ",27,22,5,"electric_scooter",0,"No","Metropolitan","Windy","Jam ",1,"N",15
26,"Drinks ",36,17,5,"motorcycle",0,"No","Metropolitan","Cloudy","Low ",0,"Y",15
16,"Snack ",34,21,4.9,"scooter",1,"No","Urban","Cloudy","Medium",0,"N",15
25,"Drinks ",35,3,4.9,"motorcycle",0,"No","Metropolitan","Fog","High ",1,"N",5
15,"Meal ",20,15,4.6,"motorcycle",2,"No","Semi-Urban","Stormy","Low ",1,"Y",5
22,"Drinks ",26,14,4.5,"motorcycle",0,"No","Metropolitan","Stormy","Low ",1,"N",15
31,"Drinks ",35,6,4.2,"electric_scooter",2,"No","Metropolitan","Fog","Medium",1,"N",5
28,"Snack ",24,21,4.8,"electric_scooter",2,"No","Metropolitan","Windy","Jam ",0,"N",10
22,"Meal ",31,5,4.5,"motorcycle",1,"No","Urban","Stormy","Jam",0,"N",10
27,"Drinks ",33,18,4.6,"scooter",1,"No","Semi-Urban","Stormy","Jam ",1,"N",10
31,"Snack ",36,2,4.3,"motorcycle",1,"No","Urban","Stormy","Jam",1,"N",10
29,"Buffet ",20,13,4.3,"scooter",0,"No","Metropolitan","Windy","Low ",1,"Y",10
20,"Snack ",35,15,5,"electric_scooter",1,"No","Urban","Stormy","Jam ",0,"Y",15
22,"Meal ",33,12,4.7,"scooter",0,"No","Metropolitan","Cloudy","Low ",1,"Y",25
14,"Snack ",38,22,4.7,"electric_scooter",2,"No","Urban","Stormy","Low ",0,"N",5
11,"Drinks ",27,23,4.6,"electric_scooter",2,"No","Metropolitan","Cloudy","Low ",1,"Y",5
15,"Buffet ",35,15,4.8,"motorcycle",2,"No","Urban","Stormy","Low ",1,"N",5
27,"Buffet ",24,9,4.8,"electric_scooter",2,"No","Metropolitan","Windy","Low ",0,"Y",10
18,"Buffet ",21,8,4.5,"electric_scooter",1,"No","Urban","Sandstorms","Jam ",0,"N",10
24,"Drinks ",30,1,4.6,"scooter",1,"No","Metropolitan","Stormy","Medium",1,"Y",5
19,"Snack ",26,23,4.6,"motorcycle",0,"No","Urban","Stormy","Medium",1,"N",5
39,"Snack ",32,6,4.1,"motorcycle",2,"No","Metropolitan","Fog","Jam ",1,"N",15
28,"Meal ",23,7,4.8,"motorcycle",0,"No","Metropolitan","Sunny","Medium",0,"N",10
31,"Buffet ",38,8,3.4,"motorcycle",0,"No","Urban","Sunny","Low ",1,"N",15
25,"Drinks ",26,3,4.5,"scooter",2,"No","Metropolitan","Stormy","Medium",1,"N",5
10,"Meal ",35,14,4.7,"scooter",2,"No","Metropolitan","Sunny","Medium",1,"N",15
24,"Drinks ",30,1,4.6,"scooter",1,"No","Metropolitan","Stormy","Medium",1,"Y",5
26,"Drinks ",33,2,4.9,"scooter",2,"No","Metropolitan","Fog","High ",1,"N",5
29,"Meal ",29,14,4.9,"motorcycle",0,"No","Metropolitan","Sunny","Jam ",1,"N",5
31,"Meal ",26,19,4.3,"motorcycle",0,"No","Metropolitan","Fog","Medium",1,"N",15
39,"Meal ",34,23,4,"motorcycle",0,"No","Semi-Urban","Stormy","Jam",1,"N",10
24,"Buffet ",35,1,4.5,"motorcycle",0,"No","Urban","Windy","Medium",0,"N",10
39,"Snack ",38,4,4.8,"motorcycle",1,"No","Metropolitan","Fog","Jam ",2,"N",10
17,"Snack ",36,22,4.7,"scooter",1,"No","Urban","Stormy","Medium",0,"N",10
12,"Buffet ",26,17,5,"scooter",2,"No","Urban","Cloudy","Medium",0,"Y",10
16,"Buffet ",39,19,4.5,"scooter",2,"No","Semi-Urban","Stormy","Low ",0,"N",10
48,"Drinks ",39,8,4.6,"motorcycle",1,"No","Metropolitan","Fog","Jam ",1,"N",10
17,"Meal ",39,3,4.9,"electric_scooter",2,"No","Urban","Windy","Low ",0,"N",5
48,"Snack ",21,5,3.5,"scooter",0,"Yes","Metropolitan","Sunny","Jam ",2,"N",15
43,"Snack ",32,7,4.7,"motorcycle",0,"No","Urban","Stormy","Medium",2,"Y",10
16,"Snack ",27,19,5,"electric_scooter",2,"No","Metropolitan","Sunny","High ",0,"N",5
11,"Snack ",35,19,4.9,"scooter",1,"No","Urban","Stormy","Medium",0,"Y",10
10,"Snack ",34,19,4.9,"scooter",1,"No","Semi-Urban","Sunny","Low",0,"N",10
25,"Snack ",24,17,4.6,"scooter",1,"No","Metropolitan","Cloudy","Low ",0,"Y",5
29,"Buffet ",30,5,5,"motorcycle",0,"No","Metropolitan","Sunny","Jam ",1,"N",10
20,"Meal ",22,15,4.9,"motorcycle",2,"No","Metropolitan","Windy","Jam ",0,"N",5
17,"Meal ",39,21,4.9,"electric_scooter",0,"No","Metropolitan","Stormy","Medium",1,"N",15
21,"Buffet ",27,7,4.8,"scooter",2,"No","Metropolitan","Cloudy","Jam ",1,"N",5
29,"Drinks ",39,3,4.9,"motorcycle",1,"No","Metropolitan","Fog","High ",1,"N",10
46,"Meal ",25,23,5,"electric_scooter",0,"No","Metropolitan","Stormy","Jam ",3,"N",15
38,"Drinks ",24,5,4.3,"motorcycle",0,"No","Metropolitan","Fog","High ",1,"N",15
31,"Meal ",20,4,4.4,"electric_scooter",2,"No","Semi-Urban","Fog","Medium",1,"N",15
54,"Snack ",35,5,4.8,"motorcycle",0,"Yes","Metropolitan","Stormy","Jam ",2,"N",15
19,"Drinks ",23,12,4.9,"motorcycle",1,"No","Metropolitan","Sunny","High ",1,"Y",10
33,"Snack ",38,6,4.6,"scooter",0,"No","Metropolitan","Cloudy","Medium",1,"N",5
38,"Drinks ",23,8,3.7,"scooter",2,"No","Metropolitan","Stormy","Jam ",1,"N",10
28,"Snack ",21,9,4.8,"motorcycle",0,"No","Urban","Fog","Medium",1,"Y",5
24,"Buffet ",26,8,4.7,"motorcycle",2,"No","Urban","Stormy","Low ",1,"N",5
20,"Drinks ",33,19,4.8,"electric_scooter",2,"No","Metropolitan","Sunny","Medium",1,"N",10
26,"Drinks ",29,16,4.7,"electric_scooter",0,"No","Urban","Cloudy","Medium",1,"N",5
10,"Buffet ",35,17,4.9,"motorcycle",0,"No","Metropolitan","Windy","Medium",0,"Y",5
36,"Buffet ",30,23,4.3,"motorcycle",1,"No","Metropolitan","Sandstorms","Medium",0,"Y",5
38,"Meal ",39,1,4.1,"electric_scooter",2,"No","Urban","Stormy","Low",1,"Y",15
20,"Drinks ",34,16,4.9,"motorcycle",0,"No","Urban","Stormy","Jam",1,"Y",5
21,"Buffet ",28,1,4.1,"electric_scooter",0,"No","Metropolitan","Windy","Low",1,"Y",20
13,"Snack ",22,22,4.7,"motorcycle",0,"No","Metropolitan","Sunny","Low ",0,"N",15
16,"Meal ",20,22,4.7,"scooter",2,"No","Metropolitan","Cloudy","Low ",0,"N",10
33,"Buffet ",22,4,4.1,"electric_scooter",0,"No","Metropolitan","Sandstorms","Jam ",1,"Y",15
25,"Snack ",26,22,4.8,"scooter",2,"No","Metropolitan","Windy","Medium",1,"N",15
24,"Snack ",24,15,5,"scooter",2,"No","Urban","Stormy","Jam",1,"N",5
16,"Meal ",28,23,4.7,"scooter",2,"No","Semi-Urban","Sandstorms","Low ",1,"N",15
28,"Buffet ",23,21,4.9,"motorcycle",2,"No","Urban","Sandstorms","Medium",0,"Y",5
40,"Drinks ",35,3,4.1,"scooter",2,"No","Urban","Stormy","Jam",0,"Y",10
27,"Drinks ",37,17,5,"motorcycle",1,"No","Urban","Fog","Medium",1,"N",10
43,"Snack ",35,18,4.7,"motorcycle",1,"No","Semi-Urban","Fog","Medium",1,"N",15
44,"Meal ",30,1,5,"motorcycle",0,"Yes","Urban","Fog","Medium",1,"N",10
38,"Buffet ",36,21,4.6,"scooter",2,"No","Urban","Cloudy","Jam",1,"N",5
18,"Buffet ",27,14,4.9,"electric_scooter",1,"No","Metropolitan","Sandstorms","Jam ",1,"N",10
39,"Meal ",20,9,4.4,"motorcycle",0,"No","Metropolitan","Sandstorms","High ",1,"Y",15
33,"Drinks ",36,9,4.3,"scooter",0,"No","Metropolitan","Fog","Medium",0,"Y",15
18,"Buffet ",38,12,4.6,"scooter",2,"No","Semi-Urban","Fog","Medium",0,"N",5
20,"Meal ",23,15,4.8,"motorcycle",1,"No","Metropolitan","Windy","Medium",1,"Y",5
15,"Snack ",33,18,4.9,"motorcycle",1,"No","Metropolitan","Sunny","Low ",0,"N",5
29,"Meal ",39,21,4.7,"scooter",2,"No","Semi-Urban","Stormy","Jam ",1,"Y",5
34,"Snack ",39,3,3.7,"scooter",1,"No","Semi-Urban","Stormy","Medium",1,"N",15
21,"Meal ",29,22,4.6,"scooter",2,"No","Urban","Fog","Jam ",0,"N",10
35,"Snack ",29,4,4.1,"motorcycle",2,"No","Metropolitan","Windy","Jam ",1,"N",5
23,"Meal ",26,3,5,"motorcycle",0,"No","Semi-Urban","Fog","Jam ",1,"N",15
10,"Drinks ",25,22,4.9,"motorcycle",1,"No","Urban","Fog","Low ",0,"N",10
34,"Meal ",28,9,4.8,"motorcycle",1,"No","Semi-Urban","Cloudy","Medium",1,"N",10
22,"Buffet ",23,9,5,"motorcycle",1,"No","Urban","Sunny","Jam ",0,"N",5
31,"Snack ",23,6,4.9,"electric_scooter",0,"No","Metropolitan","Windy","High ",0,"N",15
16,"Buffet ",27,1,4.5,"scooter",2,"No","Semi-Urban","Cloudy","Low",1,"Y",10
28,"Buffet ",34,14,4.5,"electric_scooter",1,"No","Metropolitan","Stormy","Low ",1,"N",15
29,"Meal ",33,6,4.6,"electric_scooter",2,"No","Urban","Sandstorms","Low ",1,"N",5
13,"Buffet ",32,16,4.8,"scooter",0,"No","Urban","Stormy","Medium",0,"Y",5
24,"Drinks ",29,22,4.8,"scooter",0,"No","Metropolitan","Sunny","Medium",0,"N",15
26,"Buffet ",27,21,4.9,"electric_scooter",2,"No","Urban","Windy","Medium",1,"N",15
27,"Snack ",28,17,4.7,"scooter",0,"No","Urban","Cloudy","Jam",1,"Y",15
16,"Drinks ",39,15,4.6,"motorcycle",0,"No","Urban","Windy","Low",1,"N",15
15,"Meal ",34,18,4.9,"scooter",2,"No","Metropolitan","Sunny","Low ",1,"N",15
19,"Meal ",30,9,4.9,"motorcycle",1,"No","Metropolitan","Sunny","Jam ",1,"N",15
25,"Drinks ",36,19,4.8,"motorcycle",1,"No","Semi-Urban","Fog","Low ",1,"Y",15
10,"Buffet ",21,19,4.7,"electric_scooter",1,"No","Metropolitan","Sunny","High ",0,"Y",15
20,"Meal ",27,21,4.9,"motorcycle",0,"No","Urban","Sandstorms","Low ",1,"N",5
22,"Meal ",22,13,4.9,"electric_scooter",0,"No","Metropolitan","Stormy","Low ",1,"N",10
16,"Snack ",26,5,4.8,"motorcycle",0,"No","Urban","Windy","Medium",0,"Y",10
36,"Buffet ",32,14,4.3,"motorcycle",0,"No","Metropolitan","Stormy","Jam ",2,"N",15
34,"Buffet ",30,6,4,"electric_scooter",1,"No","Metropolitan","Fog","Jam ",1,"N",10
15,"Buffet ",33,16,5,"scooter",0,"No","Metropolitan","Sunny","Medium",0,"N",15
45,"Drinks ",34,23,4.7,"motorcycle",0,"Yes","Semi-Urban","Cloudy","Jam ",3,"N",10
25,"Meal ",26,9,4.8,"scooter",2,"No","Metropolitan","Fog","Medium",1,"N",15
32,"Buffet ",23,13,4.9,"motorcycle",1,"No","Metropolitan","Stormy","Jam ",0,"N",5
37,"Drinks ",37,19,4.4,"electric_scooter",2,"No","Metropolitan","Fog","Medium",0,"Y",5
25,"Drinks ",35,21,4.9,"motorcycle",1,"No","Semi-Urban","Cloudy","Low",1,"N",10
28,"Drinks ",37,15,4.8,"motorcycle",1,"No","Urban","Windy","High",0,"N",15
13,"Drinks ",22,12,4.9,"motorcycle",1,"No","Semi-Urban","Cloudy","Medium",1,"Y",10
12,"Drinks ",24,19,4.8,"scooter",1,"No","Urban","Sunny","High",0,"Y",15
10,"Snack ",20,17,4.5,"scooter",2,"No","Urban","Sunny","Jam",0,"N",10
27,"Drinks ",29,14,4.6,"scooter",2,"No","Metropolitan","Sandstorms","Low ",1,"N",10
26,"Drinks ",29,17,4.7,"motorcycle",0,"No","Urban","Stormy","Jam",0,"N",5
46,"Buffet ",28,11,4.9,"scooter",0,"No","Metropolitan","Cloudy","Jam ",1,"N",15
20,"Drinks ",32,16,4.8,"motorcycle",0,"No","Semi-Urban","Windy","Low ",1,"N",5
34,"Drinks ",35,3,4.1,"scooter",2,"No","Urban","Windy","Medium",1,"Y",10
16,"Drinks ",30,23,5,"electric_scooter",0,"No","Urban","Sunny","Medium",1,"Y",15
40,"Drinks ",26,2,3.6,"scooter",1,"Yes","Semi-Urban","Windy","Jam ",1,"N",5
29,"Meal ",35,8,4.9,"scooter",2,"No","Metropolitan","Sandstorms","Low ",1,"N",15
24,"Drinks ",29,9,4.9,"scooter",0,"No","Urban","Windy","High ",0,"Y",5
47,"Snack ",32,22,5,"electric_scooter",0,"Yes","Metropolitan","Sandstorms","Jam ",1,"Y",5
38,"Snack ",28,6,4.5,"motorcycle",0,"No","Metropolitan","Stormy","Medium",1,"Y",10
13,"Buffet ",33,12,4.9,"motorcycle",0,"No","Metropolitan","Sunny","Low ",1,"N",15
39,"Snack ",36,18,4.3,"motorcycle",1,"No","Metropolitan","Fog","Jam ",0,"Y",5
33,"Snack ",37,1,4.7,"motorcycle",0,"No","Semi-Urban","Sandstorms","Jam ",1,"N",10
21,"Buffet ",31,21,4.6,"electric_scooter",0,"No","Metropolitan","Stormy","Low ",1,"Y",5
27,"Buffet ",34,15,4.8,"electric_scooter",1,"No","Urban","Stormy","Medium",1,"Y",15
15,"Buffet ",29,23,4.6,"electric_scooter",2,"No","Semi-Urban","Windy","Jam ",1,"N",15
26,"Meal ",25,17,4.7,"motorcycle",1,"No","Metropolitan","Stormy","Jam ",1,"N",15
44,"Snack ",24,22,4.7,"scooter",2,"No","Metropolitan","Cloudy","Jam ",1,"Y",15
24,"Snack ",22,9,4.7,"motorcycle",1,"No","Metropolitan","Sunny","Low ",0,"Y",5
27,"Meal ",24,21,4.8,"electric_scooter",2,"No","Metropolitan","Fog","High ",1,"N",15
19,"Drinks ",37,2,4.9,"scooter",1,"No","Urban","Sunny","Jam",1,"N",15
45,"Drinks ",29,13,3.9,"motorcycle",0,"Yes","Metropolitan","Sunny","High ",1,"Y",15
23,"Drinks ",37,13,5,"motorcycle",0,"No","Semi-Urban","Cloudy","Low ",0,"N",10
29,"Meal ",22,23,4.8,"motorcycle",0,"No","Semi-Urban","Cloudy","Medium",1,"N",10
30,"Meal ",27,23,4.8,"motorcycle",1,"No","Urban","Stormy","Medium",1,"N",15
47,"Snack ",38,6,4.2,"motorcycle",0,"No","Urban","Windy","Medium",3,"N",5
23,"Buffet ",26,3,4.6,"motorcycle",0,"No","Metropolitan","Stormy","Low ",1,"N",5
27,"Meal ",22,19,4.8,"motorcycle",0,"No","Semi-Urban","Stormy","Medium",1,"N",5
21,"Meal ",36,22,4.7,"motorcycle",2,"No","Urban","Stormy","Jam",0,"N",10
25,"Buffet ",20,21,4.8,"scooter",0,"No","Semi-Urban","Sandstorms","Jam ",1,"Y",15
45,"Drinks ",21,3,4.6,"electric_scooter",0,"No","Metropolitan","Stormy","Medium",2,"Y",5
48,"Snack ",25,21,4.9,"electric_scooter",0,"Yes","Semi-Urban","Fog","Medium",1,"Y",10
30,"Meal ",27,13,4.1,"motorcycle",0,"No","Metropolitan","Sandstorms","Low ",1,"N",10
21,"Buffet ",39,14,4.6,"electric_scooter",2,"No","Metropolitan","Cloudy","High ",1,"N",15
18,"Meal ",24,14,4.9,"scooter",1,"No","Urban","Cloudy","Medium",0,"N",10
35,"Buffet ",21,4,4.6,"motorcycle",0,"No","Urban","Sandstorms","Medium",1,"Y",5
16,"Buffet ",34,19,4.7,"scooter",2,"No","Metropolitan","Sandstorms","Low ",1,"N",5
23,"Meal ",27,19,5,"scooter",1,"No","Metropolitan","Windy","Jam ",1,"N",10
32,"Drinks ",39,19,4.9,"scooter",2,"No","Metropolitan","Windy","High ",0,"Y",15
30,"Meal ",27,23,5,"motorcycle",0,"No","Metropolitan","Windy","Jam ",0,"N",15
36,"Snack ",22,7,4.5,"motorcycle",2,"No","Metropolitan","Sandstorms","Jam ",0,"N",5
36,"Snack ",33,9,4.9,"motorcycle",0,"No","Urban","Windy","High ",1,"N",15
20,"Snack ",28,12,4.7,"scooter",0,"No","Metropolitan","Cloudy","Low ",0,"N",5
18,"Meal ",36,23,4.7,"motorcycle",2,"No","Metropolitan","Stormy","Jam ",1,"N",5
43,"Drinks ",34,18,4.3,"motorcycle",0,"No","Metropolitan","Windy","Medium",0,"Y",5
19,"Drinks ",39,15,4.6,"motorcycle",0,"No","Metropolitan","Stormy","Medium",1,"Y",15
22,"Snack ",33,23,4.6,"scooter",0,"No","Metropolitan","Cloudy","Low ",0,"Y",15
21,"Buffet ",32,7,5,"electric_scooter",2,"No","Metropolitan","Windy","Low ",1,"N",10
38,"Buffet ",24,11,4.8,"electric_scooter",0,"No","Metropolitan","Stormy","High ",1,"N",10
22,"Buffet ",20,22,4.8,"scooter",1,"No","Urban","Sandstorms","Low",0,"N",15
14,"Buffet ",35,9,4.5,"motorcycle",0,"No","Metropolitan","Sunny","Low ",1,"N",10
24,"Buffet ",24,19,5,"motorcycle",0,"No","Metropolitan","Sandstorms","Low",0,"N",5
20,"Meal ",24,23,4.8,"scooter",2,"No","Metropolitan","Windy","Low ",1,"Y",5
43,"Drinks ",24,14,4.9,"scooter",2,"No","Metropolitan","Fog","Jam ",1,"N",15
19,"Buffet ",26,19,4.8,"electric_scooter",2,"No","Metropolitan","Sunny","Jam ",1,"N",10
25,"Buffet ",25,7,4.5,"motorcycle",0,"No","Semi-Urban","Sandstorms","Jam ",1,"N",15
20,"Drinks ",22,5,4.8,"scooter",1,"No","Semi-Urban","Sunny","Jam ",1,"N",10
20,"Buffet ",27,23,4.6,"motorcycle",1,"No","Metropolitan","Sunny","Jam ",1,"Y",5
25,"Buffet ",24,8,5,"scooter",1,"No","Metropolitan","Stormy","Low ",0,"N",15
26,"Buffet ",37,23,5,"scooter",2,"No","Metropolitan","Sunny","Low ",0,"Y",5
39,"Buffet ",38,2,4.7,"motorcycle",2,"No","Metropolitan","Fog","High ",2,"N",10
39,"Drinks ",37,6,5,"motorcycle",0,"No","Semi-Urban","Windy","Medium",1,"N",10
33,"Meal ",36,11,4.2,"electric_scooter",0,"No","Metropolitan","Fog","High ",0,"N",15
27,"Drinks ",29,1,4.5,"motorcycle",0,"No","Metropolitan","Windy","Low ",1,"N",5
50,"Snack ",21,13,4.5,"motorcycle",0,"Yes","Metropolitan","Fog","Jam ",1,"Y",15
28,"Meal ",21,15,4.8,"motorcycle",1,"No","Urban","Cloudy","Low ",0,"Y",5
16,"Meal ",20,22,4.7,"scooter",2,"No","Metropolitan","Cloudy","Low ",0,"N",10
24,"Snack ",26,21,4.6,"motorcycle",0,"No","Metropolitan","Cloudy","Low ",1,"N",30
29,"Snack ",23,1,4.5,"motorcycle",0,"No","Metropolitan","Fog","Medium",1,"N",5
17,"Buffet ",24,4,4.6,"electric_scooter",2,"No","Metropolitan","Windy","Low ",0,"Y",10
23,"Meal ",36,3,4.5,"motorcycle",0,"No","Metropolitan","Sandstorms","Jam ",1,"N",10
23,"Meal ",32,19,4.6,"scooter",2,"No","Urban","Sandstorms","Low",1,"N",10
30,"Meal ",38,18,4.8,"electric_scooter",2,"No","Metropolitan","Fog","Jam ",1,"N",5
27,"Snack ",34,8,4.8,"electric_scooter",1,"No","Metropolitan","Stormy","Medium",0,"Y",15
43,"Meal ",34,19,5,"scooter",1,"No","Metropolitan","Cloudy","Medium",1,"N",15
10,"Snack ",29,8,5,"motorcycle",1,"No","Semi-Urban","Stormy","Low ",0,"N",5
11,"Snack ",35,23,4.6,"electric_scooter",1,"No","Metropolitan","Windy","Low ",0,"N",5
20,"Meal ",33,23,4.9,"motorcycle",2,"No","Metropolitan","Fog","Jam ",1,"N",15
32,"Drinks ",26,12,4.3,"motorcycle",2,"No","Urban","Cloudy","Jam ",0,"N",5
17,"Snack ",38,17,5,"motorcycle",1,"No","Semi-Urban","Sunny","Low ",1,"N",5
15,"Buffet ",27,21,4.8,"motorcycle",2,"No","Metropolitan","Fog","Low ",1,"N",10
11,"Buffet ",31,13,4.6,"motorcycle",1,"No","Metropolitan","Sandstorms","High ",0,"N",5
18,"Meal ",27,23,4.7,"motorcycle",2,"No","Urban","Sandstorms","Jam",1,"Y",10
20,"Drinks ",26,18,4.7,"scooter",2,"No","Metropolitan","Windy","Jam ",1,"Y",10
42,"Snack ",20,3,4,"scooter",1,"No","Semi-Urban","Cloudy","Jam ",0,"Y",15
25,"Meal ",20,7,4.8,"scooter",1,"No","Metropolitan","Sandstorms","Medium",1,"Y",15
27,"Drinks ",27,15,4.7,"scooter",0,"No","Urban","Windy","Medium",1,"N",10
32,"Drinks ",34,16,4.4,"motorcycle",1,"No","Urban","Sunny","Jam ",1,"N",15
27,"Snack ",34,23,4.7,"scooter",2,"No","Metropolitan","Windy","Jam ",1,"Y",10
31,"Meal ",31,13,3.6,"scooter",2,"No","Urban","Sunny","Jam ",1,"N",5
26,"Buffet ",32,4,5,"scooter",2,"No","Metropolitan","Stormy","Low ",1,"N",15
35,"Snack ",37,3,4.3,"electric_scooter",0,"No","Urban","Sandstorms","Jam",0,"N",10
22,"Meal ",37,6,4.5,"motorcycle",1,"No","Metropolitan","Windy","Jam ",1,"Y",15
24,"Snack ",20,5,4.6,"scooter",2,"No","Metropolitan","Stormy","Low ",1,"N",15
28,"Meal ",28,12,4.5,"motorcycle",0,"No","Urban","Cloudy","Low ",1,"Y",10
16,"Drinks ",22,9,4.5,"electric_scooter",2,"No","Metropolitan","Sandstorms","Low ",1,"N",10
15,"Meal ",39,3,4.5,"electric_scooter",2,"No","Urban","Sunny","Jam",1,"N",10
30,"Buffet ",37,13,4.5,"scooter",2,"No","Metropolitan","Cloudy","Medium",0,"Y",5
39,"Drinks ",39,3,3.7,"electric_scooter",1,"No","Metropolitan","Fog","Low ",1,"N",5
29,"Buffet ",36,4,4.7,"scooter",2,"No","Metropolitan","Stormy","Jam ",1,"N",5
25,"Drinks ",31,19,4.8,"scooter",1,"No","Metropolitan","Sandstorms","Medium",0,"N",5
35,"Snack ",33,13,4.4,"scooter",2,"No","Semi-Urban","Fog","Low ",1,"N",20
12,"Meal ",24,16,4.9,"electric_scooter",0,"No","Metropolitan","Sunny","Low ",0,"N",10
25,"Buffet ",25,19,4.9,"electric_scooter",0,"No","Metropolitan","Windy","Medium",1,"N",5
25,"Drinks ",32,13,4.9,"electric_scooter",2,"No","Metropolitan","Fog","Low ",0,"N",15
28,"Drinks ",21,8,4.1,"motorcycle",0,"No","Metropolitan","Windy","Low ",1,"N",10
35,"Snack ",20,9,4.6,"scooter",1,"No","Urban","Fog","Jam ",1,"N",10
18,"Drinks ",29,2,4.6,"motorcycle",1,"No","Metropolitan","Fog","Medium",1,"N",10
27,"Buffet ",25,5,4.5,"motorcycle",2,"No","Metropolitan","Fog","High ",1,"N",15
28,"Drinks ",29,23,5,"motorcycle",2,"No","Metropolitan","Windy","Medium",1,"N",5
31,"Buffet ",24,9,4.1,"motorcycle",0,"No","Urban","Stormy","Low ",1,"N",10
16,"Drinks ",33,18,4.7,"scooter",2,"No","Urban","Stormy","Low",0,"N",10
30,"Snack ",32,23,4.6,"motorcycle",1,"No","Metropolitan","Cloudy","Jam ",0,"Y",15
39,"Snack ",39,13,3.9,"electric_scooter",1,"No","Semi-Urban","Stormy","Jam ",0,"N",10
28,"Drinks ",38,16,4.5,"motorcycle",2,"No","Urban","Windy","Medium",1,"N",15
21,"Drinks ",33,17,4.7,"electric_scooter",1,"No","Metropolitan","Windy","Jam ",1,"N",10
26,"Meal ",20,3,4.9,"scooter",1,"No","Metropolitan","Windy","Low ",1,"N",15
23,"Drinks ",30,23,4.5,"motorcycle",1,"No","Metropolitan","Sunny","Jam ",0,"Y",15
38,"Snack ",34,16,4.8,"scooter",1,"No","Urban","Stormy","Medium",2,"Y",10
21,"Buffet ",29,12,4.5,"motorcycle",2,"No","Metropolitan","Windy","Low ",1,"Y",15
28,"Meal ",30,5,4.9,"electric_scooter",2,"No","Semi-Urban","Sandstorms","Jam ",1,"Y",15
31,"Drinks ",28,6,3.5,"motorcycle",2,"No","Metropolitan","Windy","Jam ",0,"Y",15
18,"Snack ",31,23,4.9,"scooter",2,"No","Semi-Urban","Fog","Medium",0,"Y",15
48,"Meal ",26,8,4.6,"scooter",1,"No","Metropolitan","Fog","Jam ",1,"N",5
32,"Meal ",35,2,4.1,"motorcycle",2,"No","Urban","Sandstorms","Jam",1,"N",10
18,"Meal ",24,15,4.9,"motorcycle",2,"No","Metropolitan","Fog","Low ",1,"N",10
20,"Snack ",37,13,4.6,"motorcycle",2,"No","Metropolitan","Cloudy","Low ",1,"Y",30
29,"Snack ",23,22,4.9,"scooter",1,"No","Metropolitan","Windy","Jam ",0,"N",10
21,"Buffet ",20,18,4.7,"motorcycle",0,"No","Semi-Urban","Windy","Low",0,"N",15
19,"Buffet ",30,21,4.7,"motorcycle",1,"No","Metropolitan","Sunny","Low ",1,"Y",10
26,"Buffet ",37,23,4.7,"scooter",1,"No","Semi-Urban","Windy","Medium",1,"N",10
15,"Meal ",32,22,4.7,"motorcycle",0,"No","Semi-Urban","Sandstorms","Medium",1,"Y",10
12,"Snack ",21,9,4.9,"electric_scooter",2,"No","Metropolitan","Stormy","Low ",1,"N",10
13,"Drinks ",33,21,4.6,"electric_scooter",2,"No","Urban","Sandstorms","Low",0,"Y",15
13,"Drinks ",21,16,4.7,"scooter",1,"No","Urban","Sunny","Medium",0,"N",10
23,"Snack ",32,23,4.6,"scooter",2,"No","Urban","Windy","Jam",0,"N",10
21,"Snack ",29,21,4.9,"motorcycle",1,"No","Metropolitan","Stormy","Jam ",1,"N",15
36,"Buffet ",37,23,4.7,"scooter",1,"No","Metropolitan","Fog","Jam ",1,"N",15
28,"Meal ",38,4,4.9,"scooter",1,"No","Metropolitan","Fog","Jam",1,"N",10
36,"Drinks ",21,2,4.3,"scooter",0,"No","Metropolitan","Stormy","Medium",0,"N",15
30,"Drinks ",23,19,4.8,"motorcycle",0,"No","Metropolitan","Fog","Medium",1,"Y",5
23,"Buffet ",33,8,4.6,"motorcycle",2,"No","Metropolitan","Fog","Medium",1,"N",15
19,"Snack ",34,3,4.8,"electric_scooter",2,"No","Urban","Stormy","Low ",1,"Y",5
43,"Buffet ",32,15,5,"motorcycle",0,"Yes","Metropolitan","Sunny","Jam ",1,"Y",10
28,"Drinks ",31,16,4.7,"scooter",0,"No","Urban","Cloudy","Jam",0,"N",15
32,"Buffet ",30,10,4,"motorcycle",1,"No","Urban","Sandstorms","Jam ",1,"N",5
32,"Meal ",20,19,4.9,"scooter",2,"No","Urban","Stormy","Jam",1,"N",10
23,"Buffet ",39,9,4.6,"scooter",1,"No","Metropolitan","Windy","Jam ",1,"N",15
18,"Buffet ",28,19,4.8,"scooter",2,"No","Metropolitan","Windy","Medium",1,"N",10
30,"Snack ",30,15,4.5,"scooter",2,"No","Urban","Fog","Jam ",1,"Y",5
16,"Snack ",38,21,4.8,"electric_scooter",2,"No","Urban","Cloudy","Low ",1,"N",15
16,"Snack ",21,23,4.9,"scooter",1,"No","Semi-Urban","Cloudy","Medium",1,"N",5
37,"Meal ",35,22,3.5,"scooter",2,"No","Urban","Stormy","Medium",1,"N",10
19,"Meal ",21,21,4.7,"scooter",1,"No","Urban","Cloudy","Medium",1,"N",10
45,"Buffet ",30,23,5,"motorcycle",0,"No","Metropolitan","Sandstorms","Medium",0,"Y",10
20,"Drinks ",27,12,4.7,"electric_scooter",2,"No","Metropolitan","Sunny","Low ",1,"Y",5
17,"Meal ",35,18,5,"scooter",2,"No","Semi-Urban","Stormy","Low ",0,"Y",5
27,"Meal ",24,4,4.8,"motorcycle",1,"No","Urban","Stormy","Low",1,"N",15
42,"Drinks ",22,3,4.7,"electric_scooter",0,"No","Urban","Fog","Low ",1,"N",5
31,"Meal ",23,21,4.8,"electric_scooter",1,"No","Urban","Windy","Jam",1,"N",15
33,"Meal ",20,16,3.5,"motorcycle",1,"No","Urban","Sandstorms","Medium",1,"N",5
33,"Drinks ",24,2,5,"electric_scooter",1,"No","Metropolitan","Windy","High ",1,"Y",5
32,"Meal ",29,4,4.3,"electric_scooter",1,"No","Metropolitan","Stormy","Jam ",1,"N",5
19,"Snack ",26,9,4.6,"motorcycle",2,"No","Metropolitan","Sandstorms","Jam ",0,"N",15
17,"Buffet ",22,3,4.8,"electric_scooter",2,"No","Metropolitan","Sunny","Low ",1,"N",10
28,"Drinks ",37,21,4.6,"motorcycle",1,"No","Semi-Urban","Sandstorms","Low ",1,"N",10
15,"Drinks ",33,21,4.4,"motorcycle",0,"No","Semi-Urban","Windy","Low ",0,"N",15
35,"Drinks ",37,17,4.7,"motorcycle",0,"No","Urban","Fog","Medium",1,"Y",15
25,"Meal ",30,16,4.6,"motorcycle",0,"No","Metropolitan","Windy","Jam ",0,"N",15
19,"Drinks ",24,19,4.6,"scooter",2,"No","Urban","Windy","Low",1,"N",5
34,"Snack ",22,12,4,"electric_scooter",2,"No","Semi-Urban","Sandstorms","High ",0,"N",10
20,"Snack ",20,4,4.7,"motorcycle",0,"No","Metropolitan","Stormy","Low ",1,"N",15
26,"Drinks ",20,23,4.7,"scooter",2,"No","Semi-Urban","Stormy","Jam ",1,"Y",10
15,"Snack ",34,23,4.7,"motorcycle",0,"No","Semi-Urban","Fog","Low",0,"Y",10
43,"Drinks ",26,6,3.6,"scooter",1,"No","Urban","Sandstorms","Jam ",1,"Y",5
33,"Drinks ",31,2,4.2,"motorcycle",0,"No","Metropolitan","Stormy","Low ",1,"N",5
31,"Drinks ",20,14,4.3,"motorcycle",1,"No","Urban","Fog","High ",1,"N",10
26,"Drinks ",26,19,4.4,"motorcycle",0,"No","Urban","Windy","Low ",1,"Y",10
37,"Drinks ",33,1,5,"motorcycle",0,"No","Metropolitan","Cloudy","Jam ",1,"N",10
27,"Meal ",31,7,4.6,"motorcycle",0,"No","Metropolitan","Windy","Low ",1,"N",15
17,"Buffet ",26,21,4.7,"electric_scooter",2,"No","Urban","Sunny","Low",1,"N",15
38,"Meal ",23,9,4.3,"motorcycle",0,"No","Metropolitan","Stormy","Jam ",1,"N",5
22,"Meal ",20,22,4.7,"electric_scooter",0,"No","Urban","Sunny","Medium",1,"N",10
22,"Meal ",33,9,4.8,"motorcycle",1,"No","Metropolitan","Sunny","Jam ",1,"N",15
21,"Drinks ",33,17,5,"motorcycle",1,"No","Urban","Fog","Low ",1,"Y",15
24,"Snack ",20,15,4.9,"motorcycle",1,"No","Semi-Urban","Sunny","Jam",1,"Y",15
20,"Meal ",32,22,4.8,"motorcycle",0,"No","Metropolitan","Fog","Low ",1,"Y",5
36,"Buffet ",39,8,4.2,"motorcycle",2,"No","Metropolitan","Fog","Low ",1,"N",20
43,"Snack ",30,13,3.6,"scooter",2,"No","Metropolitan","Stormy","Jam ",1,"N",15
27,"Buffet ",35,6,4.6,"scooter",2,"No","Metropolitan","Sandstorms","Low ",1,"Y",10
21,"Meal ",21,13,4.9,"scooter",2,"No","Urban","Sunny","Jam ",0,"N",5
43,"Drinks ",39,8,3.4,"scooter",1,"Yes","Semi-Urban","Sunny","Low ",1,"Y",5
27,"Snack ",31,19,4.9,"electric_scooter",2,"No","Metropolitan","Windy","Medium",0,"N",5
34,"Buffet ",26,8,4.3,"electric_scooter",0,"No","Metropolitan","Windy","Jam ",0,"N",15
33,"Meal ",39,16,4.4,"motorcycle",2,"No","Metropolitan","Windy","Jam ",1,"N",10
33,"Drinks ",39,13,4.8,"scooter",1,"No","Semi-Urban","Sandstorms","High ",1,"N",10
16,"Drinks ",36,2,4.5,"scooter",1,"No","Urban","Sunny","Jam",0,"N",10
43,"Snack ",38,2,4.4,"scooter",2,"Yes","Semi-Urban","Fog","Jam ",0,"N",15
11,"Buffet ",33,23,5,"electric_scooter",1,"No","Metropolitan","Cloudy","Low ",1,"N",10
34,"Drinks ",27,2,4.2,"motorcycle",0,"No","Urban","Windy","Jam",1,"Y",10
22,"Meal ",34,21,4.9,"motorcycle",2,"No","Metropolitan","Sunny","Medium",1,"N",15
33,"Drinks ",34,17,4.6,"scooter",1,"No","Metropolitan","Stormy","High",1,"Y",10
43,"Snack ",30,13,3.6,"scooter",2,"No","Metropolitan","Stormy","Jam ",1,"N",15
23,"Snack ",23,23,4.2,"motorcycle",0,"No","Metropolitan","Stormy","Low ",1,"N",10
32,"Buffet ",27,5,4.2,"motorcycle",1,"No","Metropolitan","Stormy","Jam ",1,"N",5
30,"Drinks ",21,9,4.9,"scooter",2,"No","Metropolitan","Windy","Jam ",1,"N",5
29,"Buffet ",33,2,4.7,"motorcycle",0,"No","Urban","Fog","Jam ",1,"N",10
53,"Snack ",21,1,4.4,"motorcycle",0,"No","Metropolitan","Stormy","Jam ",1,"N",10
37,"Meal ",22,8,4.1,"electric_scooter",2,"No","Semi-Urban","Fog","Jam ",1,"N",10
19,"Meal ",34,23,5,"electric_scooter",1,"No","Semi-Urban","Sunny","Jam ",0,"N",5
37,"Buffet ",33,21,4.6,"scooter",2,"No","Semi-Urban","Cloudy","Jam ",0,"Y",15
14,"Drinks ",31,19,4.5,"scooter",2,"No","Semi-Urban","Cloudy","Low ",1,"Y",5
29,"Meal ",37,5,5,"scooter",0,"No","Metropolitan","Fog","Low ",1,"N",20
27,"Snack ",30,13,4.8,"motorcycle",0,"No","Urban","Sunny","High ",0,"N",15
37,"Drinks ",34,12,4.8,"scooter",1,"No","Metropolitan","Fog","Jam ",1,"N",10
44,"Drinks ",29,1,4.8,"motorcycle",0,"No","Urban","Windy","Jam ",1,"N",5
34,"Buffet ",20,2,4.7,"scooter",2,"No","Metropolitan","Fog","High ",1,"N",10
17,"Buffet ",30,16,4.9,"scooter",2,"No","Urban","Sunny","Medium",0,"Y",5
13,"Snack ",32,12,5,"scooter",1,"No","Metropolitan","Sandstorms","Low ",0,"N",25
10,"Meal ",37,15,4.6,"scooter",1,"No","Urban","Sandstorms","Low",1,"N",10
39,"Buffet ",37,3,4.8,"electric_scooter",1,"Yes","Semi-Urban","Fog","Medium",0,"N",10
29,"Buffet ",38,21,4.9,"motorcycle",0,"No","Semi-Urban","Stormy","Jam ",1,"N",10
34,"Drinks ",26,6,4.8,"electric_scooter",1,"No","Metropolitan","Stormy","Jam ",2,"Y",10
29,"Snack ",37,3,4.9,"electric_scooter",2,"No","Urban","Sandstorms","Medium",1,"N",10
22,"Meal ",35,19,5,"motorcycle",0,"No","Metropolitan","Fog","Low ",1,"N",10
25,"Meal ",27,9,4.5,"motorcycle",0,"No","Semi-Urban","Cloudy","Jam ",1,"N",5
41,"Meal ",23,15,3.5,"scooter",1,"No","Metropolitan","Stormy","Jam ",1,"N",10
26,"Meal ",34,13,4.6,"scooter",2,"No","Urban","Windy","Medium",1,"N",5
31,"Meal ",20,5,4.1,"scooter",1,"No","Urban","Cloudy","Jam",1,"N",15
31,"Snack ",21,6,4.4,"scooter",0,"No","Metropolitan","Cloudy","Medium",0,"N",10
28,"Snack ",29,19,4.5,"scooter",1,"No","Semi-Urban","Stormy","Low ",1,"N",5
32,"Snack ",22,3,4.2,"motorcycle",2,"No","Metropolitan","Fog","Jam",0,"N",10
38,"Drinks ",38,15,4.4,"motorcycle",0,"No","Metropolitan","Windy","High ",1,"N",5
27,"Drinks ",20,16,4.8,"scooter",1,"No","Metropolitan","Windy","Medium",0,"N",10
36,"Drinks ",21,22,5,"motorcycle",0,"No","Urban","Sandstorms","Medium",1,"N",15
16,"Snack ",28,23,4.6,"scooter",2,"No","Urban","Cloudy","Medium",1,"Y",5
17,"Drinks ",22,4,4.7,"motorcycle",0,"No","Urban","Sunny","Medium",1,"N",10
26,"Meal ",36,12,4.8,"electric_scooter",1,"No","Metropolitan","Cloudy","Jam ",0,"N",15
27,"Snack ",28,17,4.7,"scooter",0,"No","Urban","Cloudy","Jam",1,"Y",15
26,"Drinks ",27,21,4.6,"scooter",1,"No","Urban","Sandstorms","Jam ",1,"Y",5
43,"Snack ",33,15,4.3,"electric_scooter",2,"No","Metropolitan","Windy","Jam ",2,"N",15
25,"Meal ",30,23,4.5,"scooter",1,"No","Metropolitan","Windy","Low ",1,"N",20
25,"Drinks ",38,16,4.9,"motorcycle",2,"No","Metropolitan","Sandstorms","Jam ",0,"N",5
11,"Drinks ",20,22,4.9,"motorcycle",1,"No","Urban","Sunny","Medium",0,"Y",15
22,"Meal ",27,16,5,"electric_scooter",0,"No","Metropolitan","Fog","Low ",0,"Y",15
23,"Meal ",38,11,4.1,"motorcycle",0,"No","Metropolitan","Sandstorms","Low ",1,"N",15
18,"Snack ",31,21,4.7,"electric_scooter",2,"No","Metropolitan","Fog","Medium",0,"N",10
25,"Snack ",23,15,4.6,"scooter",1,"No","Metropolitan","Sunny","Medium",0,"N",5
27,"Snack ",33,12,4.6,"motorcycle",1,"No","Metropolitan","Stormy","Low ",1,"N",15
18,"Buffet ",38,9,4.8,"scooter",2,"No","Urban","Sunny","Low ",0,"N",5
12,"Meal ",25,15,4.9,"electric_scooter",1,"No","Urban","Stormy","High ",0,"Y",5
33,"Buffet ",22,16,4.6,"scooter",0,"No","Metropolitan","Windy","Jam ",1,"N",10
49,"Buffet ",31,4,4.4,"scooter",0,"No","Urban","Sunny","High",3,"N",5
20,"Snack ",20,12,4.7,"scooter",0,"No","Metropolitan","Windy","Low ",1,"N",10
26,"Buffet ",39,8,4.7,"scooter",1,"No","Metropolitan","Fog","High ",0,"N",15
24,"Meal ",37,23,4.7,"scooter",1,"No","Metropolitan","Fog","Low ",1,"N",10
18,"Drinks ",33,18,4.9,"motorcycle",2,"No","Metropolitan","Sunny","High ",0,"Y",5
20,"Meal ",25,19,4.6,"motorcycle",2,"No","Urban","Windy","Medium",1,"N",5
26,"Meal ",21,15,4.7,"scooter",1,"No","Urban","Sunny","High ",1,"Y",15
17,"Meal ",36,23,4.9,"motorcycle",1,"No","Metropolitan","Fog","Low ",1,"N",15
38,"Meal ",23,1,4.9,"electric_scooter",0,"No","Metropolitan","Cloudy","Jam ",1,"N",15
23,"Buffet ",39,15,4.9,"motorcycle",2,"No","Urban","Windy","Medium",1,"N",15
14,"Drinks ",23,17,5,"scooter",2,"No","Urban","Sandstorms","Low ",1,"Y",15
19,"Snack ",33,23,4.9,"motorcycle",1,"No","Metropolitan","Stormy","Medium",1,"N",15
15,"Drinks ",23,7,4.8,"electric_scooter",1,"No","Metropolitan","Stormy","Medium",0,"N",5
25,"Snack ",30,9,4.3,"electric_scooter",0,"No","Metropolitan","Sandstorms","Low ",1,"N",15
44,"Snack ",20,6,4.6,"motorcycle",0,"No","Metropolitan","Stormy","Medium",3,"N",10
28,"Snack ",26,13,4.9,"scooter",1,"No","Semi-Urban","Stormy","Jam ",1,"Y",10
15,"Meal ",35,1,4.5,"motorcycle",1,"No","Metropolitan","Sunny","Medium",1,"Y",10
30,"Snack ",33,3,4.7,"motorcycle",2,"No","Metropolitan","Windy","Medium",1,"Y",5
15,"Meal ",39,21,4.9,"scooter",2,"No","Metropolitan","Fog","Low ",1,"N",15
32,"Meal ",29,1,4.6,"scooter",2,"No","Metropolitan","Windy","Jam ",1,"N",15
29,"Meal ",26,1,4.6,"scooter",2,"No","Metropolitan","Cloudy","High ",1,"N",5
15,"Drinks ",32,19,4.6,"motorcycle",0,"No","Urban","Sunny","Low",1,"N",10
17,"Buffet ",32,23,5,"scooter",2,"No","Semi-Urban","Sunny","High ",0,"Y",5
17,"Buffet ",33,14,4.6,"electric_scooter",1,"No","Metropolitan","Fog","Low ",1,"N",5
37,"Snack ",28,1,4.4,"electric_scooter",2,"No","Urban","Sandstorms","Jam ",1,"N",10
42,"Snack ",20,6,4.9,"motorcycle",0,"No","Metropolitan","Fog","Jam ",0,"N",5
11,"Buffet ",23,18,4.8,"electric_scooter",2,"No","Semi-Urban","Windy","Low ",0,"N",15
23,"Drinks ",31,2,4.7,"motorcycle",1,"No","Semi-Urban","Sandstorms","High ",1,"N",10
21,"Snack ",39,18,4.8,"motorcycle",1,"No","Urban","Cloudy","Low",1,"N",15
27,"Meal ",25,22,5,"electric_scooter",2,"No","Urban","Fog","Jam",1,"N",5
25,"Drinks ",35,21,4.9,"motorcycle",0,"No","Urban","Sunny","High",1,"N",5
24,"Drinks ",37,4,4.5,"scooter",2,"No","Urban","Cloudy","Low",1,"N",5
15,"Meal ",33,23,4.8,"electric_scooter",2,"No","Metropolitan","Cloudy","Medium",1,"N",15
14,"Buffet ",32,23,4.6,"motorcycle",2,"No","Metropolitan","Cloudy","Low ",0,"Y",20
13,"Drinks ",35,19,4.6,"scooter",1,"No","Metropolitan","Fog","Low ",0,"Y",10
31,"Buffet ",34,21,4.9,"motorcycle",0,"No","Metropolitan","Windy","High ",0,"N",5
13,"Meal ",36,5,4.6,"electric_scooter",1,"No","Semi-Urban","Stormy","Jam ",1,"N",5
21,"Buffet ",35,5,4.9,"motorcycle",1,"No","Semi-Urban","Sunny","Jam ",0,"N",5
26,"Snack ",39,12,4.8,"motorcycle",1,"No","Semi-Urban","Sandstorms","High ",0,"Y",15
16,"Buffet ",36,13,4.9,"scooter",2,"No","Semi-Urban","Fog","Low ",0,"N",15
16,"Snack ",24,12,4.8,"motorcycle",2,"No","Metropolitan","Sunny","High ",1,"N",10
44,"Buffet ",22,16,4.6,"motorcycle",1,"No","Metropolitan","Cloudy","Jam ",1,"N",15
32,"Drinks ",20,19,4.3,"scooter",2,"No","Urban","Stormy","Jam",1,"N",5
28,"Meal ",28,13,4.7,"motorcycle",2,"No","Metropolitan","Sunny","Low ",0,"N",10
17,"Buffet ",32,6,4.6,"motorcycle",2,"No","Metropolitan","Fog","Medium",1,"N",10
37,"Buffet ",22,1,4.3,"scooter",2,"No","Semi-Urban","Stormy","Medium",1,"N",15
27,"Snack ",34,18,4.6,"scooter",1,"No","Metropolitan","Sandstorms","Low ",1,"N",5
10,"Meal ",30,18,4.7,"electric_scooter",1,"No","Urban","Cloudy","Medium",0,"Y",5
22,"Buffet ",22,9,4.9,"motorcycle",2,"No","Semi-Urban","Cloudy","Low ",0,"N",10
14,"Buffet ",34,17,5,"electric_scooter",0,"No","Metropolitan","Sunny","Low",0,"N",10
39,"Meal ",26,13,4,"electric_scooter",0,"No","Semi-Urban","Stormy","Jam ",1,"N",15
15,"Snack ",38,8,4.8,"scooter",1,"No","Metropolitan","Sandstorms","Low ",1,"N",15
33,"Snack ",25,8,4.4,"motorcycle",2,"No","Metropolitan","Fog","Jam ",1,"N",5
12,"Drinks ",30,18,4.7,"scooter",2,"No","Metropolitan","Sunny","Jam ",1,"N",5
26,"Snack ",21,23,4.8,"scooter",2,"No","Metropolitan","Windy","Low ",1,"N",15
19,"Drinks ",35,12,4.8,"scooter",2,"No","Urban","Windy","Low ",1,"Y",15
18,"Drinks ",35,15,4.9,"scooter",2,"No","Metropolitan","Stormy","Low ",0,"N",5
29,"Buffet ",33,9,4.8,"electric_scooter",1,"No","Urban","Stormy","High ",1,"N",10
14,"Drinks ",31,3,4.5,"electric_scooter",2,"No","Urban","Sandstorms","Low",0,"Y",5
42,"Drinks ",23,1,4.1,"motorcycle",0,"No","Urban","Sandstorms","Jam",1,"N",5
32,"Drinks ",27,4,4.6,"electric_scooter",0,"No","Urban","Fog","Jam ",1,"Y",10
45,"Buffet ",29,6,4.7,"electric_scooter",2,"Yes","Metropolitan","Fog","Jam ",0,"Y",5
36,"Meal ",38,13,4,"electric_scooter",2,"No","Metropolitan","Cloudy","Jam ",2,"N",5
34,"Meal ",25,4,3.6,"motorcycle",1,"No","Urban","Stormy","Medium",1,"N",10
18,"Buffet ",35,9,4.7,"scooter",1,"No","Urban","Fog","Low ",0,"N",10
12,"Snack ",31,16,4.7,"electric_scooter",2,"No","Metropolitan","Sunny","Jam ",0,"N",5
17,"Buffet ",36,15,4.6,"motorcycle",1,"No","Metropolitan","Sandstorms","Low ",0,"Y",5
16,"Snack ",27,18,4.8,"electric_scooter",2,"No","Urban","Stormy","Low",0,"N",15
33,"Meal ",32,1,3.5,"scooter",2,"No","Metropolitan","Sandstorms","Medium",1,"N",5
26,"Buffet ",35,19,5,"motorcycle",1,"No","Urban","Fog","Jam ",1,"N",15
12,"Drinks ",36,18,4.8,"scooter",1,"No","Semi-Urban","Sandstorms","Low ",0,"Y",10
24,"Snack ",27,15,4.9,"scooter",2,"No","Urban","Sunny","High",0,"Y",15
12,"Meal ",20,19,4.7,"scooter",2,"No","Metropolitan","Sandstorms","Low",0,"N",10
21,"Meal ",24,18,4.7,"scooter",2,"No","Metropolitan","Sandstorms","Medium",1,"N",15
23,"Snack ",24,19,4.9,"electric_scooter",2,"No","Metropolitan","Fog","High ",0,"N",5
37,"Snack ",23,6,3.5,"motorcycle",2,"No","Urban","Cloudy","Low ",0,"N",10
15,"Meal ",28,5,4.6,"scooter",1,"No","Metropolitan","Sandstorms","Medium",1,"N",15
34,"Meal ",33,6,4.4,"motorcycle",0,"No","Metropolitan","Stormy","Medium",1,"N",5
22,"Buffet ",39,21,4.6,"motorcycle",0,"No","Urban","Fog","Jam ",1,"N",5
26,"Buffet ",32,23,4.6,"scooter",0,"No","Urban","Fog","Low ",0,"Y",5
10,"Snack ",38,9,4.9,"electric_scooter",2,"No","Metropolitan","Windy","Low ",0,"Y",15
28,"Meal ",38,14,4.8,"motorcycle",1,"No","Metropolitan","Sandstorms","High ",1,"N",10
27,"Snack ",31,9,5,"motorcycle",1,"No","Metropolitan","Fog","Jam ",1,"N",10
10,"Drinks ",31,22,4.7,"motorcycle",2,"No","Metropolitan","Windy","Low ",1,"N",10
24,"Meal ",27,5,4.6,"scooter",1,"No","Metropolitan","Fog","High ",1,"N",5
28,"Meal ",21,1,4.7,"motorcycle",2,"No","Metropolitan","Sandstorms","Jam ",1,"N",15
28,"Snack ",21,22,5,"electric_scooter",1,"No","Semi-Urban","Windy","Low ",1,"N",10
21,"Drinks ",33,17,4.6,"motorcycle",0,"No","Metropolitan","Stormy","Low ",0,"Y",10
16,"Buffet ",26,12,4.8,"electric_scooter",2,"No","Urban","Sunny","Jam ",1,"Y",5
24,"Drinks ",25,16,4.6,"scooter",2,"No","Metropolitan","Windy","Low ",0,"N",15
31,"Snack ",20,4,4.3,"motorcycle",2,"No","Metropolitan","Sandstorms","High ",0,"N",15
19,"Snack ",25,23,4.9,"scooter",1,"No","Urban","Stormy","Low ",1,"Y",15
28,"Buffet ",22,23,4.9,"motorcycle",1,"No","Urban","Stormy","Low ",1,"N",5
20,"Meal ",38,23,4.8,"motorcycle",0,"No","Urban","Fog","Low",1,"N",10
18,"Buffet ",23,15,4.6,"electric_scooter",2,"No","Metropolitan","Cloudy","Low ",0,"N",10
34,"Drinks ",24,3,4.1,"motorcycle",2,"No","Metropolitan","Sandstorms","Medium",2,"Y",10
16,"Snack ",20,17,4.8,"scooter",2,"No","Urban","Sunny","Low",0,"N",15
15,"Snack ",39,22,4.7,"scooter",1,"No","Urban","Fog","Medium",0,"N",5
35,"Buffet ",25,6,4.8,"motorcycle",0,"No","Metropolitan","Cloudy","Jam ",1,"N",5
26,"Buffet ",32,17,4.8,"motorcycle",1,"No","Metropolitan","Stormy","Medium",1,"N",5
15,"Drinks ",25,19,4.7,"motorcycle",1,"No","Urban","Stormy","Low",0,"N",10
27,"Drinks ",30,18,5,"motorcycle",0,"No","Urban","Sunny","Medium",0,"N",15
22,"Meal ",23,19,4.8,"motorcycle",0,"No","Metropolitan","Sunny","Low ",0,"N",10
21,"Meal ",35,15,4.8,"motorcycle",1,"No","Semi-Urban","Stormy","Low",1,"N",10
29,"Meal ",33,4,4.8,"scooter",2,"No","Metropolitan","Fog","Low ",1,"N",10
16,"Drinks ",35,21,4.9,"electric_scooter",2,"No","Metropolitan","Sandstorms","Low ",1,"N",25
33,"Buffet ",28,8,4.7,"electric_scooter",1,"No","Urban","Windy","Jam ",1,"Y",10
44,"Meal ",32,3,4.4,"motorcycle",1,"No","Semi-Urban","Fog","Jam",1,"Y",10
17,"Drinks ",26,23,4.5,"motorcycle",2,"No","Metropolitan","Stormy","Low ",1,"N",10
21,"Buffet ",25,23,4.9,"motorcycle",0,"No","Urban","Sunny","Jam ",0,"N",15
41,"Snack ",38,9,4.4,"scooter",2,"No","Semi-Urban","Sandstorms","Jam ",1,"N",5
29,"Snack ",30,3,4.6,"motorcycle",0,"No","Metropolitan","Stormy","Medium",1,"N",10
22,"Buffet ",25,17,4.7,"motorcycle",0,"No","Metropolitan","Cloudy","Jam ",1,"Y",10
16,"Buffet ",26,5,5,"electric_scooter",2,"No","Semi-Urban","Sunny","Low ",1,"Y",10
35,"Meal ",38,3,2.8,"electric_scooter",2,"No","Urban","Sunny","Low ",1,"Y",5
25,"Drinks ",27,23,4.8,"motorcycle",0,"No","Urban","Fog","Low ",1,"Y",5
27,"Snack ",30,13,4.8,"motorcycle",0,"No","Urban","Sunny","High ",0,"N",15
14,"Snack ",39,17,4.8,"scooter",2,"No","Urban","Sandstorms","Low ",0,"N",10
36,"Meal ",32,3,4.7,"motorcycle",1,"No","Metropolitan","Fog","Jam",1,"N",5
28,"Drinks ",20,9,4.6,"motorcycle",1,"No","Metropolitan","Windy","Jam ",1,"N",15
18,"Buffet ",38,23,5,"scooter",2,"No","Metropolitan","Sunny","Medium",1,"Y",10
38,"Meal ",36,6,4.3,"electric_scooter",2,"No","Urban","Fog","Jam ",1,"N",5
28,"Meal ",30,5,4.9,"electric_scooter",2,"No","Semi-Urban","Sandstorms","Jam ",1,"Y",15
24,"Drinks ",22,15,5,"motorcycle",0,"No","Metropolitan","Cloudy","Medium",1,"N",10
28,"Drinks ",39,17,4.9,"motorcycle",1,"No","Urban","Sandstorms","Medium",1,"N",15
17,"Snack ",25,17,4.6,"electric_scooter",2,"No","Metropolitan","Sunny","Jam ",1,"Y",5
10,"Meal ",32,16,4.9,"scooter",1,"No","Metropolitan","Sunny","Jam ",1,"N",15
21,"Buffet ",33,21,4.9,"scooter",0,"No","Urban","Sandstorms","Medium",0,"N",10
18,"Drinks ",27,23,4.5,"motorcycle",1,"No","Metropolitan","Fog","Medium",1,"N",15
38,"Buffet ",25,4,5,"scooter",0,"No","Metropolitan","Sunny","Jam ",0,"N",10
25,"Meal ",33,15,4.6,"electric_scooter",1,"No","Urban","Cloudy","High",1,"Y",15
15,"Meal ",39,18,4.7,"scooter",1,"No","Urban","Sandstorms","Jam",1,"N",10
28,"Drinks ",31,7,4.6,"motorcycle",0,"No","Metropolitan","Fog","Medium",1,"N",10
29,"Buffet ",30,9,4.9,"scooter",1,"No","Semi-Urban","Stormy","Low ",0,"N",10
11,"Snack ",37,21,4.5,"motorcycle",2,"No","Metropolitan","Sunny","Low ",0,"N",5
26,"Drinks ",30,15,4.6,"motorcycle",0,"No","Metropolitan","Sunny","Medium",1,"N",15
53,"Drinks ",31,4,4.1,"scooter",0,"No","Urban","Sunny","High",1,"N",15
23,"Drinks ",25,13,4.9,"scooter",1,"No","Metropolitan","Sunny","Low ",1,"N",15
52,"Drinks ",26,4,4.7,"motorcycle",0,"No","Semi-Urban","Stormy","Jam ",1,"N",5
36,"Snack ",26,7,4.2,"motorcycle",0,"No","Semi-Urban","Sunny","Jam ",1,"N",15
12,"Snack ",38,7,4.8,"scooter",2,"No","Metropolitan","Fog","Jam ",1,"N",10
20,"Snack ",34,23,4.9,"motorcycle",0,"No","Metropolitan","Stormy","Jam ",1,"N",5
21,"Meal ",21,15,4.8,"motorcycle",0,"No","Urban","Stormy","Medium",1,"N",10
27,"Snack ",36,23,4.7,"motorcycle",1,"No","Metropolitan","Stormy","High ",1,"Y",5
27,"Meal ",36,18,4.6,"scooter",0,"No","Metropolitan","Sunny","High ",1,"N",10
17,"Meal ",31,5,5,"motorcycle",2,"No","Urban","Stormy","Medium",0,"N",10
28,"Buffet ",26,19,4.9,"electric_scooter",1,"No","Urban","Stormy","Medium",0,"Y",5
48,"Drinks ",21,9,4.7,"motorcycle",0,"No","Metropolitan","Fog","Jam ",2,"N",10
11,"Buffet ",39,18,4.7,"scooter",2,"No","Urban","Stormy","Low",0,"N",15
26,"Meal ",24,21,4.6,"scooter",2,"No","Metropolitan","Fog","Low ",1,"N",10
52,"Meal ",39,7,4.7,"motorcycle",0,"No","Metropolitan","Sandstorms","Jam ",0,"N",15
26,"Meal ",38,15,5,"motorcycle",0,"No","Metropolitan","Sandstorms","Medium",0,"Y",15
19,"Meal ",34,3,4.8,"scooter",1,"No","Urban","Fog","Low",1,"N",10
30,"Buffet ",29,1,4.1,"motorcycle",0,"No","Metropolitan","Sandstorms","Low ",1,"N",5
18,"Meal ",27,23,4.6,"electric_scooter",2,"No","Urban","Sandstorms","Medium",0,"N",5
21,"Buffet ",33,2,4.7,"motorcycle",1,"No","Metropolitan","Stormy","High ",0,"N",5
45,"Meal ",24,3,4,"motorcycle",0,"No","Metropolitan","Stormy","Jam ",1,"Y",10
43,"Meal ",20,9,4.9,"motorcycle",0,"No","Metropolitan","Cloudy","Jam ",1,"N",15
15,"Meal ",23,8,4.1,"motorcycle",0,"No","Urban","Sandstorms","Low ",0,"N",5
23,"Snack ",27,23,4.6,"scooter",1,"No","Metropolitan","Sunny","Jam ",0,"N",5
28,"Meal ",39,19,4.8,"motorcycle",1,"No","Urban","Stormy","Jam",1,"N",5
39,"Snack ",34,7,4.3,"motorcycle",0,"No","Metropolitan","Cloudy","Low ",1,"N",15
28,"Meal ",34,15,4.9,"motorcycle",0,"No","Semi-Urban","Sandstorms","Medium",1,"Y",5
21,"Meal ",29,22,4.2,"motorcycle",0,"No","Urban","Sandstorms","Low",1,"N",10
44,"Drinks ",20,21,4.8,"motorcycle",1,"No","Urban","Fog","Medium",1,"N",10
19,"Meal ",27,15,4.8,"motorcycle",2,"No","Urban","Sandstorms","Jam",1,"N",10
25,"Meal ",31,8,4.8,"motorcycle",0,"No","Metropolitan","Stormy","Jam ",0,"N",10
36,"Drinks ",26,3,4.6,"motorcycle",0,"No","Urban","Stormy","Medium",2,"Y",15
30,"Snack ",35,15,4.7,"motorcycle",2,"No","Metropolitan","Windy","Medium",0,"Y",5
10,"Buffet ",26,3,4.6,"scooter",1,"No","Metropolitan","Fog","Low ",1,"N",10
33,"Snack ",25,1,3.5,"motorcycle",2,"No","Urban","Sandstorms","Medium",2,"N",15
20,"Snack ",28,19,5,"scooter",2,"No","Metropolitan","Stormy","Jam",1,"N",5
29,"Snack ",27,12,5,"motorcycle",0,"No","Semi-Urban","Sandstorms","Medium",0,"Y",10
19,"Drinks ",27,8,4.5,"scooter",1,"No","Metropolitan","Stormy","Jam ",0,"N",15
27,"Meal ",30,13,4.7,"electric_scooter",2,"No","Metropolitan","Stormy","Medium",1,"Y",5
29,"Meal ",37,8,4.9,"electric_scooter",0,"No","Metropolitan","Sunny","High ",0,"N",5
17,"Buffet ",28,9,4.5,"motorcycle",2,"No","Metropolitan","Fog","Low ",0,"Y",10
33,"Snack ",24,18,4.6,"scooter",0,"No","Metropolitan","Windy","High ",1,"Y",15
30,"Snack ",31,15,4.9,"motorcycle",2,"No","Metropolitan","Fog","Jam ",0,"N",5
25,"Meal ",33,19,4.8,"motorcycle",0,"No","Urban","Sandstorms","Low",0,"N",15
16,"Drinks ",23,22,4.7,"motorcycle",0,"No","Urban","Windy","Medium",0,"N",10
29,"Meal ",37,2,4.4,"motorcycle",0,"No","Metropolitan","Stormy","Low ",1,"N",15
19,"Drinks ",24,19,4.9,"scooter",1,"No","Metropolitan","Fog","Medium",0,"N",5
24,"Meal ",39,22,4.9,"scooter",1,"No","Metropolitan","Sandstorms","Low ",1,"Y",5
29,"Snack ",23,9,4.8,"motorcycle",2,"No","Metropolitan","Sunny","Low ",1,"N",10
28,"Meal ",29,18,4.7,"motorcycle",1,"No","Urban","Stormy","Low",1,"N",10
41,"Meal ",27,1,4.1,"motorcycle",1,"No","Metropolitan","Fog","Medium",1,"N",15
32,"Snack ",20,6,4,"motorcycle",0,"No","Metropolitan","Stormy","Jam ",0,"Y",5
13,"Meal ",36,12,4.9,"scooter",2,"No","Metropolitan","Sunny","Low ",0,"Y",5
20,"Meal ",28,15,4.8,"motorcycle",0,"No","Metropolitan","Fog","Low ",1,"Y",15
31,"Meal ",32,9,4.3,"scooter",1,"No","Metropolitan","Fog","Jam ",1,"N",15
25,"Meal ",32,14,4.9,"motorcycle",1,"No","Metropolitan","Windy","Low ",1,"N",5
16,"Snack ",24,17,4.7,"electric_scooter",2,"No","Urban","Cloudy","Low",0,"N",10
28,"Meal ",24,7,4.9,"electric_scooter",2,"No","Semi-Urban","Sunny","Low ",0,"Y",15
22,"Drinks ",29,8,5,"motorcycle",1,"No","Semi-Urban","Stormy","High ",1,"N",5
22,"Buffet ",27,22,4.7,"motorcycle",1,"No","Urban","Stormy","Medium",1,"Y",15
15,"Snack ",32,21,4.7,"motorcycle",2,"No","Metropolitan","Sunny","Low ",0,"N",10
11,"Drinks ",32,15,4.8,"scooter",1,"No","Urban","Sandstorms","Low",1,"Y",10
27,"Meal ",34,23,4.8,"motorcycle",1,"No","Metropolitan","Windy","Jam ",0,"N",5
15,"Meal ",30,18,5,"motorcycle",1,"No","Metropolitan","Stormy","Medium",1,"N",10
23,"Drinks ",34,17,4.6,"electric_scooter",1,"No","Urban","Sunny","Jam",0,"N",5
28,"Snack ",24,23,4.6,"electric_scooter",2,"No","Metropolitan","Windy","Low ",1,"N",5
16,"Buffet ",21,22,4.8,"electric_scooter",2,"No","Metropolitan","Fog","Medium",1,"Y",10
19,"Buffet ",20,15,5,"motorcycle",2,"No","Urban","Sunny","Medium",1,"N",15
25,"Drinks ",22,8,4.6,"scooter",2,"No","Metropolitan","Windy","Medium",1,"N",5
29,"Drinks ",29,23,4.7,"motorcycle",0,"No","Urban","Cloudy","Jam",0,"Y",15
21,"Drinks ",20,13,4.9,"motorcycle",0,"No","Semi-Urban","Cloudy","Low ",1,"Y",5
33,"Drinks ",28,18,4,"motorcycle",1,"No","Metropolitan","Fog","Jam ",1,"N",10
34,"Drinks ",39,6,4,"electric_scooter",0,"No","Metropolitan","Stormy","Jam ",1,"N",15
34,"Snack ",28,23,4.1,"motorcycle",0,"No","Metropolitan","Sunny","Jam ",0,"N",10
36,"Snack ",36,6,4.2,"scooter",2,"No","Metropolitan","Stormy","Jam ",1,"N",15
23,"Buffet ",20,23,4.6,"electric_scooter",0,"No","Metropolitan","Cloudy","Low ",1,"N",15
33,"Drinks ",27,17,4.6,"scooter",1,"No","Metropolitan","Fog","Medium",1,"Y",10
42,"Drinks ",29,17,4.4,"motorcycle",1,"No","Metropolitan","Fog","Medium",2,"N",15
27,"Meal ",39,23,4.8,"scooter",2,"No","Urban","Sunny","Medium",0,"N",10
26,"Drinks ",31,13,4.7,"electric_scooter",2,"No","Metropolitan","Sunny","High ",1,"N",10
33,"Drinks ",31,15,4.8,"electric_scooter",2,"No","Semi-Urban","Stormy","Medium",1,"Y",15
41,"Snack ",30,15,4.1,"electric_scooter",1,"No","Urban","Sandstorms","Jam ",1,"N",10
31,"Snack ",28,8,4.1,"electric_scooter",0,"No","Metropolitan","Sandstorms","High ",1,"N",5
26,"Meal ",24,18,4.9,"motorcycle",1,"No","Metropolitan","Stormy","High ",0,"N",15
33,"Meal ",39,12,4.3,"motorcycle",0,"No","Metropolitan","Sunny","Jam ",1,"N",10
20,"Snack ",36,22,4.9,"scooter",2,"No","Urban","Sandstorms","Low ",1,"N",15
43,"Meal ",36,21,4.8,"motorcycle",0,"Yes","Urban","Cloudy","Medium",1,"N",15
33,"Buffet ",34,9,5,"motorcycle",0,"No","Metropolitan","Windy","Medium",1,"Y",10
35,"Snack ",28,15,5,"scooter",2,"No","Urban","Cloudy","Medium",1,"Y",5
26,"Drinks ",23,23,5,"motorcycle",0,"No","Urban","Stormy","Low",1,"N",10
37,"Buffet ",23,11,3.6,"scooter",2,"No","Urban","Stormy","Medium",1,"N",5
31,"Buffet ",23,13,3.7,"electric_scooter",1,"No","Metropolitan","Stormy","Jam ",1,"N",15
30,"Drinks ",39,22,5,"motorcycle",1,"No","Urban","Stormy","High ",1,"Y",10
31,"Drinks ",22,19,3.5,"scooter",1,"No","Metropolitan","Cloudy","Low ",0,"Y",15
37,"Meal ",31,22,4.4,"motorcycle",0,"No","Metropolitan","Windy","Jam ",1,"N",15
49,"Meal ",39,4,4,"electric_scooter",0,"No","Urban","Stormy","Jam",0,"N",15
20,"Buffet ",37,3,4.8,"motorcycle",0,"No","Metropolitan","Fog","Low ",1,"Y",10
25,"Buffet ",33,22,4.9,"motorcycle",2,"No","Urban","Stormy","Low",0,"N",10
23,"Snack ",38,15,4.6,"motorcycle",0,"No","Semi-Urban","Fog","Low ",1,"N",5
20,"Meal ",30,22,4.8,"motorcycle",0,"No","Metropolitan","Stormy","Medium",1,"Y",5
16,"Buffet ",29,18,4.7,"scooter",1,"No","Metropolitan","Cloudy","Low ",1,"Y",15
49,"Drinks ",37,22,4.8,"motorcycle",0,"No","Metropolitan","Windy","Medium",3,"N",10
30,"Buffet ",20,23,4.8,"motorcycle",1,"No","Urban","Windy","Jam ",1,"N",10
19,"Drinks ",26,23,4.6,"electric_scooter",2,"No","Metropolitan","Fog","Low",1,"N",10
19,"Snack ",20,3,4.5,"scooter",2,"No","Semi-Urban","Sunny","High",0,"N",5
31,"Meal ",30,6,4.2,"scooter",2,"No","Urban","Sandstorms","Medium",0,"N",10
31,"Meal ",24,15,4.7,"scooter",2,"No","Urban","Sandstorms","High",0,"N",15
17,"Snack ",20,23,4.8,"electric_scooter",2,"No","Urban","Cloudy","Medium",1,"N",10
29,"Buffet ",34,14,4.7,"scooter",2,"No","Metropolitan","Sunny","Jam ",1,"N",10
30,"Snack ",32,17,4.8,"scooter",2,"No","Urban","Stormy","Jam",1,"N",10
23,"Meal ",23,17,4.7,"motorcycle",1,"No","Urban","Stormy","Low",0,"Y",15
34,"Snack ",24,14,4.7,"motorcycle",0,"No","Urban","Windy","High ",0,"N",15
29,"Drinks ",36,2,4.9,"scooter",1,"No","Metropolitan","Stormy","Jam ",1,"N",10
24,"Drinks ",22,15,4.6,"motorcycle",2,"No","Metropolitan","Fog","High ",1,"Y",5
30,"Snack ",30,8,4.9,"electric_scooter",1,"No","Metropolitan","Fog","Low ",1,"N",5
20,"Meal ",32,4,4.8,"motorcycle",2,"No","Urban","Sandstorms","Jam ",1,"N",5
17,"Drinks ",35,5,4.6,"motorcycle",1,"No","Urban","Sunny","Jam",1,"N",15
16,"Buffet ",25,14,5,"electric_scooter",1,"No","Metropolitan","Sunny","Medium",1,"Y",5
27,"Snack ",28,17,4.7,"scooter",0,"No","Urban","Cloudy","Jam",1,"Y",15
51,"Buffet ",29,17,4.9,"motorcycle",0,"No","Metropolitan","Cloudy","Jam ",1,"N",15
33,"Drinks ",27,9,4.1,"electric_scooter",2,"No","Metropolitan","Stormy","Medium",1,"Y",5
11,"Meal ",32,16,5,"scooter",1,"No","Urban","Sandstorms","Low",1,"N",25
25,"Snack ",26,21,4.8,"motorcycle",1,"No","Metropolitan","Fog","Low ",1,"N",10
17,"Buffet ",20,12,4.8,"motorcycle",2,"No","Urban","Fog","Low ",0,"Y",15
37,"Snack ",37,22,5,"motorcycle",0,"No","Semi-Urban","Stormy","Jam ",1,"N",10
11,"Buffet ",35,4,4.5,"motorcycle",1,"No","Urban","Stormy","Low",0,"N",20
34,"Meal ",36,12,4.9,"motorcycle",0,"No","Metropolitan","Cloudy","Jam ",1,"Y",15
13,"Meal ",30,16,4.5,"motorcycle",1,"No","Metropolitan","Windy","Low ",0,"N",15
23,"Snack ",39,6,4.5,"scooter",0,"No","Urban","Fog","Low",0,"Y",10
26,"Snack ",37,1,4.7,"motorcycle",0,"No","Metropolitan","Sunny","Jam ",1,"Y",15
38,"Buffet ",25,3,4.6,"scooter",1,"No","Urban","Fog","Jam ",0,"Y",15
26,"Buffet ",37,16,4.4,"electric_scooter",0,"No","Metropolitan","Sandstorms","Low ",1,"N",15
16,"Drinks ",20,3,4.5,"electric_scooter",0,"No","Metropolitan","Sandstorms","Low",1,"N",5
45,"Drinks ",21,3,4.6,"electric_scooter",0,"No","Metropolitan","Stormy","Medium",2,"Y",5
28,"Drinks ",32,9,4.8,"motorcycle",1,"No","Urban","Stormy","Low ",1,"Y",15
12,"Drinks ",30,18,4.8,"scooter",1,"No","Metropolitan","Sandstorms","Low ",1,"Y",20
27,"Drinks ",36,23,4.8,"scooter",2,"No","Metropolitan","Stormy","Medium",1,"N",5
15,"Meal ",33,23,4.6,"electric_scooter",2,"No","Semi-Urban","Sunny","Medium",0,"N",15
34,"Buffet ",26,12,3.4,"motorcycle",0,"No","Semi-Urban","Sunny","Low ",2,"N",5
23,"Buffet ",37,14,4.8,"electric_scooter",1,"No","Semi-Urban","Windy","Jam ",1,"N",5
15,"Meal ",31,23,4.7,"motorcycle",0,"No","Urban","Windy","Low ",0,"N",15
42,"Snack ",33,5,4.3,"electric_scooter",0,"No","Urban","Sunny","Jam",1,"N",5
29,"Buffet ",24,13,4.9,"motorcycle",0,"No","Metropolitan","Sunny","Low ",1,"N",10
19,"Meal ",25,22,4.9,"motorcycle",0,"No","Semi-Urban","Fog","Low ",1,"N",5
32,"Snack ",37,15,4.6,"scooter",1,"No","Metropolitan","Fog","Jam",1,"N",5
28,"Snack ",35,17,4.8,"motorcycle",1,"No","Metropolitan","Sandstorms","Jam ",1,"N",15
14,"Drinks ",38,17,4.6,"motorcycle",1,"No","Metropolitan","Sunny","Medium",1,"N",5
22,"Snack ",30,19,4.7,"motorcycle",0,"No","Metropolitan","Windy","Jam ",1,"N",10
16,"Drinks ",28,15,4.7,"scooter",2,"No","Metropolitan","Sandstorms","Low",0,"N",10
30,"Buffet ",28,17,4.8,"electric_scooter",1,"No","Metropolitan","Windy","Jam ",1,"Y",10
29,"Snack ",30,6,5,"electric_scooter",2,"No","Metropolitan","Windy","High ",0,"Y",10
16,"Drinks ",36,13,4.8,"scooter",1,"No","Metropolitan","Sunny","Jam ",0,"N",5
23,"Drinks ",24,17,5,"scooter",2,"No","Metropolitan","Stormy","Low ",1,"N",15
32,"Snack ",32,4,4.9,"scooter",2,"No","Metropolitan","Sandstorms","Medium",1,"N",15
33,"Drinks ",36,9,4.3,"scooter",0,"No","Metropolitan","Fog","Medium",0,"Y",15
26,"Meal ",39,21,4.7,"scooter",1,"No","Urban","Windy","Medium",0,"N",15
22,"Meal ",30,23,4.8,"electric_scooter",0,"No","Metropolitan","Sandstorms","Medium",1,"N",15
16,"Drinks ",30,9,4.8,"motorcycle",2,"No","Metropolitan","Stormy","Medium",1,"N",15
39,"Meal ",23,12,4.5,"motorcycle",1,"No","Metropolitan","Stormy","Medium",2,"N",10
35,"Meal ",22,6,4,"motorcycle",0,"No","Urban","Stormy","Jam",1,"N",10
20,"Meal ",20,23,4.5,"scooter",1,"No","Metropolitan","Sunny","Jam ",0,"N",15
30,"Meal ",28,14,4.8,"electric_scooter",1,"No","Metropolitan","Sunny","Jam ",1,"N",15
29,"Snack ",29,3,4.8,"motorcycle",0,"No","Metropolitan","Fog","Medium",1,"N",5
41,"Drinks ",38,15,5,"motorcycle",0,"No","Metropolitan","Cloudy","Jam ",1,"N",10
31,"Buffet ",22,9,4.3,"scooter",2,"No","Urban","Stormy","Jam ",1,"N",15
22,"Snack ",23,23,4.8,"motorcycle",0,"No","Urban","Sunny","Medium",1,"N",10
18,"Drinks ",35,18,4.6,"motorcycle",2,"No","Metropolitan","Stormy","Low",1,"Y",15
37,"Meal ",22,5,4.2,"scooter",1,"No","Urban","Cloudy","Jam",0,"N",10
20,"Meal ",24,22,5,"motorcycle",1,"No","Metropolitan","Windy","High ",1,"Y",5
30,"Meal ",25,7,4.9,"electric_scooter",0,"No","Metropolitan","Windy","Jam ",1,"Y",10
20,"Drinks ",25,22,4.9,"motorcycle",1,"No","Metropolitan","Stormy","Medium",1,"N",10
14,"Meal ",39,23,4.6,"motorcycle",1,"No","Metropolitan","Sunny","Medium",1,"Y",10
26,"Buffet ",30,13,4.7,"motorcycle",0,"No","Metropolitan","Windy","Medium",1,"Y",5
19,"Meal ",38,6,4.7,"scooter",1,"No","Urban","Sunny","Jam ",1,"N",5
29,"Drinks ",22,1,4.7,"motorcycle",1,"No","Metropolitan","Fog","Jam ",1,"N",15
30,"Meal ",38,18,4.6,"scooter",1,"No","Metropolitan","Fog","Jam ",1,"N",15
15,"Snack ",31,3,4.5,"electric_scooter",1,"No","Urban","Sandstorms","Low",0,"N",5
33,"Snack ",23,2,3.7,"scooter",1,"No","Metropolitan","Windy","Jam ",1,"Y",10
28,"Drinks ",22,18,4.5,"scooter",2,"No","Metropolitan","Stormy","Jam ",1,"N",5
26,"Snack ",34,13,4.6,"scooter",2,"No","Urban","Cloudy","Low ",0,"N",20
15,"Drinks ",20,21,4.8,"motorcycle",1,"No","Metropolitan","Sunny","Jam ",1,"N",5
19,"Buffet ",23,23,4.9,"scooter",1,"No","Semi-Urban","Sunny","Low ",1,"N",15
34,"Meal ",25,17,4.9,"motorcycle",0,"No","Urban","Cloudy","Medium",1,"Y",5
25,"Snack ",27,21,4.5,"scooter",0,"No","Metropolitan","Windy","Low ",1,"N",15
29,"Buffet ",30,4,4.6,"motorcycle",1,"No","Metropolitan","Sandstorms","Low ",0,"Y",10
23,"Buffet ",30,21,4.8,"motorcycle",1,"No","Semi-Urban","Sandstorms","Medium",1,"Y",15
26,"Meal ",23,14,4.6,"motorcycle",2,"No","Metropolitan","Windy","Jam ",0,"Y",5
24,"Buffet ",21,14,4.4,"motorcycle",0,"No","Metropolitan","Stormy","Low ",1,"N",10
17,"Snack ",39,9,4.8,"motorcycle",1,"No","Semi-Urban","Sunny","High ",0,"N",15
15,"Meal ",26,17,4.5,"motorcycle",1,"No","Semi-Urban","Sunny","Jam ",1,"N",5
32,"Drinks ",20,3,4.7,"motorcycle",2,"No","Metropolitan","Sandstorms","Medium",0,"N",10
33,"Meal ",25,1,4.4,"scooter",1,"No","Urban","Stormy","Medium",2,"Y",10
31,"Drinks ",37,2,4.8,"motorcycle",0,"No","Metropolitan","Fog","Medium",1,"N",5
33,"Meal ",38,5,4,"motorcycle",0,"No","Semi-Urban","Stormy","Jam",1,"Y",10
12,"Buffet ",25,23,5,"scooter",1,"No","Urban","Sandstorms","Low ",1,"N",15
23,"Snack ",37,4,4.7,"electric_scooter",2,"No","Urban","Windy","Jam ",1,"N",10
34,"Buffet ",32,6,4.2,"motorcycle",0,"No","Metropolitan","Fog","Low ",0,"N",15
31,"Meal ",36,4,3.8,"electric_scooter",2,"No","Metropolitan","Windy","Jam ",1,"N",10
20,"Meal ",25,23,4.9,"scooter",0,"No","Metropolitan","Fog","Low ",1,"N",15
23,"Drinks ",31,2,4.7,"motorcycle",1,"No","Semi-Urban","Sandstorms","High ",1,"N",10
25,"Buffet ",30,14,4.9,"scooter",2,"No","Metropolitan","Stormy","Medium",1,"N",10
17,"Drinks ",39,21,4.9,"electric_scooter",1,"No","Urban","Windy","Low",0,"Y",10
28,"Meal ",25,18,4.7,"scooter",1,"No","Metropolitan","Sandstorms","Low ",1,"Y",10
26,"Snack ",27,23,4.5,"motorcycle",2,"No","Urban","Sandstorms","Low ",1,"Y",15
31,"Buffet ",22,6,4.2,"scooter",1,"No","Metropolitan","Cloudy","High ",1,"N",10
14,"Drinks ",39,3,4.6,"scooter",2,"No","Urban","Sunny","Jam ",1,"N",10
26,"Drinks ",27,9,4.6,"motorcycle",1,"No","Urban","Windy","Jam ",1,"Y",15
37,"Snack ",35,5,4.2,"motorcycle",0,"No","Urban","Stormy","Jam",1,"Y",5
17,"Snack ",23,23,4.6,"motorcycle",0,"No","Metropolitan","Sunny","Medium",1,"N",10
27,"Drinks ",27,18,4.7,"motorcycle",1,"No","Urban","Stormy","Jam ",1,"Y",5
19,"Drinks ",32,22,4.6,"motorcycle",2,"No","Urban","Stormy","Low",1,"Y",15
10,"Buffet ",39,23,4.9,"scooter",2,"No","Metropolitan","Stormy","Low ",1,"N",5
13,"Drinks ",31,23,4.6,"electric_scooter",1,"No","Urban","Sandstorms","Low ",0,"Y",10
23,"Buffet ",26,9,4.6,"electric_scooter",2,"No","Metropolitan","Sunny","Jam ",0,"Y",10
24,"Buffet ",36,22,4.6,"scooter",0,"No","Urban","Fog","Low ",0,"N",15
33,"Snack ",23,3,3.9,"scooter",2,"No","Urban","Stormy","Medium",0,"Y",10
41,"Meal ",35,12,4.4,"motorcycle",2,"No","Metropolitan","Sunny","Jam ",0,"N",5
23,"Meal ",33,6,4.8,"motorcycle",1,"No","Urban","Fog","Low ",0,"N",5
20,"Buffet ",24,9,4.8,"scooter",2,"No","Metropolitan","Sunny","Low ",0,"N",15
27,"Buffet ",29,1,4.6,"motorcycle",0,"No","Urban","Cloudy","High",1,"N",15
26,"Buffet ",25,5,4.8,"motorcycle",0,"No","Semi-Urban","Sunny","Low",0,"N",15
15,"Drinks ",25,23,4.9,"scooter",2,"No","Metropolitan","Stormy","Low ",1,"N",5
54,"Meal ",30,5,4.1,"scooter",0,"No","Metropolitan","Sunny","High ",3,"N",5
24,"Drinks ",30,12,4.6,"scooter",2,"No","Metropolitan","Sandstorms","Jam ",1,"N",10
16,"Snack ",35,6,4.9,"motorcycle",1,"No","Metropolitan","Sandstorms","Low ",1,"N",10
11,"Drinks ",34,14,4.6,"motorcycle",1,"No","Urban","Windy","Low ",0,"N",10
32,"Meal ",36,3,4.3,"scooter",1,"No","Urban","Stormy","Jam",1,"Y",10
23,"Buffet ",33,23,4.6,"motorcycle",0,"No","Metropolitan","Cloudy","Low ",1,"N",15
13,"Snack ",25,23,4.8,"scooter",2,"No","Urban","Sunny","Low ",0,"N",15
19,"Snack ",29,17,4.8,"scooter",2,"No","Urban","Sandstorms","Low ",0,"Y",5
19,"Meal ",36,23,4.6,"electric_scooter",0,"No","Urban","Sunny","Medium",1,"N",5
29,"Buffet ",29,12,5,"motorcycle",2,"No","Metropolitan","Stormy","Jam ",1,"N",15
23,"Buffet ",23,23,5,"motorcycle",1,"No","Metropolitan","Fog","Low ",1,"N",15
28,"Buffet ",25,6,4.8,"scooter",1,"No","Metropolitan","Windy","Low ",1,"N",15
41,"Meal ",20,13,4.2,"motorcycle",0,"Yes","Metropolitan","Windy","High ",1,"Y",5
10,"Snack ",34,21,4.5,"electric_scooter",2,"No","Metropolitan","Sandstorms","Low ",1,"Y",10
46,"Meal ",30,1,4.2,"motorcycle",0,"No","Metropolitan","Stormy","Jam ",2,"N",10
34,"Snack ",27,23,4.4,"scooter",2,"No","Metropolitan","Fog","Medium",1,"N",15
11,"Buffet ",20,17,4.9,"scooter",1,"No","Urban","Stormy","High",1,"Y",5
29,"Meal ",33,3,4.7,"motorcycle",1,"No","Urban","Cloudy","Low ",1,"N",15
24,"Snack ",38,2,4.6,"motorcycle",2,"No","Semi-Urban","Stormy","Low",1,"N",10
23,"Buffet ",24,19,4.3,"motorcycle",0,"No","Metropolitan","Sandstorms","Low ",1,"N",5
29,"Buffet ",26,22,4.9,"motorcycle",0,"No","Urban","Stormy","Medium",1,"Y",10
15,"Drinks ",32,19,4.5,"electric_scooter",2,"No","Metropolitan","Sunny","Medium",1,"N",5
26,"Meal ",23,6,4.8,"scooter",2,"No","Urban","Windy","Jam ",1,"N",5
22,"Snack ",33,16,4.8,"electric_scooter",0,"No","Urban","Sunny","Medium",0,"N",5
17,"Drinks ",24,19,4.8,"electric_scooter",0,"No","Semi-Urban","Sandstorms","Low",0,"N",15
28,"Meal ",31,4,4.9,"motorcycle",0,"No","Metropolitan","Fog","High ",1,"N",10
35,"Meal ",24,6,4.3,"motorcycle",0,"No","Semi-Urban","Windy","Jam ",1,"N",5
27,"Snack ",20,18,4.7,"scooter",2,"No","Metropolitan","Stormy","Low ",1,"N",5
27,"Snack ",27,18,4.7,"motorcycle",1,"No","Urban","Fog","Medium",1,"N",10
41,"Snack ",25,2,5,"motorcycle",0,"No","Semi-Urban","Stormy","Medium",2,"Y",5
27,"Meal ",30,13,4.7,"electric_scooter",2,"No","Metropolitan","Stormy","Medium",1,"Y",5
25,"Meal ",32,15,4.6,"motorcycle",2,"No","Urban","Sandstorms","Medium",0,"N",5
46,"Snack ",35,18,4.8,"electric_scooter",2,"Yes","Metropolitan","Fog","Jam ",0,"N",15
16,"Snack ",30,23,4.6,"electric_scooter",0,"No","Metropolitan","Fog","Low ",0,"N",5
16,"Snack ",20,9,4.6,"scooter",0,"No","Metropolitan","Sandstorms","High ",1,"Y",15
17,"Buffet ",25,23,4.8,"scooter",2,"No","Metropolitan","Stormy","Low ",0,"Y",5
21,"Drinks ",25,13,4.7,"motorcycle",0,"No","Semi-Urban","Sunny","Medium",1,"Y",15
31,"Meal ",21,15,5,"motorcycle",0,"No","Metropolitan","Fog","Jam ",1,"N",10
19,"Drinks ",22,14,4.9,"electric_scooter",2,"No","Urban","Stormy","Low ",1,"N",5
25,"Snack ",29,23,4.6,"scooter",1,"No","Urban","Windy","Jam ",1,"Y",15
11,"Meal ",25,22,4.8,"scooter",2,"No","Urban","Cloudy","Low",0,"N",15
41,"Snack ",27,7,4,"motorcycle",0,"No","Metropolitan","Sandstorms","High ",1,"N",10
35,"Buffet ",38,2,4.2,"motorcycle",0,"No","Urban","Windy","Jam ",0,"N",15
28,"Buffet ",34,9,4.3,"motorcycle",0,"No","Urban","Windy","Low ",0,"N",10
15,"Meal ",38,15,5,"scooter",2,"No","Metropolitan","Sunny","Medium",1,"N",10
39,"Snack ",24,1,4,"electric_scooter",0,"No","Metropolitan","Windy","Jam ",0,"N",5
33,"Buffet ",23,3,4.2,"motorcycle",0,"No","Urban","Windy","Low ",2,"N",5
33,"Meal ",39,12,4.3,"motorcycle",0,"No","Metropolitan","Sunny","Jam ",1,"N",10
26,"Buffet ",20,5,4.7,"scooter",1,"No","Metropolitan","Fog","Low ",1,"N",10
14,"Buffet ",27,17,4.9,"electric_scooter",1,"No","Metropolitan","Sunny","Low ",1,"Y",15
15,"Drinks ",38,22,4.9,"motorcycle",2,"No","Urban","Fog","Low",1,"Y",5
16,"Meal ",23,4,4.5,"motorcycle",1,"No","Metropolitan","Fog","Medium",0,"N",10
16,"Snack ",39,13,4.6,"electric_scooter",2,"No","Urban","Sandstorms","Medium",0,"N",15
31,"Meal ",20,7,4.3,"motorcycle",1,"No","Semi-Urban","Stormy","Medium",1,"Y",15
49,"Meal ",39,3,4,"motorcycle",0,"No","Urban","Stormy","Jam ",1,"N",5
24,"Meal ",32,15,4.7,"electric_scooter",2,"No","Semi-Urban","Sandstorms","Low ",0,"N",10
33,"Drinks ",38,7,4.2,"motorcycle",2,"No","Metropolitan","Stormy","Medium",1,"Y",15
18,"Meal ",39,3,4.7,"motorcycle",0,"No","Metropolitan","Sandstorms","Low ",1,"N",15
16,"Buffet ",36,17,4.6,"scooter",2,"No","Metropolitan","Sunny","Jam ",0,"N",5
12,"Drinks ",27,9,4.9,"electric_scooter",1,"No","Urban","Sunny","Low ",0,"N",5
40,"Drinks ",32,7,4.1,"electric_scooter",2,"No","Semi-Urban","Stormy","Jam ",1,"Y",15
25,"Drinks ",25,23,5,"scooter",2,"No","Metropolitan","Sandstorms","Low ",0,"N",15
17,"Snack ",24,21,4.6,"electric_scooter",2,"No","Urban","Sunny","Medium",1,"N",5
20,"Buffet ",20,9,4.9,"scooter",1,"No","Semi-Urban","Sandstorms","Medium",1,"N",15
24,"Meal ",20,17,4.8,"motorcycle",0,"No","Metropolitan","Sandstorms","Medium",1,"Y",10
33,"Meal ",34,22,4.8,"electric_scooter",1,"No","Metropolitan","Cloudy","Jam ",1,"Y",15
47,"Meal ",36,5,4.2,"electric_scooter",0,"No","Metropolitan","Windy","Jam ",1,"N",15
17,"Buffet ",33,17,4.6,"scooter",1,"No","Metropolitan","Sunny","Medium",0,"N",15
35,"Buffet ",23,9,4.8,"electric_scooter",1,"No","Metropolitan","Cloudy","High ",0,"N",5
15,"Buffet ",32,19,4.9,"electric_scooter",0,"No","Urban","Windy","Low ",1,"Y",5
38,"Meal ",27,16,4.9,"motorcycle",0,"No","Urban","Sandstorms","Jam",1,"N",5
28,"Buffet ",39,13,4.8,"electric_scooter",2,"No","Metropolitan","Sandstorms","Low ",0,"Y",5
30,"Drinks ",23,19,4.9,"motorcycle",1,"No","Urban","Cloudy","High",0,"N",10
31,"Snack ",39,5,4.3,"electric_scooter",2,"No","Metropolitan","Stormy","Jam ",1,"N",5
36,"Drinks ",26,15,4,"motorcycle",0,"No","Urban","Sunny","Jam ",1,"Y",15
49,"Snack ",34,9,5,"motorcycle",0,"Yes","Metropolitan","Fog","Jam ",2,"N",15
28,"Snack ",32,17,5,"motorcycle",1,"No","Metropolitan","Windy","Jam ",1,"N",15
40,"Snack ",26,9,3.8,"electric_scooter",2,"No","Metropolitan","Sandstorms","Jam ",0,"N",15
19,"Meal ",38,22,4.8,"electric_scooter",1,"No","Metropolitan","Fog","Low ",1,"N",5
30,"Snack ",34,22,4.7,"electric_scooter",2,"No","Metropolitan","Fog","Jam ",0,"Y",15
31,"Meal ",27,13,4.3,"scooter",1,"No","Metropolitan","Sandstorms","Medium",1,"N",15
25,"Buffet ",38,4,4.6,"electric_scooter",2,"No","Urban","Stormy","High ",1,"N",5
13,"Buffet ",38,18,4.6,"scooter",1,"No","Metropolitan","Fog","Medium",1,"N",5
47,"Snack ",30,18,4.9,"scooter",0,"Yes","Semi-Urban","Cloudy","Jam ",1,"N",15
28,"Snack ",36,2,4.5,"scooter",2,"No","Urban","Sandstorms","Medium",1,"Y",10
36,"Meal ",29,22,4.8,"electric_scooter",2,"No","Urban","Stormy","Jam",1,"N",15
46,"Drinks ",21,6,4,"motorcycle",0,"Yes","Urban","Stormy","Jam ",0,"N",10
25,"Snack ",35,16,4.8,"scooter",1,"No","Metropolitan","Sandstorms","Medium",0,"N",15
32,"Drinks ",38,7,3.3,"scooter",2,"No","Semi-Urban","Sunny","Low ",2,"N",15
39,"Snack ",39,19,4.5,"electric_scooter",2,"No","Metropolitan","Sandstorms","Jam ",1,"N",5
29,"Snack ",20,8,4.7,"electric_scooter",0,"No","Semi-Urban","Sunny","Jam ",1,"N",10
24,"Snack ",23,8,4.6,"motorcycle",0,"No","Metropolitan","Windy","Low ",0,"Y",10
21,"Snack ",21,15,4.8,"motorcycle",2,"No","Metropolitan","Sandstorms","Jam ",1,"N",10
31,"Buffet ",28,16,5,"motorcycle",0,"No","Metropolitan","Windy","Medium",1,"Y",10
34,"Meal ",39,1,4.2,"motorcycle",0,"No","Urban","Stormy","Low",0,"N",15
38,"Snack ",27,11,4.7,"electric_scooter",2,"No","Metropolitan","Cloudy","Medium",1,"N",15
34,"Buffet ",34,13,5,"scooter",1,"No","Metropolitan","Fog","Medium",1,"N",5
17,"Buffet ",25,23,4.7,"motorcycle",2,"No","Metropolitan","Sunny","Jam ",1,"N",15
12,"Snack ",34,19,4.7,"scooter",1,"No","Semi-Urban","Fog","Low ",1,"N",10
20,"Meal ",29,15,4.8,"motorcycle",0,"No","Metropolitan","Fog","Low ",1,"N",10
18,"Buffet ",20,19,4.9,"motorcycle",2,"No","Urban","Fog","Medium",1,"Y",10
26,"Meal ",39,17,4.5,"motorcycle",1,"No","Metropolitan","Sandstorms","Medium",1,"N",15
47,"Drinks ",28,12,4.3,"motorcycle",0,"No","Metropolitan","Sandstorms","Medium",3,"N",15
25,"Snack ",22,16,4.6,"motorcycle",1,"No","Metropolitan","Cloudy","High ",1,"N",15
22,"Drinks ",25,18,4.9,"scooter",2,"No","Metropolitan","Stormy","Low",1,"Y",5
21,"Meal ",24,17,4.9,"motorcycle",0,"No","Metropolitan","Fog","High ",1,"Y",15
14,"Meal ",21,17,4.7,"electric_scooter",2,"No","Semi-Urban","Fog","Low",1,"N",15
33,"Drinks ",23,14,4.1,"motorcycle",0,"No","Metropolitan","Stormy","Medium",1,"N",5
29,"Buffet ",24,13,4.9,"motorcycle",0,"No","Metropolitan","Sunny","Low ",1,"N",10
27,"Drinks ",38,17,4.9,"electric_scooter",2,"No","Urban","Sandstorms","Medium",1,"N",15
25,"Drinks ",23,18,4.8,"electric_scooter",2,"No","Metropolitan","Windy","Low ",1,"N",10
18,"Buffet ",30,23,4.7,"motorcycle",1,"No","Metropolitan","Windy","Low ",1,"N",20
36,"Buffet ",38,23,4.7,"motorcycle",1,"No","Metropolitan","Cloudy","Medium",2,"N",10
36,"Snack ",36,11,4.5,"motorcycle",0,"No","Metropolitan","Cloudy","Medium",2,"N",10
15,"Meal ",30,21,4.6,"motorcycle",1,"No","Metropolitan","Windy","Low ",0,"Y",5
33,"Drinks ",26,1,4.3,"electric_scooter",2,"No","Metropolitan","Stormy","Medium",1,"N",10
19,"Buffet ",23,9,4.4,"motorcycle",0,"No","Semi-Urban","Stormy","Low ",1,"Y",5
18,"Drinks ",31,18,4.8,"scooter",1,"No","Semi-Urban","Sunny","Jam ",1,"Y",5
31,"Meal ",37,2,4.2,"motorcycle",2,"No","Metropolitan","Sandstorms","Jam ",1,"Y",5
27,"Drinks ",37,12,4.1,"scooter",0,"No","Metropolitan","Windy","Low ",1,"Y",5
13,"Meal ",22,16,4.9,"scooter",2,"No","Metropolitan","Stormy","Low",0,"N",15
37,"Drinks ",25,14,4.3,"motorcycle",0,"No","Semi-Urban","Stormy","High ",0,"N",15
30,"Drinks ",33,3,4.8,"scooter",2,"No","Urban","Windy","Jam",1,"N",5
39,"Drinks ",32,8,4.2,"electric_scooter",1,"No","Urban","Stormy","Low ",1,"N",15
18,"Meal ",21,13,4.8,"scooter",1,"No","Metropolitan","Stormy","Jam ",1,"N",15
21,"Buffet ",36,18,4.8,"motorcycle",0,"No","Metropolitan","Cloudy","Low ",1,"N",30
28,"Buffet ",28,21,4.8,"motorcycle",0,"No","Semi-Urban","Stormy","Jam ",0,"N",10
29,"Snack ",21,21,5,"electric_scooter",0,"No","Metropolitan","Sunny","High ",1,"N",15
10,"Buffet ",20,4,4.8,"scooter",2,"No","Metropolitan","Cloudy","Low ",1,"Y",10
11,"Snack ",26,9,4.5,"scooter",1,"No","Metropolitan","Cloudy","Low ",0,"N",5
12,"Snack ",34,21,4.9,"electric_scooter",2,"No","Urban","Cloudy","Low",0,"N",15
41,"Buffet ",25,3,4.4,"motorcycle",2,"No","Urban","Cloudy","Jam ",2,"N",5
35,"Drinks ",34,2,4.4,"motorcycle",1,"No","Urban","Stormy","Medium",1,"Y",15
41,"Drinks ",25,13,3.9,"scooter",0,"No","Metropolitan","Sunny","Jam ",1,"N",15
15,"Drinks ",24,17,4.8,"motorcycle",1,"No","Urban","Cloudy","Low ",1,"N",15
19,"Buffet ",39,23,4.7,"scooter",2,"No","Metropolitan","Stormy","Low ",0,"Y",10
20,"Drinks ",35,12,4.7,"motorcycle",2,"No","Semi-Urban","Sunny","Jam ",1,"N",15
10,"Drinks ",20,21,4.7,"scooter",1,"No","Urban","Windy","Low",0,"Y",15
28,"Buffet ",23,11,4.9,"motorcycle",0,"No","Metropolitan","Sunny","Low ",1,"Y",30
22,"Buffet ",39,16,4.8,"motorcycle",2,"No","Metropolitan","Sandstorms","Medium",0,"N",15
15,"Snack ",24,16,4.5,"electric_scooter",2,"No","Metropolitan","Sandstorms","Low ",0,"N",5
28,"Snack ",32,23,4.9,"scooter",2,"No","Metropolitan","Sunny","Jam ",1,"N",15
38,"Buffet ",31,4,4.9,"motorcycle",0,"No","Semi-Urban","Windy","Jam ",1,"Y",10
21,"Drinks ",28,3,4.9,"motorcycle",2,"No","Urban","Stormy","Jam ",1,"N",5
38,"Snack ",31,5,4.4,"motorcycle",0,"No","Urban","Stormy","Medium",1,"N",15
24,"Buffet ",37,19,4.8,"electric_scooter",2,"No","Urban","Windy","Low",0,"N",5
27,"Snack ",28,16,5,"scooter",2,"No","Metropolitan","Windy","Medium",1,"N",15
40,"Meal ",23,3,4.2,"electric_scooter",1,"No","Metropolitan","Sandstorms","Jam ",1,"N",5
24,"Buffet ",32,14,4,"electric_scooter",0,"No","Metropolitan","Stormy","Low ",1,"N",15
38,"Snack ",27,2,4,"motorcycle",1,"No","Urban","Cloudy","Jam ",1,"N",10
18,"Drinks ",25,9,4.9,"motorcycle",0,"No","Metropolitan","Fog","Low ",0,"N",15
21,"Drinks ",23,3,4.7,"motorcycle",0,"No","Urban","Windy","Medium",1,"N",5
28,"Snack ",37,5,4.8,"scooter",2,"No","Metropolitan","Fog","Low ",1,"N",5
11,"Meal ",38,17,4.6,"motorcycle",2,"No","Metropolitan","Sunny","Jam ",1,"N",10
23,"Buffet ",24,9,4.2,"motorcycle",0,"No","Metropolitan","Sandstorms","Low ",1,"N",5
31,"Meal ",27,14,3.5,"electric_scooter",2,"No","Urban","Sandstorms","Jam ",1,"N",10
25,"Buffet ",31,23,4.7,"electric_scooter",2,"No","Urban","Stormy","Low",1,"Y",5
33,"Meal ",30,18,4.7,"electric_scooter",2,"No","Metropolitan","Fog","Jam ",1,"Y",10
18,"Snack ",39,22,4.7,"scooter",2,"No","Metropolitan","Stormy","Low ",1,"N",10
40,"Meal ",22,11,5,"motorcycle",0,"No","Metropolitan","Stormy","Medium",1,"N",10
48,"Drinks ",36,15,4.6,"motorcycle",0,"No","Semi-Urban","Fog","Medium",0,"Y",10
21,"Meal ",29,15,4.8,"motorcycle",0,"No","Metropolitan","Sunny","Low ",0,"N",5
16,"Drinks ",30,6,4.5,"motorcycle",0,"No","Urban","Sandstorms","Low",1,"N",15
22,"Meal ",38,16,4.8,"scooter",1,"No","Semi-Urban","Sandstorms","Medium",0,"N",5
31,"Snack ",28,22,3.6,"motorcycle",1,"No","Metropolitan","Sandstorms","Jam ",1,"Y",15
33,"Snack ",20,9,4.2,"motorcycle",0,"No","Semi-Urban","Stormy","Medium",1,"N",15
17,"Meal ",28,23,4.8,"scooter",1,"No","Urban","Stormy","Jam",0,"Y",15
11,"Snack ",29,22,4.6,"electric_scooter",2,"No","Urban","Stormy","Low",0,"Y",5
19,"Drinks ",39,22,4.5,"motorcycle",1,"No","Metropolitan","Windy","Low ",1,"Y",15
35,"Buffet ",35,22,4.3,"motorcycle",2,"No","Urban","Stormy","Jam",1,"N",5
36,"Drinks ",21,22,5,"motorcycle",0,"No","Urban","Sandstorms","Medium",1,"N",15
33,"Buffet ",30,21,4.8,"scooter",1,"No","Urban","Fog","Jam",1,"Y",5
15,"Meal ",24,16,4.6,"motorcycle",2,"No","Semi-Urban","Cloudy","Medium",1,"Y",15
27,"Buffet ",29,19,4.9,"electric_scooter",0,"No","Metropolitan","Sunny","Low ",1,"N",5
42,"Buffet ",29,5,4.4,"electric_scooter",1,"No","Metropolitan","Cloudy","Jam",1,"N",15
42,"Snack ",32,23,4.9,"motorcycle",0,"No","Metropolitan","Fog","Jam ",1,"N",5
21,"Drinks ",33,17,5,"motorcycle",1,"No","Urban","Fog","Low ",1,"Y",15
23,"Meal ",27,9,4.8,"electric_scooter",2,"No","Semi-Urban","Windy","Medium",1,"Y",10
17,"Snack ",31,18,4.6,"scooter",0,"No","Urban","Cloudy","Low",0,"N",5
23,"Drinks ",37,5,4.8,"motorcycle",0,"No","Metropolitan","Sunny","Low ",0,"Y",5
35,"Meal ",27,12,4,"motorcycle",1,"No","Semi-Urban","Stormy","Medium",1,"Y",5
11,"Drinks ",31,13,4.7,"motorcycle",1,"No","Metropolitan","Sunny","Low ",0,"N",10
18,"Meal ",24,4,4,"motorcycle",0,"No","Semi-Urban","Sandstorms","Low",1,"N",5
37,"Snack ",22,6,4.2,"scooter",1,"No","Urban","Cloudy","Jam",1,"N",15
21,"Meal ",31,18,4.8,"motorcycle",0,"No","Metropolitan","Cloudy","Low",1,"Y",10
17,"Meal ",37,23,4.6,"electric_scooter",2,"No","Metropolitan","Sandstorms","Low ",0,"N",15
18,"Meal ",28,15,4.9,"scooter",2,"No","Metropolitan","Sandstorms","Jam ",0,"N",10
39,"Buffet ",21,2,4.4,"motorcycle",2,"No","Semi-Urban","Windy","Jam ",1,"N",10
39,"Drinks ",38,13,4.7,"motorcycle",0,"No","Urban","Stormy","Jam ",1,"Y",5
43,"Buffet ",25,21,4.6,"motorcycle",0,"No","Metropolitan","Fog","Medium",2,"N",10
22,"Buffet ",23,17,4.7,"scooter",2,"No","Metropolitan","Sunny","Jam ",0,"Y",15
25,"Buffet ",34,21,4.5,"scooter",2,"No","Urban","Windy","Jam ",1,"N",10
23,"Drinks ",39,22,4.8,"scooter",1,"No","Urban","Sandstorms","Low",1,"N",5
33,"Meal ",23,3,4.8,"scooter",0,"No","Urban","Windy","Medium",1,"Y",10
18,"Drinks ",30,1,4.5,"motorcycle",1,"No","Urban","Stormy","High",1,"Y",5
36,"Buffet ",37,19,5,"motorcycle",0,"No","Metropolitan","Sandstorms","Jam ",0,"N",15
36,"Buffet ",29,16,4.4,"electric_scooter",1,"No","Metropolitan","Fog","High ",0,"N",5
24,"Snack ",37,18,4.6,"motorcycle",0,"No","Metropolitan","Fog","Low",1,"N",15
26,"Snack ",34,7,5,"motorcycle",0,"No","Metropolitan","Fog","Low ",1,"N",20
44,"Drinks ",26,21,4.6,"electric_scooter",1,"No","Urban","Fog","Jam",1,"N",5
18,"Snack ",35,15,4.7,"scooter",1,"No","Urban","Cloudy","Medium",1,"N",5
31,"Drinks ",32,11,4.7,"electric_scooter",2,"No","Semi-Urban","Fog","Jam ",1,"N",10
18,"Buffet ",29,8,4.7,"electric_scooter",1,"No","Semi-Urban","Stormy","Low ",0,"N",10
12,"Snack ",31,4,4.6,"scooter",1,"No","Metropolitan","Windy","High",0,"N",5
24,"Buffet ",31,9,4.5,"motorcycle",1,"No","Metropolitan","Stormy","Jam ",0,"N",10
12,"Meal ",24,19,4.8,"motorcycle",1,"No","Urban","Sandstorms","High",1,"N",15
20,"Meal ",31,23,5,"electric_scooter",2,"No","Urban","Sunny","Jam ",1,"N",5
20,"Meal ",23,17,5,"motorcycle",1,"No","Urban","Fog","Jam",1,"Y",5
21,"Snack ",38,16,4.6,"scooter",1,"No","Semi-Urban","Windy","Medium",1,"Y",10
35,"Meal ",32,22,4.6,"scooter",0,"No","Urban","Fog","Medium",1,"N",15
18,"Buffet ",28,18,4.6,"motorcycle",1,"No","Metropolitan","Cloudy","Medium",1,"Y",5
34,"Snack ",37,12,3.8,"scooter",2,"No","Metropolitan","Cloudy","Low ",0,"N",5
28,"Buffet ",37,4,4.6,"motorcycle",0,"No","Metropolitan","Sandstorms","Low ",0,"N",15
29,"Buffet ",25,18,4.7,"motorcycle",0,"No","Urban","Stormy","Medium",1,"N",5
33,"Drinks ",24,17,4.8,"motorcycle",1,"No","Metropolitan","Cloudy","Jam ",1,"N",15
47,"Snack ",23,11,4,"motorcycle",0,"No","Semi-Urban","Windy","Jam ",1,"N",15
23,"Meal ",24,22,4.9,"scooter",1,"No","Urban","Stormy","Jam ",1,"N",5
32,"Buffet ",30,17,4.7,"motorcycle",2,"No","Urban","Sandstorms","High",1,"N",10
26,"Buffet ",28,7,4.6,"motorcycle",0,"No","Urban","Windy","Low ",1,"N",15
26,"Drinks ",37,13,4.7,"scooter",2,"No","Metropolitan","Stormy","High ",1,"N",15
27,"Snack ",24,14,5,"electric_scooter",2,"No","Metropolitan","Windy","Low ",1,"N",5
23,"Snack ",39,23,4.6,"motorcycle",0,"No","Urban","Sandstorms","Low",1,"Y",20
27,"Drinks ",35,13,4.5,"motorcycle",1,"No","Metropolitan","Stormy","Low ",0,"Y",5
16,"Drinks ",29,6,4.7,"electric_scooter",1,"No","Semi-Urban","Fog","Low ",0,"N",10
11,"Meal ",27,19,5,"scooter",2,"No","Urban","Sandstorms","Low",0,"N",15
39,"Meal ",22,2,3.6,"scooter",2,"No","Semi-Urban","Fog","Low ",0,"Y",10
22,"Buffet ",39,19,4.2,"motorcycle",0,"No","Metropolitan","Stormy","Low ",1,"N",15
53,"Buffet ",34,1,3.7,"motorcycle",0,"Yes","Urban","Sunny","Jam",3,"N",15
30,"Snack ",30,8,4.5,"motorcycle",0,"No","Metropolitan","Stormy","Jam ",1,"N",5
33,"Snack ",33,8,4.2,"scooter",2,"No","Semi-Urban","Sandstorms","High ",1,"Y",15
44,"Snack ",24,9,4.6,"motorcycle",2,"No","Metropolitan","Cloudy","Jam ",2,"N",10
22,"Drinks ",25,8,4.7,"motorcycle",0,"No","Metropolitan","Fog","High ",0,"N",15
26,"Snack ",23,17,4.9,"scooter",0,"No","Metropolitan","Cloudy","Medium",1,"N",10
21,"Meal ",28,18,4.5,"scooter",2,"No","Metropolitan","Fog","Jam ",1,"N",5
15,"Meal ",32,22,4.7,"motorcycle",0,"No","Semi-Urban","Sandstorms","Medium",1,"Y",10
16,"Meal ",21,12,5,"motorcycle",1,"No","Metropolitan","Windy","Jam ",1,"N",10
21,"Buffet ",35,22,4.8,"motorcycle",0,"No","Urban","Cloudy","Low",0,"N",10
26,"Snack ",26,17,4.6,"motorcycle",1,"No","Metropolitan","Fog","Low ",0,"N",10
26,"Meal ",25,17,4.6,"scooter",2,"No","Urban","Windy","Medium",1,"Y",15
45,"Buffet ",39,2,4.2,"motorcycle",0,"No","Urban","Sandstorms","High ",0,"N",15
19,"Meal ",26,23,4.8,"motorcycle",0,"No","Metropolitan","Sunny","Jam ",1,"N",15
44,"Buffet ",33,3,4.2,"motorcycle",0,"No","Metropolitan","Windy","Jam ",1,"N",10
34,"Buffet ",38,9,4.8,"motorcycle",2,"No","Urban","Sandstorms","Jam ",1,"Y",10
18,"Buffet ",27,7,4.6,"motorcycle",0,"No","Urban","Stormy","Medium",0,"N",5
31,"Snack ",39,3,3.5,"motorcycle",1,"No","Semi-Urban","Sunny","Low ",1,"Y",25
15,"Buffet ",35,19,4.8,"motorcycle",0,"No","Urban","Sunny","Low ",0,"N",15
21,"Buffet ",27,14,4.9,"motorcycle",2,"No","Metropolitan","Windy","Low ",0,"N",15
24,"Drinks ",31,21,4.8,"motorcycle",1,"No","Metropolitan","Fog","Low ",1,"N",5
13,"Buffet ",25,21,4.7,"motorcycle",1,"No","Metropolitan","Fog","Medium",0,"N",5
51,"Meal ",27,22,4.6,"scooter",0,"No","Urban","Fog","Jam ",3,"N",15
16,"Drinks ",37,17,4.8,"scooter",1,"No","Urban","Sandstorms","Jam",1,"Y",10
21,"Buffet ",21,16,4.7,"electric_scooter",2,"No","Semi-Urban","Stormy","Medium",0,"N",5
28,"Drinks ",26,18,4.6,"motorcycle",0,"No","Semi-Urban","Sunny","Medium",1,"N",5
26,"Drinks ",33,23,4.9,"motorcycle",2,"No","Metropolitan","Windy","Medium",1,"N",15
14,"Snack ",25,23,4.8,"electric_scooter",1,"No","Metropolitan","Stormy","Low ",0,"N",15
39,"Buffet ",30,19,3.3,"scooter",1,"No","Metropolitan","Sunny","Low ",2,"N",10
18,"Drinks ",26,15,4.8,"motorcycle",1,"No","Urban","Stormy","Low",1,"N",15
16,"Drinks ",25,2,4.7,"scooter",1,"No","Semi-Urban","Sunny","Jam ",0,"N",10
30,"Buffet ",35,22,4.9,"motorcycle",2,"No","Urban","Sunny","Jam",0,"N",15
34,"Meal ",31,3,4.6,"electric_scooter",2,"No","Metropolitan","Stormy","Jam ",0,"N",5
30,"Buffet ",28,22,4.6,"motorcycle",0,"No","Urban","Fog","Jam",1,"N",5
23,"Buffet ",25,23,4.6,"scooter",2,"No","Metropolitan","Windy","Jam ",1,"N",10
34,"Buffet ",25,22,4.6,"motorcycle",0,"No","Metropolitan","Windy","Medium",0,"N",5
28,"Buffet ",24,9,4.6,"scooter",1,"No","Metropolitan","Stormy","Medium",1,"Y",10
20,"Meal ",39,7,4.7,"motorcycle",1,"No","Metropolitan","Sunny","Medium",0,"Y",5
37,"Meal ",20,19,4.7,"scooter",0,"No","Semi-Urban","Stormy","Medium",1,"N",5
33,"Drinks ",36,19,4.6,"motorcycle",2,"No","Urban","Windy","Jam",0,"N",10
30,"Snack ",37,18,4.6,"motorcycle",0,"No","Urban","Stormy","Medium",1,"N",10
28,"Meal ",25,3,4.5,"scooter",2,"No","Metropolitan","Windy","Medium",1,"Y",10
11,"Snack ",34,23,4.8,"electric_scooter",2,"No","Urban","Stormy","Low",0,"N",5
29,"Snack ",27,21,4.9,"scooter",1,"No","Semi-Urban","Sandstorms","Low",1,"N",10
28,"Meal ",27,3,4.5,"electric_scooter",0,"No","Metropolitan","Cloudy","Low ",0,"N",10
39,"Meal ",23,21,5,"electric_scooter",1,"No","Metropolitan","Cloudy","Jam ",2,"N",10
32,"Drinks ",39,12,4.7,"motorcycle",0,"No","Metropolitan","Windy","High ",1,"N",10
40,"Meal ",34,17,4.1,"motorcycle",0,"No","Metropolitan","Stormy","Jam ",1,"N",5
31,"Snack ",24,6,3.9,"electric_scooter",1,"No","Urban","Stormy","Jam ",1,"Y",10
24,"Snack ",31,17,4.9,"scooter",2,"No","Urban","Windy","Low ",1,"N",10
23,"Buffet ",30,21,4.8,"motorcycle",1,"No","Semi-Urban","Sandstorms","Medium",1,"Y",15
33,"Snack ",31,8,4.6,"scooter",1,"No","Metropolitan","Fog","Medium",1,"N",5
31,"Snack ",20,4,3.7,"scooter",2,"No","Metropolitan","Stormy","Medium",1,"N",15
32,"Buffet ",37,5,3.8,"scooter",2,"No","Metropolitan","Cloudy","Low ",1,"N",10
21,"Snack ",22,6,4.8,"electric_scooter",1,"No","Urban","Sandstorms","Jam ",0,"N",10
54,"Snack ",25,19,4.4,"motorcycle",0,"No","Metropolitan","Stormy","Jam ",0,"Y",5
26,"Drinks ",21,21,4.5,"scooter",2,"No","Urban","Sunny","Medium",1,"N",5
20,"Drinks ",38,23,4.8,"motorcycle",0,"No","Urban","Stormy","Low",0,"N",10
26,"Drinks ",30,19,4.7,"motorcycle",0,"No","Urban","Cloudy","Low ",0,"N",15
38,"Snack ",20,2,3.9,"electric_scooter",2,"No","Urban","Sandstorms","Jam ",2,"Y",5
15,"Buffet ",37,19,4.7,"electric_scooter",2,"No","Urban","Stormy","Medium",1,"N",15
34,"Drinks ",23,8,4.7,"scooter",0,"No","Metropolitan","Windy","Medium",0,"N",15
41,"Meal ",30,8,4.7,"scooter",0,"No","Metropolitan","Fog","Low ",1,"N",15
39,"Drinks ",39,9,4.9,"motorcycle",0,"No","Metropolitan","Fog","Medium",1,"N",10
38,"Buffet ",29,16,4.8,"electric_scooter",2,"No","Metropolitan","Fog","High ",0,"Y",15
33,"Buffet ",29,23,4.6,"motorcycle",0,"No","Metropolitan","Stormy","Jam ",1,"N",10
16,"Drinks ",39,18,5,"motorcycle",2,"No","Urban","Sunny","Low ",0,"N",15
29,"Drinks ",38,15,4.9,"motorcycle",1,"No","Semi-Urban","Stormy","Medium",1,"N",15
49,"Buffet ",24,16,4.8,"motorcycle",0,"No","Metropolitan","Fog","Jam ",0,"N",15
22,"Buffet ",26,23,4.7,"motorcycle",0,"No","Metropolitan","Stormy","Low ",0,"Y",5
35,"Meal ",25,2,3.8,"motorcycle",1,"No","Metropolitan","Sunny","Low ",2,"N",10
28,"Snack ",32,12,4.8,"electric_scooter",1,"No","Metropolitan","Fog","Jam ",1,"N",5
38,"Buffet ",28,17,4.1,"electric_scooter",1,"No","Semi-Urban","Stormy","Medium",1,"N",10
26,"Buffet ",33,19,4.8,"electric_scooter",2,"No","Metropolitan","Stormy","High ",0,"Y",15
30,"Buffet ",24,6,4.6,"scooter",2,"No","Metropolitan","Stormy","Medium",1,"N",5
26,"Snack ",25,22,4.6,"scooter",2,"No","Semi-Urban","Sunny","Low ",0,"N",5
31,"Drinks ",27,1,4.2,"scooter",1,"No","Urban","Fog","High ",1,"N",15
23,"Snack ",29,21,4.8,"scooter",1,"No","Metropolitan","Sandstorms","Low ",1,"N",10
29,"Drinks ",22,1,4.7,"motorcycle",1,"No","Metropolitan","Fog","Jam ",1,"N",15
22,"Snack ",25,17,4.6,"motorcycle",1,"No","Urban","Sandstorms","Medium",0,"N",5
32,"Snack ",28,13,4.1,"motorcycle",0,"No","Metropolitan","Sandstorms","Jam ",0,"N",10
15,"Buffet ",35,16,4.8,"motorcycle",1,"No","Urban","Stormy","Low",1,"Y",15
26,"Buffet ",37,19,4.6,"motorcycle",1,"No","Urban","Windy","Jam",1,"Y",5
23,"Meal ",25,3,4.1,"scooter",0,"No","Urban","Windy","Low",0,"N",10
15,"Drinks ",36,21,4.8,"motorcycle",2,"No","Urban","Cloudy","Low",0,"N",10
36,"Buffet ",28,21,4.6,"motorcycle",0,"No","Metropolitan","Fog","Medium",0,"Y",15
23,"Buffet ",30,9,4.9,"electric_scooter",1,"No","Metropolitan","Windy","Low ",1,"N",15
25,"Drinks ",31,13,5,"motorcycle",2,"No","Metropolitan","Stormy","Low ",0,"N",5
26,"Snack ",23,23,4.6,"motorcycle",0,"No","Metropolitan","Fog","Low ",0,"N",15
36,"Meal ",38,4,4.6,"motorcycle",0,"No","Metropolitan","Fog","Medium",1,"N",5
48,"Drinks ",30,13,4.6,"electric_scooter",0,"No","Metropolitan","Fog","Medium",1,"N",10
24,"Drinks ",20,19,4.9,"motorcycle",0,"No","Urban","Stormy","Low",0,"N",5
29,"Meal ",31,3,4.6,"scooter",0,"No","Metropolitan","Sandstorms","Low ",1,"N",5
29,"Meal ",23,5,4.9,"scooter",2,"No","Metropolitan","Sandstorms","Jam ",1,"N",5
39,"Snack ",24,1,4,"electric_scooter",0,"No","Metropolitan","Windy","Jam ",0,"N",5
19,"Snack ",34,19,4.9,"scooter",2,"No","Metropolitan","Fog","Medium",1,"N",5
34,"Meal ",29,23,4.9,"motorcycle",0,"No","Metropolitan","Stormy","High ",1,"N",10
24,"Snack ",22,3,4.8,"motorcycle",0,"No","Urban","Windy","Medium",0,"N",5
29,"Drinks ",39,23,5,"electric_scooter",0,"No","Metropolitan","Sandstorms","Jam ",1,"N",15
36,"Drinks ",32,21,4.1,"scooter",2,"No","Semi-Urban","Stormy","Jam",1,"N",5
20,"Buffet ",22,23,4.7,"scooter",2,"No","Metropolitan","Sandstorms","Low ",1,"N",5
26,"Snack ",33,15,4.6,"scooter",2,"No","Semi-Urban","Windy","Jam ",0,"N",10
27,"Meal ",33,16,4.6,"motorcycle",2,"No","Metropolitan","Fog","Jam",1,"Y",5
18,"Meal ",26,8,4.7,"electric_scooter",2,"No","Urban","Sandstorms","Low ",1,"N",10
23,"Drinks ",27,3,4.9,"motorcycle",0,"No","Metropolitan","Fog","Low ",1,"Y",5
21,"Buffet ",23,22,4.7,"motorcycle",0,"No","Urban","Stormy","Low",1,"N",5
27,"Meal ",21,19,4.6,"electric_scooter",2,"No","Metropolitan","Stormy","Medium",1,"Y",15
16,"Drinks ",33,18,4.7,"scooter",2,"No","Urban","Stormy","Low",0,"N",10
24,"Snack ",29,18,4.7,"scooter",0,"No","Metropolitan","Sunny","Low ",0,"N",5
19,"Buffet ",31,23,4.7,"scooter",1,"No","Metropolitan","Windy","High ",1,"N",5
22,"Snack ",37,15,4.7,"motorcycle",0,"No","Urban","Windy","Low",1,"N",5
41,"Drinks ",39,2,3.7,"scooter",1,"Yes","Urban","Sandstorms","Jam ",0,"N",10
43,"Meal ",21,16,4.9,"motorcycle",2,"No","Metropolitan","Fog","Jam",1,"Y",10
30,"Buffet ",35,4,4.6,"motorcycle",0,"No","Urban","Windy","Medium",1,"Y",5
43,"Snack ",24,22,4.3,"motorcycle",0,"Yes","Metropolitan","Fog","Low ",3,"Y",15
15,"Drinks ",31,23,4.6,"scooter",1,"No","Urban","Sandstorms","Low",1,"Y",15
20,"Buffet ",37,15,4.9,"motorcycle",1,"No","Metropolitan","Sunny","Jam ",1,"N",10
22,"Snack ",38,17,4.7,"scooter",1,"No","Urban","Sunny","Jam ",0,"Y",5
36,"Snack ",23,13,4.2,"motorcycle",0,"No","Metropolitan","Stormy","Medium",1,"N",5
23,"Drinks ",23,23,4.9,"motorcycle",0,"No","Metropolitan","Windy","Jam ",1,"Y",5
11,"Meal ",28,16,4.5,"scooter",2,"No","Metropolitan","Fog","Low ",0,"N",10
18,"Drinks ",22,18,4.7,"scooter",1,"No","Metropolitan","Sandstorms","Low ",0,"Y",10
21,"Snack ",20,22,4.5,"motorcycle",1,"No","Metropolitan","Windy","Jam ",0,"N",10
38,"Meal ",20,4,4.9,"scooter",2,"No","Metropolitan","Fog","Jam ",1,"N",5
20,"Buffet ",28,17,4.7,"motorcycle",0,"No","Semi-Urban","Fog","Low ",0,"Y",5
18,"Drinks ",36,18,4.7,"motorcycle",2,"No","Metropolitan","Windy","Low ",1,"N",5
29,"Meal ",22,6,4.5,"motorcycle",1,"No","Semi-Urban","Cloudy","Medium",1,"N",5
26,"Snack ",20,17,5,"motorcycle",2,"No","Metropolitan","Sandstorms","High ",1,"N",10
26,"Snack ",36,21,4.6,"motorcycle",0,"No","Urban","Stormy","Low",1,"N",30
21,"Drinks ",37,9,4.6,"motorcycle",0,"No","Metropolitan","Cloudy","High ",1,"N",10
36,"Drinks ",36,1,4.1,"motorcycle",2,"No","Urban","Fog","Medium",0,"N",15
28,"Meal ",24,7,4.9,"electric_scooter",2,"No","Semi-Urban","Sunny","Low ",0,"Y",15
15,"Buffet ",38,23,4.7,"scooter",0,"No","Urban","Cloudy","Low",1,"N",5
17,"Drinks ",20,23,5,"electric_scooter",1,"No","Metropolitan","Sunny","Low ",0,"N",15
24,"Buffet ",22,23,4.6,"motorcycle",0,"No","Metropolitan","Fog","Low ",1,"N",5
15,"Snack ",24,15,4.6,"electric_scooter",2,"No","Metropolitan","Stormy","Jam ",0,"N",5
38,"Snack ",21,6,4.2,"scooter",1,"No","Metropolitan","Fog","Medium",2,"N",15
28,"Buffet ",23,12,4.9,"scooter",0,"No","Metropolitan","Windy","Medium",1,"Y",10
24,"Buffet ",38,6,4.2,"motorcycle",0,"No","Urban","Sandstorms","Low",1,"N",10
23,"Snack ",27,15,4.9,"motorcycle",0,"No","Urban","Windy","Medium",1,"N",15
25,"Buffet ",30,18,4.6,"electric_scooter",1,"No","Metropolitan","Stormy","Medium",0,"N",10
49,"Snack ",31,9,4.1,"electric_scooter",1,"No","Urban","Cloudy","Jam ",2,"N",10
19,"Snack ",29,12,4.9,"motorcycle",1,"No","Metropolitan","Sunny","Low ",0,"N",15
31,"Snack ",39,22,4.8,"scooter",2,"No","Metropolitan","Fog","Jam ",0,"N",15
37,"Snack ",27,15,4.9,"scooter",0,"No","Metropolitan","Fog","Medium",1,"N",10
39,"Snack ",30,23,4.7,"electric_scooter",2,"No","Metropolitan","Cloudy","Jam ",1,"N",5
47,"Snack ",26,11,4.1,"motorcycle",2,"No","Metropolitan","Cloudy","Jam ",1,"N",5
16,"Buffet ",24,22,4.7,"motorcycle",0,"No","Urban","Sandstorms","High",1,"N",15
16,"Buffet ",25,17,4.7,"electric_scooter",1,"No","Metropolitan","Stormy","High ",0,"N",10
18,"Meal ",23,9,4.8,"electric_scooter",2,"No","Metropolitan","Windy","Low ",0,"Y",10
30,"Buffet ",27,14,4.5,"motorcycle",1,"No","Urban","Windy","Medium",1,"Y",10
22,"Drinks ",30,16,4.8,"scooter",2,"No","Urban","Sandstorms","Jam",1,"N",10
26,"Buffet ",27,9,4.9,"motorcycle",2,"No","Semi-Urban","Sandstorms","Medium",1,"Y",5
32,"Drinks ",20,11,4,"motorcycle",0,"No","Metropolitan","Sandstorms","Medium",1,"N",5
22,"Drinks ",22,8,4.8,"scooter",2,"No","Urban","Fog","High ",0,"N",10
22,"Buffet ",35,23,4.9,"electric_scooter",2,"No","Urban","Sandstorms","Medium",0,"N",5
31,"Buffet ",27,3,4.5,"scooter",1,"No","Metropolitan","Sandstorms","Medium",1,"N",10
29,"Meal ",34,2,4.8,"motorcycle",0,"No","Semi-Urban","Sunny","Jam ",1,"N",15
17,"Meal ",30,21,4.6,"scooter",0,"No","Urban","Sandstorms","High",1,"N",5
15,"Meal ",24,13,4.7,"electric_scooter",2,"No","Semi-Urban","Cloudy","Low ",0,"Y",5
30,"Meal ",21,2,4.7,"motorcycle",1,"No","Urban","Windy","Medium",1,"N",15
23,"Drinks ",28,13,4.3,"motorcycle",0,"No","Metropolitan","Stormy","Low ",1,"N",10
24,"Drinks ",20,19,4.6,"scooter",1,"No","Urban","Sandstorms","Medium",0,"N",15
26,"Meal ",30,14,5,"motorcycle",1,"No","Metropolitan","Sandstorms","High ",1,"N",15
24,"Snack ",23,12,4.8,"motorcycle",1,"No","Metropolitan","Windy","Medium",1,"N",15
48,"Snack ",20,12,4.8,"motorcycle",0,"No","Metropolitan","Stormy","Jam ",2,"N",10
23,"Meal ",20,4,4.5,"scooter",0,"No","Urban","Sunny","Medium",1,"N",15
19,"Buffet ",25,16,4.7,"electric_scooter",1,"No","Urban","Stormy","High",1,"N",5
41,"Meal ",24,16,5,"scooter",0,"No","Metropolitan","Sunny","Medium",2,"Y",10
16,"Meal ",32,21,4.8,"scooter",1,"No","Urban","Sunny","Low ",0,"N",25
40,"Meal ",37,12,4.9,"motorcycle",0,"Yes","Metropolitan","Stormy","Jam ",1,"N",5
21,"Snack ",28,9,4.5,"scooter",2,"No","Metropolitan","Sandstorms","Medium",1,"N",15
21,"Buffet ",37,6,4.9,"electric_scooter",2,"No","Metropolitan","Sandstorms","Medium",0,"N",5
29,"Snack ",37,19,4.7,"electric_scooter",1,"No","Semi-Urban","Stormy","Low ",1,"Y",5
28,"Snack ",31,8,4.7,"motorcycle",0,"No","Metropolitan","Sunny","Low ",1,"N",10
11,"Snack ",27,14,4.5,"scooter",1,"No","Metropolitan","Sunny","High ",0,"N",10
19,"Drinks ",20,18,4.5,"scooter",2,"No","Metropolitan","Sandstorms","Jam ",1,"Y",15
17,"Buffet ",28,22,4.7,"motorcycle",2,"No","Metropolitan","Stormy","Jam",1,"Y",10
25,"Buffet ",21,13,4.7,"electric_scooter",0,"No","Urban","Windy","Jam ",1,"Y",10
28,"Buffet ",37,4,4.6,"motorcycle",0,"No","Metropolitan","Sandstorms","Low ",0,"N",15
22,"Snack ",35,12,4.7,"electric_scooter",2,"No","Metropolitan","Stormy","Medium",1,"N",5
15,"Drinks ",34,6,5,"motorcycle",2,"No","Metropolitan","Stormy","Low ",0,"N",5
24,"Buffet ",32,14,4,"electric_scooter",0,"No","Metropolitan","Stormy","Low ",1,"N",15
37,"Buffet ",27,19,4.9,"scooter",0,"No","Urban","Fog","Jam",1,"N",15
22,"Buffet ",33,4,4,"motorcycle",0,"No","Metropolitan","Sandstorms","Low ",0,"Y",10
24,"Snack ",24,18,4.6,"scooter",0,"No","Urban","Fog","Low",1,"N",10
19,"Buffet ",21,15,4.9,"electric_scooter",1,"No","Metropolitan","Cloudy","Low ",0,"N",15
35,"Meal ",37,9,4.5,"scooter",2,"No","Semi-Urban","Stormy","Jam ",1,"Y",10
31,"Snack ",37,16,4.3,"motorcycle",0,"No","Metropolitan","Stormy","Jam ",1,"N",10
23,"Snack ",27,23,4.6,"electric_scooter",0,"No","Urban","Sandstorms","Jam ",1,"N",5
26,"Buffet ",28,15,4.8,"motorcycle",0,"No","Metropolitan","Cloudy","Jam",1,"N",10
24,"Snack ",29,13,5,"motorcycle",1,"No","Metropolitan","Stormy","Low ",0,"Y",10
20,"Meal ",24,18,4.7,"motorcycle",0,"No","Semi-Urban","Cloudy","Low ",0,"N",5
18,"Snack ",36,23,4.9,"scooter",2,"No","Metropolitan","Cloudy","Low",1,"N",15
15,"Meal ",25,16,4.8,"motorcycle",2,"No","Urban","Sunny","Jam ",1,"Y",10
27,"Drinks ",31,18,4.7,"electric_scooter",2,"No","Metropolitan","Sandstorms","Jam ",1,"Y",10
23,"Snack ",26,23,4.6,"scooter",0,"No","Metropolitan","Fog","Low",1,"N",5
31,"Drinks ",37,9,4.8,"motorcycle",0,"No","Metropolitan","Sandstorms","Medium",0,"N",15
38,"Drinks ",29,3,3.5,"electric_scooter",1,"No","Urban","Windy","Jam ",2,"Y",5
41,"Snack ",21,3,4.7,"scooter",1,"No","Semi-Urban","Fog","Jam ",1,"N",15
29,"Drinks ",21,23,4.9,"scooter",1,"No","Urban","Stormy","Medium",0,"Y",15
19,"Snack ",21,21,4.7,"motorcycle",2,"No","Urban","Sandstorms","Jam",1,"Y",5
29,"Meal ",36,23,4.6,"scooter",2,"No","Metropolitan","Sandstorms","Jam ",1,"N",15
25,"Snack ",39,6,4.5,"motorcycle",0,"No","Metropolitan","Sunny","Jam ",1,"N",10
23,"Buffet ",38,8,4.8,"scooter",2,"No","Semi-Urban","Sunny","High ",1,"Y",5
22,"Snack ",33,3,4.3,"scooter",0,"No","Metropolitan","Sandstorms","Low",1,"Y",10
52,"Buffet ",31,9,4,"motorcycle",0,"No","Urban","Windy","Jam ",1,"N",10
27,"Drinks ",25,4,4.5,"motorcycle",0,"No","Urban","Stormy","Low",1,"N",5
18,"Meal ",20,17,4.8,"motorcycle",2,"No","Metropolitan","Sandstorms","Low ",1,"N",10
16,"Drinks ",34,23,4.8,"motorcycle",1,"No","Metropolitan","Sunny","Jam ",0,"N",5
16,"Buffet ",39,21,4.7,"motorcycle",2,"No","Metropolitan","Sunny","Jam ",1,"N",5
40,"Snack ",25,7,4.7,"scooter",0,"No","Metropolitan","Cloudy","Jam ",0,"N",10
37,"Meal ",33,14,4.2,"motorcycle",0,"No","Semi-Urban","Fog","Low ",0,"Y",10
30,"Drinks ",31,21,4.7,"motorcycle",1,"No","Metropolitan","Cloudy","High ",1,"N",15
26,"Drinks ",33,13,4.6,"motorcycle",1,"No","Metropolitan","Stormy","Low ",0,"Y",5
24,"Snack ",35,5,4.9,"motorcycle",2,"No","Metropolitan","Stormy","Low ",1,"Y",5
15,"Drinks ",26,9,4.8,"scooter",1,"No","Metropolitan","Windy","Low ",1,"N",15
39,"Snack ",34,13,4.4,"electric_scooter",1,"No","Metropolitan","Fog","Jam ",1,"N",10
41,"Snack ",30,1,4.2,"motorcycle",0,"No","Urban","Sunny","High ",1,"N",15
33,"Snack ",31,6,4.4,"electric_scooter",0,"No","Metropolitan","Windy","Jam ",1,"N",5
37,"Snack ",25,7,3.8,"motorcycle",1,"No","Metropolitan","Windy","Jam ",1,"N",10
11,"Snack ",36,9,4.9,"scooter",2,"No","Metropolitan","Cloudy","Low ",0,"N",15
41,"Drinks ",22,3,4.8,"motorcycle",0,"No","Metropolitan","Cloudy","Jam ",1,"N",15
24,"Meal ",26,5,4.7,"motorcycle",0,"No","Semi-Urban","Sunny","High ",1,"N",5
32,"Drinks ",20,3,4,"motorcycle",0,"No","Semi-Urban","Stormy","Medium",0,"Y",10
27,"Drinks ",32,6,4.6,"scooter",2,"No","Metropolitan","Stormy","Medium",1,"N",10
15,"Meal ",28,23,4.8,"scooter",2,"No","Urban","Sandstorms","Medium",0,"Y",5
22,"Drinks ",27,5,4.8,"motorcycle",2,"No","Metropolitan","Windy","Jam ",0,"N",5
26,"Buffet ",36,7,4.5,"electric_scooter",2,"No","Semi-Urban","Sandstorms","Medium",1,"Y",5
26,"Buffet ",21,12,5,"electric_scooter",0,"No","Metropolitan","Sunny","Medium",0,"N",5
23,"Drinks ",20,6,4.4,"motorcycle",0,"No","Metropolitan","Windy","Low ",1,"N",5
29,"Drinks ",35,15,4.9,"scooter",2,"No","Urban","Stormy","Medium",1,"N",15
27,"Snack ",24,9,4.8,"motorcycle",1,"No","Metropolitan","Windy","Jam ",1,"Y",5
18,"Meal ",32,6,4.7,"scooter",1,"No","Metropolitan","Sandstorms","Jam ",0,"N",10
27,"Drinks ",21,23,4.7,"motorcycle",1,"No","Urban","Fog","Jam ",1,"N",5
25,"Snack ",26,21,4.3,"motorcycle",0,"No","Semi-Urban","Windy","Low ",1,"N",10
20,"Buffet ",24,2,4.6,"scooter",2,"No","Metropolitan","Stormy","Low ",1,"N",10
28,"Meal ",25,21,4.9,"scooter",0,"No","Metropolitan","Fog","Low ",0,"N",5
33,"Drinks ",24,9,3.9,"electric_scooter",2,"No","Semi-Urban","Stormy","Low ",1,"Y",10
40,"Drinks ",24,1,4.1,"motorcycle",0,"No","Metropolitan","Stormy","High ",1,"N",15
19,"Snack ",37,18,4.9,"motorcycle",2,"No","Metropolitan","Sunny","Medium",0,"N",5
19,"Snack ",36,9,4.9,"scooter",1,"No","Urban","Sunny","Low ",0,"N",15
28,"Drinks ",37,13,4.6,"motorcycle",1,"No","Metropolitan","Cloudy","Low ",0,"N",15
24,"Snack ",38,3,4.9,"motorcycle",0,"No","Metropolitan","Sunny","Low ",1,"N",15
51,"Meal ",34,1,4.4,"motorcycle",0,"No","Metropolitan","Stormy","Jam ",3,"N",10
23,"Meal ",39,12,4.7,"scooter",1,"No","Metropolitan","Fog","High ",1,"N",10
34,"Drinks ",30,21,4.9,"motorcycle",0,"No","Metropolitan","Sunny","Medium",1,"N",10
33,"Snack ",37,12,4.9,"motorcycle",1,"No","Urban","Cloudy","High ",1,"N",5
14,"Buffet ",33,15,4.9,"motorcycle",2,"No","Metropolitan","Sandstorms","High",0,"N",15
24,"Buffet ",35,1,4.5,"motorcycle",0,"No","Urban","Windy","Medium",0,"N",10
39,"Drinks ",25,14,4.7,"motorcycle",0,"No","Metropolitan","Fog","Low ",1,"N",15
18,"Meal ",20,16,4.9,"motorcycle",1,"No","Metropolitan","Windy","High ",1,"Y",15
18,"Drinks ",20,12,5,"electric_scooter",2,"No","Semi-Urban","Sunny","Low ",1,"N",5
13,"Snack ",29,23,5,"motorcycle",1,"No","Metropolitan","Cloudy","Low ",0,"N",15
15,"Drinks ",29,16,4.7,"scooter",2,"No","Urban","Stormy","High",1,"N",10
32,"Drinks ",26,9,4.3,"scooter",2,"No","Urban","Sandstorms","Jam ",0,"N",15
29,"Drinks ",23,18,4.7,"scooter",2,"No","Metropolitan","Windy","Medium",0,"N",15
46,"Buffet ",23,2,4,"scooter",0,"No","Metropolitan","Sandstorms","Jam ",0,"Y",10
31,"Snack ",34,15,4.4,"motorcycle",1,"No","Metropolitan","Windy","Jam ",1,"N",5
41,"Drinks ",39,8,4.9,"electric_scooter",0,"No","Metropolitan","Cloudy","Medium",0,"N",5
32,"Buffet ",20,6,4.1,"electric_scooter",1,"No","Semi-Urban","Windy","Jam ",0,"N",15
21,"Snack ",39,18,5,"electric_scooter",2,"No","Metropolitan","Sandstorms","Jam ",0,"N",10
26,"Snack ",38,21,4.5,"motorcycle",0,"No","Metropolitan","Sunny","High ",0,"N",10
15,"Drinks ",32,22,4.7,"motorcycle",1,"No","Metropolitan","Sunny","High ",1,"Y",10
26,"Snack ",23,5,4.7,"motorcycle",0,"No","Metropolitan","Windy","Medium",0,"Y",5
15,"Buffet ",38,5,4.8,"scooter",1,"No","Semi-Urban","Sunny","Medium",0,"N",5
37,"Drinks ",22,13,4,"electric_scooter",2,"No","Metropolitan","Cloudy","Medium",1,"Y",10
32,"Snack ",26,4,4.8,"scooter",1,"No","Metropolitan","Fog","Jam ",1,"N",5
32,"Drinks ",31,9,4.2,"motorcycle",0,"No","Metropolitan","Windy","Low ",1,"Y",5
17,"Snack ",20,18,4.5,"motorcycle",1,"No","Metropolitan","Sunny","Jam ",1,"N",15
26,"Buffet ",20,16,4.5,"motorcycle",0,"No","Urban","Stormy","Low ",1,"N",15
29,"Meal ",31,7,5,"electric_scooter",2,"No","Semi-Urban","Sandstorms","Low ",1,"N",5
25,"Drinks ",34,15,4.9,"motorcycle",1,"No","Metropolitan","Stormy","Low ",0,"Y",10
23,"Meal ",31,19,4.9,"motorcycle",0,"No","Urban","Sunny","Low ",1,"N",5
19,"Drinks ",37,2,4.9,"scooter",1,"No","Urban","Sunny","Jam",1,"N",15
33,"Meal ",30,13,4.2,"electric_scooter",0,"No","Metropolitan","Sunny","Jam ",1,"N",15
29,"Drinks ",30,15,4.7,"scooter",1,"No","Urban","Stormy","High",1,"Y",15
29,"Meal ",37,12,4.5,"electric_scooter",2,"No","Metropolitan","Stormy","Low ",1,"N",15
19,"Drinks ",20,19,4.6,"motorcycle",1,"No","Metropolitan","Sandstorms","Low ",1,"N",10
26,"Buffet ",31,15,4.8,"scooter",0,"No","Metropolitan","Cloudy","High ",1,"N",15
26,"Drinks ",39,21,4.6,"scooter",1,"No","Urban","Sandstorms","Low",0,"N",15
36,"Drinks ",36,15,4.9,"motorcycle",2,"No","Urban","Cloudy","High",1,"N",10
24,"Snack ",27,4,4.7,"motorcycle",1,"No","Metropolitan","Windy","Low ",1,"N",15
29,"Meal ",37,3,4.8,"motorcycle",2,"No","Semi-Urban","Fog","High ",1,"N",5
24,"Snack ",26,21,4.6,"motorcycle",0,"No","Metropolitan","Cloudy","Low ",1,"N",30
18,"Buffet ",29,12,4.8,"motorcycle",2,"No","Metropolitan","Sunny","Medium",1,"N",10
21,"Drinks ",37,15,4.8,"motorcycle",1,"No","Metropolitan","Stormy","Medium",1,"Y",15
33,"Meal ",23,2,4.2,"electric_scooter",2,"No","Metropolitan","Cloudy","Jam ",0,"N",15
35,"Buffet ",29,16,4.1,"motorcycle",1,"No","Urban","Windy","Medium",1,"N",10
26,"Drinks ",25,18,4.6,"motorcycle",0,"No","Urban","Sunny","Jam ",1,"Y",15
25,"Snack ",34,22,4.8,"electric_scooter",1,"No","Urban","Windy","Jam",0,"N",10
26,"Meal ",20,9,4.6,"scooter",1,"No","Urban","Windy","Medium",0,"N",5
29,"Snack ",26,6,4.8,"motorcycle",2,"No","Semi-Urban","Sunny","Low ",1,"N",5
33,"Drinks ",27,15,4,"motorcycle",0,"No","Semi-Urban","Windy","Low ",1,"Y",20
14,"Buffet ",34,17,5,"electric_scooter",0,"No","Metropolitan","Sunny","Low",0,"N",10
31,"Drinks ",35,16,4.7,"motorcycle",0,"No","Metropolitan","Sandstorms","Medium",0,"Y",5
13,"Snack ",22,12,4.8,"scooter",1,"No","Metropolitan","Sunny","Low ",0,"Y",15
19,"Drinks ",38,3,4.5,"scooter",0,"No","Urban","Sunny","Low",1,"N",15
22,"Meal ",22,21,4.7,"motorcycle",2,"No","Urban","Sandstorms","Medium",1,"N",10
41,"Snack ",24,9,4,"motorcycle",0,"No","Metropolitan","Sandstorms","Jam ",2,"Y",5
19,"Drinks ",38,17,4.6,"motorcycle",1,"No","Metropolitan","Sunny","Jam ",0,"N",5
22,"Buffet ",29,16,4.7,"motorcycle",1,"No","Urban","Sandstorms","Medium",1,"Y",15
27,"Buffet ",21,23,4.9,"electric_scooter",2,"No","Metropolitan","Sandstorms","Jam ",1,"N",5
31,"Buffet ",34,5,4.3,"electric_scooter",0,"No","Metropolitan","Fog","Jam ",1,"Y",15
33,"Snack ",22,18,4.8,"motorcycle",1,"No","Urban","Stormy","High",1,"N",15
26,"Drinks ",35,1,4.1,"motorcycle",0,"No","Urban","Stormy","Low",1,"N",15
16,"Meal ",33,15,4.8,"scooter",2,"No","Urban","Fog","Low",1,"Y",5
29,"Meal ",34,9,5,"electric_scooter",2,"No","Urban","Stormy","Jam ",1,"N",5
17,"Drinks ",30,14,4.7,"motorcycle",1,"No","Metropolitan","Sandstorms","Jam ",1,"N",10
12,"Meal ",26,1,4.8,"scooter",1,"No","Metropolitan","Cloudy","Medium",0,"N",10
16,"Buffet ",33,15,4.9,"scooter",2,"No","Urban","Stormy","Low",1,"N",5
29,"Drinks ",39,13,4.6,"electric_scooter",2,"No","Metropolitan","Fog","Jam ",1,"N",15
26,"Buffet ",24,23,4.4,"motorcycle",0,"No","Metropolitan","Stormy","Low ",1,"N",10
33,"Drinks ",20,1,4,"motorcycle",1,"No","Metropolitan","Stormy","Jam ",1,"N",5
22,"Meal ",39,23,4.6,"electric_scooter",2,"No","Metropolitan","Windy","Low ",1,"Y",10
11,"Drinks ",38,4,4.5,"electric_scooter",1,"No","Semi-Urban","Stormy","Low ",1,"N",10
27,"Drinks ",34,3,5,"scooter",1,"No","Urban","Sunny","Medium",1,"N",10
45,"Drinks ",25,21,4.9,"scooter",0,"No","Semi-Urban","Cloudy","Jam",1,"N",5
27,"Drinks ",21,3,4.9,"motorcycle",0,"No","Urban","Stormy","High ",1,"Y",5
29,"Meal ",35,4,4.6,"electric_scooter",2,"No","Metropolitan","Windy","Medium",1,"N",5
36,"Buffet ",27,17,4.8,"electric_scooter",0,"No","Metropolitan","Sunny","Jam ",1,"N",10
43,"Meal ",21,9,4.9,"electric_scooter",0,"No","Metropolitan","Cloudy","Medium",1,"N",10
32,"Snack ",34,2,4.4,"scooter",0,"No","Urban","Windy","High ",0,"Y",10
21,"Drinks ",34,5,4.9,"scooter",1,"No","Metropolitan","Windy","Low ",1,"N",15
32,"Buffet ",22,5,4.5,"scooter",2,"No","Urban","Windy","Jam ",1,"N",15
24,"Buffet ",34,15,4.9,"scooter",1,"No","Metropolitan","Stormy","Low ",1,"Y",5
21,"Drinks ",25,4,5,"electric_scooter",2,"No","Metropolitan","Windy","Medium",1,"N",10
26,"Buffet ",39,23,4.6,"motorcycle",0,"No","Metropolitan","Windy","Low ",1,"N",10
28,"Meal ",26,23,4.8,"scooter",1,"No","Metropolitan","Stormy","High ",0,"N",10
22,"Buffet ",20,14,4.7,"motorcycle",0,"No","Metropolitan","Cloudy","Jam ",1,"N",15
33,"Snack ",31,8,4.2,"motorcycle",0,"No","Metropolitan","Stormy","Medium",2,"N",10
44,"Snack ",27,23,4.6,"motorcycle",1,"No","Urban","Fog","Medium",2,"N",15
40,"Drinks ",27,6,4.9,"scooter",1,"No","Metropolitan","Fog","Jam ",2,"N",10
18,"Snack ",36,16,4.7,"scooter",1,"No","Metropolitan","Windy","Low ",0,"N",5
22,"Drinks ",36,22,4.8,"motorcycle",0,"No","Urban","Sandstorms","Low",1,"N",10
32,"Snack ",38,4,4.9,"motorcycle",1,"No","Metropolitan","Stormy","Medium",0,"N",10
25,"Snack ",25,3,4.8,"electric_scooter",2,"No","Urban","Windy","Medium",1,"Y",10
10,"Snack ",32,21,4.6,"scooter",2,"No","Urban","Sandstorms","Low",0,"N",5
44,"Snack ",28,19,4.8,"scooter",0,"No","Metropolitan","Sandstorms","Medium",0,"N",10
12,"Snack ",24,14,4.6,"electric_scooter",1,"No","Metropolitan","Windy","Jam ",1,"N",5
18,"Buffet ",30,6,4.7,"scooter",2,"No","Metropolitan","Fog","Medium",1,"N",10
21,"Buffet ",30,8,4.9,"motorcycle",0,"No","Metropolitan","Sandstorms","Jam ",1,"N",5
39,"Snack ",29,11,4.1,"scooter",1,"No","Metropolitan","Windy","Jam ",1,"N",15
18,"Meal ",24,22,4.9,"scooter",1,"No","Semi-Urban","Windy","Jam ",1,"N",5
11,"Drinks ",39,18,4.7,"electric_scooter",1,"No","Semi-Urban","Stormy","Low",0,"N",15
35,"Buffet ",38,17,3.9,"scooter",1,"No","Metropolitan","Cloudy","Low ",1,"Y",10
16,"Meal ",35,15,4.6,"scooter",2,"No","Metropolitan","Sunny","Jam ",0,"N",10
35,"Buffet ",38,12,4.2,"scooter",2,"No","Metropolitan","Cloudy","Jam ",0,"N",5
13,"Meal ",24,3,4.5,"motorcycle",1,"No","Metropolitan","Sandstorms","Low",0,"N",10
20,"Buffet ",24,14,4.7,"scooter",2,"No","Metropolitan","Windy","Jam ",1,"N",5
22,"Meal ",33,12,4.9,"electric_scooter",1,"No","Metropolitan","Stormy","Low ",0,"Y",10
29,"Snack ",28,6,4.7,"motorcycle",2,"No","Metropolitan","Fog","High ",1,"N",5
36,"Buffet ",29,9,5,"scooter",2,"No","Metropolitan","Fog","Jam ",2,"N",10
27,"Snack ",38,9,4.4,"motorcycle",0,"No","Urban","Windy","Low ",0,"N",10
22,"Snack ",26,15,4.8,"motorcycle",2,"No","Metropolitan","Stormy","Jam ",1,"Y",15
23,"Buffet ",27,18,4.6,"scooter",2,"No","Metropolitan","Sandstorms","Medium",1,"N",5
34,"Meal ",21,15,5,"motorcycle",0,"No","Metropolitan","Windy","Medium",1,"Y",15
28,"Meal ",28,19,4.9,"electric_scooter",2,"No","Metropolitan","Fog","Jam ",1,"N",10
31,"Snack ",34,2,4,"electric_scooter",0,"No","Metropolitan","Cloudy","High ",1,"N",10
26,"Meal ",30,23,4.5,"motorcycle",0,"No","Metropolitan","Stormy","Low ",1,"Y",5
24,"Meal ",20,19,4.7,"motorcycle",0,"No","Urban","Cloudy","Low",0,"N",5
25,"Meal ",35,15,5,"motorcycle",2,"No","Metropolitan","Fog","High ",1,"Y",10
44,"Drinks ",39,5,4.2,"electric_scooter",1,"No","Metropolitan","Windy","Jam ",1,"N",10
22,"Buffet ",20,14,4.7,"motorcycle",0,"No","Metropolitan","Cloudy","Jam ",1,"N",15
36,"Snack ",23,1,4.5,"electric_scooter",1,"No","Urban","Windy","Jam",1,"N",5
30,"Meal ",32,3,4.3,"scooter",0,"No","Semi-Urban","Stormy","Low ",0,"Y",10
36,"Buffet ",30,22,5,"motorcycle",0,"No","Metropolitan","Stormy","Jam ",1,"N",10
15,"Meal ",36,23,4.8,"electric_scooter",2,"No","Urban","Cloudy","Medium",0,"N",15
16,"Buffet ",22,14,4.9,"electric_scooter",2,"No","Metropolitan","Stormy","High ",1,"N",15
29,"Meal ",27,4,4.6,"motorcycle",2,"No","Metropolitan","Sunny","Jam ",1,"N",10
27,"Meal ",33,17,4.9,"motorcycle",0,"No","Metropolitan","Sunny","Low ",1,"Y",5
34,"Meal ",33,19,4.6,"motorcycle",0,"No","Metropolitan","Fog","Jam ",2,"N",5
16,"Drinks ",30,21,4.9,"electric_scooter",1,"No","Metropolitan","Cloudy","Low ",0,"N",20
33,"Buffet ",35,11,4.1,"electric_scooter",0,"No","Metropolitan","Sunny","Jam ",1,"Y",10
26,"Drinks ",32,9,4.5,"scooter",0,"No","Metropolitan","Stormy","Jam ",1,"Y",5
20,"Snack ",28,16,4.8,"electric_scooter",2,"No","Metropolitan","Windy","Low ",1,"N",5
15,"Buffet ",23,21,4.6,"motorcycle",1,"No","Urban","Cloudy","Medium",1,"N",5
29,"Buffet ",27,13,4.9,"scooter",1,"No","Metropolitan","Windy","Low ",1,"N",10
32,"Buffet ",29,8,5,"motorcycle",1,"No","Urban","Stormy","High ",1,"N",5
29,"Meal ",37,8,4.9,"electric_scooter",0,"No","Metropolitan","Sunny","High ",0,"N",5
32,"Snack ",25,9,4.9,"electric_scooter",2,"No","Urban","Stormy","High ",1,"Y",10
21,"Meal ",27,15,4.6,"motorcycle",1,"No","Metropolitan","Stormy","Medium",1,"N",5
44,"Buffet ",26,15,4.3,"motorcycle",2,"No","Metropolitan","Windy","Jam ",1,"Y",15
18,"Buffet ",28,12,4.5,"electric_scooter",2,"No","Semi-Urban","Fog","Medium",0,"N",15
15,"Drinks ",31,14,4.6,"motorcycle",0,"No","Metropolitan","Stormy","Low ",1,"N",15
15,"Meal ",30,22,4.6,"motorcycle",2,"No","Metropolitan","Fog","Medium",1,"N",5
26,"Meal ",35,16,4.6,"motorcycle",1,"No","Urban","Stormy","Jam",1,"N",5
26,"Drinks ",28,13,5,"electric_scooter",2,"No","Metropolitan","Sandstorms","Jam ",1,"Y",5
36,"Snack ",27,1,4.4,"electric_scooter",1,"No","Semi-Urban","Cloudy","Low ",0,"N",15
35,"Buffet ",30,3,4.8,"motorcycle",0,"No","Urban","Stormy","High ",1,"N",5
41,"Snack ",27,7,4,"motorcycle",0,"No","Metropolitan","Sandstorms","High ",1,"N",10
15,"Snack ",22,19,4.6,"motorcycle",0,"No","Metropolitan","Cloudy","Low",1,"N",5
24,"Snack ",33,19,4.8,"motorcycle",0,"No","Urban","Sandstorms","Jam",1,"Y",10
20,"Snack ",20,19,4.7,"motorcycle",1,"No","Urban","Stormy","Low",1,"N",15
28,"Meal ",26,21,4.9,"electric_scooter",0,"No","Metropolitan","Cloudy","High ",1,"Y",10
27,"Buffet ",21,21,4.7,"scooter",1,"No","Semi-Urban","Stormy","Jam ",0,"Y",5
17,"Meal ",28,9,4.7,"scooter",1,"No","Metropolitan","Sunny","Medium",1,"N",10
18,"Snack ",27,15,4.7,"scooter",2,"No","Semi-Urban","Stormy","Jam",0,"N",10
53,"Buffet ",36,2,4,"electric_scooter",0,"No","Metropolitan","Sandstorms","Jam ",3,"N",5
17,"Buffet ",27,14,5,"motorcycle",1,"No","Semi-Urban","Cloudy","Low ",1,"N",5
12,"Snack ",31,21,4.8,"scooter",2,"No","Metropolitan","Sunny","Low ",1,"Y",15
25,"Buffet ",25,18,4.1,"motorcycle",0,"No","Metropolitan","Stormy","Low ",1,"Y",5
15,"Meal ",38,3,4.5,"electric_scooter",2,"No","Metropolitan","Sandstorms","Medium",1,"N",10
20,"Buffet ",39,21,4.5,"scooter",1,"No","Urban","Windy","Low",0,"N",10
21,"Meal ",37,23,4.8,"electric_scooter",1,"No","Metropolitan","Stormy","Medium",1,"N",10
22,"Snack ",35,23,4.5,"scooter",1,"No","Metropolitan","Windy","High ",1,"Y",15
35,"Snack ",39,19,4.6,"motorcycle",0,"No","Metropolitan","Windy","Jam ",1,"N",5
11,"Drinks ",22,22,4.5,"scooter",1,"No","Urban","Sandstorms","Jam",0,"N",10
33,"Meal ",26,14,4.3,"scooter",1,"No","Urban","Windy","Jam ",1,"N",5
38,"Snack ",29,1,4.1,"electric_scooter",1,"No","Metropolitan","Sunny","Medium",1,"N",10
29,"Meal ",25,23,4.9,"motorcycle",0,"No","Urban","Windy","Medium",0,"N",10
25,"Snack ",38,2,4.9,"motorcycle",1,"No","Metropolitan","Stormy","Low ",1,"N",15
31,"Drinks ",20,14,4.3,"motorcycle",1,"No","Urban","Fog","High ",1,"N",10
11,"Snack ",25,15,4.6,"scooter",1,"No","Urban","Fog","Low",0,"N",10
15,"Meal ",20,16,4.7,"electric_scooter",1,"No","Metropolitan","Stormy","Jam ",1,"N",15
15,"Meal ",28,18,5,"motorcycle",1,"No","Semi-Urban","Sunny","Jam ",1,"N",5
35,"Meal ",22,5,4.8,"scooter",0,"No","Metropolitan","Cloudy","Medium",1,"N",15
16,"Meal ",33,17,4.7,"motorcycle",1,"No","Urban","Stormy","Low",1,"Y",10
14,"Buffet ",31,6,4.5,"scooter",2,"No","Urban","Sunny","Jam",1,"N",15
20,"Drinks ",38,19,4.6,"scooter",2,"No","Metropolitan","Stormy","Medium",0,"Y",10
28,"Buffet ",22,18,4.9,"electric_scooter",2,"No","Urban","Windy","High",1,"N",5
17,"Drinks ",24,17,4.8,"scooter",1,"No","Metropolitan","Sunny","Low ",0,"N",15
34,"Drinks ",37,16,3.7,"scooter",1,"No","Metropolitan","Fog","Low ",1,"N",30
33,"Buffet ",27,19,4.4,"motorcycle",0,"No","Metropolitan","Sandstorms","Medium",1,"N",5
12,"Snack ",27,22,5,"motorcycle",1,"No","Urban","Cloudy","Low ",0,"N",5
24,"Drinks ",36,23,4.6,"scooter",2,"No","Semi-Urban","Windy","Low ",0,"N",15
31,"Meal ",25,21,4.9,"electric_scooter",2,"No","Metropolitan","Cloudy","Jam ",1,"Y",10
18,"Drinks ",25,3,4.7,"electric_scooter",2,"No","Semi-Urban","Cloudy","Medium",0,"N",15
21,"Buffet ",39,21,4.7,"motorcycle",0,"No","Urban","Cloudy","High ",0,"N",10
31,"Buffet ",27,13,4.1,"motorcycle",0,"No","Metropolitan","Windy","High ",0,"Y",10
24,"Drinks ",29,19,4.6,"motorcycle",1,"No","Semi-Urban","Cloudy","Low ",1,"N",25
49,"Snack ",35,11,4.1,"scooter",2,"No","Metropolitan","Cloudy","Jam ",2,"N",15
21,"Meal ",21,13,4.9,"scooter",2,"No","Urban","Sunny","Jam ",0,"N",5
27,"Snack ",33,13,4.1,"motorcycle",0,"No","Metropolitan","Sandstorms","Low ",0,"Y",5
28,"Snack ",21,21,4.8,"motorcycle",1,"No","Semi-Urban","Stormy","Medium",1,"Y",5
19,"Drinks ",28,3,5,"motorcycle",1,"No","Urban","Fog","Low",1,"N",10
16,"Snack ",38,23,5,"scooter",1,"No","Metropolitan","Fog","Low",0,"N",15
30,"Snack ",20,23,4.9,"motorcycle",0,"No","Semi-Urban","Cloudy","Medium",1,"N",15
20,"Drinks ",29,23,4.7,"motorcycle",0,"No","Urban","Sunny","Medium",1,"Y",15
33,"Drinks ",38,18,4.4,"motorcycle",1,"No","Metropolitan","Windy","Medium",0,"Y",5
42,"Drinks ",31,3,4.3,"scooter",0,"No","Semi-Urban","Windy","Jam ",1,"N",5
19,"Drinks ",32,15,4.7,"electric_scooter",0,"No","Metropolitan","Sunny","Jam ",1,"Y",5
36,"Snack ",28,1,4.2,"electric_scooter",0,"No","Urban","Sandstorms","High",1,"N",10
27,"Drinks ",21,19,4.4,"motorcycle",0,"No","Metropolitan","Stormy","Low ",1,"N",15
13,"Buffet ",27,19,4.8,"electric_scooter",2,"No","Urban","Sandstorms","High",1,"N",10
38,"Snack ",24,11,4.4,"motorcycle",1,"No","Metropolitan","Sandstorms","Medium",1,"Y",10
20,"Buffet ",30,17,4.6,"motorcycle",1,"No","Urban","Fog","High",1,"N",10
15,"Meal ",39,16,4.8,"electric_scooter",1,"No","Metropolitan","Sunny","Low",0,"N",15
20,"Buffet ",37,18,4.7,"motorcycle",2,"No","Semi-Urban","Sandstorms","Medium",0,"N",5
23,"Meal ",25,14,4.9,"scooter",1,"No","Metropolitan","Fog","High ",0,"Y",10
51,"Meal ",20,3,4.4,"motorcycle",0,"No","Metropolitan","Sandstorms","Jam ",1,"N",15
25,"Snack ",22,15,5,"scooter",2,"No","Urban","Windy","Jam",0,"N",5
18,"Drinks ",39,16,4.6,"scooter",2,"No","Semi-Urban","Windy","Low ",0,"N",5
27,"Snack ",21,6,4.5,"motorcycle",1,"No","Urban","Stormy","Low",1,"N",10
13,"Buffet ",28,22,4.7,"electric_scooter",1,"No","Urban","Sandstorms","High ",1,"N",15
15,"Drinks ",33,21,4.4,"motorcycle",0,"No","Semi-Urban","Windy","Low ",0,"N",15
15,"Drinks ",23,23,4.9,"electric_scooter",0,"No","Metropolitan","Stormy","Low ",1,"Y",10
13,"Buffet ",39,16,5,"scooter",1,"No","Metropolitan","Fog","Low ",1,"Y",10
27,"Drinks ",22,17,4.6,"scooter",2,"No","Urban","Fog","High ",0,"Y",5
29,"Drinks ",35,16,4.9,"scooter",1,"No","Metropolitan","Sunny","Medium",0,"N",5
14,"Buffet ",33,5,4.5,"scooter",0,"No","Metropolitan","Sunny","Low",0,"N",15
14,"Drinks ",32,21,4.9,"motorcycle",2,"No","Metropolitan","Sandstorms","Low ",0,"N",15
33,"Drinks ",35,23,4.2,"motorcycle",1,"No","Urban","Fog","Jam",0,"N",15
20,"Buffet ",37,15,4.9,"motorcycle",1,"No","Metropolitan","Sunny","Jam ",1,"N",10
28,"Snack ",26,6,4.8,"motorcycle",1,"No","Semi-Urban","Windy","High ",1,"N",10
17,"Snack ",25,22,4.6,"motorcycle",2,"No","Urban","Stormy","Medium",0,"Y",15
24,"Buffet ",24,14,4.9,"motorcycle",0,"No","Metropolitan","Sunny","Medium",1,"N",5
29,"Snack ",24,16,4.8,"motorcycle",1,"No","Metropolitan","Stormy","Low ",1,"N",15
20,"Snack ",32,9,5,"motorcycle",0,"No","Urban","Stormy","High ",1,"Y",15
26,"Buffet ",29,17,4.8,"motorcycle",0,"No","Metropolitan","Cloudy","Jam ",0,"N",10
26,"Meal ",37,13,5,"scooter",1,"No","Metropolitan","Fog","Low ",1,"N",10
32,"Buffet ",24,6,4,"scooter",2,"No","Metropolitan","Sandstorms","Medium",1,"Y",15
24,"Snack ",29,13,5,"motorcycle",1,"No","Metropolitan","Stormy","Low ",0,"Y",10
28,"Buffet ",32,21,5,"motorcycle",0,"No","Urban","Stormy","Jam ",1,"N",5
19,"Snack ",36,14,4.6,"electric_scooter",1,"No","Metropolitan","Cloudy","Low ",0,"Y",10
13,"Buffet ",28,18,4.9,"motorcycle",1,"No","Semi-Urban","Windy","Low ",0,"N",15
27,"Meal ",39,16,5,"motorcycle",0,"No","Urban","Sunny","Jam",1,"N",15
13,"Buffet ",28,3,4.5,"electric_scooter",2,"No","Urban","Sandstorms","Medium",0,"Y",10
17,"Drinks ",31,15,4.6,"scooter",2,"No","Urban","Cloudy","Medium",1,"Y",5
47,"Buffet ",39,12,5,"motorcycle",0,"Yes","Metropolitan","Sandstorms","High ",0,"N",15
22,"Buffet ",20,12,4.8,"motorcycle",0,"No","Metropolitan","Sunny","High ",0,"N",15
41,"Buffet ",32,20,3.2,"electric_scooter",1,"Yes","Semi-Urban","Sunny","Low ",1,"N",10
22,"Buffet ",32,18,4.8,"electric_scooter",1,"No","Urban","Sandstorms","Jam",1,"N",10
16,"Snack ",39,12,4.9,"motorcycle",0,"No","Semi-Urban","Sunny","Low ",0,"Y",15
33,"Snack ",24,14,4.8,"scooter",2,"No","Semi-Urban","Cloudy","Medium",0,"N",15
26,"Drinks ",24,17,4.1,"scooter",0,"No","Urban","Stormy","Low ",0,"N",15
10,"Meal ",24,15,4.5,"motorcycle",1,"No","Urban","Windy","Low",0,"N",15
27,"Drinks ",27,13,4.7,"scooter",2,"No","Metropolitan","Stormy","Jam ",1,"Y",15
31,"Drinks ",23,13,4.3,"motorcycle",0,"No","Semi-Urban","Windy","Medium",1,"N",5
20,"Meal ",30,17,4.9,"scooter",0,"No","Metropolitan","Sandstorms","Low ",0,"N",15
28,"Drinks ",31,3,4.8,"electric_scooter",2,"No","Semi-Urban","Windy","Jam ",1,"N",10
26,"Buffet ",38,21,4.9,"electric_scooter",1,"No","Metropolitan","Sandstorms","Medium",1,"N",15
25,"Buffet ",26,21,4.5,"motorcycle",0,"No","Metropolitan","Cloudy","Low ",1,"Y",5
15,"Snack ",28,23,4.8,"motorcycle",1,"No","Metropolitan","Sandstorms","Low ",1,"Y",5
11,"Snack ",22,8,5,"scooter",2,"No","Urban","Sunny","Low ",0,"N",15
16,"Drinks ",33,16,4.7,"motorcycle",1,"No","Urban","Sandstorms","Jam",1,"Y",15
23,"Meal ",22,19,4.6,"scooter",0,"No","Metropolitan","Windy","Jam ",0,"Y",15
22,"Meal ",31,21,4.8,"scooter",1,"No","Metropolitan","Windy","Medium",0,"N",10
50,"Drinks ",22,3,4.5,"motorcycle",0,"Yes","Urban","Sunny","High",1,"Y",15
20,"Meal ",25,19,4.6,"motorcycle",2,"No","Urban","Windy","Medium",1,"N",5
19,"Buffet ",25,21,4.9,"motorcycle",0,"No","Metropolitan","Windy","Low ",1,"N",5
23,"Meal ",24,9,4.6,"motorcycle",0,"No","Semi-Urban","Fog","Low ",0,"N",10
31,"Snack ",29,7,4.7,"motorcycle",0,"No","Metropolitan","Fog","Medium",1,"N",15
43,"Snack ",21,9,5,"motorcycle",1,"No","Metropolitan","Cloudy","Jam ",1,"N",10
27,"Drinks ",38,22,4.8,"electric_scooter",1,"No","Metropolitan","Sandstorms","Jam ",1,"Y",10
29,"Snack ",24,4,4.5,"scooter",2,"No","Urban","Sandstorms","Jam",1,"N",5
30,"Snack ",29,23,5,"motorcycle",0,"No","Semi-Urban","Windy","Medium",0,"N",10
39,"Buffet ",39,19,5,"electric_scooter",2,"No","Metropolitan","Fog","Jam ",1,"N",10
28,"Buffet ",32,12,4.9,"scooter",1,"No","Metropolitan","Windy","Medium",1,"Y",15
17,"Meal ",35,22,4.6,"motorcycle",2,"No","Metropolitan","Windy","Jam ",0,"N",15
28,"Buffet ",23,11,4.9,"motorcycle",0,"No","Metropolitan","Sunny","Low ",1,"Y",30
26,"Snack ",31,15,4.9,"scooter",1,"No","Urban","Windy","Medium",0,"Y",5
38,"Meal ",36,6,4,"motorcycle",0,"No","Urban","Stormy","Medium",0,"N",5
25,"Snack ",30,23,4.9,"motorcycle",2,"No","Metropolitan","Sunny","Low ",0,"N",5
27,"Buffet ",21,21,4.8,"motorcycle",0,"No","Metropolitan","Sunny","Medium",0,"N",10
31,"Drinks ",26,9,4.2,"motorcycle",0,"No","Semi-Urban","Windy","Low ",0,"N",15
21,"Meal ",36,14,4.4,"electric_scooter",0,"No","Urban","Sandstorms","Low ",1,"N",15
51,"Buffet ",27,9,4.9,"motorcycle",0,"No","Semi-Urban","Sandstorms","Jam ",1,"N",5
26,"Drinks ",30,23,4.6,"electric_scooter",2,"No","Semi-Urban","Sandstorms","Low ",1,"N",10
29,"Meal ",38,5,4.8,"motorcycle",0,"No","Semi-Urban","Windy","Medium",1,"N",10
43,"Meal ",25,8,4.3,"electric_scooter",1,"No","Metropolitan","Fog","Jam ",1,"N",10
35,"Meal ",37,8,4.7,"motorcycle",0,"No","Urban","Stormy","Jam ",0,"N",10
24,"Buffet ",31,1,4.5,"electric_scooter",1,"No","Urban","Stormy","Low",1,"N",10
11,"Snack ",36,19,4.7,"scooter",1,"No","Urban","Windy","Low ",0,"N",15
44,"Drinks ",24,5,4.2,"motorcycle",0,"No","Urban","Windy","Jam ",2,"N",10
32,"Meal ",34,13,4.8,"scooter",2,"No","Metropolitan","Stormy","Medium",1,"N",5
33,"Meal ",32,13,4.3,"motorcycle",0,"No","Metropolitan","Sandstorms","Jam ",0,"Y",5
32,"Meal ",38,4,4.4,"scooter",2,"No","Urban","Windy","Jam",1,"Y",15
10,"Drinks ",33,21,4.7,"scooter",2,"No","Urban","Windy","Jam",1,"N",5
52,"Buffet ",36,23,4.6,"scooter",0,"No","Urban","Fog","Jam ",2,"N",5
33,"Buffet ",35,23,4.9,"motorcycle",0,"No","Urban","Cloudy","Medium",1,"N",5
29,"Meal ",34,18,5,"scooter",1,"No","Urban","Windy","Jam",1,"N",5
16,"Drinks ",25,14,4.6,"electric_scooter",1,"No","Urban","Windy","Low ",1,"Y",5
23,"Meal ",33,23,4.9,"motorcycle",0,"No","Metropolitan","Fog","Low ",1,"Y",15
10,"Drinks ",35,22,4.6,"scooter",2,"No","Urban","Cloudy","Low",0,"N",15
29,"Buffet ",31,15,4.6,"scooter",1,"No","Metropolitan","Sandstorms","Medium",1,"Y",15
20,"Meal ",38,17,4.8,"motorcycle",0,"No","Urban","Cloudy","Low",1,"N",10
29,"Buffet ",30,2,4.5,"electric_scooter",0,"No","Metropolitan","Sandstorms","Medium",1,"N",15
35,"Drinks ",34,6,4.2,"electric_scooter",2,"No","Metropolitan","Fog","Jam ",2,"Y",15
18,"Drinks ",38,21,4.8,"scooter",0,"No","Urban","Sandstorms","Low",0,"N",10
22,"Meal ",29,21,4.6,"scooter",1,"No","Metropolitan","Sandstorms","Low ",0,"Y",5
32,"Drinks ",38,17,4.6,"motorcycle",2,"No","Semi-Urban","Windy","High ",1,"N",5
36,"Meal ",30,1,4.1,"motorcycle",2,"No","Metropolitan","Cloudy","Medium",1,"N",5
29,"Buffet ",21,19,4.7,"motorcycle",0,"No","Metropolitan","Sandstorms","Medium",1,"N",5
22,"Buffet ",20,19,4.8,"motorcycle",1,"No","Urban","Stormy","Low",1,"N",15
33,"Buffet ",32,15,4.4,"electric_scooter",2,"No","Metropolitan","Windy","High ",1,"Y",15
12,"Meal ",21,1,4.7,"motorcycle",1,"No","Metropolitan","Sunny","Low ",0,"N",15
22,"Buffet ",27,23,4.7,"motorcycle",0,"No","Metropolitan","Fog","Low ",0,"N",5
27,"Snack ",33,13,4.1,"motorcycle",0,"No","Metropolitan","Sandstorms","Low ",0,"Y",5
16,"Buffet ",31,19,5,"scooter",1,"No","Urban","Sunny","Jam",1,"N",15
31,"Drinks ",34,12,3.8,"electric_scooter",2,"No","Metropolitan","Sunny","Jam ",1,"N",10
43,"Meal ",39,18,4.7,"motorcycle",0,"Yes","Metropolitan","Fog","Jam ",1,"Y",10
19,"Meal ",29,19,4.7,"scooter",2,"No","Urban","Fog","Low",1,"N",15
14,"Drinks ",36,9,4.8,"scooter",2,"No","Metropolitan","Sunny","Low ",0,"N",10
30,"Meal ",34,3,4.5,"electric_scooter",1,"No","Urban","Fog","Medium",1,"N",5
28,"Meal ",25,23,4.6,"motorcycle",0,"No","Metropolitan","Fog","Jam ",1,"N",15
26,"Meal ",28,18,4.6,"motorcycle",0,"No","Urban","Sandstorms","Low",0,"N",10
14,"Buffet ",26,2,4.9,"motorcycle",2,"No","Metropolitan","Fog","Low ",1,"Y",10
47,"Buffet ",30,3,4.2,"motorcycle",0,"No","Semi-Urban","Sandstorms","Jam ",0,"N",5
34,"Snack ",21,12,4.6,"scooter",0,"No","Urban","Sunny","Medium",1,"Y",15
17,"Buffet ",38,3,4.9,"motorcycle",2,"No","Metropolitan","Sunny","Low ",0,"N",15
26,"Drinks ",28,9,4.8,"motorcycle",1,"No","Metropolitan","Sandstorms","Medium",1,"N",5
36,"Meal ",29,7,4.6,"motorcycle",0,"No","Metropolitan","Sandstorms","Jam ",1,"N",15
32,"Drinks ",20,9,4.7,"scooter",1,"No","Urban","Fog","Jam ",1,"N",10
21,"Meal ",33,12,4.7,"motorcycle",0,"No","Semi-Urban","Fog","Low ",0,"N",5
28,"Buffet ",21,9,4.8,"motorcycle",0,"No","Metropolitan","Sandstorms","Jam ",0,"N",10
34,"Meal ",35,17,3.7,"electric_scooter",2,"No","Metropolitan","Sandstorms","Jam ",1,"N",5
44,"Drinks ",25,6,4.3,"scooter",2,"No","Metropolitan","Fog","Jam ",3,"N",10
19,"Drinks ",25,3,4,"motorcycle",0,"No","Urban","Sandstorms","Low",1,"N",15
17,"Meal ",38,16,4.5,"scooter",1,"No","Metropolitan","Sunny","Medium",1,"N",10
25,"Buffet ",34,18,5,"scooter",2,"No","Metropolitan","Windy","Medium",0,"N",15
29,"Meal ",24,14,4.9,"motorcycle",2,"No","Metropolitan","Windy","Low ",1,"N",20
25,"Drinks ",25,22,4.7,"scooter",1,"No","Metropolitan","Sunny","High ",1,"N",15
47,"Buffet ",32,18,4.8,"electric_scooter",0,"No","Urban","Cloudy","Jam ",2,"N",5
22,"Meal ",36,19,4.6,"motorcycle",0,"No","Urban","Stormy","Low",1,"Y",5
26,"Snack ",39,22,4.6,"electric_scooter",2,"No","Semi-Urban","Windy","Medium",1,"N",15
36,"Buffet ",28,8,3.3,"motorcycle",1,"No","Semi-Urban","Sunny","Low ",1,"N",15
20,"Meal ",21,19,4.9,"electric_scooter",2,"No","Urban","Cloudy","Low",0,"N",10
48,"Drinks ",38,11,4,"motorcycle",1,"No","Semi-Urban","Fog","Jam ",2,"N",15
13,"Snack ",29,15,4.6,"scooter",2,"No","Metropolitan","Sunny","Low ",1,"N",15
30,"Drinks ",26,5,4.6,"scooter",1,"No","Metropolitan","Windy","High ",1,"N",10
19,"Snack ",20,13,4.9,"scooter",2,"No","Metropolitan","Sunny","Jam ",0,"Y",10
18,"Snack ",28,23,4.7,"motorcycle",1,"No","Urban","Cloudy","Low",0,"N",10
40,"Drinks ",20,7,4.7,"motorcycle",0,"No","Metropolitan","Fog","Jam ",1,"N",5
33,"Buffet ",26,2,4.4,"motorcycle",0,"No","Metropolitan","Fog","Jam ",0,"N",15
34,"Snack ",24,14,4.7,"motorcycle",0,"No","Urban","Windy","High ",0,"N",15
37,"Snack ",22,23,4.6,"motorcycle",2,"No","Semi-Urban","Fog","Medium",0,"N",15
14,"Drinks ",27,18,4.8,"scooter",1,"No","Metropolitan","Sandstorms","Jam ",0,"N",15
43,"Snack ",29,4,4.4,"electric_scooter",1,"No","Metropolitan","Cloudy","Jam",1,"Y",5
33,"Meal ",32,4,4.6,"motorcycle",0,"No","Metropolitan","Sandstorms","High ",1,"N",5
32,"Drinks ",38,7,3.3,"scooter",2,"No","Semi-Urban","Sunny","Low ",2,"N",15
27,"Buffet ",28,12,4.6,"motorcycle",2,"No","Metropolitan","Sunny","Low ",0,"N",10
25,"Buffet ",30,18,4.6,"electric_scooter",1,"No","Metropolitan","Stormy","Medium",0,"N",10
34,"Snack ",34,11,4.8,"scooter",2,"No","Metropolitan","Cloudy","High ",1,"N",15
32,"Drinks ",31,6,4.6,"scooter",0,"No","Urban","Windy","Medium",1,"N",5
25,"Drinks ",37,17,4.5,"motorcycle",2,"No","Metropolitan","Windy","Medium",1,"N",10
20,"Buffet ",39,6,4.5,"motorcycle",1,"No","Metropolitan","Sandstorms","Low ",0,"Y",5
22,"Buffet ",37,22,4.8,"electric_scooter",2,"No","Metropolitan","Stormy","Low ",1,"N",5
10,"Buffet ",26,14,4.7,"motorcycle",1,"No","Metropolitan","Fog","Low ",0,"Y",20
27,"Buffet ",30,23,4.7,"motorcycle",0,"No","Metropolitan","Fog","Jam ",1,"N",15
24,"Snack ",39,22,4.8,"motorcycle",0,"No","Metropolitan","Sandstorms","Low ",0,"Y",15
16,"Drinks ",34,14,4.8,"scooter",2,"No","Metropolitan","Windy","Low ",1,"Y",5
21,"Drinks ",23,22,5,"electric_scooter",0,"No","Semi-Urban","Sunny","Medium",1,"N",10
29,"Snack ",26,19,4.6,"motorcycle",1,"No","Metropolitan","Fog","Jam ",0,"Y",5
53,"Meal ",33,5,3.6,"motorcycle",0,"No","Metropolitan","Sunny","Jam ",1,"N",10
10,"Meal ",28,22,4.7,"motorcycle",1,"No","Urban","Stormy","Jam",0,"N",15
49,"Meal ",36,3,4.7,"scooter",2,"No","Metropolitan","Fog","Jam ",2,"Y",5
23,"Meal ",21,14,4.9,"motorcycle",1,"No","Metropolitan","Sandstorms","Low ",0,"N",10
44,"Meal ",30,1,5,"motorcycle",0,"Yes","Urban","Fog","Medium",1,"N",10
30,"Buffet ",31,23,4.5,"scooter",2,"No","Metropolitan","Cloudy","Low ",1,"Y",25
33,"Buffet ",35,4,4.8,"motorcycle",0,"No","Metropolitan","Sandstorms","Jam ",1,"N",15
11,"Buffet ",27,18,4.8,"motorcycle",1,"No","Semi-Urban","Stormy","Low",0,"N",10
12,"Drinks ",26,19,4.6,"scooter",1,"No","Metropolitan","Sunny","Medium",1,"Y",15
17,"Drinks ",28,23,4.5,"electric_scooter",0,"No","Metropolitan","Stormy","Low ",1,"N",5
16,"Buffet ",22,15,4.9,"electric_scooter",0,"No","Urban","Stormy","High",1,"N",10
28,"Drinks ",32,5,4.6,"motorcycle",1,"No","Metropolitan","Windy","Medium",0,"N",15
21,"Drinks ",28,23,4.7,"motorcycle",2,"No","Semi-Urban","Fog","Low ",1,"Y",10
32,"Drinks ",29,5,4.6,"scooter",1,"No","Metropolitan","Cloudy","Jam ",1,"N",10
14,"Snack ",34,4,4.8,"motorcycle",1,"No","Metropolitan","Sandstorms","Low ",0,"N",5
43,"Snack ",23,9,4.8,"scooter",1,"No","Semi-Urban","Fog","Medium",1,"Y",10
11,"Drinks ",21,22,4.6,"scooter",2,"No","Urban","Windy","High",0,"N",10
48,"Drinks ",38,11,4.1,"motorcycle",0,"No","Metropolitan","Stormy","Medium",2,"Y",5
14,"Drinks ",39,3,4.6,"scooter",2,"No","Urban","Sunny","Jam ",1,"N",10
24,"Meal ",26,15,4.8,"scooter",1,"No","Metropolitan","Stormy","Medium",1,"N",15
29,"Snack ",23,7,4.6,"motorcycle",1,"No","Metropolitan","Stormy","Low ",1,"Y",10
26,"Buffet ",32,3,4.7,"motorcycle",1,"No","Metropolitan","Cloudy","Low ",0,"N",10
27,"Snack ",29,9,4.8,"electric_scooter",0,"No","Urban","Fog","High ",1,"Y",15
10,"Snack ",23,18,4.6,"electric_scooter",2,"No","Metropolitan","Sandstorms","Low ",0,"N",10
36,"Snack ",22,7,4.5,"motorcycle",2,"No","Metropolitan","Sandstorms","Jam ",0,"N",5
18,"Snack ",26,21,5,"electric_scooter",1,"No","Urban","Sunny","Low",0,"Y",5
26,"Meal ",21,21,4.6,"electric_scooter",1,"No","Urban","Stormy","Low",1,"N",5
31,"Buffet ",28,11,4.2,"motorcycle",0,"No","Metropolitan","Windy","Medium",1,"Y",5
23,"Snack ",21,2,5,"motorcycle",0,"No","Semi-Urban","Fog","Medium",1,"N",10
24,"Meal ",27,9,4.8,"scooter",1,"No","Metropolitan","Sandstorms","Medium",1,"N",5
16,"Buffet ",36,14,4.9,"motorcycle",1,"No","Metropolitan","Fog","Medium",1,"N",15
43,"Snack ",22,9,3.9,"electric_scooter",2,"Yes","Metropolitan","Sandstorms","Jam ",1,"N",5
16,"Snack ",32,17,4.8,"scooter",1,"No","Metropolitan","Sunny","Jam ",1,"N",15
19,"Drinks ",23,19,4.8,"scooter",2,"No","Metropolitan","Cloudy","Medium",1,"Y",10
22,"Buffet ",33,3,4.2,"motorcycle",0,"No","Metropolitan","Windy","Low",1,"N",10
24,"Snack ",25,18,4.6,"motorcycle",2,"No","Semi-Urban","Windy","Jam ",1,"N",10
27,"Snack ",33,18,4.6,"motorcycle",2,"No","Urban","Sandstorms","Medium",1,"Y",10
20,"Buffet ",33,18,4.9,"motorcycle",0,"No","Metropolitan","Sunny","Low ",0,"Y",10
29,"Snack ",30,4,4.7,"electric_scooter",2,"No","Metropolitan","Sandstorms","Low ",1,"Y",15
30,"Drinks ",34,23,4.8,"motorcycle",0,"No","Metropolitan","Sandstorms","Medium",0,"N",10
25,"Snack ",32,18,5,"scooter",2,"No","Metropolitan","Sunny","Low ",1,"N",15
24,"Snack ",36,16,4.6,"scooter",2,"No","Metropolitan","Sandstorms","Medium",1,"Y",15
29,"Snack ",39,13,4.8,"motorcycle",2,"No","Semi-Urban","Sandstorms","Medium",1,"Y",10
26,"Snack ",23,16,4.8,"electric_scooter",2,"No","Semi-Urban","Windy","Jam ",1,"N",15
25,"Meal ",32,23,4.8,"motorcycle",1,"No","Metropolitan","Sandstorms","Jam ",1,"N",10
23,"Snack ",39,21,4.9,"motorcycle",0,"No","Semi-Urban","Sunny","Low",0,"N",20
20,"Drinks ",32,17,4.7,"scooter",1,"No","Metropolitan","Sunny","Low ",1,"N",10
24,"Snack ",26,19,4.6,"electric_scooter",2,"No","Urban","Windy","Medium",0,"N",10
37,"Buffet ",34,17,4.4,"motorcycle",1,"No","Metropolitan","Cloudy","Jam ",1,"N",15
27,"Snack ",37,4,4.5,"motorcycle",2,"No","Urban","Windy","Medium",1,"N",15
35,"Snack ",39,8,4.6,"electric_scooter",0,"No","Metropolitan","Windy","High ",1,"N",5
11,"Meal ",39,23,4.6,"scooter",2,"No","Urban","Fog","Low",1,"N",10
31,"Drinks ",30,6,4.1,"motorcycle",0,"No","Metropolitan","Stormy","Low",1,"N",10
36,"Drinks ",26,6,4.1,"motorcycle",1,"No","Metropolitan","Fog","Jam ",1,"N",5
29,"Drinks ",20,8,5,"electric_scooter",2,"No","Urban","Stormy","Medium",1,"N",10
27,"Snack ",28,21,4.6,"scooter",2,"No","Metropolitan","Stormy","Jam ",0,"N",5
21,"Drinks ",26,13,4.9,"electric_scooter",0,"No","Metropolitan","Sunny","Low ",1,"N",5
34,"Drinks ",29,16,3.8,"scooter",1,"No","Metropolitan","Fog","Jam ",2,"N",5
46,"Buffet ",37,17,4.9,"motorcycle",0,"No","Urban","Cloudy","Medium",2,"N",5
24,"Buffet ",22,22,5,"motorcycle",1,"No","Metropolitan","Sandstorms","Jam ",0,"Y",15
32,"Buffet ",32,3,4.3,"scooter",2,"No","Metropolitan","Fog","High ",1,"N",15
46,"Snack ",22,13,4.3,"motorcycle",1,"No","Semi-Urban","Fog","Jam ",0,"Y",15
19,"Meal ",27,19,4.7,"motorcycle",2,"No","Semi-Urban","Sandstorms","Medium",1,"N",15
15,"Meal ",38,4,4.8,"electric_scooter",2,"No","Metropolitan","Sunny","Jam ",1,"N",10
10,"Meal ",34,21,4.6,"motorcycle",2,"No","Urban","Windy","Low ",0,"Y",10
21,"Buffet ",25,17,4.6,"scooter",0,"No","Urban","Stormy","Low",1,"Y",10
30,"Snack ",22,2,4.5,"scooter",1,"No","Urban","Sunny","Jam ",1,"N",10
26,"Snack ",33,15,4.6,"scooter",2,"No","Semi-Urban","Windy","Jam ",0,"N",10
28,"Drinks ",36,9,4.7,"electric_scooter",2,"No","Metropolitan","Fog","High ",1,"N",15
17,"Meal ",39,21,4.9,"electric_scooter",0,"No","Metropolitan","Stormy","Medium",1,"N",15
29,"Meal ",25,15,5,"scooter",1,"No","Urban","Stormy","Low",1,"Y",10
34,"Drinks ",36,22,4.8,"motorcycle",0,"No","Metropolitan","Fog","High ",1,"N",5
20,"Drinks ",23,15,4.7,"scooter",1,"No","Urban","Stormy","Low",1,"Y",15
19,"Buffet ",30,18,4.8,"electric_scooter",1,"No","Urban","Sandstorms","High",1,"N",10
10,"Buffet ",33,5,4.5,"electric_scooter",2,"No","Semi-Urban","Fog","Low",1,"N",10
44,"Meal ",28,14,4.6,"electric_scooter",2,"No","Metropolitan","Fog","Jam ",1,"Y",15
22,"Meal ",26,16,4.7,"motorcycle",0,"No","Urban","Stormy","Low ",0,"Y",5
48,"Snack ",30,3,4.1,"motorcycle",1,"No","Urban","Cloudy","Jam ",1,"N",10
23,"Meal ",26,3,4.7,"motorcycle",0,"No","Metropolitan","Stormy","Low ",1,"N",25
32,"Meal ",37,8,4.1,"motorcycle",0,"No","Metropolitan","Stormy","Low ",1,"N",5
36,"Buffet ",20,8,5,"motorcycle",0,"No","Urban","Stormy","Jam ",0,"N",10
43,"Meal ",26,4,4.2,"scooter",1,"No","Urban","Fog","Jam ",1,"N",5
51,"Meal ",28,6,4.6,"electric_scooter",0,"No","Metropolitan","Cloudy","Jam ",1,"N",10
10,"Snack ",23,21,4.6,"scooter",1,"No","Urban","Cloudy","Low",0,"Y",5
26,"Snack ",24,22,4.9,"scooter",2,"No","Metropolitan","Stormy","Low ",1,"N",15
35,"Drinks ",30,17,4.7,"motorcycle",0,"No","Urban","Windy","High",0,"N",15
29,"Drinks ",24,17,4.7,"motorcycle",0,"No","Semi-Urban","Windy","Medium",1,"Y",15
26,"Meal ",28,11,4.2,"electric_scooter",0,"No","Metropolitan","Windy","Low ",1,"N",20
30,"Drinks ",34,4,4.5,"electric_scooter",1,"No","Urban","Stormy","Medium",1,"N",5
19,"Meal ",23,8,4.9,"electric_scooter",1,"No","Metropolitan","Sunny","Low ",1,"N",15
11,"Snack ",31,15,4.6,"scooter",1,"No","Metropolitan","Stormy","Low ",1,"Y",5
27,"Snack ",33,17,4.6,"motorcycle",2,"No","Semi-Urban","Stormy","Jam ",0,"N",10
10,"Snack ",38,21,4.9,"electric_scooter",2,"No","Metropolitan","Sunny","Low ",0,"N",15
33,"Meal ",33,11,3.8,"scooter",2,"No","Metropolitan","Fog","Jam ",1,"Y",5
31,"Snack ",26,14,3.6,"scooter",2,"No","Metropolitan","Sandstorms","Jam ",1,"Y",5
53,"Meal ",33,5,3.6,"motorcycle",0,"No","Metropolitan","Sunny","Jam ",1,"N",10
19,"Snack ",25,15,4.7,"scooter",1,"No","Metropolitan","Stormy","Low",1,"Y",5
20,"Buffet ",36,1,4,"scooter",0,"No","Metropolitan","Windy","Low ",0,"N",5
19,"Buffet ",27,14,4.6,"scooter",2,"No","Metropolitan","Fog","Low ",1,"N",5
27,"Snack ",21,3,4.2,"motorcycle",0,"No","Semi-Urban","Sandstorms","Low ",0,"N",20
29,"Snack ",31,21,4.7,"motorcycle",0,"No","Urban","Stormy","Low ",1,"N",10
29,"Meal ",20,14,4.7,"motorcycle",1,"No","Metropolitan","Stormy","Medium",1,"Y",5
28,"Buffet ",29,22,4.4,"motorcycle",0,"No","Metropolitan","Stormy","Low ",0,"N",5
19,"Buffet ",37,9,4.5,"scooter",2,"No","Metropolitan","Stormy","Low ",0,"N",15
13,"Buffet ",22,23,4.7,"electric_scooter",1,"No","Metropolitan","Windy","Low ",0,"Y",15
20,"Buffet ",36,21,4.5,"electric_scooter",2,"No","Metropolitan","Sandstorms","Low ",1,"N",5
26,"Snack ",26,23,4.6,"motorcycle",2,"No","Metropolitan","Windy","Low ",0,"N",5
21,"Drinks ",20,7,4.5,"motorcycle",0,"No","Metropolitan","Stormy","Low ",1,"N",5
17,"Snack ",23,9,4.5,"scooter",1,"No","Metropolitan","Fog","Low ",0,"N",5
21,"Snack ",23,13,4.6,"scooter",0,"No","Urban","Windy","Low ",0,"Y",5
23,"Snack ",31,21,4.9,"scooter",1,"No","Metropolitan","Windy","Medium",1,"N",10
38,"Drinks ",39,5,4.4,"motorcycle",0,"No","Metropolitan","Windy","Jam ",1,"Y",10
13,"Buffet ",20,6,4.8,"scooter",1,"No","Urban","Sunny","Low",1,"N",15
29,"Buffet ",39,9,4.9,"electric_scooter",2,"No","Metropolitan","Stormy","Medium",1,"N",5
53,"Buffet ",39,15,5,"motorcycle",0,"Yes","Metropolitan","Windy","Jam ",2,"N",10
34,"Snack ",34,12,3.5,"motorcycle",2,"No","Metropolitan","Sandstorms","Medium",2,"N",5
15,"Buffet ",30,23,4.6,"electric_scooter",2,"No","Metropolitan","Windy","Medium",0,"N",15
14,"Snack ",24,4,4.5,"electric_scooter",1,"No","Urban","Cloudy","Medium",0,"N",15
25,"Buffet ",24,8,4.6,"electric_scooter",2,"No","Metropolitan","Fog","Low ",1,"N",15
22,"Buffet ",27,22,4.7,"motorcycle",1,"No","Urban","Stormy","Medium",1,"Y",15
32,"Buffet ",35,5,4,"motorcycle",1,"No","Urban","Stormy","Medium",1,"N",10
34,"Buffet ",27,6,3.6,"scooter",2,"No","Metropolitan","Sunny","Jam ",0,"N",10
41,"Drinks ",35,3,4.9,"motorcycle",0,"No","Metropolitan","Stormy","High ",0,"N",5
25,"Buffet ",24,23,4.7,"scooter",2,"No","Metropolitan","Windy","Jam ",1,"N",5
37,"Meal ",25,17,4.3,"scooter",2,"No","Metropolitan","Fog","High ",1,"N",15
25,"Snack ",27,18,4.2,"electric_scooter",0,"No","Metropolitan","Stormy","Low ",1,"N",5
18,"Buffet ",28,3,4.9,"electric_scooter",2,"No","Metropolitan","Windy","Low ",0,"Y",5
23,"Drinks ",34,18,4.7,"motorcycle",0,"No","Urban","Stormy","Medium",0,"Y",5
31,"Snack ",34,9,5,"motorcycle",0,"No","Semi-Urban","Sandstorms","Jam ",0,"N",5
16,"Buffet ",38,14,4.8,"electric_scooter",0,"No","Metropolitan","Fog","Low ",1,"N",10
15,"Snack ",30,23,4.6,"electric_scooter",0,"No","Urban","Windy","Low",1,"N",15
17,"Drinks ",37,9,5,"motorcycle",2,"No","Urban","Sunny","Low ",1,"N",5
18,"Meal ",31,17,4.1,"electric_scooter",0,"No","Metropolitan","Windy","Low ",0,"N",5
30,"Meal ",34,6,4.7,"scooter",1,"No","Metropolitan","Cloudy","Low ",0,"N",15
13,"Drinks ",39,4,4.5,"electric_scooter",2,"No","Metropolitan","Stormy","Low ",1,"Y",5
27,"Drinks ",39,19,4.9,"scooter",2,"No","Urban","Sandstorms","Low ",0,"N",15
47,"Buffet ",27,5,4,"motorcycle",0,"Yes","Metropolitan","Stormy","Jam ",1,"N",10
22,"Drinks ",24,17,4.6,"scooter",1,"No","Urban","Stormy","Low",1,"N",5
32,"Buffet ",39,12,3.9,"electric_scooter",1,"No","Semi-Urban","Sunny","Jam ",1,"N",5
25,"Snack ",39,18,4.9,"electric_scooter",2,"No","Urban","Sandstorms","High",0,"Y",10
26,"Drinks ",33,15,4.8,"scooter",1,"No","Urban","Sandstorms","Low",1,"N",5
29,"Snack ",35,19,4.7,"scooter",2,"No","Urban","Sunny","Medium",0,"N",15
31,"Meal ",22,22,5,"motorcycle",1,"No","Metropolitan","Windy","High ",1,"N",5
29,"Snack ",31,18,4.7,"scooter",1,"No","Urban","Sandstorms","Low",1,"N",5
28,"Snack ",37,23,4.8,"scooter",1,"No","Metropolitan","Windy","Low ",1,"Y",15
29,"Drinks ",34,16,4.8,"electric_scooter",2,"No","Semi-Urban","Sandstorms","Medium",0,"N",15
38,"Snack ",25,9,4,"motorcycle",0,"No","Urban","Sandstorms","High ",1,"N",5
26,"Snack ",34,8,4.7,"scooter",2,"No","Metropolitan","Windy","Low ",1,"N",10
37,"Buffet ",23,13,5,"electric_scooter",2,"No","Semi-Urban","Fog","Jam ",1,"N",5
21,"Snack ",35,19,4.6,"motorcycle",0,"No","Metropolitan","Sunny","Medium",1,"Y",10
29,"Buffet ",36,4,4.7,"scooter",2,"No","Metropolitan","Stormy","Jam ",1,"N",5
32,"Snack ",24,4,4.1,"scooter",1,"No","Metropolitan","Windy","Jam ",1,"N",15
21,"Snack ",31,16,4.7,"motorcycle",1,"No","Semi-Urban","Fog","High",0,"N",10
34,"Snack ",35,18,4.7,"scooter",2,"No","Urban","Cloudy","Jam",1,"N",10
20,"Drinks ",32,23,4.6,"motorcycle",1,"No","Urban","Stormy","Medium",0,"N",15
29,"Buffet ",28,8,4.6,"scooter",1,"No","Metropolitan","Sandstorms","Medium",1,"N",15
19,"Snack ",25,16,4.8,"scooter",1,"No","Metropolitan","Sandstorms","Low ",0,"Y",10
35,"Buffet ",28,2,4.6,"motorcycle",1,"No","Metropolitan","Fog","High ",0,"N",15
35,"Snack ",23,3,4.9,"motorcycle",0,"No","Metropolitan","Sunny","Medium",1,"N",5
30,"Buffet ",21,19,4.7,"electric_scooter",1,"No","Urban","Cloudy","Medium",1,"Y",10
37,"Snack ",20,16,4.9,"scooter",1,"No","Metropolitan","Cloudy","Jam ",2,"N",10
33,"Buffet ",34,15,4.4,"motorcycle",0,"No","Urban","Windy","Medium",1,"N",15
25,"Meal ",30,7,4.6,"motorcycle",0,"No","Metropolitan","Stormy","Low ",1,"Y",25
17,"Buffet ",21,19,4.9,"motorcycle",0,"No","Urban","Sunny","Low",1,"N",5
15,"Drinks ",21,15,4.6,"scooter",1,"No","Urban","Fog","Medium",0,"N",10
28,"Drinks ",27,17,4.8,"scooter",1,"No","Semi-Urban","Cloudy","High ",1,"Y",15
29,"Snack ",26,7,4.7,"motorcycle",0,"No","Metropolitan","Windy","Low ",1,"N",10
26,"Snack ",32,9,5,"motorcycle",0,"No","Metropolitan","Stormy","Medium",1,"N",15
26,"Drinks ",34,15,4.7,"scooter",1,"No","Metropolitan","Windy","Jam ",0,"N",10
18,"Snack ",24,15,4.9,"electric_scooter",2,"No","Metropolitan","Sunny","Low ",1,"Y",5
28,"Meal ",35,9,4.9,"motorcycle",2,"No","Semi-Urban","Cloudy","High ",1,"N",15
34,"Drinks ",33,23,4.1,"motorcycle",1,"No","Metropolitan","Sandstorms","Medium",1,"N",10
24,"Buffet ",27,23,4.6,"motorcycle",1,"No","Metropolitan","Stormy","Medium",0,"Y",5
22,"Snack ",27,21,4.6,"scooter",2,"No","Urban","Sandstorms","Jam",1,"N",5
33,"Drinks ",22,18,4.8,"motorcycle",0,"No","Metropolitan","Stormy","Jam ",0,"Y",15
24,"Drinks ",30,1,4.6,"scooter",1,"No","Metropolitan","Stormy","Medium",1,"Y",5
18,"Buffet ",35,8,4.6,"scooter",2,"No","Metropolitan","Sunny","Low ",1,"N",5
17,"Drinks ",21,23,4.8,"electric_scooter",2,"No","Urban","Stormy","Jam ",1,"N",5
28,"Meal ",20,23,4.9,"scooter",1,"No","Metropolitan","Sandstorms","Low ",1,"N",10
41,"Snack ",33,23,4.2,"motorcycle",2,"No","Metropolitan","Cloudy","Jam ",0,"N",15
19,"Buffet ",20,16,4.9,"motorcycle",0,"No","Semi-Urban","Fog","Low ",1,"Y",15
24,"Drinks ",31,19,4.7,"motorcycle",0,"No","Semi-Urban","Fog","Low",1,"Y",10
30,"Meal ",39,3,4.8,"motorcycle",2,"No","Semi-Urban","Stormy","Jam ",0,"N",15
39,"Drinks ",29,9,4.5,"scooter",2,"No","Metropolitan","Fog","Low ",1,"N",20
35,"Buffet ",35,22,4.3,"motorcycle",2,"No","Urban","Stormy","Jam",1,"N",5
25,"Buffet ",24,23,4.6,"motorcycle",0,"No","Urban","Sunny","Low ",1,"N",10
17,"Meal ",30,18,4.6,"scooter",1,"No","Semi-Urban","Cloudy","Medium",1,"Y",5
25,"Snack ",21,6,5,"electric_scooter",2,"No","Semi-Urban","Sandstorms","Jam ",0,"Y",5
30,"Meal ",34,18,4.7,"scooter",1,"No","Metropolitan","Sandstorms","Jam ",1,"N",15
29,"Buffet ",31,4,4.7,"motorcycle",2,"No","Metropolitan","Stormy","Medium",0,"N",15
48,"Buffet ",36,23,4.8,"motorcycle",0,"No","Semi-Urban","Fog","Jam ",1,"Y",5
28,"Drinks ",36,18,4.9,"scooter",2,"No","Metropolitan","Windy","Medium",1,"Y",5
37,"Meal ",23,14,4.7,"scooter",0,"No","Metropolitan","Windy","Jam ",1,"N",10
23,"Buffet ",31,9,4.8,"motorcycle",0,"No","Metropolitan","Windy","High ",1,"N",15
35,"Buffet ",28,9,4.9,"scooter",1,"No","Semi-Urban","Fog","Jam ",1,"Y",10
22,"Buffet ",20,22,4.8,"motorcycle",0,"No","Semi-Urban","Fog","Medium",1,"N",10
17,"Meal ",38,19,4.9,"scooter",1,"No","Metropolitan","Stormy","Jam",1,"N",10
37,"Meal ",30,9,5,"motorcycle",0,"No","Metropolitan","Stormy","Medium",0,"N",10
34,"Drinks ",20,9,4.4,"electric_scooter",1,"No","Semi-Urban","Windy","Medium",1,"N",10
26,"Drinks ",21,15,4.6,"scooter",2,"No","Urban","Sandstorms","Medium",1,"Y",5
27,"Snack ",33,15,4.6,"motorcycle",0,"No","Semi-Urban","Sunny","Low ",1,"N",5
40,"Drinks ",26,5,4.7,"motorcycle",0,"Yes","Metropolitan","Stormy","Low ",1,"N",10
25,"Drinks ",35,19,4.8,"scooter",0,"No","Urban","Sunny","Jam ",1,"N",10
27,"Meal ",38,21,4.9,"scooter",0,"No","Urban","Sunny","Jam",1,"N",5
21,"Snack ",38,12,4.6,"motorcycle",2,"No","Metropolitan","Windy","Low ",1,"N",15
13,"Snack ",29,3,4.8,"scooter",2,"No","Urban","Cloudy","Low",1,"N",5
39,"Drinks ",21,8,4.1,"scooter",2,"No","Metropolitan","Stormy","Jam ",1,"N",5
15,"Meal ",25,22,4.8,"motorcycle",0,"No","Semi-Urban","Stormy","Low ",1,"Y",10
15,"Snack ",38,9,4.9,"motorcycle",2,"No","Semi-Urban","Windy","Low ",0,"N",5
29,"Buffet ",39,18,4.9,"electric_scooter",1,"No","Metropolitan","Windy","Jam ",0,"N",5
16,"Drinks ",26,23,4.9,"scooter",1,"No","Metropolitan","Sunny","Low ",0,"N",15
27,"Snack ",29,23,4.8,"motorcycle",1,"No","Semi-Urban","Sandstorms","Medium",1,"N",10
25,"Drinks ",21,17,4.8,"electric_scooter",2,"No","Urban","Windy","Medium",1,"N",10
36,"Snack ",33,13,5,"motorcycle",1,"No","Metropolitan","Cloudy","Jam ",1,"N",10
38,"Buffet ",36,19,4.8,"motorcycle",0,"No","Metropolitan","Sandstorms","Jam ",0,"Y",15
17,"Buffet ",35,15,5,"scooter",1,"No","Urban","Sunny","Medium",0,"N",15
32,"Meal ",34,8,4.7,"scooter",0,"No","Urban","Sunny","Jam ",0,"N",5
32,"Buffet ",25,6,4.3,"electric_scooter",1,"No","Urban","Sandstorms","Medium",1,"N",5
20,"Snack ",34,18,4.9,"scooter",1,"No","Semi-Urban","Windy","Jam",1,"N",15
16,"Drinks ",20,15,4.6,"motorcycle",2,"No","Urban","Stormy","Low",1,"N",15
18,"Drinks ",23,13,4.9,"motorcycle",2,"No","Urban","Windy","Low ",0,"Y",15
26,"Snack ",33,9,4.8,"motorcycle",2,"No","Metropolitan","Windy","Low ",1,"N",15
27,"Snack ",31,8,4.5,"electric_scooter",1,"No","Urban","Sandstorms","Low ",1,"N",15
37,"Buffet ",20,3,3.7,"motorcycle",1,"No","Semi-Urban","Fog","Low ",2,"N",10
28,"Meal ",29,12,4.6,"scooter",2,"No","Metropolitan","Sunny","Low ",1,"N",5
18,"Buffet ",39,5,4.8,"motorcycle",1,"No","Metropolitan","Sunny","High ",1,"Y",10
17,"Buffet ",31,22,4.7,"scooter",1,"No","Metropolitan","Stormy","Low ",1,"N",5
24,"Meal ",39,19,4.9,"electric_scooter",1,"No","Metropolitan","Sunny","Medium",1,"N",5
20,"Buffet ",31,21,4.5,"motorcycle",1,"No","Urban","Sunny","Medium",1,"Y",10
28,"Buffet ",34,9,4.5,"scooter",1,"No","Metropolitan","Cloudy","Medium",0,"N",10
16,"Snack ",35,18,4.7,"scooter",2,"No","Semi-Urban","Windy","Low ",1,"Y",5
38,"Snack ",21,8,4.1,"electric_scooter",2,"No","Metropolitan","Stormy","Jam ",1,"N",15
35,"Meal ",30,6,4.6,"electric_scooter",2,"No","Metropolitan","Cloudy","Jam",1,"N",5
20,"Meal ",21,15,4.6,"scooter",1,"No","Metropolitan","Stormy","Medium",0,"Y",5
23,"Buffet ",25,16,4.7,"motorcycle",0,"No","Urban","Stormy","Low",1,"N",15
41,"Buffet ",36,14,4.6,"motorcycle",0,"No","Semi-Urban","Stormy","Medium",0,"N",15
25,"Drinks ",27,9,4.6,"electric_scooter",2,"No","Semi-Urban","Windy","Jam ",1,"N",15
11,"Buffet ",31,13,4.6,"motorcycle",1,"No","Metropolitan","Sandstorms","High ",0,"N",5
28,"Buffet ",20,19,4.5,"electric_scooter",2,"No","Metropolitan","Stormy","Jam ",0,"N",10
18,"Meal ",30,12,4.8,"electric_scooter",2,"No","Metropolitan","Fog","Medium",1,"N",5
30,"Snack ",29,18,4.8,"motorcycle",0,"No","Metropolitan","Windy","Medium",1,"Y",10
25,"Drinks ",31,15,4.8,"electric_scooter",2,"No","Urban","Stormy","Medium",1,"N",15
23,"Meal ",31,23,4.5,"scooter",2,"No","Metropolitan","Stormy","Jam ",1,"Y",5
47,"Meal ",28,5,4.2,"electric_scooter",1,"No","Metropolitan","Fog","Jam ",2,"Y",5
23,"Buffet ",26,21,4.6,"motorcycle",1,"No","Urban","Sunny","Medium",0,"Y",15
31,"Buffet ",28,21,4.9,"scooter",2,"No","Metropolitan","Cloudy","High ",1,"Y",5
28,"Buffet ",20,19,4.8,"scooter",1,"No","Semi-Urban","Stormy","Medium",0,"Y",5
22,"Drinks ",23,17,4.7,"scooter",0,"No","Metropolitan","Sunny","High ",0,"Y",5
34,"Drinks ",36,22,4.6,"electric_scooter",0,"No","Urban","Stormy","Jam ",1,"Y",5
43,"Buffet ",35,6,4.2,"scooter",0,"No","Metropolitan","Stormy","Jam ",1,"Y",5
26,"Meal ",28,19,4.7,"motorcycle",1,"No","Urban","Stormy","Medium",1,"N",10
20,"Drinks ",27,19,4.6,"motorcycle",1,"No","Urban","Windy","Jam",1,"N",10
17,"Meal ",38,23,4.7,"scooter",2,"No","Metropolitan","Stormy","Medium",1,"Y",10
41,"Meal ",34,23,4.1,"motorcycle",0,"No","Metropolitan","Sandstorms","Jam ",1,"Y",5
27,"Drinks ",33,7,4.6,"motorcycle",1,"No","Metropolitan","Windy","Medium",1,"N",5
16,"Buffet ",34,18,4.8,"scooter",2,"No","Metropolitan","Sunny","Low ",1,"Y",10
15,"Buffet ",37,23,4.9,"scooter",2,"No","Urban","Sandstorms","Low",1,"N",15
32,"Meal ",30,15,5,"scooter",2,"No","Urban","Cloudy","Jam",1,"N",5
49,"Snack ",38,17,4.9,"motorcycle",0,"No","Semi-Urban","Stormy","Medium",0,"N",10
16,"Meal ",34,1,4.7,"scooter",1,"No","Urban","Fog","Low",1,"N",15
10,"Meal ",28,2,4.7,"scooter",1,"No","Semi-Urban","Fog","Low ",0,"N",5
38,"Drinks ",30,2,4.8,"motorcycle",0,"No","Urban","Stormy","Medium",1,"N",15
39,"Snack ",31,23,4.9,"scooter",1,"No","Metropolitan","Cloudy","Jam ",1,"Y",5
22,"Drinks ",28,14,4.7,"scooter",2,"No","Semi-Urban","Sunny","Low ",0,"N",15
25,"Meal ",38,21,4.9,"motorcycle",2,"No","Semi-Urban","Windy","Medium",1,"N",10
30,"Drinks ",33,5,4.6,"motorcycle",1,"No","Semi-Urban","Stormy","Jam ",1,"N",5
40,"Meal ",30,13,4.4,"motorcycle",0,"No","Metropolitan","Windy","Jam ",2,"Y",10
18,"Snack ",24,22,5,"motorcycle",1,"No","Urban","Sunny","Jam",0,"N",15
17,"Snack ",32,21,5,"motorcycle",2,"No","Metropolitan","Sunny","Low ",1,"N",15
25,"Buffet ",23,18,4.7,"scooter",2,"No","Metropolitan","Stormy","Medium",0,"N",5
18,"Drinks ",25,23,4.7,"scooter",2,"No","Urban","Sunny","Low",0,"N",15
41,"Snack ",39,10,4.1,"scooter",1,"No","Metropolitan","Stormy","Jam ",2,"N",10
44,"Meal ",20,13,4.7,"motorcycle",0,"No","Semi-Urban","Sandstorms","Medium",2,"N",15
53,"Snack ",34,4,4.9,"motorcycle",0,"Yes","Metropolitan","Fog","Jam ",2,"N",10
38,"Meal ",32,15,4.9,"motorcycle",0,"No","Semi-Urban","Windy","High ",0,"Y",10
17,"Snack ",38,22,4.8,"motorcycle",1,"No","Metropolitan","Fog","Low ",1,"Y",5
41,"Snack ",22,12,4.9,"motorcycle",0,"No","Metropolitan","Windy","Jam ",1,"N",15
13,"Drinks ",25,15,5,"motorcycle",1,"No","Urban","Cloudy","Low",1,"N",10
43,"Drinks ",21,23,4.3,"motorcycle",2,"Yes","Metropolitan","Stormy","Jam ",2,"Y",10
25,"Drinks ",35,21,4.5,"motorcycle",2,"No","Metropolitan","Windy","Medium",0,"Y",10
31,"Drinks ",21,15,4.6,"motorcycle",0,"No","Metropolitan","Fog","High ",1,"N",5
20,"Snack ",29,5,4.8,"motorcycle",2,"No","Semi-Urban","Stormy","Jam ",1,"N",10
19,"Buffet ",22,19,4.7,"motorcycle",1,"No","Urban","Windy","Low",1,"N",10
42,"Buffet ",25,6,4.3,"electric_scooter",2,"No","Metropolitan","Cloudy","Jam ",1,"N",5
29,"Drinks ",29,18,4.6,"motorcycle",0,"No","Urban","Stormy","Jam",1,"Y",15
22,"Snack ",37,15,4.7,"motorcycle",0,"No","Urban","Windy","Low",1,"N",5
27,"Drinks ",27,15,4.7,"scooter",0,"No","Urban","Windy","Medium",1,"N",10
22,"Meal ",38,23,4.9,"motorcycle",0,"No","Urban","Fog","Low",1,"N",10
29,"Meal ",21,16,4.8,"motorcycle",1,"No","Urban","Stormy","Jam",1,"Y",5
32,"Drinks ",31,23,4.6,"scooter",2,"No","Metropolitan","Fog","Jam ",1,"Y",10
25,"Snack ",23,23,4.7,"motorcycle",1,"No","Metropolitan","Fog","Low ",1,"Y",5
47,"Meal ",34,3,4.2,"motorcycle",0,"No","Metropolitan","Stormy","Medium",1,"Y",10
30,"Meal ",29,7,4.6,"motorcycle",1,"No","Metropolitan","Sandstorms","Medium",1,"N",15
22,"Snack ",30,5,4.5,"motorcycle",2,"No","Urban","Fog","High",1,"N",5
27,"Snack ",27,12,5,"motorcycle",0,"No","Metropolitan","Fog","Jam ",1,"N",10
36,"Buffet ",34,5,4.2,"motorcycle",2,"No","Urban","Cloudy","Jam ",1,"N",5
37,"Snack ",27,6,3.6,"scooter",1,"No","Urban","Stormy","Medium",2,"Y",10
50,"Buffet ",25,21,4.8,"motorcycle",0,"No","Metropolitan","Fog","Jam ",1,"Y",5
33,"Snack ",36,5,4.4,"electric_scooter",2,"No","Metropolitan","Sandstorms","Jam ",1,"N",10
49,"Snack ",38,15,4.6,"electric_scooter",0,"No","Urban","Fog","Medium",1,"N",5
23,"Meal ",37,21,4.7,"electric_scooter",1,"No","Urban","Sandstorms","Medium",0,"Y",10
38,"Snack ",27,9,4.8,"scooter",0,"No","Metropolitan","Cloudy","Medium",1,"N",10
19,"Meal ",29,15,5,"motorcycle",0,"No","Urban","Sunny","Jam",1,"N",10
33,"Buffet ",38,22,4.3,"motorcycle",1,"No","Semi-Urban","Fog","Jam",1,"N",15
18,"Drinks ",22,13,4.8,"scooter",1,"No","Metropolitan","Sandstorms","Jam ",0,"N",5
23,"Drinks ",30,21,4.6,"scooter",1,"No","Metropolitan","Stormy","Jam ",0,"Y",5
32,"Snack ",21,3,4,"motorcycle",0,"No","Metropolitan","Sandstorms","Low ",1,"N",15
22,"Snack ",31,17,4.9,"motorcycle",2,"No","Metropolitan","Stormy","High ",0,"N",15
25,"Drinks ",30,13,4.9,"motorcycle",2,"No","Metropolitan","Cloudy","Jam ",0,"N",15
22,"Buffet ",21,15,4.7,"motorcycle",2,"No","Metropolitan","Windy","Low ",0,"N",15
28,"Meal ",34,19,4.8,"electric_scooter",0,"No","Metropolitan","Sandstorms","Jam ",1,"N",15
33,"Drinks ",38,7,4.2,"motorcycle",2,"No","Metropolitan","Stormy","Medium",1,"Y",15
14,"Meal ",36,17,5,"motorcycle",1,"No","Semi-Urban","Fog","Low ",0,"N",15
32,"Meal ",21,3,4.7,"scooter",2,"No","Metropolitan","Fog","Medium",1,"Y",15
13,"Snack ",29,22,4.7,"scooter",2,"No","Metropolitan","Stormy","Medium",1,"Y",15
30,"Buffet ",29,8,4.6,"motorcycle",1,"No","Urban","Fog","Jam ",1,"N",10
18,"Buffet ",27,21,4.6,"scooter",1,"No","Urban","Stormy","Low",0,"N",10
15,"Buffet ",36,23,5,"scooter",2,"No","Metropolitan","Fog","Medium",1,"N",5
25,"Meal ",25,16,4.9,"scooter",1,"No","Metropolitan","Cloudy","Jam ",1,"N",15
25,"Snack ",23,6,4.6,"motorcycle",2,"No","Urban","Sandstorms","Jam ",1,"N",5
32,"Meal ",20,3,3.6,"motorcycle",1,"No","Metropolitan","Sandstorms","Jam ",2,"N",10
21,"Buffet ",22,2,4.1,"motorcycle",0,"No","Metropolitan","Windy","Low ",0,"Y",25
15,"Drinks ",33,3,4.8,"scooter",1,"No","Semi-Urban","Windy","High ",1,"N",15
28,"Buffet ",27,16,4.7,"motorcycle",2,"No","Urban","Sunny","Low ",0,"N",15
46,"Buffet ",39,7,4.7,"motorcycle",0,"No","Semi-Urban","Windy","Medium",1,"N",15
28,"Buffet ",22,9,4.5,"scooter",2,"No","Urban","Sandstorms","Medium",0,"N",15
37,"Drinks ",37,13,4.2,"motorcycle",0,"No","Metropolitan","Sunny","Jam ",0,"Y",10
22,"Snack ",30,5,4.5,"motorcycle",2,"No","Urban","Fog","High",1,"N",5
10,"Snack ",20,15,4.9,"scooter",1,"No","Urban","Stormy","Low",0,"Y",5
26,"Snack ",30,2,4.6,"motorcycle",1,"No","Metropolitan","Stormy","Jam ",1,"Y",5
26,"Snack ",26,23,4.6,"motorcycle",2,"No","Metropolitan","Windy","Low ",0,"N",5
30,"Buffet ",25,23,4.8,"scooter",1,"No","Metropolitan","Stormy","Jam ",1,"N",5
37,"Meal ",32,14,4.9,"motorcycle",0,"No","Urban","Stormy","Low ",2,"N",10
20,"Snack ",27,15,4.6,"electric_scooter",2,"No","Semi-Urban","Stormy","Low",1,"N",10
15,"Drinks ",25,16,4.9,"motorcycle",1,"No","Metropolitan","Fog","Medium",1,"N",10
26,"Drinks ",34,2,4.5,"scooter",0,"No","Metropolitan","Sunny","Medium",1,"N",15
29,"Meal ",30,19,4.9,"motorcycle",2,"No","Semi-Urban","Stormy","Jam",1,"N",10
25,"Buffet ",20,13,5,"electric_scooter",1,"No","Metropolitan","Sandstorms","High ",1,"N",10
19,"Snack ",34,19,4.6,"electric_scooter",0,"No","Urban","Cloudy","Low",1,"N",15
39,"Snack ",34,1,3.6,"scooter",1,"No","Metropolitan","Windy","Medium",1,"Y",5
20,"Snack ",22,23,4.8,"motorcycle",2,"No","Urban","Sunny","Low ",0,"N",15
17,"Snack ",36,22,4.6,"motorcycle",2,"No","Metropolitan","Windy","High ",1,"N",15
23,"Snack ",31,21,4.9,"scooter",1,"No","Metropolitan","Windy","Medium",1,"N",10
37,"Buffet ",29,18,4.9,"scooter",0,"No","Metropolitan","Fog","Jam ",1,"N",10
38,"Snack ",28,22,4.7,"motorcycle",0,"No","Urban","Sandstorms","High",0,"N",15
32,"Snack ",21,7,4,"motorcycle",0,"No","Metropolitan","Windy","Jam ",1,"N",10
21,"Drinks ",34,18,4.8,"motorcycle",2,"No","Semi-Urban","Sandstorms","Low",0,"Y",20
20,"Buffet ",35,16,4.7,"electric_scooter",2,"No","Urban","Cloudy","Low",0,"N",5
15,"Snack ",39,19,5,"motorcycle",1,"No","Urban","Windy","Low ",0,"N",10
18,"Snack ",23,17,4.9,"electric_scooter",1,"No","Urban","Sunny","Medium",1,"N",15
28,"Snack ",22,23,4.8,"scooter",1,"No","Urban","Sandstorms","Low",1,"Y",25
30,"Drinks ",32,17,4.6,"motorcycle",1,"No","Urban","Stormy","Jam",1,"N",10
37,"Drinks ",23,7,4.7,"motorcycle",0,"No","Metropolitan","Fog","Medium",2,"N",10
21,"Buffet ",25,23,4.7,"motorcycle",2,"No","Metropolitan","Windy","Low ",1,"N",10
41,"Meal ",29,15,4.8,"scooter",1,"No","Metropolitan","Fog","Jam ",1,"N",5
18,"Drinks ",31,21,4.9,"scooter",1,"No","Semi-Urban","Sunny","High ",1,"Y",5
27,"Drinks ",35,23,4.8,"electric_scooter",0,"No","Metropolitan","Sandstorms","Jam ",1,"N",15
17,"Drinks ",22,4,4.7,"motorcycle",0,"No","Urban","Sunny","Medium",1,"N",10
34,"Drinks ",25,3,4.2,"motorcycle",0,"No","Metropolitan","Windy","Medium",0,"N",10
17,"Snack ",28,19,4.8,"motorcycle",1,"No","Urban","Stormy","Medium",1,"N",5
12,"Snack ",30,6,4.7,"motorcycle",2,"No","Urban","Sunny","High",0,"N",5
18,"Drinks ",29,19,5,"motorcycle",2,"No","Metropolitan","Windy","Low ",0,"Y",15
33,"Buffet ",23,3,4.1,"motorcycle",0,"No","Metropolitan","Stormy","Jam ",1,"N",5
15,"Drinks ",28,18,4.7,"motorcycle",1,"No","Metropolitan","Sandstorms","Jam ",1,"Y",5
15,"Buffet ",38,15,4.7,"electric_scooter",0,"No","Urban","Stormy","Medium",0,"Y",10
30,"Meal ",39,15,5,"scooter",0,"No","Urban","Sunny","Jam ",0,"N",5
28,"Drinks ",39,18,4.7,"motorcycle",0,"No","Urban","Windy","Medium",1,"Y",15
18,"Buffet ",23,3,4.5,"scooter",2,"No","Urban","Sandstorms","Low",1,"N",15
32,"Buffet ",24,16,4.7,"scooter",1,"No","Metropolitan","Fog","Jam ",1,"N",10
28,"Snack ",21,14,4.6,"motorcycle",2,"No","Metropolitan","Stormy","Jam ",1,"Y",15
22,"Buffet ",20,22,4.7,"motorcycle",0,"No","Urban","Sandstorms","Jam",1,"N",5
15,"Snack ",29,16,4.8,"scooter",0,"No","Metropolitan","Stormy","Medium",1,"N",15
18,"Snack ",24,22,5,"motorcycle",1,"No","Urban","Sunny","Jam",0,"N",15
11,"Buffet ",34,9,4.6,"scooter",0,"No","Metropolitan","Sunny","Low ",0,"Y",10
42,"Buffet ",21,23,4.9,"motorcycle",0,"No","Metropolitan","Fog","Jam ",1,"N",5
29,"Buffet ",25,4,4.9,"electric_scooter",2,"No","Metropolitan","Cloudy","High ",0,"Y",15
29,"Drinks ",22,19,4.5,"scooter",0,"No","Metropolitan","Sandstorms","Low ",1,"N",10
39,"Meal ",22,3,4.4,"motorcycle",0,"No","Urban","Stormy","Jam",0,"Y",10
14,"Drinks ",37,23,4.6,"scooter",2,"No","Urban","Windy","Jam ",1,"N",10
23,"Drinks ",33,1,4.9,"electric_scooter",2,"No","Metropolitan","Sandstorms","Medium",1,"N",5
15,"Drinks ",34,17,4.7,"motorcycle",1,"No","Urban","Fog","Medium",1,"N",15
31,"Snack ",38,19,4.9,"motorcycle",1,"No","Metropolitan","Sandstorms","Medium",1,"N",15
33,"Drinks ",29,8,4.5,"scooter",2,"No","Metropolitan","Fog","Low ",1,"N",15
24,"Drinks ",35,23,4.9,"motorcycle",0,"No","Metropolitan","Sunny","Medium",1,"N",15
24,"Meal ",31,19,4.9,"motorcycle",0,"No","Metropolitan","Sunny","Jam ",1,"N",10
11,"Snack ",21,23,4.7,"motorcycle",1,"No","Urban","Sunny","Low",0,"Y",5
21,"Meal ",38,22,4.9,"motorcycle",0,"No","Metropolitan","Sunny","High",1,"N",5
22,"Meal ",26,16,4.8,"motorcycle",0,"No","Metropolitan","Cloudy","Medium",1,"Y",5
24,"Drinks ",28,11,4,"motorcycle",0,"No","Metropolitan","Stormy","Low ",1,"N",5
35,"Meal ",38,12,4.1,"motorcycle",0,"No","Metropolitan","Sandstorms","Low ",1,"N",10
13,"Meal ",32,4,4.5,"motorcycle",1,"No","Urban","Stormy","Low",1,"N",15
14,"Drinks ",35,18,4.6,"scooter",1,"No","Urban","Sandstorms","Low",0,"Y",15
16,"Drinks ",22,15,4.8,"electric_scooter",1,"No","Metropolitan","Stormy","Low ",0,"N",15
42,"Drinks ",33,14,4.3,"motorcycle",2,"No","Metropolitan","Cloudy","Medium",2,"N",5
34,"Drinks ",37,19,3.6,"motorcycle",1,"No","Metropolitan","Fog","Medium",1,"N",10
12,"Snack ",35,13,4.5,"scooter",2,"No","Metropolitan","Sandstorms","Low ",0,"Y",5
23,"Snack ",23,22,4.7,"electric_scooter",0,"No","Semi-Urban","Windy","Medium",0,"N",15
14,"Meal ",38,16,4.9,"scooter",1,"No","Urban","Sunny","Low",0,"N",5
54,"Snack ",24,7,4,"motorcycle",0,"No","Urban","Windy","Jam ",0,"Y",10
30,"Snack ",25,22,4.8,"motorcycle",1,"No","Urban","Sunny","Low",1,"N",10
28,"Snack ",35,6,4.8,"scooter",1,"No","Urban","Sandstorms","Jam ",0,"N",5
27,"Drinks ",37,12,4.1,"scooter",0,"No","Metropolitan","Windy","Low ",1,"Y",5
14,"Buffet ",24,21,4.6,"motorcycle",2,"No","Urban","Windy","Low",1,"Y",5
13,"Buffet ",27,15,4.7,"scooter",1,"No","Urban","Fog","Medium",0,"Y",15
16,"Snack ",23,14,4.8,"scooter",1,"No","Metropolitan","Sunny","Low ",0,"N",10
34,"Drinks ",37,21,3.4,"motorcycle",0,"No","Metropolitan","Sunny","Low ",1,"N",15
17,"Snack ",33,17,4.6,"electric_scooter",2,"No","Semi-Urban","Sandstorms","Low",1,"N",10
28,"Snack ",29,14,4.6,"scooter",1,"No","Metropolitan","Stormy","Low ",1,"Y",10
29,"Drinks ",32,2,4.9,"scooter",1,"No","Metropolitan","Windy","Medium",0,"N",5
34,"Drinks ",34,3,4.7,"motorcycle",0,"No","Metropolitan","Fog","Medium",1,"Y",5
38,"Snack ",20,9,4.6,"electric_scooter",0,"No","Semi-Urban","Sandstorms","Medium",1,"Y",5
34,"Drinks ",28,5,4.4,"motorcycle",0,"No","Urban","Windy","Jam ",0,"Y",15
26,"Snack ",32,8,4.9,"scooter",1,"No","Metropolitan","Windy","Low ",1,"N",5
24,"Snack ",26,22,4.8,"scooter",0,"No","Urban","Fog","Low",1,"N",10
23,"Buffet ",24,16,4.7,"scooter",2,"No","Urban","Stormy","Low",1,"N",15
29,"Meal ",29,7,4.9,"motorcycle",1,"No","Metropolitan","Stormy","Jam ",1,"N",5
17,"Buffet ",20,6,4.5,"scooter",2,"No","Urban","Stormy","Low",1,"N",15
44,"Drinks ",25,6,4.3,"electric_scooter",2,"No","Metropolitan","Fog","Jam ",2,"N",5
33,"Snack ",34,11,4.5,"motorcycle",1,"No","Urban","Sunny","Jam ",1,"Y",15
26,"Drinks ",34,12,4.5,"motorcycle",0,"No","Semi-Urban","Sandstorms","High ",1,"N",10
23,"Meal ",25,17,5,"electric_scooter",2,"No","Metropolitan","Sunny","Low ",0,"N",15
25,"Snack ",31,8,4.5,"scooter",1,"No","Metropolitan","Sandstorms","High ",1,"N",5
29,"Snack ",38,2,4.5,"motorcycle",0,"No","Semi-Urban","Windy","High ",0,"Y",5
19,"Drinks ",24,19,4.7,"electric_scooter",2,"No","Metropolitan","Windy","Low ",1,"Y",5
16,"Snack ",39,14,4.5,"scooter",2,"No","Semi-Urban","Stormy","Jam ",0,"N",10
18,"Drinks ",25,6,4.5,"motorcycle",1,"No","Urban","Sunny","Jam",1,"N",5
27,"Snack ",21,18,4.8,"motorcycle",0,"No","Semi-Urban","Stormy","Low ",0,"Y",15
31,"Buffet ",36,23,4.9,"motorcycle",2,"No","Urban","Stormy","Jam",0,"N",5
15,"Buffet ",31,17,4.8,"scooter",2,"No","Urban","Cloudy","Low",0,"N",10
47,"Drinks ",27,3,4.7,"scooter",2,"Yes","Metropolitan","Stormy","Jam ",2,"Y",5
28,"Snack ",30,22,4.6,"scooter",0,"No","Urban","Sunny","High ",1,"N",15
33,"Buffet ",35,5,4,"electric_scooter",2,"No","Metropolitan","Cloudy","Jam ",1,"N",5
14,"Meal ",25,8,4.6,"motorcycle",2,"No","Urban","Sandstorms","Low ",0,"N",5
16,"Snack ",23,7,4.8,"electric_scooter",2,"No","Metropolitan","Fog","Low ",1,"N",5
17,"Buffet ",22,2,4.8,"motorcycle",1,"No","Urban","Sunny","Medium",0,"N",15
22,"Buffet ",29,18,4.9,"motorcycle",0,"No","Urban","Sandstorms","Medium",1,"N",10
28,"Drinks ",20,6,4.7,"scooter",2,"No","Urban","Fog","Medium",1,"N",5
32,"Buffet ",22,2,4.1,"electric_scooter",2,"No","Metropolitan","Cloudy","Medium",2,"N",15
28,"Drinks ",25,12,4.8,"motorcycle",0,"No","Metropolitan","Windy","Jam ",1,"N",5
44,"Drinks ",33,18,4.1,"motorcycle",0,"No","Metropolitan","Windy","Jam ",2,"Y",10
37,"Drinks ",33,4,4.2,"motorcycle",2,"No","Metropolitan","Cloudy","Jam ",0,"N",10
37,"Buffet ",26,17,4.8,"scooter",2,"No","Urban","Fog","Jam ",1,"N",5
20,"Meal ",26,9,4.6,"motorcycle",1,"No","Metropolitan","Sunny","Jam ",0,"N",15
10,"Drinks ",33,21,4.7,"scooter",2,"No","Urban","Windy","Jam",1,"N",5
29,"Drinks ",35,21,4.7,"electric_scooter",0,"No","Urban","Sunny","Low",1,"N",5
34,"Meal ",20,3,4.9,"electric_scooter",1,"No","Metropolitan","Cloudy","High ",1,"N",10
19,"Snack ",34,21,4.9,"scooter",1,"No","Metropolitan","Fog","Low ",0,"Y",10
23,"Drinks ",38,21,4.8,"motorcycle",1,"No","Metropolitan","Stormy","Jam ",1,"Y",5
24,"Snack ",35,17,4.8,"motorcycle",2,"No","Metropolitan","Stormy","Low ",1,"N",15
25,"Snack ",23,16,4.8,"scooter",1,"No","Urban","Fog","Jam",1,"N",15
34,"Drinks ",33,23,4.9,"electric_scooter",2,"No","Metropolitan","Sandstorms","Medium",1,"N",10
40,"Drinks ",20,7,4.7,"motorcycle",0,"No","Metropolitan","Fog","Jam ",1,"N",5
51,"Drinks ",21,13,4.6,"electric_scooter",0,"Yes","Metropolitan","Sunny","Jam ",1,"N",10
25,"Meal ",32,13,4.7,"motorcycle",0,"No","Metropolitan","Sunny","Low ",1,"Y",15
20,"Meal ",36,21,5,"motorcycle",2,"No","Metropolitan","Stormy","Low ",0,"N",5
18,"Buffet ",27,14,5,"motorcycle",2,"No","Urban","Stormy","Low ",1,"N",10
18,"Drinks ",22,15,4.7,"motorcycle",2,"No","Metropolitan","Windy","Low ",0,"Y",5
53,"Buffet ",36,2,4,"electric_scooter",0,"No","Metropolitan","Sandstorms","Jam ",3,"N",5
21,"Drinks ",21,2,4.8,"scooter",2,"No","Semi-Urban","Sunny","Jam",0,"N",5
47,"Meal ",32,19,4.8,"motorcycle",0,"Yes","Metropolitan","Sandstorms","Jam ",0,"Y",15
34,"Drinks ",21,18,4.3,"motorcycle",0,"No","Urban","Stormy","Low ",1,"N",5
31,"Drinks ",29,19,4.6,"motorcycle",0,"No","Urban","Stormy","Medium",0,"N",15
25,"Drinks ",39,16,4.9,"scooter",1,"No","Metropolitan","Sandstorms","Jam ",0,"N",5
31,"Buffet ",37,23,4.8,"scooter",2,"No","Urban","Sandstorms","Medium",1,"N",15
26,"Drinks ",31,23,4.9,"electric_scooter",1,"No","Metropolitan","Sandstorms","Medium",0,"N",5
18,"Snack ",32,17,4.8,"motorcycle",1,"No","Metropolitan","Cloudy","Low",0,"N",10
47,"Buffet ",36,23,5,"motorcycle",0,"No","Metropolitan","Windy","Medium",2,"N",5
28,"Buffet ",23,6,4.5,"motorcycle",1,"No","Metropolitan","Fog","Jam ",1,"N",5
25,"Snack ",29,23,4.6,"scooter",1,"No","Urban","Windy","Jam ",1,"Y",15
15,"Meal ",23,19,4.7,"scooter",2,"No","Urban","Sunny","Jam",1,"N",5
15,"Meal ",39,18,4.9,"electric_scooter",2,"No","Semi-Urban","Fog","Low ",0,"N",10
23,"Drinks ",30,4,4.8,"electric_scooter",1,"No","Metropolitan","Sandstorms","Medium",1,"N",15
25,"Snack ",28,18,4.9,"electric_scooter",2,"No","Urban","Sandstorms","Low ",1,"Y",5
37,"Meal ",35,4,4.3,"scooter",1,"No","Semi-Urban","Cloudy","Jam ",2,"N",15
36,"Snack ",32,3,3.2,"scooter",2,"No","Semi-Urban","Sunny","Low",1,"N",10
27,"Snack ",32,21,4.7,"motorcycle",2,"No","Metropolitan","Windy","Medium",1,"N",10
29,"Buffet ",20,4,4.9,"motorcycle",0,"No","Semi-Urban","Sunny","Low ",1,"N",10
11,"Drinks ",28,18,4.7,"motorcycle",2,"No","Metropolitan","Windy","Low",0,"N",5
17,"Snack ",39,9,4.7,"motorcycle",2,"No","Urban","Cloudy","Low ",0,"N",15
29,"Meal ",24,8,4.8,"scooter",1,"No","Metropolitan","Sunny","Jam ",1,"N",10
33,"Snack ",20,13,4.1,"scooter",2,"No","Urban","Cloudy","High ",1,"N",15
27,"Snack ",22,17,4.9,"motorcycle",0,"No","Metropolitan","Sunny","Jam ",0,"N",5
10,"Meal ",24,18,4.7,"electric_scooter",2,"No","Urban","Sunny","Low",0,"N",15
25,"Snack ",34,14,4.3,"motorcycle",0,"No","Metropolitan","Sandstorms","Low ",1,"N",10
33,"Drinks ",29,2,4,"motorcycle",1,"No","Metropolitan","Stormy","Medium",0,"N",10
41,"Drinks ",28,9,4.7,"motorcycle",0,"No","Metropolitan","Sunny","Medium",2,"N",5
53,"Buffet ",26,5,4.3,"motorcycle",0,"Yes","Semi-Urban","Windy","Jam",1,"N",15
28,"Snack ",37,23,4.7,"motorcycle",0,"No","Metropolitan","Sunny","Medium",1,"N",15
21,"Meal ",22,21,4.7,"motorcycle",1,"No","Metropolitan","Stormy","High",0,"N",5
18,"Buffet ",31,13,4.8,"scooter",1,"No","Metropolitan","Cloudy","Low ",1,"Y",10
33,"Snack ",30,5,4.4,"electric_scooter",2,"No","Urban","Windy","Jam ",1,"Y",5
17,"Drinks ",36,21,4.4,"scooter",0,"No","Metropolitan","Windy","Low ",1,"N",5
22,"Buffet ",22,22,4.1,"motorcycle",0,"No","Semi-Urban","Sandstorms","Low ",0,"N",5
23,"Meal ",28,19,4.1,"motorcycle",0,"No","Metropolitan","Windy","Low ",0,"N",10
42,"Snack ",26,9,4.5,"motorcycle",0,"No","Metropolitan","Fog","Jam ",1,"Y",15
30,"Drinks ",26,19,4.8,"motorcycle",0,"No","Urban","Windy","Medium",1,"N",5
20,"Snack ",25,16,4.9,"motorcycle",1,"No","Urban","Stormy","Jam",1,"N",5
46,"Drinks ",39,23,4.4,"motorcycle",0,"No","Metropolitan","Sandstorms","Medium",1,"N",10
18,"Meal ",28,21,5,"electric_scooter",1,"No","Metropolitan","Fog","Low",0,"N",5
18,"Drinks ",31,9,4.7,"scooter",2,"No","Metropolitan","Fog","Low ",0,"N",5
20,"Snack ",35,23,4.9,"electric_scooter",2,"No","Urban","Sunny","Low ",0,"N",10
21,"Snack ",21,21,5,"electric_scooter",2,"No","Urban","Windy","Low",1,"N",10
44,"Buffet ",35,2,4.4,"motorcycle",2,"No","Semi-Urban","Fog","Jam",1,"N",15
33,"Drinks ",36,12,4.6,"scooter",1,"No","Metropolitan","Sandstorms","High ",1,"N",15
18,"Meal ",38,19,4.8,"motorcycle",2,"No","Metropolitan","Sunny","Medium",0,"N",15
20,"Meal ",25,5,5,"motorcycle",0,"No","Metropolitan","Stormy","Medium",0,"N",5
13,"Buffet ",33,3,4.6,"scooter",2,"No","Urban","Stormy","Low",1,"N",10
14,"Drinks ",39,21,4.8,"electric_scooter",2,"No","Metropolitan","Sunny","High ",0,"N",10
15,"Buffet ",20,22,4.7,"electric_scooter",1,"No","Urban","Sunny","High",0,"N",15
41,"Snack ",27,9,4.3,"motorcycle",0,"No","Urban","Sunny","Jam ",2,"Y",10
43,"Snack ",29,21,3.5,"motorcycle",2,"No","Urban","Sandstorms","Jam",1,"Y",5
17,"Meal ",21,2,4.8,"motorcycle",2,"No","Metropolitan","Stormy","Low ",1,"N",5
23,"Snack ",31,23,5,"motorcycle",1,"No","Urban","Sunny","Low",1,"N",15
15,"Drinks ",31,23,4.8,"motorcycle",1,"No","Urban","Fog","Medium",1,"N",15
37,"Snack ",33,13,2.8,"electric_scooter",2,"No","Metropolitan","Sunny","Low ",1,"N",15
20,"Snack ",37,15,5,"electric_scooter",2,"No","Metropolitan","Stormy","Low ",1,"N",15
15,"Drinks ",22,15,4.6,"scooter",1,"No","Urban","Fog","Low",0,"N",15
53,"Meal ",20,3,4,"motorcycle",0,"No","Metropolitan","Stormy","Jam ",1,"N",5
15,"Buffet ",36,22,4.8,"scooter",1,"No","Metropolitan","Sunny","Medium",1,"N",15
18,"Buffet ",30,15,4.8,"scooter",1,"No","Metropolitan","Stormy","Low",1,"N",10
34,"Drinks ",30,16,5,"motorcycle",1,"No","Urban","Stormy","Jam",1,"Y",5
26,"Meal ",21,23,4.8,"scooter",2,"No","Urban","Windy","Jam ",1,"Y",5
11,"Drinks ",36,22,5,"motorcycle",1,"No","Urban","Stormy","Low",1,"N",10
19,"Drinks ",26,16,4.9,"motorcycle",1,"No","Urban","Fog","Low ",0,"N",15
29,"Buffet ",28,3,4.6,"motorcycle",1,"No","Metropolitan","Sandstorms","Jam ",1,"N",15
34,"Meal ",28,9,4.6,"scooter",1,"No","Metropolitan","Stormy","High ",1,"Y",5
25,"Snack ",37,15,4.7,"motorcycle",1,"No","Urban","Stormy","Medium",1,"N",5
21,"Drinks ",33,23,4.7,"scooter",1,"No","Metropolitan","Windy","Low ",1,"N",5
16,"Meal ",36,12,4.8,"motorcycle",1,"No","Semi-Urban","Fog","Low ",1,"N",5
26,"Drinks ",20,9,4.7,"motorcycle",0,"No","Urban","Stormy","Low ",1,"N",5
34,"Drinks ",35,2,4.3,"motorcycle",2,"No","Urban","Stormy","Medium",1,"Y",15
29,"Snack ",30,7,4.9,"electric_scooter",1,"No","Urban","Stormy","High ",1,"Y",10
19,"Meal ",32,6,4.5,"electric_scooter",1,"No","Metropolitan","Sunny","High ",1,"N",5
42,"Meal ",31,6,4.7,"motorcycle",0,"No","Urban","Fog","Jam",1,"Y",10
26,"Meal ",21,17,5,"electric_scooter",1,"No","Urban","Windy","Medium",1,"Y",15
29,"Buffet ",38,19,5,"electric_scooter",0,"No","Urban","Fog","Low",1,"Y",15
36,"Meal ",33,2,4.5,"scooter",2,"No","Semi-Urban","Windy","Jam ",1,"N",5
25,"Drinks ",26,3,5,"motorcycle",0,"No","Urban","Sunny","Jam ",0,"N",15
37,"Drinks ",21,3,5,"electric_scooter",1,"No","Metropolitan","Cloudy","Jam ",0,"Y",10
45,"Meal ",31,8,4.6,"motorcycle",0,"No","Metropolitan","Fog","Medium",1,"N",10
29,"Snack ",35,8,4.5,"electric_scooter",2,"No","Urban","Sandstorms","Jam ",1,"N",5
23,"Buffet ",20,2,4.9,"scooter",2,"No","Semi-Urban","Stormy","Medium",1,"Y",10
26,"Meal ",24,18,4.9,"motorcycle",1,"No","Metropolitan","Stormy","High ",0,"N",15
43,"Meal ",31,1,4.8,"motorcycle",0,"No","Metropolitan","Cloudy","Jam ",2,"Y",10
36,"Snack ",32,4,4.2,"motorcycle",2,"No","Metropolitan","Stormy","Medium",1,"N",10
12,"Drinks ",36,15,4.6,"electric_scooter",2,"No","Metropolitan","Sunny","Low ",1,"Y",15
13,"Snack ",25,23,4.5,"scooter",2,"No","Semi-Urban","Stormy","High ",0,"N",15
25,"Drinks ",23,23,4.5,"electric_scooter",0,"No","Metropolitan","Sandstorms","Low ",1,"N",5
22,"Buffet ",37,14,4.9,"motorcycle",2,"No","Semi-Urban","Stormy","Low ",0,"N",5
22,"Meal ",38,13,4,"motorcycle",0,"No","Urban","Stormy","Low ",1,"N",15
31,"Snack ",20,1,4.3,"motorcycle",0,"No","Metropolitan","Stormy","Medium",1,"N",10
19,"Snack ",30,12,4.6,"scooter",1,"No","Metropolitan","Sunny","High ",0,"N",5
35,"Buffet ",31,8,4.8,"electric_scooter",0,"No","Metropolitan","Cloudy","Medium",1,"N",15
47,"Meal ",34,3,4.8,"motorcycle",0,"No","Semi-Urban","Cloudy","Medium",1,"Y",5
28,"Meal ",25,18,4.7,"scooter",1,"No","Metropolitan","Sandstorms","Low ",1,"Y",10
29,"Snack ",33,12,4.5,"motorcycle",2,"No","Metropolitan","Windy","Medium",1,"N",10
44,"Buffet ",29,13,4.6,"motorcycle",0,"No","Metropolitan","Sunny","Jam ",1,"N",5
40,"Meal ",33,15,4.6,"motorcycle",0,"No","Metropolitan","Fog","Jam ",1,"N",10
22,"Buffet ",28,22,4.6,"scooter",1,"No","Metropolitan","Sandstorms","Low ",0,"Y",15
24,"Snack ",22,15,5,"motorcycle",1,"No","Metropolitan","Fog","High ",1,"N",10
28,"Snack ",25,5,4.7,"motorcycle",0,"No","Semi-Urban","Stormy","Medium",1,"N",15
18,"Meal ",27,9,4.5,"motorcycle",0,"No","Urban","Windy","Low ",0,"N",20
29,"Meal ",33,2,4.8,"electric_scooter",2,"No","Metropolitan","Sandstorms","Medium",1,"N",5
15,"Snack ",29,16,4.7,"scooter",2,"No","Metropolitan","Cloudy","Low",1,"N",15
18,"Snack ",20,18,4.8,"scooter",2,"No","Metropolitan","Stormy","Low ",0,"N",5
33,"Drinks ",27,3,4.3,"electric_scooter",1,"No","Metropolitan","Fog","Medium",1,"Y",10
26,"Snack ",32,9,5,"motorcycle",0,"No","Metropolitan","Stormy","Medium",1,"N",15
27,"Buffet ",33,22,4.9,"motorcycle",1,"No","Urban","Fog","Medium",0,"Y",10
25,"Meal ",28,21,4.6,"scooter",2,"No","Metropolitan","Stormy","Medium",1,"Y",5
40,"Meal ",34,9,4.4,"motorcycle",1,"No","Semi-Urban","Fog","Jam ",1,"N",5
28,"Drinks ",30,8,4.8,"electric_scooter",2,"No","Metropolitan","Sandstorms","Low ",1,"N",5
17,"Drinks ",25,19,4.5,"scooter",1,"No","Urban","Stormy","Low",1,"N",10
29,"Snack ",38,13,4.6,"motorcycle",1,"No","Semi-Urban","Stormy","Low ",1,"N",15
10,"Drinks ",28,21,4.9,"motorcycle",1,"No","Urban","Cloudy","Low",0,"N",15
37,"Meal ",21,2,3.8,"electric_scooter",1,"No","Urban","Windy","Jam ",1,"N",15
29,"Drinks ",35,21,4.7,"electric_scooter",0,"No","Urban","Sunny","Low",1,"N",5
22,"Buffet ",21,14,4.8,"electric_scooter",2,"No","Semi-Urban","Sunny","Jam ",1,"N",15
26,"Drinks ",21,23,4.7,"scooter",2,"No","Semi-Urban","Sandstorms","Jam",1,"N",5
31,"Snack ",37,4,3.5,"motorcycle",2,"No","Urban","Fog","Low",1,"N",15
27,"Meal ",22,23,4.5,"motorcycle",2,"No","Semi-Urban","Stormy","High ",1,"Y",10
34,"Drinks ",25,4,4,"motorcycle",2,"No","Urban","Fog","High",1,"N",10
37,"Meal ",22,5,3.7,"motorcycle",1,"No","Metropolitan","Stormy","Jam ",1,"N",15
18,"Buffet ",36,23,4.6,"motorcycle",1,"No","Urban","Fog","Medium",1,"Y",15
21,"Meal ",38,1,4.5,"motorcycle",0,"No","Metropolitan","Cloudy","Low ",0,"N",5
15,"Snack ",31,13,5,"scooter",2,"No","Metropolitan","Sandstorms","Medium",0,"Y",10
26,"Drinks ",31,15,4.8,"electric_scooter",2,"No","Urban","Sunny","Low ",1,"Y",5
49,"Snack ",23,6,4.5,"electric_scooter",0,"Yes","Metropolitan","Fog","Jam ",3,"Y",5
29,"Drinks ",32,17,4.5,"motorcycle",1,"No","Urban","Stormy","Jam ",1,"N",15
11,"Buffet ",31,13,4.6,"motorcycle",1,"No","Metropolitan","Sandstorms","High ",0,"N",5
31,"Meal ",36,11,3.6,"motorcycle",2,"No","Metropolitan","Sandstorms","Jam ",1,"N",15
28,"Buffet ",21,23,4.6,"motorcycle",0,"No","Urban","Windy","Low ",0,"Y",25
10,"Buffet ",32,5,4.5,"electric_scooter",2,"No","Urban","Sandstorms","Low ",0,"Y",10
38,"Buffet ",36,13,3.9,"scooter",2,"No","Urban","Windy","Medium",1,"N",10
30,"Buffet ",38,12,4.5,"motorcycle",1,"No","Metropolitan","Windy","Medium",1,"N",10
18,"Meal ",22,19,4.8,"electric_scooter",2,"No","Urban","Stormy","Low",1,"N",15
16,"Buffet ",38,22,4.5,"motorcycle",1,"No","Urban","Sunny","Low ",0,"Y",10
22,"Meal ",23,4,4.5,"motorcycle",0,"No","Metropolitan","Stormy","Low ",1,"N",15
39,"Meal ",22,13,4.3,"scooter",1,"No","Semi-Urban","Cloudy","Low ",1,"N",5
27,"Drinks ",38,19,4.6,"scooter",2,"No","Urban","Windy","Low ",0,"N",30
37,"Meal ",29,14,4.6,"scooter",1,"No","Semi-Urban","Cloudy","High ",0,"N",10
29,"Drinks ",20,13,4.1,"motorcycle",0,"No","Metropolitan","Windy","Low ",1,"N",15
27,"Meal ",22,14,4.8,"motorcycle",0,"No","Metropolitan","Sunny","Jam ",1,"Y",15
25,"Snack ",31,23,4.7,"motorcycle",0,"No","Urban","Sandstorms","Low ",1,"N",5
15,"Snack ",30,22,4.7,"motorcycle",1,"No","Metropolitan","Sunny","Medium",0,"N",15
27,"Meal ",21,21,4.6,"electric_scooter",2,"No","Metropolitan","Stormy","Jam ",0,"N",15
37,"Meal ",29,15,4.3,"electric_scooter",0,"No","Metropolitan","Sandstorms","Jam ",1,"N",10
35,"Buffet ",32,11,4.5,"scooter",0,"No","Metropolitan","Fog","Jam ",1,"N",5
21,"Snack ",36,9,4.6,"motorcycle",0,"No","Semi-Urban","Sunny","Low ",1,"N",15
30,"Snack ",36,17,4.7,"scooter",0,"No","Urban","Sandstorms","Jam",1,"N",10
35,"Snack ",21,11,4,"motorcycle",1,"No","Metropolitan","Fog","Jam ",1,"N",10
25,"Drinks ",35,23,4.9,"motorcycle",0,"No","Semi-Urban","Cloudy","Jam ",1,"N",15
25,"Snack ",25,15,5,"scooter",2,"No","Metropolitan","Windy","Low ",0,"Y",10
28,"Snack ",39,18,4.8,"electric_scooter",0,"No","Urban","Stormy","Low",0,"Y",30
16,"Drinks ",26,23,4.6,"electric_scooter",1,"No","Urban","Cloudy","Medium",1,"N",15
31,"Drinks ",28,12,4.8,"motorcycle",0,"No","Semi-Urban","Windy","Medium",0,"N",5
38,"Meal ",32,15,4.9,"motorcycle",0,"No","Semi-Urban","Windy","High ",0,"Y",10
44,"Buffet ",24,9,4.8,"electric_scooter",2,"No","Metropolitan","Stormy","Medium",2,"N",5
31,"Drinks ",39,7,4.4,"scooter",2,"No","Urban","Cloudy","Medium",1,"Y",15
10,"Buffet ",20,19,4.6,"motorcycle",2,"No","Semi-Urban","Fog","Low ",1,"N",10
18,"Drinks ",35,9,4.5,"scooter",1,"No","Urban","Windy","Medium",1,"N",10
23,"Buffet ",32,2,4.5,"scooter",2,"No","Semi-Urban","Stormy","Jam",0,"N",15
17,"Snack ",21,23,4.8,"motorcycle",0,"No","Semi-Urban","Sunny","Medium",0,"N",15
46,"Meal ",27,2,4.8,"electric_scooter",0,"No","Metropolitan","Fog","Jam ",3,"Y",5
23,"Buffet ",33,23,4.8,"motorcycle",1,"No","Metropolitan","Windy","Jam ",1,"N",10
23,"Meal ",33,12,4.6,"scooter",2,"No","Metropolitan","Cloudy","Jam ",1,"N",5
20,"Snack ",36,15,4.7,"motorcycle",1,"No","Urban","Sunny","Medium",0,"N",5
18,"Snack ",22,3,4.6,"motorcycle",1,"No","Metropolitan","Stormy","Medium",1,"N",10
34,"Drinks ",22,2,4.6,"electric_scooter",2,"No","Metropolitan","Cloudy","High ",1,"N",5
37,"Buffet ",25,3,4.1,"motorcycle",2,"No","Metropolitan","Fog","Jam ",2,"N",15
26,"Buffet ",37,19,4.7,"electric_scooter",2,"No","Semi-Urban","Stormy","Medium",0,"N",5
13,"Drinks ",33,18,4.8,"electric_scooter",0,"No","Metropolitan","Sunny","Low ",1,"N",15
14,"Drinks ",28,2,4.7,"scooter",2,"No","Metropolitan","Stormy","Low ",1,"N",15
24,"Buffet ",23,22,4.9,"motorcycle",0,"No","Urban","Fog","Low",1,"N",15
26,"Buffet ",35,19,4.5,"electric_scooter",2,"No","Metropolitan","Cloudy","Medium",1,"N",5
22,"Snack ",24,3,4,"motorcycle",0,"No","Semi-Urban","Stormy","Low ",1,"N",10
35,"Snack ",24,7,4.1,"motorcycle",2,"No","Semi-Urban","Sandstorms","Jam ",1,"N",15
24,"Meal ",26,19,4.7,"scooter",2,"No","Semi-Urban","Sandstorms","Low ",1,"N",5
34,"Snack ",22,4,5,"scooter",1,"No","Semi-Urban","Stormy","High ",1,"N",10
43,"Buffet ",29,23,4.7,"motorcycle",0,"No","Metropolitan","Cloudy","Jam ",0,"N",10
16,"Meal ",31,19,5,"electric_scooter",2,"No","Urban","Stormy","Low",0,"Y",15
24,"Snack ",38,22,5,"scooter",1,"No","Urban","Sandstorms","Low",1,"N",15
23,"Buffet ",20,23,4.8,"electric_scooter",0,"No","Metropolitan","Fog","Jam",0,"N",15
11,"Snack ",35,22,4.8,"scooter",1,"No","Urban","Fog","Low",0,"Y",15
13,"Snack ",28,16,4.5,"scooter",1,"No","Urban","Stormy","Jam ",0,"N",5
15,"Drinks ",38,21,4.7,"scooter",1,"No","Urban","Cloudy","Low",0,"Y",15
16,"Snack ",36,23,4.9,"scooter",1,"No","Urban","Cloudy","Low ",0,"N",5
26,"Drinks ",25,18,4.9,"scooter",0,"No","Metropolitan","Stormy","Medium",1,"N",15
16,"Meal ",26,18,4.7,"scooter",2,"No","Semi-Urban","Windy","Jam",0,"N",5
19,"Drinks ",30,23,4.6,"scooter",2,"No","Urban","Sunny","Low ",0,"N",10
18,"Buffet ",38,6,4.5,"motorcycle",0,"No","Urban","Fog","Low",1,"N",5
16,"Drinks ",24,4,4.8,"motorcycle",1,"No","Urban","Fog","Low",0,"N",5
11,"Buffet ",21,13,4.9,"electric_scooter",1,"No","Metropolitan","Sandstorms","Low ",0,"Y",15
13,"Snack ",35,22,4.8,"electric_scooter",1,"No","Metropolitan","Sunny","Medium",0,"N",15
15,"Snack ",30,22,5,"electric_scooter",2,"No","Metropolitan","Sunny","Medium",1,"Y",10
22,"Snack ",36,16,5,"scooter",1,"No","Urban","Sandstorms","Medium",0,"N",15
15,"Buffet ",30,23,4.9,"electric_scooter",1,"No","Urban","Stormy","Low",1,"N",15
10,"Buffet ",30,2,4.6,"motorcycle",1,"No","Metropolitan","Cloudy","Low",0,"N",15
25,"Buffet ",24,23,4.8,"scooter",1,"No","Urban","Fog","Medium",1,"N",5
48,"Drinks ",31,21,4.9,"motorcycle",2,"No","Metropolitan","Fog","Jam ",1,"Y",10
21,"Meal ",23,23,4.6,"scooter",2,"No","Semi-Urban","Stormy","Low ",1,"N",10
16,"Snack ",26,2,4.9,"scooter",1,"No","Metropolitan","Stormy","Jam",0,"N",5
16,"Drinks ",39,9,4.8,"scooter",2,"No","Metropolitan","Cloudy","Low ",0,"N",15
48,"Snack ",38,9,4.9,"motorcycle",0,"No","Urban","Fog","Medium",0,"N",10
11,"Snack ",22,23,4.8,"scooter",2,"No","Metropolitan","Sunny","Medium",1,"N",10
41,"Meal ",21,3,4.3,"electric_scooter",2,"No","Semi-Urban","Fog","Jam ",1,"Y",5
13,"Meal ",24,18,4.7,"electric_scooter",2,"No","Urban","Windy","Low",1,"Y",5
24,"Buffet ",34,23,4.7,"scooter",0,"No","Urban","Fog","Medium",0,"N",5
32,"Meal ",33,16,4,"scooter",2,"No","Semi-Urban","Windy","High ",1,"N",15
36,"Buffet ",29,13,4.8,"scooter",0,"No","Semi-Urban","Sandstorms","Jam ",1,"N",10
10,"Meal ",22,19,4.7,"motorcycle",1,"No","Urban","Fog","Medium",0,"N",5
31,"Meal ",23,21,4.8,"electric_scooter",1,"No","Urban","Windy","Jam",1,"N",15
23,"Buffet ",31,22,4.6,"motorcycle",1,"No","Urban","Sunny","Low",0,"N",10
32,"Buffet ",21,4,4.4,"electric_scooter",2,"No","Metropolitan","Windy","Medium",1,"N",10
43,"Meal ",22,3,4.2,"scooter",1,"No","Metropolitan","Cloudy","Jam ",1,"N",10
38,"Meal ",27,11,2.8,"motorcycle",2,"No","Semi-Urban","Sunny","Low ",1,"N",5
32,"Buffet ",34,17,4.6,"motorcycle",2,"No","Urban","Fog","Jam ",1,"Y",5
23,"Snack ",23,18,4.8,"motorcycle",2,"No","Urban","Fog","Jam",1,"N",10
15,"Meal ",23,16,4.7,"motorcycle",0,"No","Semi-Urban","Windy","High ",1,"N",10
19,"Meal ",22,5,4.4,"motorcycle",0,"No","Metropolitan","Sandstorms","Low ",1,"N",15
41,"Meal ",32,17,4.7,"scooter",0,"No","Urban","Stormy","High",1,"N",5
42,"Snack ",26,4,3.6,"motorcycle",1,"No","Urban","Stormy","Jam ",1,"N",15
18,"Drinks ",35,19,4.7,"electric_scooter",1,"No","Urban","Windy","Jam",1,"N",10
49,"Snack ",34,4,5,"motorcycle",0,"No","Semi-Urban","Sandstorms","Medium",3,"Y",5
25,"Meal ",31,17,4.9,"motorcycle",0,"No","Urban","Stormy","Jam ",1,"N",5
11,"Buffet ",33,23,4.9,"motorcycle",2,"No","Semi-Urban","Fog","Medium",1,"N",5
17,"Buffet ",26,18,4.7,"motorcycle",1,"No","Metropolitan","Windy","Low",0,"N",5
39,"Drinks ",39,15,4.7,"scooter",0,"No","Metropolitan","Fog","Medium",1,"N",10
15,"Meal ",33,23,4.6,"electric_scooter",2,"No","Semi-Urban","Sunny","Medium",0,"N",15
12,"Snack ",29,19,4.8,"motorcycle",2,"No","Urban","Sandstorms","Low",1,"N",15
46,"Drinks ",23,8,4.4,"electric_scooter",1,"No","Semi-Urban","Cloudy","Jam ",1,"N",10
23,"Meal ",20,19,4.8,"motorcycle",0,"No","Metropolitan","Stormy","Low ",1,"Y",10
23,"Snack ",20,7,4.7,"motorcycle",0,"No","Urban","Sunny","Medium",1,"N",5
31,"Buffet ",34,3,4.2,"scooter",0,"No","Metropolitan","Windy","Low ",1,"Y",10
24,"Snack ",31,22,5,"motorcycle",0,"No","Urban","Cloudy","Low ",0,"Y",15
51,"Meal ",34,1,4.4,"motorcycle",0,"No","Metropolitan","Stormy","Jam ",3,"N",10
24,"Meal ",37,21,4.7,"scooter",2,"No","Metropolitan","Windy","Jam ",1,"N",5
42,"Meal ",35,23,4.4,"electric_scooter",2,"Yes","Metropolitan","Cloudy","Jam ",2,"N",15
38,"Snack ",31,13,4.7,"motorcycle",0,"No","Metropolitan","Stormy","High ",2,"N",5
39,"Snack ",38,8,4.4,"motorcycle",1,"No","Metropolitan","Stormy","Medium",1,"Y",15
23,"Buffet ",27,4,4.6,"motorcycle",1,"No","Urban","Stormy","Low ",1,"N",15
24,"Meal ",26,5,4.8,"motorcycle",0,"No","Urban","Stormy","Jam ",1,"N",15
26,"Meal ",31,17,5,"motorcycle",0,"No","Urban","Stormy","Low",1,"N",15
29,"Buffet ",36,22,4.9,"scooter",2,"No","Urban","Sandstorms","Medium",0,"Y",15
23,"Meal ",28,9,4.8,"electric_scooter",1,"No","Urban","Windy","Jam ",0,"N",15
42,"Buffet ",23,1,3.7,"motorcycle",0,"No","Urban","Stormy","Jam",1,"N",5
51,"Snack ",34,12,3.9,"motorcycle",0,"Yes","Metropolitan","Sunny","Jam ",3,"N",10
18,"Meal ",38,14,4.9,"scooter",2,"No","Metropolitan","Stormy","Medium",0,"N",10
22,"Buffet ",27,19,4.6,"motorcycle",0,"No","Metropolitan","Windy","Medium",1,"Y",15
33,"Snack ",20,1,4.1,"electric_scooter",1,"No","Urban","Sandstorms","Jam ",1,"Y",5
22,"Buffet ",25,23,4.7,"electric_scooter",2,"No","Metropolitan","Cloudy","Low ",0,"Y",20
26,"Snack ",20,6,4.5,"electric_scooter",2,"No","Urban","Stormy","Jam",1,"N",5
30,"Drinks ",31,16,5,"motorcycle",2,"No","Metropolitan","Stormy","Medium",1,"N",15
14,"Snack ",34,7,4.9,"motorcycle",1,"No","Metropolitan","Sandstorms","Medium",1,"N",15
22,"Buffet ",28,23,4.6,"electric_scooter",2,"No","Urban","Fog","High ",1,"N",10
43,"Meal ",39,20,3.9,"scooter",1,"No","Metropolitan","Fog","Jam ",1,"N",10
27,"Meal ",32,21,4.8,"motorcycle",2,"No","Urban","Windy","High ",1,"Y",15
40,"Buffet ",27,14,4.8,"scooter",0,"No","Metropolitan","Fog","Medium",2,"N",15
24,"Buffet ",37,7,4,"scooter",0,"No","Metropolitan","Windy","Low ",1,"N",5
24,"Buffet ",27,9,4.6,"motorcycle",0,"No","Metropolitan","Sunny","Jam ",0,"N",5
41,"Drinks ",31,16,4.9,"scooter",2,"No","Urban","Fog","Medium",1,"N",10
20,"Drinks ",23,9,4.4,"motorcycle",0,"No","Metropolitan","Sandstorms","Low ",1,"N",10
25,"Snack ",27,19,5,"scooter",2,"No","Metropolitan","Sandstorms","Jam ",1,"N",15
24,"Meal ",26,19,4.6,"scooter",2,"No","Semi-Urban","Sandstorms","Low ",1,"Y",5
44,"Snack ",25,16,4.1,"motorcycle",0,"No","Metropolitan","Sandstorms","Jam ",2,"N",10
28,"Drinks ",35,16,4.8,"motorcycle",2,"No","Metropolitan","Stormy","Medium",1,"N",10
16,"Drinks ",36,13,5,"electric_scooter",2,"No","Metropolitan","Sunny","Low ",1,"N",15
32,"Meal ",35,5,3.7,"motorcycle",2,"No","Urban","Sandstorms","Jam",1,"N",10
46,"Buffet ",39,23,4.5,"electric_scooter",0,"No","Metropolitan","Stormy","Jam ",0,"N",10
33,"Meal ",24,6,4.4,"motorcycle",0,"No","Metropolitan","Sunny","Jam ",1,"N",10
25,"Meal ",29,21,4.6,"motorcycle",0,"No","Metropolitan","Sunny","Medium",1,"N",10
10,"Meal ",21,19,4.7,"scooter",2,"No","Semi-Urban","Sunny","Medium",1,"N",15
28,"Drinks ",31,15,5,"motorcycle",0,"No","Semi-Urban","Sunny","Jam",1,"N",5
22,"Buffet ",39,21,4.6,"motorcycle",0,"No","Urban","Fog","Jam ",1,"N",5
31,"Drinks ",33,9,4.6,"motorcycle",0,"No","Semi-Urban","Sandstorms","Jam ",1,"N",10
32,"Snack ",23,15,4.9,"scooter",2,"No","Metropolitan","Sandstorms","Jam ",1,"N",5
28,"Meal ",36,21,4.7,"scooter",2,"No","Metropolitan","Sandstorms","Jam ",0,"N",5
13,"Snack ",22,9,4.7,"electric_scooter",2,"No","Semi-Urban","Stormy","Jam ",0,"N",10
45,"Snack ",34,5,4.6,"motorcycle",0,"No","Metropolitan","Fog","Jam ",1,"N",15
24,"Drinks ",22,12,4.8,"scooter",0,"No","Metropolitan","Windy","Medium",0,"N",15
11,"Drinks ",20,9,4.8,"electric_scooter",2,"No","Metropolitan","Sunny","Low ",0,"N",10
35,"Snack ",24,7,4.1,"motorcycle",2,"No","Semi-Urban","Sandstorms","Jam ",1,"N",15
33,"Snack ",33,15,4.9,"motorcycle",0,"No","Urban","Sandstorms","Jam ",0,"N",10
28,"Buffet ",39,21,4.7,"motorcycle",2,"No","Semi-Urban","Windy","Jam ",1,"N",5
19,"Snack ",36,4,4.9,"motorcycle",2,"No","Metropolitan","Sunny","Low ",1,"N",15
21,"Drinks ",36,14,4.9,"scooter",1,"No","Metropolitan","Stormy","Jam ",0,"Y",5
13,"Meal ",26,23,4.8,"electric_scooter",2,"No","Urban","Fog","Low",1,"Y",5
31,"Snack ",24,4,4.9,"motorcycle",0,"No","Metropolitan","Fog","Medium",1,"N",10
18,"Snack ",32,9,4.5,"motorcycle",2,"No","Metropolitan","Stormy","Medium",1,"Y",10
27,"Snack ",37,21,4.9,"scooter",2,"No","Metropolitan","Stormy","Low",1,"N",10
36,"Buffet ",22,4,4.6,"scooter",1,"No","Metropolitan","Fog","High ",1,"Y",10
19,"Drinks ",23,19,4.7,"motorcycle",1,"No","Urban","Stormy","Medium",1,"N",15
38,"Buffet ",27,1,4.1,"motorcycle",0,"No","Semi-Urban","Sunny","Medium",2,"N",15
26,"Drinks ",21,6,4.2,"motorcycle",0,"No","Metropolitan","Sandstorms","Low ",0,"N",5
17,"Buffet ",31,8,4.9,"motorcycle",1,"No","Metropolitan","Fog","Jam ",0,"N",10
28,"Drinks ",23,14,5,"scooter",1,"No","Metropolitan","Windy","Medium",1,"N",10
19,"Snack ",36,4,4.9,"motorcycle",2,"No","Metropolitan","Sunny","Low ",1,"N",15
32,"Snack ",38,4,5,"electric_scooter",0,"No","Metropolitan","Cloudy","Jam ",2,"N",10
23,"Meal ",28,16,4.6,"scooter",0,"No","Metropolitan","Cloudy","High ",0,"Y",5
26,"Meal ",30,13,4.7,"electric_scooter",2,"No","Metropolitan","Fog","Low ",0,"N",30
19,"Buffet ",38,21,4.6,"electric_scooter",2,"No","Metropolitan","Windy","Low ",0,"N",15
23,"Buffet ",33,5,4.1,"scooter",0,"No","Metropolitan","Sunny","Low ",1,"N",5
20,"Meal ",30,22,4.7,"motorcycle",1,"No","Metropolitan","Windy","Jam ",1,"N",15
11,"Snack ",35,19,4.7,"motorcycle",0,"No","Metropolitan","Sandstorms","Medium",1,"N",5
30,"Snack ",24,3,4.6,"scooter",2,"No","Metropolitan","Windy","Jam ",1,"N",15
32,"Buffet ",35,5,4,"motorcycle",1,"No","Urban","Stormy","Medium",1,"N",10
30,"Snack ",34,14,4.7,"scooter",2,"No","Urban","Sandstorms","Jam ",1,"N",15
43,"Snack ",26,9,4.8,"scooter",0,"No","Metropolitan","Cloudy","Jam ",1,"N",10
18,"Buffet ",39,18,4.9,"motorcycle",2,"No","Urban","Fog","Medium",1,"Y",15
22,"Snack ",20,12,4.3,"motorcycle",0,"No","Semi-Urban","Stormy","Low ",0,"N",5
25,"Meal ",37,6,4.6,"electric_scooter",2,"No","Metropolitan","Stormy","Low ",1,"N",10
27,"Snack ",24,6,5,"motorcycle",0,"No","Semi-Urban","Sandstorms","Jam ",0,"N",5
34,"Buffet ",26,12,3.4,"motorcycle",0,"No","Semi-Urban","Sunny","Low ",2,"N",5
34,"Meal ",25,3,4,"electric_scooter",0,"No","Urban","Stormy","Medium",0,"N",10
45,"Snack ",34,9,4.5,"motorcycle",0,"No","Metropolitan","Fog","Medium",0,"N",10
17,"Meal ",34,8,4.7,"motorcycle",1,"No","Metropolitan","Windy","Jam ",0,"N",15
31,"Snack ",23,17,4.3,"scooter",2,"No","Metropolitan","Sunny","Jam ",0,"N",15
27,"Buffet ",33,21,4.9,"motorcycle",0,"No","Metropolitan","Sunny","Low ",1,"Y",15
24,"Drinks ",23,12,4.5,"motorcycle",2,"No","Metropolitan","Sandstorms","Medium",1,"N",15
38,"Drinks ",22,9,4.2,"motorcycle",0,"No","Metropolitan","Stormy","Medium",2,"N",15
16,"Snack ",21,19,4.8,"scooter",1,"No","Metropolitan","Windy","Jam ",1,"N",10
39,"Drinks ",33,13,4.8,"motorcycle",0,"No","Metropolitan","Windy","Jam ",1,"N",10
33,"Buffet ",36,22,4.9,"electric_scooter",2,"No","Semi-Urban","Fog","Jam ",1,"Y",15
52,"Buffet ",22,1,4.4,"motorcycle",0,"No","Metropolitan","Sunny","High ",3,"N",15
31,"Snack ",33,5,4.4,"scooter",2,"No","Metropolitan","Stormy","Medium",1,"N",10
29,"Snack ",39,8,4.8,"electric_scooter",1,"No","Metropolitan","Cloudy","High ",1,"Y",10
13,"Buffet ",21,18,4.8,"motorcycle",1,"No","Urban","Sunny","High",0,"N",10
35,"Buffet ",24,11,3.5,"scooter",2,"No","Metropolitan","Sandstorms","Jam ",2,"Y",10
26,"Meal ",32,17,4.7,"scooter",0,"No","Metropolitan","Fog","High ",0,"N",10
28,"Buffet ",35,6,4.8,"scooter",2,"No","Metropolitan","Sandstorms","High ",1,"N",10
18,"Drinks ",37,16,4.8,"motorcycle",2,"No","Metropolitan","Sunny","Low ",0,"Y",15
27,"Drinks ",25,15,4.7,"electric_scooter",0,"No","Urban","Windy","Jam ",0,"N",5
29,"Snack ",39,12,4.5,"motorcycle",0,"No","Metropolitan","Sunny","Low ",0,"N",5
27,"Meal ",21,8,5,"motorcycle",0,"No","Semi-Urban","Sandstorms","Jam ",0,"N",5
29,"Snack ",25,15,4.8,"scooter",2,"No","Semi-Urban","Sandstorms","Low ",0,"Y",5
33,"Drinks ",34,9,4.2,"electric_scooter",0,"No","Semi-Urban","Windy","Low ",1,"Y",5
18,"Drinks ",25,23,4.7,"scooter",2,"No","Urban","Sunny","Low",0,"N",15
22,"Drinks ",35,19,4.7,"scooter",2,"No","Metropolitan","Stormy","High ",0,"Y",5
46,"Meal ",28,16,4.7,"motorcycle",0,"No","Metropolitan","Cloudy","Jam ",2,"N",5
43,"Buffet ",27,22,4.2,"motorcycle",0,"No","Semi-Urban","Fog","Low",1,"N",5
34,"Snack ",21,8,4.8,"scooter",1,"No","Metropolitan","Windy","Jam ",1,"Y",10
40,"Snack ",38,2,4.4,"scooter",2,"No","Metropolitan","Cloudy","Medium",2,"Y",5
29,"Snack ",27,9,4.9,"motorcycle",0,"No","Urban","Stormy","High ",0,"N",15
25,"Drinks ",24,23,4.6,"motorcycle",1,"No","Metropolitan","Sunny","Medium",1,"Y",15
29,"Meal ",32,6,4.9,"scooter",1,"No","Metropolitan","Windy","Medium",0,"N",15
36,"Drinks ",35,3,5,"electric_scooter",0,"No","Metropolitan","Fog","Jam ",0,"N",15
48,"Buffet ",31,4,4,"motorcycle",2,"Yes","Metropolitan","Cloudy","Jam ",2,"N",5
26,"Buffet ",37,23,4.6,"motorcycle",0,"No","Metropolitan","Sunny","Jam ",1,"Y",10
27,"Drinks ",27,5,4.5,"motorcycle",2,"No","Metropolitan","Fog","Jam",1,"N",5
39,"Buffet ",28,14,4.4,"motorcycle",1,"No","Metropolitan","Fog","High ",2,"N",15
31,"Drinks ",20,13,4.7,"motorcycle",0,"No","Metropolitan","Cloudy","Medium",1,"N",15
23,"Meal ",26,18,4.8,"scooter",0,"No","Urban","Sunny","Low ",1,"N",5
27,"Buffet ",21,21,4.6,"motorcycle",0,"No","Semi-Urban","Sunny","Low ",1,"N",10
36,"Snack ",25,1,3.7,"motorcycle",1,"No","Metropolitan","Stormy","Jam ",1,"N",15
51,"Meal ",21,6,4,"motorcycle",0,"Yes","Urban","Windy","Jam ",1,"N",5
31,"Drinks ",28,2,4,"motorcycle",0,"No","Metropolitan","Stormy","Low ",1,"N",10
22,"Snack ",26,22,4.6,"scooter",1,"No","Semi-Urban","Cloudy","Low ",0,"N",15
24,"Snack ",31,9,4.5,"motorcycle",0,"No","Metropolitan","Windy","Low ",1,"N",10
10,"Drinks ",29,4,4.5,"motorcycle",2,"No","Urban","Stormy","Low",1,"N",5
39,"Meal ",37,7,2.7,"scooter",1,"No","Metropolitan","Sunny","Low ",2,"N",5
30,"Buffet ",37,3,4.4,"motorcycle",0,"No","Metropolitan","Stormy","Low ",1,"N",10
36,"Snack ",30,13,3.6,"electric_scooter",2,"No","Semi-Urban","Cloudy","Low ",0,"Y",25
27,"Drinks ",24,23,4.5,"electric_scooter",2,"No","Urban","Windy","Medium",1,"N",5
27,"Meal ",38,23,4.9,"motorcycle",1,"No","Metropolitan","Stormy","Low ",1,"N",15
29,"Buffet ",25,18,4.7,"motorcycle",0,"No","Urban","Stormy","Medium",1,"N",5
24,"Buffet ",39,23,4.9,"scooter",1,"No","Metropolitan","Windy","Low ",1,"N",10
45,"Meal ",34,18,4.4,"motorcycle",0,"No","Semi-Urban","Sunny","High ",1,"Y",15
29,"Snack ",32,8,4.8,"motorcycle",2,"No","Metropolitan","Windy","Jam ",1,"N",10
16,"Drinks ",37,15,4.5,"motorcycle",2,"No","Metropolitan","Sandstorms","Jam ",1,"N",15
30,"Meal ",25,2,4.8,"scooter",1,"No","Urban","Windy","High ",1,"N",10
33,"Drinks ",23,14,4.1,"motorcycle",0,"No","Metropolitan","Stormy","Medium",1,"N",5
20,"Snack ",30,15,4.6,"scooter",2,"No","Semi-Urban","Fog","High ",1,"N",15
41,"Buffet ",35,7,4.6,"motorcycle",2,"No","Urban","Cloudy","Jam ",0,"Y",5
23,"Buffet ",30,2,5,"scooter",1,"No","Metropolitan","Windy","Medium",0,"Y",10
30,"Snack ",34,1,4.7,"scooter",1,"No","Metropolitan","Stormy","Jam ",0,"Y",15
51,"Buffet ",36,19,4.6,"motorcycle",0,"No","Metropolitan","Sandstorms","Jam ",1,"Y",15
28,"Drinks ",34,17,4.8,"scooter",0,"No","Semi-Urban","Stormy","Jam ",0,"N",15
21,"Meal ",33,16,5,"scooter",0,"No","Metropolitan","Windy","Medium",1,"N",5
29,"Buffet ",37,12,5,"motorcycle",0,"No","Metropolitan","Cloudy","Low ",1,"Y",5
16,"Meal ",38,17,5,"scooter",2,"No","Metropolitan","Sunny","Low",1,"N",5
16,"Drinks ",26,18,4.9,"scooter",2,"No","Urban","Sandstorms","Low",0,"N",5
20,"Meal ",28,22,4.8,"motorcycle",0,"No","Urban","Sandstorms","High",1,"N",5
40,"Buffet ",25,5,4,"scooter",2,"No","Urban","Sandstorms","Jam",1,"Y",15
16,"Meal ",24,8,4.6,"electric_scooter",2,"No","Urban","Sandstorms","Low ",1,"N",10
31,"Buffet ",26,13,4,"scooter",1,"No","Metropolitan","Sandstorms","High ",1,"N",10
27,"Snack ",28,12,4.8,"motorcycle",0,"No","Metropolitan","Fog","Medium",1,"N",5
35,"Meal ",37,1,3.6,"electric_scooter",1,"No","Metropolitan","Windy","Medium",1,"Y",15
22,"Drinks ",21,13,4.5,"electric_scooter",0,"No","Semi-Urban","Sunny","Jam ",1,"Y",5
22,"Buffet ",27,19,4.6,"motorcycle",0,"No","Metropolitan","Windy","Medium",1,"Y",15
27,"Meal ",30,8,4.7,"scooter",1,"No","Urban","Stormy","Medium",1,"N",5
20,"Meal ",37,12,4.7,"motorcycle",0,"No","Semi-Urban","Stormy","Low ",1,"Y",15
13,"Buffet ",21,19,4.7,"motorcycle",1,"No","Urban","Cloudy","Low ",1,"Y",15
26,"Drinks ",32,16,4.9,"motorcycle",1,"No","Urban","Fog","Medium",1,"N",5
18,"Buffet ",27,21,4.6,"scooter",1,"No","Urban","Stormy","Low",0,"N",10
49,"Buffet ",25,3,4.4,"motorcycle",0,"No","Urban","Stormy","Jam ",1,"N",10
39,"Drinks ",27,2,4.2,"scooter",0,"No","Metropolitan","Stormy","Medium",1,"N",15
23,"Buffet ",38,17,4.8,"scooter",2,"No","Urban","Sunny","Medium",0,"N",5
11,"Drinks ",27,15,4.8,"motorcycle",1,"No","Semi-Urban","Windy","Low",0,"N",15
15,"Drinks ",23,19,4.8,"scooter",2,"No","Metropolitan","Sunny","Medium",1,"Y",10
33,"Buffet ",35,18,4.8,"motorcycle",0,"No","Urban","Fog","Medium",1,"Y",10
29,"Snack ",26,23,4.9,"scooter",2,"No","Semi-Urban","Fog","Jam ",0,"Y",10
37,"Snack ",24,2,4,"scooter",2,"No","Metropolitan","Stormy","Jam ",0,"N",10
27,"Buffet ",34,14,4.6,"motorcycle",1,"No","Metropolitan","Windy","Jam ",1,"Y",10
34,"Meal ",21,2,4.1,"motorcycle",1,"No","Metropolitan","Sandstorms","High ",1,"N",15
26,"Buffet ",32,9,4.6,"motorcycle",2,"No","Urban","Stormy","Low ",1,"N",10
25,"Snack ",35,22,5,"motorcycle",1,"No","Metropolitan","Stormy","Jam ",0,"N",10
15,"Meal ",27,17,4.9,"motorcycle",1,"No","Semi-Urban","Windy","Medium",1,"N",10
46,"Meal ",39,8,4,"electric_scooter",1,"No","Metropolitan","Fog","Jam ",2,"N",10
41,"Drinks ",36,4,4.2,"motorcycle",2,"Yes","Urban","Stormy","Medium",2,"N",10
23,"Snack ",22,17,4.8,"scooter",2,"No","Urban","Sandstorms","Medium",0,"N",10
44,"Buffet ",24,14,4.5,"motorcycle",0,"No","Semi-Urban","Sunny","Jam ",2,"N",5
35,"Meal ",26,3,4.4,"electric_scooter",1,"No","Metropolitan","Cloudy","High ",0,"Y",10
24,"Meal ",35,16,4.9,"scooter",2,"No","Urban","Sandstorms","Jam",1,"N",15
29,"Meal ",30,2,4.6,"motorcycle",1,"No","Semi-Urban","Sandstorms","High ",1,"Y",5
34,"Snack ",21,3,3.6,"scooter",1,"No","Urban","Stormy","Jam",1,"N",10
26,"Drinks ",24,9,4.6,"scooter",0,"No","Urban","Cloudy","Jam ",0,"Y",15
29,"Buffet ",33,23,4.5,"scooter",2,"No","Metropolitan","Sunny","Low ",1,"N",15
20,"Drinks ",36,2,4.5,"scooter",0,"No","Urban","Cloudy","Medium",1,"N",15
27,"Buffet ",22,22,4.9,"motorcycle",0,"No","Urban","Stormy","Low",1,"N",5
50,"Snack ",26,1,4,"electric_scooter",0,"Yes","Metropolitan","Windy","Jam ",2,"N",5
25,"Snack ",34,13,4.9,"motorcycle",0,"No","Metropolitan","Cloudy","Jam ",0,"Y",10
25,"Drinks ",32,15,4.2,"scooter",0,"No","Semi-Urban","Windy","Low ",0,"N",5
43,"Meal ",29,6,4.4,"motorcycle",1,"No","Metropolitan","Cloudy","Jam ",1,"N",5
32,"Buffet ",32,13,4.1,"electric_scooter",0,"No","Metropolitan","Stormy","Low ",1,"N",15
21,"Snack ",27,3,4.7,"scooter",2,"No","Metropolitan","Sunny","Jam ",1,"N",10
11,"Drinks ",20,17,4.8,"electric_scooter",1,"No","Urban","Stormy","Low",0,"Y",15
21,"Snack ",23,18,4.6,"motorcycle",1,"No","Semi-Urban","Windy","Low ",1,"N",5
32,"Meal ",31,9,4.1,"scooter",2,"No","Metropolitan","Stormy","Medium",1,"N",10
44,"Drinks ",27,6,4.2,"electric_scooter",0,"No","Urban","Windy","Jam ",3,"Y",10
16,"Buffet ",31,8,4.8,"motorcycle",1,"No","Metropolitan","Fog","Low ",0,"N",15
13,"Buffet ",33,17,4.8,"motorcycle",2,"No","Metropolitan","Fog","Low ",0,"N",10
24,"Meal ",33,2,4.8,"electric_scooter",1,"No","Semi-Urban","Windy","Medium",1,"N",10
21,"Buffet ",32,12,4.9,"motorcycle",0,"No","Urban","Sandstorms","Low ",0,"Y",10
19,"Meal ",37,21,4.8,"motorcycle",2,"No","Metropolitan","Windy","Jam ",0,"N",5
18,"Snack ",32,22,5,"motorcycle",0,"No","Urban","Sandstorms","Medium",1,"N",5
29,"Drinks ",21,14,4.9,"motorcycle",1,"No","Metropolitan","Stormy","High ",1,"N",15
18,"Meal ",36,23,4.5,"scooter",2,"No","Semi-Urban","Cloudy","Medium",1,"N",5
15,"Snack ",36,23,4.7,"motorcycle",1,"No","Metropolitan","Sunny","Jam ",1,"Y",15
31,"Snack ",32,4,4.2,"motorcycle",1,"No","Urban","Windy","Jam",0,"N",10
29,"Buffet ",35,18,4.9,"electric_scooter",1,"No","Metropolitan","Sandstorms","Jam ",1,"Y",15
25,"Drinks ",21,16,4.9,"scooter",1,"No","Urban","Sandstorms","Jam",1,"N",5
29,"Snack ",31,2,4.7,"motorcycle",0,"No","Metropolitan","Fog","Jam ",1,"N",10
32,"Buffet ",27,3,4.2,"motorcycle",0,"No","Metropolitan","Sandstorms","Medium",1,"N",15
24,"Meal ",20,17,4.8,"motorcycle",0,"No","Metropolitan","Sandstorms","Medium",1,"Y",10
30,"Drinks ",26,6,4.7,"electric_scooter",2,"No","Metropolitan","Fog","Medium",1,"N",15
28,"Buffet ",29,22,4.8,"scooter",2,"No","Urban","Stormy","High",1,"N",15
22,"Drinks ",36,23,4.5,"electric_scooter",0,"No","Metropolitan","Sunny","Medium",1,"N",15
28,"Snack ",23,8,4.6,"motorcycle",2,"No","Metropolitan","Stormy","Jam ",1,"N",15
33,"Drinks ",20,6,5,"scooter",2,"No","Urban","Stormy","High ",1,"Y",10
35,"Meal ",36,5,4.3,"motorcycle",1,"No","Metropolitan","Fog","Jam ",1,"Y",5
24,"Snack ",25,15,4.5,"motorcycle",1,"No","Metropolitan","Stormy","Low ",1,"N",10
18,"Meal ",25,11,4.8,"scooter",2,"No","Metropolitan","Sunny","High ",0,"Y",10
15,"Meal ",36,23,4.9,"scooter",1,"No","Urban","Sunny","Low",1,"Y",10
25,"Meal ",22,15,5,"scooter",0,"No","Metropolitan","Sunny","Jam ",1,"N",5
26,"Snack ",20,22,4.9,"electric_scooter",1,"No","Semi-Urban","Stormy","Jam ",0,"Y",5
36,"Snack ",28,17,4.5,"motorcycle",0,"No","Metropolitan","Fog","Jam ",1,"N",5
44,"Buffet ",29,17,4.9,"scooter",1,"No","Metropolitan","Fog","Jam ",1,"N",15
28,"Meal ",28,19,4.8,"electric_scooter",2,"No","Metropolitan","Stormy","Jam ",1,"N",5
30,"Snack ",21,9,4.6,"motorcycle",2,"No","Metropolitan","Cloudy","Jam ",1,"Y",5
25,"Drinks ",34,19,4.3,"motorcycle",0,"No","Semi-Urban","Sandstorms","Low ",1,"N",15
28,"Buffet ",29,13,4.6,"motorcycle",1,"No","Metropolitan","Stormy","Medium",0,"N",15
27,"Drinks ",37,21,4.7,"electric_scooter",2,"No","Urban","Stormy","Medium",1,"Y",15
29,"Buffet ",32,23,4.9,"electric_scooter",2,"No","Semi-Urban","Stormy","Jam ",0,"N",15
51,"Meal ",34,1,4.4,"motorcycle",0,"No","Metropolitan","Stormy","Jam ",3,"N",10
18,"Meal ",30,4,4.7,"motorcycle",1,"No","Metropolitan","Sandstorms","Low ",0,"N",10
28,"Buffet ",35,22,4.8,"scooter",1,"No","Urban","Stormy","High",1,"N",15
24,"Meal ",37,9,4.6,"electric_scooter",0,"No","Metropolitan","Fog","Jam ",1,"N",5
12,"Snack ",20,17,4.9,"scooter",1,"No","Urban","Sandstorms","Low",1,"Y",10
29,"Meal ",33,8,4.8,"motorcycle",0,"No","Semi-Urban","Sandstorms","Low ",1,"N",10
26,"Meal ",25,19,4.9,"scooter",2,"No","Urban","Windy","Medium",1,"N",10
16,"Meal ",33,23,4.8,"scooter",1,"No","Urban","Stormy","Jam",0,"Y",5
20,"Snack ",34,12,4.6,"motorcycle",1,"No","Metropolitan","Fog","Low ",0,"N",10
21,"Snack ",24,16,4.7,"motorcycle",0,"No","Urban","Sandstorms","Low",1,"N",5
39,"Snack ",27,11,4.1,"scooter",0,"No","Metropolitan","Sandstorms","Jam ",1,"N",5
25,"Buffet ",30,19,4.8,"motorcycle",1,"No","Semi-Urban","Windy","Medium",1,"N",10
13,"Buffet ",35,5,4.5,"motorcycle",1,"No","Urban","Sandstorms","Low",0,"N",10
47,"Drinks ",29,3,4.8,"motorcycle",0,"No","Urban","Fog","Jam ",1,"N",15
17,"Buffet ",34,12,4.7,"scooter",1,"No","Urban","Cloudy","Medium",1,"N",15
27,"Buffet ",37,8,4.8,"scooter",2,"No","Metropolitan","Fog","Low ",1,"Y",25
28,"Buffet ",31,16,4.7,"motorcycle",0,"No","Urban","Sandstorms","Low",1,"N",5
21,"Meal ",25,6,4.8,"motorcycle",0,"No","Urban","Sunny","Medium",1,"N",10
27,"Drinks ",35,22,4.7,"electric_scooter",0,"No","Semi-Urban","Cloudy","Medium",1,"N",5
18,"Meal ",23,11,5,"scooter",1,"No","Metropolitan","Stormy","Low ",1,"Y",5
10,"Drinks ",23,23,4.8,"scooter",1,"No","Metropolitan","Sunny","Medium",0,"Y",15
30,"Meal ",27,4,4.9,"motorcycle",0,"No","Urban","Sandstorms","Jam ",0,"N",15
30,"Drinks ",26,17,4.8,"motorcycle",1,"No","Semi-Urban","Fog","Jam",1,"Y",5
19,"Snack ",34,17,4.8,"scooter",0,"No","Urban","Cloudy","Low",1,"N",5
23,"Drinks ",29,22,4.8,"motorcycle",1,"No","Semi-Urban","Windy","High ",1,"N",10
27,"Meal ",29,9,5,"scooter",2,"No","Metropolitan","Windy","Medium",1,"N",15
54,"Meal ",36,8,4.6,"motorcycle",0,"No","Metropolitan","Fog","Jam ",0,"Y",10
42,"Drinks ",36,5,3.1,"motorcycle",1,"No","Semi-Urban","Sunny","Low",1,"N",5
10,"Buffet ",20,19,4.6,"scooter",2,"No","Urban","Sunny","Jam",0,"N",10
28,"Meal ",34,23,4.2,"electric_scooter",0,"No","Semi-Urban","Stormy","Low ",1,"N",10
13,"Drinks ",22,17,4.9,"electric_scooter",2,"No","Metropolitan","Stormy","Low ",1,"N",15
27,"Snack ",30,15,4.8,"motorcycle",0,"No","Urban","Fog","Medium",1,"N",15
35,"Snack ",35,17,4.8,"electric_scooter",2,"No","Metropolitan","Fog","Medium",1,"N",10
15,"Snack ",25,17,5,"motorcycle",0,"No","Urban","Stormy","Medium",0,"N",10
43,"Drinks ",37,2,4.1,"motorcycle",1,"No","Urban","Fog","Jam",2,"N",5
25,"Drinks ",25,9,5,"electric_scooter",2,"No","Urban","Sandstorms","Medium",0,"N",10
48,"Drinks ",20,15,4.4,"scooter",2,"No","Urban","Cloudy","Jam ",1,"N",10
16,"Snack ",21,17,4.6,"motorcycle",2,"No","Metropolitan","Sunny","Low ",1,"N",5
26,"Drinks ",27,16,4.8,"scooter",1,"No","Urban","Stormy","Low",1,"N",10
30,"Meal ",25,17,4.7,"motorcycle",1,"No","Metropolitan","Sandstorms","Jam ",1,"Y",15
22,"Snack ",23,21,4.8,"scooter",1,"No","Urban","Stormy","Medium",1,"N",5
19,"Meal ",21,19,5,"motorcycle",1,"No","Urban","Sunny","Jam",1,"N",10
42,"Drinks ",39,13,4.1,"scooter",1,"No","Metropolitan","Sandstorms","Jam ",1,"N",15
22,"Buffet ",31,18,4.9,"motorcycle",2,"No","Urban","Sandstorms","Medium",0,"N",10
24,"Drinks ",25,18,4.8,"motorcycle",0,"No","Metropolitan","Sandstorms","Low ",0,"Y",10
14,"Snack ",31,22,4.9,"scooter",1,"No","Urban","Sandstorms","Low ",0,"N",10
15,"Buffet ",29,17,4.6,"motorcycle",1,"No","Metropolitan","Windy","Low ",1,"N",5
26,"Drinks ",31,21,4.9,"electric_scooter",1,"No","Metropolitan","Windy","Medium",1,"N",15
16,"Meal ",30,8,4.7,"scooter",1,"No","Metropolitan","Cloudy","Low ",1,"Y",10
17,"Drinks ",38,2,4.7,"motorcycle",0,"No","Metropolitan","Fog","Low ",1,"Y",5
54,"Drinks ",32,9,4.9,"motorcycle",0,"Yes","Urban","Fog","Jam ",2,"Y",10
29,"Snack ",39,7,4.8,"electric_scooter",1,"No","Metropolitan","Windy","Medium",1,"N",5
15,"Meal ",39,18,4.7,"scooter",1,"No","Urban","Sandstorms","Jam",1,"N",10
26,"Snack ",22,9,4.5,"scooter",2,"No","Metropolitan","Sandstorms","Low ",1,"Y",5
34,"Meal ",37,13,4.1,"motorcycle",0,"No","Metropolitan","Sandstorms","Medium",1,"N",15
29,"Meal ",35,5,4.8,"motorcycle",0,"No","Semi-Urban","Stormy","Low ",0,"Y",25
33,"Snack ",25,2,4.6,"scooter",0,"No","Semi-Urban","Sunny","Jam ",2,"N",5
12,"Drinks ",39,19,4.8,"motorcycle",1,"No","Semi-Urban","Fog","Low",0,"N",5
14,"Snack ",26,6,4.9,"electric_scooter",2,"No","Metropolitan","Sandstorms","Low ",0,"N",15
11,"Meal ",26,3,4.5,"motorcycle",1,"No","Urban","Fog","Low",0,"N",10
20,"Buffet ",37,4,4.9,"motorcycle",0,"No","Semi-Urban","Windy","Medium",1,"N",10
15,"Buffet ",24,8,4.9,"scooter",2,"No","Metropolitan","Stormy","Low ",0,"N",15
16,"Buffet ",33,23,4.8,"motorcycle",1,"No","Metropolitan","Sunny","Low ",0,"Y",25
20,"Buffet ",35,16,4.7,"scooter",2,"No","Urban","Sunny","Low",1,"N",15
24,"Buffet ",23,15,4.9,"motorcycle",1,"No","Metropolitan","Sandstorms","Low ",0,"N",10
47,"Meal ",32,6,4.7,"motorcycle",0,"No","Urban","Fog","Jam ",1,"N",15
42,"Drinks ",28,3,4.8,"motorcycle",0,"No","Metropolitan","Windy","Jam ",2,"N",10
22,"Buffet ",23,22,4.7,"scooter",2,"No","Urban","Sunny","Low",1,"N",15
28,"Buffet ",20,21,4.8,"electric_scooter",0,"No","Metropolitan","Sunny","Medium",1,"N",5
36,"Drinks ",29,19,4.9,"scooter",1,"No","Urban","Cloudy","Jam",0,"Y",10
25,"Buffet ",21,4,4.1,"motorcycle",0,"No","Urban","Stormy","Low",0,"N",10
30,"Buffet ",37,3,4.4,"motorcycle",0,"No","Metropolitan","Stormy","Low ",1,"N",10
23,"Drinks ",20,13,4.6,"motorcycle",0,"No","Semi-Urban","Sunny","Low ",1,"N",15
40,"Meal ",22,3,4.8,"motorcycle",0,"No","Metropolitan","Stormy","Medium",0,"N",15
16,"Snack ",23,23,4.6,"motorcycle",1,"No","Metropolitan","Sunny","Low ",0,"N",15
26,"Drinks ",21,18,4.7,"scooter",2,"No","Metropolitan","Sandstorms","Jam ",0,"N",5
33,"Snack ",22,2,3.5,"scooter",2,"No","Metropolitan","Sandstorms","Jam ",1,"N",15
18,"Buffet ",21,21,4.6,"scooter",1,"No","Urban","Cloudy","Low",1,"N",5
14,"Drinks ",36,4,4.8,"motorcycle",1,"No","Metropolitan","Sandstorms","Low ",0,"N",15
16,"Snack ",37,22,4.7,"electric_scooter",2,"No","Metropolitan","Sunny","Medium",1,"N",10
27,"Buffet ",36,19,4.5,"motorcycle",2,"No","Metropolitan","Windy","Low ",1,"N",5
17,"Meal ",33,17,4.5,"motorcycle",2,"No","Urban","Sunny","Medium",1,"N",5
22,"Snack ",28,18,4.7,"motorcycle",2,"No","Semi-Urban","Windy","Jam ",1,"Y",15
43,"Meal ",24,3,5,"motorcycle",0,"No","Metropolitan","Stormy","Medium",1,"Y",15
17,"Buffet ",37,18,4.8,"scooter",1,"No","Metropolitan","Fog","Medium",1,"N",15
44,"Snack ",28,19,5,"motorcycle",0,"No","Urban","Fog","Jam ",1,"N",15
48,"Buffet ",33,9,5,"scooter",1,"Yes","Urban","Cloudy","Jam ",1,"N",5
29,"Snack ",24,7,4.8,"motorcycle",2,"No","Metropolitan","Stormy","Medium",1,"N",10
12,"Buffet ",37,23,4.6,"scooter",1,"No","Metropolitan","Sandstorms","Low",1,"N",15
28,"Snack ",33,6,4.6,"motorcycle",0,"No","Metropolitan","Windy","Medium",1,"N",10
19,"Drinks ",20,5,4.9,"scooter",1,"No","Metropolitan","Sunny","Medium",1,"Y",10
30,"Snack ",35,7,4.9,"motorcycle",2,"No","Metropolitan","Fog","Medium",1,"N",10
18,"Drinks ",35,5,4.8,"scooter",2,"No","Urban","Sandstorms","Low ",0,"N",15
20,"Snack ",28,19,4.6,"scooter",1,"No","Metropolitan","Sandstorms","Low ",0,"N",10
17,"Meal ",28,22,4.3,"motorcycle",0,"No","Metropolitan","Windy","Low ",1,"N",15
18,"Snack ",30,18,4,"motorcycle",0,"No","Urban","Sandstorms","Low",1,"N",10
41,"Drinks ",20,21,4.3,"motorcycle",2,"No","Metropolitan","Fog","Jam ",1,"Y",5
25,"Drinks ",25,18,4.7,"motorcycle",2,"No","Metropolitan","Stormy","Jam ",1,"Y",5
32,"Snack ",36,18,3.5,"motorcycle",1,"No","Metropolitan","Stormy","Jam ",1,"Y",15
22,"Drinks ",39,18,4.9,"scooter",1,"No","Urban","Windy","Medium",1,"N",15
23,"Drinks ",34,22,4.8,"motorcycle",0,"No","Metropolitan","Cloudy","Low ",1,"Y",15
24,"Snack ",35,18,4.6,"electric_scooter",1,"No","Metropolitan","Windy","Medium",0,"N",15
20,"Drinks ",23,16,4.5,"scooter",0,"No","Metropolitan","Fog","Low ",0,"N",10
28,"Drinks ",24,14,4.9,"scooter",2,"No","Metropolitan","Sandstorms","Low ",1,"N",5
36,"Snack ",23,7,5,"motorcycle",1,"No","Urban","Fog","Jam ",1,"N",5
29,"Drinks ",20,13,4.5,"electric_scooter",2,"No","Metropolitan","Sandstorms","Medium",1,"N",15
17,"Snack ",28,3,4.5,"electric_scooter",1,"No","Urban","Windy","Low",0,"N",10
23,"Buffet ",32,22,4.6,"motorcycle",2,"No","Urban","Stormy","Low",1,"N",5
29,"Buffet ",35,19,4.7,"motorcycle",0,"No","Urban","Stormy","Medium",1,"N",5
24,"Drinks ",29,21,4.5,"motorcycle",2,"No","Metropolitan","Cloudy","Jam ",1,"N",5
48,"Drinks ",31,8,4.5,"scooter",0,"No","Metropolitan","Cloudy","Jam ",1,"N",5
37,"Snack ",22,4,4.1,"motorcycle",0,"No","Urban","Stormy","Medium",0,"Y",10
16,"Drinks ",36,2,4.5,"scooter",1,"No","Urban","Sunny","Jam",0,"N",10
12,"Meal ",25,23,4.7,"scooter",0,"No","Metropolitan","Sunny","Low",0,"Y",15
20,"Snack ",34,2,4.6,"electric_scooter",1,"No","Metropolitan","Stormy","Low ",1,"N",5
19,"Meal ",24,17,5,"scooter",1,"No","Semi-Urban","Sunny","Jam ",0,"N",10
19,"Drinks ",39,21,4.8,"scooter",1,"No","Urban","Sunny","Low",1,"N",15
33,"Buffet ",36,3,3.5,"electric_scooter",2,"No","Metropolitan","Stormy","Jam ",1,"Y",10
42,"Snack ",26,14,4.9,"motorcycle",0,"No","Semi-Urban","Fog","Jam ",0,"Y",15
29,"Meal ",33,16,4.7,"scooter",1,"No","Urban","Stormy","Jam",1,"Y",15
31,"Snack ",34,5,3.4,"motorcycle",0,"No","Urban","Stormy","Low",1,"N",15
22,"Drinks ",21,19,4.6,"motorcycle",0,"No","Metropolitan","Sunny","Jam ",1,"Y",5
14,"Buffet ",30,19,4.7,"scooter",1,"No","Urban","Stormy","Low",0,"N",20
43,"Snack ",21,9,5,"motorcycle",1,"No","Metropolitan","Cloudy","Jam ",1,"N",10
20,"Buffet ",38,19,4.6,"motorcycle",1,"No","Semi-Urban","Windy","Medium",0,"Y",10
28,"Snack ",22,19,4.7,"motorcycle",1,"No","Urban","Sandstorms","Medium",0,"N",5
32,"Buffet ",33,23,2.7,"motorcycle",2,"No","Urban","Sunny","Low",1,"Y",15
27,"Meal ",38,22,4.8,"electric_scooter",2,"No","Metropolitan","Sunny","Low ",1,"N",10
21,"Buffet ",36,23,5,"electric_scooter",2,"No","Semi-Urban","Stormy","Medium",0,"N",10
21,"Drinks ",30,18,4.8,"electric_scooter",2,"No","Urban","Sandstorms","Medium",1,"N",10
23,"Buffet ",20,8,5,"electric_scooter",1,"No","Urban","Stormy","Jam ",0,"Y",10
30,"Drinks ",31,3,4.6,"motorcycle",0,"No","Urban","Sunny","Jam ",0,"N",5
27,"Snack ",26,9,5,"scooter",2,"No","Semi-Urban","Sandstorms","Low ",1,"Y",10
36,"Drinks ",32,18,4.7,"electric_scooter",1,"No","Urban","Cloudy","Jam ",1,"Y",10
15,"Meal ",36,18,4.8,"motorcycle",1,"No","Metropolitan","Windy","Medium",1,"N",15
28,"Buffet ",39,22,5,"motorcycle",1,"No","Semi-Urban","Cloudy","Jam ",0,"N",15
22,"Drinks ",22,6,4.5,"scooter",0,"No","Urban","Windy","Low",1,"Y",5
26,"Buffet ",37,16,4.4,"electric_scooter",0,"No","Metropolitan","Sandstorms","Low ",1,"N",15
12,"Drinks ",25,18,4.9,"scooter",2,"No","Urban","Stormy","Low",0,"N",15
30,"Buffet ",37,17,4.9,"motorcycle",1,"No","Urban","Cloudy","Medium",1,"Y",15
41,"Drinks ",31,16,4.9,"scooter",2,"No","Urban","Fog","Medium",1,"N",10
37,"Drinks ",27,4,4.6,"scooter",0,"No","Metropolitan","Sandstorms","Medium",1,"N",10
46,"Buffet ",28,6,4.1,"motorcycle",0,"Yes","Metropolitan","Stormy","Jam ",2,"N",5
28,"Meal ",32,8,4.8,"motorcycle",1,"No","Metropolitan","Fog","Jam ",1,"N",10
25,"Drinks ",22,13,4.6,"electric_scooter",2,"No","Metropolitan","Sandstorms","Jam ",1,"N",5
48,"Buffet ",30,17,4.8,"electric_scooter",0,"No","Metropolitan","Fog","Jam ",2,"N",15
50,"Buffet ",32,19,4.9,"motorcycle",0,"Yes","Urban","Sandstorms","Jam",3,"N",15
15,"Drinks ",24,6,4.8,"scooter",2,"No","Urban","Fog","Medium",1,"N",15
16,"Drinks ",35,22,4.6,"motorcycle",2,"No","Semi-Urban","Sandstorms","Low ",1,"Y",15
41,"Meal ",37,8,4.2,"electric_scooter",1,"No","Metropolitan","Stormy","Jam ",1,"N",10
18,"Meal ",33,23,4.6,"scooter",2,"No","Metropolitan","Fog","Low ",0,"N",5
20,"Snack ",32,22,4.7,"electric_scooter",2,"No","Metropolitan","Windy","Medium",0,"N",5
39,"Meal ",28,3,4.1,"motorcycle",0,"No","Metropolitan","Sandstorms","High ",0,"N",15
16,"Snack ",37,18,5,"motorcycle",1,"No","Metropolitan","Sunny","Medium",1,"N",10
25,"Buffet ",24,8,4.6,"electric_scooter",2,"No","Metropolitan","Fog","Low ",1,"N",15
49,"Drinks ",28,9,4,"motorcycle",0,"Yes","Metropolitan","Sandstorms","High ",2,"N",5
21,"Meal ",32,9,4.5,"electric_scooter",2,"No","Urban","Sandstorms","Medium",1,"Y",15
34,"Buffet ",27,15,4.8,"motorcycle",0,"No","Metropolitan","Sandstorms","Medium",1,"Y",10
39,"Buffet ",37,15,4.9,"motorcycle",0,"No","Metropolitan","Windy","Jam ",2,"N",10
16,"Drinks ",29,21,4.7,"motorcycle",1,"No","Urban","Sunny","Jam ",0,"N",15
19,"Snack ",20,12,4.7,"electric_scooter",2,"No","Metropolitan","Sandstorms","Low ",1,"N",30
24,"Drinks ",20,9,4.7,"motorcycle",1,"No","Metropolitan","Sunny","Jam ",1,"N",10
18,"Snack ",24,18,4.9,"motorcycle",1,"No","Metropolitan","Sunny","Low ",0,"N",15
26,"Snack ",37,4,4.7,"motorcycle",0,"No","Urban","Windy","Jam ",1,"Y",15
28,"Snack ",33,12,4.9,"motorcycle",1,"No","Metropolitan","Stormy","Jam ",1,"N",5
30,"Snack ",33,4,5,"electric_scooter",2,"No","Metropolitan","Fog","Jam ",1,"Y",5
17,"Drinks ",30,8,4.6,"motorcycle",0,"No","Metropolitan","Fog","Low ",0,"N",15
25,"Buffet ",24,23,4.6,"motorcycle",0,"No","Urban","Sunny","Low ",1,"N",10
26,"Meal ",25,19,4.5,"scooter",2,"No","Metropolitan","Windy","Low ",1,"N",10
31,"Snack ",20,2,4.4,"electric_scooter",1,"No","Urban","Windy","High",1,"N",10
43,"Snack ",31,3,4,"motorcycle",0,"Yes","Metropolitan","Cloudy","Low ",1,"Y",15
15,"Buffet ",29,19,4.9,"scooter",1,"No","Urban","Stormy","High",1,"Y",5
25,"Drinks ",35,23,4.6,"motorcycle",0,"No","Metropolitan","Fog","Low ",1,"N",15
31,"Snack ",29,9,4.8,"motorcycle",0,"No","Metropolitan","Windy","Jam ",1,"N",15
27,"Snack ",27,21,4.7,"motorcycle",1,"No","Semi-Urban","Stormy","Medium",0,"Y",5
16,"Buffet ",23,18,4.6,"scooter",1,"No","Metropolitan","Stormy","Jam ",1,"N",5
22,"Drinks ",20,21,4.7,"scooter",2,"No","Metropolitan","Windy","High ",0,"N",15
11,"Snack ",25,17,4.8,"scooter",2,"No","Urban","Fog","Low",1,"N",5
29,"Meal ",31,7,5,"motorcycle",1,"No","Urban","Stormy","Medium",1,"N",10
26,"Buffet ",35,19,4.9,"scooter",1,"No","Metropolitan","Stormy","Low ",1,"N",5
26,"Meal ",27,3,4.9,"motorcycle",0,"No","Metropolitan","Sunny","Jam ",1,"N",10
26,"Meal ",31,2,4.5,"scooter",1,"No","Urban","Windy","Medium",0,"N",15
32,"Meal ",33,19,4.7,"scooter",2,"No","Metropolitan","Sandstorms","Medium",1,"N",15
39,"Snack ",35,2,4.7,"motorcycle",2,"No","Urban","Stormy","Jam ",0,"N",15
27,"Snack ",28,15,4.6,"scooter",1,"No","Metropolitan","Windy","Low ",1,"N",5
18,"Snack ",21,3,4.8,"scooter",1,"No","Semi-Urban","Windy","High",1,"N",5
33,"Drinks ",36,3,4.1,"electric_scooter",2,"No","Metropolitan","Sandstorms","Medium",1,"N",5
18,"Drinks ",29,16,4.8,"electric_scooter",1,"No","Metropolitan","Sunny","Jam ",1,"Y",15
15,"Snack ",32,9,4.6,"scooter",2,"No","Semi-Urban","Sandstorms","Low ",1,"N",10
19,"Drinks ",39,22,4.5,"motorcycle",1,"No","Metropolitan","Windy","Low ",1,"Y",15
16,"Meal ",37,21,4.8,"scooter",1,"No","Metropolitan","Fog","Low ",1,"Y",10
33,"Snack ",34,2,4.2,"scooter",2,"No","Metropolitan","Cloudy","High ",1,"N",10
25,"Meal ",32,23,4.8,"motorcycle",1,"No","Metropolitan","Sandstorms","Jam ",1,"N",10
15,"Snack ",20,23,5,"motorcycle",1,"No","Metropolitan","Sunny","Low ",0,"N",30
21,"Buffet ",30,18,4.8,"electric_scooter",0,"No","Semi-Urban","Sandstorms","Low ",0,"N",10
14,"Buffet ",33,13,4.9,"scooter",1,"No","Metropolitan","Cloudy","Low ",0,"N",10
31,"Meal ",31,15,5,"electric_scooter",1,"No","Urban","Cloudy","Medium",0,"N",15
38,"Meal ",37,13,4.1,"electric_scooter",2,"No","Metropolitan","Sandstorms","Jam ",1,"N",10
15,"Snack ",32,21,4.7,"motorcycle",2,"No","Metropolitan","Sunny","Low ",0,"N",10
15,"Buffet ",36,8,4.8,"scooter",1,"No","Semi-Urban","Sandstorms","Jam ",0,"N",10
23,"Snack ",27,22,4.6,"electric_scooter",2,"No","Metropolitan","Windy","Low ",0,"Y",5
44,"Drinks ",39,13,3.3,"motorcycle",1,"Yes","Metropolitan","Sunny","Low ",1,"N",10
31,"Meal ",28,4,4,"electric_scooter",2,"No","Metropolitan","Fog","High ",1,"N",5
45,"Buffet ",31,7,4.2,"motorcycle",1,"No","Metropolitan","Fog","Jam ",1,"N",5
32,"Drinks ",32,5,4,"motorcycle",1,"No","Urban","Fog","Medium",1,"N",5
14,"Buffet ",30,19,4.7,"scooter",1,"No","Urban","Stormy","Low",0,"N",20
34,"Meal ",31,3,4.6,"electric_scooter",2,"No","Metropolitan","Stormy","Jam ",0,"N",5
12,"Meal ",35,13,4.8,"scooter",1,"No","Metropolitan","Sandstorms","Low ",1,"N",5
19,"Meal ",24,15,4.8,"motorcycle",2,"No","Metropolitan","Stormy","Low ",1,"N",15
28,"Snack ",26,23,4.6,"motorcycle",2,"No","Semi-Urban","Cloudy","High",1,"N",15
16,"Snack ",39,12,4.9,"motorcycle",0,"No","Semi-Urban","Sunny","Low ",0,"Y",15
15,"Buffet ",28,16,4.6,"motorcycle",1,"No","Urban","Sandstorms","Low",0,"N",10
52,"Drinks ",24,17,4.3,"motorcycle",0,"No","Metropolitan","Sandstorms","Jam ",3,"N",15
13,"Drinks ",37,19,4.9,"scooter",1,"No","Urban","Fog","Medium",0,"N",15
31,"Meal ",26,5,4,"motorcycle",1,"No","Metropolitan","Windy","Jam ",1,"N",10
22,"Drinks ",28,21,4.5,"motorcycle",0,"No","Metropolitan","Cloudy","Low ",1,"N",5
21,"Snack ",27,21,4.9,"scooter",2,"No","Urban","Stormy","Jam",0,"Y",10
16,"Meal ",36,23,5,"electric_scooter",2,"No","Urban","Sandstorms","Jam ",1,"N",15
24,"Buffet ",23,2,4.6,"scooter",2,"No","Metropolitan","Windy","Low ",1,"N",5
15,"Meal ",25,17,4.7,"scooter",2,"No","Metropolitan","Sandstorms","Medium",0,"Y",15
26,"Snack ",33,3,4.5,"scooter",1,"No","Urban","Sandstorms","Medium",1,"Y",10
19,"Meal ",26,2,4.7,"electric_scooter",1,"No","Semi-Urban","Sandstorms","Low ",0,"N",5
31,"Snack ",27,1,4.4,"electric_scooter",2,"No","Metropolitan","Stormy","Medium",1,"N",10
27,"Meal ",39,9,4.9,"scooter",2,"No","Urban","Windy","Jam ",0,"Y",15
26,"Meal ",23,4,4.5,"electric_scooter",0,"No","Urban","Fog","Low",1,"N",10
19,"Snack ",21,3,4.7,"motorcycle",1,"No","Metropolitan","Fog","Low",0,"N",15
15,"Snack ",27,11,4.8,"motorcycle",1,"No","Metropolitan","Fog","Low ",1,"Y",5
36,"Snack ",36,7,4.8,"electric_scooter",2,"No","Metropolitan","Fog","Jam ",1,"N",5
24,"Buffet ",32,9,4.9,"motorcycle",0,"No","Semi-Urban","Sunny","Jam ",1,"Y",15
54,"Meal ",23,3,3.6,"electric_scooter",0,"Yes","Semi-Urban","Sunny","Jam ",0,"Y",15
11,"Snack ",39,23,4.6,"motorcycle",2,"No","Metropolitan","Stormy","Low ",0,"Y",5
16,"Snack ",37,18,5,"motorcycle",1,"No","Metropolitan","Sunny","Medium",1,"N",10
12,"Buffet ",35,15,5,"motorcycle",2,"No","Urban","Windy","Low",0,"N",15
19,"Snack ",21,16,4.8,"motorcycle",0,"No","Urban","Windy","Medium",0,"N",10
13,"Drinks ",39,23,4.9,"electric_scooter",1,"No","Urban","Sunny","Low",1,"Y",10
21,"Meal ",20,18,4.5,"motorcycle",0,"No","Urban","Stormy","Low ",0,"Y",15
21,"Buffet ",20,21,4.9,"motorcycle",0,"No","Urban","Sunny","Low ",1,"Y",5
37,"Meal ",25,22,4.4,"motorcycle",1,"No","Semi-Urban","Sandstorms","Medium",1,"N",5
32,"Meal ",39,9,4.2,"motorcycle",2,"No","Urban","Sunny","Jam ",0,"N",5
15,"Drinks ",38,15,5,"motorcycle",1,"No","Urban","Sunny","Jam",1,"N",15
19,"Meal ",24,23,4.8,"motorcycle",2,"No","Metropolitan","Windy","Jam ",0,"N",15
15,"Snack ",22,17,4.6,"electric_scooter",1,"No","Urban","Sunny","Jam",0,"N",15
15,"Buffet ",31,13,4.6,"motorcycle",1,"No","Metropolitan","Stormy","Low ",1,"N",10
11,"Drinks ",23,9,4.9,"motorcycle",1,"No","Metropolitan","Sunny","Jam ",0,"N",15
19,"Buffet ",29,22,4.8,"electric_scooter",1,"No","Metropolitan","Fog","Low ",0,"N",10
41,"Buffet ",36,3,5,"scooter",1,"No","Metropolitan","Fog","Jam ",1,"N",5
20,"Snack ",27,16,4.8,"electric_scooter",0,"No","Metropolitan","Windy","Low ",1,"N",15
26,"Drinks ",25,23,4.9,"scooter",2,"No","Metropolitan","Stormy","Medium",0,"N",15
16,"Drinks ",27,4,4.8,"motorcycle",0,"No","Semi-Urban","Cloudy","Low",1,"N",10
26,"Buffet ",22,23,5,"motorcycle",0,"No","Urban","Windy","Jam",1,"N",5
46,"Snack ",23,9,4.3,"motorcycle",0,"No","Metropolitan","Windy","Jam ",1,"N",5
27,"Snack ",36,22,4.9,"scooter",2,"No","Metropolitan","Stormy","High ",1,"N",10
35,"Snack ",21,18,4.8,"motorcycle",0,"No","Metropolitan","Fog","Medium",1,"N",10
27,"Snack ",29,22,4.6,"motorcycle",2,"No","Metropolitan","Sunny","Low ",1,"Y",10
18,"Snack ",21,21,4.7,"scooter",2,"No","Metropolitan","Stormy","Low ",1,"N",5
26,"Meal ",33,9,4.6,"motorcycle",0,"No","Semi-Urban","Windy","Medium",1,"N",5
37,"Meal ",33,16,4.6,"scooter",1,"No","Metropolitan","Fog","High ",1,"N",10
40,"Meal ",22,3,4.9,"motorcycle",0,"No","Metropolitan","Fog","Medium",1,"N",10
20,"Meal ",25,17,4.7,"electric_scooter",0,"No","Metropolitan","Cloudy","High ",1,"N",15
30,"Buffet ",25,21,4.8,"scooter",2,"No","Metropolitan","Fog","Medium",1,"Y",15
23,"Drinks ",38,3,4.6,"motorcycle",1,"No","Urban","Sunny","High",0,"N",15
24,"Buffet ",25,16,4.7,"motorcycle",0,"No","Metropolitan","Cloudy","Low ",1,"Y",5
31,"Drinks ",23,23,4.3,"electric_scooter",1,"No","Metropolitan","Sandstorms","Jam ",1,"N",5
15,"Buffet ",28,17,4.7,"motorcycle",1,"No","Metropolitan","Cloudy","Medium",1,"N",10
28,"Buffet ",28,23,4.6,"scooter",1,"No","Metropolitan","Windy","Medium",1,"N",15
29,"Meal ",34,2,4.8,"motorcycle",0,"No","Semi-Urban","Sunny","Jam ",1,"N",15
19,"Buffet ",20,15,5,"motorcycle",2,"No","Urban","Sunny","Medium",1,"N",15
11,"Drinks ",29,16,4.9,"scooter",2,"No","Urban","Sunny","Jam",1,"Y",5
36,"Meal ",39,18,4.7,"scooter",0,"No","Metropolitan","Windy","High",1,"N",15
24,"Snack ",35,17,4.8,"motorcycle",2,"No","Metropolitan","Stormy","Low ",1,"N",15
25,"Drinks ",21,22,4.8,"electric_scooter",1,"No","Semi-Urban","Cloudy","Jam ",1,"N",10
11,"Buffet ",37,17,4.7,"motorcycle",1,"No","Metropolitan","Sunny","Jam ",1,"N",5
35,"Meal ",36,2,4.8,"scooter",0,"No","Metropolitan","Windy","Jam ",1,"Y",15
16,"Meal ",35,23,4.9,"motorcycle",2,"No","Metropolitan","Sunny","Low ",1,"N",15
19,"Snack ",36,17,4.7,"motorcycle",2,"No","Urban","Windy","Low",1,"N",10
18,"Drinks ",35,19,4.7,"electric_scooter",2,"No","Metropolitan","Cloudy","Medium",0,"N",15
25,"Meal ",23,17,4.6,"scooter",0,"No","Metropolitan","Windy","Jam ",0,"Y",5
28,"Snack ",33,21,4.8,"electric_scooter",1,"No","Urban","Fog","High ",1,"N",5
24,"Meal ",23,23,4.5,"scooter",2,"No","Semi-Urban","Sunny","Jam ",1,"Y",10
24,"Meal ",21,17,4.6,"motorcycle",0,"No","Metropolitan","Windy","Low",1,"N",10
25,"Snack ",33,22,5,"motorcycle",2,"No","Metropolitan","Sandstorms","Jam ",1,"N",15
20,"Buffet ",32,23,4.4,"motorcycle",0,"No","Semi-Urban","Stormy","Low ",1,"N",5
35,"Drinks ",34,8,4.4,"motorcycle",0,"No","Metropolitan","Stormy","Jam ",1,"N",5
33,"Meal ",35,14,4.2,"motorcycle",0,"No","Metropolitan","Sandstorms","Medium",1,"Y",10
44,"Buffet ",38,22,4.9,"motorcycle",0,"No","Semi-Urban","Fog","Jam ",2,"N",10
32,"Drinks ",32,8,4.3,"electric_scooter",2,"No","Semi-Urban","Sandstorms","High ",1,"Y",10
20,"Snack ",26,17,4.5,"electric_scooter",2,"No","Metropolitan","Sunny","Low ",1,"N",15
27,"Buffet ",39,22,4.8,"motorcycle",0,"No","Semi-Urban","Cloudy","High ",1,"N",5
29,"Snack ",39,1,4.8,"motorcycle",2,"No","Metropolitan","Sandstorms","Medium",1,"N",15
33,"Meal ",36,16,5,"electric_scooter",0,"No","Metropolitan","Sunny","Jam ",1,"N",15
15,"Snack ",38,23,4.8,"motorcycle",1,"No","Metropolitan","Cloudy","Low ",1,"N",15
23,"Snack ",22,14,4.4,"electric_scooter",0,"No","Metropolitan","Sandstorms","Low ",1,"N",15
46,"Snack ",29,18,4.2,"motorcycle",0,"No","Urban","Windy","Medium",1,"N",5
25,"Snack ",24,16,4.9,"motorcycle",0,"No","Urban","Fog","Medium",0,"Y",5
33,"Snack ",33,2,4.1,"motorcycle",0,"No","Urban","Windy","Jam ",1,"N",10
27,"Meal ",29,23,5,"electric_scooter",0,"No","Urban","Cloudy","High",1,"N",5
24,"Buffet ",33,22,4.7,"electric_scooter",2,"No","Urban","Stormy","Low",1,"N",20
24,"Buffet ",20,5,4.6,"scooter",1,"No","Semi-Urban","Sunny","Medium",1,"N",15
16,"Drinks ",32,19,4.9,"electric_scooter",2,"No","Urban","Fog","Medium",0,"N",15
44,"Meal ",36,6,4.2,"scooter",1,"No","Semi-Urban","Cloudy","Jam ",2,"N",10
30,"Snack ",21,22,4.7,"motorcycle",0,"No","Urban","Sunny","Low ",0,"Y",10
27,"Buffet ",28,21,4.9,"scooter",1,"No","Metropolitan","Windy","Low ",1,"Y",15
15,"Drinks ",35,19,4.8,"scooter",1,"No","Metropolitan","Stormy","Jam ",1,"Y",5
19,"Buffet ",23,21,4.9,"motorcycle",1,"No","Urban","Fog","Low ",0,"N",15
17,"Meal ",38,12,4.5,"motorcycle",0,"No","Metropolitan","Cloudy","Low ",1,"N",10
29,"Buffet ",30,7,4.8,"motorcycle",1,"No","Metropolitan","Fog","Medium",1,"N",5
31,"Snack ",24,4,4.9,"motorcycle",0,"No","Metropolitan","Fog","Medium",1,"N",10
24,"Meal ",38,23,4.9,"scooter",2,"No","Urban","Cloudy","Low ",1,"N",5
34,"Drinks ",27,14,4.8,"electric_scooter",0,"No","Metropolitan","Sandstorms","Jam ",1,"Y",5
16,"Drinks ",23,22,4.8,"motorcycle",1,"No","Semi-Urban","Windy","Jam ",0,"N",10
51,"Drinks ",36,14,5,"motorcycle",0,"No","Urban","Fog","Jam ",1,"N",15
27,"Meal ",38,19,4.3,"motorcycle",0,"No","Metropolitan","Sandstorms","Low ",1,"N",30
24,"Snack ",38,18,4.8,"scooter",1,"No","Urban","Sunny","Low ",1,"N",5
37,"Buffet ",28,9,4.3,"motorcycle",0,"No","Semi-Urban","Sandstorms","Jam ",0,"N",15
14,"Snack ",31,18,4.8,"electric_scooter",2,"No","Semi-Urban","Sunny","High ",0,"Y",5
16,"Drinks ",31,23,4.7,"motorcycle",1,"No","Metropolitan","Windy","Low ",0,"N",5
15,"Snack ",24,16,4.7,"scooter",2,"No","Urban","Fog","Medium",0,"N",5
21,"Meal ",24,22,4.8,"motorcycle",0,"No","Semi-Urban","Sandstorms","Low ",1,"N",10
16,"Drinks ",37,21,4.8,"motorcycle",1,"No","Urban","Sandstorms","High",0,"N",15
20,"Meal ",28,15,4.5,"motorcycle",1,"No","Metropolitan","Windy","Low ",1,"N",5
36,"Buffet ",34,5,4.2,"motorcycle",2,"No","Urban","Cloudy","Jam ",1,"N",5
23,"Meal ",34,18,4.7,"motorcycle",0,"No","Semi-Urban","Stormy","Jam ",1,"Y",5
18,"Buffet ",38,22,4.8,"scooter",2,"No","Urban","Stormy","Medium",1,"N",10
34,"Snack ",20,3,4.8,"electric_scooter",2,"No","Semi-Urban","Fog","High ",0,"Y",5
48,"Snack ",38,9,4.9,"motorcycle",0,"No","Urban","Fog","Medium",0,"N",10
29,"Meal ",30,18,4.8,"motorcycle",0,"No","Metropolitan","Windy","Jam ",1,"Y",15
44,"Buffet ",34,15,4.4,"motorcycle",1,"No","Metropolitan","Stormy","Medium",2,"N",15
22,"Drinks ",38,12,4.8,"motorcycle",0,"No","Semi-Urban","Sandstorms","Medium",1,"N",10
33,"Drinks ",34,9,5,"scooter",2,"No","Semi-Urban","Fog","Jam ",1,"N",15
22,"Buffet ",21,16,4.8,"scooter",2,"No","Metropolitan","Windy","Medium",1,"N",15
36,"Buffet ",34,1,4.9,"electric_scooter",1,"No","Metropolitan","Cloudy","Jam ",1,"N",10
22,"Drinks ",21,16,4.6,"motorcycle",1,"No","Metropolitan","Sunny","High ",1,"N",15
15,"Snack ",26,19,4.7,"scooter",1,"No","Urban","Sunny","Low",1,"N",15
34,"Meal ",32,8,3.9,"scooter",2,"No","Metropolitan","Windy","Medium",1,"Y",15
22,"Meal ",31,16,4.6,"motorcycle",1,"No","Metropolitan","Sandstorms","High ",1,"N",15
25,"Snack ",32,21,4.7,"motorcycle",0,"No","Metropolitan","Sunny","Low ",0,"Y",15
24,"Buffet ",24,22,5,"electric_scooter",2,"No","Metropolitan","Sunny","Low ",1,"N",10
30,"Buffet ",38,13,4.9,"motorcycle",1,"No","Metropolitan","Windy","High ",0,"Y",15
20,"Buffet ",30,17,4.9,"motorcycle",2,"No","Metropolitan","Sandstorms","Low ",0,"N",15
15,"Drinks ",30,2,4.9,"electric_scooter",2,"No","Metropolitan","Sunny","Low ",1,"Y",15
16,"Buffet ",22,4,4.8,"motorcycle",1,"No","Metropolitan","Stormy","Low ",1,"N",5
34,"Drinks ",24,23,5,"scooter",2,"No","Metropolitan","Cloudy","Medium",2,"N",5
13,"Meal ",34,6,5,"motorcycle",1,"No","Urban","Windy","Low ",0,"N",5
28,"Drinks ",35,4,4.5,"motorcycle",0,"No","Urban","Windy","Jam",1,"N",5
47,"Meal ",30,21,4.5,"motorcycle",0,"No","Metropolitan","Fog","Jam ",3,"Y",5
36,"Buffet ",20,4,4,"electric_scooter",0,"No","Metropolitan","Sandstorms","Jam ",1,"N",10
15,"Drinks ",30,17,4.7,"motorcycle",1,"No","Urban","Sandstorms","Medium",1,"N",15
24,"Meal ",36,16,4.5,"motorcycle",1,"No","Urban","Sunny","Medium",1,"Y",5
24,"Drinks ",27,18,4.6,"scooter",0,"No","Urban","Stormy","Low",1,"N",5
26,"Buffet ",34,21,4.9,"motorcycle",0,"No","Metropolitan","Stormy","Jam ",0,"N",5
45,"Snack ",32,8,4.9,"scooter",2,"Yes","Metropolitan","Sandstorms","Jam ",1,"N",15
26,"Drinks ",35,22,4.8,"scooter",2,"No","Metropolitan","Windy","Jam ",1,"N",5
26,"Drinks ",36,14,4.7,"scooter",2,"No","Semi-Urban","Sandstorms","Jam ",1,"N",10
22,"Buffet ",32,18,4.8,"motorcycle",0,"No","Urban","Windy","Low ",1,"N",15
19,"Meal ",36,21,5,"scooter",0,"No","Metropolitan","Cloudy","Low ",0,"N",15
48,"Drinks ",37,22,4.8,"motorcycle",0,"No","Metropolitan","Fog","Jam ",1,"N",15
16,"Drinks ",23,3,4.6,"motorcycle",1,"No","Metropolitan","Stormy","Medium",0,"N",10
36,"Drinks ",27,5,3.6,"scooter",2,"No","Urban","Windy","Jam ",1,"N",5
18,"Drinks ",34,22,5,"motorcycle",2,"No","Metropolitan","Fog","Medium",0,"N",15
20,"Buffet ",20,16,4.8,"scooter",0,"No","Urban","Windy","Low",1,"N",15
21,"Snack ",20,19,4.7,"electric_scooter",2,"No","Metropolitan","Sunny","High ",1,"N",10
20,"Drinks ",39,21,4.5,"electric_scooter",2,"No","Urban","Sunny","Jam ",1,"N",15
23,"Meal ",27,18,4.8,"scooter",2,"No","Urban","Stormy","Medium",0,"N",5
16,"Meal ",33,21,4.8,"scooter",0,"No","Metropolitan","Sandstorms","Low ",1,"N",5
15,"Drinks ",38,18,4.8,"electric_scooter",2,"No","Urban","Fog","Medium",0,"N",10
15,"Snack ",21,22,4.7,"motorcycle",1,"No","Urban","Sandstorms","Low",0,"N",10
21,"Snack ",27,19,4.9,"scooter",2,"No","Semi-Urban","Stormy","Jam",1,"N",15
42,"Drinks ",23,7,4.7,"motorcycle",0,"No","Metropolitan","Sandstorms","Jam ",1,"N",5
33,"Meal ",38,9,3.7,"electric_scooter",2,"No","Metropolitan","Cloudy","Low ",0,"N",5
11,"Snack ",24,22,5,"scooter",2,"No","Urban","Sunny","Medium",1,"N",15
24,"Meal ",24,19,4.6,"scooter",0,"No","Urban","Cloudy","Low ",0,"Y",5
27,"Buffet ",38,14,4.7,"scooter",0,"No","Metropolitan","Cloudy","Jam ",1,"N",15
21,"Snack ",27,9,4.6,"motorcycle",0,"No","Metropolitan","Fog","Low ",1,"N",25
17,"Buffet ",31,23,4.6,"electric_scooter",2,"No","Metropolitan","Sunny","Medium",0,"N",15
26,"Snack ",35,9,5,"scooter",2,"No","Metropolitan","Stormy","Low ",0,"N",5
28,"Snack ",32,18,4.9,"electric_scooter",2,"No","Urban","Fog","Medium",1,"N",5
11,"Meal ",21,18,4.7,"motorcycle",1,"No","Metropolitan","Sandstorms","Low",1,"N",15
27,"Meal ",39,23,4.5,"motorcycle",0,"No","Urban","Stormy","Low ",1,"N",15
40,"Snack ",37,14,4.6,"motorcycle",0,"No","Metropolitan","Cloudy","Jam ",1,"N",15
28,"Meal ",29,8,4.8,"motorcycle",1,"No","Metropolitan","Sandstorms","Medium",1,"N",10
22,"Buffet ",21,16,4.8,"scooter",2,"No","Metropolitan","Windy","Medium",1,"N",15
29,"Snack ",23,23,4.7,"motorcycle",0,"No","Metropolitan","Stormy","Jam ",1,"N",5
41,"Meal ",26,7,3.6,"motorcycle",1,"No","Metropolitan","Sandstorms","Jam ",2,"N",5
32,"Meal ",28,15,4.2,"motorcycle",0,"No","Metropolitan","Stormy","Low ",0,"N",5
19,"Buffet ",39,22,4.7,"motorcycle",1,"No","Metropolitan","Fog","Low ",0,"N",25
20,"Buffet ",29,19,4.9,"scooter",2,"No","Metropolitan","Sunny","Low ",0,"N",10
34,"Drinks ",31,11,4,"motorcycle",1,"No","Semi-Urban","Cloudy","High ",1,"N",10
18,"Buffet ",25,19,4.8,"electric_scooter",2,"No","Metropolitan","Cloudy","Low ",1,"N",5
31,"Snack ",29,2,4.7,"motorcycle",0,"No","Semi-Urban","Sunny","Jam ",1,"N",5
23,"Snack ",31,22,4.7,"scooter",1,"No","Urban","Cloudy","High ",0,"Y",5
16,"Buffet ",29,23,4.8,"electric_scooter",2,"No","Semi-Urban","Sunny","Jam ",0,"Y",15
12,"Buffet ",31,19,4.6,"scooter",2,"No","Metropolitan","Sandstorms","Low ",1,"Y",10
25,"Snack ",31,16,5,"scooter",1,"No","Metropolitan","Stormy","Jam ",1,"Y",10
17,"Drinks ",37,17,5,"scooter",1,"No","Urban","Sunny","Medium",0,"N",15
21,"Buffet ",21,18,4.8,"scooter",0,"No","Urban","Sunny","Jam",0,"N",5
32,"Buffet ",36,15,4.1,"motorcycle",0,"No","Metropolitan","Fog","High ",1,"N",15
29,"Snack ",31,3,4.2,"electric_scooter",0,"No","Metropolitan","Windy","Low ",1,"N",15
49,"Drinks ",22,23,4.3,"motorcycle",1,"No","Metropolitan","Stormy","Jam ",3,"N",10
33,"Meal ",37,18,4.1,"motorcycle",1,"No","Metropolitan","Sandstorms","Medium",1,"N",15
31,"Drinks ",28,19,2.7,"motorcycle",1,"No","Metropolitan","Sandstorms","Low ",1,"N",10
32,"Snack ",35,8,4.7,"electric_scooter",2,"No","Metropolitan","Fog","Medium",1,"N",15
11,"Snack ",35,21,4.8,"scooter",2,"No","Urban","Stormy","Jam",0,"N",15
18,"Snack ",34,23,5,"scooter",0,"No","Metropolitan","Stormy","Low ",0,"N",10
25,"Drinks ",25,4,4.8,"motorcycle",0,"No","Urban","Sunny","Low",1,"N",15
15,"Drinks ",28,18,4.8,"motorcycle",2,"No","Urban","Sandstorms","Low",1,"N",10
20,"Buffet ",38,19,4.7,"motorcycle",2,"No","Metropolitan","Windy","Low ",0,"Y",10
23,"Drinks ",20,18,4.9,"electric_scooter",0,"No","Urban","Sandstorms","Low",1,"Y",15
17,"Drinks ",38,23,4.9,"motorcycle",1,"No","Metropolitan","Windy","Jam ",1,"N",10
13,"Drinks ",36,17,4.7,"scooter",2,"No","Urban","Stormy","High",0,"N",10
33,"Buffet ",20,19,5,"motorcycle",0,"No","Urban","Windy","Medium",0,"N",10
38,"Drinks ",23,16,4.8,"electric_scooter",1,"No","Metropolitan","Fog","Jam ",1,"N",10
18,"Buffet ",35,15,4.7,"motorcycle",1,"No","Metropolitan","Sandstorms","Jam",1,"N",5
33,"Snack ",37,21,4.3,"electric_scooter",0,"No","Metropolitan","Windy","Medium",0,"N",15
22,"Meal ",34,19,4.7,"motorcycle",1,"No","Urban","Sunny","Low",1,"N",10
33,"Drinks ",25,4,4.7,"scooter",1,"No","Metropolitan","Fog","High ",0,"N",5
10,"Meal ",28,16,4.8,"scooter",2,"No","Urban","Cloudy","Medium",0,"N",5
41,"Meal ",30,3,4.7,"electric_scooter",0,"No","Metropolitan","Windy","Medium",0,"N",5
22,"Drinks ",30,16,4.8,"scooter",2,"No","Urban","Sandstorms","Jam",1,"N",10
26,"Buffet ",38,18,5,"scooter",2,"No","Metropolitan","Cloudy","Jam ",1,"Y",5
21,"Drinks ",35,15,4.6,"scooter",1,"No","Urban","Stormy","Medium",1,"N",15
12,"Meal ",35,9,4.5,"electric_scooter",2,"No","Semi-Urban","Stormy","Low ",0,"N",5
35,"Snack ",34,2,4.2,"scooter",2,"No","Metropolitan","Sandstorms","Jam ",0,"N",5
12,"Buffet ",26,18,4.7,"scooter",1,"No","Urban","Sandstorms","Low",1,"N",15
41,"Meal ",32,21,4.7,"electric_scooter",0,"No","Metropolitan","Fog","Jam ",1,"N",15
21,"Drinks ",35,21,4.6,"motorcycle",0,"No","Semi-Urban","Sunny","Low",1,"N",5
28,"Buffet ",36,19,4.6,"motorcycle",0,"No","Urban","Cloudy","Jam",1,"N",5
18,"Meal ",34,21,4.9,"electric_scooter",1,"No","Urban","Fog","Medium",1,"Y",15
31,"Meal ",28,9,4.4,"motorcycle",2,"No","Metropolitan","Sunny","High ",1,"N",10
32,"Buffet ",26,23,4.6,"motorcycle",0,"No","Metropolitan","Stormy","Medium",1,"N",15
27,"Drinks ",32,9,4.8,"electric_scooter",1,"No","Metropolitan","Cloudy","High ",1,"N",5
30,"Drinks ",20,22,4.6,"motorcycle",2,"No","Metropolitan","Fog","Medium",1,"Y",10
37,"Drinks ",21,23,4.7,"scooter",0,"No","Urban","Sandstorms","Jam ",1,"Y",15
28,"Buffet ",27,2,4.5,"motorcycle",1,"No","Urban","Stormy","Jam",0,"N",5
22,"Meal ",28,16,4.6,"scooter",1,"No","Metropolitan","Sandstorms","Low ",1,"N",5
34,"Drinks ",34,1,4.9,"scooter",1,"No","Metropolitan","Fog","Medium",0,"N",10
29,"Snack ",20,19,4.7,"scooter",1,"No","Urban","Sandstorms","Jam",1,"N",15
17,"Meal ",22,6,4.5,"scooter",1,"No","Urban","Stormy","Jam",0,"N",5
10,"Drinks ",29,21,4.9,"electric_scooter",2,"No","Urban","Fog","Low",0,"N",5
19,"Meal ",28,19,4.9,"motorcycle",1,"No","Urban","Sunny","Low",1,"N",5
31,"Meal ",38,11,4.3,"motorcycle",0,"No","Metropolitan","Stormy","Low ",0,"Y",15
23,"Buffet ",29,14,4.6,"motorcycle",0,"No","Metropolitan","Windy","Medium",1,"N",5
41,"Snack ",20,13,4.7,"electric_scooter",0,"No","Metropolitan","Fog","Jam ",1,"N",15
25,"Buffet ",31,16,4.6,"electric_scooter",2,"No","Metropolitan","Windy","Low ",1,"N",15
22,"Meal ",38,23,4.9,"motorcycle",0,"No","Urban","Fog","Low",1,"N",10
27,"Meal ",28,22,4.6,"motorcycle",2,"No","Urban","Sandstorms","Jam ",0,"N",5
26,"Snack ",28,8,4.7,"motorcycle",2,"No","Metropolitan","Stormy","Jam ",0,"N",10
39,"Buffet ",22,21,4.6,"motorcycle",0,"No","Urban","Sandstorms","Jam",1,"N",5
34,"Drinks ",37,4,4.3,"scooter",0,"No","Metropolitan","Sandstorms","Low ",1,"N",5
43,"Buffet ",21,13,4.1,"motorcycle",0,"No","Urban","Stormy","Medium",1,"N",15
32,"Drinks ",25,2,4.4,"electric_scooter",1,"No","Urban","Windy","Jam",1,"N",15
36,"Drinks ",37,3,3.7,"scooter",2,"No","Metropolitan","Sandstorms","Jam ",1,"Y",15
44,"Meal ",33,11,4.7,"scooter",0,"No","Metropolitan","Stormy","High ",3,"N",15
15,"Buffet ",29,22,4.6,"motorcycle",1,"No","Semi-Urban","Fog","Low ",1,"N",15
32,"Snack ",39,22,4.6,"scooter",1,"No","Semi-Urban","Stormy","Jam",0,"Y",5
30,"Drinks ",30,15,4.8,"motorcycle",0,"No","Metropolitan","Windy","Jam ",1,"Y",10
52,"Meal ",25,19,4.7,"motorcycle",0,"No","Metropolitan","Cloudy","Jam ",3,"N",15
36,"Snack ",36,9,4.3,"electric_scooter",2,"No","Urban","Fog","Jam ",0,"N",15
35,"Snack ",26,13,3.3,"scooter",1,"No","Semi-Urban","Sunny","Low ",0,"N",5
25,"Snack ",29,13,4.7,"motorcycle",2,"No","Metropolitan","Stormy","Jam ",1,"N",15
19,"Snack ",35,6,4.8,"motorcycle",1,"No","Metropolitan","Fog","Medium",1,"Y",15
43,"Buffet ",36,6,4.7,"motorcycle",1,"Yes","Metropolitan","Stormy","Jam ",1,"N",10
22,"Drinks ",22,4,4.5,"electric_scooter",0,"No","Urban","Sandstorms","Low",1,"N",5
11,"Drinks ",21,22,4.6,"scooter",2,"No","Urban","Windy","High",0,"N",10
25,"Buffet ",31,23,5,"motorcycle",2,"No","Urban","Stormy","Medium",0,"N",10
29,"Meal ",31,14,4.9,"motorcycle",0,"No","Metropolitan","Sunny","Low ",1,"Y",10
38,"Drinks ",32,4,4,"scooter",2,"No","Metropolitan","Cloudy","Jam ",1,"N",5
19,"Buffet ",28,23,4.9,"scooter",1,"No","Metropolitan","Sunny","Low ",1,"N",10
37,"Snack ",31,4,4.2,"scooter",1,"No","Metropolitan","Fog","Jam ",2,"N",5
15,"Buffet ",32,17,4.6,"motorcycle",2,"No","Urban","Sunny","Jam ",1,"Y",5
17,"Meal ",24,16,4.9,"scooter",1,"No","Semi-Urban","Cloudy","Medium",0,"N",10
25,"Buffet ",25,23,4.4,"electric_scooter",0,"No","Urban","Windy","Low ",0,"N",5
25,"Meal ",26,3,4.6,"motorcycle",1,"No","Urban","Windy","Jam ",0,"N",10
25,"Drinks ",36,17,4.8,"motorcycle",2,"No","Metropolitan","Sandstorms","Low ",1,"N",10
37,"Snack ",20,8,4.1,"motorcycle",0,"No","Urban","Stormy","Jam ",1,"N",5
24,"Drinks ",29,18,4.7,"scooter",1,"No","Urban","Stormy","Low ",0,"N",5
30,"Buffet ",22,18,4.8,"motorcycle",1,"No","Urban","Windy","High",1,"N",5
22,"Snack ",35,21,4.9,"motorcycle",0,"No","Metropolitan","Sunny","High ",1,"Y",10
14,"Meal ",36,3,4.5,"motorcycle",2,"No","Urban","Sunny","Medium",0,"N",15
40,"Buffet ",20,3,4,"scooter",0,"No","Metropolitan","Windy","Medium",1,"N",5
40,"Drinks ",28,16,4.8,"motorcycle",0,"No","Urban","Cloudy","Low",2,"N",15
40,"Snack ",25,19,4.9,"motorcycle",0,"No","Urban","Fog","Low",1,"N",15
46,"Meal ",38,2,4.2,"scooter",1,"No","Metropolitan","Cloudy","Jam ",2,"N",5
34,"Snack ",29,16,4.1,"motorcycle",1,"No","Metropolitan","Fog","Jam ",1,"Y",15
22,"Drinks ",24,18,4.7,"electric_scooter",0,"No","Metropolitan","Fog","Low ",1,"N",10
50,"Snack ",35,21,4.6,"electric_scooter",0,"No","Metropolitan","Sandstorms","Jam ",1,"N",10
13,"Meal ",28,23,4.8,"scooter",2,"No","Urban","Fog","Low ",0,"Y",15
20,"Snack ",36,22,4.9,"electric_scooter",2,"No","Urban","Sunny","Medium",0,"N",10
27,"Meal ",32,23,4.8,"electric_scooter",0,"No","Urban","Cloudy","Jam",1,"N",10
21,"Buffet ",39,8,4.8,"motorcycle",0,"No","Semi-Urban","Sunny","Jam ",1,"N",15
25,"Meal ",27,4,4.5,"scooter",0,"No","Metropolitan","Sunny","Medium",1,"Y",10
16,"Drinks ",21,19,4.8,"motorcycle",1,"No","Semi-Urban","Sunny","Jam ",0,"Y",5
19,"Snack ",26,19,4.7,"motorcycle",2,"No","Semi-Urban","Sandstorms","Low ",0,"N",5
30,"Drinks ",32,19,4.9,"scooter",2,"No","Semi-Urban","Fog","Jam ",1,"Y",15
11,"Snack ",36,19,4.7,"scooter",1,"No","Urban","Windy","Low ",0,"N",15
19,"Drinks ",27,3,5,"motorcycle",2,"No","Metropolitan","Cloudy","Low ",1,"Y",15
32,"Snack ",38,8,3.7,"scooter",1,"No","Semi-Urban","Fog","Low ",0,"N",10
42,"Snack ",27,1,4.2,"electric_scooter",1,"No","Urban","Cloudy","Jam",2,"N",10
16,"Buffet ",34,5,4.8,"motorcycle",1,"No","Metropolitan","Sunny","Low ",0,"N",10
19,"Snack ",38,8,4.6,"motorcycle",0,"No","Semi-Urban","Sunny","Medium",1,"N",15
21,"Meal ",20,17,4.9,"scooter",2,"No","Metropolitan","Windy","Low ",1,"Y",15
19,"Meal ",26,2,4.3,"motorcycle",0,"No","Urban","Sandstorms","Low",0,"Y",15
23,"Buffet ",36,16,4.5,"motorcycle",0,"No","Metropolitan","Cloudy","Low",0,"N",15
32,"Snack ",35,5,4.2,"scooter",0,"No","Urban","Windy","Low",0,"N",10
32,"Snack ",32,6,4.3,"scooter",1,"No","Metropolitan","Cloudy","Jam ",1,"N",5
19,"Meal ",26,16,4.6,"scooter",2,"No","Urban","Stormy","Low",1,"N",15
24,"Snack ",30,17,4.6,"scooter",2,"No","Urban","Cloudy","High",0,"N",5
31,"Snack ",33,16,4.7,"motorcycle",1,"No","Metropolitan","Fog","High ",0,"N",5
14,"Buffet ",33,19,4.8,"scooter",2,"No","Metropolitan","Stormy","Low ",1,"Y",15
41,"Snack ",35,21,4.5,"electric_scooter",0,"No","Metropolitan","Sunny","High ",0,"N",15
36,"Drinks ",20,8,2.5,"electric_scooter",2,"No","Metropolitan","Sunny","Low ",1,"Y",10
31,"Drinks ",37,5,4.7,"motorcycle",0,"No","Semi-Urban","Stormy","Medium",1,"N",15
11,"Snack ",22,18,5,"scooter",2,"No","Urban","Sandstorms","Jam",0,"N",15
28,"Drinks ",32,23,4.6,"motorcycle",2,"No","Urban","Sunny","Medium",1,"N",15
24,"Snack ",30,13,4.1,"motorcycle",0,"No","Semi-Urban","Windy","Low ",1,"Y",5
18,"Drinks ",20,19,4.6,"scooter",1,"No","Metropolitan","Cloudy","Medium",1,"N",10
17,"Snack ",27,17,4.5,"electric_scooter",2,"No","Urban","Sunny","High",1,"N",10
27,"Meal ",32,2,4.9,"motorcycle",0,"No","Metropolitan","Fog","Medium",0,"N",10
16,"Snack ",27,22,5,"motorcycle",1,"No","Urban","Fog","Medium",1,"Y",15
15,"Meal ",37,7,4.7,"scooter",1,"No","Metropolitan","Sandstorms","Jam ",1,"Y",15
28,"Meal ",29,6,5,"scooter",2,"No","Metropolitan","Sandstorms","Jam ",1,"N",15
23,"Buffet ",35,22,4.9,"motorcycle",2,"No","Semi-Urban","Sunny","Jam ",0,"N",5
15,"Drinks ",31,23,4.8,"motorcycle",1,"No","Urban","Fog","Medium",1,"N",15
17,"Drinks ",21,22,4.6,"motorcycle",2,"No","Semi-Urban","Windy","Medium",1,"N",5
32,"Buffet ",26,3,4,"electric_scooter",2,"No","Semi-Urban","Fog","Jam ",1,"N",15
17,"Drinks ",35,16,4.8,"scooter",2,"No","Metropolitan","Stormy","Low ",0,"N",5
18,"Buffet ",34,19,4.8,"electric_scooter",2,"No","Urban","Cloudy","Medium",1,"N",10
20,"Snack ",24,23,4.6,"motorcycle",1,"No","Metropolitan","Sandstorms","Low ",1,"N",15
23,"Drinks ",25,17,4.6,"scooter",2,"No","Metropolitan","Stormy","Low ",0,"Y",5
38,"Meal ",26,9,4.6,"motorcycle",0,"No","Metropolitan","Windy","Jam ",1,"N",15
28,"Buffet ",32,21,4.5,"scooter",1,"No","Urban","Windy","Jam",1,"N",15
29,"Meal ",29,13,4.7,"scooter",2,"No","Metropolitan","Windy","Jam ",0,"N",10
28,"Drinks ",39,13,4.5,"electric_scooter",1,"No","Metropolitan","Sandstorms","Low ",1,"N",5
36,"Drinks ",31,17,4.6,"scooter",2,"No","Metropolitan","Fog","Jam ",1,"N",10
11,"Snack ",27,22,4.6,"scooter",1,"No","Semi-Urban","Sandstorms","Jam ",1,"Y",5
36,"Meal ",37,17,4.6,"motorcycle",0,"No","Urban","Windy","Jam ",1,"N",15
16,"Snack ",21,23,5,"scooter",1,"No","Semi-Urban","Fog","Medium",1,"Y",15
19,"Buffet ",38,2,4.5,"electric_scooter",2,"No","Semi-Urban","Sandstorms","Low",0,"N",15
21,"Snack ",27,15,4.7,"motorcycle",0,"No","Metropolitan","Sandstorms","Low ",1,"N",10
33,"Drinks ",23,3,4,"scooter",0,"No","Metropolitan","Sandstorms","Jam ",0,"N",15
18,"Meal ",33,15,4.9,"scooter",2,"No","Urban","Sunny","Low",1,"Y",10
17,"Drinks ",22,18,4.6,"motorcycle",1,"No","Urban","Sunny","Medium",1,"N",10
10,"Buffet ",32,5,4.5,"electric_scooter",2,"No","Urban","Sandstorms","Low ",0,"Y",10
21,"Snack ",25,22,4.8,"scooter",1,"No","Metropolitan","Sunny","Low ",1,"N",5
11,"Snack ",25,23,4.7,"scooter",1,"No","Metropolitan","Sunny","Low ",0,"Y",5
15,"Buffet ",36,19,4.9,"motorcycle",2,"No","Metropolitan","Sunny","High ",1,"N",15
22,"Meal ",25,6,4.4,"electric_scooter",0,"No","Urban","Windy","Low",1,"N",15
43,"Drinks ",22,13,4.4,"motorcycle",1,"No","Urban","Windy","Jam ",0,"N",15
37,"Buffet ",25,19,5,"motorcycle",0,"No","Semi-Urban","Windy","High",1,"N",5
28,"Drinks ",39,4,4.8,"electric_scooter",1,"No","Semi-Urban","Sandstorms","Low ",1,"N",5
29,"Meal ",38,6,4.6,"motorcycle",2,"No","Semi-Urban","Sandstorms","Jam ",1,"N",10
30,"Drinks ",22,23,4.5,"scooter",2,"No","Metropolitan","Cloudy","High ",0,"N",10
46,"Meal ",23,17,4.3,"scooter",2,"No","Urban","Fog","Jam ",0,"N",10
11,"Meal ",25,19,5,"scooter",1,"No","Semi-Urban","Stormy","High",0,"N",5
16,"Drinks ",23,13,4.7,"scooter",1,"No","Metropolitan","Windy","Low ",0,"Y",10
15,"Meal ",38,18,4.9,"scooter",2,"No","Urban","Stormy","Low ",0,"Y",15
15,"Meal ",33,23,4.8,"electric_scooter",2,"No","Metropolitan","Cloudy","Medium",1,"N",15
17,"Buffet ",30,15,4.9,"scooter",2,"No","Urban","Sunny","Jam",0,"N",10
21,"Meal ",22,3,4.3,"motorcycle",0,"No","Urban","Windy","Low",1,"N",15
24,"Buffet ",27,16,4.6,"motorcycle",0,"No","Semi-Urban","Stormy","Low ",1,"Y",15
39,"Drinks ",32,2,4.4,"electric_scooter",2,"No","Metropolitan","Stormy","High ",1,"Y",10
27,"Drinks ",21,23,4.6,"electric_scooter",2,"No","Metropolitan","Cloudy","High ",1,"N",15
18,"Buffet ",33,16,4.8,"scooter",2,"No","Metropolitan","Cloudy","Medium",1,"N",15
29,"Drinks ",39,13,4.7,"motorcycle",1,"No","Metropolitan","Stormy","Jam ",1,"Y",15
20,"Drinks ",39,17,4.4,"motorcycle",0,"No","Urban","Stormy","Low",1,"N",10
16,"Drinks ",33,16,4.7,"motorcycle",1,"No","Urban","Sandstorms","Jam",1,"Y",15
19,"Drinks ",31,13,4.9,"scooter",0,"No","Metropolitan","Sandstorms","Jam ",1,"Y",15
17,"Meal ",34,15,4.8,"scooter",0,"No","Urban","Stormy","Medium",0,"Y",15
33,"Snack ",35,6,4.3,"motorcycle",0,"No","Metropolitan","Stormy","Medium",1,"Y",15
22,"Buffet ",26,16,4.7,"scooter",0,"No","Metropolitan","Stormy","Medium",1,"Y",10
29,"Meal ",38,11,4,"scooter",0,"No","Metropolitan","Sandstorms","Low ",0,"Y",5
40,"Snack ",24,3,4,"motorcycle",0,"No","Metropolitan","Stormy","Jam ",2,"N",10
38,"Meal ",30,6,4.4,"electric_scooter",0,"No","Metropolitan","Windy","Jam ",1,"N",5
17,"Drinks ",27,17,5,"scooter",2,"No","Metropolitan","Windy","Medium",1,"Y",5
22,"Meal ",25,23,4.7,"scooter",0,"No","Metropolitan","Stormy","Low ",1,"N",10
39,"Meal ",36,7,4.8,"scooter",2,"No","Metropolitan","Fog","Medium",2,"N",15
21,"Drinks ",35,15,4.6,"scooter",2,"No","Urban","Windy","Jam",1,"N",5
27,"Drinks ",39,23,4.8,"scooter",2,"No","Urban","Sandstorms","Low ",0,"N",10
22,"Buffet ",24,15,4.5,"motorcycle",0,"No","Metropolitan","Sunny","Medium",0,"Y",15
42,"Drinks ",35,15,4,"scooter",2,"No","Metropolitan","Cloudy","Medium",1,"N",5
31,"Drinks ",31,9,5,"scooter",2,"No","Metropolitan","Stormy","Medium",1,"N",10
24,"Drinks ",34,21,4.7,"scooter",2,"No","Urban","Windy","Jam",1,"N",10
39,"Snack ",27,1,4.1,"electric_scooter",2,"No","Metropolitan","Stormy","Medium",1,"N",10
38,"Snack ",32,4,4.9,"motorcycle",0,"No","Metropolitan","Cloudy","Jam ",1,"N",15
17,"Meal ",33,16,4.6,"motorcycle",2,"No","Semi-Urban","Stormy","Low ",1,"N",15
19,"Buffet ",31,5,4.8,"motorcycle",0,"No","Metropolitan","Sandstorms","Low ",0,"N",10
14,"Snack ",28,8,4.7,"scooter",2,"No","Metropolitan","Windy","Low ",0,"N",15
28,"Drinks ",35,23,4.6,"motorcycle",0,"No","Metropolitan","Sandstorms","Low ",1,"N",10
30,"Drinks ",22,23,4.6,"motorcycle",0,"No","Urban","Stormy","Jam",1,"N",15
38,"Drinks ",21,18,4.6,"motorcycle",0,"No","Semi-Urban","Stormy","Jam",1,"Y",15
19,"Snack ",30,23,4.8,"motorcycle",0,"No","Metropolitan","Sunny","Low ",0,"Y",10
16,"Meal ",29,23,4.9,"motorcycle",0,"No","Metropolitan","Sunny","Low ",0,"Y",5
16,"Buffet ",21,18,4.8,"scooter",2,"No","Semi-Urban","Stormy","High",1,"N",5
21,"Snack ",25,23,4.7,"motorcycle",1,"No","Semi-Urban","Sunny","Medium",1,"N",5
13,"Snack ",21,12,4.7,"motorcycle",1,"No","Metropolitan","Sunny","Jam ",0,"Y",10
25,"Meal ",25,19,4.7,"scooter",1,"No","Semi-Urban","Windy","Jam",1,"N",5
26,"Meal ",39,19,4.8,"scooter",1,"No","Urban","Windy","Medium",1,"N",5
31,"Drinks ",27,13,4.6,"scooter",0,"No","Metropolitan","Sandstorms","Jam ",1,"N",10
43,"Meal ",26,9,4.2,"electric_scooter",2,"No","Urban","Cloudy","Jam ",1,"N",5
53,"Buffet ",29,2,4.2,"motorcycle",0,"No","Semi-Urban","Stormy","Jam ",1,"N",5
25,"Drinks ",30,6,4.8,"motorcycle",0,"No","Urban","Fog","Low ",1,"N",5
54,"Snack ",22,12,4.9,"motorcycle",0,"No","Metropolitan","Cloudy","Jam ",0,"Y",5
18,"Snack ",35,18,4.8,"motorcycle",2,"No","Urban","Sunny","Medium",0,"Y",10
28,"Drinks ",25,8,4.8,"motorcycle",0,"No","Metropolitan","Sandstorms","Medium",0,"N",15
25,"Buffet ",32,21,4.6,"scooter",1,"No","Metropolitan","Cloudy","Low",1,"N",15
17,"Meal ",28,18,4.7,"scooter",1,"No","Urban","Stormy","Jam",1,"N",5
15,"Drinks ",21,21,4.8,"scooter",1,"No","Semi-Urban","Cloudy","Medium",0,"N",10
28,"Buffet ",39,18,4.8,"motorcycle",0,"No","Metropolitan","Sunny","Jam ",1,"N",10
37,"Drinks ",39,3,4.1,"electric_scooter",0,"No","Semi-Urban","Sunny","Medium",1,"N",10
44,"Drinks ",23,10,4,"motorcycle",0,"Yes","Metropolitan","Stormy","Low ",1,"N",10
26,"Buffet ",22,13,5,"scooter",2,"No","Metropolitan","Stormy","Medium",0,"N",15
27,"Snack ",29,12,5,"scooter",2,"No","Semi-Urban","Stormy","High ",1,"N",5
43,"Drinks ",31,6,4.6,"electric_scooter",2,"No","Metropolitan","Fog","Jam ",2,"N",10
18,"Drinks ",21,18,4.8,"electric_scooter",1,"No","Metropolitan","Windy","Low ",1,"N",5
25,"Meal ",24,18,4.9,"motorcycle",1,"No","Metropolitan","Sandstorms","High ",1,"Y",15
22,"Snack ",25,15,4.8,"motorcycle",1,"No","Semi-Urban","Windy","Jam ",1,"Y",5
41,"Snack ",30,23,4.3,"motorcycle",1,"No","Metropolitan","Cloudy","Medium",2,"N",5
15,"Drinks ",29,22,4.6,"motorcycle",2,"No","Semi-Urban","Fog","Low ",1,"N",10
31,"Buffet ",24,21,4.4,"electric_scooter",0,"No","Metropolitan","Sunny","Jam ",1,"N",15
51,"Buffet ",29,3,4.1,"motorcycle",0,"No","Metropolitan","Stormy","Jam ",3,"Y",5
20,"Drinks ",27,19,4.8,"motorcycle",2,"No","Metropolitan","Sandstorms","Low",1,"Y",10
17,"Snack ",38,22,4.8,"motorcycle",1,"No","Metropolitan","Fog","Low ",1,"Y",5
34,"Meal ",25,14,4.8,"motorcycle",0,"No","Metropolitan","Windy","High ",1,"N",10
11,"Buffet ",37,3,4.9,"motorcycle",1,"No","Metropolitan","Windy","Low ",1,"N",5
18,"Snack ",20,17,4.6,"scooter",0,"No","Metropolitan","Sunny","Low ",1,"N",15
16,"Snack ",34,17,4.8,"motorcycle",1,"No","Urban","Stormy","Low",1,"Y",15
46,"Meal ",22,9,4.6,"motorcycle",0,"No","Metropolitan","Sandstorms","Jam ",1,"Y",15
38,"Meal ",39,1,4.1,"electric_scooter",2,"No","Urban","Stormy","Low",1,"Y",15
31,"Drinks ",20,3,4,"motorcycle",1,"No","Semi-Urban","Sandstorms","Jam ",0,"N",15
29,"Meal ",29,19,4.7,"motorcycle",1,"No","Semi-Urban","Windy","High ",1,"Y",15
33,"Buffet ",25,1,4,"scooter",1,"No","Urban","Sandstorms","Medium",1,"N",15
26,"Snack ",25,21,4.6,"motorcycle",1,"No","Metropolitan","Cloudy","Low ",1,"Y",5
34,"Drinks ",30,17,4.4,"motorcycle",2,"No","Metropolitan","Fog","Jam ",1,"Y",5
23,"Snack ",24,9,5,"motorcycle",0,"No","Urban","Sandstorms","High ",0,"N",10
35,"Buffet ",27,6,4.3,"scooter",0,"No","Metropolitan","Windy","Jam ",1,"N",5
29,"Buffet ",20,3,4.9,"motorcycle",2,"No","Metropolitan","Fog","Low ",1,"N",10
30,"Meal ",23,13,5,"electric_scooter",2,"No","Urban","Stormy","Jam ",1,"N",5
11,"Meal ",21,22,4.9,"motorcycle",2,"No","Metropolitan","Sunny","Medium",1,"N",15
27,"Buffet ",32,6,4.6,"electric_scooter",2,"No","Metropolitan","Fog","Jam ",1,"N",5
16,"Drinks ",38,9,4.8,"motorcycle",1,"No","Metropolitan","Sunny","High ",0,"N",15
19,"Drinks ",33,6,4.7,"motorcycle",1,"No","Semi-Urban","Stormy","Medium",1,"N",15
23,"Snack ",22,16,4.8,"electric_scooter",1,"No","Metropolitan","Sunny","Low ",1,"Y",10
43,"Meal ",39,4,4.9,"scooter",0,"No","Metropolitan","Cloudy","Medium",0,"N",10
10,"Snack ",23,22,4.8,"motorcycle",2,"No","Urban","Cloudy","Medium",0,"N",5
10,"Drinks ",30,9,4.7,"motorcycle",1,"No","Urban","Sunny","Low ",0,"Y",10
21,"Snack ",33,17,5,"motorcycle",2,"No","Urban","Sandstorms","Medium",0,"N",15
32,"Drinks ",26,12,4.8,"motorcycle",0,"No","Metropolitan","Fog","Medium",1,"N",5
43,"Buffet ",29,5,4.9,"motorcycle",0,"No","Metropolitan","Sandstorms","Medium",1,"N",5
18,"Snack ",23,17,4.9,"motorcycle",0,"No","Urban","Sunny","Medium",0,"N",5
20,"Snack ",30,21,4.9,"motorcycle",0,"No","Metropolitan","Cloudy","Low ",1,"N",5
27,"Meal ",34,21,5,"motorcycle",0,"No","Semi-Urban","Sandstorms","High ",1,"N",5
18,"Drinks ",32,23,4.8,"scooter",2,"No","Urban","Fog","Medium",0,"N",10
19,"Buffet ",20,12,4.9,"scooter",1,"No","Urban","Windy","Low ",1,"N",10
16,"Snack ",34,18,4.7,"scooter",1,"No","Urban","Sandstorms","High",0,"N",15
37,"Snack ",23,6,5,"scooter",1,"No","Metropolitan","Cloudy","Jam ",1,"N",10
34,"Snack ",27,22,4.7,"motorcycle",2,"No","Semi-Urban","Fog","High ",1,"N",10
27,"Drinks ",24,21,4.8,"scooter",2,"No","Metropolitan","Fog","Medium",1,"Y",15
18,"Buffet ",25,21,5,"motorcycle",1,"No","Metropolitan","Cloudy","Medium",1,"N",10
19,"Drinks ",32,17,4.6,"motorcycle",2,"No","Metropolitan","Sunny","Medium",1,"Y",5
27,"Buffet ",31,16,4.6,"scooter",1,"No","Metropolitan","Sunny","Jam ",1,"N",5
23,"Buffet ",30,2,5,"scooter",1,"No","Metropolitan","Windy","Medium",0,"Y",10
26,"Meal ",31,8,4.8,"scooter",1,"No","Urban","Sunny","Medium",1,"N",5
24,"Buffet ",38,17,4.9,"motorcycle",0,"No","Urban","Sunny","Jam",0,"N",10
17,"Buffet ",20,19,4.8,"scooter",2,"No","Urban","Sunny","Low",1,"N",15
37,"Meal ",34,11,4.4,"electric_scooter",0,"No","Semi-Urban","Stormy","Jam ",1,"N",15
30,"Buffet ",39,8,4.9,"electric_scooter",1,"No","Metropolitan","Sandstorms","Medium",1,"N",5
38,"Meal ",30,1,3.8,"scooter",1,"No","Semi-Urban","Stormy","Jam ",1,"Y",15
18,"Meal ",37,9,4.7,"motorcycle",1,"No","Metropolitan","Stormy","Medium",1,"N",15
37,"Meal ",31,4,4.8,"motorcycle",2,"No","Metropolitan","Fog","High ",1,"N",5
12,"Snack ",25,2,4.6,"scooter",1,"No","Urban","Stormy","Low ",0,"N",10
25,"Snack ",27,22,4.1,"motorcycle",0,"No","Urban","Stormy","Low ",0,"N",25
27,"Meal ",34,17,4.6,"scooter",1,"No","Semi-Urban","Sandstorms","Medium",1,"Y",10
33,"Meal ",22,8,4.4,"motorcycle",0,"No","Metropolitan","Fog","High ",1,"N",5
36,"Buffet ",31,5,5,"motorcycle",2,"No","Metropolitan","Sandstorms","High ",1,"N",5
25,"Snack ",20,21,4.6,"motorcycle",0,"No","Semi-Urban","Sandstorms","Jam ",1,"N",10
41,"Buffet ",33,16,4.9,"scooter",0,"No","Urban","Cloudy","Low",2,"Y",5
19,"Snack ",31,23,4.7,"electric_scooter",2,"No","Urban","Sunny","Jam",0,"N",15
19,"Meal ",22,15,4.7,"motorcycle",1,"No","Metropolitan","Cloudy","Medium",0,"N",15
29,"Snack ",32,5,4.6,"scooter",2,"No","Metropolitan","Sandstorms","Low ",1,"N",10
20,"Drinks ",24,19,4.8,"motorcycle",2,"No","Semi-Urban","Fog","Jam ",1,"N",15
27,"Snack ",30,13,4.8,"motorcycle",0,"No","Urban","Sunny","High ",0,"N",15
12,"Buffet ",36,23,4.8,"electric_scooter",1,"No","Semi-Urban","Sandstorms","Low",0,"N",15
16,"Drinks ",39,17,4.9,"electric_scooter",2,"No","Semi-Urban","Sandstorms","Low",1,"N",15
23,"Buffet ",36,12,4.1,"electric_scooter",0,"No","Metropolitan","Windy","Low ",0,"N",10
15,"Drinks ",34,16,4.8,"scooter",2,"No","Urban","Cloudy","Low",1,"Y",10
23,"Meal ",35,9,4.9,"electric_scooter",0,"No","Metropolitan","Cloudy","Low ",1,"N",10
35,"Drinks ",34,9,4.2,"scooter",2,"No","Metropolitan","Cloudy","Medium",1,"Y",15
12,"Meal ",20,16,4.8,"motorcycle",2,"No","Urban","Cloudy","Low",0,"Y",5
29,"Drinks ",34,22,4.9,"electric_scooter",2,"No","Metropolitan","Sandstorms","Medium",1,"Y",5
17,"Snack ",33,5,4.6,"motorcycle",0,"No","Metropolitan","Fog","Low ",0,"N",10
49,"Drinks ",20,2,4.5,"scooter",0,"Yes","Metropolitan","Cloudy","Medium",1,"N",15
39,"Meal ",28,8,4.7,"motorcycle",1,"No","Metropolitan","Sandstorms","Medium",1,"N",15
27,"Snack ",38,9,4.4,"motorcycle",0,"No","Urban","Windy","Low ",0,"N",10
19,"Snack ",36,23,4.9,"motorcycle",0,"No","Urban","Sunny","Jam ",0,"N",10
25,"Buffet ",38,21,5,"motorcycle",0,"No","Metropolitan","Stormy","Medium",1,"N",5
44,"Meal ",22,6,5,"scooter",1,"No","Semi-Urban","Cloudy","Jam ",1,"N",10
30,"Drinks ",32,12,4.6,"motorcycle",0,"No","Metropolitan","Stormy","Medium",1,"Y",15
27,"Snack ",37,2,4.9,"electric_scooter",2,"No","Urban","Stormy","Jam ",1,"N",5
22,"Meal ",26,7,4.6,"motorcycle",0,"No","Metropolitan","Fog","Jam ",1,"N",10
31,"Buffet ",35,18,4.8,"scooter",2,"No","Urban","Windy","High",1,"N",15
38,"Drinks ",25,4,4.4,"scooter",2,"No","Urban","Fog","Jam",2,"N",15
25,"Meal ",30,23,4.5,"scooter",1,"No","Metropolitan","Windy","Low ",1,"N",20
29,"Drinks ",26,16,4.8,"scooter",2,"No","Metropolitan","Sandstorms","Low ",1,"N",10
46,"Buffet ",34,23,4.6,"motorcycle",0,"No","Urban","Fog","Jam ",1,"N",5
24,"Drinks ",32,15,4.9,"motorcycle",0,"No","Metropolitan","Fog","Low ",0,"N",10
32,"Snack ",24,15,4.8,"motorcycle",1,"No","Metropolitan","Cloudy","Medium",0,"Y",5
24,"Meal ",20,22,5,"motorcycle",0,"No","Urban","Stormy","Low",0,"N",5
19,"Snack ",24,9,4.8,"scooter",2,"No","Urban","Sunny","Medium",1,"Y",15
27,"Drinks ",23,18,5,"motorcycle",1,"No","Urban","Stormy","Low ",1,"N",5
28,"Drinks ",31,19,4.9,"electric_scooter",2,"No","Semi-Urban","Sandstorms","Jam ",1,"N",5
19,"Snack ",36,18,4.6,"scooter",1,"No","Metropolitan","Sandstorms","Low ",1,"N",5
15,"Drinks ",26,7,4.8,"motorcycle",1,"No","Urban","Fog","Medium",0,"N",5
25,"Drinks ",27,14,4.7,"electric_scooter",0,"No","Semi-Urban","Stormy","Jam ",1,"Y",10
21,"Buffet ",32,23,4.5,"motorcycle",0,"No","Metropolitan","Stormy","Low ",0,"N",5
36,"Snack ",20,1,4.2,"scooter",0,"No","Urban","Windy","Medium",1,"N",15
30,"Meal ",27,15,4.8,"electric_scooter",2,"No","Metropolitan","Fog","Jam ",1,"Y",10
26,"Drinks ",36,17,4.6,"electric_scooter",0,"No","Urban","Sandstorms","Medium",0,"N",10
17,"Meal ",34,9,5,"motorcycle",0,"No","Semi-Urban","Stormy","High ",1,"Y",5
10,"Snack ",31,19,4.8,"electric_scooter",2,"No","Urban","Sunny","Medium",0,"N",15
22,"Meal ",28,12,4.9,"scooter",1,"No","Semi-Urban","Fog","Jam ",0,"N",10
25,"Buffet ",35,23,4.7,"electric_scooter",2,"No","Metropolitan","Windy","Jam ",1,"N",10
40,"Meal ",34,2,4.2,"motorcycle",0,"No","Urban","Fog","Low ",1,"N",10
44,"Buffet ",39,11,4.1,"motorcycle",1,"No","Metropolitan","Fog","Medium",1,"N",10
46,"Meal ",31,17,4.9,"electric_scooter",0,"No","Metropolitan","Fog","Jam ",1,"N",5
26,"Drinks ",39,4,4.8,"scooter",2,"No","Metropolitan","Stormy","Low ",1,"N",10
11,"Meal ",25,19,5,"scooter",1,"No","Semi-Urban","Stormy","High",0,"N",5
44,"Drinks ",32,5,5,"scooter",2,"No","Metropolitan","Fog","Jam ",3,"N",5
21,"Snack ",35,2,4.7,"motorcycle",0,"No","Urban","Sunny","Medium",1,"N",15
39,"Buffet ",24,11,4.6,"electric_scooter",0,"No","Semi-Urban","Cloudy","Medium",2,"Y",5
27,"Buffet ",34,14,4.7,"electric_scooter",1,"No","Metropolitan","Windy","Low ",1,"N",5
33,"Snack ",35,6,4.3,"motorcycle",0,"No","Metropolitan","Stormy","Medium",1,"Y",15
31,"Buffet ",34,3,4.2,"scooter",0,"No","Metropolitan","Windy","Low ",1,"Y",10
10,"Meal ",32,15,4.9,"motorcycle",2,"No","Urban","Stormy","High",1,"N",5
27,"Buffet ",28,23,4.6,"motorcycle",0,"No","Semi-Urban","Cloudy","Jam ",1,"N",5
27,"Meal ",34,21,4.6,"motorcycle",1,"No","Urban","Stormy","Low",0,"N",5
36,"Snack ",27,1,4.4,"electric_scooter",1,"No","Semi-Urban","Cloudy","Low ",0,"N",15
32,"Meal ",22,23,4.3,"motorcycle",0,"No","Metropolitan","Sandstorms","High ",0,"Y",15
24,"Meal ",35,19,5,"motorcycle",2,"No","Metropolitan","Windy","Jam ",1,"N",5
33,"Meal ",24,22,4.8,"electric_scooter",2,"No","Urban","Sandstorms","Jam",1,"Y",5
18,"Meal ",29,18,5,"scooter",1,"No","Metropolitan","Sunny","Medium",1,"N",10
28,"Buffet ",30,16,4.9,"scooter",1,"No","Urban","Sandstorms","Jam",1,"N",5
27,"Buffet ",37,22,4.9,"motorcycle",1,"No","Metropolitan","Fog","Low ",1,"Y",10
16,"Buffet ",26,19,4.8,"scooter",2,"No","Urban","Stormy","Low ",1,"Y",5
54,"Buffet ",37,5,4.5,"electric_scooter",0,"No","Metropolitan","Cloudy","Jam ",0,"Y",5
39,"Snack ",34,9,4.3,"electric_scooter",2,"No","Metropolitan","Stormy","Low ",0,"N",15
29,"Snack ",20,17,4.8,"electric_scooter",1,"No","Urban","Sandstorms","Jam",1,"N",5
25,"Buffet ",24,4,4.6,"motorcycle",1,"No","Metropolitan","Sandstorms","Medium",0,"Y",15
27,"Buffet ",34,1,4.5,"electric_scooter",1,"No","Urban","Stormy","Medium",1,"Y",5
26,"Snack ",23,5,4.7,"motorcycle",0,"No","Metropolitan","Windy","Medium",0,"Y",5
46,"Buffet ",20,7,4.5,"motorcycle",0,"Yes","Metropolitan","Fog","High ",1,"N",10
19,"Buffet ",32,8,4.7,"electric_scooter",1,"No","Semi-Urban","Sunny","Medium",0,"N",15
18,"Buffet ",28,19,4.7,"motorcycle",1,"No","Urban","Stormy","Low",1,"N",5
39,"Drinks ",26,21,4.4,"motorcycle",0,"No","Metropolitan","Stormy","Medium",1,"Y",15
39,"Snack ",39,13,3.9,"electric_scooter",1,"No","Semi-Urban","Stormy","Jam ",0,"N",10
19,"Drinks ",23,12,4.9,"motorcycle",1,"No","Metropolitan","Sunny","High ",1,"Y",10
15,"Snack ",22,17,4.6,"electric_scooter",1,"No","Urban","Sunny","Jam",0,"N",15
18,"Meal ",25,12,4.6,"scooter",0,"No","Metropolitan","Fog","Low ",1,"Y",5
36,"Meal ",22,17,4.9,"scooter",0,"No","Semi-Urban","Fog","Medium",2,"N",10
18,"Buffet ",38,22,4.9,"electric_scooter",0,"No","Metropolitan","Stormy","Low ",1,"N",5
21,"Meal ",28,18,4.7,"scooter",1,"No","Urban","Sunny","High",1,"N",15
28,"Drinks ",26,5,5,"electric_scooter",2,"No","Semi-Urban","Sunny","Jam ",1,"N",10
21,"Buffet ",35,2,4.9,"motorcycle",0,"No","Urban","Cloudy","Low",0,"N",15
47,"Buffet ",31,16,4.7,"electric_scooter",0,"No","Semi-Urban","Cloudy","Jam ",3,"Y",10
35,"Buffet ",39,19,4.3,"motorcycle",0,"No","Urban","Windy","High ",0,"N",10
34,"Buffet ",30,3,4.8,"motorcycle",0,"No","Metropolitan","Sunny","Jam ",1,"N",5
38,"Snack ",26,2,4.6,"scooter",1,"No","Metropolitan","Stormy","High ",2,"N",5
27,"Meal ",39,23,4.8,"motorcycle",1,"No","Urban","Stormy","Jam ",1,"N",15
17,"Meal ",20,16,4.8,"scooter",1,"No","Urban","Sandstorms","Medium",1,"N",10
23,"Buffet ",34,18,4.7,"motorcycle",0,"No","Urban","Fog","Jam",1,"N",15
30,"Buffet ",34,15,4.9,"motorcycle",1,"No","Urban","Sandstorms","High",0,"N",5
25,"Meal ",26,13,4.9,"motorcycle",0,"No","Metropolitan","Stormy","Jam ",0,"N",5
21,"Snack ",23,18,4.9,"motorcycle",1,"No","Urban","Stormy","Low",1,"Y",5
38,"Meal ",35,14,4.1,"motorcycle",1,"No","Metropolitan","Fog","Jam ",1,"Y",10
26,"Buffet ",32,9,4.6,"motorcycle",1,"No","Metropolitan","Windy","Low ",1,"Y",10
23,"Meal ",36,16,4.7,"electric_scooter",1,"No","Metropolitan","Stormy","Medium",0,"N",10
31,"Drinks ",29,17,4.7,"motorcycle",0,"No","Metropolitan","Stormy","Jam ",1,"Y",5
32,"Meal ",26,4,4.7,"motorcycle",0,"No","Semi-Urban","Cloudy","Medium",0,"N",15
20,"Meal ",20,13,4.7,"motorcycle",2,"No","Metropolitan","Windy","Low ",0,"N",10
11,"Drinks ",36,22,5,"motorcycle",1,"No","Urban","Cloudy","Low ",0,"N",15
23,"Meal ",23,18,4.8,"scooter",1,"No","Metropolitan","Windy","Low ",0,"N",10
13,"Snack ",39,19,4.7,"scooter",1,"No","Urban","Windy","Low",1,"N",10
16,"Buffet ",34,23,4.6,"electric_scooter",2,"No","Semi-Urban","Cloudy","Low ",1,"N",5
49,"Drinks ",36,23,4.8,"motorcycle",0,"Yes","Semi-Urban","Sandstorms","Jam ",3,"N",5
24,"Meal ",34,15,5,"scooter",0,"No","Urban","Stormy","Low ",1,"N",25
49,"Snack ",24,16,4.6,"scooter",2,"No","Semi-Urban","Fog","Jam ",1,"Y",5
36,"Drinks ",38,4,3.8,"scooter",2,"No","Metropolitan","Sandstorms","Medium",1,"N",15
27,"Buffet ",36,9,4.7,"motorcycle",0,"No","Urban","Sandstorms","Jam ",1,"N",10
13,"Drinks ",23,15,5,"electric_scooter",1,"No","Urban","Sunny","High",1,"N",10
19,"Buffet ",30,21,4.7,"motorcycle",1,"No","Metropolitan","Sunny","Low ",1,"Y",10
28,"Buffet ",32,21,5,"motorcycle",0,"No","Urban","Stormy","Jam ",1,"N",5
16,"Meal ",39,16,4.6,"motorcycle",1,"No","Urban","Stormy","Jam",1,"N",5
26,"Buffet ",33,19,4.8,"electric_scooter",2,"No","Metropolitan","Stormy","High ",0,"Y",15
42,"Meal ",35,3,4,"motorcycle",0,"No","Urban","Stormy","Jam",1,"Y",15
21,"Meal ",22,3,4.7,"motorcycle",1,"No","Urban","Fog","High ",1,"N",10
18,"Drinks ",28,5,5,"motorcycle",0,"No","Metropolitan","Stormy","Medium",1,"N",15
10,"Drinks ",25,14,4.6,"scooter",2,"No","Urban","Sunny","Jam ",1,"N",10
17,"Snack ",32,15,4.7,"scooter",2,"No","Urban","Stormy","Low",1,"N",5
11,"Drinks ",38,19,4.8,"motorcycle",1,"No","Urban","Fog","Low",0,"N",10
26,"Drinks ",31,18,4.5,"motorcycle",1,"No","Urban","Windy","Medium",0,"N",5
31,"Snack ",23,3,4.4,"scooter",2,"No","Urban","Sandstorms","Jam",1,"N",15
45,"Snack ",28,3,4.7,"electric_scooter",0,"No","Metropolitan","Fog","Jam ",2,"Y",10
40,"Buffet ",37,8,4.9,"scooter",2,"No","Metropolitan","Fog","Jam ",1,"N",15
37,"Snack ",39,9,4,"motorcycle",2,"No","Metropolitan","Fog","Medium",1,"N",15
36,"Snack ",29,23,4.3,"motorcycle",0,"No","Metropolitan","Stormy","Medium",1,"N",15
28,"Buffet ",24,8,4.9,"electric_scooter",2,"No","Metropolitan","Sandstorms","Jam ",0,"N",10
36,"Snack ",32,6,4.6,"motorcycle",0,"No","Metropolitan","Fog","Medium",1,"N",15
31,"Buffet ",34,5,3.4,"motorcycle",0,"No","Urban","Sunny","Low ",0,"N",15
25,"Buffet ",34,9,4.8,"motorcycle",0,"No","Urban","Sunny","High ",1,"N",10
22,"Meal ",30,5,4.5,"motorcycle",0,"No","Metropolitan","Sandstorms","Low ",1,"N",5
27,"Meal ",22,22,4.7,"scooter",2,"No","Metropolitan","Sandstorms","Low ",0,"N",10
32,"Buffet ",35,3,3.6,"scooter",2,"No","Metropolitan","Sunny","Jam ",1,"N",10
19,"Snack ",34,9,4.9,"motorcycle",1,"No","Metropolitan","Stormy","Low ",1,"N",5
15,"Drinks ",30,12,4.5,"motorcycle",1,"No","Metropolitan","Windy","Low ",0,"N",5
19,"Meal ",36,14,4.7,"scooter",1,"No","Semi-Urban","Stormy","Low ",0,"N",5
33,"Meal ",35,2,4.2,"motorcycle",2,"No","Urban","Sunny","Jam",2,"Y",10
19,"Snack ",31,3,4.8,"electric_scooter",2,"No","Metropolitan","Sunny","Low ",1,"Y",15
32,"Snack ",32,15,5,"motorcycle",0,"No","Urban","Sandstorms","Medium",0,"N",5
33,"Buffet ",21,4,3.5,"motorcycle",2,"No","Metropolitan","Fog","Low",1,"N",20
36,"Snack ",36,6,4.8,"motorcycle",2,"No","Metropolitan","Cloudy","High ",1,"N",10
29,"Snack ",38,19,4.8,"motorcycle",0,"No","Metropolitan","Fog","Medium",1,"N",10
37,"Meal ",33,16,4.6,"scooter",1,"No","Metropolitan","Fog","High ",1,"N",10
17,"Drinks ",21,23,5,"electric_scooter",1,"No","Metropolitan","Fog","Low ",0,"N",5
27,"Drinks ",23,12,4.6,"motorcycle",2,"No","Metropolitan","Sandstorms","Jam ",1,"N",15
26,"Meal ",23,8,4.6,"motorcycle",0,"No","Metropolitan","Fog","High ",1,"N",5
43,"Snack ",29,3,4.2,"motorcycle",2,"Yes","Semi-Urban","Fog","Medium",1,"N",5
33,"Meal ",35,1,4,"scooter",1,"No","Metropolitan","Cloudy","Jam ",0,"N",10
14,"Meal ",33,15,4.8,"scooter",1,"No","Metropolitan","Sunny","Medium",0,"Y",5
16,"Drinks ",28,21,4.5,"motorcycle",0,"No","Metropolitan","Stormy","Medium",0,"N",10
44,"Buffet ",39,23,4.4,"motorcycle",0,"No","Urban","Sunny","High ",1,"N",5
42,"Snack ",24,5,4.3,"scooter",2,"No","Urban","Fog","Medium",1,"N",15
17,"Drinks ",27,16,4.7,"motorcycle",2,"No","Metropolitan","Cloudy","Low ",1,"N",5
29,"Snack ",23,2,4.6,"scooter",2,"No","Metropolitan","Stormy","Medium",0,"Y",10
19,"Meal ",32,8,4.5,"motorcycle",2,"No","Semi-Urban","Sandstorms","Low ",1,"N",25
16,"Snack ",24,18,4.6,"motorcycle",2,"No","Metropolitan","Sunny","Jam ",1,"Y",5
44,"Drinks ",22,8,4.8,"motorcycle",0,"No","Metropolitan","Cloudy","Jam ",1,"Y",10
16,"Drinks ",29,9,4.8,"electric_scooter",0,"No","Metropolitan","Windy","High ",1,"N",15
25,"Drinks ",23,12,4.7,"motorcycle",0,"No","Metropolitan","Fog","Jam ",1,"N",5
26,"Meal ",38,2,4.6,"electric_scooter",1,"No","Metropolitan","Sandstorms","Jam ",0,"N",5
17,"Snack ",33,19,4.8,"motorcycle",1,"No","Urban","Fog","Medium",1,"N",15
26,"Drinks ",38,19,4.8,"scooter",0,"No","Semi-Urban","Sandstorms","Jam ",1,"N",5
20,"Snack ",36,17,4.9,"scooter",1,"No","Metropolitan","Stormy","High ",1,"N",10
47,"Meal ",36,5,4.2,"electric_scooter",0,"No","Metropolitan","Windy","Jam ",1,"N",15
34,"Snack ",35,23,4.8,"scooter",1,"No","Metropolitan","Fog","Medium",1,"Y",10
11,"Drinks ",31,23,4.6,"scooter",1,"No","Urban","Windy","High",1,"Y",10
19,"Meal ",26,9,5,"scooter",2,"No","Semi-Urban","Sunny","Low ",0,"N",15
15,"Buffet ",20,4,4.8,"electric_scooter",2,"No","Semi-Urban","Windy","Jam ",1,"N",15
19,"Snack ",28,18,4.7,"scooter",1,"No","Metropolitan","Windy","Low ",1,"N",15
26,"Drinks ",32,18,4.1,"motorcycle",0,"No","Urban","Sandstorms","Low ",1,"Y",15
29,"Buffet ",24,14,4.6,"scooter",2,"No","Urban","Cloudy","High ",1,"N",10
24,"Drinks ",30,13,4.9,"electric_scooter",2,"No","Metropolitan","Windy","Medium",1,"N",5
16,"Snack ",35,1,4.5,"electric_scooter",1,"No","Urban","Stormy","Jam",0,"N",5
26,"Meal ",22,12,5,"scooter",1,"No","Metropolitan","Windy","Medium",1,"Y",10
15,"Drinks ",33,21,4.8,"scooter",2,"No","Urban","Stormy","Low ",0,"N",5
19,"Meal ",30,21,4.6,"motorcycle",1,"No","Urban","Sunny","Jam ",1,"Y",10
23,"Meal ",39,9,4.9,"scooter",2,"No","Metropolitan","Sunny","Low ",0,"Y",10
41,"Drinks ",38,21,4.9,"scooter",2,"No","Urban","Stormy","Medium",1,"N",15
27,"Meal ",24,23,4.9,"electric_scooter",0,"No","Metropolitan","Sunny","Medium",1,"Y",5
19,"Meal ",37,22,4.9,"scooter",2,"No","Metropolitan","Stormy","Low ",1,"N",10
53,"Buffet ",32,2,4.9,"motorcycle",0,"No","Metropolitan","Fog","Jam ",2,"N",15
34,"Drinks ",34,1,4.9,"scooter",1,"No","Metropolitan","Fog","Medium",0,"N",10
12,"Meal ",21,2,4.6,"motorcycle",1,"No","Metropolitan","Fog","Medium",0,"N",15
35,"Drinks ",34,11,4,"motorcycle",0,"No","Urban","Sunny","Low ",1,"N",5
22,"Buffet ",30,19,4.6,"scooter",1,"No","Metropolitan","Stormy","Low ",1,"N",10
24,"Drinks ",30,22,4.8,"scooter",1,"No","Metropolitan","Fog","Low ",0,"Y",5
34,"Buffet ",24,8,5,"scooter",1,"No","Metropolitan","Stormy","Jam ",1,"Y",15
29,"Buffet ",23,6,4.5,"scooter",1,"No","Metropolitan","Sandstorms","Jam ",1,"N",10
25,"Buffet ",22,9,4.5,"scooter",2,"No","Metropolitan","Fog","Medium",1,"N",15
26,"Meal ",22,13,4.8,"motorcycle",1,"No","Metropolitan","Stormy","Jam ",1,"N",10
20,"Snack ",27,4,4.9,"motorcycle",1,"No","Urban","Sunny","High ",1,"N",15
27,"Drinks ",37,21,4.6,"motorcycle",0,"No","Urban","Stormy","Low ",1,"Y",5
33,"Meal ",26,7,5,"scooter",0,"No","Metropolitan","Sandstorms","Jam ",1,"N",10
25,"Snack ",27,9,4.9,"motorcycle",0,"No","Metropolitan","Stormy","Jam ",0,"N",10
21,"Meal ",20,9,4.7,"electric_scooter",2,"No","Metropolitan","Stormy","Low ",0,"N",15
22,"Snack ",27,1,4.8,"motorcycle",1,"No","Urban","Sunny","Jam",1,"N",10
19,"Snack ",26,5,4.7,"motorcycle",1,"No","Urban","Sunny","High",1,"N",10
21,"Buffet ",25,23,4.7,"motorcycle",2,"No","Metropolitan","Windy","Low ",1,"N",10
29,"Snack ",33,18,4.6,"motorcycle",2,"No","Metropolitan","Fog","Jam ",1,"Y",10
10,"Snack ",23,1,4.7,"scooter",2,"No","Metropolitan","Sunny","Medium",0,"Y",15
35,"Buffet ",27,3,4.6,"scooter",2,"No","Metropolitan","Cloudy","Jam ",2,"Y",15
23,"Snack ",33,23,4.7,"electric_scooter",0,"No","Metropolitan","Sunny","Low ",1,"N",15
37,"Meal ",36,11,4.4,"electric_scooter",1,"No","Urban","Sandstorms","Jam ",1,"Y",10
51,"Drinks ",35,11,4,"scooter",0,"No","Urban","Stormy","Jam ",1,"N",5
33,"Buffet ",39,18,5,"scooter",1,"No","Metropolitan","Fog","High ",1,"N",15
16,"Drinks ",39,23,4.6,"motorcycle",1,"No","Semi-Urban","Fog","Low ",0,"N",5
17,"Snack ",27,22,4.5,"scooter",2,"No","Metropolitan","Sunny","Medium",1,"N",15
34,"Drinks ",27,22,3.7,"scooter",1,"No","Metropolitan","Sandstorms","Medium",1,"N",10
54,"Buffet ",22,6,4.6,"electric_scooter",0,"No","Metropolitan","Windy","Jam ",3,"N",5
29,"Snack ",33,13,4.7,"scooter",1,"No","Metropolitan","Windy","Jam ",0,"Y",15
32,"Buffet ",26,6,4.6,"electric_scooter",2,"No","Metropolitan","Fog","Jam ",1,"N",5
34,"Buffet ",37,6,4.2,"electric_scooter",2,"No","Metropolitan","Cloudy","Medium",1,"Y",10
35,"Buffet ",31,11,4.5,"scooter",0,"No","Metropolitan","Cloudy","Jam ",1,"N",10
30,"Snack ",29,5,4.3,"motorcycle",0,"No","Semi-Urban","Windy","Low",1,"N",5
15,"Meal ",31,13,4.7,"scooter",2,"No","Metropolitan","Sandstorms","Jam ",0,"N",10
19,"Snack ",33,1,4.7,"motorcycle",1,"No","Urban","Sunny","Low",1,"N",10
23,"Snack ",25,15,4.6,"motorcycle",0,"No","Urban","Sandstorms","Low",1,"N",5
26,"Snack ",35,21,4.6,"electric_scooter",1,"No","Metropolitan","Fog","Low ",1,"N",20
21,"Drinks ",21,22,4.9,"motorcycle",1,"No","Metropolitan","Fog","Low ",1,"N",5
37,"Drinks ",39,2,4.6,"motorcycle",0,"No","Semi-Urban","Fog","Medium",0,"N",10
22,"Snack ",34,23,4.8,"motorcycle",2,"No","Semi-Urban","Sunny","Jam",1,"N",10
42,"Snack ",24,17,4.7,"motorcycle",1,"No","Metropolitan","Cloudy","Medium",0,"N",15
25,"Snack ",34,16,4.7,"motorcycle",0,"No","Metropolitan","Stormy","High ",1,"N",10
21,"Snack ",32,15,5,"motorcycle",2,"No","Metropolitan","Sandstorms","Jam ",0,"N",15
18,"Snack ",34,9,4.6,"scooter",1,"No","Urban","Windy","Low ",1,"N",15
10,"Meal ",27,17,4.6,"motorcycle",2,"No","Urban","Fog","Low ",0,"N",10
31,"Drinks ",29,5,4.2,"scooter",2,"No","Urban","Fog","Low ",1,"N",15
33,"Buffet ",27,21,4.9,"motorcycle",2,"No","Semi-Urban","Fog","Medium",1,"Y",10
20,"Snack ",20,13,4.9,"motorcycle",0,"No","Urban","Sunny","Low ",0,"N",15
17,"Buffet ",36,5,4.8,"electric_scooter",2,"No","Urban","Sandstorms","Jam",0,"N",10
37,"Snack ",30,6,4.8,"motorcycle",0,"No","Metropolitan","Stormy","Jam ",1,"N",10
39,"Snack ",24,6,4.6,"motorcycle",0,"No","Metropolitan","Stormy","Jam ",1,"Y",15
36,"Snack ",23,16,4.6,"scooter",1,"No","Metropolitan","Cloudy","Jam ",1,"N",5
20,"Meal ",20,22,4.6,"scooter",0,"No","Semi-Urban","Fog","Low",0,"N",15
11,"Buffet ",39,2,4.6,"motorcycle",1,"No","Metropolitan","Windy","Jam ",0,"N",10
26,"Meal ",33,16,4.6,"motorcycle",2,"No","Urban","Stormy","Medium",1,"Y",5
24,"Meal ",36,15,4.8,"motorcycle",2,"No","Urban","Sunny","Low",1,"N",10
36,"Snack ",32,6,4.6,"motorcycle",0,"No","Metropolitan","Fog","Medium",1,"N",15
15,"Drinks ",27,18,4.7,"scooter",1,"No","Urban","Sunny","Jam",1,"N",10
36,"Meal ",26,3,4.9,"motorcycle",0,"No","Metropolitan","Cloudy","Jam ",1,"N",15
27,"Buffet ",33,3,4.7,"motorcycle",1,"No","Metropolitan","Stormy","Medium",1,"N",10
33,"Drinks ",33,17,4.1,"motorcycle",0,"No","Metropolitan","Windy","Low ",1,"Y",15
30,"Buffet ",32,22,5,"scooter",1,"No","Metropolitan","Fog","Medium",1,"N",5
21,"Snack ",33,15,5,"electric_scooter",0,"No","Urban","Fog","Medium",0,"N",10
26,"Buffet ",33,8,4.7,"electric_scooter",2,"No","Urban","Sandstorms","Low ",1,"N",10
25,"Snack ",26,19,4.7,"motorcycle",1,"No","Urban","Sandstorms","Jam",1,"N",15
31,"Meal ",38,3,4.3,"electric_scooter",0,"No","Urban","Windy","High",0,"N",5
24,"Meal ",37,16,5,"motorcycle",1,"No","Urban","Stormy","Low",1,"N",5
18,"Buffet ",24,23,4.9,"electric_scooter",1,"No","Metropolitan","Windy","Jam ",1,"N",15
21,"Buffet ",27,17,4.5,"electric_scooter",2,"No","Metropolitan","Stormy","Low ",0,"N",25
29,"Snack ",36,3,4.5,"motorcycle",0,"No","Metropolitan","Sandstorms","Low",0,"N",10
14,"Drinks ",36,6,4.8,"scooter",2,"No","Metropolitan","Fog","Low ",0,"N",5
26,"Buffet ",27,9,4.8,"scooter",2,"No","Metropolitan","Sunny","Jam ",0,"N",10
39,"Buffet ",31,9,4.9,"motorcycle",0,"No","Metropolitan","Stormy","Jam ",0,"Y",10
20,"Meal ",30,17,4.5,"scooter",2,"No","Semi-Urban","Sandstorms","Low",1,"N",5
39,"Buffet ",30,11,4.6,"motorcycle",0,"No","Urban","Stormy","Jam ",1,"N",15
16,"Drinks ",29,15,4.6,"scooter",1,"No","Urban","Windy","Low",1,"N",10
44,"Snack ",37,12,4.6,"motorcycle",0,"No","Semi-Urban","Cloudy","Jam ",2,"N",15
21,"Snack ",22,17,4.6,"motorcycle",0,"No","Metropolitan","Cloudy","Jam ",1,"N",5
47,"Buffet ",31,1,5,"motorcycle",1,"Yes","Urban","Fog","Jam",1,"N",15
22,"Drinks ",38,23,4.9,"motorcycle",2,"No","Metropolitan","Sandstorms","Jam ",1,"N",10
23,"Snack ",35,8,4.1,"motorcycle",0,"No","Urban","Sandstorms","Low ",1,"N",15
47,"Meal ",33,21,4.6,"motorcycle",0,"Yes","Metropolitan","Windy","Jam ",3,"N",10
25,"Meal ",28,19,4.8,"scooter",2,"No","Metropolitan","Stormy","Medium",1,"N",15
17,"Drinks ",21,23,4.8,"electric_scooter",2,"No","Urban","Stormy","Jam ",1,"N",5
29,"Drinks ",24,23,4.7,"motorcycle",1,"No","Semi-Urban","Stormy","Medium",1,"N",15
40,"Snack ",32,13,4.8,"scooter",0,"No","Metropolitan","Sandstorms","Medium",1,"N",10
22,"Buffet ",24,19,4.6,"scooter",1,"No","Semi-Urban","Fog","High ",1,"Y",5
22,"Buffet ",24,15,4.5,"motorcycle",0,"No","Metropolitan","Sunny","Medium",0,"Y",15
23,"Drinks ",26,19,4.8,"motorcycle",0,"No","Urban","Fog","Jam",1,"N",5
27,"Buffet ",37,8,4.8,"scooter",2,"No","Metropolitan","Fog","Low ",1,"Y",25
22,"Meal ",20,9,4.8,"electric_scooter",0,"No","Urban","Cloudy","Low ",1,"N",5
31,"Meal ",39,7,4.2,"motorcycle",1,"No","Semi-Urban","Sunny","Jam ",1,"N",10
19,"Buffet ",37,16,5,"scooter",1,"No","Metropolitan","Sunny","Medium",1,"N",15
19,"Snack ",33,19,4.6,"electric_scooter",1,"No","Metropolitan","Windy","Jam ",1,"N",15
33,"Meal ",35,2,4.2,"electric_scooter",0,"No","Urban","Stormy","Medium",0,"N",10
32,"Drinks ",25,11,3.9,"electric_scooter",2,"No","Metropolitan","Stormy","Low ",1,"Y",5
10,"Drinks ",25,21,4.6,"motorcycle",2,"No","Semi-Urban","Windy","Jam ",0,"Y",5
10,"Snack ",35,23,4.9,"motorcycle",1,"No","Urban","Sunny","Jam",0,"N",5
24,"Buffet ",22,14,4.7,"electric_scooter",2,"No","Metropolitan","Stormy","Low ",1,"Y",15
19,"Snack ",34,19,4.6,"electric_scooter",0,"No","Urban","Cloudy","Low",1,"N",15
42,"Buffet ",30,14,4.6,"electric_scooter",2,"No","Metropolitan","Fog","Jam ",1,"Y",10
13,"Snack ",26,9,4.7,"electric_scooter",2,"No","Metropolitan","Windy","Low ",0,"N",10
22,"Snack ",22,9,4.8,"scooter",2,"No","Metropolitan","Windy","Low ",0,"Y",15
24,"Drinks ",39,15,4.9,"scooter",2,"No","Urban","Windy","Medium",1,"N",10
28,"Snack ",29,14,4.6,"scooter",1,"No","Metropolitan","Stormy","Low ",1,"Y",10
24,"Drinks ",25,13,4.9,"motorcycle",1,"No","Urban","Sunny","Jam ",0,"Y",5
26,"Drinks ",32,13,4.7,"electric_scooter",2,"No","Metropolitan","Sunny","Low ",1,"N",15
11,"Meal ",33,6,4.7,"electric_scooter",2,"No","Metropolitan","Fog","Low ",1,"N",5
13,"Snack ",22,1,4.6,"scooter",1,"No","Urban","Sandstorms","Low",1,"Y",5
25,"Snack ",32,6,4.5,"electric_scooter",1,"No","Semi-Urban","Stormy","Low ",1,"N",10
46,"Meal ",34,4,4.3,"motorcycle",0,"Yes","Semi-Urban","Stormy","Jam ",0,"N",10
10,"Snack ",38,15,4.9,"scooter",2,"No","Semi-Urban","Sunny","Low ",1,"N",15
40,"Snack ",27,15,4.7,"scooter",2,"No","Metropolitan","Cloudy","Medium",2,"N",15
36,"Snack ",26,8,4.1,"motorcycle",2,"No","Metropolitan","Sunny","Medium",1,"N",15
17,"Meal ",24,13,5,"motorcycle",1,"No","Metropolitan","Sandstorms","Jam ",1,"Y",15
18,"Snack ",22,22,4.8,"scooter",2,"No","Metropolitan","Windy","Low ",0,"Y",10
37,"Buffet ",28,15,4.6,"motorcycle",0,"No","Metropolitan","Fog","Medium",1,"N",5
19,"Drinks ",24,18,4.8,"scooter",2,"No","Urban","Sunny","High",0,"Y",10
15,"Snack ",24,16,4.7,"scooter",2,"No","Urban","Fog","Medium",0,"N",5
21,"Buffet ",24,15,4.6,"scooter",2,"No","Urban","Stormy","Low",0,"Y",15
23,"Drinks ",39,8,4.6,"motorcycle",1,"No","Semi-Urban","Fog","High ",1,"N",5
23,"Snack ",27,5,4.6,"motorcycle",0,"No","Semi-Urban","Stormy","Low ",1,"Y",15
44,"Buffet ",38,22,4.9,"motorcycle",0,"No","Semi-Urban","Fog","Jam ",2,"N",10
29,"Snack ",36,22,5,"motorcycle",0,"No","Metropolitan","Stormy","Jam",1,"N",10
28,"Drinks ",28,23,4.8,"scooter",1,"No","Metropolitan","Sandstorms","Medium",1,"N",15
29,"Drinks ",31,11,4.7,"motorcycle",2,"No","Metropolitan","Windy","Medium",0,"N",15
24,"Snack ",38,2,4.6,"electric_scooter",1,"No","Semi-Urban","Sunny","Jam ",1,"N",10
30,"Snack ",24,9,4.8,"motorcycle",0,"No","Urban","Windy","Medium",1,"Y",5
16,"Buffet ",25,23,4.9,"electric_scooter",2,"No","Metropolitan","Fog","Low ",1,"N",10
12,"Buffet ",32,14,4.9,"motorcycle",1,"No","Metropolitan","Sandstorms","Low ",1,"N",20
21,"Snack ",35,19,4.6,"motorcycle",0,"No","Metropolitan","Sunny","Medium",1,"Y",10
14,"Buffet ",22,8,4.9,"scooter",2,"No","Metropolitan","Sandstorms","Low ",0,"N",5
16,"Drinks ",25,19,4.7,"motorcycle",1,"No","Metropolitan","Cloudy","Low ",1,"N",10
27,"Meal ",34,22,4.6,"scooter",2,"No","Urban","Stormy","Low",0,"N",10
13,"Buffet ",33,21,4.7,"motorcycle",1,"No","Metropolitan","Windy","Jam ",1,"N",10
24,"Buffet ",28,19,4.9,"motorcycle",1,"No","Metropolitan","Windy","Medium",1,"N",10
21,"Meal ",30,3,5,"motorcycle",0,"No","Semi-Urban","Fog","Medium",1,"N",15
30,"Snack ",20,23,4.6,"motorcycle",1,"No","Metropolitan","Fog","Jam ",1,"Y",15
27,"Snack ",22,22,4.5,"motorcycle",0,"No","Urban","Windy","Low ",1,"N",15
19,"Drinks ",27,21,4.8,"scooter",1,"No","Metropolitan","Stormy","Low ",0,"N",15
40,"Drinks ",37,2,3.9,"electric_scooter",0,"No","Metropolitan","Sunny","High ",1,"N",15
35,"Snack ",24,8,4.2,"motorcycle",0,"No","Metropolitan","Windy","Medium",1,"N",5
15,"Buffet ",23,22,4.9,"electric_scooter",2,"No","Urban","Stormy","Medium",1,"N",5
18,"Drinks ",30,1,4.8,"motorcycle",0,"No","Metropolitan","Sunny","Medium",1,"Y",5
18,"Drinks ",26,23,4.6,"scooter",2,"No","Metropolitan","Sunny","Medium",1,"Y",5
30,"Meal ",32,19,4.9,"motorcycle",2,"No","Metropolitan","Fog","Jam ",0,"Y",5
39,"Drinks ",36,1,4,"electric_scooter",1,"No","Metropolitan","Fog","Jam ",1,"N",10
42,"Meal ",33,14,4.3,"scooter",1,"No","Urban","Fog","Jam ",0,"Y",10
19,"Buffet ",32,15,4.9,"motorcycle",1,"No","Urban","Sunny","Low",0,"N",5
22,"Drinks ",38,17,4.9,"motorcycle",1,"No","Urban","Stormy","Low",0,"N",15
37,"Meal ",27,14,4.4,"scooter",1,"No","Metropolitan","Sandstorms","Jam ",1,"N",15
34,"Drinks ",34,2,4.1,"scooter",2,"No","Urban","Windy","High",1,"N",5
12,"Drinks ",39,21,5,"scooter",2,"No","Urban","Stormy","Low",0,"N",15
35,"Meal ",29,1,4.2,"scooter",1,"No","Metropolitan","Cloudy","Low ",0,"N",15
29,"Buffet ",27,15,4.8,"scooter",2,"No","Urban","Cloudy","Low",1,"N",25
36,"Meal ",38,22,4.9,"scooter",0,"No","Urban","Stormy","Jam",1,"N",5
29,"Meal ",29,13,4.6,"scooter",2,"No","Semi-Urban","Fog","Low ",1,"N",5
46,"Snack ",33,9,4.2,"scooter",0,"Yes","Metropolitan","Sunny","High ",2,"N",5
39,"Buffet ",20,7,4.3,"motorcycle",1,"No","Semi-Urban","Stormy","Jam ",1,"N",10
31,"Meal ",34,23,4.7,"scooter",1,"No","Semi-Urban","Windy","Jam ",1,"N",10
28,"Snack ",31,22,4.8,"motorcycle",1,"No","Metropolitan","Stormy","Jam ",0,"N",10
18,"Meal ",21,17,4.8,"scooter",2,"No","Metropolitan","Cloudy","Low ",1,"N",10
18,"Drinks ",28,16,4.9,"scooter",2,"No","Metropolitan","Windy","Low ",1,"N",15
21,"Drinks ",27,17,4.8,"motorcycle",0,"No","Metropolitan","Sunny","Medium",1,"N",10
28,"Snack ",24,14,4.7,"motorcycle",0,"No","Urban","Fog","Low ",1,"N",15
46,"Drinks ",21,22,5,"scooter",1,"No","Semi-Urban","Fog","Jam ",1,"N",5
20,"Drinks ",33,18,4.6,"motorcycle",1,"No","Urban","Windy","Medium",1,"N",10
19,"Buffet ",37,22,4.6,"scooter",1,"No","Metropolitan","Fog","Medium",0,"N",5
28,"Buffet ",33,19,5,"scooter",1,"No","Urban","Cloudy","High",1,"N",10
34,"Buffet ",37,6,4.2,"electric_scooter",2,"No","Metropolitan","Cloudy","Medium",1,"Y",10
13,"Buffet ",29,4,4.5,"electric_scooter",2,"No","Urban","Stormy","High",0,"N",15
19,"Buffet ",36,15,5,"motorcycle",1,"No","Semi-Urban","Stormy","Low ",1,"N",10
21,"Drinks ",32,18,4.4,"electric_scooter",0,"No","Urban","Stormy","Low ",0,"N",10
29,"Drinks ",24,22,4.8,"motorcycle",1,"No","Metropolitan","Windy","Medium",1,"N",15
26,"Meal ",33,9,4.5,"scooter",2,"No","Metropolitan","Sandstorms","High ",0,"N",15
17,"Buffet ",28,18,4.7,"scooter",2,"No","Metropolitan","Sunny","Low ",0,"Y",15
10,"Snack ",32,23,4.5,"electric_scooter",1,"No","Urban","Sandstorms","Low ",0,"N",5
39,"Drinks ",25,13,4.7,"motorcycle",1,"No","Metropolitan","Cloudy","Medium",1,"N",10
27,"Buffet ",38,13,4.5,"motorcycle",0,"No","Semi-Urban","Windy","Low ",1,"Y",15
21,"Meal ",32,4,4.5,"motorcycle",2,"No","Urban","Sandstorms","Jam",0,"N",10
47,"Buffet ",35,12,4.8,"scooter",1,"No","Urban","Cloudy","Jam ",2,"Y",5
23,"Buffet ",36,13,4.7,"scooter",1,"No","Semi-Urban","Sandstorms","Medium",1,"N",5
21,"Drinks ",37,15,4.9,"scooter",0,"No","Metropolitan","Sunny","Low ",0,"N",15
25,"Drinks ",38,18,5,"motorcycle",0,"No","Metropolitan","Fog","Medium",0,"N",5
26,"Meal ",31,22,4.6,"scooter",1,"No","Urban","Fog","High",0,"N",10
25,"Meal ",38,18,4.7,"motorcycle",0,"No","Metropolitan","Windy","Medium",1,"Y",15
31,"Meal ",37,2,4.3,"electric_scooter",2,"No","Urban","Windy","Jam",1,"N",10
15,"Drinks ",31,14,4.9,"scooter",2,"No","Metropolitan","Sunny","Medium",0,"N",10
29,"Buffet ",30,7,4.8,"motorcycle",1,"No","Metropolitan","Fog","Medium",1,"N",5
15,"Buffet ",33,7,5,"scooter",2,"No","Metropolitan","Sunny","High ",1,"N",10
11,"Snack ",38,23,4.8,"scooter",2,"No","Metropolitan","Stormy","Jam ",1,"N",15
34,"Buffet ",35,3,4.2,"electric_scooter",2,"No","Metropolitan","Fog","Jam ",1,"N",15
35,"Buffet ",32,23,4.7,"scooter",1,"No","Metropolitan","Sunny","Medium",1,"N",10
19,"Meal ",39,23,4.9,"motorcycle",0,"No","Semi-Urban","Cloudy","Low ",1,"N",10
38,"Snack ",30,23,4.6,"scooter",1,"No","Metropolitan","Cloudy","Jam ",0,"N",15
28,"Meal ",29,16,5,"electric_scooter",0,"No","Urban","Sunny","Low ",0,"N",5
32,"Buffet ",35,3,4,"motorcycle",0,"No","Metropolitan","Cloudy","Jam ",1,"Y",15
44,"Drinks ",34,16,4.7,"scooter",1,"Yes","Urban","Sandstorms","Jam",1,"Y",10
25,"Meal ",37,12,4.7,"electric_scooter",1,"No","Metropolitan","Stormy","Jam ",1,"N",5
41,"Drinks ",38,3,4.5,"electric_scooter",0,"No","Urban","Sunny","Jam",0,"N",10
19,"Drinks ",24,19,4.9,"scooter",1,"No","Metropolitan","Fog","Medium",0,"N",5
28,"Drinks ",22,15,4.9,"scooter",2,"No","Metropolitan","Sandstorms","Jam ",1,"N",5
34,"Meal ",24,18,3.7,"electric_scooter",1,"No","Semi-Urban","Stormy","Jam ",1,"N",10
22,"Meal ",30,22,4.8,"motorcycle",0,"No","Metropolitan","Cloudy","Low",1,"Y",5
20,"Buffet ",27,22,4.6,"scooter",2,"No","Semi-Urban","Windy","Jam ",1,"Y",15
24,"Drinks ",27,14,4.9,"motorcycle",0,"No","Metropolitan","Cloudy","Low ",1,"N",15
14,"Meal ",28,19,4.8,"motorcycle",1,"No","Urban","Stormy","High",0,"N",5
26,"Drinks ",27,9,4.7,"motorcycle",1,"No","Metropolitan","Windy","High ",1,"N",5
25,"Meal ",33,4,4.6,"scooter",2,"No","Metropolitan","Fog","Jam ",0,"N",10
28,"Drinks ",21,9,4.5,"scooter",1,"No","Semi-Urban","Stormy","Low ",0,"N",5
18,"Drinks ",35,19,4.7,"electric_scooter",2,"No","Semi-Urban","Sunny","Low ",0,"Y",5
19,"Snack ",24,18,4.8,"scooter",1,"No","Urban","Sunny","Medium",1,"N",10
29,"Meal ",33,8,4.7,"scooter",2,"No","Metropolitan","Sunny","Low ",1,"N",20
25,"Snack ",21,14,4.5,"scooter",0,"No","Semi-Urban","Sunny","Low ",1,"N",15
13,"Snack ",22,21,4.6,"motorcycle",1,"No","Urban","Cloudy","Low",0,"N",15
29,"Meal ",37,23,4.8,"motorcycle",1,"No","Metropolitan","Sandstorms","Low",1,"N",15
34,"Meal ",37,8,4.8,"scooter",2,"No","Metropolitan","Cloudy","High ",0,"Y",5
22,"Meal ",38,12,4.8,"electric_scooter",1,"No","Metropolitan","Sunny","Jam ",1,"N",15
29,"Buffet ",24,21,4.5,"scooter",2,"No","Metropolitan","Fog","Low ",1,"Y",5
16,"Buffet ",36,15,4.6,"motorcycle",0,"No","Urban","Windy","Medium",0,"Y",5
22,"Buffet ",30,18,4.1,"motorcycle",0,"No","Metropolitan","Sandstorms","Low ",1,"N",15
51,"Drinks ",29,4,4.9,"scooter",0,"Yes","Metropolitan","Fog","Jam ",0,"N",10
25,"Drinks ",37,18,4.6,"motorcycle",1,"No","Urban","Windy","Medium",1,"Y",15
34,"Drinks ",36,9,4.6,"motorcycle",1,"No","Metropolitan","Cloudy","Jam ",1,"N",10
26,"Meal ",27,15,4.7,"scooter",1,"No","Metropolitan","Sandstorms","Medium",1,"N",15
47,"Buffet ",29,21,4.8,"electric_scooter",2,"No","Urban","Fog","Jam",1,"N",10
16,"Snack ",34,16,5,"motorcycle",2,"No","Metropolitan","Sunny","Low ",0,"N",15
22,"Meal ",31,21,4.6,"scooter",2,"No","Urban","Stormy","Medium",1,"N",15
34,"Drinks ",38,13,4,"scooter",2,"No","Metropolitan","Cloudy","Medium",1,"N",15
47,"Snack ",24,23,4.5,"motorcycle",0,"No","Metropolitan","Fog","Jam ",1,"Y",15
24,"Drinks ",30,13,5,"motorcycle",0,"No","Metropolitan","Fog","Medium",1,"N",5
17,"Buffet ",26,15,4.7,"motorcycle",0,"No","Semi-Urban","Fog","Low",1,"N",15
18,"Meal ",39,5,4.6,"electric_scooter",2,"No","Semi-Urban","Fog","Medium",1,"N",5
22,"Snack ",31,9,4.6,"electric_scooter",2,"No","Metropolitan","Fog","High ",1,"N",5
26,"Snack ",30,15,4.9,"electric_scooter",2,"No","Metropolitan","Sandstorms","Low ",0,"N",5
19,"Meal ",31,17,4.6,"motorcycle",1,"No","Semi-Urban","Cloudy","Low ",0,"N",15
22,"Snack ",36,9,4.8,"motorcycle",1,"No","Metropolitan","Windy","Low ",0,"N",5
36,"Meal ",37,3,4.1,"scooter",1,"No","Metropolitan","Sandstorms","Medium",0,"Y",5
32,"Snack ",28,6,4.1,"motorcycle",1,"No","Semi-Urban","Fog","High ",1,"N",5
24,"Meal ",23,16,4.6,"scooter",1,"No","Urban","Cloudy","Low",1,"N",5
20,"Meal ",21,18,4.9,"scooter",1,"No","Semi-Urban","Sunny","Jam ",0,"N",5
15,"Snack ",35,23,4.8,"scooter",1,"No","Urban","Stormy","Low",1,"N",15
26,"Buffet ",32,3,4.7,"motorcycle",1,"No","Metropolitan","Cloudy","Low ",0,"N",10
28,"Drinks ",34,21,4.7,"scooter",1,"No","Metropolitan","Stormy","Jam",1,"N",10
17,"Drinks ",35,23,4.6,"electric_scooter",2,"No","Semi-Urban","Sunny","Low ",1,"N",15
44,"Meal ",39,6,4.1,"scooter",1,"No","Metropolitan","Stormy","Jam ",1,"Y",5
22,"Buffet ",23,9,4.7,"scooter",1,"No","Metropolitan","Sandstorms","High ",0,"Y",5
34,"Buffet ",34,9,4.1,"scooter",1,"No","Semi-Urban","Cloudy","Medium",1,"N",15
24,"Buffet ",28,12,4.5,"motorcycle",2,"No","Metropolitan","Sandstorms","Jam ",1,"N",15
22,"Meal ",37,23,4.7,"motorcycle",1,"No","Metropolitan","Sunny","Jam ",1,"Y",5
23,"Snack ",24,21,4.6,"scooter",0,"No","Metropolitan","Cloudy","Jam ",0,"N",15
41,"Buffet ",28,21,4.9,"motorcycle",2,"No","Urban","Cloudy","Jam",2,"Y",15
23,"Meal ",39,19,4.6,"motorcycle",0,"No","Semi-Urban","Windy","Low ",0,"Y",5
27,"Snack ",31,23,4.9,"electric_scooter",1,"No","Metropolitan","Windy","Medium",1,"N",10
34,"Meal ",32,11,4.2,"motorcycle",2,"No","Metropolitan","Stormy","Medium",0,"Y",10
30,"Drinks ",31,16,5,"motorcycle",2,"No","Metropolitan","Stormy","Medium",1,"N",15
23,"Drinks ",34,22,4.8,"motorcycle",0,"No","Metropolitan","Cloudy","Low ",1,"Y",15
17,"Drinks ",30,23,4.8,"scooter",1,"No","Urban","Stormy","Medium",0,"Y",5
24,"Buffet ",35,19,4.4,"motorcycle",0,"No","Urban","Stormy","Low ",1,"Y",15
36,"Meal ",37,12,4.6,"scooter",2,"No","Metropolitan","Sunny","Medium",1,"Y",10
13,"Snack ",30,15,5,"scooter",1,"No","Metropolitan","Stormy","Low ",0,"N",15
29,"Snack ",33,19,4.7,"scooter",2,"No","Metropolitan","Sandstorms","Medium",1,"N",10
52,"Buffet ",33,15,4.6,"scooter",0,"No","Urban","Sandstorms","Jam",1,"N",10
20,"Buffet ",36,18,4.9,"electric_scooter",1,"No","Metropolitan","Windy","Jam ",1,"N",15
33,"Drinks ",21,7,4.1,"scooter",2,"No","Metropolitan","Windy","Jam ",0,"N",10
17,"Snack ",21,6,4.7,"electric_scooter",2,"No","Metropolitan","Sandstorms","Low ",1,"N",15
39,"Drinks ",26,16,4.6,"motorcycle",0,"No","Urban","Windy","Jam",1,"N",15
18,"Snack ",33,12,4.9,"scooter",2,"No","Metropolitan","Cloudy","Low ",0,"N",10
19,"Drinks ",31,21,4.9,"electric_scooter",1,"No","Metropolitan","Sunny","Jam ",1,"N",10
42,"Buffet ",29,14,4.7,"motorcycle",0,"Yes","Metropolitan","Sandstorms","Jam ",2,"Y",15
32,"Drinks ",20,4,4.2,"motorcycle",0,"No","Metropolitan","Stormy","High ",1,"N",5
39,"Meal ",27,3,4.2,"motorcycle",0,"No","Metropolitan","Stormy","High ",2,"N",10
19,"Buffet ",37,6,4.7,"scooter",2,"No","Metropolitan","Sunny","Low ",1,"N",15
12,"Drinks ",22,22,4.7,"electric_scooter",1,"No","Metropolitan","Sunny","Jam ",0,"N",5
16,"Meal ",23,1,4.5,"motorcycle",1,"No","Metropolitan","Stormy","Medium",1,"Y",10
36,"Snack ",26,5,5,"scooter",2,"No","Semi-Urban","Stormy","Medium",1,"N",10
21,"Meal ",22,18,5,"motorcycle",0,"No","Metropolitan","Windy","Medium",1,"Y",15
13,"Meal ",32,4,4.5,"motorcycle",1,"No","Urban","Stormy","Low",1,"N",15
18,"Buffet ",27,14,4.9,"electric_scooter",1,"No","Metropolitan","Sandstorms","Jam ",1,"N",10
20,"Meal ",38,19,4.7,"motorcycle",1,"No","Urban","Cloudy","Low",1,"N",10
18,"Drinks ",39,21,4.5,"scooter",2,"No","Semi-Urban","Sunny","Jam ",0,"Y",10
29,"Snack ",33,9,4.8,"motorcycle",1,"No","Semi-Urban","Windy","Medium",0,"N",5
22,"Buffet ",31,17,4.7,"electric_scooter",2,"No","Metropolitan","Sunny","Medium",1,"N",15
21,"Snack ",22,18,4.9,"motorcycle",0,"No","Urban","Sandstorms","High",0,"N",15
25,"Snack ",25,14,4.6,"scooter",2,"No","Metropolitan","Windy","Medium",1,"N",15
30,"Snack ",35,3,4.6,"motorcycle",1,"No","Semi-Urban","Sunny","Jam ",0,"N",5
18,"Buffet ",34,18,4.6,"scooter",2,"No","Urban","Sunny","High",0,"Y",5
21,"Meal ",36,21,4.5,"motorcycle",0,"No","Metropolitan","Sandstorms","Low ",0,"Y",10
21,"Meal ",28,18,4.5,"scooter",2,"No","Metropolitan","Fog","Jam ",1,"N",5
22,"Snack ",30,3,4.4,"motorcycle",0,"No","Urban","Stormy","Low",0,"Y",5
24,"Meal ",28,15,4.7,"motorcycle",2,"No","Metropolitan","Sandstorms","Medium",1,"N",15
12,"Buffet ",35,23,5,"electric_scooter",2,"No","Urban","Windy","Low",0,"Y",20
23,"Snack ",39,6,4.5,"scooter",0,"No","Urban","Fog","Low",0,"Y",10
42,"Buffet ",35,18,4.9,"motorcycle",0,"Yes","Urban","Cloudy","Medium",0,"Y",15
23,"Meal ",28,23,4.5,"motorcycle",1,"No","Metropolitan","Sunny","Medium",0,"Y",15
19,"Snack ",24,16,4.5,"motorcycle",1,"No","Metropolitan","Fog","Low ",0,"Y",10
13,"Meal ",39,7,4.6,"scooter",1,"No","Metropolitan","Sandstorms","Low ",0,"N",10
26,"Snack ",25,9,4.6,"scooter",2,"No","Metropolitan","Stormy","High ",1,"N",10
32,"Drinks ",37,2,4.4,"electric_scooter",2,"No","Semi-Urban","Stormy","High ",1,"Y",15
17,"Drinks ",29,21,4.7,"electric_scooter",1,"No","Metropolitan","Fog","Low",0,"N",5
31,"Drinks ",39,1,4.2,"motorcycle",0,"No","Metropolitan","Stormy","Low ",0,"N",10
11,"Buffet ",21,5,4.8,"motorcycle",1,"No","Metropolitan","Fog","Low ",0,"N",10
31,"Snack ",20,17,4.3,"motorcycle",2,"No","Urban","Stormy","High",1,"N",10
53,"Buffet ",25,14,4.9,"scooter",0,"Yes","Metropolitan","Fog","Jam ",1,"N",5
15,"Meal ",30,3,4.2,"motorcycle",0,"No","Urban","Sandstorms","Low",1,"N",5
22,"Buffet ",22,21,4.8,"electric_scooter",0,"No","Semi-Urban","Sunny","Low ",0,"N",5
16,"Buffet ",20,4,5,"electric_scooter",2,"No","Urban","Sandstorms","Low ",1,"Y",15
31,"Drinks ",23,21,4.6,"scooter",0,"No","Urban","Stormy","Medium",1,"Y",5
41,"Buffet ",30,21,4.9,"scooter",0,"No","Urban","Fog","Jam",0,"N",10
27,"Meal ",27,3,4.6,"scooter",2,"No","Metropolitan","Sandstorms","Jam ",1,"N",5
22,"Drinks ",20,21,4.7,"scooter",2,"No","Metropolitan","Windy","High ",0,"N",15
28,"Snack ",35,15,4.8,"scooter",0,"No","Urban","Windy","Jam",1,"Y",5
21,"Snack ",29,18,4.7,"scooter",2,"No","Urban","Windy","Low ",1,"N",15
46,"Meal ",33,3,4.4,"motorcycle",0,"No","Metropolitan","Sunny","High ",2,"N",10
29,"Meal ",26,17,4.8,"motorcycle",2,"No","Urban","Stormy","Medium",1,"Y",5
40,"Drinks ",22,4,4.6,"electric_scooter",1,"No","Metropolitan","Cloudy","Medium",1,"Y",15
25,"Drinks ",32,23,4.9,"motorcycle",1,"No","Metropolitan","Stormy","Jam ",0,"N",5
42,"Drinks ",29,5,4.2,"electric_scooter",1,"No","Urban","Cloudy","Medium",2,"Y",10
35,"Drinks ",23,16,4.6,"scooter",1,"No","Metropolitan","Cloudy","Jam ",0,"N",15
29,"Snack ",28,15,5,"motorcycle",1,"No","Semi-Urban","Fog","Low ",1,"Y",5
32,"Meal ",35,2,4.1,"motorcycle",2,"No","Urban","Sandstorms","Jam",1,"N",10
29,"Drinks ",25,2,4.7,"motorcycle",0,"No","Urban","Windy","Medium",1,"N",15
38,"Snack ",37,1,4,"motorcycle",0,"No","Metropolitan","Stormy","Medium",2,"N",5
30,"Drinks ",35,23,4.8,"motorcycle",1,"No","Urban","Stormy","High",1,"Y",5
19,"Drinks ",23,21,4.5,"motorcycle",0,"No","Metropolitan","Sandstorms","Low ",1,"N",10
14,"Drinks ",26,16,4.7,"scooter",2,"No","Urban","Sandstorms","High",1,"N",15
29,"Meal ",25,16,4.6,"motorcycle",2,"No","Urban","Stormy","Low",1,"Y",5
37,"Snack ",32,5,5,"motorcycle",0,"No","Urban","Fog","Jam ",2,"N",5
20,"Meal ",38,23,4.7,"electric_scooter",2,"No","Urban","Windy","High",1,"N",5
16,"Meal ",28,16,4.9,"scooter",1,"No","Metropolitan","Sandstorms","Low ",1,"N",5
33,"Snack ",20,13,4.9,"motorcycle",2,"No","Urban","Windy","Jam ",1,"N",5
24,"Snack ",27,22,4.8,"motorcycle",0,"No","Metropolitan","Stormy","High ",1,"N",10
53,"Snack ",21,9,4.6,"motorcycle",0,"No","Metropolitan","Fog","Jam ",1,"N",15
24,"Snack ",23,15,4.8,"motorcycle",0,"No","Urban","Stormy","Low",1,"N",10
30,"Snack ",29,9,4.3,"motorcycle",0,"No","Metropolitan","Stormy","Low ",1,"N",15
16,"Drinks ",28,21,4.7,"scooter",1,"No","Semi-Urban","Sunny","Low",0,"Y",15
17,"Meal ",36,18,4.8,"motorcycle",2,"No","Urban","Stormy","Low",1,"N",20
29,"Drinks ",24,17,4.8,"scooter",1,"No","Metropolitan","Cloudy","Jam ",1,"N",5
19,"Snack ",25,12,4.7,"motorcycle",0,"No","Metropolitan","Stormy","Low ",0,"Y",15
23,"Buffet ",33,23,4.8,"motorcycle",1,"No","Metropolitan","Windy","Jam ",1,"N",10
47,"Snack ",33,22,4.4,"motorcycle",0,"No","Semi-Urban","Sunny","High ",1,"N",10
28,"Snack ",22,23,4.9,"electric_scooter",1,"No","Metropolitan","Sandstorms","Jam ",1,"N",5
15,"Drinks ",28,9,4.7,"electric_scooter",2,"No","Metropolitan","Stormy","Low ",1,"N",15
10,"Snack ",20,16,4.6,"motorcycle",1,"No","Urban","Fog","Low",0,"Y",25
35,"Buffet ",33,9,4.8,"motorcycle",0,"No","Metropolitan","Windy","Medium",1,"N",5
34,"Drinks ",24,9,4,"scooter",2,"No","Metropolitan","Cloudy","Jam ",1,"N",5
21,"Snack ",25,23,4.9,"electric_scooter",0,"No","Urban","Cloudy","Low",1,"N",5
19,"Buffet ",26,9,4.7,"electric_scooter",1,"No","Metropolitan","Sunny","Jam ",0,"N",10
21,"Drinks ",37,14,4.5,"motorcycle",0,"No","Metropolitan","Sandstorms","High ",1,"N",15
17,"Meal ",35,23,4.9,"scooter",0,"No","Urban","Cloudy","Low",0,"Y",15
33,"Drinks ",33,22,4.4,"motorcycle",0,"No","Semi-Urban","Stormy","High ",1,"N",5
19,"Buffet ",32,19,4.9,"scooter",1,"No","Urban","Sunny","Low ",1,"N",10
15,"Snack ",22,15,4.8,"scooter",2,"No","Semi-Urban","Fog","Low ",0,"N",10
38,"Buffet ",21,7,4.2,"scooter",2,"No","Metropolitan","Fog","Medium",1,"N",15
17,"Buffet ",38,21,5,"scooter",1,"No","Semi-Urban","Sandstorms","Low ",1,"N",30
15,"Buffet ",29,21,4.7,"motorcycle",0,"No","Metropolitan","Sunny","Jam ",1,"N",15
19,"Buffet ",38,23,4.7,"scooter",1,"No","Urban","Cloudy","Medium",1,"N",15
13,"Meal ",22,16,4.8,"electric_scooter",1,"No","Metropolitan","Stormy","Low ",1,"N",15
24,"Buffet ",25,22,4.8,"motorcycle",0,"No","Metropolitan","Fog","Jam",1,"N",15
41,"Meal ",24,13,4.7,"motorcycle",0,"No","Urban","Stormy","Jam ",2,"N",15
24,"Drinks ",32,1,4.5,"motorcycle",0,"No","Urban","Stormy","Jam",1,"Y",15
23,"Snack ",26,18,4.7,"motorcycle",0,"No","Metropolitan","Sandstorms","Low ",1,"N",15
11,"Meal ",34,21,4.8,"scooter",2,"No","Metropolitan","Fog","Medium",0,"N",5
34,"Meal ",27,13,5,"electric_scooter",0,"No","Metropolitan","Stormy","High ",0,"N",5
24,"Buffet ",31,23,4.9,"motorcycle",1,"No","Metropolitan","Stormy","Jam ",0,"N",10
39,"Meal ",29,8,4.6,"motorcycle",0,"No","Urban","Stormy","Medium",0,"Y",5
24,"Buffet ",36,14,4.4,"scooter",0,"No","Metropolitan","Windy","Low ",0,"N",5
33,"Snack ",37,5,4.9,"scooter",1,"No","Metropolitan","Stormy","Jam ",0,"Y",5
33,"Drinks ",25,4,4.7,"motorcycle",0,"No","Semi-Urban","Windy","Jam ",0,"N",5
40,"Buffet ",33,12,4.5,"electric_scooter",0,"No","Urban","Fog","Medium",1,"Y",10
38,"Drinks ",26,22,4.4,"electric_scooter",0,"No","Metropolitan","Stormy","Medium",2,"N",10
51,"Buffet ",27,9,4.9,"motorcycle",0,"No","Semi-Urban","Sandstorms","Jam ",1,"N",5
30,"Drinks ",28,6,4.6,"scooter",2,"No","Metropolitan","Cloudy","Medium",1,"N",15
19,"Buffet ",22,14,4.7,"motorcycle",2,"No","Metropolitan","Sandstorms","Low ",0,"N",20
31,"Snack ",28,22,5,"motorcycle",0,"No","Metropolitan","Cloudy","High ",1,"Y",10
35,"Buffet ",35,2,3.6,"electric_scooter",1,"No","Metropolitan","Sandstorms","Medium",1,"N",15
44,"Buffet ",25,9,4.8,"motorcycle",0,"No","Urban","Cloudy","Medium",2,"N",5
24,"Drinks ",24,17,4.7,"electric_scooter",2,"No","Metropolitan","Sunny","Medium",1,"N",10
27,"Buffet ",25,21,5,"scooter",1,"No","Urban","Stormy","Low ",1,"N",5
20,"Meal ",22,22,4.7,"motorcycle",0,"No","Metropolitan","Fog","High ",1,"N",5
28,"Snack ",37,13,4.7,"motorcycle",0,"No","Metropolitan","Fog","Jam ",1,"N",15
24,"Buffet ",25,23,5,"scooter",2,"No","Urban","Cloudy","Low",1,"Y",10
31,"Meal ",25,3,4.2,"electric_scooter",2,"No","Metropolitan","Fog","Medium",1,"N",5
38,"Meal ",32,23,4.6,"electric_scooter",2,"No","Metropolitan","Cloudy","Jam ",1,"N",5
24,"Snack ",26,17,4.8,"motorcycle",2,"No","Urban","Cloudy","Low",1,"N",5
38,"Drinks ",21,16,4.6,"motorcycle",0,"No","Metropolitan","Sandstorms","Jam",1,"Y",15
20,"Meal ",22,18,4.9,"electric_scooter",2,"No","Metropolitan","Windy","Jam ",1,"N",5
18,"Snack ",37,22,4.7,"motorcycle",1,"No","Urban","Sunny","Jam",1,"N",15
21,"Meal ",32,22,4.5,"electric_scooter",0,"No","Metropolitan","Stormy","Low ",1,"N",5
52,"Drinks ",27,13,4.6,"electric_scooter",0,"No","Metropolitan","Cloudy","Jam ",2,"N",5
13,"Meal ",25,8,4.9,"motorcycle",1,"No","Metropolitan","Sunny","Jam ",0,"Y",10
16,"Drinks ",35,22,4.9,"motorcycle",0,"No","Metropolitan","Windy","Low ",1,"Y",5
25,"Snack ",32,23,4.8,"scooter",1,"No","Metropolitan","Sandstorms","Medium",0,"N",5
33,"Buffet ",29,8,5,"scooter",1,"No","Semi-Urban","Fog","High ",1,"N",15
17,"Drinks ",30,6,4.7,"electric_scooter",2,"No","Urban","Fog","Medium",0,"Y",10
44,"Snack ",21,15,4.9,"electric_scooter",2,"Yes","Metropolitan","Sunny","Medium",1,"N",15
23,"Snack ",25,13,4.5,"motorcycle",1,"No","Metropolitan","Windy","Medium",1,"N",15
39,"Snack ",20,9,4.9,"motorcycle",0,"No","Metropolitan","Fog","Medium",1,"Y",15
42,"Meal ",27,21,4.8,"motorcycle",0,"No","Metropolitan","Fog","Medium",1,"N",10
22,"Drinks ",38,9,4.9,"electric_scooter",2,"No","Metropolitan","Stormy","Medium",0,"N",15
36,"Buffet ",34,1,4.9,"electric_scooter",1,"No","Metropolitan","Cloudy","Jam ",1,"N",10
25,"Meal ",23,19,4.8,"electric_scooter",2,"No","Metropolitan","Stormy","Jam ",1,"N",15
20,"Buffet ",24,22,4.7,"scooter",0,"No","Metropolitan","Fog","High",1,"N",5
21,"Buffet ",38,18,4.6,"electric_scooter",1,"No","Urban","Sandstorms","Medium",0,"N",10
26,"Drinks ",38,21,4.8,"motorcycle",0,"No","Urban","Windy","Medium",1,"N",10
44,"Buffet ",37,21,4.6,"scooter",0,"No","Urban","Cloudy","Medium",0,"Y",5
27,"Snack ",37,15,4.5,"motorcycle",2,"No","Metropolitan","Stormy","Jam ",1,"N",15
24,"Buffet ",22,15,4.8,"electric_scooter",2,"No","Metropolitan","Sunny","High ",1,"N",15
33,"Drinks ",23,8,4.3,"motorcycle",0,"No","Metropolitan","Fog","Medium",1,"N",5
17,"Meal ",31,17,4.7,"electric_scooter",2,"No","Metropolitan","Sandstorms","Low ",0,"N",10
19,"Drinks ",29,23,5,"motorcycle",1,"No","Metropolitan","Stormy","Low ",1,"N",15
30,"Meal ",27,9,5,"scooter",2,"No","Semi-Urban","Cloudy","Jam ",1,"N",15
18,"Drinks ",38,23,4.9,"scooter",1,"No","Urban","Sunny","High",1,"N",15
19,"Drinks ",23,2,4.9,"motorcycle",2,"No","Urban","Sunny","Jam",1,"N",10
39,"Drinks ",20,16,4.6,"motorcycle",2,"No","Metropolitan","Fog","Jam ",0,"N",5
31,"Drinks ",29,21,4.7,"scooter",2,"No","Metropolitan","Windy","Jam ",1,"N",10
34,"Drinks ",28,15,4.7,"scooter",1,"No","Urban","Cloudy","Jam ",1,"N",5
15,"Drinks ",24,9,4.7,"motorcycle",0,"No","Metropolitan","Stormy","Jam ",1,"Y",10
41,"Snack ",21,21,4.9,"scooter",0,"No","Metropolitan","Fog","Jam",1,"N",15
27,"Meal ",30,13,4.7,"electric_scooter",2,"No","Metropolitan","Stormy","Medium",1,"Y",5
15,"Meal ",22,14,4.5,"scooter",2,"No","Metropolitan","Sunny","Jam ",0,"N",5
20,"Buffet ",38,17,4.7,"motorcycle",1,"No","Metropolitan","Cloudy","Low ",1,"N",15
24,"Snack ",25,16,4.8,"motorcycle",1,"No","Metropolitan","Fog","High ",1,"Y",15
26,"Snack ",25,12,4.6,"electric_scooter",1,"No","Metropolitan","Fog","Low ",1,"Y",5
27,"Drinks ",31,18,4.7,"electric_scooter",2,"No","Metropolitan","Sandstorms","Jam ",1,"Y",10
21,"Buffet ",28,22,4.7,"scooter",2,"No","Metropolitan","Sandstorms","Jam ",1,"N",15
19,"Snack ",33,18,4.8,"motorcycle",2,"No","Urban","Stormy","Jam",1,"Y",5
30,"Buffet ",29,23,4.5,"motorcycle",0,"No","Metropolitan","Stormy","Medium",1,"Y",5
24,"Snack ",39,21,4.8,"scooter",1,"No","Metropolitan","Cloudy","Low ",1,"N",5
24,"Drinks ",31,9,4.7,"motorcycle",0,"No","Metropolitan","Sunny","Medium",1,"N",5
25,"Drinks ",37,23,5,"motorcycle",1,"No","Metropolitan","Sandstorms","Medium",1,"N",10
26,"Drinks ",33,21,5,"scooter",1,"No","Semi-Urban","Stormy","Jam",1,"N",10
24,"Meal ",37,22,4.7,"motorcycle",0,"No","Metropolitan","Sunny","High ",1,"Y",10
21,"Buffet ",25,12,4.9,"scooter",2,"No","Semi-Urban","Sunny","Low ",0,"N",5
33,"Meal ",29,23,4.3,"scooter",1,"No","Urban","Sandstorms","High ",1,"N",15
10,"Buffet ",24,23,4.7,"motorcycle",2,"No","Urban","Stormy","Low",0,"N",5
15,"Snack ",20,21,4.8,"scooter",1,"No","Metropolitan","Windy","Jam ",0,"N",10
18,"Drinks ",28,2,4.1,"motorcycle",0,"No","Metropolitan","Windy","Low ",1,"Y",5
17,"Drinks ",30,17,4.9,"scooter",2,"No","Metropolitan","Sunny","Low ",0,"Y",10
28,"Meal ",35,15,4.7,"motorcycle",0,"No","Semi-Urban","Sandstorms","Low ",0,"N",10
26,"Snack ",28,23,4.8,"electric_scooter",1,"No","Metropolitan","Sandstorms","High ",1,"N",15
38,"Drinks ",25,11,4.8,"electric_scooter",0,"No","Metropolitan","Cloudy","Medium",1,"Y",10
39,"Meal ",25,7,4,"scooter",0,"No","Metropolitan","Sunny","Medium",1,"N",10
15,"Buffet ",37,22,4.8,"scooter",0,"No","Semi-Urban","Windy","Low ",0,"Y",15
30,"Meal ",36,14,4.5,"motorcycle",1,"No","Urban","Windy","Jam ",1,"Y",10
12,"Snack ",33,15,4.9,"motorcycle",1,"No","Metropolitan","Windy","Low ",0,"N",10
15,"Snack ",33,18,4.9,"motorcycle",1,"No","Metropolitan","Sunny","Low ",0,"N",5
51,"Meal ",22,9,4.9,"electric_scooter",0,"Yes","Metropolitan","Windy","Jam ",2,"Y",15
36,"Snack ",23,7,4.4,"motorcycle",2,"No","Semi-Urban","Sandstorms","Medium",1,"Y",10
45,"Snack ",23,12,4.4,"motorcycle",0,"No","Semi-Urban","Stormy","High ",1,"N",15
26,"Drinks ",22,3,4.8,"scooter",1,"No","Semi-Urban","Fog","High",0,"N",5
18,"Buffet ",31,23,4.5,"motorcycle",2,"No","Semi-Urban","Fog","Low ",0,"N",15
33,"Snack ",28,3,4,"motorcycle",0,"No","Metropolitan","Sandstorms","Jam ",1,"Y",15
36,"Drinks ",32,19,4,"motorcycle",0,"No","Metropolitan","Stormy","Jam ",1,"N",5
12,"Meal ",34,9,4.8,"motorcycle",1,"No","Metropolitan","Sunny","Low ",1,"Y",15
35,"Buffet ",32,6,4.3,"electric_scooter",0,"No","Metropolitan","Sandstorms","High ",1,"N",5
14,"Buffet ",25,22,4.6,"scooter",2,"No","Urban","Stormy","Jam",0,"N",10
18,"Drinks ",32,23,4.8,"scooter",2,"No","Urban","Fog","Medium",0,"N",10
14,"Snack ",28,18,4.7,"motorcycle",2,"No","Urban","Windy","Jam",0,"N",5
29,"Drinks ",38,18,4.8,"electric_scooter",2,"No","Urban","Cloudy","Low",1,"N",15
43,"Snack ",35,2,3.8,"motorcycle",2,"Yes","Urban","Stormy","Jam",1,"N",10
23,"Drinks ",37,15,5,"scooter",2,"No","Urban","Sunny","Low ",1,"Y",10
12,"Drinks ",27,9,4.9,"electric_scooter",1,"No","Urban","Sunny","Low ",0,"N",5
18,"Snack ",24,15,4.8,"scooter",1,"No","Metropolitan","Sunny","High ",1,"N",15
26,"Drinks ",33,9,4.9,"scooter",2,"No","Semi-Urban","Stormy","Jam ",0,"Y",15
28,"Buffet ",26,21,4.8,"motorcycle",0,"No","Urban","Stormy","Low",1,"N",5
21,"Drinks ",39,13,4.7,"motorcycle",0,"No","Metropolitan","Windy","High ",0,"N",5
10,"Meal ",38,21,4.7,"electric_scooter",2,"No","Urban","Sunny","Jam",0,"Y",15
44,"Snack ",24,9,4.6,"motorcycle",2,"No","Metropolitan","Cloudy","Jam ",2,"N",10
20,"Drinks ",28,4,4.2,"motorcycle",0,"No","Urban","Windy","Low",0,"Y",5
28,"Drinks ",24,21,4.8,"electric_scooter",0,"No","Metropolitan","Stormy","Low ",1,"N",5
24,"Meal ",35,12,5,"motorcycle",1,"No","Metropolitan","Sunny","Low ",0,"N",5
11,"Buffet ",39,22,4.8,"motorcycle",1,"No","Urban","Sunny","High",0,"N",15
26,"Drinks ",22,13,5,"motorcycle",1,"No","Metropolitan","Windy","Jam ",0,"N",5
23,"Buffet ",34,18,4.7,"motorcycle",0,"No","Urban","Fog","Jam",1,"N",15
27,"Snack ",20,21,4.9,"electric_scooter",2,"No","Urban","Cloudy","High",1,"N",10
28,"Buffet ",36,22,4.7,"scooter",1,"No","Urban","Windy","Low",1,"N",5
15,"Buffet ",25,23,5,"motorcycle",0,"No","Urban","Sunny","Medium",0,"N",15
32,"Drinks ",37,17,4.8,"motorcycle",0,"No","Metropolitan","Fog","Medium",0,"Y",10
15,"Drinks ",34,15,4.7,"scooter",1,"No","Urban","Sunny","Medium",1,"N",5
43,"Snack ",25,23,4.8,"motorcycle",1,"No","Semi-Urban","Sunny","Jam ",2,"N",5
32,"Snack ",31,13,4.8,"scooter",1,"No","Metropolitan","Cloudy","Medium",1,"Y",15
30,"Meal ",26,16,4.4,"motorcycle",0,"No","Metropolitan","Sunny","Low ",1,"N",15
20,"Drinks ",34,22,4.7,"scooter",1,"No","Urban","Fog","High ",1,"N",5
43,"Buffet ",38,3,4.2,"electric_scooter",1,"No","Metropolitan","Cloudy","Jam",2,"N",5
11,"Drinks ",23,12,4.7,"electric_scooter",2,"No","Metropolitan","Stormy","Jam ",1,"N",15
47,"Snack ",22,2,4.7,"motorcycle",0,"No","Metropolitan","Cloudy","Medium",1,"N",15
29,"Drinks ",23,17,4.7,"motorcycle",1,"No","Metropolitan","Cloudy","Low ",1,"N",10
26,"Meal ",30,17,4.9,"motorcycle",0,"No","Metropolitan","Sandstorms","Jam ",0,"N",5
41,"Snack ",31,5,4.4,"scooter",1,"No","Semi-Urban","Fog","Jam ",0,"N",15
31,"Snack ",38,6,4.2,"scooter",1,"No","Metropolitan","Fog","Jam ",1,"N",10
39,"Buffet ",36,8,4.9,"motorcycle",1,"No","Urban","Fog","Jam ",2,"N",5
13,"Snack ",29,23,4.5,"electric_scooter",2,"No","Metropolitan","Fog","Low ",1,"N",10
21,"Buffet ",26,8,4.7,"motorcycle",0,"No","Metropolitan","Fog","Low ",1,"N",5
19,"Meal ",22,16,4.7,"scooter",1,"No","Metropolitan","Sunny","Low ",0,"N",15
27,"Meal ",35,14,4.9,"motorcycle",2,"No","Metropolitan","Sandstorms","Jam ",0,"Y",10
27,"Meal ",22,23,4.6,"scooter",1,"No","Urban","Sandstorms","Jam ",1,"N",5
20,"Buffet ",31,3,5,"motorcycle",1,"No","Metropolitan","Sunny","Low ",1,"Y",10
27,"Meal ",21,18,4.7,"motorcycle",0,"No","Metropolitan","Sandstorms","Jam ",1,"N",10
13,"Buffet ",27,15,4.9,"motorcycle",1,"No","Metropolitan","Cloudy","Low ",0,"N",30
45,"Meal ",25,5,4.4,"scooter",2,"No","Semi-Urban","Fog","Jam ",2,"N",10
34,"Buffet ",22,5,2.8,"scooter",2,"No","Metropolitan","Sunny","Low ",1,"Y",10
21,"Snack ",39,16,4.7,"electric_scooter",0,"No","Urban","Cloudy","Low",0,"N",5
29,"Snack ",35,17,4.8,"scooter",2,"No","Metropolitan","Stormy","High ",1,"Y",15
20,"Buffet ",29,8,4.5,"motorcycle",0,"No","Metropolitan","Stormy","Medium",0,"Y",15
27,"Snack ",34,23,4.7,"scooter",2,"No","Metropolitan","Windy","Jam ",1,"Y",10
28,"Meal ",23,3,4.5,"motorcycle",2,"No","Urban","Sandstorms","Medium",0,"N",15
18,"Snack ",38,22,4.6,"motorcycle",2,"No","Metropolitan","Sunny","Jam ",1,"Y",10
20,"Snack ",26,17,4.5,"electric_scooter",2,"No","Metropolitan","Sunny","Low ",1,"N",15
22,"Drinks ",21,17,4.6,"motorcycle",0,"No","Urban","Stormy","Medium",1,"N",10
31,"Buffet ",30,3,4.6,"electric_scooter",2,"No","Semi-Urban","Sandstorms","Medium",1,"N",10
39,"Meal ",29,15,4.9,"motorcycle",0,"No","Urban","Sunny","Medium",2,"N",15
45,"Drinks ",26,6,3.7,"motorcycle",0,"Yes","Urban","Sunny","Jam",1,"N",15
37,"Buffet ",20,9,4.5,"motorcycle",1,"No","Metropolitan","Cloudy","Low ",1,"Y",10
18,"Buffet ",30,21,4.6,"electric_scooter",2,"No","Metropolitan","Sandstorms","Low ",1,"N",10
25,"Meal ",21,8,4.7,"motorcycle",1,"No","Metropolitan","Fog","Medium",1,"N",15
26,"Meal ",24,5,4.5,"motorcycle",0,"No","Metropolitan","Sunny","Medium",1,"N",15
27,"Snack ",22,21,4.6,"electric_scooter",1,"No","Metropolitan","Sandstorms","Jam ",1,"N",10
44,"Buffet ",32,5,4.2,"electric_scooter",2,"No","Urban","Cloudy","Medium",1,"N",15
26,"Snack ",28,12,4.9,"electric_scooter",2,"No","Metropolitan","Stormy","Medium",0,"N",15
15,"Buffet ",22,12,4.8,"electric_scooter",1,"No","Metropolitan","Fog","Low ",0,"N",15
44,"Snack ",34,6,3.9,"electric_scooter",0,"No","Urban","Sunny","High",2,"N",15
23,"Meal ",35,9,4.9,"electric_scooter",0,"No","Metropolitan","Cloudy","Low ",1,"N",10
13,"Snack ",37,4,4.6,"electric_scooter",1,"No","Metropolitan","Sunny","Jam ",0,"N",5
24,"Drinks ",31,12,4.9,"electric_scooter",2,"No","Metropolitan","Sunny","High ",0,"N",5
23,"Snack ",22,13,4.8,"motorcycle",2,"No","Metropolitan","Stormy","Medium",1,"Y",10
27,"Meal ",36,23,4.8,"motorcycle",1,"No","Metropolitan","Stormy","Jam ",0,"N",15
27,"Buffet ",25,15,5,"motorcycle",2,"No","Semi-Urban","Stormy","Low ",1,"Y",15
25,"Drinks ",24,23,4.8,"motorcycle",0,"No","Semi-Urban","Stormy","Low ",1,"N",5
39,"Buffet ",24,23,4.7,"scooter",0,"Yes","Metropolitan","Stormy","Jam ",0,"Y",5
43,"Meal ",37,6,4.3,"motorcycle",2,"No","Metropolitan","Cloudy","Jam ",1,"N",15
51,"Buffet ",29,3,4.1,"motorcycle",0,"No","Metropolitan","Stormy","Jam ",3,"Y",5
15,"Snack ",34,15,5,"scooter",1,"No","Semi-Urban","Stormy","High ",0,"Y",10
29,"Buffet ",24,13,4.9,"motorcycle",0,"No","Metropolitan","Sunny","Low ",1,"N",10
39,"Buffet ",23,5,4.4,"motorcycle",0,"No","Urban","Stormy","Jam ",1,"Y",15
19,"Meal ",21,14,4.7,"scooter",2,"No","Metropolitan","Sunny","Low ",0,"Y",10
29,"Meal ",39,7,4.6,"electric_scooter",2,"No","Semi-Urban","Fog","Jam ",0,"Y",10
23,"Snack ",36,23,4.5,"scooter",1,"No","Metropolitan","Sandstorms","Jam ",1,"N",10
22,"Buffet ",34,23,4.7,"scooter",1,"No","Semi-Urban","Windy","Low",1,"N",15
10,"Buffet ",38,2,4.6,"motorcycle",1,"No","Urban","Stormy","Low ",0,"N",5
46,"Meal ",23,14,4.9,"motorcycle",0,"No","Metropolitan","Windy","Jam ",2,"Y",10
31,"Snack ",27,5,4.3,"motorcycle",2,"No","Semi-Urban","Fog","High ",1,"N",15
34,"Buffet ",29,17,4.5,"motorcycle",0,"No","Metropolitan","Fog","Medium",1,"Y",15
16,"Drinks ",25,6,5,"electric_scooter",1,"No","Semi-Urban","Sunny","Medium",1,"N",5
10,"Snack ",27,3,5,"scooter",1,"No","Metropolitan","Fog","Medium",1,"N",15
16,"Drinks ",22,9,4.8,"scooter",2,"No","Urban","Sunny","Medium",0,"N",15
29,"Drinks ",37,7,4.7,"motorcycle",1,"No","Metropolitan","Fog","Low ",1,"Y",10
22,"Drinks ",21,17,5,"motorcycle",1,"No","Metropolitan","Stormy","Medium",1,"N",10
25,"Buffet ",32,16,4.7,"motorcycle",2,"No","Urban","Stormy","Medium",1,"Y",15
30,"Buffet ",38,18,4.7,"motorcycle",0,"No","Metropolitan","Stormy","High ",1,"N",5
29,"Meal ",30,16,4.7,"scooter",0,"No","Metropolitan","Cloudy","Jam ",1,"N",5
35,"Buffet ",37,16,4.8,"motorcycle",2,"No","Urban","Cloudy","Jam",0,"N",15
35,"Drinks ",36,16,4.3,"electric_scooter",2,"No","Metropolitan","Cloudy","Jam ",0,"N",10
15,"Drinks ",27,7,4.6,"electric_scooter",2,"No","Metropolitan","Cloudy","Medium",0,"N",5
17,"Drinks ",38,23,4.9,"motorcycle",1,"No","Metropolitan","Windy","Jam ",1,"N",10
43,"Meal ",39,19,4.8,"electric_scooter",0,"Yes","Urban","Cloudy","Medium",2,"N",5
24,"Meal ",23,12,4.5,"scooter",2,"No","Semi-Urban","Stormy","Medium",1,"N",10
30,"Snack ",36,23,4.6,"motorcycle",0,"No","Semi-Urban","Windy","Jam ",1,"N",15
15,"Meal ",33,23,4.8,"electric_scooter",2,"No","Metropolitan","Cloudy","Medium",1,"N",15
15,"Meal ",28,22,4.7,"electric_scooter",1,"No","Metropolitan","Sunny","Low ",1,"N",5
46,"Meal ",29,7,4.4,"electric_scooter",0,"No","Metropolitan","Sunny","Jam ",1,"Y",15
26,"Meal ",38,21,4.8,"scooter",0,"No","Urban","Sunny","Jam",1,"N",15
24,"Drinks ",34,17,5,"motorcycle",0,"No","Semi-Urban","Fog","Low ",1,"N",5
38,"Snack ",27,9,4.3,"motorcycle",0,"No","Semi-Urban","Stormy","Jam ",1,"N",5
37,"Buffet ",22,6,4.8,"motorcycle",0,"No","Urban","Stormy","Jam ",1,"N",5
23,"Drinks ",20,22,4.7,"electric_scooter",2,"No","Urban","Windy","Medium",1,"N",5
41,"Snack ",20,20,3.9,"motorcycle",1,"No","Metropolitan","Windy","Jam ",0,"N",5
33,"Snack ",23,7,3.5,"scooter",2,"No","Metropolitan","Fog","Low ",1,"Y",5
24,"Drinks ",29,9,4.9,"scooter",0,"No","Urban","Windy","High ",0,"Y",5
17,"Drinks ",33,19,4.9,"scooter",2,"No","Semi-Urban","Fog","Low",0,"N",15
25,"Snack ",27,23,4.8,"electric_scooter",2,"No","Urban","Stormy","Low",1,"N",15
29,"Snack ",24,8,4.9,"scooter",1,"No","Urban","Sandstorms","Jam ",1,"N",5
25,"Drinks ",28,9,4.6,"scooter",1,"No","Semi-Urban","Windy","Medium",0,"N",10
25,"Snack ",36,15,4.7,"motorcycle",2,"No","Semi-Urban","Windy","Jam ",1,"N",15
19,"Meal ",31,18,4.6,"motorcycle",2,"No","Metropolitan","Sandstorms","Jam ",0,"Y",10
22,"Buffet ",28,15,4.8,"motorcycle",1,"No","Metropolitan","Fog","Low ",1,"Y",15
21,"Meal ",30,12,4.6,"electric_scooter",0,"No","Metropolitan","Fog","Medium",1,"Y",15
29,"Meal ",39,2,4.8,"motorcycle",0,"No","Urban","Windy","Jam ",1,"N",10
33,"Meal ",32,14,5,"scooter",2,"No","Metropolitan","Fog","Jam ",1,"N",15
27,"Drinks ",33,9,4.6,"scooter",1,"No","Metropolitan","Stormy","Jam ",0,"Y",15
22,"Meal ",23,19,4.8,"motorcycle",0,"No","Metropolitan","Sunny","Low ",0,"N",10
27,"Drinks ",21,23,4.7,"motorcycle",1,"No","Urban","Fog","Jam ",1,"N",5
20,"Drinks ",38,21,5,"motorcycle",1,"No","Urban","Sandstorms","Low",0,"N",15
20,"Meal ",37,23,4.6,"motorcycle",1,"No","Semi-Urban","Sunny","Jam ",1,"Y",15
27,"Meal ",25,3,4.5,"scooter",1,"No","Urban","Sunny","Medium",1,"N",10
25,"Buffet ",28,19,4.5,"scooter",2,"No","Metropolitan","Windy","Jam ",1,"Y",5
26,"Snack ",20,23,4.6,"scooter",2,"No","Metropolitan","Stormy","Jam ",1,"N",10
47,"Meal ",26,8,4.3,"electric_scooter",1,"No","Semi-Urban","Fog","Jam ",2,"Y",10
28,"Buffet ",34,22,4.9,"motorcycle",1,"No","Urban","Stormy","Jam",0,"N",15
31,"Drinks ",38,22,4.9,"scooter",1,"No","Metropolitan","Fog","Medium",1,"N",10
45,"Drinks ",27,8,4.9,"motorcycle",0,"Yes","Semi-Urban","Stormy","Jam ",0,"N",10
42,"Snack ",21,5,4.2,"motorcycle",0,"No","Urban","Stormy","High ",1,"N",5
36,"Buffet ",29,5,5,"electric_scooter",1,"No","Urban","Fog","High ",2,"Y",10
38,"Snack ",27,13,4.2,"motorcycle",1,"No","Metropolitan","Fog","Jam ",0,"N",15
14,"Drinks ",39,19,4.7,"electric_scooter",2,"No","Semi-Urban","Stormy","Low",1,"N",5
16,"Buffet ",21,9,4.7,"electric_scooter",1,"No","Metropolitan","Sunny","Low ",1,"N",10
26,"Meal ",28,5,4.5,"electric_scooter",1,"No","Urban","Sandstorms","Jam",1,"Y",10
23,"Snack ",31,21,4.6,"motorcycle",1,"No","Semi-Urban","Sandstorms","Medium",1,"N",15
27,"Drinks ",30,22,4.6,"electric_scooter",0,"No","Metropolitan","Windy","Low ",1,"N",10
25,"Drinks ",24,21,4.9,"motorcycle",0,"No","Metropolitan","Cloudy","Medium",0,"N",5
23,"Drinks ",34,15,4.9,"scooter",0,"No","Urban","Stormy","Medium",0,"Y",15
33,"Drinks ",33,2,4.4,"electric_scooter",2,"No","Urban","Windy","Medium",1,"N",5
19,"Buffet ",26,22,4.6,"scooter",2,"No","Metropolitan","Sandstorms","Low ",1,"N",10
39,"Buffet ",20,5,4.1,"motorcycle",0,"No","Urban","Sandstorms","Medium",0,"Y",15
24,"Buffet ",35,19,4.4,"motorcycle",0,"No","Urban","Stormy","Low ",1,"Y",15
34,"Drinks ",39,17,4.7,"motorcycle",1,"No","Semi-Urban","Cloudy","High ",1,"Y",10
32,"Snack ",31,14,4.1,"motorcycle",0,"No","Metropolitan","Stormy","High ",1,"Y",5
24,"Drinks ",31,23,4.8,"motorcycle",0,"No","Semi-Urban","Sunny","Low ",1,"N",5
36,"Snack ",25,3,3.5,"motorcycle",1,"No","Metropolitan","Cloudy","Low ",2,"N",10
29,"Snack ",39,17,4.9,"electric_scooter",0,"No","Urban","Stormy","Medium",1,"N",10
36,"Meal ",25,3,4.3,"motorcycle",0,"No","Urban","Windy","Jam ",1,"N",5
12,"Drinks ",25,16,4.6,"electric_scooter",2,"No","Metropolitan","Fog","Low ",1,"N",15
32,"Drinks ",36,14,4.3,"motorcycle",0,"No","Metropolitan","Windy","Jam ",1,"N",5
38,"Buffet ",35,7,4.4,"motorcycle",0,"No","Metropolitan","Windy","Jam ",1,"N",10
30,"Buffet ",23,16,4.6,"scooter",0,"No","Urban","Windy","Medium",1,"N",10
23,"Buffet ",38,13,4.6,"motorcycle",1,"No","Metropolitan","Stormy","Medium",0,"N",10
29,"Snack ",37,14,4.5,"scooter",2,"No","Metropolitan","Sandstorms","Medium",0,"Y",10
30,"Meal ",20,4,4.6,"motorcycle",1,"No","Urban","Sandstorms","Medium",1,"Y",15
19,"Snack ",28,21,4.8,"scooter",2,"No","Urban","Fog","Low ",1,"Y",5
53,"Meal ",34,11,4.3,"motorcycle",0,"No","Semi-Urban","Windy","Jam ",3,"N",10
17,"Snack ",32,19,4.6,"scooter",1,"No","Urban","Sunny","Medium",1,"N",5
26,"Buffet ",37,17,5,"scooter",0,"No","Metropolitan","Sandstorms","Medium",1,"Y",5
37,"Meal ",27,21,5,"motorcycle",2,"No","Metropolitan","Cloudy","Jam ",1,"Y",15
40,"Drinks ",37,23,5,"electric_scooter",0,"No","Metropolitan","Cloudy","Low ",1,"Y",10
19,"Meal ",33,21,5,"motorcycle",1,"No","Semi-Urban","Cloudy","Low ",1,"N",5
32,"Meal ",34,22,4.3,"motorcycle",0,"No","Semi-Urban","Stormy","Medium",2,"N",15
25,"Buffet ",30,12,5,"motorcycle",1,"No","Metropolitan","Stormy","Jam ",1,"N",5
20,"Meal ",23,15,4.8,"motorcycle",1,"No","Metropolitan","Windy","Medium",1,"Y",5
18,"Snack ",39,14,4.9,"motorcycle",2,"No","Metropolitan","Sandstorms","Low ",1,"N",10
35,"Buffet ",39,5,4.9,"electric_scooter",2,"No","Metropolitan","Fog","Jam ",1,"N",5
39,"Drinks ",34,11,4.4,"scooter",0,"No","Metropolitan","Stormy","High ",1,"Y",5
22,"Meal ",36,18,4.6,"electric_scooter",0,"No","Metropolitan","Cloudy","Low ",1,"N",5
18,"Buffet ",21,18,4.6,"scooter",2,"No","Metropolitan","Sandstorms","Low ",1,"N",15
17,"Buffet ",26,18,4.7,"motorcycle",1,"No","Metropolitan","Windy","Low",0,"N",5
16,"Drinks ",37,4,4.8,"motorcycle",0,"No","Metropolitan","Sandstorms","Low ",0,"N",10
28,"Meal ",35,6,4.8,"motorcycle",0,"No","Urban","Stormy","High ",1,"Y",15
25,"Snack ",37,15,4.7,"motorcycle",1,"No","Urban","Stormy","Medium",1,"N",5
37,"Snack ",22,4,4.1,"motorcycle",0,"No","Urban","Stormy","Medium",0,"Y",10
27,"Drinks ",23,23,4.5,"motorcycle",0,"No","Metropolitan","Windy","Medium",1,"Y",10
40,"Buffet ",27,6,4.6,"motorcycle",0,"No","Semi-Urban","Sandstorms","Medium",1,"Y",5
28,"Drinks ",31,18,4.7,"motorcycle",0,"No","Metropolitan","Sandstorms","Jam ",0,"N",10
16,"Buffet ",37,22,4.5,"electric_scooter",2,"No","Urban","Sunny","Jam",1,"N",10
23,"Buffet ",32,14,4.7,"scooter",0,"No","Semi-Urban","Stormy","Low ",1,"N",10
41,"Buffet ",36,13,4.1,"scooter",0,"Yes","Metropolitan","Stormy","High ",1,"Y",5
30,"Buffet ",25,21,5,"motorcycle",2,"No","Metropolitan","Cloudy","Jam ",1,"Y",10
38,"Meal ",35,12,4.8,"motorcycle",2,"No","Metropolitan","Fog","Medium",1,"N",5
38,"Snack ",38,23,4.6,"motorcycle",1,"No","Urban","Stormy","Medium",1,"N",15
23,"Meal ",36,9,4.8,"electric_scooter",2,"No","Semi-Urban","Fog","High ",0,"N",10
11,"Snack ",29,21,4.6,"motorcycle",1,"No","Urban","Stormy","Low",1,"N",5
27,"Buffet ",37,19,5,"scooter",0,"No","Urban","Fog","Low",0,"N",10
28,"Snack ",26,6,4.8,"motorcycle",1,"No","Semi-Urban","Windy","High ",1,"N",10
24,"Buffet ",32,12,4.5,"scooter",2,"No","Metropolitan","Stormy","Low ",0,"N",15
23,"Meal ",20,17,4.7,"electric_scooter",0,"No","Metropolitan","Cloudy","Low ",0,"N",5
31,"Drinks ",30,4,3.6,"motorcycle",2,"No","Metropolitan","Fog","Low ",1,"N",10
13,"Meal ",34,16,4.9,"motorcycle",1,"No","Urban","Sunny","Low",1,"N",5
18,"Meal ",30,16,5,"scooter",1,"No","Metropolitan","Sandstorms","Jam ",0,"N",10
10,"Buffet ",20,19,4.6,"motorcycle",2,"No","Semi-Urban","Fog","Low ",1,"N",10
35,"Drinks ",21,7,4.9,"electric_scooter",0,"No","Metropolitan","Windy","High ",1,"N",15
10,"Buffet ",35,22,4.7,"motorcycle",2,"No","Metropolitan","Sunny","Low ",0,"N",5
27,"Snack ",28,12,4.9,"motorcycle",2,"No","Metropolitan","Stormy","Low ",1,"Y",15
40,"Meal ",30,13,5,"motorcycle",0,"No","Metropolitan","Stormy","Jam ",0,"Y",5
14,"Meal ",35,12,4.9,"scooter",1,"No","Metropolitan","Sandstorms","Low ",1,"N",10
15,"Buffet ",24,16,4.2,"motorcycle",0,"No","Semi-Urban","Windy","Low",0,"N",10
34,"Drinks ",38,9,4.3,"scooter",0,"No","Metropolitan","Stormy","Jam ",0,"N",15
16,"Snack ",28,16,5,"scooter",1,"No","Metropolitan","Fog","Medium",1,"N",15
44,"Drinks ",33,16,4.9,"motorcycle",1,"Yes","Metropolitan","Cloudy","Medium",1,"Y",10
30,"Drinks ",39,16,4.8,"electric_scooter",1,"No","Metropolitan","Cloudy","Low ",1,"Y",10
26,"Snack ",26,16,4.6,"motorcycle",0,"No","Metropolitan","Windy","Jam ",1,"N",15
24,"Meal ",39,22,4.9,"scooter",1,"No","Metropolitan","Sandstorms","Low ",1,"Y",5
18,"Drinks ",25,8,4.9,"motorcycle",1,"No","Urban","Windy","High ",1,"N",10
27,"Buffet ",38,22,4.6,"electric_scooter",1,"No","Metropolitan","Stormy","High ",1,"N",10
24,"Buffet ",28,23,4.9,"electric_scooter",2,"No","Urban","Windy","Medium",1,"N",10
29,"Meal ",26,13,5,"motorcycle",0,"No","Metropolitan","Windy","Medium",1,"N",10
36,"Meal ",34,4,4.9,"scooter",0,"No","Urban","Windy","Jam ",1,"Y",5
18,"Meal ",36,14,4.9,"motorcycle",0,"No","Metropolitan","Sunny","Medium",1,"N",5
25,"Snack ",20,2,4.8,"motorcycle",1,"No","Urban","Sandstorms","Jam ",0,"N",10
27,"Drinks ",30,21,4.8,"electric_scooter",2,"No","Metropolitan","Cloudy","Jam ",1,"Y",10
32,"Drinks ",39,23,4.9,"scooter",1,"No","Metropolitan","Sandstorms","High ",1,"N",10
17,"Drinks ",26,15,4.8,"motorcycle",0,"No","Metropolitan","Sunny","Medium",0,"N",15
39,"Meal ",36,5,4.2,"motorcycle",2,"No","Urban","Cloudy","Medium",2,"Y",10
25,"Snack ",23,7,5,"motorcycle",0,"No","Urban","Fog","High ",1,"Y",5
17,"Buffet ",20,2,4.1,"scooter",0,"No","Urban","Windy","Low",1,"Y",15
40,"Drinks ",24,23,4.7,"electric_scooter",2,"No","Metropolitan","Cloudy","Medium",1,"Y",5
36,"Snack ",30,2,3.6,"electric_scooter",1,"No","Metropolitan","Sandstorms","Medium",1,"N",15
41,"Drinks ",21,1,4.3,"electric_scooter",0,"No","Metropolitan","Stormy","Medium",2,"Y",10
29,"Buffet ",34,15,5,"scooter",1,"No","Metropolitan","Fog","Low ",1,"Y",10
21,"Meal ",24,22,4.8,"motorcycle",0,"No","Semi-Urban","Sandstorms","Low ",1,"N",10
45,"Buffet ",28,9,4.3,"scooter",2,"No","Urban","Stormy","Jam ",1,"N",15
53,"Buffet ",26,5,4.3,"motorcycle",0,"Yes","Semi-Urban","Windy","Jam",1,"N",15
36,"Snack ",32,6,4.6,"motorcycle",0,"No","Metropolitan","Fog","Medium",1,"N",15
38,"Snack ",31,9,4.6,"scooter",2,"No","Metropolitan","Fog","Medium",1,"N",15
22,"Meal ",37,15,4.3,"motorcycle",0,"No","Metropolitan","Windy","Low ",0,"N",5
31,"Meal ",34,4,4.1,"scooter",2,"No","Metropolitan","Sandstorms","Medium",1,"N",15
32,"Drinks ",27,8,4.2,"scooter",1,"No","Metropolitan","Fog","High ",1,"Y",15
17,"Snack ",37,18,4.9,"motorcycle",2,"No","Urban","Sunny","Low",1,"N",5
39,"Drinks ",23,20,4.1,"motorcycle",1,"No","Metropolitan","Stormy","Jam ",2,"Y",5
25,"Meal ",24,16,4.8,"scooter",1,"No","Metropolitan","Windy","Low ",1,"N",15
32,"Drinks ",39,5,4.4,"scooter",2,"No","Metropolitan","Sandstorms","High ",1,"N",15
24,"Drinks ",30,7,4.4,"motorcycle",0,"No","Metropolitan","Sandstorms","Low ",1,"Y",5
33,"Meal ",32,4,4.6,"motorcycle",0,"No","Metropolitan","Sandstorms","High ",1,"N",5
21,"Snack ",32,15,5,"motorcycle",2,"No","Metropolitan","Sandstorms","Jam ",0,"N",15
26,"Drinks ",29,16,4.7,"electric_scooter",1,"No","Urban","Stormy","Jam",0,"N",10
38,"Drinks ",29,22,4.6,"scooter",2,"No","Metropolitan","Fog","Jam ",1,"Y",15
38,"Drinks ",24,21,4.8,"scooter",0,"No","Metropolitan","Stormy","Jam ",2,"N",5
33,"Meal ",38,16,4.8,"scooter",1,"No","Metropolitan","Sunny","High ",2,"N",15
54,"Drinks ",29,9,4.3,"scooter",0,"No","Metropolitan","Sunny","Jam ",3,"N",15
32,"Snack ",31,10,3.2,"motorcycle",0,"No","Urban","Sunny","Low ",1,"N",10
41,"Snack ",24,9,4,"motorcycle",0,"No","Metropolitan","Sandstorms","Jam ",2,"Y",5
32,"Buffet ",28,15,4.3,"scooter",2,"No","Metropolitan","Sandstorms","Jam ",1,"N",15
17,"Buffet ",33,21,4.9,"scooter",2,"No","Urban","Sunny","Jam",1,"N",15
30,"Drinks ",25,11,4.6,"electric_scooter",0,"No","Semi-Urban","Cloudy","Medium",0,"N",15
22,"Drinks ",29,21,4.8,"electric_scooter",0,"No","Metropolitan","Cloudy","High ",1,"N",10
36,"Meal ",26,3,4.4,"motorcycle",1,"No","Metropolitan","Cloudy","Jam ",1,"N",15
18,"Snack ",28,15,4.8,"motorcycle",2,"No","Metropolitan","Cloudy","Low ",1,"N",15
19,"Snack ",38,19,4.6,"motorcycle",2,"No","Metropolitan","Stormy","Low ",0,"N",10
25,"Drinks ",27,9,4.6,"electric_scooter",2,"No","Semi-Urban","Windy","Jam ",1,"N",15
17,"Meal ",37,17,5,"motorcycle",1,"No","Urban","Stormy","Medium",1,"Y",10
23,"Buffet ",22,4,4.9,"motorcycle",2,"No","Metropolitan","Sandstorms","Medium",1,"N",10
40,"Snack ",38,16,4.9,"motorcycle",0,"No","Semi-Urban","Fog","Jam ",0,"Y",5
19,"Buffet ",31,19,4.5,"scooter",1,"No","Metropolitan","Fog","Low ",1,"Y",5
30,"Drinks ",23,23,4.8,"motorcycle",2,"No","Urban","Fog","Jam",0,"N",15
20,"Buffet ",28,18,4.7,"scooter",1,"No","Urban","Cloudy","Jam",0,"N",15
40,"Snack ",39,8,3.9,"motorcycle",1,"No","Metropolitan","Windy","Jam ",1,"N",10
25,"Drinks ",21,19,4.6,"scooter",2,"No","Metropolitan","Fog","High ",1,"Y",5
29,"Snack ",34,2,4.8,"motorcycle",1,"No","Metropolitan","Windy","Low ",0,"N",10
26,"Drinks ",22,11,5,"motorcycle",1,"No","Metropolitan","Windy","Medium",1,"Y",5
40,"Buffet ",32,4,3.6,"electric_scooter",0,"No","Urban","Sunny","Jam",1,"Y",15
26,"Snack ",32,16,4.9,"motorcycle",1,"No","Metropolitan","Stormy","Jam ",1,"N",5
20,"Drinks ",23,19,4.6,"electric_scooter",0,"No","Semi-Urban","Sunny","Medium",0,"N",5
38,"Buffet ",35,7,4.8,"motorcycle",0,"No","Metropolitan","Cloudy","Jam ",1,"N",10
21,"Drinks ",26,19,4.8,"motorcycle",1,"No","Semi-Urban","Cloudy","Low",1,"Y",5
16,"Buffet ",37,18,4.7,"scooter",2,"No","Metropolitan","Fog","Medium",1,"Y",10
48,"Meal ",20,15,4.8,"motorcycle",0,"No","Urban","Cloudy","Jam ",2,"N",15
27,"Snack ",23,5,4.6,"electric_scooter",1,"No","Metropolitan","Stormy","Medium",1,"N",15
17,"Meal ",36,18,4.8,"motorcycle",2,"No","Urban","Stormy","Low",1,"N",20
27,"Drinks ",29,9,4.7,"motorcycle",0,"No","Urban","Fog","Low ",1,"Y",10
11,"Buffet ",29,6,4.7,"scooter",1,"No","Semi-Urban","Sandstorms","Low",1,"N",5
26,"Meal ",22,16,5,"motorcycle",2,"No","Urban","Sandstorms","Jam",0,"N",10
20,"Meal ",38,2,4.8,"scooter",2,"No","Metropolitan","Windy","Low ",1,"N",5
28,"Snack ",20,12,4.9,"motorcycle",2,"No","Metropolitan","Stormy","Medium",0,"N",10
20,"Buffet ",27,19,4.8,"scooter",2,"No","Urban","Stormy","Jam",1,"N",15
25,"Snack ",25,17,4.5,"electric_scooter",2,"No","Metropolitan","Sandstorms","Medium",1,"N",15
21,"Drinks ",32,1,4.5,"scooter",1,"No","Metropolitan","Sunny","Jam ",1,"N",10
28,"Buffet ",33,21,4.8,"motorcycle",0,"No","Metropolitan","Fog","Low ",1,"Y",15
19,"Meal ",32,6,4.5,"electric_scooter",1,"No","Metropolitan","Sunny","High ",1,"N",5
27,"Snack ",25,18,4.7,"scooter",1,"No","Urban","Stormy","High",1,"N",5
10,"Snack ",36,3,4.5,"electric_scooter",1,"No","Urban","Stormy","Low",0,"N",5
12,"Drinks ",36,18,4.8,"scooter",1,"No","Semi-Urban","Sandstorms","Low ",0,"Y",10
16,"Meal ",21,15,4.6,"scooter",2,"No","Metropolitan","Stormy","Medium",1,"N",15
35,"Buffet ",36,19,4.4,"scooter",2,"No","Metropolitan","Stormy","Jam ",1,"N",10
16,"Buffet ",21,21,4.9,"motorcycle",1,"No","Metropolitan","Sunny","Jam ",1,"N",10
28,"Drinks ",27,16,4.8,"motorcycle",1,"No","Metropolitan","Cloudy","Low ",1,"N",15
24,"Drinks ",24,3,4.6,"motorcycle",0,"No","Metropolitan","Windy","High",1,"N",5
40,"Snack ",29,8,4.8,"scooter",0,"No","Semi-Urban","Fog","Medium",1,"N",5
20,"Meal ",38,4,4.8,"motorcycle",0,"No","Semi-Urban","Fog","Low ",0,"N",15
42,"Drinks ",31,4,4.9,"scooter",1,"No","Metropolitan","Fog","Jam ",0,"N",10
31,"Snack ",20,1,4.3,"scooter",2,"No","Urban","Fog","Jam ",0,"N",15
22,"Drinks ",30,9,4.8,"electric_scooter",1,"No","Metropolitan","Windy","Medium",1,"Y",10
24,"Drinks ",36,23,4.9,"motorcycle",1,"No","Semi-Urban","Windy","Low ",1,"N",15
24,"Snack ",38,15,4.6,"electric_scooter",2,"No","Metropolitan","Stormy","Low",0,"N",10
24,"Meal ",21,16,4.9,"electric_scooter",2,"No","Metropolitan","Sandstorms","Medium",1,"N",5
27,"Buffet ",34,18,4.8,"electric_scooter",2,"No","Semi-Urban","Fog","Low ",0,"N",5
12,"Buffet ",28,16,4.9,"electric_scooter",1,"No","Metropolitan","Fog","Medium",1,"N",5
25,"Drinks ",29,23,4.1,"motorcycle",0,"No","Metropolitan","Windy","Low ",1,"N",15
27,"Meal ",35,23,4.9,"scooter",2,"No","Metropolitan","Stormy","Medium",1,"N",10
49,"Buffet ",38,1,4.3,"motorcycle",0,"No","Metropolitan","Stormy","Jam",0,"N",15
37,"Drinks ",31,4,4,"motorcycle",1,"No","Semi-Urban","Fog","Jam ",2,"N",10
12,"Snack ",36,23,4.6,"electric_scooter",1,"No","Metropolitan","Windy","Low",0,"N",15
20,"Snack ",22,18,4.6,"motorcycle",1,"No","Metropolitan","Sandstorms","Jam ",1,"N",5
31,"Meal ",25,11,4,"scooter",1,"No","Metropolitan","Fog","Jam ",1,"N",5
15,"Drinks ",23,15,4.7,"electric_scooter",0,"No","Urban","Sandstorms","High",0,"N",10
28,"Meal ",34,12,4.5,"motorcycle",0,"No","Urban","Sunny","Medium",0,"N",15
27,"Drinks ",31,18,4.6,"scooter",1,"No","Metropolitan","Sandstorms","Medium",1,"Y",5
18,"Drinks ",39,22,5,"scooter",2,"No","Urban","Sandstorms","Low",1,"Y",15
27,"Snack ",30,13,4.6,"scooter",1,"No","Metropolitan","Sandstorms","Jam ",0,"N",15
11,"Snack ",22,16,4.9,"motorcycle",2,"No","Urban","Sunny","Medium",1,"N",15
44,"Meal ",34,15,4.3,"motorcycle",0,"Yes","Semi-Urban","Stormy","Jam ",1,"N",5
26,"Snack ",37,14,4.9,"motorcycle",1,"No","Urban","Sandstorms","Medium",1,"N",15
24,"Meal ",37,19,5,"motorcycle",1,"No","Urban","Sandstorms","Medium",1,"Y",15
16,"Meal ",26,18,4.8,"scooter",1,"No","Urban","Windy","Low",1,"Y",20
22,"Buffet ",27,7,4.2,"motorcycle",0,"No","Semi-Urban","Sandstorms","Low ",1,"N",10
39,"Snack ",25,1,4.8,"scooter",0,"No","Metropolitan","Stormy","Medium",1,"N",15
26,"Snack ",21,18,4.7,"scooter",1,"No","Metropolitan","Sunny","Jam ",1,"N",10
21,"Drinks ",33,17,5,"motorcycle",1,"No","Urban","Fog","Low ",1,"Y",15
17,"Drinks ",39,12,4.8,"electric_scooter",2,"No","Metropolitan","Sunny","Low ",0,"N",10
18,"Buffet ",21,19,4.9,"scooter",2,"No","Urban","Fog","Medium",1,"Y",10
16,"Snack ",21,11,4.6,"scooter",2,"No","Metropolitan","Sandstorms","Low ",0,"N",10
15,"Buffet ",23,23,4.6,"electric_scooter",1,"No","Semi-Urban","Cloudy","Low ",0,"N",15
40,"Meal ",26,5,4.4,"scooter",2,"No","Metropolitan","Stormy","Jam ",0,"Y",15
20,"Snack ",21,22,4.8,"scooter",0,"No","Metropolitan","Sandstorms","Medium",1,"N",5
22,"Meal ",36,14,4.7,"electric_scooter",1,"No","Metropolitan","Stormy","Low ",1,"N",15
13,"Buffet ",37,18,4.8,"motorcycle",2,"No","Urban","Sunny","Jam",0,"N",5
21,"Meal ",25,4,4.7,"scooter",1,"No","Metropolitan","Stormy","Medium",1,"Y",10
16,"Snack ",33,23,5,"motorcycle",1,"No","Metropolitan","Sandstorms","Low ",1,"N",15
23,"Buffet ",39,15,4.8,"motorcycle",0,"No","Metropolitan","Windy","Low ",1,"Y",10
51,"Meal ",21,6,4,"motorcycle",0,"Yes","Urban","Windy","Jam ",1,"N",5
35,"Buffet ",37,4,4.6,"motorcycle",2,"No","Metropolitan","Cloudy","Jam ",0,"Y",15
28,"Buffet ",29,15,4.5,"electric_scooter",1,"No","Metropolitan","Sunny","Low ",0,"Y",20
15,"Buffet ",23,16,5,"motorcycle",1,"No","Urban","Cloudy","Low ",1,"Y",10
34,"Drinks ",24,7,5,"electric_scooter",2,"No","Metropolitan","Windy","Jam ",1,"N",5
10,"Snack ",34,9,4.9,"scooter",1,"No","Metropolitan","Sunny","Low ",0,"N",15
21,"Snack ",20,5,4.9,"motorcycle",0,"No","Metropolitan","Sunny","Low ",0,"N",20
35,"Buffet ",24,14,3.6,"motorcycle",1,"No","Metropolitan","Windy","Medium",0,"N",15
39,"Drinks ",32,6,4.2,"electric_scooter",1,"No","Metropolitan","Stormy","Medium",2,"N",5
28,"Meal ",27,18,4.9,"electric_scooter",1,"No","Urban","Stormy","Jam",1,"N",10
16,"Drinks ",34,19,4.6,"motorcycle",0,"No","Semi-Urban","Sunny","Medium",1,"Y",15
34,"Buffet ",24,2,4.1,"electric_scooter",0,"No","Urban","Windy","Jam",1,"N",5
30,"Drinks ",22,6,4.8,"motorcycle",0,"No","Semi-Urban","Sunny","Jam ",1,"N",15
25,"Buffet ",39,4,4.5,"motorcycle",0,"No","Semi-Urban","Stormy","Jam",1,"N",5
28,"Meal ",33,12,4.7,"scooter",2,"No","Urban","Windy","High ",1,"Y",5
34,"Buffet ",30,7,4.8,"motorcycle",0,"No","Metropolitan","Stormy","High ",1,"N",15
19,"Buffet ",27,19,4.8,"motorcycle",2,"No","Metropolitan","Sunny","Jam ",1,"Y",5
21,"Drinks ",31,13,4.5,"motorcycle",0,"No","Metropolitan","Stormy","Medium",1,"N",15
19,"Drinks ",29,23,4.7,"electric_scooter",2,"No","Metropolitan","Fog","Low ",0,"N",5
26,"Buffet ",29,19,4.9,"electric_scooter",1,"No","Metropolitan","Windy","Medium",1,"N",5
28,"Snack ",33,3,4.9,"motorcycle",0,"No","Metropolitan","Fog","Medium",1,"N",15
30,"Drinks ",37,22,4.9,"motorcycle",0,"No","Urban","Stormy","Medium",1,"N",5
10,"Buffet ",28,21,4.9,"scooter",1,"No","Urban","Windy","Low",0,"N",10
18,"Snack ",23,17,4.9,"motorcycle",0,"No","Urban","Sunny","Medium",0,"N",5
33,"Meal ",30,11,3.5,"motorcycle",2,"No","Metropolitan","Sunny","Low ",0,"N",10
14,"Drinks ",32,23,4.7,"motorcycle",1,"No","Urban","Stormy","Jam",0,"N",10
22,"Drinks ",23,14,4.6,"motorcycle",0,"No","Metropolitan","Sunny","Jam ",0,"N",15
22,"Drinks ",36,15,4.7,"electric_scooter",0,"No","Urban","Fog","Low",0,"Y",15
20,"Meal ",32,19,4.6,"motorcycle",2,"No","Metropolitan","Windy","Jam ",1,"N",10
42,"Snack ",27,2,3.6,"electric_scooter",2,"Yes","Urban","Sandstorms","Jam ",2,"N",10
14,"Meal ",34,17,4.9,"electric_scooter",1,"No","Metropolitan","Stormy","High ",0,"Y",10
36,"Meal ",34,16,4.1,"motorcycle",2,"No","Metropolitan","Fog","Jam ",1,"N",5
26,"Meal ",24,21,4.6,"motorcycle",1,"No","Metropolitan","Fog","Jam ",1,"N",15
50,"Meal ",34,3,4.7,"motorcycle",0,"No","Metropolitan","Sandstorms","Jam ",1,"N",15
16,"Buffet ",28,21,4.6,"electric_scooter",2,"No","Semi-Urban","Cloudy","Low ",1,"N",15
43,"Drinks ",36,9,4.5,"motorcycle",0,"No","Urban","Stormy","Medium",2,"N",15
31,"Drinks ",27,7,4.6,"scooter",1,"No","Metropolitan","Fog","Medium",0,"N",15
37,"Buffet ",34,1,4.7,"scooter",0,"No","Metropolitan","Cloudy","Medium",1,"N",5
43,"Drinks ",35,15,4.3,"scooter",2,"No","Urban","Sandstorms","Jam",1,"N",10
35,"Snack ",22,21,5,"motorcycle",1,"No","Urban","Fog","Medium",1,"Y",10
24,"Drinks ",34,17,4.6,"motorcycle",0,"No","Urban","Stormy","Low",0,"N",20
29,"Snack ",24,13,4.7,"scooter",2,"No","Metropolitan","Sandstorms","Jam ",1,"N",10
22,"Snack ",25,18,4.9,"scooter",2,"No","Metropolitan","Sandstorms","Low",1,"N",15
25,"Drinks ",30,16,4.8,"motorcycle",0,"No","Urban","Stormy","Jam ",0,"N",5
31,"Snack ",38,21,4.6,"scooter",2,"No","Semi-Urban","Fog","Jam ",1,"Y",5
30,"Drinks ",39,8,4.4,"electric_scooter",0,"No","Semi-Urban","Sandstorms","Low ",1,"N",10
34,"Buffet ",39,12,4.8,"motorcycle",0,"No","Metropolitan","Cloudy","Jam ",1,"N",15
28,"Meal ",38,4,4.8,"motorcycle",2,"No","Metropolitan","Windy","Low ",1,"Y",5
17,"Drinks ",29,16,4.7,"motorcycle",1,"No","Urban","Fog","Low ",1,"Y",5
32,"Buffet ",34,21,4.5,"motorcycle",0,"No","Metropolitan","Cloudy","Medium",1,"Y",10
46,"Meal ",20,23,4.9,"scooter",1,"No","Metropolitan","Fog","Jam ",1,"N",15
18,"Drinks ",38,23,4.9,"motorcycle",2,"No","Metropolitan","Stormy","Medium",1,"N",10
10,"Drinks ",21,15,4.9,"motorcycle",1,"No","Metropolitan","Stormy","Low ",0,"N",5
29,"Meal ",23,15,4.9,"electric_scooter",1,"No","Urban","Windy","Low",1,"N",10
34,"Drinks ",32,18,3.5,"scooter",1,"No","Urban","Stormy","Low ",1,"N",15
32,"Drinks ",32,13,3.6,"electric_scooter",2,"No","Urban","Sunny","Jam ",0,"Y",15
15,"Buffet ",36,9,4.8,"motorcycle",0,"No","Metropolitan","Sandstorms","Low ",0,"N",5
39,"Meal ",20,15,3.3,"electric_scooter",2,"No","Urban","Sunny","Low ",1,"N",15
37,"Meal ",20,16,4.6,"electric_scooter",2,"No","Urban","Stormy","Jam",1,"N",5
28,"Drinks ",22,2,4.9,"electric_scooter",1,"No","Metropolitan","Windy","Medium",1,"N",5
29,"Meal ",35,11,4.7,"motorcycle",1,"No","Urban","Windy","Jam ",0,"N",5
16,"Meal ",32,15,4.6,"motorcycle",1,"No","Semi-Urban","Windy","Low ",1,"N",10
36,"Buffet ",20,13,4.2,"motorcycle",2,"No","Urban","Cloudy","Jam ",1,"N",5
40,"Snack ",35,9,4.7,"electric_scooter",1,"No","Semi-Urban","Fog","Jam ",1,"N",5
18,"Snack ",34,8,4.8,"scooter",1,"No","Urban","Sandstorms","Low ",1,"N",15
28,"Drinks ",39,13,4.5,"electric_scooter",1,"No","Metropolitan","Sandstorms","Low ",1,"N",5
13,"Buffet ",32,23,4.6,"scooter",2,"No","Semi-Urban","Sunny","Medium",0,"N",10
30,"Snack ",27,7,4.8,"motorcycle",1,"No","Metropolitan","Fog","High ",1,"N",5
54,"Buffet ",21,18,4.6,"motorcycle",0,"Yes","Urban","Stormy","Jam ",2,"Y",15
27,"Drinks ",22,18,4.8,"motorcycle",0,"No","Urban","Stormy","Jam ",1,"N",5
27,"Meal ",26,23,4.7,"scooter",2,"No","Metropolitan","Sandstorms","Medium",1,"N",5
14,"Meal ",37,11,4.8,"scooter",1,"No","Metropolitan","Sandstorms","Low ",1,"Y",10
18,"Drinks ",25,1,4.8,"scooter",1,"No","Urban","Sandstorms","Low",0,"N",10
27,"Snack ",27,23,4.7,"motorcycle",1,"No","Metropolitan","Stormy","High ",1,"N",15
16,"Snack ",37,3,4.9,"motorcycle",1,"No","Metropolitan","Sandstorms","Jam ",0,"N",15
20,"Snack ",26,1,4.5,"electric_scooter",1,"No","Urban","Sandstorms","Jam",0,"N",10
46,"Buffet ",24,21,4.6,"scooter",0,"No","Urban","Cloudy","Jam",1,"N",5
18,"Snack ",32,17,4.8,"motorcycle",1,"No","Metropolitan","Cloudy","Low",0,"N",10
29,"Meal ",25,19,4.7,"motorcycle",0,"No","Metropolitan","Cloudy","Low ",1,"Y",5
34,"Snack ",28,1,3.8,"motorcycle",1,"No","Urban","Stormy","Jam",1,"Y",10
36,"Snack ",20,1,4.2,"scooter",0,"No","Urban","Windy","Medium",1,"N",15
22,"Drinks ",23,15,4.9,"motorcycle",2,"No","Urban","Windy","Jam",1,"N",5
19,"Snack ",22,16,4.7,"motorcycle",0,"No","Metropolitan","Sandstorms","Low ",0,"N",10
10,"Meal ",38,21,4.6,"scooter",2,"No","Semi-Urban","Cloudy","Low",0,"N",25
27,"Drinks ",29,15,4.9,"scooter",1,"No","Metropolitan","Cloudy","High ",1,"N",15
17,"Drinks ",39,13,4.8,"scooter",2,"No","Metropolitan","Cloudy","Low ",0,"Y",10
26,"Snack ",25,9,4.6,"scooter",2,"No","Metropolitan","Stormy","High ",1,"N",10
25,"Meal ",20,14,4.9,"motorcycle",1,"No","Metropolitan","Windy","Low ",1,"Y",5
27,"Buffet ",27,18,4.7,"electric_scooter",2,"No","Semi-Urban","Windy","Jam ",0,"N",15
28,"Buffet ",33,18,4.9,"motorcycle",1,"No","Metropolitan","Stormy","Jam ",1,"N",5
40,"Drinks ",22,4,4.6,"electric_scooter",1,"No","Metropolitan","Cloudy","Medium",1,"Y",15
39,"Snack ",22,17,4.7,"motorcycle",0,"No","Metropolitan","Fog","Low",0,"Y",10
42,"Drinks ",23,3,5,"scooter",2,"No","Metropolitan","Cloudy","Jam ",1,"Y",15
19,"Meal ",29,15,5,"electric_scooter",1,"No","Metropolitan","Sunny","Medium",0,"N",5
20,"Snack ",20,19,4.5,"motorcycle",1,"No","Metropolitan","Stormy","Medium",1,"N",10
32,"Buffet ",30,8,3.9,"electric_scooter",1,"No","Metropolitan","Windy","Jam ",1,"N",15
19,"Drinks ",25,8,4.6,"motorcycle",2,"No","Metropolitan","Sunny","Medium",0,"N",10
31,"Meal ",36,5,4.6,"scooter",1,"No","Metropolitan","Fog","Medium",1,"N",5
34,"Snack ",32,8,4.2,"scooter",1,"No","Semi-Urban","Fog","Low ",0,"N",5
16,"Meal ",28,13,4.9,"electric_scooter",2,"No","Metropolitan","Stormy","Low ",0,"N",10
17,"Meal ",27,13,4.4,"motorcycle",0,"No","Metropolitan","Windy","Low ",1,"N",10
17,"Buffet ",32,1,4.5,"motorcycle",0,"No","Metropolitan","Sandstorms","Low ",1,"N",15
29,"Snack ",25,13,4.8,"scooter",1,"No","Metropolitan","Fog","Jam ",0,"N",10
38,"Buffet ",39,16,5,"scooter",0,"No","Metropolitan","Sandstorms","Jam ",1,"N",15
19,"Snack ",29,17,4.8,"scooter",2,"No","Urban","Sandstorms","Low ",0,"Y",5
27,"Buffet ",31,15,4.9,"motorcycle",1,"No","Semi-Urban","Fog","High ",1,"N",15
26,"Snack ",36,6,4.7,"scooter",1,"No","Urban","Sandstorms","Low ",0,"N",20
15,"Meal ",37,19,4.7,"scooter",2,"No","Metropolitan","Stormy","Jam ",1,"Y",10
15,"Drinks ",27,18,4.9,"scooter",1,"No","Semi-Urban","Cloudy","Medium",0,"Y",5
33,"Drinks ",25,13,4.3,"scooter",1,"No","Metropolitan","Windy","High ",0,"N",5
54,"Buffet ",29,6,4.2,"electric_scooter",0,"Yes","Urban","Sandstorms","Jam ",1,"Y",10
21,"Drinks ",33,17,4.6,"motorcycle",0,"No","Metropolitan","Stormy","Low ",0,"Y",10
17,"Buffet ",26,9,4.9,"scooter",2,"No","Semi-Urban","Fog","Low ",1,"Y",10
21,"Snack ",28,23,4.9,"electric_scooter",0,"No","Metropolitan","Fog","Jam ",1,"Y",15
37,"Snack ",32,19,5,"motorcycle",0,"No","Urban","Windy","Jam ",0,"N",5
29,"Meal ",26,12,4.4,"scooter",0,"No","Metropolitan","Sandstorms","Low ",1,"Y",15
29,"Meal ",29,18,4.9,"electric_scooter",2,"No","Metropolitan","Sandstorms","Medium",1,"N",5
24,"Meal ",23,23,4.8,"motorcycle",1,"No","Metropolitan","Fog","Low ",1,"N",5
16,"Meal ",38,9,4.8,"scooter",1,"No","Metropolitan","Sunny","Low ",0,"N",15
12,"Snack ",29,17,4.6,"scooter",1,"No","Urban","Stormy","Low",0,"N",5
19,"Buffet ",20,16,4.9,"motorcycle",0,"No","Semi-Urban","Fog","Low ",1,"Y",15
29,"Snack ",32,15,4.7,"scooter",1,"No","Semi-Urban","Cloudy","Jam ",1,"N",15
41,"Snack ",36,12,4.7,"motorcycle",0,"No","Metropolitan","Fog","Jam ",1,"N",15
17,"Drinks ",34,3,4.5,"motorcycle",1,"No","Urban","Stormy","Low",1,"N",10
21,"Snack ",21,5,4.7,"scooter",1,"No","Metropolitan","Fog","High",1,"N",15
20,"Drinks ",27,18,4.7,"electric_scooter",0,"No","Metropolitan","Sunny","Low ",1,"N",5
48,"Buffet ",34,17,4.9,"motorcycle",0,"No","Metropolitan","Sandstorms","Medium",2,"Y",10
25,"Drinks ",21,6,4.9,"scooter",1,"No","Metropolitan","Sandstorms","Jam ",0,"N",5
29,"Drinks ",39,17,4.7,"motorcycle",0,"No","Metropolitan","Sunny","High ",1,"N",15
28,"Drinks ",38,2,4.8,"motorcycle",2,"No","Urban","Stormy","Medium",1,"N",10
25,"Drinks ",37,23,4.6,"scooter",2,"No","Metropolitan","Windy","Jam ",1,"Y",15
28,"Snack ",39,17,4.9,"motorcycle",0,"No","Metropolitan","Cloudy","Jam ",1,"Y",10
43,"Snack ",22,5,2.5,"electric_scooter",2,"Yes","Semi-Urban","Sunny","Low",1,"Y",15
30,"Meal ",37,23,4.6,"scooter",1,"No","Metropolitan","Stormy","Medium",1,"N",15
20,"Buffet ",39,13,4.8,"scooter",2,"No","Metropolitan","Fog","Low ",0,"N",15
15,"Buffet ",39,22,4.8,"motorcycle",2,"No","Metropolitan","Windy","Low ",0,"N",10
29,"Meal ",31,14,4.7,"electric_scooter",2,"No","Urban","Cloudy","Jam ",0,"Y",5
32,"Meal ",37,9,4.9,"scooter",2,"No","Metropolitan","Cloudy","High ",1,"N",15
26,"Drinks ",34,19,4.6,"motorcycle",0,"No","Urban","Fog","Medium",0,"N",15
32,"Drinks ",39,4,4.4,"electric_scooter",2,"No","Metropolitan","Stormy","Medium",1,"N",10
22,"Buffet ",35,17,4.9,"scooter",2,"No","Semi-Urban","Sunny","Medium",1,"Y",15
20,"Meal ",20,23,4.8,"motorcycle",1,"No","Metropolitan","Sunny","Low ",1,"N",5
36,"Snack ",26,14,4.6,"motorcycle",0,"No","Metropolitan","Windy","Medium",2,"Y",10
19,"Drinks ",29,9,4.7,"motorcycle",2,"No","Metropolitan","Stormy","Low ",1,"Y",10
12,"Meal ",39,6,4.5,"scooter",2,"No","Semi-Urban","Sunny","High",0,"N",15
18,"Drinks ",26,15,4.7,"scooter",2,"No","Metropolitan","Sandstorms","Low ",0,"Y",5
30,"Snack ",35,3,4.6,"motorcycle",1,"No","Semi-Urban","Sunny","Jam ",0,"N",5
46,"Meal ",27,1,4.7,"motorcycle",0,"No","Semi-Urban","Cloudy","Jam ",3,"N",15
27,"Snack ",26,12,4.5,"electric_scooter",2,"No","Metropolitan","Stormy","Low ",0,"Y",20
29,"Buffet ",29,3,4.6,"motorcycle",0,"No","Metropolitan","Windy","Jam",1,"N",5
42,"Meal ",33,14,4.3,"scooter",1,"No","Urban","Fog","Jam ",0,"Y",10
24,"Meal ",36,16,4.5,"motorcycle",1,"No","Urban","Sunny","Medium",1,"Y",5
29,"Buffet ",24,14,4.6,"scooter",2,"No","Urban","Cloudy","High ",1,"N",10
17,"Meal ",28,18,4.9,"scooter",0,"No","Urban","Sunny","Medium",0,"N",5
14,"Snack ",32,13,4.7,"scooter",1,"No","Metropolitan","Sunny","Medium",0,"N",10
34,"Buffet ",32,6,4.8,"motorcycle",0,"No","Metropolitan","Stormy","Jam ",1,"N",10
16,"Drinks ",20,4,4.8,"motorcycle",1,"No","Metropolitan","Fog","Low ",1,"N",15
43,"Snack ",22,3,4.2,"motorcycle",2,"No","Urban","Fog","Jam ",1,"Y",10
39,"Drinks ",34,6,4.1,"motorcycle",1,"No","Metropolitan","Sunny","High ",2,"Y",15
37,"Snack ",24,6,4.1,"scooter",0,"No","Metropolitan","Windy","High ",1,"N",10
39,"Buffet ",36,12,4.6,"scooter",0,"No","Metropolitan","Sunny","Medium",1,"N",5
10,"Drinks ",30,9,4.7,"scooter",1,"No","Metropolitan","Windy","Low ",0,"N",5
44,"Snack ",23,12,4.4,"electric_scooter",0,"No","Metropolitan","Windy","Medium",1,"N",15
17,"Snack ",28,3,4.6,"motorcycle",2,"No","Metropolitan","Sandstorms","Low ",1,"N",10
20,"Snack ",29,22,5,"motorcycle",2,"No","Metropolitan","Windy","Medium",1,"N",5
13,"Meal ",34,5,4.9,"motorcycle",0,"No","Metropolitan","Sandstorms","Medium",1,"Y",10
39,"Snack ",22,22,4.9,"motorcycle",1,"No","Metropolitan","Cloudy","Medium",1,"Y",15
25,"Snack ",26,3,5,"motorcycle",1,"No","Urban","Sandstorms","Medium",0,"N",10
21,"Drinks ",32,13,4.7,"scooter",1,"No","Metropolitan","Sunny","Jam ",1,"Y",5
35,"Drinks ",34,3,3.6,"electric_scooter",1,"No","Metropolitan","Cloudy","Low ",1,"N",5
29,"Drinks ",32,17,4.5,"motorcycle",1,"No","Urban","Stormy","Jam ",1,"N",15
28,"Snack ",21,17,5,"motorcycle",0,"No","Urban","Windy","Medium",1,"N",5
27,"Drinks ",21,18,4.9,"motorcycle",2,"No","Metropolitan","Sunny","Low ",1,"Y",5
54,"Meal ",25,6,4.3,"electric_scooter",0,"Yes","Semi-Urban","Sandstorms","Jam ",1,"N",10
34,"Drinks ",23,6,3.5,"motorcycle",1,"No","Metropolitan","Sandstorms","Jam ",1,"N",5
17,"Buffet ",33,18,4.6,"scooter",1,"No","Urban","Windy","Low",1,"N",15
29,"Drinks ",28,16,4.7,"scooter",2,"No","Urban","Stormy","Medium",0,"N",5
15,"Buffet ",33,16,5,"scooter",0,"No","Metropolitan","Sunny","Medium",0,"N",15
20,"Meal ",27,23,4.8,"scooter",1,"No","Semi-Urban","Sunny","Medium",0,"N",15
35,"Snack ",26,13,3.3,"scooter",1,"No","Semi-Urban","Sunny","Low ",0,"N",5
18,"Drinks ",37,23,4.7,"electric_scooter",1,"No","Urban","Sunny","Medium",0,"N",10
20,"Snack ",38,3,4.5,"motorcycle",0,"No","Metropolitan","Stormy","Low ",1,"N",10
26,"Snack ",30,2,4.6,"motorcycle",1,"No","Metropolitan","Stormy","Jam ",1,"Y",5
29,"Buffet ",31,14,4.8,"motorcycle",0,"No","Metropolitan","Sunny","Low ",1,"N",20
34,"Buffet ",35,9,4.6,"scooter",2,"No","Urban","Windy","Medium",0,"N",15
15,"Meal ",33,5,4.8,"motorcycle",1,"No","Urban","Sunny","Jam ",0,"N",10
18,"Snack ",23,23,4.6,"electric_scooter",2,"No","Metropolitan","Stormy","Medium",0,"Y",10
26,"Buffet ",38,22,5,"scooter",0,"No","Urban","Cloudy","Medium",1,"N",15
28,"Meal ",33,17,5,"electric_scooter",2,"No","Metropolitan","Sandstorms","Medium",1,"N",5
17,"Buffet ",39,5,4.5,"motorcycle",1,"No","Metropolitan","Cloudy","Low ",0,"N",15
12,"Buffet ",36,16,4.6,"electric_scooter",2,"No","Metropolitan","Sandstorms","Low ",0,"Y",15
17,"Drinks ",37,23,4.7,"motorcycle",1,"No","Metropolitan","Sunny","High ",0,"N",15
18,"Meal ",28,8,4.9,"scooter",2,"No","Urban","Stormy","Low ",0,"N",10
42,"Snack ",27,3,4.6,"motorcycle",2,"No","Metropolitan","Cloudy","Jam ",1,"Y",15
30,"Snack ",22,4,4.9,"electric_scooter",2,"No","Metropolitan","Sunny","Jam ",0,"N",15
19,"Drinks ",39,16,4.6,"electric_scooter",1,"No","Urban","Sandstorms","Low",0,"Y",10
21,"Snack ",29,13,4.9,"motorcycle",0,"No","Metropolitan","Windy","Low ",1,"N",20
40,"Drinks ",31,3,5,"motorcycle",0,"No","Metropolitan","Fog","Low ",0,"N",10
21,"Snack ",31,6,5,"scooter",1,"No","Metropolitan","Stormy","Low ",0,"Y",5
29,"Buffet ",22,23,4.9,"scooter",1,"No","Metropolitan","Sandstorms","Low ",1,"N",10
35,"Snack ",20,13,4.6,"electric_scooter",2,"No","Metropolitan","Fog","Jam ",1,"N",5
22,"Snack ",26,3,4.7,"motorcycle",1,"No","Metropolitan","Sandstorms","Low ",1,"Y",10
20,"Meal ",24,18,4.9,"electric_scooter",0,"No","Metropolitan","Stormy","Medium",0,"Y",15
20,"Snack ",32,9,4.2,"motorcycle",0,"No","Metropolitan","Windy","Low ",0,"N",10
21,"Meal ",30,16,4.9,"scooter",1,"No","Urban","Sunny","Low",0,"Y",10
20,"Buffet ",29,19,4.9,"scooter",2,"No","Metropolitan","Sunny","Low ",0,"N",10
49,"Buffet ",31,2,3.9,"motorcycle",0,"Yes","Urban","Sunny","High",1,"N",5
29,"Buffet ",28,3,5,"motorcycle",1,"No","Metropolitan","Cloudy","High ",1,"N",10
16,"Drinks ",29,16,4.6,"motorcycle",1,"No","Urban","Stormy","Low",1,"N",15
40,"Meal ",39,7,3.5,"motorcycle",1,"No","Metropolitan","Windy","Jam ",1,"N",15
33,"Buffet ",33,1,4.7,"electric_scooter",0,"No","Metropolitan","Sandstorms","Medium",0,"Y",10
35,"Drinks ",21,14,3.5,"motorcycle",1,"No","Urban","Sandstorms","Jam ",2,"N",15
28,"Drinks ",32,23,4.6,"motorcycle",2,"No","Urban","Sunny","Medium",1,"N",15
53,"Snack ",27,2,3.7,"motorcycle",0,"No","Metropolitan","Sunny","Jam",3,"N",10
22,"Snack ",22,22,5,"scooter",2,"No","Metropolitan","Sunny","Jam ",1,"N",10
21,"Buffet ",23,21,4.9,"electric_scooter",1,"No","Semi-Urban","Stormy","High",1,"Y",5
32,"Meal ",20,9,4.4,"motorcycle",1,"No","Urban","Stormy","Jam ",1,"N",15
19,"Buffet ",38,9,4.8,"scooter",2,"No","Semi-Urban","Stormy","Low ",1,"N",10
12,"Drinks ",20,22,4.8,"scooter",1,"No","Urban","Sandstorms","Low",1,"N",15
38,"Snack ",20,7,4,"scooter",1,"No","Urban","Fog","Jam ",1,"Y",5
37,"Drinks ",28,2,4.6,"electric_scooter",1,"No","Semi-Urban","Cloudy","Jam ",1,"N",5
22,"Snack ",39,5,4.5,"electric_scooter",1,"No","Urban","Stormy","Medium",1,"N",10
32,"Meal ",36,3,4.3,"scooter",1,"No","Urban","Stormy","Jam",1,"Y",10
38,"Meal ",38,4,4.8,"motorcycle",0,"No","Semi-Urban","Sunny","Jam ",2,"N",15
34,"Buffet ",29,18,4.8,"scooter",2,"No","Metropolitan","Windy","Medium",1,"N",5
16,"Snack ",30,9,4.6,"electric_scooter",2,"No","Urban","Stormy","Low ",0,"N",10
31,"Drinks ",29,23,3.8,"motorcycle",2,"No","Metropolitan","Windy","Jam ",0,"N",5
29,"Buffet ",24,9,5,"motorcycle",2,"No","Metropolitan","Fog","High ",0,"N",10
40,"Buffet ",35,13,4.5,"motorcycle",0,"No","Urban","Sunny","High ",1,"N",15
32,"Meal ",23,1,4.4,"motorcycle",1,"No","Metropolitan","Windy","Jam ",1,"N",5
40,"Drinks ",24,4,4.8,"scooter",0,"No","Metropolitan","Sandstorms","Jam ",1,"N",15
35,"Meal ",21,3,4.4,"electric_scooter",1,"No","Semi-Urban","Fog","Low",1,"N",10
36,"Meal ",27,1,4.2,"electric_scooter",2,"No","Semi-Urban","Windy","Jam ",2,"N",5
39,"Snack ",28,4,4,"scooter",0,"No","Metropolitan","Sandstorms","Jam ",0,"N",5
25,"Snack ",32,12,4.7,"motorcycle",0,"No","Metropolitan","Stormy","Jam ",0,"N",10
20,"Buffet ",30,1,4.5,"scooter",0,"No","Metropolitan","Sunny","Medium",0,"N",10
48,"Buffet ",21,7,4.2,"scooter",0,"Yes","Urban","Windy","Jam ",1,"N",5
35,"Meal ",29,1,4.2,"scooter",1,"No","Metropolitan","Cloudy","Low ",0,"N",15
16,"Drinks ",24,16,4.7,"motorcycle",1,"No","Metropolitan","Sunny","High ",0,"Y",10
30,"Drinks ",22,6,4.8,"motorcycle",0,"No","Semi-Urban","Sunny","Jam ",1,"N",15
40,"Meal ",32,6,4.3,"motorcycle",0,"No","Metropolitan","Windy","Jam ",2,"N",15
37,"Meal ",30,3,4.5,"scooter",1,"No","Metropolitan","Sandstorms","Jam ",1,"N",5
25,"Meal ",20,1,4.5,"motorcycle",0,"No","Urban","Stormy","Jam",1,"N",15
27,"Drinks ",29,16,4.5,"motorcycle",1,"No","Metropolitan","Fog","Medium",1,"N",5
27,"Meal ",38,13,4.6,"scooter",2,"No","Metropolitan","Sandstorms","High ",1,"Y",10
25,"Meal ",28,6,4.5,"scooter",2,"No","Urban","Fog","Medium",1,"N",5
34,"Snack ",21,8,4.8,"scooter",1,"No","Metropolitan","Windy","Jam ",1,"Y",10
44,"Buffet ",22,15,5,"motorcycle",1,"No","Metropolitan","Fog","Medium",3,"N",10
15,"Buffet ",39,18,4.6,"electric_scooter",2,"No","Urban","Cloudy","Low",1,"N",10
28,"Meal ",20,2,4.2,"motorcycle",0,"No","Metropolitan","Windy","Low ",1,"N",10
27,"Drinks ",30,18,4.6,"scooter",1,"No","Urban","Cloudy","Low ",1,"Y",10
10,"Drinks ",38,4,4.5,"motorcycle",1,"No","Metropolitan","Fog","Low",0,"Y",10
42,"Snack ",39,1,4.7,"scooter",2,"No","Metropolitan","Fog","Jam ",1,"Y",5
23,"Buffet ",32,18,5,"scooter",2,"No","Urban","Windy","Jam",1,"Y",15
26,"Snack ",20,21,4.6,"motorcycle",0,"No","Metropolitan","Stormy","Jam ",1,"N",5
26,"Meal ",33,23,4.6,"scooter",1,"No","Urban","Windy","Jam",1,"N",10
35,"Snack ",24,8,4.2,"motorcycle",0,"No","Metropolitan","Windy","Medium",1,"N",5
41,"Snack ",22,7,3.5,"scooter",1,"Yes","Metropolitan","Sandstorms","Jam ",1,"N",15
29,"Meal ",20,13,4.8,"motorcycle",0,"No","Metropolitan","Fog","Medium",1,"Y",5
15,"Meal ",26,22,4.8,"scooter",2,"No","Urban","Windy","Low ",0,"N",20
37,"Drinks ",37,23,4.9,"motorcycle",0,"No","Metropolitan","Cloudy","Medium",1,"N",5
32,"Snack ",39,12,4,"motorcycle",0,"No","Metropolitan","Fog","Jam ",1,"Y",15
16,"Meal ",39,6,4.9,"electric_scooter",2,"No","Metropolitan","Sandstorms","Low ",1,"Y",5
12,"Buffet ",24,13,4.9,"scooter",2,"No","Metropolitan","Sunny","Medium",0,"N",5
34,"Drinks ",21,21,5,"motorcycle",2,"No","Metropolitan","Cloudy","Jam ",1,"N",10
44,"Buffet ",39,18,4.9,"motorcycle",1,"No","Metropolitan","Cloudy","Jam ",0,"N",5
22,"Snack ",39,23,5,"scooter",1,"No","Metropolitan","Sunny","Jam ",1,"N",15
37,"Drinks ",37,19,4.2,"scooter",2,"No","Urban","Stormy","Jam",1,"N",15
20,"Meal ",27,15,4.7,"motorcycle",0,"No","Metropolitan","Sandstorms","Medium",0,"N",5
23,"Snack ",28,19,4.5,"motorcycle",0,"No","Metropolitan","Fog","Medium",1,"N",5
29,"Meal ",32,21,4.8,"motorcycle",2,"No","Metropolitan","Sunny","Jam ",1,"Y",15
39,"Drinks ",25,11,3.6,"scooter",1,"No","Metropolitan","Windy","Medium",1,"N",5
34,"Meal ",27,3,4.7,"electric_scooter",2,"No","Urban","Windy","High ",1,"Y",10
29,"Drinks ",28,11,4.9,"electric_scooter",1,"No","Urban","Stormy","Jam ",0,"N",15
36,"Snack ",39,15,4.7,"motorcycle",1,"No","Semi-Urban","Fog","Jam ",1,"Y",5
45,"Buffet ",39,6,4.6,"motorcycle",0,"No","Urban","Stormy","Medium",0,"N",5
32,"Meal ",26,19,4.7,"motorcycle",0,"No","Metropolitan","Fog","High",1,"N",15
31,"Drinks ",36,8,4.8,"scooter",2,"No","Metropolitan","Fog","Jam ",1,"N",5
23,"Snack ",30,9,4.8,"motorcycle",0,"No","Metropolitan","Fog","Low ",0,"N",10
42,"Meal ",24,14,4.8,"motorcycle",0,"No","Metropolitan","Fog","Medium",0,"N",5
28,"Buffet ",38,19,4.3,"motorcycle",0,"No","Semi-Urban","Windy","Low ",1,"N",10
38,"Snack ",26,23,4.6,"motorcycle",0,"No","Urban","Stormy","Jam",1,"N",10
19,"Buffet ",39,23,4.7,"scooter",2,"No","Metropolitan","Stormy","Low ",0,"Y",10
27,"Buffet ",34,17,4.8,"scooter",2,"No","Semi-Urban","Sandstorms","High ",1,"N",5
17,"Meal ",20,18,4.6,"scooter",1,"No","Metropolitan","Stormy","Jam ",0,"N",10
23,"Buffet ",32,6,4.7,"scooter",1,"No","Semi-Urban","Sandstorms","Medium",0,"N",5
37,"Drinks ",34,18,4.3,"motorcycle",0,"No","Metropolitan","Stormy","Jam ",1,"N",10
12,"Meal ",29,17,4.8,"electric_scooter",1,"No","Semi-Urban","Sunny","Jam ",1,"N",15
24,"Meal ",30,15,4.6,"motorcycle",0,"No","Metropolitan","Stormy","Jam ",0,"N",5
16,"Drinks ",23,3,4.8,"scooter",1,"No","Metropolitan","Sandstorms","Low ",0,"N",10
15,"Drinks ",31,15,4.8,"electric_scooter",2,"No","Urban","Stormy","Jam",0,"N",10
22,"Snack ",38,17,4.7,"scooter",1,"No","Urban","Sunny","Jam ",0,"Y",5
13,"Snack ",29,22,4.7,"scooter",2,"No","Metropolitan","Stormy","Medium",1,"Y",15
21,"Buffet ",39,19,4.9,"motorcycle",2,"No","Urban","Sunny","Low ",0,"Y",15
36,"Buffet ",30,4,4.1,"motorcycle",0,"No","Semi-Urban","Sandstorms","Jam ",2,"N",5
36,"Drinks ",37,23,4.8,"electric_scooter",1,"No","Metropolitan","Fog","Jam ",1,"N",15
11,"Meal ",26,5,4.9,"electric_scooter",1,"No","Urban","Sunny","Low ",0,"N",10
19,"Buffet ",22,23,4.8,"motorcycle",1,"No","Urban","Sunny","Medium",1,"N",10
16,"Snack ",21,19,4.8,"scooter",1,"No","Metropolitan","Windy","Jam ",1,"N",10
21,"Snack ",27,14,4.8,"motorcycle",0,"No","Urban","Windy","Jam ",0,"Y",10
45,"Buffet ",30,23,4.6,"electric_scooter",0,"No","Metropolitan","Sunny","High ",2,"N",5
20,"Drinks ",20,13,4.8,"scooter",1,"No","Metropolitan","Sunny","Low ",1,"Y",15
24,"Snack ",25,11,4.7,"scooter",2,"No","Metropolitan","Sandstorms","Low ",1,"Y",5
20,"Drinks ",28,13,4.7,"scooter",1,"No","Metropolitan","Sunny","Medium",0,"N",15
42,"Meal ",39,4,4.8,"motorcycle",0,"Yes","Metropolitan","Cloudy","Low ",1,"N",15
10,"Drinks ",30,9,4.7,"scooter",1,"No","Metropolitan","Windy","Low ",0,"N",5
24,"Snack ",29,21,4.7,"motorcycle",0,"No","Semi-Urban","Stormy","Low ",1,"N",10
25,"Drinks ",33,2,4.9,"scooter",1,"No","Urban","Stormy","Medium",1,"N",10
20,"Buffet ",27,16,4.5,"scooter",2,"No","Semi-Urban","Stormy","Low ",0,"N",5
33,"Drinks ",27,16,4.7,"motorcycle",1,"No","Metropolitan","Cloudy","Medium",1,"N",10
37,"Drinks ",38,15,5,"motorcycle",0,"No","Urban","Fog","Medium",1,"Y",10
27,"Snack ",20,19,4.7,"scooter",1,"No","Semi-Urban","Sandstorms","Low ",1,"Y",15
25,"Drinks ",22,23,4.9,"motorcycle",1,"No","Semi-Urban","Cloudy","High",1,"N",5
28,"Drinks ",25,19,4.9,"motorcycle",0,"No","Metropolitan","Fog","Medium",1,"Y",10
20,"Meal ",23,16,4.8,"motorcycle",2,"No","Metropolitan","Windy","Low ",1,"N",10
17,"Buffet ",22,15,4.6,"motorcycle",2,"No","Metropolitan","Cloudy","Low ",1,"N",10
36,"Drinks ",35,16,4.7,"scooter",1,"No","Metropolitan","Fog","Medium",1,"Y",10
30,"Buffet ",31,19,4.7,"motorcycle",0,"No","Metropolitan","Windy","Jam ",1,"N",15
10,"Snack ",34,21,4.5,"electric_scooter",2,"No","Metropolitan","Sandstorms","Low ",1,"Y",10
16,"Snack ",27,22,5,"motorcycle",1,"No","Urban","Fog","Medium",1,"Y",15
29,"Snack ",39,4,4.9,"scooter",2,"No","Metropolitan","Cloudy","Jam ",0,"N",5
19,"Drinks ",35,22,4.7,"motorcycle",1,"No","Urban","Stormy","Low",0,"N",10
39,"Buffet ",25,11,4.1,"scooter",2,"No","Metropolitan","Windy","Jam ",1,"N",5
31,"Drinks ",22,19,5,"motorcycle",1,"No","Urban","Fog","High",0,"N",15
39,"Meal ",29,22,4.9,"motorcycle",1,"No","Semi-Urban","Stormy","Medium",1,"N",5
36,"Drinks ",27,5,5,"electric_scooter",2,"No","Metropolitan","Fog","Jam ",1,"N",15
22,"Meal ",34,13,4.9,"motorcycle",0,"No","Urban","Sunny","Low ",1,"N",10
27,"Buffet ",24,18,4.9,"motorcycle",0,"No","Metropolitan","Sunny","Low ",0,"N",5
15,"Buffet ",21,23,5,"motorcycle",1,"No","Metropolitan","Sunny","Jam ",1,"Y",10
39,"Meal ",22,3,5,"motorcycle",0,"No","Metropolitan","Fog","Low ",1,"Y",15
29,"Drinks ",22,3,4.3,"electric_scooter",0,"No","Metropolitan","Sandstorms","Low ",0,"N",15
16,"Snack ",22,17,4.8,"electric_scooter",0,"No","Metropolitan","Fog","Low ",1,"N",10
19,"Drinks ",31,18,4.6,"motorcycle",1,"No","Metropolitan","Cloudy","Low",1,"Y",10
23,"Meal ",21,17,4.7,"scooter",2,"No","Metropolitan","Stormy","Low ",1,"N",10
14,"Drinks ",22,1,4.5,"scooter",2,"No","Semi-Urban","Fog","Medium",0,"N",10
21,"Meal ",20,13,4.7,"motorcycle",0,"No","Metropolitan","Windy","Low ",1,"N",5
12,"Drinks ",33,17,4.7,"motorcycle",2,"No","Urban","Stormy","Low",0,"N",15
28,"Snack ",31,6,4.5,"motorcycle",2,"No","Urban","Windy","Jam",0,"N",15
15,"Buffet ",28,4,4.5,"motorcycle",1,"No","Metropolitan","Fog","Low ",0,"N",5
21,"Buffet ",36,18,4.8,"motorcycle",0,"No","Metropolitan","Cloudy","Low ",1,"N",30
35,"Meal ",24,14,5,"scooter",1,"No","Metropolitan","Cloudy","Jam ",1,"Y",5
19,"Buffet ",39,19,4.9,"motorcycle",1,"No","Metropolitan","Sunny","Medium",1,"Y",15
32,"Snack ",27,9,4.6,"motorcycle",1,"No","Metropolitan","Cloudy","Medium",0,"Y",10
20,"Buffet ",31,5,4,"motorcycle",0,"No","Metropolitan","Sandstorms","Low ",0,"N",5
40,"Buffet ",37,14,4.5,"motorcycle",0,"No","Metropolitan","Fog","Medium",2,"N",10
19,"Snack ",23,5,4.1,"motorcycle",0,"No","Urban","Windy","Low",1,"N",10
27,"Snack ",31,1,4.8,"scooter",1,"No","Urban","Fog","High ",1,"N",5
27,"Buffet ",26,19,4.9,"scooter",2,"No","Metropolitan","Sandstorms","Low ",1,"N",15
49,"Buffet ",24,17,4.3,"motorcycle",0,"No","Semi-Urban","Sandstorms","Medium",2,"N",15
20,"Snack ",23,23,4.6,"motorcycle",0,"No","Metropolitan","Fog","Low ",1,"Y",5
41,"Snack ",26,8,4.3,"scooter",2,"Yes","Urban","Fog","Jam ",0,"N",5
26,"Snack ",35,16,4.6,"motorcycle",0,"No","Urban","Windy","High",1,"N",10
23,"Meal ",30,5,4.7,"motorcycle",0,"No","Semi-Urban","Fog","Low ",1,"N",10
11,"Snack ",35,19,4.9,"scooter",1,"No","Urban","Stormy","Medium",0,"Y",10
43,"Drinks ",32,7,3.5,"scooter",1,"No","Metropolitan","Windy","Jam ",2,"N",10
39,"Buffet ",25,23,4.6,"scooter",2,"No","Urban","Stormy","Jam",1,"Y",15
44,"Buffet ",23,18,4.6,"motorcycle",0,"Yes","Metropolitan","Fog","Jam ",0,"N",15
48,"Snack ",20,12,4.8,"motorcycle",0,"No","Metropolitan","Stormy","Jam ",2,"N",10
26,"Drinks ",24,22,4.7,"electric_scooter",1,"No","Semi-Urban","Windy","Low ",1,"N",10
21,"Buffet ",27,13,5,"scooter",2,"No","Metropolitan","Windy","Medium",1,"Y",15
35,"Meal ",20,4,4.4,"motorcycle",0,"No","Semi-Urban","Stormy","Medium",2,"N",5
22,"Meal ",38,21,4.8,"scooter",1,"No","Metropolitan","Sunny","Jam ",1,"Y",15
37,"Buffet ",21,15,4.9,"electric_scooter",2,"No","Urban","Fog","Jam",1,"N",10
30,"Buffet ",20,13,4.9,"scooter",0,"No","Metropolitan","Stormy","Jam ",0,"N",10
26,"Drinks ",34,15,4.7,"scooter",1,"No","Metropolitan","Windy","Jam ",0,"N",10
39,"Drinks ",21,13,3.6,"scooter",2,"No","Semi-Urban","Windy","Medium",1,"N",15
14,"Drinks ",37,23,4.6,"electric_scooter",1,"No","Metropolitan","Cloudy","Medium",0,"Y",10
29,"Drinks ",31,1,4.7,"scooter",2,"No","Metropolitan","Windy","Low ",1,"N",15
18,"Buffet ",24,15,4.8,"motorcycle",2,"No","Urban","Sandstorms","High",1,"N",5
25,"Drinks ",26,16,4.7,"scooter",2,"No","Urban","Sandstorms","Jam ",1,"Y",10
19,"Buffet ",33,17,4.9,"motorcycle",0,"No","Semi-Urban","Windy","Low",1,"N",10
28,"Buffet ",29,13,4.6,"motorcycle",1,"No","Metropolitan","Stormy","Medium",0,"N",15
17,"Snack ",22,21,4.6,"scooter",1,"No","Metropolitan","Fog","Low ",0,"Y",10
21,"Snack ",21,15,4.8,"motorcycle",2,"No","Metropolitan","Sandstorms","Jam ",1,"N",10
22,"Snack ",36,22,4.6,"scooter",1,"No","Semi-Urban","Sunny","Medium",1,"Y",15
34,"Meal ",38,7,4.1,"scooter",1,"No","Semi-Urban","Stormy","Jam ",1,"Y",10
23,"Meal ",37,21,4.7,"electric_scooter",0,"No","Semi-Urban","Cloudy","Low",1,"N",10
20,"Drinks ",26,18,4.7,"scooter",2,"No","Metropolitan","Windy","Jam ",1,"Y",10
23,"Buffet ",34,12,4.6,"motorcycle",2,"No","Semi-Urban","Stormy","Jam ",1,"Y",10
31,"Snack ",27,11,4.6,"scooter",1,"No","Metropolitan","Windy","Jam ",1,"N",10
25,"Drinks ",27,21,4.5,"scooter",1,"No","Metropolitan","Sandstorms","Low ",1,"N",10
19,"Drinks ",26,6,4.6,"motorcycle",1,"No","Metropolitan","Fog","Medium",1,"N",5
24,"Snack ",24,13,4.6,"motorcycle",0,"No","Metropolitan","Fog","Low ",1,"N",10
29,"Buffet ",34,23,4.4,"motorcycle",0,"No","Metropolitan","Stormy","Low ",1,"N",15
23,"Buffet ",25,19,4.7,"motorcycle",1,"No","Metropolitan","Sunny","High ",1,"N",5
26,"Snack ",20,1,4.8,"motorcycle",1,"No","Metropolitan","Windy","Medium",1,"N",15
32,"Buffet ",24,2,4.8,"motorcycle",1,"No","Semi-Urban","Windy","Medium",0,"N",10
28,"Drinks ",24,22,4.9,"motorcycle",1,"No","Semi-Urban","Stormy","Low ",1,"Y",5
31,"Buffet ",38,16,4.4,"scooter",0,"No","Metropolitan","Fog","High ",1,"N",10
27,"Drinks ",33,18,4.6,"scooter",2,"No","Metropolitan","Stormy","Medium",0,"Y",10
27,"Meal ",28,13,5,"electric_scooter",2,"No","Semi-Urban","Sandstorms","High ",1,"Y",5
36,"Snack ",23,16,4.4,"scooter",1,"No","Urban","Sunny","Medium",1,"N",15
51,"Snack ",34,12,3.9,"motorcycle",0,"Yes","Metropolitan","Sunny","Jam ",3,"N",10
13,"Meal ",25,3,4.7,"scooter",1,"No","Metropolitan","Sandstorms","Jam ",0,"N",5
18,"Buffet ",29,16,4.7,"scooter",0,"No","Urban","Windy","Jam ",0,"Y",15
54,"Meal ",37,20,4.1,"motorcycle",0,"No","Semi-Urban","Sandstorms","Jam ",2,"N",15
31,"Buffet ",34,15,4.1,"motorcycle",2,"No","Urban","Fog","Medium",1,"N",10
22,"Buffet ",35,18,4.7,"scooter",2,"No","Semi-Urban","Cloudy","Low ",1,"Y",15
18,"Drinks ",30,23,4.6,"scooter",1,"No","Urban","Stormy","Low ",1,"Y",10
21,"Drinks ",20,9,4.9,"electric_scooter",2,"No","Urban","Sunny","Jam ",1,"N",5
26,"Meal ",29,13,4.8,"electric_scooter",2,"No","Metropolitan","Windy","Medium",1,"Y",15
48,"Buffet ",21,23,4.7,"motorcycle",0,"Yes","Semi-Urban","Fog","Jam",1,"N",15
38,"Buffet ",23,4,4.4,"electric_scooter",2,"No","Metropolitan","Sandstorms","Jam ",1,"N",10
44,"Drinks ",35,17,4.8,"motorcycle",0,"No","Metropolitan","Stormy","Jam ",1,"Y",15
15,"Drinks ",22,16,4.7,"scooter",2,"No","Semi-Urban","Sunny","Jam",1,"N",15
41,"Meal ",33,15,3.9,"scooter",1,"No","Metropolitan","Stormy","Jam ",1,"N",5
31,"Buffet ",38,17,4.7,"motorcycle",0,"No","Metropolitan","Windy","Jam ",1,"N",15
22,"Buffet ",23,16,5,"scooter",2,"No","Urban","Sunny","Low",0,"N",5
12,"Buffet ",32,15,4.8,"scooter",2,"No","Urban","Sandstorms","Low",0,"N",5
23,"Drinks ",35,18,4.6,"scooter",1,"No","Metropolitan","Stormy","Low ",1,"N",5
20,"Meal ",22,23,4.6,"motorcycle",1,"No","Urban","Windy","Medium",0,"N",10
11,"Drinks ",35,16,4.9,"motorcycle",1,"No","Urban","Sandstorms","Low",0,"Y",15
45,"Meal ",31,8,4.6,"motorcycle",0,"No","Metropolitan","Fog","Medium",1,"N",10
36,"Meal ",31,6,4.4,"motorcycle",0,"No","Metropolitan","Windy","Jam ",0,"N",10
14,"Snack ",29,23,4.6,"scooter",1,"No","Metropolitan","Stormy","Low ",1,"N",5
36,"Snack ",25,17,5,"motorcycle",0,"No","Metropolitan","Windy","Jam ",0,"Y",5
38,"Buffet ",23,4,4.3,"electric_scooter",2,"No","Metropolitan","Windy","Jam ",1,"N",5
34,"Drinks ",27,9,4.1,"motorcycle",2,"No","Metropolitan","Sandstorms","Jam ",1,"Y",5
17,"Drinks ",27,23,4.5,"motorcycle",1,"No","Metropolitan","Stormy","Low ",1,"N",15
10,"Snack ",37,23,4.6,"electric_scooter",2,"No","Urban","Windy","Low",1,"N",10
29,"Buffet ",23,17,4.9,"motorcycle",1,"No","Metropolitan","Stormy","Jam ",1,"Y",15
17,"Drinks ",35,19,5,"scooter",2,"No","Metropolitan","Sandstorms","Low ",0,"N",10
37,"Drinks ",23,7,4,"scooter",1,"No","Metropolitan","Cloudy","Jam ",1,"N",5
12,"Buffet ",26,22,5,"motorcycle",1,"No","Metropolitan","Sunny","Low ",0,"N",10
37,"Drinks ",20,3,4.3,"scooter",2,"No","Metropolitan","Windy","Medium",0,"N",15
24,"Meal ",20,15,4.9,"scooter",2,"No","Metropolitan","Windy","Medium",1,"N",5
25,"Buffet ",37,12,4.5,"motorcycle",1,"No","Metropolitan","Sandstorms","Low ",1,"N",5
29,"Meal ",23,16,5,"motorcycle",0,"No","Semi-Urban","Windy","Medium",1,"N",5
35,"Buffet ",35,3,4.1,"motorcycle",1,"No","Metropolitan","Cloudy","High ",0,"N",10
11,"Buffet ",34,21,4.8,"motorcycle",1,"No","Metropolitan","Sunny","Jam ",1,"N",5
15,"Drinks ",33,9,4.6,"scooter",1,"No","Metropolitan","Fog","Low ",0,"N",5
41,"Buffet ",22,9,2.8,"motorcycle",1,"No","Metropolitan","Sunny","Low ",1,"Y",15
13,"Buffet ",23,9,4.9,"motorcycle",1,"No","Metropolitan","Stormy","Low ",0,"Y",10
16,"Snack ",28,22,4.8,"electric_scooter",2,"No","Urban","Sandstorms","Low",1,"N",10
22,"Snack ",31,13,4.2,"electric_scooter",0,"No","Metropolitan","Windy","Low ",1,"N",10
29,"Drinks ",20,23,4.8,"electric_scooter",2,"No","Urban","Sandstorms","Jam",1,"Y",10
23,"Buffet ",31,23,4.6,"scooter",2,"No","Metropolitan","Stormy","Low ",1,"N",15
12,"Snack ",26,17,4.9,"motorcycle",2,"No","Urban","Stormy","Low",0,"N",15
27,"Snack ",21,22,4.7,"motorcycle",0,"No","Metropolitan","Windy","Medium",0,"N",15
10,"Meal ",38,18,4.6,"scooter",1,"No","Urban","Sandstorms","Low",0,"Y",15
19,"Drinks ",37,22,4.7,"motorcycle",1,"No","Semi-Urban","Sunny","Jam",0,"N",10
39,"Meal ",25,3,4.2,"motorcycle",2,"Yes","Metropolitan","Fog","Medium",1,"N",10
27,"Meal ",27,3,4.6,"scooter",2,"No","Metropolitan","Sandstorms","Jam ",1,"N",5
28,"Snack ",22,14,4.7,"motorcycle",2,"No","Metropolitan","Sunny","Low ",1,"N",5
36,"Snack ",39,15,4.7,"motorcycle",1,"No","Semi-Urban","Fog","Jam ",1,"Y",5
21,"Meal ",38,5,4.5,"motorcycle",0,"No","Metropolitan","Sandstorms","Low ",1,"N",5
29,"Drinks ",22,14,4.9,"motorcycle",0,"No","Semi-Urban","Stormy","Low ",0,"N",15
38,"Meal ",37,1,4.3,"motorcycle",0,"No","Urban","Sandstorms","Low",1,"N",5
32,"Drinks ",28,23,4.7,"motorcycle",0,"No","Metropolitan","Stormy","Medium",1,"N",10
25,"Meal ",25,5,4.4,"motorcycle",0,"No","Metropolitan","Fog","Low ",0,"N",15
25,"Buffet ",20,21,4.6,"motorcycle",0,"No","Metropolitan","Fog","Medium",1,"N",15
32,"Meal ",29,6,4.1,"electric_scooter",2,"No","Metropolitan","Cloudy","Medium",1,"N",5
21,"Meal ",26,18,4.6,"scooter",2,"No","Metropolitan","Windy","Medium",1,"N",10
18,"Snack ",22,15,4.9,"electric_scooter",2,"No","Semi-Urban","Cloudy","Low",1,"N",5
38,"Meal ",36,4,4.3,"motorcycle",1,"No","Urban","Cloudy","Jam",2,"Y",15
11,"Drinks ",33,19,4.9,"motorcycle",2,"No","Urban","Windy","Low",0,"N",10
42,"Drinks ",38,3,4.6,"electric_scooter",0,"No","Metropolitan","Fog","Medium",1,"N",15
19,"Snack ",21,18,4.6,"scooter",1,"No","Metropolitan","Fog","Low ",0,"N",5
47,"Snack ",22,11,4.7,"electric_scooter",0,"Yes","Metropolitan","Cloudy","Medium",1,"N",15
26,"Buffet ",28,14,4.6,"motorcycle",2,"No","Metropolitan","Sunny","Jam ",1,"Y",10
10,"Meal ",24,21,5,"motorcycle",1,"No","Urban","Sandstorms","Low",0,"N",15
29,"Meal ",34,11,4.5,"motorcycle",2,"No","Metropolitan","Sandstorms","Low ",1,"Y",5
15,"Snack ",25,16,4.7,"scooter",1,"No","Metropolitan","Sunny","Low ",1,"Y",10
38,"Meal ",27,12,4.2,"motorcycle",1,"No","Metropolitan","Cloudy","Jam ",1,"Y",10
25,"Drinks ",21,18,4.8,"scooter",1,"No","Urban","Windy","Medium",1,"N",10
30,"Snack ",37,22,4.8,"motorcycle",0,"No","Metropolitan","Stormy","Medium",0,"Y",5
26,"Meal ",39,8,4.8,"motorcycle",1,"No","Metropolitan","Stormy","Jam ",1,"N",15
49,"Drinks ",33,17,5,"motorcycle",0,"No","Urban","Stormy","Jam",0,"N",10
23,"Meal ",30,21,4.6,"scooter",2,"No","Semi-Urban","Sunny","Jam ",1,"Y",10
20,"Drinks ",23,17,4.5,"electric_scooter",2,"No","Metropolitan","Stormy","Low ",1,"N",5
10,"Buffet ",28,15,4.9,"electric_scooter",2,"No","Metropolitan","Stormy","Low ",0,"Y",15
33,"Meal ",37,18,4.1,"motorcycle",1,"No","Metropolitan","Sandstorms","Medium",1,"N",15
25,"Meal ",34,18,4.7,"scooter",1,"No","Urban","Fog","Low ",1,"N",10
15,"Snack ",37,23,4.9,"scooter",1,"No","Urban","Windy","Medium",1,"N",5
29,"Meal ",38,9,4.5,"scooter",2,"No","Metropolitan","Fog","Medium",0,"N",5
28,"Buffet ",21,22,4.9,"electric_scooter",2,"No","Metropolitan","Stormy","Low ",1,"N",15
27,"Meal ",34,13,4.5,"motorcycle",1,"No","Metropolitan","Sandstorms","Medium",0,"N",15
24,"Buffet ",27,17,4.8,"scooter",2,"No","Urban","Sandstorms","Low",0,"N",5
48,"Meal ",28,3,4.9,"motorcycle",0,"No","Metropolitan","Fog","Jam ",2,"N",15
15,"Meal ",30,23,4.6,"scooter",2,"No","Metropolitan","Stormy","Jam ",1,"N",5
28,"Meal ",33,23,4.7,"electric_scooter",2,"No","Semi-Urban","Cloudy","High ",1,"Y",10
15,"Buffet ",27,23,4.9,"scooter",2,"No","Metropolitan","Fog","Medium",1,"N",10
26,"Snack ",21,9,4.8,"motorcycle",2,"No","Metropolitan","Sandstorms","Medium",1,"N",5
17,"Buffet ",34,12,4.7,"scooter",1,"No","Urban","Cloudy","Medium",1,"N",15
15,"Buffet ",26,22,5,"scooter",2,"No","Urban","Sandstorms","Jam",0,"N",10
22,"Snack ",37,16,4.8,"scooter",2,"No","Metropolitan","Stormy","Medium",0,"N",15
15,"Snack ",24,15,4.6,"electric_scooter",2,"No","Metropolitan","Stormy","Jam ",0,"N",5
22,"Buffet ",35,23,4.9,"electric_scooter",2,"No","Urban","Sandstorms","Medium",0,"N",5
35,"Drinks ",33,9,4.9,"motorcycle",0,"No","Metropolitan","Cloudy","Low ",1,"N",15
18,"Drinks ",36,23,5,"scooter",1,"No","Semi-Urban","Fog","Low ",1,"N",5
25,"Meal ",21,12,4.5,"motorcycle",0,"No","Urban","Stormy","Low ",1,"Y",10
22,"Snack ",20,23,4.7,"motorcycle",0,"No","Metropolitan","Stormy","Low ",0,"Y",15
27,"Meal ",36,12,4.7,"electric_scooter",2,"No","Urban","Windy","Jam ",1,"N",15
29,"Buffet ",22,3,4.6,"electric_scooter",1,"No","Metropolitan","Stormy","Low ",0,"N",10
33,"Drinks ",39,23,4.7,"scooter",1,"No","Metropolitan","Sunny","Jam ",1,"N",15
25,"Snack ",23,17,4.9,"motorcycle",0,"No","Metropolitan","Sunny","Jam ",0,"N",15
33,"Meal ",26,13,4.9,"motorcycle",0,"No","Metropolitan","Sandstorms","Jam ",0,"N",5
30,"Meal ",22,21,4.7,"scooter",2,"No","Metropolitan","Stormy","Low ",0,"N",10
30,"Buffet ",28,12,4.8,"motorcycle",0,"No","Metropolitan","Cloudy","Medium",1,"N",10
45,"Drinks ",38,3,4.4,"motorcycle",0,"No","Urban","Sandstorms","Jam",3,"N",15
33,"Meal ",31,9,4,"scooter",2,"No","Metropolitan","Cloudy","Medium",1,"N",10
35,"Snack ",25,16,5,"motorcycle",0,"No","Urban","Windy","Jam",2,"N",10
16,"Buffet ",22,23,4.6,"scooter",2,"No","Metropolitan","Sandstorms","Low ",1,"Y",5
36,"Drinks ",24,3,4.2,"scooter",2,"No","Urban","Sunny","Jam ",1,"N",5
24,"Snack ",33,21,4.8,"motorcycle",0,"No","Semi-Urban","Sandstorms","Low ",1,"N",15
18,"Drinks ",38,22,4.9,"motorcycle",1,"No","Urban","Windy","High",0,"Y",15
21,"Snack ",22,16,4.8,"scooter",2,"No","Metropolitan","Stormy","Medium",0,"N",15
17,"Drinks ",32,9,4.9,"electric_scooter",2,"No","Semi-Urban","Fog","Low ",1,"N",10
25,"Snack ",21,22,4.8,"motorcycle",1,"No","Urban","Sunny","Jam",1,"N",10
27,"Meal ",21,12,4.9,"motorcycle",0,"No","Semi-Urban","Sunny","Medium",0,"Y",15
18,"Meal ",26,17,4.6,"motorcycle",0,"No","Metropolitan","Sandstorms","High ",0,"N",5
46,"Drinks ",33,7,4.1,"motorcycle",0,"Yes","Semi-Urban","Stormy","Medium",1,"N",15
34,"Drinks ",39,17,4.7,"motorcycle",1,"No","Semi-Urban","Cloudy","High ",1,"Y",10
15,"Drinks ",22,3,5,"motorcycle",2,"No","Urban","Sunny","Jam",1,"N",15
25,"Buffet ",33,6,4.6,"motorcycle",1,"No","Metropolitan","Windy","Jam ",0,"Y",15
26,"Drinks ",26,23,4.9,"motorcycle",1,"No","Semi-Urban","Windy","High ",1,"Y",5
39,"Meal ",20,23,4.6,"motorcycle",0,"No","Metropolitan","Stormy","Jam ",1,"Y",15
12,"Snack ",31,16,4.7,"electric_scooter",2,"No","Metropolitan","Sunny","Jam ",0,"N",5
25,"Drinks ",29,13,5,"motorcycle",1,"No","Metropolitan","Sandstorms","Jam ",1,"N",10
32,"Drinks ",36,1,3.2,"motorcycle",0,"No","Semi-Urban","Sunny","Low",1,"N",5
19,"Snack ",32,5,4.8,"electric_scooter",2,"No","Urban","Stormy","Medium",1,"Y",15
17,"Snack ",37,18,4.9,"motorcycle",2,"No","Urban","Sunny","Low",1,"N",5
27,"Meal ",35,23,5,"motorcycle",1,"No","Metropolitan","Windy","Medium",1,"N",15
33,"Drinks ",34,16,4.6,"scooter",1,"No","Urban","Stormy","Jam",1,"N",5
22,"Drinks ",33,7,4.5,"motorcycle",0,"No","Metropolitan","Windy","Low ",1,"N",10
32,"Meal ",26,6,4.2,"electric_scooter",2,"No","Urban","Stormy","High",1,"N",10
13,"Drinks ",30,18,4.9,"motorcycle",1,"No","Metropolitan","Sunny","Jam ",1,"N",15
20,"Meal ",27,13,4.6,"motorcycle",1,"No","Urban","Sandstorms","Low ",0,"N",20
15,"Buffet ",25,19,4.7,"scooter",2,"No","Urban","Sunny","Low ",1,"N",5
28,"Drinks ",35,9,4.9,"motorcycle",1,"No","Metropolitan","Windy","Low ",1,"N",25
21,"Meal ",21,17,4.8,"electric_scooter",1,"No","Metropolitan","Fog","Jam",0,"N",15
33,"Snack ",20,15,4.2,"motorcycle",2,"No","Semi-Urban","Fog","High ",1,"N",10
19,"Snack ",28,21,4.7,"motorcycle",0,"No","Urban","Cloudy","Low",1,"N",15
39,"Meal ",27,15,5,"scooter",1,"No","Urban","Cloudy","Jam",2,"Y",15
16,"Snack ",30,14,4.5,"scooter",1,"No","Urban","Sandstorms","Low ",0,"N",15
32,"Meal ",36,21,5,"electric_scooter",2,"No","Urban","Cloudy","Medium",1,"N",5
28,"Drinks ",22,18,4.6,"motorcycle",2,"No","Metropolitan","Stormy","High ",0,"Y",10
45,"Meal ",31,8,4.6,"motorcycle",0,"No","Metropolitan","Fog","Medium",1,"N",10
22,"Meal ",35,19,4.8,"electric_scooter",0,"No","Urban","Fog","Low",1,"N",5
18,"Buffet ",24,6,4.5,"electric_scooter",0,"No","Metropolitan","Sandstorms","Medium",1,"N",5
19,"Drinks ",38,9,4.7,"scooter",1,"No","Metropolitan","Fog","Low ",1,"N",5
23,"Drinks ",25,9,4.6,"motorcycle",2,"No","Metropolitan","Stormy","Medium",1,"Y",10
25,"Meal ",31,17,4.7,"motorcycle",2,"No","Urban","Sandstorms","Low",1,"N",5
12,"Drinks ",23,21,5,"scooter",2,"No","Urban","Stormy","Low",1,"N",10
31,"Snack ",39,5,4.4,"scooter",2,"No","Metropolitan","Cloudy","Jam",1,"N",10
33,"Snack ",27,2,4.1,"electric_scooter",2,"No","Metropolitan","Fog","High ",1,"N",15
12,"Meal ",23,19,4.6,"scooter",1,"No","Urban","Sunny","Jam",0,"N",5
30,"Meal ",35,4,4.9,"electric_scooter",2,"No","Metropolitan","Sandstorms","Jam ",0,"N",5
19,"Buffet ",34,16,4.7,"scooter",1,"No","Metropolitan","Sunny","Jam",1,"N",5
23,"Buffet ",39,15,4.8,"motorcycle",0,"No","Metropolitan","Windy","Low ",1,"Y",10
13,"Buffet ",27,19,4.6,"scooter",0,"No","Metropolitan","Stormy","Medium",1,"N",10
32,"Drinks ",20,4,4.2,"motorcycle",0,"No","Metropolitan","Stormy","High ",1,"N",5
38,"Snack ",27,2,4,"motorcycle",1,"No","Urban","Cloudy","Jam ",1,"N",10
18,"Buffet ",20,9,4.5,"electric_scooter",2,"No","Semi-Urban","Sunny","Medium",1,"N",10
17,"Meal ",36,23,4.6,"scooter",2,"No","Semi-Urban","Sandstorms","Low ",1,"Y",5
34,"Meal ",31,4,4.2,"electric_scooter",1,"No","Metropolitan","Cloudy","Jam ",0,"Y",10
16,"Meal ",31,19,4.6,"electric_scooter",2,"No","Semi-Urban","Cloudy","Low ",0,"N",15
15,"Meal ",35,21,4.6,"scooter",2,"No","Urban","Sandstorms","Low ",1,"Y",10
15,"Meal ",29,19,4.8,"scooter",2,"No","Semi-Urban","Windy","Low ",0,"N",10
18,"Drinks ",24,23,4.8,"motorcycle",1,"No","Metropolitan","Sandstorms","Low ",0,"N",15
20,"Meal ",20,23,4.4,"motorcycle",0,"No","Semi-Urban","Sandstorms","Low ",1,"Y",10
29,"Buffet ",29,2,4.9,"electric_scooter",2,"No","Metropolitan","Fog","Medium",1,"N",15
22,"Drinks ",22,13,4.9,"motorcycle",0,"No","Metropolitan","Fog","Low ",1,"N",10
32,"Snack ",38,7,4.2,"scooter",1,"No","Metropolitan","Windy","Medium",1,"N",10
33,"Drinks ",27,9,4.2,"scooter",1,"No","Semi-Urban","Sunny","High ",0,"N",15
22,"Drinks ",26,3,4.1,"motorcycle",0,"No","Urban","Sandstorms","Low",1,"Y",5
16,"Buffet ",28,6,4.5,"motorcycle",0,"No","Urban","Stormy","Low",0,"N",5
18,"Buffet ",23,23,4.7,"scooter",2,"No","Metropolitan","Sunny","Low ",1,"N",15
22,"Snack ",26,9,4.8,"motorcycle",0,"No","Metropolitan","Cloudy","High ",1,"N",10
15,"Buffet ",36,23,4.9,"motorcycle",1,"No","Metropolitan","Stormy","Jam ",1,"Y",5
21,"Buffet ",34,9,5,"motorcycle",1,"No","Semi-Urban","Sunny","High ",1,"N",5
20,"Meal ",22,18,4.9,"electric_scooter",2,"No","Metropolitan","Windy","Jam ",1,"N",5
32,"Drinks ",26,3,4.1,"electric_scooter",0,"No","Urban","Cloudy","Medium",1,"N",10
22,"Buffet ",22,8,4.8,"motorcycle",2,"No","Semi-Urban","Windy","Medium",0,"N",10
27,"Buffet ",20,22,4.6,"electric_scooter",1,"No","Metropolitan","Stormy","Low",1,"N",5
44,"Drinks ",25,16,4.4,"scooter",1,"No","Metropolitan","Sandstorms","Jam ",1,"N",10
24,"Buffet ",26,5,4.5,"scooter",1,"No","Urban","Sunny","Jam",1,"N",15
22,"Snack ",34,16,4.9,"motorcycle",0,"No","Metropolitan","Sunny","Medium",1,"N",15
25,"Drinks ",24,2,4.8,"motorcycle",2,"No","Metropolitan","Stormy","Low ",0,"N",5
33,"Buffet ",23,6,4.4,"motorcycle",0,"No","Urban","Windy","High ",0,"N",10
18,"Drinks ",32,21,4.7,"motorcycle",1,"No","Metropolitan","Fog","Low ",1,"N",10
21,"Snack ",38,8,5,"scooter",2,"No","Metropolitan","Stormy","Medium",1,"Y",10
26,"Buffet ",28,16,4.8,"motorcycle",0,"No","Metropolitan","Fog","Jam ",1,"Y",10
22,"Buffet ",32,23,5,"scooter",1,"No","Urban","Windy","Low ",1,"N",5
16,"Drinks ",27,17,5,"electric_scooter",2,"No","Metropolitan","Stormy","Medium",1,"N",15
28,"Meal ",30,5,4.9,"electric_scooter",2,"No","Semi-Urban","Sandstorms","Jam ",1,"Y",15
18,"Meal ",27,22,4.7,"scooter",2,"No","Metropolitan","Stormy","Low ",0,"N",10
23,"Snack ",22,5,4.8,"motorcycle",1,"No","Metropolitan","Sandstorms","Low ",1,"N",10
33,"Snack ",21,1,4.2,"scooter",1,"No","Urban","Cloudy","High",0,"Y",15
36,"Drinks ",32,5,3.5,"motorcycle",1,"No","Metropolitan","Sandstorms","Jam ",1,"N",15
26,"Snack ",24,3,4.6,"motorcycle",0,"No","Urban","Sandstorms","Low ",0,"N",5
22,"Buffet ",31,22,4.5,"motorcycle",2,"No","Metropolitan","Windy","Jam ",0,"N",5
23,"Drinks ",22,9,4.9,"electric_scooter",2,"No","Semi-Urban","Stormy","Medium",1,"Y",15
12,"Snack ",29,18,4.7,"motorcycle",1,"No","Metropolitan","Windy","Jam",1,"N",10
24,"Snack ",38,9,4.9,"motorcycle",0,"No","Metropolitan","Windy","Medium",1,"Y",5
33,"Meal ",39,12,4.3,"motorcycle",0,"No","Metropolitan","Sunny","Jam ",1,"N",10
22,"Drinks ",25,18,4.9,"scooter",2,"No","Metropolitan","Stormy","Low",1,"Y",5
19,"Drinks ",30,23,4.6,"scooter",2,"No","Semi-Urban","Fog","Medium",0,"N",5
20,"Meal ",20,23,4.8,"electric_scooter",0,"No","Metropolitan","Sunny","Jam ",0,"N",10
29,"Buffet ",20,14,4.2,"electric_scooter",0,"No","Semi-Urban","Sandstorms","Low ",1,"N",5
32,"Meal ",36,21,5,"electric_scooter",2,"No","Urban","Cloudy","Medium",1,"N",5
18,"Meal ",25,11,4.8,"scooter",2,"No","Metropolitan","Sunny","High ",0,"Y",10
18,"Buffet ",32,9,4.8,"scooter",2,"No","Semi-Urban","Stormy","Low ",1,"Y",10
29,"Buffet ",33,23,4.6,"scooter",1,"No","Urban","Cloudy","Low ",1,"N",5
39,"Meal ",39,19,4.4,"scooter",2,"No","Metropolitan","Sandstorms","Jam ",2,"Y",10
33,"Snack ",22,22,4.8,"motorcycle",0,"No","Metropolitan","Stormy","High ",0,"N",15
38,"Buffet ",37,23,4.6,"electric_scooter",2,"No","Metropolitan","Cloudy","Jam ",1,"N",10
37,"Meal ",20,3,4.3,"electric_scooter",0,"No","Metropolitan","Stormy","High ",1,"N",15
25,"Buffet ",23,1,4.8,"motorcycle",0,"No","Metropolitan","Sunny","Jam",1,"N",5
25,"Buffet ",37,12,4.5,"motorcycle",1,"No","Metropolitan","Sandstorms","Low ",1,"N",5
33,"Buffet ",24,13,4.1,"scooter",1,"No","Urban","Stormy","Medium",1,"Y",15
19,"Meal ",22,15,4.8,"electric_scooter",1,"No","Urban","Cloudy","Medium",0,"N",15
30,"Drinks ",20,9,4.6,"scooter",1,"No","Urban","Sunny","Jam ",1,"Y",15
19,"Buffet ",34,23,4.6,"scooter",1,"No","Urban","Fog","Medium",0,"Y",5
18,"Drinks ",20,5,4.7,"motorcycle",2,"No","Metropolitan","Sunny","Jam ",1,"N",5
15,"Meal ",34,23,4.8,"motorcycle",0,"No","Urban","Stormy","Low",0,"N",5
25,"Meal ",31,23,4.6,"scooter",1,"No","Urban","Stormy","Jam ",1,"Y",5
32,"Snack ",32,9,4.2,"motorcycle",1,"No","Metropolitan","Fog","Jam ",1,"Y",5
25,"Meal ",31,15,4.6,"scooter",2,"No","Metropolitan","Sandstorms","Low ",1,"Y",10
42,"Meal ",30,3,4.2,"scooter",1,"No","Urban","Fog","Jam ",1,"Y",5
17,"Snack ",31,6,5,"electric_scooter",2,"No","Semi-Urban","Sunny","High ",1,"N",15
21,"Buffet ",22,3,4.5,"scooter",2,"No","Urban","Windy","Medium",0,"N",10
16,"Buffet ",36,2,5,"electric_scooter",1,"No","Urban","Fog","Low ",1,"N",15
25,"Meal ",23,5,4.7,"motorcycle",0,"No","Urban","Fog","High ",1,"N",15
47,"Drinks ",24,3,5,"motorcycle",1,"Yes","Metropolitan","Fog","Jam ",3,"Y",5
27,"Snack ",33,3,4.5,"electric_scooter",1,"No","Urban","Fog","High",0,"N",15
26,"Drinks ",26,16,4.6,"scooter",2,"No","Metropolitan","Stormy","Medium",1,"Y",10
22,"Buffet ",30,17,4.7,"motorcycle",1,"No","Urban","Sandstorms","Jam",0,"Y",5
39,"Meal ",33,2,4.4,"motorcycle",2,"No","Metropolitan","Fog","Medium",2,"Y",5
39,"Meal ",39,9,4.3,"scooter",2,"No","Semi-Urban","Cloudy","Jam ",2,"N",5
19,"Buffet ",38,6,4.5,"electric_scooter",2,"No","Metropolitan","Fog","Medium",1,"N",10
18,"Buffet ",30,16,4.7,"motorcycle",1,"No","Metropolitan","Sunny","High ",1,"N",10
28,"Buffet ",37,15,4.8,"motorcycle",1,"No","Metropolitan","Sunny","High ",1,"N",10
10,"Buffet ",32,17,4.6,"motorcycle",2,"No","Metropolitan","Cloudy","Low ",0,"N",15
30,"Drinks ",23,1,4.9,"scooter",0,"No","Metropolitan","Windy","Medium",1,"N",10
47,"Drinks ",32,21,4.9,"scooter",0,"No","Metropolitan","Fog","Jam ",1,"N",15
24,"Drinks ",27,16,5,"motorcycle",0,"No","Metropolitan","Sunny","Low ",1,"N",15
24,"Buffet ",32,6,4.9,"motorcycle",0,"No","Urban","Sunny","Jam ",0,"N",15
31,"Drinks ",21,22,4.8,"motorcycle",0,"No","Urban","Sunny","Jam",1,"N",15
29,"Meal ",24,17,4.8,"motorcycle",0,"No","Metropolitan","Sunny","Low ",1,"N",15
19,"Buffet ",20,15,4.9,"motorcycle",2,"No","Metropolitan","Sunny","Low ",1,"Y",20
14,"Snack ",33,8,4.6,"electric_scooter",2,"No","Urban","Cloudy","Low ",0,"Y",10
19,"Buffet ",26,23,4.6,"scooter",2,"No","Urban","Sunny","High",0,"Y",5
18,"Drinks ",35,19,4.7,"electric_scooter",2,"No","Metropolitan","Cloudy","Medium",0,"N",15
39,"Buffet ",30,7,4.6,"motorcycle",2,"No","Metropolitan","Cloudy","Jam ",1,"N",5
27,"Drinks ",21,19,4.4,"motorcycle",0,"No","Metropolitan","Stormy","Low ",1,"N",15
25,"Meal ",20,5,4.8,"motorcycle",2,"No","Metropolitan","Sandstorms","High",1,"N",10
22,"Snack ",23,18,4.6,"electric_scooter",2,"No","Metropolitan","Cloudy","High ",1,"N",10
51,"Buffet ",23,5,4.7,"motorcycle",0,"No","Metropolitan","Stormy","Jam ",1,"N",10
36,"Drinks ",26,7,5,"electric_scooter",2,"No","Metropolitan","Cloudy","Jam ",1,"Y",15
16,"Snack ",22,18,4.8,"motorcycle",2,"No","Semi-Urban","Sunny","Low ",0,"N",10
16,"Drinks ",33,23,4.7,"motorcycle",2,"No","Urban","Stormy","Low",1,"N",15
10,"Drinks ",36,7,4.9,"scooter",2,"No","Metropolitan","Sunny","High ",0,"N",10
18,"Buffet ",25,22,4.9,"scooter",1,"No","Metropolitan","Cloudy","Low ",0,"Y",10
25,"Snack ",36,16,4.5,"motorcycle",0,"No","Metropolitan","Windy","Low ",1,"N",15
16,"Snack ",38,9,4.7,"motorcycle",0,"No","Urban","Fog","Low ",1,"Y",5
29,"Buffet ",22,23,4.9,"scooter",0,"No","Metropolitan","Fog","Medium",0,"N",10
30,"Buffet ",38,15,4.6,"motorcycle",0,"No","Urban","Cloudy","High",1,"Y",15
16,"Meal ",29,21,5,"scooter",1,"No","Metropolitan","Sunny","Medium",0,"N",10
10,"Snack ",36,3,4.5,"electric_scooter",1,"No","Urban","Stormy","Low",0,"N",5
28,"Meal ",22,12,4.8,"electric_scooter",2,"No","Urban","Sandstorms","Jam ",1,"N",5
32,"Meal ",25,1,4.1,"motorcycle",0,"No","Urban","Sandstorms","Low",1,"N",5
27,"Snack ",22,9,4.7,"motorcycle",1,"No","Metropolitan","Sandstorms","Jam ",0,"N",10
23,"Drinks ",27,19,5,"electric_scooter",2,"No","Metropolitan","Stormy","Low ",0,"N",5
25,"Meal ",26,2,4.4,"motorcycle",0,"No","Semi-Urban","Windy","Low",1,"Y",5
29,"Snack ",30,7,4.8,"motorcycle",2,"No","Metropolitan","Sandstorms","Jam ",1,"N",5
21,"Snack ",30,9,4.2,"motorcycle",0,"No","Metropolitan","Sandstorms","Low ",1,"N",5
51,"Snack ",24,3,4.2,"motorcycle",0,"Yes","Semi-Urban","Stormy","Jam ",1,"N",5
30,"Buffet ",38,7,4.5,"scooter",0,"No","Metropolitan","Windy","Medium",1,"N",5
29,"Drinks ",25,22,4.9,"electric_scooter",1,"No","Metropolitan","Stormy","Jam ",1,"N",15
31,"Drinks ",37,5,4.7,"motorcycle",0,"No","Semi-Urban","Stormy","Medium",1,"N",15
11,"Buffet ",21,23,4.6,"motorcycle",0,"No","Metropolitan","Sunny","Low ",1,"N",5
17,"Drinks ",28,16,4.9,"scooter",1,"No","Metropolitan","Windy","Low ",1,"Y",5
27,"Drinks ",38,12,4.6,"scooter",1,"No","Semi-Urban","Stormy","High ",1,"N",10
28,"Meal ",36,18,4.7,"scooter",1,"No","Semi-Urban","Windy","Low ",0,"Y",10
34,"Meal ",33,19,4.6,"motorcycle",0,"No","Metropolitan","Fog","Jam ",2,"N",5
21,"Meal ",35,13,5,"electric_scooter",2,"No","Metropolitan","Stormy","Low ",0,"N",5
30,"Drinks ",36,14,4.5,"motorcycle",1,"No","Semi-Urban","Stormy","Jam ",1,"N",10
25,"Buffet ",33,15,4.9,"motorcycle",2,"No","Metropolitan","Sandstorms","Medium",1,"N",15
15,"Buffet ",38,18,4.9,"electric_scooter",1,"No","Urban","Fog","Medium",0,"N",15
38,"Snack ",26,17,4.7,"motorcycle",0,"No","Urban","Fog","Jam",1,"N",10
36,"Snack ",33,8,3.7,"electric_scooter",2,"No","Metropolitan","Windy","Medium",1,"N",10
23,"Drinks ",29,4,4.6,"motorcycle",0,"No","Metropolitan","Windy","Medium",1,"N",5
23,"Snack ",27,23,4.9,"motorcycle",0,"No","Semi-Urban","Fog","Low ",1,"N",15
19,"Drinks ",32,15,4.7,"scooter",2,"No","Urban","Sunny","Jam",1,"N",5
30,"Drinks ",34,13,4.2,"electric_scooter",0,"No","Semi-Urban","Stormy","Low ",0,"Y",10
39,"Snack ",28,15,4.6,"scooter",1,"No","Metropolitan","Fog","Medium",1,"Y",10
39,"Drinks ",28,6,4.8,"motorcycle",0,"No","Semi-Urban","Stormy","Medium",1,"N",10
26,"Snack ",31,16,4.8,"scooter",1,"No","Metropolitan","Sandstorms","Medium",0,"N",5
18,"Meal ",38,17,4.6,"motorcycle",1,"No","Urban","Sandstorms","Jam",0,"N",10
29,"Meal ",39,16,4.6,"motorcycle",0,"No","Metropolitan","Stormy","Jam ",1,"N",15
16,"Snack ",38,15,4.6,"scooter",1,"No","Metropolitan","Stormy","Low ",1,"N",5
20,"Drinks ",30,18,4.7,"electric_scooter",1,"No","Metropolitan","Stormy","Medium",1,"Y",15
29,"Drinks ",26,9,4.5,"motorcycle",1,"No","Metropolitan","Fog","High ",1,"Y",15
29,"Meal ",23,22,4.6,"motorcycle",0,"No","Metropolitan","Stormy","Jam ",1,"N",15
13,"Meal ",24,3,4.5,"motorcycle",1,"No","Metropolitan","Sandstorms","Low",0,"N",10
36,"Meal ",38,19,4.6,"motorcycle",0,"No","Metropolitan","Sandstorms","Jam ",1,"N",15
25,"Snack ",38,2,4.9,"motorcycle",1,"No","Metropolitan","Stormy","Low ",1,"N",15
31,"Drinks ",35,3,4.2,"motorcycle",0,"No","Metropolitan","Stormy","Medium",1,"N",10
38,"Snack ",29,18,4.6,"scooter",0,"No","Metropolitan","Sunny","Jam ",1,"N",5
26,"Buffet ",20,23,4.9,"scooter",2,"No","Semi-Urban","Stormy","Jam",1,"N",15
15,"Buffet ",28,17,4.7,"scooter",1,"No","Metropolitan","Sunny","Low ",1,"N",5
20,"Drinks ",26,22,4.6,"scooter",1,"No","Urban","Sandstorms","Jam",0,"N",15
30,"Drinks ",31,16,4.8,"motorcycle",0,"No","Metropolitan","Fog","Jam ",1,"Y",15
29,"Buffet ",30,23,4.7,"scooter",2,"No","Metropolitan","Windy","Jam ",1,"N",15
33,"Buffet ",21,22,4.4,"motorcycle",0,"No","Metropolitan","Sandstorms","Medium",1,"N",10
20,"Drinks ",31,4,4.9,"motorcycle",0,"No","Metropolitan","Cloudy","Low ",0,"N",5
43,"Meal ",26,16,5,"motorcycle",1,"No","Urban","Stormy","Medium",1,"Y",5
21,"Drinks ",28,5,4.8,"electric_scooter",2,"No","Urban","Windy","Jam ",1,"N",5
35,"Snack ",39,15,4.3,"motorcycle",0,"No","Metropolitan","Windy","Jam ",1,"N",10
30,"Drinks ",28,9,5,"motorcycle",0,"No","Metropolitan","Sandstorms","Jam ",1,"Y",10
10,"Snack ",26,15,4.5,"scooter",0,"No","Metropolitan","Windy","Medium",0,"N",15
24,"Buffet ",27,9,4.7,"motorcycle",0,"No","Metropolitan","Stormy","Low ",0,"N",10
24,"Drinks ",27,3,4.9,"motorcycle",0,"No","Metropolitan","Stormy","Low ",1,"Y",15
18,"Meal ",34,15,4.7,"motorcycle",2,"No","Metropolitan","Sandstorms","Jam",0,"Y",5
24,"Snack ",23,15,4.7,"electric_scooter",0,"No","Metropolitan","Cloudy","High",0,"Y",5
32,"Snack ",37,15,4.6,"scooter",1,"No","Metropolitan","Fog","Jam",1,"N",5
47,"Snack ",36,21,4.7,"electric_scooter",0,"No","Semi-Urban","Stormy","Jam ",0,"Y",10
21,"Snack ",33,17,5,"motorcycle",2,"No","Urban","Fog","Jam",1,"N",10
13,"Buffet ",27,3,4.6,"electric_scooter",2,"No","Metropolitan","Stormy","Low ",1,"N",5
11,"Snack ",34,12,4.6,"motorcycle",0,"No","Metropolitan","Stormy","Medium",1,"Y",5
28,"Drinks ",22,17,5,"scooter",1,"No","Metropolitan","Sandstorms","Medium",0,"Y",5
17,"Snack ",27,18,4.8,"motorcycle",0,"No","Urban","Cloudy","Low",1,"N",15
38,"Buffet ",35,3,4.4,"scooter",1,"No","Semi-Urban","Stormy","Jam ",0,"N",5
15,"Meal ",29,15,4.9,"scooter",2,"No","Urban","Sunny","Low ",1,"N",25
20,"Buffet ",31,21,4.5,"motorcycle",1,"No","Urban","Sunny","Medium",1,"Y",10
28,"Snack ",27,5,4.5,"scooter",0,"No","Urban","Sunny","Low",1,"Y",5
18,"Buffet ",38,9,4.8,"scooter",2,"No","Urban","Sunny","Low ",0,"N",5
28,"Meal ",24,23,4.8,"motorcycle",2,"No","Metropolitan","Sunny","Medium",1,"N",10
30,"Meal ",38,2,5,"motorcycle",1,"No","Semi-Urban","Windy","Jam ",1,"N",5
31,"Snack ",20,17,4.3,"motorcycle",2,"No","Urban","Stormy","High",1,"N",10
30,"Meal ",37,5,4.9,"motorcycle",2,"No","Metropolitan","Sunny","Jam ",1,"N",10
24,"Buffet ",31,7,4.9,"motorcycle",0,"No","Metropolitan","Sunny","Low ",1,"N",15
48,"Buffet ",39,22,4.5,"scooter",0,"Yes","Metropolitan","Fog","Medium",1,"N",10
24,"Drinks ",20,18,4.9,"electric_scooter",1,"No","Urban","Sunny","Jam",1,"N",15
39,"Snack ",37,18,4.9,"scooter",0,"No","Metropolitan","Stormy","Jam ",1,"Y",15
19,"Drinks ",20,19,4.6,"motorcycle",1,"No","Metropolitan","Sandstorms","Low ",1,"N",10
29,"Meal ",30,2,4.6,"motorcycle",1,"No","Semi-Urban","Sandstorms","High ",1,"Y",5
37,"Buffet ",21,15,4.8,"motorcycle",0,"No","Urban","Stormy","High",1,"Y",15
17,"Meal ",31,12,4.9,"scooter",2,"No","Semi-Urban","Sunny","Jam ",1,"Y",15
17,"Meal ",31,13,4.6,"electric_scooter",1,"No","Metropolitan","Windy","High ",1,"N",15
23,"Buffet ",28,16,4.7,"electric_scooter",0,"No","Metropolitan","Cloudy","Low ",0,"N",5
23,"Meal ",27,13,4.9,"scooter",2,"No","Metropolitan","Sunny","Jam ",1,"N",10
23,"Meal ",36,23,4.7,"scooter",2,"No","Metropolitan","Sunny","Medium",1,"N",10
46,"Buffet ",26,21,4.3,"electric_scooter",0,"No","Metropolitan","Sunny","Jam ",2,"Y",10
30,"Meal ",38,13,4.8,"scooter",0,"No","Urban","Cloudy","Jam ",1,"Y",15
10,"Drinks ",30,18,4.6,"electric_scooter",2,"No","Urban","Windy","High",0,"Y",10
36,"Drinks ",20,12,4.3,"motorcycle",1,"No","Metropolitan","Stormy","Jam ",1,"Y",10
32,"Buffet ",22,3,4.1,"motorcycle",1,"No","Urban","Sandstorms","Medium",0,"N",10
36,"Buffet ",39,9,4.1,"motorcycle",0,"No","Metropolitan","Sandstorms","Jam ",1,"N",15
34,"Meal ",23,17,4,"scooter",2,"No","Semi-Urban","Stormy","Jam ",1,"N",5
24,"Buffet ",20,13,4.9,"scooter",2,"No","Metropolitan","Stormy","Low ",0,"N",5
24,"Meal ",29,21,4.7,"motorcycle",0,"No","Metropolitan","Fog","Low ",1,"N",10
34,"Drinks ",27,2,4,"scooter",1,"No","Semi-Urban","Cloudy","Jam ",1,"N",10
34,"Buffet ",32,9,3.6,"motorcycle",1,"No","Metropolitan","Sandstorms","Jam ",1,"N",10
14,"Buffet ",20,16,4.5,"motorcycle",2,"No","Metropolitan","Windy","Low ",0,"N",10
29,"Buffet ",21,19,4.9,"scooter",0,"No","Metropolitan","Stormy","Jam ",1,"N",10
27,"Buffet ",25,15,4.7,"motorcycle",0,"No","Metropolitan","Cloudy","Medium",1,"Y",15
23,"Buffet ",27,17,5,"motorcycle",0,"No","Urban","Windy","Low",1,"N",5
16,"Snack ",28,17,4.8,"scooter",1,"No","Metropolitan","Stormy","Medium",0,"N",15
34,"Drinks ",30,11,4.1,"scooter",2,"No","Metropolitan","Stormy","High ",0,"Y",10
10,"Meal ",31,23,4.9,"scooter",2,"No","Semi-Urban","Windy","Low",1,"N",10
13,"Drinks ",26,5,4.6,"motorcycle",0,"No","Metropolitan","Sandstorms","Medium",1,"N",10
38,"Drinks ",26,17,3.8,"motorcycle",1,"No","Metropolitan","Fog","Low ",1,"N",5
32,"Drinks ",38,17,4.1,"electric_scooter",2,"No","Metropolitan","Sandstorms","Medium",1,"N",10
25,"Drinks ",28,15,4.7,"motorcycle",1,"No","Urban","Sandstorms","Low",0,"N",15
44,"Drinks ",28,11,5,"electric_scooter",2,"No","Metropolitan","Cloudy","Jam ",3,"N",10
28,"Snack ",29,18,4.8,"scooter",2,"No","Metropolitan","Stormy","Medium",0,"N",5
23,"Buffet ",36,15,4.7,"motorcycle",0,"No","Metropolitan","Sandstorms","Medium",0,"N",10
29,"Snack ",36,15,4.9,"motorcycle",2,"No","Metropolitan","Cloudy","Jam ",0,"N",10
21,"Snack ",21,15,4.8,"motorcycle",2,"No","Metropolitan","Sandstorms","Jam ",1,"N",10
23,"Snack ",39,23,4.6,"motorcycle",0,"No","Urban","Cloudy","Low ",0,"N",15
14,"Buffet ",21,23,4.8,"scooter",2,"No","Metropolitan","Windy","Low ",0,"N",10
16,"Meal ",38,6,4.6,"scooter",2,"No","Metropolitan","Sunny","Low ",0,"Y",10
23,"Snack ",27,16,4.5,"scooter",1,"No","Metropolitan","Fog","Low ",1,"Y",5
21,"Buffet ",35,22,4.8,"motorcycle",0,"No","Urban","Cloudy","Low",0,"N",10
30,"Buffet ",35,22,4.9,"motorcycle",2,"No","Urban","Sunny","Jam",0,"N",15
34,"Meal ",22,3,3.5,"motorcycle",2,"No","Metropolitan","Windy","Medium",0,"N",10
29,"Snack ",26,9,5,"motorcycle",1,"No","Metropolitan","Stormy","Jam ",1,"N",10
24,"Snack ",39,14,4.6,"motorcycle",0,"No","Metropolitan","Cloudy","Low ",1,"N",15
22,"Meal ",28,23,4.9,"electric_scooter",2,"No","Metropolitan","Windy","Medium",0,"N",5
15,"Meal ",25,19,4.6,"scooter",0,"No","Metropolitan","Cloudy","Low ",1,"N",15
26,"Buffet ",26,13,4.8,"motorcycle",1,"No","Metropolitan","Stormy","Medium",1,"N",5
24,"Drinks ",30,16,4.7,"motorcycle",2,"No","Metropolitan","Sunny","Medium",1,"Y",10
38,"Buffet ",26,16,5,"motorcycle",0,"No","Metropolitan","Windy","High ",0,"N",5
38,"Snack ",35,23,5,"motorcycle",0,"No","Urban","Fog","Jam",1,"Y",5
13,"Snack ",23,23,4.8,"electric_scooter",2,"No","Metropolitan","Sunny","Low ",1,"N",5
28,"Snack ",23,9,4.9,"motorcycle",1,"No","Metropolitan","Windy","Low ",1,"N",10
33,"Drinks ",39,13,4.6,"motorcycle",1,"No","Metropolitan","Windy","Jam ",1,"N",5
17,"Drinks ",29,13,4.6,"electric_scooter",2,"No","Metropolitan","Windy","Jam ",1,"N",5
30,"Drinks ",28,6,4.6,"scooter",2,"No","Metropolitan","Cloudy","Medium",1,"N",15
29,"Snack ",28,8,4.9,"electric_scooter",1,"No","Urban","Windy","Low ",1,"N",5
20,"Snack ",27,23,4.6,"electric_scooter",1,"No","Metropolitan","Stormy","Medium",0,"N",10
11,"Drinks ",36,23,4.9,"scooter",1,"No","Urban","Sunny","Low",0,"N",10
32,"Snack ",24,4,4.1,"scooter",1,"No","Metropolitan","Windy","Jam ",1,"N",15
16,"Meal ",33,23,4.7,"scooter",2,"No","Urban","Windy","Jam ",1,"N",5
32,"Buffet ",20,6,4.1,"electric_scooter",1,"No","Semi-Urban","Windy","Jam ",0,"N",15
26,"Meal ",30,13,4.5,"scooter",1,"No","Metropolitan","Cloudy","Jam ",1,"N",10
30,"Snack ",25,21,4.9,"motorcycle",1,"No","Metropolitan","Cloudy","Medium",1,"N",5
16,"Meal ",30,11,4.1,"motorcycle",0,"No","Urban","Windy","Low ",0,"N",5
32,"Meal ",22,3,4.1,"motorcycle",2,"No","Metropolitan","Cloudy","Medium",0,"N",5
41,"Buffet ",23,2,3.3,"motorcycle",2,"No","Metropolitan","Sunny","Low ",1,"N",5
18,"Meal ",33,19,4.5,"motorcycle",1,"No","Urban","Sunny","Jam ",0,"Y",15
54,"Buffet ",22,2,4.3,"motorcycle",0,"No","Metropolitan","Sunny","High ",2,"N",10
16,"Drinks ",27,23,5,"scooter",2,"No","Urban","Fog","Low",1,"N",10
47,"Snack ",21,14,4.4,"scooter",2,"No","Metropolitan","Cloudy","Jam ",1,"N",10
16,"Drinks ",39,15,4.6,"motorcycle",1,"No","Urban","Sunny","Jam",1,"Y",10
29,"Buffet ",29,16,4.7,"electric_scooter",0,"No","Metropolitan","Fog","High ",1,"N",5
51,"Drinks ",27,12,4.7,"motorcycle",0,"No","Urban","Fog","Jam ",1,"Y",10
37,"Drinks ",36,17,4.6,"motorcycle",0,"No","Metropolitan","Cloudy","Low",1,"Y",25
11,"Buffet ",28,16,4.6,"scooter",2,"No","Metropolitan","Sunny","Medium",1,"N",15
26,"Drinks ",31,21,4.7,"electric_scooter",1,"No","Urban","Sandstorms","Medium",1,"N",10
12,"Drinks ",33,17,4.7,"motorcycle",2,"No","Urban","Stormy","Low",0,"N",15
33,"Drinks ",27,23,4.3,"scooter",2,"No","Metropolitan","Cloudy","High ",1,"Y",10
31,"Meal ",27,14,3.5,"electric_scooter",2,"No","Urban","Sandstorms","Jam ",1,"N",10
27,"Snack ",25,13,4.5,"scooter",2,"No","Metropolitan","Sandstorms","High ",1,"N",10
18,"Meal ",32,3,4.5,"scooter",1,"No","Urban","Fog","Low",1,"N",10
48,"Snack ",36,22,4.3,"motorcycle",1,"No","Metropolitan","Cloudy","Jam ",1,"Y",5
24,"Snack ",27,23,4.7,"motorcycle",0,"No","Metropolitan","Sunny","Jam ",0,"N",5
21,"Drinks ",34,14,4.7,"scooter",0,"No","Metropolitan","Sandstorms","Jam ",0,"Y",15
18,"Meal ",38,15,4.7,"electric_scooter",2,"No","Urban","Sunny","High",1,"Y",10
27,"Drinks ",20,19,4.9,"scooter",1,"No","Urban","Stormy","Medium",1,"N",10
28,"Meal ",39,22,4.6,"scooter",1,"No","Metropolitan","Cloudy","Low ",1,"N",15
28,"Meal ",34,15,4.8,"motorcycle",0,"No","Urban","Fog","High",1,"N",10
22,"Snack ",21,23,4.9,"electric_scooter",1,"No","Metropolitan","Sunny","Low ",1,"N",10
39,"Snack ",39,3,4.1,"scooter",0,"No","Metropolitan","Stormy","Medium",1,"N",10
37,"Snack ",26,12,4.7,"electric_scooter",0,"No","Semi-Urban","Stormy","High ",2,"N",10
20,"Snack ",22,9,5,"motorcycle",1,"No","Semi-Urban","Windy","Low ",1,"N",10
28,"Meal ",29,8,4.8,"motorcycle",1,"No","Metropolitan","Sandstorms","Medium",1,"N",10
30,"Snack ",26,19,4.9,"scooter",2,"No","Urban","Stormy","Jam ",1,"N",5
30,"Buffet ",37,22,4.9,"motorcycle",1,"No","Metropolitan","Windy","Jam ",1,"N",10
29,"Buffet ",34,21,4.7,"electric_scooter",2,"No","Metropolitan","Sandstorms","High ",1,"N",10
25,"Drinks ",26,4,4.8,"motorcycle",0,"No","Urban","Sunny","Medium",1,"N",15
40,"Drinks ",34,13,4.6,"scooter",1,"No","Metropolitan","Fog","Medium",1,"N",10
17,"Snack ",22,17,4.9,"motorcycle",0,"No","Metropolitan","Stormy","Medium",1,"Y",10
33,"Drinks ",34,3,4.2,"motorcycle",2,"No","Metropolitan","Fog","High ",0,"N",10
13,"Snack ",25,15,4.7,"scooter",0,"No","Urban","Sandstorms","Medium",0,"N",10
28,"Buffet ",34,14,4.8,"motorcycle",2,"No","Semi-Urban","Stormy","Low ",0,"N",15
17,"Meal ",36,23,4.6,"scooter",2,"No","Semi-Urban","Sandstorms","Low ",1,"Y",5
25,"Meal ",25,3,4.7,"scooter",1,"No","Metropolitan","Sandstorms","Jam ",0,"N",10
25,"Drinks ",32,12,4.4,"electric_scooter",0,"No","Metropolitan","Sandstorms","Low ",0,"N",10
17,"Snack ",25,19,5,"scooter",2,"No","Metropolitan","Cloudy","Low ",1,"Y",5
40,"Drinks ",20,21,4.7,"motorcycle",0,"No","Metropolitan","Fog","Jam ",0,"Y",10
28,"Snack ",39,23,4.8,"motorcycle",0,"No","Metropolitan","Windy","Jam ",1,"N",5
21,"Snack ",25,22,4.9,"motorcycle",1,"No","Urban","Stormy","High",1,"Y",10
34,"Drinks ",35,2,4.7,"motorcycle",1,"No","Metropolitan","Cloudy","Jam ",0,"N",15
29,"Meal ",34,6,4.8,"scooter",1,"No","Metropolitan","Sandstorms","Jam ",1,"N",10
43,"Drinks ",39,7,4.1,"electric_scooter",0,"No","Urban","Stormy","High ",2,"N",10
17,"Snack ",33,17,4.6,"electric_scooter",2,"No","Semi-Urban","Sandstorms","Low",1,"N",10
32,"Drinks ",26,3,4.7,"electric_scooter",2,"No","Metropolitan","Fog","Jam ",1,"N",5
27,"Meal ",23,6,4.6,"motorcycle",2,"No","Metropolitan","Sandstorms","Medium",1,"N",5
40,"Buffet ",26,4,4.9,"motorcycle",0,"No","Metropolitan","Stormy","High ",2,"Y",10
39,"Buffet ",22,22,4.6,"electric_scooter",0,"No","Metropolitan","Sandstorms","Jam ",1,"Y",5
31,"Buffet ",35,15,5,"motorcycle",0,"No","Urban","Fog","High ",0,"Y",5
27,"Snack ",24,16,4.5,"electric_scooter",2,"No","Urban","Sandstorms","Medium",0,"Y",5
13,"Meal ",22,18,4.9,"scooter",2,"No","Metropolitan","Stormy","Low",1,"N",5
26,"Meal ",33,23,4.6,"motorcycle",0,"No","Semi-Urban","Cloudy","Jam ",0,"N",15
27,"Meal ",21,16,4.8,"electric_scooter",2,"No","Metropolitan","Sandstorms","Jam ",1,"Y",10
25,"Snack ",38,9,4.8,"motorcycle",0,"No","Metropolitan","Sunny","Jam ",0,"N",15
43,"Drinks ",23,8,4.1,"scooter",0,"No","Metropolitan","Sandstorms","Medium",2,"N",5
13,"Drinks ",23,19,4.8,"scooter",2,"No","Metropolitan","Fog","Medium",1,"N",5
21,"Drinks ",32,15,4.6,"motorcycle",0,"No","Metropolitan","Stormy","Low ",1,"Y",15
14,"Meal ",38,16,4.7,"motorcycle",1,"No","Urban","Sunny","Medium",1,"N",15
25,"Snack ",32,21,4.7,"motorcycle",0,"No","Metropolitan","Sunny","Low ",0,"Y",15
17,"Drinks ",27,22,5,"electric_scooter",2,"No","Semi-Urban","Sunny","Low",1,"N",15
20,"Buffet ",38,21,4.8,"electric_scooter",2,"No","Metropolitan","Sandstorms","Jam",1,"N",10
47,"Meal ",36,3,4.8,"electric_scooter",0,"No","Semi-Urban","Fog","Jam ",2,"N",5
27,"Buffet ",26,15,4.7,"scooter",1,"No","Metropolitan","Sandstorms","Low ",1,"N",10
26,"Buffet ",31,3,4.6,"motorcycle",2,"No","Metropolitan","Sandstorms","High ",1,"Y",5
14,"Drinks ",36,4,4.8,"motorcycle",1,"No","Metropolitan","Sandstorms","Low ",0,"N",15
12,"Meal ",25,16,4.9,"electric_scooter",2,"No","Urban","Sunny","High",0,"N",10
48,"Meal ",30,21,4.8,"scooter",0,"No","Semi-Urban","Fog","Jam ",2,"Y",15
21,"Drinks ",38,23,4.6,"motorcycle",0,"No","Semi-Urban","Sunny","Jam ",1,"Y",10
42,"Meal ",24,3,4.7,"motorcycle",1,"No","Urban","Fog","Medium",0,"Y",5
17,"Meal ",28,23,4.5,"scooter",2,"No","Semi-Urban","Cloudy","Low ",1,"N",5
31,"Buffet ",37,4,4,"scooter",1,"No","Urban","Fog","Medium",0,"N",10
20,"Drinks ",33,19,4.9,"electric_scooter",1,"No","Urban","Stormy","Medium",1,"N",15
22,"Buffet ",26,23,4.7,"motorcycle",0,"No","Metropolitan","Stormy","Low ",0,"Y",5
32,"Meal ",37,11,4.2,"motorcycle",0,"No","Metropolitan","Fog","Jam ",1,"N",15
46,"Drinks ",37,8,4.2,"motorcycle",1,"No","Urban","Cloudy","Jam ",1,"N",10
13,"Drinks ",34,16,4.6,"scooter",2,"No","Urban","Fog","Low ",1,"N",5
38,"Snack ",31,18,5,"motorcycle",1,"No","Semi-Urban","Cloudy","Jam",2,"N",5
29,"Snack ",21,13,5,"motorcycle",1,"No","Metropolitan","Sunny","Low ",1,"N",15
32,"Buffet ",34,23,4.3,"scooter",2,"No","Semi-Urban","Windy","Jam ",1,"Y",15
15,"Buffet ",24,14,4.8,"scooter",2,"No","Metropolitan","Sunny","Jam ",0,"N",10
28,"Meal ",23,3,4.5,"motorcycle",2,"No","Urban","Sandstorms","Medium",0,"N",15
29,"Snack ",35,17,4.8,"scooter",2,"No","Metropolitan","Stormy","High ",1,"Y",15
31,"Drinks ",37,13,3.6,"motorcycle",1,"No","Metropolitan","Cloudy","Low ",1,"N",5
44,"Buffet ",38,22,4.8,"scooter",2,"No","Metropolitan","Stormy","Medium",0,"Y",10
29,"Snack ",37,13,4.6,"scooter",2,"No","Metropolitan","Stormy","High ",1,"N",5
19,"Snack ",35,6,4.8,"motorcycle",1,"No","Metropolitan","Fog","Medium",1,"Y",15
12,"Snack ",22,17,4.7,"scooter",0,"No","Metropolitan","Sunny","Low ",0,"N",5
41,"Buffet ",21,23,4.8,"electric_scooter",0,"No","Metropolitan","Fog","Low ",1,"N",15
17,"Drinks ",23,15,4.7,"electric_scooter",1,"No","Semi-Urban","Sunny","Jam ",1,"N",15
16,"Buffet ",35,16,4.9,"electric_scooter",2,"No","Urban","Sandstorms","Low ",0,"N",25
29,"Snack ",20,1,4.2,"electric_scooter",0,"No","Metropolitan","Sandstorms","Low ",1,"N",25
17,"Snack ",30,22,4.9,"scooter",2,"No","Urban","Stormy","Medium",1,"N",15
24,"Meal ",36,2,4.9,"motorcycle",0,"No","Semi-Urban","Fog","Medium",0,"N",15
22,"Meal ",33,19,4.8,"scooter",1,"No","Urban","Stormy","Medium",0,"Y",10
15,"Meal ",31,17,4.6,"electric_scooter",2,"No","Metropolitan","Stormy","Jam ",1,"N",10
29,"Buffet ",21,3,4.9,"motorcycle",0,"No","Metropolitan","Sandstorms","Low ",1,"N",15
15,"Buffet ",36,19,4.8,"electric_scooter",2,"No","Urban","Sandstorms","Medium",0,"N",15
31,"Drinks ",22,1,4,"scooter",0,"No","Metropolitan","Stormy","Low ",0,"Y",10
16,"Drinks ",37,3,4.1,"motorcycle",0,"No","Semi-Urban","Sandstorms","Low",0,"N",10
22,"Buffet ",28,3,4.8,"motorcycle",0,"No","Semi-Urban","Sunny","Jam",1,"N",10
19,"Snack ",33,23,4.6,"scooter",1,"No","Semi-Urban","Sandstorms","Low ",0,"Y",5
34,"Snack ",26,2,4.2,"scooter",0,"No","Urban","Windy","Low",1,"N",5
15,"Snack ",31,16,4.7,"scooter",2,"No","Urban","Fog","Low",0,"N",5
24,"Drinks ",32,15,4.8,"electric_scooter",0,"No","Urban","Sunny","Jam",1,"N",15
15,"Meal ",20,18,4.6,"scooter",1,"No","Urban","Stormy","Low",1,"N",15
40,"Drinks ",24,1,4.1,"motorcycle",0,"No","Metropolitan","Stormy","High ",1,"N",15
39,"Drinks ",29,19,4.7,"motorcycle",1,"No","Urban","Cloudy","High ",2,"Y",10
29,"Drinks ",23,9,4.6,"motorcycle",0,"No","Metropolitan","Sunny","Low ",1,"N",15
16,"Snack ",22,17,4.8,"electric_scooter",0,"No","Metropolitan","Fog","Low ",1,"N",10
35,"Snack ",36,3,3.5,"electric_scooter",1,"No","Urban","Sandstorms","Jam ",1,"N",5
31,"Buffet ",22,1,4.2,"motorcycle",0,"No","Semi-Urban","Cloudy","Medium",1,"N",10
14,"Buffet ",34,22,4.9,"scooter",2,"No","Urban","Fog","Low",1,"N",5
39,"Meal ",34,12,5,"motorcycle",2,"No","Metropolitan","Cloudy","Medium",2,"N",5
25,"Snack ",33,19,5,"scooter",1,"No","Semi-Urban","Windy","Jam ",0,"Y",5
28,"Snack ",31,17,4,"electric_scooter",0,"No","Metropolitan","Sandstorms","Low ",1,"N",10
29,"Drinks ",28,14,4.5,"electric_scooter",2,"No","Metropolitan","Sandstorms","Jam ",1,"Y",10
42,"Snack ",21,6,4.7,"motorcycle",1,"No","Semi-Urban","Fog","Medium",2,"Y",10
33,"Buffet ",31,1,4.6,"scooter",0,"No","Urban","Windy","Medium",0,"N",10
20,"Snack ",32,18,4.9,"electric_scooter",1,"No","Metropolitan","Stormy","Medium",1,"N",5
43,"Drinks ",25,3,4,"scooter",2,"No","Urban","Fog","Jam",1,"Y",10
37,"Drinks ",32,21,4.4,"scooter",2,"No","Metropolitan","Fog","Medium",1,"Y",5
33,"Meal ",21,8,4,"electric_scooter",2,"No","Metropolitan","Cloudy","Medium",1,"Y",15
32,"Meal ",36,3,4.1,"motorcycle",2,"No","Urban","Fog","Jam ",1,"Y",5
22,"Buffet ",22,22,4.8,"motorcycle",1,"No","Urban","Sandstorms","Low ",0,"N",15
26,"Snack ",34,13,4.6,"scooter",2,"No","Urban","Cloudy","Low ",0,"N",20
19,"Drinks ",38,12,4.8,"electric_scooter",2,"No","Metropolitan","Sunny","Jam ",0,"Y",10
24,"Drinks ",37,21,4.6,"scooter",2,"No","Metropolitan","Stormy","Low ",1,"N",15
14,"Meal ",28,9,5,"scooter",1,"No","Metropolitan","Fog","Jam ",1,"Y",10
22,"Buffet ",31,18,4.9,"motorcycle",2,"No","Urban","Sandstorms","Medium",0,"N",10
34,"Snack ",20,11,4.1,"electric_scooter",2,"No","Metropolitan","Fog","Jam ",1,"N",5
39,"Snack ",37,19,4.3,"motorcycle",1,"No","Metropolitan","Sandstorms","Jam ",1,"Y",10
20,"Snack ",26,5,4.9,"motorcycle",0,"No","Metropolitan","Sandstorms","Low ",1,"N",15
17,"Meal ",28,2,4.6,"scooter",1,"No","Urban","Sunny","Jam ",1,"N",10
13,"Meal ",38,3,4.6,"motorcycle",2,"No","Urban","Sunny","Medium",0,"N",15
28,"Snack ",29,21,4.8,"electric_scooter",2,"No","Semi-Urban","Sandstorms","Low ",1,"N",10
30,"Snack ",37,3,4.6,"electric_scooter",1,"No","Metropolitan","Cloudy","Jam ",1,"N",5
46,"Snack ",20,3,4.4,"electric_scooter",0,"Yes","Metropolitan","Sandstorms","High ",2,"Y",5
17,"Buffet ",21,9,4.9,"motorcycle",2,"No","Metropolitan","Sunny","Low ",1,"Y",5
12,"Snack ",23,3,4.5,"motorcycle",1,"No","Metropolitan","Sunny","Medium",0,"N",15
39,"Meal ",25,7,4,"scooter",0,"No","Metropolitan","Sunny","Medium",1,"N",10
29,"Meal ",21,3,4.5,"motorcycle",1,"No","Metropolitan","Windy","Jam",0,"Y",15
23,"Meal ",27,3,4.5,"motorcycle",0,"No","Metropolitan","Fog","Low ",0,"Y",10
43,"Meal ",27,3,4.2,"scooter",1,"No","Metropolitan","Fog","Jam ",1,"N",5
23,"Snack ",24,17,4.6,"scooter",0,"No","Metropolitan","Fog","Low ",0,"N",15
25,"Snack ",37,21,4.7,"electric_scooter",2,"No","Semi-Urban","Windy","Medium",1,"N",10
18,"Buffet ",27,23,4.6,"scooter",2,"No","Semi-Urban","Stormy","Low ",1,"N",15
29,"Drinks ",24,5,4.5,"scooter",0,"No","Urban","Cloudy","High",1,"N",5
29,"Snack ",38,17,4.6,"scooter",1,"No","Metropolitan","Windy","Low ",1,"N",10
21,"Meal ",38,13,4.9,"scooter",1,"No","Metropolitan","Windy","Medium",1,"N",5
26,"Snack ",23,23,4.6,"motorcycle",0,"No","Metropolitan","Fog","Low ",0,"N",15
32,"Drinks ",26,3,4.7,"electric_scooter",2,"No","Metropolitan","Fog","Jam ",1,"N",5
28,"Buffet ",39,9,4.8,"electric_scooter",2,"No","Metropolitan","Fog","Medium",1,"N",5
19,"Buffet ",38,6,4.5,"electric_scooter",2,"No","Metropolitan","Fog","Medium",1,"N",10
15,"Meal ",27,14,4.9,"scooter",1,"No","Metropolitan","Sandstorms","Medium",0,"N",5
36,"Meal ",29,1,4.7,"scooter",0,"No","Metropolitan","Sandstorms","High ",1,"N",15
17,"Meal ",37,9,4.6,"motorcycle",2,"No","Metropolitan","Windy","Low ",1,"N",10
31,"Snack ",36,11,4.1,"scooter",1,"No","Metropolitan","Cloudy","High ",1,"N",5
31,"Snack ",23,3,4.4,"scooter",2,"No","Urban","Sandstorms","Jam",1,"N",15
38,"Meal ",34,18,4.6,"motorcycle",0,"No","Metropolitan","Stormy","Jam ",1,"N",10
36,"Drinks ",39,16,5,"motorcycle",0,"No","Urban","Cloudy","Low",0,"N",15
35,"Buffet ",25,8,4.3,"motorcycle",0,"No","Urban","Fog","Low ",1,"N",5
22,"Drinks ",35,9,4.7,"electric_scooter",2,"No","Metropolitan","Sunny","High ",1,"N",10
27,"Meal ",20,17,5,"scooter",2,"No","Urban","Sunny","Low ",1,"N",15
19,"Drinks ",28,23,4.5,"motorcycle",1,"No","Metropolitan","Fog","Medium",1,"Y",5
11,"Buffet ",22,17,4.9,"electric_scooter",1,"No","Semi-Urban","Fog","Low",1,"N",15
25,"Buffet ",33,2,4.4,"motorcycle",0,"No","Urban","Stormy","Low",1,"N",5
41,"Snack ",24,6,5,"scooter",2,"No","Semi-Urban","Stormy","Medium",0,"N",15
20,"Buffet ",39,3,4.9,"motorcycle",1,"No","Semi-Urban","Stormy","Jam",1,"N",5
21,"Meal ",39,12,4.7,"scooter",2,"No","Metropolitan","Windy","Medium",1,"N",10
48,"Drinks ",21,14,4.3,"motorcycle",0,"No","Semi-Urban","Sandstorms","Jam ",0,"Y",15
31,"Drinks ",28,2,5,"motorcycle",0,"No","Metropolitan","Stormy","Jam ",0,"N",5
19,"Drinks ",28,17,4.7,"scooter",1,"No","Metropolitan","Sunny","Low ",1,"N",15
32,"Snack ",21,4,4,"motorcycle",1,"No","Metropolitan","Stormy","Medium",0,"Y",15
15,"Meal ",34,23,4.6,"electric_scooter",2,"No","Metropolitan","Cloudy","Low ",0,"N",5
42,"Snack ",24,23,4.8,"scooter",2,"No","Urban","Fog","Medium",1,"N",15
28,"Drinks ",33,9,4.5,"motorcycle",0,"No","Metropolitan","Sandstorms","Jam ",0,"N",15
20,"Buffet ",21,3,4.8,"motorcycle",0,"No","Metropolitan","Cloudy","Low ",1,"Y",25
33,"Meal ",26,2,4.6,"motorcycle",2,"No","Semi-Urban","Cloudy","Medium",2,"N",15
29,"Drinks ",26,8,4.3,"motorcycle",0,"No","Metropolitan","Sandstorms","Low ",0,"N",10
34,"Meal ",34,18,4.4,"scooter",2,"No","Urban","Fog","Medium",1,"N",10
21,"Buffet ",37,17,4.7,"motorcycle",0,"No","Urban","Stormy","Low ",1,"Y",5
23,"Snack ",25,17,4.8,"scooter",0,"No","Metropolitan","Sandstorms","Low",1,"N",15
12,"Drinks ",29,18,4.6,"motorcycle",1,"No","Urban","Stormy","Low",0,"N",15
26,"Buffet ",28,21,4.6,"motorcycle",2,"No","Urban","Stormy","Jam ",0,"N",15
27,"Meal ",24,15,4.9,"electric_scooter",0,"No","Metropolitan","Sandstorms","Jam ",1,"Y",10
22,"Buffet ",22,9,4.6,"scooter",0,"No","Metropolitan","Sunny","High ",1,"Y",5
18,"Buffet ",35,5,4.9,"scooter",1,"No","Metropolitan","Fog","Low ",0,"N",15
14,"Meal ",39,16,4.6,"motorcycle",2,"No","Urban","Windy","Low",0,"Y",5
44,"Buffet ",24,13,4.5,"motorcycle",0,"No","Urban","Sunny","Medium",1,"N",10
24,"Meal ",27,23,4.5,"scooter",2,"No","Urban","Stormy","Jam ",0,"Y",15
29,"Buffet ",27,2,4.6,"motorcycle",1,"No","Urban","Stormy","Jam ",1,"N",5
16,"Meal ",27,23,4.8,"electric_scooter",2,"No","Metropolitan","Sunny","Low ",1,"Y",10
33,"Snack ",20,3,4.1,"motorcycle",0,"No","Urban","Windy","Medium",1,"N",15
18,"Buffet ",34,18,4.8,"scooter",1,"No","Metropolitan","Sandstorms","Low ",0,"Y",5
14,"Drinks ",36,18,4.6,"scooter",1,"No","Metropolitan","Sandstorms","Jam ",1,"N",10
23,"Buffet ",22,15,4.6,"scooter",2,"No","Semi-Urban","Sandstorms","Jam",1,"N",5
15,"Snack ",20,23,5,"electric_scooter",0,"No","Urban","Windy","Low",0,"Y",10
33,"Meal ",37,2,4.4,"electric_scooter",2,"No","Semi-Urban","Stormy","Jam ",1,"N",10
21,"Drinks ",24,12,4.8,"motorcycle",0,"No","Metropolitan","Stormy","Medium",1,"Y",5
22,"Drinks ",37,15,4.9,"scooter",2,"No","Urban","Stormy","Jam",1,"N",5
20,"Meal ",39,21,4.7,"motorcycle",2,"No","Semi-Urban","Stormy","Low",0,"N",5
15,"Buffet ",30,17,4.6,"motorcycle",0,"No","Urban","Stormy","Jam",0,"Y",10
34,"Drinks ",30,5,4.6,"motorcycle",2,"No","Metropolitan","Fog","Medium",0,"N",5
22,"Snack ",31,13,4.2,"electric_scooter",0,"No","Metropolitan","Windy","Low ",1,"N",10
16,"Meal ",30,13,4.8,"motorcycle",0,"No","Metropolitan","Windy","Low ",1,"N",5
23,"Meal ",36,22,4.9,"scooter",2,"No","Semi-Urban","Stormy","Jam ",1,"N",5
22,"Drinks ",22,13,4.9,"motorcycle",0,"No","Metropolitan","Fog","Low ",1,"N",10
35,"Snack ",20,7,4.2,"motorcycle",0,"No","Urban","Windy","Medium",1,"N",10
12,"Buffet ",28,17,4.6,"motorcycle",2,"No","Urban","Cloudy","Medium",0,"Y",5
20,"Buffet ",25,23,4.7,"motorcycle",0,"No","Metropolitan","Fog","Low ",1,"N",10
25,"Drinks ",30,14,4.7,"scooter",2,"No","Urban","Windy","Low ",0,"N",5
30,"Meal ",31,23,4.7,"scooter",1,"No","Metropolitan","Windy","Medium",1,"Y",10
27,"Buffet ",21,15,4.5,"motorcycle",2,"No","Semi-Urban","Stormy","Medium",1,"N",5
38,"Snack ",36,13,4.5,"motorcycle",0,"No","Urban","Cloudy","Medium",2,"N",10
23,"Snack ",37,2,4.8,"scooter",2,"No","Metropolitan","Fog","Low ",1,"Y",5
34,"Drinks ",22,16,4.7,"electric_scooter",2,"No","Urban","Stormy","Jam",1,"N",5
26,"Drinks ",24,8,4.6,"scooter",1,"No","Semi-Urban","Sandstorms","Jam ",1,"N",15
10,"Drinks ",27,16,4.9,"motorcycle",1,"No","Urban","Sandstorms","Low",0,"N",10
28,"Buffet ",37,16,4.8,"motorcycle",1,"No","Metropolitan","Stormy","Jam ",1,"Y",5
24,"Drinks ",27,6,4.8,"motorcycle",0,"No","Semi-Urban","Stormy","Low ",1,"N",5
31,"Snack ",25,17,4.4,"motorcycle",0,"No","Metropolitan","Windy","Jam ",1,"N",10
24,"Meal ",32,6,4.9,"motorcycle",0,"No","Urban","Sunny","Low ",1,"N",5
13,"Drinks ",22,22,5,"electric_scooter",2,"No","Metropolitan","Sunny","Jam ",1,"Y",10
21,"Snack ",27,13,4.5,"electric_scooter",2,"No","Metropolitan","Sandstorms","Jam ",1,"N",15
43,"Buffet ",25,8,3.8,"motorcycle",0,"Yes","Metropolitan","Sunny","High ",2,"Y",15
26,"Snack ",27,3,4.5,"scooter",2,"No","Urban","Stormy","Jam ",1,"N",15
23,"Buffet ",37,6,4.5,"scooter",1,"No","Metropolitan","Sandstorms","High ",1,"Y",15
22,"Buffet ",27,3,5,"motorcycle",1,"No","Metropolitan","Stormy","Medium",0,"Y",10
27,"Drinks ",20,18,5,"motorcycle",0,"No","Urban","Fog","Medium",1,"N",5
38,"Drinks ",36,13,4.8,"motorcycle",0,"No","Metropolitan","Stormy","Medium",2,"Y",15
47,"Drinks ",34,7,4.6,"motorcycle",0,"No","Urban","Stormy","Medium",1,"N",5
47,"Drinks ",37,3,4.2,"scooter",2,"Yes","Metropolitan","Cloudy","Jam ",2,"N",5
25,"Snack ",20,2,4.9,"motorcycle",0,"No","Urban","Windy","Medium",0,"N",5
26,"Drinks ",36,1,4.5,"scooter",1,"No","Urban","Stormy","Jam",1,"N",5
28,"Buffet ",33,16,4.8,"electric_scooter",2,"No","Urban","Sandstorms","Medium",1,"N",10
27,"Drinks ",37,22,4.9,"motorcycle",0,"No","Metropolitan","Fog","Jam ",0,"Y",5
20,"Buffet ",39,8,4.7,"motorcycle",0,"No","Metropolitan","Windy","Low ",0,"N",25
31,"Buffet ",34,15,4.1,"motorcycle",2,"No","Urban","Fog","Medium",1,"N",10
16,"Meal ",34,14,4.5,"scooter",1,"No","Semi-Urban","Fog","Low ",1,"N",10
20,"Meal ",33,6,4.5,"motorcycle",0,"No","Metropolitan","Fog","Low ",1,"N",15
24,"Meal ",22,18,4.6,"scooter",0,"No","Metropolitan","Fog","Low ",0,"N",10
31,"Drinks ",23,15,4.7,"scooter",2,"No","Urban","Sandstorms","Jam",1,"Y",10
15,"Drinks ",32,23,4.7,"scooter",2,"No","Semi-Urban","Cloudy","Low ",0,"N",20
21,"Buffet ",27,13,4.7,"scooter",0,"No","Semi-Urban","Cloudy","Low ",1,"Y",5
31,"Meal ",24,18,4.9,"motorcycle",0,"No","Urban","Sandstorms","High",0,"N",5
21,"Drinks ",25,16,4.8,"motorcycle",1,"No","Metropolitan","Sunny","Medium",0,"Y",10
21,"Drinks ",39,19,5,"motorcycle",0,"No","Metropolitan","Fog","Low ",0,"N",15
16,"Snack ",30,23,4.7,"electric_scooter",2,"No","Metropolitan","Fog","Medium",1,"N",15
25,"Meal ",22,12,4.5,"motorcycle",0,"No","Metropolitan","Stormy","Low ",1,"N",10
31,"Snack ",30,12,4.7,"motorcycle",1,"No","Semi-Urban","Cloudy","Jam ",1,"N",15
27,"Snack ",33,14,4.9,"scooter",2,"No","Semi-Urban","Sunny","Jam ",1,"Y",10
23,"Meal ",22,23,4.8,"motorcycle",0,"No","Metropolitan","Stormy","Low ",0,"N",15
37,"Snack ",33,11,4.4,"scooter",0,"No","Metropolitan","Stormy","Medium",1,"N",5
15,"Snack ",37,23,5,"motorcycle",1,"No","Urban","Cloudy","Medium",1,"N",15
26,"Snack ",38,13,4.9,"scooter",2,"No","Urban","Sunny","Low ",1,"N",10
26,"Snack ",22,5,4.5,"scooter",1,"No","Metropolitan","Fog","Jam ",1,"N",15
31,"Snack ",29,6,4.1,"electric_scooter",0,"No","Metropolitan","Stormy","Low ",1,"N",10
19,"Drinks ",36,13,4.9,"motorcycle",0,"No","Semi-Urban","Sandstorms","Low ",1,"Y",15
18,"Drinks ",39,23,4.9,"motorcycle",1,"No","Urban","Sunny","Medium",0,"Y",15
16,"Drinks ",38,21,4.5,"electric_scooter",2,"No","Urban","Fog","Low ",1,"Y",5
25,"Snack ",35,9,4.6,"scooter",0,"No","Metropolitan","Sandstorms","Medium",1,"N",15
24,"Meal ",23,22,4.9,"scooter",2,"No","Urban","Sunny","Low",1,"N",10
24,"Drinks ",25,1,4.5,"motorcycle",0,"No","Urban","Sandstorms","Low",0,"N",15
10,"Meal ",21,22,5,"motorcycle",1,"No","Urban","Sunny","Medium",0,"N",5
18,"Snack ",33,13,4.7,"scooter",1,"No","Metropolitan","Cloudy","Medium",0,"N",10
36,"Meal ",24,6,4.9,"electric_scooter",2,"No","Urban","Fog","Medium",1,"Y",5
20,"Drinks ",26,1,4.5,"motorcycle",1,"No","Urban","Sandstorms","Jam",0,"N",15
33,"Drinks ",34,18,4.1,"motorcycle",1,"No","Urban","Sandstorms","High ",1,"N",10
27,"Snack ",25,17,4.9,"electric_scooter",2,"No","Semi-Urban","Sunny","Low ",0,"N",10
37,"Snack ",31,4,5,"electric_scooter",0,"No","Metropolitan","Fog","Jam ",1,"N",5
23,"Meal ",36,22,5,"scooter",0,"No","Urban","Stormy","Low ",1,"Y",10
16,"Meal ",38,4,4.5,"scooter",1,"No","Urban","Sandstorms","Medium",1,"Y",5
31,"Drinks ",28,4,4,"electric_scooter",1,"No","Urban","Cloudy","Jam",1,"N",5
18,"Meal ",27,17,4.6,"motorcycle",0,"No","Urban","Stormy","Low",0,"N",5
29,"Meal ",23,15,4.8,"motorcycle",0,"No","Metropolitan","Sunny","High ",1,"Y",10
33,"Buffet ",30,23,4.3,"motorcycle",0,"No","Metropolitan","Fog","High ",1,"N",10
22,"Snack ",22,18,4.8,"motorcycle",2,"No","Metropolitan","Fog","Jam ",1,"N",5
18,"Meal ",20,23,4.9,"motorcycle",2,"No","Metropolitan","Stormy","Jam ",1,"N",15
44,"Buffet ",21,11,3.8,"scooter",2,"No","Metropolitan","Sandstorms","Jam ",1,"N",10
36,"Drinks ",26,3,4.6,"motorcycle",0,"No","Urban","Stormy","Medium",2,"Y",15
39,"Buffet ",27,12,4.9,"electric_scooter",1,"No","Metropolitan","Sunny","High ",1,"N",15
28,"Meal ",21,23,4.9,"scooter",2,"No","Semi-Urban","Sandstorms","Low ",0,"N",10
40,"Drinks ",24,11,3.6,"electric_scooter",2,"No","Metropolitan","Stormy","Jam ",2,"Y",10
34,"Meal ",24,3,4.8,"scooter",0,"No","Semi-Urban","Sandstorms","Jam ",1,"Y",10
24,"Meal ",38,5,4.7,"motorcycle",0,"No","Metropolitan","Sandstorms","Medium",1,"N",15
15,"Drinks ",30,17,4.5,"scooter",1,"No","Metropolitan","Stormy","Low ",0,"N",15
24,"Meal ",27,9,4.8,"motorcycle",0,"No","Metropolitan","Sunny","Low ",1,"N",5
15,"Snack ",38,18,4.8,"scooter",2,"No","Semi-Urban","Sunny","High",0,"N",15
18,"Drinks ",35,22,4.8,"motorcycle",2,"No","Metropolitan","Fog","Low ",1,"N",10
28,"Buffet ",32,2,4.6,"motorcycle",0,"No","Semi-Urban","Windy","Jam ",1,"N",5
29,"Drinks ",39,1,4.5,"electric_scooter",2,"No","Urban","Stormy","Jam ",1,"N",5
27,"Meal ",21,22,4.8,"scooter",0,"No","Metropolitan","Fog","Medium",0,"N",15
43,"Meal ",29,6,4.4,"motorcycle",1,"No","Metropolitan","Cloudy","Jam ",1,"N",5
33,"Meal ",36,21,4.3,"motorcycle",2,"No","Metropolitan","Fog","Medium",1,"N",5
22,"Buffet ",20,5,4.5,"electric_scooter",0,"No","Urban","Cloudy","Low",1,"N",5
18,"Drinks ",39,3,4.8,"motorcycle",0,"No","Urban","Stormy","Low",1,"Y",15
23,"Drinks ",38,3,5,"motorcycle",0,"No","Metropolitan","Sunny","Jam ",1,"Y",10
30,"Buffet ",39,22,5,"motorcycle",2,"No","Metropolitan","Cloudy","Jam ",0,"N",15
19,"Meal ",38,18,4.8,"electric_scooter",2,"No","Urban","Stormy","Low",1,"N",10
32,"Drinks ",26,8,4.2,"scooter",2,"No","Metropolitan","Sandstorms","Medium",1,"N",15
27,"Buffet ",25,16,4.9,"electric_scooter",2,"No","Urban","Cloudy","Medium",1,"N",5
25,"Buffet ",20,8,4.7,"scooter",1,"No","Metropolitan","Windy","Medium",1,"N",15
33,"Meal ",26,16,4.6,"scooter",2,"No","Semi-Urban","Fog","Medium",0,"N",15
43,"Meal ",22,15,4.4,"scooter",2,"Yes","Metropolitan","Fog","Jam ",0,"Y",15
35,"Buffet ",35,2,4.9,"electric_scooter",1,"No","Metropolitan","Fog","Medium",1,"N",15
26,"Snack ",33,19,4.8,"electric_scooter",2,"No","Urban","Windy","Low",1,"Y",15
22,"Drinks ",23,14,4.9,"electric_scooter",2,"No","Metropolitan","Windy","High ",0,"N",5
29,"Drinks ",20,11,4.6,"electric_scooter",2,"No","Metropolitan","Sandstorms","Medium",1,"N",15
15,"Snack ",28,23,4.8,"electric_scooter",1,"No","Semi-Urban","Cloudy","Low ",0,"N",15
39,"Snack ",25,23,4.6,"electric_scooter",2,"No","Urban","Cloudy","Medium",1,"N",10
36,"Buffet ",24,4,4.1,"scooter",2,"No","Urban","Fog","Jam ",1,"Y",15
13,"Snack ",22,12,4.8,"scooter",1,"No","Metropolitan","Sunny","Low ",0,"Y",15
41,"Drinks ",35,18,5,"electric_scooter",0,"No","Metropolitan","Fog","Low ",1,"N",10
37,"Meal ",33,12,4.7,"motorcycle",0,"No","Urban","Sunny","Jam ",1,"N",10
31,"Snack ",31,2,4.4,"electric_scooter",2,"No","Urban","Fog","High",1,"Y",15
20,"Buffet ",35,23,4.6,"motorcycle",0,"No","Metropolitan","Fog","Low",1,"N",5
42,"Buffet ",34,6,4.2,"motorcycle",1,"Yes","Urban","Sandstorms","Jam ",0,"N",15
28,"Meal ",36,23,4.8,"motorcycle",2,"No","Metropolitan","Windy","Jam ",0,"N",5
15,"Meal ",31,18,4.5,"motorcycle",0,"No","Metropolitan","Sunny","Low ",0,"N",10
19,"Snack ",28,18,4.7,"scooter",0,"No","Urban","Stormy","Low",1,"Y",10
15,"Snack ",33,17,5,"motorcycle",2,"No","Metropolitan","Sunny","Low ",0,"N",15
48,"Buffet ",39,22,4.5,"scooter",0,"Yes","Metropolitan","Fog","Medium",1,"N",10
34,"Drinks ",24,5,4.2,"scooter",1,"No","Metropolitan","Stormy","Medium",2,"Y",10
23,"Snack ",34,9,4.1,"motorcycle",0,"No","Metropolitan","Stormy","Low ",0,"N",15
29,"Meal ",30,9,4.6,"motorcycle",0,"No","Metropolitan","Sunny","Jam ",0,"Y",15
39,"Meal ",20,15,3.7,"motorcycle",2,"No","Metropolitan","Windy","Medium",2,"N",5
20,"Snack ",24,18,4.8,"motorcycle",0,"No","Metropolitan","Sunny","Jam ",0,"N",10
23,"Buffet ",25,18,4.6,"scooter",1,"No","Urban","Sunny","High",1,"N",10
19,"Buffet ",24,18,4.8,"motorcycle",0,"No","Urban","Sandstorms","Low",1,"N",15
21,"Snack ",28,9,4.6,"scooter",0,"No","Metropolitan","Sunny","Low ",1,"N",5
10,"Meal ",36,9,4.9,"electric_scooter",2,"No","Metropolitan","Stormy","Low ",0,"N",15
16,"Drinks ",23,14,4.8,"motorcycle",1,"No","Urban","Stormy","Low ",1,"N",5
11,"Buffet ",37,17,4.7,"electric_scooter",2,"No","Metropolitan","Cloudy","Medium",1,"N",5
19,"Meal ",38,22,4.8,"electric_scooter",1,"No","Metropolitan","Fog","Low ",1,"N",5
28,"Drinks ",21,18,4.8,"scooter",2,"No","Semi-Urban","Windy","Low ",0,"Y",5
17,"Meal ",21,17,4.7,"scooter",0,"No","Urban","Stormy","Low",0,"N",10
27,"Buffet ",35,6,4.6,"scooter",2,"No","Metropolitan","Sandstorms","Low ",1,"Y",10
25,"Drinks ",33,22,4.8,"scooter",1,"No","Urban","Windy","Medium",1,"Y",10
12,"Drinks ",22,19,4.8,"electric_scooter",1,"No","Metropolitan","Windy","Jam ",0,"N",5
24,"Meal ",24,17,4.6,"scooter",1,"No","Metropolitan","Fog","Low ",1,"N",15
29,"Snack ",31,22,4.3,"motorcycle",0,"No","Metropolitan","Windy","Low ",0,"N",15
21,"Buffet ",26,19,4,"motorcycle",0,"No","Semi-Urban","Sandstorms","Low ",0,"N",15
19,"Meal ",32,3,4.7,"electric_scooter",2,"No","Metropolitan","Fog","Low ",1,"Y",10
27,"Snack ",31,19,4.9,"electric_scooter",2,"No","Metropolitan","Windy","Medium",0,"N",5
22,"Snack ",21,9,4.7,"motorcycle",1,"No","Semi-Urban","Stormy","Jam ",0,"Y",15
24,"Drinks ",31,19,4.6,"electric_scooter",1,"No","Metropolitan","Cloudy","Low ",1,"N",5
26,"Drinks ",28,17,4.9,"scooter",2,"No","Semi-Urban","Sandstorms","Jam",1,"Y",10
44,"Snack ",34,22,4.8,"motorcycle",2,"No","Metropolitan","Fog","Medium",2,"N",5
24,"Buffet ",23,1,4.1,"scooter",0,"No","Urban","Sandstorms","Low",0,"N",15
24,"Snack ",38,23,4.8,"motorcycle",0,"No","Metropolitan","Cloudy","Low ",1,"Y",10
25,"Drinks ",35,3,4.5,"motorcycle",0,"No","Metropolitan","Sunny","Low ",0,"Y",10
40,"Meal ",24,12,4.1,"motorcycle",1,"No","Metropolitan","Fog","Jam ",0,"N",15
28,"Meal ",20,4,4.2,"motorcycle",0,"No","Metropolitan","Windy","Low ",1,"N",15
34,"Snack ",38,11,3.7,"electric_scooter",2,"No","Metropolitan","Stormy","Low ",0,"N",10
28,"Meal ",21,17,4.6,"electric_scooter",1,"No","Metropolitan","Sunny","Low ",1,"Y",15
22,"Buffet ",31,21,4.8,"scooter",2,"No","Urban","Stormy","Jam ",0,"Y",15
23,"Snack ",28,16,4.7,"motorcycle",0,"No","Metropolitan","Sunny","Low ",1,"N",5
24,"Buffet ",33,5,4.4,"motorcycle",0,"No","Urban","Sandstorms","Low",1,"N",10
19,"Meal ",29,16,4.8,"scooter",1,"No","Urban","Cloudy","Low",1,"N",10
17,"Buffet ",26,5,4.5,"scooter",1,"No","Urban","Sunny","Medium",1,"N",15
40,"Meal ",38,1,4.1,"motorcycle",2,"No","Metropolitan","Fog","Jam ",1,"N",5
17,"Buffet ",25,23,4.9,"electric_scooter",2,"No","Metropolitan","Fog","Medium",0,"N",15
31,"Drinks ",26,9,4.7,"motorcycle",1,"No","Urban","Sandstorms","Medium",1,"N",5
23,"Drinks ",21,17,4.7,"motorcycle",1,"No","Semi-Urban","Sandstorms","Medium",1,"N",10
37,"Buffet ",36,13,3.6,"motorcycle",2,"No","Metropolitan","Fog","Low ",2,"N",5
28,"Snack ",30,23,4.9,"scooter",2,"No","Urban","Sandstorms","Jam ",1,"N",15
23,"Buffet ",31,9,4.8,"motorcycle",0,"No","Metropolitan","Windy","High ",1,"N",15
19,"Drinks ",34,23,4.6,"motorcycle",0,"No","Semi-Urban","Sunny","Jam ",0,"N",15
28,"Snack ",20,23,5,"motorcycle",0,"No","Metropolitan","Windy","Medium",1,"N",10
34,"Meal ",21,15,4.5,"electric_scooter",2,"No","Metropolitan","Windy","Medium",1,"Y",5
26,"Snack ",21,16,4.9,"scooter",2,"No","Urban","Fog","High ",1,"Y",10
31,"Buffet ",28,8,4.2,"motorcycle",0,"No","Metropolitan","Windy","Low ",1,"Y",15
41,"Snack ",26,3,4.3,"scooter",2,"No","Metropolitan","Stormy","Jam",1,"N",15
17,"Buffet ",29,21,4.9,"scooter",2,"No","Urban","Sunny","Medium",0,"N",5
17,"Drinks ",21,18,4.5,"scooter",1,"No","Metropolitan","Sandstorms","Medium",0,"N",5
20,"Meal ",38,21,4.7,"motorcycle",2,"No","Semi-Urban","Fog","High",0,"N",5
18,"Drinks ",38,9,4.6,"scooter",2,"No","Metropolitan","Sunny","High ",1,"Y",10
29,"Meal ",23,15,4.7,"motorcycle",0,"No","Metropolitan","Fog","Jam ",1,"N",10
18,"Drinks ",30,17,4.7,"motorcycle",0,"No","Metropolitan","Sunny","Low ",0,"Y",10
19,"Meal ",37,23,4.8,"motorcycle",2,"No","Metropolitan","Stormy","Jam ",0,"Y",10
19,"Drinks ",25,8,4.6,"motorcycle",2,"No","Metropolitan","Sunny","Medium",0,"N",10
31,"Buffet ",35,13,4.2,"motorcycle",0,"No","Semi-Urban","Windy","Jam ",0,"Y",10
15,"Buffet ",21,7,4.5,"scooter",1,"No","Metropolitan","Fog","Medium",0,"N",5
18,"Buffet ",38,3,4.6,"motorcycle",1,"No","Metropolitan","Stormy","Low ",1,"N",10
11,"Snack ",27,18,4.7,"scooter",1,"No","Metropolitan","Sandstorms","Low ",1,"N",30
11,"Meal ",25,15,4.7,"electric_scooter",1,"No","Urban","Windy","Low",0,"N",10
17,"Meal ",39,5,4.5,"scooter",2,"No","Metropolitan","Cloudy","Low",1,"N",5
26,"Buffet ",36,11,4.2,"motorcycle",0,"No","Metropolitan","Stormy","Low ",1,"Y",5
33,"Buffet ",37,12,4.6,"scooter",0,"No","Metropolitan","Windy","Jam ",1,"N",10
10,"Meal ",30,21,4.8,"electric_scooter",2,"No","Metropolitan","Sandstorms","Low ",0,"N",15
26,"Meal ",20,6,4.7,"motorcycle",0,"No","Urban","Sunny","Low",1,"Y",15
13,"Drinks ",25,15,5,"motorcycle",1,"No","Urban","Cloudy","Low",1,"N",10
17,"Drinks ",29,21,4.6,"motorcycle",2,"No","Urban","Windy","Low ",1,"N",15
35,"Snack ",35,3,4.3,"electric_scooter",2,"No","Urban","Fog","Medium",1,"N",10
29,"Drinks ",36,1,4.9,"motorcycle",0,"No","Metropolitan","Sunny","Jam ",1,"N",15
45,"Meal ",32,13,4.4,"electric_scooter",1,"Yes","Metropolitan","Cloudy","Jam ",2,"N",5
26,"Drinks ",32,3,4,"scooter",0,"No","Metropolitan","Stormy","Low ",1,"Y",10
41,"Meal ",23,3,4.4,"scooter",0,"No","Semi-Urban","Cloudy","Low ",2,"N",10
20,"Meal ",31,14,4.7,"motorcycle",0,"No","Semi-Urban","Sunny","Jam ",1,"N",5
15,"Buffet ",20,9,4.9,"scooter",1,"No","Metropolitan","Sunny","Medium",0,"N",5
23,"Buffet ",35,22,4.8,"motorcycle",0,"No","Urban","Stormy","Jam",0,"N",10
33,"Meal ",27,17,5,"motorcycle",0,"No","Semi-Urban","Stormy","Jam ",1,"N",10
49,"Meal ",39,4,4.2,"electric_scooter",2,"No","Metropolitan","Fog","Jam ",2,"N",15
27,"Snack ",29,23,4.8,"electric_scooter",2,"No","Metropolitan","Sandstorms","High ",1,"N",10
19,"Meal ",22,4,4.5,"motorcycle",1,"No","Semi-Urban","Fog","Low ",0,"N",15
36,"Buffet ",34,4,4.3,"scooter",0,"No","Metropolitan","Sandstorms","High ",1,"N",10
31,"Drinks ",24,23,4.8,"scooter",2,"No","Metropolitan","Stormy","Medium",1,"N",15
25,"Drinks ",30,13,5,"motorcycle",0,"No","Metropolitan","Sunny","Jam ",0,"N",15
29,"Snack ",38,21,4.5,"motorcycle",0,"No","Urban","Fog","Medium",1,"N",5
24,"Meal ",32,22,4.9,"motorcycle",1,"No","Urban","Sunny","Jam ",1,"N",5
25,"Drinks ",27,19,4.8,"motorcycle",0,"No","Metropolitan","Stormy","Medium",0,"N",15
20,"Snack ",38,23,4.6,"scooter",0,"No","Semi-Urban","Cloudy","Low ",1,"N",10
15,"Buffet ",34,17,4.7,"scooter",1,"No","Urban","Sunny","High",1,"N",5
38,"Snack ",28,22,4.7,"motorcycle",0,"No","Urban","Sandstorms","High",0,"N",15
33,"Meal ",26,15,4.9,"scooter",2,"No","Semi-Urban","Fog","High ",1,"N",10
22,"Meal ",31,15,4.5,"scooter",0,"No","Metropolitan","Sandstorms","Low ",0,"Y",30
33,"Buffet ",25,4,4,"electric_scooter",2,"No","Metropolitan","Sunny","Medium",1,"N",10
26,"Drinks ",39,9,4.9,"motorcycle",1,"No","Metropolitan","Stormy","Low ",1,"N",10
26,"Drinks ",23,5,4.7,"electric_scooter",2,"No","Semi-Urban","Windy","Jam ",1,"N",15
19,"Drinks ",36,5,4.9,"motorcycle",0,"No","Metropolitan","Stormy","Low ",1,"N",5
23,"Snack ",37,5,4.8,"motorcycle",0,"No","Metropolitan","Sunny","Jam ",1,"N",10
27,"Meal ",35,23,4.6,"scooter",1,"No","Urban","Sandstorms","Medium",0,"Y",15
19,"Meal ",26,9,5,"scooter",2,"No","Semi-Urban","Sunny","Low ",0,"N",15
31,"Drinks ",28,3,4.2,"electric_scooter",2,"No","Metropolitan","Cloudy","High ",1,"N",5
42,"Meal ",32,3,4.2,"scooter",0,"No","Urban","Sandstorms","Jam ",0,"Y",5
40,"Buffet ",30,13,4.2,"motorcycle",0,"No","Metropolitan","Windy","Jam ",0,"Y",15
15,"Drinks ",34,17,4.7,"motorcycle",1,"No","Urban","Fog","Medium",1,"N",15
13,"Buffet ",20,15,4.7,"motorcycle",1,"No","Urban","Sunny","High",0,"N",10
27,"Meal ",30,5,4.7,"motorcycle",0,"No","Metropolitan","Fog","Medium",1,"N",10
26,"Meal ",38,15,4.3,"electric_scooter",0,"No","Metropolitan","Windy","Low ",0,"Y",5
18,"Meal ",36,12,4.5,"electric_scooter",2,"No","Metropolitan","Cloudy","Low ",1,"N",10
17,"Buffet ",23,19,4.9,"motorcycle",1,"No","Metropolitan","Fog","Medium",1,"N",5
12,"Drinks ",27,9,4.9,"electric_scooter",1,"No","Urban","Sunny","Low ",0,"N",5
29,"Drinks ",22,15,4.7,"motorcycle",1,"No","Metropolitan","Stormy","Medium",0,"Y",10
25,"Meal ",34,18,5,"motorcycle",0,"No","Metropolitan","Sunny","Low ",1,"N",10
33,"Snack ",21,13,4.3,"scooter",2,"No","Urban","Sandstorms","Jam ",0,"Y",5
30,"Meal ",38,3,4.7,"motorcycle",1,"No","Semi-Urban","Fog","High ",1,"N",10
10,"Drinks ",30,6,4.6,"motorcycle",1,"No","Metropolitan","Stormy","Low ",0,"N",15
23,"Drinks ",22,16,4.8,"scooter",1,"No","Metropolitan","Stormy","Low ",1,"N",5
33,"Snack ",28,19,4.7,"electric_scooter",2,"No","Metropolitan","Cloudy","Jam ",2,"N",10
13,"Snack ",27,18,4.7,"scooter",1,"No","Urban","Stormy","Low",0,"N",5
36,"Drinks ",24,3,4.3,"motorcycle",1,"No","Urban","Fog","High",0,"Y",5
51,"Snack ",24,3,4.2,"motorcycle",0,"Yes","Semi-Urban","Stormy","Jam ",1,"N",5
42,"Meal ",21,9,5,"motorcycle",0,"No","Metropolitan","Fog","Jam ",0,"N",5
54,"Meal ",30,5,4.1,"scooter",0,"No","Metropolitan","Sunny","High ",3,"N",5
19,"Drinks ",26,23,4.9,"electric_scooter",2,"No","Metropolitan","Sunny","Low ",0,"N",10
18,"Meal ",31,23,4.8,"motorcycle",2,"No","Metropolitan","Fog","Low ",0,"Y",5
28,"Buffet ",37,18,5,"motorcycle",0,"No","Semi-Urban","Cloudy","Jam ",0,"N",10
28,"Buffet ",26,23,5,"motorcycle",1,"No","Urban","Stormy","High ",1,"N",5
17,"Drinks ",39,9,4.6,"electric_scooter",2,"No","Semi-Urban","Sunny","High ",0,"N",10
30,"Snack ",29,8,5,"electric_scooter",1,"No","Semi-Urban","Fog","High ",0,"Y",15
20,"Snack ",20,4,5,"motorcycle",1,"No","Metropolitan","Windy","Jam ",1,"N",10
13,"Drinks ",22,17,4.9,"electric_scooter",2,"No","Metropolitan","Stormy","Low ",1,"N",15
25,"Meal ",29,9,4.9,"electric_scooter",1,"No","Metropolitan","Sandstorms","Jam ",1,"N",10
18,"Meal ",22,3,4.9,"motorcycle",0,"No","Urban","Sunny","Medium",1,"N",10
47,"Meal ",27,18,5,"scooter",2,"Yes","Metropolitan","Cloudy","Jam ",1,"N",15
30,"Snack ",37,14,4.7,"motorcycle",1,"No","Metropolitan","Windy","Medium",1,"N",15
15,"Buffet ",29,16,4.6,"scooter",1,"No","Urban","Cloudy","Low",1,"N",10
34,"Meal ",37,3,4.1,"motorcycle",0,"No","Metropolitan","Sunny","Medium",1,"Y",15
28,"Snack ",24,19,4.9,"scooter",1,"No","Semi-Urban","Sunny","Jam ",1,"Y",5
28,"Buffet ",26,13,4.7,"electric_scooter",2,"No","Urban","Stormy","High ",1,"N",5
31,"Meal ",31,5,4.1,"motorcycle",2,"No","Metropolitan","Stormy","High ",1,"Y",15
26,"Meal ",22,15,4.7,"motorcycle",0,"No","Metropolitan","Cloudy","Low ",1,"Y",15
39,"Drinks ",34,18,4.9,"motorcycle",0,"No","Urban","Sandstorms","Jam",1,"Y",15
21,"Meal ",23,7,4.7,"motorcycle",1,"No","Metropolitan","Sandstorms","Medium",0,"Y",5
15,"Snack ",25,18,4.7,"electric_scooter",1,"No","Metropolitan","Sunny","Low",0,"N",10
10,"Meal ",39,5,4.7,"motorcycle",1,"No","Metropolitan","Sandstorms","Low ",0,"N",5
14,"Meal ",37,16,4.6,"motorcycle",2,"No","Urban","Sunny","Medium",1,"N",5
28,"Snack ",38,5,4.5,"motorcycle",2,"No","Metropolitan","Stormy","Low ",1,"N",5
13,"Meal ",23,21,4.8,"electric_scooter",1,"No","Urban","Stormy","Low",1,"N",10
15,"Snack ",27,23,5,"motorcycle",2,"No","Urban","Fog","Low ",0,"N",5
28,"Buffet ",33,19,4.6,"motorcycle",0,"No","Urban","Fog","High ",1,"N",15
35,"Drinks ",30,4,5,"motorcycle",0,"No","Urban","Sunny","Medium",1,"N",5
18,"Drinks ",35,18,4.6,"motorcycle",2,"No","Metropolitan","Stormy","Low",1,"Y",15
39,"Snack ",28,5,4.8,"motorcycle",0,"No","Urban","Windy","Jam ",2,"N",5
18,"Meal ",21,22,4.7,"scooter",2,"No","Urban","Sandstorms","Jam",1,"N",15
15,"Snack ",31,22,4.6,"electric_scooter",2,"No","Metropolitan","Fog","Medium",1,"N",10
14,"Drinks ",31,17,4.6,"scooter",2,"No","Semi-Urban","Stormy","High ",0,"Y",5
27,"Meal ",29,21,4.6,"motorcycle",0,"No","Metropolitan","Windy","Low ",0,"N",5
28,"Snack ",22,9,4.9,"electric_scooter",2,"No","Metropolitan","Windy","Jam ",1,"N",5
13,"Snack ",28,19,4.8,"scooter",2,"No","Semi-Urban","Cloudy","Low",0,"N",5
12,"Buffet ",33,22,4.9,"scooter",0,"No","Urban","Sunny","Low",1,"N",15
35,"Meal ",26,3,4.4,"electric_scooter",1,"No","Metropolitan","Cloudy","High ",0,"Y",10
25,"Snack ",32,23,4.8,"scooter",1,"No","Metropolitan","Sandstorms","Medium",0,"N",5
15,"Snack ",26,12,4.9,"motorcycle",0,"No","Metropolitan","Stormy","Low ",1,"Y",10
20,"Buffet ",39,8,4.7,"motorcycle",0,"No","Metropolitan","Windy","Low ",0,"N",25
25,"Meal ",20,12,4.7,"scooter",1,"No","Metropolitan","Stormy","Low ",1,"N",10
26,"Drinks ",39,23,5,"scooter",2,"No","Urban","Stormy","Jam ",0,"Y",5
26,"Drinks ",27,21,4.9,"motorcycle",1,"No","Urban","Sunny","Medium",1,"Y",5
35,"Meal ",22,19,4.8,"scooter",0,"No","Urban","Fog","Jam ",0,"Y",10
28,"Drinks ",24,13,4.7,"motorcycle",0,"No","Urban","Stormy","Low ",0,"N",10
10,"Buffet ",36,21,4.6,"scooter",1,"No","Metropolitan","Stormy","Jam ",0,"Y",10
17,"Drinks ",24,15,4.6,"scooter",2,"No","Urban","Fog","Low",1,"Y",15
23,"Buffet ",23,18,4.7,"motorcycle",0,"No","Metropolitan","Windy","Low ",1,"Y",5
31,"Meal ",29,23,4.5,"scooter",1,"No","Metropolitan","Sunny","Jam ",1,"N",10
22,"Buffet ",22,6,4.5,"motorcycle",0,"No","Metropolitan","Stormy","Low ",0,"Y",15
32,"Buffet ",33,7,4.2,"motorcycle",1,"No","Semi-Urban","Sunny","Jam ",1,"Y",10
23,"Meal ",33,23,4.9,"motorcycle",0,"No","Metropolitan","Fog","Low ",1,"Y",15
25,"Drinks ",25,9,4.5,"electric_scooter",2,"No","Metropolitan","Stormy","Medium",1,"N",15
27,"Snack ",32,18,5,"scooter",2,"No","Urban","Stormy","Jam",1,"N",10
29,"Snack ",23,14,4.8,"electric_scooter",2,"No","Metropolitan","Stormy","Jam ",1,"N",15
19,"Meal ",37,9,5,"scooter",2,"No","Urban","Cloudy","Low ",0,"Y",30
29,"Drinks ",22,23,4.6,"motorcycle",2,"No","Metropolitan","Cloudy","High ",0,"N",10
37,"Drinks ",38,3,3.6,"motorcycle",1,"No","Metropolitan","Fog","Low ",1,"N",10
47,"Drinks ",32,8,4.2,"motorcycle",0,"No","Metropolitan","Sunny","Jam ",2,"N",5
40,"Meal ",26,6,3.7,"scooter",2,"No","Metropolitan","Stormy","Jam ",1,"N",10
40,"Meal ",28,3,5,"motorcycle",1,"No","Metropolitan","Fog","Jam ",1,"N",5
28,"Meal ",36,18,4.9,"motorcycle",2,"No","Semi-Urban","Cloudy","Medium",0,"N",15
20,"Drinks ",31,17,5,"scooter",1,"No","Metropolitan","Windy","Jam ",1,"N",15
31,"Drinks ",21,22,4.5,"motorcycle",1,"No","Semi-Urban","Fog","Low ",1,"Y",15
33,"Meal ",39,14,4.3,"electric_scooter",1,"No","Metropolitan","Stormy","High ",1,"N",10
16,"Buffet ",35,16,4.7,"motorcycle",1,"No","Metropolitan","Sunny","Medium",0,"Y",15
31,"Buffet ",21,2,4.3,"motorcycle",1,"No","Urban","Stormy","Jam",1,"N",15
28,"Snack ",26,19,4.9,"motorcycle",1,"No","Metropolitan","Fog","Medium",1,"Y",10
20,"Snack ",20,19,4.7,"motorcycle",1,"No","Urban","Stormy","Low",1,"N",15
18,"Buffet ",34,23,4.6,"scooter",2,"No","Metropolitan","Sunny","Low ",0,"N",10
20,"Drinks ",31,21,4,"motorcycle",0,"No","Metropolitan","Stormy","Low ",0,"N",10
42,"Buffet ",27,11,4.7,"scooter",2,"Yes","Urban","Fog","Jam ",1,"N",15
38,"Drinks ",28,5,4.4,"motorcycle",0,"No","Semi-Urban","Sandstorms","Jam ",2,"Y",15
26,"Snack ",26,19,4.8,"motorcycle",2,"No","Semi-Urban","Cloudy","Low ",1,"N",5
19,"Snack ",33,23,4.6,"scooter",1,"No","Semi-Urban","Sandstorms","Low ",0,"Y",5
23,"Drinks ",21,22,4.8,"motorcycle",2,"No","Metropolitan","Sunny","Low ",1,"N",10
10,"Snack ",33,18,4.6,"scooter",2,"No","Urban","Sunny","Medium",0,"Y",10
38,"Drinks ",36,3,4.9,"motorcycle",0,"No","Metropolitan","Sandstorms","Medium",1,"N",10
45,"Buffet ",36,16,4.6,"motorcycle",0,"No","Metropolitan","Fog","Jam ",1,"N",5
35,"Buffet ",22,4,3.5,"scooter",2,"No","Semi-Urban","Fog","Low ",1,"N",10
28,"Snack ",33,21,4.6,"scooter",0,"No","Semi-Urban","Sandstorms","Jam ",1,"Y",15
47,"Drinks ",32,16,4.9,"motorcycle",0,"No","Metropolitan","Fog","Jam ",2,"Y",5
28,"Meal ",31,21,4.7,"electric_scooter",0,"No","Semi-Urban","Cloudy","High ",0,"Y",10
46,"Buffet ",30,8,4.8,"motorcycle",0,"No","Metropolitan","Cloudy","Jam ",2,"N",10
26,"Drinks ",39,16,4.8,"motorcycle",2,"No","Urban","Windy","Jam",1,"N",5
34,"Buffet ",35,19,5,"electric_scooter",1,"No","Metropolitan","Fog","Medium",0,"N",5
26,"Snack ",22,4,4.3,"motorcycle",0,"No","Urban","Stormy","Low",1,"Y",5
20,"Meal ",31,9,4.7,"motorcycle",0,"No","Urban","Sandstorms","High ",1,"Y",5
11,"Snack ",33,15,4.6,"motorcycle",1,"No","Urban","Stormy","Low",0,"Y",5
13,"Buffet ",31,19,4.8,"motorcycle",1,"No","Metropolitan","Sandstorms","Low ",1,"Y",25
30,"Snack ",25,9,4.8,"motorcycle",0,"No","Metropolitan","Sunny","Low ",1,"Y",5
27,"Buffet ",39,12,4.3,"motorcycle",0,"No","Metropolitan","Windy","Low ",0,"Y",10
21,"Snack ",38,3,4.7,"motorcycle",0,"No","Metropolitan","Fog","High ",1,"N",15
30,"Meal ",34,9,4.8,"motorcycle",0,"No","Urban","Sunny","Jam ",0,"N",10
29,"Meal ",34,6,4.8,"scooter",1,"No","Metropolitan","Sandstorms","Jam ",1,"N",10
25,"Snack ",32,16,4.9,"motorcycle",0,"No","Metropolitan","Sunny","Jam ",1,"N",10
28,"Buffet ",29,1,4.6,"motorcycle",0,"No","Metropolitan","Cloudy","Jam ",0,"N",15
16,"Meal ",24,18,4.8,"motorcycle",0,"No","Urban","Sunny","Medium",0,"N",10
18,"Buffet ",21,18,4.7,"motorcycle",0,"No","Urban","Cloudy","Low",0,"Y",5
19,"Buffet ",28,5,4.9,"motorcycle",2,"No","Urban","Sunny","Jam ",0,"N",10
16,"Meal ",32,21,4.8,"scooter",1,"No","Urban","Sunny","Low ",0,"N",25
26,"Meal ",37,17,4.5,"scooter",1,"No","Metropolitan","Sunny","Low ",0,"Y",15
35,"Buffet ",23,8,4.2,"motorcycle",0,"No","Metropolitan","Windy","Medium",2,"N",5
17,"Snack ",39,14,4.8,"scooter",1,"No","Metropolitan","Sunny","Low ",1,"Y",15
38,"Snack ",33,7,4.9,"scooter",2,"No","Metropolitan","Fog","Jam ",1,"N",10
16,"Drinks ",23,9,4.6,"scooter",1,"No","Urban","Cloudy","Low ",0,"Y",5
22,"Buffet ",24,1,4.5,"motorcycle",0,"No","Metropolitan","Sunny","High ",0,"N",10
19,"Buffet ",37,15,4.5,"motorcycle",0,"No","Metropolitan","Fog","Low ",0,"N",10
18,"Buffet ",22,21,4.8,"motorcycle",0,"No","Metropolitan","Fog","Low ",1,"N",10
29,"Drinks ",26,8,4.8,"electric_scooter",1,"No","Semi-Urban","Windy","Medium",1,"N",15
46,"Meal ",38,9,4.1,"scooter",2,"No","Metropolitan","Fog","Jam ",1,"N",10
29,"Meal ",24,17,4.9,"motorcycle",0,"No","Urban","Sandstorms","Jam",1,"N",5
41,"Snack ",27,4,4.9,"motorcycle",0,"No","Metropolitan","Cloudy","Jam ",1,"N",10
27,"Drinks ",23,23,4.5,"motorcycle",1,"No","Semi-Urban","Sandstorms","Jam ",0,"N",10
18,"Buffet ",30,3,4.7,"motorcycle",2,"No","Semi-Urban","Cloudy","Medium",0,"N",15
18,"Buffet ",21,22,5,"scooter",2,"No","Metropolitan","Cloudy","Medium",1,"Y",10
25,"Snack ",30,17,4.7,"electric_scooter",1,"No","Urban","Sandstorms","Medium",0,"N",15
24,"Buffet ",38,16,4.9,"electric_scooter",1,"No","Metropolitan","Stormy","Low ",1,"N",10
36,"Drinks ",39,3,4.4,"motorcycle",1,"No","Semi-Urban","Fog","Jam ",1,"N",5
28,"Meal ",39,17,4.7,"scooter",2,"No","Semi-Urban","Sunny","Low ",0,"N",10
28,"Buffet ",21,16,4.6,"motorcycle",2,"No","Metropolitan","Windy","Medium",0,"Y",15
44,"Snack ",26,18,4.9,"motorcycle",0,"No","Urban","Windy","Jam",1,"N",10
12,"Buffet ",31,23,4.8,"scooter",1,"No","Urban","Windy","Low",1,"Y",15
15,"Snack ",31,23,4.8,"motorcycle",2,"No","Semi-Urban","Sandstorms","Low ",0,"N",5
10,"Snack ",36,15,4.7,"scooter",1,"No","Urban","Cloudy","Low",0,"N",10
32,"Buffet ",28,21,5,"motorcycle",1,"No","Urban","Windy","Medium",0,"N",15
25,"Snack ",29,18,4.6,"scooter",2,"No","Urban","Sunny","Medium",1,"N",5
31,"Snack ",22,12,4.9,"motorcycle",0,"No","Metropolitan","Sandstorms","Jam ",1,"N",10
21,"Snack ",20,19,5,"electric_scooter",2,"No","Urban","Stormy","Jam",0,"N",15
28,"Buffet ",34,22,4.9,"motorcycle",1,"No","Urban","Stormy","Jam",0,"N",15
23,"Buffet ",22,23,4.8,"motorcycle",0,"No","Urban","Sunny","Low ",1,"N",15
23,"Buffet ",24,23,4.7,"motorcycle",2,"No","Metropolitan","Sandstorms","Medium",1,"Y",5
21,"Drinks ",37,9,4.5,"motorcycle",0,"No","Metropolitan","Windy","Low ",1,"N",15
33,"Snack ",38,2,5,"scooter",1,"No","Metropolitan","Sandstorms","High ",1,"N",15
16,"Buffet ",27,13,4.6,"motorcycle",1,"No","Metropolitan","Sunny","Jam ",0,"N",5
25,"Meal ",31,21,4.6,"scooter",0,"No","Metropolitan","Sunny","Jam ",0,"Y",15
23,"Drinks ",26,21,4.6,"scooter",0,"No","Metropolitan","Sandstorms","Medium",0,"N",5
21,"Snack ",35,14,4.9,"motorcycle",2,"No","Metropolitan","Cloudy","Low ",0,"N",10
41,"Snack ",21,7,3.1,"motorcycle",2,"No","Metropolitan","Sunny","Low ",1,"Y",10
36,"Meal ",39,5,4.9,"motorcycle",0,"No","Metropolitan","Stormy","Jam ",1,"N",10
46,"Buffet ",25,9,4.9,"motorcycle",0,"No","Semi-Urban","Stormy","Jam ",1,"N",15
28,"Buffet ",28,12,4.7,"motorcycle",1,"No","Metropolitan","Windy","Jam ",1,"N",15
33,"Buffet ",36,1,4.2,"electric_scooter",0,"No","Urban","Stormy","Jam ",1,"Y",5
34,"Snack ",25,13,4.4,"scooter",2,"No","Metropolitan","Fog","Jam ",1,"N",5
28,"Buffet ",21,22,4.9,"electric_scooter",2,"No","Metropolitan","Stormy","Low ",1,"N",15
15,"Buffet ",39,21,4.9,"scooter",2,"No","Metropolitan","Cloudy","Low",0,"N",10
15,"Buffet ",25,5,4.9,"motorcycle",1,"No","Semi-Urban","Stormy","Low ",1,"N",10
24,"Buffet ",28,12,4.5,"motorcycle",2,"No","Metropolitan","Sandstorms","Jam ",1,"N",15
45,"Snack ",32,5,4.6,"scooter",2,"No","Metropolitan","Fog","Jam ",1,"N",5
24,"Drinks ",20,4,4.9,"scooter",2,"No","Metropolitan","Sandstorms","Medium",0,"N",15
30,"Drinks ",25,14,4.6,"motorcycle",0,"No","Urban","Windy","Medium",1,"N",10
16,"Meal ",25,14,4.6,"motorcycle",1,"No","Metropolitan","Stormy","Jam ",0,"N",10
31,"Buffet ",24,6,4.4,"scooter",1,"No","Metropolitan","Fog","High ",1,"N",5
29,"Snack ",38,15,4.3,"motorcycle",0,"No","Semi-Urban","Stormy","Low ",0,"N",5
28,"Snack ",28,18,4.8,"motorcycle",1,"No","Metropolitan","Sandstorms","Medium",1,"N",5
13,"Meal ",30,15,4.6,"motorcycle",1,"No","Urban","Stormy","Jam",0,"Y",15
28,"Drinks ",29,23,4.8,"motorcycle",0,"No","Metropolitan","Windy","Medium",1,"N",5
23,"Meal ",38,12,4.3,"motorcycle",0,"No","Metropolitan","Windy","Low ",0,"Y",5
25,"Meal ",33,5,4.5,"electric_scooter",2,"No","Urban","Fog","Low",1,"Y",10
23,"Snack ",21,17,4.6,"motorcycle",0,"No","Metropolitan","Fog","Medium",1,"N",10
29,"Meal ",26,19,4.5,"motorcycle",0,"No","Metropolitan","Fog","Jam ",1,"N",5
10,"Meal ",27,3,4.7,"motorcycle",0,"No","Semi-Urban","Sunny","Low",1,"N",5
26,"Snack ",26,21,4.8,"motorcycle",2,"No","Metropolitan","Stormy","Jam ",1,"Y",5
26,"Buffet ",23,3,4.9,"scooter",1,"No","Metropolitan","Sandstorms","High ",1,"N",10
20,"Buffet ",37,23,4.5,"scooter",1,"No","Metropolitan","Sandstorms","Medium",1,"N",10
19,"Drinks ",37,23,4.9,"scooter",2,"No","Metropolitan","Stormy","Low ",1,"N",5
28,"Drinks ",34,14,4.8,"electric_scooter",2,"No","Metropolitan","Cloudy","Low ",1,"N",15
24,"Buffet ",20,15,4.6,"motorcycle",0,"No","Metropolitan","Sunny","Low ",1,"N",5
34,"Drinks ",39,2,4.6,"electric_scooter",2,"No","Urban","Stormy","Medium",0,"N",5
29,"Buffet ",21,2,4.8,"motorcycle",0,"No","Metropolitan","Fog","High ",1,"N",15
31,"Drinks ",26,18,4.3,"motorcycle",2,"No","Metropolitan","Fog","Jam ",0,"Y",15
22,"Snack ",38,21,4.8,"motorcycle",0,"No","Urban","Sunny","Medium",1,"N",15
39,"Drinks ",23,19,4.8,"motorcycle",0,"No","Metropolitan","Sandstorms","Jam ",2,"Y",10
38,"Meal ",25,2,3.8,"motorcycle",1,"No","Metropolitan","Windy","Jam ",1,"N",15
38,"Drinks ",21,2,4.1,"motorcycle",0,"No","Semi-Urban","Sandstorms","Medium",0,"Y",5
47,"Meal ",25,8,4.2,"motorcycle",2,"No","Semi-Urban","Stormy","Jam ",1,"N",15
29,"Snack ",38,14,4.7,"scooter",1,"No","Urban","Sandstorms","Low ",1,"Y",5
23,"Drinks ",39,9,4.7,"scooter",2,"No","Urban","Sandstorms","Jam ",1,"N",5
34,"Drinks ",31,8,4.2,"scooter",1,"No","Metropolitan","Fog","Jam ",0,"N",10
22,"Meal ",21,18,4.9,"electric_scooter",2,"No","Metropolitan","Sunny","Jam ",0,"N",5
19,"Drinks ",27,16,4.6,"motorcycle",1,"No","Semi-Urban","Stormy","Low",1,"N",10
34,"Buffet ",20,16,4.9,"scooter",0,"No","Semi-Urban","Sandstorms","Medium",1,"N",10
35,"Meal ",20,4,4.4,"motorcycle",0,"No","Semi-Urban","Stormy","Medium",2,"N",5
36,"Drinks ",24,13,4.4,"scooter",1,"No","Urban","Fog","Medium",1,"N",5
27,"Snack ",29,22,4.7,"electric_scooter",0,"No","Metropolitan","Sunny","Jam ",1,"N",10
18,"Drinks ",25,21,4.8,"motorcycle",2,"No","Urban","Windy","Jam ",1,"N",15
16,"Drinks ",24,3,4.7,"scooter",2,"No","Urban","Cloudy","Medium",0,"N",10
22,"Drinks ",30,14,4.9,"motorcycle",1,"No","Metropolitan","Stormy","Medium",0,"Y",5
28,"Drinks ",31,15,4.8,"motorcycle",1,"No","Urban","Stormy","Low",1,"N",15
25,"Snack ",36,13,4.9,"motorcycle",2,"No","Metropolitan","Sunny","Medium",0,"N",5
28,"Meal ",25,21,4.9,"motorcycle",0,"No","Metropolitan","Windy","Jam ",1,"Y",5
21,"Drinks ",32,21,4.7,"scooter",2,"No","Urban","Sunny","High",0,"N",15
22,"Meal ",37,23,4.9,"scooter",2,"No","Semi-Urban","Windy","Low ",1,"Y",15
23,"Meal ",33,22,4.5,"electric_scooter",1,"No","Metropolitan","Windy","High ",1,"N",15
26,"Snack ",28,8,4.7,"scooter",1,"No","Metropolitan","Stormy","Jam ",0,"N",5
33,"Drinks ",34,9,4.2,"electric_scooter",0,"No","Semi-Urban","Windy","Low ",1,"Y",5
42,"Drinks ",22,2,5,"motorcycle",0,"No","Metropolitan","Sandstorms","Medium",1,"N",15
29,"Meal ",25,16,5,"motorcycle",0,"No","Semi-Urban","Windy","High ",1,"N",5
32,"Drinks ",38,3,4.2,"electric_scooter",2,"No","Metropolitan","Stormy","Medium",0,"N",5
24,"Snack ",27,23,4.8,"scooter",1,"No","Metropolitan","Windy","Medium",1,"N",5
20,"Meal ",34,23,4.5,"scooter",2,"No","Metropolitan","Fog","Low ",0,"N",15
16,"Drinks ",35,19,4.7,"motorcycle",1,"No","Metropolitan","Sandstorms","Low ",1,"N",5
28,"Snack ",27,15,4.6,"electric_scooter",1,"No","Metropolitan","Stormy","High",1,"N",10
30,"Buffet ",30,2,4.7,"motorcycle",2,"No","Urban","Cloudy","Jam ",0,"Y",5
33,"Drinks ",31,4,4.3,"scooter",0,"No","Metropolitan","Cloudy","Medium",1,"N",10
13,"Drinks ",20,13,4.8,"scooter",1,"No","Metropolitan","Cloudy","Low ",0,"N",15
37,"Snack ",32,5,4.8,"motorcycle",0,"No","Semi-Urban","Fog","Jam ",2,"N",10
29,"Drinks ",32,2,4.7,"motorcycle",0,"No","Metropolitan","Stormy","Medium",1,"N",10
20,"Snack ",34,2,4.6,"electric_scooter",1,"No","Metropolitan","Stormy","Low ",1,"N",5
22,"Buffet ",38,2,4.2,"scooter",0,"No","Semi-Urban","Stormy","Low",1,"N",15
29,"Snack ",25,8,4.6,"electric_scooter",0,"No","Metropolitan","Cloudy","Low ",1,"Y",5
39,"Drinks ",24,5,4.3,"scooter",1,"Yes","Semi-Urban","Cloudy","Low ",1,"N",5
37,"Buffet ",32,1,4.2,"scooter",2,"No","Metropolitan","Cloudy","Jam ",1,"N",15
19,"Meal ",22,15,4.7,"motorcycle",1,"No","Urban","Sandstorms","Low",1,"N",15
38,"Drinks ",34,23,4.7,"motorcycle",0,"No","Metropolitan","Sunny","Medium",2,"N",5
15,"Meal ",38,3,4.5,"electric_scooter",2,"No","Metropolitan","Sandstorms","Medium",1,"N",10
18,"Meal ",29,18,5,"scooter",1,"No","Metropolitan","Sunny","Medium",1,"N",10
26,"Drinks ",32,7,5,"scooter",1,"No","Metropolitan","Sandstorms","Jam ",1,"N",5
34,"Drinks ",22,19,4.7,"scooter",1,"No","Metropolitan","Windy","Medium",1,"N",10
25,"Buffet ",24,3,4.1,"motorcycle",0,"No","Metropolitan","Sandstorms","Low ",1,"Y",15
26,"Buffet ",28,15,4.8,"motorcycle",0,"No","Metropolitan","Cloudy","Jam",1,"N",10
13,"Snack ",22,1,4.6,"scooter",1,"No","Urban","Sandstorms","Low",1,"Y",5
15,"Meal ",22,18,4.6,"motorcycle",0,"No","Urban","Fog","Low",1,"N",10
39,"Meal ",36,2,4.5,"motorcycle",1,"No","Urban","Fog","Low ",1,"N",10
21,"Snack ",25,23,4.7,"motorcycle",1,"No","Semi-Urban","Sunny","Medium",1,"N",5
28,"Snack ",36,14,4.6,"motorcycle",2,"No","Metropolitan","Windy","Low ",1,"Y",15
29,"Buffet ",24,1,4.6,"electric_scooter",1,"No","Metropolitan","Sandstorms","Medium",0,"N",10
11,"Buffet ",36,1,4.5,"motorcycle",2,"No","Urban","Sunny","Medium",0,"Y",10
33,"Buffet ",28,20,3.2,"motorcycle",0,"No","Metropolitan","Fog","Low ",1,"N",15
23,"Snack ",30,4,4.6,"motorcycle",0,"No","Metropolitan","Stormy","Medium",0,"N",15
27,"Meal ",22,23,4.6,"motorcycle",1,"No","Metropolitan","Fog","Low ",0,"N",10
27,"Drinks ",37,21,4.9,"scooter",2,"No","Urban","Windy","Low",1,"N",15
17,"Buffet ",25,18,5,"electric_scooter",1,"No","Metropolitan","Sunny","Low ",1,"N",5
29,"Meal ",32,7,4.6,"electric_scooter",1,"No","Urban","Fog","Jam ",1,"N",10
15,"Meal ",28,22,4.7,"electric_scooter",1,"No","Metropolitan","Sunny","Low ",1,"N",5
42,"Meal ",35,8,4.7,"scooter",1,"No","Metropolitan","Fog","Jam ",1,"N",10
25,"Buffet ",36,18,4.7,"motorcycle",1,"No","Metropolitan","Sandstorms","Medium",1,"N",10
34,"Buffet ",32,2,4.1,"scooter",0,"No","Semi-Urban","Windy","Low ",0,"N",10
26,"Drinks ",31,21,4.7,"electric_scooter",1,"No","Urban","Sandstorms","Medium",1,"N",10
17,"Meal ",30,4,4.7,"motorcycle",1,"No","Metropolitan","Fog","Low ",1,"N",5
28,"Buffet ",38,23,4.6,"motorcycle",0,"No","Metropolitan","Stormy","Jam ",0,"Y",5
45,"Drinks ",35,4,4.5,"scooter",0,"No","Urban","Fog","Jam ",1,"Y",15
30,"Meal ",27,3,4.6,"motorcycle",1,"No","Semi-Urban","Sandstorms","Medium",0,"N",10
29,"Buffet ",35,7,4.7,"electric_scooter",2,"No","Metropolitan","Fog","High ",1,"N",10
15,"Drinks ",25,16,4.9,"motorcycle",1,"No","Metropolitan","Fog","Medium",1,"N",10
46,"Drinks ",30,13,4.6,"electric_scooter",0,"No","Metropolitan","Fog","Jam ",2,"N",10
53,"Drinks ",23,4,3.9,"electric_scooter",0,"No","Semi-Urban","Sunny","High ",2,"N",15
35,"Buffet ",21,23,4.4,"motorcycle",0,"No","Metropolitan","Sandstorms","Jam ",1,"Y",10
12,"Meal ",37,12,4.8,"electric_scooter",2,"No","Metropolitan","Windy","High ",1,"N",5
39,"Buffet ",21,3,4.1,"motorcycle",0,"No","Urban","Stormy","Jam",2,"N",5
23,"Snack ",35,9,4.8,"motorcycle",0,"No","Urban","Windy","Low ",1,"N",10
33,"Snack ",33,12,4.3,"motorcycle",0,"No","Metropolitan","Stormy","Low ",1,"Y",15
29,"Snack ",26,7,4.9,"motorcycle",0,"No","Metropolitan","Sunny","Low ",0,"N",15
16,"Buffet ",24,18,4.7,"electric_scooter",2,"No","Urban","Sandstorms","Jam",0,"N",15
28,"Buffet ",26,14,4.6,"scooter",1,"No","Metropolitan","Windy","Jam ",1,"N",15
28,"Meal ",25,21,4.9,"motorcycle",0,"No","Metropolitan","Windy","Jam ",1,"Y",5
28,"Snack ",23,9,4.9,"motorcycle",1,"No","Metropolitan","Windy","Low ",1,"N",10
29,"Snack ",31,22,4.3,"motorcycle",0,"No","Metropolitan","Windy","Low ",0,"N",15
18,"Buffet ",38,22,4.8,"scooter",2,"No","Urban","Stormy","Medium",1,"N",10
28,"Drinks ",25,16,4.7,"motorcycle",1,"No","Urban","Sandstorms","High",1,"N",15
28,"Drinks ",38,15,4.7,"electric_scooter",1,"No","Metropolitan","Stormy","High",0,"Y",15
24,"Drinks ",28,18,5,"motorcycle",1,"No","Urban","Fog","Jam",1,"N",5
17,"Meal ",32,22,4.5,"scooter",2,"No","Metropolitan","Sunny","High ",0,"N",5
27,"Snack ",35,19,4.8,"motorcycle",2,"No","Metropolitan","Stormy","Jam ",1,"N",5
29,"Meal ",32,2,4.7,"electric_scooter",2,"No","Semi-Urban","Stormy","Jam ",1,"Y",5
51,"Buffet ",28,16,5,"motorcycle",0,"No","Metropolitan","Fog","Jam ",1,"Y",15
19,"Meal ",26,18,4.8,"scooter",2,"No","Urban","Sunny","Medium",0,"N",15
16,"Buffet ",36,16,4.8,"motorcycle",2,"No","Urban","Sunny","Jam",1,"N",10
17,"Buffet ",34,22,4.7,"motorcycle",1,"No","Urban","Stormy","Low",1,"N",5
15,"Buffet ",35,16,4.8,"motorcycle",1,"No","Urban","Stormy","Low",1,"Y",15
30,"Buffet ",30,4,4.5,"electric_scooter",2,"No","Urban","Fog","Jam",1,"N",5
23,"Buffet ",30,12,4.8,"electric_scooter",0,"No","Metropolitan","Cloudy","Low ",1,"N",5
22,"Snack ",21,14,4.9,"scooter",1,"No","Metropolitan","Sandstorms","Low ",1,"N",25
16,"Drinks ",21,3,4.5,"electric_scooter",2,"No","Urban","Fog","Low ",0,"N",15
24,"Buffet ",36,22,4.8,"motorcycle",1,"No","Metropolitan","Sandstorms","Medium",1,"Y",5
26,"Snack ",31,3,4.5,"motorcycle",0,"No","Metropolitan","Sandstorms","Low ",0,"N",10
17,"Meal ",24,8,4.8,"motorcycle",0,"No","Semi-Urban","Sunny","Low ",0,"N",15
38,"Meal ",22,4,4,"electric_scooter",1,"No","Semi-Urban","Fog","Medium",0,"Y",5
41,"Drinks ",32,3,4.6,"motorcycle",0,"No","Semi-Urban","Fog","Medium",1,"Y",15
12,"Drinks ",20,15,4.8,"motorcycle",1,"No","Metropolitan","Sandstorms","Low",1,"N",10
28,"Snack ",22,14,4.7,"motorcycle",2,"No","Metropolitan","Sunny","Low ",1,"N",5
25,"Drinks ",29,19,4.7,"scooter",0,"No","Metropolitan","Fog","Medium",1,"N",10
41,"Buffet ",32,1,3.9,"scooter",2,"No","Metropolitan","Windy","Jam ",1,"N",10
27,"Meal ",39,23,4.5,"motorcycle",0,"No","Urban","Stormy","Low ",1,"N",15
22,"Snack ",25,17,4.5,"motorcycle",0,"No","Metropolitan","Cloudy","Low ",0,"Y",10
19,"Meal ",36,13,4.8,"electric_scooter",2,"No","Urban","Stormy","Low ",0,"Y",10
19,"Buffet ",28,14,4.7,"motorcycle",0,"No","Metropolitan","Sunny","Medium",1,"Y",15
30,"Meal ",32,3,4.6,"scooter",1,"No","Metropolitan","Sandstorms","Medium",1,"N",15
38,"Drinks ",39,8,4.2,"motorcycle",0,"No","Metropolitan","Fog","Low ",2,"N",15
17,"Snack ",23,22,5,"scooter",2,"No","Urban","Stormy","Jam ",1,"Y",15
32,"Buffet ",35,6,4.2,"scooter",2,"No","Urban","Windy","Medium",1,"Y",5
18,"Drinks ",22,16,4.9,"scooter",1,"No","Metropolitan","Fog","Low ",1,"N",15
11,"Snack ",26,22,4.7,"electric_scooter",2,"No","Urban","Sunny","Low",0,"N",15
30,"Buffet ",28,12,4.8,"motorcycle",0,"No","Metropolitan","Cloudy","Medium",1,"N",10
42,"Drinks ",21,15,4.9,"motorcycle",0,"No","Metropolitan","Cloudy","Low ",1,"Y",10
10,"Snack ",29,17,4.7,"motorcycle",1,"No","Urban","Windy","Jam",0,"N",15
34,"Meal ",29,5,4,"electric_scooter",0,"No","Semi-Urban","Stormy","Medium",1,"N",15
38,"Meal ",34,17,4.6,"scooter",1,"No","Urban","Cloudy","High",0,"Y",15
16,"Meal ",26,22,4.8,"motorcycle",0,"No","Metropolitan","Windy","Low ",1,"N",10
50,"Meal ",38,3,4.2,"motorcycle",0,"No","Metropolitan","Sandstorms","Jam ",1,"Y",10
33,"Snack ",26,6,4.3,"electric_scooter",1,"No","Urban","Fog","Medium",0,"Y",10
35,"Meal ",22,5,4.1,"scooter",0,"No","Urban","Stormy","Jam",1,"Y",5
10,"Drinks ",29,23,4.7,"electric_scooter",1,"No","Urban","Fog","Low",0,"N",15
25,"Meal ",32,16,4.6,"scooter",0,"No","Urban","Stormy","Jam",0,"Y",15
16,"Buffet ",24,19,4.7,"scooter",1,"No","Semi-Urban","Sunny","Low ",0,"Y",15
34,"Drinks ",34,6,4,"motorcycle",0,"No","Urban","Stormy","Medium",1,"N",5
29,"Drinks ",35,13,4.7,"motorcycle",0,"No","Metropolitan","Sunny","Jam ",1,"N",15
41,"Meal ",28,2,4.9,"motorcycle",0,"No","Semi-Urban","Cloudy","Medium",2,"N",15
21,"Snack ",30,16,4.5,"electric_scooter",2,"No","Semi-Urban","Sandstorms","Medium",1,"Y",5
29,"Meal ",21,18,4.9,"electric_scooter",2,"No","Metropolitan","Sandstorms","Low ",0,"N",10
13,"Drinks ",23,19,4.8,"scooter",2,"No","Metropolitan","Fog","Medium",1,"N",5
25,"Drinks ",32,23,5,"motorcycle",0,"No","Metropolitan","Sunny","High ",1,"N",15
29,"Meal ",28,13,4.6,"scooter",1,"No","Metropolitan","Sandstorms","Jam ",1,"N",5
15,"Buffet ",38,14,4.8,"electric_scooter",2,"No","Metropolitan","Fog","Low ",0,"N",15
31,"Snack ",24,13,4.4,"motorcycle",1,"No","Metropolitan","Cloudy","Medium",1,"Y",15
25,"Drinks ",20,16,4.7,"scooter",2,"No","Urban","Fog","Low ",1,"Y",5
29,"Meal ",30,2,4.6,"electric_scooter",2,"No","Metropolitan","Stormy","Medium",1,"N",15
43,"Buffet ",20,11,5,"scooter",0,"No","Metropolitan","Cloudy","Low ",1,"N",15
12,"Buffet ",29,7,4.8,"electric_scooter",1,"No","Urban","Sunny","Jam ",0,"N",10
20,"Buffet ",35,16,5,"electric_scooter",1,"No","Urban","Sunny","Low",0,"Y",20
23,"Buffet ",39,11,4.4,"motorcycle",0,"No","Metropolitan","Stormy","Low ",1,"N",5
19,"Buffet ",31,23,4.7,"scooter",1,"No","Metropolitan","Windy","High ",1,"N",5
50,"Buffet ",30,1,4.1,"motorcycle",0,"No","Metropolitan","Sandstorms","Jam ",1,"N",5
11,"Snack ",23,21,4.7,"motorcycle",0,"No","Metropolitan","Windy","Medium",1,"N",5
23,"Drinks ",33,22,4.7,"motorcycle",1,"No","Metropolitan","Sandstorms","Medium",1,"N",5
19,"Buffet ",29,12,4.8,"scooter",1,"No","Metropolitan","Stormy","High ",1,"Y",15
27,"Buffet ",35,19,4.6,"scooter",1,"No","Metropolitan","Stormy","Jam ",0,"N",15
22,"Snack ",22,2,4.5,"electric_scooter",2,"No","Metropolitan","Stormy","Jam ",1,"N",5
41,"Snack ",24,13,4.9,"motorcycle",0,"No","Urban","Windy","Medium",1,"N",10
27,"Meal ",27,16,5,"electric_scooter",2,"No","Metropolitan","Cloudy","Low ",1,"Y",10
15,"Snack ",20,13,5,"scooter",1,"No","Metropolitan","Windy","Jam ",1,"Y",15
13,"Meal ",36,12,4.9,"scooter",2,"No","Metropolitan","Sunny","Low ",0,"Y",5
21,"Drinks ",36,4,4,"electric_scooter",0,"No","Urban","Stormy","Low",1,"N",15
19,"Buffet ",39,16,4.7,"scooter",0,"No","Metropolitan","Windy","Low ",0,"N",5
16,"Snack ",34,1,4.8,"motorcycle",2,"No","Semi-Urban","Fog","Low",0,"N",5
41,"Drinks ",23,22,5,"motorcycle",0,"No","Urban","Cloudy","Jam",1,"N",5
23,"Drinks ",34,3,4.7,"motorcycle",0,"No","Metropolitan","Fog","Medium",1,"N",5
47,"Buffet ",24,19,4.3,"motorcycle",0,"Yes","Urban","Windy","Jam ",1,"Y",15
33,"Snack ",26,4,3.7,"scooter",1,"No","Metropolitan","Windy","Medium",0,"Y",15
15,"Buffet ",30,23,4.9,"scooter",2,"No","Metropolitan","Cloudy","Low ",0,"N",10
14,"Snack ",27,14,4.8,"scooter",1,"No","Metropolitan","Sandstorms","Low ",0,"Y",5
17,"Drinks ",39,2,5,"electric_scooter",1,"No","Semi-Urban","Stormy","Low ",1,"N",15
30,"Drinks ",35,23,4.8,"motorcycle",1,"No","Urban","Stormy","High",1,"Y",5
22,"Drinks ",24,22,4.8,"scooter",2,"No","Metropolitan","Sandstorms","Jam ",1,"N",15
17,"Buffet ",34,22,4.7,"motorcycle",1,"No","Urban","Stormy","Low",1,"N",5
10,"Drinks ",27,16,4.9,"motorcycle",1,"No","Urban","Sandstorms","Low",0,"N",10
27,"Buffet ",29,1,4.6,"motorcycle",0,"No","Urban","Cloudy","High",1,"N",15
28,"Buffet ",20,18,4.8,"scooter",1,"No","Urban","Windy","Medium",0,"N",10
26,"Meal ",21,15,4.7,"motorcycle",1,"No","Urban","Stormy","Medium",1,"N",10
35,"Snack ",37,16,4.8,"electric_scooter",2,"No","Metropolitan","Fog","Jam ",1,"Y",5
16,"Snack ",31,15,5,"scooter",1,"No","Metropolitan","Sunny","Low ",0,"Y",10
26,"Buffet ",39,19,5,"motorcycle",0,"No","Urban","Fog","Jam",1,"N",5
19,"Buffet ",24,18,4.8,"motorcycle",0,"No","Urban","Sandstorms","Low",1,"N",15
52,"Drinks ",20,15,4.8,"motorcycle",0,"No","Metropolitan","Fog","Jam ",1,"N",15
19,"Buffet ",31,14,4.6,"motorcycle",1,"No","Metropolitan","Sunny","Jam ",0,"Y",15
19,"Meal ",27,16,4.6,"motorcycle",0,"No","Urban","Sunny","Low ",0,"N",15
21,"Buffet ",39,15,4.7,"motorcycle",1,"No","Urban","Sunny","Medium",1,"N",10
33,"Snack ",37,1,3.8,"electric_scooter",2,"No","Semi-Urban","Sandstorms","Jam",1,"N",5
26,"Snack ",21,17,4.6,"scooter",1,"No","Semi-Urban","Windy","Jam ",1,"N",15
29,"Buffet ",23,8,4.8,"motorcycle",1,"No","Metropolitan","Sunny","Jam ",0,"N",10
34,"Drinks ",27,19,4.7,"electric_scooter",2,"No","Urban","Windy","High",1,"N",5
46,"Drinks ",28,3,4.5,"motorcycle",0,"No","Urban","Stormy","High",1,"N",5
33,"Drinks ",20,4,4.8,"motorcycle",2,"No","Urban","Cloudy","Jam",1,"N",10
49,"Drinks ",35,18,4.9,"scooter",0,"No","Urban","Cloudy","Jam ",3,"N",10
11,"Drinks ",20,16,4.9,"motorcycle",1,"No","Metropolitan","Stormy","Low ",1,"Y",5
18,"Drinks ",38,5,4.5,"electric_scooter",2,"No","Urban","Windy","Jam",0,"N",15
44,"Buffet ",29,3,4.3,"electric_scooter",2,"No","Semi-Urban","Cloudy","Jam ",0,"N",5
40,"Snack ",25,15,4.3,"motorcycle",0,"Yes","Metropolitan","Fog","Low ",1,"N",15
25,"Snack ",24,14,4.7,"motorcycle",0,"No","Metropolitan","Windy","Jam ",0,"N",10
49,"Buffet ",24,17,4.3,"motorcycle",0,"No","Semi-Urban","Sandstorms","Medium",2,"N",15
38,"Meal ",35,6,5,"electric_scooter",2,"No","Metropolitan","Cloudy","Medium",1,"N",5
49,"Drinks ",35,9,4.6,"scooter",0,"No","Semi-Urban","Fog","Jam ",2,"N",10
19,"Drinks ",32,23,5,"motorcycle",2,"No","Metropolitan","Windy","Low ",1,"N",10
12,"Buffet ",26,3,4.7,"motorcycle",0,"No","Metropolitan","Sunny","Low ",1,"Y",15
27,"Meal ",26,19,4.6,"scooter",1,"No","Metropolitan","Windy","Low ",1,"N",5
26,"Buffet ",20,5,4.7,"scooter",1,"No","Metropolitan","Fog","Low ",1,"N",10
28,"Drinks ",23,13,4.9,"motorcycle",2,"No","Metropolitan","Sunny","Low ",1,"N",5
17,"Drinks ",33,18,4.7,"motorcycle",0,"No","Urban","Sandstorms","Low",1,"N",15
16,"Meal ",25,6,4.5,"motorcycle",1,"No","Metropolitan","Sandstorms","Medium",0,"N",15
18,"Buffet ",27,14,5,"motorcycle",2,"No","Urban","Stormy","Low ",1,"N",10
12,"Meal ",35,22,4.5,"scooter",1,"No","Metropolitan","Sandstorms","Jam ",0,"N",5
36,"Drinks ",37,4,4.1,"scooter",0,"No","Metropolitan","Windy","Jam ",1,"N",5
34,"Snack ",32,23,4.6,"motorcycle",0,"No","Urban","Sunny","Medium",0,"N",5
24,"Meal ",34,21,4.9,"scooter",2,"No","Metropolitan","Sunny","Jam ",1,"Y",5
29,"Buffet ",32,2,4.9,"scooter",2,"No","Metropolitan","Windy","High ",1,"N",5
27,"Snack ",29,19,4.8,"motorcycle",0,"No","Urban","Sunny","Low",1,"N",15
17,"Drinks ",30,23,4.8,"scooter",1,"No","Urban","Stormy","Medium",0,"Y",5
11,"Snack ",32,8,4.8,"motorcycle",1,"No","Semi-Urban","Sunny","High ",1,"N",10
43,"Buffet ",34,5,4.1,"motorcycle",0,"No","Metropolitan","Stormy","Jam ",1,"N",5
38,"Buffet ",37,13,4,"motorcycle",0,"No","Metropolitan","Sandstorms","High ",1,"N",15
31,"Drinks ",23,21,4.6,"scooter",0,"No","Urban","Stormy","Medium",1,"Y",5
17,"Buffet ",37,18,4.6,"motorcycle",1,"No","Semi-Urban","Sandstorms","Low ",1,"N",10
40,"Buffet ",20,23,4.3,"scooter",2,"Yes","Metropolitan","Fog","Medium",1,"N",15
16,"Buffet ",27,9,5,"motorcycle",0,"No","Semi-Urban","Sunny","Low ",1,"N",10
20,"Snack ",34,4,4.1,"motorcycle",0,"No","Urban","Stormy","Low",0,"N",5
41,"Snack ",25,2,5,"motorcycle",0,"No","Semi-Urban","Stormy","Medium",2,"Y",5
26,"Snack ",30,22,4.8,"scooter",2,"No","Semi-Urban","Stormy","Jam ",0,"N",5
49,"Meal ",34,22,4.7,"scooter",0,"No","Semi-Urban","Stormy","High",2,"N",10
33,"Snack ",25,3,4.3,"motorcycle",1,"No","Semi-Urban","Sandstorms","Medium",1,"N",10
27,"Meal ",31,2,4.8,"motorcycle",2,"No","Metropolitan","Sunny","Low ",0,"N",10
34,"Drinks ",20,19,5,"scooter",1,"No","Metropolitan","Stormy","Medium",2,"N",5
22,"Meal ",33,15,4.8,"electric_scooter",1,"No","Metropolitan","Fog","Jam ",1,"Y",5
28,"Buffet ",33,19,4.9,"motorcycle",0,"No","Urban","Windy","Low",0,"N",5
11,"Snack ",21,23,4.8,"motorcycle",2,"No","Metropolitan","Sunny","Low ",0,"Y",15
24,"Meal ",31,8,4.6,"motorcycle",0,"No","Metropolitan","Stormy","Low ",0,"Y",10
29,"Snack ",23,1,4.9,"scooter",2,"No","Metropolitan","Sandstorms","Jam ",1,"N",5
29,"Meal ",25,18,4.9,"electric_scooter",2,"No","Urban","Sunny","Medium",1,"Y",15
36,"Buffet ",38,1,4.1,"motorcycle",0,"No","Urban","Stormy","Medium",0,"N",5
22,"Meal ",28,18,5,"motorcycle",1,"No","Urban","Sandstorms","Jam ",1,"Y",15
25,"Meal ",36,16,5,"electric_scooter",1,"No","Metropolitan","Stormy","Low ",0,"N",5
27,"Drinks ",36,4,4.9,"motorcycle",0,"No","Metropolitan","Sunny","Low ",0,"N",5
16,"Snack ",31,3,4.9,"scooter",1,"No","Urban","Sunny","Low ",0,"N",5
34,"Buffet ",22,18,5,"motorcycle",1,"No","Urban","Windy","Jam ",1,"N",15
47,"Buffet ",27,5,4,"motorcycle",0,"Yes","Metropolitan","Stormy","Jam ",1,"N",10
18,"Buffet ",24,23,4.9,"motorcycle",1,"No","Urban","Sunny","Jam",0,"N",10
22,"Drinks ",21,22,4.6,"motorcycle",1,"No","Urban","Stormy","Medium",0,"Y",10
40,"Drinks ",27,8,3.7,"scooter",1,"No","Urban","Sandstorms","Jam ",1,"Y",10
29,"Meal ",20,14,4.6,"electric_scooter",0,"No","Urban","Sunny","Low ",1,"N",15
25,"Meal ",33,19,4.8,"motorcycle",1,"No","Urban","Stormy","Medium",1,"Y",5
44,"Drinks ",33,16,4.9,"motorcycle",1,"Yes","Metropolitan","Cloudy","Medium",1,"Y",10
25,"Snack ",34,22,4.8,"electric_scooter",1,"No","Urban","Windy","Jam",0,"N",10
24,"Snack ",30,21,5,"electric_scooter",1,"No","Metropolitan","Sandstorms","Medium",1,"N",15
15,"Buffet ",24,15,4.9,"electric_scooter",2,"No","Metropolitan","Sunny","Medium",1,"Y",5
31,"Buffet ",23,9,4.4,"scooter",2,"No","Metropolitan","Fog","Jam ",1,"N",15
25,"Snack ",37,15,4.7,"motorcycle",1,"No","Urban","Stormy","Medium",1,"N",5
37,"Drinks ",31,15,4.3,"motorcycle",2,"No","Semi-Urban","Fog","Jam ",1,"Y",5
18,"Drinks ",35,21,4.9,"motorcycle",2,"No","Semi-Urban","Windy","Jam",0,"N",15
28,"Meal ",20,21,4.9,"electric_scooter",2,"No","Metropolitan","Cloudy","Jam ",1,"N",10
42,"Meal ",32,11,3.8,"scooter",2,"No","Metropolitan","Windy","Jam ",2,"Y",10
33,"Buffet ",32,2,4.9,"scooter",1,"No","Metropolitan","Stormy","Jam ",1,"N",15
25,"Drinks ",21,16,4.8,"motorcycle",1,"No","Metropolitan","Stormy","Jam ",1,"N",5
42,"Meal ",32,2,4.9,"motorcycle",2,"No","Metropolitan","Cloudy","Jam ",1,"N",10
19,"Drinks ",20,9,4.5,"scooter",1,"No","Semi-Urban","Stormy","Low ",1,"N",15
14,"Meal ",30,16,4.8,"electric_scooter",2,"No","Metropolitan","Sunny","Jam ",0,"Y",15
44,"Drinks ",33,18,4.1,"motorcycle",0,"No","Metropolitan","Windy","Jam ",2,"Y",10
17,"Drinks ",29,9,4.8,"scooter",2,"No","Semi-Urban","Cloudy","Low ",0,"N",5
39,"Buffet ",27,5,4.2,"motorcycle",1,"No","Urban","Fog","Jam",1,"N",5
22,"Buffet ",38,6,4.7,"electric_scooter",2,"No","Metropolitan","Sandstorms","Low",0,"N",15
33,"Meal ",24,18,4,"motorcycle",0,"No","Metropolitan","Stormy","High ",1,"N",10
45,"Drinks ",27,2,4.8,"motorcycle",0,"Yes","Urban","Fog","Medium",2,"N",10
28,"Buffet ",36,19,4.9,"scooter",1,"No","Metropolitan","Sandstorms","Medium",1,"Y",10
22,"Drinks ",36,23,4.5,"electric_scooter",0,"No","Metropolitan","Sunny","Medium",1,"N",15
27,"Meal ",31,2,4.8,"motorcycle",2,"No","Metropolitan","Sunny","Low ",0,"N",10
23,"Snack ",29,21,4.8,"scooter",1,"No","Metropolitan","Sandstorms","Low ",1,"N",10
29,"Meal ",26,19,4.5,"motorcycle",0,"No","Metropolitan","Fog","Jam ",1,"N",5
28,"Drinks ",36,16,5,"electric_scooter",2,"No","Urban","Sunny","Jam",1,"N",15
28,"Drinks ",38,2,4.7,"electric_scooter",1,"No","Semi-Urban","Sandstorms","Medium",1,"N",15
10,"Drinks ",35,22,4.6,"scooter",2,"No","Urban","Cloudy","Low",0,"N",15
24,"Drinks ",26,18,4.9,"motorcycle",0,"No","Semi-Urban","Sandstorms","High ",0,"N",5
18,"Snack ",38,9,4.6,"motorcycle",1,"No","Metropolitan","Fog","Low ",1,"Y",15
18,"Buffet ",21,22,5,"scooter",2,"No","Metropolitan","Cloudy","Medium",1,"Y",10
26,"Buffet ",36,13,4.9,"scooter",1,"No","Metropolitan","Stormy","Medium",0,"N",5
13,"Meal ",38,3,4.5,"motorcycle",2,"No","Semi-Urban","Stormy","Low ",0,"N",15
34,"Drinks ",20,9,3.8,"scooter",1,"No","Metropolitan","Fog","Low ",2,"Y",10
37,"Drinks ",22,18,5,"motorcycle",2,"No","Metropolitan","Fog","Medium",2,"Y",15
27,"Buffet ",36,19,4.5,"motorcycle",2,"No","Metropolitan","Windy","Low ",1,"N",5
26,"Buffet ",37,16,4.8,"motorcycle",1,"No","Metropolitan","Stormy","High ",1,"N",5
23,"Buffet ",36,15,5,"scooter",2,"No","Urban","Stormy","Jam",0,"Y",10
21,"Buffet ",23,21,4.9,"electric_scooter",1,"No","Semi-Urban","Stormy","High",1,"Y",5
28,"Snack ",30,15,4.8,"motorcycle",0,"No","Metropolitan","Fog","Low ",1,"N",10
38,"Snack ",21,5,4.2,"electric_scooter",2,"No","Metropolitan","Windy","Medium",1,"Y",5
18,"Drinks ",30,23,4.9,"motorcycle",2,"No","Metropolitan","Sandstorms","Jam ",0,"Y",15
49,"Buffet ",38,3,4.2,"electric_scooter",2,"Yes","Metropolitan","Cloudy","Jam",0,"N",10
23,"Drinks ",37,15,5,"electric_scooter",2,"No","Urban","Sunny","Low ",1,"N",5
24,"Meal ",26,16,4.7,"motorcycle",0,"No","Urban","Cloudy","Low",1,"N",10
37,"Snack ",20,4,3.6,"scooter",2,"No","Metropolitan","Fog","Low ",2,"N",10
29,"Snack ",21,18,4.6,"scooter",2,"No","Metropolitan","Stormy","Jam ",1,"Y",15
28,"Drinks ",37,7,4.1,"motorcycle",0,"No","Metropolitan","Windy","Low ",1,"Y",5
19,"Drinks ",39,21,4.8,"scooter",1,"No","Urban","Sunny","Low",1,"N",15
21,"Drinks ",33,14,4.9,"motorcycle",0,"No","Metropolitan","Windy","Low ",1,"N",10
30,"Snack ",21,6,4.9,"electric_scooter",2,"No","Metropolitan","Sandstorms","Jam ",1,"N",5
15,"Snack ",37,19,4.9,"electric_scooter",1,"No","Urban","Windy","Medium",1,"Y",5
23,"Meal ",37,3,4.6,"motorcycle",0,"No","Metropolitan","Stormy","High ",1,"N",5
20,"Drinks ",32,23,4.7,"motorcycle",0,"No","Urban","Fog","Low",0,"N",10
28,"Drinks ",31,1,4,"motorcycle",0,"No","Metropolitan","Windy","Low ",1,"N",5
29,"Snack ",23,1,4.7,"motorcycle",2,"No","Metropolitan","Stormy","Low ",1,"N",10
32,"Drinks ",32,5,5,"electric_scooter",1,"No","Semi-Urban","Cloudy","Jam ",1,"Y",5
28,"Meal ",30,16,4.8,"motorcycle",2,"No","Semi-Urban","Fog","Jam ",1,"N",5
27,"Snack ",37,23,4.7,"motorcycle",2,"No","Metropolitan","Fog","Medium",1,"Y",15
52,"Buffet ",24,16,5,"motorcycle",0,"No","Metropolitan","Windy","Jam ",1,"N",15
28,"Drinks ",22,19,4.8,"motorcycle",0,"No","Metropolitan","Sandstorms","Medium",1,"N",5
29,"Drinks ",25,6,4.9,"scooter",1,"No","Metropolitan","Sandstorms","Jam ",1,"N",5
38,"Buffet ",25,3,4.6,"scooter",1,"No","Urban","Fog","Jam ",0,"Y",15
31,"Buffet ",20,9,3.7,"scooter",1,"No","Metropolitan","Sunny","Jam ",0,"Y",10
38,"Buffet ",39,4,4.1,"electric_scooter",2,"No","Metropolitan","Cloudy","High ",2,"N",15
25,"Buffet ",30,4,4.6,"motorcycle",2,"No","Metropolitan","Stormy","High ",1,"N",5
25,"Drinks ",22,9,5,"electric_scooter",2,"No","Semi-Urban","Sunny","Medium",1,"N",15
35,"Meal ",28,9,4.2,"motorcycle",0,"No","Metropolitan","Sandstorms","Jam ",1,"Y",5
33,"Buffet ",32,14,4.7,"motorcycle",0,"No","Metropolitan","Stormy","Jam ",1,"N",10
27,"Drinks ",28,22,4.6,"electric_scooter",0,"No","Urban","Sandstorms","Medium",1,"N",15
24,"Snack ",39,15,4.7,"scooter",0,"No","Metropolitan","Cloudy","High ",1,"N",15
35,"Snack ",27,1,4.2,"motorcycle",1,"No","Metropolitan","Windy","Jam ",0,"N",5
18,"Meal ",24,16,4.9,"motorcycle",1,"No","Semi-Urban","Stormy","Jam ",0,"N",5
19,"Drinks ",30,23,4.9,"scooter",1,"No","Urban","Sandstorms","Medium",1,"N",15
27,"Meal ",39,6,4.6,"motorcycle",0,"No","Metropolitan","Stormy","Low ",1,"N",15
24,"Drinks ",28,23,4.7,"scooter",2,"No","Urban","Stormy","Low",0,"N",5
17,"Drinks ",22,18,4.6,"motorcycle",1,"No","Urban","Sunny","Medium",1,"N",10
12,"Buffet ",32,23,4.7,"scooter",1,"No","Semi-Urban","Sandstorms","Jam ",0,"N",10
22,"Buffet ",30,6,4.2,"scooter",0,"No","Metropolitan","Sandstorms","Low",1,"N",5
17,"Drinks ",33,3,4.6,"motorcycle",1,"No","Semi-Urban","Windy","Low ",1,"N",15
32,"Drinks ",37,6,4.2,"motorcycle",1,"No","Metropolitan","Cloudy","Medium",0,"N",10
25,"Buffet ",28,22,4.8,"electric_scooter",2,"No","Metropolitan","Stormy","Low ",0,"Y",10
11,"Drinks ",20,23,5,"motorcycle",1,"No","Metropolitan","Sunny","Low",0,"Y",15
23,"Meal ",36,6,5,"motorcycle",0,"No","Metropolitan","Fog","High ",1,"N",10
20,"Snack ",36,15,4.7,"motorcycle",1,"No","Urban","Sunny","Medium",0,"N",5
16,"Buffet ",30,18,4.8,"scooter",1,"No","Metropolitan","Sunny","Medium",0,"N",10
17,"Drinks ",33,3,4.6,"motorcycle",1,"No","Semi-Urban","Windy","Low ",1,"N",15
12,"Drinks ",23,14,4.7,"motorcycle",1,"No","Metropolitan","Stormy","Low ",0,"N",5
16,"Buffet ",20,15,4.7,"scooter",1,"No","Urban","Fog","Medium",1,"N",15
15,"Snack ",22,23,4.7,"scooter",2,"No","Urban","Stormy","Jam",0,"N",10
38,"Drinks ",27,14,2.7,"scooter",2,"No","Metropolitan","Sandstorms","Low ",2,"N",5
36,"Snack ",39,13,3.7,"scooter",1,"No","Urban","Windy","Jam ",0,"N",5
40,"Drinks ",23,5,4.2,"motorcycle",0,"No","Metropolitan","Fog","Low ",1,"N",10
24,"Buffet ",23,2,4.6,"scooter",2,"No","Metropolitan","Windy","Low ",1,"N",5
36,"Buffet ",25,19,4.2,"motorcycle",2,"No","Metropolitan","Fog","Jam ",1,"Y",15
29,"Meal ",28,11,4.9,"electric_scooter",2,"No","Metropolitan","Stormy","Jam ",1,"N",15
38,"Snack ",21,13,4.2,"electric_scooter",1,"No","Urban","Fog","Medium",2,"N",15
34,"Snack ",39,4,4.8,"motorcycle",2,"No","Metropolitan","Sandstorms","Medium",1,"N",5
22,"Snack ",37,16,4.8,"scooter",2,"No","Metropolitan","Stormy","Medium",0,"N",15
33,"Meal ",33,22,4.8,"motorcycle",1,"No","Urban","Cloudy","Medium",1,"N",5
28,"Meal ",24,9,4.6,"scooter",2,"No","Urban","Cloudy","Low ",1,"N",10
24,"Meal ",36,15,4.7,"scooter",2,"No","Metropolitan","Sandstorms","Jam ",0,"N",5
15,"Drinks ",31,21,4.9,"scooter",1,"No","Metropolitan","Sunny","Low ",0,"Y",5
42,"Meal ",29,15,4.8,"motorcycle",0,"No","Urban","Cloudy","Jam",0,"N",15
18,"Meal ",27,21,4.7,"motorcycle",2,"No","Metropolitan","Sandstorms","Low ",1,"N",10
25,"Buffet ",28,18,4.9,"motorcycle",2,"No","Metropolitan","Sunny","Low ",0,"N",10
37,"Snack ",29,6,4.4,"scooter",2,"No","Metropolitan","Fog","Medium",0,"Y",15
23,"Meal ",39,23,4.9,"electric_scooter",0,"No","Metropolitan","Stormy","Low ",1,"N",5
27,"Snack ",28,16,5,"scooter",2,"No","Metropolitan","Windy","Medium",1,"N",15
28,"Drinks ",22,6,4.4,"motorcycle",0,"No","Semi-Urban","Windy","Low",1,"Y",15
31,"Meal ",38,2,4.9,"motorcycle",1,"No","Metropolitan","Fog","Medium",1,"N",5
33,"Snack ",21,7,5,"scooter",0,"No","Urban","Sandstorms","Jam ",1,"Y",15
34,"Drinks ",22,2,4.6,"electric_scooter",2,"No","Metropolitan","Cloudy","High ",1,"N",5
44,"Buffet ",37,15,4.8,"scooter",1,"No","Semi-Urban","Cloudy","Medium",1,"N",10
32,"Meal ",26,13,4.1,"scooter",1,"No","Metropolitan","Fog","Jam ",0,"N",10
16,"Snack ",32,18,4.7,"motorcycle",2,"No","Urban","Cloudy","Low",0,"N",5
37,"Meal ",32,5,4.6,"motorcycle",0,"No","Semi-Urban","Stormy","Medium",1,"Y",5
15,"Meal ",38,22,4.7,"scooter",1,"No","Urban","Cloudy","Medium",1,"Y",15
21,"Snack ",27,15,4.7,"motorcycle",0,"No","Metropolitan","Sandstorms","Low ",1,"N",10
23,"Meal ",20,9,4.4,"motorcycle",0,"No","Metropolitan","Windy","Low ",1,"Y",5
28,"Buffet ",39,22,5,"scooter",1,"No","Urban","Sandstorms","Jam",0,"N",15
42,"Snack ",37,16,4.1,"scooter",2,"No","Urban","Stormy","Jam",0,"N",15
54,"Snack ",34,1,4.5,"scooter",0,"Yes","Urban","Fog","Jam",2,"Y",15
23,"Drinks ",38,18,4.8,"scooter",0,"No","Metropolitan","Windy","Low",0,"N",15
34,"Meal ",28,1,4.8,"electric_scooter",0,"No","Semi-Urban","Stormy","Jam ",0,"Y",10
18,"Drinks ",22,9,4.6,"scooter",2,"No","Metropolitan","Cloudy","Medium",0,"Y",5
28,"Drinks ",33,9,4.8,"scooter",1,"No","Urban","Sandstorms","Jam ",1,"N",10
23,"Meal ",28,23,4.5,"motorcycle",1,"No","Metropolitan","Sunny","Medium",0,"Y",15
19,"Snack ",27,15,4.6,"scooter",1,"No","Metropolitan","Fog","Medium",1,"N",15
42,"Meal ",36,3,4.2,"scooter",2,"No","Metropolitan","Sandstorms","Jam ",2,"N",5
10,"Buffet ",35,17,4.6,"motorcycle",1,"No","Metropolitan","Windy","High ",1,"N",15
33,"Buffet ",32,15,4,"electric_scooter",2,"No","Semi-Urban","Stormy","High ",1,"Y",15
42,"Drinks ",27,13,3.6,"scooter",2,"Yes","Metropolitan","Stormy","Jam ",1,"N",15
29,"Drinks ",26,9,4.5,"motorcycle",1,"No","Metropolitan","Fog","High ",1,"Y",15
33,"Meal ",21,12,5,"motorcycle",2,"No","Metropolitan","Sandstorms","High ",1,"Y",15
17,"Drinks ",37,14,4.8,"scooter",0,"No","Metropolitan","Stormy","Low ",1,"N",15
26,"Meal ",28,16,4.8,"motorcycle",2,"No","Metropolitan","Windy","Medium",1,"N",5
14,"Buffet ",24,14,4.9,"motorcycle",0,"No","Metropolitan","Stormy","Medium",1,"N",5
28,"Buffet ",28,15,4.8,"motorcycle",0,"No","Semi-Urban","Sunny","Jam ",1,"N",10
21,"Meal ",37,15,4.7,"scooter",2,"No","Metropolitan","Fog","Low ",0,"N",5
38,"Drinks ",21,15,4,"motorcycle",0,"No","Urban","Stormy","High ",2,"Y",5
22,"Drinks ",27,12,4.7,"electric_scooter",2,"No","Metropolitan","Stormy","Medium",1,"N",15
29,"Buffet ",23,3,4.9,"motorcycle",2,"No","Urban","Fog","High ",0,"N",5
16,"Drinks ",39,23,4.9,"electric_scooter",0,"No","Metropolitan","Windy","Jam",1,"N",15
23,"Drinks ",28,18,4.9,"scooter",1,"No","Urban","Stormy","Jam",1,"N",10
34,"Meal ",38,2,4.6,"scooter",0,"No","Metropolitan","Fog","High ",1,"N",10
38,"Snack ",35,23,4.9,"scooter",1,"No","Metropolitan","Sunny","Jam ",1,"N",15
25,"Meal ",24,21,4.7,"scooter",1,"No","Metropolitan","Stormy","Low ",1,"N",15
40,"Drinks ",22,2,3.5,"electric_scooter",2,"No","Semi-Urban","Windy","Jam ",2,"N",10
44,"Meal ",36,5,4,"motorcycle",0,"Yes","Urban","Sandstorms","Jam",1,"N",10
26,"Snack ",36,23,4.9,"electric_scooter",0,"No","Urban","Windy","Low",1,"N",5
42,"Snack ",25,3,4.4,"motorcycle",1,"No","Urban","Stormy","Jam",1,"N",10
43,"Drinks ",24,6,4.6,"electric_scooter",0,"No","Semi-Urban","Fog","Low ",1,"N",10
28,"Buffet ",22,18,4.5,"scooter",2,"No","Metropolitan","Stormy","Medium",1,"N",15
27,"Meal ",35,21,4.6,"motorcycle",1,"No","Urban","Stormy","Medium",1,"N",5
36,"Buffet ",26,4,4.3,"motorcycle",2,"No","Urban","Fog","Jam ",2,"N",10
24,"Drinks ",25,1,4.5,"motorcycle",0,"No","Urban","Sandstorms","Low",0,"N",15
21,"Meal ",38,16,4.8,"electric_scooter",2,"No","Metropolitan","Stormy","Low",1,"N",10
22,"Meal ",23,16,4.9,"motorcycle",1,"No","Metropolitan","Stormy","Low ",1,"N",10
38,"Drinks ",32,4,5,"motorcycle",0,"No","Metropolitan","Stormy","High ",2,"N",15
15,"Snack ",25,12,4.7,"motorcycle",0,"No","Semi-Urban","Fog","Low ",1,"N",5
41,"Buffet ",32,11,4.2,"motorcycle",0,"Yes","Metropolitan","Stormy","Medium",0,"N",5
26,"Drinks ",23,21,4.6,"motorcycle",0,"No","Urban","Fog","Jam ",1,"N",5
24,"Buffet ",26,22,5,"scooter",2,"No","Urban","Sunny","Jam",1,"N",15
48,"Buffet ",26,6,4.2,"scooter",2,"No","Urban","Fog","Jam ",0,"N",5
32,"Snack ",31,19,4.6,"motorcycle",0,"No","Metropolitan","Stormy","Medium",2,"N",15
39,"Snack ",38,4,4.8,"motorcycle",1,"No","Metropolitan","Fog","Jam ",2,"N",10
37,"Meal ",35,16,4.7,"motorcycle",0,"No","Semi-Urban","Sunny","Jam ",1,"N",10
29,"Snack ",38,13,4.8,"electric_scooter",1,"No","Metropolitan","Stormy","Jam ",1,"N",15
33,"Meal ",39,16,4.4,"motorcycle",2,"No","Metropolitan","Windy","Jam ",1,"N",10
23,"Drinks ",33,18,4.7,"motorcycle",2,"No","Urban","Stormy","Jam",1,"N",10
21,"Meal ",20,18,4.6,"motorcycle",1,"No","Urban","Sandstorms","Low",1,"N",10
38,"Buffet ",31,13,4.1,"scooter",2,"No","Metropolitan","Cloudy","Jam ",1,"N",5
28,"Meal ",28,19,4.7,"scooter",0,"No","Metropolitan","Sandstorms","Medium",1,"Y",5
31,"Meal ",34,3,4.5,"motorcycle",1,"No","Metropolitan","Stormy","Jam",0,"N",5
39,"Drinks ",35,1,4.1,"electric_scooter",2,"No","Metropolitan","Sandstorms","Medium",2,"N",5
38,"Buffet ",28,13,4.7,"motorcycle",0,"No","Metropolitan","Stormy","Jam ",1,"N",10
23,"Meal ",21,3,4,"motorcycle",0,"No","Urban","Windy","Low",1,"N",10
27,"Snack ",23,3,4.9,"motorcycle",0,"No","Urban","Windy","Low",1,"Y",15
16,"Snack ",35,3,4.1,"motorcycle",0,"No","Metropolitan","Stormy","Low ",1,"Y",5
18,"Meal ",21,7,4.9,"electric_scooter",1,"No","Metropolitan","Sunny","Jam ",0,"Y",15
11,"Buffet ",20,3,4.5,"scooter",2,"No","Urban","Sandstorms","Low",1,"N",10
32,"Drinks ",39,15,4.4,"scooter",1,"No","Metropolitan","Stormy","Jam ",1,"N",15
27,"Meal ",35,21,4.6,"motorcycle",1,"No","Urban","Stormy","Medium",1,"N",5
29,"Buffet ",38,13,4.6,"motorcycle",2,"No","Metropolitan","Sunny","Medium",0,"N",10
25,"Buffet ",28,9,4.8,"scooter",2,"No","Metropolitan","Sandstorms","Low ",1,"N",15
39,"Drinks ",35,6,4.2,"motorcycle",0,"No","Metropolitan","Sunny","Jam ",0,"N",5
20,"Snack ",33,19,5,"motorcycle",2,"No","Urban","Windy","High",1,"N",10
34,"Meal ",21,15,5,"motorcycle",0,"No","Metropolitan","Windy","Medium",1,"Y",15
22,"Buffet ",26,5,4.5,"motorcycle",0,"No","Urban","Fog","Low",1,"N",10
17,"Snack ",20,18,4.9,"motorcycle",0,"No","Metropolitan","Sandstorms","Low ",0,"N",5
25,"Drinks ",20,16,4.7,"motorcycle",0,"No","Metropolitan","Windy","Medium",1,"N",15
33,"Snack ",32,3,3.9,"scooter",2,"No","Metropolitan","Stormy","Medium",1,"N",15
26,"Snack ",28,2,4.8,"motorcycle",1,"No","Urban","Stormy","Low ",1,"N",15
22,"Drinks ",30,6,4.5,"scooter",0,"No","Urban","Fog","Low",1,"Y",10
44,"Drinks ",28,12,4.9,"motorcycle",0,"No","Metropolitan","Stormy","Jam ",1,"Y",10
20,"Snack ",26,2,4.6,"motorcycle",0,"No","Urban","Fog","Low",0,"N",15
16,"Drinks ",26,16,4.8,"motorcycle",0,"No","Urban","Stormy","Medium",1,"N",10
28,"Meal ",34,19,4.8,"motorcycle",1,"No","Semi-Urban","Cloudy","Low ",1,"N",5
27,"Buffet ",25,6,5,"scooter",1,"No","Metropolitan","Sandstorms","Medium",1,"N",5
33,"Drinks ",25,13,4.3,"scooter",1,"No","Metropolitan","Windy","High ",0,"N",5
39,"Snack ",23,6,4.3,"motorcycle",2,"No","Metropolitan","Fog","Jam ",2,"N",15
15,"Meal ",36,19,4.8,"scooter",1,"No","Urban","Sunny","Medium",1,"Y",5
40,"Buffet ",22,16,5,"scooter",2,"No","Metropolitan","Fog","Jam ",1,"N",10
33,"Meal ",37,7,4.6,"motorcycle",0,"No","Urban","Sandstorms","Jam ",0,"N",5
17,"Buffet ",25,17,4.9,"scooter",1,"No","Metropolitan","Sunny","Low ",1,"N",5
26,"Meal ",39,9,4.9,"scooter",2,"No","Semi-Urban","Sandstorms","Jam ",1,"N",5
15,"Drinks ",20,22,4.8,"motorcycle",1,"No","Metropolitan","Stormy","Medium",1,"N",5
28,"Buffet ",35,13,4.1,"scooter",0,"No","Metropolitan","Windy","Low ",1,"N",10
18,"Buffet ",35,15,4.9,"scooter",2,"No","Urban","Fog","Medium",0,"N",10
44,"Buffet ",24,9,4.8,"electric_scooter",2,"No","Metropolitan","Stormy","Medium",2,"N",5
40,"Snack ",26,3,4.3,"scooter",2,"No","Metropolitan","Stormy","Jam ",1,"N",10
21,"Drinks ",21,22,4.9,"motorcycle",1,"No","Metropolitan","Fog","Low ",1,"N",5
19,"Snack ",25,12,4.9,"motorcycle",0,"No","Metropolitan","Fog","Low ",1,"N",5
25,"Meal ",34,19,4.9,"motorcycle",0,"No","Urban","Sunny","Medium",0,"N",15
18,"Snack ",30,17,4.8,"motorcycle",1,"No","Metropolitan","Sandstorms","High ",1,"N",15
29,"Snack ",26,6,4.8,"motorcycle",2,"No","Semi-Urban","Sunny","Low ",1,"N",5
41,"Meal ",26,7,3.6,"motorcycle",1,"No","Metropolitan","Sandstorms","Jam ",2,"N",5
18,"Drinks ",25,23,4.5,"electric_scooter",1,"No","Urban","Fog","Low ",1,"N",10
27,"Drinks ",29,23,4.8,"scooter",2,"No","Metropolitan","Fog","Medium",0,"Y",5
17,"Snack ",22,15,5,"scooter",1,"No","Urban","Cloudy","Medium",0,"N",10
38,"Meal ",25,1,3.5,"electric_scooter",1,"No","Metropolitan","Stormy","Medium",2,"N",15
25,"Meal ",33,19,4.9,"motorcycle",1,"No","Urban","Stormy","Medium",1,"Y",10
15,"Meal ",23,4,4.9,"motorcycle",2,"No","Metropolitan","Sunny","Jam ",0,"Y",5
20,"Drinks ",38,16,4.7,"motorcycle",1,"No","Semi-Urban","Fog","Jam",0,"N",10
49,"Drinks ",20,2,4.1,"electric_scooter",0,"Yes","Urban","Stormy","Medium",3,"N",5
28,"Meal ",32,9,4.8,"scooter",2,"No","Metropolitan","Windy","Medium",0,"Y",10
25,"Drinks ",22,21,4.7,"scooter",1,"No","Metropolitan","Stormy","Medium",1,"N",5
28,"Snack ",36,16,4.5,"electric_scooter",2,"No","Semi-Urban","Windy","Low ",0,"Y",5
32,"Buffet ",27,13,3.6,"scooter",1,"No","Metropolitan","Fog","Low ",1,"N",15
21,"Meal ",26,2,4.9,"scooter",1,"No","Metropolitan","Sandstorms","Low ",1,"Y",10
32,"Meal ",28,14,4.6,"scooter",1,"No","Metropolitan","Fog","High ",0,"N",10
20,"Drinks ",38,16,4.7,"motorcycle",1,"No","Semi-Urban","Fog","Jam",0,"N",10
36,"Snack ",30,13,3.6,"electric_scooter",2,"No","Semi-Urban","Cloudy","Low ",0,"Y",25
23,"Meal ",31,14,4.8,"motorcycle",1,"No","Metropolitan","Sunny","Jam ",1,"N",5
17,"Snack ",39,9,4.7,"motorcycle",2,"No","Urban","Cloudy","Low ",0,"N",15
16,"Buffet ",30,5,4.5,"motorcycle",0,"No","Urban","Cloudy","Low",0,"N",15
12,"Snack ",27,17,4.7,"scooter",1,"No","Metropolitan","Sunny","Medium",1,"Y",10
16,"Buffet ",32,21,4.6,"motorcycle",2,"No","Urban","Fog","Medium",0,"N",5
44,"Meal ",35,3,4.7,"motorcycle",1,"No","Metropolitan","Stormy","Jam ",1,"N",10
29,"Snack ",28,13,4.7,"scooter",2,"No","Metropolitan","Stormy","Low ",1,"N",15
28,"Meal ",34,5,4.8,"motorcycle",0,"No","Urban","Fog","Jam",0,"N",5
24,"Buffet ",22,9,4.8,"motorcycle",0,"No","Semi-Urban","Cloudy","Low ",1,"Y",5
12,"Meal ",22,15,4.9,"scooter",2,"No","Semi-Urban","Sandstorms","Low",0,"N",15
22,"Buffet ",20,1,4.4,"motorcycle",0,"No","Urban","Stormy","Low",0,"N",15
17,"Drinks ",25,23,4.6,"motorcycle",1,"No","Semi-Urban","Sunny","Medium",0,"Y",10
27,"Snack ",39,18,4.8,"motorcycle",2,"No","Urban","Stormy","Low ",0,"Y",20
20,"Buffet ",33,18,4.9,"motorcycle",0,"No","Metropolitan","Sunny","Low ",0,"Y",10
23,"Snack ",24,15,4.6,"motorcycle",1,"No","Urban","Stormy","Medium",0,"N",5
24,"Snack ",21,17,4.6,"electric_scooter",0,"No","Metropolitan","Fog","Jam ",0,"N",5
27,"Buffet ",27,18,4.7,"electric_scooter",2,"No","Semi-Urban","Windy","Jam ",0,"N",15
44,"Buffet ",21,3,4.1,"scooter",1,"No","Metropolitan","Fog","Jam ",0,"Y",10
20,"Buffet ",20,14,4.9,"motorcycle",1,"No","Metropolitan","Windy","Low ",1,"N",5
29,"Snack ",25,22,4.9,"scooter",2,"No","Metropolitan","Stormy","Low",1,"N",5
24,"Snack ",34,14,4.9,"electric_scooter",1,"No","Metropolitan","Stormy","Medium",1,"Y",15
25,"Drinks ",24,21,4.8,"motorcycle",0,"No","Metropolitan","Sunny","High",0,"N",15
25,"Drinks ",23,23,4.6,"scooter",0,"No","Metropolitan","Sandstorms","Low ",1,"N",5
23,"Drinks ",20,14,4.6,"scooter",1,"No","Urban","Sunny","High ",1,"N",10
21,"Snack ",33,15,4.7,"scooter",2,"No","Urban","Stormy","Jam",1,"Y",15
30,"Drinks ",24,8,4.5,"motorcycle",2,"No","Metropolitan","Cloudy","High ",1,"N",15
26,"Buffet ",32,3,4.7,"motorcycle",1,"No","Metropolitan","Cloudy","Low ",0,"N",10
26,"Buffet ",20,23,4.8,"electric_scooter",2,"No","Metropolitan","Sandstorms","Medium",1,"Y",10
15,"Meal ",31,9,4.8,"scooter",2,"No","Metropolitan","Stormy","Low ",1,"N",15
27,"Drinks ",22,18,4.8,"motorcycle",0,"No","Urban","Stormy","Jam ",1,"N",5
27,"Meal ",33,22,4.7,"electric_scooter",2,"No","Metropolitan","Fog","Low ",0,"Y",10
17,"Snack ",38,16,4.7,"scooter",1,"No","Metropolitan","Sunny","Low",1,"N",25
17,"Drinks ",25,22,4.7,"scooter",2,"No","Urban","Sandstorms","High",0,"N",15
21,"Buffet ",29,18,5,"motorcycle",2,"No","Urban","Windy","High ",1,"Y",10
40,"Snack ",35,1,4.8,"electric_scooter",2,"No","Metropolitan","Fog","Jam ",2,"N",5
14,"Drinks ",23,16,4.8,"scooter",1,"No","Urban","Cloudy","Low",0,"N",20
12,"Meal ",36,19,4.8,"scooter",2,"No","Metropolitan","Fog","Low ",1,"Y",10
19,"Buffet ",26,19,4.8,"electric_scooter",2,"No","Metropolitan","Sunny","Jam ",1,"N",10
50,"Buffet ",21,19,4.9,"scooter",0,"No","Urban","Cloudy","Jam",1,"N",15
32,"Snack ",39,9,4.1,"electric_scooter",0,"No","Semi-Urban","Stormy","Medium",1,"N",5
37,"Buffet ",21,9,4.7,"motorcycle",0,"No","Metropolitan","Windy","Jam ",2,"N",10
21,"Buffet ",22,17,4.8,"scooter",1,"No","Metropolitan","Sunny","Low ",1,"N",5
18,"Buffet ",30,6,4.7,"scooter",2,"No","Metropolitan","Fog","Medium",1,"N",10
34,"Snack ",36,3,4.3,"electric_scooter",1,"No","Urban","Windy","Medium",2,"N",10
28,"Meal ",31,15,4.6,"electric_scooter",2,"No","Urban","Sandstorms","High",0,"N",10
34,"Meal ",21,8,4.2,"motorcycle",1,"No","Metropolitan","Windy","Medium",1,"N",10
17,"Snack ",36,9,5,"motorcycle",0,"No","Metropolitan","Sandstorms","High ",0,"N",5
25,"Drinks ",21,18,4.8,"scooter",1,"No","Urban","Windy","Medium",1,"N",10
18,"Drinks ",28,3,4.9,"scooter",2,"No","Metropolitan","Windy","Low ",0,"Y",15
16,"Snack ",22,3,4.8,"electric_scooter",2,"No","Metropolitan","Cloudy","Low ",1,"Y",10
27,"Meal ",39,21,4.9,"motorcycle",2,"No","Metropolitan","Stormy","Low ",1,"N",5
31,"Meal ",38,8,4.3,"electric_scooter",1,"No","Semi-Urban","Sandstorms","Medium",1,"N",15
15,"Snack ",28,6,4.8,"scooter",1,"No","Urban","Cloudy","Medium",0,"N",15
41,"Drinks ",38,14,4.3,"scooter",2,"No","Metropolitan","Fog","Jam ",1,"N",5
36,"Drinks ",30,11,4.4,"electric_scooter",0,"No","Metropolitan","Sandstorms","Medium",1,"N",10
23,"Buffet ",23,17,5,"motorcycle",0,"No","Metropolitan","Sunny","Jam ",0,"N",10
31,"Buffet ",38,8,3.4,"motorcycle",0,"No","Urban","Sunny","Low ",1,"N",15
18,"Meal ",38,21,4.9,"scooter",1,"No","Metropolitan","Windy","Jam ",0,"N",10
38,"Snack ",21,18,4.3,"motorcycle",2,"No","Metropolitan","Fog","Medium",1,"Y",5
17,"Snack ",27,22,4.8,"scooter",1,"No","Metropolitan","Fog","Low ",1,"N",10
26,"Snack ",39,9,4.6,"motorcycle",2,"No","Urban","Fog","High ",1,"N",15
27,"Meal ",31,2,4.7,"motorcycle",2,"No","Metropolitan","Stormy","Jam ",1,"N",5
14,"Snack ",32,12,4.6,"scooter",2,"No","Metropolitan","Windy","Low ",0,"N",15
31,"Buffet ",33,3,4.2,"motorcycle",2,"No","Metropolitan","Fog","High ",1,"N",5
42,"Snack ",24,3,4,"motorcycle",1,"No","Metropolitan","Cloudy","Jam ",2,"Y",15
25,"Snack ",20,22,4.5,"motorcycle",0,"No","Metropolitan","Sunny","Jam ",1,"Y",5
26,"Drinks ",29,16,4.7,"electric_scooter",1,"No","Urban","Stormy","Jam",0,"N",10
27,"Drinks ",24,18,4.7,"scooter",1,"No","Semi-Urban","Windy","Jam ",0,"N",15
35,"Snack ",27,6,3.8,"scooter",1,"No","Urban","Windy","Jam ",1,"N",5
25,"Meal ",30,17,4.8,"motorcycle",0,"No","Metropolitan","Sunny","Jam ",0,"Y",5
22,"Buffet ",25,19,4.5,"motorcycle",0,"No","Metropolitan","Sunny","Low ",1,"N",5
25,"Drinks ",26,16,5,"motorcycle",0,"No","Metropolitan","Stormy","Low ",1,"N",5
21,"Meal ",29,13,4.9,"motorcycle",0,"No","Metropolitan","Fog","Medium",1,"N",15
15,"Drinks ",38,3,4.5,"electric_scooter",1,"No","Metropolitan","Sandstorms","Jam",0,"N",10
36,"Drinks ",27,7,4.8,"motorcycle",1,"No","Semi-Urban","Fog","Jam ",0,"N",5
42,"Drinks ",34,23,4.7,"motorcycle",1,"Yes","Metropolitan","Fog","Jam ",2,"Y",15
24,"Snack ",23,19,4.9,"scooter",2,"No","Metropolitan","Stormy","Low ",0,"Y",5
18,"Snack ",36,17,4.9,"motorcycle",2,"No","Urban","Sunny","Jam",1,"N",5
31,"Meal ",23,7,4.9,"scooter",1,"No","Metropolitan","Fog","Jam ",1,"N",5
17,"Snack ",32,22,4.7,"motorcycle",2,"No","Urban","Stormy","Low",0,"N",15
33,"Drinks ",38,23,4.8,"motorcycle",0,"No","Urban","Stormy","Medium",1,"Y",5
27,"Drinks ",35,9,4.7,"motorcycle",0,"No","Urban","Sunny","Low ",1,"N",15
18,"Snack ",27,16,4.6,"motorcycle",0,"No","Semi-Urban","Sunny","Low",0,"N",10
17,"Buffet ",31,21,4.8,"motorcycle",0,"No","Metropolitan","Sunny","Medium",1,"N",10
32,"Buffet ",26,3,4.4,"motorcycle",1,"No","Semi-Urban","Windy","High ",0,"N",15
44,"Drinks ",23,4,5,"scooter",2,"No","Metropolitan","Fog","Jam ",1,"N",15
15,"Snack ",38,18,4.6,"electric_scooter",2,"No","Metropolitan","Sandstorms","Low ",0,"N",10
20,"Meal ",23,21,4.6,"scooter",2,"No","Metropolitan","Stormy","Medium",1,"N",10
26,"Snack ",31,14,5,"scooter",1,"No","Metropolitan","Fog","Low ",0,"N",5
16,"Buffet ",28,18,4.7,"electric_scooter",1,"No","Urban","Cloudy","Low",1,"Y",10
31,"Meal ",21,6,4.1,"motorcycle",0,"No","Urban","Stormy","Jam",0,"N",10
47,"Drinks ",25,22,4.9,"motorcycle",0,"No","Urban","Fog","Jam",1,"N",5
46,"Buffet ",30,8,4.8,"motorcycle",0,"No","Metropolitan","Cloudy","Jam ",2,"N",10
15,"Drinks ",22,16,4.7,"scooter",2,"No","Semi-Urban","Sunny","Jam",1,"N",15
46,"Buffet ",34,23,4.6,"motorcycle",0,"No","Urban","Fog","Jam ",1,"N",5
27,"Snack ",24,18,4.6,"motorcycle",0,"No","Metropolitan","Stormy","Jam ",1,"N",10
15,"Meal ",23,9,4.8,"electric_scooter",1,"No","Metropolitan","Windy","Low ",0,"N",5
22,"Buffet ",20,22,4.8,"scooter",1,"No","Urban","Sandstorms","Low",0,"N",15
30,"Drinks ",37,6,5,"motorcycle",0,"No","Metropolitan","Sunny","Jam ",1,"N",10
22,"Buffet ",28,14,4.5,"scooter",0,"No","Semi-Urban","Fog","Low ",1,"N",10
29,"Buffet ",37,4,4.6,"motorcycle",1,"No","Metropolitan","Sunny","Low ",1,"N",15
18,"Drinks ",36,14,4.9,"scooter",2,"No","Semi-Urban","Cloudy","Medium",1,"Y",10
23,"Meal ",31,19,4.9,"motorcycle",0,"No","Metropolitan","Fog","Medium",1,"N",15
22,"Buffet ",26,22,4.5,"motorcycle",2,"No","Metropolitan","Sandstorms","Jam ",1,"N",15
29,"Meal ",32,16,4.8,"electric_scooter",1,"No","Metropolitan","Sandstorms","Jam ",0,"N",5
27,"Meal ",35,7,4.5,"scooter",1,"No","Semi-Urban","Fog","Jam ",1,"N",10
16,"Snack ",25,3,4.8,"motorcycle",1,"No","Urban","Cloudy","Low ",0,"Y",10
34,"Drinks ",22,1,4.3,"motorcycle",1,"No","Urban","Sandstorms","Low",1,"Y",15
26,"Buffet ",22,21,4.5,"electric_scooter",2,"No","Metropolitan","Sandstorms","Jam ",1,"N",10
26,"Snack ",21,15,4.7,"motorcycle",0,"No","Semi-Urban","Stormy","Low",1,"N",15
29,"Buffet ",33,9,4.8,"electric_scooter",1,"No","Urban","Stormy","High ",1,"N",10
22,"Drinks ",36,22,4.8,"motorcycle",0,"No","Urban","Sandstorms","Low",1,"N",10
21,"Buffet ",31,14,4.6,"motorcycle",2,"No","Metropolitan","Sandstorms","Medium",1,"N",10
15,"Drinks ",33,18,4.8,"scooter",2,"No","Urban","Cloudy","Low",0,"N",10
37,"Snack ",36,11,3.9,"scooter",2,"No","Metropolitan","Windy","Medium",1,"N",15
42,"Buffet ",29,14,4.7,"motorcycle",0,"Yes","Metropolitan","Sandstorms","Jam ",2,"Y",15
24,"Drinks ",23,17,5,"electric_scooter",2,"No","Metropolitan","Stormy","Low ",1,"N",10
10,"Snack ",28,22,4.6,"motorcycle",1,"No","Urban","Sandstorms","Low",0,"Y",20
24,"Snack ",29,14,4.8,"scooter",0,"No","Metropolitan","Fog","Jam ",1,"N",5
21,"Drinks ",26,16,4.8,"electric_scooter",0,"No","Metropolitan","Cloudy","Low ",0,"N",10
21,"Drinks ",35,12,4.9,"scooter",2,"No","Metropolitan","Sandstorms","Low ",1,"Y",15
17,"Drinks ",37,16,4.7,"motorcycle",0,"No","Metropolitan","Windy","Low ",0,"N",5
25,"Drinks ",23,7,4.7,"motorcycle",1,"No","Metropolitan","Stormy","Medium",1,"Y",5
47,"Drinks ",25,18,5,"motorcycle",2,"Yes","Metropolitan","Cloudy","Jam ",3,"Y",15
34,"Drinks ",31,6,3.6,"electric_scooter",1,"No","Urban","Windy","Jam ",1,"N",5
43,"Drinks ",32,17,4.9,"motorcycle",0,"No","Urban","Stormy","Jam ",0,"N",10
24,"Buffet ",32,23,4.9,"scooter",1,"No","Metropolitan","Sandstorms","Medium",1,"Y",5
50,"Buffet ",25,5,3.5,"scooter",0,"Yes","Semi-Urban","Sunny","Jam ",3,"N",15
37,"Drinks ",26,1,4.2,"motorcycle",0,"No","Metropolitan","Stormy","High ",1,"N",5
41,"Snack ",24,7,4.7,"scooter",0,"No","Metropolitan","Fog","Low ",1,"N",20
21,"Drinks ",27,23,4.5,"motorcycle",0,"No","Semi-Urban","Fog","High ",1,"N",5
28,"Buffet ",39,18,4.8,"motorcycle",0,"No","Metropolitan","Sunny","Jam ",1,"N",10
20,"Drinks ",39,4,4.9,"motorcycle",0,"No","Metropolitan","Stormy","Low ",1,"Y",5
20,"Snack ",34,21,4.9,"motorcycle",1,"No","Metropolitan","Sunny","Medium",0,"N",10
36,"Meal ",29,22,4.8,"electric_scooter",2,"No","Urban","Stormy","Jam",1,"N",15
23,"Drinks ",24,19,4.8,"electric_scooter",0,"No","Semi-Urban","Windy","Medium",1,"N",5
22,"Drinks ",39,15,4.6,"electric_scooter",2,"No","Urban","Stormy","High",0,"N",5
45,"Buffet ",33,14,4.8,"motorcycle",0,"No","Metropolitan","Fog","Jam ",1,"N",10
20,"Buffet ",34,18,4.6,"scooter",2,"No","Metropolitan","Stormy","Low",1,"N",15
40,"Drinks ",36,9,4.3,"motorcycle",1,"No","Metropolitan","Fog","Jam ",1,"N",10
31,"Meal ",34,19,4.5,"motorcycle",2,"No","Urban","Sandstorms","Jam ",1,"Y",5
43,"Snack ",21,9,5,"motorcycle",1,"No","Metropolitan","Cloudy","Jam ",1,"N",10
48,"Meal ",20,3,4.9,"scooter",2,"No","Metropolitan","Cloudy","Jam ",1,"N",10
16,"Buffet ",22,16,4.8,"motorcycle",0,"No","Urban","Stormy","High",1,"N",5
40,"Buffet ",36,4,4.6,"motorcycle",0,"No","Metropolitan","Fog","Medium",1,"N",15
15,"Meal ",39,19,4.8,"scooter",1,"No","Urban","Stormy","Low ",1,"N",10
18,"Drinks ",25,19,4.6,"electric_scooter",2,"No","Urban","Windy","Medium",1,"Y",15
21,"Meal ",37,4,4.9,"motorcycle",0,"No","Metropolitan","Stormy","High ",1,"N",5
33,"Buffet ",24,2,4.3,"motorcycle",1,"No","Urban","Stormy","Medium",1,"N",10
30,"Snack ",39,3,4.4,"electric_scooter",0,"No","Semi-Urban","Stormy","Low ",1,"N",5
24,"Meal ",28,21,4.6,"electric_scooter",1,"No","Semi-Urban","Stormy","Medium",1,"Y",5
24,"Snack ",24,7,4.8,"motorcycle",1,"No","Urban","Sunny","Low ",0,"N",15
23,"Snack ",25,17,4.8,"scooter",0,"No","Metropolitan","Sandstorms","Low",1,"N",15
21,"Snack ",28,9,4.5,"scooter",2,"No","Metropolitan","Sandstorms","Medium",1,"N",15
38,"Snack ",37,17,4.6,"motorcycle",0,"No","Urban","Windy","Medium",1,"Y",15
33,"Drinks ",24,8,4.6,"electric_scooter",2,"No","Metropolitan","Fog","Jam ",1,"N",10
26,"Buffet ",38,14,4.6,"electric_scooter",0,"No","Metropolitan","Windy","Low ",1,"N",20
30,"Snack ",33,6,4.9,"electric_scooter",1,"No","Urban","Windy","Medium",1,"N",10
27,"Drinks ",33,22,5,"motorcycle",1,"No","Urban","Stormy","Jam ",1,"N",15
16,"Buffet ",34,23,4.7,"motorcycle",1,"No","Urban","Fog","Low",1,"N",5
26,"Snack ",27,5,4.5,"scooter",2,"No","Urban","Sandstorms","Medium",1,"Y",10
32,"Drinks ",38,14,4.1,"electric_scooter",2,"No","Metropolitan","Sandstorms","Jam ",1,"N",15
27,"Buffet ",26,23,4.6,"scooter",2,"No","Urban","Sandstorms","Jam ",1,"N",15
27,"Meal ",36,16,4.7,"scooter",0,"No","Semi-Urban","Fog","Jam ",1,"Y",10
42,"Drinks ",31,4,4.9,"scooter",1,"No","Metropolitan","Fog","Jam ",0,"N",10
26,"Buffet ",37,12,4.7,"motorcycle",1,"No","Semi-Urban","Sunny","Low ",1,"N",25
10,"Buffet ",39,15,4.7,"electric_scooter",2,"No","Semi-Urban","Sunny","Medium",0,"N",5
30,"Meal ",23,2,4.8,"motorcycle",0,"No","Semi-Urban","Cloudy","Medium",0,"Y",10
24,"Drinks ",24,16,5,"motorcycle",0,"No","Semi-Urban","Sunny","Medium",1,"N",5
45,"Buffet ",32,1,4.5,"electric_scooter",0,"Yes","Urban","Cloudy","Jam",0,"N",15
25,"Drinks ",31,16,4.6,"motorcycle",0,"No","Metropolitan","Sandstorms","Jam ",0,"N",15
21,"Buffet ",29,16,4.7,"scooter",0,"No","Metropolitan","Cloudy","Jam ",0,"N",15
18,"Snack ",25,19,4.6,"motorcycle",2,"No","Metropolitan","Fog","Medium",0,"N",15
16,"Buffet ",25,13,4.8,"electric_scooter",1,"No","Metropolitan","Fog","Medium",0,"N",15
19,"Meal ",23,19,4.8,"motorcycle",2,"No","Metropolitan","Sunny","Medium",0,"N",5
17,"Drinks ",24,21,5,"motorcycle",1,"No","Metropolitan","Sandstorms","Medium",1,"N",15
41,"Meal ",32,16,4.9,"motorcycle",0,"No","Urban","Fog","Medium",1,"N",10
43,"Meal ",31,1,4.8,"motorcycle",0,"No","Metropolitan","Cloudy","Jam ",2,"Y",10
27,"Snack ",29,19,4.8,"motorcycle",0,"No","Urban","Sunny","Low",1,"N",15
41,"Meal ",30,1,4.9,"scooter",0,"No","Metropolitan","Cloudy","Jam ",1,"N",10
50,"Snack ",20,21,4.7,"electric_scooter",0,"No","Metropolitan","Cloudy","Jam ",2,"N",10
20,"Buffet ",29,19,4.8,"scooter",1,"No","Urban","Sunny","Jam",0,"Y",5
27,"Buffet ",32,1,4.7,"motorcycle",1,"No","Metropolitan","Stormy","Medium",1,"Y",15
17,"Drinks ",32,13,4.8,"motorcycle",1,"No","Metropolitan","Sunny","Jam ",1,"Y",15
25,"Drinks ",27,14,5,"electric_scooter",1,"No","Semi-Urban","Sunny","Medium",1,"N",15
23,"Drinks ",33,16,4.6,"motorcycle",0,"No","Metropolitan","Windy","Medium",0,"N",10
24,"Snack ",23,23,4.8,"motorcycle",1,"No","Metropolitan","Sandstorms","Low ",1,"N",5
33,"Buffet ",39,7,4.7,"motorcycle",0,"No","Metropolitan","Sandstorms","Jam ",1,"Y",15
13,"Meal ",29,14,4.8,"scooter",1,"No","Metropolitan","Sunny","Jam ",0,"N",10
14,"Meal ",35,3,4.5,"motorcycle",2,"No","Metropolitan","Stormy","Low ",1,"N",15
20,"Meal ",31,15,4.8,"scooter",1,"No","Urban","Sandstorms","Jam",1,"N",5
25,"Drinks ",28,23,4.7,"scooter",0,"No","Metropolitan","Stormy","Low ",1,"N",5
28,"Snack ",36,22,4.8,"motorcycle",0,"No","Semi-Urban","Fog","High ",0,"Y",10
21,"Buffet ",26,8,4.7,"motorcycle",0,"No","Metropolitan","Fog","Low ",1,"N",5
27,"Snack ",26,9,4.6,"motorcycle",0,"No","Metropolitan","Cloudy","High ",1,"N",5
29,"Snack ",31,9,4.9,"motorcycle",1,"No","Metropolitan","Stormy","Medium",1,"N",15
34,"Snack ",35,5,4.3,"motorcycle",0,"No","Metropolitan","Stormy","Medium",1,"N",5
32,"Buffet ",25,1,4.2,"motorcycle",0,"No","Metropolitan","Windy","High ",1,"N",10
53,"Snack ",27,8,4.5,"motorcycle",0,"No","Metropolitan","Fog","Jam ",3,"N",5
31,"Buffet ",30,3,4.6,"electric_scooter",2,"No","Semi-Urban","Sandstorms","Medium",1,"N",10
26,"Meal ",39,8,4.8,"motorcycle",1,"No","Metropolitan","Stormy","Jam ",1,"N",15
38,"Snack ",27,11,4.6,"electric_scooter",2,"Yes","Metropolitan","Cloudy","High ",1,"N",5
26,"Drinks ",29,18,4.5,"scooter",1,"No","Metropolitan","Sunny","Low ",1,"N",10
10,"Snack ",23,21,4.6,"scooter",1,"No","Urban","Cloudy","Low",0,"Y",5
49,"Snack ",22,18,4.7,"electric_scooter",0,"No","Urban","Windy","Medium",1,"N",5
11,"Buffet ",33,6,4.9,"electric_scooter",2,"No","Metropolitan","Sunny","Medium",0,"N",10
19,"Buffet ",23,21,4.9,"motorcycle",1,"No","Urban","Fog","Low ",0,"N",15
36,"Buffet ",20,5,4.9,"motorcycle",0,"No","Metropolitan","Stormy","Jam",1,"N",5
20,"Meal ",35,13,4.9,"scooter",0,"No","Metropolitan","Sandstorms","Low ",1,"N",5
17,"Buffet ",35,14,4.6,"electric_scooter",2,"No","Metropolitan","Fog","Medium",0,"N",10
22,"Snack ",36,23,4.6,"scooter",2,"No","Urban","Windy","Low ",1,"N",10
15,"Drinks ",31,14,4.6,"motorcycle",0,"No","Metropolitan","Stormy","Low ",1,"N",15
15,"Drinks ",26,9,4.8,"scooter",1,"No","Metropolitan","Windy","Low ",1,"N",15
18,"Buffet ",31,3,4.8,"electric_scooter",2,"No","Metropolitan","Sunny","Jam ",1,"N",15
26,"Drinks ",35,17,4.9,"scooter",2,"No","Metropolitan","Sandstorms","Low",1,"N",5
23,"Meal ",36,22,4.9,"scooter",2,"No","Semi-Urban","Stormy","Jam ",1,"N",5
13,"Meal ",24,19,4.6,"scooter",1,"No","Metropolitan","Windy","Low ",0,"Y",5
41,"Buffet ",34,4,4.2,"electric_scooter",0,"No","Urban","Windy","High",2,"Y",5
25,"Buffet ",39,23,4.7,"scooter",0,"No","Semi-Urban","Fog","Medium",1,"N",10
21,"Drinks ",38,8,4.7,"electric_scooter",2,"No","Semi-Urban","Sandstorms","Jam ",0,"N",15
10,"Drinks ",24,23,4.6,"electric_scooter",2,"No","Urban","Cloudy","Low",1,"Y",15
39,"Meal ",24,3,4,"scooter",2,"No","Metropolitan","Sunny","Jam ",2,"N",10
28,"Meal ",36,18,4.9,"motorcycle",0,"No","Urban","Sandstorms","Jam ",1,"Y",10
40,"Meal ",28,2,4.6,"scooter",0,"No","Semi-Urban","Fog","Jam ",2,"N",5
28,"Meal ",26,2,4.7,"motorcycle",0,"No","Urban","Stormy","Medium",0,"Y",10
26,"Snack ",30,15,4.9,"electric_scooter",2,"No","Metropolitan","Sandstorms","Low ",0,"N",5
14,"Drinks ",20,9,4.5,"electric_scooter",2,"No","Semi-Urban","Windy","Low ",0,"N",5
32,"Snack ",20,9,4.4,"electric_scooter",0,"No","Metropolitan","Sunny","High ",1,"N",5
34,"Drinks ",24,23,5,"scooter",2,"No","Metropolitan","Cloudy","Medium",2,"N",5
16,"Drinks ",33,23,4.6,"motorcycle",1,"No","Metropolitan","Sunny","Medium",0,"N",5
10,"Snack ",36,18,4.8,"electric_scooter",1,"No","Metropolitan","Windy","High ",0,"Y",10
26,"Buffet ",29,21,4.6,"motorcycle",0,"No","Urban","Windy","Jam",1,"N",15
17,"Buffet ",39,23,4.9,"scooter",2,"No","Urban","Windy","Low",0,"N",15
26,"Meal ",32,9,4.5,"scooter",2,"No","Metropolitan","Stormy","Medium",1,"N",15
29,"Meal ",36,23,4.6,"scooter",2,"No","Metropolitan","Sandstorms","Jam ",1,"N",15
18,"Meal ",34,16,4.9,"scooter",0,"No","Urban","Stormy","Low",1,"N",10
27,"Drinks ",23,9,4.8,"motorcycle",1,"No","Metropolitan","Cloudy","High ",1,"N",5
27,"Snack ",35,19,4.9,"motorcycle",0,"No","Urban","Windy","Medium",0,"N",10
24,"Buffet ",20,1,4.7,"motorcycle",2,"No","Urban","Sandstorms","Jam",0,"N",10
29,"Meal ",31,9,4.8,"scooter",1,"No","Metropolitan","Cloudy","Low ",1,"N",5
34,"Meal ",33,2,4.2,"motorcycle",2,"No","Metropolitan","Sandstorms","Medium",1,"N",10
17,"Meal ",29,18,4.7,"scooter",1,"No","Urban","Stormy","Low",0,"N",15
20,"Buffet ",36,23,5,"motorcycle",2,"No","Metropolitan","Stormy","Low ",1,"N",15
25,"Drinks ",30,23,5,"scooter",2,"No","Semi-Urban","Fog","Low ",1,"N",10
46,"Meal ",25,11,4.2,"motorcycle",0,"Yes","Metropolitan","Sandstorms","Medium",1,"N",5
25,"Meal ",36,22,4.4,"motorcycle",0,"No","Metropolitan","Stormy","Low ",1,"N",15
39,"Buffet ",35,15,4,"scooter",2,"No","Metropolitan","Fog","Jam ",0,"N",15
34,"Snack ",21,7,4.1,"motorcycle",1,"No","Metropolitan","Fog","Jam ",1,"N",10
24,"Meal ",20,14,5,"electric_scooter",2,"No","Semi-Urban","Stormy","Jam ",0,"N",10
33,"Drinks ",27,13,4.3,"scooter",2,"No","Metropolitan","Sandstorms","Medium",1,"N",5
28,"Meal ",28,18,4.6,"scooter",1,"No","Metropolitan","Windy","Medium",1,"N",5
20,"Meal ",34,14,4.9,"scooter",1,"No","Metropolitan","Stormy","Jam ",0,"N",5
33,"Meal ",26,7,5,"scooter",0,"No","Metropolitan","Sandstorms","Jam ",1,"N",10
25,"Drinks ",25,14,4.6,"motorcycle",2,"No","Semi-Urban","Stormy","Jam ",1,"N",15
40,"Snack ",38,21,4.7,"motorcycle",0,"Yes","Urban","Fog","Jam",2,"Y",5
34,"Drinks ",24,8,4.4,"motorcycle",0,"No","Metropolitan","Fog","Medium",1,"N",15
13,"Buffet ",21,19,4.7,"motorcycle",1,"No","Urban","Cloudy","Low ",1,"Y",15
38,"Drinks ",25,4,4.4,"motorcycle",0,"No","Metropolitan","Windy","Jam ",1,"N",15
19,"Meal ",27,16,5,"motorcycle",2,"No","Metropolitan","Windy","High ",1,"N",5
46,"Drinks ",39,23,4.4,"motorcycle",0,"No","Metropolitan","Sandstorms","Medium",1,"N",10
18,"Buffet ",30,16,4.7,"motorcycle",1,"No","Metropolitan","Cloudy","Low ",1,"N",5
31,"Meal ",31,8,3.9,"scooter",1,"No","Semi-Urban","Stormy","Low ",1,"N",10
26,"Buffet ",36,13,4.5,"scooter",2,"No","Metropolitan","Fog","Low ",1,"N",10
16,"Snack ",34,14,4.6,"motorcycle",2,"No","Urban","Windy","Low ",1,"N",15
12,"Meal ",35,9,4.5,"electric_scooter",2,"No","Semi-Urban","Stormy","Low ",0,"N",5
38,"Drinks ",30,20,4.1,"motorcycle",0,"No","Urban","Sandstorms","Jam ",1,"N",10
16,"Meal ",33,17,4.8,"motorcycle",2,"No","Metropolitan","Windy","Low ",0,"N",5
32,"Buffet ",24,21,4.9,"motorcycle",0,"No","Urban","Sandstorms","High ",1,"N",10
37,"Meal ",21,15,4.8,"scooter",1,"No","Metropolitan","Fog","Jam ",1,"Y",10
31,"Drinks ",32,21,4.6,"motorcycle",0,"No","Metropolitan","Windy","Jam ",1,"N",15
25,"Buffet ",38,7,4.7,"motorcycle",1,"No","Metropolitan","Fog","High ",1,"N",15
17,"Buffet ",20,3,5,"electric_scooter",2,"No","Semi-Urban","Cloudy","Low ",0,"N",5
32,"Meal ",27,5,4.4,"scooter",1,"No","Metropolitan","Fog","Low ",1,"N",15
25,"Drinks ",31,16,4.7,"scooter",2,"No","Urban","Windy","Medium",0,"Y",15
18,"Meal ",36,23,4.5,"scooter",2,"No","Semi-Urban","Cloudy","Medium",1,"N",5
18,"Snack ",24,19,4.5,"motorcycle",1,"No","Metropolitan","Sunny","Jam ",1,"N",10
26,"Drinks ",36,22,4.6,"motorcycle",2,"No","Metropolitan","Stormy","Medium",1,"N",5
20,"Drinks ",23,2,4.7,"motorcycle",1,"No","Semi-Urban","Sunny","Medium",1,"N",5
15,"Buffet ",26,15,4.7,"motorcycle",2,"No","Urban","Stormy","High",0,"N",10
41,"Snack ",30,3,4.1,"electric_scooter",2,"No","Urban","Fog","Jam",2,"N",15
11,"Snack ",24,15,4.8,"electric_scooter",2,"No","Semi-Urban","Cloudy","Medium",0,"N",5
46,"Snack ",21,1,3.8,"motorcycle",0,"Yes","Urban","Sunny","Jam ",1,"N",10
10,"Snack ",28,21,4.8,"motorcycle",1,"No","Urban","Sandstorms","Low",0,"Y",15
17,"Meal ",33,17,4.6,"electric_scooter",2,"No","Urban","Cloudy","Low",0,"Y",10
43,"Meal ",31,22,4.9,"motorcycle",0,"No","Metropolitan","Fog","Low ",1,"N",5
40,"Snack ",29,2,4.1,"scooter",1,"No","Semi-Urban","Windy","Jam ",0,"N",10
27,"Meal ",34,2,4.8,"electric_scooter",2,"No","Semi-Urban","Windy","High ",1,"N",5
25,"Meal ",32,22,4.6,"motorcycle",0,"No","Urban","Stormy","High",1,"N",15
38,"Meal ",37,22,4.4,"scooter",0,"No","Metropolitan","Sandstorms","Medium",0,"N",10
33,"Drinks ",37,12,2.9,"scooter",2,"No","Metropolitan","Sunny","Low ",1,"N",10
24,"Buffet ",34,19,4.9,"motorcycle",1,"No","Urban","Sandstorms","Low",1,"N",10
22,"Meal ",34,19,4.7,"motorcycle",1,"No","Urban","Sunny","Low",1,"N",10
19,"Buffet ",20,15,5,"motorcycle",2,"No","Urban","Sunny","Medium",1,"N",15
22,"Drinks ",26,14,5,"motorcycle",2,"No","Metropolitan","Windy","Jam ",1,"N",15
40,"Snack ",33,11,4.7,"scooter",1,"No","Metropolitan","Cloudy","Jam ",1,"N",15
43,"Snack ",27,15,4.6,"motorcycle",1,"No","Metropolitan","Fog","Jam ",1,"Y",10
34,"Buffet ",32,13,4.6,"motorcycle",0,"No","Metropolitan","Fog","Medium",1,"N",15
24,"Meal ",36,3,4.9,"motorcycle",1,"No","Metropolitan","Sunny","Medium",1,"Y",15
29,"Snack ",20,16,4.9,"electric_scooter",2,"No","Urban","Cloudy","Jam",1,"N",15
25,"Snack ",38,21,4.8,"scooter",2,"No","Urban","Fog","High ",1,"Y",5
34,"Drinks ",22,3,4.1,"motorcycle",1,"No","Semi-Urban","Cloudy","Jam",1,"N",5
15,"Drinks ",22,23,4.9,"electric_scooter",2,"No","Metropolitan","Sunny","Medium",0,"N",15
40,"Meal ",32,3,4.6,"motorcycle",1,"No","Metropolitan","Fog","Medium",1,"Y",5
16,"Snack ",26,21,5,"scooter",2,"No","Metropolitan","Windy","Low ",0,"Y",15
21,"Meal ",37,23,4.8,"electric_scooter",1,"No","Metropolitan","Stormy","Medium",1,"N",10
15,"Buffet ",27,18,4.6,"scooter",1,"No","Urban","Stormy","Low",1,"N",15
18,"Drinks ",35,5,4.8,"electric_scooter",2,"No","Metropolitan","Cloudy","Medium",0,"N",5
27,"Drinks ",22,23,4.8,"scooter",0,"No","Urban","Windy","Jam ",1,"N",10
10,"Drinks ",38,23,4.7,"scooter",2,"No","Urban","Stormy","Low",1,"N",25
16,"Meal ",32,21,4.7,"motorcycle",2,"No","Metropolitan","Stormy","Jam ",1,"N",5
43,"Buffet ",25,21,4.6,"motorcycle",0,"No","Metropolitan","Fog","Medium",2,"N",10
32,"Buffet ",31,2,4.4,"motorcycle",2,"No","Metropolitan","Fog","High ",1,"N",5
38,"Meal ",20,3,4.2,"electric_scooter",2,"No","Metropolitan","Stormy","Medium",1,"N",5
20,"Drinks ",29,17,4.6,"motorcycle",2,"No","Urban","Stormy","Jam",0,"N",15
10,"Buffet ",20,5,4.5,"electric_scooter",2,"No","Urban","Sunny","Jam",0,"Y",10
13,"Drinks ",33,19,5,"scooter",1,"No","Urban","Stormy","Low",1,"N",10
18,"Drinks ",35,22,5,"motorcycle",1,"No","Metropolitan","Fog","Low ",1,"N",15
15,"Snack ",21,22,4.7,"motorcycle",1,"No","Urban","Sandstorms","Low",0,"N",10
39,"Meal ",23,13,4.5,"scooter",1,"No","Metropolitan","Stormy","Medium",0,"N",10
31,"Buffet ",38,2,4.2,"scooter",2,"No","Urban","Stormy","High",1,"Y",10
34,"Snack ",30,22,4.9,"motorcycle",1,"No","Urban","Fog","Jam ",1,"N",10
23,"Drinks ",21,18,4.9,"motorcycle",2,"No","Metropolitan","Windy","Medium",0,"N",5
15,"Buffet ",31,2,4.8,"scooter",2,"No","Semi-Urban","Stormy","Medium",0,"N",15
37,"Snack ",34,13,4.9,"motorcycle",2,"No","Metropolitan","Fog","Jam ",1,"Y",15
13,"Meal ",32,18,4.7,"electric_scooter",1,"No","Urban","Cloudy","Low",0,"Y",15
45,"Drinks ",22,18,4.7,"electric_scooter",1,"No","Urban","Cloudy","Jam",1,"N",15
27,"Snack ",25,14,4.7,"electric_scooter",2,"No","Metropolitan","Sandstorms","Low ",0,"Y",15
32,"Meal ",28,5,3.7,"motorcycle",1,"No","Metropolitan","Sandstorms","Jam ",1,"N",10
27,"Buffet ",25,1,4.5,"motorcycle",2,"No","Urban","Windy","High",0,"N",15
27,"Drinks ",36,3,4.7,"motorcycle",0,"No","Metropolitan","Cloudy","Medium",1,"N",15
30,"Meal ",24,19,4.9,"motorcycle",2,"No","Semi-Urban","Stormy","Jam ",1,"N",5
10,"Snack ",21,18,4.7,"motorcycle",1,"No","Urban","Sandstorms","Low ",1,"N",10
21,"Snack ",32,22,4.6,"electric_scooter",0,"No","Metropolitan","Sunny","Jam ",0,"N",10
36,"Meal ",29,19,4.3,"motorcycle",2,"No","Metropolitan","Cloudy","Low ",1,"N",5
31,"Drinks ",20,21,5,"motorcycle",1,"No","Metropolitan","Sandstorms","High ",1,"N",10
29,"Buffet ",32,4,4.9,"scooter",1,"No","Metropolitan","Stormy","Low ",1,"N",5
27,"Buffet ",27,14,4.7,"motorcycle",0,"No","Metropolitan","Sandstorms","Low ",1,"Y",5
21,"Snack ",38,19,4.7,"motorcycle",0,"No","Urban","Sunny","Medium",0,"N",10
42,"Drinks ",21,8,5,"motorcycle",0,"No","Metropolitan","Sandstorms","High ",1,"N",10
16,"Snack ",39,13,4.6,"electric_scooter",2,"No","Urban","Sandstorms","Medium",0,"N",15
25,"Drinks ",34,5,4.8,"electric_scooter",1,"No","Metropolitan","Windy","Jam ",0,"N",15
22,"Drinks ",26,3,4.1,"motorcycle",0,"No","Urban","Sandstorms","Low",1,"Y",5
18,"Drinks ",35,6,4.9,"motorcycle",0,"No","Metropolitan","Sandstorms","High ",1,"N",5
19,"Meal ",34,23,5,"electric_scooter",1,"No","Semi-Urban","Sunny","Jam ",0,"N",5
25,"Buffet ",34,8,5,"motorcycle",0,"No","Semi-Urban","Stormy","Medium",1,"N",10
33,"Snack ",22,3,3.9,"scooter",1,"No","Metropolitan","Windy","Medium",1,"N",15
17,"Meal ",23,19,4.5,"motorcycle",0,"No","Metropolitan","Sunny","Low ",0,"N",10
27,"Snack ",24,18,4.5,"scooter",0,"No","Semi-Urban","Fog","Low ",1,"N",5
23,"Meal ",27,12,4.8,"electric_scooter",2,"No","Semi-Urban","Windy","Medium",0,"Y",10
24,"Snack ",26,19,4.9,"electric_scooter",2,"No","Metropolitan","Sunny","Jam ",1,"Y",5
40,"Drinks ",28,16,4.8,"motorcycle",0,"No","Urban","Cloudy","Low",2,"N",15
40,"Buffet ",25,12,4.7,"motorcycle",0,"No","Urban","Fog","Jam ",1,"N",10
14,"Meal ",26,9,5,"motorcycle",0,"No","Semi-Urban","Windy","Medium",1,"N",10
28,"Buffet ",31,22,4.9,"motorcycle",0,"No","Urban","Sandstorms","Jam ",1,"Y",15
35,"Meal ",21,9,4.6,"motorcycle",0,"No","Metropolitan","Fog","Jam ",1,"N",5
20,"Meal ",28,19,4.8,"motorcycle",0,"No","Metropolitan","Cloudy","Low ",1,"N",15
13,"Buffet ",28,22,4.7,"electric_scooter",1,"No","Urban","Sandstorms","High ",1,"N",15
48,"Snack ",30,6,4.1,"scooter",2,"No","Metropolitan","Fog","Jam ",1,"N",5
22,"Meal ",28,9,4.7,"scooter",1,"No","Urban","Stormy","Jam ",1,"Y",5
13,"Snack ",27,18,4.7,"scooter",1,"No","Urban","Stormy","Low",0,"N",5
25,"Drinks ",20,17,4.6,"electric_scooter",2,"No","Metropolitan","Windy","Jam ",0,"N",15
41,"Buffet ",37,14,4.5,"scooter",1,"No","Semi-Urban","Windy","Jam ",2,"N",10
33,"Meal ",37,5,4,"electric_scooter",0,"No","Semi-Urban","Sandstorms","Medium",1,"Y",5
17,"Snack ",35,2,4.1,"motorcycle",0,"No","Metropolitan","Stormy","Low ",0,"N",5
22,"Meal ",22,14,5,"motorcycle",0,"No","Semi-Urban","Sunny","Jam ",1,"N",5
11,"Meal ",20,15,4.9,"electric_scooter",1,"No","Semi-Urban","Sunny","Jam ",0,"Y",5
17,"Buffet ",26,4,4.9,"electric_scooter",1,"No","Metropolitan","Sunny","Low ",0,"Y",15
49,"Snack ",38,20,4.1,"motorcycle",0,"No","Semi-Urban","Stormy","High ",2,"N",5
34,"Snack ",26,2,4.2,"scooter",0,"No","Urban","Windy","Low",1,"N",5
13,"Drinks ",32,15,4.8,"electric_scooter",1,"No","Urban","Windy","Low",0,"N",5
16,"Snack ",31,22,4.8,"electric_scooter",2,"No","Metropolitan","Cloudy","Low",1,"N",5
47,"Meal ",26,23,5,"scooter",2,"Yes","Urban","Cloudy","Jam ",2,"N",10
15,"Snack ",33,5,4.4,"motorcycle",0,"No","Urban","Sandstorms","Low",0,"N",5
28,"Buffet ",26,22,4.7,"motorcycle",1,"No","Urban","Windy","Jam ",0,"N",10
25,"Buffet ",23,23,4.5,"motorcycle",1,"No","Metropolitan","Windy","Low ",1,"N",5
25,"Meal ",20,1,4.5,"motorcycle",0,"No","Urban","Stormy","Jam",1,"N",15
29,"Snack ",37,23,4.5,"electric_scooter",2,"No","Metropolitan","Windy","Low ",0,"Y",15
53,"Snack ",21,9,4.6,"motorcycle",0,"No","Metropolitan","Fog","Jam ",1,"N",15
21,"Buffet ",21,21,4.6,"scooter",0,"No","Urban","Fog","Low",0,"N",5
23,"Buffet ",32,9,4.8,"electric_scooter",1,"No","Metropolitan","Sunny","Jam ",1,"N",10
12,"Meal ",30,17,4.6,"scooter",2,"No","Urban","Sandstorms","Low",0,"N",10
36,"Meal ",23,16,4.4,"motorcycle",0,"No","Metropolitan","Windy","Jam ",1,"N",5
15,"Meal ",29,18,4.5,"motorcycle",1,"No","Urban","Sandstorms","Low",0,"N",5
16,"Meal ",22,16,4.8,"scooter",1,"No","Semi-Urban","Sunny","Jam ",0,"Y",10
21,"Meal ",26,9,4.4,"motorcycle",0,"No","Semi-Urban","Windy","Low ",1,"Y",5
35,"Meal ",24,9,4.8,"motorcycle",0,"No","Urban","Sandstorms","Medium",1,"Y",10
24,"Snack ",23,15,4.7,"motorcycle",0,"No","Metropolitan","Sunny","Low ",0,"N",5
24,"Drinks ",34,15,4.6,"motorcycle",1,"No","Urban","Stormy","Low",1,"N",15
17,"Meal ",31,3,4.5,"scooter",2,"No","Urban","Sunny","High",0,"N",5
28,"Snack ",24,14,4.7,"motorcycle",0,"No","Urban","Fog","Low ",1,"N",15
11,"Meal ",34,15,4.6,"scooter",2,"No","Metropolitan","Stormy","Low ",0,"N",10
18,"Drinks ",39,22,4.6,"scooter",2,"No","Semi-Urban","Fog","Low ",0,"N",10
15,"Buffet ",21,21,4.8,"scooter",1,"No","Urban","Sunny","High",0,"Y",5
22,"Drinks ",21,15,4.9,"scooter",2,"No","Urban","Stormy","Medium",1,"N",5
26,"Buffet ",34,21,4.9,"motorcycle",0,"No","Metropolitan","Stormy","Jam ",0,"N",5
39,"Buffet ",23,5,4.4,"motorcycle",0,"No","Urban","Stormy","Jam ",1,"Y",15
27,"Meal ",27,9,4.5,"motorcycle",1,"No","Semi-Urban","Stormy","Jam ",1,"N",15
45,"Drinks ",32,13,4.8,"scooter",0,"Yes","Metropolitan","Cloudy","Jam ",2,"N",5
24,"Snack ",20,18,4.7,"scooter",1,"No","Metropolitan","Windy","Medium",1,"N",5
46,"Snack ",34,3,4.9,"motorcycle",0,"No","Semi-Urban","Sandstorms","Jam ",0,"N",10
32,"Snack ",30,3,4.2,"electric_scooter",1,"No","Urban","Cloudy","Medium",0,"Y",15
24,"Snack ",36,5,4.1,"motorcycle",0,"No","Metropolitan","Sandstorms","Low ",1,"N",15
19,"Buffet ",33,19,4.8,"motorcycle",0,"No","Metropolitan","Sunny","Low ",0,"Y",10
13,"Meal ",39,6,4.5,"scooter",1,"No","Urban","Stormy","Low",0,"Y",10
27,"Snack ",20,22,4.7,"motorcycle",1,"No","Metropolitan","Sunny","Jam ",0,"N",15
26,"Snack ",21,4,4.6,"scooter",2,"No","Metropolitan","Stormy","High ",1,"Y",10
34,"Meal ",24,3,4.8,"scooter",0,"No","Semi-Urban","Sandstorms","Jam ",1,"Y",10
19,"Drinks ",27,22,4.9,"motorcycle",0,"No","Metropolitan","Windy","Medium",1,"N",5
35,"Buffet ",29,6,4.3,"scooter",0,"No","Metropolitan","Windy","Jam ",1,"N",10
39,"Snack ",34,1,4.4,"electric_scooter",0,"No","Urban","Cloudy","Low ",0,"N",5
20,"Snack ",21,3,4.8,"electric_scooter",2,"No","Semi-Urban","Sandstorms","Low ",1,"N",15
28,"Buffet ",20,9,4.6,"electric_scooter",2,"No","Semi-Urban","Windy","Low ",0,"N",15
11,"Buffet ",39,5,4.7,"electric_scooter",1,"No","Metropolitan","Windy","Low ",0,"Y",15
14,"Snack ",31,18,4.7,"motorcycle",1,"No","Semi-Urban","Windy","High ",0,"N",15
38,"Snack ",24,11,4.4,"motorcycle",1,"No","Metropolitan","Sandstorms","Medium",1,"Y",10
19,"Snack ",37,4,4.9,"scooter",2,"No","Metropolitan","Sandstorms","Jam ",1,"N",15
23,"Drinks ",35,18,4.6,"scooter",1,"No","Metropolitan","Stormy","Low ",1,"N",5
29,"Drinks ",25,18,4.9,"motorcycle",1,"No","Urban","Sandstorms","Jam",1,"Y",5
26,"Drinks ",24,7,4.8,"scooter",2,"No","Metropolitan","Stormy","Medium",1,"N",15
24,"Buffet ",22,14,5,"scooter",2,"No","Metropolitan","Fog","Jam ",1,"Y",5
16,"Drinks ",32,16,4.7,"motorcycle",1,"No","Metropolitan","Stormy","Low ",1,"N",15
20,"Buffet ",36,21,4.6,"motorcycle",1,"No","Urban","Sunny","Jam ",1,"Y",15
25,"Buffet ",30,12,5,"motorcycle",1,"No","Metropolitan","Stormy","Jam ",1,"N",5
23,"Meal ",25,13,4.8,"electric_scooter",0,"No","Urban","Sandstorms","Medium",1,"N",10
15,"Meal ",35,21,4.6,"scooter",2,"No","Urban","Sandstorms","Low ",1,"Y",10
33,"Snack ",22,22,4.8,"motorcycle",0,"No","Metropolitan","Stormy","High ",0,"N",15
26,"Snack ",39,23,4.7,"scooter",1,"No","Urban","Sandstorms","Medium",0,"Y",15
16,"Drinks ",28,16,5,"motorcycle",1,"No","Urban","Windy","Low ",0,"N",15
42,"Buffet ",35,22,4.4,"motorcycle",0,"No","Urban","Cloudy","Low ",1,"Y",10
25,"Drinks ",32,23,4.6,"scooter",1,"No","Metropolitan","Cloudy","High ",0,"Y",15
33,"Drinks ",37,21,4.6,"electric_scooter",2,"No","Metropolitan","Windy","High ",1,"N",15
26,"Drinks ",23,17,4.7,"scooter",2,"No","Urban","Stormy","Medium",1,"N",10
39,"Buffet ",21,13,4.9,"electric_scooter",0,"No","Metropolitan","Stormy","Medium",1,"N",10
47,"Snack ",32,9,3.9,"motorcycle",0,"No","Metropolitan","Sunny","High ",2,"N",5
18,"Drinks ",38,22,4.6,"motorcycle",1,"No","Urban","Fog","Medium",0,"Y",15
30,"Snack ",34,14,4.7,"scooter",2,"No","Urban","Sandstorms","Jam ",1,"N",15
28,"Drinks ",25,23,4.9,"scooter",1,"No","Metropolitan","Sandstorms","Medium",1,"Y",10
31,"Meal ",26,19,5,"scooter",1,"No","Urban","Stormy","High",1,"N",15
35,"Buffet ",28,7,4.7,"scooter",0,"No","Urban","Fog","Jam ",1,"N",15
28,"Snack ",30,22,5,"motorcycle",0,"No","Metropolitan","Sandstorms","Jam ",0,"N",10
16,"Meal ",28,17,5,"motorcycle",2,"No","Metropolitan","Sunny","Low ",1,"Y",5
26,"Buffet ",33,23,4.8,"motorcycle",0,"No","Metropolitan","Fog","Jam",0,"N",10
20,"Drinks ",26,23,4.5,"scooter",2,"No","Urban","Fog","Low ",1,"N",5
17,"Meal ",39,1,4.5,"motorcycle",1,"No","Urban","Stormy","Low",1,"Y",10
16,"Drinks ",22,13,4.9,"motorcycle",1,"No","Urban","Fog","Low ",0,"N",5
20,"Snack ",36,21,4.8,"electric_scooter",2,"No","Metropolitan","Sandstorms","Medium",0,"N",5
30,"Drinks ",20,9,4.6,"scooter",1,"No","Urban","Sunny","Jam ",1,"Y",15
30,"Meal ",26,16,4.4,"motorcycle",0,"No","Metropolitan","Sunny","Low ",1,"N",15
14,"Snack ",35,22,4.7,"motorcycle",1,"No","Semi-Urban","Fog","Low ",0,"Y",20
23,"Snack ",21,9,4.6,"motorcycle",1,"No","Metropolitan","Windy","Low ",1,"N",10
16,"Buffet ",34,15,4.9,"scooter",2,"No","Metropolitan","Fog","Medium",0,"Y",15
12,"Meal ",22,15,4.9,"scooter",2,"No","Semi-Urban","Sandstorms","Low",0,"N",15
32,"Snack ",29,16,4.6,"motorcycle",1,"No","Urban","Cloudy","Medium",1,"Y",10
23,"Meal ",35,9,4.8,"motorcycle",1,"No","Metropolitan","Sandstorms","Medium",1,"N",10
28,"Meal ",24,21,4.7,"scooter",1,"No","Metropolitan","Sandstorms","Jam ",1,"Y",15
15,"Snack ",28,17,4.8,"motorcycle",0,"No","Urban","Stormy","Low",1,"N",15
35,"Drinks ",26,14,4.4,"electric_scooter",0,"No","Metropolitan","Sandstorms","Jam ",1,"N",5
47,"Snack ",35,23,5,"motorcycle",0,"No","Urban","Cloudy","Jam ",1,"N",10
20,"Meal ",30,17,4.9,"scooter",0,"No","Metropolitan","Sandstorms","Low ",0,"N",15
16,"Snack ",34,17,4.8,"motorcycle",1,"No","Urban","Stormy","Low",1,"Y",15
23,"Drinks ",33,23,4.6,"scooter",2,"No","Metropolitan","Windy","Jam ",0,"N",15
34,"Meal ",34,18,4.6,"scooter",1,"No","Urban","Stormy","High",1,"N",10
21,"Buffet ",36,13,4.7,"motorcycle",0,"No","Urban","Fog","Medium",0,"Y",15
11,"Drinks ",24,3,4.5,"motorcycle",2,"No","Metropolitan","Sunny","Medium",0,"N",5
11,"Snack ",36,18,4.9,"electric_scooter",2,"No","Urban","Sunny","Jam",0,"N",10
31,"Drinks ",20,9,4.1,"motorcycle",0,"No","Metropolitan","Stormy","Low ",1,"N",5
10,"Snack ",35,16,4.6,"motorcycle",1,"No","Urban","Stormy","Low",1,"N",5
39,"Meal ",23,9,4.6,"motorcycle",0,"No","Semi-Urban","Stormy","Jam ",1,"Y",5
22,"Meal ",27,13,4.8,"scooter",1,"No","Metropolitan","Windy","Jam ",0,"N",10
18,"Drinks ",24,18,4.7,"scooter",1,"No","Metropolitan","Sandstorms","High ",0,"Y",10
44,"Meal ",38,14,4.6,"scooter",2,"No","Urban","Cloudy","Jam ",1,"N",15
32,"Snack ",37,17,5,"motorcycle",0,"No","Metropolitan","Sandstorms","Medium",1,"Y",5
20,"Snack ",39,16,4.8,"scooter",2,"No","Metropolitan","Windy","High ",0,"N",15
29,"Drinks ",37,5,4.5,"motorcycle",0,"No","Urban","Sandstorms","Low",1,"N",10
34,"Drinks ",29,3,3.4,"motorcycle",0,"No","Urban","Sunny","Low ",0,"Y",10
38,"Snack ",24,10,3.8,"electric_scooter",2,"No","Metropolitan","Sandstorms","Jam ",2,"N",5
27,"Meal ",20,15,4.8,"motorcycle",0,"No","Urban","Fog","Jam",0,"N",5
20,"Snack ",33,9,4.8,"motorcycle",0,"No","Metropolitan","Sunny","High ",0,"Y",10
28,"Snack ",36,18,4.7,"scooter",2,"No","Urban","Cloudy","Medium",0,"N",15
17,"Snack ",31,9,4.8,"motorcycle",2,"No","Semi-Urban","Sunny","Low ",1,"N",5
28,"Drinks ",23,1,4.8,"scooter",2,"No","Semi-Urban","Sandstorms","Medium",0,"Y",10
35,"Snack ",38,1,4.3,"electric_scooter",2,"No","Metropolitan","Fog","Low ",1,"Y",15
19,"Buffet ",33,22,4.6,"electric_scooter",2,"No","Semi-Urban","Stormy","Medium",1,"N",10
27,"Snack ",32,19,4.8,"motorcycle",2,"No","Urban","Stormy","Medium",0,"N",15
18,"Snack ",20,9,4.8,"motorcycle",0,"No","Metropolitan","Cloudy","Low ",1,"Y",10
18,"Buffet ",24,15,4.8,"motorcycle",2,"No","Urban","Sandstorms","High",1,"N",5
32,"Buffet ",26,6,4.1,"motorcycle",0,"No","Metropolitan","Sandstorms","High ",1,"N",5
26,"Meal ",29,7,5,"scooter",1,"No","Metropolitan","Windy","Low ",1,"Y",15
24,"Drinks ",26,17,4.9,"electric_scooter",2,"No","Metropolitan","Windy","Jam ",1,"N",15
37,"Buffet ",21,9,4.2,"scooter",2,"No","Semi-Urban","Windy","Medium",1,"N",15
45,"Buffet ",30,9,4.7,"motorcycle",0,"No","Metropolitan","Cloudy","Jam ",1,"Y",10
32,"Snack ",33,9,4.5,"electric_scooter",2,"No","Metropolitan","Windy","Jam ",1,"N",5
37,"Meal ",21,1,4,"electric_scooter",2,"No","Semi-Urban","Cloudy","Jam",1,"Y",5
42,"Meal ",27,21,4.8,"motorcycle",0,"No","Metropolitan","Fog","Medium",1,"N",10
33,"Buffet ",28,13,4.4,"motorcycle",0,"No","Metropolitan","Cloudy","Medium",1,"N",5
23,"Meal ",22,17,4.7,"motorcycle",0,"No","Urban","Stormy","Low",1,"N",15
27,"Meal ",35,23,4.6,"scooter",1,"No","Urban","Sandstorms","Medium",0,"Y",15
16,"Buffet ",20,17,4.9,"scooter",1,"No","Urban","Fog","Low",1,"N",15
13,"Snack ",32,9,4.9,"electric_scooter",2,"No","Urban","Windy","Jam ",1,"N",5
18,"Snack ",27,16,5,"scooter",1,"No","Metropolitan","Windy","Jam ",1,"N",10
25,"Snack ",37,23,4.6,"motorcycle",2,"No","Metropolitan","Stormy","High ",1,"Y",5
18,"Snack ",33,14,4.7,"scooter",2,"No","Metropolitan","Fog","Medium",0,"N",10
16,"Buffet ",27,19,4.7,"scooter",1,"No","Urban","Sunny","Medium",1,"N",10
13,"Snack ",33,22,4.6,"electric_scooter",1,"No","Urban","Cloudy","Low",1,"N",5
35,"Drinks ",38,11,4.8,"scooter",1,"No","Metropolitan","Cloudy","Jam ",1,"N",5
36,"Snack ",28,13,4.1,"scooter",2,"No","Metropolitan","Fog","Low ",1,"Y",5
24,"Snack ",32,23,4.9,"scooter",1,"No","Semi-Urban","Stormy","Jam ",1,"Y",15
27,"Snack ",21,12,4.9,"motorcycle",0,"No","Metropolitan","Sunny","High ",0,"N",5
14,"Drinks ",35,16,4.8,"electric_scooter",2,"No","Urban","Sunny","Jam ",0,"Y",10
18,"Meal ",23,22,4.6,"electric_scooter",2,"No","Urban","Fog","Low",1,"N",10
20,"Meal ",24,13,4.9,"motorcycle",1,"No","Metropolitan","Sandstorms","Jam ",1,"Y",5
44,"Meal ",26,9,4.8,"scooter",0,"No","Urban","Fog","Jam ",1,"N",10
12,"Drinks ",26,17,4.5,"motorcycle",1,"No","Urban","Stormy","High",1,"N",10
20,"Snack ",31,17,4.8,"electric_scooter",2,"No","Semi-Urban","Windy","Medium",1,"N",5
22,"Meal ",33,15,4.6,"motorcycle",1,"No","Urban","Windy","Medium",1,"Y",5
36,"Buffet ",27,3,4.9,"motorcycle",0,"No","Semi-Urban","Stormy","Jam ",1,"N",15
21,"Meal ",20,21,4.6,"motorcycle",0,"No","Urban","Fog","Low ",1,"N",5
34,"Drinks ",39,18,3.8,"scooter",2,"No","Metropolitan","Fog","Jam ",1,"Y",5
22,"Buffet ",21,21,4.9,"scooter",0,"No","Metropolitan","Fog","Low ",0,"N",10
32,"Drinks ",33,4,4.9,"scooter",2,"No","Semi-Urban","Windy","Jam ",1,"Y",15
14,"Drinks ",24,6,4.5,"electric_scooter",2,"No","Urban","Sunny","High ",1,"Y",10
20,"Buffet ",26,13,4.8,"motorcycle",1,"No","Semi-Urban","Sandstorms","Low ",1,"Y",15
18,"Meal ",29,19,5,"scooter",1,"No","Urban","Fog","Low",0,"Y",15
20,"Drinks ",29,22,4.8,"scooter",2,"No","Semi-Urban","Stormy","Medium",0,"N",5
22,"Drinks ",30,15,4.8,"motorcycle",1,"No","Metropolitan","Sandstorms","Low ",1,"N",5
22,"Meal ",23,13,5,"scooter",0,"No","Metropolitan","Fog","Low ",0,"N",15
39,"Snack ",26,22,5,"electric_scooter",0,"No","Metropolitan","Fog","Low ",1,"N",15
33,"Snack ",24,4,4.2,"motorcycle",0,"No","Metropolitan","Windy","Low ",2,"Y",5
25,"Buffet ",25,18,4.8,"motorcycle",1,"No","Urban","Sandstorms","High ",1,"N",5
30,"Buffet ",28,3,4.8,"motorcycle",1,"No","Metropolitan","Windy","Medium",0,"N",15
35,"Meal ",32,5,4.9,"electric_scooter",2,"No","Semi-Urban","Fog","Jam ",1,"N",5
24,"Drinks ",23,21,5,"motorcycle",0,"No","Metropolitan","Fog","High ",0,"Y",5
31,"Meal ",31,8,3.9,"scooter",1,"No","Semi-Urban","Stormy","Low ",1,"N",10
32,"Buffet ",27,5,4.2,"motorcycle",1,"No","Metropolitan","Stormy","Jam ",1,"N",5
21,"Drinks ",25,12,4.8,"electric_scooter",0,"No","Metropolitan","Fog","Medium",0,"N",5
29,"Drinks ",24,16,4.9,"electric_scooter",0,"No","Metropolitan","Sandstorms","Jam ",1,"N",10
28,"Meal ",34,21,4.6,"motorcycle",0,"No","Metropolitan","Windy","Low ",1,"N",5
25,"Snack ",20,22,4.9,"motorcycle",2,"No","Urban","Stormy","Jam ",1,"N",10
33,"Meal ",37,18,5,"motorcycle",0,"No","Metropolitan","Sandstorms","High ",1,"N",15
23,"Drinks ",35,19,4.6,"motorcycle",0,"No","Metropolitan","Stormy","High ",1,"N",10
24,"Meal ",38,5,4.7,"motorcycle",0,"No","Metropolitan","Sandstorms","Medium",1,"N",15
27,"Snack ",24,9,4.9,"scooter",2,"No","Urban","Sunny","Low ",1,"N",10
21,"Meal ",38,13,4.9,"scooter",1,"No","Metropolitan","Windy","Medium",1,"N",5
34,"Drinks ",24,5,4.2,"scooter",1,"No","Metropolitan","Stormy","Medium",2,"Y",10
33,"Drinks ",21,2,4.4,"electric_scooter",0,"No","Metropolitan","Windy","Medium",1,"N",5
27,"Drinks ",27,5,4.5,"motorcycle",2,"No","Metropolitan","Fog","Jam",1,"N",5
16,"Meal ",37,21,4.4,"motorcycle",0,"No","Metropolitan","Sandstorms","Low ",1,"N",10
30,"Snack ",39,5,4.6,"motorcycle",1,"No","Metropolitan","Sandstorms","Medium",1,"N",5
31,"Buffet ",29,2,4.2,"scooter",1,"No","Metropolitan","Fog","Medium",0,"N",10
21,"Drinks ",28,16,4.8,"motorcycle",0,"No","Urban","Stormy","Medium",1,"Y",10
28,"Meal ",38,12,4.5,"motorcycle",0,"No","Urban","Sunny","Low ",0,"Y",30
26,"Meal ",24,18,4.9,"scooter",2,"No","Semi-Urban","Cloudy","Low ",1,"Y",10
16,"Drinks ",22,16,4.9,"scooter",2,"No","Semi-Urban","Cloudy","Medium",1,"N",5
25,"Snack ",39,6,4.8,"motorcycle",1,"No","Metropolitan","Fog","Low",1,"N",15
36,"Snack ",22,18,4.9,"motorcycle",1,"No","Metropolitan","Sunny","Medium",1,"Y",15
17,"Drinks ",32,14,4.7,"scooter",0,"No","Metropolitan","Fog","Low ",1,"Y",15
29,"Drinks ",36,15,5,"motorcycle",1,"No","Metropolitan","Stormy","Medium",1,"N",15
35,"Buffet ",32,2,4,"motorcycle",2,"No","Metropolitan","Cloudy","Jam ",1,"N",10
15,"Drinks ",26,18,4.8,"electric_scooter",2,"No","Metropolitan","Sunny","Low ",1,"Y",15
48,"Buffet ",38,3,4.2,"motorcycle",1,"Yes","Semi-Urban","Fog","Jam ",1,"N",5
25,"Meal ",27,23,4.9,"motorcycle",0,"No","Metropolitan","Fog","High ",0,"N",5
32,"Drinks ",33,12,5,"electric_scooter",2,"No","Metropolitan","Windy","Jam ",1,"N",10
23,"Snack ",39,17,4.3,"motorcycle",0,"No","Metropolitan","Sandstorms","Low ",0,"Y",10
17,"Meal ",30,9,4.6,"motorcycle",0,"No","Metropolitan","Sunny","Low ",1,"N",10
23,"Buffet ",24,16,4.6,"motorcycle",0,"No","Urban","Fog","High",0,"N",15
21,"Snack ",20,21,4.8,"electric_scooter",2,"No","Metropolitan","Sunny","Jam ",0,"N",10
17,"Drinks ",38,15,4.8,"electric_scooter",0,"No","Metropolitan","Cloudy","Low ",1,"N",15
15,"Buffet ",36,19,4.8,"electric_scooter",2,"No","Urban","Sandstorms","Medium",0,"N",15
25,"Meal ",38,9,4.4,"motorcycle",0,"No","Urban","Sandstorms","Low ",1,"N",25
18,"Drinks ",36,9,4.5,"scooter",2,"No","Metropolitan","Windy","High ",1,"Y",5
34,"Meal ",33,6,4.4,"motorcycle",0,"No","Metropolitan","Stormy","Medium",1,"N",5
32,"Buffet ",32,9,4.6,"scooter",1,"No","Metropolitan","Windy","Medium",1,"N",10
15,"Drinks ",39,16,5,"motorcycle",2,"No","Metropolitan","Sandstorms","Low ",1,"Y",15
24,"Drinks ",24,9,4.9,"motorcycle",0,"No","Metropolitan","Fog","Medium",1,"N",10
25,"Drinks ",28,4,4.7,"scooter",2,"No","Metropolitan","Sandstorms","Low ",0,"N",5
17,"Meal ",26,19,4.7,"motorcycle",1,"No","Urban","Fog","Low",0,"N",15
19,"Buffet ",39,19,4.9,"motorcycle",1,"No","Metropolitan","Sunny","Medium",1,"Y",15
26,"Drinks ",23,5,4.7,"electric_scooter",2,"No","Semi-Urban","Windy","Jam ",1,"N",15
38,"Meal ",34,17,4.9,"scooter",0,"No","Metropolitan","Fog","Low ",1,"Y",15
16,"Meal ",26,23,4.8,"scooter",0,"No","Urban","Sandstorms","Medium",1,"Y",10
15,"Buffet ",30,15,5,"scooter",2,"No","Urban","Stormy","Low",1,"N",20
13,"Drinks ",32,18,5,"scooter",2,"No","Urban","Fog","Medium",0,"N",10
40,"Snack ",31,17,4.1,"motorcycle",0,"Yes","Metropolitan","Cloudy","Low ",1,"N",10
26,"Meal ",36,12,4.8,"electric_scooter",1,"No","Metropolitan","Cloudy","Jam ",0,"N",15
35,"Drinks ",24,18,4.3,"scooter",1,"No","Metropolitan","Fog","Jam ",1,"Y",10
10,"Drinks ",32,6,4.8,"electric_scooter",1,"No","Metropolitan","Sunny","Low ",0,"N",15
25,"Snack ",36,23,4.9,"scooter",1,"No","Urban","Stormy","High",1,"Y",10
43,"Drinks ",22,4,4.7,"motorcycle",0,"No","Metropolitan","Sandstorms","Jam ",2,"N",10
18,"Meal ",26,12,4.8,"motorcycle",1,"No","Metropolitan","Windy","Low ",0,"N",15
19,"Drinks ",39,5,4.9,"electric_scooter",2,"No","Metropolitan","Cloudy","Medium",0,"N",10
19,"Buffet ",23,21,5,"motorcycle",2,"No","Urban","Stormy","Low",1,"N",10
42,"Buffet ",31,16,5,"electric_scooter",2,"No","Metropolitan","Cloudy","Jam ",0,"N",15
16,"Buffet ",37,22,4.5,"electric_scooter",2,"No","Urban","Sunny","Jam",1,"N",10
23,"Snack ",24,22,4.6,"motorcycle",2,"No","Urban","Sunny","High",1,"Y",5
33,"Meal ",28,12,4.9,"motorcycle",0,"No","Metropolitan","Sunny","Jam ",1,"Y",15
15,"Drinks ",39,2,4.6,"scooter",1,"No","Metropolitan","Stormy","Low ",1,"N",10
10,"Buffet ",27,23,5,"scooter",1,"No","Urban","Fog","Medium",0,"N",10
16,"Buffet ",23,14,4.7,"electric_scooter",1,"No","Metropolitan","Stormy","Jam ",1,"Y",10
22,"Buffet ",21,8,4.6,"motorcycle",0,"No","Metropolitan","Fog","Jam ",0,"N",15
28,"Drinks ",36,23,4.7,"motorcycle",2,"No","Metropolitan","Stormy","Jam ",1,"N",10
22,"Meal ",33,18,4.8,"electric_scooter",0,"No","Metropolitan","Fog","Low ",0,"N",10
30,"Meal ",32,16,4.8,"scooter",1,"No","Metropolitan","Fog","Jam ",0,"N",5
12,"Meal ",37,22,4.9,"motorcycle",2,"No","Metropolitan","Sunny","Low ",0,"N",10
24,"Snack ",27,21,4.7,"scooter",2,"No","Metropolitan","Sandstorms","Medium",1,"N",5
11,"Buffet ",34,16,4.9,"scooter",2,"No","Metropolitan","Sandstorms","Low ",0,"Y",10
34,"Drinks ",28,16,4.3,"scooter",2,"No","Urban","Sandstorms","Jam ",0,"Y",15
47,"Buffet ",30,5,4.1,"electric_scooter",2,"No","Metropolitan","Fog","Jam",1,"N",10
31,"Drinks ",38,22,4.9,"scooter",1,"No","Metropolitan","Fog","Medium",1,"N",10
34,"Buffet ",37,7,3.5,"motorcycle",1,"No","Metropolitan","Cloudy","Low ",1,"N",25
39,"Buffet ",32,5,4,"electric_scooter",2,"No","Metropolitan","Cloudy","High ",1,"N",5
46,"Meal ",27,1,4.7,"motorcycle",0,"No","Semi-Urban","Cloudy","Jam ",3,"N",15
26,"Meal ",38,3,4.5,"motorcycle",2,"No","Urban","Fog","Medium",0,"Y",10
15,"Drinks ",36,23,4.9,"electric_scooter",1,"No","Metropolitan","Cloudy","Medium",0,"N",5
25,"Drinks ",23,23,4.6,"scooter",0,"No","Metropolitan","Sandstorms","Low ",1,"N",5
22,"Buffet ",27,4,4.8,"electric_scooter",2,"No","Metropolitan","Sandstorms","Medium",1,"N",15
41,"Buffet ",27,12,4.4,"motorcycle",1,"No","Metropolitan","Fog","Jam ",2,"Y",10
18,"Buffet ",34,23,4.6,"scooter",2,"No","Metropolitan","Sunny","Low ",0,"N",10
17,"Meal ",20,19,4.7,"motorcycle",2,"No","Semi-Urban","Sandstorms","Jam",1,"Y",15
43,"Meal ",26,4,4.2,"scooter",1,"No","Urban","Fog","Jam ",1,"N",5
22,"Snack ",34,7,4.9,"motorcycle",2,"No","Metropolitan","Windy","Jam ",1,"N",10
42,"Snack ",37,12,4.8,"scooter",1,"No","Metropolitan","Cloudy","Jam ",1,"N",15
20,"Buffet ",21,22,4.9,"scooter",1,"No","Metropolitan","Stormy","Low ",0,"N",5
49,"Snack ",37,16,4.9,"motorcycle",0,"No","Metropolitan","Windy","Jam ",2,"N",10
20,"Buffet ",31,18,4.7,"electric_scooter",1,"No","Metropolitan","Sunny","Jam ",1,"Y",15
15,"Buffet ",25,23,5,"motorcycle",0,"No","Urban","Sunny","Medium",0,"N",15
17,"Snack ",26,3,4.9,"scooter",1,"No","Urban","Sandstorms","Low",0,"N",15
25,"Meal ",24,16,4.7,"motorcycle",1,"No","Urban","Windy","Medium",1,"N",5
18,"Buffet ",27,2,4.5,"motorcycle",1,"No","Urban","Windy","Low",0,"Y",10
25,"Drinks ",28,19,4.8,"electric_scooter",1,"No","Metropolitan","Sandstorms","Low ",0,"N",30
29,"Snack ",39,22,4.7,"motorcycle",0,"No","Urban","Stormy","Medium",1,"N",10
17,"Drinks ",32,21,4.7,"electric_scooter",2,"No","Metropolitan","Sunny","Medium",0,"N",5
23,"Drinks ",39,9,4.7,"scooter",2,"No","Urban","Sandstorms","Jam ",1,"N",5
54,"Buffet ",21,18,4.6,"motorcycle",0,"Yes","Urban","Stormy","Jam ",2,"Y",15
49,"Meal ",22,2,4.6,"electric_scooter",0,"No","Urban","Fog","Medium",0,"N",15
44,"Drinks ",23,4,5,"scooter",2,"No","Metropolitan","Fog","Jam ",1,"N",15
25,"Buffet ",23,19,4.5,"scooter",2,"No","Urban","Sunny","Low ",0,"N",10
17,"Drinks ",38,3,4.8,"scooter",2,"No","Metropolitan","Sandstorms","Low ",0,"N",5
22,"Buffet ",33,22,4.8,"scooter",1,"No","Metropolitan","Fog","Low ",0,"Y",5
17,"Meal ",38,16,4.5,"scooter",1,"No","Metropolitan","Sunny","Medium",1,"N",10
43,"Meal ",24,14,4.8,"motorcycle",0,"No","Metropolitan","Fog","Medium",2,"N",15
25,"Meal ",20,7,4.9,"motorcycle",1,"No","Metropolitan","Fog","Jam ",1,"N",10
35,"Snack ",23,23,5,"motorcycle",0,"No","Semi-Urban","Stormy","Jam ",1,"N",15
26,"Drinks ",32,13,4.7,"electric_scooter",2,"No","Metropolitan","Sunny","Low ",1,"N",15
27,"Drinks ",21,16,4.6,"electric_scooter",0,"No","Metropolitan","Windy","Medium",0,"N",10
47,"Meal ",22,9,4.3,"motorcycle",2,"No","Metropolitan","Cloudy","Jam ",1,"N",10
27,"Drinks ",35,23,4.8,"scooter",1,"No","Metropolitan","Windy","Low ",1,"N",5
33,"Meal ",24,2,4.2,"motorcycle",0,"No","Metropolitan","Sandstorms","Medium",0,"N",15
27,"Buffet ",21,5,4.7,"motorcycle",2,"No","Urban","Stormy","Jam ",0,"N",15
28,"Drinks ",37,18,4.9,"scooter",2,"No","Metropolitan","Windy","Jam ",0,"Y",10
30,"Meal ",38,16,4.9,"scooter",1,"No","Metropolitan","Sunny","Jam ",1,"Y",10
22,"Buffet ",26,22,4.5,"motorcycle",2,"No","Metropolitan","Sandstorms","Jam ",1,"N",15
19,"Buffet ",36,9,4.8,"scooter",1,"No","Semi-Urban","Windy","Low ",1,"N",15
26,"Drinks ",22,17,4.6,"scooter",2,"No","Metropolitan","Stormy","Low ",0,"N",5
37,"Snack ",22,6,4.4,"electric_scooter",2,"No","Metropolitan","Fog","Jam ",2,"N",10
33,"Meal ",32,5,4.2,"electric_scooter",1,"No","Urban","Fog","Medium",1,"Y",10
17,"Buffet ",20,19,4.8,"scooter",2,"No","Urban","Sunny","Low",1,"N",15
34,"Meal ",38,2,4.9,"scooter",1,"No","Urban","Cloudy","Medium",0,"N",15
37,"Meal ",21,2,3.8,"electric_scooter",1,"No","Urban","Windy","Jam ",1,"N",15
24,"Meal ",33,13,4.6,"electric_scooter",1,"No","Metropolitan","Sandstorms","Medium",0,"N",5
28,"Meal ",23,8,4.9,"scooter",1,"No","Metropolitan","Sandstorms","Medium",1,"Y",10
17,"Buffet ",37,12,4.5,"motorcycle",0,"No","Metropolitan","Windy","Medium",1,"N",15
20,"Buffet ",27,12,4.8,"electric_scooter",0,"No","Metropolitan","Cloudy","High ",0,"N",10
23,"Buffet ",32,19,4.6,"scooter",2,"No","Metropolitan","Sunny","Jam ",1,"N",15
40,"Buffet ",30,13,4.9,"motorcycle",0,"No","Metropolitan","Sandstorms","Jam ",1,"Y",5
41,"Drinks ",31,15,4.4,"motorcycle",0,"No","Metropolitan","Sandstorms","Jam ",0,"N",10
15,"Buffet ",20,16,4.9,"electric_scooter",1,"No","Metropolitan","Fog","Low ",0,"Y",5
11,"Buffet ",39,19,4.7,"scooter",1,"No","Metropolitan","Sandstorms","Low ",0,"N",5
41,"Snack ",36,23,4.9,"motorcycle",0,"No","Semi-Urban","Fog","Jam ",1,"N",5
38,"Snack ",22,4,3.7,"electric_scooter",1,"No","Metropolitan","Stormy","Jam ",2,"N",10
31,"Buffet ",25,18,4,"motorcycle",2,"No","Metropolitan","Fog","High ",0,"Y",10
37,"Snack ",28,3,4.1,"electric_scooter",0,"No","Metropolitan","Stormy","Jam ",1,"Y",5
26,"Snack ",32,19,5,"electric_scooter",0,"No","Semi-Urban","Windy","Medium",1,"N",10
30,"Drinks ",37,15,4.9,"motorcycle",0,"No","Urban","Sunny","Jam",1,"N",15
26,"Drinks ",32,19,4.8,"motorcycle",1,"No","Metropolitan","Stormy","Medium",1,"N",15
17,"Snack ",39,6,4.7,"motorcycle",2,"No","Urban","Stormy","Low ",1,"N",5
19,"Buffet ",26,9,4.7,"electric_scooter",1,"No","Metropolitan","Sunny","Jam ",0,"N",10
19,"Drinks ",20,5,4.1,"motorcycle",0,"No","Urban","Sandstorms","Low",0,"N",5
30,"Meal ",24,1,4.5,"scooter",0,"No","Metropolitan","Cloudy","High ",0,"Y",5
31,"Drinks ",26,7,4,"motorcycle",1,"No","Metropolitan","Stormy","Jam ",1,"N",10
31,"Drinks ",33,15,4.7,"motorcycle",0,"No","Urban","Windy","High",1,"N",5
31,"Meal ",25,15,4.1,"scooter",1,"No","Metropolitan","Fog","Medium",0,"N",15
36,"Drinks ",32,16,4.9,"motorcycle",0,"No","Metropolitan","Stormy","Medium",1,"N",5
43,"Snack ",34,3,4.3,"motorcycle",0,"No","Urban","Fog","Low ",0,"N",10
36,"Snack ",28,13,4.1,"scooter",1,"No","Metropolitan","Fog","Medium",1,"N",15
33,"Buffet ",25,3,5,"motorcycle",1,"No","Metropolitan","Cloudy","High ",1,"N",15
20,"Buffet ",33,19,4.7,"scooter",1,"No","Metropolitan","Windy","Low ",1,"N",5
10,"Snack ",22,19,4.6,"electric_scooter",2,"No","Urban","Cloudy","Low ",0,"Y",20
38,"Drinks ",38,15,3.2,"electric_scooter",1,"No","Metropolitan","Sunny","Low ",1,"N",15
20,"Buffet ",35,23,4.1,"scooter",0,"No","Metropolitan","Stormy","Low ",0,"N",15
34,"Meal ",30,15,4.6,"motorcycle",1,"No","Metropolitan","Fog","Jam ",1,"N",10
48,"Drinks ",38,11,4.1,"motorcycle",0,"No","Metropolitan","Stormy","Medium",2,"Y",5
34,"Drinks ",33,13,4.6,"electric_scooter",2,"No","Semi-Urban","Fog","Medium",1,"Y",10
17,"Drinks ",27,19,4.6,"scooter",1,"No","Urban","Stormy","Medium",0,"N",10
22,"Meal ",23,8,4.9,"electric_scooter",2,"No","Urban","Stormy","Medium",1,"N",10
45,"Buffet ",22,8,5,"motorcycle",0,"No","Semi-Urban","Fog","Jam ",1,"N",5
15,"Buffet ",29,6,4.6,"electric_scooter",2,"No","Urban","Windy","Medium",0,"N",5
20,"Meal ",39,12,4.6,"motorcycle",1,"No","Metropolitan","Sandstorms","Jam ",0,"Y",5
25,"Drinks ",30,17,4.6,"scooter",1,"No","Metropolitan","Stormy","High ",1,"N",15
20,"Meal ",22,17,4.9,"motorcycle",0,"No","Metropolitan","Sunny","Low ",1,"N",10
33,"Buffet ",29,13,4,"motorcycle",2,"No","Metropolitan","Stormy","Jam ",2,"N",5
13,"Snack ",25,15,4.7,"scooter",0,"No","Urban","Sandstorms","Medium",0,"N",10
40,"Buffet ",34,3,4.2,"scooter",1,"No","Metropolitan","Fog","Jam ",0,"N",15
17,"Meal ",20,14,4.6,"electric_scooter",1,"No","Metropolitan","Sunny","Medium",0,"N",15
47,"Meal ",33,21,4.6,"motorcycle",0,"Yes","Metropolitan","Windy","Jam ",3,"N",10
17,"Snack ",23,12,4.8,"scooter",2,"No","Metropolitan","Stormy","Jam ",0,"N",10
22,"Meal ",21,18,4.8,"scooter",1,"No","Metropolitan","Sandstorms","Low ",1,"N",15
23,"Buffet ",33,23,4.7,"electric_scooter",2,"No","Urban","Sunny","High",1,"N",15
39,"Drinks ",23,19,4.8,"motorcycle",0,"No","Metropolitan","Sandstorms","Jam ",2,"Y",10
20,"Snack ",23,21,4.3,"motorcycle",0,"No","Metropolitan","Windy","Low ",1,"Y",15
19,"Meal ",33,4,4.5,"electric_scooter",2,"No","Urban","Fog","Medium",0,"N",5
33,"Meal ",28,21,4.3,"electric_scooter",0,"No","Metropolitan","Sunny","High ",2,"N",10
21,"Snack ",37,19,4.6,"motorcycle",2,"No","Metropolitan","Sunny","Medium",1,"N",5
27,"Drinks ",38,7,4.7,"scooter",2,"No","Metropolitan","Fog","Medium",1,"N",15
16,"Buffet ",34,18,4.9,"scooter",2,"No","Urban","Stormy","Jam",0,"Y",5
15,"Drinks ",23,15,4.6,"motorcycle",0,"No","Urban","Stormy","Low",0,"N",5
41,"Snack ",31,5,4.2,"motorcycle",1,"No","Metropolitan","Fog","Jam ",1,"N",10
22,"Meal ",27,18,4.7,"motorcycle",0,"No","Metropolitan","Sunny","Jam ",1,"N",10
29,"Drinks ",21,14,4.9,"motorcycle",1,"No","Metropolitan","Stormy","High ",1,"N",15
38,"Meal ",20,6,4.3,"motorcycle",0,"No","Urban","Fog","Low",2,"Y",30
17,"Snack ",21,22,4.9,"scooter",2,"No","Urban","Stormy","Medium",0,"N",10
15,"Snack ",32,17,4.7,"motorcycle",2,"No","Urban","Sunny","Medium",0,"N",10
13,"Buffet ",27,19,4.6,"electric_scooter",1,"No","Metropolitan","Sandstorms","High ",1,"N",15
26,"Meal ",21,17,4.9,"scooter",1,"No","Metropolitan","Windy","Jam",1,"N",15
22,"Buffet ",22,9,4.9,"motorcycle",2,"No","Semi-Urban","Cloudy","Low ",0,"N",10
21,"Snack ",31,17,4.6,"electric_scooter",2,"No","Metropolitan","Cloudy","Jam ",0,"N",15
27,"Snack ",34,3,4.8,"motorcycle",1,"No","Urban","Sandstorms","Medium",1,"N",15
40,"Snack ",23,4,4.3,"motorcycle",1,"No","Urban","Stormy","Jam",1,"Y",10
19,"Drinks ",33,18,4.8,"motorcycle",1,"No","Urban","Sunny","Medium",1,"N",5
10,"Drinks ",35,6,4.5,"motorcycle",1,"No","Urban","Sunny","Jam",0,"N",5
22,"Snack ",36,18,4.6,"motorcycle",1,"No","Metropolitan","Sandstorms","Low ",1,"N",10
27,"Meal ",29,4,4.5,"motorcycle",0,"No","Metropolitan","Sandstorms","Jam ",1,"N",5
26,"Buffet ",24,13,4.6,"scooter",0,"No","Metropolitan","Sunny","Low ",1,"N",5
27,"Drinks ",31,9,4.6,"motorcycle",1,"No","Metropolitan","Cloudy","Jam ",0,"Y",10
32,"Drinks ",23,2,4.1,"electric_scooter",1,"No","Urban","Windy","Medium",1,"N",10
14,"Drinks ",37,22,4.6,"scooter",2,"No","Metropolitan","Windy","Jam ",0,"N",15
19,"Drinks ",35,16,4.9,"electric_scooter",2,"No","Semi-Urban","Sandstorms","Low ",1,"Y",10
11,"Snack ",31,23,4.9,"scooter",1,"No","Urban","Sunny","Low ",0,"Y",15
24,"Snack ",33,16,4.9,"scooter",1,"No","Metropolitan","Windy","Low ",0,"N",10
12,"Snack ",32,23,4.7,"scooter",1,"No","Metropolitan","Sunny","Jam ",0,"N",15
34,"Drinks ",24,9,4,"scooter",2,"No","Metropolitan","Cloudy","Jam ",1,"N",5
29,"Buffet ",39,17,4.8,"scooter",1,"No","Metropolitan","Sunny","Low ",1,"N",5
31,"Snack ",20,7,4,"electric_scooter",1,"No","Metropolitan","Sandstorms","Medium",0,"N",15
35,"Buffet ",35,22,4.3,"motorcycle",2,"No","Urban","Stormy","Jam",1,"N",5
16,"Buffet ",28,9,4.7,"scooter",2,"No","Metropolitan","Windy","Jam ",0,"N",15
30,"Snack ",25,4,4.9,"scooter",2,"No","Metropolitan","Stormy","Jam ",1,"N",10
20,"Drinks ",22,5,4.8,"scooter",1,"No","Semi-Urban","Sunny","Jam ",1,"N",10
25,"Drinks ",20,9,4.8,"scooter",0,"No","Metropolitan","Windy","Jam ",1,"N",15
35,"Drinks ",27,17,4.8,"motorcycle",0,"No","Urban","Fog","Medium",1,"Y",10
16,"Meal ",24,15,4.8,"scooter",1,"No","Metropolitan","Stormy","Jam ",0,"N",10
25,"Drinks ",30,13,4.9,"motorcycle",1,"No","Metropolitan","Stormy","Medium",1,"N",10
21,"Meal ",38,14,4.8,"motorcycle",0,"No","Metropolitan","Fog","Low ",1,"N",10
25,"Snack ",38,19,4.8,"scooter",1,"No","Metropolitan","Sandstorms","Medium",0,"Y",10
34,"Buffet ",39,12,4.8,"motorcycle",0,"No","Metropolitan","Cloudy","Jam ",1,"N",15
26,"Meal ",33,9,4.6,"motorcycle",0,"No","Semi-Urban","Windy","Medium",1,"N",5
22,"Snack ",23,21,4.6,"motorcycle",0,"No","Metropolitan","Stormy","High ",0,"Y",5
24,"Snack ",24,15,4.9,"motorcycle",0,"No","Metropolitan","Stormy","Jam ",1,"N",10
23,"Snack ",27,23,4.7,"motorcycle",1,"No","Metropolitan","Cloudy","Jam ",1,"N",15
34,"Buffet ",35,3,4.9,"motorcycle",0,"No","Semi-Urban","Stormy","Medium",1,"N",15
19,"Drinks ",23,21,4.5,"motorcycle",0,"No","Metropolitan","Sandstorms","Low ",1,"N",10
18,"Meal ",35,18,4.9,"electric_scooter",1,"No","Urban","Sunny","Low",1,"N",5
14,"Drinks ",38,17,4.7,"electric_scooter",2,"No","Urban","Sunny","Low",0,"N",15
48,"Drinks ",36,15,4.6,"motorcycle",0,"No","Semi-Urban","Fog","Medium",0,"Y",10
30,"Meal ",28,3,4.8,"motorcycle",1,"No","Metropolitan","Windy","High ",1,"N",10
29,"Buffet ",36,11,4.1,"scooter",0,"No","Metropolitan","Stormy","Low ",1,"N",10
49,"Snack ",27,15,4.8,"motorcycle",0,"Yes","Semi-Urban","Fog","Jam",1,"N",10
32,"Meal ",36,9,4.3,"scooter",2,"No","Metropolitan","Windy","High ",0,"Y",10
22,"Meal ",38,23,4.9,"motorcycle",0,"No","Urban","Windy","Low",0,"N",15
39,"Meal ",37,9,5,"motorcycle",2,"No","Metropolitan","Cloudy","Medium",1,"Y",10
23,"Meal ",22,19,4.6,"scooter",0,"No","Metropolitan","Windy","Jam ",0,"Y",15
23,"Meal ",35,3,4.5,"motorcycle",2,"No","Metropolitan","Stormy","High ",1,"N",10
11,"Snack ",24,22,5,"scooter",2,"No","Urban","Sunny","Medium",1,"N",15
31,"Snack ",22,11,4.3,"motorcycle",0,"No","Semi-Urban","Windy","Medium",1,"N",10
22,"Snack ",20,23,4.4,"motorcycle",0,"No","Metropolitan","Windy","Low ",1,"N",15
18,"Buffet ",26,7,4.6,"motorcycle",0,"No","Metropolitan","Sunny","Low ",1,"N",20
39,"Snack ",29,4,3.7,"scooter",1,"No","Metropolitan","Sandstorms","Jam ",1,"N",5
28,"Buffet ",37,19,4.8,"electric_scooter",0,"No","Urban","Sunny","Medium",0,"N",15
12,"Buffet ",24,13,4.9,"scooter",2,"No","Metropolitan","Sunny","Medium",0,"N",5
18,"Meal ",20,18,4.7,"scooter",2,"No","Metropolitan","Windy","Jam ",1,"N",5
16,"Meal ",32,21,4.8,"scooter",1,"No","Urban","Sunny","Low ",0,"N",25
27,"Meal ",31,17,4.6,"motorcycle",1,"No","Urban","Fog","High ",1,"N",15
46,"Buffet ",31,3,4.2,"scooter",1,"No","Semi-Urban","Cloudy","Jam ",1,"Y",5
24,"Snack ",21,3,4.5,"motorcycle",0,"No","Metropolitan","Sandstorms","Low ",1,"N",5
24,"Snack ",33,21,4.5,"scooter",1,"No","Semi-Urban","Windy","Jam ",1,"N",10
10,"Snack ",35,23,4.5,"motorcycle",1,"No","Metropolitan","Sunny","Medium",1,"N",10
20,"Buffet ",37,6,5,"electric_scooter",2,"No","Metropolitan","Windy","Medium",1,"N",5
27,"Snack ",26,9,4.7,"scooter",1,"No","Metropolitan","Windy","High ",1,"N",5
25,"Snack ",35,15,4.8,"motorcycle",1,"No","Urban","Stormy","Low",1,"N",10
15,"Buffet ",23,15,4.8,"scooter",1,"No","Urban","Sunny","Low",1,"N",15
37,"Buffet ",21,13,4.4,"scooter",0,"No","Metropolitan","Fog","Low ",0,"N",5
27,"Drinks ",26,14,4.9,"motorcycle",1,"No","Metropolitan","Fog","Low ",1,"N",10
18,"Snack ",30,6,4.5,"motorcycle",1,"No","Urban","Sandstorms","Low",0,"N",10
15,"Snack ",21,16,4.7,"motorcycle",1,"No","Urban","Stormy","Jam",1,"N",5
49,"Drinks ",25,23,4.8,"motorcycle",0,"No","Metropolitan","Cloudy","Medium",1,"Y",10
15,"Meal ",39,21,4.9,"scooter",2,"No","Metropolitan","Fog","Low ",1,"N",15
20,"Meal ",28,19,4.8,"motorcycle",0,"No","Metropolitan","Sunny","Jam ",1,"N",5
24,"Drinks ",20,19,4.8,"motorcycle",0,"No","Semi-Urban","Fog","Low ",1,"Y",10
31,"Drinks ",26,3,3.2,"motorcycle",0,"No","Metropolitan","Sunny","Low ",1,"N",30
22,"Buffet ",26,6,4.1,"electric_scooter",0,"No","Semi-Urban","Sandstorms","Low",1,"Y",15
30,"Buffet ",21,19,4.7,"electric_scooter",1,"No","Urban","Cloudy","Medium",1,"Y",10
29,"Drinks ",25,5,4.5,"motorcycle",1,"No","Urban","Sandstorms","High ",1,"N",5
28,"Buffet ",28,23,4.6,"motorcycle",1,"No","Metropolitan","Sandstorms","Medium",1,"N",15
26,"Snack ",23,15,4.7,"electric_scooter",0,"No","Urban","Windy","Low ",1,"Y",20
13,"Snack ",24,23,4.8,"motorcycle",1,"No","Urban","Windy","Low ",0,"N",10
46,"Meal ",33,3,4.4,"motorcycle",0,"No","Metropolitan","Sunny","High ",2,"N",10
29,"Meal ",34,13,4.8,"electric_scooter",1,"No","Urban","Windy","Medium",0,"N",15
12,"Meal ",39,18,4.8,"motorcycle",1,"No","Metropolitan","Sunny","Low ",1,"Y",15
26,"Drinks ",33,23,4.9,"electric_scooter",1,"No","Metropolitan","Sunny","Medium",1,"N",10
28,"Meal ",24,18,4.8,"scooter",1,"No","Metropolitan","Sunny","Medium",1,"N",5
27,"Meal ",31,7,4.6,"motorcycle",0,"No","Metropolitan","Windy","Low ",1,"N",15
39,"Drinks ",35,23,4.6,"motorcycle",0,"No","Metropolitan","Fog","Medium",0,"N",15
26,"Meal ",31,22,4.7,"scooter",1,"No","Metropolitan","Fog","Low ",1,"N",5
29,"Buffet ",27,18,5,"motorcycle",1,"No","Semi-Urban","Sunny","Low",0,"N",15
20,"Buffet ",22,17,4.6,"motorcycle",1,"No","Metropolitan","Stormy","Jam ",1,"N",10
29,"Buffet ",31,4,4.9,"electric_scooter",1,"No","Metropolitan","Stormy","Medium",1,"N",10
31,"Meal ",33,13,4.9,"electric_scooter",0,"No","Metropolitan","Fog","Medium",0,"N",5
42,"Meal ",23,2,4.2,"motorcycle",0,"No","Urban","Windy","Jam ",1,"N",15
14,"Buffet ",38,14,4.6,"electric_scooter",1,"No","Metropolitan","Sunny","Medium",0,"N",5
16,"Buffet ",38,1,4.9,"motorcycle",1,"No","Metropolitan","Windy","Low ",0,"N",15
21,"Meal ",25,14,4.8,"electric_scooter",0,"No","Metropolitan","Stormy","Medium",1,"N",10
29,"Drinks ",25,1,4.8,"scooter",2,"No","Metropolitan","Stormy","High ",1,"Y",15
26,"Drinks ",22,21,4.3,"motorcycle",0,"No","Urban","Sandstorms","Low",1,"N",15
22,"Buffet ",20,16,4.7,"electric_scooter",2,"No","Urban","Stormy","High",0,"N",15
17,"Drinks ",21,22,4.6,"motorcycle",2,"No","Semi-Urban","Windy","Medium",1,"N",5
16,"Meal ",32,23,4.5,"motorcycle",1,"No","Urban","Sunny","Jam ",0,"N",15
28,"Buffet ",28,12,4.7,"motorcycle",1,"No","Metropolitan","Windy","Jam ",1,"N",15
33,"Snack ",39,18,4.6,"electric_scooter",2,"No","Metropolitan","Cloudy","Jam ",0,"N",5
10,"Buffet ",38,2,4.6,"motorcycle",1,"No","Urban","Stormy","Low ",0,"N",5
16,"Snack ",28,6,4.8,"scooter",1,"No","Metropolitan","Sunny","Low ",1,"N",5
28,"Meal ",23,13,4.6,"scooter",1,"No","Semi-Urban","Fog","Jam ",1,"N",10
28,"Snack ",21,17,4.7,"scooter",1,"No","Metropolitan","Sunny","Jam ",1,"N",5
28,"Drinks ",31,13,4.8,"motorcycle",2,"No","Metropolitan","Stormy","Low ",0,"N",10
27,"Drinks ",27,9,5,"scooter",1,"No","Metropolitan","Sandstorms","Low ",1,"N",25
30,"Drinks ",38,21,4.6,"motorcycle",1,"No","Metropolitan","Stormy","High ",0,"N",15
48,"Buffet ",24,11,4.8,"motorcycle",1,"No","Metropolitan","Fog","Jam ",0,"N",15
17,"Drinks ",20,19,4.7,"motorcycle",2,"No","Semi-Urban","Sunny","Jam ",0,"N",15
16,"Drinks ",24,4,4.8,"motorcycle",1,"No","Urban","Fog","Low",0,"N",5
33,"Snack ",22,6,4.3,"motorcycle",2,"No","Urban","Sandstorms","Medium",0,"Y",5
19,"Drinks ",38,23,4.9,"scooter",2,"No","Semi-Urban","Sandstorms","Jam ",0,"Y",5
39,"Drinks ",25,11,3.6,"scooter",1,"No","Metropolitan","Windy","Medium",1,"N",5
34,"Meal ",37,18,4.3,"electric_scooter",2,"No","Metropolitan","Cloudy","Jam ",1,"N",5
15,"Snack ",33,17,5,"electric_scooter",2,"No","Metropolitan","Sunny","Medium",0,"Y",5
37,"Drinks ",37,19,4.2,"scooter",2,"No","Urban","Stormy","Jam",1,"N",15
29,"Drinks ",20,13,5,"motorcycle",2,"No","Metropolitan","Sandstorms","Jam ",1,"Y",10
27,"Buffet ",23,7,4.7,"scooter",2,"No","Metropolitan","Cloudy","Low ",0,"Y",5
13,"Buffet ",34,6,4.9,"electric_scooter",2,"No","Semi-Urban","Stormy","Medium",1,"N",5
30,"Snack ",38,4,4,"scooter",0,"No","Semi-Urban","Stormy","Low ",0,"N",5
29,"Buffet ",35,17,4.7,"electric_scooter",0,"No","Urban","Sunny","Medium",0,"N",10
11,"Buffet ",25,16,4.9,"scooter",2,"No","Urban","Cloudy","Medium",0,"Y",15
24,"Snack ",35,22,4.9,"electric_scooter",0,"No","Metropolitan","Sunny","Jam ",1,"N",5
10,"Drinks ",26,22,5,"scooter",2,"No","Urban","Stormy","High",0,"N",5
16,"Snack ",27,19,4.9,"scooter",1,"No","Metropolitan","Stormy","Low ",0,"Y",5
17,"Buffet ",28,2,4.9,"scooter",1,"No","Metropolitan","Windy","Medium",0,"N",5
15,"Buffet ",36,19,4.8,"electric_scooter",2,"No","Urban","Sandstorms","Medium",0,"N",15
28,"Snack ",25,19,4.8,"scooter",0,"No","Metropolitan","Stormy","Medium",1,"Y",15
26,"Buffet ",31,23,5,"motorcycle",2,"No","Metropolitan","Windy","Medium",1,"N",10
27,"Snack ",26,9,4.1,"motorcycle",0,"No","Semi-Urban","Sandstorms","Low ",0,"Y",15
22,"Buffet ",23,18,4.6,"motorcycle",1,"No","Urban","Sandstorms","Medium",1,"N",15
49,"Drinks ",33,16,4.9,"scooter",0,"Yes","Metropolitan","Sunny","Jam ",2,"N",10
18,"Meal ",23,23,4.6,"scooter",1,"No","Metropolitan","Sunny","Medium",1,"N",15
28,"Meal ",20,23,4.9,"scooter",1,"No","Metropolitan","Sandstorms","Low ",1,"N",10
14,"Snack ",33,17,5,"scooter",1,"No","Urban","Cloudy","Low",0,"N",15
30,"Drinks ",27,19,4.8,"motorcycle",1,"No","Metropolitan","Fog","Jam ",1,"N",10
30,"Buffet ",36,17,4.9,"electric_scooter",1,"No","Urban","Fog","Jam",1,"Y",5
16,"Snack ",36,16,4.6,"scooter",2,"No","Metropolitan","Sunny","High ",0,"Y",15
17,"Drinks ",31,21,4.9,"motorcycle",1,"No","Urban","Stormy","Low",0,"Y",15
17,"Meal ",28,21,4.9,"motorcycle",2,"No","Semi-Urban","Stormy","Low ",1,"Y",10
50,"Snack ",23,15,4.9,"electric_scooter",0,"Yes","Urban","Windy","Jam ",0,"N",15
40,"Buffet ",33,9,4.3,"motorcycle",1,"No","Urban","Windy","Jam ",2,"N",5
28,"Buffet ",21,19,5,"electric_scooter",2,"No","Semi-Urban","Sandstorms","Medium",1,"N",5
37,"Drinks ",39,9,4.7,"scooter",1,"No","Semi-Urban","Fog","High ",1,"N",5
29,"Buffet ",20,19,4.6,"scooter",2,"No","Urban","Stormy","Medium",1,"N",15
16,"Meal ",26,23,4.8,"motorcycle",0,"No","Metropolitan","Fog","Low ",1,"Y",5
26,"Drinks ",26,8,4.8,"motorcycle",1,"No","Metropolitan","Stormy","Jam ",1,"N",10
34,"Snack ",21,3,3.6,"scooter",1,"No","Urban","Stormy","Jam",1,"N",10
18,"Buffet ",20,22,4.7,"scooter",1,"No","Semi-Urban","Windy","Low",1,"N",10
18,"Buffet ",35,17,4.8,"electric_scooter",2,"No","Metropolitan","Stormy","Low ",1,"N",10
20,"Drinks ",36,8,4.1,"motorcycle",0,"No","Metropolitan","Sandstorms","Low ",1,"N",10
16,"Meal ",33,22,4.6,"motorcycle",2,"No","Metropolitan","Sunny","Low ",1,"N",15
28,"Buffet ",28,23,4.6,"scooter",2,"No","Metropolitan","Stormy","High",1,"N",15
27,"Meal ",35,4,5,"scooter",2,"No","Metropolitan","Stormy","Jam ",0,"N",5
28,"Drinks ",28,14,4.8,"electric_scooter",1,"No","Metropolitan","Cloudy","High ",1,"N",5
11,"Drinks ",35,16,4.9,"motorcycle",1,"No","Urban","Sandstorms","Low",0,"Y",15
28,"Snack ",34,22,4.7,"motorcycle",0,"No","Urban","Fog","Low",1,"Y",15
37,"Buffet ",20,17,4.3,"scooter",1,"No","Urban","Fog","Jam",0,"N",15
20,"Meal ",35,21,4.6,"electric_scooter",2,"No","Semi-Urban","Sandstorms","Low ",1,"N",15
15,"Buffet ",31,2,4.8,"scooter",2,"No","Semi-Urban","Stormy","Medium",0,"N",15
19,"Snack ",33,15,4.4,"motorcycle",0,"No","Metropolitan","Sunny","Low ",1,"N",5
27,"Buffet ",32,16,4.5,"motorcycle",0,"No","Urban","Sandstorms","Low",1,"N",5
27,"Buffet ",23,9,4.9,"motorcycle",2,"No","Metropolitan","Fog","Jam ",1,"N",5
34,"Drinks ",25,9,4.2,"motorcycle",0,"No","Metropolitan","Fog","Jam ",2,"Y",5
35,"Buffet ",36,13,4.1,"scooter",1,"No","Metropolitan","Cloudy","Low ",1,"Y",5
36,"Snack ",34,9,4.8,"scooter",0,"No","Metropolitan","Stormy","Medium",2,"N",15
28,"Snack ",21,21,4.8,"motorcycle",0,"No","Semi-Urban","Sunny","Medium",1,"Y",10
23,"Snack ",38,21,4.7,"electric_scooter",2,"No","Metropolitan","Windy","High ",0,"N",10
16,"Buffet ",39,5,5,"motorcycle",1,"No","Urban","Stormy","Low ",0,"Y",15
38,"Drinks ",25,4,5,"motorcycle",1,"No","Semi-Urban","Cloudy","Medium",1,"N",15
42,"Meal ",29,2,4.4,"motorcycle",2,"No","Semi-Urban","Cloudy","Medium",1,"N",15
44,"Meal ",20,15,4.9,"motorcycle",2,"Yes","Semi-Urban","Sunny","Jam ",1,"N",5
19,"Buffet ",36,19,5,"scooter",2,"No","Semi-Urban","Windy","Low ",1,"N",30
39,"Drinks ",34,2,4,"motorcycle",0,"No","Metropolitan","Sandstorms","Medium",1,"N",10
22,"Drinks ",20,3,4.7,"motorcycle",0,"No","Urban","Fog","Low",1,"N",5
27,"Meal ",23,17,4.8,"scooter",2,"No","Urban","Windy","High",1,"N",5
10,"Drinks ",23,23,4.8,"scooter",1,"No","Metropolitan","Sunny","Medium",0,"Y",15
17,"Buffet ",20,2,4.1,"scooter",0,"No","Urban","Windy","Low",1,"Y",15
20,"Snack ",33,12,4.9,"electric_scooter",0,"No","Metropolitan","Fog","Low ",1,"N",10
28,"Meal ",30,5,4.9,"electric_scooter",2,"No","Semi-Urban","Sandstorms","Jam ",1,"Y",15
33,"Meal ",32,1,3.5,"scooter",2,"No","Metropolitan","Sandstorms","Medium",1,"N",5
27,"Snack ",37,19,4.6,"scooter",2,"No","Metropolitan","Sandstorms","Low ",1,"Y",15
24,"Buffet ",30,2,4.6,"scooter",2,"No","Metropolitan","Sandstorms","Low ",0,"N",5
39,"Meal ",25,3,4.2,"motorcycle",2,"Yes","Metropolitan","Fog","Medium",1,"N",10
13,"Meal ",25,21,4.6,"scooter",2,"No","Metropolitan","Windy","Jam ",1,"Y",5
34,"Snack ",22,16,4.1,"motorcycle",0,"No","Metropolitan","Stormy","Low ",1,"N",15
17,"Buffet ",27,5,4.5,"motorcycle",2,"No","Metropolitan","Windy","Jam ",1,"N",5
37,"Meal ",25,17,4.3,"scooter",2,"No","Metropolitan","Fog","High ",1,"N",15
20,"Meal ",25,22,4.7,"electric_scooter",2,"No","Urban","Stormy","Low",1,"Y",15
20,"Snack ",33,4,5,"motorcycle",0,"No","Metropolitan","Sunny","Low ",1,"Y",15
12,"Meal ",26,1,4.8,"scooter",1,"No","Metropolitan","Cloudy","Medium",0,"N",10
29,"Buffet ",36,2,4.9,"motorcycle",0,"No","Metropolitan","Stormy","Medium",1,"N",10
20,"Buffet ",31,3,4.9,"scooter",1,"No","Metropolitan","Sunny","High ",0,"N",15
26,"Meal ",21,17,5,"electric_scooter",1,"No","Urban","Windy","Medium",1,"Y",15
15,"Meal ",25,4,4.6,"motorcycle",1,"No","Metropolitan","Sunny","Medium",0,"N",15
32,"Buffet ",32,2,4.3,"motorcycle",0,"No","Urban","Windy","Low",1,"N",5
17,"Drinks ",24,9,4.2,"motorcycle",0,"No","Metropolitan","Stormy","Low ",0,"N",5
18,"Buffet ",39,3,4.9,"motorcycle",0,"No","Urban","Stormy","Low",1,"N",15
38,"Snack ",24,9,4.6,"scooter",2,"No","Semi-Urban","Cloudy","Medium",2,"Y",10
29,"Snack ",35,4,4.1,"motorcycle",0,"No","Metropolitan","Stormy","Low ",1,"N",10
24,"Drinks ",29,23,4.6,"motorcycle",1,"No","Urban","Sandstorms","Medium",1,"N",5
36,"Buffet ",34,23,4.9,"motorcycle",2,"No","Semi-Urban","Fog","High ",1,"N",10
34,"Meal ",34,6,4.1,"motorcycle",0,"No","Metropolitan","Stormy","Medium",0,"N",15
36,"Meal ",24,6,4.9,"electric_scooter",2,"No","Urban","Fog","Medium",1,"Y",5
28,"Meal ",24,23,4.7,"motorcycle",1,"No","Metropolitan","Windy","Low ",1,"Y",10
49,"Drinks ",25,23,4.8,"motorcycle",0,"No","Metropolitan","Cloudy","Medium",1,"Y",10
30,"Meal ",38,7,4.7,"motorcycle",0,"No","Metropolitan","Windy","Medium",1,"N",5
11,"Snack ",36,15,4.7,"motorcycle",2,"No","Metropolitan","Sunny","Jam ",0,"N",5
34,"Snack ",35,13,4.8,"electric_scooter",0,"No","Metropolitan","Stormy","Medium",2,"Y",10
42,"Meal ",33,19,4.9,"motorcycle",0,"Yes","Semi-Urban","Cloudy","Jam ",2,"N",10
24,"Buffet ",20,14,4.2,"motorcycle",0,"No","Metropolitan","Windy","Low ",1,"N",15
33,"Meal ",21,22,4.3,"scooter",1,"No","Semi-Urban","Cloudy","High",1,"N",15
31,"Buffet ",37,4,4.3,"scooter",2,"No","Urban","Sandstorms","Medium",0,"N",5
37,"Meal ",35,4,4.3,"scooter",1,"No","Semi-Urban","Cloudy","Jam ",2,"N",15
26,"Snack ",36,22,4.3,"motorcycle",0,"No","Semi-Urban","Stormy","Low ",1,"N",15
26,"Meal ",23,5,4.6,"motorcycle",0,"No","Semi-Urban","Stormy","Jam ",0,"N",15
27,"Drinks ",21,1,5,"electric_scooter",2,"No","Metropolitan","Windy","Jam ",1,"N",10
23,"Meal ",38,12,4.3,"motorcycle",0,"No","Metropolitan","Windy","Low ",0,"Y",5
21,"Meal ",37,18,4.8,"motorcycle",0,"No","Semi-Urban","Sunny","Low ",0,"N",5
21,"Snack ",21,15,4.8,"motorcycle",2,"No","Metropolitan","Sandstorms","Jam ",1,"N",10
32,"Meal ",20,1,4.2,"scooter",2,"No","Metropolitan","Cloudy","Medium",0,"Y",5
30,"Drinks ",29,14,4.8,"motorcycle",0,"No","Urban","Windy","Medium",1,"N",5
41,"Drinks ",22,3,4.8,"motorcycle",1,"No","Metropolitan","Cloudy","Jam ",1,"N",5
46,"Meal ",29,4,4.2,"motorcycle",1,"No","Semi-Urban","Stormy","Jam ",2,"N",5
16,"Buffet ",39,19,4.5,"scooter",2,"No","Semi-Urban","Stormy","Low ",0,"N",10
39,"Meal ",36,12,4.6,"electric_scooter",0,"No","Metropolitan","Windy","Jam ",1,"N",5
25,"Snack ",26,22,4.9,"electric_scooter",2,"No","Urban","Sandstorms","Medium",0,"N",10
12,"Meal ",26,17,4.6,"electric_scooter",2,"No","Urban","Stormy","Low ",0,"N",10
33,"Drinks ",33,17,4.1,"motorcycle",0,"No","Metropolitan","Windy","Low ",1,"Y",15
16,"Meal ",31,12,4.7,"motorcycle",1,"No","Metropolitan","Sunny","High ",1,"N",15
16,"Snack ",29,17,4.6,"motorcycle",0,"No","Urban","Windy","Low",1,"N",5
29,"Snack ",38,4,4,"motorcycle",0,"No","Semi-Urban","Windy","Low ",1,"N",5
49,"Drinks ",37,22,4.8,"motorcycle",0,"No","Metropolitan","Windy","Medium",3,"N",10
23,"Buffet ",37,12,4.8,"motorcycle",0,"No","Urban","Stormy","Low ",0,"Y",25
38,"Drinks ",24,7,4.1,"motorcycle",0,"No","Semi-Urban","Sandstorms","Medium",0,"Y",15
25,"Drinks ",23,23,4.7,"scooter",2,"No","Semi-Urban","Windy","Medium",1,"N",15
16,"Buffet ",23,15,4.5,"motorcycle",0,"No","Metropolitan","Windy","High ",0,"Y",15
18,"Snack ",28,13,5,"electric_scooter",2,"No","Semi-Urban","Cloudy","Low ",0,"Y",5
29,"Meal ",33,8,4.7,"scooter",2,"No","Metropolitan","Sunny","Low ",1,"N",20
22,"Buffet ",20,12,4.8,"motorcycle",0,"No","Metropolitan","Sunny","High ",0,"N",15
37,"Buffet ",32,23,4,"motorcycle",0,"No","Metropolitan","Sandstorms","Jam",1,"N",5
19,"Buffet ",27,17,4.8,"scooter",1,"No","Metropolitan","Cloudy","Low ",0,"N",25
19,"Buffet ",34,21,4.6,"scooter",2,"No","Metropolitan","Fog","Medium",1,"N",5
10,"Drinks ",38,19,4.8,"scooter",2,"No","Metropolitan","Windy","Low ",0,"Y",15
24,"Drinks ",28,23,4.6,"scooter",2,"No","Metropolitan","Stormy","Jam ",0,"N",5
17,"Buffet ",36,14,5,"motorcycle",1,"No","Metropolitan","Stormy","High ",0,"N",15
34,"Meal ",39,18,4.7,"motorcycle",1,"No","Semi-Urban","Cloudy","Medium",2,"Y",10
18,"Buffet ",36,23,4.6,"motorcycle",2,"No","Metropolitan","Cloudy","Medium",0,"N",15
24,"Snack ",27,15,4.6,"scooter",0,"No","Metropolitan","Sandstorms","Low ",1,"Y",25
40,"Meal ",28,16,4.9,"motorcycle",1,"No","Urban","Cloudy","Medium",1,"Y",10
28,"Meal ",31,23,4.9,"motorcycle",1,"No","Metropolitan","Windy","Low ",1,"N",15
15,"Snack ",27,18,4.7,"motorcycle",2,"No","Urban","Fog","Low ",0,"N",5
26,"Snack ",28,19,4.8,"motorcycle",1,"No","Urban","Stormy","High",1,"N",5
44,"Buffet ",38,22,4.9,"motorcycle",0,"No","Semi-Urban","Fog","Jam ",2,"N",10
20,"Buffet ",22,16,4.8,"scooter",2,"No","Urban","Sunny","Jam",1,"N",10
25,"Snack ",20,22,4.6,"motorcycle",0,"No","Semi-Urban","Fog","High ",0,"N",10
12,"Buffet ",36,19,4.8,"electric_scooter",2,"No","Metropolitan","Sunny","Low ",1,"N",5
19,"Meal ",27,14,4.7,"motorcycle",1,"No","Urban","Cloudy","Low ",0,"Y",5
20,"Snack ",29,3,4.2,"motorcycle",0,"No","Metropolitan","Windy","Low ",1,"Y",10
37,"Buffet ",27,1,5,"motorcycle",0,"No","Metropolitan","Cloudy","Jam ",2,"N",15
38,"Drinks ",20,5,4.7,"motorcycle",0,"No","Metropolitan","Stormy","Jam ",2,"N",15
30,"Snack ",35,9,4.7,"electric_scooter",1,"No","Metropolitan","Fog","Jam ",1,"Y",10
17,"Meal ",28,19,4.9,"motorcycle",0,"No","Semi-Urban","Fog","Low",1,"N",15
30,"Meal ",39,3,4.6,"electric_scooter",2,"No","Metropolitan","Windy","Jam ",1,"Y",5
16,"Buffet ",21,22,4.8,"electric_scooter",2,"No","Metropolitan","Fog","Medium",1,"Y",10
27,"Meal ",36,3,5,"electric_scooter",2,"No","Semi-Urban","Stormy","Low ",1,"Y",10
21,"Snack ",32,21,4.7,"scooter",1,"No","Urban","Sandstorms","Low",0,"N",10
17,"Snack ",33,17,4.6,"electric_scooter",2,"No","Semi-Urban","Sandstorms","Low",1,"N",10
45,"Drinks ",34,23,4.7,"motorcycle",0,"Yes","Semi-Urban","Cloudy","Jam ",3,"N",10
47,"Buffet ",22,15,4.7,"motorcycle",0,"No","Urban","Fog","Jam ",1,"Y",5
38,"Drinks ",22,3,4.1,"electric_scooter",2,"No","Metropolitan","Sandstorms","Medium",1,"N",15
19,"Drinks ",22,5,5,"scooter",2,"No","Urban","Fog","Low ",0,"N",30
21,"Buffet ",32,12,4.8,"scooter",0,"No","Metropolitan","Cloudy","Low ",1,"N",15
11,"Snack ",34,23,4.8,"electric_scooter",2,"No","Urban","Stormy","Low",0,"N",5
17,"Snack ",27,18,4.4,"motorcycle",0,"No","Metropolitan","Stormy","Low ",0,"Y",5
42,"Meal ",37,6,4.2,"motorcycle",2,"No","Urban","Fog","Medium",1,"Y",5
40,"Drinks ",35,8,3.5,"scooter",2,"No","Metropolitan","Stormy","Jam ",2,"Y",10
22,"Drinks ",28,14,4.7,"scooter",2,"No","Semi-Urban","Sunny","Low ",0,"N",15
10,"Snack ",21,22,4.7,"scooter",2,"No","Urban","Cloudy","Low",0,"N",15
27,"Buffet ",31,18,4.7,"motorcycle",0,"No","Semi-Urban","Sandstorms","High ",1,"N",5
16,"Buffet ",38,18,4.9,"scooter",0,"No","Metropolitan","Sandstorms","Jam ",0,"N",15
44,"Drinks ",23,5,4.3,"electric_scooter",0,"No","Urban","Sunny","Jam",1,"Y",15
44,"Drinks ",31,13,4.5,"motorcycle",0,"No","Metropolitan","Fog","Jam ",2,"Y",5
37,"Drinks ",36,14,4.2,"scooter",0,"No","Urban","Sandstorms","Medium",1,"N",5
22,"Snack ",22,18,4.8,"motorcycle",2,"No","Metropolitan","Fog","Jam ",1,"N",5
15,"Snack ",33,18,4.9,"motorcycle",1,"No","Metropolitan","Sunny","Low ",0,"N",5
33,"Meal ",23,7,4,"electric_scooter",0,"No","Metropolitan","Sunny","Jam ",1,"N",15
27,"Meal ",22,4,4.5,"motorcycle",0,"No","Urban","Stormy","Low",1,"Y",15
36,"Snack ",32,3,3.2,"scooter",2,"No","Semi-Urban","Sunny","Low",1,"N",10
34,"Meal ",23,22,4.7,"scooter",2,"No","Metropolitan","Stormy","High ",1,"Y",15
46,"Drinks ",30,13,4.6,"electric_scooter",0,"No","Metropolitan","Fog","Jam ",2,"N",10
48,"Drinks ",30,14,5,"motorcycle",1,"No","Metropolitan","Cloudy","Jam ",3,"N",5
17,"Buffet ",27,14,5,"motorcycle",1,"No","Semi-Urban","Cloudy","Low ",1,"N",5
27,"Buffet ",38,13,4.6,"motorcycle",0,"No","Urban","Windy","Medium",0,"Y",15
15,"Drinks ",34,16,4.8,"motorcycle",2,"No","Metropolitan","Fog","Low ",0,"N",15
42,"Buffet ",35,18,4.9,"motorcycle",0,"Yes","Urban","Cloudy","Medium",0,"Y",15
10,"Meal ",39,16,4.9,"scooter",2,"No","Metropolitan","Fog","Low ",1,"Y",10
38,"Meal ",30,1,3.8,"scooter",1,"No","Semi-Urban","Stormy","Jam ",1,"Y",15
17,"Drinks ",24,22,4.8,"motorcycle",1,"No","Urban","Sunny","Low",1,"N",10
27,"Buffet ",32,9,4.9,"electric_scooter",1,"No","Metropolitan","Stormy","Low ",1,"N",15
39,"Snack ",28,5,4.8,"motorcycle",0,"No","Urban","Windy","Jam ",2,"N",5
18,"Snack ",34,23,4.5,"scooter",1,"No","Metropolitan","Sandstorms","Jam ",1,"N",15
19,"Buffet ",29,1,4.7,"scooter",1,"No","Urban","Cloudy","Low",1,"N",15
32,"Meal ",37,17,4.6,"scooter",2,"No","Semi-Urban","Fog","Jam ",1,"N",15
12,"Drinks ",37,16,4.9,"electric_scooter",2,"No","Urban","Stormy","Low",0,"N",10
37,"Meal ",20,7,4.6,"electric_scooter",1,"No","Metropolitan","Fog","Medium",1,"N",5
40,"Drinks ",26,18,4.9,"electric_scooter",2,"No","Urban","Fog","Jam ",2,"Y",5
11,"Meal ",24,18,4.6,"scooter",2,"No","Metropolitan","Fog","Low ",0,"N",10
30,"Buffet ",38,1,4.2,"scooter",0,"No","Urban","Stormy","Low",1,"N",10
25,"Buffet ",38,13,4.8,"motorcycle",0,"No","Metropolitan","Fog","Medium",1,"N",5
36,"Buffet ",28,3,3.9,"motorcycle",1,"No","Urban","Windy","Jam",1,"N",15
28,"Meal ",25,23,4.6,"motorcycle",0,"No","Metropolitan","Fog","Jam ",1,"N",15
32,"Drinks ",30,2,5,"scooter",2,"No","Semi-Urban","Stormy","High ",1,"N",5
39,"Buffet ",25,3,4.6,"motorcycle",0,"No","Semi-Urban","Cloudy","Medium",1,"N",10
31,"Buffet ",39,18,4.8,"scooter",2,"No","Metropolitan","Stormy","Jam ",1,"Y",5
18,"Buffet ",28,23,4.6,"motorcycle",1,"No","Urban","Stormy","Low",1,"N",10
34,"Drinks ",21,21,5,"motorcycle",2,"No","Metropolitan","Cloudy","Jam ",1,"N",10
22,"Buffet ",24,19,4.6,"scooter",1,"No","Semi-Urban","Fog","High ",1,"Y",5
33,"Buffet ",23,7,4.3,"motorcycle",1,"No","Semi-Urban","Fog","Jam ",1,"N",10
39,"Meal ",28,4,4.2,"electric_scooter",2,"No","Urban","Fog","Low",1,"N",15
38,"Buffet ",34,13,4.9,"scooter",1,"No","Metropolitan","Fog","Medium",0,"N",10
25,"Snack ",20,22,4.9,"motorcycle",1,"No","Metropolitan","Windy","Medium",1,"N",10
19,"Drinks ",33,23,4.3,"scooter",0,"No","Metropolitan","Sandstorms","Low ",1,"Y",5
32,"Snack ",20,2,4.2,"motorcycle",0,"No","Semi-Urban","Sunny","Jam ",1,"N",10
17,"Snack ",38,15,4.8,"motorcycle",0,"No","Metropolitan","Sunny","Jam",0,"N",10
23,"Drinks ",29,22,4.9,"scooter",1,"No","Metropolitan","Stormy","Low ",1,"N",15
25,"Meal ",37,12,4.8,"electric_scooter",1,"No","Metropolitan","Stormy","Low ",1,"N",5
24,"Drinks ",24,9,4.9,"motorcycle",0,"No","Metropolitan","Fog","Medium",1,"N",10
22,"Drinks ",22,2,4.5,"motorcycle",1,"No","Metropolitan","Sandstorms","Jam ",1,"N",10
18,"Drinks ",31,3,4.9,"electric_scooter",2,"No","Metropolitan","Stormy","Low ",1,"N",30
17,"Meal ",25,19,4.7,"scooter",2,"No","Metropolitan","Fog","Medium",0,"Y",5
20,"Buffet ",36,13,4.9,"motorcycle",1,"No","Metropolitan","Stormy","Low ",1,"Y",15
32,"Drinks ",22,6,4.1,"motorcycle",0,"No","Metropolitan","Windy","Medium",1,"N",15
26,"Buffet ",35,15,4.9,"motorcycle",2,"No","Metropolitan","Sandstorms","Medium",1,"N",15
26,"Buffet ",33,22,4.6,"electric_scooter",2,"No","Urban","Windy","Medium",1,"N",15
26,"Snack ",22,2,4.8,"scooter",1,"No","Urban","Sandstorms","Medium",0,"N",10
36,"Snack ",26,6,4.1,"scooter",1,"No","Urban","Stormy","Jam",1,"N",5
37,"Drinks ",35,19,4.8,"electric_scooter",1,"No","Urban","Cloudy","Jam",2,"Y",15
11,"Meal ",21,15,4.8,"motorcycle",2,"No","Urban","Sunny","Medium",0,"Y",15
32,"Snack ",30,5,5,"electric_scooter",2,"No","Semi-Urban","Fog","Medium",0,"N",5
24,"Buffet ",31,19,4.7,"electric_scooter",2,"No","Semi-Urban","Sunny","Jam ",0,"Y",5
19,"Drinks ",28,9,5,"electric_scooter",2,"No","Metropolitan","Fog","Medium",0,"N",5
24,"Drinks ",36,21,4.8,"electric_scooter",2,"No","Semi-Urban","Cloudy","Jam ",0,"N",15
34,"Buffet ",32,3,4,"scooter",1,"No","Semi-Urban","Stormy","Jam ",1,"N",5
24,"Snack ",30,18,4.7,"motorcycle",1,"No","Urban","Sunny","Medium",1,"N",5
20,"Meal ",21,13,4.7,"scooter",2,"No","Metropolitan","Fog","High ",0,"N",10
21,"Drinks ",35,22,4.6,"scooter",1,"No","Urban","Stormy","Low",0,"N",10
34,"Snack ",26,13,4.1,"motorcycle",0,"No","Metropolitan","Stormy","Medium",1,"N",5
24,"Snack ",24,18,4.7,"motorcycle",0,"No","Metropolitan","Sandstorms","High ",1,"Y",15
26,"Buffet ",36,1,4.7,"motorcycle",0,"No","Urban","Cloudy","Low",1,"N",15
22,"Buffet ",20,6,4.6,"scooter",1,"No","Semi-Urban","Stormy","Medium",1,"N",15
10,"Meal ",28,15,4.9,"motorcycle",1,"No","Metropolitan","Sunny","Jam",0,"N",15
22,"Meal ",22,21,4.8,"scooter",0,"No","Metropolitan","Cloudy","Low ",0,"N",5
31,"Meal ",22,4,4.8,"scooter",1,"No","Urban","Sandstorms","Jam",1,"N",15
26,"Snack ",27,17,4.8,"scooter",1,"No","Metropolitan","Sunny","Low ",1,"N",5
18,"Buffet ",32,12,5,"scooter",2,"No","Metropolitan","Sunny","Medium",1,"N",5
10,"Meal ",28,2,4.7,"scooter",1,"No","Semi-Urban","Fog","Low ",0,"N",5
18,"Meal ",37,7,4.8,"scooter",2,"No","Urban","Stormy","Low ",1,"N",25
30,"Snack ",26,9,4.1,"electric_scooter",0,"No","Metropolitan","Windy","Low ",0,"N",5
21,"Snack ",29,18,4.7,"scooter",2,"No","Urban","Windy","Low ",1,"N",15
25,"Drinks ",23,21,4.6,"motorcycle",1,"No","Urban","Windy","Jam ",1,"N",15
33,"Buffet ",28,7,4.2,"motorcycle",1,"No","Metropolitan","Cloudy","Jam ",1,"Y",10
43,"Drinks ",24,14,4.9,"scooter",2,"No","Metropolitan","Fog","Jam ",1,"N",15
34,"Drinks ",28,3,4.1,"scooter",1,"No","Urban","Sunny","Jam ",1,"N",5
25,"Snack ",35,22,5,"motorcycle",0,"No","Urban","Sandstorms","Low",0,"N",5
21,"Meal ",33,7,4.6,"motorcycle",0,"No","Metropolitan","Windy","Medium",0,"N",10
10,"Meal ",22,19,4.7,"motorcycle",1,"No","Urban","Fog","Medium",0,"N",5
23,"Meal ",34,17,4.5,"scooter",1,"No","Semi-Urban","Sandstorms","Medium",0,"N",5
39,"Meal ",21,5,4.1,"motorcycle",2,"No","Urban","Fog","Jam",1,"Y",10
39,"Meal ",20,23,4.6,"motorcycle",0,"No","Metropolitan","Stormy","Jam ",1,"Y",15
28,"Snack ",24,19,4.9,"scooter",1,"No","Semi-Urban","Sunny","Jam ",1,"Y",5
20,"Snack ",26,15,4.6,"scooter",2,"No","Semi-Urban","Stormy","Low ",0,"N",15
24,"Meal ",36,16,4.5,"motorcycle",1,"No","Urban","Sunny","Medium",1,"Y",5
39,"Snack ",36,18,4.3,"motorcycle",1,"No","Metropolitan","Fog","Jam ",0,"Y",5
26,"Snack ",39,16,4.6,"electric_scooter",1,"No","Semi-Urban","Stormy","Jam",1,"N",5
12,"Snack ",29,15,4.6,"scooter",2,"No","Metropolitan","Stormy","High ",1,"N",10
26,"Snack ",21,4,4.6,"scooter",2,"No","Metropolitan","Stormy","High ",1,"Y",10
42,"Buffet ",33,2,4.8,"motorcycle",0,"No","Metropolitan","Fog","Medium",1,"N",15
22,"Drinks ",20,12,4.5,"motorcycle",0,"No","Urban","Fog","Low ",1,"Y",10
35,"Snack ",27,23,4.4,"scooter",2,"No","Metropolitan","Sandstorms","Jam ",1,"N",5
28,"Drinks ",23,17,4.9,"scooter",2,"No","Metropolitan","Windy","High ",0,"N",10
38,"Buffet ",36,21,4.9,"motorcycle",0,"No","Metropolitan","Fog","Jam ",2,"N",15
32,"Drinks ",29,14,4.7,"motorcycle",2,"No","Metropolitan","Sunny","Medium",1,"N",5
18,"Buffet ",38,19,4.8,"motorcycle",1,"No","Metropolitan","Sunny","Medium",1,"N",10
36,"Drinks ",39,19,4.7,"motorcycle",1,"No","Metropolitan","Fog","Jam ",2,"Y",15
15,"Drinks ",28,19,4.8,"scooter",2,"No","Urban","Sunny","Low",1,"N",10
22,"Snack ",28,22,4.5,"scooter",2,"No","Semi-Urban","Windy","Jam ",0,"N",15
15,"Buffet ",22,22,4.8,"electric_scooter",0,"No","Metropolitan","Windy","Low ",0,"N",5
15,"Meal ",39,12,4.8,"motorcycle",1,"No","Metropolitan","Sunny","Medium",0,"N",15
31,"Buffet ",20,15,5,"motorcycle",0,"No","Semi-Urban","Cloudy","Medium",0,"Y",15
29,"Drinks ",32,22,5,"scooter",1,"No","Semi-Urban","Sandstorms","Jam",1,"N",5
11,"Drinks ",20,18,5,"scooter",1,"No","Urban","Sandstorms","Low ",0,"N",5
16,"Meal ",35,18,4.8,"electric_scooter",2,"No","Metropolitan","Fog","Medium",0,"N",15
30,"Drinks ",25,14,4.6,"motorcycle",0,"No","Urban","Windy","Medium",1,"N",10
20,"Meal ",29,19,4.8,"motorcycle",2,"No","Metropolitan","Windy","Low ",1,"Y",10
49,"Buffet ",33,22,4.9,"electric_scooter",0,"No","Semi-Urban","Fog","Jam ",1,"N",10
22,"Buffet ",23,9,4.7,"scooter",1,"No","Metropolitan","Sandstorms","High ",0,"Y",5
38,"Drinks ",21,18,4.6,"motorcycle",0,"No","Semi-Urban","Stormy","Jam",1,"Y",15
27,"Snack ",39,4,4.8,"scooter",2,"No","Semi-Urban","Sunny","Medium",0,"N",15
24,"Buffet ",21,16,4.9,"electric_scooter",0,"No","Metropolitan","Sandstorms","Low ",0,"N",15
34,"Meal ",25,2,4.9,"motorcycle",0,"No","Metropolitan","Sandstorms","Jam ",1,"Y",10
40,"Buffet ",35,6,3.8,"electric_scooter",0,"No","Metropolitan","Sunny","High ",2,"N",10
38,"Buffet ",27,9,4.7,"motorcycle",0,"No","Semi-Urban","Windy","Medium",0,"N",15
34,"Meal ",27,13,3.3,"motorcycle",0,"No","Metropolitan","Sunny","Low ",2,"Y",5
27,"Snack ",34,9,4.9,"motorcycle",0,"No","Metropolitan","Sandstorms","High ",1,"N",10
26,"Buffet ",33,18,4.9,"motorcycle",2,"No","Metropolitan","Windy","Low ",1,"N",10
23,"Snack ",31,9,4.8,"motorcycle",0,"No","Urban","Fog","High ",1,"Y",15
41,"Drinks ",38,23,4.8,"scooter",0,"No","Semi-Urban","Cloudy","Jam",0,"Y",5
26,"Drinks ",21,6,4.8,"motorcycle",1,"No","Metropolitan","Sandstorms","High ",1,"N",15
30,"Drinks ",20,2,4.7,"scooter",2,"No","Metropolitan","Sandstorms","Jam ",1,"Y",5
32,"Meal ",24,7,4.8,"electric_scooter",0,"No","Semi-Urban","Stormy","Jam ",1,"Y",15
24,"Drinks ",20,22,4.9,"motorcycle",1,"No","Semi-Urban","Windy","Jam ",0,"N",10
24,"Meal ",20,21,5,"motorcycle",0,"No","Metropolitan","Fog","Low ",1,"N",5
28,"Buffet ",28,22,4.8,"electric_scooter",1,"No","Metropolitan","Sandstorms","Medium",1,"Y",15
29,"Snack ",22,18,4.6,"scooter",1,"No","Urban","Sunny","Low",1,"N",15
23,"Buffet ",24,17,4.7,"motorcycle",1,"No","Urban","Fog","High",1,"N",5
43,"Buffet ",39,9,4.8,"scooter",1,"Yes","Urban","Stormy","Jam ",1,"N",5
42,"Drinks ",39,14,5,"motorcycle",0,"Yes","Urban","Windy","Jam ",1,"N",5
41,"Buffet ",24,5,4.6,"electric_scooter",2,"No","Metropolitan","Fog","Jam ",1,"N",15
37,"Buffet ",31,15,4.8,"motorcycle",0,"No","Metropolitan","Cloudy","Medium",0,"Y",5
37,"Meal ",25,12,4.2,"motorcycle",0,"No","Metropolitan","Windy","Jam ",0,"N",5
28,"Snack ",35,23,5,"motorcycle",2,"No","Metropolitan","Fog","Jam ",1,"Y",5
34,"Drinks ",25,19,3.7,"motorcycle",1,"No","Metropolitan","Sandstorms","Jam ",2,"N",10
18,"Snack ",20,12,4.5,"motorcycle",1,"No","Metropolitan","Windy","Medium",0,"N",10
20,"Snack ",20,22,4.7,"motorcycle",0,"No","Metropolitan","Windy","Medium",1,"Y",15
26,"Drinks ",30,9,4.8,"scooter",2,"No","Metropolitan","Stormy","High ",1,"Y",5
39,"Drinks ",34,5,4,"scooter",0,"No","Metropolitan","Sandstorms","Jam ",1,"N",15
26,"Meal ",28,23,4.9,"scooter",1,"No","Urban","Sunny","Low ",0,"N",10
30,"Snack ",27,17,4.6,"electric_scooter",2,"No","Urban","Fog","High",1,"N",15
26,"Buffet ",39,15,4.6,"motorcycle",2,"No","Urban","Sandstorms","High",1,"Y",10
22,"Buffet ",26,22,4.5,"motorcycle",2,"No","Metropolitan","Sandstorms","Jam ",1,"N",15
49,"Snack ",31,3,4.1,"motorcycle",2,"No","Semi-Urban","Stormy","Jam ",3,"N",15
24,"Buffet ",37,9,4.7,"electric_scooter",2,"No","Metropolitan","Stormy","Low ",1,"N",15
28,"Meal ",25,9,4.6,"scooter",2,"No","Metropolitan","Stormy","Jam ",1,"N",5
42,"Drinks ",28,16,5,"scooter",0,"No","Urban","Sandstorms","Jam",0,"Y",5
33,"Snack ",21,14,4.1,"scooter",2,"No","Metropolitan","Stormy","Medium",1,"N",10
23,"Snack ",36,23,4.6,"electric_scooter",1,"No","Urban","Sunny","Medium",1,"N",5
42,"Snack ",36,17,4.8,"electric_scooter",0,"No","Metropolitan","Windy","High ",1,"N",10
11,"Drinks ",26,21,4.8,"scooter",2,"No","Urban","Fog","Low",0,"Y",5
30,"Drinks ",26,5,4.6,"scooter",1,"No","Metropolitan","Windy","High ",1,"N",10
17,"Meal ",28,16,5,"motorcycle",2,"No","Metropolitan","Sunny","Low ",1,"N",5
10,"Drinks ",28,9,4.6,"scooter",1,"No","Metropolitan","Cloudy","Low ",1,"Y",5
29,"Meal ",35,18,4.6,"motorcycle",0,"No","Metropolitan","Sunny","Jam ",0,"Y",15
29,"Snack ",37,14,4.5,"scooter",2,"No","Metropolitan","Sandstorms","Medium",0,"Y",10
26,"Buffet ",25,23,4.8,"motorcycle",0,"No","Urban","Fog","Jam ",1,"N",5
29,"Snack ",28,2,4.5,"motorcycle",2,"No","Urban","Fog","Medium",0,"N",10
36,"Snack ",25,17,4.7,"electric_scooter",0,"No","Semi-Urban","Windy","Medium",1,"Y",15
24,"Buffet ",28,22,4.7,"motorcycle",1,"No","Semi-Urban","Stormy","Jam",0,"N",5
27,"Buffet ",37,8,4.8,"scooter",2,"No","Metropolitan","Fog","Low ",1,"Y",25
19,"Buffet ",36,23,4.9,"electric_scooter",0,"No","Metropolitan","Stormy","Jam ",0,"N",15
41,"Meal ",20,13,4.2,"motorcycle",0,"Yes","Metropolitan","Windy","High ",1,"Y",5
38,"Meal ",20,10,4,"motorcycle",0,"No","Urban","Windy","Jam ",1,"N",10
31,"Drinks ",28,5,4,"electric_scooter",2,"No","Metropolitan","Windy","Medium",1,"N",15
26,"Drinks ",29,22,4.7,"scooter",2,"No","Metropolitan","Windy","Jam ",1,"Y",5
27,"Buffet ",39,13,4.7,"motorcycle",2,"No","Metropolitan","Stormy","Medium",0,"N",10
39,"Meal ",29,3,4.1,"motorcycle",1,"No","Metropolitan","Cloudy","Medium",0,"N",5
29,"Drinks ",20,9,4.6,"motorcycle",0,"No","Metropolitan","Sunny","Medium",0,"N",5
36,"Buffet ",32,9,5,"motorcycle",0,"No","Metropolitan","Sunny","Jam ",1,"Y",10
20,"Meal ",25,15,4.7,"scooter",1,"No","Urban","Stormy","High",1,"N",10
30,"Meal ",25,6,5,"motorcycle",0,"No","Urban","Sunny","Medium",1,"N",5
25,"Snack ",21,9,4.8,"motorcycle",0,"No","Metropolitan","Stormy","Low ",1,"N",5
16,"Buffet ",20,2,4.9,"motorcycle",0,"No","Semi-Urban","Stormy","Low ",1,"N",15
33,"Drinks ",25,13,4.3,"scooter",1,"No","Metropolitan","Windy","High ",0,"N",5
26,"Meal ",25,19,4.9,"scooter",2,"No","Urban","Windy","Medium",1,"N",10
27,"Snack ",34,8,4.8,"electric_scooter",1,"No","Metropolitan","Stormy","Medium",0,"Y",15
17,"Drinks ",35,22,4.8,"scooter",2,"No","Urban","Stormy","High",1,"Y",10
15,"Drinks ",26,6,4.5,"motorcycle",1,"No","Urban","Fog","Low",1,"N",5
33,"Drinks ",35,6,4.1,"scooter",2,"No","Urban","Stormy","Jam",0,"Y",5
39,"Meal ",35,21,4.7,"motorcycle",0,"No","Metropolitan","Windy","Jam",2,"N",15
33,"Snack ",34,16,4.3,"motorcycle",0,"No","Urban","Windy","Low",0,"N",5
34,"Drinks ",22,1,4.1,"electric_scooter",1,"No","Metropolitan","Fog","Jam ",1,"N",15
40,"Buffet ",26,3,4.4,"scooter",2,"Yes","Metropolitan","Cloudy","Jam",2,"N",5
17,"Drinks ",28,15,4.7,"motorcycle",0,"No","Metropolitan","Sandstorms","Low ",0,"N",10
25,"Snack ",30,23,4.7,"scooter",1,"No","Metropolitan","Fog","Jam ",0,"Y",15
23,"Snack ",31,21,4.6,"motorcycle",1,"No","Semi-Urban","Sandstorms","Medium",1,"N",15
21,"Drinks ",24,13,4.8,"motorcycle",1,"No","Urban","Sunny","Low ",0,"N",10
22,"Snack ",27,13,4.1,"electric_scooter",0,"No","Metropolitan","Windy","Low ",1,"N",10
29,"Drinks ",31,23,4.7,"electric_scooter",1,"No","Metropolitan","Sunny","Jam ",1,"Y",15
28,"Meal ",37,21,4.7,"scooter",2,"No","Metropolitan","Stormy","Jam ",1,"N",10
27,"Meal ",35,23,5,"motorcycle",1,"No","Metropolitan","Windy","Medium",1,"N",15
17,"Meal ",30,4,4.6,"motorcycle",2,"No","Metropolitan","Sandstorms","High ",0,"N",5
26,"Snack ",34,23,4.6,"electric_scooter",0,"No","Urban","Sandstorms","Low",1,"Y",20
28,"Drinks ",20,2,5,"motorcycle",0,"No","Metropolitan","Sandstorms","Medium",1,"N",10
16,"Snack ",21,17,4.6,"motorcycle",2,"No","Metropolitan","Sunny","Low ",1,"N",5
40,"Drinks ",27,11,4.9,"motorcycle",0,"No","Metropolitan","Windy","High ",1,"N",15
15,"Drinks ",36,2,4.9,"electric_scooter",2,"No","Semi-Urban","Fog","Low ",1,"N",5
10,"Drinks ",29,22,4.7,"motorcycle",1,"No","Urban","Sunny","Jam",1,"N",5
33,"Drinks ",26,1,4,"motorcycle",2,"No","Urban","Cloudy","High",1,"N",5
39,"Drinks ",32,9,4.2,"scooter",1,"No","Metropolitan","Cloudy","Medium",1,"N",15
32,"Buffet ",28,21,5,"motorcycle",1,"No","Urban","Windy","Medium",0,"N",15
34,"Meal ",27,8,4.7,"motorcycle",1,"No","Semi-Urban","Fog","Medium",1,"N",15
21,"Drinks ",32,17,4.8,"electric_scooter",0,"No","Urban","Cloudy","High",1,"N",15
27,"Buffet ",38,3,4.7,"scooter",2,"No","Semi-Urban","Windy","Medium",1,"N",10
32,"Buffet ",31,2,4.4,"motorcycle",2,"No","Metropolitan","Fog","High ",1,"N",5
15,"Meal ",26,23,4.9,"motorcycle",0,"No","Urban","Stormy","Low",0,"N",15
15,"Drinks ",24,22,5,"scooter",1,"No","Metropolitan","Windy","Low ",0,"N",5
18,"Meal ",23,22,4.6,"electric_scooter",2,"No","Urban","Fog","Low",1,"N",10
36,"Drinks ",29,5,4.3,"motorcycle",0,"No","Semi-Urban","Stormy","Jam ",1,"N",15
19,"Snack ",29,12,4.9,"motorcycle",1,"No","Metropolitan","Sunny","Low ",0,"N",15
17,"Snack ",35,21,4.8,"scooter",2,"No","Urban","Stormy","Low",0,"Y",15
10,"Snack ",27,3,5,"scooter",1,"No","Metropolitan","Fog","Medium",1,"N",15
25,"Drinks ",33,4,4.7,"motorcycle",1,"No","Semi-Urban","Stormy","Jam ",1,"Y",15
21,"Drinks ",31,22,4.6,"scooter",2,"No","Metropolitan","Sandstorms","Low",1,"N",5
24,"Meal ",34,15,5,"scooter",0,"No","Urban","Stormy","Low ",1,"N",25
27,"Snack ",22,13,4.6,"scooter",1,"No","Metropolitan","Fog","Jam ",1,"N",5
16,"Buffet ",36,17,4.6,"motorcycle",2,"No","Urban","Stormy","Low",1,"N",10
41,"Drinks ",32,5,4.1,"motorcycle",2,"No","Metropolitan","Fog","Jam ",1,"Y",15
32,"Snack ",24,4,4,"motorcycle",0,"No","Urban","Stormy","Jam",1,"Y",5
18,"Buffet ",23,3,4.6,"scooter",2,"No","Metropolitan","Cloudy","Low ",0,"Y",5
34,"Snack ",35,12,3.8,"scooter",1,"No","Semi-Urban","Sandstorms","Jam ",0,"Y",5
14,"Snack ",39,17,4.8,"scooter",2,"No","Urban","Sandstorms","Low ",0,"N",10
21,"Meal ",29,3,4.1,"motorcycle",0,"No","Urban","Sandstorms","Low",1,"Y",10
44,"Buffet ",29,22,2.6,"scooter",1,"No","Metropolitan","Sunny","Low ",2,"N",15
41,"Buffet ",23,7,4.8,"scooter",1,"No","Metropolitan","Cloudy","Jam ",1,"Y",10
25,"Meal ",30,9,4.6,"electric_scooter",1,"No","Metropolitan","Windy","Low ",1,"N",5
23,"Buffet ",31,9,4.8,"motorcycle",0,"No","Metropolitan","Windy","High ",1,"N",15
16,"Buffet ",26,23,4.6,"scooter",2,"No","Metropolitan","Sunny","Jam ",0,"N",5
31,"Meal ",35,3,3.9,"scooter",1,"No","Semi-Urban","Stormy","Jam ",1,"N",15
31,"Buffet ",29,3,4,"motorcycle",1,"No","Urban","Stormy","Jam",1,"N",10
18,"Drinks ",27,3,4.5,"motorcycle",2,"No","Metropolitan","Windy","High ",1,"N",5
39,"Meal ",26,13,4,"electric_scooter",0,"No","Semi-Urban","Stormy","Jam ",1,"N",15
26,"Meal ",23,4,4.5,"electric_scooter",0,"No","Urban","Fog","Low",1,"N",10
31,"Snack ",37,6,4.3,"motorcycle",1,"No","Urban","Cloudy","Low",0,"Y",20
19,"Buffet ",27,15,5,"motorcycle",0,"No","Metropolitan","Sandstorms","Low ",1,"N",10
19,"Buffet ",23,8,5,"motorcycle",1,"No","Semi-Urban","Sunny","Low ",0,"N",10
28,"Meal ",39,12,5,"electric_scooter",1,"No","Metropolitan","Sandstorms","Medium",1,"N",15
23,"Buffet ",24,9,4.7,"motorcycle",0,"No","Metropolitan","Fog","Jam ",1,"N",15
19,"Drinks ",36,15,4.6,"scooter",2,"No","Urban","Cloudy","Low",1,"N",10
44,"Snack ",24,7,4.6,"motorcycle",0,"No","Metropolitan","Windy","Jam ",1,"N",15
31,"Buffet ",38,17,4.7,"motorcycle",0,"No","Metropolitan","Windy","Jam ",1,"N",15
22,"Drinks ",39,16,4.7,"scooter",2,"No","Urban","Fog","Jam",1,"Y",10
40,"Snack ",38,7,4.5,"motorcycle",2,"No","Urban","Stormy","Jam ",1,"N",10
26,"Buffet ",39,12,4.6,"electric_scooter",0,"No","Urban","Fog","Medium",1,"N",5
44,"Drinks ",23,4,4.2,"electric_scooter",2,"No","Semi-Urban","Fog","Jam ",0,"N",5
28,"Buffet ",34,14,4.5,"motorcycle",2,"No","Metropolitan","Fog","High ",1,"N",15
25,"Meal ",29,23,4.7,"motorcycle",1,"No","Urban","Stormy","High ",1,"Y",5
16,"Snack ",29,6,4.9,"electric_scooter",2,"No","Metropolitan","Sandstorms","Low",0,"N",10
30,"Drinks ",39,8,4.4,"electric_scooter",0,"No","Semi-Urban","Sandstorms","Low ",1,"N",10
27,"Drinks ",34,19,4.7,"electric_scooter",2,"No","Metropolitan","Windy","Jam ",1,"N",10
14,"Buffet ",39,17,5,"motorcycle",1,"No","Metropolitan","Sandstorms","Jam ",1,"N",5
31,"Snack ",26,5,4.4,"scooter",2,"No","Urban","Fog","Jam ",1,"N",15
29,"Meal ",33,13,4.8,"scooter",2,"No","Semi-Urban","Cloudy","High ",1,"N",15
14,"Snack ",21,8,4.5,"motorcycle",1,"No","Semi-Urban","Stormy","Low ",0,"N",15
20,"Meal ",24,2,4.2,"motorcycle",0,"No","Urban","Stormy","Low ",0,"N",15
27,"Meal ",27,16,5,"electric_scooter",2,"No","Metropolitan","Cloudy","Low ",1,"Y",10
35,"Buffet ",39,19,4.3,"motorcycle",0,"No","Urban","Windy","High ",0,"N",10
19,"Drinks ",22,15,4.9,"motorcycle",1,"No","Metropolitan","Stormy","Low ",0,"N",5
36,"Meal ",28,16,5,"motorcycle",0,"No","Metropolitan","Sandstorms","Jam ",0,"N",15
44,"Meal ",25,7,3.6,"electric_scooter",0,"No","Metropolitan","Sunny","High ",0,"N",15
15,"Drinks ",22,18,5,"motorcycle",2,"No","Metropolitan","Sandstorms","Jam ",0,"N",5
24,"Drinks ",25,13,4.9,"motorcycle",1,"No","Semi-Urban","Windy","High ",1,"N",10
18,"Meal ",21,17,4.8,"motorcycle",2,"No","Urban","Sandstorms","Low",0,"N",10
35,"Snack ",27,15,3.6,"motorcycle",1,"No","Metropolitan","Stormy","Low ",2,"Y",20
38,"Drinks ",23,12,4.3,"scooter",1,"No","Metropolitan","Sunny","Jam ",0,"N",15
42,"Meal ",37,6,4.2,"motorcycle",2,"No","Urban","Fog","Medium",1,"Y",5
18,"Drinks ",39,19,4.5,"motorcycle",1,"No","Semi-Urban","Sandstorms","Low ",0,"N",5
36,"Buffet ",27,3,3.5,"scooter",1,"No","Urban","Stormy","Low",0,"N",5
14,"Drinks ",37,9,4.8,"motorcycle",2,"No","Metropolitan","Windy","High ",1,"N",5
37,"Snack ",29,6,4,"motorcycle",1,"No","Metropolitan","Fog","High ",0,"N",15
30,"Snack ",29,22,4.7,"motorcycle",2,"No","Urban","Fog","Low",0,"N",15
28,"Buffet ",22,3,4.5,"scooter",1,"No","Metropolitan","Stormy","Medium",1,"N",10
26,"Buffet ",22,16,4.8,"motorcycle",0,"No","Metropolitan","Fog","Jam ",1,"N",10
19,"Buffet ",37,23,4.7,"motorcycle",1,"No","Urban","Sunny","Jam",0,"N",15
22,"Meal ",37,15,4.3,"motorcycle",0,"No","Metropolitan","Windy","Low ",0,"N",5
27,"Buffet ",31,23,4.8,"motorcycle",0,"No","Metropolitan","Sunny","Low ",1,"Y",10
15,"Buffet ",23,1,4.5,"electric_scooter",1,"No","Urban","Fog","Low",1,"N",5
31,"Drinks ",36,3,4.3,"motorcycle",2,"No","Metropolitan","Fog","Medium",1,"N",10
22,"Snack ",23,16,4.5,"motorcycle",0,"No","Semi-Urban","Sunny","Low ",1,"N",5
25,"Buffet ",28,18,4.9,"motorcycle",1,"No","Urban","Fog","Jam ",0,"Y",5
45,"Snack ",38,7,4.3,"motorcycle",0,"No","Urban","Sandstorms","Medium",1,"N",15
38,"Drinks ",34,3,4,"motorcycle",0,"No","Metropolitan","Stormy","Medium",1,"Y",10
22,"Drinks ",23,14,4.6,"motorcycle",0,"No","Metropolitan","Sunny","Jam ",0,"N",15
25,"Drinks ",37,19,4.6,"scooter",2,"No","Metropolitan","Stormy","Low ",1,"N",10
38,"Buffet ",22,4,4.7,"scooter",0,"No","Urban","Fog","Medium",1,"N",10
22,"Buffet ",23,23,4.9,"motorcycle",2,"No","Metropolitan","Cloudy","Jam ",0,"N",10
20,"Buffet ",28,17,4.7,"motorcycle",0,"No","Semi-Urban","Fog","Low ",0,"Y",5
47,"Meal ",25,9,4.7,"motorcycle",0,"No","Semi-Urban","Stormy","Jam ",0,"Y",5
10,"Buffet ",34,16,4.6,"scooter",0,"No","Urban","Windy","Medium",0,"N",15
26,"Snack ",26,9,4.4,"motorcycle",0,"No","Urban","Sandstorms","Low ",1,"N",15
21,"Snack ",38,15,4.8,"motorcycle",2,"No","Urban","Fog","Low",1,"N",5
18,"Meal ",36,23,4.7,"motorcycle",2,"No","Metropolitan","Stormy","Jam ",1,"N",5
29,"Snack ",38,4,4.8,"motorcycle",1,"No","Metropolitan","Sandstorms","Low ",1,"N",5
23,"Buffet ",31,23,4.8,"scooter",0,"No","Metropolitan","Fog","Low ",0,"N",5
27,"Snack ",21,22,4.7,"motorcycle",0,"No","Metropolitan","Windy","Medium",0,"N",15
35,"Drinks ",30,1,3.7,"motorcycle",1,"No","Metropolitan","Sandstorms","Medium",0,"N",5
34,"Snack ",29,3,4.8,"electric_scooter",1,"No","Metropolitan","Sandstorms","Medium",0,"N",15
25,"Drinks ",32,12,4.4,"electric_scooter",0,"No","Metropolitan","Sandstorms","Low ",0,"N",10
26,"Drinks ",21,15,4.6,"scooter",2,"No","Urban","Sandstorms","Medium",1,"Y",5
19,"Snack ",21,19,4.9,"scooter",2,"No","Urban","Sandstorms","Low",1,"N",10
33,"Meal ",25,23,4.8,"motorcycle",1,"No","Metropolitan","Stormy","Jam ",1,"Y",5
29,"Meal ",23,8,4.5,"motorcycle",2,"No","Metropolitan","Fog","Jam ",1,"N",15
33,"Buffet ",29,9,4.9,"electric_scooter",2,"No","Urban","Fog","Jam ",1,"N",10
25,"Snack ",29,18,4.7,"scooter",2,"No","Metropolitan","Stormy","Medium",1,"N",15
26,"Snack ",29,3,4.8,"scooter",2,"No","Metropolitan","Stormy","Low ",1,"N",10
16,"Meal ",37,21,4.7,"motorcycle",1,"No","Metropolitan","Stormy","Low ",0,"N",10
25,"Meal ",28,17,4.5,"electric_scooter",0,"No","Metropolitan","Cloudy","High ",0,"Y",10
20,"Buffet ",27,16,4.5,"motorcycle",2,"No","Metropolitan","Sandstorms","Low ",1,"N",15
10,"Meal ",27,2,4.7,"scooter",1,"No","Semi-Urban","Windy","Low",0,"N",15
25,"Drinks ",37,9,4.6,"scooter",2,"No","Metropolitan","Sandstorms","Jam ",1,"N",15
26,"Snack ",28,23,4.8,"motorcycle",0,"No","Urban","Stormy","Jam",1,"N",10
14,"Meal ",33,15,4.8,"scooter",1,"No","Metropolitan","Sunny","Medium",0,"Y",5
28,"Meal ",23,3,4.5,"motorcycle",2,"No","Urban","Sandstorms","Medium",0,"N",15
19,"Buffet ",20,19,4.9,"scooter",1,"No","Urban","Stormy","Low",0,"N",5
29,"Meal ",30,8,4.6,"scooter",2,"No","Metropolitan","Stormy","Jam ",1,"Y",15
32,"Drinks ",33,15,4.6,"motorcycle",1,"No","Semi-Urban","Sandstorms","Jam ",1,"N",15
20,"Drinks ",27,2,4.7,"motorcycle",1,"No","Metropolitan","Windy","Low ",1,"Y",10
16,"Meal ",30,15,4.8,"motorcycle",1,"No","Urban","Sunny","Low",1,"N",30
24,"Buffet ",22,22,5,"motorcycle",1,"No","Metropolitan","Sandstorms","Jam ",0,"Y",15
20,"Snack ",39,23,4.7,"motorcycle",0,"No","Semi-Urban","Sunny","Low ",0,"N",10
24,"Meal ",29,9,4.4,"motorcycle",0,"No","Metropolitan","Sandstorms","Low ",1,"Y",5
28,"Drinks ",27,17,4.6,"motorcycle",0,"No","Urban","Fog","Low ",0,"N",10
27,"Drinks ",39,23,4.8,"scooter",2,"No","Urban","Sandstorms","Low ",0,"N",10
22,"Buffet ",34,22,4.8,"electric_scooter",0,"No","Semi-Urban","Windy","Medium",1,"N",5
18,"Meal ",36,13,4.7,"motorcycle",1,"No","Metropolitan","Fog","Medium",1,"N",10
26,"Meal ",38,4,5,"motorcycle",2,"No","Metropolitan","Stormy","Low ",1,"Y",10
27,"Buffet ",22,1,4,"motorcycle",0,"No","Metropolitan","Sandstorms","Low ",1,"N",10
28,"Drinks ",36,21,4.8,"motorcycle",2,"No","Semi-Urban","Cloudy","Low ",1,"N",20
23,"Meal ",25,5,4.6,"scooter",2,"No","Metropolitan","Sandstorms","Medium",1,"N",10
47,"Snack ",33,3,4.6,"scooter",0,"No","Metropolitan","Windy","Medium",2,"N",15
24,"Drinks ",39,16,4.5,"scooter",2,"No","Semi-Urban","Sunny","Jam ",1,"N",15
17,"Meal ",39,1,4.5,"motorcycle",1,"No","Urban","Stormy","Low",1,"Y",10
32,"Snack ",38,3,4.2,"electric_scooter",2,"No","Urban","Cloudy","High",1,"N",15
35,"Meal ",33,4,4.3,"scooter",1,"No","Metropolitan","Cloudy","Medium",0,"N",10
24,"Meal ",21,17,4.6,"motorcycle",0,"No","Metropolitan","Windy","Low",1,"N",10
27,"Meal ",39,13,5,"motorcycle",2,"No","Urban","Cloudy","Jam ",0,"N",10
39,"Meal ",29,3,4.1,"motorcycle",1,"No","Metropolitan","Cloudy","Medium",0,"N",5
32,"Drinks ",21,12,4.8,"scooter",1,"No","Metropolitan","Fog","High ",0,"N",10
23,"Snack ",23,16,4.8,"electric_scooter",2,"No","Urban","Fog","Jam ",1,"N",15
16,"Meal ",28,19,4.9,"scooter",2,"No","Urban","Cloudy","Low ",1,"Y",15
15,"Snack ",21,18,4.8,"electric_scooter",2,"No","Urban","Stormy","Low",1,"N",10
25,"Buffet ",21,2,4.8,"motorcycle",1,"No","Metropolitan","Stormy","Medium",1,"N",10
38,"Buffet ",38,8,5,"scooter",2,"No","Metropolitan","Cloudy","Medium",1,"Y",5
29,"Buffet ",38,22,4.6,"motorcycle",0,"No","Semi-Urban","Sunny","Medium",1,"Y",5
20,"Drinks ",33,19,4.5,"motorcycle",0,"No","Metropolitan","Fog","Low ",1,"N",30
11,"Snack ",39,16,5,"scooter",1,"No","Urban","Sunny","High",0,"N",15
28,"Drinks ",28,16,4.9,"electric_scooter",2,"No","Urban","Sandstorms","Medium",1,"N",10
16,"Meal ",24,3,4.5,"motorcycle",1,"No","Semi-Urban","Windy","Medium",0,"N",15
33,"Buffet ",24,23,4.3,"scooter",1,"No","Urban","Fog","Jam",0,"N",10
29,"Buffet ",27,15,4.8,"scooter",2,"No","Urban","Cloudy","Low",1,"N",25
38,"Meal ",36,6,4.3,"electric_scooter",2,"No","Urban","Fog","Jam ",1,"N",5
19,"Drinks ",23,9,4.8,"motorcycle",1,"No","Metropolitan","Fog","Medium",0,"N",10
26,"Snack ",28,13,5,"scooter",2,"No","Metropolitan","Windy","Jam ",1,"N",10
23,"Buffet ",23,17,5,"motorcycle",0,"No","Metropolitan","Sunny","Jam ",0,"N",10
15,"Drinks ",24,13,4.7,"scooter",2,"No","Metropolitan","Sandstorms","Low ",1,"N",10
28,"Snack ",32,18,4.8,"electric_scooter",2,"No","Urban","Windy","Medium",1,"N",10
15,"Meal ",20,3,4.5,"scooter",2,"No","Urban","Fog","Low",0,"N",15
29,"Drinks ",35,23,4.5,"scooter",1,"No","Semi-Urban","Sunny","Jam ",1,"N",10
17,"Drinks ",20,19,4.7,"motorcycle",2,"No","Semi-Urban","Sunny","Jam ",0,"N",15
36,"Buffet ",32,2,3.7,"scooter",1,"No","Metropolitan","Stormy","Jam ",1,"N",5
33,"Snack ",34,16,5,"scooter",2,"No","Metropolitan","Sandstorms","High ",1,"Y",15
26,"Meal ",23,14,4.6,"motorcycle",2,"No","Metropolitan","Windy","Jam ",0,"Y",5
11,"Drinks ",32,16,4.9,"motorcycle",2,"No","Urban","Sunny","Low",0,"N",15
18,"Buffet ",21,23,4.5,"electric_scooter",2,"No","Urban","Sunny","Low ",0,"N",5
15,"Snack ",25,18,4.6,"electric_scooter",1,"No","Urban","Windy","High",0,"N",15
24,"Drinks ",23,12,4.5,"motorcycle",2,"No","Metropolitan","Sandstorms","Medium",1,"N",15
15,"Meal ",22,15,4.7,"motorcycle",0,"No","Metropolitan","Sunny","Jam ",0,"Y",5
33,"Snack ",38,9,4,"motorcycle",0,"No","Metropolitan","Sandstorms","Medium",1,"N",10
38,"Meal ",24,4,4.4,"electric_scooter",1,"No","Metropolitan","Cloudy","Jam ",2,"N",10
48,"Meal ",24,19,4.8,"motorcycle",0,"No","Metropolitan","Fog","Jam ",1,"Y",5
16,"Drinks ",23,18,4.8,"scooter",1,"No","Urban","Cloudy","Medium",0,"N",5
45,"Buffet ",38,3,4.6,"motorcycle",0,"No","Urban","Stormy","Jam ",1,"N",10
48,"Drinks ",35,15,4.7,"motorcycle",0,"No","Semi-Urban","Cloudy","Jam ",2,"N",15
22,"Snack ",30,21,4.8,"scooter",2,"No","Metropolitan","Sunny","Low ",0,"N",15
26,"Meal ",24,18,4.7,"electric_scooter",1,"No","Semi-Urban","Stormy","Medium",0,"N",5
26,"Buffet ",26,7,4.3,"motorcycle",0,"No","Metropolitan","Windy","Low ",1,"N",15
28,"Buffet ",39,13,4.8,"electric_scooter",2,"No","Metropolitan","Sandstorms","Low ",0,"Y",5
26,"Drinks ",29,23,4.9,"scooter",2,"No","Metropolitan","Windy","Low ",1,"N",15
17,"Meal ",21,2,4.8,"motorcycle",2,"No","Metropolitan","Stormy","Low ",1,"N",5
30,"Drinks ",37,17,4.8,"scooter",1,"No","Urban","Fog","Low",1,"N",15
23,"Snack ",24,23,4.8,"motorcycle",0,"No","Urban","Fog","Low ",1,"N",20
22,"Meal ",21,16,4.9,"scooter",0,"No","Urban","Sandstorms","High",0,"N",10
11,"Drinks ",34,2,4.5,"scooter",1,"No","Urban","Sandstorms","Low ",0,"N",5
16,"Buffet ",31,23,4.7,"electric_scooter",1,"No","Metropolitan","Sunny","Medium",1,"Y",15
19,"Buffet ",28,17,4.6,"scooter",0,"No","Metropolitan","Sandstorms","Medium",0,"N",15
40,"Drinks ",33,9,4.8,"motorcycle",1,"No","Metropolitan","Fog","Jam ",1,"Y",10
34,"Buffet ",35,11,4.1,"scooter",2,"No","Metropolitan","Stormy","Medium",1,"N",15
29,"Snack ",20,19,4.6,"motorcycle",0,"No","Urban","Stormy","Low",1,"N",5
18,"Snack ",32,22,5,"motorcycle",0,"No","Urban","Sandstorms","Medium",1,"N",5
42,"Meal ",38,15,4.1,"scooter",1,"No","Urban","Sandstorms","Jam",1,"N",5
29,"Snack ",23,6,4.7,"motorcycle",0,"No","Metropolitan","Windy","High ",0,"N",10
22,"Buffet ",23,16,4.7,"electric_scooter",0,"No","Metropolitan","Stormy","Medium",1,"Y",10
31,"Drinks ",39,6,4.1,"scooter",0,"No","Metropolitan","Sandstorms","Low ",1,"N",15
20,"Drinks ",35,14,4.7,"scooter",2,"No","Semi-Urban","Stormy","Jam ",1,"N",10
34,"Buffet ",23,1,4.1,"motorcycle",2,"No","Metropolitan","Cloudy","Medium",1,"Y",5
23,"Meal ",33,2,4.5,"electric_scooter",2,"No","Metropolitan","Stormy","Medium",1,"Y",5
23,"Meal ",24,22,4.9,"motorcycle",1,"No","Semi-Urban","Sunny","Low ",1,"N",15
29,"Meal ",39,6,4.7,"motorcycle",1,"No","Metropolitan","Cloudy","High ",1,"N",5
36,"Drinks ",35,1,4.4,"electric_scooter",0,"No","Urban","Windy","Jam",1,"N",10
43,"Buffet ",34,22,4.8,"scooter",2,"No","Urban","Cloudy","Jam",1,"N",15
28,"Buffet ",35,17,4.5,"electric_scooter",0,"No","Metropolitan","Cloudy","Jam ",1,"N",10
32,"Meal ",35,7,5,"motorcycle",2,"No","Semi-Urban","Fog","Jam ",1,"N",5
25,"Meal ",33,12,5,"scooter",1,"No","Urban","Sandstorms","Low ",0,"N",10
39,"Snack ",31,17,3.8,"motorcycle",2,"No","Urban","Stormy","Low ",1,"N",10
18,"Buffet ",21,5,4.6,"scooter",1,"No","Metropolitan","Sandstorms","Low ",0,"N",5
19,"Buffet ",38,16,4.7,"electric_scooter",1,"No","Urban","Windy","Jam",0,"Y",15
21,"Snack ",33,23,4.8,"motorcycle",2,"No","Metropolitan","Windy","Medium",0,"N",15
25,"Buffet ",37,18,4.9,"electric_scooter",2,"No","Urban","Sunny","Low ",1,"N",5
11,"Buffet ",37,16,4.9,"scooter",1,"No","Metropolitan","Stormy","Low ",0,"N",15
25,"Snack ",29,9,4.9,"scooter",1,"No","Metropolitan","Fog","Medium",1,"N",10
14,"Snack ",32,23,4.8,"motorcycle",1,"No","Semi-Urban","Sunny","High ",0,"N",10
21,"Snack ",27,18,4.9,"scooter",2,"No","Semi-Urban","Windy","Medium",0,"N",5
24,"Meal ",32,6,4.9,"motorcycle",0,"No","Urban","Sunny","Low ",1,"N",5
10,"Drinks ",38,19,4.6,"motorcycle",1,"No","Urban","Sandstorms","Low",0,"N",10
39,"Buffet ",37,15,4.9,"motorcycle",0,"No","Metropolitan","Windy","Jam ",2,"N",10
14,"Buffet ",38,14,4.6,"electric_scooter",1,"No","Metropolitan","Sunny","Medium",0,"N",5
34,"Snack ",22,23,4.7,"motorcycle",2,"No","Semi-Urban","Fog","Medium",1,"Y",5
25,"Meal ",22,14,4.5,"electric_scooter",1,"No","Urban","Windy","Low ",1,"N",10
26,"Meal ",38,12,4.7,"scooter",1,"No","Metropolitan","Stormy","Medium",1,"N",15
27,"Drinks ",23,16,4.7,"motorcycle",0,"No","Urban","Sunny","Medium",1,"N",15
28,"Drinks ",25,9,4.6,"scooter",2,"No","Metropolitan","Windy","Jam ",0,"N",10
28,"Meal ",27,21,4.9,"scooter",2,"No","Metropolitan","Windy","Medium",1,"N",10
30,"Snack ",25,1,4.7,"electric_scooter",2,"No","Semi-Urban","Cloudy","Medium",1,"N",10
40,"Drinks ",31,6,4.3,"motorcycle",0,"No","Metropolitan","Stormy","Low ",0,"Y",5
53,"Meal ",21,9,4.3,"motorcycle",0,"No","Metropolitan","Sunny","High ",2,"Y",5
16,"Snack ",36,17,4.9,"motorcycle",1,"No","Metropolitan","Windy","Low ",1,"N",25
21,"Drinks ",29,13,5,"motorcycle",0,"No","Metropolitan","Fog","Medium",0,"N",5
17,"Drinks ",39,6,4.8,"motorcycle",1,"No","Urban","Fog","Low ",0,"N",10
41,"Buffet ",35,7,4.6,"motorcycle",2,"No","Urban","Cloudy","Jam ",0,"Y",5
33,"Buffet ",22,23,4.9,"scooter",1,"No","Urban","Stormy","Jam ",2,"N",5
13,"Buffet ",26,22,5,"scooter",1,"No","Metropolitan","Stormy","High ",0,"N",15
10,"Drinks ",27,19,4.9,"motorcycle",1,"No","Semi-Urban","Sunny","High",0,"N",10
22,"Buffet ",37,18,4.9,"motorcycle",1,"No","Urban","Windy","Medium",0,"N",10
36,"Snack ",21,19,4.7,"motorcycle",0,"No","Metropolitan","Cloudy","Medium",1,"N",5
25,"Drinks ",33,4,4.7,"motorcycle",1,"No","Semi-Urban","Stormy","Jam ",1,"Y",15
29,"Meal ",33,23,4.6,"motorcycle",0,"No","Semi-Urban","Sunny","Low ",1,"N",15
24,"Snack ",20,18,4.6,"scooter",0,"No","Metropolitan","Fog","Low ",1,"Y",15
26,"Meal ",32,16,4.6,"motorcycle",0,"No","Urban","Sunny","Low ",1,"Y",20
22,"Drinks ",39,17,5,"electric_scooter",1,"No","Metropolitan","Sunny","Low ",1,"N",5
12,"Snack ",23,23,4.7,"scooter",2,"No","Urban","Cloudy","Medium",1,"N",15
47,"Meal ",33,3,4.9,"motorcycle",1,"Yes","Metropolitan","Fog","Jam ",3,"Y",5
18,"Snack ",25,21,5,"scooter",1,"No","Urban","Sandstorms","Jam ",0,"N",15
16,"Meal ",26,23,4.4,"motorcycle",0,"No","Metropolitan","Windy","Low ",1,"N",5
27,"Meal ",32,19,4.6,"electric_scooter",2,"No","Metropolitan","Windy","Low ",0,"N",5
17,"Drinks ",33,5,4.6,"scooter",2,"No","Urban","Sunny","High ",1,"N",5
21,"Buffet ",29,18,5,"motorcycle",2,"No","Urban","Windy","High ",1,"Y",10
23,"Drinks ",22,16,4.8,"motorcycle",0,"No","Urban","Sandstorms","Medium",1,"N",10
16,"Drinks ",29,12,4.7,"electric_scooter",1,"No","Semi-Urban","Sunny","Medium",1,"Y",5
32,"Meal ",32,17,4.7,"scooter",2,"No","Metropolitan","Sandstorms","High ",2,"Y",10
35,"Snack ",25,9,5,"motorcycle",0,"No","Metropolitan","Sandstorms","Medium",0,"N",5
27,"Buffet ",38,14,4.7,"scooter",0,"No","Metropolitan","Cloudy","Jam ",1,"N",15
24,"Snack ",33,15,5,"scooter",2,"No","Metropolitan","Cloudy","Jam",1,"N",10
28,"Buffet ",35,8,4.8,"motorcycle",0,"No","Metropolitan","Fog","Low ",1,"N",10
12,"Snack ",34,17,4.7,"motorcycle",1,"No","Metropolitan","Fog","Medium",1,"N",5
25,"Drinks ",20,23,5,"scooter",0,"No","Metropolitan","Sunny","High ",1,"Y",10
36,"Meal ",33,2,4.5,"scooter",2,"No","Semi-Urban","Windy","Jam ",1,"N",5
28,"Drinks ",20,19,4.9,"motorcycle",0,"No","Metropolitan","Windy","Jam",1,"N",15
13,"Buffet ",20,21,4.8,"motorcycle",1,"No","Urban","Fog","Medium",0,"Y",10
25,"Drinks ",23,14,5,"motorcycle",0,"No","Semi-Urban","Sunny","Jam ",1,"N",5
30,"Snack ",38,4,5,"scooter",1,"No","Semi-Urban","Windy","Medium",0,"N",5
28,"Buffet ",23,6,4.5,"motorcycle",1,"No","Metropolitan","Fog","Jam ",1,"N",5
25,"Snack ",25,23,4.9,"scooter",1,"No","Metropolitan","Stormy","Low ",1,"N",10
28,"Drinks ",25,19,4.7,"scooter",2,"No","Metropolitan","Sandstorms","Medium",0,"N",10
29,"Buffet ",38,13,4.6,"motorcycle",2,"No","Metropolitan","Sunny","Medium",0,"N",10
17,"Drinks ",36,23,4.8,"motorcycle",1,"No","Urban","Stormy","Medium",0,"Y",5
24,"Buffet ",39,23,4.8,"motorcycle",0,"No","Semi-Urban","Cloudy","Low ",0,"Y",10
26,"Snack ",36,17,5,"motorcycle",2,"No","Metropolitan","Stormy","Medium",0,"N",5
30,"Meal ",22,9,4.7,"scooter",2,"No","Semi-Urban","Sandstorms","Medium",1,"N",15
23,"Meal ",38,12,4.3,"motorcycle",0,"No","Metropolitan","Windy","Low ",0,"Y",5
26,"Meal ",28,22,4.7,"electric_scooter",0,"No","Metropolitan","Windy","Medium",0,"N",10
26,"Snack ",23,15,5,"electric_scooter",2,"No","Metropolitan","Stormy","High ",1,"N",15
20,"Meal ",23,12,4.5,"scooter",2,"No","Urban","Sandstorms","Jam ",1,"N",15
36,"Drinks ",26,6,4.1,"motorcycle",1,"No","Metropolitan","Fog","Jam ",1,"N",5
44,"Buffet ",28,8,3.7,"motorcycle",2,"No","Metropolitan","Sandstorms","Jam ",0,"N",15
20,"Snack ",25,16,4.7,"electric_scooter",0,"No","Metropolitan","Fog","Low ",0,"N",5
25,"Meal ",25,3,5,"scooter",2,"No","Semi-Urban","Stormy","High",1,"N",10
16,"Snack ",34,15,4.7,"motorcycle",2,"No","Urban","Sandstorms","Medium",1,"N",5
25,"Meal ",33,19,4.9,"electric_scooter",2,"No","Urban","Sunny","Medium",1,"N",5
38,"Meal ",38,13,3.9,"electric_scooter",2,"No","Urban","Sandstorms","Medium",1,"Y",5
23,"Drinks ",34,3,4.7,"motorcycle",0,"No","Metropolitan","Fog","Medium",1,"N",5
22,"Snack ",23,4,4.7,"motorcycle",0,"No","Semi-Urban","Fog","High ",1,"N",5
33,"Drinks ",37,19,2.7,"scooter",2,"No","Metropolitan","Sunny","Low ",1,"N",10
18,"Snack ",37,12,4.7,"scooter",2,"No","Metropolitan","Sunny","Medium",0,"N",5
42,"Buffet ",37,16,4.7,"electric_scooter",2,"No","Urban","Fog","Jam",1,"Y",5
24,"Meal ",20,23,4.8,"electric_scooter",2,"No","Metropolitan","Sunny","Low ",0,"Y",5
15,"Drinks ",37,19,5,"scooter",2,"No","Semi-Urban","Fog","Medium",1,"Y",15
26,"Buffet ",33,19,4.7,"motorcycle",2,"No","Metropolitan","Windy","High ",1,"N",10
15,"Meal ",38,17,5,"scooter",1,"No","Urban","Sunny","Low",0,"N",5
21,"Buffet ",37,8,4.7,"scooter",1,"No","Metropolitan","Cloudy","Low ",0,"N",5
38,"Drinks ",38,16,4.9,"motorcycle",0,"No","Metropolitan","Windy","Jam",2,"Y",10
28,"Meal ",39,17,4.9,"scooter",1,"No","Metropolitan","Stormy","Jam",1,"N",5
20,"Snack ",22,7,4.6,"motorcycle",0,"No","Metropolitan","Sandstorms","Low ",0,"N",5
15,"Meal ",32,12,4.8,"electric_scooter",1,"No","Metropolitan","Cloudy","Low ",0,"N",15
41,"Meal ",23,7,4.1,"electric_scooter",2,"No","Urban","Sandstorms","Jam ",1,"Y",10
19,"Snack ",25,16,4.8,"scooter",1,"No","Metropolitan","Sandstorms","Low ",0,"Y",10
29,"Meal ",38,6,4.6,"motorcycle",2,"No","Semi-Urban","Sandstorms","Jam ",1,"N",10
24,"Buffet ",31,19,4.7,"electric_scooter",2,"No","Semi-Urban","Sunny","Jam ",0,"Y",5
27,"Drinks ",20,14,4.9,"electric_scooter",1,"No","Metropolitan","Windy","High ",1,"N",10
38,"Meal ",20,10,4,"motorcycle",0,"No","Urban","Windy","Jam ",1,"N",10
21,"Buffet ",30,18,4.7,"scooter",2,"No","Metropolitan","Sunny","Medium",1,"Y",10
17,"Meal ",20,14,4.9,"motorcycle",0,"No","Metropolitan","Sandstorms","Low ",1,"N",10
34,"Buffet ",22,6,4.8,"electric_scooter",2,"No","Metropolitan","Windy","Medium",1,"N",10
11,"Buffet ",21,19,4.9,"motorcycle",1,"No","Metropolitan","Sandstorms","Low ",0,"N",10
32,"Buffet ",22,5,4.5,"scooter",2,"No","Urban","Windy","Jam ",1,"N",15
26,"Drinks ",26,19,4.9,"scooter",1,"No","Metropolitan","Sandstorms","Low ",1,"N",10
15,"Buffet ",33,15,4.9,"motorcycle",2,"No","Metropolitan","Fog","Medium",0,"Y",10
23,"Buffet ",39,13,5,"motorcycle",2,"No","Metropolitan","Sunny","Jam ",0,"Y",15
14,"Snack ",34,4,4.8,"motorcycle",1,"No","Metropolitan","Sandstorms","Low ",0,"N",5
28,"Drinks ",34,13,4.9,"motorcycle",1,"No","Metropolitan","Cloudy","Low ",1,"N",5
23,"Meal ",31,1,4.5,"motorcycle",2,"No","Metropolitan","Sunny","Medium",1,"N",15
16,"Buffet ",21,8,4.2,"motorcycle",0,"No","Metropolitan","Stormy","Low ",1,"N",15
19,"Buffet ",24,23,4.9,"electric_scooter",1,"No","Urban","Sunny","Low ",1,"N",10
31,"Drinks ",30,4,3.6,"motorcycle",2,"No","Metropolitan","Fog","Low ",1,"N",10
22,"Snack ",33,2,4.8,"motorcycle",0,"No","Urban","Fog","Low ",0,"N",5
26,"Meal ",33,22,5,"motorcycle",1,"No","Metropolitan","Sandstorms","Medium",0,"N",15
39,"Drinks ",33,3,4.2,"motorcycle",0,"No","Metropolitan","Stormy","Jam ",0,"N",15
18,"Drinks ",39,3,4.6,"scooter",1,"No","Metropolitan","Stormy","Low ",0,"Y",15
48,"Buffet ",36,23,4.8,"motorcycle",0,"No","Semi-Urban","Fog","Jam ",1,"Y",5
26,"Meal ",37,16,4.6,"scooter",2,"No","Metropolitan","Sunny","Medium",1,"N",5
16,"Buffet ",29,15,4.8,"motorcycle",2,"No","Metropolitan","Fog","Low ",0,"N",5
18,"Snack ",27,3,4.5,"motorcycle",1,"No","Semi-Urban","Stormy","Low",0,"N",5
51,"Meal ",31,18,4,"motorcycle",0,"No","Urban","Windy","Jam ",1,"N",15
24,"Buffet ",25,23,4.7,"motorcycle",0,"No","Metropolitan","Cloudy","Low ",1,"N",10
33,"Meal ",24,2,4.2,"motorcycle",0,"No","Metropolitan","Sandstorms","Medium",0,"N",15
16,"Buffet ",25,15,4.8,"scooter",0,"No","Urban","Stormy","Low",1,"N",5
21,"Drinks ",33,22,4.6,"motorcycle",0,"No","Metropolitan","Stormy","Medium",1,"N",15
22,"Snack ",27,4,4.5,"electric_scooter",2,"No","Urban","Sunny","High",0,"Y",15
28,"Buffet ",28,19,4.7,"motorcycle",2,"No","Urban","Sandstorms","Low",1,"N",5
22,"Drinks ",30,14,4.9,"motorcycle",1,"No","Metropolitan","Stormy","Medium",0,"Y",5
23,"Drinks ",29,18,4.5,"motorcycle",0,"No","Metropolitan","Stormy","Low ",1,"Y",5
34,"Meal ",39,17,4.4,"motorcycle",0,"No","Metropolitan","Stormy","Jam ",1,"N",5
21,"Meal ",32,7,4.8,"electric_scooter",1,"No","Semi-Urban","Stormy","Jam ",0,"N",10
25,"Meal ",27,15,5,"electric_scooter",2,"No","Urban","Stormy","Medium",0,"Y",15
30,"Buffet ",25,18,4.7,"motorcycle",1,"No","Urban","Sandstorms","Medium",1,"N",5
23,"Snack ",30,9,4.5,"motorcycle",0,"No","Semi-Urban","Sunny","Medium",0,"N",10
28,"Drinks ",26,19,4.9,"motorcycle",0,"No","Metropolitan","Cloudy","Jam ",1,"Y",15
25,"Drinks ",38,12,4,"motorcycle",0,"No","Metropolitan","Sandstorms","Low ",0,"Y",10
42,"Drinks ",26,21,4.9,"motorcycle",0,"No","Metropolitan","Sandstorms","Jam ",2,"N",10
25,"Snack ",26,15,4.6,"scooter",2,"No","Urban","Cloudy","Medium",0,"N",15
16,"Buffet ",30,18,4.8,"scooter",1,"No","Metropolitan","Sunny","Medium",0,"N",10
19,"Snack ",33,19,4.6,"motorcycle",1,"No","Semi-Urban","Fog","Medium",0,"N",5
23,"Meal ",20,9,4.4,"motorcycle",0,"No","Metropolitan","Windy","Low ",1,"Y",5
17,"Meal ",20,19,4.7,"motorcycle",2,"No","Semi-Urban","Sandstorms","Jam",1,"Y",15
15,"Snack ",39,19,5,"motorcycle",1,"No","Urban","Windy","Low ",0,"N",10
22,"Snack ",38,22,4.8,"scooter",0,"No","Urban","Cloudy","Low",1,"N",5
32,"Drinks ",36,2,4.3,"motorcycle",0,"No","Urban","Sandstorms","Low ",0,"Y",30
37,"Drinks ",37,9,3.7,"motorcycle",1,"No","Metropolitan","Cloudy","Low ",0,"N",10
26,"Buffet ",21,22,4.6,"motorcycle",2,"No","Semi-Urban","Sandstorms","Jam ",1,"N",15
23,"Buffet ",38,8,4.8,"scooter",2,"No","Semi-Urban","Sunny","High ",1,"Y",5
26,"Buffet ",22,7,4.5,"motorcycle",1,"No","Metropolitan","Fog","Jam ",1,"N",5
23,"Buffet ",25,16,4.9,"electric_scooter",0,"No","Semi-Urban","Sandstorms","Low ",1,"N",15
40,"Drinks ",27,23,4.6,"scooter",1,"No","Semi-Urban","Fog","Jam ",1,"Y",5
29,"Drinks ",37,18,4.6,"motorcycle",1,"No","Urban","Sandstorms","Jam ",0,"N",15
41,"Drinks ",32,23,4.7,"motorcycle",0,"No","Metropolitan","Stormy","Jam ",2,"Y",15
32,"Drinks ",33,4,4.9,"scooter",2,"No","Semi-Urban","Windy","Jam ",1,"Y",15
32,"Meal ",30,20,4,"motorcycle",2,"No","Semi-Urban","Fog","Medium",1,"N",10
20,"Buffet ",36,13,4.9,"motorcycle",1,"No","Metropolitan","Stormy","Low ",1,"Y",15
19,"Drinks ",38,3,4.5,"scooter",0,"No","Urban","Sunny","Low",1,"N",15
42,"Meal ",36,7,4.3,"electric_scooter",2,"No","Metropolitan","Cloudy","Medium",1,"N",5
22,"Snack ",21,4,4.3,"motorcycle",0,"No","Metropolitan","Stormy","Low ",1,"N",15
29,"Snack ",24,21,4.9,"scooter",1,"No","Urban","Sunny","Low",1,"N",5
19,"Meal ",23,8,4.9,"electric_scooter",1,"No","Metropolitan","Sunny","Low ",1,"N",15
18,"Snack ",28,22,5,"electric_scooter",1,"No","Metropolitan","Fog","Medium",0,"N",5
15,"Snack ",21,19,4.7,"scooter",2,"No","Urban","Windy","Medium",1,"N",5
25,"Drinks ",30,9,4.9,"scooter",1,"No","Metropolitan","Windy","Low ",1,"N",15
30,"Buffet ",28,17,4.9,"motorcycle",0,"No","Semi-Urban","Stormy","High",1,"N",5
21,"Buffet ",26,21,4.8,"electric_scooter",2,"No","Urban","Sunny","Low ",1,"N",5
42,"Buffet ",20,15,4.6,"electric_scooter",2,"No","Urban","Cloudy","Jam",1,"N",5
48,"Buffet ",27,8,4.8,"electric_scooter",2,"No","Urban","Stormy","Jam ",1,"N",5
33,"Drinks ",27,9,4.2,"scooter",1,"No","Semi-Urban","Sunny","High ",0,"N",15
39,"Snack ",37,19,4.3,"motorcycle",1,"No","Metropolitan","Sandstorms","Jam ",1,"Y",10
19,"Drinks ",21,19,4.7,"motorcycle",1,"No","Urban","Sandstorms","Low",1,"N",5
31,"Buffet ",29,5,4.3,"electric_scooter",1,"No","Urban","Cloudy","Medium",1,"N",15
27,"Snack ",25,6,4.6,"electric_scooter",2,"No","Metropolitan","Fog","Jam ",1,"N",10
31,"Buffet ",37,5,4.2,"motorcycle",0,"No","Metropolitan","Sandstorms","Low ",1,"N",5
15,"Buffet ",39,23,4.9,"electric_scooter",0,"No","Semi-Urban","Sandstorms","Jam ",0,"Y",5
28,"Snack ",37,4,4.7,"motorcycle",0,"No","Metropolitan","Windy","Jam ",1,"N",15
26,"Drinks ",36,19,4.9,"scooter",1,"No","Metropolitan","Windy","Low ",1,"Y",10
24,"Meal ",20,23,4.8,"electric_scooter",2,"No","Metropolitan","Sunny","Low ",0,"Y",5
32,"Drinks ",21,6,4.2,"motorcycle",0,"No","Urban","Stormy","Medium",1,"N",5
35,"Meal ",22,5,4.8,"scooter",0,"No","Metropolitan","Cloudy","Medium",1,"N",15
20,"Buffet ",23,21,4.6,"motorcycle",0,"No","Metropolitan","Sunny","Low ",1,"Y",10
42,"Drinks ",30,4,4.6,"motorcycle",0,"No","Metropolitan","Windy","Jam ",0,"N",10
28,"Snack ",29,21,4.8,"motorcycle",2,"No","Semi-Urban","Cloudy","High ",1,"N",10
19,"Meal ",28,3,4.7,"motorcycle",0,"No","Metropolitan","Stormy","Medium",1,"N",15
50,"Buffet ",25,21,4.8,"motorcycle",0,"No","Metropolitan","Fog","Jam ",1,"Y",5
38,"Buffet ",34,7,4.1,"motorcycle",0,"No","Semi-Urban","Windy","Medium",1,"Y",15
30,"Drinks ",33,14,4.8,"electric_scooter",0,"No","Semi-Urban","Stormy","Medium",1,"N",10
26,"Buffet ",21,8,4.1,"motorcycle",0,"No","Metropolitan","Windy","Low ",1,"Y",10
40,"Meal ",32,15,4.6,"motorcycle",2,"No","Semi-Urban","Sunny","Jam ",1,"Y",10
21,"Snack ",25,9,4.7,"motorcycle",1,"No","Metropolitan","Sunny","Low ",1,"Y",5
31,"Drinks ",39,6,3.6,"motorcycle",1,"No","Urban","Sandstorms","Jam",1,"Y",5
42,"Snack ",34,5,5,"motorcycle",0,"No","Urban","Fog","Jam",1,"N",10
28,"Drinks ",35,22,4.9,"electric_scooter",1,"No","Urban","Sandstorms","Jam ",1,"Y",10
36,"Snack ",34,17,4,"electric_scooter",1,"No","Urban","Stormy","Jam ",1,"N",5
24,"Snack ",29,13,4.6,"motorcycle",0,"No","Metropolitan","Sunny","Jam ",0,"N",5
38,"Drinks ",27,14,2.7,"scooter",2,"No","Metropolitan","Sandstorms","Low ",2,"N",5
39,"Drinks ",21,22,5,"motorcycle",0,"No","Metropolitan","Sunny","Jam ",1,"Y",15
24,"Drinks ",25,19,4.8,"motorcycle",0,"No","Metropolitan","Fog","Low ",1,"Y",15
20,"Meal ",30,17,4.9,"motorcycle",0,"No","Semi-Urban","Fog","Medium",0,"N",10
27,"Snack ",27,22,4.9,"electric_scooter",1,"No","Metropolitan","Fog","Low ",1,"N",5
16,"Meal ",24,15,4.8,"motorcycle",2,"No","Metropolitan","Sunny","Low ",1,"N",5
39,"Snack ",27,12,4.1,"electric_scooter",2,"No","Urban","Fog","Jam ",1,"N",15
30,"Snack ",34,22,5,"motorcycle",1,"No","Metropolitan","Sandstorms","Medium",1,"N",10
27,"Snack ",31,21,4.6,"motorcycle",2,"No","Metropolitan","Sunny","Medium",1,"Y",5
16,"Meal ",38,21,4.9,"scooter",2,"No","Metropolitan","Stormy","Low",0,"N",15
29,"Meal ",20,23,4.6,"scooter",1,"No","Metropolitan","Windy","High ",1,"N",10
20,"Buffet ",37,22,4.7,"motorcycle",1,"No","Semi-Urban","Stormy","High",0,"N",5
21,"Buffet ",25,2,4.5,"motorcycle",2,"No","Urban","Sunny","Medium",0,"N",5
20,"Buffet ",30,17,4.6,"motorcycle",1,"No","Urban","Fog","High",1,"N",10
23,"Drinks ",34,14,4.9,"electric_scooter",1,"No","Urban","Windy","Jam ",1,"N",15
16,"Meal ",27,13,4.8,"scooter",1,"No","Metropolitan","Sandstorms","Low ",1,"N",5
40,"Snack ",20,18,4.6,"motorcycle",0,"No","Metropolitan","Cloudy","Jam ",1,"Y",10
46,"Snack ",20,17,4.5,"motorcycle",0,"No","Metropolitan","Fog","Medium",1,"N",5
25,"Buffet ",35,9,4.8,"scooter",0,"No","Urban","Cloudy","Jam ",1,"Y",5
18,"Snack ",21,19,4.9,"motorcycle",1,"No","Semi-Urban","Sunny","High ",1,"Y",15
18,"Buffet ",22,19,4.7,"scooter",2,"No","Semi-Urban","Cloudy","Medium",0,"Y",10
32,"Snack ",30,17,4.7,"motorcycle",0,"No","Semi-Urban","Windy","Jam ",1,"Y",5
19,"Buffet ",38,16,4.9,"motorcycle",0,"No","Urban","Sandstorms","Low",0,"N",5
23,"Drinks ",28,15,4.5,"electric_scooter",0,"No","Metropolitan","Sunny","Low ",1,"N",20
26,"Drinks ",30,23,5,"scooter",2,"No","Metropolitan","Sandstorms","Jam ",1,"N",10
25,"Drinks ",39,8,5,"motorcycle",0,"No","Urban","Stormy","Low ",1,"N",10
32,"Buffet ",25,5,4.4,"electric_scooter",2,"No","Urban","Sandstorms","Medium",1,"N",5
18,"Meal ",27,17,4.8,"scooter",2,"No","Metropolitan","Fog","Low ",0,"N",10
25,"Drinks ",29,23,4.1,"motorcycle",0,"No","Metropolitan","Windy","Low ",1,"N",15
26,"Buffet ",34,3,4.5,"scooter",1,"No","Metropolitan","Cloudy","Low ",0,"N",15
16,"Snack ",21,11,4.6,"scooter",2,"No","Metropolitan","Sandstorms","Low ",0,"N",10
32,"Meal ",27,2,4.7,"motorcycle",1,"No","Semi-Urban","Fog","Jam ",1,"N",10
23,"Buffet ",39,17,5,"motorcycle",2,"No","Semi-Urban","Sandstorms","Medium",1,"N",10
25,"Meal ",34,22,4.6,"scooter",1,"No","Metropolitan","Windy","Low ",1,"N",10
21,"Buffet ",36,22,4.7,"motorcycle",0,"No","Metropolitan","Cloudy","High ",0,"N",10
31,"Snack ",39,9,4.7,"electric_scooter",2,"No","Metropolitan","Fog","Jam ",0,"N",10
16,"Snack ",34,16,5,"motorcycle",2,"No","Metropolitan","Sunny","Low ",0,"N",15
21,"Buffet ",31,6,4.8,"motorcycle",0,"No","Semi-Urban","Sandstorms","Medium",0,"N",15
15,"Drinks ",38,8,4.9,"scooter",2,"No","Semi-Urban","Sandstorms","Jam ",0,"N",15
29,"Meal ",33,11,4.2,"electric_scooter",0,"No","Metropolitan","Stormy","Low ",1,"Y",5
24,"Snack ",28,8,4.7,"motorcycle",0,"No","Metropolitan","Stormy","Jam ",1,"Y",10
21,"Meal ",33,9,5,"motorcycle",1,"No","Metropolitan","Windy","Medium",1,"N",5
38,"Buffet ",37,16,4.3,"motorcycle",0,"No","Metropolitan","Sunny","Medium",1,"N",10
24,"Buffet ",33,4,4.8,"motorcycle",1,"No","Metropolitan","Sandstorms","Medium",1,"N",15
36,"Meal ",30,15,4.1,"motorcycle",0,"No","Semi-Urban","Windy","Jam",2,"N",10
17,"Drinks ",25,19,4.9,"electric_scooter",2,"No","Semi-Urban","Sunny","High ",1,"N",5
13,"Buffet ",28,22,4.5,"electric_scooter",2,"No","Metropolitan","Windy","Low",0,"N",10
14,"Drinks ",35,22,4.6,"electric_scooter",2,"No","Metropolitan","Stormy","High ",0,"Y",15
29,"Buffet ",21,21,4.6,"motorcycle",0,"No","Urban","Cloudy","Jam",1,"N",15
30,"Snack ",27,9,4.6,"electric_scooter",2,"No","Metropolitan","Stormy","Jam ",1,"Y",10
29,"Meal ",37,8,4.8,"motorcycle",0,"No","Semi-Urban","Stormy","Medium",1,"N",5
34,"Snack ",28,18,4.6,"motorcycle",0,"No","Urban","Stormy","High",1,"N",15
20,"Meal ",29,19,4.7,"electric_scooter",2,"No","Semi-Urban","Sunny","Low",0,"Y",10
36,"Meal ",39,9,4.6,"motorcycle",0,"No","Metropolitan","Sandstorms","High ",1,"N",10
34,"Snack ",24,5,4.4,"motorcycle",1,"No","Metropolitan","Fog","Jam ",0,"N",5
31,"Buffet ",34,4,4.1,"scooter",2,"No","Metropolitan","Stormy","Medium",1,"N",5
19,"Drinks ",35,19,4.6,"scooter",2,"No","Metropolitan","Cloudy","Low ",0,"N",20
33,"Drinks ",28,10,4.1,"electric_scooter",2,"No","Metropolitan","Stormy","Jam ",1,"N",15
19,"Meal ",34,15,4.7,"motorcycle",2,"No","Metropolitan","Sunny","Low ",1,"N",5
34,"Drinks ",32,4,4,"scooter",1,"No","Metropolitan","Cloudy","High ",0,"Y",10
28,"Meal ",22,15,4.9,"electric_scooter",2,"No","Metropolitan","Windy","Jam ",1,"N",5
28,"Drinks ",33,9,4.8,"scooter",1,"No","Urban","Sandstorms","Jam ",1,"N",10
21,"Meal ",26,17,4.6,"electric_scooter",0,"No","Semi-Urban","Stormy","Low",0,"N",10
37,"Snack ",31,9,4.4,"motorcycle",1,"No","Metropolitan","Fog","Medium",1,"N",5
35,"Meal ",32,15,4.7,"motorcycle",0,"No","Urban","Stormy","Medium",1,"N",5
17,"Meal ",20,17,4.5,"electric_scooter",2,"No","Urban","Cloudy","Low ",0,"N",10
33,"Meal ",20,9,4,"motorcycle",1,"No","Metropolitan","Sandstorms","Medium",1,"N",10
36,"Drinks ",23,6,3.8,"electric_scooter",1,"No","Semi-Urban","Windy","Medium",1,"Y",5
14,"Buffet ",29,23,4.8,"motorcycle",2,"No","Urban","Windy","Low",1,"N",25
11,"Snack ",38,22,4.9,"scooter",2,"No","Urban","Windy","Low ",1,"Y",5
27,"Drinks ",37,16,4.6,"scooter",2,"No","Urban","Cloudy","Jam",1,"Y",5
10,"Drinks ",30,18,4.7,"electric_scooter",2,"No","Metropolitan","Windy","Low ",0,"Y",5
15,"Meal ",38,23,4.6,"scooter",2,"No","Urban","Sunny","Jam ",1,"N",15
30,"Buffet ",32,9,5,"motorcycle",2,"No","Semi-Urban","Cloudy","Low ",1,"N",15
26,"Snack ",39,23,4.7,"scooter",1,"No","Urban","Sandstorms","Medium",0,"Y",15
38,"Meal ",39,9,4,"electric_scooter",0,"No","Metropolitan","Sandstorms","Jam ",1,"Y",5
24,"Buffet ",31,17,4.9,"scooter",2,"No","Metropolitan","Windy","Low ",1,"N",10
24,"Drinks ",30,23,4.7,"scooter",2,"No","Metropolitan","Sunny","Medium",1,"N",15
25,"Drinks ",26,23,4.9,"electric_scooter",2,"No","Urban","Fog","Jam",1,"N",10
23,"Meal ",24,15,4.8,"motorcycle",0,"No","Metropolitan","Windy","Low ",1,"N",15
21,"Snack ",39,6,4.8,"motorcycle",0,"No","Metropolitan","Sandstorms","Low ",1,"N",5
40,"Drinks ",26,21,4.7,"scooter",0,"No","Urban","Stormy","Medium",1,"N",5
38,"Snack ",31,3,4,"electric_scooter",1,"No","Metropolitan","Cloudy","Jam",2,"N",15
30,"Buffet ",25,4,4.8,"motorcycle",0,"No","Urban","Windy","Jam ",1,"N",15
32,"Drinks ",30,7,4.1,"scooter",2,"No","Metropolitan","Fog","Jam ",1,"N",15
30,"Buffet ",26,4,4.6,"electric_scooter",2,"No","Urban","Fog","Jam ",0,"N",15
16,"Drinks ",26,23,4.7,"electric_scooter",2,"No","Metropolitan","Stormy","Medium",1,"N",15
15,"Drinks ",32,21,4.8,"electric_scooter",1,"No","Metropolitan","Fog","Low ",1,"N",10
28,"Snack ",29,16,4.6,"motorcycle",0,"No","Urban","Stormy","Medium",1,"N",5
19,"Snack ",32,18,4.8,"scooter",1,"No","Urban","Sunny","Jam",0,"N",5
52,"Buffet ",29,21,4.6,"motorcycle",0,"No","Urban","Fog","Jam ",1,"N",5
28,"Snack ",28,17,4.6,"motorcycle",2,"No","Metropolitan","Sandstorms","Jam ",1,"N",10
22,"Drinks ",22,2,4.5,"motorcycle",1,"No","Metropolitan","Sandstorms","Jam ",1,"N",10
28,"Drinks ",31,17,4.7,"electric_scooter",1,"No","Semi-Urban","Stormy","Jam ",1,"N",5
43,"Meal ",24,5,4.3,"electric_scooter",2,"No","Urban","Fog","Jam",1,"N",15
16,"Drinks ",20,18,4.5,"motorcycle",2,"No","Metropolitan","Sunny","High ",1,"Y",15
13,"Buffet ",31,6,4.9,"electric_scooter",2,"No","Metropolitan","Windy","Jam ",0,"N",15
29,"Snack ",39,6,4.9,"scooter",2,"No","Semi-Urban","Cloudy","Jam ",1,"N",15
31,"Drinks ",26,15,5,"scooter",1,"No","Metropolitan","Stormy","High ",1,"N",10
24,"Snack ",25,23,4.8,"motorcycle",0,"No","Semi-Urban","Sandstorms","Medium",1,"Y",10
18,"Meal ",33,18,4.8,"electric_scooter",0,"No","Metropolitan","Cloudy","Low ",1,"N",5
27,"Snack ",36,21,4.8,"scooter",1,"No","Semi-Urban","Windy","Medium",1,"Y",10
23,"Buffet ",31,15,4.7,"electric_scooter",1,"No","Urban","Sandstorms","Low ",1,"N",10
15,"Buffet ",20,19,4.8,"motorcycle",2,"No","Urban","Stormy","Low",0,"Y",5
39,"Buffet ",21,9,4.3,"electric_scooter",2,"No","Metropolitan","Cloudy","Low ",2,"N",10
26,"Snack ",29,19,4.9,"motorcycle",2,"No","Urban","Windy","Medium",1,"N",15
23,"Snack ",28,18,4.9,"scooter",1,"No","Urban","Sandstorms","Medium",1,"Y",15
31,"Snack ",22,5,4,"scooter",0,"No","Semi-Urban","Fog","High ",1,"N",5
26,"Buffet ",27,15,4.8,"scooter",2,"No","Semi-Urban","Sunny","Low ",1,"N",5
40,"Meal ",29,4,4.3,"motorcycle",1,"No","Urban","Cloudy","Medium",1,"N",5
21,"Drinks ",33,22,4.6,"motorcycle",0,"No","Metropolitan","Stormy","Medium",1,"N",15
16,"Drinks ",37,1,5,"electric_scooter",2,"No","Urban","Windy","Low",1,"N",20
35,"Meal ",39,8,4.8,"motorcycle",0,"No","Metropolitan","Fog","Medium",1,"N",10
18,"Buffet ",30,2,4.1,"motorcycle",0,"No","Metropolitan","Sandstorms","Low ",1,"N",10
36,"Snack ",34,5,4.3,"motorcycle",1,"No","Metropolitan","Fog","Jam ",1,"N",5
21,"Drinks ",36,21,4.5,"scooter",0,"No","Metropolitan","Stormy","Low ",1,"N",15
48,"Meal ",22,13,4.1,"scooter",0,"No","Metropolitan","Windy","Medium",2,"Y",10
19,"Snack ",23,23,4.6,"scooter",2,"No","Metropolitan","Sunny","Low ",0,"Y",5
34,"Drinks ",21,15,4.7,"scooter",1,"No","Semi-Urban","Fog","High ",1,"N",5
19,"Snack ",28,5,4.8,"electric_scooter",2,"No","Metropolitan","Sunny","High ",0,"Y",15
17,"Drinks ",31,6,4.8,"scooter",1,"No","Metropolitan","Fog","Medium",1,"N",15
16,"Drinks ",35,12,4.9,"scooter",2,"No","Metropolitan","Cloudy","Medium",1,"N",10
22,"Drinks ",38,17,4.9,"motorcycle",1,"No","Urban","Stormy","Low",0,"N",15
16,"Meal ",23,2,4.8,"motorcycle",0,"No","Metropolitan","Sunny","Medium",0,"N",15
17,"Meal ",36,6,4.7,"motorcycle",1,"No","Metropolitan","Fog","Low ",0,"N",10
18,"Snack ",35,18,4.7,"electric_scooter",2,"No","Semi-Urban","Fog","Low ",1,"Y",20
22,"Snack ",36,22,4.6,"scooter",1,"No","Semi-Urban","Sunny","Medium",1,"Y",15
30,"Meal ",39,14,4.5,"scooter",2,"No","Semi-Urban","Fog","High ",1,"Y",10
25,"Buffet ",38,12,4.5,"motorcycle",0,"No","Metropolitan","Windy","Low ",0,"N",15
19,"Snack ",24,22,4.7,"electric_scooter",1,"No","Urban","Windy","Low",1,"N",10
17,"Snack ",34,3,4.7,"motorcycle",2,"No","Metropolitan","Windy","Low ",1,"Y",15
29,"Meal ",35,5,4.6,"scooter",0,"No","Metropolitan","Windy","Medium",1,"N",5
11,"Buffet ",34,21,4.8,"motorcycle",1,"No","Semi-Urban","Sunny","Medium",0,"N",10
17,"Buffet ",22,3,4.8,"electric_scooter",2,"No","Metropolitan","Sunny","Low ",1,"N",10
18,"Meal ",31,14,4.7,"motorcycle",2,"No","Semi-Urban","Stormy","High ",1,"Y",15
13,"Buffet ",30,22,4.7,"electric_scooter",1,"No","Semi-Urban","Sunny","High ",1,"N",10
15,"Buffet ",34,19,4.6,"scooter",1,"No","Semi-Urban","Cloudy","Low ",0,"N",5
25,"Meal ",29,19,4.8,"scooter",2,"No","Metropolitan","Sandstorms","Medium",0,"N",10
18,"Buffet ",29,22,4.6,"motorcycle",1,"No","Metropolitan","Fog","Low ",1,"N",15
36,"Snack ",28,1,4.9,"motorcycle",0,"No","Metropolitan","Cloudy","Low ",1,"Y",15
33,"Buffet ",36,5,3.6,"motorcycle",2,"No","Urban","Stormy","Jam ",0,"N",15
25,"Snack ",29,13,4.7,"motorcycle",2,"No","Metropolitan","Stormy","Jam ",1,"N",15
33,"Drinks ",27,15,4,"motorcycle",0,"No","Semi-Urban","Windy","Low ",1,"Y",20
22,"Snack ",33,22,4.9,"motorcycle",0,"No","Urban","Cloudy","Low ",1,"N",15
20,"Snack ",26,15,4.6,"motorcycle",2,"No","Metropolitan","Stormy","Jam ",0,"N",15
25,"Drinks ",32,13,4.8,"motorcycle",2,"No","Urban","Windy","Jam ",1,"N",10
24,"Buffet ",20,3,4.5,"scooter",2,"No","Metropolitan","Windy","Jam ",0,"N",5
19,"Buffet ",31,14,4.6,"motorcycle",1,"No","Metropolitan","Sunny","Jam ",0,"Y",15
33,"Meal ",36,8,4.1,"scooter",1,"No","Metropolitan","Sandstorms","Jam ",0,"N",5
17,"Drinks ",26,23,4.5,"motorcycle",2,"No","Metropolitan","Stormy","Low ",1,"N",10
18,"Snack ",38,22,4.6,"motorcycle",1,"No","Urban","Fog","Low",1,"N",15
28,"Drinks ",24,8,4.8,"motorcycle",0,"No","Metropolitan","Stormy","Medium",1,"N",15
12,"Buffet ",24,23,4.9,"scooter",1,"No","Urban","Sandstorms","Low",1,"N",10
26,"Snack ",38,17,4.7,"motorcycle",0,"No","Metropolitan","Windy","Jam ",1,"N",10
31,"Meal ",39,2,4.3,"scooter",1,"No","Urban","Stormy","Jam ",2,"N",5
31,"Drinks ",22,2,4.2,"motorcycle",2,"No","Urban","Windy","High ",1,"N",5
21,"Meal ",22,9,4.6,"scooter",2,"No","Metropolitan","Windy","High ",1,"N",15
32,"Snack ",35,15,3.9,"motorcycle",1,"No","Semi-Urban","Cloudy","Low",1,"N",15
25,"Snack ",36,21,4.7,"motorcycle",0,"No","Metropolitan","Fog","Low ",0,"N",15
16,"Drinks ",32,16,4.9,"electric_scooter",1,"No","Urban","Sandstorms","Low",1,"Y",15
26,"Meal ",38,21,4.8,"scooter",0,"No","Urban","Sunny","Jam",1,"N",15
24,"Meal ",28,23,5,"scooter",0,"No","Urban","Cloudy","Low ",1,"Y",5
18,"Snack ",38,22,4.9,"motorcycle",2,"No","Metropolitan","Fog","Low ",0,"Y",15
38,"Drinks ",31,13,2.6,"motorcycle",1,"No","Metropolitan","Sunny","Low ",1,"N",5
30,"Meal ",25,17,4.9,"electric_scooter",1,"No","Metropolitan","Stormy","High ",1,"N",10
27,"Drinks ",30,22,4.6,"electric_scooter",0,"No","Metropolitan","Fog","Jam ",0,"N",15
23,"Meal ",27,4,4.7,"motorcycle",1,"No","Semi-Urban","Sunny","High ",0,"N",15
24,"Buffet ",36,7,4.7,"motorcycle",0,"No","Urban","Fog","Low ",1,"N",10
44,"Meal ",26,19,4.5,"motorcycle",1,"No","Urban","Stormy","Jam ",2,"N",5
24,"Drinks ",25,12,5,"motorcycle",1,"No","Metropolitan","Stormy","Low ",1,"N",15
36,"Meal ",32,19,5,"scooter",1,"No","Metropolitan","Fog","Jam ",2,"N",10
24,"Buffet ",36,4,5,"scooter",2,"No","Metropolitan","Sunny","Low ",1,"N",10
35,"Drinks ",38,19,4.9,"motorcycle",0,"No","Urban","Fog","Jam",0,"Y",5
49,"Meal ",23,3,4.6,"scooter",1,"No","Semi-Urban","Fog","Jam ",1,"N",10
17,"Meal ",24,23,4.9,"electric_scooter",1,"No","Metropolitan","Stormy","Medium",0,"N",15
18,"Meal ",22,18,4.9,"scooter",2,"No","Metropolitan","Cloudy","Low ",1,"Y",5
43,"Meal ",31,1,4.8,"motorcycle",0,"No","Metropolitan","Cloudy","Jam ",2,"Y",10
13,"Meal ",34,5,5,"scooter",1,"No","Metropolitan","Stormy","Low ",1,"N",10
22,"Buffet ",30,19,4.6,"scooter",2,"No","Metropolitan","Windy","Jam ",1,"N",15
33,"Meal ",30,11,3.5,"motorcycle",2,"No","Metropolitan","Sunny","Low ",0,"N",10
26,"Buffet ",28,16,4.8,"motorcycle",0,"No","Metropolitan","Fog","Jam ",1,"Y",10
41,"Buffet ",38,3,4.7,"electric_scooter",2,"No","Semi-Urban","Stormy","Medium",2,"Y",5
19,"Drinks ",39,15,4.9,"motorcycle",1,"No","Metropolitan","Sunny","Low ",1,"N",15
25,"Buffet ",25,18,4.7,"scooter",0,"No","Urban","Sunny","Low",1,"Y",5
17,"Buffet ",24,4,4.6,"electric_scooter",2,"No","Metropolitan","Windy","Low ",0,"Y",10
29,"Buffet ",34,22,4.9,"scooter",2,"No","Semi-Urban","Sunny","Low ",0,"N",5
22,"Meal ",38,9,4.5,"motorcycle",0,"No","Urban","Stormy","Low ",1,"N",10
31,"Meal ",35,6,3.6,"electric_scooter",2,"No","Semi-Urban","Sandstorms","Jam ",1,"N",10
16,"Drinks ",35,22,4.5,"motorcycle",1,"No","Metropolitan","Windy","Low ",1,"N",5
20,"Drinks ",36,6,4.7,"electric_scooter",2,"No","Urban","Sandstorms","Jam ",0,"N",10
27,"Snack ",24,9,4.8,"motorcycle",1,"No","Metropolitan","Windy","Jam ",1,"Y",5
26,"Snack ",37,21,4.8,"scooter",2,"No","Urban","Stormy","Jam",1,"Y",5
18,"Buffet ",39,15,4.9,"electric_scooter",2,"No","Urban","Stormy","Jam",1,"N",5
31,"Meal ",27,20,3.9,"scooter",2,"No","Metropolitan","Windy","Jam ",0,"N",5
21,"Meal ",38,16,4.7,"scooter",0,"No","Urban","Fog","Jam ",0,"N",10
17,"Snack ",30,14,4.7,"motorcycle",0,"No","Urban","Sunny","Low ",0,"N",5
26,"Meal ",31,9,4.6,"scooter",1,"No","Metropolitan","Sandstorms","Medium",0,"N",5
15,"Snack ",20,22,4.8,"scooter",1,"No","Semi-Urban","Sunny","Medium",0,"Y",15
18,"Meal ",34,17,4.8,"electric_scooter",2,"No","Urban","Sunny","Jam",1,"Y",15
17,"Buffet ",34,19,4.8,"motorcycle",1,"No","Semi-Urban","Windy","Low ",1,"N",5
39,"Buffet ",32,5,4,"electric_scooter",2,"No","Metropolitan","Cloudy","High ",1,"N",5
22,"Meal ",25,3,4.5,"motorcycle",0,"No","Urban","Stormy","Low",0,"Y",5
19,"Snack ",34,18,4.9,"electric_scooter",0,"No","Urban","Sunny","Low ",1,"N",15
31,"Drinks ",30,1,4.2,"scooter",1,"No","Metropolitan","Sunny","Jam ",1,"N",10
15,"Drinks ",30,21,4.8,"electric_scooter",2,"No","Urban","Stormy","Low ",0,"N",5
34,"Drinks ",27,9,4.4,"motorcycle",0,"No","Urban","Stormy","Medium",1,"N",10
32,"Snack ",35,17,4.1,"motorcycle",0,"No","Metropolitan","Stormy","Medium",1,"N",10
29,"Meal ",38,6,4.6,"motorcycle",2,"No","Semi-Urban","Sandstorms","Jam ",1,"N",10
37,"Drinks ",32,23,4.6,"scooter",1,"No","Metropolitan","Cloudy","Jam ",2,"N",15
23,"Meal ",33,2,4.5,"electric_scooter",2,"No","Metropolitan","Stormy","Medium",1,"Y",5
18,"Buffet ",25,22,4.9,"scooter",1,"No","Metropolitan","Cloudy","Low ",0,"Y",10
12,"Drinks ",39,19,4.8,"motorcycle",1,"No","Semi-Urban","Fog","Low",0,"N",5
20,"Meal ",27,6,4.6,"electric_scooter",2,"No","Metropolitan","Stormy","Jam ",1,"N",10
19,"Buffet ",36,12,4.6,"scooter",1,"No","Metropolitan","Cloudy","Medium",1,"Y",5
22,"Buffet ",24,21,5,"motorcycle",1,"No","Urban","Fog","Low",0,"N",10
20,"Drinks ",39,17,5,"motorcycle",2,"No","Metropolitan","Windy","High ",1,"N",15
16,"Drinks ",29,12,4.7,"electric_scooter",1,"No","Semi-Urban","Sunny","Medium",1,"Y",5
22,"Meal ",23,9,4.2,"scooter",0,"No","Metropolitan","Stormy","Low ",1,"N",5
25,"Meal ",22,23,4.9,"motorcycle",0,"No","Urban","Stormy","Medium",1,"N",10
25,"Meal ",24,18,4.9,"motorcycle",1,"No","Metropolitan","Sandstorms","High ",1,"Y",15
18,"Buffet ",23,16,4.9,"motorcycle",1,"No","Urban","Stormy","Low",0,"N",15
34,"Buffet ",32,8,4.4,"electric_scooter",0,"No","Semi-Urban","Stormy","Medium",1,"N",10
15,"Drinks ",36,13,4.7,"scooter",2,"No","Semi-Urban","Stormy","Jam ",1,"Y",5
25,"Drinks ",23,13,4.9,"electric_scooter",2,"No","Metropolitan","Sandstorms","Jam ",1,"Y",5
42,"Buffet ",22,14,4.6,"motorcycle",0,"No","Metropolitan","Fog","Medium",0,"Y",10
17,"Drinks ",20,21,4.5,"electric_scooter",1,"No","Metropolitan","Stormy","Low ",0,"N",5
15,"Drinks ",22,13,4.6,"motorcycle",0,"No","Metropolitan","Sandstorms","High ",1,"N",10
47,"Meal ",36,23,4.7,"scooter",1,"No","Metropolitan","Cloudy","Jam ",1,"N",15
17,"Buffet ",26,3,4.6,"scooter",1,"No","Urban","Fog","Medium",0,"N",5
10,"Meal ",28,19,5,"motorcycle",1,"No","Urban","Stormy","Low",0,"N",10
26,"Meal ",23,5,4.6,"motorcycle",0,"No","Semi-Urban","Stormy","Jam ",0,"N",15
39,"Snack ",31,5,4.4,"motorcycle",0,"No","Semi-Urban","Fog","Low ",0,"Y",10
20,"Drinks ",28,18,4.2,"scooter",0,"No","Urban","Stormy","Low ",1,"Y",10
28,"Meal ",35,23,4.5,"scooter",1,"No","Metropolitan","Windy","Medium",1,"N",15
21,"Drinks ",27,22,4.5,"electric_scooter",2,"No","Metropolitan","Windy","Low ",0,"N",5
37,"Snack ",37,9,4.8,"motorcycle",0,"No","Metropolitan","Stormy","Low ",1,"N",10
19,"Snack ",33,17,5,"scooter",2,"No","Metropolitan","Fog","Low",1,"N",5
36,"Buffet ",28,3,4.1,"motorcycle",2,"No","Semi-Urban","Windy","Medium",1,"N",15
21,"Drinks ",28,22,4.5,"scooter",0,"No","Semi-Urban","Cloudy","Low ",0,"N",5
11,"Snack ",23,18,4.8,"scooter",2,"No","Semi-Urban","Windy","Low ",1,"N",5
37,"Drinks ",29,4,5,"motorcycle",0,"No","Metropolitan","Cloudy","Medium",0,"N",10
47,"Drinks ",32,17,4.7,"electric_scooter",2,"Yes","Metropolitan","Cloudy","Jam ",1,"Y",15
29,"Buffet ",29,19,4.7,"motorcycle",1,"No","Metropolitan","Sandstorms","Medium",0,"Y",5
22,"Buffet ",25,18,4.7,"electric_scooter",1,"No","Metropolitan","Windy","Medium",1,"N",10
28,"Snack ",36,19,4.7,"motorcycle",1,"No","Metropolitan","Stormy","Medium",1,"N",10
19,"Meal ",34,23,4.8,"scooter",2,"No","Metropolitan","Cloudy","Low ",0,"N",15
39,"Buffet ",25,5,4.3,"scooter",1,"No","Semi-Urban","Fog","Jam ",1,"N",10
27,"Snack ",32,6,4.8,"motorcycle",1,"No","Semi-Urban","Stormy","Jam ",0,"N",5
26,"Buffet ",30,5,4.7,"scooter",1,"No","Metropolitan","Sunny","Medium",1,"Y",5
29,"Drinks ",20,13,5,"motorcycle",2,"No","Metropolitan","Sandstorms","Jam ",1,"Y",10
21,"Drinks ",23,22,4.6,"motorcycle",0,"No","Metropolitan","Stormy","Medium",1,"N",5
24,"Buffet ",26,15,4.6,"motorcycle",0,"No","Metropolitan","Sunny","Jam ",1,"Y",15
20,"Meal ",33,12,4.6,"motorcycle",1,"No","Metropolitan","Sandstorms","High ",0,"N",10
27,"Buffet ",26,15,4.7,"scooter",1,"No","Metropolitan","Sandstorms","Low ",1,"N",10
16,"Drinks ",20,3,4.5,"electric_scooter",0,"No","Metropolitan","Sandstorms","Low",1,"N",5
20,"Buffet ",25,23,4,"electric_scooter",0,"No","Urban","Sandstorms","Low ",0,"Y",5
27,"Buffet ",20,22,4.9,"electric_scooter",1,"No","Metropolitan","Stormy","Medium",1,"N",15
34,"Snack ",38,9,4.7,"electric_scooter",1,"No","Semi-Urban","Fog","Medium",1,"Y",10
33,"Buffet ",23,18,4.9,"motorcycle",2,"No","Semi-Urban","Cloudy","Jam",1,"N",15
26,"Buffet ",31,15,4.7,"scooter",1,"No","Metropolitan","Sandstorms","Medium",0,"N",10
25,"Drinks ",26,16,4.5,"scooter",1,"No","Metropolitan","Sandstorms","Medium",1,"N",10
29,"Buffet ",32,6,4.8,"motorcycle",0,"No","Metropolitan","Stormy","High ",1,"N",15
28,"Snack ",33,19,5,"electric_scooter",2,"No","Metropolitan","Cloudy","Low",1,"N",15
18,"Drinks ",38,23,4.9,"motorcycle",2,"No","Metropolitan","Stormy","Medium",1,"N",10
17,"Meal ",22,23,4.9,"motorcycle",1,"No","Metropolitan","Sandstorms","Low ",1,"N",15
24,"Meal ",34,17,4.6,"motorcycle",2,"No","Metropolitan","Windy","Medium",0,"Y",15
16,"Meal ",33,21,4.8,"scooter",0,"No","Metropolitan","Sandstorms","Low ",1,"N",5
39,"Meal ",26,23,4.3,"motorcycle",0,"No","Metropolitan","Stormy","Medium",2,"N",15
19,"Snack ",27,6,5,"motorcycle",0,"No","Metropolitan","Sunny","Low ",1,"N",5
52,"Buffet ",38,23,4.5,"scooter",0,"Yes","Metropolitan","Sunny","High ",2,"N",5
37,"Meal ",29,3,4.5,"motorcycle",1,"No","Metropolitan","Sandstorms","Medium",1,"N",10
26,"Drinks ",26,8,4.8,"motorcycle",1,"No","Metropolitan","Stormy","Jam ",1,"N",10
33,"Snack ",22,3,4.3,"scooter",1,"No","Urban","Cloudy","Jam",0,"N",5
43,"Meal ",24,3,5,"motorcycle",0,"No","Metropolitan","Stormy","Medium",1,"Y",15
22,"Snack ",28,22,5,"motorcycle",0,"No","Semi-Urban","Stormy","Low ",1,"Y",10
28,"Snack ",28,17,4.6,"motorcycle",2,"No","Metropolitan","Sandstorms","Jam ",1,"N",10
43,"Drinks ",22,13,4.4,"motorcycle",1,"No","Urban","Windy","Jam ",0,"N",15
10,"Buffet ",28,18,4.8,"scooter",1,"No","Metropolitan","Stormy","Low",0,"N",5
29,"Meal ",38,22,4.6,"electric_scooter",1,"No","Urban","Windy","Medium",1,"Y",15
20,"Snack ",20,16,5,"scooter",0,"No","Urban","Fog","Low ",1,"N",5
15,"Meal ",37,15,5,"motorcycle",0,"No","Urban","Sunny","Low ",0,"N",15
18,"Drinks ",25,13,4.6,"scooter",0,"No","Metropolitan","Fog","Low ",1,"N",25
24,"Buffet ",29,15,4.8,"motorcycle",2,"No","Metropolitan","Sunny","Medium",1,"N",10
27,"Meal ",39,23,4.5,"motorcycle",0,"No","Urban","Stormy","Low ",1,"N",15
26,"Buffet ",20,3,4.9,"electric_scooter",2,"No","Urban","Fog","Low ",1,"N",10
30,"Snack ",28,21,4.9,"motorcycle",0,"No","Urban","Stormy","Medium",0,"N",15
31,"Buffet ",22,9,4.3,"scooter",2,"No","Urban","Stormy","Jam ",1,"N",15
36,"Drinks ",27,5,3.6,"scooter",2,"No","Urban","Windy","Jam ",1,"N",5
23,"Drinks ",35,15,5,"motorcycle",0,"No","Metropolitan","Stormy","Low ",1,"Y",5
42,"Drinks ",39,17,4.3,"electric_scooter",0,"No","Metropolitan","Windy","Jam ",2,"N",10
16,"Buffet ",21,15,4.6,"motorcycle",2,"No","Metropolitan","Sunny","Medium",0,"N",5
35,"Snack ",33,5,4.3,"motorcycle",0,"No","Urban","Sandstorms","Jam ",1,"N",15
39,"Snack ",30,23,4.7,"electric_scooter",2,"No","Metropolitan","Cloudy","Jam ",1,"N",5
20,"Snack ",34,18,4.9,"scooter",1,"No","Semi-Urban","Windy","Jam",1,"N",15
26,"Meal ",35,16,4.6,"motorcycle",1,"No","Urban","Stormy","Jam",1,"N",5
26,"Drinks ",39,21,4.7,"scooter",2,"No","Semi-Urban","Fog","Medium",0,"N",10
36,"Meal ",32,12,4.4,"motorcycle",0,"No","Metropolitan","Sandstorms","Jam ",0,"N",15
23,"Meal ",36,22,5,"scooter",0,"No","Urban","Stormy","Low ",1,"Y",10
29,"Meal ",38,6,4.6,"motorcycle",2,"No","Semi-Urban","Sandstorms","Jam ",1,"N",10
26,"Snack ",23,8,5,"motorcycle",0,"No","Semi-Urban","Sunny","Jam ",0,"N",15
27,"Snack ",28,5,4.6,"electric_scooter",1,"No","Metropolitan","Sandstorms","High ",1,"N",15
29,"Buffet ",30,6,4.8,"motorcycle",0,"No","Metropolitan","Sunny","Low ",1,"N",5
51,"Buffet ",30,14,4.3,"motorcycle",0,"No","Metropolitan","Windy","Jam ",0,"Y",15
25,"Snack ",21,23,4.9,"scooter",1,"No","Metropolitan","Windy","Jam ",1,"N",15
38,"Snack ",21,8,4.2,"motorcycle",0,"No","Metropolitan","Sandstorms","Jam ",1,"Y",5
11,"Drinks ",20,16,4.8,"electric_scooter",2,"No","Urban","Windy","Low",1,"Y",5
12,"Snack ",24,3,4.6,"motorcycle",1,"No","Metropolitan","Windy","Low ",0,"N",5
16,"Snack ",29,5,4.5,"electric_scooter",2,"No","Urban","Sandstorms","Medium",0,"N",15
40,"Buffet ",36,21,3.8,"scooter",2,"Yes","Metropolitan","Windy","Jam ",1,"Y",10
29,"Buffet ",26,7,4.8,"scooter",1,"No","Urban","Sandstorms","Low ",0,"N",5
47,"Drinks ",28,12,4.3,"motorcycle",0,"No","Metropolitan","Sandstorms","Medium",3,"N",15
24,"Meal ",27,17,4.9,"scooter",1,"No","Metropolitan","Sunny","Low ",0,"N",15
20,"Drinks ",33,19,4.8,"electric_scooter",2,"No","Metropolitan","Sunny","Medium",1,"N",10
20,"Snack ",22,23,4.8,"motorcycle",2,"No","Urban","Sunny","Low ",0,"N",15
35,"Drinks ",26,7,4.8,"electric_scooter",0,"No","Metropolitan","Sandstorms","Medium",1,"N",15
30,"Meal ",37,8,4.9,"electric_scooter",0,"No","Urban","Stormy","High ",1,"N",15
22,"Drinks ",24,18,4.6,"motorcycle",1,"No","Urban","Stormy","Jam",1,"N",10
16,"Meal ",35,16,4.6,"motorcycle",1,"No","Urban","Sandstorms","Low",0,"N",10
22,"Snack ",25,6,4.5,"electric_scooter",2,"No","Urban","Windy","Jam",1,"N",15
35,"Meal ",22,6,4,"motorcycle",0,"No","Urban","Stormy","Jam",1,"N",10
13,"Buffet ",20,6,4.8,"scooter",1,"No","Urban","Sunny","Low",1,"N",15
24,"Drinks ",31,15,4.6,"motorcycle",1,"No","Urban","Stormy","Low",1,"N",5
19,"Meal ",35,23,5,"motorcycle",1,"No","Metropolitan","Sunny","Jam ",1,"N",15
32,"Meal ",33,16,4,"scooter",2,"No","Semi-Urban","Windy","High ",1,"N",15
31,"Snack ",38,21,4.6,"scooter",2,"No","Semi-Urban","Fog","Jam ",1,"Y",5
32,"Buffet ",32,13,4.9,"electric_scooter",1,"No","Metropolitan","Cloudy","Medium",1,"N",5
33,"Drinks ",26,9,4.9,"motorcycle",0,"No","Metropolitan","Sandstorms","Jam ",0,"N",15
22,"Drinks ",24,21,4.7,"motorcycle",0,"No","Urban","Windy","High",0,"N",15
46,"Meal ",27,4,4.8,"scooter",0,"No","Metropolitan","Cloudy","Jam ",1,"N",15
26,"Meal ",31,14,4.8,"motorcycle",0,"No","Metropolitan","Stormy","Jam ",0,"N",5
29,"Meal ",34,11,4.5,"motorcycle",2,"No","Metropolitan","Sandstorms","Low ",1,"Y",5
29,"Drinks ",20,5,4.7,"electric_scooter",0,"No","Metropolitan","Cloudy","Low ",1,"N",5
44,"Snack ",35,15,4,"scooter",1,"No","Urban","Fog","Jam ",2,"N",15
21,"Meal ",38,23,4.9,"motorcycle",0,"No","Metropolitan","Fog","Low ",0,"Y",5
31,"Drinks ",29,5,4.3,"scooter",1,"No","Metropolitan","Cloudy","Medium",0,"N",5
33,"Buffet ",35,5,4.1,"electric_scooter",2,"No","Metropolitan","Windy","Jam ",1,"N",5
21,"Meal ",38,16,4.8,"electric_scooter",2,"No","Metropolitan","Stormy","Low",1,"N",10
19,"Buffet ",31,21,4.6,"motorcycle",1,"No","Urban","Windy","Low",1,"N",15
25,"Meal ",20,18,5,"motorcycle",0,"No","Urban","Sandstorms","Medium",1,"N",15
22,"Meal ",30,9,4.9,"motorcycle",1,"No","Metropolitan","Sunny","Medium",0,"N",5
29,"Meal ",25,16,4.6,"motorcycle",2,"No","Urban","Stormy","Low",1,"Y",5
20,"Drinks ",20,21,5,"electric_scooter",0,"No","Metropolitan","Fog","Medium",1,"N",5
28,"Buffet ",24,18,4.7,"scooter",1,"No","Semi-Urban","Sandstorms","Medium",1,"Y",5
54,"Buffet ",22,5,3.6,"scooter",0,"Yes","Urban","Sunny","Jam",3,"N",5
23,"Snack ",39,21,4.9,"motorcycle",0,"No","Semi-Urban","Sunny","Low",0,"N",20
29,"Drinks ",36,6,4.8,"electric_scooter",0,"No","Semi-Urban","Cloudy","Low ",0,"N",5
39,"Meal ",25,3,4.2,"motorcycle",2,"Yes","Metropolitan","Fog","Medium",1,"N",10
32,"Buffet ",27,2,4.2,"scooter",2,"No","Urban","Windy","Medium",0,"N",15
28,"Snack ",21,21,4.8,"motorcycle",1,"No","Semi-Urban","Stormy","Medium",1,"Y",5
25,"Snack ",31,11,4,"motorcycle",0,"No","Metropolitan","Windy","Low ",1,"N",10
29,"Drinks ",29,23,4.7,"motorcycle",0,"No","Metropolitan","Sunny","Jam",1,"N",15
54,"Drinks ",24,4,4.2,"motorcycle",0,"No","Metropolitan","Sunny","High ",3,"N",5
35,"Drinks ",38,4,4.1,"motorcycle",2,"No","Urban","Fog","Jam ",1,"N",10
44,"Snack ",35,3,5,"electric_scooter",0,"No","Metropolitan","Stormy","Jam ",1,"N",15
22,"Buffet ",21,23,4.8,"motorcycle",1,"No","Metropolitan","Sunny","High ",0,"Y",5
34,"Meal ",21,16,3.8,"scooter",2,"No","Semi-Urban","Stormy","Low ",2,"N",15
14,"Drinks ",34,12,5,"scooter",2,"No","Urban","Sunny","Low ",0,"N",15
14,"Drinks ",29,22,4.9,"electric_scooter",2,"No","Semi-Urban","Windy","Jam ",1,"N",15
16,"Buffet ",38,16,4.8,"motorcycle",1,"No","Urban","Sunny","Low",0,"N",10
29,"Snack ",37,7,4.5,"motorcycle",1,"No","Metropolitan","Fog","Medium",1,"N",5
35,"Buffet ",38,12,4.2,"scooter",2,"No","Metropolitan","Cloudy","Jam ",0,"N",5
24,"Meal ",20,23,4.8,"electric_scooter",2,"No","Metropolitan","Sunny","Low ",0,"Y",5
19,"Meal ",21,12,4.8,"electric_scooter",2,"No","Semi-Urban","Sunny","Low ",1,"N",5
32,"Snack ",22,6,4,"motorcycle",0,"No","Semi-Urban","Sandstorms","Medium",1,"N",10
18,"Drinks ",39,16,4.6,"scooter",2,"No","Semi-Urban","Windy","Low ",0,"N",5
37,"Drinks ",23,19,4.3,"scooter",1,"No","Metropolitan","Fog","High ",1,"N",5
16,"Drinks ",20,19,4.5,"motorcycle",0,"No","Urban","Sandstorms","Jam ",0,"N",5
31,"Buffet ",39,19,5,"electric_scooter",1,"No","Urban","Cloudy","High",0,"N",15
23,"Snack ",38,3,4.5,"scooter",2,"No","Metropolitan","Windy","Jam ",1,"N",10
31,"Meal ",35,23,4.8,"motorcycle",0,"No","Metropolitan","Windy","Medium",1,"Y",10
28,"Drinks ",28,9,4.9,"motorcycle",2,"No","Metropolitan","Sandstorms","Medium",1,"Y",10
46,"Drinks ",21,7,4.2,"scooter",1,"Yes","Metropolitan","Fog","Jam ",3,"Y",5
33,"Meal ",33,8,4,"scooter",1,"No","Semi-Urban","Fog","Jam ",1,"N",10
46,"Drinks ",34,5,4.7,"electric_scooter",0,"Yes","Metropolitan","Stormy","High ",3,"N",10
46,"Snack ",35,13,3.7,"motorcycle",0,"Yes","Semi-Urban","Sunny","High ",1,"Y",5
48,"Meal ",27,5,4.9,"electric_scooter",0,"No","Metropolitan","Fog","Jam ",1,"N",5
33,"Snack ",30,5,4.4,"electric_scooter",2,"No","Urban","Windy","Jam ",1,"Y",5
13,"Drinks ",31,23,4.6,"electric_scooter",1,"No","Urban","Sandstorms","Low ",0,"Y",10
24,"Drinks ",24,15,4.5,"motorcycle",0,"No","Urban","Fog","Low ",1,"Y",15
34,"Buffet ",35,19,4.3,"electric_scooter",1,"No","Metropolitan","Stormy","Medium",2,"N",5
15,"Drinks ",35,3,4.3,"scooter",0,"No","Urban","Stormy","Low",1,"N",15
39,"Meal ",21,22,4.3,"motorcycle",1,"No","Metropolitan","Cloudy","Medium",0,"N",15
34,"Snack ",25,5,5,"motorcycle",0,"No","Metropolitan","Sandstorms","Jam ",1,"N",5
21,"Meal ",24,17,4.9,"motorcycle",0,"No","Metropolitan","Fog","High ",1,"Y",15
40,"Buffet ",31,9,3.5,"scooter",1,"No","Metropolitan","Sandstorms","Jam ",1,"N",15
20,"Meal ",27,13,4.6,"motorcycle",1,"No","Urban","Sandstorms","Low ",0,"N",20
23,"Meal ",37,18,4.9,"scooter",2,"No","Urban","Sunny","Jam ",0,"N",10
16,"Drinks ",37,1,5,"electric_scooter",2,"No","Urban","Windy","Low",1,"N",20
31,"Meal ",22,4,4.8,"scooter",1,"No","Urban","Sandstorms","Jam",1,"N",15
25,"Buffet ",23,23,4.5,"motorcycle",1,"No","Metropolitan","Windy","Low ",1,"N",5
33,"Meal ",30,3,4.3,"motorcycle",0,"No","Urban","Stormy","High ",1,"N",10
22,"Drinks ",37,17,4.9,"motorcycle",0,"No","Urban","Stormy","Low ",1,"Y",15
38,"Buffet ",32,13,4.7,"motorcycle",1,"No","Metropolitan","Cloudy","Medium",0,"N",5
35,"Buffet ",31,8,4.8,"electric_scooter",0,"No","Metropolitan","Cloudy","Medium",1,"N",15
26,"Buffet ",38,7,4.7,"electric_scooter",2,"No","Metropolitan","Windy","Low ",1,"N",5
33,"Meal ",21,9,4.1,"scooter",0,"No","Semi-Urban","Sandstorms","Medium",0,"N",5
24,"Drinks ",36,21,4.7,"motorcycle",0,"No","Semi-Urban","Sunny","High ",1,"N",5
27,"Snack ",37,14,5,"motorcycle",0,"No","Urban","Sandstorms","Low ",1,"Y",15
35,"Buffet ",27,16,4.7,"motorcycle",1,"No","Metropolitan","Fog","Medium",0,"Y",10
21,"Drinks ",27,18,4.6,"scooter",1,"No","Metropolitan","Stormy","Low ",1,"N",5
15,"Buffet ",28,19,5,"motorcycle",2,"No","Urban","Stormy","Low",1,"N",15
38,"Snack ",34,6,5,"motorcycle",0,"No","Metropolitan","Stormy","Medium",2,"Y",15
42,"Snack ",35,6,4.3,"motorcycle",1,"No","Metropolitan","Fog","Jam ",1,"N",5
29,"Drinks ",20,17,4.6,"scooter",2,"No","Metropolitan","Stormy","Medium",1,"Y",15
23,"Drinks ",34,16,4.7,"motorcycle",0,"No","Metropolitan","Cloudy","Low ",1,"N",5
23,"Meal ",28,13,4.8,"motorcycle",2,"No","Metropolitan","Sunny","Jam ",1,"Y",10
19,"Buffet ",38,6,4.5,"electric_scooter",2,"No","Metropolitan","Fog","Medium",1,"N",10
28,"Meal ",39,12,5,"electric_scooter",1,"No","Metropolitan","Sandstorms","Medium",1,"N",15
15,"Buffet ",28,15,4.7,"scooter",1,"No","Semi-Urban","Sandstorms","Jam",1,"Y",10
22,"Drinks ",29,21,4.8,"electric_scooter",0,"No","Metropolitan","Cloudy","High ",1,"N",10
33,"Meal ",33,11,3.8,"scooter",2,"No","Metropolitan","Fog","Jam ",1,"Y",5
16,"Buffet ",34,23,4.8,"electric_scooter",2,"No","Semi-Urban","Cloudy","Low ",0,"N",10
16,"Drinks ",33,22,4.8,"motorcycle",2,"No","Metropolitan","Cloudy","Low ",0,"Y",5
32,"Buffet ",36,5,3.7,"electric_scooter",2,"No","Urban","Windy","Medium",1,"N",15
25,"Meal ",22,2,4.6,"motorcycle",0,"No","Urban","Stormy","Medium",0,"N",5
30,"Meal ",39,17,4.8,"motorcycle",1,"No","Metropolitan","Fog","High ",1,"Y",10
14,"Snack ",25,23,4.8,"electric_scooter",1,"No","Metropolitan","Stormy","Low ",0,"N",15
25,"Meal ",31,21,4.6,"scooter",2,"No","Metropolitan","Stormy","Jam ",1,"N",10
12,"Drinks ",30,15,4.6,"scooter",2,"No","Semi-Urban","Sunny","Medium",1,"N",15
26,"Drinks ",32,22,4.7,"scooter",1,"No","Metropolitan","Sandstorms","Low",1,"Y",15
17,"Drinks ",39,21,4.9,"electric_scooter",1,"No","Metropolitan","Windy","Low ",0,"N",5
44,"Drinks ",24,15,4.8,"motorcycle",1,"No","Urban","Cloudy","Jam",2,"N",15
30,"Meal ",32,5,4.7,"motorcycle",0,"No","Urban","Stormy","Jam ",1,"N",15
25,"Meal ",22,18,4.7,"scooter",1,"No","Metropolitan","Stormy","Medium",1,"Y",10
39,"Snack ",33,10,4,"motorcycle",2,"No","Semi-Urban","Stormy","Jam ",1,"N",10
26,"Drinks ",32,23,5,"motorcycle",0,"No","Metropolitan","Sunny","Medium",0,"Y",10
25,"Drinks ",22,22,4.6,"electric_scooter",1,"No","Metropolitan","Fog","Medium",1,"N",10
15,"Drinks ",30,17,4.5,"scooter",1,"No","Metropolitan","Stormy","Low ",0,"N",15
23,"Drinks ",25,23,4.9,"motorcycle",1,"No","Urban","Stormy","Medium",1,"Y",5
27,"Buffet ",31,18,4.6,"electric_scooter",2,"No","Metropolitan","Fog","Low ",1,"N",5
42,"Meal ",23,3,4.2,"scooter",0,"No","Metropolitan","Stormy","Jam ",3,"N",15
20,"Buffet ",29,8,4.5,"motorcycle",0,"No","Metropolitan","Stormy","Medium",0,"Y",15
26,"Meal ",28,23,4.9,"scooter",1,"No","Urban","Sunny","Low ",0,"N",10
21,"Drinks ",27,22,4.5,"electric_scooter",2,"No","Metropolitan","Windy","Low ",0,"N",5
16,"Buffet ",37,13,4.9,"motorcycle",2,"No","Metropolitan","Windy","Jam ",1,"N",10
29,"Drinks ",26,8,4.8,"electric_scooter",1,"No","Semi-Urban","Windy","Medium",1,"N",15
32,"Snack ",27,5,4.9,"scooter",0,"No","Metropolitan","Sandstorms","Medium",1,"N",10
18,"Meal ",20,18,4.7,"scooter",2,"No","Metropolitan","Windy","Jam ",1,"N",5
26,"Buffet ",36,23,4.7,"electric_scooter",0,"No","Metropolitan","Sunny","Medium",1,"N",15
28,"Buffet ",27,1,4,"electric_scooter",0,"No","Urban","Stormy","Low",1,"N",5
20,"Meal ",34,21,4.8,"motorcycle",0,"No","Metropolitan","Sunny","Jam ",1,"N",15
24,"Snack ",39,23,4.6,"scooter",0,"No","Metropolitan","Windy","Low ",0,"N",15
36,"Snack ",33,23,4.9,"motorcycle",1,"No","Metropolitan","Fog","Jam ",2,"N",5
18,"Meal ",21,17,4.7,"motorcycle",2,"No","Metropolitan","Cloudy","Medium",1,"Y",15
22,"Drinks ",34,18,4.6,"electric_scooter",2,"No","Semi-Urban","Sunny","Jam ",1,"N",5
16,"Drinks ",30,16,4.9,"scooter",1,"No","Semi-Urban","Windy","Low",0,"N",5
20,"Buffet ",31,23,4.7,"electric_scooter",2,"No","Metropolitan","Windy","Medium",0,"N",15
27,"Meal ",27,22,5,"electric_scooter",1,"No","Metropolitan","Windy","Low ",1,"N",15
18,"Buffet ",20,12,4.6,"electric_scooter",1,"No","Metropolitan","Windy","Jam ",1,"N",5
38,"Meal ",27,2,4.6,"electric_scooter",2,"No","Semi-Urban","Fog","High ",1,"N",15
26,"Snack ",32,5,4.8,"motorcycle",0,"No","Urban","Windy","Low",1,"N",15
28,"Meal ",26,16,4.7,"motorcycle",2,"No","Semi-Urban","Sunny","Low ",1,"Y",15
34,"Buffet ",35,11,4,"scooter",1,"No","Metropolitan","Fog","Medium",0,"Y",15
17,"Meal ",21,17,4.7,"scooter",0,"No","Urban","Stormy","Low",0,"N",10
24,"Meal ",26,19,4.2,"motorcycle",0,"No","Semi-Urban","Sandstorms","Low ",1,"Y",5
41,"Buffet ",34,7,4.9,"scooter",1,"No","Metropolitan","Fog","Jam ",1,"N",5
29,"Meal ",29,21,4.7,"motorcycle",1,"No","Metropolitan","Sunny","Jam ",1,"N",5
22,"Drinks ",39,19,4.8,"electric_scooter",0,"No","Urban","Stormy","Jam",1,"N",15
24,"Snack ",29,21,4.9,"motorcycle",1,"No","Metropolitan","Sandstorms","Low ",0,"N",15
25,"Drinks ",35,23,4.9,"motorcycle",1,"No","Semi-Urban","Sandstorms","Low ",1,"N",15
20,"Drinks ",32,4,4.6,"scooter",1,"No","Metropolitan","Sunny","High ",1,"N",10
44,"Buffet ",32,22,4.8,"scooter",1,"No","Metropolitan","Fog","Medium",1,"Y",15
36,"Drinks ",37,23,4.8,"electric_scooter",1,"No","Metropolitan","Fog","Jam ",1,"N",15
22,"Drinks ",33,17,4.6,"motorcycle",2,"No","Metropolitan","Sunny","Jam ",0,"N",10
28,"Snack ",31,21,4.7,"motorcycle",1,"No","Metropolitan","Sunny","Low ",1,"N",15
13,"Drinks ",35,19,4.7,"scooter",2,"No","Urban","Cloudy","Low",0,"N",10
27,"Buffet ",22,19,5,"motorcycle",1,"No","Metropolitan","Fog","High ",1,"N",10
49,"Buffet ",25,1,4.1,"motorcycle",0,"No","Semi-Urban","Stormy","Medium",1,"N",5
16,"Drinks ",20,4,4.1,"motorcycle",0,"No","Metropolitan","Sandstorms","Low ",0,"N",10
25,"Drinks ",26,16,4.7,"scooter",2,"No","Urban","Sandstorms","Jam ",1,"Y",10
24,"Meal ",29,21,4.8,"scooter",0,"No","Metropolitan","Windy","Jam ",1,"N",5
25,"Meal ",30,4,4.9,"scooter",2,"No","Urban","Stormy","Jam ",0,"N",5
38,"Meal ",30,5,4.8,"scooter",0,"No","Metropolitan","Cloudy","Medium",1,"N",10
27,"Buffet ",23,7,4.7,"scooter",2,"No","Metropolitan","Cloudy","Low ",0,"Y",5
29,"Buffet ",24,6,4.1,"motorcycle",0,"No","Metropolitan","Sandstorms","Low ",0,"N",15
20,"Buffet ",32,18,4.7,"motorcycle",0,"No","Metropolitan","Sunny","Low ",1,"N",5
28,"Buffet ",33,6,4.8,"motorcycle",0,"No","Metropolitan","Sandstorms","Jam ",0,"Y",15
22,"Meal ",23,16,4.8,"scooter",0,"No","Metropolitan","Sunny","Medium",0,"N",15
26,"Buffet ",34,22,4.5,"motorcycle",0,"No","Metropolitan","Sunny","Medium",1,"N",5
16,"Meal ",26,18,4.7,"electric_scooter",2,"No","Urban","Cloudy","Low",1,"N",10
27,"Drinks ",24,23,4.9,"scooter",0,"No","Metropolitan","Sunny","Medium",1,"Y",15
27,"Drinks ",32,1,4.2,"electric_scooter",0,"No","Metropolitan","Sandstorms","Low ",0,"N",10
20,"Snack ",28,23,4.5,"electric_scooter",0,"No","Metropolitan","Sunny","Low ",1,"Y",5
13,"Buffet ",30,23,4.9,"scooter",2,"No","Urban","Stormy","High",1,"Y",5
36,"Meal ",24,17,4.6,"motorcycle",0,"No","Urban","Fog","Medium",1,"Y",15
17,"Drinks ",21,11,4.7,"electric_scooter",2,"No","Metropolitan","Fog","Low ",1,"Y",15
22,"Meal ",35,19,5,"motorcycle",0,"No","Metropolitan","Fog","Low ",1,"N",10
31,"Drinks ",29,2,4.2,"electric_scooter",1,"No","Metropolitan","Stormy","Jam ",0,"Y",10
37,"Meal ",26,22,4.6,"electric_scooter",2,"No","Urban","Stormy","Medium",1,"N",10
17,"Buffet ",23,14,4.6,"motorcycle",0,"No","Semi-Urban","Windy","High ",0,"N",15
19,"Buffet ",25,4,4.1,"motorcycle",0,"No","Metropolitan","Windy","Low ",1,"Y",5
22,"Buffet ",30,21,4.5,"motorcycle",0,"No","Metropolitan","Sunny","Low ",1,"N",30
20,"Meal ",31,15,4.8,"scooter",1,"No","Metropolitan","Windy","Medium",0,"N",10
16,"Buffet ",33,6,5,"scooter",2,"No","Metropolitan","Cloudy","Low ",0,"N",15
11,"Drinks ",25,4,4.8,"motorcycle",2,"No","Semi-Urban","Windy","Low ",0,"N",10
22,"Drinks ",39,5,4.9,"motorcycle",0,"No","Urban","Cloudy","Medium",0,"N",15
41,"Meal ",33,15,3.9,"scooter",1,"No","Metropolitan","Stormy","Jam ",1,"N",5
20,"Meal ",20,13,4.6,"electric_scooter",1,"No","Metropolitan","Sandstorms","Medium",1,"N",5
30,"Buffet ",39,9,4.9,"electric_scooter",2,"No","Semi-Urban","Fog","Medium",1,"N",15
33,"Snack ",27,15,4.9,"motorcycle",0,"No","Metropolitan","Stormy","Jam ",1,"Y",5
16,"Snack ",31,16,5,"scooter",1,"No","Metropolitan","Sandstorms","Low ",0,"N",15
50,"Meal ",24,22,4.7,"scooter",0,"No","Metropolitan","Cloudy","Jam ",1,"N",5
28,"Snack ",20,22,4.8,"electric_scooter",2,"No","Urban","Fog","Low",1,"Y",5
29,"Drinks ",27,16,5,"motorcycle",1,"No","Urban","Sandstorms","Jam",1,"N",10
17,"Meal ",29,19,4.7,"motorcycle",1,"No","Metropolitan","Fog","Low ",0,"N",15
26,"Snack ",21,23,4.8,"motorcycle",0,"No","Metropolitan","Sunny","Low ",1,"N",15
30,"Snack ",35,4,4.8,"electric_scooter",1,"No","Metropolitan","Fog","Jam ",1,"Y",10
12,"Buffet ",33,21,4.9,"electric_scooter",1,"No","Urban","Stormy","Low",0,"Y",5
16,"Snack ",21,23,4.8,"motorcycle",2,"No","Urban","Sunny","High",0,"N",5
39,"Drinks ",23,2,4.9,"scooter",0,"No","Metropolitan","Stormy","Medium",0,"N",15
34,"Snack ",25,9,4.7,"motorcycle",1,"No","Metropolitan","Windy","Jam ",1,"N",10
27,"Drinks ",38,7,4.6,"motorcycle",1,"No","Metropolitan","Stormy","Jam ",1,"N",5
19,"Drinks ",35,23,5,"electric_scooter",2,"No","Metropolitan","Sunny","Jam ",1,"N",15
10,"Drinks ",24,4,4.5,"scooter",2,"No","Urban","Cloudy","Medium",1,"N",15
24,"Buffet ",28,22,4.7,"motorcycle",1,"No","Semi-Urban","Stormy","Jam",0,"N",5
25,"Meal ",20,2,4.8,"motorcycle",1,"No","Urban","Stormy","Low ",1,"N",15
14,"Drinks ",31,17,4.6,"scooter",2,"No","Semi-Urban","Stormy","High ",0,"Y",5
24,"Buffet ",30,9,4.7,"motorcycle",0,"No","Metropolitan","Stormy","Low ",0,"N",10
18,"Snack ",35,2,4.5,"scooter",2,"No","Urban","Sunny","Medium",0,"N",15
14,"Meal ",28,3,4.5,"electric_scooter",2,"No","Urban","Stormy","Low",0,"N",10
28,"Drinks ",39,18,4.7,"motorcycle",0,"No","Urban","Windy","Medium",1,"Y",15
29,"Meal ",31,14,4.7,"electric_scooter",2,"No","Urban","Cloudy","Jam ",0,"Y",5
33,"Buffet ",27,21,4.9,"motorcycle",2,"No","Semi-Urban","Fog","Medium",1,"Y",10
53,"Buffet ",21,3,4.1,"scooter",0,"Yes","Metropolitan","Sunny","High ",3,"N",10
35,"Drinks ",27,4,3.8,"scooter",1,"No","Metropolitan","Fog","Low",1,"N",10
17,"Snack ",33,17,4.6,"electric_scooter",2,"No","Semi-Urban","Sandstorms","Low",1,"N",10
28,"Drinks ",28,5,4.9,"electric_scooter",1,"No","Urban","Windy","Jam ",1,"N",15
18,"Meal ",24,14,4.9,"scooter",1,"No","Urban","Cloudy","Medium",0,"N",10
17,"Buffet ",20,15,4.6,"motorcycle",1,"No","Metropolitan","Windy","Jam ",1,"Y",10
39,"Meal ",21,9,4.9,"motorcycle",0,"No","Metropolitan","Fog","Low ",1,"Y",25
22,"Buffet ",21,22,4.9,"electric_scooter",0,"No","Metropolitan","Fog","Low ",1,"Y",10
17,"Drinks ",29,21,4.6,"motorcycle",2,"No","Urban","Windy","Low ",1,"N",15
11,"Drinks ",22,16,4.6,"motorcycle",1,"No","Metropolitan","Sunny","High",0,"N",10
23,"Snack ",26,1,4.7,"motorcycle",0,"No","Metropolitan","Cloudy","Medium",1,"N",5
15,"Snack ",28,19,4.6,"motorcycle",2,"No","Urban","Stormy","Low",1,"N",15
16,"Snack ",22,8,4.7,"motorcycle",1,"No","Metropolitan","Sunny","Jam ",1,"N",5
31,"Drinks ",38,22,4.9,"scooter",1,"No","Metropolitan","Fog","Medium",1,"N",10
30,"Drinks ",23,23,4.6,"motorcycle",0,"No","Urban","Sunny","Jam",1,"N",5
29,"Drinks ",36,2,4.8,"scooter",2,"No","Metropolitan","Sunny","Jam ",1,"N",5
24,"Drinks ",31,12,4.9,"electric_scooter",2,"No","Metropolitan","Sunny","High ",0,"N",5
41,"Snack ",23,4,4.8,"electric_scooter",0,"No","Metropolitan","Cloudy","Jam ",2,"N",15
38,"Snack ",29,4,4.2,"motorcycle",2,"No","Metropolitan","Sunny","High ",1,"Y",5
35,"Snack ",28,13,4.9,"motorcycle",1,"No","Urban","Fog","High ",0,"N",5
26,"Meal ",24,9,5,"scooter",1,"No","Metropolitan","Fog","Jam ",0,"N",10
15,"Snack ",33,9,4.8,"scooter",2,"No","Urban","Fog","Low ",1,"Y",10
29,"Buffet ",26,15,4.7,"electric_scooter",0,"No","Metropolitan","Sunny","Low ",1,"Y",15
15,"Drinks ",27,19,4.6,"motorcycle",1,"No","Metropolitan","Fog","Low ",0,"Y",15
21,"Snack ",36,15,4.6,"scooter",0,"No","Metropolitan","Stormy","Low ",1,"N",15
27,"Meal ",31,2,4.9,"motorcycle",1,"No","Metropolitan","Stormy","Low ",1,"N",15
42,"Drinks ",22,2,5,"motorcycle",0,"No","Metropolitan","Sandstorms","Medium",1,"N",15
29,"Snack ",20,7,4.6,"electric_scooter",1,"No","Urban","Sandstorms","Jam ",1,"N",5
34,"Buffet ",39,14,4,"motorcycle",1,"No","Metropolitan","Fog","Medium",1,"Y",15
14,"Buffet ",29,22,4.7,"electric_scooter",2,"No","Semi-Urban","Stormy","Low",1,"Y",5
13,"Snack ",30,15,5,"scooter",1,"No","Metropolitan","Stormy","Low ",0,"N",15
36,"Drinks ",28,16,4.7,"motorcycle",0,"No","Metropolitan","Cloudy","Jam ",1,"N",10
46,"Snack ",33,4,4,"electric_scooter",2,"No","Urban","Cloudy","Jam",1,"N",5
41,"Buffet ",24,14,4.7,"motorcycle",0,"No","Metropolitan","Windy","High ",1,"Y",5
27,"Buffet ",35,17,4.7,"scooter",1,"No","Urban","Fog","Jam",1,"N",10
15,"Meal ",24,13,4.7,"electric_scooter",2,"No","Semi-Urban","Cloudy","Low ",0,"Y",5
16,"Snack ",22,15,4.6,"motorcycle",1,"No","Urban","Stormy","Medium",1,"Y",10
19,"Drinks ",33,15,4.7,"scooter",1,"No","Urban","Stormy","Medium",1,"Y",15
38,"Drinks ",37,3,4.8,"scooter",1,"No","Metropolitan","Cloudy","Jam ",2,"N",5
33,"Meal ",25,13,4,"scooter",2,"No","Semi-Urban","Fog","Medium",1,"N",15
28,"Snack ",20,19,5,"electric_scooter",1,"No","Metropolitan","Stormy","Low ",1,"N",10
26,"Meal ",29,23,4.7,"electric_scooter",2,"No","Semi-Urban","Windy","Medium",0,"N",10
19,"Buffet ",31,21,4.6,"motorcycle",1,"No","Urban","Windy","Low",1,"N",15
36,"Buffet ",23,6,4.6,"motorcycle",0,"No","Metropolitan","Windy","Medium",1,"N",5
28,"Snack ",32,14,4.7,"electric_scooter",0,"No","Metropolitan","Sunny","Medium",1,"N",15
18,"Meal ",22,17,4.7,"scooter",1,"No","Metropolitan","Sunny","Jam ",0,"Y",10
23,"Meal ",32,15,4.9,"motorcycle",0,"No","Metropolitan","Fog","Jam ",1,"N",10
28,"Buffet ",32,9,4.8,"motorcycle",0,"No","Urban","Sunny","Jam ",1,"N",5
37,"Snack ",36,4,5,"motorcycle",0,"No","Metropolitan","Cloudy","Medium",2,"N",5
25,"Buffet ",29,8,4.8,"electric_scooter",2,"No","Semi-Urban","Stormy","Low ",1,"N",5
30,"Buffet ",38,17,4.7,"motorcycle",0,"No","Metropolitan","Stormy","Jam",1,"N",15
18,"Drinks ",28,5,5,"motorcycle",0,"No","Metropolitan","Stormy","Medium",1,"N",15
24,"Meal ",36,13,4.8,"motorcycle",2,"No","Metropolitan","Stormy","Low ",0,"N",10
22,"Snack ",22,14,4.8,"scooter",0,"No","Metropolitan","Cloudy","Low ",1,"N",10
37,"Snack ",33,19,4.7,"motorcycle",0,"No","Metropolitan","Fog","Medium",2,"Y",10
25,"Meal ",32,21,4.7,"motorcycle",0,"No","Metropolitan","Cloudy","Medium",0,"Y",10
23,"Meal ",28,8,5,"motorcycle",2,"No","Semi-Urban","Sandstorms","Low ",1,"N",10
32,"Meal ",36,9,4.7,"motorcycle",0,"No","Metropolitan","Cloudy","Medium",1,"N",5
14,"Meal ",34,5,4.6,"scooter",1,"No","Urban","Sandstorms","Low",0,"N",10
47,"Snack ",34,13,4.9,"motorcycle",0,"No","Urban","Windy","Jam ",1,"N",5
26,"Buffet ",32,17,4.6,"electric_scooter",1,"No","Metropolitan","Sandstorms","Jam ",1,"N",10
30,"Drinks ",29,21,4.7,"electric_scooter",2,"No","Metropolitan","Stormy","Jam ",1,"N",5
20,"Meal ",20,15,4.6,"electric_scooter",1,"No","Metropolitan","Sandstorms","Low ",0,"N",10
16,"Buffet ",23,19,4.8,"scooter",2,"No","Urban","Sunny","Medium",0,"Y",5
34,"Meal ",37,7,4.2,"motorcycle",1,"No","Metropolitan","Fog","Jam ",2,"N",10
40,"Buffet ",25,21,4.8,"scooter",2,"No","Metropolitan","Fog","Jam ",1,"N",15
31,"Snack ",36,22,4.9,"electric_scooter",2,"No","Metropolitan","Windy","High ",1,"Y",5
34,"Snack ",27,5,4.2,"scooter",1,"No","Semi-Urban","Windy","Medium",1,"N",10
18,"Buffet ",30,23,5,"scooter",1,"No","Metropolitan","Stormy","Jam ",1,"N",15
33,"Meal ",20,15,4.7,"scooter",1,"No","Metropolitan","Cloudy","Medium",1,"N",10
42,"Meal ",32,2,4.9,"motorcycle",2,"No","Metropolitan","Cloudy","Jam ",1,"N",10
24,"Drinks ",36,19,4.6,"motorcycle",1,"No","Urban","Windy","Jam",0,"N",10
18,"Meal ",25,21,4.9,"motorcycle",1,"No","Metropolitan","Sunny","Medium",0,"Y",5
47,"Drinks ",28,8,4.6,"motorcycle",1,"No","Urban","Stormy","Jam ",1,"N",15
43,"Buffet ",27,7,4.6,"scooter",0,"No","Metropolitan","Sandstorms","Medium",0,"N",5
33,"Meal ",32,13,4.3,"motorcycle",0,"No","Metropolitan","Sandstorms","Jam ",0,"Y",5
28,"Snack ",37,23,4.7,"motorcycle",0,"No","Urban","Fog","Low",1,"N",15
30,"Meal ",39,1,4.5,"scooter",2,"No","Metropolitan","Sandstorms","Medium",1,"N",15
15,"Buffet ",28,21,4.5,"motorcycle",1,"No","Metropolitan","Fog","Low ",1,"N",5
27,"Meal ",29,18,4.7,"motorcycle",1,"No","Metropolitan","Windy","Medium",1,"N",10
43,"Buffet ",31,12,2.8,"motorcycle",2,"No","Semi-Urban","Sunny","Low ",0,"Y",5
43,"Drinks ",37,2,4.2,"electric_scooter",0,"No","Urban","Cloudy","Low ",1,"N",10
49,"Meal ",20,12,4.7,"electric_scooter",0,"Yes","Metropolitan","Fog","Jam ",1,"Y",10
40,"Meal ",21,11,4.2,"scooter",1,"No","Metropolitan","Stormy","Jam ",0,"N",10
28,"Snack ",20,23,4.6,"motorcycle",0,"No","Metropolitan","Sunny","Medium",0,"N",5
28,"Meal ",21,23,4.9,"motorcycle",2,"No","Semi-Urban","Fog","High ",0,"Y",5
27,"Buffet ",20,14,4.6,"motorcycle",2,"No","Metropolitan","Stormy","Medium",0,"N",5
27,"Meal ",31,2,4.8,"motorcycle",2,"No","Metropolitan","Sunny","Low ",0,"N",10
12,"Drinks ",25,3,4.6,"motorcycle",1,"No","Metropolitan","Stormy","Low ",1,"N",5
50,"Snack ",37,22,4.6,"scooter",0,"No","Urban","Cloudy","Jam",3,"Y",15
37,"Buffet ",34,17,4.4,"motorcycle",1,"No","Metropolitan","Cloudy","Jam ",1,"N",15
17,"Meal ",24,22,4.9,"electric_scooter",1,"No","Semi-Urban","Cloudy","Low",0,"N",10
34,"Drinks ",34,18,4.6,"motorcycle",0,"No","Urban","Windy","Jam ",1,"N",5
21,"Drinks ",37,15,4.8,"motorcycle",1,"No","Metropolitan","Stormy","Medium",1,"Y",15
25,"Meal ",29,13,4,"electric_scooter",0,"No","Metropolitan","Stormy","Low ",1,"N",15
18,"Snack ",37,22,4.7,"motorcycle",1,"No","Urban","Sunny","Jam",1,"N",15
15,"Buffet ",27,22,4.8,"motorcycle",2,"No","Urban","Stormy","Low",0,"N",5
29,"Meal ",34,11,4.5,"motorcycle",2,"No","Metropolitan","Sandstorms","Low ",1,"Y",5
13,"Buffet ",26,9,5,"electric_scooter",2,"No","Metropolitan","Windy","Jam ",0,"Y",15
28,"Drinks ",36,9,4.5,"electric_scooter",2,"No","Metropolitan","Sandstorms","Low ",1,"N",5
17,"Snack ",34,14,4.5,"motorcycle",1,"No","Metropolitan","Sandstorms","Jam ",1,"Y",5
20,"Drinks ",28,2,4.7,"motorcycle",0,"No","Metropolitan","Stormy","Jam ",1,"N",15
28,"Drinks ",33,12,4.8,"electric_scooter",2,"No","Metropolitan","Windy","Medium",0,"Y",15
45,"Meal ",27,23,4.6,"motorcycle",0,"No","Urban","Windy","Jam ",2,"N",15
24,"Buffet ",22,14,5,"scooter",2,"No","Metropolitan","Fog","Jam ",1,"Y",5
36,"Drinks ",37,7,4,"electric_scooter",0,"No","Metropolitan","Windy","Medium",1,"N",10
13,"Meal ",36,21,4.7,"motorcycle",2,"No","Urban","Sandstorms","Low",1,"N",30
42,"Meal ",26,8,4.9,"motorcycle",0,"No","Semi-Urban","Stormy","Jam ",2,"Y",5
31,"Snack ",31,8,4.3,"electric_scooter",2,"No","Semi-Urban","Stormy","High ",1,"Y",15
35,"Buffet ",25,6,4.8,"motorcycle",0,"No","Metropolitan","Cloudy","Jam ",1,"N",5
32,"Buffet ",20,6,4.1,"electric_scooter",1,"No","Semi-Urban","Windy","Jam ",0,"N",15
28,"Buffet ",23,12,4.8,"scooter",2,"No","Metropolitan","Windy","Low ",1,"N",5
27,"Meal ",28,9,4.6,"motorcycle",0,"No","Metropolitan","Windy","Medium",1,"N",15
24,"Buffet ",33,15,4.9,"motorcycle",0,"No","Urban","Fog","Low",1,"N",10
29,"Drinks ",28,9,4.6,"motorcycle",1,"No","Metropolitan","Sandstorms","Jam ",1,"N",5
21,"Buffet ",24,23,4.8,"motorcycle",0,"No","Metropolitan","Sandstorms","Low ",1,"N",5
19,"Buffet ",28,22,4.9,"motorcycle",2,"No","Urban","Fog","Low ",1,"Y",5
14,"Buffet ",38,3,4.8,"scooter",1,"No","Metropolitan","Cloudy","Medium",1,"N",10
27,"Meal ",38,19,4.7,"scooter",2,"No","Metropolitan","Sandstorms","Medium",1,"N",5
20,"Meal ",23,22,4.6,"electric_scooter",2,"No","Metropolitan","Stormy","Jam ",1,"N",5
22,"Buffet ",33,17,4.7,"electric_scooter",1,"No","Metropolitan","Windy","High ",1,"N",10
11,"Buffet ",21,13,4.9,"electric_scooter",1,"No","Metropolitan","Sandstorms","Low ",0,"Y",15
15,"Meal ",29,22,4.5,"scooter",0,"No","Metropolitan","Sandstorms","Jam ",1,"N",10
28,"Drinks ",27,4,4.7,"motorcycle",1,"No","Semi-Urban","Windy","Medium",1,"N",5
46,"Meal ",24,5,4.2,"motorcycle",0,"No","Semi-Urban","Sandstorms","High ",1,"N",10
12,"Buffet ",28,8,4.6,"motorcycle",1,"No","Semi-Urban","Stormy","Medium",0,"N",10
27,"Meal ",31,12,4.8,"motorcycle",1,"No","Metropolitan","Sunny","Jam ",1,"Y",5
15,"Snack ",20,18,4.5,"motorcycle",2,"No","Metropolitan","Windy","Low ",0,"N",5
16,"Buffet ",39,18,4.6,"electric_scooter",2,"No","Urban","Fog","Low",1,"N",10
28,"Buffet ",29,2,4.6,"motorcycle",0,"No","Semi-Urban","Sunny","High ",1,"N",5
17,"Meal ",34,21,5,"scooter",1,"No","Metropolitan","Cloudy","Low ",0,"N",15
35,"Meal ",21,15,4.6,"electric_scooter",2,"No","Urban","Cloudy","Jam",1,"N",5
34,"Drinks ",24,9,4,"scooter",2,"No","Metropolitan","Cloudy","Jam ",1,"N",5
22,"Drinks ",32,23,4.8,"motorcycle",0,"No","Urban","Sunny","Medium",1,"N",5
36,"Drinks ",22,15,4.9,"scooter",2,"No","Metropolitan","Fog","Medium",1,"N",5
25,"Snack ",21,23,4.9,"motorcycle",1,"No","Metropolitan","Windy","Low ",1,"N",15
19,"Meal ",35,17,4.6,"scooter",2,"No","Urban","Stormy","Low",0,"N",15
17,"Snack ",21,15,5,"motorcycle",2,"No","Metropolitan","Stormy","Low ",1,"N",5
38,"Drinks ",37,8,4.7,"motorcycle",1,"No","Metropolitan","Fog","Jam ",2,"N",5
28,"Snack ",27,19,4.8,"motorcycle",0,"No","Urban","Windy","Medium",1,"Y",5
30,"Drinks ",35,19,4.7,"electric_scooter",1,"No","Urban","Cloudy","Jam ",0,"N",5
19,"Snack ",27,21,4.8,"motorcycle",2,"No","Urban","Fog","Low ",0,"Y",10
13,"Snack ",23,15,4.7,"scooter",1,"No","Metropolitan","Sunny","Medium",1,"N",15
18,"Drinks ",35,22,4.6,"motorcycle",1,"No","Metropolitan","Sandstorms","Low ",1,"N",15
39,"Buffet ",24,6,4.9,"motorcycle",0,"No","Semi-Urban","Stormy","Jam ",1,"N",10
18,"Snack ",21,16,4.8,"motorcycle",1,"No","Semi-Urban","Sunny","Low",0,"N",15
27,"Meal ",22,9,4.7,"motorcycle",1,"No","Metropolitan","Sunny","Medium",1,"N",5
26,"Buffet ",28,15,4.8,"motorcycle",0,"No","Metropolitan","Cloudy","Jam",1,"N",10
25,"Snack ",25,13,5,"scooter",2,"No","Urban","Stormy","Medium",1,"N",5
27,"Meal ",25,19,4.8,"scooter",2,"No","Urban","Windy","High ",1,"Y",15
33,"Drinks ",33,2,4.4,"electric_scooter",2,"No","Urban","Windy","Medium",1,"N",5
41,"Drinks ",39,9,4.8,"electric_scooter",2,"No","Metropolitan","Fog","Medium",1,"Y",5
26,"Buffet ",20,23,5,"electric_scooter",0,"No","Metropolitan","Fog","Jam ",1,"N",15
40,"Buffet ",22,13,4.3,"scooter",1,"Yes","Metropolitan","Cloudy","Jam ",2,"Y",15
33,"Drinks ",34,8,4.1,"electric_scooter",1,"No","Urban","Fog","High ",2,"N",10
34,"Drinks ",35,3,2.5,"scooter",1,"No","Metropolitan","Sunny","Low ",0,"N",10
26,"Meal ",27,23,5,"motorcycle",0,"No","Semi-Urban","Sunny","Low ",1,"N",5
36,"Buffet ",25,7,4.6,"motorcycle",0,"No","Metropolitan","Sandstorms","Jam ",1,"N",15
17,"Snack ",28,9,4.9,"scooter",1,"No","Metropolitan","Windy","Low ",1,"N",5
16,"Buffet ",37,15,4.7,"electric_scooter",2,"No","Metropolitan","Cloudy","Low ",0,"N",5
30,"Buffet ",25,19,4.9,"motorcycle",0,"No","Urban","Sandstorms","Medium",0,"N",10
19,"Snack ",23,23,4.6,"scooter",2,"No","Metropolitan","Sunny","Low ",0,"Y",5
19,"Snack ",29,17,4.8,"scooter",2,"No","Urban","Sandstorms","Low ",0,"Y",5
11,"Snack ",34,2,4.5,"scooter",1,"No","Urban","Sunny","Medium",0,"N",5
25,"Drinks ",34,9,4.7,"scooter",1,"No","Metropolitan","Sandstorms","Low ",0,"N",5
42,"Buffet ",33,18,4.3,"motorcycle",0,"Yes","Metropolitan","Sunny","High",0,"N",5
27,"Snack ",32,21,4.7,"motorcycle",2,"No","Metropolitan","Windy","Medium",1,"N",10
34,"Snack ",22,5,4,"electric_scooter",1,"No","Urban","Windy","High",0,"N",5
11,"Meal ",35,13,4.5,"electric_scooter",2,"No","Metropolitan","Sunny","Jam ",0,"N",15
10,"Snack ",24,18,4.7,"electric_scooter",2,"No","Urban","Windy","Low",0,"N",15
25,"Meal ",29,16,4.6,"motorcycle",1,"No","Metropolitan","Windy","Low ",0,"N",15
29,"Buffet ",31,2,4.5,"scooter",1,"No","Metropolitan","Cloudy","Jam ",1,"N",10
22,"Buffet ",39,9,4.6,"motorcycle",1,"No","Metropolitan","Fog","High ",0,"N",5
32,"Snack ",25,13,4.3,"motorcycle",1,"No","Metropolitan","Sandstorms","Medium",1,"N",10
21,"Drinks ",36,6,4.9,"motorcycle",0,"No","Metropolitan","Stormy","Low ",0,"N",15
25,"Snack ",31,4,4.7,"scooter",1,"No","Semi-Urban","Windy","Medium",1,"N",10
24,"Meal ",39,9,4.7,"electric_scooter",2,"No","Metropolitan","Sandstorms","Medium",0,"N",15
20,"Meal ",25,19,4.6,"scooter",1,"No","Urban","Stormy","Low",1,"N",5
43,"Meal ",22,3,5,"motorcycle",0,"No","Urban","Sandstorms","Jam ",2,"Y",5
26,"Buffet ",25,2,5,"electric_scooter",2,"No","Metropolitan","Fog","Medium",1,"N",10
24,"Snack ",37,9,4.6,"motorcycle",1,"No","Metropolitan","Sandstorms","Medium",0,"N",10
39,"Meal ",39,9,4.3,"scooter",2,"No","Semi-Urban","Cloudy","Jam ",2,"N",5
41,"Meal ",29,15,4.8,"scooter",1,"No","Metropolitan","Fog","Jam ",1,"N",5
20,"Snack ",23,9,4.8,"scooter",2,"No","Metropolitan","Windy","Jam ",1,"Y",10
49,"Meal ",21,3,4.4,"electric_scooter",2,"No","Metropolitan","Fog","Jam ",0,"N",15
25,"Buffet ",22,1,4.5,"motorcycle",0,"No","Urban","Stormy","Low",0,"Y",10
42,"Drinks ",39,19,4.9,"motorcycle",0,"No","Metropolitan","Fog","Jam",1,"N",5
21,"Buffet ",20,23,4.6,"motorcycle",2,"No","Metropolitan","Sandstorms","Low ",0,"N",15
12,"Buffet ",32,6,4.8,"scooter",2,"No","Semi-Urban","Cloudy","Low",0,"N",5
21,"Drinks ",34,22,4.9,"scooter",2,"No","Urban","Fog","High",1,"N",5
17,"Drinks ",30,17,5,"motorcycle",0,"No","Metropolitan","Fog","Low ",1,"N",15
12,"Meal ",30,23,4.7,"scooter",1,"No","Urban","Sandstorms","Low",0,"N",5
29,"Snack ",28,2,4.5,"motorcycle",2,"No","Urban","Fog","Medium",0,"N",10
28,"Snack ",33,14,4.9,"scooter",1,"No","Semi-Urban","Windy","Jam ",1,"N",5
22,"Snack ",27,9,5,"motorcycle",0,"No","Semi-Urban","Stormy","Low ",1,"N",15
11,"Buffet ",34,22,4.6,"motorcycle",1,"No","Metropolitan","Fog","Low ",0,"N",15
28,"Meal ",38,12,4.5,"motorcycle",0,"No","Urban","Windy","Low ",1,"Y",10
39,"Buffet ",20,6,3.6,"scooter",1,"No","Metropolitan","Windy","Jam ",1,"N",10
36,"Buffet ",35,15,4.7,"motorcycle",0,"No","Urban","Windy","Medium",1,"N",10
14,"Buffet ",36,13,4.9,"electric_scooter",1,"No","Metropolitan","Windy","Low ",1,"N",5
10,"Buffet ",39,23,4.9,"scooter",2,"No","Metropolitan","Stormy","Low ",1,"N",5
43,"Snack ",23,13,4.2,"motorcycle",1,"No","Metropolitan","Sandstorms","Jam ",1,"N",10
27,"Buffet ",31,23,4.8,"motorcycle",0,"No","Metropolitan","Sunny","Low ",1,"Y",10
20,"Buffet ",24,3,4.8,"motorcycle",0,"No","Urban","Stormy","Low ",1,"N",15
10,"Drinks ",33,23,4.7,"electric_scooter",2,"No","Semi-Urban","Fog","Low ",0,"Y",15
29,"Buffet ",24,21,4.5,"scooter",2,"No","Metropolitan","Fog","Low ",1,"Y",5
23,"Drinks ",22,23,4.7,"electric_scooter",2,"No","Metropolitan","Cloudy","High ",1,"N",5
26,"Buffet ",29,17,4.8,"motorcycle",0,"No","Metropolitan","Cloudy","Jam ",0,"N",10
21,"Meal ",39,23,4.7,"motorcycle",2,"No","Metropolitan","Fog","Low ",1,"Y",10
17,"Drinks ",39,21,4.6,"electric_scooter",2,"No","Urban","Cloudy","Low",1,"N",5
16,"Meal ",31,23,4.7,"electric_scooter",2,"No","Metropolitan","Sunny","Low ",1,"N",15
49,"Drinks ",36,5,4.8,"motorcycle",0,"No","Metropolitan","Sandstorms","Medium",1,"N",10
35,"Snack ",29,2,3.5,"motorcycle",2,"No","Urban","Sunny","Low ",0,"N",15
31,"Snack ",26,13,3.2,"electric_scooter",2,"No","Metropolitan","Sandstorms","Low ",1,"N",10
20,"Meal ",28,15,4.5,"motorcycle",1,"No","Metropolitan","Windy","Low ",1,"N",5
15,"Buffet ",32,18,4.6,"scooter",2,"No","Urban","Fog","Low",1,"N",10
24,"Buffet ",22,6,4.6,"motorcycle",0,"No","Metropolitan","Fog","Low ",1,"N",15
16,"Drinks ",24,17,4.5,"scooter",1,"No","Metropolitan","Sandstorms","Low ",0,"N",15
18,"Meal ",20,23,4.9,"motorcycle",2,"No","Metropolitan","Stormy","Jam ",1,"N",15
15,"Drinks ",36,23,4.3,"motorcycle",0,"No","Semi-Urban","Windy","Low ",0,"Y",5
27,"Drinks ",36,3,4.7,"scooter",1,"No","Semi-Urban","Windy","Low ",0,"N",15
27,"Snack ",21,12,4.9,"motorcycle",0,"No","Metropolitan","Sunny","High ",0,"N",5
21,"Drinks ",39,19,5,"motorcycle",0,"No","Metropolitan","Fog","Low ",0,"N",15
21,"Buffet ",22,19,5,"electric_scooter",1,"No","Metropolitan","Windy","Low ",0,"N",15
26,"Snack ",31,3,4.5,"motorcycle",0,"No","Metropolitan","Sandstorms","Low ",0,"N",10
28,"Drinks ",24,14,4.7,"electric_scooter",2,"No","Metropolitan","Sandstorms","High ",0,"Y",10
26,"Buffet ",33,19,4.8,"electric_scooter",2,"No","Metropolitan","Stormy","High ",0,"Y",15
23,"Drinks ",28,22,4.9,"scooter",2,"No","Metropolitan","Stormy","Low ",1,"Y",5
42,"Drinks ",36,13,4.9,"motorcycle",0,"No","Metropolitan","Stormy","Jam ",0,"Y",5
29,"Meal ",21,17,4.8,"motorcycle",0,"No","Metropolitan","Windy","Medium",1,"Y",10
18,"Drinks ",26,15,4.7,"scooter",2,"No","Metropolitan","Sandstorms","Low ",0,"Y",5
18,"Snack ",21,11,4.7,"scooter",2,"No","Metropolitan","Sunny","Medium",0,"Y",5
10,"Meal ",22,21,5,"motorcycle",2,"No","Metropolitan","Stormy","Low ",0,"N",10
31,"Drinks ",25,1,4.1,"electric_scooter",0,"No","Urban","Cloudy","Jam",1,"N",15
23,"Meal ",26,9,4.9,"electric_scooter",2,"No","Metropolitan","Sandstorms","Low ",1,"N",15
27,"Drinks ",37,23,4.8,"motorcycle",0,"No","Urban","Sunny","Low ",1,"N",20
10,"Snack ",23,1,4.7,"scooter",2,"No","Metropolitan","Sunny","Medium",0,"Y",15
28,"Drinks ",28,5,4.9,"electric_scooter",1,"No","Urban","Windy","Jam ",1,"N",15
16,"Snack ",34,17,4.8,"motorcycle",1,"No","Urban","Stormy","Low",1,"Y",15
15,"Drinks ",38,16,4.6,"electric_scooter",1,"No","Metropolitan","Cloudy","Low ",0,"N",5
20,"Meal ",20,13,4.8,"motorcycle",2,"No","Semi-Urban","Sunny","Low ",0,"Y",10
14,"Snack ",22,2,4.6,"motorcycle",1,"No","Metropolitan","Fog","Low ",1,"N",5
32,"Meal ",21,9,4.7,"motorcycle",1,"No","Semi-Urban","Sandstorms","Medium",2,"N",10
19,"Drinks ",21,9,5,"motorcycle",0,"No","Semi-Urban","Cloudy","Low ",1,"N",15
23,"Buffet ",39,21,4.8,"scooter",1,"No","Metropolitan","Stormy","Low ",1,"N",5
47,"Buffet ",29,2,4.6,"motorcycle",0,"Yes","Semi-Urban","Cloudy","Jam ",0,"N",5
41,"Drinks ",28,9,4.7,"motorcycle",0,"No","Metropolitan","Sunny","Medium",2,"N",5
37,"Meal ",27,8,3.8,"electric_scooter",2,"No","Metropolitan","Fog","Low ",0,"N",10
43,"Buffet ",21,23,4.7,"scooter",0,"No","Metropolitan","Sandstorms","Medium",2,"N",15
17,"Meal ",36,6,4.7,"motorcycle",1,"No","Metropolitan","Fog","Low ",0,"N",10
31,"Buffet ",35,18,4.8,"scooter",2,"No","Urban","Windy","High",1,"N",15
18,"Meal ",39,17,4.9,"scooter",1,"No","Metropolitan","Stormy","Jam ",1,"N",15
26,"Meal ",21,4,4.9,"motorcycle",0,"No","Semi-Urban","Sunny","Medium",1,"N",10
41,"Snack ",36,4,4.7,"scooter",2,"Yes","Metropolitan","Fog","Jam ",1,"N",5
27,"Buffet ",38,5,4.5,"motorcycle",0,"No","Metropolitan","Stormy","Low ",1,"N",5
40,"Buffet ",39,6,4.4,"motorcycle",1,"No","Semi-Urban","Sandstorms","Jam ",1,"N",10
18,"Meal ",34,21,4.9,"electric_scooter",1,"No","Urban","Fog","Medium",1,"Y",15
15,"Snack ",32,17,4.9,"motorcycle",1,"No","Semi-Urban","Cloudy","Medium",0,"N",10
15,"Drinks ",24,15,5,"motorcycle",2,"No","Semi-Urban","Stormy","Low ",1,"N",10
31,"Drinks ",39,6,3.6,"motorcycle",1,"No","Urban","Sandstorms","Jam",1,"Y",5
19,"Drinks ",32,23,4.7,"electric_scooter",0,"No","Semi-Urban","Sandstorms","Low",1,"N",10
20,"Meal ",38,15,4.9,"motorcycle",0,"No","Urban","Sandstorms","Low ",0,"Y",5
17,"Snack ",34,23,4.6,"scooter",0,"No","Metropolitan","Windy","Low",1,"N",15
43,"Buffet ",28,3,4.9,"scooter",1,"No","Urban","Fog","Jam ",2,"N",15
12,"Meal ",22,6,4.7,"electric_scooter",2,"No","Semi-Urban","Stormy","Low ",1,"N",10
36,"Snack ",36,7,4.8,"electric_scooter",2,"No","Metropolitan","Fog","Jam ",1,"N",5
15,"Snack ",25,22,4.7,"scooter",2,"No","Metropolitan","Windy","Low ",0,"N",10
30,"Snack ",33,23,4.6,"motorcycle",2,"No","Metropolitan","Stormy","Jam ",1,"Y",10
28,"Snack ",21,9,4.8,"motorcycle",0,"No","Urban","Fog","Medium",1,"Y",5
32,"Drinks ",25,3,5,"electric_scooter",0,"No","Metropolitan","Fog","Medium",2,"N",5
42,"Drinks ",22,1,4.9,"motorcycle",0,"No","Metropolitan","Cloudy","Jam ",1,"N",10
40,"Buffet ",37,9,4.8,"motorcycle",0,"No","Metropolitan","Fog","Jam ",2,"Y",15
15,"Drinks ",39,9,4.7,"motorcycle",1,"No","Metropolitan","Sunny","Jam ",0,"Y",10
19,"Snack ",37,13,4.9,"scooter",1,"No","Metropolitan","Sunny","Jam ",1,"N",10
46,"Snack ",20,17,4.5,"motorcycle",0,"No","Metropolitan","Fog","Medium",1,"N",5
42,"Meal ",35,8,4.1,"scooter",2,"No","Urban","Sandstorms","Jam ",1,"N",15
29,"Meal ",30,12,4.5,"scooter",2,"No","Metropolitan","Fog","Medium",1,"Y",15
17,"Meal ",33,5,4.2,"motorcycle",0,"No","Urban","Sandstorms","Low",0,"Y",5
16,"Buffet ",23,4,4.7,"motorcycle",2,"No","Semi-Urban","Sunny","Low ",0,"N",15
19,"Drinks ",33,16,4.9,"motorcycle",0,"No","Metropolitan","Stormy","Jam ",0,"N",5
33,"Drinks ",31,2,4.2,"motorcycle",0,"No","Metropolitan","Stormy","Low ",1,"N",5
30,"Meal ",23,19,4.3,"motorcycle",0,"No","Metropolitan","Stormy","Low ",1,"N",5
26,"Buffet ",36,18,4.5,"electric_scooter",2,"No","Metropolitan","Windy","Jam ",1,"N",10
28,"Buffet ",37,13,4.7,"motorcycle",2,"No","Metropolitan","Sandstorms","Low ",0,"N",5
38,"Snack ",24,10,3.8,"electric_scooter",2,"No","Metropolitan","Sandstorms","Jam ",2,"N",5
24,"Snack ",28,23,4.8,"scooter",0,"No","Metropolitan","Sandstorms","Low",0,"N",15
39,"Meal ",20,9,4.4,"motorcycle",0,"No","Metropolitan","Sandstorms","High ",1,"Y",15
40,"Buffet ",30,9,4.4,"motorcycle",1,"Yes","Semi-Urban","Fog","Jam ",1,"N",10
37,"Buffet ",39,1,3.6,"scooter",1,"No","Semi-Urban","Cloudy","Low ",0,"Y",15
31,"Snack ",31,3,5,"motorcycle",1,"No","Metropolitan","Sandstorms","Jam ",1,"N",15
20,"Snack ",37,12,5,"scooter",1,"No","Metropolitan","Sunny","Low ",1,"Y",15
21,"Buffet ",32,23,4.9,"scooter",0,"No","Metropolitan","Stormy","Low ",1,"N",15
20,"Meal ",34,18,5,"electric_scooter",2,"No","Urban","Cloudy","Low",0,"N",15
42,"Meal ",35,13,4.9,"scooter",0,"No","Metropolitan","Cloudy","Jam ",2,"Y",10
25,"Drinks ",39,3,4.6,"motorcycle",2,"No","Urban","Stormy","Jam ",1,"N",15
32,"Snack ",34,2,4.4,"scooter",0,"No","Urban","Windy","High ",0,"Y",10
26,"Meal ",25,13,4.9,"electric_scooter",2,"No","Metropolitan","Fog","High ",1,"N",5
16,"Buffet ",36,14,5,"electric_scooter",2,"No","Urban","Sunny","High ",0,"Y",15
43,"Meal ",34,6,4.4,"motorcycle",2,"No","Urban","Stormy","Jam ",1,"N",15
22,"Buffet ",33,18,4.8,"electric_scooter",1,"No","Urban","Cloudy","High",1,"Y",5
24,"Buffet ",39,23,4.4,"electric_scooter",0,"No","Metropolitan","Windy","Low ",1,"N",10
20,"Meal ",33,17,4.9,"scooter",1,"No","Urban","Sandstorms","Jam",1,"N",15
19,"Meal ",35,17,4.9,"electric_scooter",2,"No","Metropolitan","Stormy","Low ",0,"N",15
27,"Snack ",28,16,5,"scooter",2,"No","Metropolitan","Windy","Medium",1,"N",15
15,"Snack ",30,23,4.6,"electric_scooter",0,"No","Urban","Windy","Low",1,"N",15
45,"Meal ",37,7,4.2,"electric_scooter",2,"Yes","Urban","Fog","Jam ",0,"N",10
27,"Meal ",39,23,4.6,"motorcycle",2,"No","Semi-Urban","Windy","Low ",1,"N",5
10,"Meal ",37,22,4.9,"motorcycle",1,"No","Urban","Stormy","Low",0,"N",5
25,"Snack ",25,9,4.6,"motorcycle",1,"No","Metropolitan","Stormy","Low ",1,"N",15
39,"Meal ",23,5,4.7,"motorcycle",0,"No","Metropolitan","Fog","Medium",2,"N",15
31,"Meal ",36,3,4,"scooter",2,"No","Metropolitan","Cloudy","Medium",1,"Y",5
22,"Drinks ",32,23,4.5,"electric_scooter",2,"No","Metropolitan","Sandstorms","Medium",1,"N",5
27,"Snack ",32,19,4.5,"motorcycle",1,"No","Metropolitan","Sunny","Low ",1,"N",10
18,"Meal ",33,19,4.5,"motorcycle",1,"No","Urban","Sunny","Jam ",0,"Y",15
29,"Snack ",27,14,4.7,"scooter",2,"No","Metropolitan","Fog","Low ",1,"Y",10
17,"Buffet ",31,23,4.6,"electric_scooter",2,"No","Metropolitan","Sunny","Medium",0,"N",15
29,"Snack ",26,23,4.9,"scooter",2,"No","Semi-Urban","Fog","Jam ",0,"Y",10
28,"Buffet ",30,23,4.7,"electric_scooter",2,"No","Urban","Windy","Low ",1,"N",10
38,"Snack ",22,13,4.8,"motorcycle",0,"No","Metropolitan","Fog","Jam ",1,"N",15
40,"Buffet ",31,1,4,"scooter",2,"No","Metropolitan","Cloudy","Jam ",1,"N",10
19,"Drinks ",34,23,4.6,"motorcycle",0,"No","Semi-Urban","Sunny","Jam ",0,"N",15
21,"Snack ",35,17,5,"motorcycle",0,"No","Urban","Sunny","High",0,"Y",5
15,"Snack ",20,16,4.8,"scooter",1,"No","Urban","Windy","Low",0,"N",5
47,"Buffet ",35,16,4.4,"motorcycle",0,"No","Metropolitan","Sunny","High ",1,"Y",15
33,"Buffet ",32,15,4,"electric_scooter",2,"No","Semi-Urban","Stormy","High ",1,"Y",15
37,"Snack ",39,3,3.9,"motorcycle",1,"No","Metropolitan","Stormy","Jam ",1,"N",15
27,"Snack ",32,18,5,"scooter",2,"No","Urban","Stormy","Jam",1,"N",10
30,"Meal ",39,17,4.8,"motorcycle",1,"No","Metropolitan","Fog","High ",1,"Y",10
33,"Meal ",27,17,4.8,"motorcycle",1,"No","Urban","Stormy","Medium",1,"Y",15
13,"Meal ",35,16,4.6,"electric_scooter",1,"No","Metropolitan","Stormy","Low ",0,"N",25
24,"Buffet ",35,23,4.9,"scooter",1,"No","Metropolitan","Sandstorms","Low ",0,"N",15
20,"Buffet ",36,15,4.5,"scooter",1,"No","Metropolitan","Windy","Jam ",1,"N",10
19,"Snack ",33,2,4.6,"motorcycle",2,"No","Metropolitan","Sandstorms","Low ",1,"N",5
27,"Meal ",38,12,4.8,"electric_scooter",2,"No","Metropolitan","Windy","Jam ",1,"N",5
28,"Snack ",25,5,4.7,"motorcycle",0,"No","Semi-Urban","Stormy","Medium",1,"N",15
24,"Meal ",39,13,4.6,"motorcycle",0,"No","Metropolitan","Fog","Low ",1,"Y",10
22,"Drinks ",39,18,4.9,"scooter",1,"No","Urban","Windy","Medium",1,"N",15
19,"Drinks ",32,23,4.8,"scooter",1,"No","Urban","Sunny","Low ",0,"N",5
18,"Snack ",22,18,4.9,"scooter",2,"No","Metropolitan","Cloudy","Low ",0,"N",10
44,"Buffet ",27,10,4,"motorcycle",2,"No","Metropolitan","Fog","Jam ",0,"Y",15
22,"Meal ",32,9,4.5,"motorcycle",1,"No","Metropolitan","Windy","Medium",1,"N",15
22,"Meal ",37,18,4.9,"motorcycle",2,"No","Metropolitan","Fog","Low ",1,"N",5
24,"Meal ",24,17,4.6,"scooter",1,"No","Metropolitan","Fog","Low ",1,"N",15
42,"Snack ",33,11,4.3,"motorcycle",2,"No","Metropolitan","Stormy","Jam ",2,"N",10
19,"Meal ",21,23,4.8,"electric_scooter",2,"No","Metropolitan","Fog","Medium",1,"Y",15
36,"Snack ",34,9,4.8,"scooter",0,"No","Metropolitan","Stormy","Medium",2,"N",15
27,"Snack ",25,6,5,"motorcycle",0,"No","Metropolitan","Sunny","Low ",1,"N",15
19,"Snack ",33,22,4.7,"motorcycle",2,"No","Urban","Sunny","Medium",1,"N",5
19,"Buffet ",39,18,4.9,"scooter",1,"No","Urban","Sunny","Low",1,"N",5
24,"Buffet ",23,9,4.9,"motorcycle",0,"No","Metropolitan","Windy","Low ",1,"Y",5
22,"Meal ",28,23,4.6,"motorcycle",0,"No","Urban","Sunny","Low",1,"N",15
29,"Buffet ",24,6,4.7,"motorcycle",2,"No","Urban","Windy","Jam ",1,"Y",5
14,"Meal ",21,17,4.7,"electric_scooter",2,"No","Semi-Urban","Fog","Low",1,"N",15
47,"Snack ",31,5,4.9,"motorcycle",0,"No","Metropolitan","Fog","High ",1,"N",5
15,"Buffet ",35,2,4.8,"scooter",1,"No","Metropolitan","Sandstorms","Low ",0,"N",10
42,"Buffet ",25,6,4.3,"electric_scooter",2,"No","Metropolitan","Cloudy","Jam ",1,"N",5
17,"Snack ",23,23,4.5,"electric_scooter",2,"No","Semi-Urban","Windy","Low ",0,"N",15
46,"Meal ",38,18,4.3,"motorcycle",0,"No","Metropolitan","Stormy","Jam ",0,"Y",10
27,"Meal ",32,22,5,"motorcycle",2,"No","Metropolitan","Windy","Medium",1,"N",15
34,"Drinks ",28,21,5,"motorcycle",0,"No","Urban","Sunny","Jam ",2,"Y",15
20,"Meal ",32,19,4.7,"electric_scooter",0,"No","Metropolitan","Sandstorms","Low ",1,"N",10
19,"Buffet ",36,22,4.9,"motorcycle",2,"No","Urban","Sunny","Medium",0,"N",10
20,"Buffet ",31,21,4.5,"motorcycle",1,"No","Urban","Sunny","Medium",1,"Y",10
25,"Drinks ",21,22,4.8,"motorcycle",1,"No","Urban","Sandstorms","Medium",1,"N",15
54,"Meal ",37,20,4.1,"motorcycle",0,"No","Semi-Urban","Sandstorms","Jam ",2,"N",15
18,"Meal ",28,16,4.8,"motorcycle",2,"No","Metropolitan","Sunny","Low ",1,"N",10
42,"Snack ",34,3,4.8,"motorcycle",0,"No","Metropolitan","Fog","Jam ",1,"N",5
18,"Buffet ",37,16,4.1,"motorcycle",0,"No","Urban","Windy","Low ",0,"N",5
49,"Snack ",34,6,4.4,"electric_scooter",0,"No","Urban","Sunny","High ",2,"N",10
20,"Snack ",27,23,4.6,"motorcycle",0,"No","Metropolitan","Stormy","Medium",0,"N",5
30,"Drinks ",39,2,4.8,"motorcycle",1,"No","Semi-Urban","Windy","Medium",1,"N",5
25,"Meal ",20,19,5,"motorcycle",1,"No","Metropolitan","Stormy","Low ",1,"N",15
29,"Buffet ",27,18,4.8,"motorcycle",1,"No","Metropolitan","Stormy","Jam ",0,"Y",5
33,"Snack ",34,2,4.2,"scooter",2,"No","Metropolitan","Cloudy","High ",1,"N",10
16,"Buffet ",31,23,5,"motorcycle",2,"No","Metropolitan","Sandstorms","Low",0,"N",5
42,"Drinks ",23,8,4.5,"motorcycle",0,"No","Metropolitan","Cloudy","Medium",2,"Y",5
28,"Buffet ",27,18,4.9,"electric_scooter",2,"No","Metropolitan","Sandstorms","Low ",0,"N",10
16,"Drinks ",34,23,4.7,"scooter",2,"No","Metropolitan","Sunny","Medium",1,"N",10
24,"Snack ",33,15,4.7,"electric_scooter",0,"No","Metropolitan","Cloudy","Low ",0,"Y",20
25,"Drinks ",37,18,4.6,"motorcycle",1,"No","Urban","Windy","Medium",1,"Y",15
23,"Meal ",34,9,4.9,"motorcycle",0,"No","Semi-Urban","Fog","Low ",1,"N",5
27,"Buffet ",30,23,4.7,"motorcycle",0,"No","Metropolitan","Fog","Jam ",1,"N",15
26,"Drinks ",20,18,4.8,"scooter",2,"No","Metropolitan","Stormy","Jam ",1,"N",5
52,"Snack ",36,5,5,"motorcycle",0,"No","Semi-Urban","Stormy","Jam ",1,"N",15
21,"Drinks ",35,23,4.8,"motorcycle",1,"No","Metropolitan","Stormy","Low ",1,"N",20
16,"Buffet ",33,19,4,"motorcycle",0,"No","Metropolitan","Sandstorms","Low ",1,"N",5
28,"Snack ",37,4,4.7,"motorcycle",0,"No","Urban","Stormy","Medium",0,"N",5
32,"Snack ",27,3,4,"scooter",1,"No","Metropolitan","Cloudy","Jam ",0,"N",5
53,"Drinks ",22,6,4.2,"motorcycle",0,"No","Urban","Sunny","Jam",3,"N",15
28,"Drinks ",34,17,4.7,"motorcycle",2,"No","Urban","Cloudy","Low",1,"N",15
45,"Meal ",27,23,4.6,"motorcycle",0,"No","Urban","Windy","Jam ",2,"N",15
39,"Buffet ",21,13,4.9,"electric_scooter",0,"No","Metropolitan","Stormy","Medium",1,"N",10
15,"Drinks ",33,21,4.4,"motorcycle",0,"No","Semi-Urban","Windy","Low ",0,"N",15
12,"Snack ",35,22,4.9,"motorcycle",1,"No","Urban","Sunny","Low",0,"Y",15
28,"Drinks ",23,21,4.8,"scooter",0,"No","Urban","Sunny","Low",1,"N",5
34,"Buffet ",37,5,4.3,"motorcycle",1,"No","Semi-Urban","Stormy","Jam ",1,"N",10
20,"Drinks ",25,9,5,"motorcycle",0,"No","Metropolitan","Stormy","Low ",1,"N",10
24,"Drinks ",30,17,4.8,"motorcycle",2,"No","Metropolitan","Windy","Medium",1,"N",10
13,"Snack ",21,18,5,"motorcycle",2,"No","Urban","Sunny","Medium",0,"N",10
23,"Meal ",35,19,4.7,"electric_scooter",1,"No","Semi-Urban","Stormy","Low",1,"N",5
12,"Drinks ",38,5,4.5,"scooter",1,"No","Urban","Stormy","Medium",1,"N",15
34,"Snack ",25,1,4.6,"scooter",0,"No","Metropolitan","Windy","Jam ",0,"N",15
32,"Meal ",35,11,4.1,"motorcycle",0,"No","Urban","Sandstorms","Medium",1,"N",10
24,"Snack ",25,17,4.7,"motorcycle",2,"No","Metropolitan","Sandstorms","Medium",0,"N",10
25,"Drinks ",24,21,4.9,"scooter",1,"No","Semi-Urban","Sandstorms","Jam ",1,"N",5
15,"Snack ",35,9,4.8,"scooter",1,"No","Metropolitan","Stormy","Jam ",0,"N",10
31,"Buffet ",22,11,4.7,"electric_scooter",0,"No","Metropolitan","Fog","Jam ",0,"N",5
19,"Snack ",22,19,4.8,"motorcycle",1,"No","Metropolitan","Windy","Low ",1,"N",10
29,"Snack ",22,4,5,"motorcycle",0,"No","Urban","Sunny","High ",0,"N",10
13,"Snack ",28,18,4.7,"scooter",1,"No","Metropolitan","Stormy","Low ",1,"Y",15
39,"Buffet ",23,1,5,"motorcycle",0,"No","Metropolitan","Sandstorms","Jam ",1,"N",15
25,"Meal ",32,9,5,"scooter",1,"No","Semi-Urban","Sunny","Low ",1,"N",10
14,"Buffet ",21,23,4.8,"scooter",2,"No","Metropolitan","Windy","Low ",0,"N",10
25,"Drinks ",20,23,4.6,"motorcycle",0,"No","Urban","Cloudy","Jam ",0,"N",15
25,"Buffet ",21,22,4.7,"motorcycle",0,"No","Metropolitan","Fog","High ",1,"N",15
29,"Drinks ",20,17,4.6,"scooter",2,"No","Metropolitan","Stormy","Medium",1,"Y",15
34,"Buffet ",28,23,4.8,"electric_scooter",1,"No","Urban","Fog","Medium",1,"N",10
29,"Drinks ",25,6,4.9,"scooter",0,"No","Metropolitan","Sandstorms","Medium",1,"N",5
36,"Snack ",38,8,4.2,"motorcycle",0,"No","Metropolitan","Windy","Jam ",1,"N",5
34,"Drinks ",24,5,4.2,"scooter",1,"No","Metropolitan","Stormy","Medium",2,"Y",10
15,"Meal ",37,14,4.6,"motorcycle",2,"No","Metropolitan","Sunny","Medium",0,"Y",5
21,"Buffet ",27,7,4.8,"scooter",2,"No","Metropolitan","Cloudy","Jam ",1,"N",5
29,"Snack ",26,23,4.6,"motorcycle",1,"No","Metropolitan","Sandstorms","Jam ",1,"N",5
14,"Meal ",28,19,4.8,"motorcycle",1,"No","Urban","Stormy","High",0,"N",5
41,"Drinks ",38,18,4.3,"scooter",2,"No","Metropolitan","Stormy","Jam ",0,"N",10
31,"Meal ",28,9,4.4,"motorcycle",2,"No","Metropolitan","Sunny","High ",1,"N",10
33,"Meal ",23,5,4.2,"electric_scooter",1,"No","Urban","Fog","Jam ",0,"N",5
21,"Drinks ",39,13,4.7,"electric_scooter",1,"No","Metropolitan","Stormy","Medium",1,"N",15
16,"Meal ",22,3,4.1,"motorcycle",0,"No","Metropolitan","Windy","Low ",0,"N",5
14,"Snack ",30,17,4.9,"electric_scooter",2,"No","Metropolitan","Windy","Low ",0,"N",15
27,"Buffet ",35,15,4.8,"scooter",1,"No","Urban","Windy","High",1,"N",5
30,"Snack ",31,15,4.9,"motorcycle",2,"No","Metropolitan","Fog","Jam ",0,"N",5
42,"Snack ",35,2,5,"motorcycle",0,"No","Metropolitan","Sandstorms","Jam ",1,"N",5
25,"Buffet ",27,14,5,"motorcycle",0,"No","Urban","Fog","Jam ",0,"N",15
10,"Snack ",20,13,5,"electric_scooter",2,"No","Metropolitan","Stormy","Low ",0,"N",15
16,"Meal ",22,12,4.6,"electric_scooter",1,"No","Semi-Urban","Fog","Low ",0,"N",5
26,"Buffet ",37,17,4.5,"scooter",1,"No","Metropolitan","Sandstorms","Jam ",1,"N",5
45,"Snack ",26,22,4.6,"electric_scooter",0,"No","Semi-Urban","Fog","Jam ",1,"Y",15
16,"Snack ",32,13,4.6,"scooter",2,"No","Semi-Urban","Stormy","Low ",1,"Y",10
37,"Buffet ",38,1,4.7,"motorcycle",0,"No","Semi-Urban","Windy","Jam",1,"N",5
47,"Snack ",32,9,4.2,"motorcycle",0,"Yes","Urban","Sandstorms","Jam ",2,"N",10
27,"Drinks ",26,17,4.6,"scooter",1,"No","Urban","Fog","Medium",1,"Y",5
20,"Drinks ",34,22,4.9,"scooter",1,"No","Urban","Windy","Jam ",1,"N",10
11,"Meal ",21,18,4.7,"motorcycle",1,"No","Metropolitan","Sandstorms","Low",1,"N",15
17,"Meal ",38,22,4.6,"motorcycle",2,"No","Metropolitan","Fog","Low ",1,"N",15
15,"Meal ",21,14,4.8,"scooter",0,"No","Metropolitan","Fog","Low ",1,"N",15
37,"Snack ",22,4,4.6,"motorcycle",0,"No","Metropolitan","Windy","Jam ",2,"Y",5
25,"Buffet ",23,18,5,"scooter",2,"No","Urban","Stormy","Low",1,"N",5
20,"Buffet ",20,16,4.8,"scooter",0,"No","Urban","Windy","Low",1,"N",15
49,"Drinks ",22,19,4.6,"motorcycle",0,"No","Metropolitan","Cloudy","Jam ",2,"N",10
29,"Drinks ",23,18,4.7,"scooter",2,"No","Metropolitan","Windy","Medium",0,"N",15
20,"Snack ",33,23,4.9,"motorcycle",0,"No","Urban","Fog","Low",1,"Y",15
28,"Snack ",33,17,4.6,"motorcycle",1,"No","Metropolitan","Sandstorms","Medium",0,"N",15
34,"Buffet ",20,9,4.8,"motorcycle",1,"No","Metropolitan","Sunny","Jam ",1,"N",5
25,"Snack ",30,19,4.7,"motorcycle",2,"No","Semi-Urban","Cloudy","High ",0,"Y",15
14,"Snack ",26,19,4.6,"scooter",1,"No","Urban","Sunny","Jam",1,"N",5
23,"Drinks ",34,14,4.9,"electric_scooter",1,"No","Urban","Windy","Jam ",1,"N",15
33,"Drinks ",27,17,4.6,"scooter",1,"No","Metropolitan","Fog","Medium",1,"Y",10
27,"Snack ",32,21,4.7,"motorcycle",2,"No","Metropolitan","Windy","Medium",1,"N",10
12,"Drinks ",39,6,4.8,"scooter",2,"No","Metropolitan","Sunny","Medium",0,"N",5
24,"Drinks ",35,18,4.7,"scooter",1,"No","Metropolitan","Sunny","Jam ",1,"N",15
25,"Snack ",31,19,4.7,"motorcycle",2,"No","Semi-Urban","Windy","Jam",1,"N",15
27,"Buffet ",38,13,4.5,"scooter",1,"No","Urban","Windy","High ",1,"N",15
39,"Snack ",20,7,4.1,"electric_scooter",2,"No","Metropolitan","Fog","Jam ",2,"N",15
27,"Buffet ",21,21,4.9,"electric_scooter",2,"No","Urban","Sunny","Medium",1,"N",5
20,"Drinks ",24,9,4.9,"motorcycle",2,"No","Metropolitan","Windy","Low ",1,"Y",10
27,"Snack ",20,7,4.6,"scooter",2,"No","Semi-Urban","Windy","Jam ",1,"N",10
25,"Meal ",30,23,4.6,"motorcycle",0,"No","Metropolitan","Sandstorms","Low ",1,"N",10
23,"Buffet ",34,23,4.6,"scooter",1,"No","Urban","Cloudy","Low ",0,"N",10
24,"Meal ",20,15,4.8,"motorcycle",1,"No","Urban","Sunny","Jam ",0,"Y",5
21,"Drinks ",23,22,5,"electric_scooter",0,"No","Semi-Urban","Sunny","Medium",1,"N",10
34,"Meal ",24,15,4.3,"scooter",2,"No","Semi-Urban","Sunny","Jam ",1,"Y",15
22,"Drinks ",36,15,4.7,"electric_scooter",0,"No","Urban","Fog","Low",0,"Y",15
30,"Snack ",20,13,4.8,"electric_scooter",0,"No","Urban","Sandstorms","Jam ",1,"N",15
13,"Snack ",28,11,4.5,"motorcycle",1,"No","Metropolitan","Sunny","Medium",0,"N",15
13,"Meal ",22,19,4.7,"scooter",2,"No","Urban","Sunny","Jam",0,"N",10
18,"Buffet ",29,19,4.7,"scooter",1,"No","Urban","Fog","Low",1,"N",10
27,"Meal ",32,23,4.5,"motorcycle",2,"No","Metropolitan","Cloudy","Jam ",0,"N",10
29,"Meal ",39,4,4.7,"electric_scooter",2,"No","Semi-Urban","Windy","Low ",0,"N",10
41,"Drinks ",36,23,4.9,"motorcycle",0,"No","Metropolitan","Fog","Medium",2,"N",5
21,"Drinks ",25,23,4.9,"electric_scooter",1,"No","Metropolitan","Stormy","Low ",1,"N",15
15,"Buffet ",34,13,4.6,"electric_scooter",2,"No","Metropolitan","Cloudy","Medium",0,"N",15
27,"Snack ",39,21,4.8,"motorcycle",0,"No","Metropolitan","Cloudy","High ",1,"N",5
42,"Snack ",20,4,4.2,"electric_scooter",0,"No","Metropolitan","Sunny","High ",1,"N",15
31,"Buffet ",21,2,4.3,"motorcycle",1,"No","Urban","Stormy","Jam",1,"N",15
41,"Snack ",28,13,4.1,"motorcycle",0,"No","Metropolitan","Sandstorms","Jam ",1,"Y",5
12,"Meal ",39,18,4.8,"motorcycle",1,"No","Metropolitan","Sunny","Low ",1,"Y",15
33,"Buffet ",38,5,4.3,"electric_scooter",1,"No","Metropolitan","Stormy","Medium",1,"N",5
24,"Meal ",29,19,5,"motorcycle",0,"No","Urban","Fog","Low",1,"N",10
39,"Snack ",20,5,4,"scooter",2,"No","Semi-Urban","Cloudy","Jam ",0,"Y",10
20,"Meal ",33,23,4.8,"electric_scooter",0,"No","Metropolitan","Cloudy","High ",1,"N",15
15,"Meal ",26,1,5,"scooter",2,"No","Semi-Urban","Sunny","Low",0,"N",15
15,"Meal ",28,6,4.5,"electric_scooter",2,"No","Urban","Stormy","Medium",1,"N",5
26,"Snack ",30,8,4.9,"scooter",1,"No","Metropolitan","Stormy","Low ",1,"N",10
16,"Snack ",36,22,4.9,"scooter",1,"No","Urban","Sunny","Low",0,"N",5
24,"Drinks ",21,22,4.8,"scooter",2,"No","Semi-Urban","Sunny","Medium",1,"Y",15
17,"Snack ",38,3,4.7,"scooter",2,"No","Metropolitan","Sunny","Medium",1,"Y",10
18,"Buffet ",39,21,4.7,"scooter",1,"No","Semi-Urban","Fog","Low ",1,"N",10
27,"Drinks ",30,22,4.8,"scooter",1,"No","Semi-Urban","Stormy","Medium",1,"N",10
21,"Snack ",22,6,4.8,"electric_scooter",1,"No","Urban","Sandstorms","Jam ",0,"N",10
40,"Buffet ",32,15,4.4,"scooter",1,"No","Metropolitan","Stormy","Jam ",1,"N",5
15,"Drinks ",35,3,4.3,"scooter",0,"No","Urban","Stormy","Low",1,"N",15
19,"Meal ",27,22,5,"electric_scooter",2,"No","Metropolitan","Sunny","Medium",0,"N",15
24,"Drinks ",22,12,4.8,"scooter",0,"No","Metropolitan","Windy","Medium",0,"N",15
28,"Buffet ",32,21,5,"motorcycle",0,"No","Urban","Stormy","Jam ",1,"N",5
20,"Drinks ",29,19,4.9,"motorcycle",2,"No","Metropolitan","Windy","Medium",1,"N",5
24,"Buffet ",26,3,4.1,"motorcycle",0,"No","Semi-Urban","Windy","Low ",1,"N",5
18,"Meal ",34,19,4.8,"motorcycle",1,"No","Metropolitan","Fog","Low ",0,"N",15
24,"Buffet ",34,22,4.8,"scooter",2,"No","Metropolitan","Stormy","Low ",1,"N",5
23,"Meal ",36,21,4.8,"scooter",2,"No","Metropolitan","Sunny","Medium",1,"N",5
15,"Drinks ",35,13,4.8,"electric_scooter",1,"No","Metropolitan","Windy","Low ",1,"N",10
19,"Snack ",25,9,4.5,"electric_scooter",1,"No","Urban","Stormy","Jam ",1,"N",5
21,"Meal ",22,3,4.9,"motorcycle",0,"No","Semi-Urban","Stormy","Low ",1,"N",10
39,"Buffet ",34,5,4.4,"motorcycle",0,"No","Metropolitan","Stormy","Medium",1,"N",5
20,"Snack ",38,19,4.8,"motorcycle",0,"No","Metropolitan","Fog","Medium",1,"N",5
14,"Drinks ",29,18,4.9,"electric_scooter",2,"No","Metropolitan","Windy","Low ",1,"N",15
26,"Drinks ",34,19,4.6,"motorcycle",0,"No","Urban","Fog","Medium",0,"N",15
19,"Drinks ",28,15,4.5,"electric_scooter",2,"No","Metropolitan","Windy","Jam ",1,"N",10
41,"Meal ",24,7,3.5,"scooter",1,"No","Metropolitan","Windy","Jam ",1,"N",5
28,"Drinks ",23,1,4.8,"scooter",2,"No","Semi-Urban","Sandstorms","Medium",0,"Y",10
17,"Drinks ",26,15,4.8,"motorcycle",0,"No","Metropolitan","Sunny","Medium",0,"N",15
49,"Snack ",37,21,4.8,"electric_scooter",0,"No","Urban","Stormy","Medium",3,"N",15
29,"Drinks ",33,13,5,"motorcycle",0,"No","Metropolitan","Sunny","Low ",1,"N",5
28,"Buffet ",36,17,5,"scooter",2,"No","Urban","Stormy","Medium",1,"Y",10
22,"Buffet ",38,21,4.9,"motorcycle",1,"No","Urban","Windy","Medium",1,"N",10
36,"Meal ",39,9,4.7,"scooter",2,"No","Semi-Urban","Cloudy","Jam ",0,"N",10
16,"Drinks ",31,19,4.7,"motorcycle",0,"No","Urban","Cloudy","Low ",0,"N",15
18,"Buffet ",28,19,4.7,"electric_scooter",1,"No","Urban","Fog","Low ",1,"N",15
28,"Snack ",29,9,5,"motorcycle",1,"No","Metropolitan","Sandstorms","Jam ",1,"N",10
17,"Meal ",23,18,4.6,"scooter",2,"No","Semi-Urban","Sunny","Medium",1,"Y",15
26,"Snack ",22,6,4.5,"motorcycle",1,"No","Urban","Windy","Medium",1,"N",10
15,"Snack ",20,2,4.6,"scooter",2,"No","Semi-Urban","Cloudy","Medium",0,"N",5
24,"Buffet ",32,17,4.2,"motorcycle",0,"No","Semi-Urban","Sandstorms","Low",0,"N",10
32,"Snack ",39,5,3,"motorcycle",0,"No","Metropolitan","Sunny","Low ",0,"N",15
18,"Snack ",22,22,4.8,"scooter",1,"No","Metropolitan","Stormy","Jam ",1,"N",5
21,"Buffet ",22,15,4.7,"electric_scooter",0,"No","Urban","Sunny","Jam",1,"N",15
33,"Buffet ",20,9,4.8,"motorcycle",0,"No","Semi-Urban","Windy","Medium",1,"N",5
29,"Drinks ",22,3,4.5,"motorcycle",2,"No","Metropolitan","Fog","Low ",0,"N",10
27,"Meal ",22,22,5,"motorcycle",0,"No","Metropolitan","Cloudy","Low ",1,"Y",5
27,"Buffet ",36,23,4.9,"motorcycle",0,"No","Metropolitan","Sunny","Jam ",1,"Y",10
10,"Buffet ",36,18,4.8,"motorcycle",2,"No","Urban","Stormy","High",0,"Y",5
27,"Meal ",21,16,4.8,"electric_scooter",2,"No","Metropolitan","Sandstorms","Jam ",1,"Y",10
24,"Snack ",36,8,4.6,"scooter",1,"No","Metropolitan","Stormy","Low ",1,"Y",10
53,"Meal ",20,3,4,"motorcycle",0,"No","Metropolitan","Stormy","Jam ",1,"N",5
15,"Drinks ",27,18,4.9,"scooter",1,"No","Semi-Urban","Cloudy","Medium",0,"Y",5
46,"Meal ",31,17,4.9,"electric_scooter",0,"No","Metropolitan","Fog","Jam ",1,"N",5
25,"Snack ",23,15,4.6,"scooter",2,"No","Urban","Stormy","Low",1,"N",15
22,"Drinks ",23,3,4.7,"scooter",2,"No","Metropolitan","Fog","Jam ",0,"N",10
30,"Meal ",26,22,4.6,"motorcycle",0,"No","Metropolitan","Windy","Jam ",1,"N",5
42,"Drinks ",32,22,4.5,"motorcycle",0,"Yes","Urban","Fog","Medium",1,"N",15
13,"Meal ",38,22,4.9,"electric_scooter",2,"No","Semi-Urban","Sunny","Jam ",0,"N",15
38,"Meal ",30,9,4.7,"motorcycle",0,"No","Semi-Urban","Windy","High ",1,"N",10
28,"Meal ",28,23,4.9,"motorcycle",1,"No","Metropolitan","Windy","Low ",1,"N",5
29,"Buffet ",28,8,4.9,"motorcycle",1,"No","Urban","Fog","High ",1,"Y",5
16,"Drinks ",22,19,4.8,"scooter",2,"No","Semi-Urban","Stormy","Low ",0,"N",10
24,"Drinks ",27,3,4.8,"motorcycle",0,"No","Metropolitan","Sunny","Low ",0,"N",10
32,"Drinks ",26,2,4.6,"electric_scooter",1,"No","Metropolitan","Stormy","Medium",1,"N",15
17,"Snack ",31,19,4.7,"electric_scooter",1,"No","Metropolitan","Sandstorms","Jam",0,"N",5
40,"Snack ",35,8,3.6,"scooter",1,"No","Metropolitan","Windy","Jam ",1,"N",15
21,"Drinks ",36,7,4.6,"motorcycle",0,"No","Metropolitan","Fog","Low ",1,"N",15
34,"Meal ",33,12,4.6,"motorcycle",1,"No","Urban","Cloudy","Jam ",1,"N",5
29,"Buffet ",28,5,4.6,"motorcycle",1,"No","Metropolitan","Stormy","Medium",1,"N",5
36,"Snack ",37,6,4.2,"electric_scooter",0,"No","Metropolitan","Sandstorms","Jam ",2,"N",10
26,"Drinks ",27,2,4.6,"motorcycle",2,"No","Metropolitan","Fog","Jam ",1,"N",10
29,"Snack ",25,22,4.9,"scooter",2,"No","Metropolitan","Stormy","Low",1,"N",5
27,"Meal ",28,23,5,"scooter",0,"No","Metropolitan","Fog","Medium",1,"N",5
37,"Snack ",27,4,4.3,"motorcycle",1,"No","Urban","Cloudy","Low",1,"N",15
25,"Buffet ",34,4,4.8,"motorcycle",2,"No","Metropolitan","Sandstorms","Jam ",0,"N",5
23,"Meal ",29,6,4.5,"scooter",1,"No","Metropolitan","Stormy","Jam ",1,"Y",10
19,"Drinks ",28,12,4.7,"scooter",2,"No","Metropolitan","Stormy","Low ",0,"N",10
25,"Meal ",34,16,4.9,"electric_scooter",2,"No","Metropolitan","Stormy","Low ",1,"N",15
19,"Meal ",27,21,4.5,"scooter",1,"No","Metropolitan","Fog","Low ",1,"N",5
38,"Snack ",32,16,4.6,"motorcycle",0,"No","Metropolitan","Fog","Jam ",0,"Y",10
26,"Drinks ",35,22,4.8,"scooter",2,"No","Metropolitan","Windy","Jam ",1,"N",5
27,"Meal ",26,17,4.7,"motorcycle",0,"No","Urban","Fog","Low ",0,"Y",5
32,"Snack ",20,9,4.4,"electric_scooter",0,"No","Metropolitan","Sunny","High ",1,"N",5
28,"Meal ",26,16,4.7,"motorcycle",2,"No","Semi-Urban","Sunny","Low ",1,"Y",15
13,"Drinks ",38,16,4.7,"motorcycle",2,"No","Metropolitan","Fog","Low ",1,"N",5
42,"Buffet ",35,16,4,"motorcycle",2,"No","Metropolitan","Sandstorms","Medium",0,"Y",10
13,"Buffet ",33,14,4.9,"motorcycle",2,"No","Metropolitan","Stormy","Low ",0,"N",10
28,"Snack ",22,19,5,"scooter",2,"No","Metropolitan","Windy","Jam ",1,"Y",5
38,"Drinks ",32,15,4.9,"scooter",2,"No","Metropolitan","Sunny","High ",1,"N",10
34,"Drinks ",32,3,3.9,"scooter",2,"No","Metropolitan","Windy","Medium",1,"N",5
22,"Snack ",23,16,4.5,"motorcycle",0,"No","Semi-Urban","Sunny","Low ",1,"N",5
28,"Drinks ",26,9,5,"scooter",0,"No","Metropolitan","Sunny","Jam ",1,"N",10
19,"Buffet ",29,12,4.8,"scooter",1,"No","Metropolitan","Stormy","High ",1,"Y",15
20,"Buffet ",30,5,4.6,"scooter",2,"No","Metropolitan","Sunny","Jam ",0,"N",10
24,"Drinks ",25,13,4.9,"motorcycle",1,"No","Semi-Urban","Windy","High ",1,"N",10
17,"Buffet ",36,15,4.6,"motorcycle",1,"No","Metropolitan","Sandstorms","Low ",0,"Y",5
24,"Snack ",34,7,4.9,"motorcycle",1,"No","Urban","Windy","Medium",1,"Y",5
33,"Drinks ",21,3,4.2,"motorcycle",2,"No","Urban","Windy","Jam ",1,"N",10
22,"Snack ",27,23,4.7,"electric_scooter",1,"No","Metropolitan","Windy","Jam ",1,"Y",15
33,"Drinks ",37,19,2.7,"scooter",2,"No","Metropolitan","Sunny","Low ",1,"N",10
35,"Drinks ",36,13,4.2,"motorcycle",2,"No","Metropolitan","Stormy","Jam ",1,"N",10
34,"Meal ",24,8,4,"motorcycle",2,"No","Semi-Urban","Cloudy","Jam ",0,"N",10
17,"Buffet ",33,23,5,"electric_scooter",2,"No","Semi-Urban","Sandstorms","Low ",0,"Y",15
11,"Meal ",20,23,4.8,"electric_scooter",1,"No","Urban","Cloudy","Medium",0,"N",10
34,"Buffet ",29,23,4.4,"scooter",2,"No","Urban","Sandstorms","Jam ",1,"Y",5
20,"Meal ",28,19,4.8,"motorcycle",0,"No","Metropolitan","Cloudy","Low ",1,"N",15
28,"Meal ",27,4,4.9,"electric_scooter",2,"No","Metropolitan","Stormy","Low ",0,"N",10
18,"Snack ",30,9,5,"motorcycle",0,"No","Metropolitan","Stormy","Medium",1,"N",5
26,"Drinks ",29,16,4.7,"electric_scooter",1,"No","Urban","Stormy","Jam",0,"N",10
24,"Snack ",39,18,4.9,"motorcycle",1,"No","Semi-Urban","Sunny","Medium",0,"N",5
17,"Buffet ",33,19,4.6,"electric_scooter",1,"No","Urban","Fog","Low",1,"Y",10
29,"Drinks ",27,15,4.9,"scooter",2,"No","Semi-Urban","Stormy","Jam",1,"Y",10
32,"Buffet ",24,19,4.5,"scooter",1,"No","Metropolitan","Sandstorms","Medium",1,"Y",15
33,"Drinks ",20,19,4.8,"scooter",0,"No","Metropolitan","Fog","Jam ",1,"Y",15
19,"Drinks ",36,19,5,"motorcycle",1,"No","Metropolitan","Sunny","Medium",1,"Y",10
29,"Meal ",39,4,4.7,"electric_scooter",2,"No","Semi-Urban","Windy","Low ",0,"N",10
29,"Snack ",20,19,4.6,"motorcycle",0,"No","Urban","Stormy","Low",1,"N",5
17,"Buffet ",29,13,4.6,"motorcycle",0,"No","Metropolitan","Cloudy","Low ",0,"N",15
16,"Buffet ",24,19,4.7,"scooter",1,"No","Semi-Urban","Sunny","Low ",0,"Y",15
36,"Buffet ",38,1,4.1,"motorcycle",0,"No","Urban","Stormy","Medium",0,"N",5
16,"Drinks ",29,12,4.7,"electric_scooter",1,"No","Semi-Urban","Sunny","Medium",1,"Y",5
43,"Buffet ",24,13,3.9,"motorcycle",2,"No","Metropolitan","Stormy","Jam ",1,"N",10
24,"Drinks ",33,15,4.6,"scooter",1,"No","Metropolitan","Stormy","Jam ",1,"N",10
15,"Drinks ",28,21,4.9,"motorcycle",0,"No","Metropolitan","Cloudy","Low ",1,"Y",15
26,"Meal ",21,13,4.8,"motorcycle",0,"No","Metropolitan","Windy","Jam ",0,"N",5
18,"Meal ",21,23,5,"motorcycle",1,"No","Metropolitan","Sandstorms","Medium",1,"Y",5
25,"Buffet ",39,4,4.5,"motorcycle",0,"No","Semi-Urban","Stormy","Jam",1,"N",5
43,"Snack ",30,4,4.3,"electric_scooter",2,"No","Semi-Urban","Fog","Jam ",0,"N",10
20,"Drinks ",31,3,4.2,"motorcycle",0,"No","Metropolitan","Stormy","Low ",1,"N",15
25,"Buffet ",29,23,4.6,"scooter",2,"No","Metropolitan","Sandstorms","Jam ",1,"N",5
31,"Drinks ",29,9,4.3,"electric_scooter",2,"No","Urban","Cloudy","Medium",1,"N",10
33,"Snack ",33,3,4.1,"scooter",2,"No","Metropolitan","Stormy","High ",0,"N",5
34,"Meal ",29,6,4.2,"motorcycle",0,"No","Urban","Sandstorms","Low ",0,"Y",5
27,"Drinks ",23,3,4.6,"scooter",2,"No","Metropolitan","Fog","Jam ",1,"N",15
29,"Drinks ",36,21,4.6,"scooter",0,"No","Urban","Fog","Medium",1,"N",10
19,"Drinks ",26,22,4.7,"electric_scooter",2,"No","Metropolitan","Sunny","High ",1,"N",10
17,"Snack ",24,22,5,"motorcycle",1,"No","Semi-Urban","Stormy","Low",1,"Y",15
28,"Buffet ",20,19,4.7,"electric_scooter",0,"No","Urban","Sandstorms","Low",0,"N",20
24,"Meal ",21,17,4.6,"motorcycle",0,"No","Metropolitan","Windy","Low",1,"N",10
44,"Snack ",22,18,4.8,"motorcycle",0,"No","Urban","Fog","Jam ",3,"Y",15
39,"Buffet ",25,4,4.2,"scooter",2,"No","Metropolitan","Fog","Jam ",1,"N",5
19,"Drinks ",30,22,4.9,"motorcycle",1,"No","Metropolitan","Fog","Medium",0,"N",15
35,"Meal ",28,9,4.8,"motorcycle",2,"No","Urban","Fog","Jam ",0,"Y",15
26,"Snack ",29,5,5,"motorcycle",0,"No","Metropolitan","Sandstorms","Low ",1,"N",10
40,"Drinks ",26,2,3.6,"scooter",1,"Yes","Semi-Urban","Windy","Jam ",1,"N",5
26,"Buffet ",29,16,4.6,"scooter",0,"No","Semi-Urban","Stormy","High ",0,"Y",15
20,"Meal ",37,12,4.9,"motorcycle",0,"No","Metropolitan","Cloudy","Low ",1,"Y",15
25,"Drinks ",32,12,4.7,"motorcycle",1,"No","Semi-Urban","Windy","Jam ",1,"N",15
40,"Snack ",26,6,4.8,"motorcycle",0,"No","Metropolitan","Fog","Medium",2,"N",10
25,"Buffet ",28,7,4.6,"motorcycle",0,"No","Metropolitan","Stormy","Low ",1,"N",15
25,"Meal ",38,7,4.6,"motorcycle",1,"No","Metropolitan","Sunny","Low ",1,"N",10
15,"Snack ",21,22,4.7,"motorcycle",1,"No","Urban","Sandstorms","Low",0,"N",10
43,"Buffet ",30,3,4.1,"motorcycle",0,"Yes","Urban","Sandstorms","Jam ",0,"N",10
25,"Snack ",23,23,4.7,"motorcycle",1,"No","Metropolitan","Fog","Low ",1,"Y",5
13,"Meal ",34,16,4.9,"motorcycle",1,"No","Urban","Sunny","Low",1,"N",5
19,"Snack ",39,7,4.8,"electric_scooter",2,"No","Metropolitan","Sandstorms","Jam ",0,"N",5
27,"Buffet ",25,13,5,"electric_scooter",0,"No","Metropolitan","Windy","Medium",1,"N",10
32,"Snack ",39,8,4.3,"electric_scooter",0,"No","Metropolitan","Sunny","Jam ",0,"N",15
27,"Snack ",26,1,4.5,"scooter",2,"No","Metropolitan","Stormy","Low ",1,"N",15
17,"Buffet ",31,9,4.8,"motorcycle",1,"No","Semi-Urban","Sunny","Medium",1,"N",15
26,"Buffet ",21,17,4.9,"electric_scooter",2,"No","Semi-Urban","Windy","Low",1,"N",15
28,"Snack ",20,23,4.9,"electric_scooter",0,"No","Metropolitan","Sandstorms","Jam ",0,"N",5
27,"Drinks ",34,14,4.8,"electric_scooter",2,"No","Metropolitan","Windy","Low ",1,"N",5
15,"Buffet ",25,19,4.7,"scooter",2,"No","Urban","Sunny","Low ",1,"N",5
26,"Snack ",32,22,4.8,"motorcycle",0,"No","Metropolitan","Fog","Low ",1,"N",15
28,"Meal ",36,21,4.5,"motorcycle",1,"No","Metropolitan","Cloudy","Jam ",0,"N",5
38,"Snack ",32,3,4.8,"motorcycle",1,"No","Metropolitan","Fog","High ",1,"N",15
11,"Buffet ",34,21,4.7,"motorcycle",1,"No","Metropolitan","Sunny","Medium",1,"Y",15
18,"Meal ",31,21,4.8,"motorcycle",0,"No","Metropolitan","Fog","Low ",1,"N",5
10,"Snack ",29,17,4.7,"motorcycle",1,"No","Urban","Windy","Jam",0,"N",15
23,"Snack ",27,23,4.7,"motorcycle",1,"No","Metropolitan","Cloudy","Jam ",1,"N",15
19,"Buffet ",20,2,5,"scooter",2,"No","Metropolitan","Fog","Medium",1,"N",15
42,"Buffet ",24,1,4.6,"scooter",0,"No","Urban","Cloudy","Medium",1,"Y",5
26,"Drinks ",21,9,4.9,"motorcycle",0,"No","Metropolitan","Sunny","Low ",0,"N",15
25,"Drinks ",26,15,4.9,"motorcycle",1,"No","Metropolitan","Windy","Jam ",1,"Y",10
51,"Buffet ",21,23,4.4,"motorcycle",0,"No","Urban","Stormy","Jam ",2,"N",10
31,"Meal ",31,3,4.2,"motorcycle",0,"No","Urban","Windy","Low",0,"N",5
28,"Meal ",29,19,4.9,"scooter",0,"No","Metropolitan","Cloudy","Low ",0,"N",15
35,"Snack ",27,19,4.6,"motorcycle",0,"No","Semi-Urban","Stormy","Medium",1,"N",15
37,"Buffet ",32,4,4.7,"motorcycle",0,"No","Urban","Cloudy","Low ",1,"N",5
26,"Meal ",25,5,4.5,"scooter",0,"No","Urban","Sandstorms","Jam",0,"N",10
16,"Drinks ",39,17,4.9,"electric_scooter",2,"No","Semi-Urban","Sandstorms","Low",1,"N",15
20,"Snack ",22,18,4.9,"scooter",0,"No","Metropolitan","Sandstorms","Jam ",0,"N",10
31,"Meal ",34,15,4.7,"scooter",1,"No","Metropolitan","Cloudy","High ",1,"Y",15
19,"Snack ",31,21,4.7,"scooter",2,"No","Metropolitan","Sunny","High ",1,"N",15
19,"Snack ",27,18,4.8,"scooter",1,"No","Urban","Cloudy","Low",1,"N",5
39,"Meal ",27,13,4.2,"motorcycle",1,"Yes","Metropolitan","Cloudy","Low ",2,"Y",5
26,"Buffet ",27,15,4.9,"scooter",1,"No","Urban","Sandstorms","Jam",1,"N",5
28,"Snack ",27,22,4.7,"motorcycle",0,"No","Urban","Fog","Medium",1,"N",10
15,"Snack ",25,18,4.6,"motorcycle",1,"No","Semi-Urban","Sandstorms","Jam ",1,"N",10
33,"Meal ",37,3,4,"motorcycle",0,"No","Urban","Windy","Low",0,"Y",5
15,"Buffet ",25,9,4.7,"scooter",2,"No","Metropolitan","Fog","Medium",1,"N",15
23,"Buffet ",28,21,4.8,"motorcycle",0,"No","Urban","Sandstorms","High ",1,"N",10
25,"Snack ",20,19,4.9,"electric_scooter",2,"No","Metropolitan","Sandstorms","Jam ",0,"N",15
27,"Meal ",22,23,4.8,"scooter",1,"No","Metropolitan","Sandstorms","High ",0,"N",10
23,"Drinks ",21,22,4.8,"motorcycle",2,"No","Metropolitan","Sunny","Low ",1,"N",10
25,"Snack ",38,22,5,"electric_scooter",1,"No","Metropolitan","Sunny","Low ",1,"N",15
16,"Buffet ",29,19,4.6,"scooter",1,"No","Urban","Fog","Medium",1,"N",5
19,"Snack ",30,23,4.7,"motorcycle",1,"No","Metropolitan","Sunny","Jam ",1,"Y",15
25,"Meal ",36,4,4.9,"electric_scooter",2,"No","Urban","Stormy","Jam ",1,"N",15
28,"Snack ",35,8,4.8,"motorcycle",1,"No","Metropolitan","Fog","Low ",1,"N",10
23,"Meal ",31,19,4.9,"motorcycle",0,"No","Metropolitan","Fog","Medium",1,"N",15
30,"Meal ",23,8,4.7,"scooter",1,"No","Urban","Stormy","Jam ",0,"N",5
34,"Drinks ",35,22,5,"scooter",0,"No","Semi-Urban","Stormy","Medium",1,"N",5
37,"Buffet ",25,1,4.4,"scooter",2,"No","Semi-Urban","Fog","Jam",1,"N",15
22,"Drinks ",32,9,4.6,"electric_scooter",0,"No","Semi-Urban","Stormy","Jam ",1,"Y",15
22,"Drinks ",22,9,4.8,"motorcycle",2,"No","Metropolitan","Sandstorms","Low ",1,"N",15
20,"Drinks ",39,22,4.7,"scooter",2,"No","Metropolitan","Sunny","Low ",1,"N",5
36,"Snack ",31,9,5,"motorcycle",0,"No","Metropolitan","Windy","Medium",1,"N",5
20,"Drinks ",34,12,4.8,"motorcycle",1,"No","Semi-Urban","Fog","High ",0,"Y",10
35,"Buffet ",32,6,4.2,"motorcycle",0,"No","Semi-Urban","Stormy","Medium",1,"Y",5
14,"Meal ",27,22,4.8,"scooter",1,"No","Urban","Stormy","Low",1,"N",10
19,"Meal ",23,19,4.8,"scooter",2,"No","Urban","Stormy","Jam",0,"N",5
38,"Buffet ",25,23,4.6,"motorcycle",0,"No","Semi-Urban","Windy","Medium",1,"N",15
42,"Snack ",29,16,3.9,"motorcycle",0,"No","Semi-Urban","Sunny","High ",2,"Y",15
11,"Meal ",39,23,4.6,"scooter",2,"No","Urban","Fog","Low",1,"N",10
17,"Drinks ",20,16,4.6,"scooter",2,"No","Semi-Urban","Stormy","Low ",0,"N",10
31,"Buffet ",20,5,3.7,"electric_scooter",1,"No","Urban","Stormy","Jam",1,"Y",10
43,"Drinks ",24,18,4.3,"scooter",2,"Yes","Metropolitan","Windy","Jam ",1,"N",5
13,"Drinks ",25,6,4.8,"motorcycle",2,"No","Metropolitan","Fog","Low ",0,"N",15
19,"Buffet ",37,15,4.5,"motorcycle",0,"No","Metropolitan","Fog","Low ",0,"N",10
25,"Snack ",28,4,4.6,"motorcycle",1,"No","Urban","Stormy","Low ",1,"Y",5
27,"Buffet ",25,21,5,"scooter",1,"No","Urban","Stormy","Low ",1,"N",5
20,"Drinks ",20,21,5,"electric_scooter",0,"No","Metropolitan","Fog","Medium",1,"N",5
38,"Buffet ",27,1,4.1,"motorcycle",0,"No","Semi-Urban","Sunny","Medium",2,"N",15
46,"Drinks ",34,7,4.2,"motorcycle",0,"No","Urban","Sunny","Jam ",0,"N",15
12,"Snack ",28,9,4.7,"scooter",2,"No","Urban","Sunny","Jam ",0,"N",15
39,"Snack ",26,18,5,"motorcycle",0,"No","Metropolitan","Stormy","Jam ",0,"N",5
15,"Buffet ",37,17,4.8,"motorcycle",2,"No","Urban","Sunny","Medium",0,"N",10
26,"Snack ",33,6,4.8,"electric_scooter",2,"No","Metropolitan","Sandstorms","Low ",1,"N",5
16,"Snack ",21,22,4.9,"motorcycle",2,"No","Semi-Urban","Sandstorms","Low",0,"Y",10
16,"Buffet ",27,7,4.6,"electric_scooter",2,"No","Urban","Stormy","Jam ",0,"N",10
30,"Drinks ",24,8,4.5,"motorcycle",2,"No","Metropolitan","Cloudy","High ",1,"N",15
29,"Buffet ",30,4,4.6,"motorcycle",1,"No","Metropolitan","Sandstorms","Low ",0,"Y",10
27,"Snack ",21,16,4.9,"scooter",2,"No","Urban","Windy","Low",0,"N",15
25,"Drinks ",34,19,4.3,"motorcycle",0,"No","Semi-Urban","Sandstorms","Low ",1,"N",15
21,"Drinks ",35,19,5,"motorcycle",0,"No","Metropolitan","Windy","Low ",1,"N",15
17,"Buffet ",22,21,4.6,"scooter",1,"No","Metropolitan","Stormy","Low ",1,"N",5
19,"Drinks ",20,21,5,"scooter",2,"No","Semi-Urban","Windy","Low",0,"N",10
28,"Meal ",35,19,4.6,"electric_scooter",0,"No","Metropolitan","Stormy","Medium",1,"N",10
16,"Drinks ",21,21,5,"electric_scooter",1,"No","Metropolitan","Sunny","Low",1,"N",5
17,"Buffet ",25,22,4.7,"scooter",2,"No","Metropolitan","Sunny","Medium",1,"Y",15
13,"Drinks ",24,16,4.7,"scooter",2,"No","Urban","Stormy","High",1,"N",10
29,"Snack ",33,18,4.6,"motorcycle",2,"No","Metropolitan","Fog","Jam ",1,"Y",10
26,"Snack ",23,6,4.8,"motorcycle",2,"No","Metropolitan","Stormy","Low ",0,"Y",15
20,"Snack ",33,23,4.6,"scooter",2,"No","Metropolitan","Cloudy","Low ",1,"Y",10
22,"Drinks ",25,8,4.7,"motorcycle",0,"No","Metropolitan","Fog","High ",0,"N",15
29,"Meal ",38,23,4.7,"motorcycle",1,"No","Semi-Urban","Windy","Medium",1,"Y",15
25,"Drinks ",20,21,4.6,"motorcycle",1,"No","Metropolitan","Sandstorms","Low ",1,"N",5
16,"Snack ",30,14,4.6,"scooter",2,"No","Metropolitan","Sandstorms","High ",0,"Y",10
20,"Snack ",38,23,4.7,"motorcycle",0,"No","Metropolitan","Sunny","Low ",1,"N",25
24,"Snack ",28,23,4.8,"scooter",0,"No","Metropolitan","Sandstorms","Low",0,"N",15
20,"Buffet ",30,17,4.9,"motorcycle",2,"No","Metropolitan","Sandstorms","Low ",0,"N",15
33,"Snack ",27,17,4.8,"electric_scooter",1,"No","Metropolitan","Sunny","High ",1,"N",5
13,"Meal ",22,16,4.8,"electric_scooter",1,"No","Metropolitan","Stormy","Low ",1,"N",15
30,"Meal ",33,13,4.6,"scooter",1,"No","Metropolitan","Stormy","Medium",1,"Y",15
38,"Snack ",27,12,4.1,"motorcycle",0,"No","Urban","Stormy","Low ",1,"N",10
26,"Meal ",28,19,4.7,"motorcycle",1,"No","Urban","Stormy","Medium",1,"N",10
16,"Snack ",32,22,4.8,"scooter",2,"No","Metropolitan","Cloudy","Low ",0,"N",10
11,"Meal ",26,21,5,"scooter",2,"No","Metropolitan","Fog","Low",1,"N",10
49,"Snack ",35,11,4.1,"scooter",2,"No","Metropolitan","Cloudy","Jam ",2,"N",15
20,"Meal ",24,12,4.7,"motorcycle",1,"No","Metropolitan","Fog","High ",1,"N",10
32,"Meal ",23,1,4.4,"motorcycle",1,"No","Metropolitan","Windy","Jam ",1,"N",5
29,"Drinks ",37,18,4.6,"motorcycle",1,"No","Urban","Sandstorms","Jam ",0,"N",15
22,"Snack ",21,21,4.7,"motorcycle",1,"No","Urban","Stormy","Jam",1,"N",5
31,"Drinks ",23,4,4.1,"scooter",1,"No","Metropolitan","Cloudy","High ",1,"Y",5
41,"Snack ",26,6,5,"electric_scooter",2,"No","Urban","Stormy","Jam ",1,"N",15
26,"Snack ",25,7,4.8,"motorcycle",0,"No","Metropolitan","Sandstorms","Medium",0,"N",10
45,"Buffet ",23,16,4.6,"motorcycle",0,"No","Metropolitan","Sandstorms","Jam ",1,"Y",10
43,"Buffet ",29,1,4.3,"motorcycle",1,"No","Urban","Stormy","Jam",1,"N",5
34,"Meal ",22,3,3.5,"motorcycle",2,"No","Metropolitan","Windy","Medium",0,"N",10
37,"Buffet ",33,6,4.1,"motorcycle",0,"No","Urban","Sandstorms","Jam",0,"N",10
11,"Drinks ",34,14,4.6,"motorcycle",1,"No","Urban","Windy","Low ",0,"N",10
27,"Meal ",23,21,4.5,"scooter",2,"No","Metropolitan","Sandstorms","Medium",1,"Y",10
42,"Meal ",33,15,2.5,"scooter",2,"No","Metropolitan","Sunny","Low ",1,"N",10
15,"Buffet ",37,23,4.8,"electric_scooter",1,"No","Urban","Cloudy","Low",0,"N",10
26,"Meal ",28,9,4.8,"motorcycle",1,"No","Urban","Sandstorms","Jam ",1,"N",5
20,"Meal ",23,3,4.6,"motorcycle",1,"No","Metropolitan","Windy","Jam ",1,"N",15
23,"Drinks ",35,9,4.6,"motorcycle",0,"No","Semi-Urban","Sandstorms","Low ",0,"N",5
25,"Snack ",22,18,4.9,"electric_scooter",0,"No","Urban","Cloudy","High",0,"N",15
24,"Snack ",29,12,4.9,"scooter",1,"No","Metropolitan","Sunny","High ",0,"N",15
17,"Buffet ",26,23,4.9,"scooter",2,"No","Semi-Urban","Sunny","Medium",0,"N",15
23,"Meal ",35,2,4.5,"motorcycle",0,"No","Semi-Urban","Sunny","Jam ",1,"N",5
11,"Snack ",22,16,4.9,"motorcycle",2,"No","Urban","Sunny","Medium",1,"N",15
20,"Buffet ",27,16,4.5,"motorcycle",2,"No","Metropolitan","Sandstorms","Low ",1,"N",15
30,"Buffet ",37,13,4.6,"scooter",1,"No","Semi-Urban","Sandstorms","Jam ",1,"Y",15
28,"Meal ",30,3,4.6,"motorcycle",0,"No","Metropolitan","Sunny","Medium",1,"N",5
22,"Buffet ",32,23,4.6,"motorcycle",0,"No","Metropolitan","Cloudy","Low ",0,"N",10
26,"Buffet ",23,13,4.5,"motorcycle",1,"No","Metropolitan","Cloudy","Medium",1,"Y",10
20,"Drinks ",34,19,4.8,"scooter",1,"No","Semi-Urban","Sunny","Low",1,"N",5
32,"Drinks ",33,23,4.6,"motorcycle",0,"No","Urban","Sunny","Jam",1,"Y",10
20,"Drinks ",31,17,4.6,"scooter",2,"No","Urban","Sandstorms","Jam",0,"N",10
15,"Snack ",32,12,4.6,"electric_scooter",2,"No","Metropolitan","Windy","Low ",1,"N",10
20,"Snack ",36,22,4.9,"scooter",2,"No","Urban","Sandstorms","Low ",1,"N",15
26,"Buffet ",20,23,4.9,"scooter",2,"No","Semi-Urban","Stormy","Jam",1,"N",15
17,"Meal ",28,23,4.8,"scooter",1,"No","Urban","Stormy","Jam",0,"Y",15
15,"Meal ",36,23,4.8,"motorcycle",0,"No","Semi-Urban","Stormy","Medium",0,"N",10
10,"Drinks ",36,18,4.7,"motorcycle",2,"No","Urban","Stormy","Low",0,"N",15
25,"Drinks ",38,16,4.9,"motorcycle",2,"No","Metropolitan","Sandstorms","Jam ",0,"N",5
33,"Drinks ",27,17,4.3,"motorcycle",1,"No","Metropolitan","Sandstorms","Medium",1,"N",15
38,"Buffet ",28,9,4.3,"motorcycle",0,"No","Metropolitan","Windy","High ",1,"N",15
28,"Meal ",20,15,4.5,"electric_scooter",0,"No","Semi-Urban","Fog","High ",0,"N",15
54,"Buffet ",21,5,4.5,"scooter",0,"No","Semi-Urban","Fog","Jam ",3,"Y",15
32,"Buffet ",21,22,5,"scooter",1,"No","Urban","Cloudy","Jam",0,"N",15
14,"Buffet ",28,16,5,"scooter",2,"No","Urban","Stormy","Low",0,"N",15
31,"Drinks ",33,9,3.6,"scooter",1,"No","Semi-Urban","Sandstorms","Jam ",1,"N",10
18,"Drinks ",31,18,4.6,"motorcycle",1,"No","Semi-Urban","Stormy","Low ",1,"N",15
25,"Snack ",28,3,4.5,"scooter",2,"No","Urban","Fog","Medium",0,"N",10
24,"Meal ",27,22,4.8,"motorcycle",0,"No","Metropolitan","Sunny","Medium",0,"Y",5
29,"Snack ",39,21,4.8,"electric_scooter",0,"No","Metropolitan","Windy","Medium",1,"N",15
19,"Meal ",36,7,4.9,"motorcycle",0,"No","Metropolitan","Stormy","Low ",1,"N",5
24,"Meal ",30,17,4.9,"motorcycle",0,"No","Urban","Fog","Low ",0,"N",10
34,"Drinks ",35,2,4.3,"motorcycle",2,"No","Urban","Stormy","Medium",1,"Y",15
28,"Snack ",30,14,4.6,"electric_scooter",2,"No","Metropolitan","Windy","Jam ",0,"N",10
21,"Meal ",26,18,4.8,"motorcycle",0,"No","Urban","Sunny","Low ",1,"Y",15
27,"Snack ",24,5,4.7,"motorcycle",0,"No","Urban","Sunny","Low ",0,"N",5
21,"Drinks ",31,8,4.5,"electric_scooter",1,"No","Metropolitan","Fog","Jam ",1,"N",5
22,"Meal ",22,23,4.4,"motorcycle",0,"No","Semi-Urban","Sandstorms","Low ",1,"N",15
29,"Drinks ",31,9,4.9,"scooter",2,"No","Metropolitan","Sandstorms","Low ",1,"N",15
22,"Snack ",38,23,4.8,"motorcycle",1,"No","Metropolitan","Windy","Jam ",0,"N",10
25,"Drinks ",33,2,4.7,"scooter",2,"No","Metropolitan","Fog","Medium",1,"N",10
28,"Drinks ",32,2,4.5,"motorcycle",1,"No","Urban","Windy","High",0,"N",15
18,"Drinks ",29,19,4.7,"motorcycle",0,"No","Metropolitan","Sunny","Low ",1,"N",10
27,"Buffet ",27,15,4.9,"motorcycle",0,"No","Urban","Fog","Jam ",0,"Y",5
53,"Snack ",32,2,4.5,"motorcycle",0,"No","Urban","Cloudy","Jam ",1,"N",5
36,"Snack ",22,8,4.8,"electric_scooter",2,"No","Urban","Cloudy","Jam ",2,"N",15
42,"Snack ",39,2,4.1,"scooter",2,"No","Metropolitan","Cloudy","Jam ",0,"Y",5
28,"Drinks ",24,14,4.6,"electric_scooter",2,"No","Metropolitan","Cloudy","High ",1,"N",10
19,"Snack ",21,14,4.9,"scooter",2,"No","Metropolitan","Sandstorms","High ",0,"N",10
28,"Snack ",24,18,4.6,"motorcycle",2,"No","Metropolitan","Sunny","Medium",1,"N",5
20,"Meal ",22,1,4.5,"electric_scooter",0,"No","Urban","Sunny","Medium",1,"N",15
20,"Drinks ",26,9,4.9,"electric_scooter",2,"No","Metropolitan","Windy","Low ",1,"N",5
36,"Drinks ",28,16,4.9,"electric_scooter",0,"No","Semi-Urban","Windy","Jam ",2,"Y",10
12,"Meal ",26,21,4.9,"scooter",1,"No","Urban","Stormy","Low",0,"Y",10
25,"Meal ",39,18,4.8,"scooter",2,"No","Metropolitan","Windy","Medium",1,"N",15
18,"Buffet ",26,23,4.9,"scooter",2,"No","Urban","Sunny","Low ",1,"N",5
23,"Snack ",30,18,4.6,"scooter",1,"No","Semi-Urban","Stormy","Medium",1,"N",5
19,"Drinks ",37,19,5,"motorcycle",0,"No","Urban","Sunny","Low ",1,"Y",15
17,"Meal ",35,23,4.9,"scooter",0,"No","Urban","Cloudy","Low",0,"Y",15
31,"Meal ",34,15,4.7,"scooter",1,"No","Metropolitan","Cloudy","High ",1,"Y",15
43,"Buffet ",25,16,4.6,"electric_scooter",0,"No","Urban","Stormy","Medium",2,"N",10
18,"Drinks ",27,13,4.7,"electric_scooter",1,"No","Metropolitan","Stormy","Low ",1,"N",10
47,"Meal ",22,5,4.5,"scooter",0,"Yes","Urban","Cloudy","Jam",1,"Y",5
15,"Buffet ",28,17,4.7,"scooter",1,"No","Metropolitan","Sunny","Low ",1,"N",5
18,"Buffet ",32,23,5,"scooter",1,"No","Metropolitan","Sandstorms","Low ",1,"Y",15
34,"Meal ",25,2,4.9,"motorcycle",0,"No","Metropolitan","Sandstorms","Jam ",1,"Y",10
37,"Meal ",31,8,5,"scooter",2,"No","Semi-Urban","Fog","Medium",1,"Y",10
34,"Buffet ",33,1,4.3,"motorcycle",0,"No","Urban","Windy","Low ",1,"N",15
21,"Drinks ",29,19,5,"electric_scooter",1,"No","Metropolitan","Sandstorms","Low ",1,"N",15
22,"Drinks ",38,23,4.8,"electric_scooter",2,"No","Urban","Stormy","Low",0,"N",15
29,"Buffet ",37,17,4.7,"scooter",1,"No","Metropolitan","Fog","Jam ",1,"Y",5
33,"Buffet ",38,8,4.7,"scooter",2,"No","Metropolitan","Cloudy","High ",0,"N",10
24,"Buffet ",34,22,4.8,"scooter",2,"No","Metropolitan","Stormy","Low ",1,"N",5
22,"Meal ",20,9,4.6,"scooter",2,"No","Semi-Urban","Stormy","Jam ",1,"N",10
20,"Drinks ",27,19,4.8,"motorcycle",2,"No","Metropolitan","Sandstorms","Low",1,"Y",10
27,"Snack ",26,9,5,"motorcycle",1,"No","Metropolitan","Windy","Jam ",0,"Y",5
39,"Buffet ",20,16,4.5,"scooter",2,"No","Urban","Stormy","Jam ",1,"Y",15
21,"Snack ",37,21,4.7,"motorcycle",0,"No","Metropolitan","Sandstorms","Medium",1,"N",5
40,"Buffet ",26,4,4.9,"motorcycle",0,"No","Metropolitan","Stormy","High ",2,"Y",10
26,"Snack ",38,2,4.1,"scooter",0,"No","Metropolitan","Windy","Low ",0,"N",10
22,"Buffet ",35,7,5,"scooter",1,"No","Metropolitan","Sandstorms","Low ",1,"N",10
17,"Buffet ",26,18,4.7,"motorcycle",1,"No","Metropolitan","Windy","Low",0,"N",5
44,"Snack ",25,22,4.7,"scooter",2,"No","Metropolitan","Fog","Jam ",0,"N",5
17,"Drinks ",28,21,4.9,"scooter",1,"No","Semi-Urban","Windy","Low ",0,"Y",15
26,"Snack ",32,15,4.9,"motorcycle",2,"No","Urban","Sandstorms","Jam ",1,"N",10
27,"Buffet ",26,12,4.9,"scooter",2,"No","Semi-Urban","Sunny","High ",1,"N",15
23,"Meal ",35,1,4.9,"motorcycle",1,"No","Semi-Urban","Sandstorms","Jam",1,"N",5
25,"Meal ",26,21,4.9,"scooter",2,"No","Metropolitan","Sandstorms","Medium",0,"N",15
37,"Meal ",27,8,5,"electric_scooter",2,"No","Metropolitan","Cloudy","High ",1,"Y",10
17,"Meal ",21,22,4.9,"scooter",2,"No","Urban","Cloudy","Low",1,"Y",5
16,"Meal ",30,18,4.7,"motorcycle",2,"No","Metropolitan","Sunny","Jam",1,"N",10
21,"Drinks ",27,22,4.5,"electric_scooter",2,"No","Metropolitan","Windy","Low ",0,"N",5
25,"Meal ",26,8,4.7,"scooter",1,"No","Urban","Stormy","High ",0,"N",15
23,"Drinks ",34,23,4.6,"motorcycle",1,"No","Semi-Urban","Sandstorms","Low ",1,"N",15
28,"Buffet ",24,9,4.6,"scooter",1,"No","Metropolitan","Stormy","Medium",1,"Y",10
33,"Meal ",23,23,4.7,"scooter",0,"No","Metropolitan","Windy","Medium",0,"Y",15
22,"Meal ",31,22,4.6,"motorcycle",2,"No","Metropolitan","Windy","Jam ",1,"N",5
50,"Snack ",22,12,4.5,"motorcycle",0,"No","Urban","Sunny","High ",1,"N",10
10,"Drinks ",39,6,4.5,"motorcycle",0,"No","Urban","Sandstorms","Medium",0,"N",10
47,"Buffet ",22,15,4.7,"motorcycle",0,"No","Urban","Fog","Jam ",1,"Y",5
26,"Buffet ",25,14,4.8,"electric_scooter",1,"No","Metropolitan","Windy","Medium",0,"N",5
25,"Snack ",24,7,4.6,"motorcycle",1,"No","Metropolitan","Windy","Jam ",1,"Y",10
14,"Snack ",30,18,4.9,"motorcycle",1,"No","Urban","Sunny","Medium",0,"N",15
25,"Drinks ",34,17,4.8,"motorcycle",0,"No","Urban","Cloudy","Medium",1,"N",5
19,"Drinks ",28,12,4.6,"scooter",1,"No","Metropolitan","Sandstorms","Medium",0,"N",15
24,"Drinks ",22,23,4.5,"motorcycle",2,"No","Urban","Windy","Medium",1,"Y",10
21,"Snack ",26,16,4.8,"motorcycle",0,"No","Urban","Sunny","Jam ",1,"N",10
26,"Buffet ",29,23,4.7,"motorcycle",1,"No","Urban","Windy","Low ",1,"N",5
29,"Drinks ",25,6,4.9,"scooter",1,"No","Metropolitan","Sandstorms","Jam ",1,"N",5
27,"Snack ",29,16,4.6,"motorcycle",2,"No","Metropolitan","Stormy","Low ",0,"N",15
27,"Drinks ",38,13,5,"motorcycle",1,"No","Metropolitan","Windy","Low ",1,"N",10
32,"Meal ",31,14,4.5,"motorcycle",0,"No","Metropolitan","Sunny","Medium",1,"N",15
25,"Meal ",38,9,4.4,"motorcycle",0,"No","Urban","Sandstorms","Low ",1,"N",25
23,"Snack ",26,23,4.9,"motorcycle",1,"No","Urban","Sandstorms","Medium",1,"N",15
52,"Drinks ",37,5,4.6,"electric_scooter",0,"No","Metropolitan","Cloudy","Jam ",2,"N",15
17,"Buffet ",32,16,4.9,"motorcycle",0,"No","Metropolitan","Stormy","Medium",1,"N",10
13,"Snack ",27,21,4.7,"scooter",1,"No","Urban","Stormy","High",1,"N",5
23,"Drinks ",32,21,5,"scooter",1,"No","Semi-Urban","Sunny","Low ",0,"N",5
20,"Drinks ",24,3,4.5,"motorcycle",1,"No","Urban","Stormy","Low ",1,"N",10
28,"Snack ",30,17,5,"electric_scooter",0,"No","Metropolitan","Sunny","Medium",1,"N",10
11,"Drinks ",20,4,4.9,"electric_scooter",1,"No","Urban","Stormy","Low ",0,"N",5
25,"Snack ",23,21,4.5,"scooter",2,"No","Metropolitan","Windy","Jam ",1,"Y",15
25,"Meal ",29,23,4.9,"scooter",2,"No","Urban","Windy","Jam",1,"N",5
13,"Meal ",28,12,4.8,"motorcycle",0,"No","Semi-Urban","Sunny","Low ",0,"Y",20
36,"Drinks ",25,6,4.3,"motorcycle",0,"No","Urban","Fog","Low ",1,"N",15
31,"Drinks ",32,4,3.6,"scooter",2,"No","Urban","Sandstorms","Jam",1,"N",15
16,"Drinks ",35,3,4.7,"motorcycle",1,"No","Urban","Windy","Jam",1,"N",10
23,"Meal ",24,21,4.9,"electric_scooter",0,"No","Metropolitan","Sunny","Medium",0,"N",15
34,"Snack ",37,7,4.8,"motorcycle",1,"No","Metropolitan","Windy","Medium",1,"Y",5
34,"Snack ",24,3,4.4,"electric_scooter",1,"No","Metropolitan","Stormy","High ",0,"N",10
28,"Snack ",36,22,4.6,"motorcycle",0,"No","Semi-Urban","Sunny","Jam ",1,"Y",10
18,"Snack ",24,7,4.6,"scooter",2,"No","Metropolitan","Fog","Medium",1,"N",15
30,"Drinks ",26,11,4.9,"scooter",2,"No","Metropolitan","Fog","Medium",0,"N",10
15,"Buffet ",33,23,5,"scooter",2,"No","Metropolitan","Sunny","Medium",1,"N",5
24,"Snack ",23,9,4.8,"motorcycle",0,"No","Metropolitan","Sunny","High ",0,"N",5
32,"Snack ",28,14,4.7,"electric_scooter",2,"No","Metropolitan","Fog","High ",1,"N",5
20,"Buffet ",33,22,4.8,"electric_scooter",0,"No","Metropolitan","Sunny","Jam ",1,"N",5
46,"Drinks ",38,22,5,"electric_scooter",0,"No","Metropolitan","Windy","Medium",3,"N",5
34,"Snack ",29,3,4.1,"motorcycle",0,"No","Urban","Windy","Jam ",1,"N",5
37,"Meal ",38,3,4.4,"motorcycle",0,"No","Semi-Urban","Sandstorms","Jam ",1,"N",5
31,"Meal ",34,19,4.5,"motorcycle",2,"No","Urban","Sandstorms","Jam ",1,"Y",5
19,"Snack ",22,15,4.7,"motorcycle",1,"No","Urban","Sandstorms","Low",1,"N",10
39,"Drinks ",36,3,4.1,"electric_scooter",1,"No","Urban","Stormy","Jam ",0,"N",5
29,"Meal ",37,23,4.8,"scooter",2,"No","Urban","Windy","Jam",0,"N",5
18,"Snack ",34,23,4.9,"motorcycle",1,"No","Metropolitan","Sandstorms","Jam ",1,"Y",10
43,"Buffet ",34,21,4.9,"motorcycle",0,"No","Metropolitan","Fog","Jam ",1,"Y",5
39,"Meal ",29,8,4.6,"motorcycle",0,"No","Urban","Stormy","Medium",0,"Y",5
25,"Buffet ",38,7,4.7,"motorcycle",1,"No","Metropolitan","Fog","High ",1,"N",15
42,"Meal ",39,9,4,"scooter",1,"No","Metropolitan","Fog","Jam ",1,"N",15
34,"Snack ",39,16,4.3,"scooter",0,"No","Metropolitan","Stormy","Low ",1,"N",10
17,"Meal ",27,15,4.8,"motorcycle",2,"No","Urban","Cloudy","Medium",0,"N",10
33,"Snack ",27,1,4.4,"scooter",1,"No","Metropolitan","Stormy","Medium",0,"N",5
24,"Buffet ",37,3,4,"motorcycle",0,"No","Metropolitan","Windy","Low ",1,"N",5
28,"Drinks ",24,14,4.7,"electric_scooter",2,"No","Metropolitan","Sandstorms","High ",0,"Y",10
27,"Meal ",20,15,4.7,"motorcycle",1,"No","Metropolitan","Sandstorms","Low ",1,"N",15
12,"Buffet ",34,23,4.7,"electric_scooter",1,"No","Urban","Sunny","Low",0,"N",10
27,"Buffet ",29,22,4.6,"motorcycle",2,"No","Metropolitan","Fog","Jam ",1,"N",10
39,"Snack ",21,8,4.4,"scooter",2,"No","Semi-Urban","Sandstorms","Medium",0,"N",5
19,"Buffet ",21,19,4.6,"motorcycle",2,"No","Metropolitan","Fog","Low ",1,"Y",5
29,"Meal ",23,3,4.8,"motorcycle",0,"No","Metropolitan","Fog","Medium",1,"N",15
16,"Snack ",27,18,4.8,"electric_scooter",2,"No","Urban","Stormy","Low",0,"N",15
45,"Meal ",36,3,4.8,"motorcycle",0,"No","Metropolitan","Stormy","High ",2,"N",15
17,"Snack ",35,21,4.9,"motorcycle",1,"No","Metropolitan","Cloudy","Low ",1,"N",10
43,"Meal ",30,2,4.7,"electric_scooter",0,"No","Semi-Urban","Sunny","Jam ",2,"Y",15
19,"Meal ",38,19,4.9,"motorcycle",1,"No","Urban","Windy","Low",1,"N",5
15,"Buffet ",34,19,5,"motorcycle",0,"No","Metropolitan","Windy","Low ",0,"N",15
47,"Buffet ",28,5,5,"motorcycle",0,"No","Urban","Fog","Medium",0,"N",10
11,"Snack ",28,15,4.9,"electric_scooter",0,"No","Urban","Sandstorms","Medium",1,"N",10
19,"Snack ",29,9,4.9,"motorcycle",2,"No","Metropolitan","Sunny","Jam ",1,"Y",15
44,"Snack ",26,7,4.1,"electric_scooter",2,"No","Metropolitan","Fog","Jam ",0,"N",5
27,"Buffet ",28,6,4.7,"scooter",2,"No","Metropolitan","Fog","Low ",1,"N",30
25,"Drinks ",36,15,4.6,"electric_scooter",0,"No","Metropolitan","Stormy","Medium",1,"N",5
41,"Meal ",20,17,5,"scooter",0,"No","Urban","Cloudy","Medium",2,"N",10
44,"Drinks ",39,1,4.2,"electric_scooter",2,"No","Semi-Urban","Sandstorms","Jam ",0,"N",15
20,"Snack ",38,18,5,"motorcycle",1,"No","Metropolitan","Windy","Low ",0,"N",5
23,"Buffet ",32,14,4.7,"scooter",0,"No","Semi-Urban","Stormy","Low ",1,"N",10
21,"Buffet ",39,8,4.8,"motorcycle",0,"No","Semi-Urban","Sunny","Jam ",1,"N",15
25,"Snack ",29,23,4.9,"motorcycle",1,"No","Metropolitan","Sunny","Low ",1,"N",15
40,"Snack ",26,12,4.3,"scooter",2,"No","Metropolitan","Sunny","Jam ",1,"N",15
26,"Buffet ",24,13,4.6,"scooter",0,"No","Metropolitan","Sunny","Low ",1,"N",5
18,"Snack ",38,21,4.7,"scooter",2,"No","Urban","Windy","Low ",0,"N",10
32,"Drinks ",22,22,4.6,"scooter",0,"No","Urban","Sunny","Jam",1,"Y",5
24,"Meal ",33,13,4.6,"electric_scooter",1,"No","Metropolitan","Sandstorms","Medium",0,"N",5
39,"Meal ",20,15,3.7,"motorcycle",2,"No","Metropolitan","Windy","Medium",2,"N",5
21,"Snack ",23,19,4.9,"motorcycle",0,"No","Metropolitan","Windy","Low ",1,"N",10
26,"Buffet ",35,13,4.8,"motorcycle",0,"No","Metropolitan","Sunny","High ",0,"N",15
25,"Snack ",25,23,4.8,"electric_scooter",2,"No","Metropolitan","Sandstorms","Jam ",1,"N",10
24,"Drinks ",36,14,4.5,"motorcycle",0,"No","Semi-Urban","Stormy","High ",0,"Y",10
54,"Buffet ",37,3,4.2,"motorcycle",0,"No","Semi-Urban","Sandstorms","Jam ",3,"N",15
30,"Buffet ",26,9,4.2,"motorcycle",0,"No","Metropolitan","Windy","Low ",1,"Y",15
31,"Drinks ",21,15,4.6,"motorcycle",0,"No","Metropolitan","Fog","High ",1,"N",5
25,"Meal ",23,17,4.6,"scooter",0,"No","Metropolitan","Windy","Jam ",0,"Y",5
39,"Meal ",25,9,4.8,"motorcycle",0,"No","Metropolitan","Stormy","Medium",0,"N",5
24,"Snack ",22,21,5,"motorcycle",1,"No","Metropolitan","Sunny","Low ",0,"N",10
19,"Buffet ",28,21,4.6,"motorcycle",0,"No","Urban","Stormy","Low",1,"N",15
18,"Meal ",24,2,4.8,"motorcycle",0,"No","Metropolitan","Sunny","Jam",0,"N",15
15,"Snack ",30,19,5,"scooter",2,"No","Semi-Urban","Sunny","Low ",0,"N",15
31,"Snack ",34,7,3.5,"electric_scooter",2,"No","Metropolitan","Cloudy","Low ",1,"N",15
42,"Meal ",26,3,4,"scooter",1,"Yes","Urban","Cloudy","Jam",1,"N",5
22,"Buffet ",29,23,4.9,"motorcycle",2,"No","Metropolitan","Fog","Low ",1,"N",15
38,"Buffet ",32,8,4.1,"electric_scooter",0,"No","Metropolitan","Sunny","Medium",1,"N",5
20,"Buffet ",33,9,4.8,"motorcycle",0,"No","Metropolitan","Stormy","Low ",1,"Y",10
20,"Meal ",31,21,4.8,"electric_scooter",2,"No","Urban","Sunny","Jam",1,"Y",10
20,"Meal ",38,17,4.8,"motorcycle",2,"No","Semi-Urban","Windy","Low",1,"Y",5
38,"Buffet ",38,2,3.5,"scooter",2,"No","Semi-Urban","Sunny","Low ",1,"Y",10
14,"Meal ",35,16,4.6,"scooter",1,"No","Metropolitan","Sunny","Medium",1,"N",15
22,"Meal ",33,22,4.8,"electric_scooter",2,"No","Metropolitan","Fog","Jam ",1,"N",15
26,"Drinks ",30,6,4.5,"scooter",2,"No","Urban","Sandstorms","Medium",0,"Y",5
27,"Meal ",35,17,4.6,"electric_scooter",2,"No","Metropolitan","Sandstorms","Medium",1,"N",15
43,"Buffet ",26,17,5,"motorcycle",0,"Yes","Semi-Urban","Cloudy","Low ",0,"Y",10
22,"Snack ",35,23,4.5,"scooter",1,"No","Metropolitan","Windy","High ",1,"Y",15
13,"Drinks ",20,19,4.7,"scooter",2,"No","Urban","Sunny","Low ",0,"Y",15
37,"Meal ",29,3,4.7,"motorcycle",0,"No","Metropolitan","Stormy","Medium",0,"N",5
36,"Meal ",34,13,4.9,"electric_scooter",1,"No","Metropolitan","Cloudy","Medium",1,"N",15
29,"Buffet ",31,4,4.7,"motorcycle",2,"No","Metropolitan","Stormy","Medium",0,"N",15
19,"Snack ",39,21,4.5,"scooter",2,"No","Metropolitan","Sunny","Medium",1,"N",10
37,"Drinks ",32,21,4.4,"scooter",2,"No","Metropolitan","Fog","Medium",1,"Y",5
26,"Buffet ",30,23,4.6,"scooter",2,"No","Metropolitan","Windy","Low ",1,"N",10
34,"Drinks ",27,4,4.3,"electric_scooter",2,"No","Metropolitan","Stormy","Medium",2,"Y",5
46,"Buffet ",30,6,4.6,"motorcycle",1,"No","Metropolitan","Cloudy","Jam ",0,"N",15
23,"Drinks ",22,9,4.9,"electric_scooter",2,"No","Semi-Urban","Stormy","Medium",1,"Y",15
11,"Drinks ",22,15,5,"electric_scooter",2,"No","Metropolitan","Sunny","Low",0,"N",5
34,"Drinks ",29,6,4.8,"motorcycle",1,"No","Metropolitan","Stormy","High ",1,"N",15
20,"Snack ",30,14,4.8,"scooter",1,"No","Metropolitan","Sunny","Jam ",1,"N",5
12,"Meal ",26,17,4.6,"electric_scooter",2,"No","Urban","Stormy","Low ",0,"N",10
48,"Buffet ",30,9,4.8,"motorcycle",0,"Yes","Semi-Urban","Fog","Jam ",2,"Y",15
24,"Meal ",27,22,4.8,"motorcycle",0,"No","Metropolitan","Sunny","Medium",0,"Y",5
18,"Meal ",35,22,5,"scooter",1,"No","Semi-Urban","Sunny","Low ",0,"Y",15
26,"Snack ",20,15,4.7,"scooter",2,"No","Semi-Urban","Sandstorms","Jam ",1,"N",5
31,"Snack ",34,15,4.8,"scooter",2,"No","Urban","Stormy","Jam",1,"N",15
27,"Meal ",31,16,4.7,"motorcycle",1,"No","Metropolitan","Stormy","Jam ",1,"N",15
23,"Drinks ",25,14,5,"motorcycle",0,"No","Metropolitan","Fog","Low ",1,"N",5
25,"Buffet ",23,13,4.9,"motorcycle",2,"No","Metropolitan","Windy","Jam ",0,"N",10
52,"Drinks ",35,1,4.8,"motorcycle",0,"Yes","Urban","Sandstorms","Jam ",2,"N",10
28,"Buffet ",32,12,4.8,"scooter",2,"No","Semi-Urban","Sandstorms","Low ",0,"N",5
29,"Snack ",20,4,4.8,"motorcycle",0,"No","Metropolitan","Sandstorms","High ",1,"N",5
43,"Buffet ",35,2,4.2,"motorcycle",0,"Yes","Urban","Stormy","Jam",1,"N",15
27,"Meal ",21,17,4.8,"motorcycle",2,"No","Metropolitan","Stormy","Jam ",1,"N",5
20,"Drinks ",28,18,4.2,"scooter",0,"No","Urban","Stormy","Low ",1,"Y",10
11,"Buffet ",33,18,4.8,"motorcycle",1,"No","Urban","Fog","Low",1,"Y",10
24,"Meal ",33,19,4.9,"scooter",1,"No","Urban","Windy","High ",1,"N",5
24,"Buffet ",30,23,4.9,"scooter",1,"No","Metropolitan","Sandstorms","Jam ",1,"N",10
21,"Snack ",37,19,4.6,"motorcycle",2,"No","Metropolitan","Sunny","Medium",1,"N",5
37,"Drinks ",20,11,5,"scooter",1,"No","Metropolitan","Fog","Jam ",1,"Y",10
29,"Meal ",37,8,4.9,"electric_scooter",0,"No","Metropolitan","Sunny","High ",0,"N",5
37,"Meal ",31,7,3.9,"scooter",2,"No","Metropolitan","Windy","Jam ",1,"N",15
26,"Drinks ",39,16,4.8,"motorcycle",2,"No","Urban","Windy","Jam",1,"N",5
31,"Drinks ",29,9,4,"motorcycle",0,"No","Metropolitan","Sandstorms","Medium",0,"N",5
27,"Meal ",35,23,4.9,"scooter",2,"No","Metropolitan","Stormy","Medium",1,"N",10
16,"Snack ",24,17,4.7,"electric_scooter",2,"No","Urban","Cloudy","Low",0,"N",10
29,"Meal ",26,19,4.5,"motorcycle",0,"No","Metropolitan","Fog","Jam ",1,"N",5
25,"Buffet ",20,16,5,"motorcycle",0,"No","Urban","Cloudy","High",1,"Y",15
35,"Buffet ",28,2,4.6,"motorcycle",1,"No","Metropolitan","Fog","High ",0,"N",15
19,"Meal ",33,6,4.6,"motorcycle",1,"No","Urban","Sandstorms","Medium",0,"N",10
16,"Buffet ",20,15,4.7,"scooter",2,"No","Semi-Urban","Sunny","Medium",1,"N",10
32,"Snack ",24,6,4.1,"scooter",0,"No","Metropolitan","Stormy","Low ",1,"Y",15
32,"Snack ",33,17,4.8,"motorcycle",0,"No","Metropolitan","Stormy","High ",1,"Y",5
15,"Buffet ",28,18,4.7,"electric_scooter",1,"No","Urban","Sunny","Medium",1,"N",15
34,"Drinks ",22,2,3.8,"electric_scooter",2,"No","Urban","Windy","Medium",1,"N",5
29,"Drinks ",39,18,4.7,"motorcycle",0,"No","Metropolitan","Sandstorms","Medium",1,"N",15
30,"Drinks ",37,6,4.8,"electric_scooter",1,"No","Metropolitan","Fog","Jam ",1,"N",5
27,"Drinks ",37,3,4.9,"motorcycle",1,"No","Metropolitan","Sandstorms","Jam ",1,"N",5
21,"Snack ",36,3,4.9,"scooter",2,"No","Urban","Sandstorms","High",1,"N",10
29,"Meal ",25,8,4.6,"scooter",1,"No","Semi-Urban","Stormy","Jam ",1,"N",15
36,"Meal ",33,23,4.9,"electric_scooter",2,"No","Urban","Cloudy","Medium",2,"Y",5
17,"Snack ",20,17,4.6,"motorcycle",1,"No","Semi-Urban","Sunny","Jam ",1,"N",10
26,"Snack ",31,4,5,"scooter",2,"No","Metropolitan","Sunny","Low ",1,"N",15
27,"Snack ",24,17,4.7,"scooter",1,"No","Metropolitan","Stormy","Medium",1,"Y",5
14,"Meal ",31,12,4.8,"electric_scooter",2,"No","Metropolitan","Windy","Low ",0,"N",5
27,"Meal ",37,4,4.6,"electric_scooter",2,"No","Semi-Urban","Sandstorms","Jam ",0,"N",5
21,"Meal ",34,18,4.8,"scooter",1,"No","Metropolitan","Windy","Low ",1,"Y",15
38,"Snack ",36,2,4.9,"electric_scooter",1,"No","Metropolitan","Cloudy","Jam ",1,"N",10
23,"Drinks ",21,6,4.5,"scooter",2,"No","Urban","Sandstorms","Jam",0,"N",15
34,"Drinks ",22,2,4.2,"scooter",1,"No","Metropolitan","Cloudy","Medium",1,"N",15
26,"Buffet ",24,18,4.5,"electric_scooter",2,"No","Metropolitan","Stormy","Low ",1,"N",10
28,"Snack ",25,16,4.7,"scooter",1,"No","Urban","Sandstorms","Jam ",1,"N",10
33,"Meal ",31,4,4.1,"motorcycle",2,"No","Metropolitan","Stormy","High ",1,"N",15
17,"Meal ",31,23,4.9,"scooter",2,"No","Metropolitan","Windy","Low ",0,"N",5
22,"Snack ",38,17,4.7,"scooter",1,"No","Urban","Sunny","Jam ",0,"Y",5
29,"Drinks ",23,13,4.9,"scooter",2,"No","Urban","Windy","Medium",1,"Y",5
39,"Meal ",31,3,4,"motorcycle",1,"No","Metropolitan","Fog","Medium",2,"N",15
32,"Snack ",30,3,4.2,"electric_scooter",1,"No","Urban","Cloudy","Medium",0,"Y",15
14,"Drinks ",20,17,4.8,"motorcycle",1,"No","Metropolitan","Sandstorms","Low ",0,"Y",5
28,"Snack ",21,14,4.6,"motorcycle",2,"No","Metropolitan","Stormy","Jam ",1,"Y",15
25,"Meal ",20,5,4.8,"motorcycle",2,"No","Metropolitan","Sandstorms","High",1,"N",10
26,"Snack ",25,22,4.6,"scooter",2,"No","Semi-Urban","Sunny","Low ",0,"N",5
32,"Drinks ",35,13,4.4,"electric_scooter",2,"No","Metropolitan","Sunny","Jam ",1,"N",10
18,"Drinks ",31,7,4.8,"motorcycle",0,"No","Urban","Windy","Medium",0,"N",15
27,"Snack ",32,22,4.7,"electric_scooter",2,"No","Metropolitan","Windy","Jam ",0,"N",10
31,"Snack ",29,23,4.8,"motorcycle",0,"No","Semi-Urban","Fog","Jam ",1,"N",10
44,"Meal ",21,9,4.8,"electric_scooter",0,"No","Metropolitan","Fog","Medium",2,"N",15
28,"Drinks ",31,9,4.6,"motorcycle",1,"No","Metropolitan","Sunny","Jam ",1,"N",10
48,"Meal ",21,5,4.7,"motorcycle",0,"No","Urban","Fog","Jam ",1,"N",15
12,"Snack ",29,19,4.8,"motorcycle",2,"No","Urban","Sandstorms","Low",1,"N",15
20,"Drinks ",33,19,4.8,"electric_scooter",2,"No","Metropolitan","Sunny","Medium",1,"N",10
23,"Drinks ",28,18,4.9,"scooter",1,"No","Urban","Stormy","Jam",1,"N",10
30,"Snack ",20,2,4.7,"motorcycle",0,"No","Semi-Urban","Stormy","Medium",1,"N",5
37,"Meal ",27,3,4.2,"motorcycle",0,"No","Metropolitan","Stormy","Medium",1,"N",5
27,"Drinks ",29,3,4.8,"motorcycle",2,"No","Metropolitan","Cloudy","High ",1,"Y",10
23,"Meal ",34,22,4.6,"electric_scooter",1,"No","Urban","Stormy","Medium",1,"N",10
14,"Drinks ",32,4,4.6,"scooter",2,"No","Urban","Fog","Medium",0,"N",5
46,"Snack ",38,4,4.7,"electric_scooter",2,"No","Semi-Urban","Stormy","Jam ",1,"N",15
15,"Snack ",29,15,5,"scooter",1,"No","Urban","Sunny","Jam",0,"N",5
19,"Drinks ",39,17,4.6,"motorcycle",2,"No","Urban","Cloudy","Low",1,"N",10
33,"Snack ",24,7,4.6,"electric_scooter",0,"No","Urban","Sandstorms","Jam ",1,"Y",5
17,"Snack ",30,21,4.6,"electric_scooter",0,"No","Urban","Cloudy","Low",0,"Y",10
35,"Buffet ",20,17,4.1,"motorcycle",0,"No","Semi-Urban","Windy","Medium",1,"N",10
35,"Drinks ",36,2,4.2,"motorcycle",2,"No","Metropolitan","Cloudy","Medium",1,"N",15
19,"Drinks ",28,21,4.7,"motorcycle",2,"No","Metropolitan","Sunny","Medium",1,"Y",15
25,"Drinks ",36,15,4.8,"motorcycle",1,"No","Metropolitan","Sandstorms","Medium",1,"Y",5
15,"Meal ",33,17,4.7,"scooter",2,"No","Urban","Stormy","Jam",1,"N",15
38,"Snack ",33,8,4.6,"electric_scooter",0,"No","Metropolitan","Sandstorms","Jam ",1,"N",5
19,"Snack ",30,23,4.7,"electric_scooter",2,"No","Semi-Urban","Windy","Low ",1,"Y",15
22,"Buffet ",37,9,4.1,"scooter",0,"No","Metropolitan","Stormy","Low ",1,"N",10
27,"Drinks ",26,23,4.5,"motorcycle",1,"No","Urban","Sandstorms","Jam ",0,"Y",5
16,"Buffet ",27,17,4.7,"motorcycle",0,"No","Urban","Cloudy","Low",1,"N",15
33,"Meal ",39,2,4.3,"electric_scooter",2,"No","Metropolitan","Fog","Jam",1,"Y",10
48,"Drinks ",36,12,4.7,"electric_scooter",0,"No","Metropolitan","Sandstorms","Jam ",1,"Y",10
19,"Buffet ",23,12,4.9,"motorcycle",2,"No","Metropolitan","Sandstorms","Jam ",1,"N",5
17,"Buffet ",38,9,4.7,"electric_scooter",2,"No","Metropolitan","Stormy","Low ",0,"Y",5
26,"Buffet ",29,23,4.8,"motorcycle",0,"No","Urban","Stormy","Jam",1,"Y",5
15,"Drinks ",26,18,4.8,"electric_scooter",2,"No","Metropolitan","Sunny","Low ",1,"Y",15
21,"Meal ",33,18,4.7,"scooter",2,"No","Metropolitan","Cloudy","Low ",1,"N",10
24,"Drinks ",38,23,4.6,"motorcycle",0,"No","Urban","Windy","Low ",1,"N",5
37,"Meal ",20,7,4.6,"electric_scooter",1,"No","Metropolitan","Fog","Medium",1,"N",5
20,"Drinks ",28,2,4.7,"motorcycle",0,"No","Metropolitan","Stormy","Jam ",1,"N",15
20,"Meal ",38,22,4.6,"motorcycle",0,"No","Urban","Cloudy","Low ",0,"Y",15
26,"Snack ",31,21,4.9,"motorcycle",0,"No","Metropolitan","Fog","High ",0,"Y",10
23,"Buffet ",37,18,4.7,"motorcycle",2,"No","Urban","Sandstorms","Jam",0,"Y",15
43,"Buffet ",26,19,4.7,"motorcycle",0,"Yes","Urban","Cloudy","Jam ",2,"Y",5
36,"Buffet ",25,9,4.4,"electric_scooter",2,"No","Metropolitan","Fog","High ",0,"N",5
21,"Meal ",31,12,4.8,"electric_scooter",1,"No","Metropolitan","Sandstorms","Low ",1,"N",10
29,"Drinks ",35,14,4.8,"scooter",2,"No","Metropolitan","Windy","Jam ",1,"Y",5
22,"Meal ",34,18,4.8,"electric_scooter",1,"No","Urban","Sandstorms","Jam",1,"Y",10
30,"Meal ",37,8,4.9,"electric_scooter",0,"No","Urban","Stormy","High ",1,"N",15
29,"Drinks ",33,13,5,"motorcycle",0,"No","Metropolitan","Sunny","Low ",1,"N",5
19,"Snack ",34,18,4.9,"electric_scooter",0,"No","Urban","Sunny","Low ",1,"N",15
22,"Meal ",26,9,4.6,"motorcycle",0,"No","Semi-Urban","Sunny","High ",0,"N",10
14,"Snack ",21,13,4.8,"scooter",2,"No","Metropolitan","Windy","Jam ",1,"Y",15
38,"Drinks ",29,23,4.9,"motorcycle",0,"No","Metropolitan","Stormy","Jam ",0,"N",15
40,"Meal ",39,7,2.7,"motorcycle",1,"No","Metropolitan","Sunny","Low ",1,"N",10
14,"Snack ",30,22,4.8,"scooter",2,"No","Urban","Sandstorms","Low",0,"Y",5
29,"Meal ",27,17,4.7,"motorcycle",1,"No","Urban","Sandstorms","Jam ",1,"N",10
39,"Meal ",30,21,4.7,"scooter",1,"No","Urban","Cloudy","Medium",1,"N",10
26,"Meal ",39,9,4.9,"scooter",2,"No","Metropolitan","Stormy","Medium",1,"N",10
28,"Drinks ",39,23,4.7,"motorcycle",1,"No","Metropolitan","Windy","Low ",1,"N",10
29,"Buffet ",31,17,4.6,"scooter",2,"No","Metropolitan","Sunny","Jam ",0,"N",5
42,"Meal ",37,5,4.9,"scooter",2,"Yes","Urban","Fog","Jam ",1,"N",15
29,"Snack ",34,2,5,"electric_scooter",2,"No","Metropolitan","Fog","Jam ",1,"Y",10
49,"Snack ",22,14,4.2,"motorcycle",0,"Yes","Semi-Urban","Windy","Jam ",1,"N",10
15,"Drinks ",33,5,4.6,"electric_scooter",2,"No","Metropolitan","Sunny","Jam ",1,"Y",15
24,"Buffet ",33,3,4.5,"scooter",2,"No","Urban","Stormy","Low",1,"Y",5
20,"Snack ",30,16,4.6,"motorcycle",2,"No","Metropolitan","Stormy","Medium",1,"Y",5
30,"Snack ",32,23,4.7,"electric_scooter",2,"No","Urban","Stormy","Jam",1,"Y",5
27,"Buffet ",39,2,4.9,"motorcycle",2,"No","Semi-Urban","Stormy","Medium",1,"N",10
20,"Snack ",39,16,4.1,"motorcycle",0,"No","Urban","Stormy","Low ",1,"N",15
37,"Buffet ",39,9,4.4,"scooter",2,"No","Urban","Cloudy","Medium",1,"Y",10
10,"Buffet ",36,9,4.5,"motorcycle",0,"No","Metropolitan","Sandstorms","Medium",0,"N",5
20,"Drinks ",38,17,4.7,"scooter",2,"No","Urban","Sunny","Jam",1,"N",15
25,"Drinks ",39,5,4.9,"motorcycle",0,"No","Metropolitan","Sunny","Low ",0,"Y",5
20,"Meal ",24,19,4.5,"motorcycle",0,"No","Semi-Urban","Windy","Low ",1,"N",15
28,"Meal ",25,9,4.6,"scooter",2,"No","Metropolitan","Stormy","Jam ",1,"N",5
29,"Meal ",33,13,4.3,"scooter",0,"No","Semi-Urban","Windy","Low ",1,"N",10
39,"Snack ",35,8,4.2,"electric_scooter",2,"No","Metropolitan","Cloudy","Jam ",1,"N",15
22,"Meal ",28,23,4.6,"motorcycle",0,"No","Urban","Sunny","Low",1,"N",15
19,"Drinks ",31,14,4.8,"motorcycle",1,"No","Metropolitan","Sunny","Low ",1,"N",15
30,"Buffet ",29,23,4.6,"scooter",1,"No","Semi-Urban","Windy","Jam",1,"Y",15
17,"Meal ",27,3,4.8,"electric_scooter",1,"No","Urban","Stormy","Low ",0,"N",15
10,"Drinks ",30,16,4.5,"motorcycle",2,"No","Metropolitan","Fog","Medium",0,"N",15
28,"Buffet ",26,23,5,"motorcycle",1,"No","Urban","Stormy","High ",1,"N",5
17,"Snack ",30,2,4.1,"motorcycle",0,"No","Metropolitan","Sandstorms","Low ",1,"Y",25
21,"Drinks ",32,23,4.6,"electric_scooter",0,"No","Urban","Sunny","Low ",1,"Y",5
25,"Drinks ",28,23,4.9,"motorcycle",0,"No","Urban","Fog","Jam",1,"N",5
33,"Meal ",29,8,3.7,"motorcycle",1,"No","Metropolitan","Fog","Low ",1,"Y",5
28,"Buffet ",22,18,4.9,"electric_scooter",2,"No","Urban","Windy","High",1,"N",5
15,"Drinks ",33,21,4.8,"scooter",2,"No","Urban","Stormy","Low ",0,"N",5
15,"Buffet ",23,13,4.9,"scooter",1,"No","Metropolitan","Cloudy","Low ",1,"Y",10
15,"Meal ",22,12,4.5,"motorcycle",1,"No","Semi-Urban","Cloudy","Medium",0,"N",10
33,"Drinks ",37,3,4.3,"electric_scooter",1,"No","Urban","Stormy","Jam",1,"N",15
20,"Meal ",36,21,4.6,"motorcycle",2,"No","Metropolitan","Stormy","Low ",1,"N",15
40,"Drinks ",33,19,4.5,"scooter",1,"No","Metropolitan","Sandstorms","Jam ",1,"N",10
23,"Snack ",24,15,4.9,"motorcycle",1,"No","Urban","Sandstorms","High ",1,"N",10
38,"Snack ",36,1,3.8,"motorcycle",1,"No","Metropolitan","Windy","Jam ",2,"N",5
29,"Snack ",29,3,4.8,"motorcycle",0,"No","Metropolitan","Fog","Medium",1,"N",5
18,"Meal ",20,17,4.9,"motorcycle",2,"No","Metropolitan","Stormy","Low ",0,"N",10
21,"Buffet ",26,18,4.7,"scooter",0,"No","Urban","Fog","Low",1,"N",5
17,"Buffet ",38,19,4.6,"scooter",2,"No","Metropolitan","Windy","Low ",0,"N",10
23,"Snack ",23,19,4.9,"electric_scooter",2,"No","Urban","Windy","Medium",0,"N",5
25,"Buffet ",28,9,4.8,"scooter",2,"No","Metropolitan","Sandstorms","Low ",1,"N",15
28,"Buffet ",30,23,4.7,"electric_scooter",2,"No","Urban","Windy","Low ",1,"N",10
33,"Meal ",20,15,4.7,"scooter",1,"No","Urban","Fog","High ",1,"N",10
47,"Snack ",24,1,4.9,"motorcycle",0,"No","Metropolitan","Cloudy","Medium",1,"N",15
38,"Meal ",39,3,4.1,"scooter",1,"No","Urban","Fog","Medium",1,"N",10
17,"Meal ",20,14,4.9,"motorcycle",0,"No","Metropolitan","Sandstorms","Low ",1,"N",10
51,"Drinks ",24,2,3.7,"scooter",0,"Yes","Metropolitan","Sunny","High ",1,"N",10
15,"Meal ",34,15,5,"electric_scooter",2,"No","Metropolitan","Sunny","Jam ",0,"Y",15
18,"Buffet ",20,17,4.9,"electric_scooter",2,"No","Urban","Stormy","Low",1,"N",10
17,"Snack ",21,23,4.7,"scooter",1,"No","Semi-Urban","Fog","Medium",0,"Y",15
27,"Buffet ",38,9,4.9,"motorcycle",1,"No","Metropolitan","Windy","Jam ",0,"N",10
31,"Snack ",22,4,4.2,"motorcycle",0,"No","Urban","Stormy","Jam",1,"N",5
17,"Snack ",25,17,4.6,"electric_scooter",2,"No","Metropolitan","Sunny","Jam ",1,"Y",5
37,"Snack ",27,17,5,"scooter",2,"No","Metropolitan","Cloudy","Medium",0,"N",15
24,"Drinks ",21,14,4.5,"motorcycle",0,"No","Semi-Urban","Sunny","Jam ",1,"N",5
29,"Meal ",24,17,4.8,"motorcycle",0,"No","Urban","Sandstorms","Jam",1,"Y",10
38,"Drinks ",20,4,4.9,"scooter",0,"No","Metropolitan","Cloudy","Jam ",2,"N",15
15,"Snack ",25,17,4.7,"electric_scooter",2,"No","Urban","Windy","Low ",0,"N",15
26,"Meal ",24,19,4.9,"electric_scooter",2,"No","Metropolitan","Windy","Medium",1,"Y",10
37,"Buffet ",32,3,4.6,"electric_scooter",1,"No","Metropolitan","Fog","Medium",1,"N",5
28,"Snack ",31,3,4.5,"electric_scooter",2,"No","Urban","Windy","Medium",1,"N",10
31,"Drinks ",20,13,5,"scooter",2,"No","Metropolitan","Stormy","Medium",1,"N",15
39,"Meal ",33,5,4.3,"electric_scooter",0,"No","Urban","Sunny","Jam",1,"N",5
38,"Snack ",28,19,4.6,"motorcycle",0,"No","Urban","Sandstorms","Medium",1,"N",5
33,"Meal ",23,2,4.2,"electric_scooter",2,"No","Metropolitan","Cloudy","Jam ",0,"N",15
23,"Drinks ",32,16,4.6,"scooter",2,"No","Metropolitan","Sandstorms","High ",1,"N",5
11,"Drinks ",25,14,4.6,"electric_scooter",2,"No","Metropolitan","Fog","Low ",1,"N",10
15,"Buffet ",25,9,4.6,"motorcycle",1,"No","Urban","Windy","Low ",0,"N",10
12,"Snack ",36,21,4.9,"motorcycle",2,"No","Metropolitan","Stormy","Low ",0,"N",15
24,"Drinks ",28,9,4.4,"motorcycle",0,"No","Metropolitan","Windy","Low ",1,"N",15
33,"Drinks ",29,13,3.2,"motorcycle",0,"No","Metropolitan","Sunny","Low ",1,"N",5
32,"Buffet ",34,21,4.4,"scooter",1,"No","Metropolitan","Sandstorms","Jam ",1,"Y",15
12,"Meal ",35,23,4.8,"scooter",1,"No","Metropolitan","Sunny","Low ",1,"N",10
31,"Drinks ",31,9,5,"scooter",2,"No","Metropolitan","Stormy","Medium",1,"N",10
16,"Snack ",22,18,4.8,"motorcycle",2,"No","Semi-Urban","Sunny","Low ",0,"N",10
28,"Buffet ",24,17,4.9,"motorcycle",2,"No","Metropolitan","Cloudy","High ",0,"N",15
27,"Snack ",21,17,5,"motorcycle",0,"No","Metropolitan","Fog","Jam ",1,"Y",5
44,"Buffet ",39,18,4.9,"motorcycle",1,"No","Metropolitan","Cloudy","Jam ",0,"N",5
43,"Drinks ",23,13,4.2,"electric_scooter",1,"No","Semi-Urban","Cloudy","Medium",0,"Y",15
25,"Meal ",26,23,5,"motorcycle",0,"No","Semi-Urban","Windy","Jam ",1,"N",10
35,"Meal ",21,7,4.4,"motorcycle",0,"No","Semi-Urban","Windy","Jam ",1,"N",10
16,"Drinks ",36,13,4.8,"scooter",1,"No","Metropolitan","Sunny","Jam ",0,"N",5
17,"Snack ",32,16,4.8,"electric_scooter",2,"No","Metropolitan","Sandstorms","Low ",1,"Y",15
13,"Buffet ",39,8,5,"motorcycle",0,"No","Urban","Sunny","Low ",1,"N",10
11,"Snack ",39,23,4.6,"motorcycle",2,"No","Metropolitan","Stormy","Low ",0,"Y",5
20,"Meal ",37,23,4.6,"motorcycle",1,"No","Semi-Urban","Sunny","Jam ",1,"Y",15
19,"Snack ",39,16,4.6,"scooter",1,"No","Semi-Urban","Sandstorms","Jam",1,"N",10
15,"Snack ",38,13,4.8,"scooter",2,"No","Metropolitan","Cloudy","Low ",1,"N",15
29,"Buffet ",35,19,4.6,"scooter",2,"No","Urban","Sandstorms","High",1,"N",5
27,"Drinks ",24,9,4.8,"motorcycle",2,"No","Metropolitan","Fog","High ",0,"Y",5
22,"Meal ",24,12,4.7,"scooter",1,"No","Semi-Urban","Windy","Medium",1,"N",10
44,"Meal ",24,22,5,"motorcycle",0,"Yes","Metropolitan","Stormy","Jam ",1,"Y",5
14,"Snack ",20,16,4.8,"motorcycle",1,"No","Metropolitan","Windy","Low ",1,"Y",30
38,"Meal ",27,7,4.8,"electric_scooter",2,"No","Semi-Urban","Cloudy","Medium",2,"Y",15
16,"Meal ",21,2,4.5,"electric_scooter",2,"No","Semi-Urban","Fog","Medium",0,"N",10
16,"Buffet ",38,16,4.8,"motorcycle",1,"No","Urban","Sunny","Low",0,"N",10
12,"Drinks ",21,18,4.7,"motorcycle",1,"No","Urban","Cloudy","Low",0,"N",5
30,"Buffet ",30,18,4.8,"motorcycle",1,"No","Semi-Urban","Windy","Medium",1,"N",5
16,"Drinks ",24,21,5,"electric_scooter",1,"No","Urban","Sandstorms","Jam ",1,"Y",10
33,"Buffet ",37,9,4.4,"scooter",1,"No","Urban","Sandstorms","High ",1,"N",5
34,"Buffet ",34,9,4.1,"scooter",1,"No","Semi-Urban","Cloudy","Medium",1,"N",15
31,"Snack ",28,11,4.7,"motorcycle",1,"No","Metropolitan","Fog","Jam ",1,"N",5
28,"Drinks ",30,23,4.5,"scooter",1,"No","Metropolitan","Stormy","High ",1,"Y",5
25,"Snack ",26,12,4.9,"electric_scooter",0,"No","Metropolitan","Fog","High ",1,"N",5
35,"Meal ",31,4,4,"motorcycle",0,"No","Semi-Urban","Sandstorms","Jam",1,"N",15
17,"Buffet ",21,5,4.7,"motorcycle",1,"No","Metropolitan","Sunny","High ",1,"N",10
23,"Snack ",29,11,4.6,"motorcycle",0,"No","Metropolitan","Cloudy","Medium",0,"N",5
24,"Buffet ",34,9,4.7,"electric_scooter",2,"No","Metropolitan","Sunny","Jam ",1,"N",5
15,"Meal ",23,4,4.9,"motorcycle",2,"No","Metropolitan","Sunny","Jam ",0,"Y",5
27,"Meal ",32,19,4.6,"scooter",2,"No","Metropolitan","Cloudy","Low ",1,"N",15
42,"Meal ",37,11,4.5,"motorcycle",0,"No","Urban","Cloudy","Jam ",2,"N",15
20,"Drinks ",33,16,4.9,"motorcycle",0,"No","Urban","Stormy","Low",0,"Y",15
51,"Drinks ",29,4,4.9,"scooter",0,"Yes","Metropolitan","Fog","Jam ",0,"N",10
16,"Meal ",37,22,4.9,"scooter",1,"No","Urban","Cloudy","Low",1,"N",5
37,"Drinks ",25,5,4.3,"electric_scooter",2,"No","Urban","Fog","Jam ",0,"N",10
34,"Snack ",22,15,5,"scooter",2,"No","Urban","Fog","Jam ",1,"N",5
32,"Snack ",28,14,3.7,"electric_scooter",2,"No","Urban","Windy","Jam ",1,"N",5
24,"Meal ",26,16,4.7,"motorcycle",0,"No","Urban","Cloudy","Low",1,"N",10
16,"Snack ",35,2,4.5,"scooter",1,"No","Urban","Sunny","Low",1,"Y",5
38,"Meal ",24,13,4.1,"motorcycle",2,"No","Metropolitan","Fog","Medium",0,"N",10
21,"Drinks ",25,17,4.4,"motorcycle",0,"No","Metropolitan","Windy","Low ",1,"N",10
20,"Buffet ",35,22,4.6,"motorcycle",0,"No","Metropolitan","Cloudy","Low ",1,"N",10
48,"Drinks ",29,18,4.9,"motorcycle",0,"Yes","Metropolitan","Sandstorms","Jam ",1,"Y",5
38,"Buffet ",37,23,4.6,"electric_scooter",2,"No","Metropolitan","Cloudy","Jam ",1,"N",10
10,"Drinks ",26,16,4.6,"electric_scooter",2,"No","Metropolitan","Fog","Low ",0,"Y",10
15,"Buffet ",23,22,4.9,"electric_scooter",2,"No","Urban","Stormy","Medium",1,"N",5
29,"Meal ",27,14,5,"motorcycle",2,"No","Urban","Stormy","High ",1,"Y",5
30,"Meal ",20,16,4.7,"motorcycle",0,"No","Metropolitan","Stormy","Jam ",1,"Y",10
15,"Snack ",36,9,4.7,"motorcycle",2,"No","Metropolitan","Fog","Medium",1,"N",15
45,"Buffet ",25,23,4.9,"motorcycle",0,"No","Metropolitan","Sunny","Jam ",2,"Y",15
36,"Snack ",39,12,4.9,"motorcycle",0,"No","Metropolitan","Fog","Jam ",0,"Y",15
19,"Buffet ",23,21,4.7,"scooter",1,"No","Metropolitan","Sunny","Low ",0,"N",5
21,"Drinks ",30,18,4.8,"electric_scooter",2,"No","Urban","Sandstorms","Medium",1,"N",10
26,"Drinks ",25,12,4.8,"scooter",1,"No","Metropolitan","Windy","Jam ",1,"N",15
21,"Snack ",38,3,4.7,"motorcycle",0,"No","Metropolitan","Fog","High ",1,"N",15
10,"Meal ",29,16,4.6,"electric_scooter",1,"No","Urban","Cloudy","Medium",1,"Y",15
30,"Buffet ",20,5,4.8,"scooter",1,"No","Urban","Cloudy","Low",1,"N",5
10,"Drinks ",38,22,4.6,"motorcycle",2,"No","Urban","Sunny","Medium",0,"N",5
23,"Drinks ",37,1,4.5,"motorcycle",0,"No","Urban","Stormy","High",1,"Y",10
31,"Drinks ",24,16,4.3,"motorcycle",1,"No","Semi-Urban","Cloudy","Jam ",1,"N",5
24,"Drinks ",27,17,4.6,"motorcycle",0,"No","Semi-Urban","Cloudy","Low ",1,"N",10
27,"Meal ",36,16,4.9,"electric_scooter",2,"No","Urban","Sandstorms","Medium",1,"N",15
13,"Meal ",20,21,4.7,"scooter",1,"No","Urban","Windy","Low",0,"Y",10
20,"Buffet ",28,15,4.9,"motorcycle",1,"No","Metropolitan","Stormy","Jam ",1,"N",10
31,"Drinks ",29,14,4,"motorcycle",2,"No","Metropolitan","Sandstorms","Jam ",1,"N",15
33,"Drinks ",27,15,4.1,"motorcycle",0,"No","Metropolitan","Sandstorms","Jam ",0,"N",10
35,"Snack ",28,19,4.6,"motorcycle",0,"No","Semi-Urban","Fog","Jam ",1,"N",5
32,"Meal ",23,4,4.4,"electric_scooter",2,"No","Urban","Windy","Jam",1,"Y",15
36,"Drinks ",32,15,4.3,"motorcycle",1,"No","Metropolitan","Fog","High ",1,"Y",10
25,"Snack ",32,8,4.3,"motorcycle",0,"No","Metropolitan","Sandstorms","Low ",0,"N",10
34,"Drinks ",32,16,4.7,"motorcycle",0,"No","Urban","Fog","High ",1,"Y",15
41,"Buffet ",27,18,4.6,"scooter",0,"No","Metropolitan","Fog","Medium",0,"N",15
19,"Meal ",38,21,4.6,"motorcycle",2,"No","Semi-Urban","Sandstorms","Low ",1,"N",15
39,"Meal ",20,1,4.1,"motorcycle",2,"No","Metropolitan","Fog","Low ",2,"Y",5
25,"Buffet ",26,17,4.8,"electric_scooter",2,"No","Metropolitan","Windy","Low ",1,"N",5
11,"Buffet ",33,5,4.5,"scooter",1,"No","Urban","Sandstorms","Low",0,"Y",15
26,"Buffet ",22,5,4.8,"motorcycle",2,"No","Metropolitan","Fog","Jam ",0,"Y",10
24,"Buffet ",34,9,4.5,"motorcycle",2,"No","Metropolitan","Fog","Low ",1,"N",15
11,"Drinks ",33,19,4.9,"motorcycle",2,"No","Urban","Windy","Low",0,"N",10
17,"Meal ",30,16,4.5,"electric_scooter",1,"No","Semi-Urban","Fog","Low ",1,"N",5
29,"Buffet ",33,3,4.5,"motorcycle",0,"No","Metropolitan","Fog","Medium",1,"N",15
43,"Drinks ",22,22,4.6,"motorcycle",0,"No","Urban","Sandstorms","Medium",1,"N",10
25,"Meal ",32,23,4.7,"scooter",2,"No","Metropolitan","Windy","Low ",1,"N",15
18,"Drinks ",33,18,4.9,"motorcycle",2,"No","Metropolitan","Sunny","High ",0,"Y",5
25,"Drinks ",30,19,4.6,"scooter",0,"No","Metropolitan","Windy","Medium",0,"N",15
31,"Drinks ",34,2,3.9,"scooter",2,"No","Urban","Sandstorms","Jam",0,"N",5
31,"Buffet ",28,13,4.2,"motorcycle",1,"No","Semi-Urban","Cloudy","Medium",0,"N",5
34,"Meal ",31,3,3.3,"motorcycle",0,"No","Urban","Sunny","Low ",1,"N",5
28,"Drinks ",25,23,4.4,"motorcycle",0,"No","Semi-Urban","Stormy","Low ",0,"Y",5
18,"Meal ",39,15,4.7,"motorcycle",1,"No","Urban","Stormy","Low",1,"Y",10
15,"Buffet ",26,22,4.7,"scooter",2,"No","Urban","Sunny","Low ",0,"N",15
29,"Buffet ",21,2,4.8,"motorcycle",0,"No","Metropolitan","Fog","High ",1,"N",15
24,"Drinks ",23,17,5,"electric_scooter",2,"No","Metropolitan","Stormy","Low ",1,"N",10
32,"Meal ",26,13,4.1,"scooter",1,"No","Metropolitan","Fog","Jam ",0,"N",10
12,"Snack ",35,22,4.9,"motorcycle",1,"No","Urban","Sunny","Low",0,"Y",15
44,"Meal ",24,13,3.5,"scooter",2,"No","Metropolitan","Windy","Jam ",2,"N",15
28,"Meal ",26,18,4.7,"scooter",1,"No","Metropolitan","Fog","High ",1,"N",15
42,"Meal ",32,5,4.7,"electric_scooter",0,"No","Semi-Urban","Cloudy","Jam ",2,"Y",15
26,"Snack ",24,7,4.2,"motorcycle",0,"No","Metropolitan","Windy","Low ",1,"N",5
33,"Snack ",36,11,4,"motorcycle",0,"No","Semi-Urban","Stormy","High ",1,"Y",5
19,"Snack ",24,18,4.9,"scooter",1,"No","Metropolitan","Fog","Medium",1,"Y",5
39,"Buffet ",31,15,4.3,"scooter",2,"No","Semi-Urban","Sunny","Medium",1,"Y",15
21,"Buffet ",28,23,4,"motorcycle",0,"No","Metropolitan","Stormy","Low ",0,"N",5
24,"Drinks ",38,7,4.2,"motorcycle",0,"No","Metropolitan","Windy","Low ",1,"N",10
24,"Meal ",27,3,4.7,"electric_scooter",1,"No","Metropolitan","Sandstorms","Medium",1,"Y",5
27,"Drinks ",21,18,4.9,"motorcycle",2,"No","Metropolitan","Sunny","Low ",1,"Y",5
23,"Drinks ",32,22,4.7,"scooter",2,"No","Urban","Sunny","Medium",1,"N",10
25,"Snack ",28,12,4.8,"scooter",1,"No","Metropolitan","Windy","Medium",0,"Y",10
12,"Drinks ",36,23,4.8,"motorcycle",2,"No","Semi-Urban","Cloudy","Medium",0,"Y",15
15,"Drinks ",24,22,5,"motorcycle",2,"No","Urban","Windy","Medium",1,"Y",10
20,"Meal ",37,23,4.6,"motorcycle",1,"No","Semi-Urban","Sunny","Jam ",1,"Y",15
10,"Meal ",20,3,4.9,"motorcycle",1,"No","Metropolitan","Sunny","Jam ",1,"N",15
40,"Snack ",31,5,4.9,"motorcycle",0,"No","Metropolitan","Fog","Medium",1,"Y",15
40,"Meal ",39,7,2.7,"motorcycle",1,"No","Metropolitan","Sunny","Low ",1,"N",10
42,"Buffet ",39,22,5,"motorcycle",2,"No","Urban","Fog","Jam ",0,"Y",15
38,"Meal ",25,16,3.8,"scooter",1,"No","Semi-Urban","Windy","Jam ",2,"N",5
38,"Meal ",26,13,4.2,"motorcycle",0,"No","Metropolitan","Sandstorms","Jam ",0,"Y",15
19,"Buffet ",34,21,4.6,"scooter",2,"No","Metropolitan","Fog","Medium",1,"N",5
33,"Meal ",33,3,3.9,"electric_scooter",2,"No","Metropolitan","Sunny","Jam ",1,"N",15
23,"Buffet ",25,21,4.5,"electric_scooter",0,"No","Urban","Fog","Low ",0,"N",5
28,"Buffet ",39,12,4.7,"scooter",2,"No","Metropolitan","Sandstorms","High ",1,"N",5
51,"Meal ",33,3,4.7,"motorcycle",0,"No","Urban","Stormy","Jam ",1,"N",10
18,"Meal ",30,4,4.7,"motorcycle",1,"No","Metropolitan","Sandstorms","Low ",0,"N",10
26,"Snack ",36,23,4.6,"electric_scooter",1,"No","Metropolitan","Fog","High ",1,"Y",5
27,"Meal ",34,21,4.9,"electric_scooter",2,"No","Metropolitan","Windy","Medium",0,"N",5
41,"Buffet ",35,16,4.1,"motorcycle",0,"No","Metropolitan","Fog","Low ",1,"N",5
35,"Snack ",22,1,3.8,"electric_scooter",2,"No","Urban","Stormy","Medium",1,"N",10
25,"Drinks ",31,15,4.6,"electric_scooter",2,"No","Urban","Windy","Jam",1,"N",10
28,"Buffet ",36,19,4.9,"scooter",1,"No","Metropolitan","Sandstorms","Medium",1,"Y",10
40,"Drinks ",23,2,4.7,"motorcycle",0,"No","Metropolitan","Fog","Jam ",0,"Y",15
36,"Buffet ",34,23,4.9,"motorcycle",2,"No","Semi-Urban","Fog","High ",1,"N",10
48,"Buffet ",22,18,5,"scooter",0,"No","Urban","Fog","Jam",1,"N",10
11,"Snack ",39,15,5,"scooter",2,"No","Urban","Sunny","Low",0,"N",15
26,"Buffet ",31,19,4.9,"electric_scooter",0,"No","Urban","Windy","High",1,"Y",10
25,"Drinks ",27,14,4.7,"electric_scooter",0,"No","Semi-Urban","Stormy","Jam ",1,"Y",10
31,"Snack ",30,3,4.2,"scooter",1,"No","Urban","Cloudy","Jam ",1,"N",5
31,"Meal ",25,15,4.1,"scooter",1,"No","Metropolitan","Fog","Medium",0,"N",15
31,"Drinks ",23,1,4.4,"electric_scooter",0,"No","Metropolitan","Stormy","Jam ",1,"N",15
29,"Drinks ",28,14,4.5,"electric_scooter",2,"No","Metropolitan","Sandstorms","Jam ",1,"Y",10
11,"Buffet ",37,16,4.9,"motorcycle",1,"No","Urban","Stormy","Low",0,"N",10
39,"Buffet ",28,2,4.1,"motorcycle",1,"No","Urban","Cloudy","Low",0,"N",10
12,"Meal ",21,12,4.7,"motorcycle",1,"No","Metropolitan","Sandstorms","Low ",0,"Y",10
28,"Snack ",22,9,4.9,"electric_scooter",2,"No","Metropolitan","Windy","Jam ",1,"N",5
36,"Buffet ",38,4,4.3,"scooter",1,"No","Urban","Stormy","Medium",1,"N",5
39,"Drinks ",25,22,4.2,"motorcycle",0,"No","Urban","Windy","Jam",1,"N",5
24,"Drinks ",27,23,5,"motorcycle",2,"No","Metropolitan","Stormy","Medium",1,"Y",5
21,"Buffet ",26,22,4.6,"motorcycle",0,"No","Metropolitan","Fog","Jam ",1,"N",15
33,"Meal ",37,2,4.4,"electric_scooter",2,"No","Semi-Urban","Stormy","Jam ",1,"N",10
20,"Drinks ",25,18,4.8,"scooter",2,"No","Urban","Sunny","Medium",1,"N",5
20,"Snack ",29,3,4.6,"motorcycle",0,"No","Metropolitan","Windy","High ",1,"N",15
19,"Drinks ",34,15,4.7,"motorcycle",0,"No","Urban","Fog","Low ",1,"Y",15
23,"Meal ",33,6,4.8,"motorcycle",1,"No","Urban","Fog","Low ",0,"N",5
32,"Buffet ",33,16,4.4,"motorcycle",0,"No","Metropolitan","Windy","Jam ",0,"Y",15
29,"Meal ",35,23,4.9,"scooter",1,"No","Urban","Sandstorms","Jam ",1,"Y",5
11,"Snack ",37,19,4.7,"scooter",2,"No","Metropolitan","Windy","Low",0,"Y",5
15,"Snack ",28,3,4.5,"scooter",1,"No","Urban","Sunny","High",0,"N",5
30,"Drinks ",22,23,4.6,"motorcycle",0,"No","Urban","Stormy","Jam",1,"N",15
20,"Meal ",23,21,4.6,"scooter",2,"No","Metropolitan","Stormy","Medium",1,"N",10
28,"Drinks ",23,4,4.7,"motorcycle",0,"No","Semi-Urban","Sandstorms","Medium",1,"Y",10
17,"Drinks ",33,3,4.8,"motorcycle",1,"No","Semi-Urban","Stormy","Low ",0,"N",25
23,"Buffet ",34,23,4.8,"motorcycle",2,"No","Metropolitan","Windy","Medium",0,"Y",10
10,"Buffet ",35,18,4.6,"electric_scooter",2,"No","Metropolitan","Fog","Low ",1,"N",15
28,"Snack ",33,3,4.9,"motorcycle",0,"No","Metropolitan","Fog","Medium",1,"N",15
14,"Buffet ",33,17,4.9,"scooter",1,"No","Metropolitan","Stormy","High ",0,"Y",5
19,"Buffet ",22,23,4.5,"electric_scooter",2,"No","Metropolitan","Windy","Jam ",1,"N",15
10,"Drinks ",22,17,4.8,"electric_scooter",1,"No","Urban","Sunny","High",0,"N",10
42,"Drinks ",29,7,4.1,"electric_scooter",2,"No","Metropolitan","Stormy","Jam ",1,"N",5
46,"Drinks ",28,5,4.2,"motorcycle",0,"No","Metropolitan","Stormy","Jam ",2,"N",5
14,"Snack ",33,15,4.6,"motorcycle",2,"No","Urban","Stormy","Low",1,"N",15
49,"Drinks ",37,22,4.8,"motorcycle",0,"No","Metropolitan","Windy","Medium",3,"N",10
25,"Drinks ",32,23,4.9,"motorcycle",1,"No","Urban","Sandstorms","Jam ",0,"Y",15
17,"Drinks ",37,15,4.9,"electric_scooter",1,"No","Metropolitan","Sunny","Medium",0,"N",15
19,"Snack ",28,22,4.9,"electric_scooter",2,"No","Urban","Cloudy","Medium",0,"N",15
33,"Meal ",32,18,4.9,"motorcycle",0,"No","Metropolitan","Sunny","Jam ",1,"N",10
14,"Buffet ",35,14,4.6,"motorcycle",2,"No","Metropolitan","Stormy","Low ",1,"N",10
15,"Snack ",33,21,4.8,"motorcycle",1,"No","Semi-Urban","Sunny","Jam",1,"N",15
28,"Drinks ",33,19,5,"scooter",0,"No","Semi-Urban","Stormy","Jam ",1,"N",5
39,"Meal ",39,12,4.7,"motorcycle",0,"No","Urban","Fog","Low ",1,"Y",15
15,"Buffet ",38,9,4.6,"motorcycle",1,"No","Metropolitan","Fog","Low ",1,"Y",10
15,"Snack ",23,15,5,"electric_scooter",2,"No","Metropolitan","Fog","Low ",0,"N",15
33,"Meal ",20,15,4.7,"scooter",1,"No","Urban","Fog","High ",1,"N",10
17,"Drinks ",37,4,4,"electric_scooter",0,"No","Metropolitan","Windy","Low ",0,"N",10
43,"Buffet ",21,13,4.1,"motorcycle",0,"No","Urban","Stormy","Medium",1,"N",15
10,"Meal ",25,3,4.7,"motorcycle",0,"No","Metropolitan","Windy","Medium",0,"N",5
30,"Buffet ",37,11,4.8,"electric_scooter",0,"No","Urban","Stormy","Jam ",0,"N",5
19,"Buffet ",30,12,4.7,"scooter",2,"No","Metropolitan","Windy","Low ",1,"Y",10
25,"Snack ",31,17,4.7,"scooter",1,"No","Urban","Stormy","Medium",0,"Y",10
16,"Snack ",23,15,4.5,"scooter",2,"No","Urban","Sunny","Jam",1,"N",5
27,"Snack ",31,9,5,"motorcycle",1,"No","Metropolitan","Fog","Jam ",1,"N",10
15,"Buffet ",39,23,4.9,"scooter",1,"No","Metropolitan","Cloudy","Low ",0,"N",5
37,"Drinks ",39,12,4.6,"motorcycle",1,"No","Metropolitan","Fog","Jam ",1,"Y",10
36,"Drinks ",32,19,4,"motorcycle",0,"No","Metropolitan","Stormy","Jam ",1,"N",5
33,"Drinks ",38,17,4.3,"electric_scooter",2,"No","Metropolitan","Windy","Medium",1,"N",15
34,"Drinks ",21,8,4.7,"motorcycle",2,"No","Metropolitan","Cloudy","Jam ",1,"N",5
37,"Drinks ",21,7,4.3,"motorcycle",0,"No","Metropolitan","Fog","Jam ",2,"N",10
16,"Snack ",32,22,4.8,"motorcycle",1,"No","Urban","Sunny","High",1,"Y",5
19,"Meal ",29,23,4.8,"motorcycle",2,"No","Metropolitan","Sunny","Low ",0,"Y",10
24,"Drinks ",22,19,5,"motorcycle",2,"No","Semi-Urban","Stormy","Medium",1,"Y",15
22,"Meal ",24,18,4.8,"motorcycle",0,"No","Urban","Sunny","High ",1,"Y",10
39,"Snack ",34,1,4.4,"electric_scooter",0,"No","Urban","Cloudy","Low ",0,"N",5
31,"Buffet ",20,15,5,"motorcycle",0,"No","Semi-Urban","Cloudy","Medium",0,"Y",15
39,"Meal ",28,9,4.4,"motorcycle",0,"No","Metropolitan","Stormy","Medium",1,"N",10
29,"Snack ",31,18,4.7,"scooter",1,"No","Urban","Sandstorms","Low",1,"N",5
19,"Meal ",22,15,4.7,"motorcycle",1,"No","Urban","Sandstorms","Low",1,"N",15
20,"Snack ",26,1,4.5,"electric_scooter",1,"No","Urban","Sandstorms","Jam",0,"N",10
29,"Meal ",21,7,4.6,"motorcycle",1,"No","Metropolitan","Sandstorms","Jam ",0,"N",5
43,"Buffet ",21,2,4.2,"scooter",1,"No","Semi-Urban","Sandstorms","Jam ",2,"Y",5
19,"Snack ",25,16,4.7,"motorcycle",1,"No","Urban","Stormy","Jam",0,"N",15
27,"Snack ",24,14,5,"electric_scooter",2,"No","Metropolitan","Windy","Low ",1,"N",5
27,"Drinks ",33,18,4.9,"motorcycle",0,"No","Urban","Fog","High",0,"N",5
26,"Meal ",39,19,4.8,"motorcycle",1,"No","Urban","Stormy","Jam",0,"N",5
24,"Buffet ",29,13,4.6,"scooter",2,"No","Metropolitan","Windy","Medium",1,"N",10
23,"Drinks ",39,13,4.8,"scooter",2,"No","Urban","Windy","Medium",1,"N",5
38,"Meal ",21,9,4.2,"motorcycle",1,"No","Metropolitan","Fog","Jam ",1,"N",15
26,"Snack ",38,13,5,"scooter",2,"No","Metropolitan","Windy","Jam ",1,"N",15
32,"Meal ",37,19,4.3,"motorcycle",2,"No","Semi-Urban","Sandstorms","High ",1,"N",10
23,"Snack ",25,7,4.9,"motorcycle",0,"No","Metropolitan","Sunny","Jam ",0,"N",5
15,"Meal ",22,17,4.8,"scooter",2,"No","Urban","Windy","Jam",1,"N",15
24,"Snack ",27,22,4.8,"motorcycle",0,"No","Metropolitan","Stormy","High ",1,"N",10
37,"Buffet ",25,6,4.2,"motorcycle",0,"No","Urban","Windy","Medium",1,"N",5
34,"Snack ",31,8,4,"motorcycle",1,"No","Semi-Urban","Cloudy","Jam ",0,"N",10
34,"Buffet ",37,5,3.5,"scooter",2,"No","Metropolitan","Cloudy","Low ",0,"N",10
30,"Buffet ",27,19,5,"scooter",1,"No","Urban","Stormy","Jam",1,"N",15
36,"Snack ",26,6,4.1,"scooter",1,"No","Urban","Stormy","Jam",1,"N",5
21,"Meal ",20,23,4.6,"scooter",1,"No","Metropolitan","Sunny","Jam ",1,"N",15
27,"Buffet ",38,23,4.7,"motorcycle",1,"No","Metropolitan","Sandstorms","Medium",1,"N",5
21,"Buffet ",22,6,4.9,"scooter",1,"No","Semi-Urban","Windy","Medium",1,"N",15
46,"Meal ",33,3,4.4,"motorcycle",0,"No","Metropolitan","Sunny","High ",2,"N",10
15,"Buffet ",23,9,4.8,"electric_scooter",1,"No","Urban","Stormy","Medium",1,"N",10
25,"Snack ",31,22,4.7,"motorcycle",0,"No","Metropolitan","Cloudy","High ",0,"Y",5
33,"Buffet ",27,18,4.6,"electric_scooter",1,"No","Metropolitan","Stormy","Jam ",0,"Y",10
24,"Buffet ",25,23,5,"scooter",2,"No","Urban","Cloudy","Low",1,"Y",10
33,"Drinks ",33,8,4,"motorcycle",0,"No","Metropolitan","Fog","High ",1,"Y",5
27,"Meal ",21,14,4.9,"electric_scooter",2,"No","Metropolitan","Sunny","Jam ",1,"N",10
46,"Buffet ",39,4,4.5,"scooter",0,"Yes","Urban","Cloudy","Medium",1,"Y",10
33,"Meal ",26,3,4.2,"electric_scooter",2,"No","Semi-Urban","Stormy","Medium",1,"Y",15
20,"Snack ",20,16,5,"scooter",0,"No","Urban","Fog","Low ",1,"N",5
36,"Meal ",27,2,4.2,"motorcycle",2,"No","Metropolitan","Windy","Jam ",1,"N",10
33,"Drinks ",21,3,4.1,"motorcycle",1,"No","Metropolitan","Sandstorms","Jam ",2,"Y",5
28,"Snack ",27,5,4.5,"scooter",0,"No","Urban","Sunny","Low",1,"Y",5
35,"Meal ",32,2,3.6,"electric_scooter",2,"No","Metropolitan","Fog","Low ",1,"N",5
26,"Buffet ",35,19,4.9,"motorcycle",1,"No","Urban","Windy","Jam ",1,"N",15
37,"Drinks ",28,2,4.6,"electric_scooter",1,"No","Semi-Urban","Cloudy","Jam ",1,"N",5
38,"Snack ",31,11,4.6,"scooter",0,"No","Metropolitan","Sandstorms","Jam ",1,"N",5
17,"Meal ",25,22,4.6,"scooter",1,"No","Metropolitan","Cloudy","Low ",1,"N",15
20,"Buffet ",27,2,4.5,"motorcycle",0,"No","Metropolitan","Sandstorms","Low ",0,"N",10
25,"Meal ",31,17,4.9,"motorcycle",0,"No","Urban","Stormy","Jam ",1,"N",5
45,"Drinks ",25,21,4.9,"scooter",0,"No","Semi-Urban","Cloudy","Jam",1,"N",5
28,"Drinks ",22,17,4.7,"motorcycle",0,"No","Urban","Stormy","Medium",1,"N",10
26,"Drinks ",29,16,4.6,"motorcycle",0,"No","Urban","Cloudy","Low",1,"N",10
38,"Buffet ",35,14,4.3,"scooter",0,"No","Metropolitan","Windy","Jam ",1,"Y",5
43,"Meal ",28,15,4.6,"motorcycle",0,"No","Metropolitan","Sandstorms","Medium",1,"N",10
34,"Meal ",31,3,3.3,"motorcycle",0,"No","Urban","Sunny","Low ",1,"N",5
20,"Buffet ",22,23,4.2,"motorcycle",0,"No","Metropolitan","Sandstorms","Low ",1,"N",5
16,"Snack ",23,15,4.5,"scooter",2,"No","Urban","Sunny","Jam",1,"N",5
29,"Drinks ",37,5,4.5,"motorcycle",0,"No","Urban","Sandstorms","Low",1,"N",10
45,"Buffet ",29,6,4.7,"electric_scooter",2,"Yes","Metropolitan","Fog","Jam ",0,"Y",5
21,"Meal ",22,18,5,"motorcycle",0,"No","Metropolitan","Windy","Medium",1,"Y",15
28,"Buffet ",35,22,4.8,"scooter",1,"No","Urban","Stormy","High",1,"N",15
40,"Buffet ",26,8,4.8,"electric_scooter",2,"No","Urban","Fog","Jam ",1,"N",5
20,"Drinks ",29,13,4.6,"scooter",2,"No","Metropolitan","Sandstorms","Medium",1,"N",15
34,"Meal ",34,18,4.6,"scooter",1,"No","Urban","Stormy","High",1,"N",10
23,"Meal ",23,2,4.6,"motorcycle",1,"No","Semi-Urban","Sunny","High",1,"N",5
16,"Snack ",21,17,4.6,"motorcycle",2,"No","Metropolitan","Sunny","Low ",1,"N",5
33,"Buffet ",35,2,4.2,"motorcycle",0,"No","Metropolitan","Stormy","Jam ",1,"N",5
31,"Buffet ",26,6,4.3,"scooter",1,"No","Urban","Sandstorms","Low",1,"N",10
36,"Buffet ",39,17,4.9,"motorcycle",0,"No","Metropolitan","Fog","Medium",2,"N",15
19,"Buffet ",21,22,5,"motorcycle",2,"No","Urban","Windy","Low ",1,"N",5
10,"Snack ",29,18,4.7,"motorcycle",1,"No","Urban","Stormy","Low",0,"N",10
22,"Meal ",22,2,4.9,"motorcycle",0,"No","Metropolitan","Stormy","Low ",1,"N",5
29,"Meal ",35,6,4.6,"electric_scooter",2,"No","Semi-Urban","Fog","Jam ",0,"N",5
15,"Meal ",26,21,4.7,"scooter",1,"No","Semi-Urban","Sandstorms","Jam",0,"N",5
18,"Snack ",29,3,4.7,"motorcycle",1,"No","Metropolitan","Sandstorms","Low ",1,"N",15
35,"Buffet ",36,3,3.5,"scooter",1,"No","Semi-Urban","Cloudy","Low ",1,"N",10
42,"Meal ",33,23,4.7,"scooter",0,"No","Urban","Fog","Jam",1,"N",5
51,"Snack ",38,17,4.7,"scooter",0,"No","Metropolitan","Cloudy","Jam ",2,"N",10
35,"Snack ",23,22,4.9,"electric_scooter",0,"No","Metropolitan","Windy","Medium",1,"N",10
11,"Drinks ",21,21,4.7,"motorcycle",1,"No","Metropolitan","Sandstorms","Low ",0,"Y",5
41,"Snack ",21,7,3.1,"motorcycle",2,"No","Metropolitan","Sunny","Low ",1,"Y",10
10,"Drinks ",21,16,4.7,"motorcycle",1,"No","Metropolitan","Sandstorms","Low",0,"N",10
26,"Snack ",36,8,4.7,"electric_scooter",2,"No","Semi-Urban","Fog","High ",1,"N",5
10,"Buffet ",23,21,4.9,"motorcycle",2,"No","Metropolitan","Stormy","Low ",0,"N",5
28,"Meal ",34,18,4.7,"scooter",2,"No","Semi-Urban","Cloudy","Medium",1,"N",10
31,"Meal ",22,4,4.8,"scooter",1,"No","Urban","Sandstorms","Jam",1,"N",15
25,"Drinks ",28,7,4.2,"motorcycle",0,"No","Semi-Urban","Stormy","Low ",1,"N",5
31,"Buffet ",32,2,4.3,"motorcycle",2,"No","Semi-Urban","Sunny","Jam",1,"N",5
36,"Snack ",39,15,4.7,"motorcycle",1,"No","Semi-Urban","Fog","Jam ",1,"Y",5
10,"Snack ",39,15,4.9,"electric_scooter",1,"No","Urban","Stormy","Low",0,"N",25
26,"Meal ",24,19,4.9,"electric_scooter",2,"No","Metropolitan","Windy","Medium",1,"Y",10
15,"Drinks ",33,21,4.4,"motorcycle",0,"No","Semi-Urban","Windy","Low ",0,"N",15
30,"Buffet ",25,21,4.6,"scooter",0,"No","Urban","Sandstorms","Jam",0,"N",15
17,"Buffet ",33,18,4.9,"motorcycle",1,"No","Metropolitan","Stormy","Jam ",1,"N",10
18,"Drinks ",24,3,4.8,"motorcycle",0,"No","Semi-Urban","Fog","Low ",1,"N",15
27,"Snack ",30,21,4.8,"motorcycle",1,"No","Urban","Windy","Medium",1,"N",5
16,"Meal ",20,18,4.9,"motorcycle",1,"No","Urban","Cloudy","Low",0,"N",10
17,"Drinks ",37,15,4.7,"motorcycle",0,"No","Urban","Stormy","Medium",0,"N",15
18,"Meal ",26,12,4.8,"motorcycle",1,"No","Metropolitan","Windy","Low ",0,"N",15
30,"Buffet ",27,14,4.5,"motorcycle",1,"No","Urban","Windy","Medium",1,"Y",10
15,"Drinks ",33,21,4.8,"motorcycle",1,"No","Semi-Urban","Sunny","Jam",1,"N",5
28,"Drinks ",37,23,4.8,"motorcycle",2,"No","Semi-Urban","Fog","Low ",0,"N",10
10,"Meal ",33,18,5,"electric_scooter",2,"No","Urban","Sunny","Jam",0,"Y",15
15,"Meal ",37,12,4.8,"motorcycle",1,"No","Metropolitan","Sunny","High ",1,"N",10
30,"Meal ",29,21,4.8,"motorcycle",1,"No","Metropolitan","Windy","Medium",1,"Y",15
29,"Meal ",33,15,4.7,"motorcycle",0,"No","Metropolitan","Windy","Jam ",0,"N",15
21,"Snack ",27,6,4.7,"motorcycle",0,"No","Metropolitan","Cloudy","Low ",0,"Y",5
24,"Meal ",23,6,4.7,"scooter",2,"No","Semi-Urban","Fog","Jam",1,"N",5
14,"Drinks ",37,23,4.6,"scooter",2,"No","Urban","Windy","Jam ",1,"N",10
29,"Buffet ",23,3,4.7,"electric_scooter",2,"No","Metropolitan","Stormy","Jam ",1,"N",5
16,"Drinks ",32,13,4.8,"scooter",1,"No","Metropolitan","Sandstorms","Low ",1,"N",15
34,"Snack ",35,13,4.2,"motorcycle",0,"No","Metropolitan","Stormy","Low ",1,"Y",10
15,"Snack ",21,16,4.7,"motorcycle",1,"No","Urban","Stormy","Jam",1,"N",5
38,"Buffet ",29,16,4.8,"electric_scooter",2,"No","Metropolitan","Fog","High ",0,"Y",15
26,"Meal ",32,9,4.5,"scooter",2,"No","Metropolitan","Stormy","Medium",1,"N",15
13,"Drinks ",30,16,4.8,"scooter",2,"No","Metropolitan","Sandstorms","Jam ",0,"Y",15
21,"Buffet ",37,9,4.7,"scooter",0,"No","Urban","Sandstorms","High ",0,"N",5
42,"Drinks ",23,3,5,"scooter",2,"No","Metropolitan","Cloudy","Jam ",1,"Y",15
34,"Drinks ",30,5,4.6,"motorcycle",2,"No","Metropolitan","Fog","Medium",0,"N",5
22,"Meal ",34,3,4,"motorcycle",0,"No","Urban","Windy","Low",0,"N",15
29,"Meal ",20,9,4.7,"scooter",1,"No","Metropolitan","Windy","High ",1,"N",15
26,"Snack ",36,22,4.5,"motorcycle",0,"No","Urban","Sunny","Medium",1,"Y",5
17,"Drinks ",38,16,4.7,"scooter",2,"No","Urban","Stormy","Low",0,"N",5
42,"Meal ",21,9,5,"motorcycle",0,"No","Metropolitan","Fog","Jam ",0,"N",5
27,"Buffet ",32,15,4.8,"motorcycle",0,"No","Metropolitan","Stormy","Low ",0,"Y",10
16,"Drinks ",38,16,4.7,"motorcycle",2,"No","Urban","Sunny","Low",0,"N",30
52,"Snack ",35,2,4.6,"electric_scooter",0,"No","Metropolitan","Fog","Jam ",1,"Y",5
29,"Snack ",39,5,4.1,"motorcycle",0,"No","Metropolitan","Stormy","Low ",1,"N",10
15,"Drinks ",23,19,4.9,"scooter",1,"No","Urban","Fog","Medium",0,"N",15
19,"Buffet ",26,23,4.6,"scooter",2,"No","Urban","Sunny","High",0,"Y",5
33,"Meal ",21,17,4.7,"motorcycle",1,"No","Metropolitan","Stormy","Jam ",0,"N",10
23,"Drinks ",20,4,4.6,"motorcycle",0,"No","Semi-Urban","Fog","Low ",1,"N",10
43,"Buffet ",21,1,3.8,"electric_scooter",2,"No","Metropolitan","Stormy","Jam ",1,"N",5
46,"Meal ",22,2,4.1,"electric_scooter",0,"No","Urban","Sandstorms","Jam ",2,"N",10
16,"Snack ",32,21,4.5,"motorcycle",1,"No","Metropolitan","Windy","Low ",1,"N",5
52,"Drinks ",30,9,4.5,"electric_scooter",0,"No","Metropolitan","Fog","Jam ",0,"N",10
25,"Drinks ",31,13,5,"motorcycle",2,"No","Metropolitan","Stormy","Low ",0,"N",5
32,"Snack ",38,13,4.2,"motorcycle",0,"No","Metropolitan","Stormy","Medium",1,"N",10
35,"Snack ",33,13,4.4,"scooter",2,"No","Semi-Urban","Fog","Low ",1,"N",20
25,"Snack ",37,19,4.7,"scooter",1,"No","Semi-Urban","Sunny","Low ",0,"Y",5
26,"Meal ",24,21,4.6,"scooter",2,"No","Metropolitan","Fog","Low ",1,"N",10
24,"Snack ",20,23,4.3,"scooter",0,"No","Metropolitan","Stormy","Low ",1,"N",5
21,"Drinks ",27,15,4.7,"scooter",1,"No","Metropolitan","Sandstorms","Medium",1,"N",10
18,"Buffet ",23,18,4.9,"motorcycle",1,"No","Metropolitan","Stormy","Low ",0,"N",15
18,"Meal ",33,18,4.8,"electric_scooter",0,"No","Metropolitan","Cloudy","Low ",1,"N",5
19,"Meal ",23,19,4.8,"scooter",2,"No","Urban","Stormy","Jam",0,"N",5
26,"Drinks ",35,3,4.6,"scooter",1,"No","Metropolitan","Windy","Jam ",0,"N",10
22,"Buffet ",33,18,4.8,"electric_scooter",1,"No","Urban","Cloudy","High",1,"Y",5
45,"Drinks ",36,15,4.9,"electric_scooter",0,"No","Metropolitan","Sandstorms","Jam ",0,"N",5
23,"Snack ",30,18,4.6,"scooter",1,"No","Semi-Urban","Stormy","Medium",1,"N",5
19,"Snack ",34,17,4.8,"scooter",0,"No","Urban","Cloudy","Low",1,"N",5
35,"Meal ",20,2,4.2,"motorcycle",0,"No","Metropolitan","Windy","Jam ",1,"N",10
19,"Meal ",27,16,4.6,"motorcycle",0,"No","Urban","Sunny","Low ",0,"N",15
18,"Drinks ",24,3,4.5,"scooter",1,"No","Metropolitan","Sandstorms","Low ",1,"N",15
33,"Snack ",27,1,4,"electric_scooter",2,"No","Urban","Sandstorms","Jam",0,"N",10
18,"Snack ",27,19,5,"electric_scooter",2,"No","Metropolitan","Stormy","Jam ",0,"N",5
33,"Drinks ",24,4,5,"scooter",0,"No","Semi-Urban","Stormy","Jam ",1,"Y",5
23,"Meal ",33,23,5,"motorcycle",2,"No","Metropolitan","Stormy","Medium",0,"N",10
25,"Buffet ",22,9,4.5,"scooter",2,"No","Metropolitan","Fog","Medium",1,"N",15
30,"Buffet ",36,19,4.9,"motorcycle",2,"No","Metropolitan","Stormy","Medium",1,"Y",10
19,"Drinks ",20,22,4.7,"scooter",1,"No","Urban","Sandstorms","Low",1,"Y",15
10,"Drinks ",36,7,4.9,"scooter",2,"No","Metropolitan","Sunny","High ",0,"N",10
18,"Buffet ",28,7,4.8,"electric_scooter",2,"No","Urban","Fog","Medium",1,"N",10
26,"Meal ",30,14,4.1,"motorcycle",0,"No","Semi-Urban","Stormy","Low ",1,"Y",15
36,"Drinks ",36,19,4.9,"motorcycle",0,"No","Semi-Urban","Sunny","Medium",1,"Y",15
27,"Buffet ",25,4,4.9,"motorcycle",0,"No","Metropolitan","Stormy","Jam ",1,"N",15
19,"Snack ",30,15,4.8,"motorcycle",1,"No","Semi-Urban","Sunny","Low ",1,"N",10
45,"Snack ",30,7,4.7,"motorcycle",0,"Yes","Semi-Urban","Fog","Jam ",1,"N",5
30,"Meal ",36,15,4.7,"motorcycle",2,"No","Metropolitan","Stormy","High ",1,"N",10
31,"Drinks ",24,8,4,"scooter",0,"No","Metropolitan","Sunny","Medium",1,"N",15
21,"Snack ",36,9,4.6,"motorcycle",0,"No","Semi-Urban","Fog","Low ",1,"N",10
16,"Buffet ",29,14,4.8,"electric_scooter",1,"No","Metropolitan","Stormy","Low ",1,"Y",10
40,"Buffet ",27,4,3.8,"electric_scooter",1,"No","Metropolitan","Sandstorms","Jam ",0,"N",15
13,"Buffet ",28,9,5,"motorcycle",1,"No","Metropolitan","Cloudy","Medium",1,"N",10
36,"Drinks ",22,3,4,"scooter",1,"No","Metropolitan","Cloudy","Jam ",1,"N",15
15,"Snack ",33,23,4.3,"electric_scooter",0,"No","Metropolitan","Windy","Low ",0,"N",5
43,"Drinks ",33,7,4.3,"motorcycle",0,"No","Metropolitan","Sunny","Jam ",2,"N",5
26,"Buffet ",23,22,4.6,"electric_scooter",2,"No","Metropolitan","Fog","Medium",1,"N",5
29,"Meal ",32,6,4.7,"electric_scooter",2,"No","Urban","Windy","Medium",0,"N",5
22,"Snack ",39,22,4.9,"electric_scooter",1,"No","Metropolitan","Sandstorms","High ",1,"N",5
23,"Meal ",36,6,5,"motorcycle",0,"No","Metropolitan","Fog","High ",1,"N",10
19,"Drinks ",22,6,4.6,"motorcycle",2,"No","Metropolitan","Sandstorms","Low ",1,"N",10
21,"Buffet ",20,9,4.8,"motorcycle",0,"No","Metropolitan","Cloudy","Low ",1,"N",5
27,"Buffet ",25,10,4.1,"motorcycle",0,"No","Metropolitan","Sandstorms","Low ",1,"N",15
35,"Drinks ",24,1,4.1,"motorcycle",2,"No","Metropolitan","Cloudy","Jam ",1,"N",15
35,"Buffet ",36,5,4.7,"electric_scooter",0,"No","Metropolitan","Fog","Medium",1,"Y",5
23,"Meal ",33,21,4.6,"motorcycle",0,"No","Metropolitan","Sunny","Low ",1,"N",20
29,"Drinks ",26,9,4.5,"motorcycle",1,"No","Metropolitan","Fog","High ",1,"Y",15
25,"Meal ",29,15,5,"scooter",1,"No","Urban","Sandstorms","Jam",0,"N",15
27,"Snack ",22,19,4.7,"motorcycle",0,"No","Metropolitan","Stormy","Low ",1,"N",10
23,"Buffet ",23,22,4.8,"motorcycle",0,"No","Urban","Stormy","Low",1,"N",10
15,"Meal ",23,7,4.8,"motorcycle",1,"No","Semi-Urban","Sunny","Low ",0,"N",10
21,"Buffet ",32,14,4.7,"electric_scooter",1,"No","Metropolitan","Stormy","Low ",1,"N",10
20,"Buffet ",25,18,4.3,"scooter",0,"No","Metropolitan","Sandstorms","Low ",1,"N",10
23,"Snack ",26,5,4.5,"motorcycle",0,"No","Metropolitan","Sandstorms","Low ",1,"N",5
27,"Buffet ",22,19,5,"motorcycle",1,"No","Metropolitan","Fog","High ",1,"N",10
25,"Meal ",37,3,4.6,"motorcycle",0,"No","Metropolitan","Stormy","Medium",1,"N",15
36,"Drinks ",20,12,4.3,"motorcycle",1,"No","Metropolitan","Stormy","Jam ",1,"Y",10
16,"Meal ",37,9,4.7,"scooter",1,"No","Urban","Fog","Low ",0,"N",15
28,"Snack ",30,22,4.6,"motorcycle",0,"No","Metropolitan","Sunny","Jam ",0,"N",15
28,"Drinks ",25,15,4.6,"scooter",1,"No","Semi-Urban","Fog","High ",1,"Y",5
29,"Snack ",26,9,4.6,"motorcycle",0,"No","Metropolitan","Fog","Medium",1,"N",10
34,"Drinks ",34,18,5,"motorcycle",0,"No","Semi-Urban","Sunny","Jam ",0,"Y",5
12,"Meal ",25,23,4.6,"motorcycle",1,"No","Semi-Urban","Sandstorms","Low",0,"N",5
24,"Buffet ",33,9,4.6,"motorcycle",0,"No","Metropolitan","Fog","Low ",0,"Y",30
26,"Snack ",30,9,5,"motorcycle",1,"No","Metropolitan","Sandstorms","Jam ",1,"N",5
29,"Meal ",28,19,4.9,"motorcycle",0,"No","Urban","Cloudy","Medium",1,"N",5
10,"Snack ",35,1,4.9,"motorcycle",0,"No","Urban","Sunny","Low",0,"N",15
11,"Snack ",35,19,4.9,"scooter",1,"No","Urban","Stormy","Medium",0,"Y",10
24,"Buffet ",22,22,5,"motorcycle",1,"No","Metropolitan","Sandstorms","Jam ",0,"Y",15
15,"Drinks ",32,16,4.6,"electric_scooter",2,"No","Urban","Windy","Low ",0,"N",10
24,"Drinks ",31,21,4.5,"scooter",2,"No","Metropolitan","Windy","Medium",1,"N",15
19,"Snack ",28,6,4.9,"motorcycle",2,"No","Semi-Urban","Sunny","Low ",0,"N",5
42,"Drinks ",32,7,4.6,"motorcycle",0,"Yes","Urban","Stormy","Jam ",0,"N",5
26,"Snack ",31,7,4.6,"electric_scooter",1,"No","Urban","Fog","High ",1,"Y",5
14,"Drinks ",36,6,4.8,"scooter",2,"No","Metropolitan","Fog","Low ",0,"N",5
19,"Snack ",26,21,4.7,"electric_scooter",1,"No","Metropolitan","Cloudy","Low ",0,"N",15
43,"Drinks ",22,13,4.4,"motorcycle",1,"No","Urban","Windy","Jam ",0,"N",15
30,"Snack ",36,13,4.9,"scooter",2,"No","Metropolitan","Windy","Medium",0,"N",15
28,"Snack ",29,18,4.8,"scooter",2,"No","Metropolitan","Stormy","Medium",0,"N",5
25,"Meal ",24,6,4.9,"motorcycle",0,"No","Metropolitan","Fog","High ",1,"N",10
32,"Meal ",23,13,4.7,"motorcycle",2,"No","Urban","Fog","Jam ",1,"N",10
29,"Meal ",25,15,4.6,"scooter",1,"No","Semi-Urban","Windy","Jam",1,"N",5
28,"Meal ",30,19,5,"motorcycle",0,"No","Urban","Stormy","Low",1,"N",15
39,"Drinks ",37,17,4.9,"motorcycle",0,"No","Metropolitan","Stormy","Jam ",1,"Y",10
22,"Snack ",30,13,4.8,"scooter",1,"No","Metropolitan","Sunny","Low ",0,"N",5
27,"Drinks ",31,18,4.6,"scooter",1,"No","Metropolitan","Sandstorms","Medium",1,"Y",5
22,"Snack ",37,23,4.7,"motorcycle",1,"No","Metropolitan","Sandstorms","Medium",1,"Y",10
32,"Meal ",24,5,4.4,"scooter",1,"No","Metropolitan","Windy","Medium",1,"N",10
33,"Snack ",23,3,3.9,"scooter",2,"No","Urban","Stormy","Medium",0,"Y",10
27,"Buffet ",21,23,4.7,"scooter",1,"No","Urban","Cloudy","Low",1,"N",15
38,"Meal ",26,7,4.1,"scooter",2,"No","Metropolitan","Stormy","Medium",2,"N",10
18,"Buffet ",39,22,4.8,"motorcycle",1,"No","Metropolitan","Sunny","Medium",1,"Y",10
29,"Buffet ",20,9,4.5,"motorcycle",0,"No","Metropolitan","Sunny","Low ",1,"N",15
29,"Snack ",36,21,4.7,"motorcycle",1,"No","Urban","Windy","Jam ",1,"N",15
20,"Buffet ",31,3,4.9,"scooter",1,"No","Metropolitan","Sunny","High ",0,"N",15
16,"Meal ",21,2,4.5,"electric_scooter",2,"No","Semi-Urban","Fog","Medium",0,"N",10
15,"Buffet ",29,16,4.5,"motorcycle",0,"No","Semi-Urban","Cloudy","Low ",1,"N",10
27,"Buffet ",26,22,4.8,"motorcycle",0,"No","Metropolitan","Cloudy","Low ",1,"N",5
28,"Buffet ",35,17,4.4,"motorcycle",0,"No","Urban","Stormy","Low",1,"N",5
44,"Drinks ",37,11,4.4,"electric_scooter",0,"No","Metropolitan","Windy","Jam ",1,"N",10
42,"Buffet ",32,13,4.9,"electric_scooter",0,"No","Urban","Windy","High ",3,"N",5
29,"Meal ",23,15,4.7,"motorcycle",0,"No","Metropolitan","Fog","Jam ",1,"N",10
11,"Snack ",39,22,4.7,"motorcycle",1,"No","Semi-Urban","Stormy","Medium",0,"Y",5
32,"Snack ",22,8,4.4,"motorcycle",0,"No","Metropolitan","Windy","Medium",1,"N",5
42,"Meal ",31,6,4.3,"motorcycle",0,"No","Urban","Sandstorms","Jam ",1,"N",15
15,"Snack ",34,3,5,"scooter",2,"No","Semi-Urban","Sunny","Jam ",1,"N",15
10,"Drinks ",38,19,4.8,"scooter",2,"No","Metropolitan","Windy","Low ",0,"Y",15
10,"Snack ",28,23,4.7,"scooter",1,"No","Urban","Windy","High",0,"N",5
22,"Snack ",26,17,4.9,"scooter",2,"No","Metropolitan","Sunny","Medium",0,"N",5
27,"Drinks ",26,23,4.5,"scooter",2,"No","Metropolitan","Fog","Low ",1,"N",5
34,"Snack ",24,4,4,"motorcycle",2,"No","Metropolitan","Stormy","Medium",1,"N",10
36,"Snack ",36,2,4,"scooter",1,"No","Urban","Fog","Medium",1,"Y",15
21,"Snack ",26,13,4.5,"scooter",1,"No","Metropolitan","Sandstorms","Jam ",1,"N",15
27,"Meal ",39,17,4.6,"electric_scooter",1,"No","Metropolitan","Fog","Jam ",1,"N",5
43,"Meal ",39,1,4.7,"electric_scooter",0,"No","Metropolitan","Cloudy","Medium",1,"N",10
18,"Snack ",39,14,4.9,"motorcycle",2,"No","Metropolitan","Sandstorms","Low ",1,"N",10
24,"Meal ",21,9,4.7,"scooter",2,"No","Metropolitan","Stormy","Low ",0,"Y",5
22,"Buffet ",35,2,5,"electric_scooter",2,"No","Metropolitan","Cloudy","High ",0,"N",10
36,"Snack ",23,13,4.5,"electric_scooter",2,"No","Metropolitan","Stormy","Jam ",0,"Y",15
20,"Drinks ",26,13,4.6,"motorcycle",0,"No","Metropolitan","Stormy","High ",1,"N",5
17,"Buffet ",36,17,4.5,"scooter",1,"No","Metropolitan","Sandstorms","Jam ",0,"N",15
28,"Meal ",24,21,4.7,"scooter",1,"No","Metropolitan","Fog","High ",1,"N",15
17,"Drinks ",25,19,4.5,"scooter",1,"No","Urban","Stormy","Low",1,"N",10
23,"Meal ",22,22,4.7,"electric_scooter",0,"No","Semi-Urban","Stormy","Low ",0,"N",10
49,"Drinks ",31,5,3.9,"motorcycle",0,"No","Metropolitan","Sunny","Jam ",2,"Y",5
29,"Drinks ",32,22,5,"scooter",1,"No","Semi-Urban","Sandstorms","Jam",1,"N",5
20,"Drinks ",31,19,4.6,"electric_scooter",1,"No","Urban","Sandstorms","Medium",0,"N",15
24,"Drinks ",20,15,4.8,"scooter",2,"No","Metropolitan","Sunny","Jam ",1,"N",15
38,"Meal ",38,9,3.5,"scooter",1,"No","Metropolitan","Sunny","Low ",1,"N",5
29,"Meal ",23,8,4.5,"motorcycle",2,"No","Metropolitan","Fog","Jam ",1,"N",15
12,"Snack ",39,3,4.7,"motorcycle",1,"No","Metropolitan","Sandstorms","Low ",0,"N",10
35,"Buffet ",36,9,3.8,"scooter",2,"No","Urban","Stormy","Jam ",1,"Y",10
19,"Drinks ",37,14,4.8,"electric_scooter",2,"No","Metropolitan","Stormy","Medium",1,"N",15
39,"Buffet ",24,8,4.2,"motorcycle",2,"No","Metropolitan","Cloudy","Low ",2,"N",15
34,"Meal ",38,4,4.6,"motorcycle",1,"No","Metropolitan","Fog","Jam ",0,"Y",10
33,"Buffet ",24,7,4.1,"scooter",1,"No","Metropolitan","Stormy","High ",1,"N",10
28,"Buffet ",21,9,4.8,"motorcycle",1,"No","Urban","Cloudy","High ",1,"N",10
30,"Snack ",22,12,4.7,"motorcycle",0,"No","Metropolitan","Cloudy","Jam ",0,"N",10
19,"Snack ",25,22,4.6,"scooter",2,"No","Urban","Cloudy","Medium",0,"Y",10
18,"Snack ",22,22,4.8,"scooter",2,"No","Metropolitan","Windy","Low ",0,"Y",10
22,"Buffet ",22,12,4.6,"motorcycle",1,"No","Metropolitan","Stormy","Medium",0,"N",10
49,"Meal ",25,2,4.3,"motorcycle",0,"No","Urban","Sandstorms","Jam ",1,"Y",15
26,"Buffet ",33,23,5,"motorcycle",0,"No","Metropolitan","Sandstorms","Low ",0,"N",5
25,"Snack ",29,21,4.9,"scooter",1,"No","Metropolitan","Cloudy","High ",0,"N",5
26,"Buffet ",22,23,5,"motorcycle",0,"No","Urban","Windy","Jam",1,"N",5
29,"Buffet ",28,3,5,"motorcycle",1,"No","Metropolitan","Cloudy","Low ",1,"N",15
22,"Meal ",38,13,4,"motorcycle",0,"No","Urban","Stormy","Low ",1,"N",15
21,"Meal ",27,14,4.1,"motorcycle",0,"No","Metropolitan","Windy","Low ",1,"N",15
15,"Meal ",26,17,4.6,"electric_scooter",2,"No","Urban","Stormy","Low",0,"N",15
16,"Snack ",24,3,4.8,"motorcycle",1,"No","Metropolitan","Cloudy","Medium",1,"N",5
26,"Drinks ",20,23,4.9,"motorcycle",2,"No","Metropolitan","Sandstorms","Low ",1,"N",5
26,"Buffet ",29,21,4.5,"motorcycle",0,"No","Semi-Urban","Stormy","Medium",0,"Y",15
28,"Buffet ",24,2,4.8,"scooter",1,"No","Metropolitan","Stormy","Low ",1,"N",5
26,"Meal ",32,8,4.8,"motorcycle",1,"No","Urban","Fog","Low ",0,"N",5
28,"Snack ",31,21,4.7,"scooter",0,"No","Metropolitan","Windy","Low",1,"Y",5
28,"Drinks ",23,21,4.8,"scooter",0,"No","Urban","Sunny","Low",1,"N",5
29,"Snack ",33,7,4.5,"motorcycle",0,"No","Semi-Urban","Windy","Jam ",1,"Y",10
39,"Snack ",20,5,4,"scooter",2,"No","Semi-Urban","Cloudy","Jam ",0,"Y",10
33,"Snack ",34,19,4.9,"motorcycle",2,"No","Metropolitan","Windy","Jam ",1,"N",10
42,"Drinks ",20,3,5,"scooter",2,"No","Metropolitan","Cloudy","Jam ",2,"N",5
41,"Snack ",37,3,4.4,"motorcycle",0,"No","Urban","Fog","Low",1,"N",15
27,"Buffet ",25,15,4.7,"motorcycle",0,"No","Metropolitan","Cloudy","Medium",1,"Y",15
27,"Drinks ",35,23,5,"motorcycle",2,"No","Urban","Stormy","Low",0,"N",5
18,"Drinks ",36,9,4.7,"electric_scooter",1,"No","Metropolitan","Cloudy","Low ",1,"N",5
20,"Snack ",21,12,4.7,"scooter",2,"No","Metropolitan","Sunny","Low ",1,"N",20
26,"Buffet ",22,23,4.7,"scooter",2,"No","Urban","Stormy","Medium",1,"N",15
43,"Buffet ",21,13,4.1,"motorcycle",0,"No","Urban","Stormy","Medium",1,"N",15
32,"Snack ",22,8,4.4,"motorcycle",0,"No","Metropolitan","Windy","Medium",1,"N",5
12,"Drinks ",33,18,4.8,"electric_scooter",1,"No","Semi-Urban","Sandstorms","Low ",0,"N",15
29,"Buffet ",38,22,4.7,"motorcycle",0,"No","Urban","Stormy","Jam",1,"N",15
19,"Buffet ",29,3,4.4,"motorcycle",0,"No","Urban","Sandstorms","Low",0,"N",10
26,"Buffet ",38,22,4.5,"scooter",1,"No","Metropolitan","Stormy","Medium",1,"Y",15
25,"Buffet ",30,22,4.9,"motorcycle",0,"No","Metropolitan","Stormy","Jam ",0,"N",15
42,"Buffet ",38,13,4.9,"electric_scooter",0,"Yes","Metropolitan","Fog","Jam ",1,"N",5
39,"Drinks ",34,2,4,"motorcycle",0,"No","Metropolitan","Sandstorms","Medium",1,"N",10
26,"Meal ",39,17,4.5,"motorcycle",1,"No","Metropolitan","Sandstorms","Medium",1,"N",15
32,"Snack ",23,3,4.4,"scooter",1,"No","Semi-Urban","Cloudy","Medium",0,"N",15
24,"Meal ",20,13,4.9,"scooter",1,"No","Metropolitan","Sandstorms","High ",1,"N",10
26,"Drinks ",26,12,4.8,"scooter",2,"No","Urban","Fog","Jam ",1,"N",5
26,"Buffet ",24,3,4.5,"scooter",2,"No","Semi-Urban","Stormy","Low ",0,"N",5
19,"Drinks ",39,18,4.7,"motorcycle",1,"No","Metropolitan","Sandstorms","High ",0,"Y",10
27,"Meal ",26,19,4.9,"electric_scooter",2,"No","Metropolitan","Stormy","Low",1,"N",15
17,"Meal ",32,9,5,"electric_scooter",1,"No","Metropolitan","Sandstorms","Low ",0,"Y",15
14,"Drinks ",37,19,4.8,"scooter",2,"No","Urban","Fog","Low",0,"Y",15
38,"Buffet ",32,4,4.4,"electric_scooter",2,"No","Metropolitan","Stormy","Medium",2,"Y",10
25,"Drinks ",32,12,4.4,"electric_scooter",0,"No","Metropolitan","Sandstorms","Low ",0,"N",10
20,"Meal ",39,23,4.7,"motorcycle",0,"No","Urban","Sunny","Jam",1,"N",10
17,"Buffet ",24,4,4.6,"electric_scooter",2,"No","Metropolitan","Windy","Low ",0,"Y",10
17,"Drinks ",28,15,4.8,"electric_scooter",2,"No","Urban","Cloudy","Medium",1,"N",10
33,"Drinks ",32,13,4.1,"electric_scooter",0,"No","Metropolitan","Cloudy","High ",1,"N",5
24,"Snack ",34,15,4.7,"motorcycle",1,"No","Urban","Stormy","Jam",0,"N",15
36,"Meal ",37,4,4,"motorcycle",0,"No","Metropolitan","Windy","Jam",1,"Y",15
44,"Buffet ",36,22,4.9,"scooter",1,"No","Metropolitan","Fog","Jam ",0,"Y",5
43,"Meal ",26,22,4.9,"motorcycle",0,"No","Metropolitan","Stormy","Medium",1,"N",5
17,"Snack ",26,14,4.8,"motorcycle",0,"No","Semi-Urban","Windy","Low ",0,"N",15
22,"Snack ",25,17,4.7,"scooter",1,"No","Urban","Sandstorms","High",1,"N",10
24,"Snack ",36,14,4.9,"scooter",2,"No","Metropolitan","Windy","Medium",1,"N",10
16,"Drinks ",21,23,4.8,"motorcycle",0,"No","Metropolitan","Windy","High",1,"N",10
35,"Snack ",35,2,4.6,"motorcycle",2,"No","Urban","Fog","Medium",2,"N",5
21,"Drinks ",33,6,4.6,"motorcycle",2,"No","Metropolitan","Stormy","Jam",1,"N",5
22,"Snack ",37,22,4.7,"motorcycle",2,"No","Urban","Stormy","Medium",1,"N",10
25,"Snack ",21,23,5,"motorcycle",2,"No","Metropolitan","Stormy","Low ",1,"Y",5
34,"Buffet ",23,3,3.6,"motorcycle",2,"No","Urban","Windy","Jam",0,"N",15
15,"Drinks ",36,16,4.8,"scooter",1,"No","Metropolitan","Fog","Low ",1,"N",5
11,"Drinks ",24,23,4.6,"scooter",2,"No","Urban","Fog","Low ",0,"N",10
18,"Drinks ",29,15,4.9,"electric_scooter",1,"No","Urban","Sandstorms","Low",1,"Y",10
23,"Drinks ",23,23,4.9,"motorcycle",0,"No","Metropolitan","Windy","Jam ",1,"Y",5
25,"Buffet ",20,13,4.8,"motorcycle",1,"No","Metropolitan","Windy","Jam ",1,"N",10
24,"Meal ",31,22,4.7,"electric_scooter",2,"No","Urban","Sunny","Jam ",1,"Y",10
33,"Snack ",21,22,4.4,"scooter",2,"No","Urban","Fog","Jam ",1,"N",15
19,"Drinks ",39,19,4.5,"motorcycle",0,"No","Metropolitan","Stormy","Low ",1,"N",25
24,"Meal ",25,21,4.8,"scooter",0,"No","Urban","Sunny","Low",1,"Y",5
25,"Snack ",32,13,4.9,"motorcycle",0,"No","Metropolitan","Windy","Jam ",1,"Y",15
35,"Meal ",21,22,4.7,"electric_scooter",2,"No","Metropolitan","Fog","Jam ",1,"N",10
24,"Snack ",29,13,4.9,"electric_scooter",2,"No","Urban","Stormy","Medium",1,"Y",5
10,"Buffet ",24,1,4.5,"motorcycle",0,"No","Urban","Sandstorms","Medium",0,"N",5
28,"Drinks ",22,16,4.8,"scooter",1,"No","Metropolitan","Fog","Low ",0,"Y",5
29,"Buffet ",34,23,4.4,"motorcycle",0,"No","Metropolitan","Stormy","Low ",1,"N",15
44,"Drinks ",33,16,4.9,"motorcycle",1,"Yes","Metropolitan","Cloudy","Medium",1,"Y",10
13,"Buffet ",23,18,4.5,"motorcycle",2,"No","Semi-Urban","Stormy","Low ",0,"Y",5
36,"Drinks ",20,8,2.5,"electric_scooter",2,"No","Metropolitan","Sunny","Low ",1,"Y",10
23,"Buffet ",23,23,5,"motorcycle",1,"No","Metropolitan","Fog","Low ",1,"N",15
21,"Buffet ",21,2,4.1,"motorcycle",0,"No","Urban","Sandstorms","Low",1,"Y",5
27,"Drinks ",26,9,4.9,"electric_scooter",1,"No","Metropolitan","Windy","Medium",0,"N",10
29,"Snack ",22,7,4.2,"motorcycle",0,"No","Metropolitan","Sandstorms","Low ",1,"N",10
26,"Buffet ",32,13,4.9,"electric_scooter",1,"No","Metropolitan","Windy","Jam ",0,"N",10
25,"Meal ",25,3,4.7,"motorcycle",0,"No","Urban","Windy","Medium",1,"N",15
40,"Snack ",36,19,4.7,"electric_scooter",0,"No","Semi-Urban","Cloudy","Jam ",0,"N",15
32,"Snack ",23,15,4.9,"scooter",2,"No","Metropolitan","Sandstorms","Jam ",1,"N",5
12,"Drinks ",25,22,4.8,"motorcycle",0,"No","Metropolitan","Windy","Medium",0,"N",5
35,"Meal ",35,23,4.6,"electric_scooter",1,"No","Metropolitan","Sunny","Medium",0,"N",10
19,"Meal ",31,15,4.7,"scooter",1,"No","Metropolitan","Sunny","High ",1,"N",10
43,"Snack ",32,13,4.6,"motorcycle",1,"No","Metropolitan","Fog","Medium",1,"N",5
29,"Meal ",33,2,4.8,"electric_scooter",2,"No","Urban","Windy","Medium",1,"N",15
22,"Snack ",25,4,4.9,"motorcycle",2,"No","Metropolitan","Stormy","Medium",0,"Y",10
16,"Snack ",24,12,5,"electric_scooter",0,"No","Metropolitan","Sunny","Low ",0,"N",10
17,"Buffet ",24,19,4.9,"scooter",1,"No","Metropolitan","Sunny","Jam ",1,"Y",10
37,"Snack ",28,1,4.4,"electric_scooter",2,"No","Urban","Sandstorms","Jam ",1,"N",10
40,"Meal ",34,2,4.2,"motorcycle",0,"No","Urban","Fog","Low ",1,"N",10
35,"Meal ",21,3,4.4,"electric_scooter",1,"No","Semi-Urban","Fog","Low",1,"N",10
17,"Meal ",23,21,4.6,"scooter",1,"No","Urban","Fog","Medium",0,"N",15
31,"Drinks ",23,13,4.3,"motorcycle",0,"No","Semi-Urban","Windy","Medium",1,"N",5
24,"Meal ",22,23,4.6,"scooter",0,"No","Urban","Stormy","Low",1,"Y",15
22,"Snack ",34,7,4.9,"motorcycle",2,"No","Metropolitan","Windy","Jam ",1,"N",10
23,"Drinks ",27,15,4.8,"motorcycle",2,"No","Semi-Urban","Sandstorms","Jam ",1,"Y",15
44,"Snack ",28,23,4.7,"motorcycle",0,"No","Metropolitan","Cloudy","Jam ",0,"N",5
21,"Meal ",32,16,4.6,"motorcycle",2,"No","Urban","Stormy","Low",0,"Y",15
14,"Drinks ",22,4,4.6,"scooter",2,"No","Urban","Sunny","High ",1,"N",5
38,"Buffet ",33,7,4.4,"scooter",2,"No","Semi-Urban","Cloudy","Medium",2,"N",15
35,"Meal ",21,7,4.4,"motorcycle",0,"No","Semi-Urban","Windy","Jam ",1,"N",10
32,"Snack ",20,6,3.9,"electric_scooter",2,"No","Metropolitan","Stormy","Jam ",0,"N",5
14,"Drinks ",21,22,4.6,"motorcycle",2,"No","Urban","Sandstorms","Low",0,"N",15
31,"Meal ",26,3,4.8,"motorcycle",0,"No","Metropolitan","Fog","Medium",1,"N",15
31,"Drinks ",20,21,4.9,"scooter",1,"No","Metropolitan","Sandstorms","High ",1,"Y",5
18,"Meal ",38,15,4.7,"electric_scooter",2,"No","Urban","Sunny","High",1,"Y",10
24,"Drinks ",27,15,4.8,"scooter",0,"No","Metropolitan","Cloudy","Low ",1,"N",5
44,"Drinks ",27,2,4.6,"motorcycle",0,"No","Metropolitan","Windy","High ",1,"Y",5
23,"Drinks ",35,22,4.8,"scooter",1,"No","Metropolitan","Cloudy","High ",1,"N",15
24,"Drinks ",23,21,5,"motorcycle",0,"No","Metropolitan","Fog","High ",0,"Y",5
35,"Buffet ",39,3,3.9,"electric_scooter",1,"No","Metropolitan","Stormy","Jam ",0,"N",5
31,"Drinks ",25,3,4.2,"motorcycle",0,"No","Urban","Stormy","Medium",1,"N",5
47,"Snack ",28,8,4.7,"motorcycle",2,"Yes","Metropolitan","Cloudy","Jam ",3,"N",10
42,"Meal ",37,21,4.6,"motorcycle",0,"No","Metropolitan","Sandstorms","High ",1,"Y",5
29,"Buffet ",39,12,4.5,"motorcycle",2,"No","Semi-Urban","Sandstorms","Jam ",1,"N",5
29,"Buffet ",23,3,4.9,"motorcycle",2,"No","Urban","Fog","High ",0,"N",5
24,"Meal ",21,16,4.7,"scooter",2,"No","Urban","Cloudy","High",0,"N",10
23,"Drinks ",36,16,4.8,"motorcycle",1,"No","Metropolitan","Stormy","Medium",1,"N",10
31,"Drinks ",32,8,5,"electric_scooter",0,"No","Metropolitan","Sandstorms","Medium",1,"N",10
29,"Buffet ",36,11,4.1,"scooter",0,"No","Metropolitan","Stormy","Low ",1,"N",10
53,"Meal ",33,5,3.6,"motorcycle",0,"No","Metropolitan","Sunny","Jam ",1,"N",10
23,"Snack ",38,5,4.5,"motorcycle",0,"No","Metropolitan","Stormy","Low ",0,"N",15
27,"Snack ",21,17,4.7,"electric_scooter",1,"No","Semi-Urban","Sunny","Low",1,"N",10
49,"Meal ",24,4,4.2,"motorcycle",1,"No","Urban","Fog","Jam ",2,"N",5
29,"Meal ",26,13,5,"motorcycle",0,"No","Metropolitan","Windy","Medium",1,"N",10
10,"Drinks ",34,18,4.8,"scooter",2,"No","Semi-Urban","Cloudy","Low ",0,"N",10
36,"Meal ",38,11,4.4,"scooter",2,"No","Metropolitan","Cloudy","Jam ",2,"N",5
25,"Snack ",39,17,4.6,"scooter",1,"No","Metropolitan","Windy","High ",1,"N",10
17,"Meal ",27,17,4.8,"motorcycle",1,"No","Semi-Urban","Fog","Low",0,"N",15
33,"Snack ",26,3,4.7,"motorcycle",1,"No","Semi-Urban","Fog","High ",1,"Y",5
26,"Snack ",22,18,4.6,"scooter",1,"No","Urban","Windy","Medium",0,"N",5
26,"Buffet ",20,12,4.9,"motorcycle",0,"No","Metropolitan","Fog","Jam ",1,"N",10
26,"Buffet ",26,15,4.6,"electric_scooter",2,"No","Urban","Sunny","Jam ",0,"N",5
20,"Drinks ",32,16,4.8,"motorcycle",0,"No","Semi-Urban","Windy","Low ",1,"N",5
19,"Snack ",38,16,4.6,"scooter",0,"No","Metropolitan","Stormy","High ",1,"N",10
38,"Meal ",27,19,4.6,"motorcycle",0,"No","Metropolitan","Stormy","Jam ",1,"N",15
29,"Meal ",20,3,4.5,"motorcycle",0,"No","Urban","Stormy","High",1,"N",5
15,"Buffet ",34,19,4.6,"scooter",1,"No","Semi-Urban","Cloudy","Low ",0,"N",5
10,"Drinks ",23,18,4.8,"motorcycle",2,"No","Metropolitan","Sunny","Low",0,"Y",5
19,"Buffet ",27,6,4.5,"scooter",2,"No","Urban","Cloudy","Low",1,"Y",15
25,"Drinks ",30,6,4.8,"motorcycle",0,"No","Urban","Fog","Low ",1,"N",5
20,"Drinks ",36,23,4.9,"motorcycle",2,"No","Metropolitan","Stormy","Low ",1,"N",5
29,"Snack ",37,23,5,"electric_scooter",1,"No","Urban","Cloudy","Medium",1,"Y",10
14,"Drinks ",37,19,4.8,"scooter",2,"No","Urban","Fog","Low",0,"Y",15
18,"Meal ",39,15,4.6,"motorcycle",0,"No","Metropolitan","Cloudy","Low ",1,"N",5
24,"Meal ",28,19,4.9,"motorcycle",0,"No","Urban","Stormy","Medium",1,"Y",5
25,"Snack ",31,13,4.8,"motorcycle",1,"No","Metropolitan","Sandstorms","Medium",1,"N",15
30,"Buffet ",26,22,4.9,"scooter",1,"No","Urban","Cloudy","Jam",0,"N",10
22,"Snack ",33,13,4.9,"motorcycle",1,"No","Metropolitan","Stormy","Low ",1,"N",15
22,"Buffet ",24,15,4.5,"motorcycle",0,"No","Metropolitan","Sunny","Medium",0,"Y",15
15,"Buffet ",21,15,4.8,"motorcycle",1,"No","Semi-Urban","Sunny","Medium",0,"N",10
24,"Drinks ",29,9,4.7,"motorcycle",1,"No","Metropolitan","Sunny","Low ",1,"N",15
15,"Meal ",25,19,4.6,"scooter",0,"No","Metropolitan","Cloudy","Low ",1,"N",15
27,"Drinks ",24,23,4.3,"motorcycle",0,"No","Metropolitan","Windy","Low ",1,"N",5
25,"Drinks ",33,23,4.6,"motorcycle",0,"No","Urban","Stormy","Medium",1,"N",5
25,"Snack ",35,23,4.5,"scooter",2,"No","Metropolitan","Windy","Medium",1,"N",10
12,"Buffet ",25,16,4.6,"motorcycle",2,"No","Metropolitan","Sandstorms","Low",0,"N",5
27,"Buffet ",26,16,4.8,"motorcycle",2,"No","Metropolitan","Windy","Medium",1,"Y",5
29,"Buffet ",32,23,5,"scooter",2,"No","Metropolitan","Stormy","Jam ",1,"N",5
34,"Buffet ",29,8,3.9,"motorcycle",1,"No","Semi-Urban","Sandstorms","Jam ",2,"N",10
18,"Snack ",20,15,4.7,"electric_scooter",1,"No","Metropolitan","Fog","Medium",0,"Y",5
27,"Buffet ",20,22,4.6,"electric_scooter",1,"No","Metropolitan","Stormy","Low",1,"N",5
32,"Drinks ",28,11,5,"scooter",0,"No","Urban","Windy","Medium",1,"N",10
26,"Buffet ",23,19,5,"motorcycle",0,"No","Metropolitan","Sunny","High ",1,"N",10
33,"Drinks ",33,17,3.6,"motorcycle",1,"No","Urban","Windy","Jam ",1,"N",5
25,"Meal ",34,12,4.8,"scooter",2,"No","Metropolitan","Sandstorms","Jam ",1,"Y",10
16,"Buffet ",21,9,4.7,"electric_scooter",1,"No","Metropolitan","Sunny","Low ",1,"N",10
18,"Buffet ",38,7,4.7,"scooter",1,"No","Metropolitan","Sandstorms","Low ",0,"N",10
23,"Buffet ",36,13,4.5,"electric_scooter",1,"No","Metropolitan","Windy","Jam ",1,"N",10
26,"Snack ",23,5,4.7,"motorcycle",0,"No","Metropolitan","Windy","Medium",0,"Y",5
13,"Drinks ",24,23,4.7,"motorcycle",1,"No","Urban","Stormy","Low",1,"N",10
41,"Meal ",25,18,4.4,"motorcycle",0,"No","Semi-Urban","Sandstorms","Medium",1,"N",15
20,"Drinks ",34,14,4.6,"motorcycle",1,"No","Metropolitan","Sunny","Medium",1,"Y",10
23,"Buffet ",39,23,4.9,"scooter",2,"No","Metropolitan","Sandstorms","Low ",1,"N",30
20,"Drinks ",34,19,4.8,"scooter",1,"No","Semi-Urban","Sunny","Low",1,"N",5
29,"Drinks ",28,19,4.8,"motorcycle",2,"No","Urban","Sandstorms","Jam",1,"Y",5
21,"Drinks ",25,9,4.7,"electric_scooter",1,"No","Metropolitan","Sandstorms","Medium",1,"N",15
28,"Drinks ",23,21,4.8,"motorcycle",2,"No","Metropolitan","Windy","Jam ",1,"N",5
38,"Snack ",36,18,4.9,"motorcycle",1,"No","Metropolitan","Fog","High ",0,"N",15
19,"Meal ",34,23,5,"electric_scooter",1,"No","Semi-Urban","Sunny","Jam ",0,"N",5
36,"Snack ",28,9,4,"motorcycle",0,"No","Urban","Cloudy","Low ",1,"N",5
15,"Drinks ",35,22,4.9,"motorcycle",1,"No","Urban","Stormy","Low",1,"Y",5
35,"Buffet ",29,5,4.9,"scooter",0,"No","Metropolitan","Sunny","Medium",0,"Y",5
20,"Drinks ",32,18,4.8,"motorcycle",0,"No","Metropolitan","Fog","Low ",1,"Y",10
47,"Drinks ",28,9,4.8,"motorcycle",0,"Yes","Metropolitan","Fog","Jam ",1,"N",15
26,"Snack ",29,16,4.9,"scooter",2,"No","Urban","Sandstorms","High ",1,"Y",15
26,"Meal ",20,1,4.5,"motorcycle",2,"No","Metropolitan","Fog","High ",1,"N",5
17,"Snack ",26,3,4.9,"scooter",1,"No","Urban","Sandstorms","Low",0,"N",15
26,"Buffet ",22,14,4.7,"electric_scooter",2,"No","Urban","Sandstorms","Medium",1,"Y",5
25,"Buffet ",29,17,4.9,"scooter",2,"No","Metropolitan","Sandstorms","Medium",1,"N",10
29,"Drinks ",20,5,4.9,"scooter",2,"No","Metropolitan","Fog","Jam ",1,"N",5
44,"Buffet ",34,15,4.4,"motorcycle",1,"No","Metropolitan","Stormy","Medium",2,"N",15
15,"Buffet ",26,2,4.6,"motorcycle",2,"No","Metropolitan","Stormy","Jam ",1,"N",15
26,"Snack ",28,23,4.5,"electric_scooter",1,"No","Metropolitan","Cloudy","Jam ",0,"N",5
32,"Drinks ",32,8,4.9,"electric_scooter",1,"No","Metropolitan","Windy","Jam ",0,"Y",5
13,"Snack ",38,2,4.6,"motorcycle",0,"No","Metropolitan","Windy","Medium",0,"N",15
21,"Buffet ",38,23,4.7,"electric_scooter",2,"No","Metropolitan","Sunny","Low ",1,"Y",20
47,"Drinks ",34,7,4.6,"motorcycle",0,"No","Urban","Stormy","Medium",1,"N",5
14,"Snack ",21,22,4.5,"scooter",1,"No","Metropolitan","Sunny","Medium",1,"N",10
21,"Buffet ",28,14,4.8,"motorcycle",1,"No","Metropolitan","Windy","Low ",0,"N",10
24,"Drinks ",27,16,5,"motorcycle",0,"No","Metropolitan","Sunny","Low ",1,"N",15
26,"Meal ",30,14,4.1,"motorcycle",0,"No","Semi-Urban","Stormy","Low ",1,"Y",15
20,"Snack ",31,9,4.7,"motorcycle",0,"No","Metropolitan","Fog","Jam ",1,"N",5
39,"Snack ",28,23,4.9,"motorcycle",0,"No","Metropolitan","Fog","Medium",2,"Y",15
37,"Snack ",34,13,4.8,"motorcycle",0,"No","Metropolitan","Sandstorms","Jam ",1,"Y",10
22,"Drinks ",37,2,4.6,"motorcycle",0,"No","Urban","Stormy","Low ",0,"Y",5
53,"Meal ",37,1,4.6,"electric_scooter",0,"No","Metropolitan","Fog","Jam ",1,"N",15
26,"Meal ",23,23,4.9,"motorcycle",0,"No","Urban","Fog","Low ",0,"Y",5
44,"Buffet ",35,13,4.9,"motorcycle",0,"No","Metropolitan","Windy","Jam ",1,"Y",5
18,"Meal ",28,23,4.6,"motorcycle",2,"No","Urban","Sunny","Medium",0,"N",15
18,"Drinks ",25,13,4.7,"motorcycle",1,"No","Metropolitan","Sunny","Jam ",0,"N",10
15,"Buffet ",25,21,4.7,"electric_scooter",1,"No","Metropolitan","Sunny","Jam ",0,"N",10
29,"Snack ",33,17,4.8,"scooter",0,"No","Urban","Sunny","Medium",1,"N",10
34,"Drinks ",28,3,4.1,"scooter",1,"No","Urban","Sunny","Jam ",1,"N",5
19,"Buffet ",26,9,4.7,"electric_scooter",1,"No","Metropolitan","Sunny","Jam ",0,"N",10
25,"Meal ",36,4,4.9,"electric_scooter",2,"No","Urban","Stormy","Jam ",1,"N",15
40,"Drinks ",26,2,4.4,"motorcycle",0,"No","Urban","Windy","Jam",1,"Y",10
29,"Buffet ",21,19,4.9,"motorcycle",0,"No","Urban","Windy","Jam",0,"Y",15
38,"Drinks ",31,22,4.1,"motorcycle",0,"No","Urban","Stormy","High ",1,"Y",10
19,"Buffet ",22,23,4.9,"motorcycle",0,"No","Urban","Stormy","Low",1,"N",15
15,"Meal ",24,16,4.6,"motorcycle",2,"No","Semi-Urban","Cloudy","Medium",1,"Y",15
12,"Buffet ",33,1,4.6,"motorcycle",2,"No","Urban","Sunny","Jam",0,"N",5
42,"Snack ",37,3,4.2,"scooter",1,"No","Semi-Urban","Fog","Jam",2,"N",15
20,"Buffet ",30,9,4.5,"motorcycle",0,"No","Metropolitan","Fog","Jam ",1,"N",10
16,"Meal ",25,14,4.6,"motorcycle",1,"No","Metropolitan","Stormy","Jam ",0,"N",10
20,"Snack ",34,12,4.6,"motorcycle",1,"No","Metropolitan","Fog","Low ",0,"N",10
15,"Meal ",38,15,5,"scooter",2,"No","Metropolitan","Sunny","Medium",1,"N",10
29,"Meal ",29,19,4.7,"motorcycle",0,"No","Metropolitan","Sandstorms","Jam ",1,"N",15
26,"Drinks ",22,9,4.6,"scooter",2,"No","Urban","Stormy","High ",1,"N",15
34,"Drinks ",25,7,5,"electric_scooter",1,"No","Semi-Urban","Stormy","High ",0,"Y",15
37,"Meal ",29,13,3.6,"electric_scooter",2,"No","Metropolitan","Fog","Low ",1,"Y",5
19,"Buffet ",25,16,4.6,"motorcycle",2,"No","Metropolitan","Stormy","Low ",0,"N",10
28,"Drinks ",20,6,4.7,"scooter",2,"No","Urban","Fog","Medium",1,"N",5
11,"Drinks ",27,18,4.9,"scooter",1,"No","Semi-Urban","Cloudy","Medium",1,"N",5
15,"Snack ",36,21,4.7,"scooter",2,"No","Metropolitan","Cloudy","Low ",0,"Y",10
19,"Snack ",36,23,4.9,"motorcycle",0,"No","Urban","Sunny","Jam ",0,"N",10
25,"Snack ",25,19,4.9,"scooter",2,"No","Metropolitan","Windy","Low ",1,"N",5
39,"Drinks ",21,12,4.3,"scooter",2,"No","Metropolitan","Stormy","Medium",1,"Y",15
23,"Buffet ",38,6,4,"scooter",0,"No","Metropolitan","Sandstorms","Low ",0,"N",5
48,"Meal ",35,13,4,"electric_scooter",0,"No","Semi-Urban","Windy","Medium",3,"Y",15
18,"Snack ",25,1,4.3,"scooter",0,"No","Urban","Stormy","Low",0,"Y",5
20,"Drinks ",38,7,4.5,"scooter",2,"No","Metropolitan","Windy","Jam ",0,"N",15
19,"Buffet ",23,21,4.7,"scooter",1,"No","Metropolitan","Sunny","Low ",0,"N",5
26,"Buffet ",20,17,4.6,"motorcycle",0,"No","Metropolitan","Fog","Medium",1,"N",10
36,"Snack ",25,3,3.5,"motorcycle",1,"No","Metropolitan","Cloudy","Low ",2,"N",10
17,"Buffet ",21,18,4.7,"scooter",1,"No","Metropolitan","Sunny","Medium",0,"N",15
19,"Buffet ",38,13,4.6,"electric_scooter",1,"No","Metropolitan","Windy","Low ",1,"Y",5
18,"Drinks ",20,12,5,"electric_scooter",2,"No","Semi-Urban","Sunny","Low ",1,"N",5
40,"Buffet ",31,4,4.2,"scooter",1,"No","Metropolitan","Sunny","Jam ",1,"Y",10
36,"Buffet ",37,23,5,"motorcycle",1,"No","Metropolitan","Fog","High ",1,"N",15
39,"Meal ",21,3,4.1,"electric_scooter",2,"No","Urban","Fog","Jam",1,"Y",10
28,"Meal ",25,12,4.6,"motorcycle",0,"No","Urban","Stormy","Low ",0,"Y",15
11,"Meal ",21,22,4.9,"motorcycle",2,"No","Metropolitan","Sunny","Medium",1,"N",15
15,"Meal ",39,9,4.6,"scooter",2,"No","Metropolitan","Sunny","Medium",0,"Y",10
23,"Meal ",22,23,4.3,"electric_scooter",0,"No","Metropolitan","Windy","Low ",0,"N",15
32,"Buffet ",21,23,4.7,"electric_scooter",0,"No","Metropolitan","Stormy","High ",1,"N",15
39,"Snack ",22,6,4.2,"motorcycle",0,"No","Metropolitan","Sandstorms","Jam ",1,"N",15
27,"Snack ",36,23,4.7,"scooter",0,"No","Metropolitan","Cloudy","Medium",1,"N",15
24,"Drinks ",27,16,4.7,"scooter",2,"No","Urban","Sandstorms","Medium",1,"N",5
33,"Buffet ",21,8,5,"scooter",0,"No","Urban","Cloudy","High ",1,"N",15
52,"Meal ",35,16,5,"motorcycle",0,"Yes","Semi-Urban","Windy","Jam ",3,"Y",10
22,"Buffet ",23,16,5,"scooter",2,"No","Urban","Sunny","Low",0,"N",5
11,"Meal ",36,17,4.8,"motorcycle",2,"No","Urban","Stormy","Low",1,"Y",15
29,"Buffet ",36,4,4.7,"scooter",2,"No","Metropolitan","Stormy","Jam ",1,"N",5
22,"Buffet ",26,23,4.7,"motorcycle",0,"No","Metropolitan","Sunny","Medium",1,"Y",10
31,"Meal ",24,8,3.7,"electric_scooter",1,"No","Metropolitan","Stormy","Jam ",1,"N",10
38,"Snack ",35,23,4.9,"scooter",1,"No","Metropolitan","Sunny","Jam ",1,"N",15
27,"Buffet ",30,9,4.9,"electric_scooter",2,"No","Metropolitan","Cloudy","High ",0,"N",15
30,"Buffet ",33,3,5,"motorcycle",0,"No","Metropolitan","Windy","Medium",1,"N",5
28,"Meal ",27,22,4.7,"motorcycle",1,"No","Urban","Stormy","Medium",1,"Y",10
22,"Meal ",23,13,5,"scooter",0,"No","Metropolitan","Fog","Low ",0,"N",15
38,"Snack ",20,7,4,"motorcycle",0,"No","Metropolitan","Stormy","Jam ",1,"Y",5
32,"Meal ",34,13,4.1,"scooter",2,"No","Urban","Fog","Jam ",1,"N",10
16,"Snack ",39,23,4.6,"scooter",2,"No","Semi-Urban","Stormy","Jam ",0,"N",10
15,"Snack ",34,17,5,"motorcycle",2,"No","Urban","Fog","Medium",0,"Y",5
13,"Meal ",30,19,5,"motorcycle",1,"No","Urban","Cloudy","Medium",1,"N",10
44,"Meal ",25,2,4.8,"electric_scooter",0,"No","Metropolitan","Sunny","Jam ",0,"N",5
23,"Buffet ",24,17,4.9,"motorcycle",0,"No","Urban","Fog","High ",1,"N",10
23,"Snack ",39,17,4.7,"electric_scooter",0,"No","Metropolitan","Sunny","Low ",1,"N",5
48,"Drinks ",36,15,4.6,"motorcycle",0,"No","Semi-Urban","Fog","Medium",0,"Y",10
16,"Snack ",31,17,4.8,"motorcycle",1,"No","Metropolitan","Stormy","Low ",0,"Y",15
14,"Buffet ",25,9,4.9,"motorcycle",1,"No","Metropolitan","Sandstorms","Low ",0,"N",15
47,"Drinks ",26,15,4.7,"motorcycle",0,"No","Metropolitan","Cloudy","Jam ",0,"N",15
18,"Meal ",31,23,5,"motorcycle",1,"No","Metropolitan","Cloudy","Medium",1,"N",10
21,"Snack ",20,19,5,"electric_scooter",2,"No","Urban","Stormy","Jam",0,"N",15
15,"Snack ",36,13,4,"motorcycle",0,"No","Metropolitan","Windy","Low ",1,"Y",10
28,"Snack ",31,3,4.5,"scooter",1,"No","Metropolitan","Windy","Jam",1,"Y",10
24,"Buffet ",34,6,4.8,"motorcycle",1,"No","Metropolitan","Sandstorms","Jam ",1,"N",10
19,"Drinks ",28,21,4.7,"motorcycle",2,"No","Metropolitan","Sunny","Medium",1,"Y",15
20,"Drinks ",34,18,4.6,"electric_scooter",0,"No","Urban","Sandstorms","Low",0,"N",5
31,"Snack ",31,13,4.8,"scooter",1,"No","Metropolitan","Fog","Jam ",1,"N",10
16,"Buffet ",33,6,5,"scooter",2,"No","Metropolitan","Cloudy","Low ",0,"N",15
38,"Snack ",24,17,4.7,"scooter",1,"No","Metropolitan","Fog","High ",1,"Y",5
21,"Drinks ",25,9,4.6,"scooter",1,"No","Semi-Urban","Sunny","Medium",1,"N",10
34,"Meal ",30,18,4.7,"scooter",2,"No","Metropolitan","Stormy","High ",1,"N",15
21,"Buffet ",30,3,4,"motorcycle",0,"No","Semi-Urban","Sandstorms","Low",1,"N",5
27,"Drinks ",25,18,4.7,"scooter",2,"No","Semi-Urban","Windy","Jam ",1,"N",10
20,"Snack ",24,17,4.8,"motorcycle",0,"No","Metropolitan","Windy","Low ",1,"N",10
43,"Buffet ",31,7,4,"motorcycle",1,"No","Urban","Cloudy","Jam ",3,"Y",15
20,"Snack ",23,16,5,"scooter",2,"No","Urban","Sunny","Jam",1,"N",15
36,"Snack ",28,2,4.2,"motorcycle",0,"No","Metropolitan","Stormy","Jam ",0,"N",5
12,"Snack ",36,5,4.7,"motorcycle",1,"No","Urban","Fog","Low ",1,"Y",10
34,"Buffet ",23,9,4.3,"electric_scooter",1,"No","Semi-Urban","Windy","Jam ",0,"N",10
10,"Meal ",35,23,4.8,"electric_scooter",1,"No","Urban","Fog","Low",0,"N",5
27,"Snack ",25,21,4.8,"motorcycle",0,"No","Semi-Urban","Fog","Medium",1,"N",5
28,"Drinks ",21,19,4.5,"scooter",2,"No","Metropolitan","Stormy","Jam ",1,"Y",15
18,"Snack ",38,22,5,"scooter",2,"No","Metropolitan","Fog","Low ",0,"N",15
21,"Buffet ",22,1,4.9,"electric_scooter",2,"No","Metropolitan","Fog","High ",1,"N",10
28,"Drinks ",31,19,4.9,"electric_scooter",2,"No","Semi-Urban","Sandstorms","Jam ",1,"N",5
38,"Snack ",38,7,4.3,"scooter",0,"No","Metropolitan","Stormy","Medium",0,"N",10
24,"Drinks ",22,21,4.7,"scooter",2,"No","Metropolitan","Windy","Medium",0,"N",10
13,"Snack ",28,16,4.8,"motorcycle",1,"No","Metropolitan","Sunny","Low",0,"N",10
20,"Buffet ",30,15,4.7,"motorcycle",1,"No","Urban","Windy","Jam",0,"N",10
16,"Snack ",21,8,4.9,"scooter",1,"No","Metropolitan","Fog","Medium",0,"N",15
21,"Meal ",38,23,4.6,"motorcycle",0,"No","Urban","Sunny","Low",1,"N",15
19,"Drinks ",25,17,4.9,"scooter",2,"No","Metropolitan","Sunny","Low",0,"N",10
16,"Buffet ",28,14,4.7,"scooter",1,"No","Semi-Urban","Windy","Low ",1,"Y",10
29,"Meal ",21,7,4.8,"motorcycle",0,"No","Semi-Urban","Cloudy","Medium",1,"N",5
28,"Buffet ",33,8,4.4,"motorcycle",0,"No","Metropolitan","Sandstorms","Low ",1,"N",10
38,"Snack ",31,7,4.6,"electric_scooter",1,"No","Metropolitan","Cloudy","Jam ",1,"N",15
26,"Meal ",25,23,4.6,"motorcycle",0,"No","Metropolitan","Fog","Medium",1,"N",15
17,"Meal ",20,19,4.7,"motorcycle",2,"No","Semi-Urban","Sandstorms","Jam",1,"Y",15
19,"Meal ",33,9,4.6,"motorcycle",2,"No","Urban","Cloudy","Low ",1,"N",15
29,"Buffet ",21,3,4.8,"motorcycle",1,"No","Urban","Windy","Jam ",1,"N",15
18,"Meal ",31,16,4.6,"electric_scooter",1,"No","Metropolitan","Sunny","Medium",1,"Y",15
29,"Meal ",31,3,4.6,"scooter",0,"No","Metropolitan","Sandstorms","Low ",1,"N",5
22,"Drinks ",27,13,4.8,"motorcycle",2,"No","Metropolitan","Sunny","Low ",0,"N",5
15,"Meal ",35,22,4.6,"scooter",0,"No","Urban","Sunny","Medium",0,"Y",10
21,"Buffet ",29,23,4.3,"motorcycle",0,"No","Metropolitan","Sandstorms","Low ",1,"N",5
38,"Buffet ",34,3,4.1,"electric_scooter",2,"No","Metropolitan","Cloudy","Medium",1,"N",10
17,"Meal ",24,18,4.6,"motorcycle",1,"No","Metropolitan","Stormy","Low ",0,"N",15
15,"Meal ",35,4,4.6,"motorcycle",2,"No","Metropolitan","Stormy","Medium",1,"N",15
15,"Meal ",37,2,4.1,"electric_scooter",0,"No","Semi-Urban","Sandstorms","Low",1,"N",10
35,"Meal ",31,12,5,"scooter",1,"No","Metropolitan","Fog","Medium",1,"Y",15
30,"Buffet ",30,18,4.8,"motorcycle",1,"No","Metropolitan","Windy","Medium",1,"Y",15
15,"Meal ",31,23,4.8,"motorcycle",2,"No","Metropolitan","Sandstorms","Low ",1,"Y",5
18,"Drinks ",21,12,4.8,"motorcycle",0,"No","Semi-Urban","Fog","Low ",0,"N",10
25,"Drinks ",37,17,4.5,"motorcycle",2,"No","Metropolitan","Windy","Medium",1,"N",10
19,"Meal ",35,17,4.6,"scooter",2,"No","Metropolitan","Cloudy","Low ",1,"N",15
21,"Snack ",22,6,4.8,"electric_scooter",1,"No","Urban","Sandstorms","Jam ",0,"N",10
32,"Drinks ",37,2,4.4,"electric_scooter",2,"No","Semi-Urban","Stormy","High ",1,"Y",15
17,"Buffet ",21,9,5,"motorcycle",0,"No","Metropolitan","Sunny","Medium",0,"N",10
16,"Snack ",20,23,4.8,"electric_scooter",1,"No","Urban","Fog","Low",1,"N",10
21,"Drinks ",23,19,5,"scooter",1,"No","Metropolitan","Fog","Low ",0,"Y",5
15,"Drinks ",32,21,4.8,"motorcycle",0,"No","Semi-Urban","Stormy","Medium",0,"N",15
22,"Meal ",26,18,4.8,"motorcycle",2,"No","Metropolitan","Sandstorms","Medium",0,"Y",15
28,"Meal ",30,3,4.6,"electric_scooter",1,"No","Metropolitan","Sandstorms","Jam ",1,"N",5
28,"Drinks ",38,17,4.6,"scooter",1,"No","Metropolitan","Fog","Low ",1,"N",25
17,"Drinks ",35,18,4.8,"scooter",1,"No","Semi-Urban","Sunny","Medium",1,"Y",15
29,"Meal ",32,9,4.8,"motorcycle",0,"No","Metropolitan","Fog","Medium",1,"N",15
19,"Meal ",28,23,4.6,"scooter",1,"No","Metropolitan","Sandstorms","Low ",1,"N",5
28,"Drinks ",34,9,4.5,"scooter",0,"No","Metropolitan","Sunny","Medium",1,"N",15
46,"Buffet ",20,9,4.9,"motorcycle",0,"No","Metropolitan","Stormy","High ",1,"Y",10
23,"Snack ",31,21,4.9,"scooter",1,"No","Metropolitan","Windy","Medium",1,"N",10
27,"Drinks ",33,7,4.6,"motorcycle",1,"No","Metropolitan","Windy","Medium",1,"N",5
15,"Buffet ",24,14,4.8,"scooter",2,"No","Metropolitan","Sunny","Jam ",0,"N",10
31,"Snack ",37,16,4.9,"motorcycle",0,"No","Metropolitan","Windy","Medium",1,"N",10
27,"Buffet ",25,21,5,"scooter",1,"No","Urban","Stormy","Low ",1,"N",5
24,"Drinks ",38,15,4.7,"scooter",0,"No","Urban","Fog","Low",1,"N",15
29,"Buffet ",23,3,4.9,"motorcycle",2,"No","Urban","Fog","High ",0,"N",5
43,"Buffet ",20,2,4.6,"motorcycle",0,"No","Metropolitan","Sandstorms","Medium",1,"N",10
22,"Buffet ",31,15,4.8,"scooter",1,"No","Urban","Stormy","Low ",1,"N",5
23,"Meal ",31,1,4.5,"motorcycle",2,"No","Metropolitan","Sunny","Medium",1,"N",15
20,"Buffet ",36,22,4.6,"motorcycle",0,"No","Metropolitan","Fog","Low ",1,"N",5
26,"Meal ",29,13,4.8,"electric_scooter",2,"No","Metropolitan","Windy","Medium",1,"Y",15
33,"Drinks ",36,2,4.1,"scooter",1,"No","Semi-Urban","Fog","High",1,"N",5
10,"Snack ",39,15,4.9,"electric_scooter",1,"No","Urban","Stormy","Low",0,"N",25
22,"Meal ",20,8,4.9,"motorcycle",0,"No","Metropolitan","Stormy","Low ",1,"N",15
26,"Drinks ",31,21,4.7,"electric_scooter",1,"No","Urban","Sandstorms","Medium",1,"N",10
29,"Drinks ",21,19,4.7,"scooter",2,"No","Urban","Windy","Jam",1,"N",5
52,"Meal ",20,3,4.8,"motorcycle",0,"Yes","Metropolitan","Fog","Jam",1,"N",5
12,"Meal ",39,12,4.7,"scooter",2,"No","Metropolitan","Stormy","Jam ",0,"N",10
22,"Meal ",21,16,4.9,"scooter",0,"No","Urban","Sandstorms","High",0,"N",10
32,"Buffet ",26,23,4.3,"scooter",2,"No","Semi-Urban","Cloudy","Jam ",0,"N",15
28,"Meal ",29,15,4.9,"electric_scooter",0,"No","Metropolitan","Stormy","Low",1,"N",5
22,"Snack ",20,23,4.7,"motorcycle",0,"No","Metropolitan","Stormy","Low ",0,"Y",15
26,"Meal ",39,12,4.6,"motorcycle",2,"No","Metropolitan","Fog","Medium",1,"Y",5
27,"Buffet ",35,13,4.6,"motorcycle",0,"No","Metropolitan","Cloudy","High ",1,"N",5
25,"Meal ",39,22,5,"scooter",2,"No","Semi-Urban","Stormy","Jam",1,"N",5
33,"Meal ",37,15,4.2,"motorcycle",0,"No","Urban","Sandstorms","Low ",1,"N",10
17,"Meal ",24,16,4.7,"motorcycle",2,"No","Metropolitan","Cloudy","Medium",0,"N",5
26,"Snack ",24,15,4.7,"electric_scooter",0,"No","Urban","Stormy","Jam",1,"N",5
27,"Snack ",30,17,4.7,"scooter",2,"No","Metropolitan","Windy","Jam ",1,"N",5
19,"Meal ",23,15,4.7,"scooter",1,"No","Metropolitan","Sunny","Jam ",1,"N",10
26,"Snack ",29,22,4.5,"electric_scooter",0,"No","Metropolitan","Sunny","Low ",0,"N",10
29,"Meal ",21,17,4.8,"motorcycle",0,"No","Metropolitan","Windy","Medium",1,"Y",10
11,"Buffet ",20,17,4.7,"motorcycle",1,"No","Metropolitan","Fog","Low ",0,"N",5
36,"Meal ",33,14,4.4,"scooter",2,"No","Semi-Urban","Windy","Jam ",1,"N",15
41,"Meal ",27,14,3.7,"electric_scooter",2,"No","Metropolitan","Windy","Jam ",1,"N",10
13,"Snack ",21,12,4.7,"motorcycle",1,"No","Metropolitan","Sunny","Jam ",0,"Y",10
35,"Drinks ",30,19,4.9,"motorcycle",0,"No","Metropolitan","Fog","Medium",1,"N",10
17,"Buffet ",33,14,4.6,"electric_scooter",1,"No","Metropolitan","Fog","Low ",1,"N",5
27,"Snack ",37,6,4.9,"motorcycle",0,"No","Urban","Sunny","Low",1,"Y",10
44,"Drinks ",36,15,5,"motorcycle",0,"Yes","Urban","Sandstorms","High ",1,"Y",15
18,"Meal ",37,14,4.6,"motorcycle",2,"No","Urban","Stormy","Low ",1,"Y",15
38,"Meal ",33,9,4.9,"motorcycle",1,"No","Semi-Urban","Fog","Medium",0,"N",5
26,"Drinks ",23,23,4.9,"motorcycle",0,"No","Metropolitan","Sandstorms","Low ",1,"Y",20
12,"Drinks ",37,15,4.9,"electric_scooter",2,"No","Urban","Sunny","Low",0,"N",15
16,"Drinks ",31,1,4.5,"scooter",2,"No","Urban","Sunny","Low",1,"N",5
31,"Meal ",24,3,4.7,"scooter",1,"No","Urban","Fog","Medium",1,"N",10
19,"Meal ",26,2,4.3,"motorcycle",0,"No","Urban","Sandstorms","Low",0,"Y",15
31,"Drinks ",31,5,4.2,"electric_scooter",2,"No","Metropolitan","Sandstorms","Jam ",1,"N",5
46,"Snack ",25,22,4.7,"electric_scooter",0,"No","Metropolitan","Fog","Jam ",1,"N",5
42,"Meal ",20,12,4.9,"motorcycle",0,"No","Semi-Urban","Cloudy","Jam ",2,"N",15
30,"Snack ",39,5,4.6,"motorcycle",1,"No","Metropolitan","Sandstorms","Medium",1,"N",5
44,"Meal ",29,16,4.4,"motorcycle",0,"No","Metropolitan","Stormy","Medium",1,"Y",10
38,"Drinks ",33,19,4.7,"electric_scooter",2,"No","Metropolitan","Fog","Jam ",1,"N",10
16,"Drinks ",34,18,4.7,"electric_scooter",2,"No","Semi-Urban","Sunny","Medium",1,"N",15
23,"Snack ",32,23,4.6,"electric_scooter",2,"No","Semi-Urban","Sandstorms","Low ",0,"N",15
40,"Drinks ",21,3,4.2,"electric_scooter",2,"No","Urban","Sandstorms","Jam",1,"Y",5
12,"Meal ",30,18,4.9,"scooter",2,"No","Semi-Urban","Sunny","Medium",1,"Y",10
15,"Drinks ",23,9,4.7,"electric_scooter",0,"No","Metropolitan","Sunny","Medium",0,"N",5
25,"Meal ",37,18,4.9,"scooter",2,"No","Metropolitan","Fog","Medium",0,"N",10
45,"Meal ",39,16,4.9,"motorcycle",0,"No","Metropolitan","Fog","Medium",1,"N",5
34,"Drinks ",39,17,4.7,"motorcycle",1,"No","Semi-Urban","Cloudy","High ",1,"Y",10
24,"Drinks ",28,22,4.9,"motorcycle",2,"No","Urban","Stormy","Low",1,"N",10
13,"Meal ",25,21,4.6,"scooter",2,"No","Metropolitan","Windy","Jam ",1,"Y",5
23,"Meal ",28,22,4.7,"electric_scooter",1,"No","Metropolitan","Sunny","Low ",1,"N",10
54,"Drinks ",35,13,4.6,"scooter",0,"No","Urban","Windy","Jam ",1,"N",5
41,"Drinks ",34,23,4.7,"electric_scooter",2,"Yes","Urban","Cloudy","Jam",2,"N",10
15,"Meal ",39,13,4.6,"scooter",2,"No","Metropolitan","Stormy","Jam ",0,"N",5
35,"Buffet ",22,12,4.8,"motorcycle",2,"No","Metropolitan","Cloudy","Jam ",1,"N",15
51,"Snack ",25,19,4.8,"motorcycle",0,"No","Semi-Urban","Fog","Jam ",1,"Y",15
15,"Drinks ",23,19,4.8,"scooter",2,"No","Metropolitan","Sunny","Medium",1,"Y",10
10,"Meal ",31,4,4.9,"electric_scooter",2,"No","Urban","Stormy","Low ",0,"Y",15
28,"Meal ",36,23,4.8,"motorcycle",2,"No","Metropolitan","Windy","Jam ",0,"N",5
29,"Snack ",31,22,4.3,"motorcycle",0,"No","Metropolitan","Windy","Low ",0,"N",15
24,"Meal ",34,22,5,"motorcycle",2,"No","Urban","Fog","Low",1,"N",5
16,"Buffet ",37,15,4.7,"electric_scooter",2,"No","Metropolitan","Cloudy","Low ",0,"N",5
40,"Buffet ",31,9,3.5,"scooter",1,"No","Metropolitan","Sandstorms","Jam ",1,"N",15
37,"Drinks ",21,4,4.4,"scooter",1,"No","Metropolitan","Fog","Jam ",0,"N",5
48,"Buffet ",38,23,4.5,"motorcycle",0,"No","Semi-Urban","Fog","Jam ",1,"Y",10
39,"Snack ",34,1,3.6,"scooter",1,"No","Metropolitan","Windy","Medium",1,"Y",5
24,"Drinks ",38,4,4.7,"motorcycle",2,"No","Semi-Urban","Sandstorms","High ",1,"N",5
18,"Buffet ",35,23,4.8,"scooter",1,"No","Metropolitan","Sunny","Jam ",1,"Y",10
25,"Snack ",33,15,4.8,"motorcycle",2,"No","Urban","Sandstorms","Medium",1,"N",5
21,"Buffet ",33,9,4.6,"scooter",1,"No","Metropolitan","Sandstorms","Low ",1,"N",10
22,"Drinks ",36,21,4.7,"electric_scooter",0,"No","Metropolitan","Fog","Low ",0,"N",10
36,"Buffet ",26,3,4.9,"scooter",1,"No","Semi-Urban","Fog","Medium",1,"Y",5
31,"Buffet ",33,4,4,"scooter",0,"No","Urban","Stormy","Jam",1,"N",10
23,"Buffet ",37,12,4.8,"motorcycle",0,"No","Urban","Stormy","Low ",0,"Y",25
10,"Snack ",37,17,4.8,"motorcycle",2,"No","Semi-Urban","Sunny","Medium",1,"N",5
27,"Snack ",21,3,4.6,"electric_scooter",2,"No","Metropolitan","Windy","Medium",1,"N",10
19,"Meal ",37,7,4.8,"scooter",1,"No","Metropolitan","Sunny","Low ",0,"Y",5
27,"Drinks ",24,17,4.9,"electric_scooter",1,"No","Metropolitan","Fog","Jam ",1,"N",5
22,"Snack ",26,9,4.9,"electric_scooter",0,"No","Metropolitan","Fog","Medium",0,"N",10
20,"Snack ",20,2,4.9,"scooter",2,"No","Metropolitan","Stormy","Low ",1,"Y",15
48,"Drinks ",30,19,5,"electric_scooter",0,"No","Semi-Urban","Cloudy","Jam ",0,"Y",15
20,"Buffet ",27,19,4.8,"scooter",2,"No","Urban","Stormy","Jam",1,"N",15
24,"Meal ",26,16,4.8,"electric_scooter",0,"No","Urban","Cloudy","Low",1,"Y",15
26,"Drinks ",29,16,4.5,"scooter",2,"No","Metropolitan","Sandstorms","Low ",0,"N",15
36,"Buffet ",33,7,4.1,"motorcycle",0,"No","Urban","Stormy","Medium",1,"N",15
15,"Buffet ",31,16,4.9,"scooter",2,"No","Urban","Sandstorms","Low",1,"Y",10
35,"Snack ",30,2,4,"motorcycle",1,"No","Urban","Cloudy","Medium",1,"N",5
46,"Buffet ",25,9,4.9,"motorcycle",0,"No","Semi-Urban","Stormy","Jam ",1,"N",15
29,"Meal ",24,13,4.6,"motorcycle",0,"No","Metropolitan","Stormy","Low ",0,"N",5
31,"Snack ",26,3,4,"scooter",1,"No","Urban","Fog","Jam",1,"N",10
36,"Meal ",22,15,3.7,"motorcycle",1,"No","Semi-Urban","Fog","Low ",1,"N",10
26,"Buffet ",37,18,4.1,"electric_scooter",0,"No","Urban","Sandstorms","Low ",1,"N",10
24,"Meal ",26,3,4.8,"motorcycle",1,"No","Urban","Sunny","Jam ",1,"N",15
32,"Drinks ",39,5,4.4,"scooter",2,"No","Metropolitan","Sandstorms","High ",1,"N",15
16,"Drinks ",34,19,4.6,"motorcycle",2,"No","Metropolitan","Sandstorms","Jam ",0,"Y",5
16,"Snack ",38,17,4.9,"scooter",2,"No","Urban","Sunny","Medium",0,"N",15
25,"Drinks ",30,3,4.2,"motorcycle",0,"No","Urban","Windy","Low",0,"N",10
15,"Buffet ",35,22,4.9,"scooter",2,"No","Urban","Stormy","Low",0,"N",10
20,"Snack ",20,18,4.6,"motorcycle",1,"No","Urban","Sandstorms","Medium",1,"N",5
28,"Buffet ",23,12,4.9,"scooter",0,"No","Metropolitan","Windy","Medium",1,"Y",10
29,"Drinks ",28,23,4.9,"electric_scooter",1,"No","Urban","Sunny","Low",1,"N",25
18,"Snack ",27,22,4.8,"electric_scooter",1,"No","Semi-Urban","Sandstorms","Low ",1,"Y",10
44,"Meal ",27,3,3.7,"motorcycle",2,"Yes","Metropolitan","Windy","Jam ",2,"N",15
29,"Meal ",37,12,4.5,"electric_scooter",2,"No","Metropolitan","Stormy","Low ",1,"N",15
35,"Snack ",35,16,4.3,"motorcycle",1,"No","Urban","Cloudy","Low",0,"N",15
28,"Snack ",25,4,4.8,"motorcycle",1,"No","Metropolitan","Windy","Medium",0,"N",15
20,"Meal ",27,21,4.8,"motorcycle",1,"No","Urban","Stormy","Medium",0,"N",15
17,"Buffet ",23,16,5,"scooter",2,"No","Metropolitan","Cloudy","Low",1,"N",10
21,"Snack ",30,21,4.7,"motorcycle",0,"No","Metropolitan","Stormy","Low ",1,"N",15
24,"Drinks ",21,16,4.9,"motorcycle",0,"No","Urban","Sunny","Jam ",1,"N",15
21,"Snack ",36,17,4.7,"motorcycle",1,"No","Urban","Stormy","Low",1,"N",5
41,"Drinks ",37,7,5,"scooter",1,"No","Metropolitan","Stormy","Jam ",1,"N",15
31,"Drinks ",38,3,4.9,"motorcycle",2,"No","Metropolitan","Fog","High ",1,"Y",5
44,"Buffet ",37,21,4.6,"scooter",0,"No","Urban","Cloudy","Medium",0,"Y",5
36,"Meal ",30,15,4.1,"motorcycle",0,"No","Semi-Urban","Windy","Jam",2,"N",10
27,"Snack ",28,21,4.8,"motorcycle",0,"No","Metropolitan","Sandstorms","Low ",1,"N",5
31,"Meal ",22,6,4.8,"scooter",2,"No","Urban","Cloudy","Medium",1,"N",5
22,"Snack ",31,15,5,"motorcycle",1,"No","Semi-Urban","Sandstorms","Low ",1,"N",10
19,"Drinks ",39,15,4.7,"electric_scooter",1,"No","Urban","Fog","Medium",1,"Y",5
34,"Buffet ",21,14,5,"scooter",1,"No","Metropolitan","Fog","High ",2,"N",10
30,"Drinks ",28,12,4.9,"electric_scooter",2,"No","Urban","Sunny","Jam ",1,"N",5
30,"Meal ",35,16,4.5,"electric_scooter",2,"No","Metropolitan","Windy","Jam ",1,"Y",15
40,"Drinks ",27,23,4.5,"motorcycle",0,"No","Urban","Cloudy","Jam",1,"N",10
43,"Snack ",28,9,3.8,"scooter",2,"Yes","Metropolitan","Sandstorms","Jam ",1,"N",10
28,"Buffet ",35,6,4.8,"scooter",2,"No","Metropolitan","Sandstorms","High ",1,"N",10
27,"Snack ",20,14,4.8,"motorcycle",1,"No","Metropolitan","Windy","Low ",1,"N",5
22,"Snack ",37,19,4.7,"scooter",1,"No","Urban","Windy","Medium",1,"Y",10
39,"Drinks ",20,13,4.1,"motorcycle",0,"No","Metropolitan","Sandstorms","Jam ",1,"N",10
21,"Meal ",23,23,4.9,"motorcycle",2,"No","Urban","Windy","Low",0,"N",15
13,"Drinks ",20,12,4.5,"motorcycle",2,"No","Metropolitan","Sandstorms","Low ",0,"N",25
22,"Drinks ",31,3,4.9,"scooter",1,"No","Metropolitan","Stormy","Low ",1,"N",5
21,"Snack ",23,17,4.7,"motorcycle",1,"No","Semi-Urban","Sandstorms","Medium",1,"N",5
27,"Meal ",21,15,4.7,"motorcycle",2,"No","Semi-Urban","Windy","Jam ",1,"N",10
40,"Snack ",30,16,5,"scooter",2,"No","Semi-Urban","Cloudy","Medium",1,"N",5
24,"Meal ",31,8,4.6,"motorcycle",0,"No","Metropolitan","Stormy","Low ",0,"Y",10
19,"Buffet ",39,9,4.8,"scooter",2,"No","Metropolitan","Sunny","Medium",1,"N",10
25,"Buffet ",29,19,5,"scooter",0,"No","Semi-Urban","Fog","High ",1,"N",10
36,"Meal ",37,7,4.6,"motorcycle",0,"No","Metropolitan","Cloudy","Medium",1,"Y",15
16,"Drinks ",24,9,4.7,"scooter",2,"No","Metropolitan","Sunny","Jam ",1,"N",15
24,"Snack ",33,16,4.9,"scooter",1,"No","Metropolitan","Windy","Low ",0,"N",10
38,"Drinks ",24,4,4.2,"electric_scooter",2,"No","Metropolitan","Fog","Medium",2,"Y",10
38,"Snack ",31,18,5,"motorcycle",1,"No","Semi-Urban","Cloudy","Jam",2,"N",5
17,"Meal ",29,13,4.5,"motorcycle",2,"No","Metropolitan","Stormy","Medium",0,"N",5
13,"Meal ",26,12,4.7,"motorcycle",0,"No","Urban","Sunny","Low ",1,"N",5
20,"Drinks ",39,4,4.9,"motorcycle",0,"No","Metropolitan","Stormy","Low ",1,"Y",5
26,"Meal ",22,23,4.8,"scooter",1,"No","Metropolitan","Stormy","Jam ",0,"Y",15
35,"Snack ",37,5,3.5,"scooter",1,"No","Urban","Stormy","Jam",0,"N",10
14,"Snack ",32,21,4.5,"scooter",1,"No","Metropolitan","Stormy","Low ",0,"Y",10
31,"Buffet ",36,17,4.9,"motorcycle",1,"No","Semi-Urban","Stormy","High",1,"N",5
21,"Snack ",23,16,4.3,"scooter",0,"No","Semi-Urban","Windy","Low ",1,"N",10
20,"Buffet ",34,13,4.9,"motorcycle",1,"No","Urban","Sunny","High ",1,"N",5
20,"Buffet ",37,18,4.7,"electric_scooter",0,"No","Urban","Windy","Low ",1,"N",15
21,"Snack ",25,12,4.6,"motorcycle",2,"No","Metropolitan","Sunny","High ",1,"N",5
30,"Drinks ",37,8,4.9,"scooter",1,"No","Metropolitan","Sandstorms","Low ",1,"N",10
10,"Meal ",25,7,4.8,"electric_scooter",2,"No","Metropolitan","Sandstorms","Low ",0,"N",5
14,"Drinks ",37,22,4.6,"scooter",2,"No","Metropolitan","Windy","Jam ",0,"N",15
27,"Snack ",21,16,4.9,"scooter",2,"No","Urban","Windy","Low",0,"N",15
27,"Drinks ",28,7,4.6,"scooter",1,"No","Metropolitan","Fog","Low ",1,"N",5
24,"Drinks ",33,8,4.8,"motorcycle",2,"No","Urban","Fog","Low ",1,"N",5
24,"Drinks ",31,19,4.7,"motorcycle",0,"No","Semi-Urban","Fog","Low",1,"Y",10
11,"Buffet ",20,17,4.9,"scooter",1,"No","Urban","Stormy","High",1,"Y",5
18,"Buffet ",30,2,4.1,"motorcycle",0,"No","Metropolitan","Sandstorms","Low ",1,"N",10
27,"Meal ",24,17,4.9,"electric_scooter",0,"No","Metropolitan","Fog","Medium",1,"Y",10
43,"Meal ",33,14,3.8,"motorcycle",1,"No","Metropolitan","Windy","Jam ",3,"N",15
38,"Drinks ",23,8,4.1,"electric_scooter",1,"No","Metropolitan","Fog","Jam ",1,"Y",10
30,"Meal ",36,22,4.8,"scooter",1,"No","Metropolitan","Windy","Medium",1,"Y",5
35,"Buffet ",23,3,4.7,"motorcycle",0,"No","Metropolitan","Windy","Jam ",2,"Y",5
37,"Snack ",37,22,5,"motorcycle",0,"No","Semi-Urban","Stormy","Jam ",1,"N",10
21,"Drinks ",24,18,4.1,"motorcycle",0,"No","Metropolitan","Stormy","Low ",0,"N",10
21,"Drinks ",28,15,5,"motorcycle",0,"No","Urban","Sunny","Medium",1,"N",10
14,"Snack ",21,22,4.5,"scooter",1,"No","Metropolitan","Sunny","Medium",1,"N",10
44,"Buffet ",31,7,4.2,"motorcycle",0,"No","Metropolitan","Stormy","Jam ",2,"N",10
28,"Snack ",35,9,5,"electric_scooter",2,"No","Metropolitan","Sandstorms","Jam ",1,"Y",10
23,"Drinks ",25,3,4.6,"motorcycle",0,"No","Urban","Stormy","Low ",1,"N",5
20,"Buffet ",30,22,4.9,"scooter",1,"No","Urban","Sandstorms","Low",0,"N",15
21,"Meal ",26,7,4.9,"scooter",2,"No","Metropolitan","Sunny","Low ",1,"N",10
23,"Buffet ",35,18,4.6,"scooter",2,"No","Metropolitan","Stormy","Jam ",1,"N",5
22,"Drinks ",23,17,4.7,"scooter",0,"No","Metropolitan","Sunny","High ",0,"Y",5
47,"Snack ",35,22,4.6,"scooter",2,"Yes","Metropolitan","Cloudy","Jam ",1,"N",15
49,"Buffet ",28,23,4.9,"motorcycle",0,"No","Semi-Urban","Sandstorms","High ",1,"N",5
34,"Snack ",35,3,4,"scooter",1,"No","Metropolitan","Fog","Jam ",0,"Y",5
20,"Drinks ",25,16,4.7,"motorcycle",0,"No","Metropolitan","Sunny","Medium",1,"N",5
28,"Drinks ",27,22,4.6,"electric_scooter",0,"No","Metropolitan","Fog","Jam ",1,"N",10
40,"Snack ",38,16,4.9,"motorcycle",0,"No","Semi-Urban","Fog","Jam ",0,"Y",5
21,"Snack ",27,23,4.7,"motorcycle",1,"No","Semi-Urban","Windy","Low",1,"N",20
53,"Drinks ",31,4,4.1,"scooter",0,"No","Urban","Sunny","High",1,"N",15
15,"Meal ",35,16,4.6,"scooter",1,"No","Metropolitan","Fog","Low ",0,"N",5
19,"Buffet ",36,23,4.9,"electric_scooter",0,"No","Metropolitan","Stormy","Jam ",0,"N",15
21,"Snack ",36,23,4.8,"motorcycle",0,"No","Metropolitan","Sunny","Low ",0,"Y",10
33,"Snack ",26,4,4.4,"motorcycle",2,"No","Metropolitan","Stormy","Medium",1,"N",5
30,"Snack ",30,22,4.8,"motorcycle",0,"No","Metropolitan","Fog","Medium",0,"Y",5
15,"Meal ",20,23,4.7,"scooter",2,"No","Metropolitan","Sandstorms","Low ",0,"N",15
33,"Buffet ",38,13,4,"scooter",2,"No","Metropolitan","Sandstorms","Jam ",1,"Y",15
36,"Drinks ",32,6,3.7,"motorcycle",1,"No","Semi-Urban","Stormy","Low ",1,"N",10
25,"Snack ",38,13,4.9,"scooter",1,"No","Metropolitan","Cloudy","Jam ",0,"N",15
38,"Buffet ",38,2,4.4,"scooter",0,"No","Semi-Urban","Stormy","Medium",1,"N",10
21,"Snack ",27,17,5,"motorcycle",0,"No","Urban","Stormy","Low",1,"Y",15
48,"Drinks ",35,9,4.3,"motorcycle",0,"No","Metropolitan","Stormy","High ",1,"Y",15
29,"Buffet ",37,5,4.6,"electric_scooter",0,"No","Metropolitan","Sunny","Medium",0,"Y",10
54,"Buffet ",37,5,4.5,"electric_scooter",0,"No","Metropolitan","Cloudy","Jam ",0,"Y",5
45,"Snack ",24,5,4.8,"motorcycle",0,"No","Metropolitan","Stormy","Jam ",0,"N",5
18,"Buffet ",34,18,4.8,"scooter",1,"No","Metropolitan","Sandstorms","Low ",0,"Y",5
23,"Drinks ",35,19,4.8,"scooter",2,"No","Urban","Stormy","Jam",0,"N",5
15,"Buffet ",38,17,4.8,"motorcycle",1,"No","Urban","Sunny","Low ",0,"Y",15
25,"Buffet ",32,16,4.6,"motorcycle",2,"No","Urban","Sandstorms","Medium",0,"N",10
30,"Drinks ",34,23,4.8,"motorcycle",0,"No","Metropolitan","Sandstorms","Medium",0,"N",10
50,"Meal ",36,2,4.1,"scooter",0,"No","Semi-Urban","Sandstorms","Jam ",1,"N",5
33,"Drinks ",21,2,4.4,"electric_scooter",0,"No","Metropolitan","Windy","Medium",1,"N",5
23,"Buffet ",24,9,4.7,"motorcycle",0,"No","Metropolitan","Fog","Jam ",1,"N",15
19,"Drinks ",25,9,4.6,"scooter",2,"No","Urban","Sunny","Medium",1,"N",10
26,"Meal ",39,12,4.9,"electric_scooter",0,"No","Metropolitan","Fog","High ",1,"N",5
16,"Snack ",39,13,4.6,"electric_scooter",2,"No","Urban","Sandstorms","Medium",0,"N",15
33,"Meal ",20,13,4.7,"scooter",1,"No","Metropolitan","Stormy","Jam ",1,"N",15
42,"Buffet ",21,23,4.9,"motorcycle",0,"No","Metropolitan","Fog","Jam ",1,"N",5
47,"Snack ",23,23,5,"motorcycle",0,"No","Metropolitan","Sandstorms","Jam ",1,"N",5
27,"Buffet ",24,21,5,"scooter",2,"No","Urban","Stormy","Jam",1,"N",15
39,"Buffet ",31,15,4.3,"scooter",2,"No","Semi-Urban","Sunny","Medium",1,"Y",15
47,"Snack ",35,23,5,"motorcycle",0,"No","Urban","Cloudy","Jam ",1,"N",10
45,"Meal ",38,7,4,"motorcycle",0,"No","Metropolitan","Stormy","Medium",1,"N",5
20,"Meal ",36,22,4.8,"scooter",1,"No","Urban","Windy","Medium",1,"Y",5
11,"Snack ",30,15,5,"scooter",1,"No","Urban","Sunny","Low",0,"N",10
15,"Snack ",35,18,4.6,"motorcycle",2,"No","Semi-Urban","Sunny","Jam",0,"Y",15
14,"Drinks ",26,15,4.6,"electric_scooter",2,"No","Urban","Sunny","Jam",0,"N",10
19,"Drinks ",36,19,5,"motorcycle",1,"No","Metropolitan","Sunny","Medium",1,"Y",10
32,"Meal ",35,4,4.3,"motorcycle",2,"No","Urban","Windy","Medium",0,"N",5
15,"Meal ",25,16,4.8,"motorcycle",2,"No","Urban","Sunny","Jam ",1,"Y",10
12,"Drinks ",32,17,4.6,"scooter",2,"No","Metropolitan","Stormy","Low ",0,"Y",15
30,"Meal ",37,8,4.9,"electric_scooter",0,"No","Urban","Stormy","High ",1,"N",15
25,"Snack ",22,23,4.8,"scooter",2,"No","Semi-Urban","Stormy","Jam ",1,"Y",10
13,"Snack ",35,16,4.5,"motorcycle",2,"No","Metropolitan","Fog","Low ",0,"N",15
35,"Drinks ",39,5,4.3,"motorcycle",0,"No","Metropolitan","Stormy","Medium",1,"Y",5
44,"Buffet ",32,5,5,"scooter",2,"Yes","Semi-Urban","Stormy","Jam ",1,"N",15
12,"Buffet ",33,23,4.7,"electric_scooter",2,"No","Metropolitan","Stormy","Low ",1,"N",5
15,"Meal ",21,15,4.9,"motorcycle",2,"No","Metropolitan","Sunny","Medium",0,"N",10
26,"Meal ",39,8,4.8,"motorcycle",1,"No","Metropolitan","Stormy","Jam ",1,"N",15
22,"Snack ",37,14,4.4,"motorcycle",0,"No","Semi-Urban","Sandstorms","Low ",1,"N",15
33,"Buffet ",24,5,4.2,"motorcycle",0,"No","Metropolitan","Fog","Jam ",1,"Y",5
18,"Meal ",31,23,4.9,"electric_scooter",1,"No","Metropolitan","Fog","Low ",0,"N",10
20,"Snack ",27,18,4.3,"motorcycle",0,"No","Semi-Urban","Sandstorms","Low ",0,"N",10
24,"Buffet ",34,23,4.8,"electric_scooter",2,"No","Metropolitan","Sunny","Medium",1,"Y",10
30,"Meal ",24,22,4.9,"motorcycle",0,"No","Semi-Urban","Sandstorms","Medium",1,"N",10
16,"Buffet ",27,17,4.7,"motorcycle",0,"No","Urban","Cloudy","Low",1,"N",15
31,"Buffet ",33,5,4,"motorcycle",2,"No","Metropolitan","Stormy","Medium",0,"Y",10
18,"Snack ",23,1,4.5,"scooter",2,"No","Urban","Fog","Low",0,"N",10
19,"Snack ",36,15,5,"scooter",1,"No","Urban","Sunny","Jam",1,"N",15
19,"Snack ",39,16,4.6,"scooter",1,"No","Semi-Urban","Sandstorms","Jam",1,"N",10
42,"Meal ",35,23,4.4,"electric_scooter",2,"Yes","Metropolitan","Cloudy","Jam ",2,"N",15
28,"Buffet ",25,17,4.8,"scooter",1,"No","Semi-Urban","Stormy","High ",1,"N",10
37,"Drinks ",23,3,3.6,"scooter",1,"No","Urban","Cloudy","Low ",1,"Y",5
18,"Snack ",20,9,4.5,"electric_scooter",1,"No","Semi-Urban","Fog","Medium",1,"N",15
27,"Snack ",30,8,4.6,"electric_scooter",1,"No","Metropolitan","Fog","High ",1,"N",5
32,"Meal ",33,16,4,"scooter",2,"No","Semi-Urban","Windy","High ",1,"N",15
20,"Snack ",20,4,4.9,"motorcycle",0,"No","Metropolitan","Stormy","Medium",0,"N",5
16,"Meal ",32,3,4.5,"electric_scooter",1,"No","Urban","Sunny","Medium",1,"N",5
24,"Snack ",37,19,4.9,"electric_scooter",0,"No","Semi-Urban","Sunny","Medium",1,"N",5
35,"Drinks ",35,5,4.2,"motorcycle",1,"No","Metropolitan","Windy","Medium",1,"N",15
20,"Drinks ",26,9,4.7,"motorcycle",0,"No","Semi-Urban","Stormy","Medium",0,"N",15
27,"Meal ",25,7,4.9,"scooter",2,"No","Metropolitan","Fog","Low ",1,"N",10
12,"Meal ",20,23,4.8,"scooter",2,"No","Urban","Cloudy","Medium",0,"N",5
41,"Drinks ",23,17,4.6,"scooter",0,"No","Urban","Windy","High",2,"N",10
21,"Drinks ",20,16,4.9,"motorcycle",1,"No","Semi-Urban","Cloudy","Low",0,"Y",10
29,"Meal ",38,9,4.5,"scooter",2,"No","Metropolitan","Fog","Medium",0,"N",5
10,"Meal ",28,19,4.8,"motorcycle",1,"No","Urban","Windy","Low",1,"N",5
22,"Buffet ",20,19,4.5,"motorcycle",1,"No","Metropolitan","Fog","Low ",1,"N",10
19,"Meal ",29,15,5,"electric_scooter",1,"No","Metropolitan","Sunny","Medium",0,"N",5
27,"Buffet ",29,19,4.9,"electric_scooter",0,"No","Metropolitan","Sunny","Low ",1,"N",5
30,"Buffet ",39,6,4.9,"electric_scooter",2,"No","Semi-Urban","Stormy","High ",1,"N",15
25,"Snack ",34,12,4.7,"motorcycle",0,"No","Metropolitan","Fog","High ",1,"Y",15
10,"Meal ",39,8,4.8,"motorcycle",2,"No","Metropolitan","Sandstorms","Low ",1,"N",15
15,"Snack ",36,23,4.7,"motorcycle",1,"No","Metropolitan","Sunny","Jam ",1,"Y",15
29,"Snack ",36,3,4.6,"motorcycle",2,"No","Urban","Sandstorms","High ",1,"N",5
27,"Drinks ",27,21,4.6,"motorcycle",1,"No","Urban","Windy","High",0,"N",10
44,"Drinks ",24,15,4.8,"motorcycle",1,"No","Urban","Cloudy","Jam",2,"N",15
29,"Meal ",37,16,4.9,"motorcycle",2,"No","Urban","Stormy","High",1,"N",15
33,"Buffet ",31,16,4.3,"motorcycle",0,"No","Metropolitan","Cloudy","Medium",1,"Y",10
25,"Buffet ",28,9,4.8,"scooter",2,"No","Metropolitan","Sandstorms","Low ",1,"N",15
14,"Meal ",22,22,4.8,"scooter",1,"No","Metropolitan","Sunny","Medium",0,"N",15
29,"Snack ",20,4,4.8,"motorcycle",0,"No","Metropolitan","Sandstorms","High ",1,"N",5
20,"Snack ",23,22,4.9,"motorcycle",2,"No","Metropolitan","Sunny","Jam ",1,"N",10
19,"Drinks ",24,14,4.5,"motorcycle",0,"No","Metropolitan","Fog","Low ",0,"N",15
39,"Drinks ",26,19,5,"motorcycle",0,"No","Metropolitan","Stormy","Jam ",1,"N",5
17,"Snack ",25,19,4.6,"scooter",2,"No","Metropolitan","Cloudy","Low ",0,"N",10
34,"Snack ",36,7,4.3,"electric_scooter",2,"No","Urban","Cloudy","High ",0,"Y",15
12,"Meal ",20,12,4.7,"scooter",1,"No","Metropolitan","Stormy","Low ",0,"N",5
18,"Drinks ",32,21,4.8,"electric_scooter",1,"No","Metropolitan","Windy","Medium",0,"N",15
25,"Meal ",29,14,4.8,"scooter",1,"No","Metropolitan","Stormy","Low ",1,"N",15
25,"Drinks ",39,3,4.6,"motorcycle",2,"No","Urban","Stormy","Jam ",1,"N",15
40,"Snack ",38,23,4.5,"motorcycle",0,"No","Metropolitan","Fog","Jam ",1,"Y",10
16,"Snack ",38,19,4.9,"motorcycle",1,"No","Semi-Urban","Sunny","Low",0,"N",10
27,"Snack ",21,3,4.6,"electric_scooter",2,"No","Metropolitan","Windy","Medium",1,"N",10
17,"Snack ",37,17,4.8,"motorcycle",1,"No","Metropolitan","Fog","Low ",1,"N",10
29,"Buffet ",21,15,4.8,"motorcycle",0,"No","Semi-Urban","Sunny","Jam ",1,"N",10
10,"Drinks ",35,9,4.8,"electric_scooter",2,"No","Metropolitan","Windy","Low ",0,"N",5
42,"Meal ",39,19,4.6,"scooter",1,"No","Metropolitan","Cloudy","Jam ",1,"Y",10
22,"Drinks ",38,18,4.9,"motorcycle",2,"No","Metropolitan","Sunny","Jam ",0,"N",5
28,"Buffet ",34,19,4.8,"scooter",1,"No","Metropolitan","Sandstorms","Jam ",1,"N",5
25,"Snack ",23,21,4.5,"scooter",2,"No","Metropolitan","Windy","Jam ",1,"Y",15
21,"Drinks ",25,22,5,"motorcycle",1,"No","Metropolitan","Windy","Jam ",1,"N",15
23,"Drinks ",32,23,4.6,"scooter",1,"No","Urban","Windy","Jam",0,"N",10
31,"Snack ",20,4,4.3,"motorcycle",2,"No","Metropolitan","Sandstorms","High ",0,"N",15
46,"Snack ",29,16,5,"motorcycle",0,"Yes","Metropolitan","Cloudy","Jam ",0,"Y",10
42,"Meal ",39,2,4.3,"scooter",2,"Yes","Urban","Stormy","Jam",1,"N",10
53,"Snack ",21,1,4.4,"motorcycle",0,"No","Metropolitan","Stormy","Jam ",1,"N",10
19,"Meal ",33,15,4.7,"electric_scooter",2,"No","Metropolitan","Sunny","Low ",0,"N",10
21,"Buffet ",20,23,4.7,"scooter",2,"No","Urban","Stormy","Low",1,"Y",15
18,"Buffet ",29,23,4.9,"motorcycle",1,"No","Metropolitan","Cloudy","Medium",1,"N",15
19,"Meal ",23,6,4.4,"motorcycle",0,"No","Metropolitan","Windy","Low ",1,"N",10
16,"Buffet ",20,5,4.5,"motorcycle",0,"No","Urban","Stormy","Medium",1,"Y",10
31,"Snack ",27,1,4.4,"electric_scooter",2,"No","Metropolitan","Stormy","Medium",1,"N",10
20,"Snack ",29,15,4.7,"motorcycle",0,"No","Urban","Windy","Jam",1,"N",5
26,"Buffet ",34,4,4.2,"motorcycle",0,"No","Metropolitan","Stormy","Low ",1,"N",15
29,"Drinks ",27,6,4.7,"electric_scooter",2,"No","Metropolitan","Windy","Jam ",1,"Y",10
41,"Buffet ",24,5,3.5,"scooter",2,"No","Urban","Stormy","Jam",2,"N",5
35,"Drinks ",25,6,4.2,"motorcycle",0,"No","Metropolitan","Windy","Jam",1,"N",15
21,"Buffet ",21,23,4.7,"motorcycle",0,"No","Metropolitan","Fog","Low ",1,"Y",5
43,"Meal ",26,22,4.9,"motorcycle",0,"No","Metropolitan","Stormy","Medium",1,"N",5
46,"Buffet ",30,11,4.8,"motorcycle",1,"No","Metropolitan","Fog","Jam ",2,"N",5
27,"Snack ",37,18,4.9,"motorcycle",0,"No","Metropolitan","Sunny","Low ",1,"N",10
21,"Snack ",21,12,5,"motorcycle",2,"No","Metropolitan","Stormy","Jam ",1,"N",10
22,"Buffet ",30,23,4.6,"electric_scooter",2,"No","Metropolitan","Windy","Low ",1,"N",15
16,"Drinks ",20,19,4.5,"motorcycle",0,"No","Urban","Sandstorms","Jam ",0,"N",5
22,"Snack ",35,23,4.5,"motorcycle",0,"No","Metropolitan","Sunny","Medium",1,"N",15
14,"Drinks ",36,15,4.7,"scooter",2,"No","Urban","Stormy","Low",1,"Y",5
23,"Snack ",26,22,5,"motorcycle",0,"No","Metropolitan","Sandstorms","Medium",1,"Y",10
26,"Buffet ",34,18,4.9,"motorcycle",2,"No","Urban","Sandstorms","Low",1,"N",20
26,"Drinks ",34,22,4.9,"scooter",2,"No","Metropolitan","Stormy","Medium",1,"N",15
15,"Drinks ",22,15,4.6,"scooter",1,"No","Urban","Fog","Low",0,"N",15
42,"Buffet ",27,5,3.3,"scooter",1,"No","Urban","Sunny","Low ",1,"N",10
28,"Meal ",30,16,4.8,"motorcycle",0,"No","Semi-Urban","Sunny","Medium",1,"N",5
26,"Drinks ",29,12,4.9,"electric_scooter",0,"No","Metropolitan","Sunny","Low ",1,"Y",15
20,"Meal ",21,3,4.8,"electric_scooter",2,"No","Metropolitan","Stormy","Low ",0,"N",5
11,"Buffet ",37,23,5,"scooter",1,"No","Urban","Sunny","Low",0,"N",5
22,"Meal ",30,22,4.8,"motorcycle",2,"No","Metropolitan","Sunny","Low",1,"N",10
19,"Buffet ",32,23,4.7,"motorcycle",0,"No","Metropolitan","Cloudy","Low",1,"N",15
28,"Meal ",34,19,4.8,"motorcycle",0,"No","Metropolitan","Stormy","Jam ",1,"N",5
13,"Buffet ",36,4,4.5,"motorcycle",1,"No","Urban","Stormy","Low",1,"Y",5
22,"Meal ",27,12,4.4,"motorcycle",0,"No","Metropolitan","Windy","Low ",1,"N",5
16,"Buffet ",33,23,4.6,"scooter",2,"No","Metropolitan","Cloudy","Low",0,"N",10
36,"Snack ",36,2,4,"scooter",1,"No","Urban","Fog","Medium",1,"Y",15
21,"Snack ",32,5,4.8,"electric_scooter",2,"No","Metropolitan","Windy","Medium",1,"N",15
43,"Drinks ",26,12,4.3,"motorcycle",2,"No","Metropolitan","Windy","Jam ",1,"N",10
28,"Meal ",35,8,4.8,"motorcycle",0,"No","Semi-Urban","Fog","High ",1,"N",5
21,"Drinks ",32,23,4.6,"electric_scooter",0,"No","Urban","Sunny","Low ",1,"Y",5
26,"Snack ",21,14,4.7,"scooter",2,"No","Metropolitan","Sandstorms","High ",1,"N",10
13,"Meal ",39,5,4.9,"electric_scooter",2,"No","Urban","Sunny","Low ",0,"N",5
42,"Snack ",23,15,3.9,"motorcycle",2,"Yes","Metropolitan","Stormy","Jam ",1,"Y",15
15,"Drinks ",20,21,4.8,"motorcycle",1,"No","Metropolitan","Sunny","Jam ",1,"N",5
18,"Drinks ",28,18,4.7,"motorcycle",1,"No","Urban","Windy","Low",0,"N",5
20,"Snack ",30,9,4.9,"scooter",0,"No","Metropolitan","Sunny","Low ",1,"N",5
38,"Drinks ",25,4,5,"motorcycle",1,"No","Semi-Urban","Cloudy","Medium",1,"N",15
22,"Snack ",22,22,4.3,"scooter",0,"No","Metropolitan","Windy","Low ",1,"N",5
13,"Snack ",33,22,4.6,"electric_scooter",1,"No","Urban","Cloudy","Low",1,"N",5
23,"Buffet ",29,14,4.6,"motorcycle",0,"No","Metropolitan","Windy","Medium",1,"N",5
26,"Buffet ",37,13,5,"electric_scooter",2,"No","Metropolitan","Fog","High ",1,"N",10
14,"Drinks ",22,23,5,"scooter",1,"No","Urban","Sandstorms","Low ",0,"N",10
29,"Snack ",36,18,4.9,"scooter",1,"No","Metropolitan","Sandstorms","Jam ",0,"Y",10
17,"Snack ",25,18,4.9,"scooter",1,"No","Urban","Sunny","Low",0,"N",25
43,"Drinks ",35,3,2.6,"electric_scooter",1,"Yes","Metropolitan","Sunny","Low ",1,"Y",10
16,"Buffet ",34,23,4.8,"electric_scooter",2,"No","Semi-Urban","Cloudy","Low ",0,"N",10
25,"Meal ",34,9,4.8,"electric_scooter",1,"No","Metropolitan","Fog","Medium",1,"N",5
16,"Snack ",23,9,4.5,"electric_scooter",2,"No","Semi-Urban","Sunny","High ",0,"Y",15
30,"Meal ",28,2,4.5,"electric_scooter",0,"No","Metropolitan","Cloudy","Medium",0,"N",10
28,"Drinks ",35,23,4.9,"electric_scooter",2,"No","Metropolitan","Sunny","Jam ",1,"N",10
35,"Meal ",28,7,4.4,"scooter",0,"No","Urban","Fog","Low ",2,"Y",10
32,"Meal ",33,17,4.3,"motorcycle",0,"No","Urban","Sandstorms","Medium",1,"N",15
19,"Buffet ",37,18,4.7,"scooter",2,"No","Urban","Fog","Low ",0,"N",5
23,"Meal ",39,14,4.5,"motorcycle",0,"No","Metropolitan","Fog","Low ",0,"N",10
13,"Buffet ",21,15,4.7,"electric_scooter",1,"No","Metropolitan","Windy","Low ",0,"N",15
24,"Buffet ",24,22,4.6,"scooter",2,"No","Metropolitan","Sunny","Jam ",1,"N",5
39,"Drinks ",26,13,4.8,"motorcycle",2,"No","Metropolitan","Cloudy","Jam ",2,"N",10
16,"Buffet ",21,3,4.8,"scooter",2,"No","Urban","Sandstorms","Medium",0,"N",5
31,"Meal ",36,3,4,"motorcycle",0,"No","Metropolitan","Stormy","Low ",1,"Y",10
41,"Meal ",30,18,2.6,"scooter",1,"No","Metropolitan","Sandstorms","Low ",1,"N",5
29,"Snack ",35,23,4.6,"motorcycle",2,"No","Metropolitan","Windy","Low ",1,"Y",15
31,"Drinks ",29,5,4.2,"scooter",2,"No","Urban","Fog","Low ",1,"N",15
49,"Drinks ",34,13,5,"scooter",0,"No","Semi-Urban","Windy","Jam ",1,"N",5
17,"Buffet ",36,5,4.8,"electric_scooter",2,"No","Urban","Sandstorms","Jam",0,"N",10
46,"Meal ",38,7,4.3,"motorcycle",0,"No","Metropolitan","Sunny","High ",0,"N",15
16,"Buffet ",35,13,4.8,"electric_scooter",2,"No","Metropolitan","Cloudy","Medium",0,"N",10
26,"Meal ",39,22,4.8,"scooter",2,"No","Metropolitan","Windy","Low ",1,"Y",5
44,"Meal ",25,16,4.7,"electric_scooter",0,"No","Metropolitan","Fog","Medium",0,"Y",5
11,"Meal ",33,6,4.7,"electric_scooter",2,"No","Metropolitan","Fog","Low ",1,"N",5
13,"Drinks ",29,15,4.8,"electric_scooter",1,"No","Urban","Fog","Low",0,"Y",5
21,"Buffet ",38,4,4.5,"motorcycle",1,"No","Semi-Urban","Sunny","Low ",0,"N",15
12,"Snack ",26,16,4.6,"motorcycle",2,"No","Metropolitan","Cloudy","Low ",0,"N",5
35,"Meal ",33,17,4.6,"motorcycle",0,"No","Urban","Sandstorms","Jam",1,"N",10
20,"Buffet ",20,17,4.8,"scooter",2,"No","Metropolitan","Sandstorms","Jam ",0,"N",15
25,"Drinks ",22,6,5,"motorcycle",2,"No","Metropolitan","Sunny","Medium",1,"N",5
34,"Meal ",32,8,3.9,"scooter",2,"No","Metropolitan","Windy","Medium",1,"Y",15
29,"Drinks ",30,5,4.9,"motorcycle",1,"No","Metropolitan","Stormy","Low ",1,"N",5
18,"Drinks ",22,18,4.7,"motorcycle",1,"No","Metropolitan","Sunny","Medium",1,"N",10
21,"Snack ",22,9,4.9,"motorcycle",0,"No","Urban","Sunny","Medium",1,"Y",5
27,"Meal ",24,22,4.7,"scooter",1,"No","Metropolitan","Fog","Low",1,"Y",5
22,"Drinks ",36,19,4.8,"electric_scooter",2,"No","Metropolitan","Stormy","Low ",1,"N",5
21,"Drinks ",35,17,4.6,"scooter",2,"No","Semi-Urban","Windy","Low ",1,"N",15
20,"Drinks ",25,18,5,"scooter",1,"No","Semi-Urban","Sandstorms","Low ",1,"N",5
25,"Buffet ",39,5,4.3,"motorcycle",0,"No","Urban","Sandstorms","Low",1,"N",10
21,"Meal ",26,18,4.6,"scooter",2,"No","Metropolitan","Windy","Medium",1,"N",10
48,"Drinks ",30,19,5,"electric_scooter",0,"No","Semi-Urban","Cloudy","Jam ",0,"Y",15
26,"Snack ",35,17,4.7,"scooter",2,"No","Urban","Stormy","Jam",1,"Y",10
25,"Meal ",24,6,4.5,"motorcycle",0,"No","Urban","Fog","Low ",1,"N",10
17,"Drinks ",23,16,4.8,"motorcycle",0,"No","Urban","Windy","High",1,"N",5
20,"Snack ",29,22,5,"motorcycle",2,"No","Metropolitan","Windy","Medium",1,"N",5
31,"Snack ",30,8,5,"motorcycle",0,"No","Metropolitan","Stormy","Medium",1,"Y",5
35,"Meal ",25,21,4.6,"scooter",2,"No","Metropolitan","Cloudy","Jam ",1,"Y",5
41,"Buffet ",38,18,4.7,"electric_scooter",0,"No","Urban","Cloudy","Low",2,"N",20
19,"Buffet ",29,6,4.5,"scooter",1,"No","Urban","Sunny","High",1,"N",15
18,"Meal ",21,15,4.6,"scooter",1,"No","Urban","Fog","Low",1,"N",10
32,"Buffet ",26,6,4.1,"motorcycle",0,"No","Metropolitan","Sandstorms","High ",1,"N",5
41,"Snack ",36,8,4.8,"motorcycle",0,"No","Semi-Urban","Stormy","Jam ",1,"N",5
34,"Meal ",25,6,4.9,"electric_scooter",1,"No","Metropolitan","Cloudy","Jam ",2,"N",5
30,"Snack ",22,18,4.5,"motorcycle",1,"No","Metropolitan","Stormy","Jam ",1,"N",10
25,"Drinks ",39,6,4.3,"electric_scooter",0,"No","Semi-Urban","Sandstorms","Low",1,"N",5
17,"Snack ",20,9,4.9,"scooter",1,"No","Urban","Sunny","Medium",1,"Y",5
19,"Drinks ",20,5,4.1,"motorcycle",0,"No","Urban","Sandstorms","Low",0,"N",5
11,"Snack ",29,23,4.9,"electric_scooter",2,"No","Urban","Cloudy","Low",0,"N",15
22,"Meal ",39,15,4.7,"motorcycle",1,"No","Urban","Sunny","Medium",1,"N",10
23,"Meal ",30,6,4.8,"motorcycle",1,"No","Metropolitan","Sunny","Medium",1,"Y",15
19,"Snack ",32,11,4.7,"scooter",1,"No","Metropolitan","Windy","Low ",1,"N",15
24,"Drinks ",31,23,4.6,"electric_scooter",2,"No","Urban","Sandstorms","Low",1,"N",15
32,"Meal ",35,2,4.1,"motorcycle",2,"No","Urban","Sandstorms","Jam",1,"N",10
29,"Meal ",21,12,5,"electric_scooter",2,"No","Metropolitan","Sunny","Low ",1,"N",15
21,"Meal ",37,16,4.8,"motorcycle",1,"No","Semi-Urban","Stormy","Low ",0,"Y",10
23,"Meal ",28,13,4.8,"motorcycle",2,"No","Metropolitan","Sunny","Jam ",1,"Y",10
43,"Drinks ",26,22,4.9,"motorcycle",0,"No","Metropolitan","Sunny","Jam ",1,"Y",15
25,"Drinks ",29,22,4.9,"electric_scooter",2,"No","Metropolitan","Fog","Jam ",0,"N",5
38,"Meal ",22,5,4.2,"scooter",2,"No","Metropolitan","Stormy","High ",1,"N",10
39,"Buffet ",37,15,4.9,"motorcycle",0,"No","Metropolitan","Windy","Jam ",2,"N",10
33,"Snack ",39,5,4.2,"motorcycle",0,"No","Metropolitan","Sandstorms","Low ",0,"N",5
25,"Drinks ",23,18,4.6,"motorcycle",0,"No","Metropolitan","Sunny","Jam ",1,"N",5
29,"Buffet ",32,4,4.9,"scooter",1,"No","Metropolitan","Stormy","Low ",1,"N",5
11,"Snack ",39,23,4.9,"motorcycle",1,"No","Metropolitan","Windy","Low ",0,"N",5
31,"Buffet ",25,6,4,"motorcycle",1,"No","Metropolitan","Windy","High ",1,"Y",5
47,"Snack ",22,5,4,"electric_scooter",0,"Yes","Urban","Windy","Jam ",1,"N",5
24,"Meal ",33,13,4.6,"electric_scooter",1,"No","Metropolitan","Sandstorms","Medium",0,"N",5
30,"Drinks ",31,18,4.7,"electric_scooter",1,"No","Urban","Fog","Jam",1,"N",5
22,"Meal ",38,19,4.7,"scooter",0,"No","Metropolitan","Fog","Low ",0,"N",5
12,"Meal ",28,18,4.9,"motorcycle",1,"No","Metropolitan","Cloudy","Medium",0,"N",15
27,"Meal ",27,21,4.8,"motorcycle",0,"No","Metropolitan","Stormy","Jam ",1,"N",5
41,"Snack ",39,6,4.7,"electric_scooter",1,"Yes","Metropolitan","Fog","Jam ",1,"N",15
21,"Meal ",24,17,4.9,"motorcycle",0,"No","Metropolitan","Fog","High ",1,"Y",15
26,"Snack ",31,22,4.9,"electric_scooter",1,"No","Metropolitan","Stormy","Medium",1,"N",10
28,"Drinks ",27,23,5,"motorcycle",1,"No","Metropolitan","Windy","Medium",1,"Y",10
38,"Drinks ",24,3,4.2,"electric_scooter",0,"No","Metropolitan","Sandstorms","Medium",0,"N",5
49,"Drinks ",22,5,4.9,"electric_scooter",0,"Yes","Metropolitan","Fog","Medium",1,"N",10
16,"Buffet ",26,13,4.6,"motorcycle",1,"No","Metropolitan","Sunny","Low ",1,"Y",15
22,"Meal ",35,19,4.9,"electric_scooter",2,"No","Semi-Urban","Sunny","Low ",1,"N",15
28,"Buffet ",22,18,4.9,"electric_scooter",2,"No","Urban","Windy","High",1,"N",5
26,"Meal ",24,21,4.8,"scooter",2,"No","Metropolitan","Stormy","Medium",1,"N",10
24,"Snack ",21,14,4.7,"motorcycle",1,"No","Metropolitan","Cloudy","Low ",0,"N",5
26,"Meal ",21,15,4.7,"motorcycle",1,"No","Urban","Stormy","Medium",1,"N",10
16,"Buffet ",20,13,4.8,"electric_scooter",2,"No","Metropolitan","Sandstorms","Low ",0,"N",5
17,"Snack ",37,6,4.6,"scooter",1,"No","Urban","Cloudy","Low",1,"N",15
28,"Meal ",29,6,4.7,"scooter",2,"No","Metropolitan","Windy","High ",0,"N",15
20,"Snack ",23,23,4.6,"electric_scooter",0,"No","Metropolitan","Fog","Low ",0,"N",5
39,"Snack ",38,19,5,"electric_scooter",1,"Yes","Metropolitan","Cloudy","Medium",1,"Y",15
34,"Snack ",37,8,4,"motorcycle",1,"No","Metropolitan","Sandstorms","Jam ",0,"N",5
29,"Drinks ",38,11,4.6,"scooter",2,"No","Metropolitan","Windy","Low ",1,"N",5
37,"Snack ",29,2,4.1,"scooter",1,"No","Semi-Urban","Fog","Jam ",1,"N",15
46,"Snack ",22,13,4.3,"motorcycle",1,"No","Semi-Urban","Fog","Jam ",0,"Y",15
34,"Buffet ",25,22,4.9,"electric_scooter",2,"No","Semi-Urban","Cloudy","Jam",1,"Y",15
27,"Drinks ",26,9,4.9,"electric_scooter",1,"No","Metropolitan","Windy","Medium",0,"N",10
22,"Snack ",32,19,4.3,"electric_scooter",0,"No","Metropolitan","Sunny","Low ",1,"N",10
28,"Buffet ",39,9,4.3,"motorcycle",0,"No","Urban","Sandstorms","Low ",0,"N",5
31,"Meal ",38,8,4.3,"electric_scooter",1,"No","Semi-Urban","Sandstorms","Medium",1,"N",15
15,"Meal ",38,4,4.8,"electric_scooter",2,"No","Metropolitan","Sunny","Jam ",1,"N",10
16,"Drinks ",22,9,4.5,"electric_scooter",2,"No","Metropolitan","Sandstorms","Low ",1,"N",10
20,"Buffet ",24,14,4.7,"scooter",2,"No","Metropolitan","Windy","Jam ",1,"N",5
18,"Buffet ",31,14,4.6,"motorcycle",1,"No","Metropolitan","Fog","Low ",1,"N",10
13,"Snack ",21,23,4.9,"scooter",1,"No","Urban","Sunny","Low ",1,"N",5
39,"Meal ",21,6,3.9,"scooter",2,"Yes","Urban","Stormy","Jam ",1,"N",5
35,"Snack ",27,23,4.4,"scooter",2,"No","Metropolitan","Sandstorms","Jam ",1,"N",5
38,"Drinks ",24,1,3.9,"scooter",1,"No","Semi-Urban","Fog","Low ",2,"Y",5
15,"Snack ",34,4,4.7,"scooter",2,"No","Metropolitan","Cloudy","Low ",0,"N",10
28,"Snack ",25,18,4.6,"electric_scooter",1,"No","Urban","Cloudy","Medium",1,"Y",5
34,"Drinks ",37,4,4.1,"scooter",1,"No","Metropolitan","Fog","High ",1,"N",15
29,"Drinks ",35,3,4.5,"electric_scooter",2,"No","Metropolitan","Stormy","Jam ",0,"N",15
15,"Drinks ",25,19,4.6,"electric_scooter",2,"No","Metropolitan","Cloudy","Low ",0,"N",15
33,"Buffet ",38,13,4,"scooter",2,"No","Metropolitan","Sandstorms","Jam ",1,"Y",15
24,"Drinks ",38,16,4.8,"scooter",2,"No","Metropolitan","Windy","Medium",0,"Y",10
38,"Buffet ",25,13,3.9,"scooter",1,"No","Semi-Urban","Windy","Jam ",0,"Y",5
39,"Buffet ",26,19,4.8,"motorcycle",0,"No","Semi-Urban","Stormy","Jam",1,"N",5
30,"Snack ",25,4,4.8,"electric_scooter",2,"No","Metropolitan","Sandstorms","Jam ",1,"N",15
23,"Drinks ",35,22,4.7,"scooter",2,"No","Semi-Urban","Windy","Medium",1,"N",5
18,"Meal ",28,14,4.7,"scooter",0,"No","Metropolitan","Sunny","Medium",1,"N",5
24,"Drinks ",33,13,4.5,"motorcycle",0,"No","Metropolitan","Stormy","Jam ",1,"N",5
31,"Drinks ",38,6,4.5,"electric_scooter",2,"No","Urban","Stormy","Low ",0,"N",15
33,"Snack ",38,19,4.9,"motorcycle",0,"No","Metropolitan","Sandstorms","Jam ",1,"N",10
34,"Buffet ",33,1,3.1,"electric_scooter",2,"No","Metropolitan","Sunny","Low ",1,"N",10
24,"Meal ",22,14,4.9,"scooter",0,"No","Metropolitan","Sunny","Low ",0,"N",5
16,"Meal ",29,23,4.6,"motorcycle",0,"No","Semi-Urban","Sunny","Medium",0,"N",5
34,"Snack ",31,3,4.4,"motorcycle",2,"No","Metropolitan","Cloudy","Jam ",1,"N",5
17,"Drinks ",36,17,4.5,"motorcycle",1,"No","Metropolitan","Windy","Low ",0,"N",20
38,"Snack ",39,15,4.7,"motorcycle",1,"No","Semi-Urban","Cloudy","Jam",1,"Y",10
39,"Buffet ",34,23,4.9,"electric_scooter",0,"No","Urban","Stormy","Medium",1,"Y",15
15,"Snack ",21,19,4.7,"scooter",2,"No","Urban","Windy","Medium",1,"N",5
22,"Meal ",21,18,4.8,"motorcycle",0,"No","Semi-Urban","Sandstorms","High",0,"Y",5
37,"Snack ",24,15,4.9,"electric_scooter",2,"No","Metropolitan","Cloudy","Medium",1,"Y",5
18,"Snack ",28,21,4.8,"electric_scooter",2,"No","Metropolitan","Windy","Low ",1,"N",10
36,"Drinks ",32,5,3.6,"scooter",1,"No","Metropolitan","Windy","Medium",1,"N",10
44,"Buffet ",20,15,4.6,"electric_scooter",0,"Yes","Metropolitan","Fog","Medium",1,"Y",10
44,"Snack ",22,3,4.2,"motorcycle",2,"No","Semi-Urban","Fog","Jam ",1,"N",5
24,"Buffet ",39,6,4.6,"motorcycle",2,"No","Metropolitan","Stormy","Medium",0,"N",15
43,"Snack ",24,23,2.5,"scooter",1,"No","Metropolitan","Sunny","Low ",1,"N",20
37,"Drinks ",39,3,4.1,"electric_scooter",0,"No","Semi-Urban","Sunny","Medium",1,"N",10
30,"Buffet ",23,23,4.8,"motorcycle",0,"No","Metropolitan","Sandstorms","Medium",1,"N",5
39,"Drinks ",20,13,4.1,"motorcycle",0,"No","Metropolitan","Sandstorms","Jam ",1,"N",10
16,"Buffet ",28,14,4.9,"scooter",2,"No","Metropolitan","Stormy","Jam ",0,"Y",10
38,"Drinks ",25,4,3.8,"scooter",1,"No","Semi-Urban","Fog","Low ",1,"Y",15
33,"Snack ",36,18,4.6,"motorcycle",0,"No","Urban","Stormy","Medium",1,"Y",5
51,"Drinks ",25,4,4.4,"motorcycle",0,"No","Metropolitan","Sandstorms","Jam ",1,"N",5
15,"Buffet ",36,9,4,"motorcycle",0,"No","Urban","Stormy","Low ",0,"N",10
33,"Drinks ",25,1,4,"electric_scooter",0,"No","Urban","Stormy","Low ",1,"N",5
10,"Meal ",34,3,4.6,"scooter",2,"No","Metropolitan","Fog","Low ",1,"N",5
22,"Buffet ",36,2,4.9,"motorcycle",0,"No","Metropolitan","Fog","Low ",1,"Y",5
15,"Drinks ",39,6,4.8,"electric_scooter",2,"No","Metropolitan","Sunny","Low ",1,"N",15
37,"Meal ",20,3,3.6,"motorcycle",2,"No","Metropolitan","Stormy","Medium",0,"Y",5
18,"Meal ",23,3,4.8,"motorcycle",1,"No","Urban","Sandstorms","Low ",1,"N",15
53,"Snack ",25,21,4.6,"motorcycle",0,"No","Metropolitan","Stormy","Jam ",0,"N",10
13,"Drinks ",35,9,4.6,"scooter",1,"No","Metropolitan","Sunny","High ",1,"N",5
18,"Buffet ",28,21,5,"motorcycle",1,"No","Urban","Sandstorms","High",1,"N",5
42,"Snack ",31,7,4.9,"motorcycle",0,"No","Metropolitan","Stormy","High ",2,"N",15
20,"Buffet ",39,2,5,"motorcycle",0,"No","Metropolitan","Fog","Low ",1,"N",10
15,"Meal ",26,18,4.5,"scooter",1,"No","Semi-Urban","Sunny","Medium",1,"N",5
20,"Meal ",29,15,4.9,"motorcycle",1,"No","Urban","Sunny","Low ",1,"N",5
25,"Drinks ",30,21,4.7,"motorcycle",0,"No","Metropolitan","Windy","Low ",0,"N",15
40,"Meal ",33,7,4.9,"scooter",0,"No","Metropolitan","Windy","High ",1,"N",10
26,"Meal ",27,9,4.8,"motorcycle",0,"No","Semi-Urban","Fog","Medium",0,"N",10
28,"Buffet ",29,23,5,"motorcycle",2,"No","Metropolitan","Sunny","Low ",1,"N",15
35,"Snack ",27,6,3.8,"scooter",1,"No","Urban","Windy","Jam ",1,"N",5
18,"Snack ",23,19,4.9,"motorcycle",0,"No","Urban","Cloudy","Low",1,"N",15
46,"Buffet ",33,8,4.9,"motorcycle",0,"Yes","Urban","Stormy","Jam ",3,"N",15
29,"Buffet ",30,7,4.9,"scooter",1,"No","Urban","Cloudy","Jam ",1,"Y",15
22,"Snack ",24,15,4.6,"electric_scooter",2,"No","Urban","Stormy","Medium",1,"N",15
27,"Buffet ",20,15,4.8,"scooter",2,"No","Metropolitan","Cloudy","Jam ",1,"N",5
33,"Snack ",21,22,4.4,"scooter",2,"No","Urban","Fog","Jam ",1,"N",15
42,"Snack ",36,8,4.6,"motorcycle",0,"No","Metropolitan","Cloudy","Medium",2,"N",5
21,"Snack ",29,23,4.8,"electric_scooter",0,"No","Metropolitan","Fog","Medium",1,"N",10
34,"Snack ",25,6,4.1,"scooter",1,"No","Semi-Urban","Windy","Jam ",0,"Y",5
17,"Snack ",29,9,4.9,"electric_scooter",2,"No","Metropolitan","Sandstorms","Low ",1,"N",15
23,"Buffet ",39,15,4.9,"motorcycle",2,"No","Urban","Windy","Medium",1,"N",15
26,"Drinks ",21,15,4.6,"scooter",2,"No","Urban","Sandstorms","Medium",1,"Y",5
21,"Snack ",27,6,4.7,"motorcycle",0,"No","Metropolitan","Cloudy","Low ",0,"Y",5
20,"Buffet ",36,17,4.6,"electric_scooter",0,"No","Metropolitan","Fog","Low ",1,"N",15
15,"Meal ",38,18,4.9,"scooter",2,"No","Urban","Stormy","Low ",0,"Y",15
11,"Snack ",36,16,4.9,"motorcycle",2,"No","Metropolitan","Cloudy","Low ",0,"N",5
42,"Meal ",20,3,4.4,"motorcycle",2,"No","Urban","Windy","Jam",1,"N",10
26,"Snack ",36,17,4.7,"electric_scooter",1,"No","Urban","Windy","Medium",1,"Y",5
10,"Meal ",24,17,4.9,"scooter",1,"No","Urban","Stormy","Low",0,"N",10
26,"Meal ",38,15,4.8,"scooter",1,"No","Semi-Urban","Windy","Low ",1,"N",10
15,"Buffet ",22,22,4.8,"electric_scooter",0,"No","Metropolitan","Windy","Low ",0,"N",5
31,"Buffet ",28,12,4.6,"electric_scooter",0,"No","Metropolitan","Sunny","Jam ",0,"Y",5
17,"Meal ",30,4,4.6,"motorcycle",2,"No","Metropolitan","Sandstorms","High ",0,"N",5
12,"Meal ",28,7,4.5,"motorcycle",2,"No","Metropolitan","Sandstorms","Low ",0,"N",20
17,"Drinks ",36,17,4.5,"motorcycle",1,"No","Metropolitan","Windy","Low ",0,"N",20
34,"Drinks ",26,3,4.2,"scooter",0,"No","Metropolitan","Windy","High ",1,"N",15
23,"Meal ",37,23,4.5,"scooter",2,"No","Metropolitan","Sunny","High ",1,"N",5
25,"Buffet ",23,23,4.6,"motorcycle",2,"No","Metropolitan","Stormy","Jam ",1,"N",5
40,"Drinks ",33,7,4.2,"scooter",1,"No","Semi-Urban","Stormy","Jam ",2,"Y",10
26,"Buffet ",23,18,5,"scooter",2,"No","Urban","Cloudy","High",1,"N",5
39,"Drinks ",21,23,4.8,"electric_scooter",0,"No","Urban","Sunny","Low ",0,"N",25
15,"Buffet ",21,9,4.9,"motorcycle",1,"No","Metropolitan","Sunny","Low ",1,"N",10
19,"Drinks ",38,3,4.9,"electric_scooter",2,"No","Metropolitan","Fog","Medium",1,"Y",10
19,"Drinks ",33,15,5,"motorcycle",1,"No","Semi-Urban","Sunny","Low ",1,"N",5
28,"Meal ",30,17,5,"scooter",2,"No","Urban","Cloudy","High ",1,"Y",15
31,"Meal ",22,4,4.8,"scooter",1,"No","Urban","Sandstorms","Jam",1,"N",15
34,"Buffet ",33,6,4.1,"electric_scooter",1,"No","Urban","Windy","Medium",1,"N",15
22,"Drinks ",22,13,4.9,"motorcycle",0,"No","Urban","Windy","Medium",0,"Y",15
20,"Buffet ",36,22,4.6,"motorcycle",0,"No","Metropolitan","Fog","Low ",1,"N",5
11,"Drinks ",34,3,5,"motorcycle",1,"No","Urban","Windy","Low",0,"N",5
31,"Drinks ",23,5,3.2,"motorcycle",2,"No","Metropolitan","Sunny","Low ",1,"N",15
17,"Meal ",30,19,4.7,"motorcycle",2,"No","Semi-Urban","Windy","Low",1,"N",5
16,"Snack ",24,12,4.8,"motorcycle",2,"No","Metropolitan","Sunny","High ",1,"N",10
18,"Meal ",23,23,4.8,"motorcycle",2,"No","Urban","Stormy","Low ",0,"N",10
37,"Buffet ",20,4,4,"electric_scooter",0,"No","Semi-Urban","Fog","Low",1,"N",15
25,"Snack ",28,22,4.9,"electric_scooter",1,"No","Urban","Sandstorms","Low",1,"Y",10
16,"Drinks ",33,17,4.9,"motorcycle",1,"No","Metropolitan","Fog","Medium",0,"N",15
38,"Buffet ",38,23,4.6,"motorcycle",0,"No","Metropolitan","Fog","Low ",1,"N",15
34,"Meal ",21,2,4.1,"motorcycle",1,"No","Metropolitan","Sandstorms","High ",1,"N",15
20,"Drinks ",30,22,4.7,"scooter",0,"No","Urban","Fog","Low",0,"N",10
30,"Drinks ",24,3,4.8,"electric_scooter",2,"No","Metropolitan","Stormy","High ",1,"N",15
32,"Drinks ",26,22,4.4,"scooter",2,"No","Metropolitan","Fog","Medium",0,"N",10
25,"Meal ",20,18,5,"motorcycle",0,"No","Urban","Sandstorms","Medium",1,"N",15
18,"Snack ",34,15,4.8,"motorcycle",0,"No","Urban","Stormy","Low",0,"Y",20
17,"Drinks ",31,22,4.8,"electric_scooter",2,"No","Semi-Urban","Sandstorms","Low ",1,"N",15
20,"Buffet ",32,18,4.8,"motorcycle",0,"No","Metropolitan","Windy","Low ",1,"N",15
18,"Buffet ",29,19,4.8,"motorcycle",2,"No","Urban","Windy","Low",1,"N",25
38,"Snack ",31,7,4.6,"electric_scooter",1,"No","Metropolitan","Cloudy","Jam ",1,"N",15
31,"Drinks ",21,17,4.4,"electric_scooter",2,"No","Metropolitan","Windy","Medium",0,"N",10
32,"Buffet ",36,18,4.8,"electric_scooter",0,"No","Semi-Urban","Sunny","Medium",1,"N",10
25,"Snack ",23,7,5,"motorcycle",0,"No","Urban","Fog","High ",1,"Y",5
41,"Drinks ",27,2,3.9,"motorcycle",2,"No","Urban","Sandstorms","Jam",1,"Y",5
23,"Snack ",32,18,4.6,"motorcycle",1,"No","Urban","Sandstorms","Low",0,"N",15
29,"Snack ",24,7,4.8,"motorcycle",2,"No","Metropolitan","Stormy","Medium",1,"N",10
44,"Buffet ",26,3,4.2,"motorcycle",2,"No","Metropolitan","Windy","Jam ",1,"Y",15
43,"Drinks ",30,4,4.9,"motorcycle",2,"No","Metropolitan","Cloudy","Jam ",3,"N",5
16,"Snack ",23,23,4.6,"motorcycle",1,"No","Metropolitan","Sunny","Low ",0,"N",15
29,"Buffet ",21,2,4.8,"motorcycle",0,"No","Metropolitan","Fog","High ",1,"N",15
47,"Snack ",20,15,4,"scooter",1,"No","Metropolitan","Fog","Jam ",2,"Y",10
24,"Drinks ",35,9,5,"scooter",0,"No","Metropolitan","Sandstorms","Low ",1,"N",5
30,"Buffet ",24,15,4.9,"motorcycle",2,"No","Semi-Urban","Sandstorms","Jam",1,"N",10
36,"Meal ",24,18,4,"motorcycle",0,"No","Metropolitan","Windy","Jam ",0,"N",15
23,"Snack ",23,23,4.7,"electric_scooter",1,"No","Metropolitan","Sandstorms","Jam ",0,"N",10
28,"Snack ",25,11,4,"motorcycle",0,"No","Metropolitan","Windy","Low ",1,"N",15
30,"Drinks ",27,19,4.8,"motorcycle",1,"No","Metropolitan","Fog","Jam ",1,"N",10
24,"Snack ",24,13,4.7,"motorcycle",0,"No","Metropolitan","Sunny","Low ",1,"N",10
12,"Snack ",23,16,4.6,"motorcycle",2,"No","Urban","Fog","Low",1,"N",5
28,"Snack ",36,23,4.6,"scooter",1,"No","Urban","Windy","Low",1,"Y",10
17,"Buffet ",38,9,4.7,"electric_scooter",2,"No","Metropolitan","Stormy","Low ",0,"Y",5
25,"Snack ",25,23,4.6,"electric_scooter",1,"No","Urban","Sandstorms","Medium",1,"N",15
20,"Buffet ",22,22,4.7,"electric_scooter",2,"No","Urban","Windy","Jam",1,"Y",5
27,"Snack ",30,17,4.7,"scooter",2,"No","Metropolitan","Windy","Jam ",1,"N",5
16,"Drinks ",26,16,4.7,"scooter",2,"No","Urban","Sunny","High",1,"Y",15
33,"Drinks ",39,12,4.4,"motorcycle",0,"No","Metropolitan","Windy","Medium",1,"Y",5
27,"Drinks ",34,21,4.8,"scooter",2,"No","Metropolitan","Stormy","Jam ",1,"N",10
16,"Meal ",33,16,4.9,"motorcycle",1,"No","Urban","Stormy","Low",1,"N",15
29,"Meal ",24,18,4.6,"motorcycle",2,"No","Metropolitan","Sandstorms","Jam ",1,"N",15
27,"Drinks ",24,17,4.7,"motorcycle",2,"No","Metropolitan","Stormy","Medium",1,"N",10
19,"Buffet ",32,8,4.7,"electric_scooter",1,"No","Semi-Urban","Sunny","Medium",0,"N",15
24,"Meal ",21,17,4.6,"electric_scooter",2,"No","Metropolitan","Sunny","Low ",1,"N",5
34,"Snack ",35,23,4.6,"scooter",0,"No","Metropolitan","Windy","Medium",0,"Y",15
28,"Drinks ",34,9,4.5,"scooter",0,"No","Metropolitan","Sunny","Medium",1,"N",15
16,"Meal ",26,17,5,"electric_scooter",1,"No","Metropolitan","Sunny","Low ",1,"N",30
30,"Meal ",35,6,4.8,"motorcycle",0,"No","Urban","Windy","High ",1,"Y",5
18,"Drinks ",29,17,4.8,"scooter",2,"No","Metropolitan","Fog","Low ",1,"N",15
30,"Buffet ",38,4,4.7,"motorcycle",2,"No","Metropolitan","Sandstorms","Medium",0,"N",15
43,"Buffet ",29,1,4.3,"motorcycle",1,"No","Urban","Stormy","Jam",1,"N",5
39,"Drinks ",37,13,4.1,"electric_scooter",0,"No","Semi-Urban","Windy","Medium",1,"N",5
33,"Buffet ",21,3,4.8,"motorcycle",2,"No","Urban","Stormy","Jam ",1,"N",5
20,"Drinks ",31,21,4,"motorcycle",0,"No","Metropolitan","Stormy","Low ",0,"N",10
34,"Buffet ",33,3,4.7,"electric_scooter",1,"No","Urban","Windy","Medium",1,"Y",15
18,"Snack ",29,21,4.4,"motorcycle",0,"No","Metropolitan","Sandstorms","Low ",1,"Y",10
23,"Snack ",34,9,4.7,"motorcycle",1,"No","Urban","Sandstorms","Low ",1,"Y",25
28,"Buffet ",24,14,4.9,"scooter",2,"No","Metropolitan","Fog","Low ",1,"N",5
21,"Buffet ",21,2,4.3,"scooter",0,"No","Metropolitan","Sandstorms","Low",0,"N",10
22,"Buffet ",34,14,4.6,"scooter",1,"No","Metropolitan","Sunny","Jam ",1,"Y",5
31,"Buffet ",28,13,4.2,"motorcycle",1,"No","Semi-Urban","Cloudy","Medium",0,"N",5
28,"Buffet ",28,22,4.8,"electric_scooter",1,"No","Metropolitan","Sandstorms","Medium",1,"Y",15
31,"Meal ",24,18,4.9,"motorcycle",0,"No","Urban","Sandstorms","High",0,"N",5
15,"Snack ",29,16,4.8,"scooter",0,"No","Metropolitan","Stormy","Medium",1,"N",15
35,"Drinks ",30,9,4.3,"scooter",1,"No","Metropolitan","Cloudy","Medium",2,"N",5
26,"Buffet ",33,22,4.6,"electric_scooter",2,"No","Urban","Windy","Medium",1,"N",15
25,"Snack ",30,21,4.7,"electric_scooter",0,"No","Metropolitan","Windy","Low",1,"N",5
44,"Drinks ",24,23,4.8,"motorcycle",0,"Yes","Metropolitan","Fog","Medium",2,"N",15
38,"Meal ",35,14,4.1,"motorcycle",1,"No","Metropolitan","Fog","Jam ",1,"Y",10
17,"Drinks ",30,8,4.2,"motorcycle",0,"No","Metropolitan","Stormy","Low ",0,"Y",15
26,"Snack ",31,6,4.9,"motorcycle",0,"No","Metropolitan","Fog","Low ",1,"N",15
16,"Drinks ",29,21,4.7,"motorcycle",1,"No","Urban","Sunny","Jam ",0,"N",15
21,"Snack ",26,16,4.6,"scooter",0,"No","Metropolitan","Fog","Low ",1,"N",10
37,"Snack ",29,23,4.4,"motorcycle",0,"No","Metropolitan","Sandstorms","Jam ",0,"N",10
20,"Snack ",26,19,5,"electric_scooter",0,"No","Urban","Stormy","Low",0,"N",5
39,"Meal ",22,3,2.9,"electric_scooter",1,"No","Metropolitan","Sunny","Low ",1,"N",15
22,"Snack ",39,23,5,"scooter",1,"No","Metropolitan","Sunny","Jam ",1,"N",15
38,"Meal ",34,3,4.7,"motorcycle",0,"No","Semi-Urban","Stormy","Medium",0,"N",5
15,"Drinks ",30,19,4.9,"motorcycle",1,"No","Metropolitan","Windy","Jam",1,"Y",5
21,"Meal ",32,12,4.8,"motorcycle",0,"No","Metropolitan","Cloudy","Low ",0,"N",5
29,"Buffet ",30,8,4.9,"scooter",1,"No","Metropolitan","Fog","Jam ",1,"N",15
17,"Meal ",33,22,4.6,"motorcycle",0,"No","Metropolitan","Sunny","Medium",1,"N",15
28,"Drinks ",32,23,4.8,"scooter",2,"No","Urban","Stormy","Jam",0,"N",10
28,"Drinks ",31,2,4.3,"motorcycle",0,"No","Semi-Urban","Windy","Low ",0,"N",5
41,"Buffet ",35,7,4.6,"motorcycle",2,"No","Urban","Cloudy","Jam ",0,"Y",5
19,"Snack ",26,19,4.7,"motorcycle",2,"No","Semi-Urban","Sandstorms","Low ",0,"N",5
37,"Buffet ",36,9,4.1,"motorcycle",1,"No","Metropolitan","Sandstorms","Jam ",1,"N",15
46,"Buffet ",39,9,4.6,"motorcycle",0,"No","Metropolitan","Stormy","Jam ",1,"N",15
36,"Meal ",31,18,3.7,"scooter",1,"No","Metropolitan","Stormy","Medium",1,"Y",5
47,"Buffet ",31,16,4.7,"electric_scooter",0,"No","Semi-Urban","Cloudy","Jam ",3,"Y",10
35,"Drinks ",29,1,3.5,"motorcycle",1,"No","Metropolitan","Windy","Jam ",1,"N",10
22,"Snack ",29,18,4.8,"motorcycle",2,"No","Semi-Urban","Stormy","Jam",0,"Y",5
26,"Drinks ",35,6,5,"motorcycle",1,"No","Urban","Sunny","Medium",1,"N",5
24,"Snack ",22,3,4.8,"motorcycle",0,"No","Urban","Windy","Medium",0,"N",5
28,"Drinks ",33,4,4.5,"motorcycle",0,"No","Semi-Urban","Windy","Medium",1,"N",10
10,"Buffet ",29,15,4.7,"scooter",2,"No","Urban","Sunny","Medium",0,"N",10
30,"Buffet ",30,18,4.8,"motorcycle",1,"No","Metropolitan","Windy","Medium",1,"Y",15
21,"Snack ",23,15,4.5,"scooter",2,"No","Metropolitan","Sandstorms","Low ",0,"Y",5
26,"Snack ",37,21,5,"motorcycle",0,"No","Urban","Sunny","Medium",0,"N",10
35,"Snack ",30,7,4.3,"electric_scooter",1,"No","Metropolitan","Fog","Medium",1,"N",10
38,"Drinks ",24,4,4.2,"electric_scooter",2,"No","Metropolitan","Fog","Medium",2,"Y",10
22,"Snack ",30,3,4.8,"scooter",1,"No","Metropolitan","Sandstorms","Low ",0,"N",5
28,"Drinks ",26,18,4.7,"scooter",0,"No","Urban","Sunny","Low",1,"N",15
42,"Buffet ",39,4,4,"electric_scooter",0,"No","Metropolitan","Fog","Low ",0,"N",20
38,"Buffet ",29,16,4.8,"electric_scooter",2,"No","Metropolitan","Fog","High ",0,"Y",15
16,"Meal ",28,21,4.9,"motorcycle",2,"No","Metropolitan","Sandstorms","High ",0,"N",5
43,"Drinks ",21,4,4.1,"scooter",2,"No","Urban","Cloudy","Jam ",2,"Y",10
27,"Snack ",32,19,4.8,"motorcycle",2,"No","Urban","Stormy","Medium",0,"N",15
17,"Snack ",32,17,4.7,"electric_scooter",2,"No","Urban","Sunny","High ",0,"Y",10
22,"Buffet ",33,8,4.5,"motorcycle",0,"No","Semi-Urban","Stormy","Low ",1,"N",10
17,"Snack ",25,23,4.8,"scooter",1,"No","Urban","Sunny","Jam ",0,"N",15
10,"Snack ",37,22,4.8,"motorcycle",1,"No","Urban","Sandstorms","Low",0,"N",15
26,"Meal ",20,22,4.5,"motorcycle",0,"No","Metropolitan","Windy","Low ",1,"N",15
39,"Drinks ",22,1,5,"motorcycle",2,"No","Metropolitan","Cloudy","Medium",1,"N",5
43,"Snack ",24,23,2.5,"scooter",1,"No","Metropolitan","Sunny","Low ",1,"N",20
25,"Meal ",37,23,4.8,"motorcycle",2,"No","Metropolitan","Sandstorms","High ",1,"N",5
38,"Drinks ",26,19,4.3,"motorcycle",0,"No","Metropolitan","Stormy","High ",1,"N",5
18,"Drinks ",39,22,5,"scooter",2,"No","Urban","Sandstorms","Low",1,"Y",15
19,"Buffet ",38,23,4.9,"scooter",2,"No","Metropolitan","Stormy","Jam ",1,"N",5
20,"Buffet ",27,17,4.1,"motorcycle",0,"No","Metropolitan","Windy","Low ",1,"N",5
21,"Meal ",23,15,4.6,"motorcycle",1,"No","Metropolitan","Cloudy","Low ",0,"N",5
34,"Drinks ",27,9,4.9,"motorcycle",1,"No","Metropolitan","Sandstorms","High ",0,"Y",15
31,"Meal ",25,11,4,"scooter",1,"No","Metropolitan","Fog","Jam ",1,"N",5
20,"Meal ",31,4,5,"electric_scooter",2,"No","Metropolitan","Stormy","Medium",1,"N",15
13,"Meal ",30,17,4.9,"electric_scooter",0,"No","Urban","Sunny","Low",0,"N",10
49,"Buffet ",36,8,4.6,"motorcycle",0,"Yes","Semi-Urban","Fog","Jam ",1,"N",10
37,"Drinks ",23,23,5,"motorcycle",0,"No","Metropolitan","Windy","Jam ",1,"N",15
20,"Buffet ",39,23,4.6,"scooter",2,"No","Urban","Sandstorms","Low",0,"Y",10
25,"Snack ",37,21,4.9,"motorcycle",1,"No","Urban","Fog","High",1,"N",5
19,"Drinks ",24,18,4.8,"scooter",1,"No","Urban","Cloudy","Low",0,"N",10
41,"Buffet ",24,3,4.4,"motorcycle",2,"No","Urban","Fog","Medium",1,"N",10
33,"Drinks ",33,12,4.6,"motorcycle",0,"No","Metropolitan","Sunny","Jam ",1,"Y",15
19,"Buffet ",26,18,4.9,"electric_scooter",1,"No","Metropolitan","Cloudy","Low",1,"Y",5
34,"Meal ",35,13,4.3,"electric_scooter",1,"No","Metropolitan","Cloudy","Medium",1,"Y",10
23,"Meal ",28,13,4.8,"motorcycle",2,"No","Metropolitan","Sunny","Jam ",1,"Y",10
29,"Meal ",37,23,4.8,"scooter",2,"No","Urban","Windy","Jam",0,"N",5
18,"Buffet ",32,23,4.6,"motorcycle",1,"No","Urban","Stormy","Low",0,"N",10
36,"Snack ",33,9,4.3,"scooter",2,"No","Metropolitan","Fog","Low ",1,"N",10
28,"Meal ",23,3,4.8,"motorcycle",0,"No","Semi-Urban","Stormy","Jam ",0,"N",5
22,"Buffet ",35,23,4.9,"scooter",2,"No","Urban","Sunny","Medium",0,"N",10
16,"Snack ",33,23,5,"motorcycle",1,"No","Metropolitan","Sandstorms","Low ",1,"N",15
14,"Buffet ",31,21,4.8,"motorcycle",1,"No","Metropolitan","Sunny","Medium",1,"N",5
32,"Drinks ",21,11,3.5,"motorcycle",1,"No","Semi-Urban","Cloudy","Low ",1,"N",10
32,"Meal ",29,22,4.3,"motorcycle",1,"No","Metropolitan","Sandstorms","Medium",1,"N",5
19,"Drinks ",27,6,4.5,"scooter",1,"No","Semi-Urban","Sunny","Jam",1,"N",5
23,"Drinks ",24,9,5,"motorcycle",0,"No","Urban","Fog","Low ",0,"N",10
28,"Snack ",22,19,4.8,"electric_scooter",2,"No","Urban","Sandstorms","Jam",1,"N",10
24,"Buffet ",33,8,5,"motorcycle",0,"No","Metropolitan","Stormy","Medium",1,"N",15
42,"Meal ",29,18,5,"motorcycle",0,"No","Urban","Stormy","Jam",1,"N",15
20,"Meal ",27,6,4.5,"scooter",1,"No","Urban","Windy","Jam ",1,"N",5
11,"Meal ",26,15,4.7,"electric_scooter",2,"No","Urban","Stormy","Jam",1,"Y",15
28,"Drinks ",29,23,4.9,"motorcycle",2,"No","Metropolitan","Fog","Low ",0,"Y",10
27,"Meal ",37,4,4.6,"electric_scooter",2,"No","Semi-Urban","Sandstorms","Jam ",0,"N",5
30,"Snack ",31,8,4.9,"scooter",2,"No","Metropolitan","Sandstorms","Jam ",1,"N",10
12,"Meal ",20,23,4.8,"scooter",2,"No","Urban","Cloudy","Medium",0,"N",5
34,"Meal ",21,16,3.8,"scooter",2,"No","Semi-Urban","Stormy","Low ",2,"N",15
15,"Buffet ",32,22,4.7,"motorcycle",1,"No","Urban","Windy","Jam ",1,"N",15
38,"Drinks ",30,7,4.6,"motorcycle",0,"No","Semi-Urban","Fog","Jam ",1,"N",5
27,"Meal ",39,5,4.8,"motorcycle",1,"No","Semi-Urban","Fog","Jam ",1,"Y",15
12,"Snack ",29,17,4.6,"scooter",1,"No","Urban","Stormy","Low",0,"N",5
20,"Meal ",32,14,4.9,"motorcycle",0,"No","Metropolitan","Stormy","Low ",1,"Y",5
24,"Drinks ",22,23,4.6,"motorcycle",1,"No","Semi-Urban","Stormy","Medium",1,"N",15
22,"Meal ",23,7,4.8,"scooter",1,"No","Urban","Sunny","Jam ",0,"N",5
21,"Drinks ",23,23,4.7,"motorcycle",1,"No","Metropolitan","Sunny","Jam ",1,"N",5
13,"Meal ",25,13,4.8,"scooter",1,"No","Metropolitan","Sunny","Low ",1,"Y",5
17,"Buffet ",34,22,4.7,"motorcycle",1,"No","Urban","Stormy","Low",1,"N",5
45,"Meal ",35,13,4.1,"electric_scooter",0,"No","Metropolitan","Sandstorms","Jam ",1,"N",10
22,"Meal ",36,19,4.8,"motorcycle",0,"No","Metropolitan","Windy","High",1,"Y",15
21,"Snack ",35,19,4.6,"motorcycle",0,"No","Metropolitan","Sunny","Medium",1,"Y",10
26,"Drinks ",26,23,4.9,"motorcycle",0,"No","Metropolitan","Sunny","Jam ",1,"N",10
39,"Meal ",20,6,4.5,"scooter",0,"No","Metropolitan","Fog","Jam ",2,"N",5
17,"Snack ",37,17,4.9,"scooter",1,"No","Semi-Urban","Stormy","Low ",0,"N",15
25,"Snack ",28,17,4.6,"scooter",2,"No","Urban","Sandstorms","Jam",1,"N",5
41,"Drinks ",25,21,5,"scooter",1,"No","Urban","Fog","Jam",1,"Y",5
16,"Buffet ",28,22,4.8,"scooter",1,"No","Metropolitan","Fog","Low",1,"N",15
10,"Meal ",21,8,5,"motorcycle",1,"No","Semi-Urban","Stormy","Medium",1,"N",15
34,"Snack ",32,9,4,"motorcycle",1,"No","Metropolitan","Windy","High ",2,"N",5
27,"Snack ",35,17,4,"motorcycle",0,"No","Metropolitan","Windy","Low ",1,"N",15
23,"Meal ",24,15,4.8,"motorcycle",0,"No","Metropolitan","Windy","Low ",1,"N",15
25,"Snack ",23,7,4.7,"motorcycle",0,"No","Metropolitan","Stormy","Jam ",1,"N",15
11,"Meal ",20,16,4.9,"scooter",1,"No","Semi-Urban","Sandstorms","Low",0,"N",15
41,"Buffet ",39,7,4.7,"scooter",1,"No","Semi-Urban","Fog","Medium",0,"N",5
45,"Drinks ",37,6,4.8,"motorcycle",0,"No","Urban","Windy","Jam ",1,"N",15
28,"Meal ",22,23,4.8,"scooter",1,"No","Semi-Urban","Sandstorms","Medium",1,"N",5
28,"Drinks ",34,3,4.5,"motorcycle",0,"No","Urban","Sunny","Low",0,"N",10
21,"Meal ",23,7,4.7,"motorcycle",1,"No","Metropolitan","Sandstorms","Medium",0,"Y",5
19,"Meal ",37,17,4.7,"motorcycle",1,"No","Metropolitan","Sunny","Medium",0,"N",10
42,"Meal ",23,9,5,"scooter",1,"No","Metropolitan","Cloudy","Jam ",2,"Y",15
38,"Meal ",31,6,4.2,"motorcycle",0,"No","Urban","Windy","Jam",1,"N",5
19,"Meal ",38,6,4.7,"scooter",1,"No","Urban","Sunny","Jam ",1,"N",5
14,"Drinks ",36,6,4.8,"scooter",2,"No","Metropolitan","Fog","Low ",0,"N",5
20,"Snack ",35,23,5,"scooter",0,"No","Urban","Sandstorms","Jam",1,"N",15
11,"Drinks ",38,9,4.6,"electric_scooter",2,"No","Semi-Urban","Sandstorms","Low ",0,"N",15
21,"Meal ",39,18,4.6,"electric_scooter",0,"No","Urban","Stormy","Low",1,"N",20
24,"Meal ",39,4,4.2,"motorcycle",0,"No","Metropolitan","Stormy","Low ",1,"N",10
32,"Drinks ",33,12,5,"electric_scooter",2,"No","Metropolitan","Windy","Jam ",1,"N",10
24,"Snack ",39,19,4.6,"motorcycle",1,"No","Urban","Stormy","Low ",1,"Y",15
16,"Drinks ",38,16,5,"scooter",2,"No","Metropolitan","Sunny","Medium",1,"Y",15
27,"Meal ",36,23,4.8,"motorcycle",1,"No","Metropolitan","Stormy","Jam ",0,"N",15
10,"Buffet ",24,15,4.9,"scooter",1,"No","Urban","Sandstorms","Low",0,"N",10
29,"Meal ",27,19,4.8,"motorcycle",0,"No","Urban","Stormy","Low",0,"N",10
22,"Snack ",21,22,5,"motorcycle",0,"No","Metropolitan","Windy","Medium",1,"N",10
32,"Buffet ",31,9,4.9,"motorcycle",1,"No","Metropolitan","Fog","Jam ",1,"N",5
41,"Drinks ",24,16,4.3,"scooter",1,"No","Urban","Cloudy","Jam",1,"N",10
34,"Meal ",27,13,4.1,"motorcycle",0,"No","Urban","Cloudy","High ",1,"N",10
38,"Drinks ",27,17,4.8,"motorcycle",0,"No","Urban","Sandstorms","Low",1,"N",10
27,"Meal ",23,23,4.9,"electric_scooter",2,"No","Metropolitan","Windy","Jam ",0,"N",10
20,"Buffet ",27,17,4.1,"motorcycle",0,"No","Metropolitan","Windy","Low ",1,"N",5
20,"Buffet ",39,23,5,"motorcycle",0,"No","Urban","Windy","Jam",0,"N",5
18,"Drinks ",21,4,4.5,"motorcycle",1,"No","Urban","Sandstorms","Low",0,"N",10
50,"Meal ",34,6,4.6,"motorcycle",0,"No","Metropolitan","Fog","Jam ",2,"Y",10
24,"Snack ",20,15,4.9,"motorcycle",1,"No","Semi-Urban","Sunny","Jam",1,"Y",15
35,"Drinks ",31,23,5,"motorcycle",0,"No","Semi-Urban","Sandstorms","Medium",0,"Y",15
30,"Snack ",24,2,4.5,"scooter",0,"No","Urban","Sandstorms","Low ",1,"Y",10
29,"Drinks ",24,16,4.9,"electric_scooter",0,"No","Metropolitan","Sandstorms","Jam ",1,"N",10
21,"Drinks ",34,23,4.9,"motorcycle",1,"No","Urban","Stormy","Jam",1,"N",5
33,"Meal ",30,19,4.6,"electric_scooter",0,"No","Urban","Windy","Jam",1,"N",5
16,"Drinks ",30,19,4.8,"electric_scooter",1,"No","Metropolitan","Sandstorms","Low ",0,"N",5
28,"Buffet ",21,18,4.7,"electric_scooter",2,"No","Metropolitan","Cloudy","Jam",1,"N",10
19,"Drinks ",32,23,4.8,"scooter",1,"No","Urban","Sunny","Low ",0,"N",5
19,"Buffet ",36,18,4.5,"scooter",2,"No","Semi-Urban","Sunny","Medium",1,"Y",10
23,"Drinks ",35,9,5,"scooter",2,"No","Semi-Urban","Stormy","Jam ",1,"N",10
34,"Snack ",26,15,4.7,"scooter",1,"No","Metropolitan","Fog","Medium",1,"N",5
19,"Drinks ",20,13,4.9,"motorcycle",1,"No","Urban","Windy","Medium",1,"N",15
22,"Meal ",29,13,4.9,"scooter",0,"No","Urban","Cloudy","Jam ",0,"N",15
15,"Snack ",36,22,4.8,"scooter",1,"No","Urban","Fog","Low ",0,"Y",15
26,"Meal ",27,18,4.9,"motorcycle",2,"No","Urban","Stormy","Low",0,"N",10
16,"Drinks ",36,13,4.8,"scooter",1,"No","Metropolitan","Sunny","Jam ",0,"N",5
36,"Snack ",26,3,4.8,"electric_scooter",2,"No","Metropolitan","Cloudy","Jam ",2,"N",10
16,"Snack ",26,9,4.5,"motorcycle",1,"No","Metropolitan","Sunny","Medium",0,"N",15
22,"Snack ",35,21,4.9,"motorcycle",0,"No","Metropolitan","Sunny","High ",1,"Y",10
16,"Buffet ",29,9,4.5,"electric_scooter",1,"No","Metropolitan","Fog","Low ",1,"N",10
19,"Buffet ",27,23,4.6,"motorcycle",1,"No","Metropolitan","Sandstorms","Jam ",1,"N",5
27,"Buffet ",26,23,4.6,"electric_scooter",2,"No","Metropolitan","Sandstorms","Low ",1,"N",10
15,"Drinks ",22,23,4.7,"electric_scooter",2,"No","Metropolitan","Sunny","Medium",0,"N",5
34,"Buffet ",22,13,4.4,"scooter",0,"No","Metropolitan","Windy","High ",0,"N",10
45,"Meal ",30,1,4.3,"motorcycle",2,"Yes","Metropolitan","Cloudy","Jam ",0,"N",10
29,"Snack ",26,17,4.1,"motorcycle",0,"No","Metropolitan","Windy","Low ",1,"N",15
42,"Meal ",30,3,4.2,"scooter",1,"No","Urban","Fog","Jam ",1,"Y",5
37,"Meal ",23,9,4.8,"motorcycle",0,"No","Metropolitan","Sandstorms","Low ",1,"N",10
36,"Snack ",30,23,4.6,"motorcycle",0,"No","Metropolitan","Cloudy","Medium",1,"N",10
22,"Snack ",25,3,4.6,"motorcycle",0,"No","Metropolitan","Fog","Low ",1,"Y",20
24,"Drinks ",31,19,4.6,"electric_scooter",1,"No","Metropolitan","Cloudy","Low ",1,"N",5
40,"Buffet ",25,19,4.6,"motorcycle",1,"No","Urban","Fog","Jam ",2,"N",10
23,"Snack ",22,17,4.8,"scooter",2,"No","Urban","Sandstorms","Medium",0,"N",10
19,"Drinks ",25,22,4.8,"motorcycle",0,"No","Metropolitan","Sandstorms","Low ",1,"N",15
23,"Buffet ",24,17,4.9,"motorcycle",0,"No","Urban","Fog","High ",1,"N",10
28,"Buffet ",38,4,5,"motorcycle",1,"No","Urban","Stormy","Low ",1,"N",10
14,"Meal ",34,5,4.6,"scooter",1,"No","Urban","Sandstorms","Low",0,"N",10
28,"Buffet ",27,16,4.7,"electric_scooter",0,"No","Metropolitan","Sunny","Low",0,"N",5
24,"Buffet ",23,7,4.6,"motorcycle",0,"No","Metropolitan","Stormy","Low ",1,"N",15
25,"Snack ",24,23,4.6,"scooter",0,"No","Metropolitan","Fog","Medium",1,"Y",5
15,"Buffet ",25,5,4.9,"motorcycle",1,"No","Semi-Urban","Stormy","Low ",1,"N",10
34,"Buffet ",35,3,3.6,"scooter",1,"No","Metropolitan","Windy","Medium",1,"N",5
19,"Drinks ",29,6,4.5,"scooter",1,"No","Urban","Sandstorms","Low",0,"N",10
20,"Meal ",36,17,5,"scooter",2,"No","Metropolitan","Sunny","Jam ",1,"N",10
27,"Meal ",21,22,4.8,"scooter",0,"No","Metropolitan","Fog","Medium",0,"N",15
33,"Meal ",23,4,4.2,"motorcycle",0,"No","Urban","Sandstorms","Jam",1,"N",10
30,"Meal ",37,3,4.8,"motorcycle",0,"No","Metropolitan","Sunny","Jam ",0,"N",15
19,"Snack ",38,21,4.8,"scooter",1,"No","Semi-Urban","Sunny","Low ",1,"N",5
22,"Meal ",24,23,4.9,"motorcycle",1,"No","Metropolitan","Windy","Jam ",1,"Y",10
43,"Drinks ",39,4,4.4,"scooter",2,"No","Metropolitan","Fog","Jam ",0,"Y",10
25,"Snack ",22,22,4.8,"motorcycle",0,"No","Metropolitan","Sunny","Medium",0,"N",5
26,"Meal ",36,21,4.7,"scooter",2,"No","Urban","Stormy","Medium",1,"N",15
25,"Buffet ",31,16,4.6,"electric_scooter",2,"No","Metropolitan","Windy","Low ",1,"N",15
22,"Snack ",28,22,5,"motorcycle",0,"No","Semi-Urban","Stormy","Low ",1,"Y",10
16,"Drinks ",21,19,4.5,"motorcycle",2,"No","Metropolitan","Windy","Low ",0,"N",15
24,"Drinks ",34,16,4.4,"scooter",0,"No","Metropolitan","Sandstorms","Low ",1,"N",5
23,"Meal ",36,16,4.7,"electric_scooter",1,"No","Metropolitan","Stormy","Medium",0,"N",10
22,"Snack ",29,22,4.9,"electric_scooter",0,"No","Metropolitan","Stormy","Low ",1,"N",20
24,"Drinks ",29,18,5,"scooter",2,"No","Urban","Sunny","Low",0,"N",15
41,"Drinks ",36,23,4.5,"motorcycle",0,"No","Metropolitan","Sunny","High ",1,"N",5
20,"Snack ",29,18,4.9,"scooter",1,"No","Metropolitan","Windy","Medium",1,"N",15
22,"Drinks ",24,18,4.8,"motorcycle",2,"No","Metropolitan","Sandstorms","Low ",1,"N",10
26,"Drinks ",26,8,4.8,"motorcycle",1,"No","Metropolitan","Stormy","Jam ",1,"N",10
18,"Meal ",31,9,4.7,"motorcycle",2,"No","Metropolitan","Windy","Jam ",0,"N",5
29,"Meal ",22,5,4.1,"motorcycle",0,"No","Urban","Stormy","Low",1,"N",10
26,"Buffet ",29,19,4.9,"electric_scooter",1,"No","Metropolitan","Windy","Medium",1,"N",5
27,"Snack ",29,17,4.6,"scooter",1,"No","Metropolitan","Cloudy","Low ",0,"N",5
21,"Snack ",32,4,4.7,"electric_scooter",2,"No","Urban","Sunny","Medium",0,"N",10
14,"Buffet ",27,17,4.9,"electric_scooter",1,"No","Metropolitan","Sunny","Low ",1,"Y",15
25,"Drinks ",35,23,4.9,"motorcycle",0,"No","Semi-Urban","Cloudy","Jam ",1,"N",15
10,"Buffet ",34,16,4.9,"motorcycle",1,"No","Urban","Sunny","Medium",0,"N",10
36,"Buffet ",34,4,4.8,"motorcycle",0,"No","Metropolitan","Sandstorms","Medium",1,"N",5
30,"Drinks ",24,8,4.5,"motorcycle",2,"No","Metropolitan","Cloudy","High ",1,"N",15
33,"Buffet ",36,13,4.2,"scooter",1,"No","Urban","Sunny","Jam ",1,"N",15
27,"Drinks ",32,18,4.7,"scooter",1,"No","Urban","Windy","Jam ",1,"Y",15
34,"Snack ",29,19,4,"motorcycle",0,"No","Urban","Windy","Medium",1,"N",5
28,"Buffet ",31,23,4.7,"motorcycle",2,"No","Metropolitan","Sandstorms","Jam ",1,"Y",15
13,"Drinks ",33,12,4.9,"electric_scooter",2,"No","Metropolitan","Windy","Low ",1,"N",10
35,"Drinks ",33,23,4.3,"motorcycle",1,"No","Metropolitan","Fog","Medium",1,"Y",15
29,"Meal ",24,11,4.9,"scooter",2,"No","Metropolitan","Windy","Medium",1,"N",5
16,"Buffet ",34,18,4.9,"scooter",2,"No","Urban","Stormy","Jam",0,"Y",5
24,"Meal ",27,5,4.6,"scooter",1,"No","Metropolitan","Fog","High ",1,"N",5
39,"Buffet ",25,23,4.6,"scooter",2,"No","Urban","Stormy","Jam",1,"Y",15
37,"Drinks ",34,13,5,"scooter",1,"No","Metropolitan","Fog","Medium",1,"N",10
21,"Drinks ",39,15,4.6,"scooter",0,"No","Semi-Urban","Sandstorms","Medium",1,"Y",10
34,"Drinks ",22,11,3.6,"scooter",2,"No","Metropolitan","Stormy","Jam ",1,"N",5
13,"Drinks ",29,17,4.7,"motorcycle",1,"No","Metropolitan","Windy","Jam ",0,"Y",10
17,"Snack ",33,17,4.7,"electric_scooter",2,"No","Semi-Urban","Stormy","Low ",1,"N",20
33,"Snack ",29,23,4.9,"motorcycle",1,"No","Urban","Stormy","High ",1,"Y",15
25,"Drinks ",20,18,4.5,"scooter",1,"No","Semi-Urban","Sandstorms","Jam ",0,"Y",5
38,"Snack ",34,16,4.8,"scooter",1,"No","Urban","Stormy","Medium",2,"Y",10
10,"Buffet ",22,18,4.7,"electric_scooter",2,"No","Semi-Urban","Sunny","Jam",0,"N",10
32,"Snack ",35,11,4.5,"scooter",0,"No","Semi-Urban","Fog","Medium",1,"N",10
47,"Snack ",33,3,4.6,"scooter",0,"No","Metropolitan","Windy","Medium",2,"N",15
38,"Meal ",21,12,4.5,"motorcycle",1,"No","Metropolitan","Windy","Medium",1,"N",10
24,"Drinks ",34,7,4.9,"scooter",1,"No","Metropolitan","Windy","Low ",0,"N",10
14,"Buffet ",29,21,4.7,"scooter",1,"No","Urban","Sunny","Low ",0,"N",5
28,"Drinks ",36,2,4.6,"electric_scooter",1,"No","Urban","Stormy","High ",1,"Y",15
16,"Buffet ",30,18,4.8,"motorcycle",0,"No","Metropolitan","Sandstorms","High ",1,"N",5
21,"Drinks ",30,18,4.8,"electric_scooter",2,"No","Urban","Sandstorms","Medium",1,"N",10
29,"Meal ",31,2,4.4,"motorcycle",0,"No","Metropolitan","Sandstorms","Low ",1,"N",5
24,"Drinks ",25,16,4.6,"scooter",1,"No","Urban","Fog","Jam ",1,"N",5
16,"Drinks ",35,3,4.7,"motorcycle",1,"No","Urban","Windy","Jam",1,"N",10
24,"Buffet ",32,17,4.9,"electric_scooter",0,"No","Metropolitan","Fog","Low ",0,"Y",10
28,"Buffet ",26,9,4.5,"electric_scooter",2,"No","Metropolitan","Stormy","Medium",1,"Y",10
15,"Meal ",39,5,4.5,"motorcycle",0,"No","Semi-Urban","Sunny","Low ",0,"N",10
16,"Meal ",24,18,4.8,"motorcycle",0,"No","Urban","Sunny","Medium",0,"N",10
24,"Snack ",33,21,5,"scooter",1,"No","Urban","Stormy","Jam",1,"Y",5
16,"Meal ",30,14,5,"motorcycle",0,"No","Metropolitan","Stormy","Medium",1,"N",10
15,"Snack ",37,12,4.9,"motorcycle",1,"No","Metropolitan","Sunny","Low ",1,"N",5
15,"Drinks ",25,16,4.9,"motorcycle",1,"No","Metropolitan","Fog","Medium",1,"N",10
19,"Buffet ",37,6,4.7,"scooter",2,"No","Metropolitan","Sunny","Low ",1,"N",15
14,"Buffet ",38,3,4.8,"scooter",1,"No","Metropolitan","Cloudy","Medium",1,"N",10
26,"Buffet ",31,13,4.6,"scooter",2,"No","Metropolitan","Sunny","Medium",0,"Y",15
19,"Meal ",39,14,4.7,"scooter",2,"No","Urban","Sunny","High ",0,"Y",10
33,"Meal ",39,16,4.4,"motorcycle",2,"No","Metropolitan","Windy","Jam ",1,"N",10
17,"Drinks ",38,9,4.6,"scooter",1,"No","Urban","Fog","Medium",0,"N",15
29,"Drinks ",37,12,4.6,"scooter",1,"No","Urban","Stormy","Medium",1,"Y",15
38,"Buffet ",30,13,4.7,"scooter",1,"No","Semi-Urban","Cloudy","Jam ",1,"N",5
32,"Buffet ",25,11,4,"electric_scooter",0,"No","Metropolitan","Cloudy","Medium",1,"N",10
18,"Snack ",30,17,4.8,"motorcycle",1,"No","Metropolitan","Sandstorms","High ",1,"N",15
33,"Snack ",28,12,4.8,"scooter",1,"No","Metropolitan","Windy","Medium",1,"Y",15
22,"Drinks ",37,23,4.9,"electric_scooter",2,"No","Urban","Sunny","Medium",1,"Y",5
15,"Buffet ",22,19,4.8,"motorcycle",1,"No","Semi-Urban","Sunny","Low",1,"N",5
23,"Buffet ",26,9,4.6,"electric_scooter",2,"No","Metropolitan","Sunny","Jam ",0,"Y",10
11,"Drinks ",33,19,4.9,"motorcycle",2,"No","Urban","Windy","Low",0,"N",10
31,"Snack ",24,6,3.9,"electric_scooter",1,"No","Urban","Stormy","Jam ",1,"Y",10
30,"Buffet ",35,6,4.5,"motorcycle",2,"No","Metropolitan","Cloudy","Jam ",0,"N",15
20,"Snack ",23,12,4.5,"scooter",2,"No","Urban","Stormy","Low ",1,"N",15
34,"Meal ",22,3,4.2,"motorcycle",0,"No","Urban","Windy","Low ",1,"N",15
26,"Buffet ",20,12,4.9,"motorcycle",1,"No","Metropolitan","Windy","Low ",1,"N",5
32,"Buffet ",33,6,4.3,"scooter",2,"No","Metropolitan","Windy","Medium",0,"N",5
10,"Snack ",36,17,4.7,"scooter",1,"No","Urban","Stormy","Jam",0,"N",10
10,"Drinks ",26,15,4.9,"scooter",2,"No","Metropolitan","Stormy","Low",0,"N",5
17,"Buffet ",21,21,4.9,"motorcycle",2,"No","Urban","Sunny","High ",1,"N",15
28,"Meal ",27,15,4.8,"scooter",2,"No","Metropolitan","Sandstorms","Medium",0,"N",5
14,"Snack ",26,7,4.5,"scooter",1,"No","Metropolitan","Windy","Low ",1,"N",15
38,"Drinks ",20,9,4.3,"motorcycle",0,"No","Metropolitan","Stormy","High ",0,"N",5
37,"Meal ",37,2,4.2,"motorcycle",0,"No","Metropolitan","Stormy","Medium",2,"N",15
19,"Drinks ",38,18,4.8,"scooter",1,"No","Urban","Sunny","Medium",0,"Y",10
17,"Meal ",31,19,4.9,"motorcycle",0,"No","Urban","Stormy","Medium",0,"N",5
22,"Snack ",23,16,4.5,"motorcycle",0,"No","Semi-Urban","Sunny","Low ",1,"N",5
21,"Drinks ",35,9,4.6,"motorcycle",0,"No","Metropolitan","Windy","Low ",1,"Y",5
42,"Snack ",28,2,4,"scooter",1,"No","Urban","Fog","Jam",1,"N",5
13,"Meal ",26,4,4.8,"scooter",2,"No","Semi-Urban","Sunny","Medium",1,"N",5
22,"Drinks ",26,3,4.4,"motorcycle",0,"No","Metropolitan","Sandstorms","Low ",1,"N",15
20,"Snack ",25,12,4.8,"motorcycle",2,"No","Metropolitan","Stormy","Medium",0,"N",10
20,"Snack ",34,19,4.7,"scooter",2,"No","Urban","Sunny","Jam",0,"N",15
18,"Buffet ",21,5,4.6,"scooter",1,"No","Metropolitan","Sandstorms","Low ",0,"N",5
34,"Drinks ",33,5,4.7,"motorcycle",0,"No","Metropolitan","Sandstorms","Jam ",1,"N",10
34,"Drinks ",20,5,4,"motorcycle",2,"No","Urban","Cloudy","Medium",2,"Y",10
16,"Buffet ",36,16,4.8,"motorcycle",2,"No","Urban","Sunny","Jam",1,"N",10
14,"Buffet ",33,17,4.9,"scooter",1,"No","Metropolitan","Stormy","High ",0,"Y",5
27,"Drinks ",20,16,4.5,"motorcycle",0,"No","Urban","Stormy","Jam",0,"N",10
25,"Drinks ",24,19,4.8,"motorcycle",2,"No","Metropolitan","Cloudy","Low ",0,"N",5
35,"Snack ",33,8,4.2,"motorcycle",0,"No","Metropolitan","Stormy","Medium",1,"Y",10
22,"Buffet ",27,9,4.8,"scooter",2,"No","Semi-Urban","Windy","Low ",0,"N",10
18,"Drinks ",25,5,4.5,"scooter",1,"No","Urban","Stormy","Medium",0,"Y",5
24,"Snack ",34,14,4.9,"electric_scooter",1,"No","Metropolitan","Stormy","Medium",1,"Y",15
28,"Snack ",27,15,4.9,"motorcycle",0,"No","Urban","Sunny","Jam",0,"Y",15
28,"Drinks ",28,22,4.7,"motorcycle",1,"No","Semi-Urban","Sandstorms","Jam ",1,"N",15
21,"Drinks ",27,15,5,"electric_scooter",0,"No","Metropolitan","Cloudy","Medium",0,"N",5
38,"Drinks ",25,5,3.7,"motorcycle",2,"No","Semi-Urban","Sandstorms","Jam ",2,"N",5
25,"Snack ",30,7,4.8,"motorcycle",0,"No","Metropolitan","Stormy","Medium",1,"N",10
15,"Buffet ",36,13,4.6,"scooter",2,"No","Metropolitan","Sunny","High ",1,"Y",10
29,"Meal ",25,8,4.7,"motorcycle",0,"No","Urban","Fog","Jam ",1,"N",5
12,"Meal ",30,17,4.6,"scooter",2,"No","Urban","Sandstorms","Low",0,"N",10
38,"Meal ",37,18,3.6,"electric_scooter",2,"No","Urban","Stormy","Low ",2,"N",10
28,"Buffet ",25,16,4.8,"electric_scooter",2,"No","Urban","Sandstorms","High ",1,"Y",15
44,"Snack ",23,2,4.5,"motorcycle",0,"Yes","Metropolitan","Cloudy","Jam ",1,"N",15
18,"Snack ",27,8,4.8,"scooter",2,"No","Metropolitan","Fog","Medium",0,"N",5
34,"Buffet ",33,9,4.1,"motorcycle",1,"No","Metropolitan","Sandstorms","Jam ",0,"N",15
13,"Meal ",26,23,4.8,"electric_scooter",2,"No","Urban","Fog","Low",1,"Y",5
18,"Meal ",32,18,4.9,"scooter",1,"No","Metropolitan","Cloudy","Low ",0,"N",10
22,"Snack ",38,19,4.8,"motorcycle",1,"No","Metropolitan","Sandstorms","Low ",0,"N",15
44,"Drinks ",24,23,4.8,"motorcycle",0,"Yes","Metropolitan","Fog","Medium",2,"N",15
15,"Drinks ",20,23,4.6,"motorcycle",2,"No","Metropolitan","Sandstorms","Low ",0,"N",5
30,"Snack ",39,17,4.8,"motorcycle",0,"No","Metropolitan","Sandstorms","Jam",1,"N",15
17,"Meal ",33,22,4.8,"scooter",2,"No","Urban","Stormy","High",0,"Y",10
25,"Meal ",22,15,4.7,"motorcycle",0,"No","Urban","Fog","Jam",0,"N",5
27,"Meal ",32,2,4.9,"motorcycle",0,"No","Metropolitan","Fog","Medium",0,"N",10
26,"Snack ",34,16,4.9,"scooter",0,"No","Metropolitan","Sunny","Low ",0,"N",5
38,"Meal ",37,22,4.4,"scooter",0,"No","Metropolitan","Sandstorms","Medium",0,"N",10
16,"Buffet ",20,17,4.9,"motorcycle",1,"No","Urban","Fog","Low",1,"N",10
31,"Buffet ",34,8,4.4,"motorcycle",1,"No","Metropolitan","Fog","Medium",1,"N",10
35,"Drinks ",21,6,4.3,"motorcycle",0,"No","Metropolitan","Sandstorms","Medium",1,"N",15
36,"Buffet ",29,3,2.5,"motorcycle",2,"No","Urban","Sunny","Low",1,"Y",10
16,"Buffet ",29,8,4.5,"electric_scooter",1,"No","Metropolitan","Fog","Low ",0,"N",15
26,"Drinks ",24,8,4.6,"scooter",1,"No","Semi-Urban","Sandstorms","Jam ",1,"N",15
26,"Meal ",23,9,4.2,"motorcycle",0,"No","Metropolitan","Sandstorms","Low ",0,"N",5
25,"Snack ",38,23,5,"scooter",1,"No","Metropolitan","Sandstorms","Low ",0,"Y",5
13,"Buffet ",26,19,4.6,"motorcycle",1,"No","Urban","Sunny","Medium",1,"Y",10
28,"Drinks ",32,4,5,"motorcycle",1,"No","Metropolitan","Windy","High ",1,"N",15
29,"Drinks ",22,17,4.8,"electric_scooter",2,"No","Urban","Sandstorms","Medium",1,"Y",10
26,"Snack ",31,22,4.6,"motorcycle",1,"No","Semi-Urban","Sandstorms","Jam ",0,"Y",15
17,"Buffet ",27,22,4.8,"scooter",1,"No","Metropolitan","Stormy","Low ",1,"N",15
25,"Meal ",38,2,4.8,"scooter",1,"No","Metropolitan","Fog","Jam ",1,"Y",5
19,"Meal ",28,19,4.9,"motorcycle",1,"No","Urban","Sunny","Low",1,"N",5
18,"Buffet ",31,8,5,"electric_scooter",1,"No","Urban","Fog","Medium",0,"N",10
34,"Buffet ",38,22,4.6,"motorcycle",0,"No","Urban","Cloudy","Medium",1,"N",10
25,"Snack ",37,16,4.6,"electric_scooter",1,"No","Semi-Urban","Stormy","Low ",1,"N",15
40,"Drinks ",35,5,4.8,"motorcycle",0,"No","Metropolitan","Fog","Jam ",0,"N",5
30,"Drinks ",30,12,4.8,"scooter",0,"No","Metropolitan","Stormy","Medium",1,"N",5
34,"Snack ",21,9,4,"electric_scooter",1,"No","Metropolitan","Windy","Jam ",1,"N",15
13,"Meal ",23,18,4.7,"motorcycle",2,"No","Metropolitan","Fog","Low ",1,"N",5
43,"Snack ",25,9,4.7,"electric_scooter",2,"No","Metropolitan","Fog","Jam ",1,"N",5
36,"Meal ",37,4,4,"motorcycle",0,"No","Metropolitan","Windy","Jam",1,"Y",15
26,"Drinks ",30,19,5,"scooter",1,"No","Metropolitan","Stormy","Jam ",1,"N",5
38,"Buffet ",24,13,4.7,"motorcycle",0,"No","Metropolitan","Sandstorms","Medium",1,"N",5
22,"Snack ",29,22,4.9,"electric_scooter",0,"No","Metropolitan","Stormy","Low ",1,"N",20
20,"Snack ",34,13,4.6,"motorcycle",1,"No","Urban","Stormy","Low ",1,"N",15
26,"Snack ",23,14,4.6,"electric_scooter",0,"No","Metropolitan","Fog","Jam ",1,"Y",10
29,"Buffet ",38,18,4.8,"scooter",1,"No","Urban","Stormy","Low",1,"N",15
24,"Buffet ",22,23,4.7,"scooter",1,"No","Semi-Urban","Stormy","Medium",0,"N",15
15,"Buffet ",21,16,4.8,"electric_scooter",2,"No","Metropolitan","Sunny","Medium",1,"N",5
28,"Snack ",31,19,4.6,"motorcycle",0,"No","Urban","Stormy","Medium",0,"N",5
17,"Snack ",26,18,5,"electric_scooter",1,"No","Urban","Windy","Low",1,"N",15
31,"Snack ",21,11,4.8,"motorcycle",0,"No","Urban","Windy","Medium",1,"N",10
28,"Meal ",32,23,4.7,"electric_scooter",2,"No","Metropolitan","Sandstorms","Low ",1,"N",5
28,"Drinks ",20,19,4.6,"scooter",1,"No","Metropolitan","Stormy","Low ",1,"N",10
25,"Meal ",20,16,4.6,"electric_scooter",2,"No","Metropolitan","Sandstorms","Low ",1,"N",15
32,"Snack ",26,3,4,"motorcycle",0,"No","Urban","Fog","Medium",2,"N",15
35,"Meal ",28,9,4.4,"motorcycle",0,"No","Metropolitan","Stormy","Jam ",0,"N",5
42,"Meal ",35,2,4.9,"scooter",2,"Yes","Metropolitan","Fog","Jam ",2,"N",10
25,"Snack ",30,18,5,"motorcycle",1,"No","Metropolitan","Windy","Jam ",1,"N",5
32,"Drinks ",27,3,4.9,"scooter",2,"No","Urban","Cloudy","Medium",1,"N",5
31,"Meal ",29,16,4.9,"scooter",2,"No","Metropolitan","Fog","Jam ",0,"N",15
27,"Drinks ",25,22,4.9,"electric_scooter",2,"No","Urban","Sandstorms","Medium",1,"N",10
21,"Buffet ",24,12,4.8,"motorcycle",0,"No","Metropolitan","Sunny","Jam ",0,"N",10
32,"Buffet ",21,3,5,"motorcycle",2,"No","Metropolitan","Cloudy","Jam ",1,"N",10
27,"Snack ",26,1,4.5,"scooter",2,"No","Metropolitan","Stormy","Low ",1,"N",15
30,"Snack ",27,8,4.5,"electric_scooter",1,"No","Urban","Fog","Low ",1,"N",15
25,"Meal ",33,4,4.6,"electric_scooter",2,"No","Metropolitan","Fog","High ",0,"N",15
19,"Drinks ",23,23,4.7,"electric_scooter",2,"No","Urban","Stormy","Jam",1,"N",15
29,"Meal ",34,19,4.9,"motorcycle",2,"No","Metropolitan","Cloudy","High ",1,"Y",5
32,"Drinks ",22,5,4.1,"motorcycle",0,"No","Metropolitan","Sandstorms","Jam ",1,"Y",5
19,"Meal ",30,2,4.7,"scooter",1,"No","Urban","Sunny","High ",0,"N",5
31,"Buffet ",27,7,4.3,"scooter",0,"No","Metropolitan","Stormy","Jam ",1,"N",10
15,"Drinks ",32,13,4.7,"motorcycle",0,"No","Metropolitan","Sandstorms","High ",0,"Y",15
34,"Snack ",39,5,4,"scooter",1,"No","Urban","Cloudy","Medium",1,"N",5
25,"Meal ",33,18,4.7,"electric_scooter",2,"No","Metropolitan","Windy","Jam ",1,"N",15
26,"Snack ",22,13,4.9,"scooter",1,"No","Urban","Stormy","Medium",1,"N",5
29,"Drinks ",36,13,4.9,"electric_scooter",2,"No","Urban","Sandstorms","Medium",1,"N",15
39,"Meal ",20,13,5,"electric_scooter",0,"No","Metropolitan","Fog","Medium",0,"N",15
49,"Meal ",24,3,4.3,"electric_scooter",2,"No","Semi-Urban","Fog","Jam ",1,"N",10
29,"Buffet ",32,21,4.6,"motorcycle",0,"No","Metropolitan","Fog","High ",1,"Y",15
22,"Buffet ",22,9,4.4,"motorcycle",0,"No","Metropolitan","Stormy","Low ",0,"N",10
27,"Drinks ",21,16,4.8,"electric_scooter",2,"No","Urban","Fog","Low",0,"Y",10
16,"Buffet ",38,22,4.5,"motorcycle",1,"No","Urban","Sunny","Low ",0,"Y",10
22,"Snack ",32,23,4.9,"electric_scooter",2,"No","Semi-Urban","Sunny","Medium",1,"N",5
39,"Meal ",30,4,4.2,"electric_scooter",0,"No","Semi-Urban","Stormy","Jam ",1,"Y",15
22,"Drinks ",28,21,4.5,"motorcycle",0,"No","Metropolitan","Cloudy","Low ",1,"N",5
42,"Drinks ",21,1,3.7,"motorcycle",0,"No","Urban","Sunny","Jam ",1,"N",10
19,"Drinks ",26,21,4.6,"scooter",1,"No","Urban","Stormy","Medium",1,"Y",5
16,"Meal ",37,22,4.9,"scooter",1,"No","Urban","Cloudy","Low",1,"N",5
14,"Drinks ",24,6,4.5,"electric_scooter",2,"No","Urban","Sunny","High ",1,"Y",10
21,"Meal ",32,9,4.5,"electric_scooter",2,"No","Urban","Sandstorms","Medium",1,"Y",15
34,"Drinks ",30,11,4.1,"scooter",2,"No","Metropolitan","Stormy","High ",0,"Y",10
27,"Drinks ",25,2,4.6,"motorcycle",2,"No","Semi-Urban","Stormy","Jam",1,"N",5
27,"Drinks ",38,17,4.9,"electric_scooter",2,"No","Urban","Sandstorms","Medium",1,"N",15
22,"Snack ",39,5,4.5,"electric_scooter",1,"No","Urban","Stormy","Medium",1,"N",10
46,"Buffet ",22,5,4.3,"motorcycle",1,"No","Metropolitan","Stormy","Jam ",1,"N",15
29,"Snack ",38,6,4.8,"scooter",2,"No","Metropolitan","Windy","Low ",1,"N",5
21,"Snack ",38,22,4.9,"motorcycle",0,"No","Urban","Fog","Low",0,"N",15
11,"Meal ",35,17,4.9,"electric_scooter",2,"No","Metropolitan","Sandstorms","Low ",0,"N",10
20,"Snack ",20,13,4.9,"motorcycle",2,"No","Metropolitan","Sunny","Low ",1,"N",10
26,"Meal ",32,2,4.7,"motorcycle",1,"No","Metropolitan","Stormy","Jam ",1,"Y",15
19,"Drinks ",27,19,4.9,"motorcycle",2,"No","Semi-Urban","Stormy","Low ",0,"N",10
21,"Buffet ",26,8,4.7,"motorcycle",0,"No","Metropolitan","Fog","Low ",1,"N",5
25,"Meal ",32,23,4.7,"scooter",2,"No","Metropolitan","Windy","Low ",1,"N",15
32,"Drinks ",25,2,4.4,"electric_scooter",1,"No","Urban","Windy","Jam",1,"N",15
29,"Meal ",21,22,4.7,"motorcycle",1,"No","Metropolitan","Sandstorms","Jam ",1,"N",15
30,"Buffet ",37,17,4.7,"electric_scooter",2,"No","Urban","Sandstorms","Jam",0,"N",15
16,"Meal ",33,7,4.9,"scooter",2,"No","Semi-Urban","Stormy","High ",0,"N",15
31,"Meal ",21,11,4.1,"electric_scooter",1,"No","Metropolitan","Cloudy","High ",1,"N",5
42,"Meal ",26,7,4.8,"motorcycle",0,"No","Metropolitan","Fog","Medium",2,"N",5
33,"Snack ",24,2,5,"scooter",2,"No","Urban","Stormy","Medium",1,"N",5
17,"Buffet ",32,21,4.7,"motorcycle",1,"No","Semi-Urban","Sunny","Low",0,"N",15
25,"Meal ",39,19,5,"scooter",1,"No","Urban","Sandstorms","Jam",0,"N",10
32,"Drinks ",22,8,4.2,"motorcycle",0,"No","Metropolitan","Fog","Jam ",1,"N",10
31,"Drinks ",24,5,4.7,"electric_scooter",0,"No","Metropolitan","Cloudy","Jam ",1,"N",10
36,"Buffet ",22,4,4.4,"scooter",1,"No","Metropolitan","Fog","Jam ",0,"N",10
29,"Drinks ",28,3,4.9,"scooter",1,"No","Metropolitan","Stormy","Medium",1,"N",15
22,"Buffet ",26,23,4.7,"motorcycle",0,"No","Metropolitan","Stormy","Low ",0,"Y",5
34,"Meal ",33,21,5,"scooter",2,"No","Metropolitan","Cloudy","Jam ",2,"Y",15
29,"Buffet ",21,5,4.8,"scooter",2,"No","Urban","Sunny","Low ",1,"N",5
15,"Snack ",34,21,4.9,"motorcycle",0,"No","Metropolitan","Windy","High ",1,"N",10
15,"Drinks ",35,22,4.9,"motorcycle",1,"No","Metropolitan","Sandstorms","Low ",0,"N",15
28,"Meal ",26,5,4.6,"motorcycle",2,"No","Metropolitan","Windy","Medium",1,"N",5
15,"Buffet ",38,4,4.5,"scooter",1,"No","Urban","Sandstorms","Jam",1,"Y",15
22,"Snack ",20,12,4.3,"motorcycle",0,"No","Semi-Urban","Stormy","Low ",0,"N",5
31,"Drinks ",38,19,4.7,"motorcycle",0,"No","Metropolitan","Sandstorms","Jam ",0,"N",15
28,"Drinks ",29,16,5,"scooter",2,"No","Metropolitan","Windy","Low ",0,"N",5
27,"Snack ",32,22,5,"motorcycle",0,"No","Metropolitan","Sunny","Jam ",0,"N",10
48,"Buffet ",38,3,4.2,"motorcycle",0,"No","Metropolitan","Sunny","Jam ",1,"N",15
18,"Buffet ",20,19,4.9,"motorcycle",2,"No","Urban","Fog","Medium",1,"Y",10
20,"Buffet ",20,14,4.9,"motorcycle",1,"No","Metropolitan","Windy","Low ",1,"N",5
49,"Meal ",25,11,4,"motorcycle",0,"Yes","Semi-Urban","Sandstorms","Jam ",1,"N",15
29,"Snack ",20,1,4.2,"electric_scooter",0,"No","Metropolitan","Sandstorms","Low ",1,"N",25
43,"Buffet ",29,1,4.3,"motorcycle",1,"No","Urban","Stormy","Jam",1,"N",5
25,"Snack ",21,9,4.7,"scooter",2,"No","Metropolitan","Sunny","Jam ",0,"Y",15
39,"Buffet ",22,22,4.6,"electric_scooter",0,"No","Metropolitan","Sandstorms","Jam ",1,"Y",5
16,"Drinks ",25,23,5,"scooter",1,"No","Metropolitan","Fog","Low ",0,"N",5
33,"Snack ",26,3,4.7,"motorcycle",1,"No","Semi-Urban","Fog","High ",1,"Y",5
28,"Snack ",22,1,4.5,"motorcycle",2,"No","Urban","Sandstorms","Low",0,"Y",5
34,"Drinks ",33,2,5,"motorcycle",0,"No","Semi-Urban","Cloudy","High ",1,"N",10
23,"Snack ",28,19,4.5,"motorcycle",0,"No","Metropolitan","Fog","Medium",1,"N",5
10,"Snack ",20,15,4.9,"scooter",1,"No","Urban","Stormy","Low",0,"Y",5
30,"Meal ",39,17,4.7,"electric_scooter",1,"No","Metropolitan","Cloudy","High ",1,"N",15
37,"Meal ",26,15,3.6,"scooter",1,"No","Semi-Urban","Stormy","Medium",1,"N",15
16,"Snack ",22,16,5,"motorcycle",2,"No","Urban","Sandstorms","Low",1,"Y",5
36,"Snack ",25,1,4.4,"electric_scooter",0,"No","Urban","Sunny","Jam ",0,"N",5
20,"Snack ",20,22,4.6,"motorcycle",0,"No","Urban","Sunny","Jam",1,"Y",10
52,"Buffet ",29,9,5,"motorcycle",0,"No","Metropolitan","Windy","Jam ",3,"N",5
22,"Buffet ",27,19,4.9,"electric_scooter",2,"No","Metropolitan","Windy","Medium",0,"Y",5
32,"Drinks ",31,3,4.2,"motorcycle",0,"No","Urban","Cloudy","Jam",1,"N",10
25,"Buffet ",32,9,4.8,"scooter",2,"No","Metropolitan","Sandstorms","Medium",1,"N",5
40,"Meal ",32,9,4.7,"electric_scooter",0,"No","Semi-Urban","Cloudy","Jam ",1,"N",10
15,"Buffet ",20,16,4.9,"electric_scooter",1,"No","Metropolitan","Fog","Low ",0,"Y",5
28,"Snack ",35,22,4.8,"motorcycle",2,"No","Urban","Windy","Low",1,"N",5
43,"Buffet ",38,9,4.7,"scooter",0,"No","Metropolitan","Stormy","Medium",1,"Y",10
16,"Buffet ",22,6,4.9,"scooter",1,"No","Metropolitan","Fog","Medium",0,"N",15
33,"Meal ",37,3,3.7,"motorcycle",1,"No","Urban","Cloudy","Low",1,"N",5
34,"Meal ",35,19,4.6,"scooter",0,"No","Metropolitan","Windy","Jam ",1,"N",15
27,"Buffet ",34,12,4.7,"scooter",2,"No","Metropolitan","Fog","Jam ",1,"N",15
28,"Buffet ",27,16,4.7,"electric_scooter",0,"No","Metropolitan","Sunny","Low",0,"N",5
26,"Snack ",31,15,4.7,"scooter",0,"No","Metropolitan","Sunny","Low ",0,"N",10
19,"Drinks ",35,23,5,"electric_scooter",2,"No","Urban","Stormy","Jam",0,"N",15
28,"Buffet ",24,23,4.8,"motorcycle",0,"No","Metropolitan","Fog","High ",1,"Y",5
14,"Snack ",33,15,4.7,"motorcycle",2,"No","Urban","Windy","Jam",1,"N",10
27,"Meal ",27,16,5,"electric_scooter",2,"No","Metropolitan","Cloudy","Low ",1,"Y",10
26,"Meal ",27,19,4.7,"motorcycle",1,"No","Urban","Cloudy","Low ",1,"Y",15
26,"Drinks ",27,9,4.5,"motorcycle",1,"No","Metropolitan","Stormy","Low ",1,"N",15
16,"Drinks ",26,19,4.9,"motorcycle",1,"No","Urban","Sunny","Low ",0,"Y",10
24,"Meal ",36,16,4.5,"motorcycle",1,"No","Urban","Sunny","Medium",1,"Y",5
29,"Meal ",37,6,4.8,"electric_scooter",1,"No","Urban","Stormy","Jam ",1,"N",15
44,"Snack ",24,21,4.6,"scooter",1,"No","Metropolitan","Sunny","Jam ",1,"N",5
17,"Snack ",20,23,4.9,"motorcycle",2,"No","Urban","Fog","Medium",1,"Y",10
22,"Drinks ",21,22,4.7,"scooter",2,"No","Metropolitan","Stormy","Jam ",1,"N",10
33,"Drinks ",30,9,5,"scooter",2,"No","Metropolitan","Fog","Medium",1,"N",10
15,"Snack ",20,22,4.8,"scooter",1,"No","Semi-Urban","Sunny","Medium",0,"Y",15
23,"Drinks ",22,15,4.7,"motorcycle",2,"No","Metropolitan","Windy","Medium",0,"Y",10
48,"Drinks ",30,14,5,"motorcycle",1,"No","Metropolitan","Cloudy","Jam ",3,"N",5
20,"Buffet ",29,19,4.5,"motorcycle",1,"No","Metropolitan","Windy","Low ",1,"N",5
35,"Snack ",21,5,4.4,"motorcycle",2,"No","Urban","Fog","Medium",1,"Y",15
28,"Drinks ",23,17,4.9,"scooter",2,"No","Metropolitan","Windy","High ",0,"N",10
27,"Buffet ",29,15,4.7,"motorcycle",1,"No","Semi-Urban","Sunny","Low",1,"N",5
44,"Drinks ",25,6,4.3,"scooter",2,"No","Metropolitan","Fog","Jam ",3,"N",10
26,"Snack ",26,18,4.7,"motorcycle",1,"No","Metropolitan","Stormy","Jam ",1,"Y",10
25,"Snack ",28,1,4.5,"electric_scooter",1,"No","Urban","Sandstorms","Low",1,"N",5
42,"Drinks ",26,21,4.9,"motorcycle",0,"No","Metropolitan","Sandstorms","Jam ",2,"N",10
21,"Snack ",22,16,4.8,"scooter",2,"No","Metropolitan","Stormy","Medium",0,"N",15
30,"Buffet ",30,4,4.5,"electric_scooter",2,"No","Urban","Fog","Jam",1,"N",5
43,"Snack ",39,4,4.7,"scooter",0,"No","Metropolitan","Cloudy","Low ",0,"Y",5
23,"Buffet ",31,4,4.5,"motorcycle",0,"No","Urban","Stormy","Jam",1,"N",5
28,"Snack ",32,23,4.6,"motorcycle",0,"No","Urban","Sunny","Medium",0,"Y",15
22,"Meal ",22,23,4.7,"scooter",1,"No","Urban","Sandstorms","Jam ",1,"N",15
32,"Snack ",28,15,4.3,"motorcycle",1,"No","Urban","Stormy","Medium",0,"N",5
33,"Buffet ",25,1,4,"scooter",1,"No","Urban","Sandstorms","Medium",1,"N",15
18,"Drinks ",30,3,4,"motorcycle",0,"No","Semi-Urban","Stormy","Low ",1,"N",10
48,"Snack ",26,17,4.7,"motorcycle",0,"Yes","Metropolitan","Fog","Jam ",2,"N",5
19,"Drinks ",26,21,4.8,"motorcycle",2,"No","Metropolitan","Fog","Medium",1,"N",10
31,"Meal ",35,13,4,"scooter",2,"No","Urban","Stormy","Jam ",1,"N",5
44,"Drinks ",37,15,4.9,"scooter",2,"Yes","Urban","Cloudy","Jam ",1,"Y",10
19,"Snack ",34,3,4.8,"motorcycle",1,"No","Urban","Stormy","Jam",1,"N",10
41,"Buffet ",20,4,4.5,"motorcycle",0,"Yes","Metropolitan","Fog","Medium",1,"N",10
19,"Snack ",21,19,4.7,"motorcycle",1,"No","Metropolitan","Sunny","Jam ",1,"Y",10
22,"Buffet ",23,23,5,"motorcycle",2,"No","Metropolitan","Sandstorms","Low ",1,"Y",5
39,"Buffet ",21,2,4.4,"motorcycle",2,"No","Semi-Urban","Windy","Jam ",1,"N",10
45,"Drinks ",36,20,4,"motorcycle",0,"Yes","Metropolitan","Windy","Medium",3,"N",10
39,"Buffet ",26,13,4.6,"motorcycle",1,"No","Metropolitan","Fog","Jam ",1,"N",15
18,"Meal ",31,22,5,"scooter",2,"No","Urban","Sunny","Low",1,"Y",15
16,"Snack ",22,3,4.8,"electric_scooter",2,"No","Metropolitan","Cloudy","Low ",1,"Y",10
26,"Drinks ",32,22,4.6,"motorcycle",0,"No","Urban","Stormy","Medium",0,"N",15
21,"Snack ",27,21,4.7,"motorcycle",1,"No","Metropolitan","Sunny","Jam ",0,"N",10
26,"Buffet ",31,15,4.8,"scooter",0,"No","Metropolitan","Cloudy","High ",1,"N",15
27,"Drinks ",30,22,4.6,"electric_scooter",0,"No","Metropolitan","Windy","Low ",1,"N",10
23,"Drinks ",37,18,4.8,"motorcycle",0,"No","Semi-Urban","Sandstorms","Low ",1,"N",5
17,"Buffet ",28,15,4.7,"motorcycle",1,"No","Urban","Sunny","Medium",0,"Y",15
24,"Meal ",35,18,4.7,"electric_scooter",1,"No","Urban","Windy","Jam",0,"N",10
19,"Snack ",29,22,5,"scooter",1,"No","Urban","Stormy","Medium",0,"N",15
25,"Meal ",28,13,5,"electric_scooter",0,"No","Metropolitan","Sunny","Jam ",1,"N",15
15,"Meal ",27,17,4.5,"motorcycle",1,"No","Urban","Sunny","Jam ",1,"N",15
27,"Meal ",24,17,4.9,"electric_scooter",1,"No","Metropolitan","Stormy","Low ",1,"N",15
15,"Meal ",20,8,4.5,"electric_scooter",1,"No","Metropolitan","Sunny","Medium",1,"N",15
39,"Buffet ",30,18,4.8,"motorcycle",0,"No","Urban","Sunny","Jam",1,"N",5
39,"Snack ",34,23,4.6,"motorcycle",0,"No","Metropolitan","Stormy","Jam ",1,"N",5
19,"Snack ",35,18,4.6,"motorcycle",1,"No","Urban","Windy","High ",0,"N",5
38,"Meal ",39,19,3.8,"scooter",2,"No","Metropolitan","Sandstorms","Jam ",1,"Y",5
37,"Snack ",29,1,4.7,"electric_scooter",0,"No","Metropolitan","Sandstorms","Jam ",0,"N",15
22,"Drinks ",28,14,4.7,"electric_scooter",0,"No","Metropolitan","Sunny","Low ",1,"N",5
24,"Meal ",26,7,4.4,"motorcycle",0,"No","Metropolitan","Sandstorms","Low ",1,"Y",15
30,"Meal ",26,5,4.9,"motorcycle",2,"No","Metropolitan","Sandstorms","Jam ",1,"N",10
29,"Drinks ",25,21,4.5,"electric_scooter",2,"No","Metropolitan","Windy","Jam ",1,"Y",5
15,"Meal ",20,18,4.6,"scooter",1,"No","Urban","Stormy","Low",1,"N",15
17,"Snack ",38,15,4.7,"electric_scooter",1,"No","Metropolitan","Windy","Jam ",0,"N",5
47,"Snack ",33,16,4.1,"motorcycle",1,"No","Metropolitan","Fog","Jam ",0,"Y",10
36,"Buffet ",34,17,4.9,"motorcycle",0,"No","Metropolitan","Fog","Jam ",1,"N",15
35,"Drinks ",35,9,4.8,"electric_scooter",0,"No","Metropolitan","Sandstorms","High ",1,"N",15
16,"Snack ",23,9,4.5,"electric_scooter",2,"No","Semi-Urban","Sunny","High ",0,"Y",15
36,"Buffet ",39,19,4.4,"electric_scooter",2,"No","Metropolitan","Sunny","Jam ",1,"N",15
35,"Drinks ",30,13,4.6,"electric_scooter",0,"No","Metropolitan","Sunny","Medium",1,"Y",10
44,"Meal ",29,11,4.6,"electric_scooter",0,"No","Urban","Fog","Jam ",2,"N",5
18,"Meal ",29,19,4.6,"electric_scooter",0,"No","Metropolitan","Fog","Low ",1,"N",10
15,"Buffet ",35,23,4.7,"motorcycle",1,"No","Metropolitan","Windy","Low ",0,"N",10
25,"Buffet ",29,19,4.8,"scooter",1,"No","Semi-Urban","Windy","Medium",1,"N",10
26,"Buffet ",23,15,4.8,"scooter",0,"No","Metropolitan","Sandstorms","Medium",1,"N",15
29,"Meal ",22,6,4.7,"motorcycle",2,"No","Metropolitan","Stormy","Jam ",0,"N",5
47,"Buffet ",26,2,4.5,"motorcycle",0,"Yes","Metropolitan","Cloudy","Jam",1,"N",5
23,"Meal ",21,3,4,"motorcycle",0,"No","Urban","Windy","Low",1,"N",10
19,"Snack ",24,4,4.8,"scooter",1,"No","Semi-Urban","Sunny","Medium",1,"N",15
25,"Buffet ",29,17,4.9,"motorcycle",0,"No","Metropolitan","Windy","Low ",0,"Y",15
40,"Drinks ",32,7,4.6,"electric_scooter",2,"No","Metropolitan","Fog","Jam ",0,"N",10
38,"Buffet ",20,3,4.4,"scooter",2,"No","Urban","Sandstorms","Jam ",2,"Y",10
24,"Meal ",22,15,4.7,"motorcycle",0,"No","Metropolitan","Cloudy","Low ",0,"Y",15
19,"Meal ",23,22,4.8,"motorcycle",1,"No","Urban","Sandstorms","Low ",1,"N",5
23,"Buffet ",23,7,4.7,"scooter",1,"No","Metropolitan","Stormy","Low ",1,"Y",10
25,"Meal ",33,19,4.9,"motorcycle",1,"No","Urban","Stormy","Medium",1,"Y",10
34,"Buffet ",38,13,4.8,"motorcycle",0,"No","Metropolitan","Cloudy","Medium",1,"N",10
17,"Snack ",36,22,4.7,"scooter",1,"No","Urban","Stormy","Medium",0,"N",10
23,"Buffet ",31,23,4.9,"motorcycle",1,"No","Metropolitan","Windy","Low ",1,"Y",5
24,"Drinks ",27,16,5,"electric_scooter",1,"No","Urban","Windy","Medium",1,"N",10
25,"Meal ",30,4,4.9,"scooter",2,"No","Urban","Stormy","Jam ",0,"N",5
36,"Meal ",30,1,4.1,"motorcycle",2,"No","Metropolitan","Cloudy","Medium",1,"N",5
16,"Snack ",29,6,4.9,"electric_scooter",2,"No","Metropolitan","Sandstorms","Low",0,"N",10
25,"Buffet ",21,18,4.7,"scooter",1,"No","Urban","Stormy","High",1,"N",10
30,"Drinks ",39,9,4.7,"motorcycle",2,"No","Urban","Stormy","Medium",1,"N",15
34,"Meal ",37,13,4.1,"motorcycle",0,"No","Metropolitan","Sandstorms","Medium",1,"N",15
29,"Buffet ",32,2,4.7,"motorcycle",0,"No","Semi-Urban","Windy","Jam ",0,"Y",15
28,"Snack ",33,17,4.7,"scooter",2,"No","Metropolitan","Stormy","Jam ",1,"N",5
34,"Buffet ",34,9,4.1,"scooter",1,"No","Semi-Urban","Cloudy","Medium",1,"N",15
20,"Drinks ",20,13,4.7,"electric_scooter",2,"No","Metropolitan","Sandstorms","Jam ",1,"N",15
15,"Snack ",37,9,4.8,"motorcycle",1,"No","Metropolitan","Sandstorms","Low ",1,"N",10
26,"Drinks ",39,23,4.6,"scooter",0,"No","Metropolitan","Sunny","Low ",1,"N",5
31,"Drinks ",29,7,5,"scooter",2,"No","Urban","Stormy","High ",1,"N",10
26,"Buffet ",31,12,4.8,"motorcycle",2,"No","Metropolitan","Stormy","Jam ",0,"N",10
35,"Snack ",21,4,4.1,"motorcycle",1,"No","Metropolitan","Windy","Jam ",1,"N",5
52,"Buffet ",35,6,4.2,"scooter",0,"No","Metropolitan","Windy","Jam ",1,"Y",10
39,"Snack ",36,18,4.3,"motorcycle",1,"No","Metropolitan","Fog","Jam ",0,"Y",5
19,"Snack ",20,3,4.5,"scooter",2,"No","Semi-Urban","Sunny","High",0,"N",5
23,"Buffet ",23,22,4.8,"motorcycle",0,"No","Urban","Stormy","Low",1,"N",10
21,"Drinks ",24,17,4.9,"electric_scooter",2,"No","Semi-Urban","Sunny","Low",0,"N",15
24,"Snack ",32,14,4.6,"motorcycle",1,"No","Metropolitan","Windy","Jam ",1,"N",15
45,"Buffet ",37,23,4.7,"scooter",2,"Yes","Urban","Fog","Jam",2,"N",5
28,"Meal ",23,2,4.5,"electric_scooter",1,"No","Urban","Stormy","Medium",1,"N",15
31,"Drinks ",34,5,4.1,"electric_scooter",1,"No","Metropolitan","Stormy","Jam ",1,"N",10
28,"Buffet ",32,23,4.6,"scooter",1,"No","Metropolitan","Windy","Low ",1,"Y",5
29,"Buffet ",37,13,4.8,"scooter",2,"No","Metropolitan","Cloudy","Low ",1,"N",10
33,"Drinks ",30,9,4.7,"scooter",1,"No","Metropolitan","Stormy","High ",1,"N",15
17,"Meal ",31,19,4.9,"motorcycle",0,"No","Urban","Stormy","Medium",0,"N",5
44,"Buffet ",36,3,4.4,"electric_scooter",0,"No","Urban","Stormy","Jam",1,"Y",10
15,"Meal ",30,23,4.6,"scooter",2,"No","Metropolitan","Stormy","Jam ",1,"N",5
23,"Buffet ",27,19,4.9,"electric_scooter",2,"No","Metropolitan","Cloudy","High ",0,"Y",15
13,"Buffet ",39,23,4.9,"scooter",1,"No","Urban","Sunny","High",0,"N",10
24,"Buffet ",27,16,4.6,"motorcycle",0,"No","Semi-Urban","Stormy","Low ",1,"Y",15
33,"Snack ",30,9,4.9,"motorcycle",0,"No","Metropolitan","Fog","Jam ",1,"N",10
31,"Snack ",39,23,4.9,"motorcycle",0,"No","Metropolitan","Sandstorms","Jam ",1,"Y",5
43,"Buffet ",21,13,4.1,"motorcycle",0,"No","Urban","Stormy","Medium",1,"N",15
17,"Drinks ",28,16,4.8,"electric_scooter",1,"No","Metropolitan","Stormy","Low ",0,"N",5
23,"Buffet ",20,18,5,"motorcycle",0,"No","Metropolitan","Cloudy","Low",1,"N",15
29,"Snack ",34,13,4.9,"motorcycle",2,"No","Metropolitan","Windy","Low ",1,"N",15
26,"Snack ",20,9,4.5,"electric_scooter",0,"No","Metropolitan","Sandstorms","Low ",1,"N",5
37,"Meal ",35,5,3.5,"scooter",1,"No","Metropolitan","Windy","Medium",2,"N",10
29,"Meal ",39,21,4.7,"scooter",2,"No","Semi-Urban","Stormy","Jam ",1,"Y",5
11,"Drinks ",26,15,4.7,"motorcycle",2,"No","Urban","Windy","Low",0,"Y",10
48,"Buffet ",31,21,4.8,"motorcycle",0,"No","Urban","Windy","Jam ",1,"N",15
26,"Snack ",31,22,5,"motorcycle",2,"No","Semi-Urban","Sandstorms","Jam ",1,"Y",5
22,"Drinks ",38,22,4.6,"motorcycle",0,"No","Urban","Stormy","High",0,"N",10
28,"Drinks ",21,18,4.8,"scooter",2,"No","Semi-Urban","Windy","Low ",0,"Y",5
28,"Drinks ",25,16,4.7,"motorcycle",1,"No","Urban","Sandstorms","High",1,"N",15
37,"Meal ",27,7,3.9,"motorcycle",2,"No","Metropolitan","Windy","Medium",2,"Y",10
33,"Snack ",24,9,4.9,"electric_scooter",2,"No","Urban","Sandstorms","High ",1,"N",10
26,"Snack ",30,3,4.9,"scooter",1,"No","Urban","Sunny","Low ",1,"N",10
17,"Buffet ",36,14,5,"motorcycle",1,"No","Metropolitan","Stormy","High ",0,"N",15
23,"Buffet ",36,21,4.7,"scooter",1,"No","Urban","Sandstorms","Medium",1,"Y",5
46,"Buffet ",39,7,4.7,"motorcycle",0,"No","Semi-Urban","Windy","Medium",1,"N",15
29,"Buffet ",22,3,4.6,"scooter",2,"No","Metropolitan","Sandstorms","High ",1,"N",15
16,"Drinks ",24,6,4.8,"scooter",2,"No","Semi-Urban","Sunny","Low ",0,"N",5
28,"Snack ",39,23,4.6,"electric_scooter",2,"No","Metropolitan","Fog","High ",1,"N",5
36,"Meal ",26,14,4,"motorcycle",0,"No","Metropolitan","Windy","Medium",1,"Y",10
18,"Meal ",24,23,4.9,"scooter",1,"No","Semi-Urban","Sandstorms","Low",0,"Y",15
30,"Drinks ",31,5,4.7,"motorcycle",1,"No","Metropolitan","Fog","Medium",1,"N",5
43,"Meal ",24,13,4.2,"motorcycle",1,"No","Metropolitan","Sandstorms","Jam ",1,"Y",10
13,"Drinks ",36,5,4.9,"motorcycle",1,"No","Metropolitan","Sandstorms","Jam ",0,"N",5
15,"Buffet ",33,23,4.7,"motorcycle",2,"No","Metropolitan","Fog","Low ",0,"N",10
26,"Buffet ",29,14,4.8,"motorcycle",1,"No","Semi-Urban","Windy","Low ",0,"N",5
47,"Snack ",32,9,4.6,"motorcycle",0,"No","Metropolitan","Sandstorms","Medium",3,"N",5
15,"Meal ",23,18,4.7,"electric_scooter",2,"No","Urban","Fog","Medium",0,"N",15
15,"Drinks ",29,21,4.7,"scooter",2,"No","Urban","Sunny","Low",1,"Y",10
25,"Buffet ",28,17,4.8,"motorcycle",1,"No","Metropolitan","Stormy","Medium",1,"N",5
34,"Drinks ",37,4,4.3,"scooter",0,"No","Metropolitan","Sandstorms","Low ",1,"N",5
26,"Buffet ",37,16,4.8,"motorcycle",1,"No","Metropolitan","Stormy","High ",1,"N",5
35,"Meal ",32,22,5,"motorcycle",1,"No","Metropolitan","Sunny","Medium",1,"N",15
20,"Meal ",27,13,4.6,"motorcycle",1,"No","Urban","Sandstorms","Low ",0,"N",20
19,"Meal ",35,21,4.9,"scooter",1,"No","Metropolitan","Fog","Medium",1,"N",15
14,"Snack ",36,22,4.7,"electric_scooter",2,"No","Metropolitan","Sandstorms","Low ",1,"N",15
46,"Buffet ",24,18,4.9,"electric_scooter",0,"No","Semi-Urban","Sandstorms","Jam ",1,"N",5
10,"Buffet ",34,22,4.7,"scooter",1,"No","Urban","Sunny","High",0,"N",5
19,"Drinks ",21,4,4.6,"scooter",2,"No","Urban","Sunny","Jam",0,"N",10
36,"Buffet ",36,18,5,"scooter",2,"No","Semi-Urban","Fog","Jam ",0,"Y",5
48,"Drinks ",27,8,5,"scooter",0,"No","Metropolitan","Cloudy","Jam ",3,"N",15
18,"Snack ",32,17,4.8,"motorcycle",1,"No","Metropolitan","Sunny","Low ",1,"Y",5
17,"Buffet ",22,19,4.7,"motorcycle",2,"No","Urban","Fog","Medium",0,"N",10
24,"Meal ",21,17,4.6,"motorcycle",0,"No","Metropolitan","Windy","Low",1,"N",10
29,"Buffet ",27,4,4.5,"scooter",2,"No","Metropolitan","Sandstorms","Jam ",1,"N",10
42,"Meal ",29,15,4.8,"motorcycle",0,"No","Urban","Cloudy","Jam",0,"N",15
16,"Meal ",34,23,4.9,"motorcycle",0,"No","Semi-Urban","Stormy","Low ",1,"N",10
16,"Drinks ",36,23,4.6,"motorcycle",2,"No","Metropolitan","Sunny","High ",1,"Y",15
42,"Meal ",24,6,4.7,"motorcycle",1,"No","Semi-Urban","Fog","Jam ",1,"N",5
17,"Buffet ",25,18,5,"electric_scooter",1,"No","Metropolitan","Sunny","Low ",1,"N",5
18,"Meal ",34,16,4.9,"electric_scooter",1,"No","Metropolitan","Cloudy","Medium",0,"Y",15
20,"Snack ",34,18,4.9,"scooter",1,"No","Semi-Urban","Windy","Jam",1,"N",15
18,"Meal ",20,15,4.9,"electric_scooter",2,"No","Metropolitan","Cloudy","Low ",0,"N",10
26,"Meal ",35,9,4.6,"scooter",2,"No","Metropolitan","Sunny","Low ",0,"N",15
20,"Snack ",21,16,4.6,"motorcycle",2,"No","Urban","Stormy","Low",1,"N",15
18,"Buffet ",38,15,4.6,"motorcycle",1,"No","Metropolitan","Sandstorms","High ",1,"N",15
44,"Drinks ",38,23,4.9,"motorcycle",0,"No","Metropolitan","Windy","Jam ",2,"Y",5
15,"Buffet ",36,8,4.8,"scooter",1,"No","Semi-Urban","Sandstorms","Jam ",0,"N",10
23,"Meal ",28,9,4.8,"electric_scooter",1,"No","Urban","Windy","Jam ",0,"N",15
38,"Drinks ",29,4,4.2,"motorcycle",0,"No","Metropolitan","Stormy","High",1,"N",15
22,"Buffet ",21,16,4.7,"scooter",2,"No","Urban","Windy","Low",1,"N",5
20,"Meal ",39,16,4.6,"motorcycle",2,"No","Urban","Stormy","Medium",0,"Y",15
27,"Meal ",39,4,4.5,"scooter",2,"No","Metropolitan","Sunny","Jam ",1,"N",5
22,"Drinks ",28,12,4.6,"motorcycle",1,"No","Metropolitan","Sunny","High ",0,"Y",5
47,"Buffet ",35,3,4.8,"motorcycle",0,"No","Semi-Urban","Windy","Jam ",1,"N",5
22,"Buffet ",30,22,5,"electric_scooter",1,"No","Urban","Windy","Medium",0,"N",10
34,"Snack ",34,13,4.2,"motorcycle",1,"No","Urban","Stormy","High ",1,"Y",15
22,"Drinks ",39,15,4.6,"electric_scooter",2,"No","Urban","Stormy","High",0,"N",5
41,"Buffet ",24,3,4.4,"motorcycle",2,"No","Urban","Fog","Medium",1,"N",10
24,"Meal ",21,9,4.6,"motorcycle",2,"No","Metropolitan","Windy","Medium",1,"N",5
28,"Buffet ",38,3,4.9,"motorcycle",1,"No","Metropolitan","Windy","Low ",1,"N",5
31,"Drinks ",29,9,4,"motorcycle",0,"No","Metropolitan","Sandstorms","Medium",0,"N",5
11,"Meal ",20,16,4.9,"scooter",1,"No","Semi-Urban","Sandstorms","Low",0,"N",15
11,"Drinks ",22,15,5,"electric_scooter",2,"No","Metropolitan","Sunny","Low",0,"N",5
26,"Snack ",26,17,4.6,"motorcycle",1,"No","Metropolitan","Fog","Low ",0,"N",10
26,"Drinks ",31,17,4.8,"scooter",2,"No","Metropolitan","Fog","High",1,"Y",5
24,"Snack ",31,22,5,"motorcycle",0,"No","Urban","Cloudy","Low ",0,"Y",15
44,"Meal ",35,7,4.1,"scooter",1,"No","Semi-Urban","Fog","Jam ",1,"N",5
36,"Drinks ",34,23,4.9,"scooter",2,"No","Semi-Urban","Fog","Jam",1,"N",15
54,"Meal ",24,19,4.6,"motorcycle",0,"Yes","Metropolitan","Fog","Jam ",3,"Y",5
41,"Buffet ",30,21,4.9,"scooter",0,"No","Urban","Fog","Jam",0,"N",10
31,"Snack ",29,23,4.8,"motorcycle",0,"No","Semi-Urban","Fog","Jam ",1,"N",10
15,"Buffet ",26,5,4.5,"electric_scooter",1,"No","Metropolitan","Cloudy","Low",0,"Y",15
18,"Drinks ",25,1,4.8,"scooter",1,"No","Urban","Sandstorms","Low",0,"N",10
30,"Meal ",26,9,4.9,"motorcycle",2,"No","Urban","Cloudy","Medium",0,"N",15
18,"Drinks ",22,18,4.8,"motorcycle",0,"No","Metropolitan","Sunny","Medium",0,"N",10
24,"Meal ",26,19,4.7,"electric_scooter",1,"No","Urban","Stormy","Jam",0,"N",5
35,"Buffet ",31,4,4.8,"motorcycle",2,"No","Metropolitan","Cloudy","Jam ",1,"N",15
43,"Snack ",34,2,4.5,"motorcycle",0,"No","Metropolitan","Cloudy","Jam ",2,"N",5
20,"Buffet ",28,15,4.9,"motorcycle",1,"No","Metropolitan","Stormy","Jam ",1,"N",10
26,"Snack ",26,23,4.6,"scooter",1,"No","Semi-Urban","Stormy","High ",1,"Y",5
19,"Buffet ",33,15,4.9,"motorcycle",0,"No","Urban","Cloudy","Low",0,"N",15
17,"Meal ",33,19,4.8,"motorcycle",2,"No","Urban","Stormy","Low",0,"N",15
42,"Snack ",32,8,4.9,"scooter",1,"No","Urban","Fog","Jam ",1,"N",15
17,"Snack ",24,9,4.5,"motorcycle",1,"No","Urban","Stormy","Low ",0,"N",5
19,"Buffet ",39,19,4.7,"scooter",2,"No","Urban","Cloudy","Low",0,"Y",15
36,"Drinks ",20,17,5,"scooter",2,"No","Urban","Fog","High",1,"Y",15
27,"Meal ",32,2,4.5,"motorcycle",1,"No","Metropolitan","Windy","Low ",0,"N",10
33,"Buffet ",35,18,4.7,"motorcycle",0,"No","Metropolitan","Windy","Jam ",0,"N",15
39,"Meal ",22,3,4.4,"motorcycle",0,"No","Urban","Stormy","Jam",0,"Y",10
16,"Buffet ",38,8,4.7,"electric_scooter",1,"No","Metropolitan","Stormy","Low ",1,"N",5
34,"Drinks ",20,3,4.2,"electric_scooter",2,"No","Urban","Windy","Medium",2,"N",5
30,"Meal ",20,2,4.8,"motorcycle",2,"No","Metropolitan","Fog","High ",1,"N",5
21,"Buffet ",20,19,5,"motorcycle",0,"No","Metropolitan","Fog","Low ",1,"N",5
24,"Snack ",36,16,4.6,"scooter",2,"No","Metropolitan","Sandstorms","Medium",1,"Y",15
17,"Meal ",24,18,4.6,"motorcycle",1,"No","Metropolitan","Stormy","Low ",0,"N",15
25,"Drinks ",35,17,4.6,"motorcycle",1,"No","Urban","Sandstorms","Jam",1,"N",15
25,"Drinks ",29,22,4.9,"electric_scooter",2,"No","Metropolitan","Fog","Jam ",0,"N",5
29,"Meal ",29,14,4.8,"motorcycle",0,"No","Metropolitan","Fog","Medium",0,"N",15
41,"Buffet ",27,5,3.5,"motorcycle",1,"Yes","Urban","Windy","Jam",0,"Y",15
24,"Meal ",32,4,4.8,"motorcycle",0,"No","Metropolitan","Stormy","Low ",1,"Y",5
33,"Meal ",26,23,4.8,"motorcycle",2,"No","Metropolitan","Stormy","Medium",1,"N",10
40,"Snack ",20,19,4,"motorcycle",0,"No","Metropolitan","Sandstorms","High ",2,"N",10
16,"Buffet ",33,15,4.6,"motorcycle",1,"No","Urban","Stormy","High",1,"N",15
18,"Drinks ",26,15,4.7,"scooter",2,"No","Metropolitan","Sandstorms","Low ",0,"Y",5
28,"Drinks ",36,3,4.7,"motorcycle",1,"No","Metropolitan","Windy","Low ",1,"N",10
20,"Meal ",24,19,4.5,"motorcycle",0,"No","Semi-Urban","Windy","Low ",1,"N",15
27,"Meal ",21,16,4.8,"electric_scooter",2,"No","Metropolitan","Sandstorms","Jam ",1,"Y",10
40,"Snack ",35,9,4.7,"electric_scooter",1,"No","Semi-Urban","Fog","Jam ",1,"N",5
43,"Meal ",22,13,4.4,"electric_scooter",0,"No","Metropolitan","Sandstorms","Medium",1,"N",10
18,"Meal ",21,18,4.7,"scooter",1,"No","Metropolitan","Sandstorms","Low ",0,"N",10
34,"Buffet ",29,4,4.2,"motorcycle",0,"No","Metropolitan","Sunny","Jam ",1,"Y",5
33,"Snack ",36,13,3.8,"motorcycle",1,"No","Metropolitan","Sunny","Jam ",1,"N",15
27,"Snack ",23,23,4.8,"electric_scooter",2,"No","Urban","Stormy","Jam ",1,"Y",10
31,"Drinks ",27,19,5,"motorcycle",1,"No","Metropolitan","Cloudy","Jam ",1,"Y",15
27,"Drinks ",25,3,4.9,"motorcycle",0,"No","Metropolitan","Sunny","Low ",0,"N",5
11,"Meal ",27,17,4.8,"scooter",1,"No","Urban","Sunny","Low ",1,"N",15
41,"Meal ",37,12,4.9,"motorcycle",0,"No","Semi-Urban","Windy","High ",0,"N",10
26,"Drinks ",32,19,5,"motorcycle",2,"No","Urban","Sandstorms","Low ",0,"N",5
37,"Drinks ",34,12,4.8,"scooter",1,"No","Metropolitan","Fog","Jam ",1,"N",10
32,"Snack ",21,7,4,"motorcycle",0,"No","Metropolitan","Windy","Jam ",1,"N",10
38,"Meal ",33,3,4.1,"scooter",2,"No","Urban","Fog","High",1,"N",5
44,"Snack ",31,7,4.7,"electric_scooter",0,"No","Metropolitan","Windy","Jam ",2,"N",15
43,"Drinks ",39,9,4.8,"motorcycle",0,"No","Metropolitan","Stormy","Jam ",1,"Y",5
28,"Meal ",24,7,4.9,"electric_scooter",2,"No","Semi-Urban","Sunny","Low ",0,"Y",15
21,"Drinks ",29,22,4.9,"scooter",2,"No","Metropolitan","Stormy","Jam ",1,"N",10
46,"Buffet ",30,8,4.8,"motorcycle",0,"No","Metropolitan","Cloudy","Jam ",2,"N",10
20,"Meal ",36,22,4.8,"scooter",1,"No","Urban","Windy","Medium",1,"Y",5
26,"Meal ",23,23,4.7,"motorcycle",0,"No","Urban","Sunny","Medium",1,"N",10
18,"Snack ",33,13,4.7,"scooter",1,"No","Metropolitan","Cloudy","Medium",0,"N",10
28,"Buffet ",34,9,4.3,"motorcycle",0,"No","Urban","Windy","Low ",0,"N",10
28,"Snack ",20,18,4.5,"scooter",2,"No","Metropolitan","Windy","Jam ",0,"Y",5
29,"Buffet ",32,4,4.9,"scooter",1,"No","Metropolitan","Stormy","Low ",1,"N",5
31,"Buffet ",39,5,4,"electric_scooter",0,"No","Metropolitan","Sandstorms","High ",1,"N",10
20,"Snack ",30,18,4.8,"scooter",1,"No","Metropolitan","Cloudy","Low ",1,"N",10
21,"Snack ",36,15,4.6,"scooter",0,"No","Metropolitan","Stormy","Low ",1,"N",15
41,"Buffet ",36,13,4.1,"scooter",0,"Yes","Metropolitan","Stormy","High ",1,"Y",5
33,"Buffet ",22,17,4.8,"motorcycle",0,"No","Metropolitan","Cloudy","Jam ",2,"N",15
27,"Snack ",21,3,4.6,"electric_scooter",2,"No","Metropolitan","Windy","Medium",1,"N",10
41,"Drinks ",37,17,3.5,"motorcycle",1,"No","Urban","Sunny","Low ",0,"N",10
20,"Snack ",39,23,4.1,"motorcycle",0,"No","Metropolitan","Sandstorms","Low ",0,"N",5
30,"Buffet ",27,17,4.8,"scooter",1,"No","Metropolitan","Fog","Jam ",1,"N",5
23,"Snack ",23,16,4.8,"electric_scooter",2,"No","Urban","Fog","Jam ",1,"N",15
26,"Snack ",23,6,4.5,"motorcycle",2,"No","Metropolitan","Stormy","Jam",1,"N",15
25,"Snack ",36,14,5,"motorcycle",1,"No","Urban","Windy","Medium",1,"N",15
10,"Meal ",25,17,4.6,"motorcycle",1,"No","Urban","Stormy","High",1,"N",5
18,"Meal ",39,22,4.7,"motorcycle",1,"No","Urban","Cloudy","Medium",0,"N",15
23,"Meal ",35,6,4,"motorcycle",0,"No","Urban","Stormy","Low",0,"N",15
34,"Snack ",33,23,4.9,"motorcycle",1,"No","Urban","Windy","Jam",1,"N",5
18,"Meal ",28,3,4.5,"motorcycle",1,"No","Metropolitan","Stormy","Low ",0,"N",10
23,"Drinks ",26,23,4.8,"electric_scooter",1,"No","Urban","Sunny","Medium",0,"N",15
17,"Buffet ",26,21,4.8,"scooter",2,"No","Urban","Stormy","Low ",0,"N",5
41,"Buffet ",32,1,3.9,"scooter",2,"No","Metropolitan","Windy","Jam ",1,"N",10
31,"Buffet ",25,3,4.1,"motorcycle",2,"No","Urban","Windy","Medium",1,"N",10
22,"Snack ",35,12,4.7,"electric_scooter",2,"No","Metropolitan","Stormy","Medium",1,"N",5
28,"Snack ",33,16,4.6,"motorcycle",0,"No","Urban","Sunny","High ",1,"N",5
45,"Buffet ",38,3,4.1,"scooter",2,"No","Urban","Fog","Jam ",2,"Y",5
26,"Drinks ",30,18,4.9,"electric_scooter",1,"No","Metropolitan","Stormy","Jam ",0,"N",10
23,"Snack ",26,22,4.9,"scooter",0,"No","Urban","Fog","Low",0,"N",10
19,"Buffet ",31,14,4.6,"motorcycle",1,"No","Metropolitan","Sunny","Jam ",0,"Y",15
31,"Drinks ",27,7,4.2,"motorcycle",1,"No","Metropolitan","Sandstorms","Jam ",1,"N",5
25,"Snack ",38,22,5,"motorcycle",2,"No","Urban","Sandstorms","Jam ",1,"N",10
18,"Buffet ",29,16,4.7,"scooter",0,"No","Urban","Windy","Jam ",0,"Y",15
48,"Drinks ",31,8,4.5,"scooter",0,"No","Metropolitan","Cloudy","Jam ",1,"N",5
16,"Meal ",37,5,4.5,"motorcycle",1,"No","Urban","Sunny","Medium",1,"N",5
39,"Buffet ",21,18,4.1,"motorcycle",0,"No","Metropolitan","Stormy","Medium",1,"N",15
20,"Buffet ",36,8,4.7,"motorcycle",0,"No","Metropolitan","Fog","Low ",1,"N",15
46,"Snack ",23,5,4.4,"electric_scooter",2,"Yes","Metropolitan","Fog","Jam ",1,"N",10
22,"Meal ",33,22,4.6,"motorcycle",0,"No","Metropolitan","Windy","Low ",1,"N",10
22,"Meal ",30,22,5,"scooter",1,"No","Urban","Stormy","Low",1,"N",5
18,"Snack ",22,22,4.8,"scooter",2,"No","Metropolitan","Windy","Low ",0,"Y",10
21,"Snack ",32,17,4.8,"motorcycle",2,"No","Metropolitan","Stormy","Medium",1,"Y",5
11,"Drinks ",20,18,4.9,"electric_scooter",1,"No","Metropolitan","Sandstorms","Low ",1,"N",10
28,"Buffet ",26,19,4.9,"electric_scooter",1,"No","Urban","Stormy","Medium",0,"Y",5
28,"Meal ",29,6,4.7,"scooter",2,"No","Metropolitan","Windy","High ",0,"N",15
14,"Drinks ",27,22,4.5,"motorcycle",1,"No","Urban","Sandstorms","Low ",0,"N",5
12,"Snack ",20,19,4.7,"electric_scooter",2,"No","Metropolitan","Stormy","Low ",1,"N",5
36,"Buffet ",34,3,4,"motorcycle",2,"No","Metropolitan","Cloudy","Medium",1,"Y",5
36,"Snack ",34,7,4.8,"motorcycle",2,"No","Metropolitan","Cloudy","Jam ",1,"N",15
20,"Buffet ",22,23,4.8,"scooter",1,"No","Metropolitan","Sunny","Low ",1,"N",5
27,"Drinks ",33,18,4.6,"scooter",2,"No","Metropolitan","Stormy","Medium",0,"Y",10
18,"Buffet ",28,21,5,"motorcycle",1,"No","Urban","Sandstorms","High",1,"N",5
23,"Snack ",22,23,4.6,"motorcycle",0,"No","Urban","Fog","Low ",1,"N",10
13,"Drinks ",34,21,4.7,"electric_scooter",2,"No","Semi-Urban","Stormy","Low",0,"N",5
26,"Snack ",27,5,4.7,"motorcycle",0,"No","Metropolitan","Fog","Medium",1,"N",15
27,"Snack ",21,15,5,"motorcycle",0,"No","Urban","Stormy","Low",1,"Y",15
19,"Drinks ",39,14,4.7,"electric_scooter",2,"No","Metropolitan","Windy","Low ",1,"Y",15
34,"Snack ",34,6,4.2,"motorcycle",0,"No","Metropolitan","Fog","Medium",0,"N",5
13,"Buffet ",36,15,4.8,"motorcycle",2,"No","Urban","Stormy","Low",0,"N",5
16,"Meal ",31,9,4.8,"electric_scooter",0,"No","Urban","Stormy","High ",0,"Y",5
12,"Buffet ",21,4,4.5,"electric_scooter",2,"No","Metropolitan","Sunny","High",0,"N",5
16,"Drinks ",27,23,4.9,"electric_scooter",1,"No","Metropolitan","Sunny","High ",1,"Y",5
25,"Snack ",22,19,4.9,"motorcycle",2,"No","Urban","Sandstorms","Low",1,"N",10
17,"Drinks ",32,14,4.7,"scooter",0,"No","Metropolitan","Fog","Low ",1,"Y",15
27,"Meal ",26,19,4.6,"scooter",1,"No","Metropolitan","Windy","Low ",1,"N",5
37,"Buffet ",32,7,5,"motorcycle",0,"No","Metropolitan","Stormy","Jam ",1,"N",15
31,"Snack ",31,5,4.3,"electric_scooter",2,"No","Metropolitan","Sandstorms","Medium",1,"Y",5
22,"Snack ",36,9,4.8,"scooter",2,"No","Metropolitan","Windy","Medium",1,"Y",10
22,"Snack ",38,22,4.5,"motorcycle",0,"No","Urban","Sandstorms","Low",1,"N",10
50,"Meal ",37,5,4.3,"electric_scooter",0,"No","Urban","Sunny","Jam ",3,"N",5
29,"Buffet ",26,9,4.8,"motorcycle",0,"No","Metropolitan","Sunny","Low ",1,"N",5
27,"Meal ",27,3,4.4,"motorcycle",0,"No","Urban","Windy","Low",1,"N",10
28,"Drinks ",36,16,5,"electric_scooter",2,"No","Urban","Sunny","Jam",1,"N",15
20,"Meal ",29,18,4.2,"scooter",0,"No","Metropolitan","Sandstorms","Low ",1,"N",10
22,"Meal ",38,18,4.5,"motorcycle",2,"No","Metropolitan","Stormy","Medium",1,"N",10
25,"Buffet ",24,22,4.8,"scooter",2,"No","Semi-Urban","Stormy","Medium",1,"Y",15
14,"Meal ",37,2,4.7,"scooter",2,"No","Metropolitan","Sandstorms","Low ",0,"N",15
19,"Snack ",27,6,4.6,"electric_scooter",2,"No","Urban","Fog","Medium",0,"N",10
31,"Buffet ",38,19,4.9,"scooter",2,"No","Metropolitan","Fog","Jam ",1,"N",15
39,"Drinks ",35,13,4.1,"motorcycle",0,"No","Metropolitan","Fog","Low ",2,"N",15
31,"Drinks ",34,5,4.1,"electric_scooter",1,"No","Metropolitan","Stormy","Jam ",1,"N",10
29,"Drinks ",34,22,4.9,"electric_scooter",2,"No","Metropolitan","Sandstorms","Medium",1,"Y",5
27,"Buffet ",22,18,4.6,"scooter",2,"No","Urban","Sunny","Low",1,"N",10
22,"Meal ",38,13,4,"motorcycle",0,"No","Urban","Stormy","Low ",1,"N",15
22,"Meal ",25,22,4.6,"motorcycle",0,"No","Metropolitan","Stormy","Low ",1,"N",5
26,"Snack ",35,5,4.5,"motorcycle",2,"No","Metropolitan","Stormy","Jam ",0,"N",15
47,"Buffet ",39,12,5,"motorcycle",0,"Yes","Metropolitan","Sandstorms","High ",0,"N",15
24,"Meal ",31,9,4.9,"electric_scooter",2,"No","Semi-Urban","Sandstorms","Low ",1,"N",5
33,"Drinks ",33,1,4.3,"scooter",0,"No","Metropolitan","Sandstorms","High ",1,"N",15
28,"Meal ",21,15,4.8,"scooter",2,"No","Metropolitan","Sandstorms","Low ",1,"N",15
23,"Drinks ",22,23,4.7,"electric_scooter",2,"No","Metropolitan","Cloudy","High ",1,"N",5
17,"Meal ",30,23,4.5,"motorcycle",2,"No","Metropolitan","Sunny","Jam ",0,"Y",10
22,"Buffet ",21,16,4.8,"scooter",2,"No","Metropolitan","Windy","Medium",1,"N",15
30,"Drinks ",39,5,4.8,"motorcycle",0,"No","Metropolitan","Windy","Jam ",1,"N",10
39,"Drinks ",23,14,4.2,"scooter",1,"No","Semi-Urban","Cloudy","Low ",0,"Y",5
18,"Snack ",20,22,4.6,"motorcycle",1,"No","Metropolitan","Fog","Low ",1,"Y",5
45,"Drinks ",32,13,4.8,"scooter",0,"Yes","Metropolitan","Cloudy","Jam ",2,"N",5
26,"Drinks ",34,12,4.5,"motorcycle",0,"No","Semi-Urban","Sandstorms","High ",1,"N",10
45,"Drinks ",36,20,4,"motorcycle",0,"Yes","Metropolitan","Windy","Medium",3,"N",10
38,"Drinks ",32,7,4.8,"scooter",1,"No","Metropolitan","Fog","Jam ",1,"N",10
17,"Meal ",28,16,5,"motorcycle",2,"No","Metropolitan","Sunny","Low ",1,"N",5
37,"Drinks ",39,3,4.2,"motorcycle",0,"No","Semi-Urban","Sandstorms","Jam ",0,"N",15
28,"Meal ",23,1,5,"scooter",1,"No","Metropolitan","Stormy","Jam ",1,"Y",10
30,"Drinks ",34,16,4.8,"electric_scooter",0,"No","Semi-Urban","Sandstorms","Jam",1,"N",5
33,"Snack ",28,19,4.7,"electric_scooter",2,"No","Metropolitan","Cloudy","Jam ",2,"N",10
48,"Drinks ",27,6,4.2,"motorcycle",0,"Yes","Metropolitan","Sunny","Jam ",2,"N",15
30,"Snack ",32,18,4.7,"motorcycle",0,"No","Metropolitan","Sandstorms","Jam ",1,"N",15
19,"Buffet ",39,23,4.7,"scooter",2,"No","Metropolitan","Stormy","Low ",0,"Y",10
43,"Buffet ",30,9,4.3,"scooter",0,"No","Metropolitan","Fog","Low ",1,"N",5
19,"Meal ",25,9,4.9,"electric_scooter",2,"No","Metropolitan","Stormy","Low ",1,"N",10
18,"Drinks ",34,22,4.9,"scooter",1,"No","Metropolitan","Stormy","Low",0,"N",10
25,"Snack ",23,19,4.9,"scooter",1,"No","Metropolitan","Stormy","Jam ",0,"Y",5
25,"Meal ",36,17,4.7,"motorcycle",2,"No","Metropolitan","Stormy","Medium",0,"Y",15
33,"Snack ",37,21,4.3,"electric_scooter",0,"No","Metropolitan","Windy","Medium",0,"N",15
35,"Meal ",27,12,4,"motorcycle",1,"No","Semi-Urban","Stormy","Medium",1,"Y",5
21,"Buffet ",26,19,4,"motorcycle",0,"No","Semi-Urban","Sandstorms","Low ",0,"N",15
25,"Meal ",27,18,5,"motorcycle",0,"No","Metropolitan","Cloudy","Medium",0,"N",5
22,"Drinks ",31,21,4.9,"scooter",0,"No","Metropolitan","Sunny","Jam ",0,"N",5
40,"Drinks ",30,18,5,"electric_scooter",0,"No","Metropolitan","Sunny","Jam ",0,"Y",5
32,"Snack ",21,16,4.6,"motorcycle",0,"No","Metropolitan","Sunny","Medium",0,"Y",10
15,"Buffet ",28,16,4.6,"motorcycle",1,"No","Urban","Sandstorms","Low",0,"N",10
20,"Drinks ",20,23,4.9,"motorcycle",0,"No","Urban","Cloudy","Low ",1,"Y",5
33,"Meal ",26,23,4.8,"motorcycle",2,"No","Metropolitan","Stormy","Medium",1,"N",10
30,"Buffet ",39,16,4.6,"electric_scooter",2,"No","Semi-Urban","Sunny","High ",1,"N",5
28,"Drinks ",25,5,4.1,"motorcycle",0,"No","Metropolitan","Sandstorms","Low ",1,"Y",15
21,"Drinks ",34,2,4.7,"motorcycle",1,"No","Urban","Windy","Low ",0,"Y",15
32,"Buffet ",20,6,4.1,"electric_scooter",1,"No","Semi-Urban","Windy","Jam ",0,"N",15
22,"Snack ",39,3,4.1,"motorcycle",0,"No","Metropolitan","Sandstorms","Low ",0,"N",10
34,"Buffet ",25,16,4.1,"scooter",2,"No","Urban","Windy","High ",1,"N",15
31,"Meal ",31,12,3.8,"electric_scooter",2,"No","Urban","Fog","Low ",1,"N",5
15,"Meal ",21,15,4.9,"motorcycle",2,"No","Metropolitan","Sunny","Medium",0,"N",10
18,"Meal ",27,23,4.9,"motorcycle",1,"No","Metropolitan","Sunny","Low ",1,"N",10
34,"Snack ",31,17,4.8,"electric_scooter",0,"No","Metropolitan","Sunny","Medium",1,"Y",5
31,"Buffet ",39,16,4.9,"motorcycle",0,"No","Metropolitan","Fog","High ",1,"N",5
22,"Snack ",38,17,4.6,"electric_scooter",0,"No","Metropolitan","Fog","Jam ",0,"N",10
23,"Buffet ",29,14,4.6,"motorcycle",0,"No","Metropolitan","Windy","Medium",1,"N",5
18,"Drinks ",23,13,4.8,"scooter",2,"No","Metropolitan","Stormy","Medium",0,"Y",5
19,"Snack ",34,9,4.9,"motorcycle",1,"No","Metropolitan","Stormy","Low ",1,"N",5
18,"Buffet ",35,22,4.9,"scooter",2,"No","Metropolitan","Fog","Low ",1,"N",10
35,"Meal ",25,7,4.8,"motorcycle",0,"No","Semi-Urban","Stormy","High ",2,"N",10
44,"Snack ",28,4,3.7,"scooter",2,"No","Urban","Windy","Jam",1,"N",15
46,"Buffet ",30,8,4.8,"motorcycle",0,"No","Metropolitan","Cloudy","Jam ",2,"N",10
30,"Drinks ",29,9,5,"electric_scooter",2,"No","Metropolitan","Windy","High ",1,"Y",15
25,"Drinks ",32,17,4.5,"motorcycle",0,"No","Metropolitan","Sunny","Medium",1,"N",10
40,"Drinks ",22,3,4.3,"scooter",2,"No","Urban","Stormy","Jam",1,"N",10
26,"Buffet ",37,22,4.9,"scooter",1,"No","Urban","Sandstorms","Low",1,"N",10
34,"Meal ",24,15,4.8,"motorcycle",0,"No","Metropolitan","Fog","Medium",1,"N",10
27,"Buffet ",30,13,4.8,"scooter",1,"No","Metropolitan","Sandstorms","Jam ",0,"N",5
15,"Snack ",38,18,4.8,"scooter",2,"No","Semi-Urban","Sunny","High",0,"N",15
29,"Meal ",35,23,4.9,"electric_scooter",1,"No","Urban","Cloudy","High",1,"N",5
42,"Meal ",35,1,4,"scooter",0,"No","Metropolitan","Cloudy","Low ",2,"Y",30
17,"Meal ",28,15,4.9,"scooter",2,"No","Urban","Stormy","Low",0,"N",5
15,"Snack ",28,23,4.8,"motorcycle",1,"No","Metropolitan","Sandstorms","Low ",1,"Y",5
25,"Drinks ",30,17,4.6,"scooter",1,"No","Metropolitan","Stormy","High ",1,"N",15
19,"Snack ",20,23,5,"scooter",1,"No","Urban","Sandstorms","Low",1,"Y",5
19,"Buffet ",24,11,4.8,"scooter",1,"No","Metropolitan","Windy","Low ",1,"Y",10
31,"Drinks ",33,3,4.1,"motorcycle",2,"No","Semi-Urban","Sandstorms","High",0,"N",15
28,"Drinks ",27,19,4.8,"scooter",2,"No","Metropolitan","Sandstorms","Low ",1,"N",30
22,"Snack ",38,12,4.9,"electric_scooter",1,"No","Metropolitan","Sunny","High ",1,"Y",5
21,"Snack ",37,16,4.9,"motorcycle",1,"No","Urban","Stormy","Low",0,"N",20
24,"Snack ",36,13,4.6,"scooter",2,"No","Urban","Fog","Jam ",1,"N",10
20,"Snack ",21,9,4.9,"motorcycle",0,"No","Metropolitan","Fog","Low ",1,"N",20
35,"Snack ",34,5,4.1,"motorcycle",1,"No","Metropolitan","Fog","Jam ",1,"Y",10
22,"Drinks ",36,22,4.6,"motorcycle",0,"No","Urban","Sandstorms","High",0,"N",15
16,"Buffet ",25,23,4.8,"scooter",1,"No","Metropolitan","Sandstorms","Medium",0,"N",15
28,"Drinks ",30,23,4.6,"motorcycle",0,"No","Urban","Stormy","Low",1,"N",20
16,"Buffet ",38,5,4.8,"motorcycle",1,"No","Metropolitan","Stormy","Low ",1,"N",5
13,"Meal ",36,23,4.8,"scooter",1,"No","Urban","Stormy","Jam",0,"N",15
28,"Meal ",21,22,4.9,"electric_scooter",0,"No","Metropolitan","Cloudy","High ",0,"Y",10
13,"Meal ",23,6,4.6,"motorcycle",2,"No","Metropolitan","Fog","Medium",1,"N",5
26,"Snack ",33,2,4.6,"scooter",2,"No","Metropolitan","Stormy","Jam ",0,"N",15
31,"Meal ",23,5,4,"scooter",0,"No","Metropolitan","Windy","Low ",1,"Y",5
23,"Drinks ",37,23,5,"electric_scooter",2,"No","Metropolitan","Sandstorms","Medium",0,"N",5
15,"Meal ",33,17,4.7,"scooter",2,"No","Urban","Stormy","Jam",1,"N",15
17,"Meal ",39,19,4.6,"motorcycle",1,"No","Urban","Fog","Low ",1,"N",15
38,"Buffet ",20,18,5,"scooter",0,"No","Urban","Windy","Jam ",1,"Y",15
20,"Snack ",24,13,4.6,"motorcycle",0,"No","Metropolitan","Sunny","Medium",0,"N",5
42,"Snack ",30,9,4.7,"electric_scooter",1,"Yes","Metropolitan","Cloudy","Jam ",1,"N",5
16,"Drinks ",29,21,4.9,"scooter",2,"No","Semi-Urban","Sunny","Medium",0,"N",5
20,"Snack ",23,16,4.9,"electric_scooter",2,"No","Semi-Urban","Sunny","Jam ",1,"N",10
28,"Drinks ",20,9,4.6,"motorcycle",1,"No","Metropolitan","Windy","Jam ",1,"N",15
33,"Meal ",27,7,4.2,"scooter",1,"No","Metropolitan","Fog","High ",1,"N",15
49,"Meal ",26,21,4.8,"motorcycle",0,"No","Metropolitan","Fog","Medium",1,"N",10
33,"Drinks ",23,9,4.3,"scooter",2,"No","Metropolitan","Stormy","Jam ",1,"N",15
29,"Buffet ",27,4,4.7,"scooter",1,"No","Metropolitan","Sandstorms","Jam ",0,"Y",5
27,"Drinks ",32,13,5,"electric_scooter",2,"No","Metropolitan","Stormy","Jam ",1,"N",15
28,"Snack ",31,21,4.7,"scooter",0,"No","Metropolitan","Windy","Low",1,"Y",5
37,"Buffet ",21,9,4.2,"scooter",2,"No","Semi-Urban","Windy","Medium",1,"N",15
26,"Buffet ",27,17,5,"motorcycle",2,"No","Metropolitan","Windy","Jam",1,"N",15
45,"Buffet ",22,7,5,"motorcycle",0,"No","Metropolitan","Cloudy","Medium",2,"N",5
33,"Snack ",38,11,4.9,"motorcycle",0,"No","Metropolitan","Sunny","Medium",1,"N",10
19,"Meal ",39,6,4.5,"electric_scooter",2,"No","Urban","Sunny","Medium",1,"N",15
44,"Snack ",20,14,4.8,"motorcycle",1,"No","Semi-Urban","Fog","Jam ",1,"Y",15
31,"Drinks ",32,11,4.4,"electric_scooter",1,"No","Metropolitan","Stormy","High ",1,"N",10
35,"Meal ",37,8,4.7,"motorcycle",0,"No","Urban","Stormy","Jam ",0,"N",10
26,"Meal ",21,2,4.6,"motorcycle",1,"No","Metropolitan","Stormy","High ",1,"N",10
15,"Meal ",32,15,4.6,"scooter",2,"No","Urban","Fog","Medium",0,"Y",5
33,"Buffet ",32,14,4.7,"motorcycle",0,"No","Metropolitan","Stormy","Jam ",1,"N",10
34,"Buffet ",30,4,4,"motorcycle",0,"No","Metropolitan","Sandstorms","Low ",1,"N",15
34,"Meal ",32,2,4.2,"electric_scooter",0,"No","Metropolitan","Cloudy","High ",1,"N",15
50,"Buffet ",30,12,3.7,"scooter",0,"No","Semi-Urban","Sunny","Jam ",3,"N",10
31,"Snack ",39,9,4.7,"electric_scooter",2,"No","Metropolitan","Fog","Jam ",0,"N",10
25,"Snack ",30,16,4.7,"scooter",2,"No","Semi-Urban","Windy","Medium",1,"Y",10
35,"Meal ",37,4,4.2,"motorcycle",0,"No","Urban","Windy","Jam ",2,"N",10
27,"Buffet ",25,18,4.8,"scooter",2,"No","Metropolitan","Cloudy","Low ",1,"N",10
21,"Drinks ",33,17,4.6,"motorcycle",0,"No","Metropolitan","Stormy","Low ",0,"Y",10
19,"Snack ",27,3,4.6,"scooter",2,"No","Metropolitan","Fog","Low ",1,"N",10
26,"Meal ",36,5,4.9,"scooter",1,"No","Metropolitan","Windy","Medium",1,"N",10
19,"Meal ",21,23,4.9,"scooter",1,"No","Metropolitan","Fog","Low ",1,"N",15
17,"Buffet ",39,22,4.7,"scooter",1,"No","Metropolitan","Sunny","Medium",1,"N",10
35,"Buffet ",37,9,4.3,"motorcycle",0,"No","Semi-Urban","Windy","Medium",1,"N",10
28,"Snack ",33,9,4.9,"motorcycle",0,"No","Urban","Windy","Low ",1,"Y",10
42,"Meal ",36,5,3.7,"scooter",2,"Yes","Semi-Urban","Stormy","Jam ",2,"N",15
21,"Snack ",34,9,4.7,"scooter",1,"No","Semi-Urban","Sandstorms","Medium",1,"N",15
35,"Buffet ",24,17,4.3,"motorcycle",1,"No","Metropolitan","Fog","High ",1,"Y",15
27,"Snack ",25,3,4.8,"motorcycle",1,"No","Semi-Urban","Windy","Jam ",0,"N",10
38,"Drinks ",35,6,3.9,"electric_scooter",2,"No","Urban","Sandstorms","Medium",2,"N",5
28,"Meal ",29,17,4.7,"scooter",1,"No","Urban","Cloudy","High ",1,"N",15
24,"Buffet ",35,1,4.5,"motorcycle",0,"No","Urban","Windy","Medium",0,"N",10
43,"Snack ",29,18,4.9,"motorcycle",0,"No","Semi-Urban","Cloudy","Low ",2,"N",20
19,"Snack ",33,5,5,"electric_scooter",1,"No","Semi-Urban","Fog","Medium",1,"N",15
25,"Snack ",25,17,4.5,"electric_scooter",2,"No","Metropolitan","Sandstorms","Medium",1,"N",15
21,"Drinks ",22,9,4.8,"electric_scooter",2,"No","Metropolitan","Stormy","Low ",1,"Y",10
24,"Drinks ",27,23,4.6,"motorcycle",2,"No","Metropolitan","Sunny","Jam ",1,"Y",10
22,"Drinks ",27,12,4.7,"electric_scooter",2,"No","Metropolitan","Stormy","Medium",1,"N",15
14,"Drinks ",37,22,4.6,"motorcycle",1,"No","Semi-Urban","Windy","Low",0,"Y",5
16,"Drinks ",38,22,4.7,"motorcycle",2,"No","Metropolitan","Fog","Medium",0,"Y",15
39,"Meal ",33,8,4.9,"electric_scooter",1,"No","Metropolitan","Fog","Jam ",1,"N",10
37,"Meal ",24,5,4.8,"motorcycle",0,"No","Semi-Urban","Stormy","Medium",0,"N",10
25,"Drinks ",22,9,4.6,"motorcycle",1,"No","Metropolitan","Windy","Jam ",0,"N",5
27,"Buffet ",21,17,4.9,"motorcycle",0,"No","Urban","Fog","Medium",1,"N",10
34,"Snack ",35,13,4.8,"electric_scooter",0,"No","Metropolitan","Stormy","Medium",2,"Y",10
17,"Meal ",34,21,4.7,"motorcycle",1,"No","Urban","Sandstorms","Low",0,"N",5
27,"Snack ",25,14,4.7,"electric_scooter",2,"No","Metropolitan","Sandstorms","Low ",0,"Y",15
19,"Buffet ",21,5,4.8,"motorcycle",2,"No","Metropolitan","Stormy","Low ",1,"N",15
37,"Meal ",27,10,4,"motorcycle",0,"No","Metropolitan","Windy","Jam ",1,"N",5
19,"Drinks ",25,19,4.9,"motorcycle",1,"No","Urban","Sunny","Jam",0,"Y",5
18,"Buffet ",24,21,4.9,"motorcycle",1,"No","Metropolitan","Sunny","Jam ",0,"Y",10
21,"Meal ",39,23,4.7,"motorcycle",2,"No","Metropolitan","Fog","Low ",1,"Y",10
31,"Buffet ",33,4,4,"scooter",0,"No","Urban","Stormy","Jam",1,"N",10
37,"Snack ",25,10,4.1,"motorcycle",0,"No","Urban","Windy","Jam ",1,"N",15
50,"Meal ",26,14,4.8,"motorcycle",0,"Yes","Metropolitan","Windy","Jam ",3,"Y",15
27,"Meal ",31,9,4.2,"electric_scooter",0,"No","Metropolitan","Stormy","Low ",1,"N",15
16,"Snack ",38,22,4.5,"motorcycle",1,"No","Urban","Sandstorms","High ",0,"N",5
17,"Drinks ",29,7,4.6,"scooter",2,"No","Semi-Urban","Cloudy","Low ",0,"N",5
13,"Snack ",29,23,5,"motorcycle",1,"No","Metropolitan","Cloudy","Low ",0,"N",15
18,"Snack ",38,16,4.8,"motorcycle",2,"No","Metropolitan","Sandstorms","Low ",0,"Y",10
24,"Meal ",23,12,4.5,"scooter",2,"No","Semi-Urban","Stormy","Medium",1,"N",10
26,"Buffet ",37,23,4.7,"scooter",1,"No","Semi-Urban","Windy","Medium",1,"N",10
44,"Snack ",36,9,5,"scooter",2,"No","Semi-Urban","Stormy","Jam ",3,"N",15
42,"Snack ",30,2,4.8,"scooter",0,"No","Metropolitan","Cloudy","Jam ",1,"N",10
23,"Drinks ",37,23,5,"electric_scooter",2,"No","Metropolitan","Sandstorms","Medium",0,"N",5
33,"Snack ",22,3,4.3,"scooter",1,"No","Urban","Cloudy","Jam",0,"N",5
32,"Drinks ",27,22,4.8,"motorcycle",0,"No","Semi-Urban","Windy","Jam ",1,"N",5
39,"Drinks ",33,13,4.8,"motorcycle",0,"No","Metropolitan","Windy","Jam ",1,"N",10
47,"Buffet ",35,3,4.8,"motorcycle",0,"No","Semi-Urban","Windy","Jam ",1,"N",5
31,"Meal ",35,9,4.7,"scooter",2,"No","Metropolitan","Cloudy","Jam ",1,"N",5
41,"Buffet ",29,17,4.8,"motorcycle",0,"No","Urban","Fog","Jam",0,"Y",5
24,"Snack ",36,5,5,"scooter",2,"No","Metropolitan","Fog","Jam ",1,"N",10
21,"Drinks ",29,13,5,"motorcycle",0,"No","Metropolitan","Fog","Medium",0,"N",5
39,"Buffet ",36,18,4,"scooter",2,"No","Metropolitan","Sandstorms","Medium",1,"N",5
26,"Meal ",30,21,4,"electric_scooter",0,"No","Semi-Urban","Windy","Low ",1,"N",10
17,"Drinks ",33,18,4.7,"motorcycle",0,"No","Urban","Sandstorms","Low",1,"N",15
16,"Meal ",30,13,4.8,"motorcycle",0,"No","Metropolitan","Windy","Low ",1,"N",5
26,"Snack ",39,17,4.6,"electric_scooter",1,"No","Metropolitan","Windy","Jam ",1,"N",15
42,"Meal ",24,12,4.4,"motorcycle",2,"No","Metropolitan","Fog","Jam ",1,"Y",5
19,"Drinks ",29,6,4.6,"motorcycle",1,"No","Semi-Urban","Stormy","Jam ",1,"N",10
28,"Drinks ",36,9,4.8,"scooter",1,"No","Semi-Urban","Sunny","Low ",1,"N",5
24,"Drinks ",21,21,4.7,"scooter",1,"No","Metropolitan","Sandstorms","Low ",1,"N",5
41,"Drinks ",23,17,4.6,"scooter",0,"No","Urban","Windy","High",2,"N",10
28,"Snack ",24,18,4.7,"motorcycle",0,"No","Urban","Cloudy","High ",0,"N",15
19,"Buffet ",20,9,4.6,"scooter",2,"No","Metropolitan","Windy","Jam ",1,"N",15
29,"Snack ",37,15,4.6,"scooter",2,"No","Urban","Sandstorms","Low",1,"N",15
18,"Snack ",21,19,5,"motorcycle",2,"No","Urban","Sunny","Medium",1,"N",5
46,"Drinks ",26,9,4.8,"motorcycle",0,"No","Urban","Fog","Jam ",1,"Y",15
18,"Meal ",22,14,4.6,"motorcycle",0,"No","Metropolitan","Fog","Low ",0,"Y",10
21,"Snack ",27,15,4.6,"scooter",2,"No","Metropolitan","Sunny","Jam ",1,"N",5
29,"Meal ",24,17,4.9,"motorcycle",0,"No","Urban","Sandstorms","Jam",1,"N",5
32,"Drinks ",21,7,4.2,"motorcycle",1,"No","Metropolitan","Cloudy","Jam ",1,"N",10
16,"Buffet ",33,21,4.8,"motorcycle",1,"No","Semi-Urban","Windy","Low ",0,"Y",15
38,"Meal ",20,11,4.7,"electric_scooter",0,"No","Urban","Cloudy","Medium",2,"N",10
18,"Snack ",32,17,4.8,"motorcycle",1,"No","Metropolitan","Sunny","Low ",1,"Y",5
23,"Meal ",23,18,4.8,"scooter",1,"No","Metropolitan","Cloudy","High ",0,"Y",5
15,"Drinks ",20,15,4.8,"electric_scooter",1,"No","Metropolitan","Sunny","High ",1,"N",15
28,"Buffet ",39,18,4.8,"motorcycle",0,"No","Metropolitan","Sunny","Jam ",1,"N",10
26,"Meal ",25,15,4.6,"scooter",1,"No","Urban","Cloudy","Jam",1,"N",15
24,"Buffet ",37,12,5,"motorcycle",0,"No","Metropolitan","Fog","Low ",0,"N",5
17,"Meal ",26,18,4.9,"scooter",2,"No","Urban","Stormy","Low ",1,"N",10
27,"Drinks ",29,19,4.8,"scooter",0,"No","Metropolitan","Sunny","Low ",1,"N",15
28,"Meal ",34,15,4.8,"motorcycle",0,"No","Urban","Fog","High",1,"N",10
37,"Buffet ",26,18,4.7,"electric_scooter",0,"No","Metropolitan","Windy","Jam ",1,"N",10
11,"Drinks ",26,21,4.8,"scooter",2,"No","Urban","Fog","Low",0,"Y",5
22,"Snack ",39,13,4.8,"motorcycle",2,"No","Metropolitan","Sunny","High ",0,"N",10
22,"Snack ",32,22,4.6,"scooter",1,"No","Metropolitan","Sunny","Low ",0,"N",5
22,"Buffet ",30,19,5,"electric_scooter",2,"No","Semi-Urban","Sandstorms","High ",1,"Y",5
17,"Buffet ",29,15,4.8,"electric_scooter",2,"No","Metropolitan","Stormy","Medium",0,"N",5
53,"Meal ",21,11,4.4,"motorcycle",0,"No","Urban","Stormy","Jam ",1,"N",5
26,"Snack ",37,21,4.9,"motorcycle",1,"No","Urban","Stormy","Medium",1,"Y",15
30,"Snack ",25,17,4.6,"motorcycle",0,"No","Metropolitan","Windy","Medium",1,"N",5
24,"Snack ",20,23,5,"electric_scooter",0,"No","Metropolitan","Cloudy","Low ",0,"N",5
21,"Meal ",39,16,4.1,"motorcycle",0,"No","Metropolitan","Windy","Low ",1,"N",10
12,"Snack ",20,23,4.9,"motorcycle",1,"No","Urban","Windy","Low",0,"N",15
14,"Snack ",35,6,4.8,"motorcycle",2,"No","Metropolitan","Sunny","Jam ",1,"N",10
15,"Meal ",34,22,4.6,"electric_scooter",2,"No","Urban","Cloudy","Medium",1,"N",5
15,"Snack ",30,21,5,"motorcycle",2,"No","Urban","Sunny","Medium",0,"N",15
21,"Buffet ",29,6,5,"motorcycle",0,"No","Metropolitan","Sunny","High ",1,"N",5
14,"Snack ",22,17,4.9,"scooter",2,"No","Semi-Urban","Fog","Low ",0,"N",15
33,"Buffet ",36,1,3.6,"motorcycle",1,"No","Urban","Sandstorms","Medium",0,"Y",5
26,"Meal ",25,19,4.5,"scooter",2,"No","Metropolitan","Windy","Low ",1,"N",10
16,"Meal ",27,6,4.5,"scooter",1,"No","Urban","Stormy","Low",1,"N",5
40,"Snack ",26,6,4.8,"motorcycle",0,"No","Metropolitan","Fog","Medium",2,"N",10
41,"Buffet ",27,5,3.5,"motorcycle",1,"Yes","Urban","Windy","Jam",0,"Y",15
13,"Snack ",28,16,4.5,"scooter",1,"No","Urban","Stormy","Jam ",0,"N",5
20,"Snack ",33,3,4.6,"motorcycle",1,"No","Metropolitan","Windy","Medium",1,"Y",5
26,"Drinks ",27,2,4.6,"motorcycle",2,"No","Metropolitan","Fog","Jam ",1,"N",10
28,"Meal ",26,22,4.8,"motorcycle",1,"No","Semi-Urban","Fog","Low ",1,"N",10
28,"Buffet ",23,14,5,"scooter",1,"No","Metropolitan","Stormy","Jam ",1,"N",15
19,"Meal ",28,15,4.8,"electric_scooter",2,"No","Urban","Windy","Low",1,"N",10
13,"Drinks ",36,17,4.7,"electric_scooter",2,"No","Metropolitan","Sunny","High",0,"N",10
25,"Drinks ",31,16,5,"electric_scooter",1,"No","Metropolitan","Stormy","Medium",1,"N",10
38,"Drinks ",25,9,4.6,"scooter",2,"No","Metropolitan","Stormy","Medium",1,"N",10
17,"Meal ",33,18,4.6,"motorcycle",1,"No","Urban","Stormy","Jam",1,"Y",5
50,"Drinks ",28,6,4.1,"motorcycle",0,"No","Semi-Urban","Windy","Jam ",1,"N",5
25,"Buffet ",24,8,4.7,"motorcycle",0,"No","Urban","Sunny","Low ",0,"N",15
45,"Buffet ",36,15,4.4,"motorcycle",0,"No","Urban","Sandstorms","Medium",0,"Y",5
11,"Snack ",31,23,4.5,"motorcycle",1,"No","Metropolitan","Sandstorms","Low ",0,"N",15
25,"Drinks ",36,18,5,"motorcycle",2,"No","Semi-Urban","Cloudy","Jam ",1,"N",10
30,"Meal ",29,17,4.7,"motorcycle",1,"No","Urban","Fog","Jam",0,"N",10
22,"Buffet ",39,16,4.6,"scooter",0,"No","Urban","Cloudy","Medium",1,"N",15
34,"Buffet ",32,13,4.6,"motorcycle",0,"No","Metropolitan","Fog","Medium",1,"N",15
15,"Buffet ",34,15,4.9,"motorcycle",2,"No","Urban","Fog","Medium",0,"N",15
33,"Meal ",31,2,4.2,"electric_scooter",1,"No","Urban","Cloudy","Medium",1,"N",5
29,"Snack ",39,5,4.1,"motorcycle",0,"No","Metropolitan","Stormy","Low ",1,"N",10
23,"Meal ",38,19,4.7,"electric_scooter",1,"No","Metropolitan","Stormy","Low ",1,"N",10
29,"Buffet ",22,3,4.3,"electric_scooter",0,"No","Metropolitan","Stormy","Low",1,"N",15
38,"Meal ",26,7,4.7,"motorcycle",2,"No","Urban","Fog","Medium",1,"N",15
38,"Drinks ",23,1,3.7,"motorcycle",2,"No","Metropolitan","Stormy","Jam ",2,"Y",15
37,"Meal ",34,11,4.4,"electric_scooter",2,"No","Urban","Windy","Medium",1,"N",10
38,"Drinks ",31,9,4.8,"scooter",1,"No","Semi-Urban","Stormy","Medium",2,"Y",10
19,"Drinks ",22,8,4.6,"electric_scooter",1,"No","Metropolitan","Sunny","Jam ",1,"N",10
22,"Meal ",23,18,4.7,"motorcycle",2,"No","Metropolitan","Windy","Jam",1,"N",5
16,"Meal ",25,15,5,"motorcycle",1,"No","Metropolitan","Cloudy","Low ",1,"Y",10
25,"Drinks ",34,9,5,"motorcycle",0,"No","Semi-Urban","Fog","High ",1,"N",15
38,"Meal ",22,4,4,"electric_scooter",1,"No","Semi-Urban","Fog","Medium",0,"Y",5
18,"Buffet ",22,22,4.9,"electric_scooter",1,"No","Semi-Urban","Stormy","Medium",0,"N",10
15,"Snack ",26,5,4.3,"electric_scooter",0,"No","Metropolitan","Sandstorms","Low",0,"N",5
33,"Meal ",23,7,4,"electric_scooter",0,"No","Metropolitan","Sunny","Jam ",1,"N",15
20,"Meal ",25,19,4.7,"motorcycle",0,"No","Urban","Stormy","Medium",1,"Y",15
22,"Buffet ",32,23,4.6,"motorcycle",0,"No","Metropolitan","Cloudy","Low ",0,"N",10
14,"Snack ",33,15,4.6,"motorcycle",2,"No","Urban","Stormy","Low",1,"N",15
16,"Snack ",30,21,4.8,"motorcycle",1,"No","Metropolitan","Stormy","Low ",0,"N",15
30,"Snack ",22,23,4.9,"motorcycle",0,"No","Metropolitan","Sandstorms","Medium",1,"Y",5
15,"Meal ",39,21,4.9,"scooter",2,"No","Metropolitan","Fog","Low ",1,"N",15
31,"Drinks ",28,19,2.7,"motorcycle",1,"No","Metropolitan","Sandstorms","Low ",1,"N",10
18,"Drinks ",31,9,4.7,"scooter",2,"No","Metropolitan","Fog","Low ",0,"N",5
27,"Meal ",31,19,4.9,"motorcycle",0,"No","Metropolitan","Stormy","Medium",1,"N",10
17,"Drinks ",22,6,5,"scooter",2,"No","Metropolitan","Sandstorms","Low ",1,"Y",15
20,"Meal ",24,12,4.7,"motorcycle",1,"No","Metropolitan","Fog","High ",1,"N",10
19,"Snack ",39,5,4.7,"scooter",2,"No","Metropolitan","Sunny","Low ",1,"N",10
18,"Snack ",33,19,4.7,"motorcycle",1,"No","Urban","Sunny","High",0,"N",15
22,"Meal ",38,9,4.5,"motorcycle",0,"No","Urban","Stormy","Low ",1,"N",10
10,"Buffet ",37,23,4.7,"motorcycle",1,"No","Urban","Stormy","High",0,"N",15
31,"Drinks ",21,9,4.9,"electric_scooter",2,"No","Metropolitan","Fog","Jam ",1,"N",5
26,"Meal ",22,22,4.8,"scooter",1,"No","Metropolitan","Stormy","Low ",1,"N",5
31,"Snack ",28,8,4.1,"electric_scooter",0,"No","Metropolitan","Sandstorms","High ",1,"N",5
12,"Drinks ",34,23,4.9,"motorcycle",1,"No","Metropolitan","Sunny","Jam ",0,"N",15
18,"Buffet ",27,2,4.5,"motorcycle",1,"No","Urban","Windy","Low",0,"Y",10
17,"Buffet ",24,14,4.7,"motorcycle",0,"No","Metropolitan","Windy","Jam ",1,"N",10
29,"Snack ",37,9,4.8,"motorcycle",1,"No","Metropolitan","Sandstorms","Jam ",0,"N",15
21,"Buffet ",34,9,4.9,"scooter",2,"No","Urban","Stormy","Medium",0,"N",5
15,"Snack ",27,21,4.8,"motorcycle",2,"No","Urban","Sunny","Low",1,"Y",15
33,"Buffet ",35,5,4.1,"electric_scooter",2,"No","Metropolitan","Windy","Jam ",1,"N",5
17,"Drinks ",29,4,4.9,"motorcycle",2,"No","Urban","Sunny","High ",0,"N",10
20,"Drinks ",34,12,4.8,"motorcycle",1,"No","Semi-Urban","Fog","High ",0,"Y",10
17,"Meal ",32,23,4.8,"scooter",2,"No","Urban","Sunny","Jam",1,"N",10
28,"Meal ",24,16,4.7,"motorcycle",1,"No","Metropolitan","Sandstorms","Medium",0,"Y",15
17,"Meal ",22,3,5,"motorcycle",1,"No","Metropolitan","Sandstorms","Low ",0,"N",5
27,"Buffet ",28,2,4.9,"scooter",1,"No","Urban","Stormy","Low ",1,"N",10
21,"Drinks ",37,18,4.5,"electric_scooter",2,"No","Urban","Sandstorms","Low",1,"N",15
14,"Drinks ",39,2,4.7,"motorcycle",2,"No","Urban","Fog","Low",1,"N",10
23,"Buffet ",36,9,4.9,"motorcycle",1,"No","Semi-Urban","Sunny","Low ",1,"N",5
20,"Meal ",20,13,4.6,"electric_scooter",1,"No","Metropolitan","Sandstorms","Medium",1,"N",5
26,"Drinks ",36,23,4.5,"scooter",1,"No","Metropolitan","Windy","Medium",1,"Y",10
16,"Drinks ",27,16,4.8,"electric_scooter",1,"No","Metropolitan","Sunny","Low ",1,"Y",10
11,"Drinks ",31,15,4.6,"motorcycle",1,"No","Metropolitan","Stormy","Low ",0,"N",30
25,"Buffet ",38,18,4.6,"motorcycle",2,"No","Urban","Sandstorms","Low",0,"N",15
39,"Meal ",34,11,4.1,"motorcycle",0,"No","Metropolitan","Stormy","Medium",2,"Y",15
30,"Snack ",37,8,4.6,"motorcycle",0,"No","Urban","Sandstorms","Jam ",1,"N",10
14,"Buffet ",28,21,4.7,"scooter",2,"No","Urban","Fog","Medium",1,"N",15
25,"Snack ",26,16,4.9,"motorcycle",2,"No","Metropolitan","Fog","Low ",0,"N",15
28,"Drinks ",29,15,4.9,"scooter",1,"No","Semi-Urban","Sandstorms","Jam",0,"N",10
27,"Drinks ",26,5,4.5,"scooter",2,"No","Semi-Urban","Sandstorms","Low",1,"N",10
29,"Snack ",36,5,4.6,"electric_scooter",1,"No","Metropolitan","Windy","Jam ",0,"N",10
20,"Snack ",29,23,4.9,"motorcycle",1,"No","Urban","Sunny","High ",1,"N",5
26,"Drinks ",37,11,4.1,"motorcycle",0,"No","Metropolitan","Windy","Low ",1,"Y",15
14,"Meal ",32,3,4.9,"scooter",1,"No","Semi-Urban","Sunny","Jam ",1,"N",5
16,"Snack ",20,6,4.5,"scooter",1,"No","Urban","Stormy","Low",0,"N",5
29,"Snack ",34,18,4.9,"motorcycle",0,"No","Urban","Fog","Low",0,"N",10
20,"Snack ",33,13,4.7,"electric_scooter",0,"No","Urban","Sunny","Low ",1,"N",15
29,"Buffet ",34,15,4.6,"motorcycle",2,"No","Metropolitan","Sandstorms","Low ",1,"N",10
18,"Snack ",22,22,4.8,"scooter",2,"No","Metropolitan","Windy","Low ",0,"Y",10
45,"Buffet ",31,5,4.7,"motorcycle",0,"No","Metropolitan","Windy","Medium",0,"Y",10
23,"Buffet ",20,18,5,"motorcycle",0,"No","Metropolitan","Cloudy","Low",1,"N",15
19,"Snack ",34,22,4.6,"motorcycle",2,"No","Urban","Sandstorms","Medium",1,"Y",10
16,"Meal ",29,3,4.5,"motorcycle",2,"No","Semi-Urban","Windy","Low",1,"N",5
17,"Snack ",36,22,4.7,"scooter",1,"No","Urban","Stormy","Medium",0,"N",10
25,"Drinks ",24,18,4.6,"motorcycle",0,"No","Semi-Urban","Stormy","Medium",1,"N",15
35,"Snack ",22,4,4.1,"motorcycle",0,"No","Metropolitan","Stormy","Jam ",1,"N",10
29,"Snack ",27,1,4.8,"motorcycle",1,"No","Metropolitan","Sunny","Low ",1,"N",5
15,"Drinks ",28,19,4.9,"scooter",1,"No","Semi-Urban","Cloudy","Low",1,"N",15
21,"Buffet ",38,9,4.6,"motorcycle",1,"No","Urban","Cloudy","High ",1,"Y",5
16,"Meal ",35,19,4.4,"electric_scooter",0,"No","Metropolitan","Windy","Low ",1,"N",5
17,"Meal ",25,18,4.9,"scooter",2,"No","Semi-Urban","Sandstorms","Low",1,"N",15
27,"Buffet ",27,5,4.7,"electric_scooter",1,"No","Semi-Urban","Fog","Low ",1,"N",10
30,"Snack ",29,12,4.6,"scooter",1,"No","Metropolitan","Stormy","Medium",1,"N",5
21,"Meal ",20,3,4.1,"motorcycle",0,"No","Metropolitan","Sandstorms","Low ",0,"N",5
31,"Buffet ",38,17,4.9,"electric_scooter",2,"No","Urban","Sandstorms","Jam ",1,"N",10
12,"Buffet ",25,19,5,"electric_scooter",1,"No","Urban","Fog","Medium",1,"N",5
27,"Snack ",28,23,4.8,"scooter",2,"No","Metropolitan","Windy","High ",1,"Y",10
22,"Snack ",28,19,4.9,"scooter",2,"No","Semi-Urban","Fog","High ",1,"N",15
20,"Meal ",33,18,4.6,"scooter",1,"No","Semi-Urban","Cloudy","Low ",1,"N",5
23,"Snack ",24,21,4.6,"scooter",0,"No","Metropolitan","Cloudy","Jam ",0,"N",15
30,"Snack ",38,14,4.8,"motorcycle",0,"No","Metropolitan","Cloudy","High ",1,"N",10
23,"Drinks ",38,19,4.6,"scooter",2,"No","Urban","Stormy","Low",0,"N",5
12,"Drinks ",28,3,4.9,"motorcycle",1,"No","Metropolitan","Stormy","Low ",0,"Y",15
41,"Buffet ",22,5,4.9,"motorcycle",0,"No","Urban","Fog","Jam ",0,"N",15
11,"Snack ",29,2,4.8,"motorcycle",2,"No","Semi-Urban","Sunny","Jam",0,"N",15
17,"Buffet ",29,23,4.8,"motorcycle",0,"No","Semi-Urban","Fog","Low ",0,"Y",10
23,"Drinks ",28,23,4.8,"electric_scooter",2,"No","Urban","Sandstorms","Low ",1,"N",5
35,"Buffet ",29,7,4.7,"motorcycle",0,"No","Metropolitan","Windy","Jam ",0,"N",15
38,"Snack ",27,19,4.7,"motorcycle",0,"No","Metropolitan","Sandstorms","Jam ",1,"Y",10
24,"Meal ",31,8,4.6,"motorcycle",0,"No","Metropolitan","Stormy","Low ",0,"Y",10
32,"Meal ",33,13,4.6,"motorcycle",1,"No","Semi-Urban","Windy","High ",1,"N",10
52,"Snack ",35,17,4.8,"motorcycle",0,"No","Metropolitan","Fog","Jam ",1,"Y",15
14,"Buffet ",31,23,4.6,"electric_scooter",1,"No","Metropolitan","Cloudy","Low ",0,"Y",10
10,"Buffet ",31,18,4.8,"motorcycle",1,"No","Metropolitan","Sandstorms","Jam ",0,"N",10
29,"Snack ",24,4,4.5,"scooter",2,"No","Urban","Sandstorms","Jam",1,"N",5
11,"Meal ",36,2,4.9,"electric_scooter",2,"No","Urban","Windy","Low ",0,"N",5
24,"Buffet ",30,23,4.5,"electric_scooter",0,"No","Semi-Urban","Sunny","Medium",1,"Y",5
35,"Meal ",36,5,4.3,"motorcycle",1,"No","Metropolitan","Fog","Jam ",1,"Y",5
17,"Meal ",27,23,4.9,"electric_scooter",1,"No","Semi-Urban","Stormy","High ",1,"N",15
27,"Snack ",26,23,4.7,"scooter",1,"No","Semi-Urban","Stormy","Medium",1,"N",15
23,"Meal ",22,9,4.9,"scooter",2,"No","Metropolitan","Sunny","Low ",1,"N",15
29,"Buffet ",22,22,4.6,"scooter",1,"No","Urban","Stormy","Jam",1,"Y",10
23,"Meal ",23,17,4.7,"motorcycle",1,"No","Urban","Stormy","Low",0,"Y",15
29,"Buffet ",38,13,4.8,"scooter",2,"No","Urban","Stormy","Jam ",1,"N",5
15,"Buffet ",36,5,4.5,"scooter",2,"No","Urban","Fog","Medium",0,"N",10
15,"Meal ",27,9,4.8,"scooter",1,"No","Metropolitan","Sunny","Low ",1,"Y",10
36,"Buffet ",27,4,4.8,"motorcycle",1,"No","Metropolitan","Fog","Jam ",1,"N",15
26,"Snack ",32,15,4.7,"scooter",0,"No","Metropolitan","Cloudy","Medium",1,"N",15
14,"Snack ",33,17,5,"scooter",1,"No","Urban","Cloudy","Low",0,"N",15
18,"Snack ",37,21,4.6,"scooter",1,"No","Urban","Sandstorms","Medium",1,"N",10
20,"Meal ",36,19,4.6,"electric_scooter",1,"No","Metropolitan","Cloudy","Low ",1,"Y",5
17,"Meal ",25,23,4.8,"electric_scooter",0,"No","Urban","Sunny","Medium",0,"N",10
25,"Snack ",36,21,4.7,"motorcycle",0,"No","Metropolitan","Fog","Low ",0,"N",15
28,"Buffet ",26,23,4.9,"motorcycle",2,"No","Metropolitan","Sandstorms","Medium",1,"N",15
33,"Snack ",37,15,4.3,"scooter",2,"No","Semi-Urban","Cloudy","High ",1,"N",10
23,"Snack ",33,23,4.6,"motorcycle",2,"No","Metropolitan","Fog","Jam ",0,"Y",5
34,"Drinks ",32,5,4.1,"scooter",2,"No","Metropolitan","Cloudy","Low",2,"N",10
18,"Buffet ",25,22,4.6,"motorcycle",1,"No","Metropolitan","Sunny","Medium",1,"N",5
20,"Drinks ",39,13,4.8,"motorcycle",1,"No","Metropolitan","Stormy","Jam ",1,"Y",10
24,"Drinks ",27,16,5,"electric_scooter",1,"No","Urban","Windy","Medium",1,"N",10
15,"Snack ",22,19,4.9,"motorcycle",2,"No","Semi-Urban","Fog","Low ",1,"N",15
37,"Buffet ",29,23,4.9,"scooter",2,"No","Semi-Urban","Cloudy","Jam ",2,"N",5
17,"Meal ",27,21,4.6,"motorcycle",1,"No","Urban","Cloudy","Low",1,"Y",10
13,"Snack ",31,23,4.6,"electric_scooter",1,"No","Metropolitan","Cloudy","Medium",1,"N",10
11,"Snack ",39,22,4.8,"electric_scooter",2,"No","Metropolitan","Sunny","Medium",0,"N",15
18,"Buffet ",24,3,4.7,"motorcycle",1,"No","Semi-Urban","Sandstorms","Low ",1,"N",5
38,"Drinks ",30,3,4.9,"electric_scooter",0,"No","Semi-Urban","Cloudy","Jam ",2,"Y",10
24,"Meal ",35,21,4.6,"scooter",2,"No","Metropolitan","Stormy","Low ",1,"N",15
48,"Drinks ",21,14,4.3,"motorcycle",0,"No","Semi-Urban","Sandstorms","Jam ",0,"Y",15
22,"Drinks ",30,17,4.6,"scooter",1,"No","Urban","Sunny","Jam",1,"N",15
28,"Drinks ",25,9,4.8,"electric_scooter",2,"No","Urban","Windy","Low ",1,"N",15
31,"Drinks ",32,2,4.8,"motorcycle",2,"No","Metropolitan","Windy","Jam ",1,"N",15
29,"Buffet ",24,7,4.1,"scooter",0,"No","Metropolitan","Windy","Low ",0,"Y",10
16,"Buffet ",38,16,4.8,"motorcycle",1,"No","Urban","Sunny","Low",0,"N",10
41,"Drinks ",35,3,4.9,"motorcycle",0,"No","Metropolitan","Stormy","High ",0,"N",5
21,"Snack ",29,13,4.9,"motorcycle",0,"No","Metropolitan","Windy","Low ",1,"N",20
36,"Drinks ",38,4,3.8,"scooter",2,"No","Metropolitan","Sandstorms","Medium",1,"N",15
17,"Meal ",32,14,5,"electric_scooter",2,"No","Metropolitan","Windy","Low ",1,"N",5
22,"Drinks ",39,3,4.8,"scooter",1,"No","Metropolitan","Sunny","Low ",1,"N",15
11,"Snack ",32,19,4.9,"scooter",1,"No","Urban","Stormy","Low",1,"N",5
48,"Buffet ",31,21,4.8,"motorcycle",0,"No","Urban","Windy","Jam ",1,"N",15
29,"Snack ",26,9,5,"motorcycle",1,"No","Metropolitan","Stormy","Jam ",1,"N",10
42,"Buffet ",28,9,4.2,"scooter",0,"No","Metropolitan","Windy","Jam ",2,"N",5
15,"Buffet ",21,9,4.9,"motorcycle",1,"No","Metropolitan","Sunny","Low ",1,"N",10
35,"Buffet ",27,6,4.3,"scooter",0,"No","Metropolitan","Windy","Jam ",1,"N",5
30,"Meal ",24,22,4.5,"motorcycle",2,"No","Semi-Urban","Cloudy","Medium",1,"N",10
33,"Buffet ",38,17,5,"scooter",1,"No","Urban","Windy","High",1,"Y",10
22,"Snack ",39,18,4.8,"scooter",0,"No","Urban","Sunny","Jam",1,"Y",15
22,"Drinks ",33,7,4.8,"motorcycle",0,"No","Metropolitan","Fog","Medium",0,"N",10
28,"Snack ",22,9,4.9,"electric_scooter",2,"No","Metropolitan","Windy","Jam ",1,"N",5
31,"Meal ",38,8,4.3,"electric_scooter",1,"No","Semi-Urban","Sandstorms","Medium",1,"N",15
24,"Meal ",26,17,4.8,"electric_scooter",2,"No","Metropolitan","Sunny","Medium",1,"N",15
25,"Meal ",22,23,4.9,"motorcycle",0,"No","Urban","Stormy","Medium",1,"N",10
11,"Buffet ",33,5,4.5,"scooter",1,"No","Urban","Sandstorms","Low",0,"Y",15
25,"Drinks ",33,22,4.9,"electric_scooter",2,"No","Urban","Sandstorms","Low",1,"N",10
24,"Meal ",21,4,4.7,"electric_scooter",2,"No","Urban","Sunny","Jam ",0,"Y",15
42,"Meal ",37,8,4,"motorcycle",1,"No","Metropolitan","Fog","Jam ",2,"N",15
23,"Buffet ",30,3,4.8,"scooter",2,"No","Urban","Stormy","Low ",0,"N",5
28,"Buffet ",37,18,4.8,"scooter",1,"No","Urban","Sandstorms","Medium",0,"Y",10
34,"Meal ",33,3,4.1,"scooter",2,"No","Metropolitan","Fog","High ",1,"N",10
19,"Buffet ",36,14,5,"electric_scooter",2,"No","Metropolitan","Stormy","Low ",0,"N",5
36,"Buffet ",32,9,5,"motorcycle",0,"No","Metropolitan","Sunny","Jam ",1,"Y",10
27,"Meal ",20,15,4.7,"motorcycle",1,"No","Metropolitan","Sandstorms","Low ",1,"N",15
29,"Meal ",23,15,4.8,"motorcycle",0,"No","Metropolitan","Sunny","High ",1,"Y",10
12,"Buffet ",29,7,4.8,"electric_scooter",1,"No","Urban","Sunny","Jam ",0,"N",10
12,"Drinks ",33,17,4.7,"motorcycle",2,"No","Urban","Stormy","Low",0,"N",15
29,"Buffet ",33,9,5,"scooter",2,"No","Semi-Urban","Fog","Jam ",0,"N",10
14,"Snack ",28,23,4.6,"motorcycle",1,"No","Urban","Fog","Medium",0,"N",5
13,"Meal ",39,2,5,"electric_scooter",2,"No","Semi-Urban","Sunny","Low ",0,"N",10
34,"Buffet ",32,14,4.9,"motorcycle",0,"No","Metropolitan","Cloudy","Medium",1,"Y",5
15,"Snack ",29,2,4.8,"electric_scooter",2,"No","Metropolitan","Sunny","Low ",1,"N",5
46,"Snack ",23,9,4.3,"motorcycle",0,"No","Metropolitan","Windy","Jam ",1,"N",5
27,"Buffet ",21,19,4.9,"motorcycle",0,"No","Semi-Urban","Sunny","Jam ",1,"N",15
16,"Buffet ",38,6,4.7,"electric_scooter",1,"No","Semi-Urban","Stormy","Medium",1,"Y",10
31,"Buffet ",36,22,4.6,"motorcycle",2,"No","Metropolitan","Stormy","Medium",1,"Y",15
29,"Buffet ",32,12,4.9,"motorcycle",0,"No","Metropolitan","Windy","Low ",1,"Y",15
29,"Drinks ",22,15,4.7,"motorcycle",1,"No","Metropolitan","Stormy","Medium",0,"Y",10
47,"Meal ",35,21,4.8,"motorcycle",0,"No","Metropolitan","Cloudy","Jam ",1,"Y",5
24,"Drinks ",20,8,4.7,"motorcycle",0,"No","Metropolitan","Cloudy","Jam ",1,"Y",10
25,"Snack ",27,3,4.4,"motorcycle",0,"No","Semi-Urban","Stormy","Low",1,"N",10
29,"Snack ",21,15,4.9,"scooter",2,"No","Urban","Sandstorms","Jam ",1,"N",5
48,"Drinks ",30,19,5,"electric_scooter",0,"No","Semi-Urban","Cloudy","Jam ",0,"Y",15
15,"Drinks ",20,22,4.8,"motorcycle",1,"No","Metropolitan","Stormy","Medium",1,"N",5
29,"Meal ",25,5,4.8,"motorcycle",0,"No","Metropolitan","Cloudy","Medium",0,"N",5
13,"Snack ",27,18,4.7,"scooter",1,"No","Urban","Stormy","Low",0,"N",5
34,"Buffet ",20,22,4.7,"motorcycle",0,"No","Metropolitan","Stormy","Jam ",1,"N",15
16,"Snack ",28,2,5,"scooter",2,"No","Urban","Sunny","Jam ",1,"N",10
43,"Snack ",31,5,4.9,"scooter",2,"No","Metropolitan","Sandstorms","Jam ",1,"N",15
27,"Drinks ",24,22,4.7,"motorcycle",1,"No","Metropolitan","Windy","Medium",1,"N",10
24,"Buffet ",39,13,4.7,"scooter",1,"No","Urban","Sunny","High ",0,"Y",10
17,"Drinks ",39,12,5,"scooter",2,"No","Semi-Urban","Stormy","Low ",0,"N",15
24,"Buffet ",37,23,5,"scooter",2,"No","Metropolitan","Fog","Low ",1,"N",15
31,"Meal ",29,23,4.1,"scooter",1,"No","Metropolitan","Fog","Jam ",0,"N",10
17,"Meal ",21,23,5,"motorcycle",0,"No","Metropolitan","Sunny","Low ",1,"Y",10
27,"Drinks ",35,9,4.7,"motorcycle",0,"No","Metropolitan","Windy","Jam ",1,"N",5
24,"Buffet ",31,21,4.6,"motorcycle",1,"No","Urban","Sandstorms","High",1,"N",15
20,"Buffet ",33,21,4.8,"electric_scooter",0,"No","Metropolitan","Fog","Medium",0,"N",15
19,"Buffet ",28,16,4.7,"scooter",1,"No","Metropolitan","Sandstorms","Low ",0,"N",10
35,"Snack ",20,1,4,"motorcycle",0,"No","Metropolitan","Stormy","Jam ",1,"N",15
37,"Snack ",32,9,5,"motorcycle",0,"No","Metropolitan","Fog","Medium",1,"N",10
21,"Snack ",39,6,4.8,"motorcycle",0,"No","Metropolitan","Sandstorms","Low ",1,"N",5
17,"Buffet ",26,13,4.8,"motorcycle",1,"No","Metropolitan","Stormy","Medium",1,"Y",10
21,"Buffet ",37,17,4.6,"electric_scooter",2,"No","Urban","Sunny","Jam",1,"N",15
26,"Meal ",20,1,4.5,"motorcycle",2,"No","Metropolitan","Fog","High ",1,"N",5
23,"Snack ",23,21,4.6,"motorcycle",0,"No","Metropolitan","Sunny","Low ",1,"N",15
24,"Buffet ",30,1,4.5,"motorcycle",1,"No","Urban","Windy","Medium",1,"N",5
33,"Snack ",38,22,4.6,"motorcycle",0,"No","Urban","Stormy","Medium",0,"N",5
28,"Drinks ",30,19,4.9,"scooter",2,"No","Metropolitan","Stormy","Jam ",1,"N",10
12,"Meal ",30,22,4.6,"motorcycle",2,"No","Metropolitan","Fog","Medium",0,"N",5
38,"Meal ",22,4,4.3,"electric_scooter",2,"No","Urban","Cloudy","Jam ",1,"N",15
27,"Buffet ",37,8,4.8,"scooter",2,"No","Metropolitan","Fog","Low ",1,"Y",25
17,"Meal ",32,19,4.6,"scooter",2,"No","Urban","Stormy","Low ",1,"Y",15
17,"Buffet ",33,14,4.6,"electric_scooter",1,"No","Metropolitan","Fog","Low ",1,"N",5
13,"Buffet ",20,3,4.5,"motorcycle",1,"No","Metropolitan","Cloudy","Medium",1,"Y",10
38,"Drinks ",35,4,4.7,"motorcycle",2,"No","Metropolitan","Stormy","High ",1,"N",10
10,"Buffet ",29,16,4.7,"scooter",2,"No","Urban","Sunny","Jam",1,"Y",10
30,"Snack ",35,3,4.6,"motorcycle",1,"No","Semi-Urban","Sunny","Jam ",0,"N",5
16,"Meal ",35,16,4.6,"motorcycle",1,"No","Urban","Sandstorms","Low",0,"N",10
21,"Snack ",36,23,4.8,"motorcycle",1,"No","Metropolitan","Windy","Low ",0,"N",5
21,"Buffet ",23,8,4.8,"motorcycle",0,"No","Metropolitan","Sandstorms","Jam ",0,"Y",5
14,"Buffet ",23,9,4.9,"scooter",1,"No","Metropolitan","Stormy","Low ",0,"N",10
31,"Snack ",25,15,4.3,"scooter",1,"No","Semi-Urban","Fog","Jam",1,"N",5
13,"Meal ",38,3,4.6,"motorcycle",2,"No","Urban","Sunny","Medium",0,"N",15
18,"Buffet ",38,19,4.7,"scooter",1,"No","Urban","Fog","Medium",1,"N",5
15,"Drinks ",24,15,4.8,"motorcycle",2,"No","Urban","Sunny","Low ",1,"N",10
47,"Buffet ",26,2,4.5,"motorcycle",0,"Yes","Metropolitan","Cloudy","Jam",1,"N",5
14,"Meal ",20,22,4.8,"motorcycle",2,"No","Urban","Sandstorms","Low",1,"N",10
33,"Snack ",30,11,3.9,"electric_scooter",2,"No","Urban","Fog","Low ",1,"N",5
29,"Meal ",29,18,4.9,"electric_scooter",2,"No","Metropolitan","Sandstorms","Medium",1,"N",5
20,"Meal ",28,7,5,"scooter",1,"No","Metropolitan","Stormy","Low ",1,"N",30
27,"Drinks ",37,18,4.2,"motorcycle",0,"No","Semi-Urban","Stormy","Low ",1,"N",25
31,"Meal ",26,16,4.6,"motorcycle",0,"No","Semi-Urban","Windy","Jam ",0,"N",10
33,"Meal ",39,12,4.3,"motorcycle",0,"No","Metropolitan","Sunny","Jam ",1,"N",10
29,"Snack ",31,5,4.8,"scooter",2,"No","Urban","Fog","Low",1,"Y",10
23,"Meal ",32,17,4.6,"motorcycle",1,"No","Urban","Windy","Low",1,"N",15
16,"Drinks ",21,23,4.5,"electric_scooter",2,"No","Metropolitan","Fog","Low ",1,"N",10
19,"Snack ",21,1,4.8,"electric_scooter",2,"No","Urban","Cloudy","Medium",0,"Y",5
25,"Snack ",38,22,5,"motorcycle",2,"No","Urban","Sandstorms","Jam ",1,"N",10
37,"Snack ",37,8,4.7,"electric_scooter",2,"No","Metropolitan","Fog","Medium",1,"Y",5
26,"Buffet ",39,15,4.9,"motorcycle",1,"No","Semi-Urban","Windy","Low",0,"N",5
45,"Drinks ",26,15,5,"scooter",0,"No","Urban","Cloudy","Jam",1,"Y",10
38,"Buffet ",37,21,4.9,"scooter",0,"No","Urban","Cloudy","Jam",0,"N",15
22,"Snack ",22,2,4.5,"electric_scooter",2,"No","Metropolitan","Stormy","Jam ",1,"N",5
20,"Meal ",36,14,4.8,"motorcycle",0,"No","Urban","Fog","Low ",1,"N",5
21,"Buffet ",25,23,4.7,"motorcycle",2,"No","Metropolitan","Sunny","Jam ",1,"N",15
27,"Drinks ",29,23,4.8,"scooter",1,"No","Metropolitan","Sunny","Medium",1,"N",5
20,"Buffet ",21,23,4.9,"motorcycle",0,"No","Urban","Stormy","Medium",1,"Y",5
29,"Meal ",33,13,4.8,"scooter",2,"No","Semi-Urban","Cloudy","High ",1,"N",15
16,"Meal ",22,16,4.7,"electric_scooter",1,"No","Semi-Urban","Cloudy","Low ",0,"N",15
18,"Snack ",36,12,4.7,"scooter",1,"No","Semi-Urban","Fog","Low ",0,"N",10
19,"Buffet ",33,17,4.9,"motorcycle",0,"No","Semi-Urban","Windy","Low",1,"N",10
44,"Drinks ",34,19,4.7,"motorcycle",0,"No","Metropolitan","Sandstorms","High ",2,"N",15
20,"Snack ",37,12,5,"scooter",0,"No","Metropolitan","Sunny","Medium",0,"N",10
13,"Snack ",29,22,4.6,"motorcycle",2,"No","Metropolitan","Sandstorms","Low",1,"N",15
31,"Meal ",23,23,4.6,"motorcycle",0,"No","Metropolitan","Sandstorms","Jam ",1,"N",10
34,"Snack ",27,3,4.4,"electric_scooter",2,"No","Metropolitan","Fog","Jam ",1,"N",10
33,"Snack ",21,8,3.6,"electric_scooter",1,"No","Urban","Fog","Low ",1,"N",10
32,"Meal ",33,19,4.7,"scooter",2,"No","Metropolitan","Sandstorms","Medium",1,"N",15
29,"Drinks ",26,23,4.7,"scooter",1,"No","Urban","Cloudy","Jam",1,"N",10
23,"Meal ",30,1,4,"motorcycle",0,"No","Metropolitan","Sandstorms","Low ",1,"N",5
31,"Meal ",20,5,4.1,"scooter",1,"No","Urban","Cloudy","Jam",1,"N",15
29,"Meal ",38,15,4.5,"scooter",1,"No","Metropolitan","Windy","Medium",1,"N",15
14,"Meal ",38,6,4.6,"electric_scooter",2,"No","Metropolitan","Fog","Low ",0,"N",10
16,"Drinks ",32,13,4.8,"scooter",1,"No","Metropolitan","Sandstorms","Low ",1,"N",15
27,"Meal ",26,9,4.5,"motorcycle",1,"No","Semi-Urban","Stormy","Medium",0,"Y",10
25,"Snack ",26,5,4.7,"motorcycle",0,"No","Metropolitan","Cloudy","Jam ",1,"N",10
41,"Drinks ",31,2,4.6,"scooter",2,"No","Urban","Cloudy","Jam ",2,"Y",15
26,"Snack ",27,15,4.6,"electric_scooter",2,"No","Metropolitan","Sunny","Medium",1,"Y",15
36,"Buffet ",28,3,4.1,"motorcycle",2,"No","Semi-Urban","Windy","Medium",1,"N",15
15,"Drinks ",26,19,4.7,"electric_scooter",0,"No","Urban","Cloudy","Low",0,"N",15
26,"Drinks ",28,22,4.7,"electric_scooter",1,"No","Metropolitan","Cloudy","High ",1,"N",15
19,"Buffet ",26,9,4.7,"electric_scooter",1,"No","Metropolitan","Sunny","Jam ",0,"N",10
47,"Snack ",28,8,4.7,"motorcycle",2,"Yes","Metropolitan","Cloudy","Jam ",3,"N",10
26,"Buffet ",25,15,4.7,"motorcycle",0,"No","Metropolitan","Fog","Low ",1,"Y",5
28,"Snack ",31,22,4.8,"motorcycle",1,"No","Metropolitan","Stormy","Jam ",0,"N",10
20,"Buffet ",31,23,4.7,"electric_scooter",2,"No","Metropolitan","Windy","Medium",0,"N",15
30,"Snack ",33,22,4.8,"electric_scooter",1,"No","Metropolitan","Windy","Jam ",1,"N",5
17,"Snack ",31,21,4.6,"motorcycle",0,"No","Metropolitan","Cloudy","Low ",0,"N",15
36,"Snack ",39,13,4.3,"electric_scooter",2,"No","Metropolitan","Fog","Medium",1,"N",5
40,"Snack ",37,17,5,"scooter",1,"Yes","Metropolitan","Fog","Jam ",2,"Y",10
10,"Snack ",25,8,5,"motorcycle",2,"No","Urban","Stormy","Low ",0,"N",5
26,"Meal ",21,17,4.9,"scooter",1,"No","Metropolitan","Windy","Jam",1,"N",15
25,"Snack ",27,18,4.8,"motorcycle",1,"No","Urban","Sandstorms","Jam",1,"N",10
18,"Buffet ",39,3,4.9,"motorcycle",0,"No","Urban","Stormy","Low",1,"N",15
39,"Drinks ",26,7,4.6,"electric_scooter",0,"No","Semi-Urban","Cloudy","Jam ",1,"N",15
34,"Snack ",21,3,3.6,"scooter",1,"No","Urban","Stormy","Jam",1,"N",10
11,"Buffet ",37,13,4.7,"scooter",1,"No","Metropolitan","Sunny","Medium",1,"Y",15
29,"Meal ",22,6,4.9,"scooter",2,"No","Metropolitan","Sandstorms","Medium",1,"N",15
26,"Snack ",22,16,4.9,"scooter",1,"No","Urban","Windy","Medium",1,"N",5
25,"Buffet ",32,9,4.8,"scooter",2,"No","Metropolitan","Sandstorms","Medium",1,"N",5
17,"Drinks ",23,18,4.9,"scooter",1,"No","Metropolitan","Fog","Medium",1,"N",5
28,"Buffet ",26,5,4.8,"electric_scooter",2,"No","Urban","Stormy","Jam ",1,"Y",5
20,"Buffet ",36,23,5,"motorcycle",2,"No","Metropolitan","Stormy","Low ",1,"N",15
40,"Meal ",39,9,4.6,"motorcycle",0,"No","Semi-Urban","Windy","Jam ",1,"N",5
47,"Snack ",33,16,4.6,"scooter",2,"No","Metropolitan","Sunny","Jam ",1,"N",10
15,"Buffet ",21,18,5,"electric_scooter",1,"No","Urban","Cloudy","Medium",1,"N",15
26,"Snack ",29,19,4.8,"electric_scooter",2,"No","Semi-Urban","Cloudy","Low ",0,"N",15
48,"Buffet ",30,9,4.8,"motorcycle",0,"Yes","Semi-Urban","Fog","Jam ",2,"Y",15
36,"Drinks ",26,15,5,"scooter",1,"No","Urban","Cloudy","Medium",1,"N",5
41,"Drinks ",33,8,3.8,"scooter",2,"Yes","Semi-Urban","Sandstorms","Jam ",2,"N",5
27,"Snack ",39,18,4.7,"electric_scooter",2,"No","Urban","Sandstorms","Medium",1,"Y",15
22,"Buffet ",26,22,4.8,"motorcycle",1,"No","Urban","Sunny","High ",1,"Y",10
27,"Drinks ",39,18,4.7,"scooter",2,"No","Urban","Stormy","Low",0,"N",15
26,"Meal ",31,16,4.8,"electric_scooter",2,"No","Metropolitan","Stormy","Low ",1,"Y",10
16,"Drinks ",32,1,4.5,"scooter",1,"No","Metropolitan","Sunny","Medium",0,"N",5
36,"Buffet ",27,17,4.8,"electric_scooter",0,"No","Metropolitan","Sunny","Jam ",1,"N",10
25,"Drinks ",28,15,4.7,"scooter",2,"No","Urban","Sandstorms","High",0,"N",15
22,"Meal ",36,18,4.6,"electric_scooter",0,"No","Metropolitan","Cloudy","Low ",1,"N",5
35,"Snack ",32,13,4.7,"electric_scooter",0,"No","Metropolitan","Fog","Medium",0,"N",15
35,"Buffet ",31,3,4.1,"scooter",2,"No","Metropolitan","Stormy","Jam ",0,"N",5
18,"Meal ",35,21,4.7,"electric_scooter",0,"No","Metropolitan","Fog","Low ",1,"N",10
30,"Meal ",29,17,4.7,"motorcycle",1,"No","Urban","Fog","Jam",0,"N",10
25,"Snack ",36,21,4.7,"motorcycle",0,"No","Metropolitan","Fog","Low ",0,"N",15
20,"Drinks ",37,17,4.6,"scooter",2,"No","Metropolitan","Sandstorms","Low ",0,"N",10
41,"Drinks ",37,17,3.5,"motorcycle",1,"No","Urban","Sunny","Low ",0,"N",10
53,"Drinks ",39,3,4.9,"scooter",0,"Yes","Metropolitan","Sandstorms","Jam ",3,"Y",15
22,"Drinks ",23,19,4.7,"electric_scooter",0,"No","Urban","Fog","High",0,"N",5
29,"Snack ",31,21,4.7,"motorcycle",0,"No","Urban","Stormy","Low ",1,"N",10
13,"Drinks ",23,23,5,"motorcycle",0,"No","Urban","Sunny","Low",1,"N",15
26,"Drinks ",27,2,4.6,"motorcycle",2,"No","Metropolitan","Fog","Jam ",1,"N",10
16,"Snack ",26,18,4.9,"motorcycle",1,"No","Metropolitan","Cloudy","Medium",0,"N",15
21,"Buffet ",27,22,4.9,"scooter",2,"No","Urban","Sandstorms","Low ",0,"N",15
33,"Buffet ",30,22,4.9,"motorcycle",1,"No","Metropolitan","Sandstorms","Medium",1,"N",10
26,"Snack ",29,9,4.7,"electric_scooter",0,"No","Metropolitan","Sunny","Low ",1,"N",15
19,"Buffet ",37,15,4.9,"motorcycle",0,"No","Metropolitan","Stormy","Low",0,"N",20
27,"Snack ",31,8,4.5,"electric_scooter",1,"No","Urban","Sandstorms","Low ",1,"N",15
28,"Buffet ",33,16,4.8,"electric_scooter",2,"No","Urban","Sandstorms","Medium",1,"N",10
19,"Snack ",22,23,5,"motorcycle",0,"No","Metropolitan","Sunny","Low ",1,"N",10
15,"Drinks ",22,17,4.8,"scooter",1,"No","Urban","Sandstorms","Jam",1,"N",15
22,"Snack ",36,23,4.6,"scooter",2,"No","Urban","Windy","Low ",1,"N",10
20,"Drinks ",20,23,5,"electric_scooter",2,"No","Metropolitan","Stormy","Low ",1,"N",5
24,"Buffet ",37,21,4.6,"scooter",0,"No","Metropolitan","Sunny","Low ",0,"N",20
21,"Meal ",25,22,4.5,"motorcycle",1,"No","Metropolitan","Sandstorms","Medium",1,"N",5
33,"Snack ",26,4,4.1,"scooter",0,"No","Metropolitan","Fog","Jam ",1,"N",15
37,"Meal ",33,9,4.9,"electric_scooter",0,"No","Metropolitan","Cloudy","Low ",1,"Y",10
54,"Meal ",36,8,4.6,"motorcycle",0,"No","Metropolitan","Fog","Jam ",0,"Y",10
31,"Drinks ",38,5,3.6,"electric_scooter",2,"No","Urban","Sandstorms","Medium",1,"N",5
19,"Snack ",21,18,4.6,"scooter",1,"No","Metropolitan","Fog","Low ",0,"N",5
51,"Snack ",39,13,5,"motorcycle",0,"No","Metropolitan","Stormy","Jam ",1,"N",15
27,"Meal ",39,23,4.6,"scooter",2,"No","Urban","Stormy","High",1,"N",10
22,"Meal ",29,21,4.6,"scooter",1,"No","Metropolitan","Sandstorms","Low ",0,"Y",5
26,"Snack ",35,18,4.8,"scooter",2,"No","Semi-Urban","Windy","Jam ",1,"N",15
30,"Buffet ",33,8,4.8,"scooter",1,"No","Metropolitan","Stormy","Jam ",0,"N",15
32,"Meal ",37,3,4,"scooter",0,"No","Metropolitan","Sandstorms","Jam ",0,"N",10
17,"Meal ",20,9,4.7,"scooter",2,"No","Semi-Urban","Cloudy","Low ",0,"N",15
34,"Meal ",36,11,4.2,"motorcycle",1,"No","Urban","Cloudy","High ",1,"N",15
30,"Snack ",36,4,4.6,"motorcycle",1,"No","Metropolitan","Cloudy","High ",1,"N",15
16,"Buffet ",33,21,4.8,"motorcycle",1,"No","Semi-Urban","Windy","Low ",0,"Y",15
40,"Drinks ",23,9,4.8,"motorcycle",0,"Yes","Metropolitan","Cloudy","Jam ",1,"N",15
36,"Drinks ",26,3,4.6,"motorcycle",0,"No","Urban","Stormy","Medium",2,"Y",15
26,"Snack ",29,14,4.8,"scooter",1,"No","Metropolitan","Stormy","High ",1,"N",5
37,"Meal ",25,22,4.4,"motorcycle",1,"No","Semi-Urban","Sandstorms","Medium",1,"N",5
19,"Meal ",21,17,5,"electric_scooter",2,"No","Urban","Windy","Low",0,"N",15
11,"Meal ",24,17,4.9,"scooter",1,"No","Urban","Stormy","Low",1,"N",15
20,"Drinks ",20,23,5,"electric_scooter",2,"No","Metropolitan","Stormy","Low ",1,"N",5
17,"Drinks ",26,19,4.9,"scooter",2,"No","Metropolitan","Sandstorms","Jam ",0,"N",15
22,"Meal ",37,22,4.9,"motorcycle",0,"No","Metropolitan","Fog","Low ",1,"N",5
18,"Snack ",29,17,4.6,"scooter",1,"No","Urban","Fog","Low ",1,"N",15
31,"Meal ",32,11,4.8,"scooter",2,"No","Metropolitan","Cloudy","Jam ",1,"N",5
26,"Buffet ",37,23,4.3,"motorcycle",0,"No","Metropolitan","Stormy","Low ",0,"N",5
35,"Drinks ",31,9,4,"scooter",0,"No","Metropolitan","Cloudy","Low ",1,"Y",10
21,"Snack ",27,21,4.7,"motorcycle",1,"No","Metropolitan","Sunny","Jam ",0,"N",10
18,"Drinks ",22,9,4.6,"scooter",2,"No","Metropolitan","Cloudy","Medium",0,"Y",5
23,"Drinks ",34,21,4.6,"electric_scooter",0,"No","Urban","Stormy","Low",1,"N",5
17,"Buffet ",24,19,4.9,"scooter",1,"No","Metropolitan","Sunny","Jam ",1,"Y",10
16,"Snack ",38,15,4.6,"scooter",1,"No","Metropolitan","Stormy","Low ",1,"N",5
25,"Meal ",32,13,4.7,"motorcycle",0,"No","Metropolitan","Sunny","Low ",1,"Y",15
20,"Drinks ",23,9,4.6,"scooter",2,"No","Urban","Stormy","Low ",1,"Y",5
19,"Snack ",33,9,4.8,"electric_scooter",1,"No","Urban","Sandstorms","Low ",1,"N",15
21,"Meal ",39,13,4.7,"motorcycle",0,"No","Urban","Sunny","Low ",1,"N",15
21,"Buffet ",39,13,4.8,"electric_scooter",2,"No","Semi-Urban","Windy","Medium",1,"N",15
34,"Buffet ",21,23,4.4,"electric_scooter",1,"No","Metropolitan","Stormy","Jam ",1,"Y",15
22,"Buffet ",37,21,4.9,"electric_scooter",1,"No","Metropolitan","Stormy","Jam ",1,"N",5
17,"Drinks ",23,23,4.5,"electric_scooter",0,"No","Metropolitan","Cloudy","Low ",1,"N",15
53,"Meal ",33,5,3.6,"motorcycle",0,"No","Metropolitan","Sunny","Jam ",1,"N",10
16,"Buffet ",22,4,4.9,"scooter",2,"No","Metropolitan","Fog","Medium",1,"N",5
22,"Meal ",38,21,4.8,"scooter",1,"No","Metropolitan","Sunny","Jam ",1,"Y",15
16,"Meal ",39,15,4.6,"scooter",1,"No","Metropolitan","Sandstorms","Low ",0,"Y",10
37,"Drinks ",21,4,4.1,"motorcycle",0,"No","Metropolitan","Windy","Jam",1,"N",5
46,"Buffet ",32,8,4.6,"electric_scooter",0,"No","Metropolitan","Cloudy","Medium",1,"N",10
32,"Meal ",25,6,3.9,"electric_scooter",2,"No","Metropolitan","Windy","Medium",1,"N",5
38,"Snack ",20,9,4.6,"electric_scooter",0,"No","Semi-Urban","Sandstorms","Medium",1,"Y",5
11,"Meal ",23,21,4.7,"motorcycle",0,"No","Urban","Sandstorms","Medium",0,"N",5
43,"Meal ",38,3,4.1,"scooter",0,"No","Metropolitan","Sunny","Jam ",0,"Y",10
17,"Snack ",20,18,4.7,"scooter",2,"No","Urban","Stormy","Low",0,"N",5
25,"Buffet ",36,22,5,"scooter",1,"No","Urban","Windy","High ",1,"N",10
10,"Drinks ",24,17,4.9,"electric_scooter",2,"No","Urban","Sunny","Low",0,"N",5
24,"Drinks ",30,16,4.7,"motorcycle",2,"No","Metropolitan","Sunny","Medium",1,"Y",10
37,"Buffet ",36,4,3.8,"motorcycle",2,"No","Urban","Windy","Jam",1,"N",10
43,"Meal ",24,5,4.3,"electric_scooter",2,"No","Urban","Fog","Jam",1,"N",15
18,"Snack ",39,22,4.7,"scooter",2,"No","Urban","Windy","Jam",0,"N",5
29,"Snack ",25,6,4.6,"motorcycle",1,"No","Metropolitan","Cloudy","Low ",1,"N",15
47,"Buffet ",24,19,4.3,"motorcycle",0,"Yes","Urban","Windy","Jam ",1,"Y",15
32,"Meal ",32,18,4.4,"motorcycle",0,"No","Metropolitan","Cloudy","Jam ",1,"N",15
21,"Snack ",33,19,4.9,"motorcycle",1,"No","Urban","Sandstorms","Medium",0,"N",10
27,"Buffet ",39,21,4.6,"scooter",2,"No","Metropolitan","Sunny","Low ",1,"Y",5
26,"Meal ",23,14,4.6,"motorcycle",2,"No","Metropolitan","Windy","Jam ",0,"Y",5
21,"Snack ",21,5,4.7,"scooter",1,"No","Metropolitan","Fog","High",1,"N",15
18,"Drinks ",36,9,4.7,"electric_scooter",1,"No","Metropolitan","Cloudy","Low ",1,"N",5
46,"Meal ",21,22,4.4,"scooter",1,"No","Metropolitan","Fog","Jam ",0,"N",5
27,"Meal ",31,21,4.5,"motorcycle",0,"No","Metropolitan","Fog","Medium",1,"N",10
26,"Buffet ",28,1,4.8,"scooter",1,"No","Metropolitan","Windy","Jam ",1,"Y",15
17,"Buffet ",20,21,4.9,"motorcycle",2,"No","Metropolitan","Stormy","Low ",0,"Y",5
14,"Snack ",33,13,4.8,"motorcycle",2,"No","Metropolitan","Cloudy","Low ",1,"N",5
13,"Drinks ",22,15,4.9,"motorcycle",1,"No","Semi-Urban","Fog","Low ",0,"N",5
24,"Drinks ",38,13,4.3,"electric_scooter",0,"No","Urban","Windy","Low ",1,"N",5
26,"Snack ",37,9,5,"motorcycle",0,"No","Urban","Stormy","Medium",1,"N",10
30,"Meal ",21,21,4.8,"motorcycle",0,"No","Metropolitan","Windy","Jam ",1,"Y",15
41,"Snack ",37,3,4.1,"scooter",1,"No","Metropolitan","Windy","Jam ",1,"N",15
30,"Meal ",29,13,4.8,"motorcycle",1,"No","Metropolitan","Cloudy","High ",0,"N",5
15,"Meal ",31,23,4.6,"scooter",2,"No","Urban","Sandstorms","Low ",0,"Y",15
26,"Snack ",21,21,4.4,"motorcycle",0,"No","Metropolitan","Stormy","Low ",1,"Y",10
41,"Drinks ",36,17,4.7,"electric_scooter",2,"No","Metropolitan","Fog","Medium",1,"N",5
39,"Snack ",39,8,4,"motorcycle",0,"No","Semi-Urban","Sandstorms","High ",1,"Y",5
29,"Meal ",22,6,5,"motorcycle",0,"No","Metropolitan","Sandstorms","Medium",1,"N",5
17,"Buffet ",20,22,5,"motorcycle",2,"No","Metropolitan","Windy","Low ",0,"N",5
41,"Drinks ",39,7,4.9,"electric_scooter",2,"No","Metropolitan","Stormy","Medium",2,"Y",5
18,"Snack ",33,18,4.8,"electric_scooter",2,"No","Urban","Stormy","Jam",1,"N",10
46,"Snack ",28,23,5,"motorcycle",0,"No","Metropolitan","Cloudy","Jam ",1,"N",15
19,"Snack ",24,22,4.7,"electric_scooter",1,"No","Urban","Windy","Low",1,"N",10
13,"Buffet ",27,19,4.6,"electric_scooter",1,"No","Metropolitan","Sandstorms","High ",1,"N",15
13,"Snack ",28,19,4.8,"scooter",2,"No","Semi-Urban","Cloudy","Low",0,"N",5
26,"Buffet ",35,13,4.8,"motorcycle",0,"No","Metropolitan","Sunny","High ",0,"N",15
20,"Meal ",31,16,4.6,"scooter",0,"No","Metropolitan","Sunny","High ",1,"N",15
12,"Drinks ",24,3,4.9,"motorcycle",2,"No","Semi-Urban","Sunny","Medium",0,"Y",15
22,"Meal ",37,18,4.7,"scooter",2,"No","Metropolitan","Sandstorms","Jam",0,"Y",10
12,"Snack ",29,19,4.7,"electric_scooter",2,"No","Urban","Sandstorms","Low",0,"N",15
42,"Drinks ",30,2,4.2,"scooter",0,"No","Semi-Urban","Sunny","Jam",1,"N",10
30,"Snack ",33,23,5,"motorcycle",1,"No","Metropolitan","Sunny","Low ",1,"N",10
15,"Buffet ",21,21,4.6,"motorcycle",1,"No","Metropolitan","Sandstorms","Low ",0,"Y",25
19,"Snack ",30,23,4.7,"electric_scooter",2,"No","Semi-Urban","Windy","Low ",1,"Y",15
26,"Meal ",25,17,4.6,"scooter",2,"No","Urban","Windy","Medium",1,"Y",15
33,"Snack ",21,4,4,"scooter",0,"No","Metropolitan","Sandstorms","Low ",0,"N",10
47,"Buffet ",25,3,4.4,"motorcycle",0,"No","Urban","Stormy","Jam",1,"N",5
19,"Snack ",33,5,5,"electric_scooter",1,"No","Semi-Urban","Fog","Medium",1,"N",15
29,"Snack ",38,23,4.7,"motorcycle",0,"No","Semi-Urban","Sunny","Jam ",1,"N",10
17,"Drinks ",31,21,4.9,"motorcycle",1,"No","Urban","Stormy","Low",0,"Y",15
13,"Snack ",22,23,4.6,"motorcycle",1,"No","Metropolitan","Sandstorms","Low ",0,"N",15
24,"Meal ",35,19,4.9,"scooter",2,"No","Metropolitan","Windy","Medium",1,"N",5
26,"Snack ",20,18,4.6,"motorcycle",2,"No","Semi-Urban","Sandstorms","Jam",1,"N",10
27,"Buffet ",35,22,4.6,"motorcycle",0,"No","Urban","Fog","Medium",0,"Y",15
25,"Drinks ",22,9,5,"electric_scooter",2,"No","Semi-Urban","Sunny","Medium",1,"N",15
33,"Snack ",33,3,4.1,"scooter",2,"No","Metropolitan","Stormy","High ",0,"N",5
24,"Meal ",31,9,4.6,"motorcycle",0,"No","Metropolitan","Sunny","Jam ",1,"N",5
32,"Drinks ",36,5,4.2,"scooter",1,"No","Metropolitan","Stormy","High ",1,"N",15
31,"Buffet ",26,23,5,"scooter",2,"No","Metropolitan","Windy","Medium",1,"N",5
27,"Snack ",31,13,5,"motorcycle",0,"No","Urban","Stormy","Low ",0,"N",10
13,"Meal ",34,22,4.8,"electric_scooter",1,"No","Metropolitan","Sunny","Medium",1,"N",10
42,"Buffet ",33,3,3.9,"motorcycle",1,"No","Metropolitan","Stormy","Jam ",2,"N",15
38,"Snack ",30,23,4.6,"scooter",1,"No","Metropolitan","Cloudy","Jam ",0,"N",15
26,"Drinks ",22,19,4.7,"scooter",2,"No","Semi-Urban","Fog","High ",1,"N",10
41,"Drinks ",27,12,4.6,"motorcycle",1,"No","Metropolitan","Sandstorms","Jam ",2,"Y",15
25,"Meal ",30,15,4.7,"scooter",1,"No","Urban","Stormy","Jam",1,"N",5
28,"Snack ",22,23,4.9,"electric_scooter",1,"No","Metropolitan","Sandstorms","Jam ",1,"N",5
38,"Buffet ",37,14,4.6,"motorcycle",0,"No","Metropolitan","Stormy","Medium",2,"N",10
44,"Drinks ",31,2,3.2,"electric_scooter",2,"Yes","Urban","Sunny","Low ",0,"Y",10
26,"Snack ",28,16,4.6,"motorcycle",2,"No","Urban","Windy","Medium",1,"N",5
14,"Buffet ",25,16,4.7,"scooter",1,"No","Metropolitan","Sunny","Jam ",1,"Y",5
26,"Buffet ",26,13,4.8,"motorcycle",1,"No","Metropolitan","Stormy","Medium",1,"N",5
31,"Meal ",34,19,4.5,"motorcycle",2,"No","Urban","Sandstorms","Jam ",1,"Y",5
29,"Drinks ",20,16,4.9,"motorcycle",2,"No","Metropolitan","Sandstorms","Jam ",0,"Y",15
17,"Meal ",20,21,4.8,"motorcycle",1,"No","Urban","Fog","Low",1,"Y",15
42,"Meal ",35,3,4,"motorcycle",0,"No","Urban","Stormy","Jam",1,"Y",15
20,"Buffet ",24,6,4.7,"motorcycle",2,"No","Metropolitan","Sunny","Jam ",1,"N",15
19,"Buffet ",28,3,4.9,"electric_scooter",2,"No","Metropolitan","Stormy","Low ",0,"N",10
18,"Meal ",33,19,4.9,"motorcycle",2,"No","Urban","Cloudy","Low ",1,"Y",5
29,"Snack ",21,2,4.9,"motorcycle",0,"No","Metropolitan","Sandstorms","Jam ",1,"N",15
34,"Buffet ",29,4,4.3,"scooter",2,"No","Semi-Urban","Sandstorms","Medium",1,"N",15
22,"Meal ",20,8,4.9,"motorcycle",0,"No","Metropolitan","Stormy","Low ",1,"N",15
20,"Meal ",34,9,4.7,"scooter",2,"No","Urban","Fog","Low ",1,"N",15
41,"Meal ",23,10,3.6,"electric_scooter",2,"No","Metropolitan","Sandstorms","Jam ",1,"N",5
30,"Buffet ",22,8,4.7,"electric_scooter",1,"No","Semi-Urban","Fog","High ",1,"Y",5
25,"Drinks ",29,19,4.9,"electric_scooter",2,"No","Metropolitan","Windy","Low ",1,"N",15
17,"Drinks ",38,23,5,"motorcycle",2,"No","Urban","Stormy","Jam",0,"Y",5
41,"Drinks ",22,3,3.5,"scooter",0,"No","Metropolitan","Sunny","Jam ",1,"N",5
21,"Drinks ",38,22,4.6,"scooter",1,"No","Metropolitan","Stormy","Medium",1,"Y",15
20,"Drinks ",24,23,4.5,"motorcycle",0,"No","Metropolitan","Sunny","Medium",1,"N",10
15,"Snack ",29,18,4.7,"scooter",2,"No","Metropolitan","Windy","Low ",0,"N",15
40,"Buffet ",27,12,4.9,"motorcycle",0,"No","Metropolitan","Cloudy","Medium",1,"N",5
34,"Snack ",20,7,4.8,"electric_scooter",2,"No","Urban","Fog","Jam ",1,"N",10
43,"Meal ",37,3,4.2,"electric_scooter",2,"No","Metropolitan","Windy","Jam ",2,"N",5
35,"Meal ",34,13,4.1,"scooter",1,"No","Metropolitan","Fog","High ",0,"N",5
14,"Meal ",37,12,4.8,"motorcycle",2,"No","Metropolitan","Sunny","High ",0,"N",15
16,"Drinks ",25,6,5,"electric_scooter",1,"No","Semi-Urban","Sunny","Medium",1,"N",5
34,"Snack ",36,4,4.7,"scooter",1,"No","Metropolitan","Sandstorms","Jam ",1,"N",5
19,"Drinks ",25,23,4.9,"scooter",1,"No","Metropolitan","Sandstorms","Jam ",0,"Y",5
27,"Drinks ",28,16,4.9,"scooter",1,"No","Metropolitan","Stormy","Medium",0,"N",10
27,"Drinks ",36,6,4.8,"motorcycle",0,"No","Metropolitan","Sunny","Low ",0,"Y",25
25,"Snack ",21,17,4.5,"motorcycle",1,"No","Metropolitan","Sandstorms","Jam ",1,"N",5
28,"Drinks ",35,18,4.6,"electric_scooter",2,"No","Urban","Sandstorms","Medium",0,"Y",10
32,"Meal ",26,22,4.7,"electric_scooter",2,"No","Metropolitan","Sandstorms","Jam ",1,"N",15
23,"Drinks ",27,15,4.8,"motorcycle",2,"No","Semi-Urban","Sandstorms","Jam ",1,"Y",15
33,"Snack ",21,12,4.1,"motorcycle",0,"No","Semi-Urban","Stormy","Low ",2,"Y",5
29,"Buffet ",22,12,4.7,"scooter",2,"No","Urban","Sandstorms","Medium",1,"Y",10
34,"Drinks ",23,11,4.6,"scooter",2,"No","Urban","Sandstorms","Jam ",1,"Y",10
29,"Snack ",22,6,4.5,"scooter",2,"No","Metropolitan","Fog","Medium",1,"N",10
44,"Meal ",27,7,4.7,"scooter",1,"Yes","Metropolitan","Cloudy","Jam ",1,"N",5
28,"Snack ",22,23,4.9,"electric_scooter",1,"No","Metropolitan","Sandstorms","Jam ",1,"N",5
25,"Drinks ",34,3,4.5,"motorcycle",1,"No","Metropolitan","Cloudy","Low ",1,"Y",15
24,"Meal ",30,15,4.6,"motorcycle",0,"No","Metropolitan","Stormy","Jam ",0,"N",5
30,"Drinks ",32,23,4.8,"electric_scooter",1,"No","Metropolitan","Stormy","Jam",1,"N",5
21,"Snack ",26,2,4.6,"motorcycle",2,"No","Metropolitan","Sandstorms","Medium",0,"N",10
34,"Buffet ",32,1,4,"motorcycle",1,"No","Urban","Fog","Jam",1,"N",5
44,"Snack ",28,11,4,"motorcycle",0,"Yes","Metropolitan","Stormy","Low ",2,"N",10
30,"Meal ",25,23,4.9,"scooter",2,"No","Metropolitan","Fog","Jam ",0,"N",5
23,"Buffet ",34,22,4.7,"electric_scooter",2,"No","Metropolitan","Windy","Medium",1,"Y",10
29,"Snack ",28,4,4.6,"motorcycle",0,"No","Metropolitan","Stormy","Jam ",0,"N",10
25,"Snack ",24,19,5,"scooter",0,"No","Urban","Fog","Jam",1,"N",15
31,"Drinks ",34,5,4.2,"motorcycle",2,"No","Metropolitan","Sunny","Jam ",1,"N",15
11,"Drinks ",31,15,4.6,"motorcycle",1,"No","Metropolitan","Stormy","Low ",0,"N",30
29,"Meal ",33,23,4.9,"motorcycle",0,"No","Urban","Fog","Jam ",1,"N",15
10,"Snack ",26,15,4.5,"scooter",0,"No","Metropolitan","Windy","Medium",0,"N",15
26,"Meal ",27,21,4.6,"scooter",2,"No","Urban","Stormy","Jam",1,"N",15
46,"Drinks ",27,23,4.7,"motorcycle",0,"Yes","Metropolitan","Sandstorms","Jam ",1,"N",5
24,"Buffet ",21,17,4.7,"scooter",2,"No","Metropolitan","Sunny","Jam ",1,"Y",15
32,"Meal ",37,3,4.2,"motorcycle",1,"No","Metropolitan","Fog","Low ",1,"N",10
22,"Snack ",31,6,4.5,"motorcycle",0,"No","Urban","Cloudy","Low",1,"N",15
22,"Meal ",31,21,4.6,"scooter",2,"No","Urban","Stormy","Medium",1,"N",15
15,"Drinks ",33,16,4.6,"motorcycle",2,"No","Urban","Fog","Low",0,"N",5
30,"Meal ",20,16,4.7,"motorcycle",0,"No","Metropolitan","Stormy","Jam ",1,"Y",10
24,"Drinks ",25,16,4.6,"scooter",1,"No","Urban","Fog","Jam ",1,"N",5
15,"Snack ",28,12,4.8,"motorcycle",1,"No","Metropolitan","Sunny","Low ",0,"N",10
31,"Meal ",37,3,4.2,"scooter",1,"No","Metropolitan","Sandstorms","Jam ",1,"N",10
26,"Snack ",20,17,4.5,"scooter",2,"No","Metropolitan","Windy","Jam ",0,"N",10
17,"Drinks ",21,17,4.8,"scooter",1,"No","Semi-Urban","Windy","Jam ",1,"N",15
28,"Meal ",22,6,4.6,"motorcycle",0,"No","Metropolitan","Stormy","Medium",1,"N",5
31,"Meal ",27,1,4.1,"motorcycle",0,"No","Metropolitan","Sandstorms","Medium",0,"Y",10
15,"Drinks ",31,19,5,"motorcycle",2,"No","Metropolitan","Sunny","Low ",0,"N",10
37,"Meal ",33,21,4.4,"motorcycle",0,"No","Metropolitan","Sandstorms","Jam ",0,"Y",10
26,"Drinks ",27,2,4.7,"motorcycle",1,"No","Metropolitan","Fog","High ",1,"N",10
21,"Buffet ",23,18,4.9,"motorcycle",0,"No","Metropolitan","Sandstorms","Low ",1,"N",25
15,"Drinks ",32,21,4.8,"electric_scooter",1,"No","Metropolitan","Fog","Low ",1,"N",10
25,"Snack ",21,6,5,"electric_scooter",2,"No","Semi-Urban","Sandstorms","Jam ",0,"Y",5
21,"Buffet ",36,18,4.7,"motorcycle",0,"No","Metropolitan","Cloudy","Low ",1,"N",10
19,"Meal ",31,12,4.7,"electric_scooter",1,"No","Metropolitan","Windy","High ",0,"N",15
20,"Snack ",35,14,4.8,"motorcycle",1,"No","Metropolitan","Stormy","Medium",1,"Y",5
21,"Meal ",22,16,4.7,"motorcycle",0,"No","Metropolitan","Fog","Low ",1,"N",15
18,"Drinks ",25,18,4.6,"electric_scooter",2,"No","Urban","Sandstorms","Low",1,"Y",10
43,"Meal ",36,14,4.3,"electric_scooter",0,"No","Urban","Fog","Low ",2,"N",5
31,"Buffet ",36,17,4.6,"scooter",0,"No","Urban","Sandstorms","Jam",0,"N",5
24,"Buffet ",20,22,4.9,"scooter",1,"No","Metropolitan","Sunny","Jam ",1,"N",10
27,"Drinks ",33,18,5,"motorcycle",0,"No","Urban","Sunny","Medium",1,"N",10
37,"Meal ",21,14,5,"electric_scooter",0,"No","Metropolitan","Stormy","Jam ",1,"N",5
38,"Snack ",31,19,4.8,"scooter",1,"No","Urban","Fog","Jam",1,"N",15
24,"Drinks ",30,15,4.9,"electric_scooter",0,"No","Metropolitan","Fog","Low ",1,"N",15
32,"Snack ",28,19,4.2,"motorcycle",0,"No","Metropolitan","Sandstorms","Jam ",1,"Y",10
38,"Buffet ",38,22,4.1,"scooter",1,"No","Metropolitan","Cloudy","Jam ",1,"Y",5
44,"Meal ",36,16,5,"scooter",2,"No","Metropolitan","Sunny","Jam ",2,"N",15
15,"Buffet ",37,23,4.8,"electric_scooter",1,"No","Urban","Cloudy","Low",0,"N",10
28,"Snack ",26,22,4.8,"electric_scooter",2,"No","Metropolitan","Windy","Jam ",1,"Y",15
33,"Buffet ",37,5,4.6,"electric_scooter",2,"No","Metropolitan","Fog","Medium",1,"N",5
28,"Snack ",33,23,4.8,"motorcycle",1,"No","Urban","Windy","Low ",1,"N",10
23,"Meal ",38,9,4.7,"motorcycle",1,"No","Metropolitan","Sunny","Jam ",1,"Y",10
24,"Buffet ",33,3,4.5,"scooter",2,"No","Urban","Stormy","Low",1,"Y",5
28,"Meal ",32,16,4.7,"scooter",2,"No","Urban","Sandstorms","Jam ",1,"N",5
24,"Meal ",26,17,4.5,"motorcycle",1,"No","Urban","Sunny","High ",1,"N",5
14,"Buffet ",38,8,4.7,"motorcycle",1,"No","Metropolitan","Sandstorms","Low ",1,"N",15
24,"Meal ",30,21,5,"motorcycle",0,"No","Metropolitan","Stormy","Low ",1,"N",15
43,"Buffet ",25,6,4.4,"motorcycle",1,"No","Metropolitan","Cloudy","Jam ",1,"N",5
27,"Buffet ",23,18,4.7,"scooter",1,"No","Metropolitan","Stormy","High ",1,"N",10
41,"Buffet ",31,18,4.6,"motorcycle",0,"No","Urban","Fog","Jam",1,"Y",10
44,"Snack ",37,17,4.6,"electric_scooter",2,"No","Metropolitan","Cloudy","Jam ",2,"N",5
20,"Snack ",31,17,4.8,"electric_scooter",2,"No","Semi-Urban","Windy","Medium",1,"N",5
33,"Drinks ",33,18,5,"motorcycle",1,"No","Urban","Fog","Jam ",1,"N",15
35,"Buffet ",27,15,4.9,"scooter",0,"No","Metropolitan","Cloudy","Medium",1,"N",5
48,"Meal ",20,3,4.9,"scooter",2,"No","Metropolitan","Cloudy","Jam ",1,"N",10
39,"Buffet ",24,1,4.1,"motorcycle",1,"No","Semi-Urban","Fog","Medium",1,"N",5
40,"Snack ",36,17,4.4,"scooter",0,"No","Metropolitan","Sunny","Jam ",1,"Y",15
38,"Buffet ",38,5,5,"scooter",2,"No","Metropolitan","Cloudy","Jam ",1,"N",5
19,"Snack ",24,16,4.5,"motorcycle",1,"No","Metropolitan","Fog","Low ",0,"Y",10
26,"Snack ",20,13,4.9,"electric_scooter",0,"No","Urban","Fog","Jam ",1,"N",5
33,"Snack ",32,19,4.1,"motorcycle",0,"No","Metropolitan","Sandstorms","Low ",1,"N",15
33,"Meal ",33,11,3.8,"scooter",2,"No","Metropolitan","Fog","Jam ",1,"Y",5
35,"Snack ",22,4,4.5,"electric_scooter",2,"No","Semi-Urban","Cloudy","Low",1,"N",10
30,"Buffet ",22,17,4.9,"scooter",2,"No","Metropolitan","Windy","Jam ",1,"N",5
15,"Meal ",33,21,4.6,"motorcycle",2,"No","Metropolitan","Sunny","Jam ",1,"Y",15
32,"Drinks ",39,2,4.8,"electric_scooter",1,"No","Metropolitan","Windy","Medium",1,"N",5
18,"Snack ",21,9,4.6,"electric_scooter",1,"No","Metropolitan","Windy","Low ",0,"N",15
29,"Drinks ",25,13,4.9,"motorcycle",1,"No","Metropolitan","Sandstorms","Jam ",0,"N",15
32,"Snack ",20,6,3.9,"electric_scooter",2,"No","Metropolitan","Stormy","Jam ",0,"N",5
20,"Snack ",33,19,5,"scooter",2,"No","Urban","Stormy","Low",1,"Y",5
20,"Buffet ",27,18,4.8,"scooter",1,"No","Metropolitan","Sandstorms","Low",0,"Y",15
28,"Meal ",27,23,4.8,"motorcycle",2,"No","Urban","Sunny","Medium",1,"N",5
29,"Meal ",35,3,5,"electric_scooter",0,"No","Metropolitan","Cloudy","High ",1,"N",15
17,"Snack ",31,5,4.5,"motorcycle",0,"No","Urban","Stormy","Low",0,"N",10
15,"Drinks ",32,9,4.7,"electric_scooter",1,"No","Semi-Urban","Sunny","High ",1,"N",5
26,"Buffet ",32,23,4.6,"scooter",0,"No","Urban","Fog","Low ",0,"Y",5
15,"Drinks ",31,3,4.2,"motorcycle",0,"No","Urban","Windy","Low ",1,"N",15
26,"Meal ",26,9,4.6,"electric_scooter",0,"No","Metropolitan","Cloudy","Jam ",1,"N",15
18,"Drinks ",27,17,4.6,"motorcycle",2,"No","Metropolitan","Sandstorms","Low ",0,"N",15
21,"Buffet ",20,23,4.9,"motorcycle",2,"No","Semi-Urban","Fog","Jam",0,"N",15
10,"Drinks ",38,3,4.6,"scooter",2,"No","Metropolitan","Fog","Low",0,"N",5
14,"Drinks ",36,9,4.7,"scooter",2,"No","Metropolitan","Windy","Low ",0,"N",15
20,"Snack ",20,19,4.9,"scooter",2,"No","Metropolitan","Sunny","Low ",0,"N",15
15,"Snack ",22,19,4.9,"motorcycle",2,"No","Semi-Urban","Fog","Low ",1,"N",15
23,"Snack ",27,9,4.9,"motorcycle",0,"No","Metropolitan","Sunny","Jam ",0,"Y",15
25,"Meal ",32,14,4.9,"motorcycle",1,"No","Metropolitan","Windy","Low ",1,"N",5
23,"Snack ",22,5,4.5,"motorcycle",1,"No","Urban","Stormy","Low",1,"Y",5
27,"Buffet ",37,8,4.7,"motorcycle",1,"No","Metropolitan","Windy","Low ",1,"N",15
23,"Snack ",28,18,4.9,"scooter",1,"No","Urban","Sandstorms","Medium",1,"Y",15
16,"Meal ",28,21,4.9,"motorcycle",2,"No","Metropolitan","Sandstorms","High ",0,"N",5
33,"Meal ",22,17,4.3,"electric_scooter",0,"No","Metropolitan","Stormy","Jam ",2,"N",15
29,"Buffet ",38,9,4.7,"motorcycle",0,"No","Metropolitan","Windy","Medium",1,"N",10
21,"Meal ",39,21,4.8,"scooter",2,"No","Semi-Urban","Sandstorms","Low ",0,"Y",10
24,"Snack ",31,15,4.8,"scooter",2,"No","Urban","Sunny","Medium",1,"Y",15
14,"Drinks ",21,23,4.6,"motorcycle",2,"No","Metropolitan","Sunny","Medium",0,"Y",15
11,"Buffet ",37,9,4.7,"motorcycle",1,"No","Metropolitan","Sunny","Medium",1,"N",10
19,"Meal ",30,9,4.5,"electric_scooter",0,"No","Metropolitan","Cloudy","Low ",0,"Y",15
11,"Buffet ",28,6,4.7,"electric_scooter",2,"No","Urban","Stormy","High ",0,"N",15
15,"Buffet ",39,16,4.9,"electric_scooter",0,"No","Urban","Sunny","Jam",1,"N",10
29,"Snack ",29,8,4.6,"electric_scooter",2,"No","Metropolitan","Cloudy","Low ",1,"N",10
27,"Buffet ",28,23,4.8,"electric_scooter",1,"No","Metropolitan","Windy","Jam ",1,"N",5
29,"Drinks ",26,12,4.9,"scooter",2,"No","Metropolitan","Fog","Low ",1,"N",15
40,"Snack ",25,19,4.9,"motorcycle",0,"No","Urban","Fog","Low",1,"N",15
31,"Buffet ",32,4,5,"motorcycle",0,"No","Metropolitan","Sandstorms","Jam ",1,"N",5
14,"Drinks ",38,23,4.5,"scooter",2,"No","Metropolitan","Fog","Medium",1,"N",5
43,"Snack ",23,1,4.2,"motorcycle",1,"No","Semi-Urban","Fog","Jam ",0,"N",5
16,"Meal ",20,16,4.9,"motorcycle",2,"No","Urban","Cloudy","Low ",0,"N",5
11,"Snack ",26,22,4.7,"motorcycle",2,"No","Metropolitan","Fog","Low ",1,"N",15
23,"Snack ",30,17,4.5,"scooter",1,"No","Urban","Windy","Medium",1,"N",5
39,"Buffet ",37,3,4.2,"electric_scooter",2,"No","Metropolitan","Fog","Jam ",1,"N",15
11,"Snack ",20,22,4.6,"scooter",1,"No","Metropolitan","Windy","Jam ",0,"N",10
29,"Drinks ",29,13,5,"motorcycle",1,"No","Metropolitan","Windy","Low ",0,"N",5
12,"Meal ",25,16,4.9,"electric_scooter",2,"No","Urban","Sunny","High",0,"N",10
19,"Buffet ",39,3,4.5,"motorcycle",0,"No","Metropolitan","Fog","Low ",1,"N",5
36,"Drinks ",20,21,4.8,"scooter",2,"No","Metropolitan","Fog","Medium",1,"N",10
16,"Meal ",23,18,4.7,"scooter",2,"No","Urban","Stormy","Jam",1,"N",15
36,"Snack ",31,3,4,"scooter",0,"No","Metropolitan","Stormy","Low ",1,"N",10
29,"Meal ",31,11,4.8,"motorcycle",2,"No","Metropolitan","Windy","Low ",1,"N",15
23,"Snack ",39,6,4.5,"scooter",0,"No","Urban","Fog","Low",0,"Y",10
48,"Snack ",24,5,4.7,"electric_scooter",0,"Yes","Urban","Fog","Jam ",2,"N",5
13,"Buffet ",33,12,4.9,"motorcycle",0,"No","Metropolitan","Sunny","Low ",1,"N",15
28,"Snack ",23,13,4.3,"motorcycle",0,"No","Metropolitan","Windy","Low ",1,"N",10
27,"Snack ",31,14,4.6,"motorcycle",1,"No","Urban","Sunny","Medium",1,"N",10
23,"Meal ",24,19,4.6,"motorcycle",1,"No","Metropolitan","Sunny","Low ",1,"Y",5
21,"Meal ",30,16,4.8,"electric_scooter",2,"No","Urban","Stormy","Jam",1,"N",5
25,"Buffet ",33,6,4.6,"motorcycle",1,"No","Metropolitan","Windy","Jam ",0,"Y",15
19,"Snack ",25,18,4.8,"motorcycle",2,"No","Metropolitan","Fog","Low ",0,"N",15
20,"Snack ",32,18,4.9,"electric_scooter",1,"No","Metropolitan","Stormy","Medium",1,"N",5
24,"Drinks ",35,14,4.9,"scooter",2,"No","Metropolitan","Stormy","Jam ",1,"N",10
44,"Meal ",21,3,4.8,"electric_scooter",0,"No","Semi-Urban","Sandstorms","Jam ",3,"Y",15
12,"Drinks ",23,14,4.7,"motorcycle",1,"No","Metropolitan","Stormy","Low ",0,"N",5
25,"Buffet ",32,19,5,"scooter",2,"No","Semi-Urban","Stormy","Jam ",1,"N",5
28,"Buffet ",33,8,4.4,"motorcycle",0,"No","Metropolitan","Sandstorms","Low ",1,"N",10
20,"Meal ",21,19,4.9,"scooter",2,"No","Metropolitan","Sandstorms","Medium",0,"N",5
52,"Drinks ",37,5,4.6,"electric_scooter",0,"No","Metropolitan","Cloudy","Jam ",2,"N",15
33,"Buffet ",39,16,4.7,"motorcycle",2,"No","Urban","Fog","Medium",1,"N",10
14,"Snack ",35,15,4.5,"motorcycle",1,"No","Urban","Sunny","Jam ",1,"N",5
36,"Snack ",22,8,4.8,"electric_scooter",2,"No","Urban","Cloudy","Jam ",2,"N",15
21,"Buffet ",32,7,5,"electric_scooter",2,"No","Metropolitan","Windy","Low ",1,"N",10
33,"Meal ",20,9,4,"motorcycle",1,"No","Metropolitan","Sandstorms","Medium",1,"N",10
14,"Snack ",31,23,4.5,"motorcycle",0,"No","Semi-Urban","Sunny","Low ",0,"N",10
43,"Drinks ",33,21,4.7,"motorcycle",0,"No","Metropolitan","Stormy","Jam ",1,"Y",5
13,"Meal ",21,22,4.6,"scooter",2,"No","Urban","Sandstorms","Low",1,"N",15
20,"Buffet ",29,16,4.9,"motorcycle",1,"No","Urban","Sandstorms","Jam",0,"N",5
28,"Meal ",33,17,5,"electric_scooter",2,"No","Metropolitan","Sandstorms","Medium",1,"N",5
27,"Snack ",32,3,4.5,"motorcycle",0,"No","Metropolitan","Fog","Medium",1,"N",5
31,"Drinks ",24,14,4,"motorcycle",1,"No","Semi-Urban","Cloudy","Jam ",1,"Y",15
29,"Drinks ",39,3,4.3,"motorcycle",0,"No","Metropolitan","Windy","Low ",1,"N",10
29,"Meal ",33,4,4.8,"scooter",2,"No","Metropolitan","Fog","Low ",1,"N",10
43,"Meal ",27,8,4.4,"scooter",1,"No","Metropolitan","Fog","Jam ",2,"N",5
28,"Buffet ",25,16,4.8,"motorcycle",2,"No","Urban","Stormy","High ",0,"N",5
28,"Buffet ",29,1,4.6,"motorcycle",0,"No","Metropolitan","Cloudy","Jam ",0,"N",15
26,"Meal ",37,19,4.8,"motorcycle",1,"No","Semi-Urban","Windy","Jam ",1,"N",10
16,"Buffet ",38,8,4.7,"electric_scooter",1,"No","Metropolitan","Stormy","Low ",1,"N",5
27,"Drinks ",20,15,4.9,"electric_scooter",0,"No","Urban","Sunny","Low",1,"N",20
14,"Snack ",33,13,4.8,"motorcycle",2,"No","Metropolitan","Cloudy","Low ",1,"N",5
32,"Snack ",37,15,4.6,"scooter",1,"No","Metropolitan","Fog","Jam",1,"N",5
24,"Drinks ",38,23,4.4,"electric_scooter",0,"No","Metropolitan","Stormy","Low ",1,"N",15
29,"Drinks ",25,5,4.9,"scooter",1,"No","Metropolitan","Sandstorms","High ",1,"N",5
20,"Snack ",25,17,4.6,"electric_scooter",2,"No","Metropolitan","Fog","Low ",1,"Y",10
17,"Meal ",39,22,4.8,"motorcycle",2,"No","Urban","Sunny","Low",1,"N",5
20,"Meal ",22,8,4.8,"motorcycle",1,"No","Metropolitan","Sandstorms","Jam ",0,"N",10
47,"Meal ",37,12,5,"scooter",1,"No","Semi-Urban","Cloudy","Jam ",3,"Y",10
19,"Buffet ",38,15,4.7,"scooter",1,"No","Metropolitan","Stormy","Jam ",1,"N",15
19,"Meal ",31,4,4.9,"electric_scooter",2,"No","Metropolitan","Sunny","High ",1,"N",5
22,"Drinks ",35,9,4.7,"electric_scooter",2,"No","Metropolitan","Sunny","High ",1,"N",10
17,"Drinks ",26,6,4.9,"motorcycle",0,"No","Metropolitan","Sunny","Low ",1,"N",5
12,"Buffet ",36,19,4.8,"electric_scooter",2,"No","Metropolitan","Sunny","Low ",1,"N",5
37,"Snack ",29,18,5,"motorcycle",0,"No","Metropolitan","Stormy","High ",0,"Y",5
26,"Drinks ",20,19,4.8,"electric_scooter",0,"No","Urban","Cloudy","Medium",0,"N",5
13,"Drinks ",24,23,4.7,"motorcycle",1,"No","Urban","Stormy","Low",1,"N",10
43,"Snack ",20,5,4.8,"motorcycle",0,"No","Urban","Windy","Jam ",2,"N",10
11,"Meal ",25,19,5,"scooter",1,"No","Semi-Urban","Stormy","High",0,"N",5
10,"Drinks ",25,3,4.7,"motorcycle",1,"No","Metropolitan","Sunny","High ",0,"N",10
30,"Drinks ",35,9,5,"scooter",1,"No","Urban","Cloudy","Low ",1,"N",5
19,"Buffet ",34,18,4.6,"electric_scooter",2,"No","Metropolitan","Sunny","Medium",1,"N",15
32,"Snack ",26,4,4.8,"scooter",1,"No","Metropolitan","Fog","Jam ",1,"N",5
17,"Drinks ",24,18,4.9,"motorcycle",1,"No","Semi-Urban","Windy","Low",1,"N",5
15,"Buffet ",23,23,4.6,"electric_scooter",1,"No","Urban","Windy","Low",1,"N",20
26,"Buffet ",38,19,4.7,"motorcycle",2,"No","Urban","Stormy","Medium",1,"Y",5
33,"Snack ",20,3,4.1,"scooter",2,"No","Urban","Stormy","Jam ",1,"N",5
16,"Buffet ",29,14,4.8,"electric_scooter",1,"No","Metropolitan","Stormy","Low ",1,"Y",10
20,"Meal ",32,23,4.9,"motorcycle",0,"No","Metropolitan","Sunny","Low ",1,"Y",10
17,"Meal ",24,19,4.9,"motorcycle",1,"No","Metropolitan","Sunny","Medium",1,"N",5
29,"Buffet ",29,23,4.9,"motorcycle",1,"No","Semi-Urban","Sandstorms","Medium",1,"Y",5
22,"Meal ",28,22,4.6,"motorcycle",0,"No","Urban","Sunny","Low ",1,"Y",15
38,"Buffet ",21,18,4.7,"scooter",2,"No","Metropolitan","Cloudy","Jam ",0,"Y",15
11,"Buffet ",39,14,4.7,"electric_scooter",2,"No","Semi-Urban","Sandstorms","Low ",0,"Y",15
26,"Meal ",24,21,4.6,"scooter",2,"No","Metropolitan","Fog","Low ",1,"N",10
30,"Meal ",39,17,4.7,"electric_scooter",1,"No","Metropolitan","Cloudy","High ",1,"N",15
38,"Buffet ",24,2,4.2,"motorcycle",0,"No","Metropolitan","Windy","High ",2,"N",15
28,"Drinks ",35,18,4.8,"scooter",2,"No","Urban","Cloudy","Low",1,"N",15
49,"Drinks ",20,2,4.5,"scooter",0,"Yes","Metropolitan","Cloudy","Medium",1,"N",15
32,"Snack ",36,4,4,"motorcycle",1,"No","Urban","Stormy","Jam",0,"Y",15
27,"Buffet ",31,23,4.9,"electric_scooter",1,"No","Semi-Urban","Windy","Jam ",0,"N",10
26,"Meal ",36,6,4.7,"electric_scooter",2,"No","Metropolitan","Stormy","Low ",0,"N",5
25,"Drinks ",23,18,4.8,"electric_scooter",2,"No","Metropolitan","Windy","Low ",1,"N",10
29,"Drinks ",34,4,4.9,"motorcycle",1,"No","Metropolitan","Fog","Low ",1,"N",10
22,"Meal ",35,18,4.7,"scooter",1,"No","Urban","Stormy","Low",1,"N",15
30,"Drinks ",31,5,4.5,"scooter",0,"No","Urban","Sandstorms","Medium",1,"Y",10
16,"Meal ",27,21,4.8,"motorcycle",1,"No","Metropolitan","Windy","Low ",1,"N",10
34,"Meal ",26,3,4,"motorcycle",0,"No","Metropolitan","Sandstorms","Low ",1,"N",15
27,"Buffet ",29,17,4.7,"electric_scooter",2,"No","Metropolitan","Cloudy","Jam",1,"N",10
24,"Drinks ",36,23,4.7,"electric_scooter",2,"No","Metropolitan","Stormy","Medium",0,"N",15
17,"Snack ",33,17,4.7,"electric_scooter",2,"No","Semi-Urban","Stormy","Low ",1,"N",20
23,"Drinks ",29,12,5,"motorcycle",0,"No","Urban","Sunny","Medium",0,"N",5
20,"Buffet ",37,4,4.2,"motorcycle",0,"No","Urban","Stormy","Low ",1,"N",10
15,"Snack ",21,16,4.9,"scooter",2,"No","Urban","Windy","Low",1,"Y",15
32,"Drinks ",37,3,4.2,"electric_scooter",2,"No","Semi-Urban","Fog","Medium",1,"N",10
38,"Snack ",36,3,4.2,"motorcycle",2,"No","Urban","Cloudy","Low",2,"Y",15
21,"Buffet ",32,13,4.6,"electric_scooter",2,"No","Metropolitan","Windy","Low ",1,"Y",15
33,"Snack ",34,16,5,"scooter",2,"No","Metropolitan","Sandstorms","High ",1,"Y",15
26,"Snack ",22,15,5,"motorcycle",1,"No","Metropolitan","Fog","Low ",1,"N",5
46,"Snack ",38,23,4.9,"motorcycle",0,"No","Semi-Urban","Cloudy","Jam ",2,"N",5
16,"Drinks ",32,18,4.7,"electric_scooter",1,"No","Urban","Cloudy","Medium",1,"Y",10
22,"Buffet ",35,6,4.8,"electric_scooter",2,"No","Semi-Urban","Sunny","Medium",0,"Y",5
15,"Snack ",31,19,5,"motorcycle",1,"No","Urban","Sunny","Low ",1,"N",10
29,"Drinks ",34,16,4.7,"scooter",2,"No","Urban","Sandstorms","Jam",1,"N",10
37,"Drinks ",32,16,3.9,"electric_scooter",2,"No","Metropolitan","Cloudy","Low ",1,"N",5
20,"Meal ",28,14,4.9,"scooter",1,"No","Metropolitan","Windy","Medium",1,"N",10
15,"Drinks ",24,15,5,"motorcycle",2,"No","Semi-Urban","Stormy","Low ",1,"N",10
27,"Buffet ",29,15,4.9,"scooter",2,"No","Metropolitan","Fog","Low ",1,"Y",15
44,"Meal ",34,6,5,"electric_scooter",1,"No","Urban","Cloudy","Jam ",3,"Y",5
30,"Snack ",25,21,4.9,"motorcycle",1,"No","Metropolitan","Cloudy","Medium",1,"N",5
23,"Snack ",25,21,4.6,"scooter",1,"No","Urban","Stormy","Medium",1,"N",15
21,"Buffet ",20,21,4.6,"electric_scooter",1,"No","Metropolitan","Stormy","Jam",0,"N",10
20,"Snack ",25,17,4.7,"scooter",1,"No","Metropolitan","Sunny","Low ",1,"N",5
44,"Drinks ",37,19,3.7,"scooter",1,"No","Metropolitan","Stormy","Jam ",2,"N",5
25,"Meal ",34,19,5,"motorcycle",0,"No","Metropolitan","Sandstorms","Jam ",1,"N",10
38,"Buffet ",33,17,4.4,"scooter",1,"No","Metropolitan","Fog","Medium",2,"Y",15
32,"Meal ",34,11,5,"motorcycle",2,"No","Metropolitan","Sandstorms","High ",0,"N",10
24,"Buffet ",38,17,4.9,"motorcycle",0,"No","Urban","Sunny","Jam",0,"N",10
15,"Snack ",39,19,4.7,"scooter",2,"No","Metropolitan","Sunny","Medium",1,"N",5
18,"Buffet ",39,5,4.8,"motorcycle",1,"No","Metropolitan","Sunny","High ",1,"Y",10
16,"Snack ",30,23,4.8,"electric_scooter",1,"No","Urban","Sunny","Low",0,"Y",5
15,"Drinks ",38,17,4.6,"motorcycle",1,"No","Metropolitan","Sunny","Jam ",1,"Y",15
30,"Meal ",32,19,4.9,"motorcycle",2,"No","Metropolitan","Fog","Jam ",0,"Y",5
32,"Snack ",22,3,3.6,"scooter",2,"No","Semi-Urban","Sunny","Jam ",0,"Y",10
49,"Buffet ",29,3,4.7,"motorcycle",0,"No","Urban","Windy","Jam ",0,"N",15
25,"Buffet ",37,16,5,"scooter",1,"No","Metropolitan","Sandstorms","Low",1,"N",10
29,"Snack ",21,8,4.9,"scooter",1,"No","Metropolitan","Sandstorms","Jam ",0,"N",5
33,"Drinks ",30,23,5,"electric_scooter",1,"No","Metropolitan","Stormy","High ",1,"N",5
36,"Snack ",25,1,4.4,"electric_scooter",0,"No","Urban","Sunny","Jam ",0,"N",5
20,"Meal ",35,16,4.9,"scooter",2,"No","Urban","Windy","Medium",1,"N",10
37,"Meal ",39,11,4.2,"electric_scooter",0,"No","Metropolitan","Stormy","Jam ",1,"N",5
35,"Drinks ",36,12,4.7,"scooter",2,"No","Metropolitan","Fog","Medium",1,"Y",10
32,"Snack ",29,16,4.6,"motorcycle",1,"No","Urban","Cloudy","Medium",1,"Y",10
39,"Drinks ",39,4,2.8,"scooter",1,"No","Urban","Sunny","Low",2,"N",5
39,"Buffet ",37,1,4,"scooter",0,"No","Urban","Windy","Medium",1,"N",10
11,"Buffet ",39,14,4.9,"scooter",2,"No","Semi-Urban","Stormy","Low ",0,"Y",15
36,"Drinks ",25,6,4.3,"motorcycle",0,"No","Urban","Fog","Low ",1,"N",15
30,"Buffet ",25,18,4.7,"motorcycle",1,"No","Urban","Sandstorms","Medium",1,"N",5
38,"Meal ",25,21,4.6,"scooter",2,"No","Metropolitan","Fog","Jam ",1,"N",5
43,"Snack ",25,3,4.3,"motorcycle",0,"Yes","Metropolitan","Windy","Jam ",1,"N",5
37,"Meal ",32,5,4,"scooter",1,"No","Metropolitan","Cloudy","Medium",2,"N",5
25,"Buffet ",24,21,4.9,"scooter",0,"No","Metropolitan","Sunny","Jam ",1,"Y",15
39,"Meal ",39,12,4.7,"motorcycle",0,"No","Urban","Fog","Low ",1,"Y",15
28,"Meal ",36,18,4.9,"motorcycle",2,"No","Semi-Urban","Cloudy","Medium",0,"N",15
12,"Meal ",27,19,4.9,"scooter",1,"No","Urban","Stormy","Low",0,"Y",5
16,"Drinks ",28,15,4.7,"scooter",2,"No","Metropolitan","Sandstorms","Low",0,"N",10
48,"Buffet ",28,18,4.7,"motorcycle",0,"No","Urban","Stormy","Medium",0,"N",5
27,"Snack ",31,19,4.9,"electric_scooter",2,"No","Metropolitan","Windy","Medium",0,"N",5
25,"Snack ",34,14,4.3,"motorcycle",0,"No","Metropolitan","Sandstorms","Low ",1,"N",10
21,"Buffet ",31,16,4.8,"scooter",1,"No","Urban","Sandstorms","Low ",1,"N",5
15,"Snack ",33,21,4.6,"motorcycle",0,"No","Semi-Urban","Cloudy","Low ",0,"Y",10
16,"Drinks ",33,21,4.7,"motorcycle",1,"No","Metropolitan","Cloudy","Low ",1,"N",15
36,"Snack ",32,11,4.8,"electric_scooter",1,"No","Semi-Urban","Fog","Jam ",2,"Y",10
46,"Buffet ",30,6,4.6,"motorcycle",1,"No","Metropolitan","Cloudy","Jam ",0,"N",15
28,"Meal ",35,12,4.8,"motorcycle",0,"No","Metropolitan","Sunny","Medium",1,"N",5
25,"Meal ",27,15,5,"electric_scooter",2,"No","Urban","Stormy","Medium",0,"Y",15
20,"Snack ",32,18,4.9,"electric_scooter",1,"No","Metropolitan","Stormy","Medium",1,"N",5
14,"Meal ",38,19,4.5,"motorcycle",0,"No","Metropolitan","Windy","Medium",1,"Y",5
18,"Meal ",32,16,4.6,"electric_scooter",1,"No","Urban","Windy","Jam ",1,"Y",15
16,"Snack ",21,11,4.6,"scooter",2,"No","Metropolitan","Sandstorms","Low ",0,"N",10
35,"Drinks ",38,18,4.6,"motorcycle",1,"No","Urban","Fog","High",0,"N",15
18,"Buffet ",32,19,4.8,"motorcycle",2,"No","Semi-Urban","Sunny","Low ",1,"N",20
26,"Meal ",25,7,4.6,"electric_scooter",2,"No","Semi-Urban","Sandstorms","Medium",0,"N",10
18,"Meal ",23,23,4.8,"motorcycle",2,"No","Urban","Stormy","Low ",0,"N",10
18,"Buffet ",29,18,4.6,"motorcycle",0,"No","Metropolitan","Cloudy","Low ",0,"N",10
40,"Snack ",37,23,4.8,"motorcycle",2,"Yes","Metropolitan","Cloudy","Jam ",1,"N",10
16,"Drinks ",37,8,4.9,"motorcycle",1,"No","Urban","Stormy","Jam ",1,"N",5
25,"Buffet ",31,1,4.5,"electric_scooter",2,"No","Metropolitan","Cloudy","High",1,"N",5
15,"Snack ",30,16,4.7,"electric_scooter",2,"No","Metropolitan","Sunny","Low",0,"N",15
37,"Meal ",22,9,4.3,"motorcycle",1,"No","Urban","Stormy","Jam ",1,"N",5
12,"Meal ",30,16,4.7,"electric_scooter",2,"No","Metropolitan","Sunny","Jam ",0,"Y",10
18,"Snack ",27,23,5,"motorcycle",0,"No","Urban","Stormy","Jam",0,"N",5
31,"Drinks ",21,22,4.5,"motorcycle",1,"No","Semi-Urban","Fog","Low ",1,"Y",15
35,"Buffet ",26,3,4.6,"electric_scooter",0,"No","Urban","Sandstorms","Medium",1,"N",5
33,"Buffet ",32,2,4.9,"scooter",1,"No","Metropolitan","Stormy","Jam ",1,"N",15
21,"Meal ",33,15,4.8,"electric_scooter",0,"No","Metropolitan","Sunny","Low",0,"N",15
23,"Drinks ",23,23,4.8,"motorcycle",0,"No","Urban","Windy","Jam ",1,"Y",15
36,"Meal ",23,3,4.4,"scooter",2,"No","Semi-Urban","Cloudy","Low ",0,"Y",15
37,"Meal ",21,19,4.3,"motorcycle",0,"No","Metropolitan","Sandstorms","Jam ",1,"N",5
40,"Buffet ",31,23,4.3,"motorcycle",0,"No","Semi-Urban","Windy","Jam ",1,"N",5
16,"Drinks ",34,23,4.9,"scooter",0,"No","Semi-Urban","Sunny","Medium",0,"N",10
31,"Snack ",32,16,5,"motorcycle",2,"No","Urban","Stormy","High ",1,"Y",15
29,"Snack ",20,8,4.7,"electric_scooter",0,"No","Semi-Urban","Sunny","Jam ",1,"N",10
41,"Snack ",31,5,4.4,"scooter",1,"No","Semi-Urban","Fog","Jam ",0,"N",15
39,"Drinks ",24,14,4.4,"scooter",2,"No","Metropolitan","Sandstorms","Medium",2,"Y",5
27,"Buffet ",25,5,4.5,"motorcycle",2,"No","Metropolitan","Fog","High ",1,"N",15
14,"Drinks ",23,16,4.8,"scooter",1,"No","Urban","Cloudy","Low",0,"N",20
26,"Drinks ",26,12,4.8,"scooter",2,"No","Urban","Fog","Jam ",1,"N",5
31,"Buffet ",22,4,5,"motorcycle",0,"No","Metropolitan","Sandstorms","Jam ",0,"N",15
15,"Buffet ",24,22,4.7,"scooter",2,"No","Urban","Windy","Medium",1,"N",5
11,"Snack ",39,7,4.9,"scooter",2,"No","Metropolitan","Sandstorms","Low ",1,"N",10
28,"Meal ",28,22,4.6,"motorcycle",0,"No","Urban","Cloudy","Medium",1,"Y",10
27,"Snack ",34,8,4.8,"electric_scooter",1,"No","Metropolitan","Stormy","Medium",0,"Y",15
18,"Buffet ",20,14,4.5,"motorcycle",1,"No","Metropolitan","Sunny","Low ",0,"N",5
33,"Meal ",20,3,4.7,"motorcycle",0,"No","Urban","Sandstorms","Jam ",1,"N",5
26,"Drinks ",28,22,4.7,"electric_scooter",1,"No","Metropolitan","Cloudy","High ",1,"N",15
29,"Meal ",39,23,4.9,"scooter",1,"No","Semi-Urban","Sandstorms","High ",1,"N",10
18,"Meal ",21,7,4.9,"electric_scooter",1,"No","Metropolitan","Sunny","Jam ",0,"Y",15
23,"Snack ",36,23,4.5,"scooter",1,"No","Metropolitan","Sandstorms","Jam ",1,"N",10
17,"Drinks ",37,15,4.9,"motorcycle",2,"No","Urban","Sandstorms","Low",1,"N",15
26,"Drinks ",24,12,4.6,"motorcycle",2,"No","Metropolitan","Windy","Medium",1,"N",10
25,"Meal ",20,14,4.8,"electric_scooter",0,"No","Metropolitan","Sunny","Medium",1,"Y",15
21,"Buffet ",29,6,5,"motorcycle",0,"No","Metropolitan","Sunny","High ",1,"N",5
15,"Meal ",32,23,4.6,"electric_scooter",1,"No","Metropolitan","Fog","Low ",0,"N",10
14,"Buffet ",23,13,4.7,"motorcycle",2,"No","Metropolitan","Sunny","Medium",1,"Y",5
27,"Snack ",24,4,4.6,"motorcycle",1,"No","Metropolitan","Sunny","Low ",1,"N",15
23,"Meal ",31,19,4.9,"motorcycle",0,"No","Urban","Sunny","Low ",1,"N",5
18,"Drinks ",26,8,4.9,"scooter",2,"No","Urban","Cloudy","Low ",0,"Y",15
31,"Drinks ",38,14,4.4,"motorcycle",0,"No","Metropolitan","Windy","Jam ",1,"N",10
10,"Snack ",21,23,4.8,"motorcycle",1,"No","Metropolitan","Sandstorms","High ",1,"N",15
45,"Meal ",39,13,3.7,"electric_scooter",0,"No","Metropolitan","Sunny","Jam ",1,"N",5
23,"Meal ",33,22,4.5,"electric_scooter",1,"No","Metropolitan","Windy","High ",1,"N",15
16,"Meal ",26,18,4.8,"scooter",1,"No","Urban","Windy","Low",1,"Y",20
33,"Snack ",21,9,4.4,"motorcycle",0,"No","Metropolitan","Fog","Medium",0,"Y",15
25,"Meal ",39,23,4.5,"motorcycle",1,"No","Metropolitan","Windy","Low ",0,"N",10
32,"Drinks ",25,18,4.4,"electric_scooter",1,"No","Metropolitan","Fog","Jam ",1,"Y",10
31,"Drinks ",32,11,4.7,"electric_scooter",2,"No","Semi-Urban","Fog","Jam ",1,"N",10
40,"Drinks ",37,23,5,"electric_scooter",0,"No","Metropolitan","Cloudy","Low ",1,"Y",10
30,"Snack ",26,13,4.9,"motorcycle",2,"No","Metropolitan","Windy","High ",1,"N",15
26,"Snack ",20,16,4.8,"motorcycle",0,"No","Metropolitan","Sandstorms","High ",1,"Y",15
30,"Drinks ",37,8,4.9,"scooter",1,"No","Metropolitan","Sandstorms","Low ",1,"N",10
23,"Snack ",34,14,4.7,"scooter",2,"No","Semi-Urban","Sunny","High ",0,"N",15
24,"Meal ",36,16,4.9,"scooter",2,"No","Urban","Sunny","Jam ",1,"Y",10
13,"Snack ",30,4,4.9,"electric_scooter",2,"No","Metropolitan","Stormy","Medium",1,"N",15
24,"Snack ",25,16,4.7,"motorcycle",0,"No","Urban","Cloudy","Medium",0,"N",10
26,"Buffet ",30,7,4.7,"scooter",1,"No","Metropolitan","Sandstorms","Jam ",1,"N",15
29,"Snack ",26,15,4.5,"scooter",1,"No","Metropolitan","Stormy","Jam ",1,"Y",15
18,"Snack ",34,22,4.8,"electric_scooter",2,"No","Urban","Fog","Medium",0,"N",15
15,"Snack ",39,2,5,"motorcycle",0,"No","Semi-Urban","Stormy","Low ",0,"N",15
37,"Buffet ",30,13,4.3,"scooter",1,"No","Metropolitan","Fog","Jam ",1,"N",10
29,"Meal ",27,5,4.6,"motorcycle",1,"No","Metropolitan","Sandstorms","Low ",1,"N",5
52,"Snack ",31,5,4.3,"motorcycle",0,"No","Urban","Sunny","High ",3,"N",10
23,"Meal ",29,21,5,"scooter",2,"No","Urban","Windy","Low",1,"N",10
23,"Drinks ",37,5,4.5,"motorcycle",0,"No","Urban","Sunny","Low ",1,"N",30
34,"Meal ",26,3,4.4,"motorcycle",2,"No","Metropolitan","Windy","Medium",0,"N",10
18,"Meal ",28,14,4.8,"motorcycle",2,"No","Semi-Urban","Stormy","Low ",1,"N",5
20,"Buffet ",29,19,4.9,"scooter",2,"No","Metropolitan","Sunny","Low ",0,"N",10
36,"Drinks ",20,17,5,"scooter",2,"No","Urban","Fog","High",1,"Y",15
30,"Snack ",39,5,4.6,"motorcycle",1,"No","Metropolitan","Sandstorms","Medium",1,"N",5
42,"Snack ",22,18,4.5,"motorcycle",0,"Yes","Metropolitan","Sunny","Jam ",1,"Y",10
27,"Snack ",32,23,4.6,"electric_scooter",0,"No","Metropolitan","Stormy","Medium",1,"N",10
19,"Snack ",27,19,4.5,"electric_scooter",0,"No","Metropolitan","Windy","Low ",1,"Y",5
29,"Snack ",25,23,4.9,"electric_scooter",1,"No","Metropolitan","Stormy","Low ",1,"N",5
32,"Buffet ",39,12,3.9,"electric_scooter",1,"No","Semi-Urban","Sunny","Jam ",1,"N",5
18,"Drinks ",32,23,4.9,"electric_scooter",0,"No","Urban","Sandstorms","Jam",1,"Y",10
38,"Buffet ",23,4,4.3,"electric_scooter",2,"No","Metropolitan","Windy","Jam ",1,"N",5
27,"Meal ",32,1,4.2,"motorcycle",0,"No","Metropolitan","Stormy","Low ",0,"N",15
11,"Meal ",38,15,4.8,"scooter",1,"No","Urban","Stormy","Low",0,"N",5
16,"Snack ",32,22,4.8,"motorcycle",1,"No","Urban","Sunny","High",1,"Y",5
21,"Snack ",39,23,4.7,"scooter",2,"No","Semi-Urban","Cloudy","High ",0,"Y",5
41,"Snack ",34,3,4.1,"scooter",2,"No","Urban","Fog","Jam",1,"Y",10
16,"Meal ",21,22,4.9,"motorcycle",0,"No","Metropolitan","Fog","Low ",0,"N",25
39,"Meal ",31,3,4.4,"electric_scooter",1,"No","Metropolitan","Fog","Low ",2,"N",5
24,"Buffet ",20,16,4.6,"electric_scooter",0,"No","Metropolitan","Cloudy","Low ",1,"N",10
12,"Meal ",35,16,4.7,"electric_scooter",2,"No","Metropolitan","Windy","Jam ",0,"N",10
17,"Meal ",38,17,4.8,"scooter",2,"No","Urban","Sandstorms","Low",0,"Y",30
44,"Snack ",23,18,4.9,"motorcycle",0,"No","Metropolitan","Cloudy","Low ",0,"N",15
24,"Buffet ",20,5,4.6,"electric_scooter",1,"No","Urban","Stormy","Low ",0,"N",25
37,"Drinks ",27,4,4.6,"scooter",0,"No","Metropolitan","Sandstorms","Medium",1,"N",10
13,"Meal ",31,3,4.7,"electric_scooter",2,"No","Semi-Urban","Stormy","Medium",0,"N",5
23,"Meal ",39,19,4.6,"motorcycle",0,"No","Semi-Urban","Windy","Low ",0,"Y",5
38,"Drinks ",30,12,3.5,"scooter",1,"No","Metropolitan","Fog","Medium",1,"N",5
48,"Drinks ",36,9,4.7,"motorcycle",0,"No","Metropolitan","Windy","Jam ",0,"N",5
35,"Snack ",37,8,4.3,"scooter",2,"No","Semi-Urban","Stormy","Medium",0,"N",10
22,"Buffet ",39,21,4.6,"motorcycle",0,"No","Urban","Fog","Jam ",1,"N",5
28,"Meal ",36,23,4.8,"motorcycle",2,"No","Metropolitan","Windy","Jam ",0,"N",5
15,"Snack ",34,21,4.9,"motorcycle",0,"No","Metropolitan","Windy","High ",1,"N",10
27,"Buffet ",31,15,4.9,"motorcycle",1,"No","Semi-Urban","Fog","High ",1,"N",15
13,"Meal ",34,5,4.9,"motorcycle",0,"No","Metropolitan","Sandstorms","Medium",1,"Y",10
22,"Drinks ",26,18,4.9,"scooter",2,"No","Metropolitan","Sunny","Low ",1,"Y",10
38,"Meal ",31,6,4.2,"motorcycle",0,"No","Urban","Windy","Jam",1,"N",5
32,"Drinks ",39,6,4.2,"scooter",0,"No","Semi-Urban","Sandstorms","High ",1,"Y",10
47,"Snack ",21,14,4.4,"scooter",2,"No","Metropolitan","Cloudy","Jam ",1,"N",10
41,"Drinks ",25,21,5,"scooter",1,"No","Urban","Fog","Jam",1,"Y",5
20,"Meal ",32,5,4.6,"scooter",2,"No","Metropolitan","Sunny","Jam ",0,"N",5
27,"Snack ",32,22,5,"motorcycle",0,"No","Metropolitan","Sunny","Jam ",0,"N",10
29,"Snack ",32,16,4.8,"scooter",2,"No","Urban","Sandstorms","Medium",1,"N",10
27,"Drinks ",38,13,5,"motorcycle",1,"No","Metropolitan","Windy","Low ",1,"N",10
23,"Buffet ",36,17,4.5,"electric_scooter",2,"No","Metropolitan","Sunny","Jam ",0,"Y",15
39,"Snack ",29,23,4.3,"electric_scooter",2,"Yes","Metropolitan","Fog","Jam ",1,"N",15
19,"Meal ",35,12,4.6,"scooter",1,"No","Semi-Urban","Cloudy","Medium",1,"N",15
34,"Snack ",26,13,4.1,"motorcycle",0,"No","Metropolitan","Stormy","Medium",1,"N",5
13,"Drinks ",35,19,5,"electric_scooter",1,"No","Metropolitan","Sunny","Low",0,"N",5
29,"Meal ",24,17,4.8,"motorcycle",0,"No","Metropolitan","Sunny","Low ",1,"N",15
11,"Buffet ",38,21,4.5,"electric_scooter",2,"No","Metropolitan","Sunny","Jam ",0,"Y",10
23,"Buffet ",38,8,4.8,"scooter",2,"No","Semi-Urban","Sunny","High ",1,"Y",5
16,"Meal ",33,22,4.6,"motorcycle",2,"No","Metropolitan","Sunny","Low ",1,"N",15
10,"Buffet ",29,19,4.9,"motorcycle",2,"No","Urban","Fog","Low",1,"N",5
24,"Meal ",37,23,4.6,"electric_scooter",0,"No","Semi-Urban","Stormy","Medium",1,"Y",5
18,"Drinks ",21,16,4.7,"scooter",2,"No","Metropolitan","Sunny","Low",1,"Y",10
20,"Meal ",34,19,4.9,"motorcycle",0,"No","Metropolitan","Sandstorms","Low ",1,"N",5
40,"Drinks ",33,12,4.7,"motorcycle",2,"No","Metropolitan","Cloudy","Jam ",0,"N",5
34,"Buffet ",35,1,4.7,"motorcycle",1,"No","Semi-Urban","Stormy","Medium",1,"N",5
20,"Snack ",27,6,4.6,"scooter",2,"No","Metropolitan","Stormy","Jam ",1,"Y",10
38,"Drinks ",27,19,4.9,"scooter",2,"No","Metropolitan","Cloudy","Jam ",1,"Y",10
25,"Meal ",26,8,4.7,"scooter",1,"No","Urban","Stormy","High ",0,"N",15
18,"Snack ",20,22,4.6,"motorcycle",1,"No","Metropolitan","Fog","Low ",1,"Y",5
46,"Drinks ",39,23,4.7,"electric_scooter",0,"No","Metropolitan","Sandstorms","High ",1,"N",5
29,"Meal ",24,2,4.9,"scooter",1,"No","Metropolitan","Cloudy","Low ",1,"N",10
15,"Snack ",38,9,4.9,"motorcycle",2,"No","Semi-Urban","Windy","Low ",0,"N",5
16,"Drinks ",34,19,4.9,"electric_scooter",2,"No","Urban","Sandstorms","Low",1,"N",20
10,"Buffet ",33,16,4.7,"scooter",2,"No","Metropolitan","Cloudy","Low",0,"N",15
32,"Drinks ",38,17,4.6,"motorcycle",2,"No","Semi-Urban","Windy","High ",1,"N",5
25,"Meal ",32,14,4.4,"motorcycle",0,"No","Metropolitan","Sandstorms","Low ",1,"Y",15
20,"Drinks ",23,9,4.4,"motorcycle",0,"No","Metropolitan","Sandstorms","Low ",1,"N",10
19,"Meal ",30,22,4.7,"scooter",2,"No","Urban","Stormy","Medium",0,"N",15
17,"Meal ",32,22,4.9,"scooter",2,"No","Metropolitan","Stormy","Medium",0,"Y",5
20,"Snack ",30,8,4.9,"scooter",1,"No","Metropolitan","Sandstorms","Low ",1,"N",10
24,"Meal ",29,18,4.8,"electric_scooter",0,"No","Metropolitan","Sunny","Jam ",1,"N",15
34,"Snack ",21,8,4.8,"scooter",1,"No","Metropolitan","Windy","Jam ",1,"Y",10
27,"Buffet ",20,9,4.5,"scooter",2,"No","Metropolitan","Windy","Medium",1,"N",5
25,"Drinks ",22,9,5,"electric_scooter",2,"No","Semi-Urban","Sunny","Medium",1,"N",15
47,"Snack ",34,13,4.9,"motorcycle",0,"No","Metropolitan","Cloudy","Jam ",2,"N",15
32,"Snack ",21,3,4.3,"electric_scooter",2,"No","Urban","Sandstorms","Medium",1,"N",15
21,"Drinks ",28,22,4.5,"scooter",0,"No","Semi-Urban","Cloudy","Low ",0,"N",5
24,"Drinks ",39,16,4.5,"scooter",2,"No","Semi-Urban","Sunny","Jam ",1,"N",15
14,"Drinks ",36,18,4.6,"scooter",1,"No","Metropolitan","Sandstorms","Jam ",1,"N",10
29,"Drinks ",32,22,5,"scooter",1,"No","Semi-Urban","Sandstorms","Jam",1,"N",5
33,"Buffet ",35,2,4.2,"motorcycle",0,"No","Metropolitan","Stormy","Jam ",1,"N",5
25,"Meal ",35,12,4.6,"motorcycle",1,"No","Urban","Sandstorms","High ",1,"N",15
33,"Meal ",23,3,5,"scooter",1,"No","Metropolitan","Cloudy","Jam ",1,"N",15
22,"Snack ",21,4,4.3,"motorcycle",0,"No","Metropolitan","Stormy","Low ",1,"N",15
37,"Drinks ",39,13,5,"motorcycle",0,"No","Metropolitan","Sunny","Medium",1,"N",15
33,"Snack ",21,19,4.1,"motorcycle",0,"No","Urban","Sandstorms","Medium",1,"N",15
18,"Snack ",23,17,4.9,"motorcycle",0,"No","Urban","Sunny","Medium",0,"N",5
26,"Meal ",29,7,5,"scooter",1,"No","Metropolitan","Windy","Low ",1,"Y",15
25,"Meal ",22,22,4.6,"motorcycle",2,"No","Urban","Sandstorms","Medium",1,"N",10
33,"Snack ",29,17,4.1,"scooter",1,"No","Urban","Fog","Jam ",1,"N",15
15,"Buffet ",27,3,5,"scooter",1,"No","Metropolitan","Sunny","Jam ",1,"N",5
29,"Drinks ",24,22,4.6,"scooter",1,"No","Metropolitan","Cloudy","Jam ",1,"N",10
18,"Drinks ",24,22,4.5,"scooter",1,"No","Semi-Urban","Sandstorms","Low ",0,"Y",5
21,"Meal ",23,23,4.6,"scooter",2,"No","Semi-Urban","Stormy","Low ",1,"N",10
26,"Meal ",27,19,4.5,"motorcycle",1,"No","Metropolitan","Sandstorms","Jam ",1,"Y",5
36,"Meal ",21,11,4.1,"electric_scooter",2,"No","Metropolitan","Fog","Medium",1,"N",15
29,"Drinks ",26,23,4.6,"scooter",2,"No","Metropolitan","Windy","Low ",0,"N",15
20,"Snack ",30,16,4.6,"motorcycle",2,"No","Metropolitan","Stormy","Medium",1,"Y",5
25,"Buffet ",28,17,4.8,"motorcycle",1,"No","Metropolitan","Stormy","Medium",1,"N",5
49,"Meal ",20,23,4.3,"scooter",1,"Yes","Metropolitan","Stormy","Jam ",1,"N",5
26,"Meal ",21,22,4.9,"scooter",2,"No","Semi-Urban","Windy","Low ",0,"N",15
43,"Drinks ",39,17,4.3,"motorcycle",0,"No","Semi-Urban","Sandstorms","High ",1,"Y",5
32,"Drinks ",38,17,4.6,"motorcycle",2,"No","Semi-Urban","Windy","High ",1,"N",5
18,"Drinks ",26,15,4.8,"motorcycle",1,"No","Urban","Stormy","Low",1,"N",15
24,"Drinks ",27,9,4.8,"motorcycle",0,"No","Metropolitan","Sunny","Jam ",0,"Y",5
19,"Meal ",37,9,5,"scooter",2,"No","Urban","Cloudy","Low ",0,"Y",30
12,"Buffet ",27,22,5,"motorcycle",1,"No","Semi-Urban","Windy","Low",1,"N",10
22,"Buffet ",20,19,4.9,"motorcycle",1,"No","Metropolitan","Sandstorms","Jam ",0,"Y",5
34,"Buffet ",28,8,4.8,"electric_scooter",2,"No","Metropolitan","Cloudy","Jam ",1,"N",15
24,"Buffet ",38,16,4.6,"scooter",1,"No","Urban","Stormy","Low",0,"N",15
24,"Buffet ",25,22,4.8,"motorcycle",0,"No","Metropolitan","Fog","Jam",1,"N",15
31,"Buffet ",22,1,4.2,"motorcycle",0,"No","Semi-Urban","Cloudy","Medium",1,"N",10
26,"Meal ",23,16,4.8,"scooter",2,"No","Metropolitan","Sandstorms","Low ",1,"Y",15
24,"Buffet ",35,23,4.8,"motorcycle",0,"No","Urban","Stormy","Low ",1,"N",15
28,"Meal ",29,9,4.7,"motorcycle",0,"No","Metropolitan","Stormy","Medium",1,"Y",15
20,"Buffet ",34,17,4.6,"electric_scooter",2,"No","Urban","Sandstorms","Medium",0,"N",15
26,"Buffet ",24,14,4.9,"scooter",1,"No","Metropolitan","Windy","Medium",0,"N",5
20,"Snack ",37,12,5,"scooter",1,"No","Metropolitan","Sunny","Low ",1,"Y",15
40,"Snack ",38,7,4.5,"motorcycle",2,"No","Urban","Stormy","Jam ",1,"N",10
26,"Meal ",27,7,4.9,"scooter",2,"No","Metropolitan","Windy","Jam ",1,"N",15
34,"Meal ",24,18,3.7,"electric_scooter",1,"No","Semi-Urban","Stormy","Jam ",1,"N",10
22,"Buffet ",30,23,4.6,"electric_scooter",2,"No","Metropolitan","Windy","Low ",1,"N",15
46,"Buffet ",32,5,4,"scooter",2,"No","Urban","Cloudy","Jam",1,"N",15
27,"Buffet ",24,21,5,"scooter",2,"No","Urban","Stormy","Jam",1,"N",15
20,"Meal ",24,14,4.2,"electric_scooter",0,"No","Urban","Windy","Low ",0,"N",10
29,"Drinks ",37,18,4.7,"motorcycle",0,"No","Metropolitan","Stormy","Medium",1,"Y",10
39,"Drinks ",23,20,4.1,"motorcycle",1,"No","Metropolitan","Stormy","Jam ",2,"Y",5
16,"Buffet ",29,18,4.5,"motorcycle",1,"No","Semi-Urban","Cloudy","Medium",0,"N",10
24,"Meal ",39,4,4.2,"motorcycle",0,"No","Metropolitan","Stormy","Low ",1,"N",10
20,"Snack ",28,12,4.7,"scooter",0,"No","Metropolitan","Cloudy","Low ",0,"N",5
16,"Drinks ",23,4,4.9,"scooter",2,"No","Metropolitan","Stormy","Medium",1,"N",5
17,"Drinks ",22,3,4.5,"scooter",1,"No","Metropolitan","Sunny","High ",1,"N",10
29,"Buffet ",22,3,4.3,"electric_scooter",0,"No","Metropolitan","Stormy","Low",1,"N",15
31,"Snack ",37,6,4.3,"motorcycle",1,"No","Urban","Cloudy","Low",0,"Y",20
19,"Buffet ",25,17,4.7,"motorcycle",0,"No","Semi-Urban","Windy","High",0,"N",10
46,"Meal ",23,17,4.3,"scooter",2,"No","Urban","Fog","Jam ",0,"N",10
18,"Buffet ",35,19,4.9,"scooter",1,"No","Urban","Sunny","Jam ",1,"N",10
15,"Drinks ",38,17,4.6,"motorcycle",1,"No","Metropolitan","Sunny","Jam ",1,"Y",15
39,"Meal ",29,17,4.8,"scooter",1,"No","Urban","Cloudy","Medium",1,"N",5
43,"Snack ",38,2,4.6,"motorcycle",0,"Yes","Metropolitan","Fog","Jam ",1,"N",5
33,"Buffet ",37,1,4.4,"scooter",1,"No","Semi-Urban","Cloudy","Low ",1,"N",15
28,"Drinks ",38,2,4.5,"scooter",1,"No","Metropolitan","Sandstorms","Medium",1,"Y",5
12,"Drinks ",30,15,4.6,"scooter",2,"No","Semi-Urban","Sunny","Medium",1,"N",15
26,"Buffet ",31,13,4.8,"motorcycle",0,"No","Metropolitan","Stormy","Low ",1,"N",5
26,"Buffet ",32,17,4.8,"motorcycle",1,"No","Metropolitan","Stormy","Medium",1,"N",5
15,"Meal ",28,19,4.6,"electric_scooter",2,"No","Urban","Fog","Low ",0,"N",15
22,"Meal ",37,6,4.5,"motorcycle",1,"No","Metropolitan","Windy","Jam ",1,"Y",15
26,"Snack ",33,9,4.8,"motorcycle",2,"No","Metropolitan","Windy","Low ",1,"N",15
24,"Snack ",24,13,4.7,"motorcycle",0,"No","Metropolitan","Sunny","Low ",1,"N",10
31,"Drinks ",21,22,4.8,"motorcycle",0,"No","Urban","Sunny","Jam",1,"N",15
32,"Snack ",20,13,4.2,"scooter",0,"No","Metropolitan","Sunny","Medium",1,"N",5
27,"Snack ",33,12,4.4,"motorcycle",0,"No","Metropolitan","Windy","Low ",1,"N",10
21,"Buffet ",33,6,4.7,"scooter",2,"No","Semi-Urban","Fog","Jam ",0,"N",5
16,"Buffet ",27,19,4.7,"scooter",1,"No","Urban","Sunny","Medium",1,"N",10
11,"Drinks ",23,23,4.5,"scooter",1,"No","Metropolitan","Windy","Low ",0,"N",10
36,"Buffet ",23,4,3.3,"scooter",1,"No","Metropolitan","Sunny","Low",0,"N",15
14,"Snack ",20,16,4.8,"motorcycle",1,"No","Metropolitan","Windy","Low ",1,"Y",30
26,"Meal ",31,17,4.9,"electric_scooter",1,"No","Urban","Sandstorms","Medium",1,"N",15
19,"Drinks ",21,16,4.6,"scooter",2,"No","Urban","Cloudy","Medium",1,"N",10
12,"Buffet ",25,9,4.9,"electric_scooter",2,"No","Metropolitan","Sunny","High ",1,"N",15
35,"Meal ",23,16,4.9,"scooter",0,"No","Urban","Fog","Medium",1,"N",15
40,"Buffet ",34,4,4.4,"electric_scooter",2,"No","Semi-Urban","Sandstorms","Jam ",1,"N",10
26,"Drinks ",28,8,4.8,"electric_scooter",2,"No","Metropolitan","Sandstorms","High ",0,"N",15
19,"Drinks ",36,21,4.7,"electric_scooter",0,"No","Urban","Stormy","Low",0,"Y",15
33,"Meal ",32,18,4.1,"motorcycle",0,"No","Urban","Sandstorms","Jam",1,"N",15
31,"Buffet ",27,7,4.1,"motorcycle",0,"No","Metropolitan","Stormy","Jam ",1,"N",5
48,"Drinks ",20,15,4.4,"scooter",2,"No","Urban","Cloudy","Jam ",1,"N",10
18,"Snack ",22,8,4.5,"motorcycle",1,"No","Semi-Urban","Windy","Low ",1,"N",10
23,"Meal ",24,5,4.6,"motorcycle",0,"No","Metropolitan","Stormy","Low ",1,"N",15
13,"Meal ",20,18,4.6,"electric_scooter",1,"No","Semi-Urban","Fog","Medium",1,"N",15
33,"Meal ",20,3,4.7,"motorcycle",0,"No","Urban","Sandstorms","Jam ",1,"N",5
38,"Snack ",33,3,3.5,"scooter",2,"No","Urban","Windy","Jam ",0,"Y",15
42,"Meal ",32,5,4.7,"electric_scooter",0,"No","Semi-Urban","Cloudy","Jam ",2,"Y",15
29,"Buffet ",30,12,4.6,"motorcycle",0,"No","Metropolitan","Fog","Low ",1,"N",15
36,"Snack ",35,18,4.7,"motorcycle",0,"No","Metropolitan","Windy","Jam ",1,"N",5
43,"Drinks ",21,18,4.9,"motorcycle",0,"No","Semi-Urban","Fog","Jam ",3,"Y",5
22,"Buffet ",21,16,4.7,"scooter",2,"No","Urban","Windy","Low",1,"N",5
25,"Buffet ",22,9,4.5,"scooter",2,"No","Metropolitan","Fog","Medium",1,"N",15
10,"Buffet ",32,16,4.9,"motorcycle",1,"No","Metropolitan","Stormy","Low ",0,"N",15
35,"Snack ",26,13,3.7,"scooter",2,"No","Metropolitan","Stormy","Jam ",2,"N",5
35,"Buffet ",25,23,5,"motorcycle",0,"No","Urban","Stormy","Jam",2,"N",15
33,"Snack ",21,22,4.4,"scooter",2,"No","Urban","Fog","Jam ",1,"N",15
16,"Meal ",31,12,4.5,"scooter",1,"No","Metropolitan","Stormy","Low ",0,"N",5
26,"Drinks ",30,9,4.8,"scooter",2,"No","Metropolitan","Stormy","High ",1,"Y",5
46,"Drinks ",21,7,4.2,"scooter",1,"Yes","Metropolitan","Fog","Jam ",3,"Y",5
53,"Drinks ",39,3,4.9,"scooter",0,"Yes","Metropolitan","Sandstorms","Jam ",3,"Y",15
29,"Snack ",24,12,4.7,"motorcycle",1,"No","Metropolitan","Windy","Low ",1,"N",5
31,"Meal ",30,7,4.2,"scooter",1,"No","Urban","Sunny","Jam ",0,"N",10
29,"Snack ",35,18,4.6,"motorcycle",2,"No","Metropolitan","Cloudy","Low ",0,"N",10
31,"Meal ",37,2,4.2,"motorcycle",2,"No","Metropolitan","Sandstorms","Jam ",1,"Y",5
16,"Buffet ",32,21,4.8,"scooter",2,"No","Metropolitan","Sunny","Low ",0,"Y",5
21,"Buffet ",29,17,4.5,"scooter",1,"No","Metropolitan","Fog","Low ",1,"Y",15
13,"Snack ",37,4,4.6,"electric_scooter",1,"No","Metropolitan","Sunny","Jam ",0,"N",5
35,"Drinks ",30,15,4.3,"scooter",1,"No","Semi-Urban","Cloudy","Jam ",1,"Y",15
19,"Buffet ",38,23,4.9,"motorcycle",1,"No","Metropolitan","Stormy","Low ",1,"Y",10
19,"Drinks ",29,23,4.6,"electric_scooter",2,"No","Metropolitan","Sunny","Medium",1,"Y",10
33,"Buffet ",26,21,5,"scooter",1,"No","Urban","Windy","High",1,"N",5
34,"Meal ",32,5,4.1,"electric_scooter",0,"No","Metropolitan","Sandstorms","Jam ",1,"N",15
21,"Meal ",31,22,4.7,"motorcycle",0,"No","Urban","Sunny","Jam ",1,"N",5
19,"Meal ",26,14,4.6,"electric_scooter",2,"No","Metropolitan","Sunny","Jam ",0,"N",15
17,"Drinks ",38,23,4.6,"electric_scooter",1,"No","Semi-Urban","Windy","Medium",1,"N",10
17,"Buffet ",32,16,4.9,"motorcycle",0,"No","Metropolitan","Stormy","Medium",1,"N",10
30,"Meal ",38,12,4.8,"motorcycle",0,"No","Semi-Urban","Fog","High ",1,"Y",10
19,"Meal ",21,8,4.9,"motorcycle",1,"No","Semi-Urban","Sandstorms","Low ",1,"N",5
30,"Meal ",39,17,4.8,"motorcycle",1,"No","Metropolitan","Fog","High ",1,"Y",10
21,"Meal ",22,17,4.5,"motorcycle",0,"No","Metropolitan","Sunny","Jam ",1,"N",10
39,"Drinks ",38,13,4.1,"motorcycle",1,"No","Semi-Urban","Fog","Medium",0,"N",15
28,"Buffet ",32,12,4.8,"scooter",2,"No","Semi-Urban","Sandstorms","Low ",0,"N",5
18,"Meal ",27,13,4.8,"motorcycle",0,"No","Metropolitan","Stormy","High ",0,"N",15
21,"Buffet ",31,18,4.6,"electric_scooter",2,"No","Metropolitan","Sandstorms","Low ",0,"N",5
31,"Meal ",35,6,4.4,"motorcycle",2,"No","Metropolitan","Sandstorms","Jam ",1,"N",5
37,"Buffet ",37,14,4.3,"motorcycle",0,"No","Semi-Urban","Stormy","Jam ",0,"Y",5
17,"Buffet ",27,3,4.6,"motorcycle",2,"No","Metropolitan","Stormy","Low ",1,"N",10
20,"Drinks ",20,23,4.7,"motorcycle",1,"No","Urban","Windy","Jam ",0,"N",5
29,"Meal ",38,6,4.6,"motorcycle",2,"No","Semi-Urban","Sandstorms","Jam ",1,"N",10
26,"Buffet ",26,18,4.8,"scooter",0,"No","Metropolitan","Cloudy","Jam ",0,"N",10
33,"Drinks ",36,17,4.9,"scooter",0,"No","Semi-Urban","Cloudy","Jam",1,"N",10
27,"Meal ",37,22,5,"scooter",1,"No","Metropolitan","Sandstorms","High ",1,"Y",5
22,"Buffet ",27,23,4.7,"motorcycle",0,"No","Metropolitan","Fog","Low ",0,"N",5
43,"Buffet ",31,8,4,"scooter",0,"No","Metropolitan","Cloudy","Low ",1,"N",15
19,"Meal ",28,23,4.9,"electric_scooter",2,"No","Urban","Sandstorms","Low",1,"N",5
29,"Snack ",24,8,4.8,"scooter",0,"No","Metropolitan","Stormy","Jam ",1,"N",5
37,"Meal ",27,21,5,"motorcycle",2,"No","Metropolitan","Fog","Jam ",1,"N",5
27,"Snack ",27,17,4.8,"scooter",0,"No","Metropolitan","Fog","Medium",1,"N",10
28,"Drinks ",24,14,4.7,"electric_scooter",2,"No","Metropolitan","Sandstorms","High ",0,"Y",10
23,"Meal ",34,22,4.6,"electric_scooter",1,"No","Urban","Stormy","Medium",1,"N",10
43,"Meal ",30,19,4.3,"scooter",2,"No","Metropolitan","Stormy","Jam ",1,"N",10
15,"Drinks ",30,21,4.8,"electric_scooter",2,"No","Urban","Stormy","Low ",0,"N",5
20,"Drinks ",29,23,4.7,"scooter",0,"No","Metropolitan","Sunny","Jam ",1,"Y",5
19,"Buffet ",31,6,4.7,"motorcycle",2,"No","Metropolitan","Sandstorms","Low ",0,"N",15
26,"Buffet ",28,16,4.9,"motorcycle",0,"No","Urban","Sunny","Low",1,"N",10
15,"Buffet ",30,22,4.5,"motorcycle",0,"No","Semi-Urban","Stormy","Low ",1,"N",15
30,"Buffet ",30,3,4.5,"scooter",2,"No","Metropolitan","Cloudy","Medium",1,"Y",15
25,"Snack ",27,9,4.8,"scooter",2,"No","Urban","Windy","Low ",1,"N",5
21,"Drinks ",32,15,4.9,"scooter",0,"No","Urban","Sunny","Low ",1,"N",10
12,"Buffet ",26,19,4.9,"motorcycle",2,"No","Urban","Cloudy","Low",0,"N",15
21,"Meal ",22,3,4.3,"motorcycle",0,"No","Urban","Windy","Low",1,"N",15
30,"Drinks ",28,16,4.5,"motorcycle",0,"No","Metropolitan","Stormy","Medium",1,"N",15
39,"Meal ",32,19,4.7,"scooter",1,"Yes","Metropolitan","Fog","High ",2,"Y",10
40,"Drinks ",24,11,3.6,"electric_scooter",2,"No","Metropolitan","Stormy","Jam ",2,"Y",10
33,"Snack ",20,3,4.1,"scooter",2,"No","Urban","Stormy","Jam ",1,"N",5
41,"Drinks ",25,19,4.9,"electric_scooter",0,"No","Semi-Urban","Cloudy","Medium",1,"N",5
29,"Snack ",26,23,4.9,"motorcycle",1,"No","Urban","Sunny","Low ",1,"N",5
29,"Snack ",29,8,4.6,"electric_scooter",2,"No","Metropolitan","Cloudy","Low ",1,"N",10
32,"Meal ",31,5,4.2,"electric_scooter",2,"No","Metropolitan","Sunny","Jam",1,"N",5
38,"Meal ",39,1,4.1,"electric_scooter",2,"No","Urban","Stormy","Low",1,"Y",15
25,"Buffet ",37,4,4.7,"electric_scooter",2,"No","Metropolitan","Windy","Jam ",0,"N",15
26,"Snack ",30,19,5,"motorcycle",2,"No","Metropolitan","Windy","Medium",1,"Y",15
22,"Drinks ",28,21,4.6,"scooter",2,"No","Semi-Urban","Sunny","Jam ",1,"N",10
26,"Drinks ",21,14,5,"scooter",2,"No","Semi-Urban","Stormy","Low ",1,"Y",10
28,"Snack ",32,16,4.8,"electric_scooter",1,"No","Metropolitan","Windy","High ",0,"N",10
15,"Snack ",27,17,5,"scooter",2,"No","Metropolitan","Fog","Low ",1,"Y",15
24,"Drinks ",33,13,4.9,"motorcycle",2,"No","Metropolitan","Cloudy","High ",1,"N",10
47,"Meal ",31,9,3.7,"scooter",0,"No","Metropolitan","Sunny","High ",2,"N",5
16,"Buffet ",24,23,4.6,"scooter",2,"No","Metropolitan","Sandstorms","Low ",0,"N",10
27,"Snack ",21,18,4.8,"motorcycle",0,"No","Semi-Urban","Stormy","Low ",0,"Y",15
23,"Meal ",31,15,4.6,"scooter",2,"No","Urban","Windy","Jam",1,"N",15
25,"Buffet ",32,21,4.6,"scooter",1,"No","Metropolitan","Cloudy","Low",1,"N",15
10,"Drinks ",27,22,4.9,"electric_scooter",2,"No","Metropolitan","Stormy","Jam ",0,"Y",5
15,"Drinks ",23,17,4.8,"motorcycle",0,"No","Urban","Cloudy","Low",1,"N",15
12,"Snack ",27,16,4.7,"scooter",2,"No","Metropolitan","Stormy","Jam ",0,"N",10
40,"Buffet ",27,4,3.9,"scooter",1,"No","Metropolitan","Stormy","Jam ",1,"Y",10
26,"Meal ",38,9,4.6,"motorcycle",2,"No","Metropolitan","Stormy","Jam ",1,"N",15
29,"Meal ",32,7,4.1,"electric_scooter",0,"No","Metropolitan","Sandstorms","Low ",1,"N",10
18,"Snack ",33,21,4.9,"motorcycle",1,"No","Urban","Stormy","Low",1,"N",5
27,"Drinks ",22,23,4.7,"motorcycle",2,"No","Metropolitan","Stormy","Jam ",1,"N",10
25,"Snack ",39,2,4.5,"scooter",1,"No","Urban","Fog","Medium",1,"Y",10
16,"Buffet ",23,8,4.8,"motorcycle",2,"No","Semi-Urban","Sunny","Medium",0,"N",10
27,"Meal ",37,12,4.4,"electric_scooter",0,"No","Metropolitan","Stormy","Low ",1,"N",5
16,"Buffet ",25,13,4.7,"scooter",2,"No","Metropolitan","Stormy","Medium",0,"Y",10
34,"Meal ",26,23,4.6,"motorcycle",0,"No","Urban","Stormy","Jam",1,"Y",5
24,"Snack ",39,14,4.8,"scooter",1,"No","Metropolitan","Stormy","Medium",1,"N",15
44,"Meal ",33,8,3.5,"scooter",2,"No","Metropolitan","Windy","Jam ",2,"N",15
20,"Snack ",36,6,4.8,"motorcycle",0,"No","Urban","Stormy","Low ",0,"Y",5
40,"Buffet ",37,14,4.1,"motorcycle",0,"No","Urban","Stormy","Low ",1,"Y",20
36,"Buffet ",27,13,4,"motorcycle",0,"No","Semi-Urban","Cloudy","Low ",1,"N",10
11,"Buffet ",27,9,4.9,"motorcycle",2,"No","Metropolitan","Windy","Low ",0,"Y",15
23,"Buffet ",35,22,4.6,"electric_scooter",2,"No","Metropolitan","Stormy","Jam ",1,"Y",10
37,"Meal ",29,2,4.1,"electric_scooter",0,"No","Metropolitan","Stormy","Jam ",1,"N",10
28,"Snack ",28,18,4.8,"electric_scooter",0,"No","Metropolitan","Sunny","Low ",1,"N",15
49,"Buffet ",37,2,4.4,"scooter",0,"No","Urban","Sandstorms","Jam ",3,"N",5
43,"Drinks ",27,22,4.9,"scooter",0,"No","Urban","Fog","Jam",2,"N",5
34,"Buffet ",27,6,3.6,"scooter",2,"No","Metropolitan","Sunny","Jam ",0,"N",10
18,"Drinks ",26,17,4.9,"scooter",2,"No","Metropolitan","Sunny","Low ",1,"N",5
32,"Snack ",25,4,4.4,"electric_scooter",2,"No","Metropolitan","Sandstorms","Jam ",1,"Y",15
13,"Snack ",22,1,4.6,"scooter",1,"No","Urban","Sandstorms","Low",1,"Y",5
35,"Meal ",39,14,4.7,"motorcycle",0,"No","Semi-Urban","Sandstorms","Jam ",1,"Y",5
28,"Buffet ",34,18,4.5,"motorcycle",2,"No","Metropolitan","Sandstorms","Jam ",1,"N",5
20,"Buffet ",33,18,4.9,"motorcycle",0,"No","Metropolitan","Sunny","Low ",0,"Y",10
12,"Snack ",27,22,5,"motorcycle",1,"No","Urban","Cloudy","Low ",0,"N",5
30,"Snack ",38,13,4.7,"motorcycle",0,"No","Urban","Windy","Medium",1,"N",10
19,"Meal ",39,22,4.9,"motorcycle",1,"No","Urban","Sandstorms","Low",1,"Y",15
19,"Snack ",37,4,4.8,"motorcycle",1,"No","Semi-Urban","Sunny","Medium",0,"N",15
18,"Snack ",21,13,4.9,"motorcycle",1,"No","Urban","Windy","Low ",0,"Y",5
24,"Snack ",20,22,4.6,"motorcycle",0,"No","Urban","Fog","Low",1,"Y",15
18,"Snack ",38,4,4.8,"scooter",2,"No","Metropolitan","Sunny","Jam ",1,"N",5
11,"Drinks ",33,23,4.7,"motorcycle",1,"No","Urban","Sunny","Low",1,"N",5
28,"Meal ",32,18,4.8,"scooter",1,"No","Urban","Cloudy","High",1,"N",10
39,"Meal ",35,21,4.7,"motorcycle",0,"No","Metropolitan","Windy","Jam",2,"N",15
51,"Meal ",36,4,4,"motorcycle",0,"No","Metropolitan","Stormy","Jam ",1,"Y",5
28,"Meal ",38,23,4.5,"electric_scooter",0,"No","Metropolitan","Sunny","Low ",1,"N",15
27,"Buffet ",37,19,4.6,"motorcycle",1,"No","Metropolitan","Cloudy","Jam",1,"Y",5
20,"Drinks ",23,16,4.5,"scooter",0,"No","Metropolitan","Fog","Low ",0,"N",10
25,"Buffet ",24,5,4.7,"scooter",2,"No","Urban","Stormy","Jam ",0,"N",5
28,"Meal ",24,15,4.8,"scooter",1,"No","Metropolitan","Windy","Low ",1,"N",5
34,"Drinks ",30,3,4.2,"electric_scooter",0,"No","Urban","Windy","Low",2,"N",10
27,"Drinks ",35,18,4.9,"electric_scooter",2,"No","Metropolitan","Stormy","Medium",1,"N",5
27,"Snack ",37,22,4.5,"motorcycle",0,"No","Semi-Urban","Windy","Low ",1,"N",10
24,"Drinks ",21,9,4.6,"motorcycle",0,"No","Semi-Urban","Sunny","Jam ",1,"N",15
35,"Meal ",35,16,4.6,"electric_scooter",1,"No","Semi-Urban","Fog","Medium",1,"Y",10
26,"Drinks ",22,2,4.9,"electric_scooter",2,"No","Metropolitan","Stormy","Medium",1,"N",15
19,"Buffet ",23,17,4.5,"scooter",2,"No","Metropolitan","Fog","Low ",1,"Y",5
25,"Meal ",25,19,4.9,"scooter",1,"No","Semi-Urban","Fog","Low ",1,"N",5
19,"Meal ",28,23,4.6,"scooter",1,"No","Metropolitan","Sandstorms","Low ",1,"N",5
25,"Snack ",20,18,4.6,"motorcycle",2,"No","Urban","Stormy","Medium",0,"N",15
25,"Snack ",26,23,4.9,"motorcycle",2,"No","Metropolitan","Sandstorms","Medium",0,"N",5
22,"Buffet ",20,6,4.7,"motorcycle",1,"No","Metropolitan","Windy","Low ",0,"N",15
18,"Snack ",36,14,4.5,"scooter",1,"No","Semi-Urban","Sandstorms","Jam ",0,"Y",10
39,"Snack ",22,14,4,"motorcycle",0,"No","Metropolitan","Stormy","Medium",1,"Y",5
24,"Buffet ",26,18,4.6,"motorcycle",0,"No","Semi-Urban","Cloudy","Low",0,"Y",15
36,"Meal ",32,3,4.7,"motorcycle",1,"No","Metropolitan","Fog","Jam",1,"N",5
18,"Meal ",29,12,4.8,"electric_scooter",1,"No","Metropolitan","Sunny","Jam ",0,"N",5
27,"Meal ",29,21,4.6,"motorcycle",0,"No","Metropolitan","Windy","Low ",0,"N",5
31,"Meal ",31,6,5,"electric_scooter",2,"No","Semi-Urban","Windy","Medium",1,"Y",5
11,"Snack ",30,23,5,"scooter",2,"No","Urban","Windy","Low",1,"N",15
38,"Meal ",32,15,4.8,"electric_scooter",0,"No","Metropolitan","Stormy","Jam ",1,"N",10
16,"Meal ",23,1,4.5,"motorcycle",1,"No","Metropolitan","Stormy","Medium",1,"Y",10
40,"Snack ",34,5,4.4,"motorcycle",0,"No","Urban","Stormy","Jam ",0,"N",5
23,"Snack ",38,22,4.9,"motorcycle",0,"No","Urban","Windy","Low ",1,"N",10
18,"Drinks ",23,15,4.9,"scooter",2,"No","Urban","Sunny","Medium",1,"N",5
17,"Snack ",34,13,4.6,"scooter",2,"No","Metropolitan","Sunny","Jam ",1,"N",5
28,"Buffet ",22,9,4.5,"scooter",2,"No","Urban","Sandstorms","Medium",0,"N",15
21,"Buffet ",39,13,4.6,"motorcycle",0,"No","Metropolitan","Sunny","Low ",0,"N",15
30,"Meal ",31,18,4.6,"motorcycle",2,"No","Urban","Cloudy","Jam",0,"N",5
24,"Snack ",30,9,4.7,"motorcycle",0,"No","Metropolitan","Fog","Low ",1,"N",15
18,"Drinks ",20,13,4.6,"scooter",1,"No","Urban","Windy","Medium",1,"N",15
25,"Meal ",28,23,4.6,"scooter",1,"No","Urban","Windy","High ",1,"Y",5
24,"Snack ",29,22,4.8,"motorcycle",1,"No","Metropolitan","Fog","Low ",1,"N",10
31,"Snack ",22,4,4.2,"motorcycle",0,"No","Urban","Stormy","Jam",1,"N",5
38,"Buffet ",36,13,3.9,"scooter",2,"No","Urban","Windy","Medium",1,"N",10
30,"Drinks ",24,13,4.9,"electric_scooter",2,"No","Metropolitan","Fog","Jam ",1,"N",10
38,"Buffet ",27,9,4.7,"motorcycle",0,"No","Semi-Urban","Windy","Medium",0,"N",15
38,"Meal ",36,15,4.3,"electric_scooter",2,"No","Metropolitan","Sunny","Low ",1,"N",15
15,"Snack ",35,15,4.5,"electric_scooter",2,"No","Semi-Urban","Sunny","Medium",0,"Y",10
42,"Buffet ",20,23,4.4,"motorcycle",1,"No","Metropolitan","Sandstorms","Jam ",0,"N",15
15,"Meal ",37,15,5,"motorcycle",0,"No","Urban","Sunny","Low ",0,"N",15
31,"Meal ",31,12,3.8,"electric_scooter",2,"No","Urban","Fog","Low ",1,"N",5
26,"Snack ",35,16,4.8,"motorcycle",0,"No","Semi-Urban","Sunny","Low ",1,"Y",10
28,"Meal ",26,18,5,"scooter",0,"No","Metropolitan","Sandstorms","Jam ",1,"N",15
33,"Drinks ",23,9,4.3,"scooter",2,"No","Metropolitan","Stormy","Jam ",1,"N",15
28,"Meal ",39,12,4.6,"motorcycle",0,"No","Metropolitan","Cloudy","Medium",1,"N",10
16,"Buffet ",38,17,4.8,"motorcycle",0,"No","Urban","Cloudy","Low ",1,"N",15
24,"Drinks ",38,7,4.2,"motorcycle",0,"No","Metropolitan","Windy","Low ",1,"N",10
22,"Meal ",21,2,4.2,"motorcycle",0,"No","Metropolitan","Stormy","Low ",1,"Y",15
33,"Drinks ",34,3,4.2,"electric_scooter",1,"No","Metropolitan","Stormy","High ",1,"N",15
19,"Buffet ",21,22,4.8,"scooter",2,"No","Metropolitan","Cloudy","Low ",1,"N",10
28,"Meal ",32,23,4.6,"electric_scooter",2,"No","Urban","Cloudy","Low ",1,"N",15
13,"Buffet ",21,19,5,"electric_scooter",1,"No","Metropolitan","Fog","Low ",1,"N",10
20,"Meal ",35,22,4.7,"scooter",1,"No","Urban","Cloudy","Low",0,"Y",10
37,"Meal ",37,21,3.9,"scooter",2,"No","Metropolitan","Cloudy","Low ",1,"Y",15
25,"Buffet ",35,9,4.9,"scooter",0,"No","Metropolitan","Windy","Low ",1,"N",10
18,"Drinks ",34,23,4.9,"motorcycle",1,"No","Urban","Sunny","Low ",1,"N",5
31,"Buffet ",39,5,4,"electric_scooter",0,"No","Metropolitan","Sandstorms","High ",1,"N",10
25,"Snack ",20,17,4.7,"motorcycle",2,"No","Urban","Stormy","Medium",1,"N",10
15,"Drinks ",27,14,4.7,"scooter",2,"No","Semi-Urban","Stormy","Medium",1,"N",10
24,"Drinks ",28,22,4.8,"motorcycle",1,"No","Semi-Urban","Sandstorms","Low ",1,"N",5
24,"Snack ",20,6,4.4,"motorcycle",0,"No","Metropolitan","Sandstorms","Low ",0,"N",5
26,"Meal ",27,14,4.5,"motorcycle",0,"No","Urban","Fog","Jam ",1,"Y",10
26,"Drinks ",26,23,4.9,"scooter",2,"No","Metropolitan","Windy","Jam ",0,"Y",5
53,"Drinks ",38,6,3.9,"electric_scooter",0,"Yes","Metropolitan","Sunny","Jam ",3,"N",15
27,"Buffet ",29,15,4.7,"motorcycle",1,"No","Semi-Urban","Sunny","Low",1,"N",5
25,"Meal ",32,23,4.8,"motorcycle",1,"No","Metropolitan","Sandstorms","Low ",1,"Y",5
25,"Buffet ",35,17,4.9,"motorcycle",0,"No","Urban","Sunny","Medium",1,"N",10
31,"Meal ",26,21,4.9,"electric_scooter",0,"No","Urban","Sandstorms","Medium",1,"N",5
27,"Drinks ",33,22,4.3,"electric_scooter",0,"No","Urban","Stormy","Low ",0,"N",5
21,"Buffet ",30,17,4.9,"motorcycle",1,"No","Metropolitan","Stormy","Low ",1,"N",5
18,"Snack ",35,23,4.8,"electric_scooter",1,"No","Urban","Cloudy","Low",1,"N",10
28,"Snack ",38,16,4.6,"electric_scooter",0,"No","Urban","Cloudy","High",0,"N",10
25,"Snack ",36,17,4.6,"motorcycle",2,"No","Urban","Fog","High ",0,"N",10
19,"Snack ",29,23,4.8,"motorcycle",2,"No","Metropolitan","Cloudy","Low ",1,"N",15
36,"Drinks ",31,4,4.4,"motorcycle",0,"No","Urban","Sandstorms","Jam",1,"N",15
25,"Drinks ",25,19,4.7,"motorcycle",1,"No","Semi-Urban","Cloudy","Jam ",1,"Y",5
16,"Meal ",35,9,4.5,"scooter",0,"No","Metropolitan","Fog","Low ",0,"N",25
27,"Buffet ",21,15,4.6,"scooter",1,"No","Metropolitan","Sandstorms","Jam ",1,"Y",5
19,"Snack ",28,7,4.8,"scooter",2,"No","Metropolitan","Sunny","Low ",1,"N",15
25,"Snack ",21,17,4.5,"motorcycle",1,"No","Metropolitan","Sandstorms","Jam ",1,"N",5
36,"Drinks ",23,3,5,"scooter",0,"No","Metropolitan","Sandstorms","Jam ",2,"N",10
26,"Drinks ",29,14,4.7,"scooter",2,"No","Metropolitan","Sandstorms","Medium",0,"N",5
20,"Meal ",36,21,4.6,"motorcycle",2,"No","Metropolitan","Stormy","Low ",1,"N",15
30,"Buffet ",39,8,4.5,"electric_scooter",0,"No","Urban","Fog","Medium",1,"Y",5
17,"Meal ",20,6,4.8,"scooter",1,"No","Metropolitan","Windy","Low ",1,"Y",20
49,"Buffet ",35,22,4.6,"motorcycle",0,"Yes","Metropolitan","Fog","Jam ",1,"Y",15
28,"Drinks ",38,23,4.8,"scooter",2,"No","Metropolitan","Fog","High ",0,"Y",15
43,"Meal ",35,2,5,"scooter",0,"No","Urban","Cloudy","Medium",3,"N",5
25,"Meal ",29,14,4.8,"scooter",1,"No","Metropolitan","Stormy","Low ",1,"N",15
30,"Buffet ",37,6,4.7,"motorcycle",0,"No","Semi-Urban","Cloudy","Medium",1,"N",15
29,"Drinks ",27,7,4.6,"motorcycle",2,"No","Metropolitan","Windy","Low ",1,"N",5
16,"Drinks ",36,15,4.6,"motorcycle",2,"No","Urban","Sunny","High",0,"N",10
49,"Buffet ",30,13,4.6,"motorcycle",0,"No","Metropolitan","Fog","Medium",1,"N",10
10,"Snack ",35,23,4.9,"motorcycle",1,"No","Urban","Sunny","Jam",0,"N",5
15,"Buffet ",21,23,4.8,"scooter",1,"No","Metropolitan","Sunny","Medium",1,"N",10
17,"Buffet ",38,8,4.6,"motorcycle",1,"No","Urban","Stormy","Low ",1,"Y",5
37,"Buffet ",26,18,4.7,"electric_scooter",0,"No","Metropolitan","Windy","Jam ",1,"N",10
16,"Drinks ",28,1,4.5,"motorcycle",2,"No","Urban","Sandstorms","Jam",1,"N",5
21,"Buffet ",34,13,4.1,"motorcycle",0,"No","Metropolitan","Windy","Low ",1,"Y",5
26,"Buffet ",29,14,4.8,"motorcycle",1,"No","Semi-Urban","Windy","Low ",0,"N",5
30,"Snack ",29,8,5,"electric_scooter",1,"No","Semi-Urban","Fog","High ",0,"Y",15
14,"Meal ",20,4,4.6,"motorcycle",0,"No","Urban","Sunny","Low ",0,"N",15
30,"Buffet ",25,17,4.8,"motorcycle",1,"No","Urban","Windy","Jam ",1,"Y",10
30,"Drinks ",31,18,4.7,"electric_scooter",1,"No","Urban","Fog","Jam",1,"N",5
38,"Buffet ",35,14,4.3,"scooter",0,"No","Metropolitan","Windy","Jam ",1,"Y",5
32,"Drinks ",27,2,4.2,"motorcycle",0,"No","Metropolitan","Windy","Low ",1,"N",15
13,"Drinks ",24,21,5,"electric_scooter",2,"No","Metropolitan","Sunny","Jam ",1,"N",5
14,"Meal ",25,16,4.9,"scooter",1,"No","Urban","Sandstorms","High",0,"N",15
24,"Snack ",36,19,4.7,"electric_scooter",0,"No","Metropolitan","Sandstorms","Low ",1,"N",10
23,"Snack ",27,16,4.5,"scooter",1,"No","Metropolitan","Fog","Low ",1,"Y",5
31,"Snack ",29,2,4.7,"motorcycle",0,"No","Semi-Urban","Sunny","Jam ",1,"N",5
25,"Snack ",27,18,4.8,"motorcycle",1,"No","Urban","Sandstorms","Jam",1,"N",10
25,"Drinks ",39,6,4.5,"motorcycle",0,"No","Urban","Stormy","High ",0,"N",10
32,"Buffet ",24,8,4.2,"motorcycle",1,"No","Metropolitan","Sandstorms","Jam ",1,"Y",15
25,"Meal ",39,23,4.7,"electric_scooter",0,"No","Metropolitan","Sunny","Low ",0,"N",15
28,"Buffet ",22,9,4.5,"scooter",2,"No","Urban","Sandstorms","Medium",0,"N",15
37,"Buffet ",39,4,4.1,"scooter",2,"No","Metropolitan","Stormy","Medium",1,"N",15
18,"Snack ",36,23,4.9,"scooter",2,"No","Metropolitan","Cloudy","Low",1,"N",15
51,"Buffet ",31,3,4.4,"motorcycle",0,"No","Semi-Urban","Sandstorms","Jam",1,"N",15
49,"Drinks ",21,5,5,"motorcycle",0,"Yes","Metropolitan","Fog","Jam ",3,"N",5
40,"Buffet ",35,4,4.4,"motorcycle",0,"No","Semi-Urban","Fog","Low ",1,"N",15
40,"Drinks ",32,1,4.3,"motorcycle",2,"No","Urban","Stormy","Medium",2,"N",15
19,"Drinks ",36,16,4.8,"motorcycle",2,"No","Metropolitan","Windy","Jam ",0,"N",10
25,"Buffet ",28,15,4.9,"scooter",2,"No","Urban","Stormy","Jam",1,"N",5
24,"Drinks ",29,23,4.8,"scooter",1,"No","Semi-Urban","Windy","Medium",1,"N",10
47,"Meal ",22,5,4.7,"electric_scooter",2,"No","Urban","Cloudy","Jam ",2,"Y",5
12,"Buffet ",27,23,5,"scooter",2,"No","Metropolitan","Fog","Low ",0,"Y",15
27,"Snack ",38,15,4.8,"scooter",2,"No","Semi-Urban","Sandstorms","Jam ",1,"N",15
21,"Snack ",29,12,4.9,"scooter",2,"No","Metropolitan","Sunny","Medium",1,"N",15
25,"Drinks ",34,19,5,"scooter",1,"No","Urban","Stormy","High",1,"N",5
30,"Buffet ",34,19,4.6,"electric_scooter",1,"No","Metropolitan","Fog","Medium",1,"N",10
23,"Meal ",24,22,4.7,"electric_scooter",1,"No","Semi-Urban","Stormy","Jam",0,"N",5
37,"Snack ",32,11,4.1,"motorcycle",0,"No","Metropolitan","Sandstorms","Jam ",1,"N",5
18,"Drinks ",27,3,4.5,"motorcycle",2,"No","Metropolitan","Windy","High ",1,"N",5
40,"Drinks ",23,2,4.7,"motorcycle",0,"No","Metropolitan","Fog","Jam ",0,"Y",15
31,"Snack ",20,3,4.1,"motorcycle",1,"No","Metropolitan","Cloudy","Medium",1,"Y",10
37,"Buffet ",39,1,4,"scooter",2,"No","Urban","Fog","Jam",0,"N",5
17,"Drinks ",34,16,4.7,"motorcycle",2,"No","Urban","Sunny","Medium",1,"N",15
27,"Snack ",33,19,4.9,"electric_scooter",1,"No","Urban","Fog","Low",1,"N",15
29,"Meal ",34,9,4.6,"motorcycle",0,"No","Metropolitan","Fog","Jam ",1,"N",10
25,"Drinks ",26,4,4.8,"motorcycle",0,"No","Urban","Sunny","Medium",1,"N",15
19,"Snack ",39,18,4.7,"motorcycle",2,"No","Metropolitan","Windy","Low ",1,"Y",15
18,"Snack ",29,4,4.6,"scooter",1,"No","Urban","Windy","Medium",1,"N",5
16,"Buffet ",20,4,5,"electric_scooter",1,"No","Metropolitan","Windy","Low ",1,"N",5
42,"Drinks ",35,9,3.5,"motorcycle",1,"No","Semi-Urban","Stormy","Jam ",0,"Y",15
30,"Buffet ",38,4,4.5,"scooter",1,"No","Metropolitan","Stormy","Jam ",0,"Y",15
15,"Drinks ",29,17,4.9,"scooter",1,"No","Urban","Sunny","Jam",0,"N",5
14,"Buffet ",24,9,5,"electric_scooter",2,"No","Metropolitan","Sandstorms","Low ",0,"N",5
31,"Snack ",34,5,3.7,"scooter",1,"No","Metropolitan","Stormy","Low ",0,"N",10
30,"Buffet ",38,22,4.9,"motorcycle",1,"No","Metropolitan","Cloudy","Low ",0,"N",10
20,"Snack ",20,19,4.9,"scooter",2,"No","Metropolitan","Sunny","Low ",0,"N",15
28,"Snack ",32,12,4.8,"electric_scooter",1,"No","Metropolitan","Fog","Jam ",1,"N",5
17,"Snack ",35,9,5,"electric_scooter",2,"No","Metropolitan","Fog","Jam ",0,"N",15
46,"Drinks ",38,7,4.8,"motorcycle",0,"No","Urban","Sandstorms","Jam ",0,"Y",10
22,"Buffet ",33,23,4.9,"motorcycle",1,"No","Urban","Sunny","Medium",0,"N",15
36,"Meal ",34,4,4.9,"scooter",0,"No","Urban","Windy","Jam ",1,"Y",5
34,"Snack ",27,18,4.3,"scooter",2,"No","Metropolitan","Cloudy","Jam ",0,"N",15
37,"Drinks ",24,13,4.7,"electric_scooter",2,"No","Metropolitan","Fog","Jam ",1,"N",10
26,"Buffet ",23,22,4.6,"electric_scooter",2,"No","Metropolitan","Fog","Medium",1,"N",5
20,"Meal ",27,13,4.6,"motorcycle",1,"No","Urban","Sandstorms","Low ",0,"N",20
18,"Snack ",25,15,4.9,"motorcycle",2,"No","Semi-Urban","Sandstorms","Jam ",1,"N",15
17,"Buffet ",28,19,4.6,"motorcycle",2,"No","Metropolitan","Cloudy","Low ",0,"N",10
34,"Meal ",25,2,4.9,"motorcycle",0,"No","Metropolitan","Sandstorms","Jam ",1,"Y",10
42,"Drinks ",21,14,5,"motorcycle",0,"Yes","Metropolitan","Sunny","Medium",1,"N",5
25,"Snack ",21,21,4.8,"motorcycle",0,"No","Urban","Sandstorms","Medium",0,"N",15
43,"Snack ",32,3,4.1,"motorcycle",0,"No","Urban","Stormy","Jam",0,"N",15
12,"Buffet ",29,21,4.7,"electric_scooter",1,"No","Urban","Sandstorms","High",0,"N",5
31,"Snack ",39,5,4.4,"scooter",2,"No","Metropolitan","Cloudy","Jam",1,"N",10
21,"Buffet ",39,22,4.8,"scooter",2,"No","Urban","Sunny","Jam",1,"N",5
17,"Drinks ",35,13,4.5,"motorcycle",1,"No","Metropolitan","Sandstorms","Low ",1,"N",10
21,"Drinks ",36,21,4.5,"scooter",0,"No","Metropolitan","Stormy","Low ",1,"N",15
21,"Drinks ",24,17,4.9,"electric_scooter",2,"No","Semi-Urban","Sunny","Low",0,"N",15
31,"Buffet ",36,17,4.6,"scooter",0,"No","Urban","Sandstorms","Jam",0,"N",5
21,"Meal ",28,3,4.7,"motorcycle",0,"No","Metropolitan","Fog","High ",0,"N",15
29,"Snack ",32,16,4.8,"scooter",2,"No","Urban","Sandstorms","Medium",1,"N",10
11,"Snack ",26,22,4.7,"electric_scooter",2,"No","Urban","Sunny","Low",0,"N",15
30,"Buffet ",33,3,4.8,"motorcycle",1,"No","Metropolitan","Sandstorms","Medium",1,"N",15
19,"Drinks ",36,18,4.6,"motorcycle",2,"No","Metropolitan","Sunny","Jam ",1,"N",10
36,"Drinks ",32,5,3.5,"motorcycle",1,"No","Metropolitan","Sandstorms","Jam ",1,"N",15
29,"Snack ",37,6,4.6,"motorcycle",1,"No","Metropolitan","Stormy","Medium",1,"N",15
26,"Snack ",21,18,4.6,"scooter",1,"No","Urban","Stormy","Medium",1,"N",5
40,"Buffet ",37,8,4.9,"scooter",2,"No","Metropolitan","Fog","Jam ",1,"N",15
15,"Snack ",38,8,4.8,"scooter",1,"No","Metropolitan","Sandstorms","Low ",1,"N",15
36,"Buffet ",30,8,4.3,"motorcycle",0,"No","Metropolitan","Fog","Jam ",1,"Y",5
18,"Drinks ",27,15,4.8,"scooter",0,"No","Urban","Sunny","Medium",0,"N",10
44,"Buffet ",29,3,4.3,"electric_scooter",2,"No","Semi-Urban","Cloudy","Jam ",0,"N",5
17,"Meal ",23,21,4.7,"electric_scooter",0,"No","Urban","Fog","Low ",1,"N",5
27,"Snack ",32,18,4.7,"motorcycle",0,"No","Semi-Urban","Windy","Jam ",1,"N",10
22,"Meal ",26,17,4.8,"motorcycle",1,"No","Semi-Urban","Sandstorms","Jam ",1,"N",5
48,"Snack ",31,5,4.9,"scooter",0,"No","Metropolitan","Sandstorms","High ",0,"N",15
25,"Snack ",39,22,4.7,"scooter",1,"No","Metropolitan","Fog","Jam ",1,"Y",10
29,"Buffet ",33,2,5,"motorcycle",0,"No","Metropolitan","Fog","Jam ",0,"N",10
22,"Drinks ",21,15,4.9,"scooter",2,"No","Urban","Stormy","Medium",1,"N",5
17,"Buffet ",25,22,4.7,"scooter",2,"No","Metropolitan","Sunny","Medium",1,"Y",15
52,"Meal ",33,7,4,"motorcycle",0,"No","Semi-Urban","Windy","Jam ",1,"Y",5
40,"Snack ",34,9,4.9,"electric_scooter",0,"No","Metropolitan","Sunny","Jam ",0,"N",10
26,"Drinks ",21,14,5,"scooter",2,"No","Semi-Urban","Stormy","Low ",1,"Y",10
27,"Drinks ",36,2,4.5,"motorcycle",0,"No","Metropolitan","Windy","Low",1,"N",10
21,"Meal ",29,17,4.8,"scooter",2,"No","Urban","Fog","High",1,"N",15
17,"Drinks ",38,6,4.1,"motorcycle",0,"No","Semi-Urban","Stormy","Low ",0,"Y",5
35,"Drinks ",39,4,3.9,"electric_scooter",1,"No","Semi-Urban","Stormy","Jam ",1,"N",5
23,"Drinks ",24,19,4.8,"motorcycle",2,"No","Urban","Sandstorms","Jam",0,"Y",15
32,"Meal ",26,19,3.5,"motorcycle",0,"No","Semi-Urban","Sunny","Low ",1,"N",10
19,"Snack ",34,21,4.9,"scooter",1,"No","Metropolitan","Fog","Low ",0,"Y",10
25,"Snack ",31,22,4.7,"motorcycle",0,"No","Metropolitan","Cloudy","High ",0,"Y",5
13,"Buffet ",27,19,4.8,"electric_scooter",2,"No","Urban","Sandstorms","High",1,"N",10
27,"Meal ",24,23,4.8,"motorcycle",1,"No","Semi-Urban","Stormy","Medium",1,"Y",15
31,"Snack ",39,22,4.8,"motorcycle",1,"No","Urban","Stormy","Jam",0,"N",15
25,"Drinks ",39,22,4.6,"electric_scooter",2,"No","Urban","Sandstorms","Medium",1,"Y",10
43,"Meal ",31,1,4.8,"motorcycle",0,"No","Metropolitan","Cloudy","Jam ",2,"Y",10
37,"Meal ",29,13,3.6,"electric_scooter",2,"No","Metropolitan","Fog","Low ",1,"Y",5
15,"Drinks ",23,23,4.9,"electric_scooter",0,"No","Metropolitan","Stormy","Low ",1,"Y",10
31,"Meal ",22,6,4.8,"scooter",2,"No","Urban","Cloudy","Medium",1,"N",5
22,"Snack ",20,4,4.5,"scooter",2,"No","Urban","Stormy","Medium",1,"Y",10
46,"Buffet ",39,1,4.3,"scooter",0,"No","Semi-Urban","Stormy","Jam ",1,"N",10
30,"Drinks ",38,19,4.7,"electric_scooter",1,"No","Urban","Fog","High",1,"N",15
31,"Drinks ",31,18,4.9,"motorcycle",1,"No","Metropolitan","Fog","Jam ",1,"N",10
27,"Snack ",22,9,4.7,"motorcycle",1,"No","Metropolitan","Sandstorms","Jam ",0,"N",10
34,"Snack ",37,8,4,"motorcycle",1,"No","Metropolitan","Sandstorms","Jam ",0,"N",5
28,"Buffet ",32,12,4.8,"scooter",2,"No","Semi-Urban","Sandstorms","Low ",0,"N",5
28,"Buffet ",23,14,5,"scooter",1,"No","Metropolitan","Stormy","Jam ",1,"N",15
16,"Snack ",36,17,4.9,"electric_scooter",1,"No","Urban","Stormy","Low",0,"N",10
24,"Snack ",25,21,4.7,"motorcycle",0,"No","Metropolitan","Stormy","Low",1,"N",15
32,"Drinks ",38,3,4.3,"electric_scooter",2,"No","Metropolitan","Windy","Jam ",1,"N",10
27,"Snack ",28,23,4.8,"scooter",2,"No","Metropolitan","Windy","High ",1,"Y",10
31,"Buffet ",31,21,4.8,"scooter",1,"No","Metropolitan","Cloudy","Jam ",1,"N",5
43,"Drinks ",31,9,4.8,"electric_scooter",0,"No","Semi-Urban","Windy","Jam ",0,"N",10
46,"Buffet ",29,8,4.9,"electric_scooter",0,"No","Metropolitan","Stormy","Jam ",0,"N",5
25,"Meal ",21,14,4.7,"electric_scooter",2,"No","Metropolitan","Sandstorms","Medium",1,"N",15
34,"Snack ",27,18,4.3,"scooter",2,"No","Metropolitan","Cloudy","Jam ",0,"N",15
23,"Snack ",20,23,4.6,"motorcycle",1,"No","Metropolitan","Sandstorms","Jam ",1,"Y",5
24,"Drinks ",39,23,4.8,"motorcycle",0,"No","Metropolitan","Sunny","Low ",0,"N",5
21,"Meal ",33,23,4.8,"electric_scooter",2,"No","Metropolitan","Sandstorms","Low ",1,"Y",15
19,"Snack ",24,17,4.9,"electric_scooter",1,"No","Urban","Fog","Low",1,"N",5
24,"Meal ",36,14,4.8,"electric_scooter",2,"No","Metropolitan","Sandstorms","Medium",1,"Y",5
35,"Buffet ",33,17,4.9,"scooter",0,"No","Urban","Fog","Medium",0,"Y",15
36,"Snack ",32,23,4.6,"motorcycle",0,"No","Metropolitan","Sunny","Jam ",0,"N",10
43,"Drinks ",26,22,4.9,"motorcycle",0,"No","Metropolitan","Sunny","Jam ",1,"Y",15
29,"Drinks ",26,15,4.7,"motorcycle",2,"No","Urban","Windy","Jam",1,"N",5
29,"Meal ",21,16,4.8,"motorcycle",1,"No","Urban","Stormy","Jam",1,"Y",5
34,"Snack ",26,13,3.5,"motorcycle",1,"No","Metropolitan","Sandstorms","Medium",1,"N",5
37,"Buffet ",27,18,4.7,"motorcycle",0,"No","Urban","Sunny","Medium",1,"N",15
28,"Drinks ",20,19,4.5,"motorcycle",1,"No","Metropolitan","Sandstorms","Jam ",1,"N",15
30,"Drinks ",33,21,4.8,"motorcycle",0,"No","Urban","Windy","Medium",1,"N",15
21,"Drinks ",38,13,4.5,"motorcycle",0,"No","Metropolitan","Cloudy","Medium",0,"N",15
21,"Buffet ",21,23,4.7,"motorcycle",0,"No","Metropolitan","Fog","Low ",1,"Y",5
22,"Drinks ",21,19,4.6,"motorcycle",0,"No","Metropolitan","Sunny","Jam ",1,"Y",5
24,"Drinks ",39,16,4.5,"scooter",2,"No","Semi-Urban","Sunny","Jam ",1,"N",15
30,"Snack ",33,9,4.5,"motorcycle",0,"No","Urban","Windy","Jam ",0,"N",15
23,"Snack ",26,22,4.9,"scooter",0,"No","Urban","Fog","Low",0,"N",10
10,"Drinks ",23,15,4.6,"motorcycle",2,"No","Urban","Sandstorms","Low",0,"N",10
32,"Buffet ",36,1,3.7,"scooter",1,"No","Semi-Urban","Stormy","Jam ",1,"N",15
37,"Snack ",20,8,4.1,"motorcycle",0,"No","Urban","Stormy","Jam ",1,"N",5
25,"Snack ",23,7,4.5,"motorcycle",0,"No","Urban","Stormy","Jam ",1,"N",5
27,"Drinks ",36,3,4.7,"scooter",1,"No","Semi-Urban","Windy","Low ",0,"N",15
49,"Snack ",39,23,4.7,"scooter",0,"Yes","Urban","Windy","High ",3,"N",10
15,"Meal ",38,19,4.7,"scooter",1,"No","Urban","Windy","Low",1,"N",15
22,"Drinks ",39,19,4.8,"electric_scooter",0,"No","Urban","Stormy","Jam",1,"N",15
11,"Drinks ",21,15,4.6,"motorcycle",2,"No","Urban","Fog","Low",0,"Y",15
12,"Drinks ",29,18,4.7,"scooter",1,"No","Metropolitan","Cloudy","Low ",0,"N",15
25,"Meal ",37,18,4.9,"scooter",2,"No","Metropolitan","Fog","Medium",0,"N",10
18,"Buffet ",34,21,4.8,"motorcycle",1,"No","Metropolitan","Cloudy","Low ",1,"N",15
18,"Snack ",38,13,4.8,"scooter",1,"No","Metropolitan","Sunny","Low ",0,"Y",15
19,"Buffet ",25,17,4.8,"scooter",2,"No","Urban","Fog","Medium",0,"Y",10
53,"Buffet ",22,7,4.2,"scooter",0,"Yes","Metropolitan","Sunny","High ",1,"N",10
36,"Meal ",37,17,4.6,"motorcycle",0,"No","Urban","Windy","Jam ",1,"N",15
23,"Drinks ",34,23,4.6,"motorcycle",1,"No","Semi-Urban","Sandstorms","Low ",1,"N",15
41,"Meal ",24,13,4.7,"motorcycle",0,"No","Urban","Stormy","Jam ",2,"N",15
35,"Drinks ",36,12,4.7,"scooter",2,"No","Metropolitan","Fog","Medium",1,"Y",10
25,"Meal ",25,18,4.9,"scooter",2,"No","Urban","Fog","Jam",1,"N",10
34,"Buffet ",32,1,4,"motorcycle",1,"No","Urban","Fog","Jam",1,"N",5
34,"Meal ",39,23,4.6,"scooter",2,"No","Metropolitan","Sandstorms","Jam ",2,"N",15
17,"Buffet ",37,9,4.5,"motorcycle",1,"No","Metropolitan","Stormy","Low ",0,"N",15
43,"Buffet ",29,1,4.3,"motorcycle",1,"No","Urban","Stormy","Jam",1,"N",5
38,"Snack ",25,2,2.9,"motorcycle",2,"No","Semi-Urban","Sunny","Low",1,"N",5
25,"Snack ",25,18,4.9,"scooter",0,"No","Urban","Cloudy","Jam ",1,"N",5
26,"Drinks ",28,13,5,"electric_scooter",2,"No","Metropolitan","Sandstorms","Jam ",1,"Y",5
25,"Snack ",32,16,4.8,"scooter",1,"No","Urban","Cloudy","Low",0,"N",15
35,"Meal ",33,17,4.6,"motorcycle",0,"No","Urban","Sandstorms","Jam",1,"N",10
24,"Buffet ",25,17,4.7,"scooter",2,"No","Semi-Urban","Sunny","Medium",0,"N",5
24,"Buffet ",32,17,4.2,"motorcycle",0,"No","Semi-Urban","Sandstorms","Low",0,"N",10
34,"Meal ",22,3,4,"scooter",0,"No","Urban","Sandstorms","Jam",1,"Y",5
15,"Snack ",30,21,4.6,"motorcycle",2,"No","Urban","Stormy","Medium",1,"N",5
15,"Drinks ",39,21,4.9,"electric_scooter",2,"No","Semi-Urban","Windy","Low",0,"Y",15
22,"Drinks ",29,8,5,"motorcycle",1,"No","Semi-Urban","Stormy","High ",1,"N",5
24,"Buffet ",26,17,4.6,"motorcycle",0,"No","Semi-Urban","Sunny","High ",0,"Y",10
18,"Drinks ",32,22,4.6,"electric_scooter",0,"No","Urban","Sandstorms","High ",1,"N",5
32,"Meal ",25,5,4.5,"motorcycle",2,"No","Metropolitan","Fog","Low ",1,"N",10
27,"Snack ",39,4,4.8,"scooter",2,"No","Semi-Urban","Sunny","Medium",0,"N",15
18,"Buffet ",31,23,4.9,"electric_scooter",2,"No","Metropolitan","Sunny","Low ",1,"N",5
33,"Meal ",35,2,4.2,"motorcycle",2,"No","Urban","Sunny","Jam",2,"Y",10
31,"Meal ",37,2,4.2,"motorcycle",0,"No","Metropolitan","Stormy","Medium",0,"N",15
28,"Meal ",30,13,4.9,"electric_scooter",2,"No","Metropolitan","Stormy","High ",1,"N",5
17,"Buffet ",38,6,4.9,"scooter",1,"No","Semi-Urban","Windy","Low ",0,"Y",15
20,"Snack ",25,6,4,"motorcycle",0,"No","Urban","Stormy","Low",1,"N",5
29,"Meal ",22,2,4.8,"scooter",1,"No","Semi-Urban","Stormy","High ",1,"N",10
37,"Meal ",35,16,4.7,"motorcycle",0,"No","Semi-Urban","Sunny","Jam ",1,"N",10
13,"Meal ",34,18,4.6,"electric_scooter",2,"No","Metropolitan","Stormy","Low ",1,"N",5
53,"Snack ",39,14,4.9,"motorcycle",0,"Yes","Metropolitan","Stormy","Jam ",1,"Y",10
25,"Buffet ",39,23,4.7,"scooter",0,"No","Semi-Urban","Fog","Medium",1,"N",10
48,"Meal ",26,6,4.3,"scooter",1,"No","Metropolitan","Cloudy","Jam ",2,"N",10
24,"Buffet ",28,9,4.8,"motorcycle",0,"No","Semi-Urban","Stormy","Medium",0,"N",15
14,"Buffet ",38,17,4.7,"motorcycle",2,"No","Metropolitan","Fog","Medium",0,"Y",5
26,"Meal ",27,18,4.9,"motorcycle",2,"No","Urban","Stormy","Low",0,"N",10
31,"Drinks ",24,9,4.6,"motorcycle",1,"No","Metropolitan","Fog","Medium",1,"N",5
28,"Meal ",27,17,4.9,"motorcycle",0,"No","Urban","Sandstorms","Medium",1,"N",15
24,"Snack ",37,18,4.6,"motorcycle",0,"No","Metropolitan","Stormy","Medium",0,"Y",15
24,"Buffet ",33,14,4.4,"scooter",0,"No","Metropolitan","Windy","Low ",0,"N",15
46,"Snack ",25,2,4.9,"electric_scooter",0,"No","Metropolitan","Cloudy","Jam ",0,"Y",10
18,"Drinks ",32,22,4.6,"electric_scooter",0,"No","Urban","Sandstorms","High ",1,"N",5
44,"Snack ",23,18,4.9,"motorcycle",0,"No","Metropolitan","Cloudy","Low ",0,"N",15
28,"Meal ",27,18,4.9,"electric_scooter",1,"No","Urban","Stormy","Jam",1,"N",10
39,"Drinks ",31,4,4.8,"scooter",1,"Yes","Metropolitan","Sandstorms","Jam ",2,"N",10
29,"Snack ",36,16,4.9,"scooter",0,"No","Metropolitan","Windy","High",0,"N",5
26,"Buffet ",29,23,4.8,"motorcycle",0,"No","Urban","Stormy","Jam",1,"Y",5
21,"Buffet ",38,4,4,"motorcycle",0,"No","Urban","Sandstorms","Low",1,"N",15
25,"Snack ",38,22,5,"electric_scooter",1,"No","Metropolitan","Sunny","Low ",1,"N",15
39,"Drinks ",35,16,4.6,"motorcycle",0,"No","Semi-Urban","Cloudy","Medium",0,"N",15
28,"Snack ",31,3,4.5,"electric_scooter",2,"No","Urban","Windy","Medium",1,"N",10
20,"Buffet ",25,16,5,"scooter",2,"No","Metropolitan","Stormy","Low ",1,"N",15
28,"Drinks ",32,5,4.1,"scooter",0,"No","Metropolitan","Sandstorms","Low ",1,"N",5
25,"Snack ",23,23,4.9,"scooter",1,"No","Metropolitan","Windy","Medium",1,"N",5
46,"Snack ",37,13,4.4,"motorcycle",0,"No","Urban","Sunny","Jam ",1,"N",5
25,"Snack ",35,9,4.6,"electric_scooter",2,"No","Urban","Sandstorms","Low ",1,"N",5
18,"Drinks ",31,19,4.9,"electric_scooter",2,"No","Metropolitan","Fog","Low ",0,"N",5
27,"Drinks ",23,3,4.9,"motorcycle",0,"No","Urban","Sunny","High ",1,"N",5
42,"Buffet ",30,14,4.6,"electric_scooter",2,"No","Metropolitan","Fog","Jam ",1,"Y",10
41,"Snack ",25,2,5,"motorcycle",0,"No","Semi-Urban","Stormy","Medium",2,"Y",5
28,"Drinks ",27,2,4.2,"electric_scooter",0,"No","Urban","Stormy","Low",1,"N",15
51,"Drinks ",21,22,4.9,"electric_scooter",0,"No","Semi-Urban","Cloudy","Jam ",1,"Y",5
54,"Buffet ",39,1,3.7,"electric_scooter",0,"Yes","Semi-Urban","Sunny","High ",1,"N",15
12,"Snack ",29,19,4.5,"motorcycle",1,"No","Semi-Urban","Sunny","High ",0,"N",5
10,"Drinks ",26,16,4.7,"scooter",1,"No","Metropolitan","Sunny","Low ",1,"N",5
14,"Buffet ",31,16,5,"scooter",2,"No","Metropolitan","Stormy","Low ",0,"N",10
27,"Snack ",23,22,4.3,"electric_scooter",0,"No","Semi-Urban","Sandstorms","Low ",1,"N",15
42,"Buffet ",30,6,4.7,"motorcycle",0,"No","Metropolitan","Stormy","Jam ",2,"N",10
26,"Buffet ",24,15,5,"motorcycle",0,"No","Metropolitan","Sunny","Medium",1,"N",15
25,"Drinks ",31,23,4.7,"scooter",1,"No","Metropolitan","Stormy","Jam ",1,"N",10
24,"Drinks ",36,15,4.8,"motorcycle",1,"No","Metropolitan","Stormy","Medium",1,"N",5
24,"Meal ",31,8,4.6,"motorcycle",0,"No","Metropolitan","Stormy","Low ",0,"Y",10
39,"Meal ",33,5,4.3,"electric_scooter",0,"No","Urban","Sunny","Jam",1,"N",5
24,"Snack ",26,22,4.8,"scooter",0,"No","Urban","Fog","Low",1,"N",10
15,"Buffet ",31,2,4.8,"scooter",1,"No","Metropolitan","Fog","Medium",1,"N",10
20,"Buffet ",25,23,4.6,"electric_scooter",0,"No","Urban","Cloudy","Low",1,"N",10
24,"Buffet ",32,6,4.9,"motorcycle",0,"No","Urban","Sunny","Jam ",0,"N",15
17,"Snack ",23,19,4.9,"electric_scooter",2,"No","Urban","Fog","Medium",1,"N",15
15,"Buffet ",20,23,4.7,"scooter",1,"No","Urban","Fog","Low ",0,"Y",10
22,"Buffet ",33,8,4.5,"motorcycle",0,"No","Semi-Urban","Stormy","Low ",1,"N",10
53,"Meal ",25,3,4,"motorcycle",0,"Yes","Urban","Stormy","Jam",0,"Y",5
33,"Buffet ",25,23,4.3,"motorcycle",0,"No","Metropolitan","Sunny","Medium",0,"Y",5
33,"Snack ",36,5,4.4,"motorcycle",1,"No","Metropolitan","Fog","Jam ",2,"Y",5
18,"Snack ",38,22,4.6,"motorcycle",2,"No","Metropolitan","Sunny","Jam ",1,"Y",10
17,"Meal ",27,17,4.8,"motorcycle",0,"No","Metropolitan","Windy","Low ",1,"Y",10
36,"Snack ",34,7,4.8,"motorcycle",2,"No","Metropolitan","Cloudy","Jam ",1,"N",15
40,"Snack ",39,7,4.7,"motorcycle",0,"No","Urban","Stormy","Medium",0,"N",15
44,"Drinks ",33,17,3.7,"electric_scooter",2,"No","Semi-Urban","Sandstorms","Jam ",3,"Y",15
32,"Buffet ",22,1,3.8,"electric_scooter",1,"No","Metropolitan","Sandstorms","Medium",1,"N",15
25,"Snack ",39,3,4.6,"motorcycle",0,"No","Urban","Fog","Medium",1,"N",10
40,"Meal ",31,5,4.4,"motorcycle",0,"No","Urban","Windy","Jam",2,"Y",10
25,"Buffet ",20,21,4.8,"scooter",0,"No","Semi-Urban","Sandstorms","Jam ",1,"Y",15
18,"Buffet ",32,9,4.8,"scooter",2,"No","Semi-Urban","Stormy","Low ",1,"Y",10
36,"Buffet ",20,4,4,"electric_scooter",0,"No","Metropolitan","Sandstorms","Jam ",1,"N",10
19,"Drinks ",39,3,4.8,"electric_scooter",2,"No","Semi-Urban","Sunny","Jam ",1,"Y",15
34,"Drinks ",29,12,5,"motorcycle",1,"No","Metropolitan","Sandstorms","Jam ",1,"N",15
37,"Buffet ",23,5,4.1,"motorcycle",2,"No","Semi-Urban","Fog","Jam",1,"N",10
22,"Meal ",31,21,4.6,"scooter",2,"No","Urban","Stormy","Medium",1,"N",15
12,"Meal ",28,23,4.7,"motorcycle",1,"No","Urban","Sunny","Jam",0,"N",15
43,"Buffet ",36,6,4.7,"motorcycle",1,"Yes","Metropolitan","Stormy","Jam ",1,"N",10
28,"Drinks ",39,5,4.8,"motorcycle",1,"No","Metropolitan","Sandstorms","Jam ",1,"N",15
34,"Drinks ",30,21,4.9,"motorcycle",0,"No","Metropolitan","Sunny","Medium",1,"N",10
18,"Snack ",33,3,5,"motorcycle",2,"No","Metropolitan","Sunny","Jam ",0,"N",15
25,"Drinks ",20,21,5,"motorcycle",1,"No","Urban","Fog","High ",1,"N",15
29,"Drinks ",23,13,4.9,"scooter",2,"No","Urban","Windy","Medium",1,"Y",5
41,"Snack ",25,5,4.9,"scooter",0,"No","Metropolitan","Fog","Medium",1,"N",10
20,"Meal ",31,9,4.7,"motorcycle",0,"No","Urban","Sandstorms","High ",1,"Y",5
21,"Snack ",39,23,4.6,"motorcycle",1,"No","Metropolitan","Stormy","Low ",1,"N",10
10,"Buffet ",27,22,4.7,"scooter",1,"No","Urban","Stormy","Low ",0,"N",10
18,"Buffet ",38,22,4.6,"scooter",2,"No","Metropolitan","Sunny","Medium",1,"N",5
19,"Snack ",39,16,4.6,"scooter",1,"No","Semi-Urban","Sandstorms","Jam",1,"N",10
49,"Buffet ",30,13,4.6,"motorcycle",0,"No","Metropolitan","Fog","Medium",1,"N",10
10,"Buffet ",31,18,4.9,"scooter",1,"No","Metropolitan","Sunny","Medium",1,"N",10
18,"Buffet ",34,18,4.9,"motorcycle",1,"No","Urban","Fog","Low",1,"N",5
17,"Buffet ",26,18,4.7,"scooter",1,"No","Metropolitan","Cloudy","Low ",0,"Y",15
24,"Drinks ",21,15,5,"scooter",2,"No","Metropolitan","Sunny","Low ",0,"N",5
27,"Drinks ",32,5,4.9,"motorcycle",0,"No","Semi-Urban","Fog","Medium",1,"N",15
18,"Buffet ",32,9,4.8,"scooter",2,"No","Semi-Urban","Stormy","Low ",1,"Y",10
39,"Meal ",39,5,4.8,"motorcycle",0,"No","Semi-Urban","Stormy","Jam ",2,"N",10
16,"Drinks ",35,21,4.9,"electric_scooter",2,"No","Metropolitan","Sandstorms","Low ",1,"N",25
37,"Buffet ",39,1,3.5,"motorcycle",1,"No","Urban","Sandstorms","Medium",1,"N",15
15,"Drinks ",32,22,4.7,"motorcycle",1,"No","Metropolitan","Sunny","High ",1,"Y",10
25,"Buffet ",32,12,4.7,"motorcycle",1,"No","Metropolitan","Fog","Medium",1,"N",5
29,"Snack ",39,5,4.1,"motorcycle",0,"No","Metropolitan","Stormy","Low ",1,"N",10
33,"Drinks ",22,15,4.8,"scooter",2,"No","Metropolitan","Windy","High ",2,"Y",15
31,"Drinks ",38,7,5,"scooter",2,"No","Urban","Fog","Jam ",1,"N",15
27,"Buffet ",36,2,4.9,"scooter",1,"No","Semi-Urban","Stormy","Medium",0,"N",15
35,"Meal ",20,11,4.7,"scooter",2,"No","Metropolitan","Cloudy","Medium",1,"N",5
27,"Buffet ",25,16,4.6,"motorcycle",2,"No","Urban","Stormy","Jam ",1,"N",10
31,"Drinks ",26,6,4.9,"scooter",2,"No","Metropolitan","Stormy","Jam ",1,"N",5
34,"Meal ",29,2,4.6,"electric_scooter",1,"No","Metropolitan","Cloudy","High ",0,"N",15
33,"Snack ",29,12,4.8,"scooter",1,"No","Urban","Sandstorms","Jam ",1,"N",15
31,"Meal ",38,6,2.7,"scooter",1,"No","Urban","Sunny","Low ",1,"N",10
19,"Buffet ",35,9,4.6,"motorcycle",1,"No","Metropolitan","Sunny","Medium",0,"N",5
42,"Buffet ",24,12,4.2,"scooter",2,"No","Urban","Fog","Jam ",1,"N",15
14,"Drinks ",38,16,4.7,"scooter",2,"No","Metropolitan","Fog","Low ",1,"N",15
17,"Meal ",39,19,4.6,"motorcycle",1,"No","Urban","Fog","Low ",1,"N",15
41,"Drinks ",39,7,4.9,"electric_scooter",2,"No","Metropolitan","Stormy","Medium",2,"Y",5
37,"Drinks ",25,5,4.3,"electric_scooter",2,"No","Urban","Fog","Jam ",0,"N",10
49,"Drinks ",34,13,5,"scooter",0,"No","Semi-Urban","Windy","Jam ",1,"N",5
23,"Drinks ",32,8,4.1,"scooter",0,"No","Metropolitan","Stormy","Low ",1,"N",20
17,"Meal ",30,8,4.9,"electric_scooter",2,"No","Urban","Sunny","Low ",1,"N",5
21,"Snack ",20,19,4.6,"scooter",2,"No","Metropolitan","Windy","High ",0,"Y",5
52,"Meal ",30,9,4.1,"electric_scooter",0,"No","Urban","Windy","Jam ",1,"Y",10
49,"Drinks ",34,18,4.9,"scooter",2,"No","Metropolitan","Stormy","Jam ",0,"Y",5
31,"Snack ",39,3,4,"scooter",1,"No","Semi-Urban","Sandstorms","Medium",1,"N",5
21,"Buffet ",22,1,4.9,"electric_scooter",2,"No","Metropolitan","Fog","High ",1,"N",10
30,"Snack ",28,23,4.7,"motorcycle",1,"No","Urban","Stormy","High",1,"Y",15
43,"Drinks ",36,23,4.8,"electric_scooter",0,"No","Urban","Cloudy","Jam",0,"N",5
12,"Buffet ",30,18,4.7,"electric_scooter",2,"No","Metropolitan","Fog","Medium",1,"N",10
33,"Snack ",35,8,4.3,"electric_scooter",2,"No","Urban","Windy","Medium",0,"N",5
15,"Buffet ",37,14,4.6,"electric_scooter",1,"No","Metropolitan","Sunny","High ",0,"Y",10
23,"Meal ",31,17,5,"scooter",1,"No","Urban","Sunny","Low ",1,"N",5
35,"Meal ",32,6,4.5,"motorcycle",2,"No","Metropolitan","Sandstorms","Low ",1,"N",20
23,"Buffet ",32,23,4.8,"motorcycle",0,"No","Urban","Cloudy","High ",1,"Y",15
45,"Buffet ",38,3,4.6,"motorcycle",0,"No","Urban","Stormy","Jam ",1,"N",10
16,"Drinks ",29,22,4.7,"scooter",2,"No","Semi-Urban","Fog","Low ",0,"N",5
30,"Meal ",38,16,4.8,"scooter",1,"No","Urban","Windy","Medium",1,"Y",5
28,"Drinks ",28,23,4.6,"electric_scooter",0,"No","Metropolitan","Sunny","Low ",0,"Y",5
29,"Buffet ",39,23,4.5,"motorcycle",0,"No","Semi-Urban","Windy","Jam ",1,"Y",5
23,"Snack ",37,23,4.8,"scooter",2,"No","Metropolitan","Windy","Medium",0,"N",15
41,"Drinks ",30,5,3.6,"electric_scooter",2,"No","Metropolitan","Sandstorms","Jam ",1,"Y",5
34,"Drinks ",30,16,5,"motorcycle",1,"No","Urban","Stormy","Jam",1,"Y",5
17,"Buffet ",22,3,4.8,"electric_scooter",2,"No","Metropolitan","Sunny","Low ",1,"N",10
25,"Snack ",23,17,4.9,"motorcycle",0,"No","Metropolitan","Sunny","Jam ",0,"N",15
14,"Buffet ",28,22,4.9,"scooter",1,"No","Urban","Cloudy","Low",0,"Y",15
34,"Snack ",35,18,5,"scooter",0,"No","Semi-Urban","Sunny","Jam ",2,"Y",15
38,"Drinks ",25,9,4.6,"scooter",2,"No","Metropolitan","Stormy","Medium",1,"N",10
15,"Meal ",24,16,4.6,"motorcycle",2,"No","Semi-Urban","Cloudy","Medium",1,"Y",15
37,"Drinks ",37,13,4.2,"motorcycle",0,"No","Metropolitan","Sunny","Jam ",0,"Y",10
26,"Snack ",35,16,4.8,"motorcycle",0,"No","Semi-Urban","Sunny","Low ",1,"Y",10
29,"Drinks ",36,2,4.8,"scooter",2,"No","Metropolitan","Sunny","Jam ",1,"N",5
21,"Buffet ",27,7,4.8,"scooter",2,"No","Metropolitan","Cloudy","Jam ",1,"N",5
39,"Buffet ",24,1,4.2,"motorcycle",0,"No","Metropolitan","Stormy","Jam ",1,"Y",5
34,"Meal ",25,13,5,"motorcycle",0,"No","Semi-Urban","Fog","Jam ",0,"N",15
11,"Drinks ",37,18,4.8,"electric_scooter",1,"No","Metropolitan","Sandstorms","Low ",0,"N",5
46,"Buffet ",33,19,4.3,"motorcycle",0,"No","Metropolitan","Windy","High ",0,"Y",5
25,"Meal ",29,18,4.7,"motorcycle",1,"No","Urban","Stormy","Jam ",1,"N",5
44,"Meal ",35,12,4.4,"motorcycle",0,"Yes","Metropolitan","Sunny","Jam ",1,"N",5
28,"Buffet ",27,7,4.8,"motorcycle",0,"No","Metropolitan","Cloudy","Medium",1,"N",15
18,"Meal ",21,16,4.7,"scooter",2,"No","Urban","Sandstorms","Low",1,"N",15
27,"Buffet ",31,16,4.6,"electric_scooter",1,"No","Semi-Urban","Cloudy","Low ",0,"N",10
34,"Snack ",27,17,4.8,"electric_scooter",2,"No","Metropolitan","Sandstorms","High ",1,"N",10
17,"Buffet ",28,19,4.6,"motorcycle",1,"No","Urban","Stormy","Low",1,"Y",5
11,"Drinks ",33,23,4.7,"motorcycle",1,"No","Urban","Sunny","Low",1,"N",5
31,"Buffet ",34,21,4.6,"scooter",2,"No","Urban","Cloudy","High",0,"N",10
42,"Drinks ",35,13,3.5,"electric_scooter",2,"No","Semi-Urban","Stormy","Jam ",2,"N",10
29,"Buffet ",29,23,4.6,"scooter",2,"No","Urban","Cloudy","Low",1,"Y",5
22,"Buffet ",27,3,4.5,"motorcycle",0,"No","Metropolitan","Fog","Medium",1,"N",15
26,"Buffet ",32,17,4.6,"electric_scooter",1,"No","Metropolitan","Sandstorms","Jam ",1,"N",10
27,"Snack ",39,22,4.9,"scooter",1,"No","Metropolitan","Windy","Medium",1,"N",15
21,"Drinks ",28,19,4.6,"scooter",1,"No","Urban","Windy","Low",1,"Y",25
33,"Drinks ",26,5,4.2,"scooter",2,"No","Metropolitan","Cloudy","Jam ",1,"N",5
19,"Buffet ",35,9,4.5,"electric_scooter",0,"No","Semi-Urban","Windy","Low ",1,"N",15
29,"Buffet ",22,23,4.8,"scooter",1,"No","Metropolitan","Fog","Medium",1,"N",5
23,"Snack ",37,21,4.6,"motorcycle",0,"No","Metropolitan","Cloudy","Jam ",0,"Y",10
18,"Drinks ",38,23,5,"scooter",1,"No","Urban","Stormy","Medium",1,"Y",10
41,"Meal ",26,5,4.7,"motorcycle",0,"No","Metropolitan","Windy","Jam ",0,"N",10
22,"Buffet ",30,13,4.3,"electric_scooter",0,"No","Metropolitan","Stormy","Low ",0,"N",5
41,"Snack ",26,3,3.9,"scooter",2,"No","Urban","Sandstorms","Jam",1,"Y",10
23,"Meal ",32,23,5,"motorcycle",0,"No","Urban","Stormy","Jam",1,"N",5
44,"Snack ",28,4,3.7,"scooter",2,"No","Urban","Windy","Jam",1,"N",15
27,"Drinks ",35,23,4.5,"motorcycle",1,"No","Urban","Stormy","Medium",1,"N",5
27,"Snack ",38,9,4.8,"motorcycle",0,"No","Metropolitan","Sunny","Medium",1,"Y",15
15,"Snack ",36,17,4.6,"scooter",2,"No","Metropolitan","Windy","Medium",0,"N",10
21,"Snack ",25,15,4.8,"scooter",2,"No","Metropolitan","Sandstorms","Low ",1,"Y",15
29,"Meal ",32,17,4.7,"motorcycle",0,"No","Urban","Windy","Low",1,"N",15
21,"Meal ",35,21,4.7,"scooter",2,"No","Metropolitan","Windy","Low ",0,"N",5
26,"Buffet ",29,9,5,"scooter",0,"No","Metropolitan","Stormy","Low ",1,"N",5
44,"Snack ",24,12,4.1,"motorcycle",0,"No","Urban","Stormy","Medium",1,"N",5
27,"Drinks ",20,16,4.8,"scooter",1,"No","Metropolitan","Windy","Medium",0,"N",10
26,"Meal ",33,9,4.8,"scooter",2,"No","Metropolitan","Windy","Low ",1,"N",10
32,"Drinks ",32,3,4.2,"electric_scooter",2,"No","Metropolitan","Cloudy","High ",1,"N",15
42,"Snack ",26,18,3.7,"motorcycle",1,"No","Metropolitan","Sandstorms","Jam ",0,"N",10
22,"Snack ",26,6,4.5,"scooter",1,"No","Semi-Urban","Fog","High ",0,"N",5
29,"Meal ",36,11,4.9,"motorcycle",0,"No","Semi-Urban","Cloudy","Jam ",1,"N",5
29,"Meal ",29,21,4.7,"motorcycle",1,"No","Metropolitan","Sunny","Jam ",1,"N",5
18,"Drinks ",20,2,4.5,"motorcycle",2,"No","Semi-Urban","Fog","Medium",1,"N",5
21,"Buffet ",33,19,4.9,"electric_scooter",2,"No","Semi-Urban","Stormy","Jam ",1,"N",15
30,"Buffet ",38,5,4.6,"motorcycle",1,"No","Metropolitan","Cloudy","Medium",1,"N",5
19,"Snack ",32,18,5,"motorcycle",1,"No","Metropolitan","Sunny","Medium",1,"N",5
27,"Buffet ",27,17,5,"motorcycle",0,"No","Urban","Sandstorms","Low ",1,"N",5
22,"Snack ",28,13,4.9,"motorcycle",0,"No","Metropolitan","Cloudy","Low ",0,"N",5
19,"Drinks ",24,9,4.8,"scooter",1,"No","Metropolitan","Stormy","Low ",1,"N",10
43,"Snack ",27,18,5,"motorcycle",2,"No","Urban","Fog","Jam ",1,"N",15
30,"Drinks ",32,4,4.5,"electric_scooter",2,"No","Urban","Windy","High",1,"Y",15
34,"Buffet ",25,8,4.2,"scooter",1,"No","Metropolitan","Windy","Medium",1,"Y",15
28,"Snack ",23,9,4.8,"motorcycle",0,"No","Metropolitan","Stormy","Jam ",1,"N",15
17,"Snack ",37,21,4.8,"motorcycle",1,"No","Metropolitan","Sunny","Medium",1,"Y",5
28,"Meal ",22,23,4.8,"scooter",1,"No","Semi-Urban","Sandstorms","Medium",1,"N",5
20,"Buffet ",29,23,4.7,"scooter",0,"No","Metropolitan","Cloudy","Low ",0,"N",5
33,"Snack ",22,14,4.6,"motorcycle",0,"No","Semi-Urban","Sandstorms","Jam ",1,"Y",10
21,"Snack ",20,21,4.9,"motorcycle",0,"No","Metropolitan","Cloudy","Low ",0,"N",5
33,"Buffet ",20,6,4.1,"motorcycle",0,"No","Metropolitan","Stormy","Jam ",0,"Y",5
44,"Buffet ",31,18,4.5,"motorcycle",0,"No","Metropolitan","Sunny","High ",1,"N",5
35,"Snack ",34,3,4.1,"motorcycle",0,"No","Semi-Urban","Windy","Jam",0,"N",5
19,"Snack ",29,23,4.8,"motorcycle",2,"No","Metropolitan","Cloudy","Low ",1,"N",15
15,"Buffet ",22,23,4.7,"motorcycle",1,"No","Metropolitan","Stormy","Low ",0,"N",10
27,"Snack ",34,8,4.8,"electric_scooter",1,"No","Metropolitan","Stormy","Medium",0,"Y",15
13,"Snack ",32,23,4.6,"motorcycle",2,"No","Urban","Fog","Low",0,"N",10
15,"Drinks ",28,21,4.7,"scooter",1,"No","Metropolitan","Fog","Low ",0,"N",10
35,"Meal ",30,13,3.6,"scooter",2,"No","Metropolitan","Fog","Low ",1,"N",5
36,"Buffet ",35,9,4,"electric_scooter",0,"No","Metropolitan","Stormy","Jam ",1,"N",5
23,"Drinks ",39,15,5,"electric_scooter",2,"No","Metropolitan","Windy","Medium",1,"N",10
33,"Meal ",28,19,4,"scooter",2,"No","Metropolitan","Fog","Jam ",1,"N",5
41,"Snack ",31,15,5,"scooter",1,"Yes","Semi-Urban","Fog","Jam",0,"N",15
31,"Buffet ",29,19,4.6,"motorcycle",2,"No","Metropolitan","Sandstorms","High ",1,"N",5
20,"Meal ",26,21,4.9,"scooter",1,"No","Metropolitan","Sunny","Low",1,"N",15
21,"Meal ",38,16,4.8,"electric_scooter",2,"No","Metropolitan","Stormy","Low",1,"N",10
38,"Snack ",38,23,4.6,"motorcycle",1,"No","Urban","Stormy","Medium",1,"N",15
20,"Snack ",27,23,4.6,"electric_scooter",1,"No","Metropolitan","Stormy","Medium",0,"N",10
17,"Snack ",23,19,4.6,"electric_scooter",1,"No","Semi-Urban","Windy","Low ",1,"Y",10
14,"Buffet ",35,23,4.8,"electric_scooter",2,"No","Urban","Stormy","Low",1,"N",15
35,"Snack ",35,16,4.3,"motorcycle",1,"No","Urban","Cloudy","Low",0,"N",15
42,"Drinks ",38,9,4.8,"motorcycle",0,"No","Semi-Urban","Stormy","Jam ",1,"N",5
31,"Buffet ",36,2,5,"motorcycle",0,"No","Metropolitan","Stormy","Medium",0,"N",10
10,"Buffet ",36,17,5,"electric_scooter",1,"No","Metropolitan","Sunny","Low",1,"Y",15
42,"Drinks ",36,23,4.8,"motorcycle",0,"No","Urban","Fog","Jam ",2,"Y",5
27,"Meal ",36,18,4.7,"motorcycle",2,"No","Metropolitan","Windy","Jam ",0,"Y",15
23,"Meal ",22,18,4.7,"scooter",2,"No","Urban","Cloudy","Low",1,"N",10
16,"Snack ",35,22,5,"electric_scooter",1,"No","Metropolitan","Stormy","Low ",1,"N",20
37,"Snack ",39,22,4.4,"motorcycle",0,"No","Metropolitan","Stormy","Jam ",1,"N",5
28,"Snack ",39,18,4.8,"electric_scooter",0,"No","Urban","Stormy","Low",0,"Y",30
37,"Snack ",36,4,5,"motorcycle",0,"No","Metropolitan","Cloudy","Medium",2,"N",5
19,"Meal ",31,23,4.3,"motorcycle",0,"No","Metropolitan","Stormy","Low ",0,"Y",10
26,"Drinks ",21,15,4.6,"scooter",2,"No","Urban","Sandstorms","Medium",1,"Y",5
22,"Buffet ",31,22,4.5,"motorcycle",2,"No","Metropolitan","Windy","Jam ",0,"N",5
38,"Snack ",22,8,4.4,"scooter",0,"No","Metropolitan","Stormy","Medium",1,"Y",15
16,"Drinks ",28,21,4.7,"scooter",1,"No","Metropolitan","Fog","Medium",1,"Y",10
10,"Drinks ",37,16,5,"scooter",2,"No","Urban","Sunny","Low",0,"N",10
15,"Drinks ",34,16,4.7,"motorcycle",1,"No","Urban","Sunny","Jam",0,"N",10
26,"Drinks ",28,19,4.8,"scooter",2,"No","Semi-Urban","Sandstorms","Medium",1,"Y",15
44,"Snack ",20,4,4.2,"electric_scooter",0,"No","Metropolitan","Sunny","Jam ",1,"Y",10
24,"Buffet ",21,9,5,"scooter",1,"No","Semi-Urban","Fog","Low ",1,"N",10
15,"Meal ",37,23,4.8,"scooter",0,"No","Urban","Sunny","Low",1,"Y",10
38,"Drinks ",33,17,4.1,"scooter",1,"No","Metropolitan","Sandstorms","Medium",0,"N",5
26,"Drinks ",28,22,4.7,"electric_scooter",1,"No","Metropolitan","Cloudy","High ",1,"N",15
18,"Buffet ",26,17,4.8,"electric_scooter",2,"No","Urban","Sunny","Jam",1,"N",10
16,"Drinks ",20,19,4.5,"motorcycle",0,"No","Urban","Sandstorms","Jam ",0,"N",5
22,"Meal ",26,16,4.8,"motorcycle",0,"No","Metropolitan","Cloudy","Medium",1,"Y",5
24,"Buffet ",26,16,4.7,"scooter",1,"No","Urban","Stormy","Low",1,"Y",15
30,"Meal ",25,4,4.7,"motorcycle",2,"No","Metropolitan","Sunny","Low ",1,"N",5
38,"Drinks ",28,8,4,"electric_scooter",2,"No","Semi-Urban","Stormy","Jam ",1,"N",5
17,"Drinks ",24,23,4.9,"scooter",1,"No","Metropolitan","Cloudy","Low ",1,"N",10
24,"Drinks ",20,19,4.6,"scooter",1,"No","Urban","Sandstorms","Medium",0,"N",15
33,"Snack ",24,20,4,"motorcycle",0,"No","Urban","Fog","Medium",1,"Y",15
24,"Buffet ",20,13,4.9,"scooter",2,"No","Semi-Urban","Sandstorms","Low ",1,"Y",15
21,"Meal ",29,1,4.1,"motorcycle",0,"No","Urban","Sandstorms","Low",1,"N",15
29,"Snack ",25,19,4.9,"motorcycle",1,"No","Urban","Sandstorms","Jam",1,"N",10
31,"Meal ",24,9,4.6,"motorcycle",2,"No","Metropolitan","Windy","Jam ",1,"N",10
31,"Buffet ",24,9,4.1,"motorcycle",0,"No","Urban","Stormy","Low ",1,"N",10
28,"Meal ",35,18,4.9,"motorcycle",0,"No","Urban","Sunny","Jam",1,"N",5
20,"Buffet ",36,13,4.9,"motorcycle",1,"No","Metropolitan","Stormy","Low ",1,"Y",15
20,"Buffet ",20,23,4.8,"scooter",1,"No","Metropolitan","Windy","Medium",1,"N",5
32,"Snack ",30,9,4.6,"scooter",0,"No","Metropolitan","Windy","Jam ",2,"N",5
40,"Buffet ",21,16,4.9,"motorcycle",1,"No","Urban","Cloudy","Medium",0,"N",5
38,"Meal ",30,5,4.6,"motorcycle",0,"No","Semi-Urban","Windy","Medium",1,"N",10
25,"Drinks ",27,14,5,"electric_scooter",1,"No","Semi-Urban","Sunny","Medium",1,"N",15
32,"Buffet ",34,1,3.9,"motorcycle",1,"No","Metropolitan","Sunny","Jam ",1,"N",15
29,"Buffet ",33,9,4.7,"motorcycle",1,"No","Semi-Urban","Cloudy","Low ",1,"Y",10
41,"Buffet ",32,11,4.2,"motorcycle",0,"Yes","Metropolitan","Stormy","Medium",0,"N",5
18,"Drinks ",38,22,4.9,"motorcycle",1,"No","Urban","Stormy","Medium",1,"Y",5
22,"Meal ",21,2,4.2,"motorcycle",0,"No","Metropolitan","Stormy","Low ",1,"Y",15
33,"Meal ",23,23,4.7,"scooter",0,"No","Metropolitan","Windy","Medium",0,"Y",15
33,"Meal ",39,12,4.3,"motorcycle",0,"No","Metropolitan","Sunny","Jam ",1,"N",10
25,"Snack ",29,23,4.7,"motorcycle",0,"No","Metropolitan","Cloudy","Low ",1,"Y",5
11,"Snack ",33,15,4.6,"motorcycle",1,"No","Urban","Stormy","Low",0,"Y",5
37,"Drinks ",28,19,4.7,"motorcycle",0,"No","Metropolitan","Fog","Medium",0,"N",15
13,"Drinks ",39,23,4.9,"electric_scooter",1,"No","Urban","Sunny","Low",1,"Y",10
12,"Meal ",29,15,4.7,"scooter",2,"No","Urban","Sunny","High ",0,"N",15
22,"Snack ",33,2,4.9,"motorcycle",1,"No","Semi-Urban","Windy","Low ",1,"N",15
28,"Snack ",37,18,4.5,"motorcycle",1,"No","Semi-Urban","Windy","Medium",1,"N",5
17,"Snack ",22,17,4.9,"motorcycle",0,"No","Metropolitan","Stormy","Medium",1,"Y",10
18,"Meal ",39,4,4.6,"scooter",2,"No","Metropolitan","Windy","Jam ",1,"Y",10
19,"Meal ",26,23,4.8,"motorcycle",0,"No","Metropolitan","Sunny","Jam ",1,"N",15
25,"Snack ",36,23,4.9,"scooter",1,"No","Urban","Stormy","High",1,"Y",10
25,"Drinks ",37,9,4.9,"motorcycle",0,"No","Semi-Urban","Windy","Jam ",1,"N",10
16,"Meal ",23,18,4.7,"scooter",2,"No","Urban","Stormy","Jam",1,"N",15
18,"Snack ",25,5,5,"scooter",1,"No","Metropolitan","Sunny","Jam ",0,"N",15
27,"Buffet ",36,19,4.5,"motorcycle",2,"No","Metropolitan","Windy","Low ",1,"N",5
20,"Buffet ",24,19,4.6,"scooter",2,"No","Urban","Cloudy","High",1,"N",5
31,"Drinks ",21,13,4.4,"scooter",2,"No","Metropolitan","Sunny","Jam ",1,"N",15
21,"Snack ",27,15,4.6,"scooter",2,"No","Metropolitan","Sunny","Jam ",1,"N",5
18,"Buffet ",39,22,4.8,"scooter",2,"No","Urban","Sunny","Jam",0,"N",10
24,"Snack ",34,18,4.9,"electric_scooter",2,"No","Metropolitan","Sunny","Jam ",0,"N",5
34,"Meal ",27,1,4.3,"scooter",0,"No","Urban","Sandstorms","Jam",1,"N",15
32,"Snack ",23,20,4,"motorcycle",1,"No","Urban","Stormy","Jam ",1,"N",5
30,"Meal ",28,18,4.6,"electric_scooter",2,"No","Semi-Urban","Cloudy","Low ",1,"Y",15
23,"Drinks ",22,13,4.8,"electric_scooter",2,"No","Metropolitan","Sunny","Medium",1,"N",10
18,"Buffet ",30,15,4.6,"motorcycle",2,"No","Urban","Sunny","Medium",1,"N",15
13,"Meal ",33,22,4.9,"scooter",2,"No","Metropolitan","Windy","High ",0,"Y",5
28,"Buffet ",33,16,4.8,"electric_scooter",2,"No","Urban","Sandstorms","Medium",1,"N",10
39,"Drinks ",20,16,4.6,"motorcycle",2,"No","Metropolitan","Fog","Jam ",0,"N",5
34,"Meal ",37,5,4,"scooter",1,"No","Urban","Fog","High",1,"N",5
21,"Meal ",37,16,4.8,"motorcycle",0,"No","Urban","Stormy","Low",0,"N",10
29,"Meal ",29,6,4.8,"scooter",0,"No","Metropolitan","Fog","Jam ",1,"N",10
19,"Drinks ",28,5,4.8,"motorcycle",1,"No","Semi-Urban","Windy","Low ",0,"N",15
50,"Meal ",28,2,4.8,"motorcycle",0,"Yes","Semi-Urban","Cloudy","Jam ",1,"N",5
12,"Drinks ",22,22,4.7,"electric_scooter",1,"No","Metropolitan","Sunny","Jam ",0,"N",5
23,"Meal ",22,18,5,"motorcycle",0,"No","Metropolitan","Fog","Low ",0,"Y",15
19,"Buffet ",33,19,4.6,"scooter",2,"No","Urban","Cloudy","Low",1,"N",10
27,"Meal ",27,15,4.5,"motorcycle",2,"No","Urban","Windy","Medium",0,"N",15
35,"Meal ",31,4,4,"motorcycle",0,"No","Semi-Urban","Sandstorms","Jam",1,"N",15
14,"Drinks ",22,4,4.6,"scooter",2,"No","Urban","Sunny","High ",1,"N",5
35,"Snack ",23,14,3.9,"motorcycle",1,"No","Metropolitan","Sandstorms","Jam ",1,"N",5
36,"Meal ",26,3,4.9,"motorcycle",0,"No","Metropolitan","Cloudy","Jam ",1,"N",15
26,"Snack ",31,21,4.9,"motorcycle",0,"No","Metropolitan","Fog","High ",0,"Y",10
10,"Meal ",38,22,4.7,"motorcycle",1,"No","Urban","Fog","Medium",1,"N",15
28,"Drinks ",32,12,4.6,"electric_scooter",2,"No","Metropolitan","Cloudy","Low ",1,"Y",25
26,"Snack ",31,14,4.6,"scooter",1,"No","Metropolitan","Stormy","Medium",1,"Y",10
13,"Drinks ",33,21,4.8,"scooter",2,"No","Semi-Urban","Sunny","High ",0,"N",10
34,"Meal ",38,3,4.7,"scooter",1,"No","Semi-Urban","Sandstorms","Jam ",1,"N",15
22,"Snack ",33,3,4.3,"scooter",0,"No","Metropolitan","Sandstorms","Low",1,"Y",10
16,"Drinks ",27,9,4.7,"motorcycle",0,"No","Metropolitan","Stormy","Low ",0,"N",10
32,"Snack ",34,2,4.4,"scooter",0,"No","Urban","Windy","High ",0,"Y",10
18,"Snack ",28,23,4.9,"electric_scooter",2,"No","Metropolitan","Fog","Low ",0,"Y",15
28,"Snack ",24,21,4.6,"motorcycle",2,"No","Metropolitan","Sunny","Low ",1,"N",25
13,"Snack ",37,21,4.9,"scooter",2,"No","Urban","Sunny","Low",0,"N",10
26,"Snack ",30,23,4.6,"motorcycle",0,"No","Semi-Urban","Stormy","High ",1,"N",5
37,"Drinks ",29,4,5,"motorcycle",0,"No","Metropolitan","Cloudy","Medium",0,"N",10
16,"Buffet ",34,16,4.8,"electric_scooter",2,"No","Urban","Fog","Medium",1,"Y",10
41,"Snack ",33,23,4.7,"scooter",0,"No","Urban","Windy","Jam",2,"N",5
36,"Meal ",39,13,4.4,"motorcycle",1,"No","Semi-Urban","Fog","High ",1,"Y",15
37,"Snack ",29,6,3.7,"electric_scooter",2,"No","Semi-Urban","Stormy","Jam ",2,"N",15
22,"Drinks ",28,15,4.6,"motorcycle",0,"No","Metropolitan","Sunny","Low ",1,"N",15
27,"Drinks ",34,13,4.7,"electric_scooter",1,"No","Semi-Urban","Sandstorms","High ",1,"N",5
37,"Snack ",34,3,4.3,"scooter",0,"No","Metropolitan","Sandstorms","High ",1,"N",15
29,"Drinks ",39,22,4.9,"motorcycle",2,"No","Metropolitan","Stormy","Medium",0,"N",10
21,"Meal ",28,18,4.9,"scooter",0,"No","Metropolitan","Sunny","Low",0,"N",5
27,"Meal ",31,2,4.9,"motorcycle",2,"No","Urban","Windy","Medium",0,"N",5
19,"Meal ",20,18,4.8,"electric_scooter",2,"No","Metropolitan","Sunny","Jam",0,"N",15
28,"Snack ",29,23,4.7,"scooter",1,"No","Metropolitan","Stormy","Medium",1,"N",15
23,"Snack ",38,5,4.6,"motorcycle",0,"No","Metropolitan","Stormy","Low ",0,"Y",15
22,"Buffet ",35,19,4.5,"motorcycle",0,"No","Urban","Sunny","Low ",1,"N",10
16,"Buffet ",32,21,4.8,"scooter",2,"No","Metropolitan","Sunny","Low ",0,"Y",5
35,"Meal ",26,23,4.7,"motorcycle",0,"No","Metropolitan","Windy","Jam ",0,"N",10
23,"Buffet ",31,23,4.9,"motorcycle",1,"No","Metropolitan","Windy","Low ",1,"Y",5
22,"Buffet ",29,23,4.9,"motorcycle",2,"No","Metropolitan","Fog","Low ",1,"N",15
29,"Drinks ",31,9,4.6,"motorcycle",1,"No","Metropolitan","Sandstorms","Jam ",1,"N",10
32,"Buffet ",23,4,5,"scooter",2,"No","Metropolitan","Sandstorms","High ",0,"N",5
33,"Snack ",20,3,4.1,"scooter",2,"No","Urban","Stormy","Jam ",1,"N",5
24,"Drinks ",29,22,4.9,"motorcycle",0,"No","Urban","Sunny","Low",1,"N",15
35,"Buffet ",24,17,4.3,"motorcycle",1,"No","Metropolitan","Fog","High ",1,"Y",15
26,"Drinks ",22,22,4.8,"motorcycle",0,"No","Metropolitan","Cloudy","Jam ",1,"Y",5
22,"Meal ",21,7,4.6,"motorcycle",1,"No","Metropolitan","Windy","Low ",1,"N",5
19,"Snack ",30,21,4.7,"electric_scooter",2,"No","Semi-Urban","Fog","Low",1,"Y",15
25,"Meal ",30,6,5,"motorcycle",1,"No","Metropolitan","Windy","Medium",0,"N",10
28,"Buffet ",32,12,4.8,"scooter",2,"No","Semi-Urban","Sandstorms","Low ",0,"N",5
16,"Snack ",25,9,5,"electric_scooter",2,"No","Metropolitan","Cloudy","Low ",0,"N",10
24,"Drinks ",38,21,4.6,"scooter",1,"No","Urban","Sandstorms","Low",1,"N",15
28,"Meal ",36,12,4.6,"motorcycle",0,"No","Metropolitan","Fog","Jam ",0,"N",15
17,"Drinks ",39,4,4.6,"motorcycle",0,"No","Metropolitan","Sandstorms","Medium",0,"Y",15
16,"Drinks ",26,19,4.8,"scooter",2,"No","Metropolitan","Sunny","Jam ",0,"N",5
24,"Drinks ",22,23,4.6,"scooter",1,"No","Urban","Sandstorms","Medium",0,"N",5
12,"Buffet ",25,17,4.7,"motorcycle",2,"No","Urban","Sandstorms","Low",0,"N",15
19,"Buffet ",28,21,4.7,"scooter",1,"No","Urban","Sunny","Low",0,"N",10
18,"Meal ",26,17,4.7,"scooter",1,"No","Metropolitan","Sunny","Medium",1,"N",5
28,"Drinks ",37,18,4.9,"scooter",2,"No","Metropolitan","Windy","Jam ",0,"Y",10
35,"Snack ",20,4,4.9,"scooter",0,"No","Semi-Urban","Stormy","Jam ",2,"N",15
27,"Snack ",29,9,4.8,"scooter",1,"No","Metropolitan","Stormy","High ",1,"N",10
29,"Buffet ",21,3,4.9,"motorcycle",0,"No","Metropolitan","Sandstorms","Low ",1,"N",15
19,"Meal ",35,17,4.6,"scooter",2,"No","Metropolitan","Cloudy","Low ",1,"N",15
13,"Meal ",25,13,4.8,"scooter",1,"No","Metropolitan","Sunny","Low ",1,"Y",5
26,"Meal ",39,21,4.7,"scooter",1,"No","Urban","Windy","Medium",0,"N",15
27,"Buffet ",33,18,4.9,"motorcycle",1,"No","Metropolitan","Sandstorms","Jam ",1,"Y",15
28,"Meal ",34,1,4.7,"motorcycle",0,"No","Semi-Urban","Sunny","Medium",0,"N",5
25,"Drinks ",39,6,4.5,"motorcycle",0,"No","Urban","Stormy","High ",0,"N",10
23,"Snack ",24,22,5,"motorcycle",0,"No","Semi-Urban","Sunny","Low ",0,"Y",5
28,"Drinks ",20,22,5,"electric_scooter",1,"No","Urban","Sandstorms","Jam ",1,"N",10
16,"Drinks ",32,3,5,"scooter",2,"No","Urban","Cloudy","Low",1,"N",25
30,"Drinks ",34,17,5,"scooter",2,"No","Urban","Fog","Jam",1,"N",15
27,"Meal ",36,18,4.7,"motorcycle",2,"No","Metropolitan","Windy","Jam ",0,"Y",15
38,"Meal ",34,5,4.2,"scooter",0,"No","Metropolitan","Sandstorms","Medium",1,"Y",15
30,"Drinks ",29,3,4.7,"motorcycle",1,"No","Metropolitan","Stormy","Medium",0,"Y",10
15,"Drinks ",29,22,4.9,"electric_scooter",1,"No","Metropolitan","Sunny","Jam ",1,"N",15
17,"Snack ",26,19,4.9,"scooter",1,"No","Metropolitan","Sandstorms","Low ",1,"N",10
33,"Buffet ",20,16,4,"scooter",1,"No","Semi-Urban","Stormy","Jam ",1,"N",5
26,"Buffet ",21,14,4.5,"electric_scooter",0,"No","Metropolitan","Sunny","Low ",1,"N",5
40,"Drinks ",21,16,4.7,"motorcycle",0,"No","Semi-Urban","Fog","Jam ",1,"N",5
19,"Meal ",34,3,4.8,"scooter",1,"No","Urban","Fog","Low",1,"N",10
14,"Meal ",22,22,4.8,"scooter",1,"No","Metropolitan","Sunny","Medium",0,"N",15
10,"Buffet ",29,19,4.9,"motorcycle",2,"No","Urban","Fog","Low",1,"N",5
10,"Buffet ",35,22,4.7,"motorcycle",2,"No","Metropolitan","Sunny","Low ",0,"N",5
34,"Snack ",31,22,4.9,"motorcycle",0,"No","Metropolitan","Sandstorms","High",1,"N",10
43,"Drinks ",36,9,4.2,"motorcycle",1,"No","Metropolitan","Cloudy","Jam ",2,"Y",15
27,"Snack ",26,7,4.8,"motorcycle",2,"No","Metropolitan","Windy","Low ",1,"N",5
25,"Drinks ",30,23,5,"scooter",2,"No","Semi-Urban","Fog","Low ",1,"N",10
22,"Buffet ",29,4,4.7,"motorcycle",1,"No","Semi-Urban","Windy","High ",0,"N",5
38,"Drinks ",24,13,3.6,"electric_scooter",2,"No","Urban","Fog","Low ",1,"Y",15
41,"Snack ",32,19,4.9,"motorcycle",1,"No","Semi-Urban","Fog","Jam ",2,"N",15
17,"Buffet ",26,15,4.7,"motorcycle",0,"No","Semi-Urban","Fog","Low",1,"N",15
33,"Drinks ",39,23,4.8,"motorcycle",2,"No","Semi-Urban","Windy","Medium",0,"Y",15
25,"Snack ",36,23,4.6,"motorcycle",1,"No","Urban","Stormy","Medium",0,"N",5
35,"Buffet ",39,15,4.7,"motorcycle",0,"No","Metropolitan","Fog","Medium",0,"N",5
23,"Drinks ",30,17,5,"motorcycle",1,"No","Metropolitan","Sunny","High ",0,"Y",10
31,"Meal ",35,6,4.6,"motorcycle",1,"No","Semi-Urban","Fog","High ",1,"N",10
27,"Buffet ",22,22,4.6,"electric_scooter",2,"No","Metropolitan","Windy","High ",1,"N",10
18,"Snack ",37,7,4.9,"motorcycle",2,"No","Metropolitan","Fog","Medium",1,"N",15
24,"Drinks ",21,15,5,"scooter",2,"No","Metropolitan","Sunny","Low ",0,"N",5
35,"Buffet ",26,3,4.3,"motorcycle",0,"No","Semi-Urban","Windy","Medium",2,"N",10
25,"Drinks ",33,21,4.8,"scooter",1,"No","Metropolitan","Sandstorms","Low",0,"N",10
35,"Buffet ",38,2,4.2,"motorcycle",0,"No","Urban","Windy","Jam ",0,"N",15
25,"Snack ",30,17,4.7,"motorcycle",0,"No","Urban","Windy","Medium",1,"N",10
20,"Buffet ",26,18,5,"scooter",0,"No","Urban","Sandstorms","Low ",0,"Y",10
19,"Meal ",20,19,4.9,"motorcycle",1,"No","Urban","Fog","Medium",0,"Y",10
16,"Meal ",31,23,4.7,"electric_scooter",2,"No","Metropolitan","Sunny","Low ",1,"N",15
28,"Drinks ",27,17,4.6,"motorcycle",0,"No","Urban","Fog","Low ",0,"N",10
31,"Buffet ",26,23,4.7,"electric_scooter",1,"No","Urban","Fog","Medium",1,"N",15
18,"Meal ",33,18,4.8,"electric_scooter",0,"No","Metropolitan","Cloudy","Low ",1,"N",5
30,"Buffet ",28,7,4.7,"electric_scooter",1,"No","Metropolitan","Windy","Jam ",1,"Y",15
18,"Snack ",31,18,4.6,"electric_scooter",1,"No","Semi-Urban","Fog","Low ",1,"Y",10
25,"Buffet ",29,8,5,"electric_scooter",2,"No","Semi-Urban","Stormy","High ",1,"Y",10
21,"Snack ",22,23,4.6,"motorcycle",0,"No","Urban","Fog","Low",0,"N",5
33,"Drinks ",36,2,4.1,"motorcycle",0,"No","Urban","Stormy","Jam",1,"Y",15
27,"Drinks ",22,12,4.8,"motorcycle",0,"No","Semi-Urban","Stormy","Jam ",0,"Y",10
17,"Buffet ",23,13,4.5,"motorcycle",1,"No","Metropolitan","Windy","Jam ",1,"N",10
29,"Snack ",31,17,4.6,"electric_scooter",2,"No","Metropolitan","Sandstorms","Low",0,"Y",10
38,"Snack ",21,18,4.3,"motorcycle",2,"No","Metropolitan","Fog","Medium",1,"Y",5
45,"Buffet ",37,5,4.7,"motorcycle",0,"No","Metropolitan","Windy","Medium",1,"Y",10
22,"Meal ",31,22,4.9,"electric_scooter",2,"No","Semi-Urban","Windy","Jam ",1,"Y",15
36,"Drinks ",36,5,4.1,"motorcycle",0,"No","Semi-Urban","Stormy","Jam",1,"N",15
15,"Meal ",35,21,4.6,"scooter",2,"No","Urban","Sandstorms","Low ",1,"Y",10
20,"Snack ",37,12,4.7,"motorcycle",0,"No","Semi-Urban","Sunny","Jam ",0,"Y",5
15,"Meal ",33,3,4.2,"scooter",0,"No","Metropolitan","Stormy","Low ",1,"Y",15
17,"Drinks ",37,4,4.9,"scooter",2,"No","Metropolitan","Windy","Jam ",1,"Y",10
34,"Snack ",25,9,4.4,"scooter",2,"No","Metropolitan","Fog","Jam ",1,"N",15
27,"Meal ",35,21,5,"scooter",0,"No","Metropolitan","Sandstorms","Low ",1,"N",5
21,"Buffet ",21,19,4.7,"scooter",1,"No","Metropolitan","Sunny","Jam ",1,"N",5
26,"Meal ",35,19,4.9,"electric_scooter",0,"No","Metropolitan","Cloudy","Jam ",1,"Y",5
30,"Drinks ",21,21,4.9,"electric_scooter",2,"No","Metropolitan","Cloudy","High ",1,"N",15
24,"Drinks ",20,8,4.7,"motorcycle",0,"No","Metropolitan","Cloudy","Jam ",1,"Y",10
14,"Meal ",25,21,4.6,"motorcycle",1,"No","Semi-Urban","Fog","Medium",1,"N",15
17,"Buffet ",21,23,4.9,"motorcycle",0,"No","Semi-Urban","Sunny","Medium",0,"N",10
26,"Buffet ",21,17,4.9,"motorcycle",0,"No","Urban","Windy","Low",1,"Y",15
20,"Meal ",38,3,4.8,"scooter",1,"No","Metropolitan","Sunny","Jam",1,"N",5
31,"Buffet ",26,23,4.7,"electric_scooter",1,"No","Urban","Fog","Medium",1,"N",15
27,"Meal ",31,16,4.7,"motorcycle",1,"No","Metropolitan","Stormy","Jam ",1,"N",15
14,"Meal ",39,19,4.7,"motorcycle",2,"No","Urban","Stormy","High",1,"N",15
29,"Drinks ",25,2,4.7,"motorcycle",0,"No","Urban","Windy","Medium",1,"N",15
33,"Meal ",21,22,4.3,"scooter",1,"No","Semi-Urban","Cloudy","High",1,"N",15
15,"Drinks ",37,15,4.9,"motorcycle",1,"No","Urban","Cloudy","Low",0,"N",10
16,"Snack ",24,12,4.8,"motorcycle",2,"No","Metropolitan","Sunny","High ",1,"N",10
26,"Buffet ",31,16,4.9,"electric_scooter",1,"No","Metropolitan","Sandstorms","High ",1,"N",10
30,"Buffet ",32,16,4.8,"scooter",1,"No","Metropolitan","Windy","Jam ",1,"N",5
17,"Buffet ",29,19,4.9,"scooter",2,"No","Urban","Sunny","Low",1,"N",15
54,"Drinks ",32,9,4.9,"motorcycle",0,"Yes","Urban","Fog","Jam ",2,"Y",10
33,"Meal ",39,7,4.7,"scooter",1,"No","Metropolitan","Cloudy","Jam ",0,"N",5
38,"Meal ",34,7,4,"motorcycle",0,"No","Semi-Urban","Fog","Low ",2,"Y",15
32,"Snack ",27,13,5,"electric_scooter",1,"No","Urban","Stormy","Jam ",1,"N",10
12,"Snack ",29,5,4.6,"motorcycle",1,"No","Urban","Fog","Low ",1,"N",5
26,"Snack ",21,15,4.7,"motorcycle",0,"No","Semi-Urban","Stormy","Low",1,"N",15
19,"Meal ",37,3,4.3,"electric_scooter",0,"No","Urban","Stormy","Low",1,"N",5
28,"Meal ",36,23,4.7,"motorcycle",0,"No","Urban","Cloudy","Low ",0,"N",15
22,"Drinks ",36,23,4.8,"electric_scooter",1,"No","Semi-Urban","Sunny","Jam ",1,"N",15
20,"Snack ",26,2,4.6,"motorcycle",0,"No","Urban","Fog","Low",0,"N",15
11,"Buffet ",23,16,4.8,"motorcycle",1,"No","Urban","Windy","Low",1,"N",15
11,"Snack ",35,15,4.8,"motorcycle",1,"No","Metropolitan","Stormy","Low",0,"N",10
16,"Meal ",30,22,4.6,"electric_scooter",0,"No","Semi-Urban","Sunny","Low ",0,"N",20
31,"Buffet ",36,6,3.1,"motorcycle",0,"No","Semi-Urban","Sunny","Low ",0,"Y",10
27,"Buffet ",35,17,4.7,"scooter",1,"No","Urban","Fog","Jam",1,"N",10
26,"Snack ",25,22,4.6,"scooter",1,"No","Metropolitan","Sandstorms","Medium",1,"N",10
11,"Meal ",34,15,4.8,"motorcycle",1,"No","Metropolitan","Stormy","Low ",1,"N",15
28,"Drinks ",36,9,4.7,"electric_scooter",2,"No","Metropolitan","Fog","High ",1,"N",15
32,"Drinks ",25,19,5,"scooter",2,"No","Metropolitan","Stormy","Jam ",1,"Y",10
29,"Snack ",27,21,4.9,"scooter",1,"No","Semi-Urban","Sandstorms","Low",1,"N",10
17,"Drinks ",28,16,5,"motorcycle",1,"No","Urban","Sunny","Medium",0,"Y",15
35,"Drinks ",30,4,4.1,"electric_scooter",0,"No","Urban","Stormy","Jam",1,"Y",5
19,"Drinks ",21,12,4.7,"scooter",2,"No","Urban","Sunny","Jam ",0,"Y",15
44,"Snack ",34,13,5,"motorcycle",0,"Yes","Metropolitan","Fog","Medium",0,"N",15
23,"Meal ",36,23,4.6,"scooter",1,"No","Metropolitan","Stormy","Jam ",0,"N",15
20,"Meal ",25,13,4.8,"electric_scooter",0,"No","Metropolitan","Sandstorms","Medium",1,"N",10
13,"Drinks ",39,23,4.9,"electric_scooter",1,"No","Urban","Sunny","Low",1,"Y",10
21,"Drinks ",32,23,4.7,"motorcycle",0,"No","Urban","Cloudy","Low ",1,"N",5
39,"Meal ",34,7,4.2,"scooter",1,"No","Metropolitan","Sandstorms","Medium",1,"N",5
15,"Buffet ",33,23,5,"scooter",2,"No","Metropolitan","Sunny","Medium",1,"N",5
25,"Snack ",26,12,4.9,"electric_scooter",0,"No","Metropolitan","Fog","High ",1,"N",5
35,"Snack ",33,1,4.3,"scooter",1,"No","Metropolitan","Cloudy","Medium",0,"N",5
25,"Drinks ",38,4,5,"motorcycle",1,"No","Metropolitan","Fog","Medium",1,"N",15
16,"Drinks ",39,18,4.7,"motorcycle",1,"No","Metropolitan","Sunny","High",0,"N",10
30,"Snack ",35,3,4.6,"motorcycle",2,"No","Urban","Fog","Medium",1,"N",10
16,"Snack ",27,23,4.9,"motorcycle",0,"No","Urban","Sunny","Jam ",1,"N",15
46,"Buffet ",39,9,4.6,"motorcycle",0,"No","Metropolitan","Stormy","Jam ",1,"N",15
19,"Snack ",31,3,4.8,"electric_scooter",1,"No","Metropolitan","Stormy","Medium",0,"N",10
25,"Meal ",31,23,4.6,"scooter",1,"No","Urban","Stormy","Jam ",1,"Y",5
22,"Snack ",33,13,4.8,"scooter",1,"No","Metropolitan","Sandstorms","Low ",0,"N",10
11,"Snack ",39,2,5,"electric_scooter",2,"No","Metropolitan","Sandstorms","Low ",0,"N",5
32,"Buffet ",21,1,4,"scooter",1,"No","Metropolitan","Cloudy","High ",1,"N",15
24,"Meal ",20,21,5,"motorcycle",1,"No","Metropolitan","Stormy","Medium",0,"Y",10
18,"Meal ",38,13,4.7,"scooter",1,"No","Metropolitan","Sunny","Jam ",0,"Y",5
21,"Drinks ",23,7,5,"motorcycle",0,"No","Metropolitan","Stormy","Low ",1,"N",10
12,"Drinks ",39,16,4.9,"scooter",2,"No","Metropolitan","Stormy","Low ",0,"Y",15
31,"Buffet ",30,11,4.4,"electric_scooter",0,"No","Urban","Sandstorms","Jam ",1,"Y",5
31,"Drinks ",28,5,4.2,"electric_scooter",2,"No","Semi-Urban","Windy","Medium",1,"N",10
20,"Snack ",26,19,4.5,"motorcycle",1,"No","Metropolitan","Sandstorms","Jam ",0,"N",5
42,"Snack ",35,11,4.5,"motorcycle",0,"No","Urban","Fog","Jam ",2,"N",10
26,"Meal ",21,9,4.9,"electric_scooter",2,"No","Metropolitan","Stormy","High ",1,"N",10
25,"Drinks ",32,7,4.3,"motorcycle",0,"No","Metropolitan","Windy","Low ",1,"N",15
18,"Snack ",26,1,4.7,"scooter",1,"No","Urban","Sandstorms","Low",0,"N",5
33,"Snack ",28,6,4,"scooter",2,"No","Metropolitan","Fog","Medium",0,"Y",10
22,"Drinks ",26,9,4.3,"motorcycle",0,"No","Metropolitan","Stormy","Low ",1,"Y",15
19,"Meal ",31,18,4.6,"motorcycle",2,"No","Metropolitan","Sandstorms","Jam ",0,"Y",10
27,"Drinks ",39,21,4.8,"motorcycle",2,"No","Metropolitan","Stormy","Jam ",1,"N",10
15,"Snack ",35,15,4.7,"motorcycle",2,"No","Urban","Windy","Jam",1,"N",15
27,"Buffet ",26,19,4.9,"scooter",2,"No","Metropolitan","Sandstorms","Low ",1,"N",15
31,"Meal ",39,17,4,"electric_scooter",2,"No","Metropolitan","Cloudy","Medium",1,"Y",10
38,"Drinks ",21,23,5,"scooter",1,"No","Urban","Cloudy","Jam ",0,"N",5
29,"Drinks ",35,13,4.7,"motorcycle",0,"No","Metropolitan","Sunny","Jam ",1,"N",15
28,"Meal ",33,15,5,"motorcycle",1,"No","Urban","Stormy","Jam",0,"N",15
39,"Snack ",25,2,4.4,"motorcycle",1,"No","Metropolitan","Fog","Medium",0,"N",10
34,"Drinks ",39,11,4,"motorcycle",2,"No","Metropolitan","Fog","Medium",0,"N",10
18,"Snack ",37,17,4.8,"motorcycle",2,"No","Urban","Sunny","Jam ",1,"N",15
36,"Drinks ",32,23,4.7,"motorcycle",0,"No","Metropolitan","Fog","Medium",1,"Y",10
25,"Meal ",22,22,5,"motorcycle",0,"No","Semi-Urban","Fog","Low ",1,"N",10
24,"Meal ",20,17,4.8,"motorcycle",0,"No","Urban","Stormy","Low",1,"Y",15
33,"Drinks ",36,13,4.1,"electric_scooter",0,"No","Metropolitan","Windy","Jam ",1,"N",10
22,"Buffet ",20,14,4.7,"motorcycle",0,"No","Metropolitan","Cloudy","Jam ",1,"N",15
30,"Snack ",33,23,5,"motorcycle",1,"No","Metropolitan","Sunny","Low ",1,"N",10
16,"Meal ",24,22,4.9,"motorcycle",0,"No","Urban","Stormy","Low",1,"N",10
10,"Snack ",23,18,4.6,"electric_scooter",2,"No","Urban","Sandstorms","Low",0,"N",10
47,"Drinks ",37,9,4.7,"scooter",0,"Yes","Metropolitan","Cloudy","Jam ",1,"N",15
22,"Drinks ",21,16,4.6,"motorcycle",1,"No","Metropolitan","Sunny","High ",1,"N",15
29,"Drinks ",27,17,4.8,"motorcycle",2,"No","Urban","Windy","Low",0,"Y",5
18,"Meal ",21,22,4.7,"scooter",2,"No","Urban","Sandstorms","Jam",1,"N",15
26,"Meal ",25,2,4.2,"motorcycle",0,"No","Urban","Stormy","Low",1,"N",10
54,"Buffet ",35,3,4.4,"motorcycle",0,"No","Urban","Stormy","Jam",0,"Y",10
53,"Meal ",38,17,4.6,"motorcycle",0,"No","Urban","Stormy","Jam ",3,"N",15
29,"Snack ",31,11,4.9,"electric_scooter",2,"No","Metropolitan","Sunny","Jam ",1,"N",10
20,"Snack ",22,1,4,"electric_scooter",0,"No","Semi-Urban","Sandstorms","Low",0,"N",15
25,"Meal ",36,22,4.4,"motorcycle",0,"No","Metropolitan","Stormy","Low ",1,"N",15
21,"Drinks ",24,14,4.7,"scooter",1,"No","Metropolitan","Sunny","Low ",1,"Y",10
35,"Snack ",21,11,4,"motorcycle",1,"No","Metropolitan","Fog","Jam ",1,"N",10
27,"Buffet ",25,12,4.8,"scooter",2,"No","Metropolitan","Stormy","Medium",1,"N",15
40,"Buffet ",20,4,4.6,"motorcycle",0,"No","Metropolitan","Sandstorms","Low ",1,"N",10
30,"Drinks ",39,3,4.5,"scooter",2,"No","Semi-Urban","Fog","Medium",1,"N",5
44,"Snack ",28,4,3.7,"scooter",2,"No","Urban","Windy","Jam",1,"N",15
25,"Snack ",26,16,4.7,"motorcycle",1,"No","Semi-Urban","Windy","Medium",1,"N",15
39,"Meal ",24,4,5,"motorcycle",0,"No","Urban","Fog","Jam ",1,"N",10
35,"Meal ",32,21,4.4,"motorcycle",2,"No","Urban","Windy","Jam",1,"N",15
29,"Meal ",26,13,4.6,"electric_scooter",2,"No","Urban","Cloudy","Medium",0,"N",15
34,"Buffet ",37,22,4.5,"scooter",2,"No","Metropolitan","Sandstorms","Medium",1,"N",10
35,"Snack ",30,7,4.7,"scooter",1,"No","Metropolitan","Stormy","Jam ",1,"N",15
17,"Buffet ",20,21,4.8,"motorcycle",2,"No","Metropolitan","Sunny","Jam ",1,"N",10
26,"Meal ",25,19,4.5,"scooter",2,"No","Metropolitan","Windy","Low ",1,"N",10
35,"Meal ",24,2,4,"motorcycle",0,"No","Metropolitan","Sandstorms","Medium",1,"N",10
31,"Meal ",38,3,4.3,"electric_scooter",0,"No","Urban","Windy","High",0,"N",5
32,"Snack ",39,22,5,"motorcycle",0,"No","Metropolitan","Sunny","Jam ",1,"N",10
22,"Buffet ",31,18,4.9,"motorcycle",0,"No","Urban","Sandstorms","Low",1,"Y",15
17,"Snack ",23,9,4.5,"scooter",1,"No","Metropolitan","Fog","Low ",0,"N",5
34,"Snack ",21,8,4.8,"scooter",1,"No","Metropolitan","Windy","Jam ",1,"Y",10
37,"Meal ",24,6,4.1,"motorcycle",1,"No","Urban","Fog","Low ",1,"Y",5
27,"Buffet ",27,21,4.6,"motorcycle",1,"No","Semi-Urban","Windy","Jam ",1,"Y",15
16,"Snack ",23,18,4.9,"motorcycle",0,"No","Urban","Sunny","Low",1,"N",10
28,"Snack ",34,13,4.2,"electric_scooter",0,"No","Metropolitan","Sandstorms","Low ",0,"N",10
34,"Meal ",23,17,4.7,"motorcycle",0,"No","Semi-Urban","Windy","High ",1,"Y",5
35,"Drinks ",22,1,4.9,"motorcycle",0,"No","Urban","Fog","Jam ",1,"Y",15
25,"Meal ",38,18,4.7,"motorcycle",0,"No","Metropolitan","Windy","Medium",1,"Y",15
20,"Drinks ",25,22,5,"scooter",1,"No","Urban","Sandstorms","Low",1,"N",10
24,"Meal ",28,9,4.5,"motorcycle",0,"No","Semi-Urban","Sandstorms","Medium",1,"Y",10
25,"Snack ",30,2,4.3,"motorcycle",0,"No","Metropolitan","Sandstorms","Low ",1,"N",15
25,"Snack ",29,2,4.5,"motorcycle",2,"No","Urban","Windy","Jam",1,"N",10
28,"Snack ",25,8,4.9,"motorcycle",0,"No","Semi-Urban","Stormy","Medium",0,"N",15
26,"Drinks ",30,23,4.6,"motorcycle",1,"No","Semi-Urban","Windy","Medium",1,"N",15
41,"Snack ",27,7,4,"motorcycle",0,"No","Metropolitan","Sandstorms","High ",1,"N",10
19,"Buffet ",27,17,4.8,"scooter",1,"No","Metropolitan","Cloudy","Low ",0,"N",25
22,"Buffet ",27,7,4.8,"motorcycle",1,"No","Metropolitan","Sandstorms","Low ",1,"N",15
31,"Buffet ",24,13,4.1,"motorcycle",0,"No","Metropolitan","Fog","High ",1,"N",15
16,"Meal ",30,7,4.9,"motorcycle",1,"No","Metropolitan","Sunny","Jam ",1,"Y",5
30,"Buffet ",36,21,5,"scooter",1,"No","Metropolitan","Stormy","Jam ",1,"N",5
30,"Snack ",29,18,4.8,"motorcycle",0,"No","Metropolitan","Windy","Medium",1,"Y",10
39,"Drinks ",38,19,4.6,"scooter",2,"No","Urban","Cloudy","Jam",1,"N",5
42,"Meal ",39,2,4.3,"scooter",2,"Yes","Urban","Stormy","Jam",1,"N",10
25,"Buffet ",29,13,4.9,"scooter",0,"No","Metropolitan","Sunny","Medium",0,"Y",10
38,"Drinks ",39,17,4.3,"scooter",1,"No","Metropolitan","Cloudy","Low ",0,"N",10
20,"Buffet ",26,8,4.5,"scooter",2,"No","Semi-Urban","Sunny","Low ",1,"N",15
25,"Buffet ",38,17,4.2,"motorcycle",0,"No","Urban","Stormy","Low ",0,"N",10
25,"Buffet ",35,14,4.7,"motorcycle",2,"No","Metropolitan","Windy","Low ",1,"N",5
29,"Snack ",25,6,4.8,"electric_scooter",2,"No","Semi-Urban","Windy","Low ",1,"Y",10
19,"Buffet ",26,23,4.6,"scooter",2,"No","Urban","Sunny","High",0,"Y",5
40,"Meal ",20,21,5,"motorcycle",0,"Yes","Metropolitan","Cloudy","Jam ",1,"N",15
26,"Snack ",23,15,4.7,"electric_scooter",0,"No","Urban","Windy","Low ",1,"Y",20
19,"Meal ",27,16,4.8,"electric_scooter",1,"No","Metropolitan","Sunny","Low ",1,"N",15
27,"Snack ",32,13,4.7,"motorcycle",0,"No","Metropolitan","Cloudy","Low ",1,"N",5
22,"Snack ",37,21,4.6,"motorcycle",0,"No","Metropolitan","Windy","Low",1,"N",15
46,"Meal ",29,2,4.6,"scooter",1,"No","Semi-Urban","Fog","Jam ",0,"N",15
24,"Snack ",21,22,4.5,"scooter",1,"No","Urban","Sunny","Jam",1,"N",10
30,"Buffet ",30,19,4.6,"electric_scooter",0,"No","Urban","Windy","Jam",1,"Y",5
25,"Snack ",35,13,4.5,"electric_scooter",0,"No","Metropolitan","Cloudy","Medium",1,"N",15
20,"Drinks ",29,3,4.5,"scooter",0,"No","Metropolitan","Fog","Low ",1,"N",5
20,"Snack ",29,16,4.6,"scooter",2,"No","Metropolitan","Stormy","Medium",1,"N",5
11,"Snack ",27,15,4.6,"scooter",1,"No","Metropolitan","Windy","Low",0,"N",25
19,"Drinks ",39,23,4.6,"motorcycle",1,"No","Metropolitan","Fog","Low ",0,"N",15
27,"Meal ",21,18,4.7,"electric_scooter",2,"No","Urban","Stormy","Medium",1,"N",5
44,"Buffet ",34,14,5,"motorcycle",1,"No","Metropolitan","Cloudy","Jam ",1,"Y",5
20,"Meal ",35,9,5,"scooter",2,"No","Metropolitan","Fog","Low ",0,"Y",15
16,"Snack ",34,21,4.8,"electric_scooter",1,"No","Urban","Windy","Low",1,"N",5
17,"Meal ",36,23,4.6,"scooter",2,"No","Semi-Urban","Sandstorms","Low ",1,"Y",5
24,"Snack ",35,22,4.9,"electric_scooter",0,"No","Metropolitan","Sunny","Jam ",1,"N",5
15,"Drinks ",38,18,4.9,"motorcycle",1,"No","Urban","Sandstorms","Jam",1,"N",10
26,"Snack ",25,21,4.6,"motorcycle",1,"No","Metropolitan","Cloudy","Low ",1,"Y",5
21,"Buffet ",32,9,4.5,"scooter",1,"No","Metropolitan","Windy","Low ",0,"Y",15
26,"Snack ",22,16,4.8,"electric_scooter",2,"No","Metropolitan","Sunny","Low ",1,"N",15
25,"Snack ",21,23,4.9,"scooter",1,"No","Metropolitan","Windy","Jam ",1,"N",15
19,"Drinks ",33,18,4.8,"motorcycle",1,"No","Urban","Sunny","Medium",1,"N",5
11,"Drinks ",28,18,4.9,"electric_scooter",1,"No","Metropolitan","Sandstorms","Low",0,"N",5
10,"Snack ",39,15,4.9,"electric_scooter",1,"No","Urban","Stormy","Low",0,"N",25
25,"Buffet ",21,19,4.9,"scooter",1,"No","Metropolitan","Stormy","Low ",1,"Y",10
21,"Drinks ",34,17,5,"motorcycle",2,"No","Metropolitan","Cloudy","High ",1,"Y",15
44,"Buffet ",29,1,4.4,"motorcycle",2,"No","Urban","Windy","Jam ",1,"N",10
32,"Buffet ",21,4,4.4,"electric_scooter",2,"No","Metropolitan","Windy","Medium",1,"N",10
18,"Buffet ",28,18,5,"electric_scooter",1,"No","Metropolitan","Stormy","High ",1,"N",15
30,"Meal ",39,17,4.8,"motorcycle",0,"No","Urban","Windy","Jam ",1,"Y",5
25,"Snack ",30,16,4.5,"motorcycle",1,"No","Metropolitan","Sunny","Jam ",1,"N",10
26,"Snack ",24,2,4.8,"scooter",1,"No","Metropolitan","Stormy","Low ",0,"N",5
37,"Buffet ",21,13,4.4,"scooter",0,"No","Metropolitan","Fog","Low ",0,"N",5
28,"Drinks ",25,9,4.6,"scooter",2,"No","Metropolitan","Windy","Jam ",0,"N",10
25,"Meal ",23,5,4.6,"scooter",2,"No","Metropolitan","Sandstorms","Jam ",1,"Y",10
23,"Buffet ",24,18,4.8,"motorcycle",1,"No","Metropolitan","Sunny","Jam ",1,"N",5
28,"Buffet ",34,22,5,"scooter",2,"No","Metropolitan","Windy","Low ",0,"N",15
20,"Drinks ",35,15,4.8,"scooter",2,"No","Metropolitan","Stormy","Jam ",1,"N",10
24,"Snack ",36,5,5,"scooter",2,"No","Metropolitan","Fog","Jam ",1,"N",10
26,"Snack ",27,21,4.9,"motorcycle",0,"No","Metropolitan","Cloudy","Jam ",1,"N",10
23,"Snack ",31,23,5,"motorcycle",1,"No","Urban","Sunny","Low",1,"N",15
31,"Drinks ",28,2,5,"motorcycle",0,"No","Metropolitan","Stormy","Jam ",0,"N",5
42,"Drinks ",39,19,4.9,"motorcycle",0,"No","Metropolitan","Fog","Jam",1,"N",5
37,"Meal ",29,15,4.3,"electric_scooter",0,"No","Metropolitan","Sandstorms","Jam ",1,"N",10
30,"Meal ",37,17,4.7,"scooter",1,"No","Semi-Urban","Fog","High ",1,"Y",10
38,"Drinks ",37,3,4.8,"scooter",1,"No","Metropolitan","Cloudy","Jam ",2,"N",5
39,"Buffet ",29,5,4.1,"electric_scooter",0,"No","Urban","Windy","Jam",0,"N",5
14,"Buffet ",23,14,4.6,"motorcycle",1,"No","Metropolitan","Stormy","Low ",0,"N",15
27,"Meal ",33,6,4.5,"motorcycle",1,"No","Urban","Stormy","High",1,"N",5
19,"Snack ",28,16,4.6,"motorcycle",1,"No","Urban","Cloudy","Medium",1,"N",15
26,"Buffet ",34,15,4.5,"motorcycle",0,"No","Metropolitan","Windy","Medium",0,"N",10
40,"Drinks ",26,2,4.4,"scooter",1,"No","Metropolitan","Fog","Medium",0,"N",10
19,"Snack ",25,23,4.9,"scooter",1,"No","Urban","Stormy","Low ",1,"Y",15
23,"Snack ",31,2,4.1,"motorcycle",0,"No","Metropolitan","Stormy","Low ",0,"N",10
36,"Drinks ",20,5,4.3,"electric_scooter",1,"No","Metropolitan","Fog","Jam ",1,"N",10
19,"Meal ",30,4,4.7,"motorcycle",0,"No","Urban","Windy","High ",1,"Y",15
14,"Snack ",31,18,4.6,"electric_scooter",2,"No","Urban","Windy","Low",0,"N",5
23,"Drinks ",39,19,4.6,"motorcycle",2,"No","Metropolitan","Sandstorms","Medium",1,"Y",5
10,"Buffet ",21,23,4.6,"electric_scooter",1,"No","Metropolitan","Sunny","High ",0,"Y",10
34,"Snack ",33,1,4.1,"scooter",2,"No","Urban","Cloudy","Low",1,"Y",5
10,"Buffet ",36,18,4.6,"motorcycle",1,"No","Urban","Cloudy","Low",0,"N",15
35,"Meal ",32,12,4.5,"motorcycle",0,"No","Urban","Fog","Medium",0,"Y",15
27,"Buffet ",34,6,4.5,"scooter",1,"No","Urban","Sandstorms","Low",1,"N",10
52,"Snack ",36,5,5,"motorcycle",0,"No","Semi-Urban","Stormy","Jam ",1,"N",15
26,"Snack ",27,15,4.6,"electric_scooter",2,"No","Metropolitan","Sunny","Medium",1,"Y",15
36,"Snack ",39,1,4.4,"electric_scooter",1,"No","Metropolitan","Fog","Medium",1,"N",5
16,"Drinks ",30,9,4.8,"motorcycle",2,"No","Metropolitan","Stormy","Medium",1,"N",15
33,"Meal ",30,19,4.1,"electric_scooter",2,"No","Urban","Sandstorms","Jam ",1,"N",10
35,"Meal ",37,12,3.1,"motorcycle",1,"No","Urban","Sunny","Low ",0,"Y",10
18,"Drinks ",30,12,4.5,"scooter",2,"No","Metropolitan","Fog","Medium",0,"N",10
31,"Buffet ",35,3,4,"scooter",1,"No","Semi-Urban","Cloudy","High ",1,"N",15
48,"Buffet ",28,6,4.8,"motorcycle",0,"No","Urban","Cloudy","Jam ",3,"Y",10
23,"Meal ",27,12,4.8,"electric_scooter",1,"No","Metropolitan","Sunny","Jam ",1,"N",15
29,"Drinks ",37,12,4.6,"scooter",1,"No","Urban","Stormy","Medium",1,"Y",15
35,"Buffet ",25,6,4.8,"motorcycle",0,"No","Metropolitan","Cloudy","Jam ",1,"N",5
23,"Snack ",24,12,4.6,"electric_scooter",2,"No","Metropolitan","Sunny","Low ",1,"Y",5
18,"Drinks ",25,19,5,"motorcycle",1,"No","Metropolitan","Sandstorms","Low ",1,"N",5
13,"Snack ",29,15,4.6,"scooter",2,"No","Metropolitan","Sunny","Low ",1,"N",15
22,"Snack ",38,19,4.8,"motorcycle",1,"No","Metropolitan","Sandstorms","Low ",0,"N",15
20,"Buffet ",35,23,4.6,"motorcycle",0,"No","Metropolitan","Fog","Low",1,"N",5
19,"Snack ",32,18,4.9,"scooter",2,"No","Metropolitan","Stormy","Low ",1,"N",15
24,"Snack ",28,16,4.8,"motorcycle",0,"No","Metropolitan","Sunny","Medium",0,"N",10
16,"Drinks ",22,19,4.8,"scooter",2,"No","Semi-Urban","Stormy","Low ",0,"N",10
22,"Drinks ",32,7,4.9,"motorcycle",0,"No","Metropolitan","Sunny","Jam ",0,"N",5
19,"Drinks ",38,12,4.8,"electric_scooter",2,"No","Metropolitan","Sunny","Jam ",0,"Y",10
17,"Snack ",20,17,4.8,"motorcycle",1,"No","Metropolitan","Sunny","Jam ",0,"N",15
53,"Buffet ",26,5,4.3,"motorcycle",0,"Yes","Semi-Urban","Windy","Jam",1,"N",15
14,"Snack ",23,16,4.7,"motorcycle",2,"No","Metropolitan","Windy","Low ",0,"Y",10
24,"Snack ",33,21,4.7,"scooter",1,"No","Urban","Stormy","Medium",1,"Y",15
18,"Drinks ",37,19,4.7,"motorcycle",1,"No","Metropolitan","Stormy","Jam ",1,"N",10
34,"Buffet ",22,6,4.8,"electric_scooter",2,"No","Metropolitan","Windy","Medium",1,"N",10
22,"Buffet ",35,19,4.5,"motorcycle",0,"No","Urban","Sunny","Low ",1,"N",10
17,"Buffet ",35,6,4.7,"motorcycle",1,"No","Semi-Urban","Sunny","High",1,"N",15
27,"Drinks ",39,19,4.9,"scooter",2,"No","Urban","Sandstorms","Low ",0,"N",15
10,"Drinks ",31,15,4.9,"scooter",2,"No","Metropolitan","Sandstorms","Low",1,"N",5
42,"Buffet ",30,18,4.7,"motorcycle",1,"No","Metropolitan","Cloudy","Jam ",1,"N",15
32,"Drinks ",36,5,4.2,"motorcycle",0,"No","Metropolitan","Sunny","High ",1,"Y",5
15,"Meal ",26,17,4.7,"electric_scooter",0,"No","Urban","Stormy","Low ",0,"N",5
43,"Drinks ",34,20,4,"motorcycle",0,"No","Urban","Windy","Medium",3,"N",10
37,"Buffet ",22,16,5,"electric_scooter",0,"No","Metropolitan","Windy","High ",1,"N",10
20,"Meal ",25,23,4.7,"motorcycle",2,"No","Urban","Windy","Medium",1,"N",15
18,"Drinks ",31,23,4.9,"electric_scooter",2,"No","Metropolitan","Fog","Low ",1,"N",10
21,"Buffet ",30,3,4,"motorcycle",0,"No","Semi-Urban","Sandstorms","Low",1,"N",5
15,"Drinks ",24,23,4.6,"motorcycle",1,"No","Metropolitan","Sunny","Jam ",1,"Y",5
10,"Buffet ",23,15,4.9,"scooter",1,"No","Metropolitan","Sandstorms","Low",1,"N",15
26,"Buffet ",26,21,4.7,"electric_scooter",2,"No","Urban","Sandstorms","Low",1,"Y",10
27,"Drinks ",38,23,5,"scooter",1,"No","Urban","Cloudy","Medium",1,"N",15
19,"Snack ",28,23,4.9,"electric_scooter",2,"No","Metropolitan","Sunny","Medium",1,"N",10
11,"Snack ",36,15,4.7,"motorcycle",2,"No","Metropolitan","Sunny","Jam ",0,"N",5
34,"Drinks ",26,6,4.8,"electric_scooter",1,"No","Metropolitan","Stormy","Jam ",2,"Y",10
33,"Snack ",28,23,5,"motorcycle",0,"No","Metropolitan","Cloudy","Medium",1,"N",5
45,"Meal ",33,8,4.7,"electric_scooter",0,"Yes","Semi-Urban","Cloudy","Jam ",0,"N",5
42,"Buffet ",21,23,4.9,"motorcycle",0,"No","Metropolitan","Fog","Jam ",1,"N",5
38,"Buffet ",29,4,5,"scooter",1,"No","Metropolitan","Fog","Jam ",1,"N",15
16,"Snack ",34,15,4.6,"electric_scooter",2,"No","Urban","Sunny","Jam",1,"N",5
26,"Drinks ",22,14,4.9,"scooter",2,"No","Metropolitan","Windy","Medium",1,"N",10
11,"Meal ",28,6,4.6,"electric_scooter",2,"No","Metropolitan","Stormy","Low ",0,"Y",15
35,"Drinks ",26,6,4.2,"motorcycle",2,"No","Metropolitan","Fog","Jam ",1,"N",10
41,"Meal ",25,5,4.8,"electric_scooter",0,"No","Urban","Windy","Jam ",1,"N",10
45,"Meal ",38,15,4.7,"motorcycle",0,"No","Urban","Stormy","Jam ",1,"N",15
29,"Buffet ",36,4,4.6,"scooter",1,"No","Urban","Sunny","Medium",1,"Y",10
26,"Snack ",34,7,5,"motorcycle",0,"No","Metropolitan","Fog","Low ",1,"N",20
18,"Meal ",37,17,4.9,"electric_scooter",1,"No","Urban","Windy","Jam",1,"N",10
24,"Meal ",25,1,4.4,"motorcycle",0,"No","Metropolitan","Sandstorms","Low",1,"N",20
16,"Meal ",28,21,4.9,"motorcycle",2,"No","Metropolitan","Sandstorms","High ",0,"N",5
28,"Meal ",29,2,4.7,"motorcycle",1,"No","Metropolitan","Windy","Medium",1,"Y",5
14,"Drinks ",29,22,4.9,"electric_scooter",2,"No","Semi-Urban","Windy","Jam ",1,"N",15
28,"Meal ",25,21,4.9,"motorcycle",0,"No","Metropolitan","Windy","Jam ",1,"Y",5
33,"Drinks ",36,3,4.1,"electric_scooter",2,"No","Metropolitan","Sandstorms","Medium",1,"N",5
42,"Meal ",37,6,4.2,"motorcycle",2,"No","Urban","Fog","Medium",1,"Y",5
21,"Meal ",33,5,5,"motorcycle",0,"No","Metropolitan","Fog","Low ",1,"N",15
33,"Buffet ",36,5,3.6,"motorcycle",2,"No","Urban","Stormy","Jam ",0,"N",15
23,"Meal ",29,16,4.6,"motorcycle",0,"No","Metropolitan","Fog","Low ",1,"Y",15
28,"Drinks ",27,17,4.8,"scooter",1,"No","Semi-Urban","Cloudy","High ",1,"Y",15
15,"Snack ",39,6,4.8,"scooter",2,"No","Urban","Stormy","Low",1,"N",15
19,"Meal ",27,9,4.7,"motorcycle",0,"No","Semi-Urban","Cloudy","Low ",0,"N",20
20,"Meal ",35,23,4.5,"motorcycle",2,"No","Metropolitan","Windy","Low ",0,"N",10
11,"Meal ",39,22,4.5,"scooter",2,"No","Metropolitan","Sandstorms","High ",0,"Y",5
39,"Snack ",26,18,5,"motorcycle",0,"No","Metropolitan","Stormy","Jam ",0,"N",5
32,"Buffet ",38,4,4.3,"motorcycle",1,"No","Urban","Fog","Jam ",1,"N",15
28,"Buffet ",37,23,4.9,"electric_scooter",1,"No","Metropolitan","Windy","Low ",1,"N",10
14,"Buffet ",25,22,4.6,"scooter",2,"No","Urban","Stormy","Jam",0,"N",10
16,"Meal ",33,22,4.9,"motorcycle",1,"No","Urban","Fog","Medium",1,"N",10
20,"Meal ",38,17,4.8,"motorcycle",2,"No","Semi-Urban","Windy","Low",1,"Y",5
33,"Drinks ",24,2,5,"electric_scooter",1,"No","Metropolitan","Windy","High ",1,"Y",5
13,"Drinks ",28,18,4.8,"electric_scooter",1,"No","Urban","Sunny","Low",0,"Y",10
16,"Meal ",39,14,4.7,"electric_scooter",1,"No","Metropolitan","Sunny","Low ",1,"Y",5
18,"Drinks ",35,16,4.8,"scooter",2,"No","Urban","Stormy","Jam",0,"N",15
16,"Snack ",33,16,4.5,"electric_scooter",2,"No","Metropolitan","Sandstorms","Low ",0,"Y",5
26,"Snack ",30,14,4.7,"scooter",1,"No","Metropolitan","Stormy","Low ",1,"N",5
19,"Drinks ",38,23,4.5,"motorcycle",1,"No","Metropolitan","Sunny","Jam ",1,"Y",15
20,"Snack ",24,1,4.4,"motorcycle",0,"No","Urban","Stormy","Low",0,"N",15
41,"Buffet ",34,4,3.7,"motorcycle",2,"No","Metropolitan","Windy","Jam ",1,"N",5
20,"Meal ",36,19,4.6,"electric_scooter",1,"No","Metropolitan","Cloudy","Low ",1,"Y",5
24,"Snack ",28,8,4.7,"motorcycle",0,"No","Metropolitan","Stormy","Jam ",1,"Y",10
39,"Buffet ",31,9,4.9,"motorcycle",0,"No","Metropolitan","Stormy","Jam ",0,"Y",10
32,"Snack ",27,6,3.8,"electric_scooter",2,"No","Metropolitan","Sunny","Jam ",1,"N",15
37,"Buffet ",38,5,4.4,"scooter",2,"No","Urban","Cloudy","High ",1,"N",5
15,"Snack ",20,23,4.8,"scooter",1,"No","Urban","Sunny","High ",1,"Y",15
19,"Drinks ",22,17,4.6,"motorcycle",1,"No","Urban","Sunny","Medium",1,"N",15
19,"Drinks ",29,14,4.7,"scooter",2,"No","Semi-Urban","Stormy","Jam ",1,"Y",15
31,"Meal ",24,18,4.9,"motorcycle",0,"No","Urban","Sandstorms","High",0,"N",5
23,"Meal ",33,22,4.7,"motorcycle",0,"No","Urban","Stormy","Low ",0,"Y",15
30,"Buffet ",30,2,4.7,"motorcycle",2,"No","Urban","Cloudy","Jam ",0,"Y",5
23,"Meal ",30,3,4.2,"motorcycle",0,"No","Semi-Urban","Sandstorms","Low ",1,"N",15
22,"Meal ",24,23,4.9,"motorcycle",0,"No","Metropolitan","Windy","Low ",1,"N",15
25,"Snack ",32,16,4.7,"scooter",1,"No","Metropolitan","Windy","High ",1,"N",5
34,"Snack ",34,22,4.9,"electric_scooter",0,"No","Urban","Cloudy","Jam",1,"N",15
41,"Meal ",37,14,4.4,"motorcycle",0,"No","Metropolitan","Sandstorms","Jam ",1,"Y",10
28,"Buffet ",38,18,4.6,"motorcycle",0,"No","Urban","Sunny","Jam ",1,"N",5
49,"Meal ",33,12,4.6,"scooter",2,"Yes","Metropolitan","Fog","Jam ",2,"Y",5
24,"Drinks ",32,23,4.9,"electric_scooter",1,"No","Metropolitan","Windy","Low",1,"Y",5
19,"Buffet ",38,23,4.9,"motorcycle",0,"No","Semi-Urban","Windy","Low ",1,"N",20
16,"Buffet ",36,18,4.9,"scooter",2,"No","Semi-Urban","Stormy","Low",0,"N",10
36,"Meal ",38,22,4.9,"scooter",0,"No","Urban","Stormy","Jam",1,"N",5
24,"Meal ",31,23,4.6,"scooter",2,"No","Metropolitan","Cloudy","Jam ",1,"Y",15
47,"Snack ",24,3,4,"scooter",1,"No","Metropolitan","Sunny","Jam ",3,"Y",15
38,"Meal ",34,13,4.8,"scooter",2,"No","Urban","Fog","Jam ",1,"Y",15
26,"Meal ",21,19,4.5,"scooter",2,"No","Semi-Urban","Windy","Medium",0,"N",15
15,"Drinks ",33,4,4.8,"scooter",2,"No","Metropolitan","Fog","Low ",0,"N",5
35,"Snack ",28,3,4.7,"motorcycle",1,"No","Metropolitan","Fog","Medium",1,"Y",5
18,"Buffet ",26,19,4.6,"electric_scooter",0,"No","Metropolitan","Windy","Low ",0,"Y",5
44,"Buffet ",32,5,5,"scooter",2,"Yes","Semi-Urban","Stormy","Jam ",1,"N",15
53,"Meal ",33,5,3.6,"motorcycle",0,"No","Metropolitan","Sunny","Jam ",1,"N",10
29,"Drinks ",38,1,4.8,"electric_scooter",2,"No","Metropolitan","Stormy","Medium",0,"N",15
15,"Drinks ",36,9,5,"scooter",2,"No","Urban","Sunny","Jam ",1,"N",15
28,"Meal ",29,22,4.9,"motorcycle",2,"No","Metropolitan","Cloudy","Low ",1,"N",10
11,"Meal ",25,15,4.7,"electric_scooter",1,"No","Urban","Windy","Low",0,"N",10
26,"Buffet ",20,9,4.7,"scooter",2,"No","Semi-Urban","Stormy","Medium",1,"N",15
37,"Buffet ",27,11,4.3,"scooter",1,"No","Semi-Urban","Fog","Jam ",2,"N",10
27,"Snack ",27,22,4.9,"motorcycle",2,"No","Metropolitan","Stormy","Jam ",1,"N",15
24,"Snack ",23,21,4.9,"motorcycle",0,"No","Urban","Cloudy","Jam ",0,"N",5
21,"Snack ",33,8,4.8,"motorcycle",0,"No","Metropolitan","Fog","Low ",1,"N",5
33,"Buffet ",31,16,4.3,"motorcycle",0,"No","Metropolitan","Cloudy","Medium",1,"Y",10
25,"Drinks ",26,18,4.7,"motorcycle",1,"No","Metropolitan","Stormy","Jam ",1,"N",10
29,"Buffet ",34,19,4.9,"scooter",2,"No","Metropolitan","Cloudy","Jam ",1,"Y",5
32,"Meal ",35,5,3.7,"motorcycle",2,"No","Urban","Sandstorms","Jam",1,"N",10
27,"Snack ",21,12,5,"scooter",2,"No","Metropolitan","Cloudy","High ",0,"N",10
27,"Drinks ",37,9,5,"motorcycle",1,"No","Metropolitan","Stormy","Medium",1,"N",15
31,"Buffet ",37,7,4.1,"motorcycle",1,"No","Metropolitan","Fog","Jam ",0,"N",5
17,"Drinks ",25,9,4.6,"scooter",2,"No","Metropolitan","Cloudy","Low ",1,"N",10
20,"Snack ",25,9,4.2,"scooter",0,"No","Metropolitan","Windy","Low ",1,"N",15
19,"Buffet ",30,18,4.7,"scooter",2,"No","Urban","Cloudy","Medium",1,"N",5
43,"Snack ",35,9,4.7,"electric_scooter",0,"Yes","Semi-Urban","Cloudy","Jam ",1,"Y",5
16,"Snack ",39,12,4.9,"motorcycle",0,"No","Semi-Urban","Sunny","Low ",0,"Y",15
39,"Drinks ",29,3,4.1,"motorcycle",0,"Yes","Semi-Urban","Sandstorms","Medium",1,"N",10
14,"Snack ",35,15,4.6,"motorcycle",0,"No","Metropolitan","Windy","Medium",0,"N",15
28,"Snack ",30,6,4.9,"scooter",2,"No","Metropolitan","Windy","Jam ",1,"N",5
48,"Buffet ",24,3,4.1,"scooter",2,"Yes","Metropolitan","Cloudy","Jam ",1,"N",5
48,"Snack ",33,1,4.4,"motorcycle",0,"No","Semi-Urban","Sandstorms","Jam ",0,"N",5
35,"Drinks ",35,9,4.8,"electric_scooter",0,"No","Metropolitan","Sandstorms","High ",1,"N",15
27,"Meal ",32,22,4.9,"scooter",0,"No","Metropolitan","Stormy","Jam ",1,"N",5
39,"Buffet ",21,18,4.1,"motorcycle",0,"No","Metropolitan","Stormy","Medium",1,"N",15
29,"Snack ",23,1,4.9,"scooter",2,"No","Metropolitan","Sandstorms","Jam ",1,"N",5
37,"Drinks ",22,4,4.4,"motorcycle",2,"No","Metropolitan","Windy","Jam ",0,"N",15
38,"Buffet ",33,17,4.4,"scooter",1,"No","Metropolitan","Fog","Medium",2,"Y",15
51,"Meal ",36,4,4,"motorcycle",0,"No","Metropolitan","Stormy","Jam ",1,"Y",5
32,"Drinks ",33,6,4.4,"scooter",0,"No","Metropolitan","Fog","Jam ",1,"Y",15
18,"Snack ",26,22,4.9,"scooter",1,"No","Metropolitan","Fog","Low ",0,"Y",5
20,"Snack ",32,22,4.7,"electric_scooter",2,"No","Metropolitan","Windy","Medium",0,"N",5
34,"Buffet ",36,22,4.8,"motorcycle",0,"No","Metropolitan","Windy","Jam ",0,"N",10
30,"Buffet ",24,4,4.7,"motorcycle",0,"No","Urban","Stormy","Jam ",1,"N",5
32,"Drinks ",25,13,4.8,"motorcycle",1,"No","Metropolitan","Windy","Medium",0,"N",5
15,"Snack ",22,3,4.8,"scooter",1,"No","Metropolitan","Sunny","Medium",0,"N",5
21,"Snack ",20,22,4.5,"motorcycle",1,"No","Metropolitan","Windy","Jam ",0,"N",10
26,"Drinks ",34,23,4.8,"motorcycle",0,"No","Metropolitan","Windy","Low",1,"N",10
10,"Meal ",34,22,4.8,"scooter",2,"No","Metropolitan","Sunny","Medium",0,"N",15
26,"Drinks ",35,17,5,"motorcycle",1,"No","Urban","Stormy","High",0,"N",5
17,"Snack ",21,9,4.9,"motorcycle",1,"No","Urban","Fog","Low ",1,"N",15
12,"Meal ",35,22,4.5,"scooter",1,"No","Metropolitan","Sandstorms","Jam ",0,"N",5
17,"Buffet ",31,14,4.6,"scooter",1,"No","Semi-Urban","Sunny","Medium",1,"N",10
26,"Snack ",21,23,4.8,"scooter",2,"No","Metropolitan","Windy","Low ",1,"N",15
17,"Snack ",22,19,4.9,"scooter",1,"No","Metropolitan","Sunny","Low ",1,"N",15
29,"Buffet ",22,13,4.9,"electric_scooter",2,"No","Metropolitan","Cloudy","High ",0,"N",15
21,"Snack ",34,9,4.9,"electric_scooter",0,"No","Metropolitan","Sunny","Low ",1,"Y",5
16,"Meal ",33,21,4.9,"scooter",2,"No","Metropolitan","Sunny","Medium",1,"N",10
34,"Snack ",30,11,4.1,"electric_scooter",2,"No","Semi-Urban","Cloudy","Low ",1,"N",15
34,"Snack ",39,2,5,"motorcycle",0,"No","Metropolitan","Windy","High ",1,"Y",5
11,"Drinks ",38,9,4.6,"electric_scooter",2,"No","Semi-Urban","Sandstorms","Low ",0,"N",15
30,"Meal ",27,13,4.6,"scooter",1,"No","Urban","Stormy","Medium",0,"N",10
38,"Drinks ",38,3,4.4,"electric_scooter",0,"No","Urban","Sandstorms","Jam",2,"N",5
17,"Snack ",31,19,4.7,"electric_scooter",1,"No","Metropolitan","Sandstorms","Jam",0,"N",5
27,"Snack ",37,19,4.6,"scooter",2,"No","Metropolitan","Sandstorms","Low ",1,"Y",15
33,"Drinks ",39,7,4.7,"electric_scooter",1,"No","Metropolitan","Sandstorms","Jam ",1,"N",15
23,"Meal ",27,15,4.7,"motorcycle",2,"No","Metropolitan","Windy","Jam ",0,"N",10
34,"Meal ",37,8,4,"scooter",0,"No","Metropolitan","Sandstorms","Medium",1,"N",15
28,"Meal ",29,3,4.8,"motorcycle",1,"No","Semi-Urban","Sandstorms","Jam",1,"N",5
24,"Meal ",30,21,5,"motorcycle",0,"No","Metropolitan","Stormy","Low ",1,"N",15
11,"Snack ",30,23,5,"scooter",2,"No","Urban","Windy","Low",1,"N",15
18,"Snack ",31,7,4.8,"motorcycle",1,"No","Semi-Urban","Sandstorms","Low ",0,"N",25
33,"Snack ",38,21,4.6,"electric_scooter",2,"No","Urban","Cloudy","Jam ",0,"N",10
14,"Drinks ",22,23,5,"scooter",1,"No","Urban","Sandstorms","Low ",0,"N",10
33,"Buffet ",31,9,3.5,"scooter",2,"No","Metropolitan","Windy","Medium",1,"N",15
23,"Snack ",22,13,4.8,"motorcycle",2,"No","Metropolitan","Stormy","Medium",1,"Y",10
25,"Snack ",29,17,4.5,"motorcycle",2,"No","Metropolitan","Sandstorms","Medium",1,"N",15
27,"Buffet ",26,8,4.6,"motorcycle",1,"No","Metropolitan","Windy","Low ",1,"N",5
29,"Meal ",28,3,4.8,"motorcycle",1,"No","Semi-Urban","Stormy","Low ",1,"N",10
39,"Snack ",32,17,4.6,"electric_scooter",2,"No","Urban","Cloudy","High ",1,"Y",5
11,"Buffet ",37,23,4.8,"motorcycle",1,"No","Urban","Stormy","Low",1,"Y",10
18,"Snack ",21,9,4.6,"electric_scooter",1,"No","Metropolitan","Windy","Low ",0,"N",15
28,"Buffet ",32,21,4.8,"motorcycle",0,"No","Metropolitan","Stormy","Jam ",0,"N",5
36,"Meal ",34,19,4.8,"motorcycle",0,"No","Metropolitan","Windy","Medium",0,"Y",10
28,"Meal ",21,15,4.9,"motorcycle",0,"No","Metropolitan","Sandstorms","Medium",1,"Y",5
24,"Drinks ",33,16,4.6,"motorcycle",2,"No","Metropolitan","Stormy","High ",1,"N",15
40,"Snack ",28,18,5,"scooter",1,"No","Metropolitan","Fog","Jam ",0,"N",10
41,"Snack ",35,19,4.4,"motorcycle",2,"No","Metropolitan","Stormy","Jam ",2,"N",15
28,"Drinks ",38,9,4.7,"scooter",2,"No","Metropolitan","Stormy","High ",1,"N",15
18,"Meal ",39,22,4.7,"motorcycle",1,"No","Urban","Cloudy","Medium",0,"N",15
27,"Buffet ",22,1,4,"motorcycle",0,"No","Metropolitan","Sandstorms","Low ",1,"N",10
39,"Buffet ",34,16,4.3,"electric_scooter",2,"No","Metropolitan","Stormy","Jam ",2,"N",5
25,"Buffet ",37,18,4.8,"motorcycle",0,"No","Semi-Urban","Sunny","Jam",0,"N",5
30,"Buffet ",34,1,4.5,"motorcycle",1,"No","Metropolitan","Stormy","High",1,"N",10
36,"Snack ",23,1,4.5,"electric_scooter",1,"No","Urban","Windy","Jam",1,"N",5
30,"Snack ",33,23,4.6,"motorcycle",2,"No","Metropolitan","Stormy","Jam ",1,"Y",10
11,"Snack ",34,12,5,"scooter",2,"No","Metropolitan","Sunny","Low ",0,"Y",15
16,"Buffet ",21,23,4.8,"scooter",1,"No","Metropolitan","Windy","Low ",1,"N",10
19,"Meal ",22,3,4.8,"motorcycle",0,"No","Metropolitan","Sandstorms","Jam ",0,"N",10
35,"Snack ",34,3,4.1,"motorcycle",0,"No","Semi-Urban","Windy","Jam",0,"N",5
43,"Drinks ",31,6,3.6,"motorcycle",2,"Yes","Metropolitan","Stormy","Jam ",1,"N",15
36,"Snack ",30,17,4.8,"scooter",0,"No","Metropolitan","Fog","Low ",1,"N",5
47,"Meal ",36,12,4.7,"motorcycle",0,"No","Metropolitan","Windy","Medium",1,"Y",5
19,"Snack ",34,19,4.6,"electric_scooter",0,"No","Urban","Cloudy","Low",1,"N",15
26,"Snack ",23,7,4.7,"scooter",2,"No","Metropolitan","Sandstorms","Low ",1,"N",5
25,"Buffet ",22,23,4.6,"scooter",1,"No","Metropolitan","Sandstorms","High ",0,"N",10
21,"Buffet ",30,2,4.5,"motorcycle",2,"No","Semi-Urban","Sandstorms","Medium",1,"N",5
39,"Buffet ",29,9,5,"scooter",1,"No","Urban","Sunny","Medium",1,"N",15
13,"Snack ",27,17,5,"scooter",1,"No","Urban","Stormy","Low",1,"N",15
35,"Buffet ",31,8,4.7,"electric_scooter",2,"No","Metropolitan","Fog","Jam ",1,"Y",10
22,"Drinks ",23,23,4.4,"motorcycle",0,"No","Metropolitan","Sandstorms","Low ",1,"N",15
37,"Buffet ",21,12,3.8,"motorcycle",1,"No","Urban","Stormy","Jam ",1,"N",15
42,"Meal ",29,2,4.4,"motorcycle",2,"No","Semi-Urban","Cloudy","Medium",1,"N",15
15,"Drinks ",25,21,5,"electric_scooter",1,"No","Metropolitan","Sunny","Medium",1,"N",10
38,"Snack ",36,17,4.3,"motorcycle",1,"No","Metropolitan","Stormy","Medium",2,"N",15
35,"Snack ",36,9,4.9,"motorcycle",0,"No","Metropolitan","Fog","Jam ",0,"Y",15
35,"Snack ",31,4,4.4,"electric_scooter",2,"No","Urban","Windy","Jam ",1,"N",10
34,"Drinks ",24,19,4.7,"electric_scooter",2,"No","Semi-Urban","Windy","High ",1,"N",10
17,"Drinks ",38,19,4.7,"motorcycle",0,"No","Metropolitan","Fog","Low ",1,"N",5
16,"Buffet ",31,22,5,"scooter",1,"No","Metropolitan","Sunny","Low ",0,"N",10
26,"Drinks ",36,18,4.6,"electric_scooter",1,"No","Metropolitan","Windy","Jam ",1,"N",10
33,"Buffet ",26,21,5,"scooter",1,"No","Urban","Windy","High",1,"N",5
26,"Drinks ",27,5,4.9,"electric_scooter",1,"No","Metropolitan","Stormy","Medium",1,"N",15
19,"Drinks ",36,16,4.9,"electric_scooter",2,"No","Urban","Stormy","Jam",1,"N",15
23,"Snack ",37,12,5,"motorcycle",2,"No","Metropolitan","Fog","Jam ",1,"N",10
46,"Buffet ",21,7,3.6,"motorcycle",0,"Yes","Metropolitan","Sunny","Jam ",3,"N",5
36,"Snack ",30,21,4.9,"motorcycle",0,"No","Metropolitan","Windy","Medium",1,"N",10
27,"Buffet ",22,19,4.8,"scooter",0,"No","Semi-Urban","Sunny","Medium",1,"N",15
39,"Snack ",27,11,4.1,"scooter",0,"No","Metropolitan","Sandstorms","Jam ",1,"N",5
30,"Drinks ",31,3,4.6,"motorcycle",0,"No","Urban","Sunny","Jam ",0,"N",5
12,"Buffet ",21,13,4.9,"electric_scooter",1,"No","Metropolitan","Sunny","High ",0,"Y",5
35,"Snack ",24,2,4.9,"motorcycle",0,"No","Semi-Urban","Stormy","Low ",1,"Y",10
14,"Buffet ",37,19,4.7,"electric_scooter",2,"No","Urban","Stormy","Low",0,"N",15
20,"Meal ",20,19,4.8,"motorcycle",0,"No","Semi-Urban","Sunny","Medium",1,"N",10
25,"Meal ",25,7,4,"motorcycle",0,"No","Metropolitan","Stormy","Low ",0,"N",5
28,"Buffet ",35,14,4.7,"motorcycle",2,"No","Metropolitan","Fog","Low ",1,"N",10
12,"Snack ",34,2,4.5,"scooter",1,"No","Semi-Urban","Sandstorms","Low ",0,"N",10
28,"Buffet ",22,2,4.7,"scooter",1,"No","Semi-Urban","Sandstorms","Jam ",1,"N",5
24,"Buffet ",36,22,4.8,"scooter",0,"No","Metropolitan","Cloudy","Low ",0,"N",5
27,"Drinks ",26,6,4.9,"scooter",1,"No","Metropolitan","Fog","High ",1,"N",15
26,"Drinks ",32,22,4.7,"scooter",1,"No","Metropolitan","Sandstorms","Low",1,"Y",15
29,"Meal ",31,14,4.5,"motorcycle",0,"No","Metropolitan","Sandstorms","Low ",1,"Y",10
18,"Meal ",31,15,4.5,"motorcycle",2,"No","Metropolitan","Stormy","Low ",1,"N",15
49,"Snack ",24,12,4.8,"motorcycle",0,"Yes","Metropolitan","Windy","Jam ",1,"N",15
29,"Buffet ",33,23,4.9,"scooter",1,"No","Metropolitan","Stormy","Jam ",1,"N",10
29,"Drinks ",26,13,4.8,"scooter",0,"No","Metropolitan","Sandstorms","Medium",0,"N",15
40,"Meal ",38,3,3.4,"electric_scooter",1,"No","Metropolitan","Sunny","Low ",2,"N",10
21,"Snack ",39,5,4.7,"scooter",2,"No","Metropolitan","Sandstorms","Jam",1,"N",5
17,"Buffet ",35,4,4.6,"motorcycle",0,"No","Semi-Urban","Stormy","Low ",0,"N",5
28,"Drinks ",22,9,4.8,"motorcycle",1,"No","Urban","Fog","Low ",1,"Y",15
26,"Snack ",21,23,5,"motorcycle",0,"No","Urban","Sandstorms","Medium",1,"N",10
43,"Meal ",39,1,4.7,"electric_scooter",0,"No","Metropolitan","Cloudy","Medium",1,"N",10
22,"Snack ",35,23,4.8,"motorcycle",0,"No","Metropolitan","Sunny","Medium",1,"N",10
26,"Snack ",23,4,4.8,"electric_scooter",2,"No","Urban","Stormy","Low ",1,"N",10
29,"Snack ",38,4,4.9,"motorcycle",0,"No","Metropolitan","Windy","Medium",0,"N",5
31,"Drinks ",36,17,4.9,"scooter",2,"No","Urban","Windy","High ",1,"N",5
49,"Snack ",23,18,4.8,"motorcycle",0,"No","Metropolitan","Windy","Medium",1,"N",15
18,"Buffet ",27,2,4.5,"motorcycle",1,"No","Urban","Windy","Low",0,"Y",10
35,"Buffet ",27,2,4.2,"electric_scooter",0,"No","Metropolitan","Sandstorms","Jam ",1,"N",5
25,"Drinks ",33,21,4.8,"scooter",1,"No","Metropolitan","Sandstorms","Low",0,"N",10
35,"Snack ",35,16,4.2,"motorcycle",0,"No","Metropolitan","Stormy","Jam ",0,"Y",10
26,"Drinks ",21,23,4.7,"motorcycle",1,"No","Urban","Windy","Medium",1,"N",10
19,"Buffet ",36,15,5,"motorcycle",1,"No","Semi-Urban","Stormy","Low ",1,"N",10
22,"Meal ",34,19,4.7,"scooter",1,"No","Urban","Stormy","High",1,"N",5
15,"Meal ",39,18,5,"scooter",1,"No","Urban","Fog","Medium",1,"Y",5
30,"Drinks ",28,12,4.9,"electric_scooter",2,"No","Urban","Sunny","Jam ",1,"N",5
29,"Meal ",24,14,4.9,"motorcycle",2,"No","Metropolitan","Windy","Low ",1,"N",20
14,"Buffet ",27,17,4.9,"electric_scooter",1,"No","Metropolitan","Sunny","Low ",1,"Y",15
41,"Meal ",28,9,4.8,"motorcycle",0,"Yes","Urban","Stormy","Medium",1,"N",10
20,"Meal ",22,19,4.9,"scooter",2,"No","Urban","Sandstorms","Medium",0,"Y",15
40,"Buffet ",26,11,3.7,"electric_scooter",1,"No","Metropolitan","Windy","Jam ",2,"N",10
23,"Snack ",25,7,4.9,"motorcycle",0,"No","Metropolitan","Sunny","Jam ",0,"N",5
42,"Snack ",24,1,3.5,"motorcycle",1,"No","Metropolitan","Sunny","Low ",1,"N",5
16,"Meal ",23,4,4.6,"motorcycle",0,"No","Metropolitan","Sandstorms","Medium",0,"N",10
33,"Meal ",32,11,4,"motorcycle",1,"No","Semi-Urban","Windy","High ",1,"N",5
36,"Buffet ",34,23,4.9,"motorcycle",2,"No","Semi-Urban","Fog","High ",1,"N",10
37,"Buffet ",22,3,4.8,"motorcycle",0,"No","Metropolitan","Fog","Jam ",1,"N",15
35,"Buffet ",30,9,4.2,"electric_scooter",1,"No","Urban","Windy","Jam ",1,"N",15
33,"Buffet ",38,17,5,"scooter",1,"No","Urban","Windy","High",1,"Y",10
17,"Snack ",26,4,5,"motorcycle",1,"No","Metropolitan","Sunny","Jam ",0,"Y",15
27,"Buffet ",35,2,4.9,"scooter",2,"No","Metropolitan","Sandstorms","Jam ",0,"Y",5
27,"Snack ",25,21,5,"motorcycle",0,"No","Metropolitan","Cloudy","High ",1,"N",10
24,"Meal ",36,13,4.8,"motorcycle",2,"No","Metropolitan","Stormy","Low ",0,"N",10
25,"Meal ",33,19,4.9,"motorcycle",2,"No","Semi-Urban","Windy","Low",1,"N",25
34,"Buffet ",21,23,4.7,"scooter",1,"No","Metropolitan","Fog","Jam ",0,"N",5
22,"Drinks ",27,22,5,"electric_scooter",0,"No","Urban","Windy","Low",1,"N",5
47,"Drinks ",24,22,4.8,"motorcycle",0,"No","Urban","Fog","Jam",2,"N",5
25,"Drinks ",34,19,5,"scooter",1,"No","Urban","Stormy","High",1,"N",5
21,"Meal ",21,13,4.9,"motorcycle",0,"No","Metropolitan","Fog","Low ",1,"N",10
31,"Meal ",22,2,3.6,"motorcycle",2,"No","Metropolitan","Windy","Jam",1,"Y",10
24,"Buffet ",22,9,4.8,"motorcycle",0,"No","Semi-Urban","Cloudy","Low ",1,"Y",5
20,"Meal ",26,18,4.6,"electric_scooter",1,"No","Metropolitan","Stormy","Low ",0,"N",15
19,"Buffet ",25,16,4.7,"scooter",1,"No","Urban","Sunny","Jam",0,"N",5
23,"Snack ",39,4,4.5,"motorcycle",2,"No","Metropolitan","Sunny","Medium",1,"N",5
28,"Drinks ",30,19,4.7,"electric_scooter",2,"No","Metropolitan","Sandstorms","Jam ",1,"N",10
17,"Drinks ",37,9,4.8,"motorcycle",1,"No","Metropolitan","Fog","Medium",0,"Y",10
15,"Buffet ",29,13,4.9,"electric_scooter",0,"No","Metropolitan","Windy","High ",0,"N",5
36,"Drinks ",22,2,4.4,"electric_scooter",1,"No","Metropolitan","Fog","Low ",2,"N",10
19,"Drinks ",32,23,4.7,"electric_scooter",0,"No","Semi-Urban","Sandstorms","Low",1,"N",10
26,"Drinks ",36,17,4.6,"scooter",0,"No","Metropolitan","Fog","High ",1,"N",5
16,"Meal ",28,15,4.6,"electric_scooter",2,"No","Urban","Sunny","Jam",1,"N",15
38,"Snack ",33,7,4.8,"scooter",1,"No","Urban","Fog","Jam ",1,"N",5
16,"Meal ",39,15,4.7,"electric_scooter",2,"No","Urban","Cloudy","Low",1,"Y",10
13,"Drinks ",36,23,4.6,"scooter",1,"No","Urban","Stormy","Low ",1,"N",15
25,"Snack ",39,17,4.6,"scooter",1,"No","Metropolitan","Windy","High ",1,"N",10
38,"Meal ",27,11,2.8,"motorcycle",2,"No","Semi-Urban","Sunny","Low ",1,"N",5
42,"Drinks ",22,8,4.5,"motorcycle",0,"No","Metropolitan","Stormy","Jam ",0,"N",10
17,"Meal ",25,23,4.7,"electric_scooter",2,"No","Urban","Fog","Medium",1,"N",10
40,"Snack ",22,6,3.8,"motorcycle",0,"No","Metropolitan","Sunny","Jam",1,"N",5
24,"Drinks ",38,16,4.8,"scooter",2,"No","Metropolitan","Windy","Medium",0,"Y",10
24,"Buffet ",21,23,4.3,"motorcycle",0,"No","Metropolitan","Stormy","Low ",1,"Y",15
21,"Buffet ",26,15,4.9,"electric_scooter",1,"No","Metropolitan","Windy","Medium",1,"N",10
26,"Snack ",39,17,4.6,"electric_scooter",1,"No","Metropolitan","Windy","Jam ",1,"N",15
25,"Drinks ",20,13,4.6,"scooter",2,"No","Metropolitan","Fog","Low ",1,"Y",10
20,"Drinks ",24,3,4.5,"motorcycle",1,"No","Urban","Stormy","Low ",1,"N",10
12,"Meal ",26,15,4.7,"motorcycle",2,"No","Urban","Stormy","Low",0,"N",5
32,"Drinks ",20,9,4.7,"scooter",1,"No","Urban","Fog","Jam ",1,"N",10
14,"Snack ",27,15,4.7,"motorcycle",1,"No","Semi-Urban","Sunny","Low ",1,"N",10
44,"Drinks ",33,6,4.3,"motorcycle",0,"Yes","Metropolitan","Sandstorms","Jam ",1,"N",15
37,"Snack ",39,22,4.4,"motorcycle",0,"No","Metropolitan","Stormy","Jam ",1,"N",5
33,"Snack ",21,15,4.8,"motorcycle",2,"No","Semi-Urban","Stormy","Medium",1,"N",5
46,"Buffet ",20,9,4.9,"motorcycle",0,"No","Metropolitan","Stormy","High ",1,"Y",10
30,"Snack ",33,21,4.7,"motorcycle",0,"No","Urban","Stormy","Jam",0,"N",15
15,"Drinks ",28,6,5,"scooter",1,"No","Metropolitan","Sunny","Low ",1,"N",10
28,"Buffet ",26,13,4.5,"scooter",0,"No","Metropolitan","Cloudy","Low ",1,"N",5
13,"Drinks ",38,17,5,"scooter",1,"No","Urban","Sunny","Medium",0,"N",5
17,"Buffet ",36,2,4.3,"motorcycle",0,"No","Urban","Sandstorms","Low",1,"Y",5
31,"Snack ",33,15,2.8,"motorcycle",2,"No","Metropolitan","Sunny","Low ",1,"N",10
27,"Meal ",36,6,4.5,"motorcycle",1,"No","Urban","Sandstorms","Low",1,"Y",10
43,"Snack ",23,21,4.8,"motorcycle",0,"No","Semi-Urban","Stormy","Jam ",2,"Y",15
29,"Meal ",29,14,4.9,"motorcycle",0,"No","Metropolitan","Sunny","Jam ",1,"N",5
22,"Drinks ",26,22,4.7,"scooter",2,"No","Metropolitan","Fog","Jam ",0,"N",10
19,"Snack ",36,15,4.7,"electric_scooter",2,"No","Metropolitan","Stormy","Low ",0,"N",10
44,"Buffet ",29,13,4.8,"motorcycle",2,"No","Urban","Cloudy","Medium",2,"Y",5
23,"Meal ",29,21,4.6,"motorcycle",0,"No","Urban","Stormy","Low",0,"N",10
25,"Buffet ",31,21,4.5,"motorcycle",0,"No","Urban","Fog","Low ",1,"N",10
44,"Snack ",21,3,4,"motorcycle",2,"No","Metropolitan","Cloudy","Jam ",1,"N",15
36,"Buffet ",21,8,4.6,"motorcycle",1,"No","Metropolitan","Fog","Medium",1,"N",15
26,"Buffet ",34,3,4.5,"scooter",1,"No","Metropolitan","Cloudy","Low ",0,"N",15
29,"Meal ",23,15,4.9,"electric_scooter",1,"No","Urban","Windy","Low",1,"N",10
47,"Drinks ",39,8,4.8,"motorcycle",0,"Yes","Semi-Urban","Sandstorms","Medium",0,"N",15
31,"Drinks ",33,13,5,"motorcycle",0,"No","Semi-Urban","Windy","Jam ",1,"N",5
24,"Meal ",37,23,4.7,"scooter",1,"No","Metropolitan","Fog","Low ",1,"N",10
22,"Snack ",33,3,4.3,"scooter",0,"No","Metropolitan","Sandstorms","Low",1,"Y",10
26,"Drinks ",31,23,5,"motorcycle",1,"No","Urban","Stormy","Low",1,"Y",5
33,"Snack ",20,15,4.2,"motorcycle",2,"No","Semi-Urban","Fog","High ",1,"N",10
15,"Drinks ",31,18,4.7,"motorcycle",1,"No","Metropolitan","Sandstorms","Jam ",0,"N",5
35,"Drinks ",24,15,4.8,"motorcycle",0,"No","Metropolitan","Cloudy","Low ",0,"N",20
12,"Meal ",38,14,4.9,"motorcycle",1,"No","Semi-Urban","Fog","Medium",1,"N",5
26,"Meal ",28,6,4.5,"electric_scooter",2,"No","Urban","Fog","High",0,"N",15
27,"Buffet ",33,23,4.5,"motorcycle",1,"No","Semi-Urban","Cloudy","Medium",1,"N",10
37,"Snack ",33,4,4.9,"electric_scooter",2,"No","Semi-Urban","Fog","Jam ",1,"N",15
43,"Buffet ",27,9,4.3,"motorcycle",1,"No","Metropolitan","Fog","Jam ",0,"N",5
17,"Meal ",38,4,5,"electric_scooter",2,"No","Metropolitan","Sunny","Jam ",1,"N",5
16,"Snack ",36,19,4.7,"electric_scooter",2,"No","Semi-Urban","Cloudy","Medium",1,"N",5
20,"Meal ",30,21,4.5,"motorcycle",0,"No","Metropolitan","Cloudy","Low ",1,"Y",5
11,"Meal ",20,23,4.8,"electric_scooter",1,"No","Urban","Cloudy","Medium",0,"N",10
28,"Snack ",27,23,4.8,"scooter",2,"No","Urban","Stormy","Low ",1,"Y",15
15,"Meal ",37,19,4.9,"scooter",0,"No","Urban","Cloudy","Low ",0,"Y",5
15,"Meal ",37,9,4.7,"scooter",2,"No","Metropolitan","Cloudy","Medium",0,"Y",15
46,"Buffet ",20,9,4.9,"motorcycle",0,"No","Metropolitan","Stormy","High ",1,"Y",10
40,"Buffet ",23,22,5,"electric_scooter",0,"No","Semi-Urban","Sunny","Jam ",1,"N",15
13,"Buffet ",36,18,4.6,"scooter",2,"No","Urban","Cloudy","Low",0,"Y",5
15,"Snack ",38,23,4.7,"motorcycle",1,"No","Urban","Windy","High",1,"N",15
25,"Meal ",33,21,4.8,"scooter",2,"No","Urban","Sunny","Low",1,"N",5
19,"Drinks ",21,13,4.7,"electric_scooter",2,"No","Urban","Windy","High ",1,"N",15
28,"Buffet ",32,21,4.8,"motorcycle",0,"No","Metropolitan","Stormy","Jam ",0,"N",5
28,"Meal ",34,3,4.9,"electric_scooter",2,"No","Semi-Urban","Sandstorms","Low ",1,"N",15
23,"Drinks ",33,19,4.9,"motorcycle",0,"No","Metropolitan","Stormy","Low ",1,"N",15
14,"Meal ",33,9,5,"motorcycle",1,"No","Metropolitan","Stormy","Low ",1,"N",5
24,"Meal ",27,23,4.3,"motorcycle",0,"No","Metropolitan","Stormy","Low ",1,"N",5
33,"Drinks ",27,6,3.1,"electric_scooter",2,"No","Semi-Urban","Sunny","Low ",2,"Y",5
23,"Drinks ",20,2,4.9,"motorcycle",1,"No","Metropolitan","Fog","Low ",0,"N",15
29,"Buffet ",24,13,4.9,"motorcycle",0,"No","Metropolitan","Sunny","Low ",1,"N",10
15,"Buffet ",32,14,4.8,"scooter",2,"No","Urban","Sunny","Low ",0,"N",5
31,"Snack ",29,12,4.8,"motorcycle",1,"No","Metropolitan","Fog","Jam ",1,"Y",15
27,"Meal ",27,9,4.5,"motorcycle",1,"No","Semi-Urban","Stormy","Jam ",1,"N",15
14,"Snack ",22,2,4.6,"motorcycle",1,"No","Metropolitan","Fog","Low ",1,"N",5
37,"Buffet ",31,18,4.8,"motorcycle",0,"No","Urban","Stormy","Medium",2,"N",5
22,"Meal ",38,13,4,"motorcycle",0,"No","Urban","Stormy","Low ",1,"N",15
31,"Drinks ",39,20,3.6,"electric_scooter",2,"No","Metropolitan","Windy","Jam ",1,"N",5
10,"Meal ",30,5,4.7,"motorcycle",1,"No","Metropolitan","Sandstorms","Low ",0,"N",15
29,"Buffet ",35,3,4.7,"electric_scooter",2,"No","Metropolitan","Windy","Jam ",1,"N",5
30,"Meal ",31,19,4.5,"electric_scooter",1,"No","Metropolitan","Windy","Jam ",0,"N",15
36,"Meal ",29,22,4.8,"electric_scooter",2,"No","Urban","Stormy","Jam",1,"N",15
15,"Snack ",21,18,4.9,"electric_scooter",2,"No","Metropolitan","Fog","Low",0,"Y",10
27,"Snack ",33,9,4.9,"scooter",2,"No","Metropolitan","Windy","Low ",0,"N",10
21,"Drinks ",24,12,4.4,"scooter",0,"No","Metropolitan","Windy","Low ",0,"Y",5
49,"Drinks ",28,9,4,"motorcycle",0,"Yes","Metropolitan","Sandstorms","High ",2,"N",5
15,"Buffet ",30,18,4.8,"motorcycle",1,"No","Urban","Sunny","Low",1,"Y",5
31,"Buffet ",26,3,4,"motorcycle",0,"No","Metropolitan","Windy","Medium",1,"N",10
24,"Meal ",30,11,4,"motorcycle",0,"No","Metropolitan","Sandstorms","Low ",1,"N",15
35,"Buffet ",31,4,4.8,"motorcycle",2,"No","Metropolitan","Cloudy","Jam ",1,"N",15
21,"Drinks ",33,16,4.8,"motorcycle",1,"No","Metropolitan","Windy","Low ",1,"Y",5
42,"Snack ",34,3,4.8,"motorcycle",0,"No","Metropolitan","Fog","Jam ",1,"N",5
32,"Buffet ",39,6,4.1,"motorcycle",0,"No","Urban","Sandstorms","Jam ",0,"N",5
27,"Meal ",27,5,4.5,"electric_scooter",1,"No","Metropolitan","Sandstorms","High ",1,"N",15
11,"Snack ",31,23,4.5,"motorcycle",1,"No","Metropolitan","Sandstorms","Low ",0,"N",15
18,"Drinks ",38,15,4.8,"motorcycle",0,"No","Metropolitan","Sunny","Medium",0,"N",5
26,"Meal ",39,18,4.9,"motorcycle",0,"No","Urban","Cloudy","Low",1,"N",15
36,"Meal ",32,14,5,"scooter",2,"No","Urban","Fog","Jam ",1,"N",5
31,"Drinks ",26,9,4.7,"motorcycle",1,"No","Urban","Sandstorms","Medium",1,"N",5
14,"Buffet ",20,16,4.7,"scooter",1,"No","Urban","Stormy","Low",1,"N",5
14,"Buffet ",31,19,4.6,"electric_scooter",2,"No","Urban","Sunny","High",0,"Y",5
29,"Buffet ",22,23,4.8,"scooter",1,"No","Metropolitan","Fog","Medium",1,"N",5
32,"Drinks ",38,1,4.2,"motorcycle",0,"No","Metropolitan","Sandstorms","Low ",0,"N",10
29,"Buffet ",27,6,4.2,"motorcycle",0,"No","Metropolitan","Windy","Low ",1,"Y",5
25,"Drinks ",30,17,4.6,"motorcycle",2,"No","Urban","Sunny","Low",1,"N",5
17,"Meal ",37,15,4.6,"motorcycle",0,"No","Urban","Sunny","Low",0,"Y",15
19,"Drinks ",33,21,5,"motorcycle",1,"No","Urban","Cloudy","Low ",1,"N",10
25,"Buffet ",20,6,4.7,"motorcycle",0,"No","Semi-Urban","Fog","Jam",1,"N",5
13,"Drinks ",24,4,4.5,"scooter",1,"No","Urban","Sandstorms","Low",0,"N",5
16,"Buffet ",39,19,4.5,"scooter",2,"No","Semi-Urban","Stormy","Low ",0,"N",10
37,"Buffet ",33,21,4.6,"scooter",2,"No","Semi-Urban","Cloudy","Jam ",0,"Y",15
48,"Snack ",37,8,4.4,"motorcycle",0,"No","Semi-Urban","Sunny","Jam ",3,"N",15
21,"Snack ",38,21,4.7,"electric_scooter",0,"No","Metropolitan","Windy","Low ",1,"N",5
27,"Meal ",22,18,4.7,"scooter",1,"No","Metropolitan","Windy","Jam ",1,"N",5
33,"Drinks ",24,13,5,"motorcycle",2,"No","Metropolitan","Cloudy","Jam ",1,"N",15
29,"Buffet ",37,4,4.8,"electric_scooter",2,"No","Semi-Urban","Windy","Medium",1,"N",10
18,"Meal ",25,21,4.8,"motorcycle",1,"No","Metropolitan","Fog","Medium",1,"N",15
38,"Buffet ",32,8,4.1,"electric_scooter",0,"No","Metropolitan","Sunny","Medium",1,"N",5
26,"Drinks ",36,22,4.6,"motorcycle",2,"No","Metropolitan","Stormy","Medium",1,"N",5
25,"Meal ",23,7,4.7,"motorcycle",0,"No","Metropolitan","Stormy","Jam ",1,"N",10
21,"Drinks ",37,4,4.4,"motorcycle",0,"No","Urban","Stormy","Low",1,"Y",5
21,"Buffet ",20,12,4.8,"motorcycle",1,"No","Metropolitan","Sunny","Medium",0,"N",5
28,"Drinks ",27,23,5,"motorcycle",1,"No","Metropolitan","Windy","Medium",1,"Y",10
23,"Buffet ",36,9,4.9,"motorcycle",1,"No","Semi-Urban","Sunny","Low ",1,"N",5
36,"Buffet ",24,4,4.8,"scooter",2,"No","Metropolitan","Fog","Medium",0,"N",10
19,"Meal ",37,18,4.5,"scooter",2,"No","Metropolitan","Fog","Low ",1,"Y",15
43,"Snack ",30,4,4,"motorcycle",2,"Yes","Urban","Stormy","Jam",1,"N",5
31,"Snack ",25,15,4.3,"scooter",1,"No","Semi-Urban","Fog","Jam",1,"N",5
30,"Snack ",30,14,4.7,"motorcycle",0,"No","Metropolitan","Fog","Jam ",0,"N",5
22,"Drinks ",32,18,4.7,"motorcycle",0,"No","Metropolitan","Sandstorms","Low ",1,"N",15
15,"Snack ",30,19,4.6,"scooter",1,"No","Metropolitan","Sunny","Low ",1,"N",5
29,"Snack ",31,22,4.3,"motorcycle",0,"No","Metropolitan","Windy","Low ",0,"N",15
25,"Meal ",30,18,5,"electric_scooter",0,"No","Urban","Sunny","Low ",0,"N",5
27,"Drinks ",30,18,5,"motorcycle",0,"No","Urban","Sunny","Medium",0,"N",15
23,"Buffet ",27,15,4.6,"scooter",2,"No","Urban","Sandstorms","Medium",1,"N",10
36,"Snack ",29,14,4.4,"scooter",2,"No","Urban","Fog","Jam ",2,"N",15
43,"Snack ",30,23,4.7,"motorcycle",0,"No","Metropolitan","Fog","Medium",0,"Y",10
23,"Drinks ",29,22,4.9,"scooter",1,"No","Metropolitan","Stormy","Low ",1,"N",15
28,"Buffet ",23,11,4.9,"motorcycle",0,"No","Metropolitan","Sunny","Low ",1,"Y",30
27,"Snack ",36,22,4.9,"scooter",2,"No","Metropolitan","Stormy","High ",1,"N",10
43,"Buffet ",34,17,4.2,"scooter",2,"No","Urban","Sandstorms","Jam",1,"N",10
31,"Meal ",23,6,4.1,"scooter",1,"No","Urban","Sandstorms","Jam",1,"Y",15
27,"Snack ",27,17,4.9,"motorcycle",1,"No","Urban","Cloudy","Low ",0,"Y",5
12,"Snack ",36,18,4.8,"scooter",1,"No","Urban","Stormy","Medium",0,"Y",10
37,"Meal ",33,5,4.3,"electric_scooter",1,"No","Metropolitan","Stormy","Jam ",1,"N",15
28,"Meal ",22,12,4.8,"electric_scooter",2,"No","Urban","Sandstorms","Jam ",1,"N",5
23,"Drinks ",36,6,4.5,"motorcycle",0,"No","Metropolitan","Windy","Medium",1,"Y",10
43,"Buffet ",31,5,4,"scooter",2,"No","Urban","Fog","Jam",1,"N",10
12,"Drinks ",37,5,4.5,"motorcycle",0,"No","Metropolitan","Sunny","Low",0,"N",5
27,"Buffet ",23,7,4.9,"motorcycle",0,"No","Metropolitan","Fog","Low ",1,"N",15
17,"Drinks ",22,6,5,"scooter",2,"No","Metropolitan","Sandstorms","Low ",1,"Y",15
28,"Drinks ",38,6,4.6,"electric_scooter",2,"No","Semi-Urban","Stormy","Low ",1,"N",5
27,"Buffet ",26,16,4.9,"electric_scooter",1,"No","Urban","Cloudy","Low",1,"N",15
20,"Drinks ",37,9,4.7,"motorcycle",1,"No","Metropolitan","Sunny","Jam ",1,"N",10
20,"Snack ",22,6,4.7,"motorcycle",0,"No","Urban","Fog","Low",1,"N",10
44,"Meal ",24,2,4.5,"motorcycle",1,"No","Metropolitan","Stormy","Jam ",1,"N",5
25,"Snack ",24,7,4.2,"motorcycle",0,"No","Metropolitan","Stormy","Low ",1,"N",15
16,"Drinks ",23,3,4.6,"motorcycle",1,"No","Metropolitan","Stormy","Medium",0,"N",10
26,"Snack ",39,23,4.9,"scooter",2,"No","Metropolitan","Stormy","Low ",0,"N",5
25,"Drinks ",23,16,4.8,"scooter",1,"No","Metropolitan","Stormy","Low ",1,"Y",5
31,"Meal ",20,16,4.7,"motorcycle",0,"No","Semi-Urban","Cloudy","High ",1,"Y",5
28,"Meal ",23,8,4.9,"scooter",1,"No","Metropolitan","Sandstorms","Medium",1,"Y",10
24,"Meal ",28,23,4.8,"electric_scooter",2,"No","Urban","Stormy","Medium",0,"N",10
16,"Snack ",31,16,5,"scooter",1,"No","Metropolitan","Sandstorms","Low ",0,"N",15
29,"Snack ",25,7,4.7,"motorcycle",0,"No","Metropolitan","Sunny","Jam ",1,"N",5
12,"Buffet ",37,6,4.6,"electric_scooter",1,"No","Metropolitan","Windy","Low ",1,"N",15
30,"Meal ",38,23,4.9,"motorcycle",1,"No","Metropolitan","Windy","Jam",1,"N",15
33,"Snack ",38,1,4.6,"scooter",2,"No","Semi-Urban","Fog","Medium",2,"Y",5
14,"Buffet ",28,9,5,"electric_scooter",1,"No","Semi-Urban","Stormy","Low ",0,"N",15
25,"Snack ",24,19,4.6,"motorcycle",1,"No","Metropolitan","Sunny","Medium",0,"N",10
38,"Buffet ",29,16,4.8,"electric_scooter",2,"No","Metropolitan","Fog","High ",0,"Y",15
28,"Drinks ",31,2,4.3,"motorcycle",0,"No","Semi-Urban","Windy","Low ",0,"N",5
16,"Buffet ",36,17,4.6,"motorcycle",2,"No","Urban","Stormy","Low",1,"N",10
23,"Snack ",21,5,4.9,"motorcycle",0,"No","Metropolitan","Stormy","Medium",0,"N",10
11,"Meal ",28,16,4.9,"motorcycle",1,"No","Metropolitan","Sunny","High ",0,"N",5
15,"Drinks ",36,6,4.8,"scooter",2,"No","Semi-Urban","Stormy","Jam ",1,"N",5
26,"Meal ",32,23,4.7,"scooter",0,"No","Metropolitan","Fog","Jam ",1,"Y",5
20,"Snack ",24,17,4.4,"scooter",0,"No","Metropolitan","Stormy","Low ",0,"N",10
28,"Buffet ",39,12,4.6,"electric_scooter",2,"No","Metropolitan","Windy","Low ",1,"N",5
20,"Meal ",39,12,4.6,"motorcycle",1,"No","Metropolitan","Sandstorms","Jam ",0,"Y",5
12,"Drinks ",36,17,4.9,"electric_scooter",2,"No","Urban","Sunny","Medium",1,"N",5
21,"Meal ",34,23,4.9,"motorcycle",1,"No","Metropolitan","Stormy","High",1,"N",5
28,"Drinks ",35,16,4.8,"motorcycle",2,"No","Metropolitan","Stormy","Medium",1,"N",10
40,"Buffet ",25,21,4.8,"scooter",2,"No","Metropolitan","Fog","Jam ",1,"N",15
29,"Drinks ",25,17,4.7,"motorcycle",1,"No","Semi-Urban","Stormy","Jam",1,"N",5
14,"Meal ",35,14,4.9,"motorcycle",1,"No","Metropolitan","Stormy","Low ",0,"N",10
19,"Buffet ",37,2,4.8,"motorcycle",2,"No","Urban","Stormy","Low ",0,"Y",10
28,"Buffet ",28,9,4.7,"motorcycle",0,"No","Metropolitan","Fog","Low ",1,"N",10
32,"Buffet ",38,11,4.1,"motorcycle",2,"No","Metropolitan","Fog","Jam ",1,"Y",5
38,"Buffet ",30,5,4.6,"scooter",1,"No","Metropolitan","Cloudy","Jam ",1,"N",5
19,"Drinks ",29,17,4.6,"motorcycle",2,"No","Urban","Sunny","Jam",1,"Y",15
29,"Drinks ",21,19,5,"electric_scooter",1,"No","Metropolitan","Windy","Low",1,"N",10
22,"Meal ",21,14,4.6,"electric_scooter",1,"No","Metropolitan","Sunny","Jam ",1,"N",10
15,"Drinks ",24,13,4.7,"scooter",2,"No","Metropolitan","Sandstorms","Low ",1,"N",10
36,"Drinks ",30,18,4.1,"motorcycle",0,"No","Semi-Urban","Sandstorms","Medium",1,"N",15
23,"Meal ",36,22,4.9,"scooter",2,"No","Semi-Urban","Stormy","Jam ",1,"N",5
20,"Buffet ",31,23,4.8,"motorcycle",2,"No","Urban","Sunny","Medium",1,"N",10
44,"Snack ",28,7,4,"motorcycle",0,"No","Metropolitan","Cloudy","Low ",1,"Y",5
18,"Drinks ",23,15,4.9,"scooter",2,"No","Urban","Sunny","Medium",1,"N",5
25,"Drinks ",35,9,5,"electric_scooter",2,"No","Semi-Urban","Sunny","Medium",1,"N",10
43,"Buffet ",39,17,5,"motorcycle",0,"No","Semi-Urban","Windy","Jam",1,"N",5
17,"Snack ",23,12,4.8,"scooter",2,"No","Metropolitan","Stormy","Jam ",0,"N",10
20,"Snack ",20,13,4.6,"motorcycle",1,"No","Metropolitan","Stormy","Low ",0,"Y",30
38,"Meal ",20,4,4.9,"scooter",2,"No","Metropolitan","Fog","Jam ",1,"N",5
26,"Drinks ",29,2,4.8,"motorcycle",2,"No","Metropolitan","Fog","Low ",1,"N",10
20,"Drinks ",37,22,4.6,"scooter",0,"No","Semi-Urban","Sunny","Medium",1,"N",5
28,"Meal ",24,16,4.7,"motorcycle",1,"No","Metropolitan","Sandstorms","Medium",0,"Y",15
24,"Drinks ",28,23,4.8,"electric_scooter",0,"No","Metropolitan","Sandstorms","Low ",0,"Y",10
30,"Snack ",35,3,4.6,"motorcycle",1,"No","Semi-Urban","Sunny","Jam ",0,"N",5
35,"Drinks ",24,6,4.5,"motorcycle",0,"No","Semi-Urban","Cloudy","Jam ",1,"N",15
18,"Buffet ",21,13,4,"motorcycle",0,"No","Metropolitan","Fog","Low ",0,"N",5
20,"Snack ",20,18,4.8,"scooter",0,"No","Metropolitan","Stormy","Low ",0,"N",5
45,"Meal ",31,8,4.6,"motorcycle",0,"No","Metropolitan","Fog","Medium",1,"N",10
15,"Meal ",33,16,4.6,"scooter",1,"No","Metropolitan","Sunny","Low ",0,"N",15
11,"Meal ",30,14,4.8,"motorcycle",2,"No","Metropolitan","Windy","Low ",0,"N",15
22,"Drinks ",39,8,4.6,"electric_scooter",2,"No","Metropolitan","Stormy","Medium",1,"Y",5
38,"Meal ",23,18,4.7,"scooter",1,"No","Urban","Cloudy","Medium",1,"Y",5
32,"Snack ",37,9,4.7,"scooter",0,"No","Metropolitan","Sandstorms","Jam ",1,"Y",5
26,"Meal ",25,23,4.9,"motorcycle",0,"No","Urban","Sandstorms","Medium",1,"N",15
32,"Drinks ",21,7,4.2,"motorcycle",1,"No","Metropolitan","Cloudy","Jam ",1,"N",10
44,"Meal ",28,12,4.3,"electric_scooter",2,"No","Metropolitan","Windy","Jam ",1,"N",15
38,"Drinks ",38,13,3.5,"scooter",2,"No","Semi-Urban","Windy","Jam ",0,"N",5
24,"Meal ",26,16,4.6,"motorcycle",2,"No","Urban","Sandstorms","Medium",1,"N",15
32,"Drinks ",33,4,4.9,"scooter",2,"No","Semi-Urban","Windy","Jam ",1,"Y",15
28,"Snack ",32,18,4.7,"motorcycle",2,"No","Urban","Sandstorms","Low ",1,"N",15
34,"Drinks ",32,16,4.7,"motorcycle",0,"No","Urban","Fog","High ",1,"Y",15
25,"Meal ",20,1,4.5,"scooter",0,"No","Urban","Windy","Low",1,"N",15
27,"Snack ",25,21,5,"motorcycle",0,"No","Metropolitan","Cloudy","High ",1,"N",10
13,"Drinks ",28,6,4.6,"scooter",1,"No","Metropolitan","Windy","High",1,"N",15
40,"Drinks ",33,1,4.1,"motorcycle",0,"No","Metropolitan","Sunny","Jam ",1,"N",15
23,"Snack ",36,4,4.5,"motorcycle",2,"No","Metropolitan","Sandstorms","Jam ",1,"N",5
15,"Meal ",20,12,4.7,"electric_scooter",2,"No","Metropolitan","Sandstorms","Jam ",0,"N",15
11,"Drinks ",28,23,4.9,"scooter",2,"No","Metropolitan","Fog","Medium",0,"Y",5
29,"Snack ",39,8,4.8,"electric_scooter",1,"No","Metropolitan","Cloudy","High ",1,"Y",10
27,"Drinks ",23,12,4.6,"motorcycle",2,"No","Metropolitan","Sandstorms","Jam ",1,"N",15
24,"Meal ",27,17,4.5,"electric_scooter",0,"No","Urban","Cloudy","Low ",1,"N",5
52,"Drinks ",37,22,4.1,"motorcycle",0,"Yes","Metropolitan","Windy","Jam ",0,"N",15
35,"Buffet ",29,7,4.7,"motorcycle",0,"No","Metropolitan","Windy","Jam ",0,"N",15
24,"Drinks ",36,14,4.5,"motorcycle",0,"No","Semi-Urban","Stormy","High ",0,"Y",10
21,"Meal ",29,22,4.2,"motorcycle",0,"No","Urban","Sandstorms","Low",1,"N",10
41,"Buffet ",35,21,5,"scooter",2,"No","Metropolitan","Cloudy","Jam ",2,"N",10
31,"Buffet ",39,19,4.6,"motorcycle",0,"No","Metropolitan","Sandstorms","High ",0,"Y",15
16,"Buffet ",21,17,4.8,"scooter",2,"No","Urban","Sunny","Low",1,"N",15
18,"Buffet ",27,22,5,"scooter",2,"No","Semi-Urban","Sunny","Low ",0,"N",15
47,"Meal ",35,21,4.8,"motorcycle",0,"No","Metropolitan","Cloudy","Jam ",1,"Y",5
22,"Meal ",33,15,4.6,"motorcycle",1,"No","Urban","Windy","Medium",1,"Y",5
29,"Snack ",31,6,4.5,"scooter",1,"No","Metropolitan","Fog","High ",0,"N",15
19,"Meal ",38,15,4.6,"motorcycle",1,"No","Urban","Stormy","Medium",1,"N",15
11,"Meal ",36,2,4.9,"electric_scooter",2,"No","Urban","Windy","Low ",0,"N",5
24,"Buffet ",22,14,4.6,"scooter",1,"No","Metropolitan","Stormy","Low ",1,"N",10
36,"Buffet ",22,15,4.7,"scooter",1,"No","Urban","Fog","Jam ",0,"N",5
26,"Drinks ",23,21,4.9,"motorcycle",0,"No","Semi-Urban","Sunny","Low ",0,"N",5
17,"Meal ",27,17,4.8,"scooter",1,"No","Semi-Urban","Stormy","Medium",0,"N",5
28,"Snack ",20,18,4.6,"scooter",2,"No","Urban","Stormy","Medium",0,"N",10
19,"Drinks ",28,9,5,"electric_scooter",2,"No","Metropolitan","Fog","Medium",0,"N",5
15,"Buffet ",22,19,4.8,"motorcycle",1,"No","Semi-Urban","Sunny","Low",1,"N",5
22,"Drinks ",31,22,5,"scooter",2,"No","Metropolitan","Cloudy","High ",1,"N",10
20,"Snack ",28,14,4.9,"electric_scooter",2,"No","Metropolitan","Sunny","Jam ",1,"N",5
44,"Snack ",33,6,4.2,"motorcycle",2,"No","Urban","Fog","Jam",1,"N",15
36,"Buffet ",31,2,3.8,"motorcycle",1,"No","Semi-Urban","Cloudy","Low ",1,"Y",10
39,"Buffet ",34,17,4.6,"scooter",1,"No","Urban","Stormy","Jam",1,"Y",15
27,"Snack ",36,22,4.9,"scooter",2,"No","Metropolitan","Stormy","High ",1,"N",10
25,"Meal ",26,18,4.9,"motorcycle",0,"No","Urban","Cloudy","High ",0,"N",5
14,"Snack ",27,15,4.7,"motorcycle",1,"No","Semi-Urban","Sunny","Low ",1,"N",10
47,"Snack ",34,13,4.9,"motorcycle",0,"No","Urban","Windy","Jam ",1,"N",5
25,"Meal ",39,19,5,"scooter",1,"No","Urban","Sandstorms","Jam",0,"N",10
14,"Drinks ",36,6,4.8,"scooter",2,"No","Metropolitan","Fog","Low ",0,"N",5
41,"Meal ",28,2,4.9,"motorcycle",0,"No","Semi-Urban","Cloudy","Medium",2,"N",15
17,"Drinks ",20,18,4.7,"motorcycle",1,"No","Metropolitan","Sunny","Jam",1,"Y",5
21,"Buffet ",31,21,5,"scooter",2,"No","Metropolitan","Sandstorms","Jam",0,"N",10
26,"Snack ",28,3,4.8,"electric_scooter",2,"No","Metropolitan","Windy","Low ",1,"N",15
33,"Drinks ",33,18,4.9,"scooter",2,"No","Urban","Stormy","Medium",1,"Y",15
39,"Meal ",38,16,5,"motorcycle",0,"No","Urban","Fog","Medium",1,"N",15
21,"Buffet ",27,2,4.8,"electric_scooter",2,"No","Semi-Urban","Sunny","High",0,"N",10
17,"Buffet ",22,22,4.8,"electric_scooter",2,"No","Metropolitan","Windy","Jam ",0,"N",15
33,"Buffet ",32,18,4.7,"scooter",2,"No","Metropolitan","Sandstorms","Jam ",1,"N",10
40,"Drinks ",33,5,4.3,"motorcycle",0,"No","Metropolitan","Windy","Jam ",0,"Y",15
31,"Snack ",20,1,4.3,"scooter",2,"No","Urban","Fog","Jam ",0,"N",15
11,"Meal ",29,23,4.6,"scooter",2,"No","Metropolitan","Sunny","Medium",0,"Y",10
31,"Drinks ",34,5,4.1,"electric_scooter",1,"No","Metropolitan","Stormy","Jam ",1,"N",10
42,"Buffet ",32,6,4.8,"scooter",2,"No","Metropolitan","Fog","Medium",1,"N",5
20,"Meal ",25,6,4.2,"motorcycle",0,"No","Metropolitan","Stormy","Low ",1,"N",5
32,"Buffet ",36,6,4,"scooter",1,"No","Metropolitan","Fog","High ",2,"Y",15
42,"Snack ",34,16,4.4,"electric_scooter",1,"No","Metropolitan","Fog","Jam ",0,"N",5
26,"Snack ",31,11,4.9,"motorcycle",0,"No","Metropolitan","Cloudy","High ",0,"Y",15
38,"Buffet ",37,21,4.9,"scooter",0,"No","Urban","Cloudy","Jam",0,"N",15
27,"Drinks ",38,12,4.6,"scooter",1,"No","Semi-Urban","Stormy","High ",1,"N",10
12,"Meal ",30,17,4.6,"scooter",2,"No","Urban","Sandstorms","Low",0,"N",10
12,"Drinks ",23,21,5,"scooter",2,"No","Urban","Stormy","Low",1,"N",10
29,"Buffet ",26,5,4.9,"electric_scooter",2,"No","Semi-Urban","Stormy","Medium",1,"N",10
41,"Meal ",26,7,3.6,"motorcycle",1,"No","Metropolitan","Sandstorms","Jam ",2,"N",5
28,"Buffet ",35,6,4.7,"scooter",1,"No","Metropolitan","Stormy","Medium",1,"N",5
34,"Snack ",23,13,4.3,"electric_scooter",0,"No","Semi-Urban","Cloudy","Medium",1,"N",10
21,"Meal ",32,17,4.9,"scooter",2,"No","Metropolitan","Sunny","Jam ",0,"N",5
15,"Snack ",25,17,5,"motorcycle",0,"No","Urban","Stormy","Medium",0,"N",10
25,"Drinks ",23,23,4.5,"electric_scooter",0,"No","Metropolitan","Sandstorms","Low ",1,"N",5
28,"Meal ",36,6,4.6,"motorcycle",0,"No","Urban","Sandstorms","Medium",0,"N",5
22,"Meal ",35,5,4.8,"motorcycle",2,"No","Metropolitan","Stormy","Medium",0,"N",15
44,"Snack ",23,23,5,"motorcycle",0,"No","Metropolitan","Cloudy","Medium",1,"Y",5
20,"Buffet ",28,17,4.8,"scooter",0,"No","Metropolitan","Stormy","Low",0,"N",10
23,"Drinks ",27,19,4.6,"motorcycle",1,"No","Urban","Stormy","Jam",1,"N",5
26,"Drinks ",37,13,4.8,"motorcycle",0,"No","Metropolitan","Sunny","Jam ",1,"Y",10
41,"Snack ",27,9,4.3,"motorcycle",0,"No","Urban","Sunny","Jam ",2,"Y",10
29,"Meal ",33,15,4.5,"scooter",2,"No","Urban","Sandstorms","Medium",1,"Y",10
20,"Buffet ",21,22,4.6,"scooter",1,"No","Metropolitan","Sandstorms","Medium",0,"Y",15
16,"Drinks ",22,17,4.9,"scooter",0,"No","Urban","Fog","Low",1,"Y",5
25,"Snack ",35,23,4.5,"scooter",2,"No","Metropolitan","Windy","Medium",1,"N",10
43,"Buffet ",36,8,4.6,"scooter",2,"No","Semi-Urban","Stormy","Jam ",0,"Y",15
12,"Meal ",26,19,4.6,"motorcycle",1,"No","Semi-Urban","Sunny","Jam",0,"N",15
18,"Meal ",22,15,4.9,"scooter",2,"No","Urban","Sunny","High",1,"N",5
38,"Snack ",39,17,4.6,"motorcycle",0,"No","Semi-Urban","Stormy","High ",0,"N",10
19,"Meal ",31,19,4.7,"scooter",1,"No","Urban","Stormy","Low",1,"N",10
31,"Drinks ",21,6,4.4,"electric_scooter",1,"No","Urban","Stormy","Medium",1,"N",5
20,"Meal ",23,15,4.8,"scooter",0,"No","Semi-Urban","Cloudy","Low",1,"N",10
33,"Drinks ",36,19,4.6,"motorcycle",2,"No","Urban","Windy","Jam",0,"N",10
23,"Drinks ",28,19,4.9,"scooter",2,"No","Metropolitan","Stormy","Low ",1,"N",15
19,"Snack ",21,9,4.7,"scooter",2,"No","Metropolitan","Sunny","Low ",1,"N",5
16,"Drinks ",23,6,4.8,"motorcycle",0,"No","Urban","Sunny","Jam",0,"N",5
13,"Buffet ",21,22,4.7,"motorcycle",2,"No","Urban","Stormy","Low",0,"N",10
24,"Meal ",27,15,4.6,"motorcycle",1,"No","Urban","Sandstorms","Jam ",1,"N",15
49,"Drinks ",22,23,4.8,"motorcycle",0,"No","Metropolitan","Cloudy","Medium",0,"Y",10
21,"Snack ",20,12,4,"electric_scooter",0,"No","Metropolitan","Stormy","Low ",0,"N",5
46,"Snack ",27,9,4.4,"motorcycle",0,"No","Metropolitan","Stormy","Jam ",1,"N",10
17,"Meal ",32,22,4.8,"motorcycle",2,"No","Metropolitan","Fog","Low",1,"N",5
43,"Drinks ",27,5,4.9,"motorcycle",0,"No","Metropolitan","Sandstorms","Medium",1,"N",5
23,"Snack ",33,23,4.9,"motorcycle",0,"No","Urban","Stormy","Medium",0,"Y",15
28,"Drinks ",31,7,5,"motorcycle",1,"No","Urban","Sandstorms","Jam ",0,"N",15
26,"Meal ",24,21,4.6,"motorcycle",1,"No","Metropolitan","Fog","Jam ",1,"N",15
25,"Snack ",25,23,4.8,"electric_scooter",2,"No","Metropolitan","Sandstorms","Jam ",1,"N",10
42,"Buffet ",33,18,5,"motorcycle",1,"No","Urban","Cloudy","Jam",2,"N",10
31,"Buffet ",22,5,4.2,"scooter",2,"No","Urban","Cloudy","Medium",1,"Y",5
21,"Drinks ",21,3,4.5,"motorcycle",0,"No","Urban","Stormy","Low",1,"N",25
18,"Meal ",29,23,4.9,"scooter",2,"No","Metropolitan","Stormy","Medium",1,"N",15
19,"Meal ",35,22,4.6,"motorcycle",2,"No","Metropolitan","Cloudy","Medium",1,"N",15
40,"Meal ",31,5,4,"electric_scooter",2,"No","Urban","Cloudy","Medium",2,"N",5
26,"Meal ",21,22,4.8,"motorcycle",0,"No","Metropolitan","Sandstorms","Medium",1,"N",10
34,"Drinks ",38,8,4.6,"motorcycle",0,"No","Semi-Urban","Windy","Jam ",1,"N",15
27,"Snack ",37,4,4.8,"scooter",1,"No","Metropolitan","Cloudy","Low ",1,"N",15
27,"Meal ",35,21,4.6,"scooter",1,"No","Metropolitan","Fog","Jam ",1,"Y",5
38,"Drinks ",38,3,4.4,"electric_scooter",0,"No","Urban","Sandstorms","Jam",2,"N",5
25,"Buffet ",24,23,4.7,"scooter",2,"No","Metropolitan","Windy","Jam ",1,"N",5
42,"Drinks ",38,18,5,"scooter",1,"No","Metropolitan","Sunny","Medium",1,"Y",5
40,"Meal ",21,13,3.8,"scooter",1,"Yes","Metropolitan","Windy","Jam ",1,"N",15
16,"Drinks ",21,23,4.6,"scooter",1,"No","Metropolitan","Sandstorms","Jam ",1,"N",10
41,"Snack ",33,7,5,"motorcycle",1,"No","Semi-Urban","Fog","Medium",1,"N",15
17,"Buffet ",23,14,4.6,"motorcycle",0,"No","Semi-Urban","Windy","High ",0,"N",15
24,"Snack ",26,22,4.8,"scooter",0,"No","Urban","Fog","Low",1,"N",10
15,"Snack ",34,23,4.7,"motorcycle",0,"No","Semi-Urban","Fog","Low",0,"Y",10
28,"Buffet ",21,19,4.6,"motorcycle",0,"No","Metropolitan","Fog","Low ",1,"N",15
52,"Drinks ",33,13,4.7,"motorcycle",0,"No","Metropolitan","Windy","Jam ",1,"Y",10
26,"Buffet ",27,9,4.8,"scooter",2,"No","Metropolitan","Sunny","Jam ",0,"N",10
26,"Drinks ",25,17,4.9,"scooter",1,"No","Urban","Stormy","Low",0,"N",5
25,"Buffet ",38,1,4.5,"motorcycle",2,"No","Semi-Urban","Sandstorms","Jam",1,"N",15
36,"Snack ",26,13,4.3,"scooter",1,"No","Semi-Urban","Fog","Jam ",1,"N",10
37,"Buffet ",37,1,4.5,"scooter",2,"No","Semi-Urban","Fog","Low ",0,"Y",20
34,"Meal ",23,17,4.4,"motorcycle",0,"No","Urban","Stormy","Medium",1,"N",15
14,"Snack ",28,18,4.7,"motorcycle",2,"No","Urban","Windy","Jam",0,"N",5
44,"Buffet ",29,13,3.5,"motorcycle",2,"No","Semi-Urban","Sandstorms","Jam ",2,"N",10
24,"Snack ",23,12,4.8,"motorcycle",1,"No","Metropolitan","Windy","Medium",1,"N",15
26,"Drinks ",32,9,4.5,"electric_scooter",2,"No","Metropolitan","Fog","High ",1,"Y",15
19,"Buffet ",20,8,4.8,"electric_scooter",1,"No","Metropolitan","Windy","Low ",1,"N",5
44,"Buffet ",26,12,4.8,"motorcycle",0,"No","Metropolitan","Windy","Medium",1,"N",15
28,"Meal ",35,19,5,"scooter",2,"No","Semi-Urban","Sandstorms","Jam ",1,"N",10
43,"Drinks ",36,23,4.8,"electric_scooter",0,"No","Urban","Cloudy","Jam",0,"N",5
18,"Drinks ",23,19,4.9,"electric_scooter",2,"No","Metropolitan","Cloudy","Low ",1,"N",10
24,"Meal ",31,3,4.6,"motorcycle",0,"No","Metropolitan","Fog","Low",1,"N",10
19,"Buffet ",39,16,4.8,"motorcycle",1,"No","Metropolitan","Sunny","Low ",1,"N",15
15,"Meal ",36,23,4.7,"scooter",2,"No","Urban","Cloudy","Low ",0,"N",5
26,"Snack ",27,18,4.8,"scooter",1,"No","Metropolitan","Stormy","Jam ",1,"N",5
33,"Snack ",36,13,4.1,"scooter",2,"No","Metropolitan","Sandstorms","High ",1,"N",15
19,"Buffet ",30,5,4.6,"electric_scooter",2,"No","Metropolitan","Fog","Medium",0,"N",5
18,"Snack ",29,3,4.7,"motorcycle",1,"No","Metropolitan","Sandstorms","Low ",1,"N",15
31,"Snack ",24,5,4.9,"scooter",1,"No","Semi-Urban","Stormy","Medium",1,"N",10
24,"Snack ",29,14,4.8,"scooter",0,"No","Metropolitan","Fog","Jam ",1,"N",5
44,"Snack ",31,3,4.9,"motorcycle",0,"Yes","Metropolitan","Cloudy","Jam ",1,"N",10
32,"Meal ",21,14,4,"electric_scooter",2,"No","Urban","Windy","Medium",1,"Y",10
32,"Snack ",36,5,4.7,"motorcycle",0,"No","Metropolitan","Stormy","High ",1,"N",5
33,"Snack ",33,7,4.1,"electric_scooter",2,"No","Metropolitan","Fog","Medium",1,"N",10
34,"Meal ",21,15,5,"motorcycle",0,"No","Metropolitan","Windy","Medium",1,"Y",15
23,"Buffet ",22,23,4.7,"scooter",2,"No","Metropolitan","Sandstorms","Low ",1,"N",5
15,"Buffet ",36,16,4.8,"electric_scooter",2,"No","Urban","Sunny","High",0,"N",10
29,"Snack ",30,6,5,"motorcycle",0,"No","Metropolitan","Sandstorms","Medium",1,"N",15
39,"Buffet ",29,5,4.1,"electric_scooter",0,"No","Urban","Windy","Jam",0,"N",5
34,"Meal ",39,22,4.6,"electric_scooter",2,"No","Urban","Stormy","Medium",0,"N",15
34,"Meal ",29,6,4.2,"motorcycle",0,"No","Urban","Sandstorms","Low ",0,"Y",5
22,"Buffet ",23,18,4.6,"motorcycle",1,"No","Urban","Sandstorms","Medium",1,"N",15
32,"Snack ",26,4,4.8,"scooter",1,"No","Metropolitan","Fog","Jam ",1,"N",5
17,"Buffet ",31,23,4.6,"electric_scooter",1,"No","Metropolitan","Windy","Low ",1,"N",10
15,"Meal ",24,23,4.7,"motorcycle",0,"No","Urban","Sunny","Medium",0,"N",10
18,"Meal ",36,14,4.9,"motorcycle",0,"No","Metropolitan","Sunny","Medium",1,"N",5
35,"Drinks ",34,19,4.7,"scooter",0,"No","Metropolitan","Fog","Jam ",1,"N",10
23,"Buffet ",20,18,4.6,"scooter",2,"No","Urban","Sunny","Medium",1,"N",10
30,"Drinks ",39,16,4.6,"scooter",2,"No","Urban","Windy","Jam",1,"N",15
13,"Meal ",33,18,4.9,"motorcycle",1,"No","Urban","Stormy","Low",0,"N",15
38,"Snack ",33,4,4.7,"motorcycle",0,"No","Urban","Fog","Jam ",2,"N",15
36,"Snack ",39,13,3.7,"scooter",1,"No","Urban","Windy","Jam ",0,"N",5
34,"Meal ",26,3,4.4,"motorcycle",2,"No","Metropolitan","Windy","Medium",0,"N",10
15,"Snack ",24,21,4.6,"motorcycle",1,"No","Urban","Windy","Low",1,"N",20
41,"Meal ",24,7,3.5,"scooter",1,"No","Metropolitan","Windy","Jam ",1,"N",5
32,"Drinks ",38,14,4.6,"motorcycle",1,"No","Semi-Urban","Cloudy","Jam ",1,"N",5
19,"Drinks ",25,15,4.7,"motorcycle",0,"No","Semi-Urban","Cloudy","Low ",0,"Y",15
12,"Snack ",28,17,5,"scooter",2,"No","Urban","Sandstorms","Low",0,"N",5
18,"Snack ",33,12,4.9,"scooter",2,"No","Metropolitan","Cloudy","Low ",0,"N",10
19,"Drinks ",25,15,4.6,"electric_scooter",2,"No","Semi-Urban","Sandstorms","Low ",1,"N",10
18,"Snack ",20,15,4.7,"electric_scooter",1,"No","Metropolitan","Fog","Medium",0,"Y",5
15,"Meal ",25,18,4.7,"motorcycle",0,"No","Metropolitan","Stormy","Medium",1,"N",10
24,"Buffet ",22,14,4.6,"scooter",1,"No","Metropolitan","Stormy","Low ",1,"N",10
17,"Meal ",26,16,4.6,"motorcycle",1,"No","Metropolitan","Sunny","Low ",1,"Y",15
13,"Drinks ",30,5,4.6,"electric_scooter",2,"No","Urban","Sandstorms","Low ",0,"N",5
46,"Buffet ",35,21,4.8,"scooter",0,"No","Metropolitan","Fog","Jam ",3,"N",15
15,"Buffet ",39,7,4.9,"motorcycle",1,"No","Semi-Urban","Fog","Low ",1,"N",5
27,"Snack ",27,17,4.9,"motorcycle",1,"No","Urban","Cloudy","Low ",0,"Y",5
30,"Drinks ",25,4,4,"electric_scooter",0,"No","Urban","Stormy","Low",1,"N",10
31,"Snack ",26,12,4.6,"electric_scooter",2,"No","Semi-Urban","Stormy","Medium",0,"Y",10
18,"Snack ",31,16,4.7,"scooter",1,"No","Urban","Sunny","Low",1,"N",10
49,"Meal ",34,18,4.8,"motorcycle",0,"Yes","Urban","Fog","Jam",1,"N",10
28,"Meal ",36,23,4.8,"motorcycle",2,"No","Metropolitan","Windy","Jam ",0,"N",5
28,"Snack ",36,23,4.6,"scooter",1,"No","Urban","Windy","Low",1,"Y",10
24,"Drinks ",28,11,4,"motorcycle",0,"No","Metropolitan","Stormy","Low ",1,"N",5
41,"Drinks ",24,16,4.3,"scooter",1,"No","Urban","Cloudy","Jam",1,"N",10
15,"Buffet ",32,9,4.9,"scooter",1,"No","Semi-Urban","Windy","Low ",1,"N",10
36,"Drinks ",38,5,4.6,"scooter",0,"No","Semi-Urban","Sandstorms","Jam ",1,"N",5
27,"Snack ",26,9,4.6,"motorcycle",0,"No","Metropolitan","Cloudy","High ",1,"N",5
22,"Drinks ",28,23,4.7,"motorcycle",2,"No","Metropolitan","Stormy","Medium",1,"Y",10
14,"Buffet ",23,14,4.9,"electric_scooter",2,"No","Metropolitan","Sunny","Jam ",0,"N",15
31,"Buffet ",21,6,3.6,"motorcycle",2,"No","Urban","Stormy","Jam",1,"Y",5
15,"Meal ",35,17,5,"motorcycle",1,"No","Metropolitan","Stormy","Low ",0,"N",15
21,"Buffet ",37,19,4.8,"motorcycle",1,"No","Metropolitan","Windy","Jam ",1,"N",5
32,"Meal ",36,9,4.3,"scooter",2,"No","Metropolitan","Windy","High ",0,"Y",10
24,"Meal ",31,19,4.7,"motorcycle",0,"No","Metropolitan","Fog","High ",1,"N",5
30,"Snack ",24,2,4.5,"scooter",0,"No","Urban","Sandstorms","Low ",1,"Y",10
30,"Buffet ",33,3,5,"scooter",2,"No","Urban","Fog","Jam ",1,"Y",10
30,"Snack ",28,21,4.9,"motorcycle",0,"No","Urban","Stormy","Medium",0,"N",15
26,"Snack ",31,23,4.6,"scooter",1,"No","Urban","Windy","High ",1,"Y",10
16,"Snack ",27,5,4.9,"motorcycle",0,"No","Metropolitan","Stormy","Low ",0,"N",20
32,"Meal ",38,8,3.5,"motorcycle",2,"No","Metropolitan","Cloudy","Low ",1,"N",5
13,"Drinks ",27,17,4.7,"scooter",1,"No","Urban","Sunny","High",0,"N",10
29,"Buffet ",20,3,4.3,"electric_scooter",0,"No","Urban","Sandstorms","Low",1,"N",10
43,"Drinks ",39,7,4.8,"motorcycle",0,"No","Metropolitan","Cloudy","Jam ",1,"N",15
20,"Drinks ",34,12,4.8,"motorcycle",1,"No","Semi-Urban","Fog","High ",0,"Y",10
30,"Drinks ",35,1,4.8,"scooter",1,"No","Metropolitan","Windy","Jam ",1,"N",5
21,"Meal ",37,6,4.5,"scooter",1,"No","Semi-Urban","Windy","Medium",1,"Y",5
34,"Buffet ",36,11,4.9,"scooter",1,"No","Urban","Sandstorms","Medium",1,"Y",10
25,"Snack ",27,21,4.8,"electric_scooter",1,"No","Urban","Stormy","Medium",0,"Y",5
29,"Drinks ",34,3,4.5,"scooter",0,"No","Semi-Urban","Sunny","Low ",0,"N",15
21,"Snack ",31,12,4.4,"motorcycle",0,"No","Urban","Sandstorms","Low ",1,"Y",5
40,"Meal ",38,3,3.4,"electric_scooter",1,"No","Metropolitan","Sunny","Low ",2,"N",10
37,"Meal ",24,6,4.1,"motorcycle",1,"No","Urban","Fog","Low ",1,"Y",5
25,"Buffet ",29,23,4.8,"scooter",2,"No","Urban","Sunny","Jam ",1,"N",5
21,"Meal ",29,19,4.9,"motorcycle",1,"No","Urban","Stormy","High",0,"N",15
26,"Drinks ",23,23,5,"motorcycle",0,"No","Urban","Stormy","Low",1,"N",10
19,"Snack ",37,22,4.9,"scooter",1,"No","Urban","Sunny","Jam ",1,"N",10
18,"Buffet ",38,18,4.6,"motorcycle",0,"No","Urban","Stormy","Low",1,"N",5
26,"Meal ",30,4,4.7,"motorcycle",1,"No","Metropolitan","Stormy","Medium",1,"N",10
15,"Buffet ",21,23,4.7,"scooter",2,"No","Metropolitan","Sandstorms","Low ",0,"Y",15
11,"Buffet ",22,17,4.7,"electric_scooter",1,"No","Metropolitan","Cloudy","Medium",1,"N",10
22,"Drinks ",20,16,4.8,"electric_scooter",2,"No","Semi-Urban","Sandstorms","Medium",1,"N",10
26,"Drinks ",32,19,4.6,"scooter",1,"No","Urban","Fog","Jam ",1,"Y",15
16,"Buffet ",37,22,4.6,"motorcycle",0,"No","Metropolitan","Sunny","Low ",0,"Y",10
29,"Meal ",28,21,5,"scooter",1,"No","Metropolitan","Cloudy","Low ",0,"N",10
28,"Meal ",35,19,4.6,"electric_scooter",0,"No","Metropolitan","Stormy","Medium",1,"N",10
29,"Drinks ",21,21,4.6,"motorcycle",0,"No","Metropolitan","Cloudy","Medium",1,"N",15
29,"Drinks ",35,21,4.7,"electric_scooter",0,"No","Urban","Sunny","Low",1,"N",5
20,"Meal ",29,15,4.9,"motorcycle",1,"No","Urban","Sunny","Low ",1,"N",5
11,"Meal ",31,8,4.8,"motorcycle",1,"No","Metropolitan","Sunny","Jam ",1,"N",5
20,"Drinks ",28,13,4.7,"scooter",1,"No","Metropolitan","Sunny","Medium",0,"N",15
28,"Meal ",21,13,4.8,"electric_scooter",2,"No","Semi-Urban","Windy","Medium",1,"Y",10
34,"Snack ",20,22,4.9,"motorcycle",0,"No","Urban","Cloudy","Medium",0,"Y",5
28,"Snack ",22,18,4.9,"motorcycle",0,"No","Metropolitan","Stormy","Medium",1,"N",15
12,"Meal ",29,3,4.8,"electric_scooter",2,"No","Semi-Urban","Windy","Jam",0,"N",15
26,"Meal ",25,2,4.2,"motorcycle",0,"No","Urban","Stormy","Low",1,"N",10
31,"Snack ",35,2,4.2,"electric_scooter",0,"No","Urban","Fog","High ",1,"N",15
23,"Snack ",34,8,4.9,"scooter",1,"No","Metropolitan","Sandstorms","Jam ",0,"N",10
24,"Snack ",27,22,4.8,"motorcycle",1,"No","Metropolitan","Sandstorms","Jam ",1,"Y",10
36,"Drinks ",27,9,4.5,"motorcycle",0,"No","Metropolitan","Stormy","Jam ",1,"N",10
15,"Drinks ",36,21,4.6,"scooter",2,"No","Metropolitan","Sunny","Medium",1,"N",5
20,"Buffet ",29,18,4.9,"scooter",1,"No","Semi-Urban","Sunny","Jam ",1,"N",10
38,"Snack ",31,19,4.8,"scooter",1,"No","Urban","Fog","Jam",1,"N",15
31,"Drinks ",20,9,4.1,"motorcycle",0,"No","Metropolitan","Stormy","Low ",1,"N",5
18,"Buffet ",39,15,4.6,"electric_scooter",0,"No","Metropolitan","Sunny","Low ",1,"N",15
28,"Meal ",34,21,4.8,"electric_scooter",2,"No","Metropolitan","Cloudy","Low ",0,"N",15
16,"Drinks ",21,3,4.5,"electric_scooter",2,"No","Urban","Fog","Low ",0,"N",15
34,"Snack ",35,13,4.8,"electric_scooter",0,"No","Metropolitan","Stormy","Medium",2,"Y",10
27,"Meal ",35,17,4.6,"electric_scooter",2,"No","Metropolitan","Sandstorms","Medium",1,"N",15
48,"Meal ",20,14,5,"motorcycle",0,"No","Metropolitan","Cloudy","Jam ",0,"Y",5
20,"Snack ",30,21,4.9,"motorcycle",0,"No","Metropolitan","Cloudy","Low ",1,"N",5
43,"Snack ",25,23,4.8,"motorcycle",1,"No","Semi-Urban","Sunny","Jam ",2,"N",5
37,"Snack ",26,2,4,"scooter",1,"No","Metropolitan","Fog","Medium",0,"N",5
23,"Meal ",30,11,4.8,"motorcycle",0,"No","Metropolitan","Sunny","Low ",1,"Y",5
14,"Drinks ",39,19,4.7,"electric_scooter",2,"No","Semi-Urban","Stormy","Low",1,"N",5
35,"Snack ",33,5,4.3,"motorcycle",0,"No","Urban","Sandstorms","Jam ",1,"N",15
32,"Buffet ",33,16,4,"electric_scooter",1,"No","Metropolitan","Fog","Jam ",0,"Y",15
38,"Buffet ",38,8,5,"scooter",2,"No","Metropolitan","Cloudy","Medium",1,"Y",5
11,"Meal ",20,21,4.9,"motorcycle",1,"No","Metropolitan","Stormy","Low",1,"N",10
44,"Meal ",31,3,4.5,"scooter",0,"Yes","Metropolitan","Fog","Jam ",1,"N",5
52,"Drinks ",20,12,3.6,"motorcycle",0,"No","Metropolitan","Sunny","Jam ",1,"Y",15
19,"Drinks ",39,23,4.8,"motorcycle",2,"No","Metropolitan","Sunny","Medium",1,"N",15
33,"Meal ",27,2,4.4,"motorcycle",0,"No","Metropolitan","Fog","Medium",1,"N",5
24,"Snack ",38,2,4.2,"electric_scooter",0,"No","Semi-Urban","Windy","Low",0,"Y",5
38,"Meal ",38,4,4.8,"motorcycle",0,"No","Semi-Urban","Sunny","Jam ",2,"N",15
28,"Meal ",25,5,4.6,"scooter",2,"No","Urban","Cloudy","Low",1,"N",15
19,"Drinks ",36,9,5,"motorcycle",1,"No","Metropolitan","Fog","Low ",0,"Y",5
49,"Meal ",36,6,4.9,"scooter",1,"No","Urban","Cloudy","Jam ",0,"Y",15
28,"Drinks ",32,23,4.8,"scooter",2,"No","Urban","Stormy","Jam",0,"N",10
30,"Meal ",28,5,4.7,"motorcycle",2,"No","Urban","Cloudy","Medium",1,"N",5
23,"Drinks ",22,13,4.7,"motorcycle",1,"No","Metropolitan","Stormy","Low ",1,"N",5
30,"Drinks ",38,17,4.7,"motorcycle",0,"No","Metropolitan","Cloudy","High ",1,"N",5
39,"Snack ",27,1,4.1,"electric_scooter",2,"No","Metropolitan","Stormy","Medium",1,"N",10
20,"Meal ",21,16,4.7,"motorcycle",1,"No","Metropolitan","Fog","Jam ",0,"Y",15
21,"Drinks ",22,13,5,"motorcycle",2,"No","Metropolitan","Sunny","High ",1,"N",15
15,"Snack ",26,19,4.7,"scooter",1,"No","Urban","Sunny","Low",1,"N",15
21,"Buffet ",21,1,4.9,"motorcycle",0,"No","Metropolitan","Sandstorms","Medium",0,"Y",10
23,"Snack ",37,23,4.6,"scooter",1,"No","Semi-Urban","Windy","Medium",1,"Y",15
16,"Drinks ",21,19,4.8,"scooter",2,"No","Urban","Sunny","Low",1,"N",5
21,"Drinks ",24,9,4.6,"motorcycle",1,"No","Urban","Sunny","Medium",1,"N",5
20,"Meal ",20,15,4.6,"electric_scooter",1,"No","Metropolitan","Sandstorms","Low ",0,"N",10
19,"Buffet ",26,23,4.6,"scooter",2,"No","Urban","Sunny","High",0,"Y",5
24,"Drinks ",36,5,4.9,"scooter",1,"No","Semi-Urban","Stormy","Medium",1,"N",5
35,"Drinks ",35,11,4.9,"motorcycle",0,"No","Semi-Urban","Stormy","Jam ",1,"N",5
12,"Meal ",37,22,4.9,"motorcycle",2,"No","Metropolitan","Sunny","Low ",0,"N",10
23,"Meal ",33,22,4.5,"electric_scooter",1,"No","Metropolitan","Windy","High ",1,"N",15
20,"Drinks ",29,23,4.7,"scooter",0,"No","Metropolitan","Sunny","Jam ",1,"Y",5
24,"Drinks ",31,19,4.6,"electric_scooter",1,"No","Metropolitan","Cloudy","Low ",1,"N",5
28,"Snack ",36,9,4.7,"motorcycle",2,"No","Metropolitan","Windy","Jam ",1,"N",15
22,"Drinks ",31,4,4.6,"motorcycle",0,"No","Semi-Urban","Sunny","Low ",1,"N",10
20,"Snack ",21,9,4.9,"motorcycle",0,"No","Metropolitan","Fog","Low ",1,"N",20
22,"Snack ",20,15,4.8,"motorcycle",0,"No","Metropolitan","Sandstorms","Jam ",0,"N",15
34,"Buffet ",32,9,3.6,"motorcycle",1,"No","Metropolitan","Sandstorms","Jam ",1,"N",10
19,"Buffet ",33,23,4.6,"electric_scooter",1,"No","Semi-Urban","Windy","Low",0,"N",5
29,"Drinks ",25,5,4.9,"scooter",2,"No","Semi-Urban","Stormy","High ",1,"N",10
18,"Meal ",31,18,4.6,"scooter",2,"No","Metropolitan","Sunny","Jam ",0,"N",5
29,"Snack ",33,1,4.7,"motorcycle",1,"No","Metropolitan","Stormy","Jam ",1,"N",15
20,"Meal ",25,19,4.6,"motorcycle",2,"No","Urban","Windy","Medium",1,"N",5
29,"Meal ",30,18,4.8,"motorcycle",0,"No","Metropolitan","Windy","Jam ",1,"Y",15
34,"Buffet ",23,13,4.4,"scooter",2,"No","Metropolitan","Sandstorms","Medium",0,"N",5
12,"Drinks ",30,18,4.7,"scooter",2,"No","Metropolitan","Sunny","Jam ",1,"N",5
16,"Buffet ",21,17,4.6,"motorcycle",2,"No","Urban","Sandstorms","High",0,"Y",10
19,"Meal ",30,9,4.9,"motorcycle",1,"No","Metropolitan","Sunny","Jam ",1,"N",15
35,"Meal ",21,13,4.7,"motorcycle",0,"No","Metropolitan","Sandstorms","Medium",1,"Y",10
26,"Buffet ",28,19,4.8,"electric_scooter",0,"No","Urban","Fog","High",1,"Y",10
18,"Buffet ",34,17,5,"scooter",2,"No","Metropolitan","Stormy","Low ",1,"N",5
30,"Drinks ",29,15,5,"scooter",2,"No","Metropolitan","Fog","Jam ",0,"N",15
19,"Snack ",27,18,5,"scooter",2,"No","Urban","Windy","Low",0,"Y",5
43,"Buffet ",27,23,4.3,"scooter",2,"No","Metropolitan","Fog","Jam ",1,"N",5
14,"Buffet ",24,23,4.6,"motorcycle",1,"No","Urban","Fog","Medium",1,"N",5
46,"Snack ",22,23,5,"motorcycle",2,"No","Semi-Urban","Fog","Jam",2,"Y",5
25,"Snack ",32,8,4.3,"motorcycle",0,"No","Metropolitan","Sandstorms","Low ",0,"N",10
13,"Buffet ",30,7,4.9,"scooter",2,"No","Metropolitan","Stormy","Low ",0,"N",10
42,"Snack ",27,2,3.6,"electric_scooter",2,"Yes","Urban","Sandstorms","Jam ",2,"N",10
16,"Snack ",26,2,4.9,"scooter",1,"No","Metropolitan","Stormy","Jam",0,"N",5
15,"Buffet ",21,14,4.9,"motorcycle",1,"No","Metropolitan","Cloudy","Medium",0,"N",15
30,"Drinks ",38,21,4.6,"motorcycle",1,"No","Metropolitan","Stormy","High ",0,"N",15
24,"Snack ",34,21,4.7,"scooter",2,"No","Metropolitan","Sunny","Low ",1,"Y",10
25,"Drinks ",32,23,4.9,"motorcycle",1,"No","Metropolitan","Stormy","Jam ",0,"N",5
39,"Drinks ",24,2,4.2,"electric_scooter",2,"No","Semi-Urban","Fog","Medium",1,"N",5
51,"Snack ",35,9,4.3,"motorcycle",0,"Yes","Metropolitan","Windy","Jam ",1,"N",5
29,"Buffet ",36,11,4.1,"scooter",0,"No","Metropolitan","Stormy","Low ",1,"N",10
32,"Snack ",39,12,4,"motorcycle",0,"No","Metropolitan","Fog","Jam ",1,"Y",15
33,"Snack ",38,2,3.7,"motorcycle",1,"No","Metropolitan","Sandstorms","Jam ",1,"N",15
13,"Drinks ",38,16,4.7,"motorcycle",2,"No","Metropolitan","Fog","Low ",1,"N",5
34,"Buffet ",39,14,4,"motorcycle",1,"No","Metropolitan","Fog","Medium",1,"Y",15
29,"Meal ",33,16,4.7,"scooter",1,"No","Urban","Stormy","Jam",1,"Y",15
24,"Buffet ",30,23,4.9,"scooter",1,"No","Metropolitan","Sandstorms","Jam ",1,"N",10
24,"Snack ",22,3,4.6,"electric_scooter",2,"No","Urban","Sunny","Medium",1,"N",5
15,"Drinks ",22,18,4.7,"scooter",1,"No","Metropolitan","Sandstorms","Low ",0,"Y",10
24,"Snack ",25,21,4.7,"motorcycle",0,"No","Metropolitan","Stormy","Low",1,"N",15
32,"Snack ",34,6,4,"scooter",2,"No","Metropolitan","Sandstorms","Jam ",0,"N",15
33,"Meal ",33,19,5,"electric_scooter",2,"No","Semi-Urban","Windy","Medium",1,"N",15
27,"Buffet ",20,13,4.8,"electric_scooter",2,"No","Metropolitan","Windy","Medium",0,"N",15
22,"Snack ",33,22,4.9,"motorcycle",0,"No","Urban","Cloudy","Low ",1,"N",15
23,"Buffet ",27,22,4.6,"scooter",1,"No","Metropolitan","Stormy","Low ",1,"N",15
24,"Meal ",36,18,4.8,"scooter",1,"No","Metropolitan","Cloudy","Low ",1,"N",25
20,"Snack ",37,18,4.9,"electric_scooter",1,"No","Metropolitan","Fog","Jam ",1,"N",15
23,"Snack ",35,19,4.6,"scooter",2,"No","Metropolitan","Fog","Jam ",0,"N",15
25,"Snack ",25,13,5,"motorcycle",0,"No","Metropolitan","Stormy","Low ",0,"N",10
21,"Snack ",34,22,4.9,"motorcycle",0,"No","Metropolitan","Sunny","Jam ",0,"N",15
16,"Drinks ",33,22,4.7,"scooter",2,"No","Urban","Stormy","Low ",0,"N",5
29,"Meal ",21,15,4.5,"scooter",0,"No","Metropolitan","Windy","Jam ",1,"N",5
33,"Snack ",28,23,5,"motorcycle",0,"No","Metropolitan","Cloudy","Medium",1,"N",5
33,"Drinks ",33,11,3.2,"motorcycle",0,"No","Metropolitan","Sunny","Low ",1,"N",5
45,"Drinks ",36,20,4,"motorcycle",0,"Yes","Metropolitan","Windy","Medium",3,"N",10
29,"Meal ",32,19,4.7,"scooter",1,"No","Metropolitan","Sandstorms","High ",0,"Y",15
29,"Snack ",28,2,4.5,"motorcycle",2,"No","Urban","Fog","Medium",0,"N",10
17,"Drinks ",38,14,4.5,"motorcycle",1,"No","Metropolitan","Sandstorms","Jam ",0,"N",10
33,"Buffet ",25,13,4.2,"scooter",2,"No","Metropolitan","Fog","Jam ",0,"N",5
33,"Meal ",32,5,4.2,"electric_scooter",1,"No","Urban","Fog","Medium",1,"Y",10
22,"Snack ",35,22,4.5,"electric_scooter",1,"No","Semi-Urban","Sunny","Jam ",0,"N",15
48,"Snack ",23,21,4.6,"motorcycle",2,"No","Metropolitan","Fog","Jam ",1,"Y",10
10,"Snack ",20,1,4.5,"scooter",2,"No","Urban","Sunny","High",0,"Y",15
30,"Drinks ",23,1,4.2,"electric_scooter",0,"No","Metropolitan","Stormy","Low ",1,"N",15
12,"Meal ",28,23,4.7,"motorcycle",1,"No","Urban","Sunny","Jam",0,"N",15
22,"Drinks ",34,15,4.8,"scooter",2,"No","Metropolitan","Sunny","Low ",0,"Y",5
54,"Drinks ",21,1,4.4,"motorcycle",0,"Yes","Metropolitan","Sandstorms","Jam ",3,"Y",10
25,"Buffet ",25,19,4.7,"motorcycle",1,"No","Metropolitan","Windy","Medium",1,"Y",15
25,"Drinks ",30,23,4.7,"electric_scooter",1,"No","Metropolitan","Windy","Medium",1,"N",10
32,"Drinks ",28,5,4.2,"electric_scooter",0,"No","Urban","Windy","Low",1,"N",5
27,"Buffet ",31,22,4.6,"motorcycle",2,"No","Urban","Stormy","Jam ",1,"N",10
25,"Snack ",21,17,4.8,"motorcycle",0,"No","Urban","Stormy","Jam",1,"Y",5
15,"Buffet ",22,23,4.7,"scooter",1,"No","Metropolitan","Sandstorms","Low ",0,"N",15
31,"Meal ",35,6,4.6,"motorcycle",1,"No","Semi-Urban","Fog","High ",1,"N",10
10,"Meal ",36,19,5,"electric_scooter",2,"No","Metropolitan","Windy","Low ",1,"Y",10
28,"Drinks ",39,15,4.8,"electric_scooter",1,"No","Metropolitan","Sunny","Low",1,"N",5
21,"Meal ",26,9,4.4,"motorcycle",0,"No","Semi-Urban","Windy","Low ",1,"Y",5
24,"Drinks ",27,16,4.7,"scooter",2,"No","Urban","Sandstorms","Medium",1,"N",5
12,"Meal ",27,22,4.5,"scooter",2,"No","Semi-Urban","Windy","Low ",0,"N",15
34,"Meal ",32,11,4.2,"motorcycle",2,"No","Metropolitan","Stormy","Medium",0,"Y",10
24,"Drinks ",36,5,4.9,"scooter",1,"No","Semi-Urban","Stormy","Medium",1,"N",5
13,"Snack ",23,23,4.8,"electric_scooter",2,"No","Metropolitan","Sunny","Low ",1,"N",5
19,"Meal ",23,18,4.6,"scooter",1,"No","Urban","Fog","Low",0,"N",25
14,"Drinks ",26,22,4.8,"scooter",2,"No","Urban","Stormy","Low",1,"N",5
42,"Buffet ",29,14,4.7,"motorcycle",0,"Yes","Metropolitan","Sandstorms","Jam ",2,"Y",15
25,"Meal ",31,23,4.5,"scooter",2,"No","Metropolitan","Stormy","Jam ",1,"N",15
26,"Snack ",24,3,4.6,"motorcycle",0,"No","Urban","Sandstorms","Low ",0,"N",5
24,"Drinks ",38,1,4.2,"scooter",0,"No","Urban","Sandstorms","Low",1,"N",10
43,"Buffet ",27,23,4.9,"motorcycle",0,"No","Metropolitan","Sandstorms","Medium",1,"N",15
30,"Drinks ",28,23,4.7,"motorcycle",0,"No","Metropolitan","Sandstorms","Medium",1,"Y",5
22,"Snack ",20,22,4.9,"scooter",1,"No","Metropolitan","Sandstorms","Medium",1,"N",10
16,"Meal ",27,12,4.8,"electric_scooter",0,"No","Metropolitan","Sunny","Jam ",1,"N",15
34,"Buffet ",30,5,4.2,"scooter",1,"No","Semi-Urban","Fog","Medium",1,"Y",5
39,"Snack ",24,18,4.6,"motorcycle",0,"No","Urban","Sandstorms","Jam ",2,"Y",15
36,"Meal ",24,22,5,"motorcycle",0,"No","Metropolitan","Sandstorms","Jam ",1,"N",10
27,"Drinks ",29,7,4.9,"motorcycle",0,"No","Metropolitan","Fog","High ",1,"N",5
40,"Snack ",33,2,4.6,"motorcycle",0,"No","Urban","Sunny","Jam ",2,"N",5
23,"Meal ",33,13,4.9,"motorcycle",1,"No","Metropolitan","Sandstorms","Low ",0,"N",10
25,"Buffet ",36,14,4.7,"motorcycle",2,"No","Urban","Stormy","Low ",1,"N",15
17,"Drinks ",37,13,4.8,"motorcycle",1,"No","Metropolitan","Sandstorms","Low ",1,"Y",15
25,"Snack ",21,18,4.6,"scooter",2,"No","Semi-Urban","Fog","Jam ",1,"N",10
43,"Snack ",23,18,4.8,"motorcycle",2,"No","Urban","Fog","Jam",2,"N",5
38,"Snack ",20,21,4.4,"electric_scooter",1,"No","Metropolitan","Cloudy","Jam ",1,"N",5
19,"Drinks ",31,15,4.8,"electric_scooter",2,"No","Urban","Sunny","Low",0,"Y",5
23,"Buffet ",23,23,5,"motorcycle",1,"No","Metropolitan","Fog","Low ",1,"N",15
17,"Meal ",30,23,4.6,"motorcycle",2,"No","Urban","Fog","Low ",0,"Y",10
23,"Buffet ",24,16,4.6,"motorcycle",0,"No","Urban","Fog","High",0,"N",15
18,"Buffet ",28,23,4.6,"motorcycle",1,"No","Metropolitan","Sandstorms","Low ",0,"Y",5
16,"Meal ",20,22,4.7,"scooter",2,"No","Metropolitan","Cloudy","Low ",0,"N",10
42,"Meal ",36,5,3.7,"scooter",2,"Yes","Semi-Urban","Stormy","Jam ",2,"N",15
23,"Drinks ",20,23,4.9,"motorcycle",0,"No","Metropolitan","Fog","Jam ",1,"Y",5
18,"Drinks ",27,17,4.6,"motorcycle",2,"No","Metropolitan","Sandstorms","Low ",0,"N",15
28,"Buffet ",27,17,4.8,"scooter",2,"No","Semi-Urban","Stormy","Medium",0,"N",15
24,"Drinks ",39,15,4.8,"scooter",1,"No","Urban","Windy","Medium",1,"Y",15
29,"Drinks ",20,13,5,"scooter",1,"No","Metropolitan","Cloudy","Jam ",1,"Y",5
43,"Meal ",28,15,4.6,"motorcycle",0,"No","Metropolitan","Sandstorms","Medium",1,"N",10
40,"Buffet ",30,13,4.9,"motorcycle",0,"No","Metropolitan","Sandstorms","Jam ",1,"Y",5
40,"Meal ",31,3,4.6,"electric_scooter",2,"No","Semi-Urban","Cloudy","Jam ",1,"N",15
32,"Meal ",32,18,4.6,"motorcycle",0,"No","Metropolitan","Sandstorms","Medium",0,"N",15
33,"Meal ",28,12,4.9,"motorcycle",0,"No","Metropolitan","Sunny","Jam ",1,"Y",15
25,"Snack ",22,16,4.7,"scooter",1,"No","Metropolitan","Stormy","Medium",1,"N",5
17,"Drinks ",23,15,4.6,"motorcycle",1,"No","Urban","Fog","Medium",0,"N",5
11,"Snack ",33,15,4.6,"motorcycle",1,"No","Urban","Stormy","Low",0,"Y",5
20,"Drinks ",20,23,4.7,"motorcycle",1,"No","Urban","Windy","Jam ",0,"N",5
21,"Snack ",22,17,4.9,"electric_scooter",2,"No","Urban","Sunny","Low",0,"N",5
23,"Drinks ",20,22,4.7,"electric_scooter",2,"No","Urban","Windy","Medium",1,"N",5
23,"Snack ",24,1,4.2,"motorcycle",0,"No","Urban","Stormy","Low",1,"N",5
19,"Buffet ",30,18,4.8,"scooter",2,"No","Metropolitan","Fog","Low",1,"N",10
28,"Meal ",32,14,4.9,"motorcycle",0,"No","Metropolitan","Stormy","Jam ",1,"N",10
31,"Meal ",27,14,3.5,"electric_scooter",2,"No","Urban","Sandstorms","Jam ",1,"N",10
23,"Buffet ",32,6,4.7,"scooter",1,"No","Semi-Urban","Sandstorms","Medium",0,"N",5
18,"Meal ",28,14,4.7,"scooter",0,"No","Metropolitan","Sunny","Medium",1,"N",5
15,"Meal ",35,2,5,"motorcycle",2,"No","Semi-Urban","Stormy","Low ",1,"N",10
24,"Meal ",28,16,4.5,"electric_scooter",0,"No","Urban","Stormy","Low ",0,"N",20
16,"Buffet ",34,18,4.8,"scooter",2,"No","Metropolitan","Sunny","Low ",1,"Y",10
48,"Drinks ",36,22,4,"motorcycle",0,"No","Metropolitan","Stormy","Medium",0,"N",10
16,"Snack ",21,9,4.6,"scooter",1,"No","Urban","Stormy","Low ",1,"N",5
23,"Buffet ",39,23,4.9,"scooter",2,"No","Metropolitan","Sandstorms","Low ",1,"N",30
26,"Snack ",20,17,5,"motorcycle",0,"No","Metropolitan","Sunny","Low ",1,"N",5
43,"Drinks ",30,3,4.3,"motorcycle",0,"Yes","Metropolitan","Sunny","Jam ",1,"N",5
24,"Meal ",36,13,4.8,"motorcycle",2,"No","Metropolitan","Stormy","Low ",0,"N",10
38,"Meal ",31,3,3.5,"motorcycle",1,"No","Metropolitan","Sandstorms","Jam ",1,"N",10
25,"Snack ",23,7,5,"motorcycle",0,"No","Urban","Fog","High ",1,"Y",5
15,"Drinks ",39,18,4.6,"motorcycle",1,"No","Urban","Fog","Low",1,"N",5
35,"Snack ",24,15,4.6,"motorcycle",2,"No","Metropolitan","Cloudy","High ",1,"N",5
23,"Snack ",31,23,4.5,"scooter",1,"No","Metropolitan","Cloudy","Low ",1,"N",25
17,"Drinks ",37,15,4.9,"electric_scooter",1,"No","Metropolitan","Sunny","Medium",0,"N",15
15,"Meal ",21,3,5,"electric_scooter",1,"No","Metropolitan","Sandstorms","Low ",1,"N",10
21,"Drinks ",31,12,4.9,"scooter",1,"No","Metropolitan","Sunny","Low ",0,"Y",15
16,"Buffet ",30,16,4.9,"motorcycle",1,"No","Semi-Urban","Cloudy","Medium",0,"Y",10
35,"Drinks ",26,6,4.2,"motorcycle",2,"No","Metropolitan","Fog","Jam ",1,"N",10
23,"Buffet ",20,18,4.9,"electric_scooter",1,"No","Metropolitan","Sandstorms","Low ",1,"Y",5
28,"Snack ",36,16,4.5,"electric_scooter",2,"No","Semi-Urban","Windy","Low ",0,"Y",5
31,"Snack ",36,3,4.6,"scooter",1,"No","Urban","Windy","Medium",1,"Y",5
13,"Buffet ",27,15,4.7,"scooter",1,"No","Urban","Fog","Medium",0,"Y",15
10,"Meal ",35,3,5,"electric_scooter",2,"No","Metropolitan","Sunny","Low ",1,"N",5
18,"Drinks ",34,23,4.9,"motorcycle",1,"No","Urban","Sunny","Low ",1,"N",5
23,"Drinks ",37,23,4.6,"electric_scooter",0,"No","Urban","Stormy","Low",1,"N",15
15,"Snack ",22,17,4.6,"electric_scooter",1,"No","Urban","Sunny","Jam",0,"N",15
22,"Meal ",32,18,4.9,"scooter",0,"No","Metropolitan","Sunny","Low ",1,"N",5
33,"Buffet ",20,23,4.7,"motorcycle",2,"No","Urban","Stormy","High",0,"N",10
25,"Buffet ",24,21,4.9,"motorcycle",1,"No","Metropolitan","Sandstorms","High ",1,"N",15
20,"Meal ",21,23,4.9,"scooter",1,"No","Metropolitan","Sunny","Jam ",0,"N",10
33,"Snack ",38,14,4.8,"motorcycle",0,"No","Semi-Urban","Fog","Medium",1,"Y",10
25,"Drinks ",25,16,4.7,"electric_scooter",2,"No","Metropolitan","Windy","Low ",1,"N",15
43,"Drinks ",36,9,4.2,"motorcycle",1,"No","Metropolitan","Cloudy","Jam ",2,"Y",15
20,"Drinks ",23,3,4.7,"motorcycle",1,"No","Metropolitan","Sandstorms","Medium",0,"N",10
52,"Snack ",39,19,4.9,"motorcycle",0,"No","Metropolitan","Fog","Jam ",1,"Y",5
18,"Drinks ",39,19,4.8,"motorcycle",0,"No","Metropolitan","Sandstorms","High ",1,"Y",10
40,"Drinks ",38,13,4.9,"motorcycle",0,"Yes","Metropolitan","Fog","Medium",0,"N",15
25,"Snack ",22,8,4.1,"motorcycle",0,"No","Urban","Sandstorms","Low ",0,"N",10
23,"Drinks ",25,14,5,"motorcycle",0,"No","Metropolitan","Fog","Low ",1,"N",5
51,"Meal ",26,17,4.8,"electric_scooter",0,"Yes","Metropolitan","Stormy","Jam ",1,"Y",5
16,"Drinks ",29,12,4.7,"electric_scooter",1,"No","Semi-Urban","Sunny","Medium",1,"Y",5
32,"Snack ",39,8,4.3,"electric_scooter",0,"No","Metropolitan","Sunny","Jam ",0,"N",15
46,"Drinks ",29,3,4.9,"motorcycle",0,"Yes","Metropolitan","Fog","Medium",2,"N",10
18,"Buffet ",38,3,4.6,"motorcycle",1,"No","Metropolitan","Stormy","Low ",1,"N",10
29,"Snack ",24,18,4.9,"scooter",1,"No","Semi-Urban","Stormy","Medium",0,"N",10
21,"Drinks ",38,3,4.1,"motorcycle",0,"No","Urban","Windy","Low ",0,"Y",15
29,"Snack ",29,8,4.5,"scooter",0,"No","Metropolitan","Fog","Low ",1,"N",10
21,"Buffet ",20,9,4.8,"motorcycle",0,"No","Metropolitan","Cloudy","Low ",1,"N",5
31,"Meal ",38,6,4.9,"motorcycle",1,"No","Urban","Stormy","High",1,"N",15
30,"Snack ",20,17,5,"scooter",2,"No","Urban","Stormy","Jam",0,"N",10
50,"Snack ",21,13,4.5,"motorcycle",0,"Yes","Metropolitan","Fog","Jam ",1,"Y",15
29,"Meal ",21,7,4.6,"electric_scooter",1,"No","Metropolitan","Fog","Low ",1,"Y",15
28,"Meal ",38,4,4.9,"scooter",1,"No","Metropolitan","Fog","Jam",1,"N",10
20,"Buffet ",24,15,4.9,"motorcycle",0,"No","Semi-Urban","Fog","Low ",0,"N",15
31,"Buffet ",22,3,4.3,"motorcycle",0,"No","Metropolitan","Fog","High ",1,"N",5
17,"Drinks ",33,22,4.6,"motorcycle",0,"No","Metropolitan","Stormy","Medium",0,"N",15
37,"Snack ",20,9,4.3,"scooter",0,"No","Urban","Sunny","Jam ",1,"Y",5
19,"Meal ",30,13,4.5,"electric_scooter",2,"No","Metropolitan","Windy","Low ",0,"N",10
34,"Drinks ",27,19,4.7,"electric_scooter",2,"No","Urban","Windy","High",1,"N",5
18,"Buffet ",38,9,4.8,"scooter",2,"No","Metropolitan","Sandstorms","Low ",1,"N",5
21,"Snack ",39,16,4.7,"electric_scooter",0,"No","Urban","Cloudy","Low",0,"N",5
37,"Buffet ",33,18,4,"motorcycle",0,"No","Semi-Urban","Fog","Low ",2,"Y",5
17,"Snack ",27,9,4.7,"motorcycle",2,"No","Metropolitan","Sunny","Jam ",1,"N",10
16,"Buffet ",26,19,4.7,"scooter",1,"No","Semi-Urban","Fog","Medium",0,"Y",5
19,"Snack ",23,23,4.9,"scooter",1,"No","Metropolitan","Sunny","Jam ",1,"N",15
53,"Buffet ",29,2,4.2,"motorcycle",0,"No","Semi-Urban","Stormy","Jam ",1,"N",5
27,"Buffet ",31,22,4.6,"motorcycle",2,"No","Urban","Stormy","Jam ",1,"N",10
27,"Meal ",31,22,4.7,"motorcycle",1,"No","Urban","Stormy","High",1,"Y",15
40,"Snack ",25,15,4.3,"scooter",1,"No","Metropolitan","Fog","Jam ",0,"N",15
20,"Drinks ",30,9,4.9,"electric_scooter",0,"No","Metropolitan","Fog","Medium",1,"N",15
32,"Snack ",22,17,4,"electric_scooter",2,"No","Semi-Urban","Fog","Jam ",1,"Y",15
21,"Snack ",32,23,5,"electric_scooter",2,"No","Semi-Urban","Sunny","Medium",1,"Y",10
49,"Snack ",35,9,4.7,"scooter",1,"No","Urban","Fog","Jam ",1,"N",10
33,"Snack ",38,6,4.2,"motorcycle",0,"No","Metropolitan","Fog","Jam ",1,"Y",5
26,"Snack ",27,12,5,"scooter",2,"No","Metropolitan","Stormy","Jam ",1,"Y",15
21,"Snack ",38,12,4.6,"motorcycle",2,"No","Metropolitan","Windy","Low ",1,"N",15
23,"Meal ",22,23,4.8,"scooter",2,"No","Semi-Urban","Sunny","Medium",1,"Y",15
28,"Drinks ",32,22,4.8,"electric_scooter",1,"No","Metropolitan","Stormy","Low ",0,"Y",10
29,"Snack ",30,6,5,"motorcycle",0,"No","Metropolitan","Sandstorms","Medium",1,"N",15
25,"Meal ",32,16,4.7,"scooter",2,"No","Metropolitan","Sunny","Jam ",1,"N",10
41,"Snack ",24,7,4.7,"scooter",0,"No","Metropolitan","Fog","Low ",1,"N",20
17,"Meal ",22,8,5,"electric_scooter",2,"No","Semi-Urban","Sunny","Medium",1,"N",5
30,"Buffet ",24,18,4.6,"electric_scooter",1,"No","Metropolitan","Stormy","Medium",1,"Y",10
33,"Drinks ",37,4,3.6,"electric_scooter",2,"No","Urban","Stormy","Jam",2,"N",15
16,"Drinks ",34,7,4.6,"motorcycle",1,"No","Metropolitan","Windy","Low ",0,"N",10
15,"Snack ",21,17,4.8,"electric_scooter",1,"No","Urban","Fog","Low",1,"Y",10
29,"Buffet ",36,14,4.6,"motorcycle",1,"No","Metropolitan","Cloudy","Medium",0,"Y",5
28,"Meal ",29,16,4.5,"motorcycle",0,"No","Urban","Sunny","Jam ",0,"N",5
33,"Buffet ",23,2,4.2,"motorcycle",0,"No","Metropolitan","Sunny","Jam ",0,"Y",5
16,"Drinks ",29,1,4.9,"motorcycle",2,"No","Metropolitan","Sandstorms","Jam",1,"N",10
27,"Drinks ",29,16,4.6,"scooter",1,"No","Metropolitan","Cloudy","Low ",0,"N",5
17,"Buffet ",20,8,4.9,"electric_scooter",2,"No","Semi-Urban","Sunny","Medium",0,"N",5
33,"Snack ",27,18,4.7,"electric_scooter",2,"No","Metropolitan","Sunny","High ",1,"N",10
33,"Snack ",26,13,3.5,"motorcycle",2,"No","Metropolitan","Fog","Low ",1,"N",10
19,"Drinks ",36,14,4.4,"scooter",0,"No","Metropolitan","Windy","Low ",1,"N",15
28,"Buffet ",39,18,4.8,"scooter",1,"No","Urban","Sandstorms","Jam",1,"N",15
15,"Drinks ",22,21,5,"electric_scooter",1,"No","Urban","Sunny","Low",0,"Y",10
36,"Buffet ",27,3,3.5,"scooter",1,"No","Urban","Stormy","Low",0,"N",5
25,"Buffet ",37,16,4.8,"scooter",2,"No","Metropolitan","Stormy","Jam ",0,"N",10
31,"Buffet ",35,18,4.8,"scooter",2,"No","Urban","Windy","High",1,"N",15
31,"Meal ",31,3,4.2,"motorcycle",0,"No","Urban","Windy","Low",0,"N",5
21,"Meal ",33,21,4.6,"motorcycle",2,"No","Urban","Sunny","Medium",1,"N",15
17,"Meal ",38,19,4.9,"scooter",1,"No","Urban","Fog","Low",0,"N",15
19,"Buffet ",31,14,4.6,"motorcycle",1,"No","Metropolitan","Sunny","Jam ",0,"Y",15
17,"Snack ",38,15,4.6,"electric_scooter",2,"No","Urban","Stormy","High",1,"N",5
25,"Snack ",32,19,4.7,"motorcycle",1,"No","Metropolitan","Windy","Medium",0,"N",15
22,"Snack ",22,23,4.5,"scooter",2,"No","Semi-Urban","Stormy","Jam ",1,"Y",5
33,"Meal ",31,11,4.3,"motorcycle",0,"No","Metropolitan","Windy","Jam ",0,"Y",10
27,"Buffet ",26,16,4.9,"electric_scooter",1,"No","Urban","Cloudy","Low",1,"N",15
10,"Drinks ",30,9,4.7,"motorcycle",1,"No","Urban","Sunny","Low ",0,"Y",10
22,"Meal ",33,17,4.8,"motorcycle",0,"No","Urban","Sunny","Low",1,"N",10
16,"Drinks ",25,15,4.8,"motorcycle",2,"No","Semi-Urban","Sunny","Jam ",1,"N",10
25,"Snack ",38,2,4.9,"motorcycle",1,"No","Metropolitan","Stormy","Low ",1,"N",15
20,"Snack ",26,18,5,"motorcycle",0,"No","Urban","Windy","High ",1,"Y",5
33,"Drinks ",37,13,5,"electric_scooter",0,"No","Metropolitan","Windy","Medium",1,"N",10
15,"Meal ",29,15,4.9,"scooter",2,"No","Urban","Cloudy","Medium",0,"N",15
23,"Buffet ",22,22,4.5,"scooter",0,"No","Metropolitan","Stormy","Low ",0,"N",5
18,"Drinks ",22,18,4.7,"scooter",1,"No","Metropolitan","Sandstorms","Low ",0,"Y",10
12,"Snack ",23,23,4.7,"electric_scooter",2,"No","Urban","Stormy","Low",1,"N",5
34,"Buffet ",29,23,4.4,"scooter",2,"No","Urban","Sandstorms","Jam ",1,"Y",5
28,"Meal ",30,8,4.6,"scooter",1,"No","Metropolitan","Fog","High ",1,"Y",15
21,"Snack ",30,23,5,"scooter",1,"No","Metropolitan","Stormy","Low ",1,"Y",15
16,"Buffet ",36,2,5,"electric_scooter",1,"No","Urban","Fog","Low ",1,"N",15
27,"Buffet ",26,23,4.6,"scooter",2,"No","Urban","Sandstorms","Jam ",1,"N",15
36,"Meal ",38,15,4.4,"motorcycle",1,"No","Metropolitan","Windy","Jam ",0,"Y",10
32,"Buffet ",25,11,4,"electric_scooter",0,"No","Metropolitan","Cloudy","Medium",1,"N",10
41,"Buffet ",32,12,4.7,"scooter",2,"No","Metropolitan","Cloudy","Medium",2,"N",15
24,"Snack ",36,9,4.7,"motorcycle",0,"No","Semi-Urban","Sunny","Jam ",0,"N",15
23,"Buffet ",38,6,4,"scooter",0,"No","Metropolitan","Sandstorms","Low ",0,"N",5
27,"Buffet ",37,13,4.9,"motorcycle",1,"No","Metropolitan","Windy","Jam ",1,"N",10
28,"Meal ",36,18,4.9,"motorcycle",2,"No","Semi-Urban","Cloudy","Medium",0,"N",15
30,"Snack ",35,4,4.8,"electric_scooter",1,"No","Metropolitan","Fog","Jam ",1,"Y",10
30,"Drinks ",38,17,4.6,"electric_scooter",1,"No","Urban","Stormy","Medium",0,"N",5
25,"Drinks ",36,21,4.6,"scooter",1,"No","Urban","Fog","Medium",0,"N",10
14,"Drinks ",36,18,5,"motorcycle",1,"No","Urban","Fog","Low ",1,"N",5
33,"Buffet ",22,4,4.1,"electric_scooter",0,"No","Metropolitan","Sandstorms","Jam ",1,"Y",15
40,"Drinks ",38,5,4.2,"electric_scooter",0,"No","Metropolitan","Windy","Jam ",1,"N",10
40,"Drinks ",35,16,4.3,"motorcycle",1,"No","Metropolitan","Cloudy","Medium",2,"Y",5
30,"Snack ",32,23,4.8,"motorcycle",1,"No","Urban","Fog","Jam ",0,"N",15
29,"Buffet ",36,16,4.8,"electric_scooter",2,"No","Metropolitan","Windy","Medium",1,"N",5
25,"Drinks ",22,23,5,"electric_scooter",2,"No","Urban","Sandstorms","Jam",1,"N",5
25,"Snack ",34,22,4.8,"electric_scooter",1,"No","Urban","Windy","Jam",0,"N",10
22,"Meal ",32,19,4.8,"motorcycle",0,"No","Metropolitan","Cloudy","Medium",1,"Y",10
25,"Meal ",33,16,4.8,"electric_scooter",2,"No","Urban","Sandstorms","Medium",1,"N",15
25,"Snack ",26,12,4.9,"electric_scooter",0,"No","Metropolitan","Fog","High ",1,"N",5
39,"Meal ",29,9,4,"electric_scooter",1,"No","Metropolitan","Fog","Jam ",2,"N",5
41,"Buffet ",32,20,3.2,"electric_scooter",1,"Yes","Semi-Urban","Sunny","Low ",1,"N",10
47,"Meal ",21,14,4.6,"motorcycle",0,"No","Metropolitan","Stormy","Jam ",2,"N",5
39,"Meal ",38,16,5,"motorcycle",0,"No","Urban","Fog","Medium",1,"N",15
35,"Meal ",22,6,3.5,"electric_scooter",2,"No","Semi-Urban","Stormy","Medium",0,"Y",15
16,"Meal ",31,19,5,"electric_scooter",2,"No","Urban","Stormy","Low",0,"Y",15
32,"Meal ",21,7,4.7,"motorcycle",0,"No","Metropolitan","Fog","High ",1,"N",5
39,"Drinks ",24,5,4,"motorcycle",0,"No","Metropolitan","Sandstorms","Jam ",1,"N",10
36,"Meal ",37,1,4.2,"scooter",2,"No","Urban","Stormy","Medium",0,"N",10
28,"Snack ",33,9,4.9,"motorcycle",0,"No","Urban","Windy","Low ",1,"Y",10
49,"Buffet ",29,9,4.9,"motorcycle",0,"Yes","Metropolitan","Sandstorms","Medium",1,"N",10
26,"Buffet ",22,3,4.9,"motorcycle",1,"No","Urban","Sandstorms","Medium",0,"N",10
29,"Meal ",32,14,4.9,"motorcycle",1,"No","Metropolitan","Stormy","High ",1,"N",5
28,"Meal ",20,21,4.6,"motorcycle",0,"No","Urban","Fog","Medium",1,"N",15
43,"Meal ",22,7,4,"scooter",0,"No","Metropolitan","Windy","Jam ",2,"N",15
35,"Meal ",20,5,4.7,"scooter",1,"No","Metropolitan","Cloudy","Jam ",1,"N",10
24,"Meal ",21,16,4.7,"scooter",2,"No","Urban","Cloudy","High",0,"N",10
43,"Meal ",36,5,4.1,"motorcycle",1,"Yes","Metropolitan","Cloudy","Jam ",1,"N",5
35,"Drinks ",38,15,4.4,"motorcycle",1,"No","Urban","Cloudy","High ",0,"N",5
15,"Meal ",38,19,4.8,"scooter",2,"No","Metropolitan","Fog","Low ",0,"N",5
41,"Buffet ",37,14,4.5,"scooter",1,"No","Semi-Urban","Windy","Jam ",2,"N",10
29,"Snack ",27,3,4.6,"scooter",1,"No","Metropolitan","Windy","Jam ",0,"N",15
29,"Drinks ",29,7,4.8,"motorcycle",1,"No","Metropolitan","Windy","Jam ",1,"N",10
45,"Meal ",22,12,4.8,"motorcycle",0,"No","Metropolitan","Fog","Jam ",0,"N",10
39,"Drinks ",35,16,4.6,"motorcycle",0,"No","Semi-Urban","Cloudy","Medium",0,"N",15
25,"Meal ",29,13,4,"electric_scooter",0,"No","Metropolitan","Stormy","Low ",1,"N",15
28,"Meal ",20,23,4.4,"electric_scooter",0,"No","Metropolitan","Sandstorms","Low ",0,"N",15
46,"Buffet ",28,20,4.1,"scooter",1,"Yes","Metropolitan","Fog","Jam ",1,"N",5
12,"Snack ",23,3,4.5,"motorcycle",1,"No","Metropolitan","Sunny","Medium",0,"N",15
23,"Drinks ",23,4,4.7,"electric_scooter",1,"No","Metropolitan","Windy","Low ",0,"N",10
34,"Buffet ",34,9,4.1,"scooter",1,"No","Semi-Urban","Cloudy","Medium",1,"N",15
15,"Buffet ",28,3,4.5,"scooter",1,"No","Metropolitan","Stormy","Low ",1,"N",5
27,"Snack ",28,6,4.6,"motorcycle",1,"No","Metropolitan","Windy","Low ",1,"N",15
41,"Meal ",25,6,4.2,"scooter",2,"No","Semi-Urban","Sandstorms","Jam ",1,"N",10
21,"Meal ",22,9,4.6,"scooter",2,"No","Metropolitan","Windy","High ",1,"N",15
18,"Snack ",31,16,4.8,"scooter",1,"No","Metropolitan","Sunny","Medium",0,"N",15
22,"Drinks ",25,16,4.9,"motorcycle",2,"No","Metropolitan","Sunny","Low ",0,"N",15
22,"Buffet ",20,1,4.4,"motorcycle",0,"No","Urban","Stormy","Low",0,"N",15
44,"Snack ",24,7,4.6,"motorcycle",0,"No","Metropolitan","Windy","Jam ",1,"N",15
34,"Snack ",34,13,4.2,"motorcycle",1,"No","Urban","Stormy","High ",1,"Y",15
14,"Buffet ",35,17,4.8,"motorcycle",1,"No","Metropolitan","Sunny","Medium",1,"N",10
21,"Meal ",30,4,4.8,"motorcycle",0,"No","Metropolitan","Fog","Low ",1,"Y",10
20,"Drinks ",27,12,4.7,"electric_scooter",2,"No","Metropolitan","Sunny","Low ",1,"Y",5
19,"Snack ",29,15,4.6,"scooter",1,"No","Urban","Stormy","Low",1,"N",5
17,"Snack ",22,23,4.9,"motorcycle",1,"No","Metropolitan","Stormy","Low ",1,"N",5
13,"Snack ",35,18,4.9,"motorcycle",0,"No","Semi-Urban","Sunny","Low ",1,"N",5
34,"Snack ",22,19,4.3,"scooter",2,"No","Metropolitan","Windy","Medium",0,"N",5
23,"Drinks ",26,19,4.8,"motorcycle",0,"No","Urban","Fog","Jam",1,"N",5
39,"Drinks ",26,17,4.2,"motorcycle",0,"No","Metropolitan","Sandstorms","Jam ",1,"N",15
24,"Snack ",25,23,4.8,"motorcycle",0,"No","Semi-Urban","Sandstorms","Medium",1,"Y",10
18,"Snack ",34,22,4.6,"electric_scooter",2,"No","Metropolitan","Fog","Low ",1,"Y",10
28,"Buffet ",39,16,4.7,"electric_scooter",2,"No","Metropolitan","Windy","Low ",1,"N",10
21,"Meal ",22,16,4.3,"motorcycle",0,"No","Metropolitan","Stormy","Low ",1,"Y",10
44,"Buffet ",31,8,4.8,"motorcycle",0,"No","Metropolitan","Cloudy","Jam ",0,"N",15
33,"Snack ",28,12,4.8,"scooter",1,"No","Metropolitan","Windy","Medium",1,"Y",15
37,"Meal ",35,11,4.6,"electric_scooter",0,"No","Metropolitan","Fog","Medium",1,"N",5
22,"Snack ",23,16,4.3,"scooter",0,"No","Urban","Sandstorms","Low ",1,"N",15
15,"Drinks ",31,5,4.6,"electric_scooter",2,"No","Metropolitan","Windy","High ",1,"N",10
15,"Buffet ",36,23,4.8,"scooter",1,"No","Urban","Stormy","Low",1,"N",5
12,"Snack ",23,17,5,"scooter",2,"No","Urban","Stormy","Low",0,"N",5
17,"Drinks ",35,23,4.6,"electric_scooter",2,"No","Semi-Urban","Sunny","Low ",1,"N",15
28,"Buffet ",30,8,4.3,"motorcycle",0,"No","Metropolitan","Stormy","Low ",1,"N",5
27,"Meal ",28,22,4.8,"scooter",0,"No","Urban","Cloudy","Jam",0,"N",15
34,"Buffet ",24,14,4.4,"motorcycle",1,"No","Metropolitan","Stormy","High ",1,"N",10
26,"Buffet ",29,23,4.9,"motorcycle",2,"No","Metropolitan","Sandstorms","Jam ",1,"N",5
33,"Meal ",28,6,4.6,"motorcycle",0,"No","Metropolitan","Sandstorms","Jam ",1,"N",15
28,"Buffet ",26,23,5,"motorcycle",1,"No","Urban","Stormy","High ",1,"N",5
50,"Drinks ",33,14,4.9,"electric_scooter",0,"No","Metropolitan","Fog","Jam ",1,"N",15
27,"Snack ",35,17,4,"motorcycle",0,"No","Metropolitan","Windy","Low ",1,"N",15
24,"Meal ",34,15,4.6,"motorcycle",0,"No","Urban","Stormy","Jam",1,"N",15
19,"Snack ",29,15,4.6,"scooter",1,"No","Urban","Stormy","Low",1,"N",5
38,"Snack ",34,3,4.6,"motorcycle",2,"No","Metropolitan","Cloudy","Jam ",1,"N",10
33,"Buffet ",21,3,4.8,"motorcycle",2,"No","Urban","Stormy","Jam ",1,"N",5
27,"Snack ",24,16,4.5,"electric_scooter",2,"No","Urban","Sandstorms","Medium",0,"Y",5
36,"Snack ",20,2,5,"motorcycle",0,"No","Metropolitan","Sandstorms","Jam ",2,"N",5
35,"Meal ",21,8,4.6,"motorcycle",1,"No","Semi-Urban","Cloudy","Medium",1,"N",15
30,"Buffet ",30,22,4.9,"motorcycle",1,"No","Metropolitan","Cloudy","High ",0,"N",10
43,"Drinks ",21,3,4.6,"scooter",0,"Yes","Metropolitan","Cloudy","Low ",2,"N",5
19,"Drinks ",25,9,4.5,"motorcycle",2,"No","Metropolitan","Fog","Low ",1,"N",10
18,"Buffet ",38,15,4.5,"motorcycle",0,"No","Metropolitan","Sunny","Medium",1,"N",15
26,"Drinks ",24,23,4.7,"electric_scooter",1,"No","Urban","Stormy","Low",1,"N",5
21,"Snack ",39,2,4.9,"motorcycle",0,"No","Metropolitan","Fog","Low ",1,"N",10
38,"Drinks ",21,18,4.6,"motorcycle",0,"No","Semi-Urban","Stormy","Jam",1,"Y",15
29,"Drinks ",23,22,4.7,"electric_scooter",2,"No","Metropolitan","Sandstorms","Low ",0,"N",10
35,"Drinks ",38,11,4.8,"scooter",1,"No","Metropolitan","Cloudy","Jam ",1,"N",5
36,"Meal ",37,1,4.2,"scooter",2,"No","Urban","Stormy","Medium",0,"N",10
17,"Drinks ",31,6,4.8,"scooter",1,"No","Metropolitan","Fog","Medium",1,"N",15
28,"Buffet ",28,2,4.9,"motorcycle",1,"No","Semi-Urban","Stormy","Jam ",0,"N",15
12,"Meal ",39,12,4.7,"scooter",2,"No","Metropolitan","Stormy","Jam ",0,"N",10
19,"Snack ",24,17,4.9,"electric_scooter",1,"No","Urban","Fog","Low",1,"N",5
18,"Snack ",31,23,4.9,"scooter",2,"No","Semi-Urban","Fog","Medium",0,"Y",15
42,"Snack ",34,13,4.2,"motorcycle",0,"No","Metropolitan","Stormy","Jam ",3,"N",10
24,"Drinks ",28,21,4.9,"motorcycle",2,"No","Urban","Sandstorms","Low ",1,"N",5
39,"Drinks ",32,18,4.5,"motorcycle",1,"No","Metropolitan","Windy","Jam",1,"N",15
28,"Meal ",30,16,4.5,"scooter",2,"No","Metropolitan","Sandstorms","Low ",1,"N",10
18,"Meal ",39,23,4.8,"scooter",1,"No","Semi-Urban","Sunny","Medium",0,"N",5
25,"Buffet ",30,18,4.6,"electric_scooter",1,"No","Metropolitan","Stormy","Medium",0,"N",10
25,"Meal ",27,16,4.9,"electric_scooter",2,"No","Urban","Sandstorms","High",1,"N",10
23,"Buffet ",32,2,4.5,"scooter",2,"No","Semi-Urban","Stormy","Jam",0,"N",15
48,"Meal ",20,1,4.6,"motorcycle",2,"No","Urban","Fog","Jam ",2,"N",5
21,"Meal ",27,14,4.1,"motorcycle",0,"No","Metropolitan","Windy","Low ",1,"N",15
27,"Drinks ",25,23,5,"scooter",2,"No","Metropolitan","Stormy","High ",1,"Y",5
43,"Drinks ",22,13,4.8,"scooter",1,"No","Metropolitan","Fog","Jam ",1,"Y",15
37,"Meal ",31,8,4.9,"electric_scooter",0,"No","Metropolitan","Stormy","High ",2,"N",10
40,"Meal ",29,10,4.1,"electric_scooter",1,"No","Urban","Stormy","Jam ",1,"N",5
21,"Buffet ",34,12,4.5,"electric_scooter",1,"No","Metropolitan","Fog","Jam ",0,"N",5
24,"Drinks ",25,1,4.5,"motorcycle",0,"No","Urban","Sandstorms","Low",0,"N",15
17,"Buffet ",21,17,4.9,"scooter",2,"No","Urban","Stormy","Jam",1,"Y",15
18,"Meal ",22,17,4.7,"scooter",1,"No","Metropolitan","Sunny","Jam ",0,"Y",10
18,"Buffet ",28,16,4.9,"electric_scooter",1,"No","Urban","Cloudy","Medium",1,"Y",10
38,"Drinks ",27,13,4.1,"scooter",1,"No","Metropolitan","Fog","Medium",0,"Y",10
31,"Snack ",21,18,4.6,"electric_scooter",2,"No","Metropolitan","Stormy","Jam ",1,"N",15
30,"Buffet ",35,22,4.9,"motorcycle",2,"No","Urban","Sunny","Jam",0,"N",15
27,"Buffet ",31,9,4.9,"motorcycle",1,"No","Metropolitan","Fog","Low ",0,"N",15
48,"Buffet ",21,3,4.4,"motorcycle",0,"No","Urban","Sandstorms","Jam ",2,"Y",5
18,"Buffet ",28,21,4.9,"motorcycle",1,"No","Semi-Urban","Windy","Jam ",1,"N",10
17,"Drinks ",32,5,4.8,"motorcycle",1,"No","Semi-Urban","Windy","Jam",1,"N",5
19,"Drinks ",33,18,4.9,"motorcycle",2,"No","Semi-Urban","Sunny","Medium",1,"N",5
23,"Buffet ",25,14,5,"motorcycle",0,"No","Metropolitan","Fog","Low ",0,"N",10
39,"Buffet ",38,22,5,"scooter",2,"Yes","Urban","Fog","Jam",2,"N",5
11,"Drinks ",27,21,4.5,"motorcycle",1,"No","Metropolitan","Sandstorms","Low ",0,"Y",10
28,"Drinks ",26,17,4.9,"electric_scooter",2,"No","Urban","Windy","Medium",1,"Y",15
29,"Meal ",37,5,5,"scooter",0,"No","Metropolitan","Fog","Low ",1,"N",20
30,"Drinks ",35,9,4.6,"motorcycle",2,"No","Urban","Sunny","Jam ",1,"N",15
17,"Meal ",21,9,4.6,"motorcycle",1,"No","Urban","Sunny","Jam ",0,"N",10
47,"Meal ",29,16,5,"motorcycle",0,"No","Metropolitan","Stormy","Medium",3,"N",5
25,"Drinks ",30,16,4.8,"motorcycle",0,"No","Urban","Stormy","Jam ",0,"N",5
21,"Meal ",32,5,4.8,"motorcycle",0,"No","Metropolitan","Windy","Medium",1,"Y",15
23,"Buffet ",35,3,4.2,"motorcycle",0,"No","Urban","Stormy","Low",0,"N",5
22,"Buffet ",39,23,4.7,"motorcycle",2,"No","Urban","Sunny","High ",1,"Y",10
26,"Buffet ",21,18,4.6,"motorcycle",0,"No","Metropolitan","Fog","Low ",1,"N",15
13,"Meal ",25,21,4.6,"scooter",2,"No","Metropolitan","Windy","Jam ",1,"Y",5
26,"Meal ",21,2,4.6,"motorcycle",1,"No","Metropolitan","Stormy","High ",1,"N",10
15,"Snack ",21,16,4.3,"motorcycle",0,"No","Semi-Urban","Stormy","Low",0,"N",15
19,"Drinks ",33,18,4.9,"motorcycle",2,"No","Urban","Stormy","Low",1,"Y",15
25,"Snack ",21,9,4.6,"electric_scooter",2,"No","Metropolitan","Stormy","Jam ",1,"N",15
20,"Buffet ",20,19,4.8,"motorcycle",0,"No","Metropolitan","Sunny","High ",1,"N",15
28,"Snack ",36,14,4.6,"motorcycle",2,"No","Metropolitan","Windy","Low ",1,"Y",15
22,"Meal ",31,21,4.6,"scooter",2,"No","Urban","Stormy","Medium",1,"N",15
20,"Meal ",23,23,4.5,"motorcycle",2,"No","Metropolitan","Windy","High ",1,"N",15
31,"Snack ",29,16,4.4,"motorcycle",0,"No","Metropolitan","Sunny","Medium",0,"N",10
19,"Buffet ",20,17,4.9,"motorcycle",1,"No","Metropolitan","Fog","Low ",0,"N",15
45,"Snack ",25,3,4.9,"scooter",0,"No","Metropolitan","Cloudy","Jam ",1,"N",15
23,"Meal ",20,16,4.7,"motorcycle",2,"No","Metropolitan","Windy","Low ",0,"N",10
26,"Snack ",24,23,4.8,"electric_scooter",1,"No","Metropolitan","Stormy","High ",0,"Y",5
39,"Snack ",29,23,4.3,"electric_scooter",2,"Yes","Metropolitan","Fog","Jam ",1,"N",15
18,"Drinks ",20,23,4.7,"electric_scooter",2,"No","Metropolitan","Stormy","Medium",1,"N",5
22,"Buffet ",32,19,4.6,"electric_scooter",0,"No","Urban","Cloudy","Low ",1,"Y",15
26,"Drinks ",28,12,4.8,"motorcycle",1,"No","Metropolitan","Stormy","Low ",1,"Y",5
28,"Meal ",37,23,4.9,"motorcycle",2,"No","Metropolitan","Sandstorms","Low ",1,"N",30
29,"Buffet ",33,2,4.9,"motorcycle",1,"No","Metropolitan","Windy","Medium",1,"N",15
32,"Snack ",24,9,4,"motorcycle",0,"No","Semi-Urban","Sandstorms","Medium",1,"Y",15
12,"Meal ",28,23,4.7,"motorcycle",1,"No","Urban","Sunny","Jam",0,"N",15
22,"Snack ",20,16,4.9,"scooter",2,"No","Metropolitan","Sunny","Medium",1,"Y",10
35,"Snack ",27,6,3.8,"scooter",1,"No","Urban","Windy","Jam ",1,"N",5
23,"Drinks ",27,23,4.4,"scooter",0,"No","Semi-Urban","Stormy","Low ",0,"N",15
42,"Meal ",32,5,4.7,"electric_scooter",0,"No","Semi-Urban","Cloudy","Jam ",2,"Y",15
12,"Meal ",27,14,4.9,"motorcycle",2,"No","Metropolitan","Sunny","Jam ",1,"N",10
20,"Drinks ",31,19,4.6,"electric_scooter",1,"No","Urban","Sandstorms","Medium",0,"N",15
34,"Buffet ",33,11,3.8,"scooter",1,"No","Metropolitan","Windy","Jam ",0,"N",5
28,"Snack ",34,16,4.6,"motorcycle",0,"No","Metropolitan","Fog","Jam ",0,"N",5
17,"Snack ",24,3,4.7,"electric_scooter",1,"No","Semi-Urban","Stormy","Low ",1,"N",5
18,"Meal ",31,23,5,"scooter",0,"No","Metropolitan","Fog","Low ",1,"N",15
21,"Snack ",26,3,4.8,"scooter",1,"No","Metropolitan","Stormy","Low ",0,"N",15
30,"Drinks ",22,4,4.5,"scooter",2,"No","Urban","Windy","Medium",0,"N",10
42,"Drinks ",33,12,4.7,"motorcycle",0,"No","Metropolitan","Fog","Medium",2,"Y",5
28,"Buffet ",35,9,4.8,"motorcycle",0,"No","Metropolitan","Sunny","Low ",1,"N",10
18,"Meal ",37,19,4.9,"scooter",1,"No","Urban","Windy","Low ",0,"Y",15
18,"Buffet ",30,2,4.1,"motorcycle",0,"No","Metropolitan","Sandstorms","Low ",1,"N",10
37,"Meal ",20,2,4.9,"motorcycle",0,"No","Urban","Stormy","Low ",1,"N",10
16,"Buffet ",27,5,4.6,"electric_scooter",2,"No","Urban","Fog","Low",1,"N",5
44,"Drinks ",21,19,5,"motorcycle",0,"No","Metropolitan","Cloudy","Medium",1,"Y",5
29,"Meal ",25,23,4.9,"motorcycle",0,"No","Urban","Windy","Medium",0,"N",10
26,"Meal ",26,15,4.6,"motorcycle",1,"No","Metropolitan","Fog","Jam ",1,"Y",5
20,"Buffet ",37,3,4.8,"motorcycle",0,"No","Metropolitan","Fog","Low ",1,"Y",10
29,"Drinks ",20,18,4.7,"electric_scooter",2,"No","Urban","Stormy","Medium",1,"N",10
23,"Buffet ",25,1,4.2,"scooter",0,"No","Urban","Stormy","Low",1,"N",10
16,"Drinks ",38,19,4.7,"motorcycle",2,"No","Metropolitan","Sunny","Low ",0,"N",10
23,"Snack ",28,16,4.6,"electric_scooter",2,"No","Metropolitan","Windy","Medium",0,"N",15
18,"Snack ",28,23,4.6,"motorcycle",1,"No","Urban","Cloudy","Medium",0,"N",15
43,"Buffet ",20,9,3.8,"motorcycle",2,"No","Metropolitan","Sandstorms","Jam ",0,"N",15
42,"Meal ",33,19,4.9,"motorcycle",0,"Yes","Semi-Urban","Cloudy","Jam ",2,"N",10
24,"Drinks ",34,18,4.9,"scooter",2,"No","Semi-Urban","Windy","Low ",1,"Y",5
15,"Snack ",39,2,5,"motorcycle",0,"No","Semi-Urban","Stormy","Low ",0,"N",15
20,"Drinks ",24,23,4.6,"motorcycle",0,"No","Metropolitan","Fog","Low ",1,"N",5
17,"Drinks ",39,21,4.8,"scooter",1,"No","Metropolitan","Fog","Low ",0,"N",5
14,"Snack ",33,15,4.6,"motorcycle",2,"No","Urban","Stormy","Low",1,"N",15
19,"Buffet ",24,16,4.7,"scooter",1,"No","Metropolitan","Sunny","Jam ",0,"N",10
22,"Snack ",36,15,4.7,"motorcycle",0,"No","Metropolitan","Sandstorms","Low ",1,"N",5
28,"Meal ",35,15,4.7,"motorcycle",0,"No","Semi-Urban","Sandstorms","Low ",0,"N",10
11,"Buffet ",27,9,4.7,"scooter",1,"No","Semi-Urban","Sunny","Jam ",1,"N",10
28,"Buffet ",39,19,4.8,"scooter",1,"No","Metropolitan","Cloudy","Medium",1,"Y",5
24,"Buffet ",29,19,4.6,"motorcycle",1,"No","Metropolitan","Sunny","Jam ",0,"Y",5
44,"Drinks ",28,8,4.9,"scooter",0,"No","Metropolitan","Sunny","Jam ",0,"N",15
15,"Buffet ",29,21,4.7,"motorcycle",0,"No","Metropolitan","Sunny","Jam ",1,"N",15
12,"Drinks ",31,7,4.6,"electric_scooter",2,"No","Metropolitan","Sunny","Medium",0,"N",15
35,"Meal ",38,3,4.2,"motorcycle",0,"No","Urban","Stormy","Medium",1,"N",5
28,"Drinks ",26,18,4.6,"motorcycle",0,"No","Semi-Urban","Sunny","Medium",1,"N",5
28,"Meal ",36,12,4.6,"motorcycle",0,"No","Metropolitan","Fog","Jam ",0,"N",15
28,"Snack ",20,21,4.8,"electric_scooter",0,"No","Urban","Cloudy","Medium",1,"N",5
15,"Snack ",23,17,4.6,"scooter",1,"No","Urban","Cloudy","Low",0,"N",10
16,"Buffet ",27,16,5,"scooter",2,"No","Semi-Urban","Sandstorms","High ",1,"N",10
17,"Buffet ",33,17,4.6,"scooter",1,"No","Metropolitan","Sunny","Medium",0,"N",15
24,"Drinks ",28,11,4,"motorcycle",0,"No","Metropolitan","Stormy","Low ",1,"N",5
23,"Buffet ",32,11,4.2,"motorcycle",0,"No","Semi-Urban","Stormy","Low ",0,"N",10
14,"Drinks ",24,7,4.9,"scooter",2,"No","Metropolitan","Sunny","Low ",1,"Y",10
26,"Drinks ",24,22,4.7,"electric_scooter",1,"No","Semi-Urban","Windy","Low ",1,"N",10
28,"Snack ",38,15,4.6,"electric_scooter",1,"No","Urban","Windy","Medium",1,"N",10
27,"Snack ",29,16,4.7,"scooter",1,"No","Metropolitan","Windy","Jam ",1,"Y",15
10,"Drinks ",25,3,4.7,"motorcycle",1,"No","Metropolitan","Sunny","High ",0,"N",10
38,"Buffet ",24,13,4.7,"motorcycle",0,"No","Metropolitan","Sandstorms","Medium",1,"N",5
23,"Buffet ",27,4,4.9,"motorcycle",0,"No","Metropolitan","Cloudy","Low ",0,"Y",10
26,"Meal ",29,18,4.7,"electric_scooter",2,"No","Urban","Windy","Jam ",1,"Y",10
15,"Buffet ",25,21,4.7,"electric_scooter",1,"No","Metropolitan","Sunny","Jam ",0,"N",10
28,"Buffet ",24,8,4.9,"electric_scooter",2,"No","Metropolitan","Sandstorms","Jam ",0,"N",10
24,"Drinks ",35,9,4.6,"electric_scooter",2,"No","Metropolitan","Cloudy","High ",1,"N",15
11,"Drinks ",22,15,5,"electric_scooter",2,"No","Metropolitan","Sunny","Low",0,"N",5
19,"Snack ",20,17,4.7,"scooter",1,"No","Metropolitan","Cloudy","Low ",1,"Y",5
12,"Drinks ",38,5,4.5,"scooter",1,"No","Urban","Stormy","Medium",1,"N",15
40,"Snack ",34,13,4.7,"motorcycle",0,"No","Metropolitan","Sandstorms","Jam ",1,"N",10
26,"Drinks ",30,22,4.5,"scooter",1,"No","Semi-Urban","Stormy","Low ",0,"Y",15
28,"Snack ",33,17,4.8,"motorcycle",1,"No","Urban","Stormy","Medium",0,"Y",10
34,"Drinks ",20,11,4.2,"motorcycle",2,"No","Urban","Cloudy","Medium",1,"N",5
29,"Meal ",34,9,5,"electric_scooter",2,"No","Urban","Stormy","Jam ",1,"N",5
30,"Meal ",23,16,4.8,"motorcycle",0,"No","Urban","Windy","Jam ",1,"N",10
35,"Drinks ",36,16,4.3,"electric_scooter",2,"No","Metropolitan","Cloudy","Jam ",0,"N",10
35,"Meal ",21,3,4.3,"scooter",2,"No","Semi-Urban","Cloudy","Medium",0,"N",15
16,"Buffet ",29,18,4.8,"electric_scooter",2,"No","Urban","Sunny","Medium",1,"N",10
17,"Drinks ",37,9,4.9,"scooter",2,"No","Semi-Urban","Fog","Medium",0,"N",10
22,"Drinks ",36,15,4.7,"electric_scooter",0,"No","Urban","Fog","Low",0,"Y",15
25,"Snack ",39,14,4.8,"scooter",0,"No","Urban","Sandstorms","Medium",1,"N",10
23,"Snack ",22,17,4.3,"motorcycle",0,"No","Metropolitan","Stormy","Low",1,"N",5
34,"Buffet ",37,22,4.7,"scooter",2,"No","Urban","Fog","Jam ",0,"N",10
25,"Meal ",30,9,4.9,"scooter",1,"No","Metropolitan","Sandstorms","Medium",1,"Y",10
25,"Buffet ",20,16,5,"motorcycle",0,"No","Urban","Cloudy","High",1,"Y",15
54,"Snack ",37,2,5,"motorcycle",0,"No","Semi-Urban","Fog","Jam ",0,"Y",10
15,"Drinks ",27,21,4.7,"motorcycle",1,"No","Urban","Cloudy","Low",1,"N",5
22,"Drinks ",23,17,4.7,"scooter",0,"No","Metropolitan","Sunny","High ",0,"Y",5
33,"Snack ",21,17,4.9,"motorcycle",1,"No","Metropolitan","Fog","Jam ",1,"N",10
23,"Meal ",23,18,4.8,"scooter",1,"No","Metropolitan","Windy","Low ",0,"N",10
13,"Drinks ",23,23,4.7,"motorcycle",2,"No","Semi-Urban","Sunny","Low",1,"N",5
32,"Drinks ",39,15,4.5,"scooter",2,"No","Metropolitan","Sunny","Jam ",1,"Y",5
10,"Buffet ",30,9,4.7,"electric_scooter",2,"No","Semi-Urban","Stormy","Low ",0,"N",15
49,"Meal ",21,22,4.6,"scooter",2,"No","Urban","Fog","Jam",3,"N",10
23,"Snack ",36,13,4.6,"motorcycle",2,"No","Metropolitan","Stormy","Low ",0,"Y",10
29,"Drinks ",39,13,4.7,"motorcycle",1,"No","Metropolitan","Stormy","Jam ",1,"Y",15
24,"Buffet ",24,21,4.8,"electric_scooter",0,"No","Urban","Cloudy","Low",1,"Y",15
33,"Snack ",30,4,4,"scooter",0,"No","Urban","Sunny","Jam ",1,"N",5
38,"Snack ",20,17,4.7,"motorcycle",1,"No","Metropolitan","Fog","Jam ",1,"N",15
21,"Buffet ",27,23,4.9,"scooter",1,"No","Metropolitan","Stormy","Medium",1,"N",15
47,"Snack ",22,5,4,"electric_scooter",0,"Yes","Urban","Windy","Jam ",1,"N",5
20,"Drinks ",33,6,4.8,"motorcycle",1,"No","Metropolitan","Sunny","Jam ",0,"N",5
35,"Drinks ",36,13,4.2,"motorcycle",2,"No","Metropolitan","Stormy","Jam ",1,"N",10
27,"Snack ",36,23,5,"electric_scooter",2,"No","Metropolitan","Stormy","Low ",1,"N",10
24,"Drinks ",36,5,4.9,"scooter",1,"No","Semi-Urban","Stormy","Medium",1,"N",5
39,"Drinks ",34,6,4.1,"motorcycle",1,"No","Metropolitan","Sunny","High ",2,"Y",15
18,"Buffet ",20,21,4.9,"electric_scooter",0,"No","Urban","Windy","Low",0,"N",10
17,"Meal ",20,2,4.7,"electric_scooter",1,"No","Urban","Stormy","Medium",0,"Y",15
43,"Buffet ",21,11,4.2,"motorcycle",0,"No","Semi-Urban","Sunny","High ",1,"Y",15
40,"Meal ",31,3,4.7,"motorcycle",1,"No","Urban","Stormy","Jam ",1,"N",10
38,"Snack ",31,7,4.3,"electric_scooter",1,"No","Metropolitan","Fog","Jam ",1,"Y",15
15,"Drinks ",31,22,4.9,"electric_scooter",1,"No","Semi-Urban","Fog","Low",0,"N",10
30,"Buffet ",31,22,4.8,"scooter",2,"No","Semi-Urban","Sandstorms","High ",1,"Y",10
34,"Meal ",20,9,5,"motorcycle",0,"No","Metropolitan","Stormy","Medium",1,"N",5
48,"Snack ",39,6,4.3,"motorcycle",0,"Yes","Urban","Stormy","Medium",1,"Y",15
35,"Buffet ",23,13,4.8,"motorcycle",0,"No","Metropolitan","Windy","Jam ",1,"Y",15
15,"Buffet ",21,15,4.8,"scooter",2,"No","Urban","Sandstorms","Low",0,"Y",5
20,"Snack ",35,19,4.7,"electric_scooter",0,"No","Urban","Cloudy","Jam",0,"N",10
36,"Buffet ",35,22,4.8,"motorcycle",0,"No","Urban","Sunny","Medium",1,"N",5
19,"Snack ",27,6,4.6,"electric_scooter",2,"No","Urban","Fog","Medium",0,"N",10
16,"Drinks ",33,21,4.7,"motorcycle",1,"No","Metropolitan","Cloudy","Low ",1,"N",15
24,"Drinks ",27,15,4.8,"scooter",0,"No","Metropolitan","Cloudy","Low ",1,"N",5
37,"Meal ",24,9,4.9,"motorcycle",0,"No","Urban","Fog","Medium",1,"N",10
40,"Snack ",24,3,4.2,"motorcycle",2,"No","Metropolitan","Sandstorms","Jam ",1,"N",10
13,"Buffet ",23,9,4.9,"motorcycle",1,"No","Metropolitan","Stormy","Low ",0,"Y",10
25,"Buffet ",23,3,4.6,"motorcycle",0,"No","Semi-Urban","Stormy","Medium",1,"N",5
27,"Meal ",22,21,4.6,"scooter",2,"No","Metropolitan","Windy","Jam ",0,"Y",10
20,"Meal ",21,13,5,"electric_scooter",1,"No","Metropolitan","Windy","Low ",0,"Y",5
38,"Drinks ",34,12,4,"motorcycle",0,"No","Metropolitan","Windy","Medium",1,"Y",10
35,"Drinks ",27,23,5,"motorcycle",0,"No","Metropolitan","Fog","Medium",1,"Y",5
17,"Snack ",37,16,4.9,"scooter",2,"No","Urban","Cloudy","Medium",0,"N",10
23,"Meal ",24,22,4.7,"electric_scooter",1,"No","Semi-Urban","Stormy","Jam",0,"N",5
26,"Drinks ",28,14,4.8,"motorcycle",0,"No","Metropolitan","Sunny","Medium",1,"N",5
21,"Snack ",34,12,4.5,"scooter",1,"No","Metropolitan","Stormy","Medium",1,"Y",15
18,"Drinks ",32,19,4.8,"electric_scooter",1,"No","Metropolitan","Stormy","Low ",1,"Y",10
33,"Snack ",28,4,4,"scooter",2,"No","Metropolitan","Sandstorms","Medium",1,"N",5
16,"Meal ",30,15,4.9,"motorcycle",2,"No","Metropolitan","Windy","Jam ",0,"N",15
21,"Drinks ",23,16,4.9,"motorcycle",0,"No","Urban","Fog","High",0,"Y",5
11,"Buffet ",35,22,4.8,"motorcycle",1,"No","Semi-Urban","Sunny","Low",0,"N",15
46,"Drinks ",28,16,4.6,"motorcycle",0,"No","Urban","Fog","Jam",2,"N",5
34,"Snack ",24,14,4.7,"motorcycle",0,"No","Urban","Windy","High ",0,"N",15
30,"Snack ",31,8,4.9,"scooter",2,"No","Metropolitan","Sandstorms","Jam ",1,"N",10
18,"Snack ",22,22,4.8,"scooter",2,"No","Metropolitan","Windy","Low ",0,"Y",10
40,"Drinks ",35,2,4.3,"scooter",1,"No","Metropolitan","Stormy","Jam ",2,"N",15
36,"Meal ",25,16,4.9,"electric_scooter",2,"No","Metropolitan","Stormy","Jam ",0,"N",5
17,"Snack ",35,22,4.8,"scooter",0,"No","Semi-Urban","Sunny","Medium",1,"Y",5
18,"Snack ",35,23,4.8,"electric_scooter",1,"No","Urban","Cloudy","Low",1,"N",10
21,"Drinks ",21,14,4.8,"scooter",0,"No","Urban","Stormy","Low ",1,"N",10
21,"Snack ",28,15,4.7,"motorcycle",1,"No","Urban","Sandstorms","Medium",0,"N",5
16,"Drinks ",36,15,4.6,"motorcycle",2,"No","Urban","Sunny","High",0,"N",10
16,"Drinks ",20,6,4.6,"electric_scooter",2,"No","Urban","Fog","Low",1,"N",10
17,"Snack ",25,18,4.9,"scooter",1,"No","Urban","Sunny","Low",0,"N",25
28,"Meal ",30,17,5,"scooter",2,"No","Urban","Cloudy","High ",1,"Y",15
18,"Drinks ",38,15,5,"scooter",2,"No","Urban","Stormy","High",1,"N",10
24,"Buffet ",35,23,4.6,"motorcycle",1,"No","Metropolitan","Sunny","Jam ",1,"N",5
25,"Buffet ",22,9,4.7,"motorcycle",0,"No","Metropolitan","Cloudy","Jam ",1,"N",15
26,"Drinks ",36,23,4.8,"scooter",2,"No","Urban","Windy","Jam ",1,"N",15
38,"Snack ",36,2,4.9,"electric_scooter",1,"No","Metropolitan","Cloudy","Jam ",1,"N",10
36,"Drinks ",26,15,5,"scooter",1,"No","Urban","Cloudy","Medium",1,"N",5
38,"Drinks ",24,9,4.4,"scooter",1,"No","Metropolitan","Fog","Jam ",2,"N",5
21,"Drinks ",25,4,4.9,"electric_scooter",2,"No","Semi-Urban","Stormy","Low ",0,"N",15
35,"Meal ",31,1,3.6,"motorcycle",1,"No","Metropolitan","Stormy","Medium",0,"N",5
26,"Buffet ",21,19,4.8,"scooter",2,"No","Semi-Urban","Windy","Low ",1,"N",5
15,"Meal ",38,16,4.6,"scooter",1,"No","Metropolitan","Sunny","Medium",1,"N",5
10,"Snack ",35,23,4.9,"motorcycle",1,"No","Urban","Sunny","Jam",0,"N",5
29,"Drinks ",26,16,4.9,"scooter",1,"No","Urban","Stormy","Jam ",1,"Y",5
10,"Buffet ",32,16,5,"scooter",1,"No","Urban","Fog","Low ",0,"Y",10
20,"Buffet ",31,18,4.7,"electric_scooter",1,"No","Metropolitan","Sunny","Jam ",1,"Y",15
30,"Buffet ",31,19,4.7,"motorcycle",0,"No","Metropolitan","Windy","Jam ",1,"N",15
33,"Snack ",28,6,4,"scooter",2,"No","Metropolitan","Fog","Medium",0,"Y",10
35,"Snack ",30,7,4.7,"scooter",1,"No","Metropolitan","Stormy","Jam ",1,"N",15
30,"Meal ",31,23,5,"motorcycle",1,"No","Urban","Windy","High ",1,"Y",15
14,"Drinks ",37,22,4.6,"scooter",2,"No","Metropolitan","Windy","Jam ",0,"N",15
41,"Drinks ",27,12,4.6,"motorcycle",1,"No","Metropolitan","Sandstorms","Jam ",2,"Y",15
25,"Drinks ",23,12,4.9,"motorcycle",2,"No","Urban","Cloudy","Medium",0,"N",15
51,"Meal ",34,13,4.3,"motorcycle",0,"No","Metropolitan","Windy","Jam ",1,"N",5
24,"Drinks ",36,5,4.9,"electric_scooter",2,"No","Urban","Stormy","Low ",1,"N",15
24,"Drinks ",23,21,5,"motorcycle",0,"No","Metropolitan","Fog","High ",0,"Y",5
20,"Buffet ",20,16,4.8,"scooter",0,"No","Urban","Windy","Low",1,"N",15
28,"Meal ",23,2,4.5,"electric_scooter",1,"No","Urban","Stormy","Medium",1,"N",15
21,"Snack ",30,7,4.8,"motorcycle",0,"No","Metropolitan","Sunny","Medium",0,"Y",10
49,"Snack ",34,6,4.4,"electric_scooter",0,"No","Urban","Sunny","High ",2,"N",10
28,"Snack ",34,14,4.6,"motorcycle",0,"No","Metropolitan","Cloudy","Low ",1,"N",15
32,"Buffet ",35,3,4,"motorcycle",0,"No","Metropolitan","Cloudy","Jam ",1,"Y",15
23,"Buffet ",30,12,4.9,"electric_scooter",1,"No","Metropolitan","Sunny","Low ",1,"N",10
19,"Drinks ",33,23,4.6,"electric_scooter",2,"No","Metropolitan","Cloudy","Medium",0,"N",5
19,"Buffet ",27,15,4.7,"motorcycle",1,"No","Metropolitan","Windy","Medium",1,"Y",15
21,"Buffet ",28,9,4.5,"motorcycle",0,"No","Metropolitan","Fog","High ",1,"N",5
17,"Snack ",23,3,4.5,"scooter",2,"No","Urban","Stormy","High",1,"N",5
40,"Meal ",36,14,3.8,"scooter",1,"No","Urban","Windy","Jam ",2,"N",10
28,"Buffet ",39,18,4.8,"scooter",1,"No","Urban","Sandstorms","Jam",1,"N",15
19,"Drinks ",38,15,4.6,"scooter",2,"No","Semi-Urban","Windy","Low ",1,"N",15
17,"Snack ",23,9,4.5,"scooter",1,"No","Metropolitan","Fog","Low ",0,"N",5
33,"Buffet ",28,5,4,"motorcycle",1,"No","Semi-Urban","Windy","High ",1,"Y",10
25,"Drinks ",26,23,4.9,"electric_scooter",2,"No","Urban","Fog","Jam",1,"N",10
35,"Meal ",30,6,4.6,"electric_scooter",2,"No","Metropolitan","Cloudy","Jam",1,"N",5
40,"Meal ",20,11,3.6,"electric_scooter",1,"Yes","Semi-Urban","Sandstorms","Jam ",1,"N",10
24,"Meal ",20,19,4.6,"electric_scooter",0,"No","Urban","Fog","Low ",1,"N",15
18,"Meal ",35,12,4.4,"scooter",0,"No","Metropolitan","Stormy","Low ",1,"N",10
20,"Buffet ",30,22,4.6,"scooter",0,"No","Urban","Sunny","Low ",1,"Y",5
30,"Meal ",32,18,4.6,"electric_scooter",1,"No","Urban","Cloudy","Low",1,"N",10
30,"Snack ",25,17,4.6,"motorcycle",0,"No","Metropolitan","Windy","Medium",1,"N",5
27,"Drinks ",25,23,4.4,"motorcycle",0,"No","Metropolitan","Stormy","Low ",0,"N",15
25,"Buffet ",37,21,4.6,"motorcycle",0,"No","Urban","Fog","Low",0,"N",10
43,"Snack ",21,9,5,"motorcycle",1,"No","Metropolitan","Cloudy","Jam ",1,"N",10
15,"Meal ",22,12,4.5,"motorcycle",1,"No","Semi-Urban","Cloudy","Medium",0,"N",10
16,"Buffet ",23,22,4.6,"scooter",1,"No","Metropolitan","Stormy","Low ",0,"N",5
38,"Meal ",34,3,4.7,"motorcycle",0,"No","Semi-Urban","Stormy","Medium",0,"N",5
15,"Buffet ",37,22,4.8,"scooter",0,"No","Semi-Urban","Windy","Low ",0,"Y",15
27,"Buffet ",37,13,4.9,"motorcycle",1,"No","Metropolitan","Windy","Jam ",1,"N",10
35,"Snack ",20,12,4.1,"motorcycle",1,"No","Metropolitan","Windy","Jam ",1,"N",5
42,"Meal ",23,9,4.8,"motorcycle",0,"No","Metropolitan","Sandstorms","Medium",2,"Y",5
32,"Snack ",30,4,4.2,"scooter",1,"No","Metropolitan","Stormy","Medium",1,"N",10
11,"Buffet ",32,16,4.6,"motorcycle",1,"No","Metropolitan","Windy","Low ",0,"N",10
19,"Drinks ",26,23,4.9,"electric_scooter",2,"No","Metropolitan","Sunny","Low ",0,"N",10
22,"Meal ",25,22,4.6,"electric_scooter",0,"No","Metropolitan","Sunny","Low ",1,"N",15
22,"Meal ",24,14,4.6,"motorcycle",0,"No","Metropolitan","Fog","Low ",1,"N",15
25,"Buffet ",23,19,4.5,"scooter",2,"No","Urban","Sunny","Low ",0,"N",10
29,"Snack ",24,4,4.5,"scooter",2,"No","Urban","Sandstorms","Jam",1,"N",5
25,"Drinks ",22,9,4.9,"motorcycle",2,"No","Metropolitan","Fog","Jam ",1,"N",10
26,"Drinks ",30,18,4.9,"electric_scooter",1,"No","Metropolitan","Stormy","Jam ",0,"N",10
26,"Snack ",29,3,4.8,"scooter",2,"No","Metropolitan","Stormy","Low ",1,"N",10
35,"Drinks ",34,3,3.6,"electric_scooter",1,"No","Metropolitan","Cloudy","Low ",1,"N",5
17,"Meal ",24,14,4.6,"scooter",2,"No","Metropolitan","Windy","Low ",1,"Y",15
38,"Buffet ",22,9,4.9,"electric_scooter",2,"No","Semi-Urban","Fog","Jam ",1,"N",5
19,"Buffet ",29,13,4.7,"motorcycle",1,"No","Urban","Cloudy","Low ",0,"N",5
23,"Buffet ",23,17,5,"motorcycle",0,"No","Metropolitan","Sunny","Jam ",0,"N",10
30,"Meal ",37,1,4.5,"electric_scooter",2,"No","Urban","Sandstorms","Jam",1,"N",5
21,"Snack ",25,23,4.9,"electric_scooter",0,"No","Urban","Cloudy","Low",1,"N",5
28,"Snack ",35,3,4.9,"motorcycle",1,"No","Metropolitan","Windy","Jam ",1,"N",5
29,"Snack ",37,19,4,"motorcycle",0,"No","Metropolitan","Windy","Low ",1,"N",10
15,"Buffet ",39,12,4.8,"motorcycle",1,"No","Metropolitan","Sandstorms","Low ",1,"Y",25
17,"Drinks ",24,17,4.7,"motorcycle",1,"No","Urban","Cloudy","Low",0,"N",15
21,"Snack ",29,21,4.7,"electric_scooter",2,"No","Metropolitan","Sandstorms","Medium",1,"N",10
30,"Buffet ",27,19,5,"scooter",1,"No","Urban","Stormy","Jam",1,"N",15
38,"Snack ",38,7,4.9,"motorcycle",1,"No","Urban","Cloudy","Jam ",1,"N",15
15,"Snack ",26,18,4.9,"motorcycle",0,"No","Urban","Windy","Low",1,"Y",15
24,"Buffet ",39,1,4.3,"motorcycle",0,"No","Metropolitan","Stormy","Low",1,"N",5
38,"Snack ",39,4,3.9,"scooter",2,"No","Semi-Urban","Sandstorms","Medium",1,"N",15
13,"Buffet ",21,19,5,"electric_scooter",1,"No","Metropolitan","Fog","Low ",1,"N",10
30,"Buffet ",33,6,4.7,"motorcycle",0,"No","Metropolitan","Sandstorms","Jam ",0,"N",10
10,"Snack ",25,17,4.7,"electric_scooter",2,"No","Urban","Sunny","Low",0,"N",10
20,"Snack ",27,19,4.7,"scooter",2,"No","Semi-Urban","Sandstorms","Jam ",0,"Y",15
39,"Snack ",26,8,4.2,"scooter",2,"No","Metropolitan","Fog","Medium",0,"N",5
15,"Meal ",39,19,4.8,"scooter",1,"No","Urban","Stormy","Low ",1,"N",10
33,"Snack ",27,19,4.8,"electric_scooter",2,"No","Metropolitan","Stormy","Medium",1,"N",15
12,"Drinks ",36,23,4.8,"motorcycle",2,"No","Semi-Urban","Cloudy","Medium",0,"Y",15
26,"Meal ",34,9,4.8,"electric_scooter",2,"No","Metropolitan","Windy","Medium",1,"N",10
26,"Buffet ",39,14,4.8,"electric_scooter",0,"No","Metropolitan","Cloudy","High ",0,"N",15
18,"Buffet ",33,9,5,"motorcycle",1,"No","Urban","Windy","Jam ",1,"N",15
18,"Meal ",38,14,4.6,"scooter",2,"No","Urban","Sandstorms","Low ",0,"Y",5
23,"Buffet ",22,18,4.8,"motorcycle",1,"No","Semi-Urban","Sunny","Jam ",1,"N",15
28,"Drinks ",34,9,4.5,"scooter",0,"No","Metropolitan","Sunny","Medium",1,"N",15
10,"Meal ",34,18,4.7,"motorcycle",1,"No","Urban","Stormy","Low",0,"N",15
30,"Snack ",21,6,4.9,"electric_scooter",2,"No","Metropolitan","Sandstorms","Jam ",1,"N",5
19,"Buffet ",35,22,4.6,"scooter",2,"No","Urban","Fog","Medium",0,"N",15
28,"Snack ",38,21,5,"motorcycle",2,"No","Metropolitan","Stormy","Jam ",1,"N",10
27,"Snack ",23,19,4.7,"electric_scooter",2,"No","Urban","Fog","Jam",1,"N",10
24,"Snack ",38,3,4.9,"motorcycle",0,"No","Metropolitan","Sunny","Low ",1,"N",15
34,"Drinks ",23,8,4.7,"scooter",0,"No","Metropolitan","Windy","Medium",0,"N",15
18,"Buffet ",38,9,4.8,"scooter",2,"No","Metropolitan","Sandstorms","Low ",1,"N",5
22,"Buffet ",22,21,4.6,"scooter",2,"No","Urban","Windy","Jam",0,"N",15
31,"Meal ",23,13,5,"motorcycle",0,"No","Metropolitan","Windy","Jam ",1,"N",10
30,"Buffet ",24,15,4.7,"motorcycle",2,"No","Urban","Sandstorms","High",0,"N",5
28,"Drinks ",21,3,5,"scooter",1,"No","Metropolitan","Sunny","Jam ",0,"N",10
21,"Snack ",36,21,4.8,"scooter",2,"No","Urban","Stormy","Low",1,"Y",10
22,"Drinks ",23,3,4.5,"motorcycle",1,"No","Urban","Stormy","Medium",1,"N",5
29,"Drinks ",35,16,4.6,"motorcycle",0,"No","Semi-Urban","Sandstorms","Jam ",1,"Y",5
32,"Snack ",23,5,4.6,"electric_scooter",2,"No","Metropolitan","Windy","High ",1,"N",15
40,"Snack ",35,15,4.5,"motorcycle",0,"No","Metropolitan","Cloudy","Medium",2,"Y",5
19,"Meal ",26,22,4.6,"electric_scooter",1,"No","Semi-Urban","Cloudy","Medium",1,"N",5
18,"Meal ",31,14,4.7,"motorcycle",2,"No","Semi-Urban","Stormy","High ",1,"Y",15
30,"Meal ",39,17,4.8,"motorcycle",0,"No","Urban","Windy","Jam ",1,"Y",5
15,"Buffet ",27,2,4.2,"motorcycle",0,"No","Urban","Windy","Low ",0,"N",15
13,"Buffet ",39,19,4.8,"electric_scooter",2,"No","Urban","Stormy","Low",0,"Y",15
10,"Drinks ",24,23,4.6,"electric_scooter",2,"No","Urban","Cloudy","Low",1,"Y",15
10,"Drinks ",37,18,4.7,"scooter",2,"No","Urban","Sandstorms","Low",0,"N",5
16,"Buffet ",26,19,4.7,"scooter",1,"No","Semi-Urban","Fog","Medium",0,"Y",5
47,"Snack ",32,9,4.2,"motorcycle",0,"Yes","Urban","Sandstorms","Jam ",2,"N",10
19,"Snack ",27,6,4.6,"electric_scooter",2,"No","Urban","Fog","Medium",0,"N",10
31,"Snack ",21,4,4.4,"scooter",2,"No","Metropolitan","Stormy","Medium",0,"N",15
48,"Meal ",22,13,4.8,"motorcycle",0,"No","Semi-Urban","Fog","Jam ",3,"N",10
37,"Buffet ",27,16,4.9,"electric_scooter",0,"No","Metropolitan","Windy","Jam",0,"N",10
43,"Drinks ",34,19,4.7,"scooter",0,"No","Urban","Cloudy","Jam",2,"Y",10
31,"Snack ",24,13,4.4,"motorcycle",1,"No","Metropolitan","Cloudy","Medium",1,"Y",15
33,"Buffet ",38,22,4.3,"motorcycle",1,"No","Semi-Urban","Fog","Jam",1,"N",15
13,"Snack ",20,5,4.9,"scooter",2,"No","Metropolitan","Sunny","Medium",0,"N",15
21,"Drinks ",25,23,4.6,"motorcycle",2,"No","Urban","Cloudy","Low ",1,"N",15
28,"Drinks ",22,6,4.4,"motorcycle",0,"No","Semi-Urban","Windy","Low",1,"Y",15
27,"Meal ",29,23,5,"electric_scooter",0,"No","Urban","Cloudy","High",1,"N",5
32,"Meal ",36,21,5,"electric_scooter",2,"No","Urban","Cloudy","Medium",1,"N",5
17,"Buffet ",23,23,4.9,"motorcycle",2,"No","Semi-Urban","Sunny","Jam ",0,"Y",5
29,"Buffet ",36,4,4.7,"motorcycle",0,"No","Metropolitan","Fog","Jam ",1,"N",15
30,"Buffet ",28,17,4.8,"electric_scooter",1,"No","Metropolitan","Windy","Jam ",1,"Y",10
26,"Drinks ",39,6,4.6,"electric_scooter",2,"No","Urban","Sandstorms","Low ",0,"N",15
14,"Snack ",32,14,4.9,"scooter",2,"No","Metropolitan","Stormy","Low ",1,"N",15
32,"Drinks ",39,5,4.4,"scooter",2,"No","Metropolitan","Sandstorms","High ",1,"N",15
33,"Drinks ",24,9,3.9,"electric_scooter",2,"No","Semi-Urban","Stormy","Low ",1,"Y",10
38,"Buffet ",35,5,4.7,"scooter",1,"Yes","Metropolitan","Cloudy","Jam ",0,"N",10
12,"Snack ",20,23,4.9,"motorcycle",1,"No","Urban","Windy","Low",0,"N",15
15,"Drinks ",22,18,5,"motorcycle",2,"No","Metropolitan","Sandstorms","Jam ",0,"N",5
28,"Meal ",33,21,4.7,"scooter",1,"No","Metropolitan","Cloudy","Low ",1,"Y",25
38,"Meal ",32,13,3.7,"scooter",2,"No","Urban","Stormy","Medium",1,"Y",15
26,"Meal ",22,13,4.8,"motorcycle",1,"No","Metropolitan","Stormy","Jam ",1,"N",10
16,"Drinks ",34,23,4.9,"scooter",0,"No","Semi-Urban","Sunny","Medium",0,"N",10
13,"Drinks ",30,23,4.6,"scooter",2,"No","Urban","Cloudy","Medium",0,"N",5
10,"Meal ",37,8,4.8,"scooter",1,"No","Metropolitan","Cloudy","Low ",1,"N",5
43,"Drinks ",34,19,4.7,"scooter",0,"No","Urban","Cloudy","Jam",2,"Y",10
28,"Drinks ",24,13,4.5,"electric_scooter",2,"No","Metropolitan","Fog","Jam ",1,"N",15
18,"Buffet ",28,23,4.6,"motorcycle",1,"No","Metropolitan","Sandstorms","Low ",0,"Y",5
36,"Meal ",35,18,4.8,"motorcycle",1,"No","Urban","Cloudy","Jam",2,"N",5
10,"Meal ",23,16,4.8,"electric_scooter",2,"No","Urban","Windy","Low",0,"N",5
20,"Drinks ",22,19,4.7,"electric_scooter",2,"No","Semi-Urban","Sunny","High ",1,"Y",5
32,"Snack ",24,23,5,"motorcycle",1,"No","Metropolitan","Sandstorms","Jam ",1,"N",10
34,"Buffet ",34,23,5,"motorcycle",0,"No","Metropolitan","Sandstorms","Jam ",1,"N",5
12,"Snack ",38,23,4.8,"motorcycle",1,"No","Urban","Stormy","Low",0,"Y",15
17,"Buffet ",36,23,4.5,"motorcycle",1,"No","Metropolitan","Sunny","Medium",1,"N",15
14,"Snack ",23,18,4.6,"scooter",2,"No","Urban","Stormy","Low",0,"N",5
26,"Buffet ",24,23,4.4,"motorcycle",0,"No","Metropolitan","Stormy","Low ",1,"N",10
19,"Buffet ",29,6,4.8,"scooter",2,"No","Metropolitan","Stormy","Low ",0,"Y",5
26,"Meal ",26,5,4.9,"scooter",2,"No","Metropolitan","Stormy","Jam ",1,"N",10
31,"Snack ",36,9,4.2,"scooter",2,"No","Metropolitan","Fog","Medium",1,"N",5
15,"Meal ",28,21,4.5,"motorcycle",1,"No","Metropolitan","Fog","Medium",1,"N",10
34,"Drinks ",35,11,4,"scooter",2,"No","Metropolitan","Windy","Jam ",1,"Y",5
20,"Snack ",25,13,4.6,"motorcycle",2,"No","Metropolitan","Fog","High ",0,"N",15
36,"Meal ",28,9,4.4,"motorcycle",1,"No","Semi-Urban","Stormy","High ",1,"N",10
28,"Meal ",31,12,4.6,"scooter",2,"No","Urban","Sunny","Low ",1,"N",15
16,"Meal ",34,19,4.8,"scooter",2,"No","Metropolitan","Sunny","Low ",0,"Y",5
19,"Meal ",33,21,4.8,"scooter",2,"No","Semi-Urban","Sunny","Medium",0,"N",5
40,"Drinks ",36,2,4.2,"electric_scooter",1,"No","Metropolitan","Fog","Jam ",1,"N",15
29,"Drinks ",21,23,4.9,"scooter",1,"No","Urban","Stormy","Medium",0,"Y",15
18,"Drinks ",33,19,4.9,"motorcycle",2,"No","Urban","Sandstorms","Jam",1,"N",15
49,"Snack ",28,1,4.6,"motorcycle",0,"No","Urban","Cloudy","Jam",1,"N",15
26,"Meal ",39,9,4.9,"scooter",2,"No","Metropolitan","Stormy","Medium",1,"N",10
22,"Meal ",36,8,4.6,"motorcycle",0,"No","Semi-Urban","Sandstorms","Low ",0,"N",10
24,"Buffet ",38,21,4.8,"scooter",1,"No","Urban","Fog","Low ",0,"N",15
14,"Meal ",26,7,4.9,"scooter",1,"No","Metropolitan","Sandstorms","Low ",1,"N",15
26,"Snack ",32,17,4.9,"scooter",0,"No","Metropolitan","Sunny","Low ",0,"N",10
26,"Drinks ",38,19,4.8,"scooter",0,"No","Semi-Urban","Sandstorms","Jam ",1,"N",5
38,"Buffet ",22,23,4.9,"motorcycle",0,"No","Urban","Windy","High",1,"N",15
30,"Meal ",39,3,4.8,"motorcycle",2,"No","Semi-Urban","Stormy","Jam ",0,"N",15
51,"Buffet ",24,4,5,"motorcycle",0,"Yes","Metropolitan","Sandstorms","Jam ",2,"N",15
19,"Snack ",38,21,4.8,"scooter",1,"No","Semi-Urban","Sunny","Low ",1,"N",5
41,"Snack ",25,7,4.9,"motorcycle",1,"No","Metropolitan","Fog","Jam ",2,"N",10
25,"Drinks ",38,18,5,"motorcycle",0,"No","Metropolitan","Fog","Medium",0,"N",5
15,"Buffet ",29,2,5,"motorcycle",0,"No","Metropolitan","Sunny","Medium",0,"N",10
33,"Buffet ",22,2,4.4,"motorcycle",0,"No","Metropolitan","Stormy","Medium",1,"N",5
34,"Snack ",22,4,4.7,"motorcycle",1,"No","Metropolitan","Fog","Jam ",1,"N",10
28,"Drinks ",33,9,4.8,"scooter",1,"No","Urban","Sandstorms","Jam ",1,"N",10
28,"Drinks ",36,12,4.7,"motorcycle",0,"No","Metropolitan","Windy","Medium",1,"N",5
37,"Meal ",38,3,4.4,"motorcycle",0,"No","Semi-Urban","Sandstorms","Jam ",1,"N",5
29,"Buffet ",22,13,4.7,"motorcycle",1,"No","Metropolitan","Sandstorms","Medium",0,"N",15
44,"Drinks ",32,5,5,"scooter",2,"No","Metropolitan","Fog","Jam ",3,"N",5
24,"Drinks ",32,23,4.8,"motorcycle",0,"No","Metropolitan","Windy","High ",0,"N",5
28,"Snack ",37,16,4.8,"scooter",2,"No","Urban","Sunny","Low ",1,"N",5
13,"Buffet ",39,23,4.9,"motorcycle",2,"No","Metropolitan","Fog","Medium",1,"N",5
16,"Buffet ",30,22,4.9,"scooter",1,"No","Urban","Cloudy","Low",0,"Y",10
34,"Drinks ",37,4,4.3,"scooter",0,"No","Metropolitan","Sandstorms","Low ",1,"N",5
33,"Drinks ",34,9,4.2,"electric_scooter",0,"No","Semi-Urban","Windy","Low ",1,"Y",5
26,"Snack ",38,18,4.5,"motorcycle",2,"No","Metropolitan","Sandstorms","Medium",1,"N",5
46,"Drinks ",22,7,4.8,"motorcycle",0,"No","Metropolitan","Stormy","Jam ",2,"Y",15
20,"Buffet ",32,13,5,"motorcycle",0,"No","Metropolitan","Fog","Low ",1,"N",15
15,"Buffet ",30,23,4.8,"motorcycle",0,"No","Urban","Windy","Medium",1,"N",10
25,"Meal ",32,14,4.4,"motorcycle",0,"No","Metropolitan","Sandstorms","Low ",1,"Y",15
29,"Drinks ",36,2,4.9,"scooter",1,"No","Metropolitan","Stormy","Jam ",1,"N",10
26,"Snack ",32,23,4.8,"electric_scooter",1,"No","Metropolitan","Windy","Medium",1,"N",5
25,"Snack ",21,23,4.6,"motorcycle",1,"No","Semi-Urban","Fog","Jam ",1,"Y",15
12,"Buffet ",30,19,4.9,"motorcycle",0,"No","Metropolitan","Sunny","Low ",0,"N",10
17,"Buffet ",32,19,4.9,"motorcycle",1,"No","Urban","Stormy","Low",1,"N",5
32,"Meal ",32,5,4.2,"scooter",2,"No","Semi-Urban","Windy","Jam ",1,"N",15
24,"Snack ",33,17,4.9,"motorcycle",0,"No","Urban","Fog","Low",1,"N",10
31,"Snack ",24,4,4.7,"motorcycle",0,"No","Metropolitan","Sandstorms","High ",1,"N",10
12,"Meal ",21,3,4.5,"motorcycle",1,"No","Urban","Fog","Medium",0,"Y",5
46,"Meal ",22,9,4.3,"motorcycle",0,"Yes","Metropolitan","Stormy","Jam ",1,"N",15
17,"Drinks ",32,8,4.9,"scooter",2,"No","Semi-Urban","Stormy","Low ",0,"Y",5
30,"Meal ",20,4,4.6,"motorcycle",1,"No","Urban","Sandstorms","Medium",1,"Y",15
36,"Meal ",30,15,4.9,"scooter",2,"No","Metropolitan","Fog","Jam ",1,"Y",5
21,"Drinks ",28,15,5,"motorcycle",0,"No","Urban","Sunny","Medium",1,"N",10
29,"Drinks ",27,16,5,"motorcycle",1,"No","Urban","Sandstorms","Jam",1,"N",10
17,"Drinks ",38,19,4.7,"motorcycle",2,"No","Metropolitan","Sunny","High ",0,"Y",5
17,"Snack ",27,21,5,"motorcycle",2,"No","Metropolitan","Cloudy","Low",1,"N",10
15,"Meal ",33,5,4.9,"scooter",1,"No","Metropolitan","Stormy","Medium",0,"N",5
48,"Drinks ",30,13,4.6,"electric_scooter",0,"No","Metropolitan","Fog","Medium",1,"N",10
27,"Meal ",28,5,4.9,"electric_scooter",1,"No","Semi-Urban","Stormy","Low ",0,"N",10
31,"Drinks ",37,6,4.1,"motorcycle",2,"No","Urban","Fog","Jam ",0,"N",10
38,"Meal ",22,4,4,"electric_scooter",1,"No","Semi-Urban","Fog","Medium",0,"Y",5
36,"Drinks ",29,8,4.2,"motorcycle",1,"No","Metropolitan","Fog","Medium",1,"N",10
25,"Drinks ",21,23,4.4,"electric_scooter",0,"No","Metropolitan","Windy","Low ",1,"N",10
42,"Snack ",35,6,4.3,"motorcycle",1,"No","Metropolitan","Fog","Jam ",1,"N",5
25,"Meal ",29,23,4.9,"electric_scooter",0,"No","Metropolitan","Cloudy","Jam ",1,"N",5
15,"Snack ",22,16,4.7,"scooter",2,"No","Metropolitan","Cloudy","Low ",0,"Y",15
35,"Buffet ",26,3,4.3,"motorcycle",0,"No","Semi-Urban","Windy","Medium",2,"N",10
26,"Buffet ",38,4,4.6,"electric_scooter",2,"No","Metropolitan","Stormy","Medium",1,"N",15
31,"Buffet ",25,7,4.7,"motorcycle",2,"No","Metropolitan","Windy","High ",1,"Y",10
18,"Snack ",29,15,5,"motorcycle",0,"No","Urban","Sunny","Medium",0,"N",5
21,"Drinks ",34,16,5,"scooter",0,"No","Metropolitan","Sunny","Low ",1,"Y",15
25,"Meal ",24,23,4.7,"electric_scooter",2,"No","Semi-Urban","Cloudy","Medium",1,"Y",5
28,"Snack ",36,6,4.8,"motorcycle",2,"No","Metropolitan","Fog","High ",0,"N",15
16,"Buffet ",24,5,4.7,"scooter",1,"No","Metropolitan","Sandstorms","Jam ",0,"N",15
23,"Buffet ",26,21,4.6,"motorcycle",1,"No","Urban","Sunny","Medium",0,"Y",15
19,"Buffet ",34,21,4.6,"scooter",2,"No","Metropolitan","Fog","Medium",1,"N",5
26,"Buffet ",28,13,4.1,"motorcycle",0,"No","Metropolitan","Windy","Low ",1,"N",10
18,"Meal ",30,2,5,"scooter",2,"No","Urban","Windy","Jam ",1,"N",15
33,"Meal ",28,15,4,"scooter",2,"No","Semi-Urban","Fog","High ",1,"Y",10
29,"Drinks ",20,23,4.8,"electric_scooter",2,"No","Urban","Sandstorms","Jam",1,"Y",10
21,"Snack ",26,2,4.5,"motorcycle",2,"No","Urban","Sandstorms","Medium",1,"N",10
20,"Drinks ",30,18,4.5,"scooter",1,"No","Urban","Windy","Low ",1,"N",10
25,"Drinks ",30,16,4.5,"electric_scooter",1,"No","Urban","Stormy","Jam ",0,"Y",10
28,"Drinks ",30,3,4.1,"motorcycle",0,"No","Metropolitan","Sandstorms","Low",1,"N",10
18,"Drinks ",25,1,4.5,"electric_scooter",2,"No","Metropolitan","Windy","Jam ",0,"Y",15
28,"Drinks ",23,1,4.8,"scooter",2,"No","Semi-Urban","Sandstorms","Medium",0,"Y",10
10,"Drinks ",32,21,5,"scooter",1,"No","Semi-Urban","Windy","Low ",1,"N",10
33,"Buffet ",20,19,4.4,"motorcycle",2,"No","Urban","Sandstorms","Medium",1,"Y",10
24,"Meal ",26,23,4.8,"scooter",1,"No","Metropolitan","Fog","Low ",1,"Y",5
16,"Snack ",33,23,4.7,"electric_scooter",0,"No","Metropolitan","Sunny","Low ",0,"N",10
32,"Buffet ",32,9,4.6,"scooter",1,"No","Metropolitan","Windy","Medium",1,"N",10
18,"Drinks ",20,22,4.8,"motorcycle",1,"No","Urban","Sunny","Low ",1,"N",10
36,"Snack ",21,19,4.7,"motorcycle",0,"No","Metropolitan","Cloudy","Medium",1,"N",5
12,"Buffet ",23,17,4.8,"electric_scooter",2,"No","Metropolitan","Windy","Low",0,"N",10
37,"Meal ",37,21,3.9,"scooter",2,"No","Metropolitan","Cloudy","Low ",1,"Y",15
15,"Snack ",25,13,4.6,"scooter",1,"No","Metropolitan","Sandstorms","Low ",0,"N",5
24,"Meal ",33,23,4.9,"motorcycle",0,"No","Metropolitan","Sandstorms","Jam ",0,"Y",5
26,"Buffet ",30,13,4.7,"motorcycle",0,"No","Metropolitan","Windy","Medium",1,"Y",5
37,"Drinks ",20,9,4.8,"motorcycle",2,"No","Urban","Fog","Medium",1,"N",15
26,"Meal ",27,22,5,"electric_scooter",0,"No","Metropolitan","Sunny","Low ",1,"N",10
41,"Buffet ",34,6,4.8,"motorcycle",1,"Yes","Semi-Urban","Fog","Jam ",1,"N",15
34,"Snack ",25,22,4.7,"motorcycle",2,"No","Metropolitan","Sandstorms","Medium",1,"N",5
45,"Drinks ",22,23,5,"electric_scooter",2,"Yes","Metropolitan","Fog","Jam ",3,"N",15
27,"Drinks ",31,15,4.6,"motorcycle",0,"No","Semi-Urban","Stormy","Low",1,"N",20
25,"Drinks ",34,9,5,"motorcycle",0,"No","Semi-Urban","Fog","High ",1,"N",15
16,"Buffet ",29,12,4.5,"scooter",2,"No","Metropolitan","Sunny","Medium",0,"N",10
17,"Meal ",39,22,4.8,"scooter",1,"No","Urban","Sandstorms","Low",1,"Y",10
23,"Drinks ",28,13,4.3,"motorcycle",0,"No","Metropolitan","Stormy","Low ",1,"N",10
29,"Drinks ",36,7,4.5,"motorcycle",1,"No","Urban","Windy","Low ",1,"N",10
32,"Snack ",30,3,4.6,"motorcycle",0,"No","Semi-Urban","Sandstorms","Medium",1,"Y",5
14,"Snack ",20,16,4.8,"motorcycle",1,"No","Metropolitan","Windy","Low ",1,"Y",30
27,"Snack ",37,23,4.7,"motorcycle",2,"No","Metropolitan","Fog","Medium",1,"Y",15
41,"Snack ",30,15,4.1,"electric_scooter",1,"No","Urban","Sandstorms","Jam ",1,"N",10
20,"Buffet ",27,18,4.8,"scooter",1,"No","Metropolitan","Sandstorms","Low",0,"Y",15
19,"Buffet ",28,23,4.5,"motorcycle",0,"No","Semi-Urban","Windy","Low",1,"N",20
28,"Drinks ",37,14,4.7,"scooter",1,"No","Semi-Urban","Stormy","Jam ",0,"N",10
11,"Meal ",30,17,4.8,"motorcycle",1,"No","Urban","Windy","Jam",0,"N",15
15,"Snack ",31,18,4.8,"scooter",2,"No","Urban","Windy","High",0,"N",10
26,"Drinks ",32,4,4.5,"scooter",1,"No","Metropolitan","Fog","Low ",0,"N",5
47,"Snack ",38,9,4.9,"electric_scooter",1,"No","Metropolitan","Sunny","Jam ",1,"N",10
31,"Meal ",29,21,4.8,"motorcycle",1,"No","Metropolitan","Sandstorms","Jam ",1,"Y",15
26,"Meal ",31,15,4.9,"motorcycle",0,"No","Metropolitan","Fog","Low ",1,"N",5
38,"Meal ",28,6,4,"scooter",1,"No","Urban","Fog","Jam ",1,"N",10
19,"Meal ",27,15,4.8,"motorcycle",2,"No","Urban","Sandstorms","Jam",1,"N",10
28,"Meal ",29,12,4.6,"scooter",2,"No","Metropolitan","Sunny","Low ",1,"N",5
18,"Drinks ",25,5,4.6,"scooter",2,"No","Metropolitan","Sandstorms","Jam ",1,"N",15
25,"Drinks ",23,23,4.5,"electric_scooter",0,"No","Metropolitan","Sandstorms","Low ",1,"N",5
15,"Snack ",34,15,5,"scooter",1,"No","Semi-Urban","Stormy","High ",0,"Y",10
17,"Buffet ",28,23,4.7,"motorcycle",1,"No","Urban","Cloudy","Medium",1,"Y",10
25,"Drinks ",33,23,4.5,"scooter",1,"No","Semi-Urban","Sunny","Medium",1,"N",5
19,"Buffet ",24,23,4.9,"motorcycle",1,"No","Metropolitan","Sunny","Medium",1,"N",5
18,"Buffet ",30,14,4.8,"scooter",2,"No","Metropolitan","Stormy","Low ",0,"N",15
27,"Buffet ",26,21,4.5,"motorcycle",0,"No","Metropolitan","Fog","Low ",0,"N",15
14,"Drinks ",34,23,4.8,"electric_scooter",2,"No","Urban","Sunny","Low",1,"N",5
27,"Snack ",38,8,4.8,"scooter",2,"No","Metropolitan","Windy","Jam ",1,"N",10
21,"Buffet ",23,15,4.7,"motorcycle",1,"No","Urban","Sunny","Jam",0,"Y",10
13,"Buffet ",38,17,4.7,"motorcycle",1,"No","Metropolitan","Sunny","Jam",1,"N",15
11,"Meal ",30,16,4.9,"motorcycle",2,"No","Semi-Urban","Cloudy","Low ",1,"N",10
41,"Meal ",28,2,4.9,"motorcycle",0,"No","Semi-Urban","Cloudy","Medium",2,"N",15
28,"Drinks ",29,17,4.5,"electric_scooter",2,"No","Metropolitan","Cloudy","Low ",0,"N",5
38,"Buffet ",31,13,4.1,"scooter",2,"No","Metropolitan","Cloudy","Jam ",1,"N",5
29,"Meal ",33,6,4.6,"electric_scooter",2,"No","Urban","Sandstorms","Low ",1,"N",5
45,"Buffet ",22,8,5,"motorcycle",0,"No","Semi-Urban","Fog","Jam ",1,"N",5
23,"Buffet ",27,4,4.6,"motorcycle",1,"No","Urban","Windy","Jam ",1,"N",15
26,"Drinks ",36,16,5,"scooter",1,"No","Urban","Sandstorms","Jam",0,"N",5
39,"Drinks ",37,13,4.1,"electric_scooter",0,"No","Semi-Urban","Windy","Medium",1,"N",5
23,"Drinks ",23,13,5,"motorcycle",0,"No","Metropolitan","Fog","Low ",0,"N",5
34,"Drinks ",31,3,4.3,"scooter",1,"No","Metropolitan","Fog","High ",1,"N",10
16,"Snack ",34,1,4.8,"motorcycle",2,"No","Semi-Urban","Fog","Low",0,"N",5
28,"Meal ",33,23,4.7,"electric_scooter",2,"No","Semi-Urban","Cloudy","High ",1,"Y",10
27,"Drinks ",37,23,4.5,"motorcycle",0,"No","Metropolitan","Stormy","Low ",1,"N",10
12,"Drinks ",22,19,4.8,"electric_scooter",1,"No","Metropolitan","Windy","Jam ",0,"N",5
24,"Buffet ",27,13,5,"scooter",0,"No","Urban","Sandstorms","Low ",0,"N",5
21,"Drinks ",23,22,4.6,"motorcycle",0,"No","Metropolitan","Stormy","Medium",1,"N",5
17,"Meal ",31,4,4.7,"scooter",2,"No","Urban","Sunny","Low",1,"Y",5
15,"Meal ",26,17,4.5,"motorcycle",1,"No","Semi-Urban","Sunny","Jam ",1,"N",5
23,"Buffet ",35,21,4.9,"electric_scooter",2,"No","Semi-Urban","Sunny","Low ",0,"N",10
25,"Meal ",35,13,4.6,"scooter",0,"No","Metropolitan","Stormy","Low ",1,"N",5
17,"Drinks ",38,18,4.8,"motorcycle",1,"No","Metropolitan","Windy","Low ",0,"Y",15
27,"Meal ",38,21,5,"motorcycle",1,"No","Urban","Cloudy","Medium",1,"N",15
29,"Meal ",24,15,4.8,"electric_scooter",2,"No","Metropolitan","Sandstorms","Medium",1,"Y",10
39,"Meal ",23,13,4.5,"scooter",1,"No","Metropolitan","Stormy","Medium",0,"N",10
20,"Drinks ",28,8,4.6,"scooter",2,"No","Metropolitan","Stormy","High ",1,"N",15
29,"Meal ",20,21,4.8,"scooter",1,"No","Metropolitan","Stormy","Medium",1,"N",15
10,"Snack ",21,23,4.8,"motorcycle",1,"No","Metropolitan","Sandstorms","High ",1,"N",15
25,"Buffet ",24,22,4.9,"electric_scooter",1,"No","Metropolitan","Sunny","Medium",1,"Y",5
22,"Meal ",26,18,4.8,"motorcycle",2,"No","Urban","Windy","Low ",0,"N",10
33,"Meal ",38,6,4.4,"motorcycle",0,"No","Urban","Fog","Jam ",1,"N",5
43,"Meal ",35,2,5,"scooter",0,"No","Urban","Cloudy","Medium",3,"N",5
43,"Snack ",21,6,3.5,"scooter",1,"No","Metropolitan","Stormy","Jam ",1,"N",10
10,"Drinks ",23,9,4.7,"motorcycle",2,"No","Metropolitan","Windy","Low ",0,"Y",15
28,"Meal ",22,22,4.6,"electric_scooter",0,"No","Metropolitan","Cloudy","Low ",1,"N",10
10,"Buffet ",38,2,4.6,"motorcycle",1,"No","Urban","Stormy","Low ",0,"N",5
25,"Drinks ",34,19,4.7,"motorcycle",1,"No","Metropolitan","Sandstorms","Jam ",1,"N",5
33,"Drinks ",37,19,2.7,"scooter",2,"No","Metropolitan","Sunny","Low ",1,"N",10
44,"Drinks ",24,14,4.3,"electric_scooter",0,"Yes","Metropolitan","Windy","Jam ",1,"N",5
19,"Snack ",29,12,4.9,"motorcycle",1,"No","Metropolitan","Sunny","Low ",0,"N",15
26,"Buffet ",33,8,4.7,"electric_scooter",2,"No","Urban","Sandstorms","Low ",1,"N",10
21,"Drinks ",23,22,4.6,"motorcycle",0,"No","Metropolitan","Stormy","Medium",1,"N",5
24,"Snack ",28,23,4.8,"scooter",0,"No","Metropolitan","Sandstorms","Low",0,"N",15
18,"Drinks ",37,3,4.9,"scooter",1,"No","Urban","Sandstorms","Medium",0,"N",5
18,"Meal ",39,12,4,"electric_scooter",0,"No","Semi-Urban","Windy","Low ",1,"Y",5
21,"Drinks ",37,9,4.5,"motorcycle",1,"No","Semi-Urban","Cloudy","Low ",1,"N",25
24,"Drinks ",24,12,4.7,"motorcycle",0,"No","Metropolitan","Sunny","Low ",1,"N",15
48,"Buffet ",36,12,4.8,"motorcycle",0,"No","Urban","Fog","Jam ",2,"N",5
34,"Snack ",29,22,4.6,"electric_scooter",0,"No","Urban","Windy","Medium",1,"N",15
32,"Drinks ",21,13,3.5,"scooter",2,"No","Urban","Windy","Jam ",1,"Y",5
21,"Drinks ",30,23,4.9,"scooter",2,"No","Metropolitan","Sunny","Jam ",0,"N",5
10,"Drinks ",30,9,4.7,"motorcycle",1,"No","Urban","Sunny","Low ",0,"Y",10
29,"Buffet ",28,9,4.2,"motorcycle",0,"No","Semi-Urban","Windy","Low ",0,"N",15
39,"Meal ",30,13,3.5,"electric_scooter",2,"No","Metropolitan","Fog","Low ",0,"N",5
30,"Meal ",33,16,4.6,"motorcycle",0,"No","Semi-Urban","Sandstorms","Medium",1,"N",15
36,"Buffet ",35,9,4,"electric_scooter",0,"No","Metropolitan","Stormy","Jam ",1,"N",5
12,"Buffet ",25,9,4.9,"electric_scooter",2,"No","Metropolitan","Sunny","High ",1,"N",15
37,"Drinks ",39,12,4.6,"motorcycle",1,"No","Metropolitan","Fog","Jam ",1,"Y",10
18,"Meal ",36,14,4.9,"motorcycle",0,"No","Metropolitan","Sunny","Medium",1,"N",5
18,"Meal ",22,8,4.9,"scooter",2,"No","Metropolitan","Windy","Low ",0,"Y",15
26,"Snack ",26,9,4.4,"motorcycle",0,"No","Urban","Sandstorms","Low ",1,"N",15
39,"Drinks ",21,12,4.3,"scooter",2,"No","Metropolitan","Stormy","Medium",1,"Y",15
18,"Buffet ",33,12,4.9,"scooter",2,"No","Urban","Stormy","Jam ",0,"N",15
23,"Drinks ",29,12,5,"motorcycle",0,"No","Urban","Sunny","Medium",0,"N",5
28,"Buffet ",29,15,5,"scooter",1,"No","Metropolitan","Windy","Low ",0,"Y",15
42,"Drinks ",23,7,4.7,"motorcycle",0,"No","Metropolitan","Sandstorms","Jam ",1,"N",5
11,"Snack ",24,17,4.7,"electric_scooter",1,"No","Urban","Fog","Medium",0,"N",5
26,"Meal ",33,23,4.6,"motorcycle",0,"No","Semi-Urban","Cloudy","Jam ",0,"N",15
19,"Snack ",22,3,5,"motorcycle",2,"No","Urban","Sandstorms","Medium",0,"N",5
29,"Drinks ",25,1,4.6,"scooter",0,"No","Metropolitan","Fog","Low ",1,"N",5
40,"Meal ",20,13,3.9,"motorcycle",1,"No","Metropolitan","Sandstorms","Jam ",0,"N",5
26,"Buffet ",33,9,4.5,"motorcycle",2,"No","Metropolitan","Windy","Medium",1,"Y",10
51,"Meal ",34,13,4.3,"motorcycle",0,"No","Metropolitan","Windy","Jam ",1,"N",5
13,"Meal ",20,13,4.9,"motorcycle",1,"No","Metropolitan","Sunny","Jam ",1,"N",10
23,"Buffet ",37,22,4.8,"scooter",0,"No","Semi-Urban","Sandstorms","Medium",1,"N",10
36,"Snack ",20,8,4.4,"scooter",0,"No","Metropolitan","Stormy","Jam ",1,"N",15
29,"Meal ",24,4,4.7,"scooter",1,"No","Metropolitan","Sandstorms","Jam ",0,"N",10
28,"Snack ",31,21,4.6,"motorcycle",1,"No","Metropolitan","Cloudy","Low ",1,"N",25
23,"Buffet ",36,16,4.7,"scooter",2,"No","Metropolitan","Windy","Medium",1,"Y",5
26,"Drinks ",29,2,4.8,"motorcycle",2,"No","Metropolitan","Fog","Low ",1,"N",10
29,"Meal ",37,23,4.8,"scooter",2,"No","Urban","Windy","Jam",0,"N",5
31,"Drinks ",23,11,4.1,"electric_scooter",1,"No","Metropolitan","Sandstorms","Jam ",0,"N",10
29,"Drinks ",33,6,4.7,"electric_scooter",2,"No","Metropolitan","Fog","High ",1,"N",5
27,"Meal ",39,17,4.6,"electric_scooter",1,"No","Metropolitan","Fog","Jam ",1,"N",5
41,"Buffet ",24,14,4.7,"motorcycle",0,"No","Metropolitan","Windy","High ",1,"Y",5
16,"Buffet ",22,3,4.7,"motorcycle",1,"No","Semi-Urban","Sandstorms","Low ",0,"N",5
17,"Buffet ",38,17,4.8,"motorcycle",0,"No","Metropolitan","Sunny","Low ",1,"N",10
35,"Drinks ",32,3,4.5,"scooter",2,"No","Semi-Urban","Cloudy","Low",1,"N",10
26,"Meal ",34,12,5,"scooter",1,"No","Urban","Stormy","High ",1,"N",5
19,"Drinks ",38,3,4.5,"scooter",0,"No","Urban","Sunny","Low",1,"N",15
31,"Snack ",36,15,4.7,"motorcycle",0,"No","Metropolitan","Cloudy","Medium",1,"N",5
41,"Buffet ",38,3,4.7,"electric_scooter",2,"No","Semi-Urban","Stormy","Medium",2,"Y",5
33,"Snack ",32,13,3.5,"electric_scooter",2,"No","Metropolitan","Stormy","Medium",1,"N",15
32,"Meal ",39,2,4.7,"scooter",0,"No","Metropolitan","Sunny","Jam ",1,"N",10
46,"Drinks ",28,5,4.2,"motorcycle",0,"No","Metropolitan","Stormy","Jam ",2,"N",5
49,"Drinks ",29,8,4.9,"motorcycle",0,"Yes","Semi-Urban","Stormy","Jam ",2,"Y",15
53,"Snack ",34,4,4.9,"motorcycle",0,"Yes","Metropolitan","Fog","Jam ",2,"N",10
37,"Drinks ",20,11,5,"scooter",1,"No","Metropolitan","Fog","Jam ",1,"Y",10
17,"Snack ",35,21,4.8,"scooter",1,"No","Semi-Urban","Sandstorms","Jam ",1,"N",10
44,"Meal ",23,10,4.1,"motorcycle",0,"No","Semi-Urban","Sunny","Jam ",2,"N",5
21,"Buffet ",36,18,4.7,"motorcycle",0,"No","Metropolitan","Cloudy","Low ",1,"N",10
18,"Buffet ",35,19,4.9,"scooter",1,"No","Urban","Sunny","Jam ",1,"N",10
34,"Drinks ",27,14,4.8,"electric_scooter",0,"No","Metropolitan","Sandstorms","Jam ",1,"Y",5
31,"Snack ",37,18,4.4,"scooter",2,"No","Metropolitan","Sandstorms","High ",0,"N",15
47,"Buffet ",34,22,4.6,"scooter",0,"No","Metropolitan","Stormy","Medium",0,"N",15
35,"Drinks ",35,5,4.2,"motorcycle",1,"No","Metropolitan","Windy","Medium",1,"N",15
34,"Buffet ",20,3,4.9,"motorcycle",2,"No","Metropolitan","Windy","Jam ",1,"N",10
18,"Buffet ",39,17,4.6,"electric_scooter",0,"No","Urban","Cloudy","Low",1,"N",15
18,"Meal ",22,14,4.6,"motorcycle",0,"No","Metropolitan","Fog","Low ",0,"Y",10
24,"Meal ",35,9,5,"electric_scooter",0,"No","Metropolitan","Sunny","Low ",1,"N",5
25,"Buffet ",30,22,4.9,"motorcycle",0,"No","Metropolitan","Stormy","Jam ",0,"N",15
20,"Snack ",33,18,5,"motorcycle",2,"No","Metropolitan","Fog","Low ",1,"N",15
12,"Drinks ",39,6,4.8,"scooter",2,"No","Metropolitan","Sunny","Medium",0,"N",5
36,"Snack ",23,9,4.1,"electric_scooter",2,"No","Metropolitan","Cloudy","Medium",1,"Y",10
29,"Snack ",31,21,4.8,"electric_scooter",1,"No","Semi-Urban","Sunny","Jam ",0,"N",5
25,"Meal ",34,14,4.8,"motorcycle",0,"No","Semi-Urban","Fog","Low ",1,"Y",5
26,"Drinks ",32,17,4.7,"electric_scooter",2,"No","Metropolitan","Cloudy","Jam ",0,"Y",10
33,"Buffet ",33,13,4.8,"scooter",1,"No","Semi-Urban","Windy","High ",1,"N",5
18,"Drinks ",31,16,4.6,"scooter",0,"No","Semi-Urban","Cloudy","Low ",1,"Y",10
16,"Drinks ",36,13,5,"electric_scooter",2,"No","Metropolitan","Sunny","Low ",1,"N",15
41,"Drinks ",38,6,4.5,"motorcycle",0,"No","Urban","Stormy","Jam ",0,"N",5
18,"Meal ",37,22,4.8,"motorcycle",1,"No","Urban","Sandstorms","Jam",0,"Y",15
22,"Meal ",35,21,4.8,"motorcycle",0,"No","Metropolitan","Cloudy","Low ",1,"Y",5
44,"Buffet ",39,14,4.3,"motorcycle",0,"No","Metropolitan","Stormy","Medium",1,"N",10
19,"Snack ",24,17,4.9,"electric_scooter",1,"No","Urban","Fog","Low",1,"N",5
18,"Meal ",36,13,4.8,"scooter",0,"No","Metropolitan","Cloudy","Low ",0,"Y",5
43,"Meal ",36,21,4.8,"motorcycle",0,"Yes","Urban","Cloudy","Medium",1,"N",15
46,"Buffet ",25,1,4.2,"scooter",0,"No","Metropolitan","Stormy","High ",3,"N",15
24,"Drinks ",20,22,4.9,"motorcycle",1,"No","Semi-Urban","Windy","Jam ",0,"N",10
18,"Meal ",30,16,4.8,"motorcycle",1,"No","Urban","Windy","High",0,"N",5
27,"Buffet ",31,9,4.9,"motorcycle",1,"No","Metropolitan","Fog","Low ",0,"N",15
36,"Snack ",22,3,3.9,"motorcycle",1,"No","Urban","Stormy","Low",0,"N",15
12,"Snack ",37,9,5,"electric_scooter",1,"No","Metropolitan","Stormy","Low ",0,"N",15
35,"Meal ",36,9,4.9,"scooter",2,"No","Metropolitan","Fog","Jam ",1,"Y",10
22,"Snack ",39,12,4.4,"motorcycle",0,"No","Metropolitan","Sandstorms","Low ",1,"Y",10
18,"Snack ",21,22,5,"scooter",2,"No","Urban","Stormy","Low",1,"N",15
34,"Snack ",23,18,5,"scooter",1,"No","Metropolitan","Sunny","High ",1,"N",5
20,"Drinks ",26,23,4.5,"scooter",2,"No","Urban","Fog","Low ",1,"N",5
30,"Buffet ",34,19,4.6,"electric_scooter",1,"No","Metropolitan","Fog","Medium",1,"N",10
25,"Drinks ",27,23,4.6,"electric_scooter",2,"No","Metropolitan","Fog","Low ",0,"N",5
29,"Drinks ",23,9,4.3,"electric_scooter",0,"No","Semi-Urban","Windy","Low ",1,"N",5
22,"Snack ",22,9,4.7,"motorcycle",0,"No","Metropolitan","Cloudy","Low ",1,"N",5
22,"Snack ",22,2,4.5,"electric_scooter",2,"No","Metropolitan","Stormy","Jam ",1,"N",5
24,"Snack ",38,8,4.8,"electric_scooter",2,"No","Metropolitan","Stormy","Jam ",1,"N",5
23,"Snack ",36,15,4.7,"motorcycle",0,"No","Urban","Fog","Low",1,"N",5
17,"Drinks ",35,15,4.5,"scooter",2,"No","Urban","Fog","Medium",1,"N",15
18,"Drinks ",31,21,4.9,"scooter",1,"No","Semi-Urban","Sunny","High ",1,"Y",5
11,"Snack ",35,19,4.9,"scooter",1,"No","Urban","Stormy","Medium",0,"Y",10
22,"Buffet ",37,22,4.7,"motorcycle",0,"No","Urban","Cloudy","Low ",0,"N",5
14,"Snack ",30,4,4.8,"motorcycle",1,"No","Metropolitan","Sandstorms","Low ",1,"Y",5
28,"Meal ",34,23,4.7,"motorcycle",0,"No","Metropolitan","Cloudy","High ",0,"N",15
16,"Buffet ",39,3,4.6,"motorcycle",0,"No","Metropolitan","Sunny","Medium",0,"Y",5
52,"Buffet ",29,9,5,"motorcycle",0,"No","Metropolitan","Windy","Jam ",3,"N",5
36,"Snack ",30,15,5,"scooter",2,"No","Urban","Stormy","Medium",2,"Y",10
19,"Buffet ",34,21,4.6,"scooter",2,"No","Metropolitan","Fog","Medium",1,"N",5
25,"Buffet ",31,21,5,"motorcycle",1,"No","Metropolitan","Cloudy","High ",1,"N",15
30,"Meal ",38,18,4.6,"scooter",1,"No","Metropolitan","Fog","Jam ",1,"N",15
22,"Meal ",26,21,4.9,"electric_scooter",2,"No","Metropolitan","Sandstorms","Jam ",1,"N",10
33,"Meal ",31,15,4.8,"electric_scooter",2,"No","Metropolitan","Cloudy","High",1,"N",15
28,"Snack ",23,8,4.6,"motorcycle",2,"No","Metropolitan","Stormy","Jam ",1,"N",15
20,"Buffet ",20,18,4.7,"electric_scooter",0,"No","Metropolitan","Fog","Low ",0,"N",5
34,"Drinks ",31,8,4.2,"scooter",1,"No","Metropolitan","Fog","Jam ",0,"N",10
16,"Buffet ",24,19,4.7,"scooter",1,"No","Semi-Urban","Sunny","Low ",0,"Y",15
16,"Buffet ",25,16,4.9,"motorcycle",1,"No","Metropolitan","Sunny","Jam ",1,"N",10
27,"Meal ",27,22,5,"electric_scooter",1,"No","Metropolitan","Windy","Low ",1,"N",15
11,"Meal ",28,16,4.9,"motorcycle",1,"No","Metropolitan","Sunny","High ",0,"N",5
15,"Snack ",37,23,5,"motorcycle",1,"No","Urban","Cloudy","Medium",1,"N",15
10,"Meal ",30,15,4.7,"scooter",2,"No","Urban","Sandstorms","Low ",0,"N",15
50,"Meal ",31,17,4.7,"motorcycle",0,"No","Metropolitan","Cloudy","Jam ",1,"N",10
36,"Drinks ",38,5,4.6,"scooter",0,"No","Semi-Urban","Sandstorms","Jam ",1,"N",5
43,"Snack ",35,17,4.5,"motorcycle",0,"No","Semi-Urban","Sunny","Jam ",0,"Y",5
40,"Drinks ",34,13,4.8,"motorcycle",0,"No","Metropolitan","Sandstorms","Jam ",2,"N",15
27,"Buffet ",39,21,4.6,"scooter",2,"No","Metropolitan","Sunny","Low ",1,"Y",5
34,"Meal ",37,8,4,"scooter",0,"No","Metropolitan","Sandstorms","Medium",1,"N",15
43,"Drinks ",39,9,4.8,"motorcycle",0,"No","Metropolitan","Stormy","Jam ",1,"Y",5
12,"Drinks ",28,12,4.7,"electric_scooter",1,"No","Metropolitan","Fog","Low ",0,"Y",15
13,"Meal ",20,15,5,"motorcycle",1,"No","Urban","Cloudy","Low",1,"N",5
20,"Snack ",23,2,4.8,"electric_scooter",2,"No","Metropolitan","Sunny","Jam ",1,"N",10
15,"Snack ",26,18,4.9,"scooter",2,"No","Urban","Fog","Low ",1,"N",10
19,"Meal ",34,4,4.7,"scooter",1,"No","Metropolitan","Sandstorms","Medium",1,"Y",5
23,"Meal ",31,19,4.9,"motorcycle",0,"No","Urban","Sunny","Low ",1,"N",5
10,"Snack ",36,23,4.9,"scooter",2,"No","Metropolitan","Windy","Low ",1,"Y",5
43,"Buffet ",25,16,4.6,"electric_scooter",0,"No","Urban","Stormy","Medium",2,"N",10
12,"Drinks ",39,19,4.6,"motorcycle",1,"No","Metropolitan","Sunny","Jam ",1,"N",10
30,"Meal ",28,3,4.8,"motorcycle",1,"No","Metropolitan","Windy","High ",1,"N",10
24,"Meal ",30,13,4.7,"motorcycle",0,"No","Urban","Sandstorms","Low ",1,"N",5
13,"Snack ",20,18,4.5,"motorcycle",1,"No","Urban","Stormy","High",0,"N",15
25,"Snack ",23,15,5,"scooter",2,"No","Semi-Urban","Stormy","Medium",1,"N",15
26,"Buffet ",29,17,4.8,"motorcycle",0,"No","Metropolitan","Cloudy","Jam ",0,"N",10
25,"Drinks ",20,18,4.7,"motorcycle",0,"No","Semi-Urban","Fog","Jam ",1,"N",15
43,"Snack ",23,21,4.8,"motorcycle",0,"No","Semi-Urban","Stormy","Jam ",2,"Y",15
29,"Drinks ",25,5,4.9,"scooter",2,"No","Semi-Urban","Stormy","High ",1,"N",10
19,"Snack ",39,9,5,"motorcycle",2,"No","Semi-Urban","Sunny","Jam ",1,"Y",15
47,"Meal ",26,16,4.6,"motorcycle",0,"No","Metropolitan","Cloudy","Jam ",2,"N",10
28,"Snack ",38,15,4.9,"electric_scooter",0,"No","Metropolitan","Cloudy","Medium",1,"N",10
20,"Buffet ",27,17,4.7,"motorcycle",2,"No","Metropolitan","Sunny","Medium",0,"Y",5
32,"Snack ",26,8,4.9,"motorcycle",0,"No","Metropolitan","Windy","High ",2,"N",10
16,"Drinks ",33,23,4.9,"scooter",2,"No","Semi-Urban","Cloudy","Low ",0,"N",15
25,"Snack ",31,11,4,"motorcycle",0,"No","Metropolitan","Windy","Low ",1,"N",10
18,"Snack ",34,9,4.6,"electric_scooter",1,"No","Metropolitan","Cloudy","Low ",1,"N",15
43,"Drinks ",33,7,4.3,"motorcycle",0,"No","Metropolitan","Sunny","Jam ",2,"N",5
25,"Drinks ",25,7,4.7,"electric_scooter",2,"No","Metropolitan","Windy","Low ",0,"Y",5
13,"Drinks ",35,18,4.8,"motorcycle",2,"No","Metropolitan","Sunny","Jam ",0,"Y",15
26,"Drinks ",32,3,4,"scooter",0,"No","Metropolitan","Stormy","Low ",1,"Y",10
23,"Meal ",29,21,4.6,"motorcycle",0,"No","Urban","Stormy","Low",0,"N",10
23,"Snack ",32,9,4.7,"scooter",2,"No","Metropolitan","Sandstorms","Medium",1,"N",5
22,"Meal ",33,22,4.8,"electric_scooter",0,"No","Metropolitan","Sandstorms","Low",1,"N",25
31,"Drinks ",38,14,4.4,"motorcycle",0,"No","Metropolitan","Windy","Jam ",1,"N",10
33,"Snack ",20,23,5,"motorcycle",2,"No","Semi-Urban","Fog","Jam ",1,"N",5
19,"Meal ",31,23,4.7,"scooter",1,"No","Metropolitan","Sunny","Jam",0,"N",10
20,"Meal ",35,23,5,"scooter",0,"No","Metropolitan","Cloudy","Low ",0,"Y",15
27,"Buffet ",36,15,5,"motorcycle",0,"No","Metropolitan","Sunny","Medium",1,"Y",15
22,"Meal ",23,19,4.8,"motorcycle",0,"No","Metropolitan","Sunny","Low ",0,"N",10
14,"Snack ",21,23,4.5,"electric_scooter",2,"No","Urban","Fog","Low",1,"N",5
40,"Snack ",28,17,4.8,"electric_scooter",2,"No","Metropolitan","Fog","Jam ",0,"N",5
23,"Meal ",35,19,4.9,"motorcycle",2,"No","Semi-Urban","Stormy","Low ",1,"Y",5
25,"Meal ",33,19,4.7,"scooter",2,"No","Metropolitan","Stormy","High ",1,"Y",15
20,"Buffet ",37,19,5,"motorcycle",1,"No","Metropolitan","Sunny","Low ",1,"Y",15
14,"Snack ",30,22,4.8,"scooter",2,"No","Urban","Sandstorms","Low",0,"Y",5
17,"Snack ",31,19,4.7,"electric_scooter",1,"No","Metropolitan","Sandstorms","Jam",0,"N",5
28,"Buffet ",30,19,4.8,"motorcycle",2,"No","Metropolitan","Windy","Low ",1,"N",5
26,"Meal ",29,5,4.2,"motorcycle",0,"No","Metropolitan","Stormy","Low ",1,"Y",30
19,"Snack ",25,19,4.7,"electric_scooter",1,"No","Metropolitan","Stormy","Low ",1,"Y",15
21,"Drinks ",33,19,4.6,"scooter",1,"No","Urban","Stormy","Medium",1,"N",5
30,"Buffet ",32,23,4.9,"motorcycle",2,"No","Metropolitan","Stormy","High ",1,"N",15
22,"Snack ",31,15,5,"motorcycle",1,"No","Semi-Urban","Sandstorms","Low ",1,"N",10
27,"Meal ",39,23,4.3,"motorcycle",0,"No","Metropolitan","Sandstorms","Low ",1,"N",15
31,"Drinks ",34,12,3.8,"electric_scooter",2,"No","Metropolitan","Sunny","Jam ",1,"N",10
19,"Meal ",31,17,4.6,"motorcycle",1,"No","Semi-Urban","Cloudy","Low ",0,"N",15
25,"Snack ",26,21,4.2,"motorcycle",0,"No","Urban","Windy","Low ",0,"N",5
16,"Drinks ",28,22,4.9,"scooter",2,"No","Urban","Windy","Low",1,"Y",10
29,"Snack ",20,7,4.6,"electric_scooter",1,"No","Urban","Sandstorms","Jam ",1,"N",5
35,"Snack ",34,3,4.8,"motorcycle",1,"No","Semi-Urban","Cloudy","High ",0,"Y",5
23,"Snack ",38,18,4.7,"motorcycle",1,"No","Metropolitan","Sandstorms","Low ",1,"N",5
33,"Meal ",33,3,3.9,"electric_scooter",2,"No","Metropolitan","Sunny","Jam ",1,"N",15
33,"Snack ",24,9,4.6,"motorcycle",1,"No","Urban","Fog","Jam ",1,"N",10
37,"Meal ",23,11,4.2,"electric_scooter",2,"No","Metropolitan","Sandstorms","Medium",2,"N",15
27,"Meal ",24,19,4.5,"electric_scooter",1,"No","Metropolitan","Fog","Jam ",1,"Y",10
33,"Snack ",28,8,4.2,"motorcycle",0,"No","Metropolitan","Stormy","Medium",1,"N",5
13,"Buffet ",28,17,4.5,"scooter",1,"No","Semi-Urban","Windy","High",1,"N",15
38,"Drinks ",34,18,4.8,"motorcycle",0,"No","Urban","Windy","Jam ",1,"N",10
14,"Buffet ",27,7,4.5,"motorcycle",0,"No","Metropolitan","Sunny","Low ",0,"N",15
28,"Buffet ",21,12,4.9,"motorcycle",0,"No","Metropolitan","Sunny","Low ",1,"N",15
27,"Drinks ",33,12,4.6,"motorcycle",1,"No","Metropolitan","Stormy","Medium",1,"N",5
29,"Buffet ",38,13,4.6,"motorcycle",2,"No","Metropolitan","Sunny","Medium",0,"N",10
20,"Buffet ",25,6,4.6,"motorcycle",0,"No","Urban","Stormy","Low",1,"Y",5
30,"Drinks ",35,12,4.6,"motorcycle",0,"No","Metropolitan","Fog","Medium",1,"Y",5
22,"Drinks ",23,17,4.6,"motorcycle",0,"No","Metropolitan","Sunny","Jam",1,"N",15
32,"Buffet ",39,23,4.1,"motorcycle",1,"No","Metropolitan","Cloudy","High ",1,"N",5
24,"Snack ",36,22,4.9,"scooter",1,"No","Urban","Windy","Medium",0,"N",5
35,"Buffet ",22,3,4.9,"scooter",2,"No","Metropolitan","Fog","Jam ",1,"N",5
14,"Snack ",32,23,4.8,"motorcycle",1,"No","Semi-Urban","Sunny","High ",0,"N",10
41,"Snack ",20,20,3.9,"motorcycle",1,"No","Metropolitan","Windy","Jam ",0,"N",5
21,"Snack ",39,6,4.8,"motorcycle",0,"No","Metropolitan","Sandstorms","Low ",1,"N",5
25,"Meal ",31,16,4.9,"scooter",2,"No","Urban","Stormy","Jam ",0,"N",10
27,"Buffet ",36,2,4.9,"scooter",1,"No","Semi-Urban","Stormy","Medium",0,"N",15
15,"Buffet ",31,2,4.8,"scooter",1,"No","Metropolitan","Fog","Medium",1,"N",10
29,"Drinks ",36,2,4.8,"scooter",2,"No","Metropolitan","Sunny","Jam ",1,"N",5
25,"Buffet ",20,21,4.8,"scooter",0,"No","Semi-Urban","Sandstorms","Jam ",1,"Y",15
13,"Snack ",24,11,4.8,"motorcycle",2,"No","Metropolitan","Windy","Low ",1,"N",15
39,"Buffet ",32,15,4.3,"motorcycle",0,"No","Urban","Stormy","Jam",0,"N",15
10,"Buffet ",26,19,4.7,"motorcycle",1,"No","Urban","Cloudy","Low",1,"N",10
30,"Meal ",35,13,4.8,"scooter",2,"No","Metropolitan","Sandstorms","Jam ",1,"N",10
11,"Snack ",32,15,4.6,"electric_scooter",1,"No","Metropolitan","Windy","Low",0,"Y",15
31,"Snack ",37,4,4.5,"electric_scooter",2,"No","Metropolitan","Windy","Medium",1,"N",15
31,"Meal ",23,23,4.4,"motorcycle",1,"No","Metropolitan","Windy","Jam ",1,"N",10
23,"Drinks ",35,17,4.8,"motorcycle",1,"No","Metropolitan","Stormy","Low ",1,"N",15
44,"Snack ",20,3,4.1,"electric_scooter",0,"No","Metropolitan","Sunny","Jam ",1,"N",10
25,"Buffet ",22,22,4.6,"scooter",0,"No","Semi-Urban","Fog","High ",1,"Y",10
25,"Drinks ",27,18,4.6,"scooter",2,"No","Urban","Fog","Medium",1,"N",10
26,"Snack ",29,21,4.7,"electric_scooter",2,"No","Metropolitan","Sandstorms","Low ",0,"N",5
44,"Snack ",20,4,4.2,"electric_scooter",0,"No","Metropolitan","Sunny","Jam ",1,"Y",10
35,"Meal ",26,13,4.6,"motorcycle",0,"No","Metropolitan","Stormy","High ",0,"N",10
31,"Buffet ",35,9,4.8,"scooter",1,"No","Semi-Urban","Stormy","Jam ",0,"N",10
42,"Drinks ",28,5,2.9,"motorcycle",2,"Yes","Metropolitan","Sunny","Low ",2,"Y",5
34,"Meal ",36,13,5,"motorcycle",0,"No","Urban","Sandstorms","High ",1,"N",5
34,"Buffet ",39,4,4,"motorcycle",1,"No","Semi-Urban","Fog","Jam ",0,"Y",10
23,"Snack ",23,19,4.9,"electric_scooter",2,"No","Urban","Windy","Medium",0,"N",5
28,"Snack ",22,14,4.7,"motorcycle",2,"No","Metropolitan","Sunny","Low ",1,"N",5
44,"Drinks ",27,17,5,"scooter",2,"No","Semi-Urban","Fog","Jam ",1,"N",10
34,"Drinks ",33,8,5,"motorcycle",0,"No","Metropolitan","Stormy","Jam ",1,"N",10
21,"Drinks ",28,15,5,"motorcycle",0,"No","Urban","Sunny","Medium",1,"N",10
35,"Buffet ",22,6,4.2,"electric_scooter",2,"No","Metropolitan","Cloudy","Low ",1,"Y",5
28,"Drinks ",36,17,4.1,"scooter",0,"No","Semi-Urban","Stormy","Low ",1,"N",5
28,"Meal ",37,11,4.8,"motorcycle",0,"No","Metropolitan","Windy","Medium",1,"Y",10
22,"Buffet ",39,8,4.8,"motorcycle",0,"No","Metropolitan","Cloudy","Low ",1,"Y",5
24,"Drinks ",29,9,4.9,"scooter",0,"No","Urban","Windy","High ",0,"Y",5
25,"Meal ",34,19,5,"motorcycle",0,"No","Metropolitan","Sandstorms","Jam ",1,"N",10
17,"Buffet ",22,22,4.8,"electric_scooter",2,"No","Metropolitan","Windy","Jam ",0,"N",15
33,"Drinks ",27,3,4.2,"scooter",2,"No","Urban","Fog","Jam ",1,"N",10
22,"Buffet ",30,15,4.9,"scooter",0,"No","Semi-Urban","Windy","Low ",1,"Y",5
22,"Buffet ",32,22,4.9,"motorcycle",0,"No","Urban","Sandstorms","Low",1,"N",15
17,"Drinks ",26,16,4.9,"motorcycle",2,"No","Semi-Urban","Sunny","Jam ",0,"Y",10
27,"Meal ",37,14,4.9,"scooter",1,"No","Urban","Windy","Low ",1,"N",15
19,"Drinks ",32,19,4.9,"motorcycle",0,"No","Metropolitan","Sunny","Jam ",1,"Y",5
43,"Snack ",29,21,4.8,"motorcycle",2,"Yes","Metropolitan","Cloudy","Jam ",1,"Y",5
46,"Buffet ",28,11,4.9,"scooter",0,"No","Metropolitan","Cloudy","Jam ",1,"N",15
29,"Buffet ",34,23,4.8,"scooter",1,"No","Urban","Sandstorms","Medium",1,"Y",15
10,"Snack ",39,22,4.8,"motorcycle",1,"No","Metropolitan","Sunny","Low ",0,"N",10
37,"Drinks ",28,9,4.6,"motorcycle",0,"No","Metropolitan","Fog","Medium",1,"N",15
17,"Buffet ",39,22,4.9,"scooter",1,"No","Urban","Windy","Low",0,"Y",10
15,"Snack ",33,17,4.7,"scooter",1,"No","Metropolitan","Fog","Medium",1,"N",10
28,"Snack ",36,9,4.7,"motorcycle",2,"No","Metropolitan","Windy","Jam ",1,"N",15
22,"Meal ",26,23,4.9,"electric_scooter",0,"No","Urban","Sunny","Low",0,"N",15
27,"Snack ",33,19,4.9,"electric_scooter",1,"No","Urban","Fog","Low",1,"N",15
41,"Snack ",20,9,4.6,"electric_scooter",2,"No","Urban","Fog","Jam ",1,"N",5
38,"Snack ",36,18,4.9,"motorcycle",1,"No","Metropolitan","Fog","High ",0,"N",15
14,"Drinks ",23,22,4.9,"scooter",1,"No","Urban","Fog","Low ",0,"N",10
29,"Drinks ",30,4,4.8,"motorcycle",2,"No","Metropolitan","Sunny","Medium",0,"N",10
20,"Drinks ",23,9,4.4,"motorcycle",0,"No","Metropolitan","Sandstorms","Low ",1,"N",10
29,"Meal ",26,7,4.6,"scooter",2,"No","Urban","Stormy","Jam ",1,"N",5
32,"Drinks ",32,7,4.1,"electric_scooter",1,"No","Metropolitan","Fog","Medium",1,"Y",10
21,"Buffet ",25,18,4.4,"motorcycle",0,"No","Metropolitan","Sandstorms","Low ",1,"N",15
21,"Meal ",20,15,4.4,"electric_scooter",0,"No","Metropolitan","Stormy","Low ",1,"Y",15
29,"Drinks ",39,13,4.7,"motorcycle",1,"No","Metropolitan","Stormy","Jam ",1,"Y",15
17,"Buffet ",29,19,5,"scooter",1,"No","Semi-Urban","Cloudy","Low ",1,"N",15
43,"Drinks ",21,15,4.7,"motorcycle",0,"No","Urban","Stormy","Medium",2,"Y",15
11,"Meal ",34,14,4.8,"motorcycle",1,"No","Metropolitan","Sunny","Medium",0,"Y",10
21,"Meal ",30,23,4.6,"electric_scooter",2,"No","Metropolitan","Sunny","Jam ",0,"N",10
25,"Snack ",29,18,4.5,"motorcycle",2,"No","Semi-Urban","Stormy","Low ",1,"N",15
23,"Snack ",21,19,4.5,"motorcycle",0,"No","Metropolitan","Cloudy","Low ",0,"Y",5
24,"Meal ",22,5,4.6,"motorcycle",1,"No","Urban","Sandstorms","Medium",1,"Y",10
22,"Buffet ",39,15,4.9,"electric_scooter",1,"No","Metropolitan","Cloudy","Jam ",1,"Y",15
28,"Drinks ",38,3,4.1,"scooter",0,"No","Urban","Windy","Low",0,"N",10
23,"Buffet ",34,23,4.6,"scooter",1,"No","Urban","Cloudy","Low ",0,"N",10
14,"Buffet ",28,9,5,"electric_scooter",1,"No","Semi-Urban","Stormy","Low ",0,"N",15
37,"Drinks ",39,2,4.1,"scooter",2,"No","Semi-Urban","Cloudy","Medium",1,"N",15
20,"Drinks ",23,9,4.6,"scooter",2,"No","Urban","Stormy","Low ",1,"Y",5
33,"Drinks ",36,2,4.1,"motorcycle",0,"No","Urban","Stormy","Jam",1,"Y",15
27,"Snack ",25,6,4.6,"electric_scooter",2,"No","Metropolitan","Fog","Jam ",1,"N",10
13,"Snack ",23,22,4.9,"scooter",0,"No","Metropolitan","Sunny","Low ",0,"N",5
17,"Snack ",39,15,4.3,"scooter",0,"No","Metropolitan","Stormy","Low ",0,"N",10
49,"Buffet ",25,3,4.4,"motorcycle",0,"No","Urban","Stormy","Jam ",1,"N",10
10,"Meal ",23,18,4.8,"motorcycle",1,"No","Urban","Stormy","Medium",0,"Y",10
16,"Drinks ",32,16,4.9,"electric_scooter",1,"No","Urban","Sandstorms","Low",1,"Y",15
15,"Snack ",26,16,4.9,"scooter",1,"No","Metropolitan","Sunny","Low ",0,"N",10
45,"Buffet ",30,15,4.5,"motorcycle",0,"No","Semi-Urban","Fog","Jam ",0,"N",10
15,"Drinks ",39,9,4.7,"motorcycle",1,"No","Metropolitan","Sunny","Jam ",0,"Y",10
23,"Snack ",21,19,4.5,"motorcycle",0,"No","Metropolitan","Cloudy","Low ",0,"Y",5
39,"Drinks ",35,4,4.7,"motorcycle",0,"No","Metropolitan","Fog","Jam ",1,"N",5
18,"Snack ",33,13,4.7,"scooter",1,"No","Metropolitan","Cloudy","Medium",0,"N",10
18,"Meal ",27,23,4.9,"motorcycle",1,"No","Semi-Urban","Sunny","High ",0,"N",10
25,"Drinks ",27,23,4.9,"motorcycle",1,"No","Metropolitan","Stormy","Jam ",1,"N",5
22,"Meal ",34,3,4,"motorcycle",0,"No","Urban","Windy","Low",0,"N",15
20,"Meal ",21,16,4.5,"scooter",0,"No","Metropolitan","Cloudy","Low ",1,"N",5
37,"Drinks ",33,17,4.9,"motorcycle",0,"No","Urban","Sandstorms","Jam ",0,"Y",10
34,"Buffet ",34,9,4.1,"scooter",1,"No","Semi-Urban","Cloudy","Medium",1,"N",15
25,"Snack ",23,16,4.6,"scooter",1,"No","Urban","Sandstorms","Medium",0,"Y",5
43,"Buffet ",28,12,4.7,"motorcycle",0,"No","Metropolitan","Stormy","Jam ",3,"N",10
16,"Drinks ",26,23,4.6,"scooter",1,"No","Urban","Sandstorms","Low ",0,"N",10
39,"Drinks ",23,22,4.4,"motorcycle",2,"No","Semi-Urban","Stormy","Jam ",1,"Y",5
27,"Buffet ",22,9,4.6,"electric_scooter",2,"No","Metropolitan","Stormy","Medium",0,"Y",5
20,"Buffet ",35,16,4.6,"electric_scooter",2,"No","Metropolitan","Windy","High ",0,"N",10
29,"Buffet ",21,11,4.8,"motorcycle",1,"No","Metropolitan","Sunny","Low ",1,"N",15
26,"Meal ",20,15,4.9,"motorcycle",0,"No","Metropolitan","Fog","Low ",1,"N",10
39,"Snack ",34,7,4.3,"motorcycle",0,"No","Metropolitan","Cloudy","Low ",1,"N",15
31,"Snack ",31,18,4.6,"scooter",2,"No","Metropolitan","Fog","Jam ",1,"Y",10
37,"Snack ",29,1,4.7,"electric_scooter",0,"No","Metropolitan","Sandstorms","Jam ",0,"N",15
32,"Buffet ",21,23,4.8,"electric_scooter",2,"No","Urban","Sandstorms","Jam",1,"N",15
33,"Buffet ",36,3,3.5,"electric_scooter",2,"No","Metropolitan","Stormy","Jam ",1,"Y",10
17,"Meal ",25,22,4.9,"scooter",2,"No","Urban","Sandstorms","Low ",1,"Y",5
26,"Buffet ",33,19,4.9,"electric_scooter",2,"No","Semi-Urban","Sandstorms","Jam",0,"Y",5
47,"Snack ",30,18,4.9,"scooter",0,"Yes","Semi-Urban","Cloudy","Jam ",1,"N",15
34,"Drinks ",33,17,5,"scooter",2,"No","Urban","Cloudy","Jam",2,"Y",5
26,"Snack ",25,15,4.8,"electric_scooter",0,"No","Semi-Urban","Fog","Low",1,"N",15
14,"Buffet ",34,17,5,"electric_scooter",0,"No","Metropolitan","Sunny","Low",0,"N",10
25,"Meal ",25,12,4.5,"electric_scooter",1,"No","Metropolitan","Stormy","Low ",0,"N",10
20,"Drinks ",20,19,4.6,"electric_scooter",2,"No","Metropolitan","Sunny","Jam ",1,"N",5
29,"Snack ",28,8,4.9,"electric_scooter",1,"No","Urban","Windy","Low ",1,"N",5
13,"Drinks ",22,9,4.8,"scooter",2,"No","Metropolitan","Sandstorms","High ",0,"N",15
16,"Buffet ",24,21,4.9,"motorcycle",2,"No","Metropolitan","Sunny","Low ",1,"N",15
37,"Buffet ",37,6,3.5,"scooter",2,"No","Urban","Cloudy","Low",1,"N",15
25,"Meal ",20,7,4.9,"motorcycle",1,"No","Metropolitan","Fog","Jam ",1,"N",10
38,"Buffet ",38,2,3.5,"scooter",2,"No","Semi-Urban","Sunny","Low ",1,"Y",10
18,"Meal ",28,2,4.7,"electric_scooter",1,"No","Metropolitan","Sandstorms","Low ",1,"N",10
31,"Snack ",23,15,4.7,"scooter",2,"No","Urban","Cloudy","Medium",1,"N",5
22,"Buffet ",30,21,4.5,"motorcycle",0,"No","Metropolitan","Sunny","Low ",1,"N",30
11,"Drinks ",28,23,4.9,"scooter",2,"No","Metropolitan","Fog","Medium",0,"Y",5
24,"Snack ",27,4,4.9,"motorcycle",0,"No","Urban","Stormy","Low",1,"Y",5
27,"Buffet ",25,14,5,"scooter",0,"No","Metropolitan","Windy","Medium",1,"N",10
19,"Snack ",30,22,5,"motorcycle",1,"No","Metropolitan","Sunny","Low ",1,"N",10
30,"Snack ",28,3,4.5,"motorcycle",0,"No","Urban","Stormy","Low",1,"N",5
34,"Buffet ",32,14,4.9,"motorcycle",0,"No","Metropolitan","Cloudy","Medium",1,"Y",5
23,"Meal ",28,23,4.5,"motorcycle",1,"No","Metropolitan","Sunny","Medium",0,"Y",15
32,"Meal ",29,13,4,"scooter",2,"No","Metropolitan","Fog","Jam ",0,"N",15
24,"Snack ",38,18,4.8,"scooter",1,"No","Urban","Sunny","Low ",1,"N",5
18,"Snack ",24,7,4.6,"scooter",2,"No","Metropolitan","Fog","Medium",1,"N",15
26,"Buffet ",23,13,4.5,"motorcycle",1,"No","Metropolitan","Cloudy","Medium",1,"Y",10
23,"Meal ",29,6,4.5,"scooter",1,"No","Metropolitan","Stormy","Jam ",1,"Y",10
44,"Drinks ",24,17,4.7,"electric_scooter",0,"No","Urban","Windy","Medium",0,"N",5
35,"Snack ",24,17,4.3,"motorcycle",0,"No","Metropolitan","Stormy","Jam ",2,"Y",10
13,"Buffet ",23,21,4.6,"motorcycle",1,"No","Metropolitan","Sandstorms","Jam ",0,"N",10
31,"Buffet ",24,22,4.8,"motorcycle",0,"No","Urban","Windy","Jam",1,"N",5
30,"Buffet ",30,2,5,"electric_scooter",2,"No","Semi-Urban","Stormy","Medium",1,"N",5
40,"Buffet ",31,2,5,"electric_scooter",2,"No","Semi-Urban","Stormy","Jam ",1,"N",15
15,"Meal ",24,17,4.8,"electric_scooter",1,"No","Metropolitan","Sandstorms","Low ",0,"Y",10
29,"Snack ",28,3,4.8,"motorcycle",1,"No","Metropolitan","Sandstorms","Jam",0,"N",10
27,"Snack ",24,22,5,"scooter",2,"No","Urban","Windy","Jam",1,"N",10
25,"Buffet ",30,18,4.6,"motorcycle",1,"No","Urban","Sandstorms","Medium",1,"N",15
10,"Buffet ",39,23,4.9,"scooter",2,"No","Metropolitan","Stormy","Low ",1,"N",5
36,"Meal ",29,11,4.9,"scooter",0,"No","Semi-Urban","Cloudy","Jam ",0,"N",5
35,"Snack ",29,13,3.1,"motorcycle",2,"No","Semi-Urban","Sunny","Low ",1,"N",10
36,"Drinks ",34,8,4.9,"motorcycle",0,"No","Semi-Urban","Sandstorms","Medium",1,"Y",10
48,"Drinks ",29,18,4.6,"electric_scooter",0,"Yes","Metropolitan","Sandstorms","Medium",3,"N",10
27,"Snack ",32,15,4.6,"scooter",0,"No","Urban","Fog","Medium",0,"N",10
29,"Buffet ",32,13,4.9,"scooter",1,"No","Semi-Urban","Fog","Low ",0,"N",5
20,"Meal ",21,16,4.7,"scooter",1,"No","Urban","Sandstorms","Low",1,"Y",5
10,"Drinks ",31,21,4.6,"scooter",1,"No","Metropolitan","Windy","Low ",1,"N",5
41,"Buffet ",26,16,4.8,"motorcycle",0,"No","Urban","Fog","Jam",2,"Y",5
29,"Drinks ",24,5,4.5,"scooter",0,"No","Urban","Cloudy","High",1,"N",5
15,"Drinks ",21,8,4.5,"motorcycle",0,"No","Metropolitan","Fog","Low ",0,"N",10
27,"Snack ",25,21,4.8,"motorcycle",2,"No","Urban","Windy","Low",1,"N",5
17,"Buffet ",38,4,4.7,"electric_scooter",1,"No","Urban","Windy","Low ",0,"N",5
21,"Drinks ",20,19,5,"electric_scooter",0,"No","Metropolitan","Fog","Low ",1,"N",5
32,"Drinks ",37,1,4.4,"motorcycle",2,"No","Metropolitan","Fog","High ",1,"N",15
29,"Buffet ",28,1,4.9,"electric_scooter",0,"No","Metropolitan","Windy","Medium",1,"N",10
20,"Drinks ",33,19,5,"electric_scooter",1,"No","Semi-Urban","Windy","Medium",1,"Y",5
42,"Meal ",31,6,4.3,"motorcycle",0,"No","Urban","Sandstorms","Jam ",1,"N",15
38,"Drinks ",22,7,4,"scooter",0,"No","Metropolitan","Sandstorms","Medium",0,"N",10
31,"Drinks ",34,9,4,"motorcycle",0,"No","Urban","Sandstorms","Low ",1,"N",10
22,"Snack ",24,18,4.6,"scooter",0,"No","Urban","Cloudy","Low",0,"Y",25
18,"Buffet ",38,18,4.8,"scooter",2,"No","Metropolitan","Sunny","Jam",0,"Y",5
20,"Snack ",26,15,4.7,"electric_scooter",1,"No","Urban","Sandstorms","Medium",1,"Y",5
29,"Snack ",20,17,4.8,"electric_scooter",1,"No","Urban","Sandstorms","Jam",1,"N",5
32,"Meal ",23,12,5,"motorcycle",0,"No","Semi-Urban","Windy","Medium",0,"Y",15
24,"Snack ",20,23,5,"electric_scooter",0,"No","Metropolitan","Cloudy","Low ",0,"N",5
23,"Meal ",29,21,5,"scooter",2,"No","Urban","Windy","Low",1,"N",10
22,"Snack ",37,3,4.7,"motorcycle",2,"No","Semi-Urban","Stormy","Low ",0,"N",15
45,"Buffet ",28,15,4.8,"motorcycle",0,"No","Urban","Fog","Jam ",2,"N",15
37,"Snack ",39,8,3.8,"motorcycle",2,"No","Metropolitan","Fog","Low ",1,"N",15
26,"Snack ",28,6,4.9,"motorcycle",0,"No","Metropolitan","Sandstorms","Medium",1,"N",15
17,"Buffet ",33,18,4.8,"motorcycle",2,"No","Urban","Stormy","Jam",1,"N",15
35,"Meal ",39,22,5,"motorcycle",0,"No","Metropolitan","Stormy","Jam ",1,"N",5
37,"Snack ",22,22,4.6,"scooter",0,"No","Urban","Fog","Jam",2,"N",10
26,"Drinks ",34,16,4.7,"electric_scooter",2,"No","Urban","Stormy","Jam",1,"Y",15
20,"Drinks ",22,21,4.8,"scooter",1,"No","Metropolitan","Fog","Low ",0,"N",5
31,"Snack ",31,1,4.6,"scooter",0,"No","Metropolitan","Fog","Jam ",0,"Y",5
32,"Meal ",21,7,4.7,"motorcycle",0,"No","Metropolitan","Fog","High ",1,"N",5
28,"Drinks ",26,14,5,"scooter",2,"No","Urban","Sandstorms","Jam ",1,"N",15
38,"Meal ",20,1,4.3,"electric_scooter",0,"No","Metropolitan","Windy","Jam ",0,"N",5
47,"Snack ",33,16,4.6,"scooter",2,"No","Metropolitan","Sunny","Jam ",1,"N",10
29,"Buffet ",21,15,4.8,"motorcycle",0,"No","Semi-Urban","Sunny","Jam ",1,"N",10
26,"Drinks ",32,19,4.8,"motorcycle",1,"No","Metropolitan","Stormy","Medium",1,"N",15
26,"Drinks ",29,22,4.7,"motorcycle",2,"No","Semi-Urban","Windy","Medium",1,"N",5
31,"Snack ",36,11,4.1,"scooter",1,"No","Metropolitan","Cloudy","High ",1,"N",5
28,"Meal ",36,6,4.6,"motorcycle",0,"No","Urban","Sandstorms","Medium",0,"N",5
22,"Buffet ",24,23,4.6,"electric_scooter",0,"No","Metropolitan","Sandstorms","Low ",0,"N",5
15,"Snack ",31,3,4.8,"motorcycle",1,"No","Metropolitan","Stormy","High ",1,"N",10
25,"Meal ",27,14,4.7,"scooter",2,"No","Metropolitan","Windy","Medium",1,"N",5
45,"Meal ",24,12,4.1,"motorcycle",0,"No","Urban","Sunny","Jam ",1,"Y",15
44,"Drinks ",39,9,4.2,"motorcycle",2,"No","Metropolitan","Stormy","Jam ",1,"N",5
22,"Buffet ",39,9,4.6,"motorcycle",1,"No","Metropolitan","Fog","High ",0,"N",5
23,"Drinks ",37,18,4.8,"motorcycle",0,"No","Semi-Urban","Sandstorms","Low ",1,"N",5
38,"Snack ",20,5,4.9,"motorcycle",0,"No","Metropolitan","Windy","Jam ",1,"N",10
24,"Meal ",38,2,4.5,"scooter",1,"No","Urban","Stormy","High",0,"N",5
22,"Snack ",33,17,4.9,"motorcycle",0,"No","Metropolitan","Windy","Low ",1,"N",10
40,"Drinks ",36,2,4.2,"electric_scooter",1,"No","Metropolitan","Fog","Jam ",1,"N",15
24,"Snack ",33,17,4.9,"motorcycle",0,"No","Urban","Fog","Low",1,"N",10
21,"Meal ",35,5,4.8,"electric_scooter",2,"No","Metropolitan","Stormy","High ",1,"N",10
12,"Snack ",23,23,4.7,"electric_scooter",2,"No","Metropolitan","Windy","High ",0,"N",5
29,"Snack ",20,5,4.5,"motorcycle",1,"No","Metropolitan","Stormy","Jam ",1,"N",10
27,"Meal ",30,8,4.6,"motorcycle",2,"No","Metropolitan","Stormy","Low ",1,"N",5
32,"Meal ",26,7,4.4,"motorcycle",0,"No","Metropolitan","Sandstorms","Jam ",1,"Y",10
35,"Meal ",28,9,4.2,"motorcycle",0,"No","Metropolitan","Sandstorms","Jam ",1,"Y",5
17,"Buffet ",21,13,4.7,"motorcycle",1,"No","Metropolitan","Sunny","Jam ",1,"N",10
37,"Snack ",30,6,4.8,"motorcycle",0,"No","Metropolitan","Stormy","Jam ",1,"N",10
43,"Meal ",20,15,2.9,"motorcycle",2,"No","Metropolitan","Sunny","Low ",2,"N",30
29,"Meal ",33,23,4.6,"motorcycle",0,"No","Urban","Stormy","Medium",0,"Y",10
20,"Meal ",36,21,5,"motorcycle",2,"No","Metropolitan","Stormy","Low ",0,"N",5
24,"Snack ",37,17,4.7,"motorcycle",1,"No","Urban","Windy","Jam",1,"N",5
47,"Drinks ",34,7,4.6,"motorcycle",0,"No","Urban","Stormy","Medium",1,"N",5
23,"Buffet ",20,12,4.5,"motorcycle",1,"No","Metropolitan","Cloudy","Jam ",0,"N",10
28,"Buffet ",39,18,4.8,"motorcycle",0,"No","Metropolitan","Sunny","Jam ",1,"N",10
17,"Buffet ",33,18,4.9,"motorcycle",1,"No","Metropolitan","Stormy","Jam ",1,"N",10
19,"Drinks ",26,9,4.5,"scooter",0,"No","Metropolitan","Stormy","Medium",0,"N",15
13,"Buffet ",26,22,5,"scooter",1,"No","Metropolitan","Stormy","High ",0,"N",15
15,"Drinks ",22,18,4.7,"scooter",1,"No","Metropolitan","Sandstorms","Low ",0,"Y",10
23,"Buffet ",28,23,4.9,"electric_scooter",2,"No","Urban","Sandstorms","Medium",1,"N",15
19,"Buffet ",27,23,4.5,"electric_scooter",2,"No","Urban","Sandstorms","Low ",1,"N",15
25,"Meal ",38,9,4.7,"scooter",0,"No","Metropolitan","Fog","High ",1,"N",5
18,"Meal ",24,2,4.5,"motorcycle",1,"No","Metropolitan","Stormy","Jam ",1,"N",5
14,"Drinks ",22,3,4.5,"motorcycle",2,"No","Urban","Sandstorms","Jam",1,"Y",15
17,"Snack ",27,22,4.5,"scooter",2,"No","Metropolitan","Sunny","Medium",1,"N",15
19,"Meal ",27,21,4.8,"scooter",2,"No","Metropolitan","Sunny","Low",1,"N",5
18,"Meal ",21,14,4.5,"scooter",0,"No","Metropolitan","Sunny","Jam ",1,"N",10
32,"Meal ",23,4,4.4,"electric_scooter",2,"No","Urban","Windy","Jam",1,"Y",15
30,"Meal ",26,6,4.7,"motorcycle",2,"No","Metropolitan","Cloudy","Jam ",1,"N",5
33,"Meal ",25,13,4,"scooter",2,"No","Semi-Urban","Fog","Medium",1,"N",15
14,"Drinks ",28,3,4.5,"electric_scooter",1,"No","Urban","Fog","Medium",1,"N",5
53,"Buffet ",21,5,4.5,"electric_scooter",0,"Yes","Urban","Sunny","Jam",0,"N",5
19,"Snack ",39,7,4.8,"electric_scooter",2,"No","Metropolitan","Sandstorms","Jam ",0,"N",5
35,"Snack ",31,3,3.6,"scooter",1,"No","Metropolitan","Stormy","Jam ",0,"Y",5
23,"Snack ",37,22,4.7,"motorcycle",1,"No","Metropolitan","Fog","Jam ",1,"Y",15
20,"Snack ",25,16,4.9,"motorcycle",1,"No","Urban","Stormy","Jam",1,"N",5
44,"Snack ",31,9,4.6,"motorcycle",0,"No","Metropolitan","Fog","Low ",0,"N",30
23,"Drinks ",29,12,5,"motorcycle",0,"No","Urban","Sunny","Medium",0,"N",5
44,"Meal ",26,17,4.1,"motorcycle",0,"No","Metropolitan","Sandstorms","Medium",1,"Y",15
39,"Buffet ",29,21,4.4,"motorcycle",0,"No","Metropolitan","Windy","High ",1,"N",10
31,"Drinks ",22,1,4,"scooter",0,"No","Metropolitan","Stormy","Low ",0,"Y",10
12,"Drinks ",30,15,4.6,"scooter",2,"No","Semi-Urban","Sunny","Medium",1,"N",15
31,"Buffet ",23,22,5,"scooter",1,"No","Semi-Urban","Fog","Jam",1,"Y",10
14,"Buffet ",22,16,4.6,"motorcycle",1,"No","Urban","Stormy","Low",1,"N",5
38,"Snack ",31,3,4,"electric_scooter",1,"No","Metropolitan","Cloudy","Jam",2,"N",15
23,"Meal ",25,21,4.9,"scooter",1,"No","Metropolitan","Sunny","Low ",1,"Y",5
12,"Drinks ",37,5,4.5,"motorcycle",0,"No","Metropolitan","Sunny","Low",0,"N",5
22,"Snack ",22,19,4.9,"motorcycle",0,"No","Metropolitan","Sunny","Jam ",1,"Y",15
31,"Buffet ",22,3,3.9,"motorcycle",2,"No","Metropolitan","Sandstorms","Jam",1,"N",10
15,"Snack ",20,18,4.7,"electric_scooter",1,"No","Urban","Stormy","Low",1,"N",5
17,"Buffet ",36,22,4.8,"motorcycle",1,"No","Urban","Fog","Low",1,"N",5
28,"Buffet ",38,22,4.6,"scooter",1,"No","Urban","Stormy","Jam",1,"N",5
33,"Snack ",37,17,4,"electric_scooter",2,"No","Urban","Fog","High ",1,"N",10
18,"Buffet ",39,22,4.8,"motorcycle",1,"No","Metropolitan","Sunny","Medium",1,"Y",10
23,"Buffet ",29,17,4.8,"scooter",2,"No","Metropolitan","Sunny","High ",1,"N",5
15,"Buffet ",26,23,4.9,"motorcycle",2,"No","Metropolitan","Sunny","Low ",0,"Y",15
19,"Drinks ",30,23,4.9,"scooter",1,"No","Urban","Sandstorms","Medium",1,"N",15
15,"Drinks ",39,18,4.6,"motorcycle",1,"No","Urban","Fog","Low",1,"N",5
17,"Meal ",28,6,4.6,"electric_scooter",1,"No","Metropolitan","Windy","Low ",1,"Y",5
39,"Drinks ",27,3,4.5,"motorcycle",2,"No","Semi-Urban","Sandstorms","Jam ",1,"N",5
28,"Meal ",31,21,4.9,"motorcycle",0,"No","Semi-Urban","Stormy","Jam ",1,"Y",5
39,"Meal ",38,5,4.7,"electric_scooter",2,"No","Metropolitan","Sandstorms","Jam ",2,"N",15
21,"Snack ",31,17,4.3,"scooter",0,"No","Metropolitan","Stormy","Low ",1,"N",5
22,"Buffet ",39,8,5,"motorcycle",1,"No","Metropolitan","Stormy","Low ",1,"N",15
25,"Drinks ",39,6,4.8,"motorcycle",1,"No","Urban","Windy","Low ",1,"N",5
32,"Drinks ",25,11,3.9,"electric_scooter",2,"No","Metropolitan","Stormy","Low ",1,"Y",5
22,"Meal ",22,23,4.4,"motorcycle",0,"No","Semi-Urban","Sandstorms","Low ",1,"N",15
31,"Meal ",36,3,4,"scooter",2,"No","Metropolitan","Cloudy","Medium",1,"Y",5
21,"Snack ",27,18,4.9,"scooter",0,"No","Metropolitan","Fog","High ",0,"Y",15
12,"Snack ",34,4,5,"electric_scooter",2,"No","Semi-Urban","Stormy","Medium",0,"Y",10
12,"Buffet ",21,4,4.7,"motorcycle",1,"No","Metropolitan","Sandstorms","Low ",0,"N",10
29,"Meal ",21,22,4.8,"electric_scooter",1,"No","Urban","Sandstorms","Low",1,"N",15
22,"Snack ",37,22,4.7,"electric_scooter",0,"No","Urban","Fog","Low",0,"N",10
24,"Drinks ",25,9,4.7,"electric_scooter",1,"No","Urban","Sunny","Medium",1,"N",15
33,"Meal ",29,1,4.1,"motorcycle",2,"No","Metropolitan","Fog","Medium",0,"N",15
12,"Meal ",21,12,4.7,"motorcycle",1,"No","Metropolitan","Sandstorms","Low ",0,"Y",10
29,"Drinks ",32,15,4.7,"motorcycle",1,"No","Urban","Windy","Medium",0,"N",15
39,"Drinks ",20,13,4.1,"motorcycle",0,"No","Metropolitan","Sandstorms","Jam ",1,"N",10
14,"Meal ",28,19,4.8,"motorcycle",1,"No","Urban","Stormy","High",0,"N",5
48,"Meal ",27,5,4.9,"electric_scooter",0,"No","Metropolitan","Fog","Jam ",1,"N",5
20,"Snack ",38,19,4.8,"scooter",1,"No","Metropolitan","Windy","Low ",0,"N",10
26,"Snack ",21,18,4.6,"scooter",1,"No","Urban","Stormy","Medium",1,"N",5
11,"Drinks ",38,19,4.6,"electric_scooter",2,"No","Urban","Sandstorms","Jam",1,"N",15
16,"Snack ",22,15,4.7,"scooter",1,"No","Semi-Urban","Sandstorms","Medium",1,"N",5
18,"Meal ",24,21,5,"motorcycle",2,"No","Urban","Sunny","Low",0,"N",15
25,"Meal ",30,19,4.9,"motorcycle",0,"No","Semi-Urban","Cloudy","Medium",1,"N",15
24,"Meal ",39,4,4.2,"motorcycle",0,"No","Metropolitan","Stormy","Low ",1,"N",10
25,"Meal ",27,4,4.5,"scooter",0,"No","Metropolitan","Sunny","Medium",1,"Y",10
19,"Buffet ",20,16,4.9,"motorcycle",0,"No","Semi-Urban","Fog","Low ",1,"Y",15
14,"Meal ",34,21,4.5,"motorcycle",0,"No","Metropolitan","Sunny","Low ",1,"N",5
22,"Buffet ",37,16,4.9,"motorcycle",0,"No","Metropolitan","Stormy","High ",1,"N",10
26,"Meal ",29,9,4.6,"electric_scooter",1,"No","Semi-Urban","Windy","High ",1,"N",5
19,"Buffet ",32,15,4.7,"scooter",1,"No","Metropolitan","Sandstorms","Low ",1,"Y",15
23,"Snack ",24,21,4.8,"scooter",2,"No","Metropolitan","Stormy","Medium",1,"N",15
42,"Drinks ",20,18,4.6,"scooter",2,"No","Metropolitan","Fog","Jam ",0,"Y",15
23,"Drinks ",23,13,5,"motorcycle",0,"No","Metropolitan","Fog","Low ",0,"N",5
17,"Snack ",38,22,4.8,"motorcycle",1,"No","Metropolitan","Fog","Low ",1,"Y",5
18,"Drinks ",32,5,4.9,"scooter",2,"No","Urban","Fog","Medium",1,"N",5
19,"Snack ",27,22,4.6,"motorcycle",0,"No","Urban","Sunny","Low",0,"N",15
38,"Buffet ",38,18,4.3,"motorcycle",0,"No","Metropolitan","Sandstorms","Medium",0,"Y",5
29,"Snack ",24,8,4.8,"scooter",0,"No","Metropolitan","Stormy","Jam ",1,"N",5
50,"Snack ",38,15,4.6,"motorcycle",0,"Yes","Metropolitan","Windy","Jam",2,"Y",10
15,"Buffet ",28,23,4.5,"scooter",2,"No","Metropolitan","Cloudy","Low ",0,"N",5
42,"Meal ",31,6,4.7,"motorcycle",0,"No","Urban","Fog","Jam",1,"Y",10
14,"Drinks ",21,19,4.5,"motorcycle",2,"No","Urban","Sandstorms","Jam ",0,"N",5
27,"Drinks ",24,7,4.8,"scooter",1,"No","Metropolitan","Fog","Low ",0,"N",5
20,"Buffet ",36,23,5,"motorcycle",2,"No","Metropolitan","Cloudy","High ",1,"N",15
27,"Meal ",32,23,4.8,"motorcycle",1,"No","Metropolitan","Sandstorms","Jam ",1,"N",10
27,"Meal ",24,23,4.9,"electric_scooter",0,"No","Metropolitan","Sunny","Medium",1,"Y",5
17,"Meal ",28,17,4.6,"electric_scooter",0,"No","Urban","Windy","High",0,"N",5
11,"Snack ",28,18,4.6,"scooter",1,"No","Urban","Fog","Medium",1,"N",5
36,"Snack ",20,22,4.9,"motorcycle",2,"No","Urban","Fog","Medium",1,"Y",5
13,"Snack ",35,18,4.9,"motorcycle",0,"No","Semi-Urban","Sunny","Low ",1,"N",5
32,"Snack ",35,4,4.8,"electric_scooter",0,"No","Metropolitan","Stormy","Medium",0,"N",5
34,"Buffet ",26,18,4.6,"motorcycle",1,"No","Metropolitan","Windy","Medium",2,"N",15
42,"Drinks ",29,5,4.2,"electric_scooter",1,"No","Urban","Cloudy","Medium",2,"Y",10
18,"Drinks ",24,14,4.5,"motorcycle",0,"No","Urban","Sandstorms","Jam ",1,"Y",5
19,"Drinks ",23,21,4.8,"electric_scooter",1,"No","Metropolitan","Fog","Medium",1,"N",15
32,"Snack ",24,15,4.8,"electric_scooter",0,"No","Metropolitan","Stormy","Medium",1,"Y",15
16,"Drinks ",34,18,4.9,"motorcycle",1,"No","Metropolitan","Fog","Low ",0,"Y",5
25,"Buffet ",26,9,4.7,"scooter",0,"No","Metropolitan","Sunny","Low ",0,"Y",15
23,"Snack ",22,8,4.8,"motorcycle",0,"No","Metropolitan","Fog","Low ",1,"Y",10
17,"Buffet ",33,15,4.8,"electric_scooter",1,"No","Metropolitan","Stormy","Medium",0,"N",10
44,"Snack ",22,9,4.8,"motorcycle",0,"No","Metropolitan","Sunny","Jam ",1,"Y",10
33,"Drinks ",24,3,4.1,"motorcycle",1,"No","Metropolitan","Cloudy","Jam ",2,"N",15
29,"Snack ",25,5,5,"scooter",2,"No","Metropolitan","Fog","High ",1,"Y",10
28,"Drinks ",24,14,4.7,"electric_scooter",2,"No","Metropolitan","Sandstorms","High ",0,"Y",10
28,"Drinks ",34,6,4.6,"electric_scooter",2,"No","Semi-Urban","Windy","Jam ",0,"N",15
32,"Snack ",23,3,4.4,"scooter",1,"No","Semi-Urban","Cloudy","Medium",0,"N",15
53,"Buffet ",30,2,4.5,"scooter",0,"Yes","Semi-Urban","Fog","Jam ",3,"Y",5
28,"Snack ",33,21,4.6,"electric_scooter",1,"No","Urban","Fog","Jam",0,"N",10
26,"Buffet ",21,18,4.6,"motorcycle",0,"No","Metropolitan","Fog","Low ",1,"N",15
36,"Drinks ",22,23,4.5,"motorcycle",0,"No","Metropolitan","Fog","Medium",1,"N",15
22,"Meal ",39,21,4.9,"motorcycle",1,"No","Urban","Windy","Medium",1,"Y",5
40,"Buffet ",39,20,4,"scooter",2,"No","Urban","Stormy","Medium",2,"Y",5
13,"Buffet ",27,15,4.7,"scooter",1,"No","Urban","Fog","Medium",0,"Y",15
30,"Snack ",32,23,4.7,"electric_scooter",2,"No","Urban","Stormy","Jam",1,"Y",5
19,"Buffet ",36,9,4.8,"scooter",1,"No","Semi-Urban","Fog","Low ",1,"Y",10
19,"Buffet ",37,16,5,"scooter",1,"No","Metropolitan","Sunny","Medium",1,"N",15
26,"Drinks ",29,9,4.6,"electric_scooter",2,"No","Metropolitan","Stormy","Low ",1,"N",10
37,"Drinks ",33,4,4.3,"electric_scooter",2,"No","Urban","Fog","Low",1,"N",5
22,"Buffet ",20,22,4.9,"motorcycle",2,"No","Urban","Sandstorms","Low",1,"N",15
15,"Meal ",22,16,4.6,"electric_scooter",2,"No","Urban","Sunny","Jam ",0,"N",10
11,"Meal ",27,16,4.6,"electric_scooter",2,"No","Urban","Sandstorms","Low ",0,"N",10
26,"Meal ",34,9,4.8,"electric_scooter",2,"No","Metropolitan","Windy","Medium",1,"N",10
42,"Snack ",37,16,4.1,"scooter",2,"No","Urban","Stormy","Jam",0,"N",15
24,"Drinks ",21,11,4,"scooter",0,"No","Metropolitan","Windy","Low ",0,"N",10
15,"Buffet ",37,19,4.6,"scooter",2,"No","Metropolitan","Sunny","Jam ",1,"Y",5
26,"Meal ",24,18,4.9,"motorcycle",1,"No","Metropolitan","Stormy","High ",0,"N",15
18,"Buffet ",20,19,4.8,"motorcycle",2,"No","Urban","Sandstorms","Jam ",1,"Y",10
16,"Drinks ",33,21,4.7,"motorcycle",1,"No","Metropolitan","Cloudy","Low ",1,"N",15
17,"Drinks ",25,13,5,"motorcycle",1,"No","Metropolitan","Stormy","Medium",1,"Y",10
42,"Meal ",21,19,4.1,"motorcycle",0,"No","Semi-Urban","Windy","High ",0,"Y",5
11,"Snack ",39,18,4.7,"scooter",2,"No","Urban","Sandstorms","Low",0,"N",15
22,"Drinks ",28,23,4.7,"motorcycle",2,"No","Metropolitan","Stormy","Medium",1,"Y",10
14,"Drinks ",37,15,5,"motorcycle",1,"No","Semi-Urban","Sunny","Jam ",1,"N",5
32,"Meal ",33,16,4,"scooter",2,"No","Semi-Urban","Windy","High ",1,"N",15
40,"Snack ",31,22,4.7,"electric_scooter",2,"No","Urban","Fog","Medium",1,"N",15
30,"Meal ",38,9,5,"scooter",2,"No","Urban","Fog","Jam ",1,"N",15
30,"Buffet ",24,23,4.6,"electric_scooter",0,"No","Urban","Windy","Jam",1,"N",15
33,"Meal ",25,11,4,"motorcycle",0,"No","Metropolitan","Stormy","Low ",1,"N",15
16,"Meal ",26,17,5,"electric_scooter",1,"No","Metropolitan","Sunny","Low ",1,"N",30
13,"Buffet ",25,15,4.8,"scooter",1,"No","Urban","Stormy","Low",0,"N",5
16,"Snack ",33,13,4.9,"scooter",2,"No","Metropolitan","Fog","Low ",1,"Y",10
31,"Snack ",35,13,4.2,"motorcycle",2,"No","Metropolitan","Cloudy","Jam ",1,"N",15
32,"Snack ",28,5,4.1,"motorcycle",1,"No","Metropolitan","Stormy","Jam ",0,"N",10
29,"Buffet ",23,3,4.9,"motorcycle",2,"No","Urban","Fog","High ",0,"N",5
14,"Snack ",38,19,5,"motorcycle",2,"No","Urban","Stormy","Low",0,"N",25
26,"Buffet ",24,19,4.5,"motorcycle",1,"No","Metropolitan","Windy","Jam ",1,"Y",5
32,"Drinks ",35,1,4.6,"motorcycle",0,"No","Semi-Urban","Windy","Medium",0,"N",5
27,"Snack ",26,16,4.7,"motorcycle",1,"No","Metropolitan","Stormy","Low ",0,"Y",5
27,"Meal ",21,16,4.8,"electric_scooter",2,"No","Metropolitan","Sandstorms","Jam ",1,"Y",10
19,"Snack ",29,18,5,"motorcycle",2,"No","Metropolitan","Sunny","Medium",0,"N",5
20,"Buffet ",36,13,5,"scooter",2,"No","Metropolitan","Sunny","High ",1,"N",5
26,"Buffet ",31,14,4.5,"motorcycle",0,"No","Metropolitan","Sandstorms","Medium",1,"N",10
18,"Snack ",24,23,4.6,"motorcycle",0,"No","Urban","Fog","Low",1,"N",5
26,"Buffet ",37,23,4.7,"scooter",2,"No","Metropolitan","Windy","Jam ",0,"N",5
20,"Buffet ",31,17,4.8,"electric_scooter",2,"No","Metropolitan","Sunny","Jam ",1,"N",15
38,"Meal ",36,23,4.5,"scooter",1,"No","Metropolitan","Windy","Medium",1,"N",5
18,"Drinks ",25,5,4.6,"scooter",2,"No","Metropolitan","Sandstorms","Jam ",1,"N",15
21,"Drinks ",28,12,4.9,"motorcycle",0,"No","Urban","Sunny","Low ",1,"N",10
19,"Meal ",38,8,4.6,"motorcycle",1,"No","Semi-Urban","Fog","Low ",1,"N",25
22,"Drinks ",36,9,4.6,"motorcycle",0,"No","Metropolitan","Sunny","Medium",1,"N",15
10,"Drinks ",26,15,4.8,"motorcycle",1,"No","Metropolitan","Sunny","Jam",0,"N",15
18,"Drinks ",27,16,4.8,"scooter",2,"No","Metropolitan","Windy","Low ",0,"N",5
23,"Buffet ",27,13,4.9,"scooter",1,"No","Metropolitan","Sunny","Low ",1,"N",5
14,"Meal ",38,15,4.8,"motorcycle",2,"No","Urban","Cloudy","Medium",1,"Y",10
16,"Buffet ",26,21,4.6,"motorcycle",1,"No","Urban","Sandstorms","Jam",1,"Y",10
11,"Meal ",24,17,4.9,"scooter",1,"No","Urban","Stormy","Low",1,"N",15
29,"Snack ",35,5,4.5,"scooter",2,"No","Semi-Urban","Stormy","Low ",1,"N",15
23,"Meal ",27,22,5,"scooter",2,"No","Semi-Urban","Sunny","Medium",1,"Y",5
33,"Meal ",20,15,4.7,"scooter",1,"No","Metropolitan","Cloudy","Medium",1,"N",10
34,"Buffet ",22,7,4.9,"motorcycle",0,"No","Metropolitan","Cloudy","Jam ",1,"N",15
24,"Meal ",30,23,4.8,"electric_scooter",0,"No","Metropolitan","Sunny","Low ",1,"N",5
37,"Drinks ",32,13,4.4,"motorcycle",1,"No","Metropolitan","Sandstorms","Jam ",2,"N",5
28,"Drinks ",38,16,4.9,"electric_scooter",2,"No","Urban","Stormy","Jam",1,"N",10
23,"Snack ",37,4,4.7,"electric_scooter",2,"No","Urban","Windy","Jam ",1,"N",10
21,"Drinks ",21,3,4.5,"motorcycle",0,"No","Urban","Stormy","Low",1,"N",25
17,"Snack ",24,17,4.9,"scooter",1,"No","Metropolitan","Fog","Low ",1,"Y",10
22,"Drinks ",30,23,4.8,"electric_scooter",0,"No","Metropolitan","Fog","Low ",1,"Y",5
23,"Buffet ",38,13,4.6,"motorcycle",1,"No","Metropolitan","Stormy","Medium",0,"N",10
25,"Drinks ",31,21,4.7,"electric_scooter",2,"No","Urban","Windy","Jam ",1,"N",5
20,"Buffet ",21,22,4.9,"scooter",1,"No","Metropolitan","Stormy","Low ",0,"N",5
22,"Buffet ",34,3,4.6,"motorcycle",0,"No","Metropolitan","Cloudy","Low ",1,"N",15
27,"Drinks ",33,18,4.6,"scooter",1,"No","Semi-Urban","Stormy","Jam ",1,"N",10
28,"Snack ",39,23,4.9,"scooter",2,"No","Semi-Urban","Sandstorms","Medium",0,"N",15
22,"Meal ",34,3,4.2,"electric_scooter",0,"No","Urban","Stormy","Low",1,"Y",10
29,"Meal ",24,3,4,"motorcycle",0,"No","Urban","Windy","Low",1,"N",30
18,"Snack ",38,16,4.8,"motorcycle",2,"No","Urban","Sandstorms","Low",1,"N",5
44,"Snack ",27,16,4.8,"scooter",0,"No","Metropolitan","Fog","Low ",2,"Y",10
26,"Drinks ",30,23,4.6,"electric_scooter",2,"No","Semi-Urban","Sandstorms","Low ",1,"N",10
30,"Meal ",38,12,4.8,"motorcycle",0,"No","Semi-Urban","Fog","High ",1,"Y",10
21,"Meal ",36,9,4.7,"scooter",0,"No","Urban","Fog","Low ",0,"Y",5
42,"Meal ",37,6,4.2,"motorcycle",2,"No","Urban","Fog","Medium",1,"Y",5
18,"Buffet ",38,5,4.4,"motorcycle",0,"No","Urban","Sandstorms","Low ",0,"N",10
27,"Meal ",39,23,4.6,"motorcycle",2,"No","Semi-Urban","Windy","Low ",1,"N",5
47,"Buffet ",34,22,4.6,"scooter",0,"No","Metropolitan","Stormy","Medium",0,"N",15
24,"Drinks ",25,8,4.2,"motorcycle",0,"No","Metropolitan","Windy","Low ",1,"Y",5
10,"Drinks ",35,21,4.7,"scooter",2,"No","Semi-Urban","Sunny","Low ",0,"Y",15
27,"Meal ",24,21,5,"motorcycle",2,"No","Metropolitan","Sandstorms","High ",1,"N",15
18,"Drinks ",23,3,4.8,"motorcycle",2,"No","Metropolitan","Sunny","Jam",0,"N",10
22,"Snack ",22,6,4.8,"motorcycle",0,"No","Semi-Urban","Sunny","Low ",0,"N",15
39,"Meal ",22,3,2.9,"electric_scooter",1,"No","Metropolitan","Sunny","Low ",1,"N",15
29,"Drinks ",36,6,4.8,"electric_scooter",0,"No","Semi-Urban","Cloudy","Low ",0,"N",5
22,"Snack ",30,15,4.7,"motorcycle",0,"No","Metropolitan","Stormy","Medium",1,"N",10
18,"Meal ",38,3,4,"electric_scooter",0,"No","Metropolitan","Sandstorms","Low ",0,"N",10
16,"Meal ",32,9,4.9,"motorcycle",2,"No","Metropolitan","Sunny","Low ",0,"Y",5
29,"Drinks ",22,14,4.9,"motorcycle",0,"No","Semi-Urban","Stormy","Low ",0,"N",15
15,"Snack ",36,23,4.5,"motorcycle",2,"No","Metropolitan","Cloudy","Low ",0,"N",5
29,"Buffet ",33,15,4.9,"scooter",2,"No","Semi-Urban","Sandstorms","Medium",1,"N",15
43,"Snack ",25,3,4.3,"motorcycle",0,"Yes","Metropolitan","Windy","Jam ",1,"N",5
15,"Snack ",20,2,4.6,"scooter",2,"No","Semi-Urban","Cloudy","Medium",0,"N",5
22,"Buffet ",35,21,4.6,"electric_scooter",1,"No","Metropolitan","Sunny","Jam ",1,"N",15
30,"Snack ",25,21,4.6,"scooter",2,"No","Urban","Stormy","Jam",1,"Y",15
42,"Meal ",33,2,5,"electric_scooter",1,"No","Metropolitan","Cloudy","Jam ",1,"N",15
34,"Drinks ",27,19,4.7,"electric_scooter",2,"No","Urban","Windy","High",1,"N",5
27,"Snack ",22,14,4.5,"motorcycle",1,"No","Metropolitan","Sunny","Medium",1,"Y",15
17,"Meal ",33,19,4.8,"motorcycle",2,"No","Urban","Stormy","Low",0,"N",15
15,"Snack ",20,21,4.9,"motorcycle",1,"No","Metropolitan","Fog","Low ",0,"Y",10
44,"Drinks ",31,13,5,"scooter",0,"Yes","Urban","Cloudy","Medium",1,"N",5
21,"Snack ",32,17,4.7,"motorcycle",0,"No","Metropolitan","Stormy","Low ",0,"Y",15
41,"Meal ",30,1,4.9,"scooter",0,"No","Metropolitan","Cloudy","Jam ",1,"N",10
16,"Meal ",29,17,4.8,"motorcycle",0,"No","Urban","Sunny","Jam",0,"Y",10
16,"Drinks ",39,3,4.6,"scooter",1,"No","Metropolitan","Fog","Low ",1,"Y",5
36,"Drinks ",30,9,3.5,"scooter",1,"No","Metropolitan","Windy","Jam ",2,"N",15
28,"Buffet ",35,6,4.8,"scooter",2,"No","Metropolitan","Sandstorms","High ",1,"N",10
36,"Drinks ",30,11,4.4,"electric_scooter",0,"No","Metropolitan","Sandstorms","Medium",1,"N",10
25,"Drinks ",37,19,4.8,"electric_scooter",2,"No","Urban","Cloudy","Low",1,"N",5
25,"Drinks ",37,9,4.6,"motorcycle",0,"No","Urban","Cloudy","Medium",1,"Y",15
26,"Drinks ",29,9,4.6,"electric_scooter",2,"No","Metropolitan","Stormy","Low ",1,"N",10
17,"Meal ",24,19,4.9,"motorcycle",1,"No","Metropolitan","Sunny","Medium",1,"N",5
17,"Drinks ",30,19,4.9,"motorcycle",1,"No","Urban","Sunny","Low",1,"N",10
26,"Meal ",39,23,4.6,"scooter",2,"No","Metropolitan","Fog","Medium",1,"Y",10
21,"Snack ",25,17,4.8,"electric_scooter",2,"No","Urban","Windy","Medium",1,"Y",10
17,"Meal ",24,23,4.8,"electric_scooter",2,"No","Metropolitan","Fog","Low ",1,"N",5
26,"Drinks ",24,18,4.9,"scooter",0,"No","Metropolitan","Sandstorms","Jam ",1,"N",15
23,"Meal ",22,21,4.5,"scooter",1,"No","Semi-Urban","Stormy","Jam ",1,"N",5
31,"Drinks ",21,3,4.5,"motorcycle",1,"No","Metropolitan","Sunny","Jam ",1,"N",5
22,"Drinks ",34,23,4.9,"electric_scooter",0,"No","Metropolitan","Fog","Low ",0,"N",10
35,"Buffet ",29,6,4,"electric_scooter",0,"No","Metropolitan","Stormy","High ",1,"Y",10
17,"Drinks ",35,9,4.5,"motorcycle",1,"No","Metropolitan","Sandstorms","Low ",1,"Y",5
35,"Buffet ",31,11,4.5,"scooter",0,"No","Metropolitan","Cloudy","Jam ",1,"N",10
25,"Snack ",32,23,4.9,"electric_scooter",1,"No","Urban","Fog","Medium",0,"Y",10
25,"Drinks ",33,23,4.7,"scooter",1,"No","Metropolitan","Stormy","High ",1,"N",10
39,"Snack ",34,19,4.3,"scooter",2,"No","Semi-Urban","Stormy","Jam ",2,"Y",5
30,"Meal ",33,7,4.7,"electric_scooter",1,"No","Metropolitan","Fog","Medium",1,"N",5
26,"Buffet ",31,22,4.8,"scooter",0,"No","Metropolitan","Fog","Low ",1,"Y",10
24,"Drinks ",21,17,4.9,"motorcycle",0,"No","Metropolitan","Cloudy","Low ",1,"N",25
36,"Drinks ",32,4,4,"scooter",2,"No","Metropolitan","Sunny","Medium",1,"Y",15
25,"Buffet ",24,22,4.8,"scooter",2,"No","Semi-Urban","Stormy","Medium",1,"Y",15
21,"Drinks ",36,19,4.9,"motorcycle",1,"No","Metropolitan","Stormy","Jam ",1,"N",15
29,"Snack ",38,15,4.6,"scooter",1,"No","Metropolitan","Sandstorms","Jam ",1,"Y",5
18,"Buffet ",23,23,4.7,"scooter",2,"No","Metropolitan","Sunny","Low ",1,"N",15
19,"Buffet ",29,15,4.7,"scooter",1,"No","Urban","Sunny","Low",1,"N",10
13,"Snack ",23,22,4.9,"scooter",0,"No","Metropolitan","Sunny","Low ",0,"N",5
15,"Buffet ",23,18,4.6,"motorcycle",1,"No","Urban","Stormy","Jam",1,"N",5
40,"Snack ",37,23,4.8,"motorcycle",2,"Yes","Metropolitan","Cloudy","Jam ",1,"N",10
17,"Snack ",36,16,4.6,"motorcycle",2,"No","Metropolitan","Fog","Low ",0,"N",10
24,"Snack ",32,19,4.7,"scooter",1,"No","Metropolitan","Sunny","Medium",1,"N",5
30,"Drinks ",33,9,4.9,"scooter",2,"No","Semi-Urban","Windy","High ",1,"N",15
48,"Buffet ",20,15,4.6,"motorcycle",0,"No","Metropolitan","Sandstorms","Medium",1,"N",15
34,"Snack ",36,19,4.6,"scooter",0,"No","Urban","Sandstorms","Medium",1,"Y",10
33,"Meal ",38,13,4.8,"motorcycle",2,"No","Metropolitan","Cloudy","Jam ",1,"N",15
42,"Buffet ",23,15,4.6,"scooter",0,"Yes","Urban","Fog","Low",2,"N",15
29,"Snack ",36,9,4.8,"motorcycle",2,"No","Metropolitan","Windy","Low ",1,"Y",10
24,"Drinks ",24,21,4.9,"motorcycle",2,"No","Urban","Windy","Jam",1,"N",15
15,"Buffet ",39,13,4.7,"motorcycle",1,"No","Metropolitan","Fog","Low ",1,"N",15
32,"Drinks ",25,2,4.4,"electric_scooter",1,"No","Urban","Windy","Jam",1,"N",15
25,"Drinks ",27,14,5,"electric_scooter",1,"No","Semi-Urban","Sunny","Medium",1,"N",15
24,"Drinks ",33,23,5,"scooter",2,"No","Metropolitan","Windy","Medium",1,"Y",15
23,"Snack ",29,3,4.8,"motorcycle",0,"No","Urban","Cloudy","Low",1,"Y",15
29,"Drinks ",23,18,4.7,"scooter",1,"No","Urban","Windy","Low",0,"Y",5
23,"Drinks ",31,8,4.6,"motorcycle",2,"No","Metropolitan","Sandstorms","Low ",1,"N",15
23,"Snack ",21,19,4.5,"motorcycle",0,"No","Metropolitan","Cloudy","Low ",0,"Y",5
23,"Buffet ",27,21,5,"electric_scooter",2,"No","Metropolitan","Sandstorms","Jam ",1,"Y",15
11,"Meal ",32,17,4.7,"motorcycle",1,"No","Urban","Stormy","Low",1,"N",15
28,"Snack ",24,18,4.8,"motorcycle",2,"No","Semi-Urban","Windy","Jam ",0,"N",5
21,"Drinks ",25,23,4.9,"electric_scooter",1,"No","Metropolitan","Stormy","Low ",1,"N",15
21,"Snack ",25,23,4.7,"scooter",1,"No","Metropolitan","Sandstorms","Low ",0,"Y",10
41,"Buffet ",22,9,2.8,"motorcycle",1,"No","Metropolitan","Sunny","Low ",1,"Y",15
26,"Buffet ",28,14,4.6,"motorcycle",2,"No","Metropolitan","Sunny","Jam ",1,"Y",10
31,"Meal ",24,15,4.7,"scooter",2,"No","Urban","Sandstorms","High",0,"N",15
38,"Buffet ",30,12,4.1,"scooter",1,"No","Metropolitan","Fog","Medium",1,"N",5
31,"Drinks ",20,18,4.8,"motorcycle",0,"No","Urban","Stormy","High",1,"Y",10
25,"Meal ",30,22,4.6,"scooter",1,"No","Metropolitan","Windy","Jam ",1,"N",15
28,"Buffet ",21,18,4.7,"scooter",2,"No","Metropolitan","Fog","Jam ",1,"Y",10
19,"Drinks ",24,18,4.8,"scooter",1,"No","Urban","Cloudy","Low",0,"N",10
26,"Drinks ",22,2,4.6,"motorcycle",1,"No","Metropolitan","Sandstorms","Medium",0,"N",5
15,"Drinks ",22,16,4.7,"electric_scooter",1,"No","Urban","Stormy","Medium",1,"N",10
29,"Snack ",32,15,4.7,"scooter",1,"No","Semi-Urban","Cloudy","Jam ",1,"N",15
42,"Meal ",35,23,4.4,"electric_scooter",2,"Yes","Metropolitan","Cloudy","Jam ",2,"N",15
32,"Snack ",21,16,4.6,"motorcycle",0,"No","Metropolitan","Sunny","Medium",0,"Y",10
18,"Meal ",22,8,4.9,"scooter",2,"No","Metropolitan","Windy","Low ",0,"Y",15
23,"Meal ",27,15,4.7,"motorcycle",2,"No","Metropolitan","Windy","Jam ",0,"N",10
19,"Buffet ",37,19,4.5,"scooter",1,"No","Metropolitan","Fog","Medium",1,"N",5
23,"Drinks ",31,21,4.8,"electric_scooter",0,"No","Metropolitan","Sunny","Low ",0,"N",10
11,"Snack ",37,19,5,"motorcycle",2,"No","Urban","Sunny","Medium",0,"Y",10
25,"Drinks ",30,16,4.8,"motorcycle",0,"No","Urban","Stormy","Jam ",0,"N",5
26,"Meal ",31,15,4.6,"scooter",2,"No","Metropolitan","Windy","Low ",1,"N",10
17,"Drinks ",28,19,4.9,"electric_scooter",1,"No","Urban","Sunny","Medium",1,"Y",15
22,"Snack ",34,7,4.9,"motorcycle",2,"No","Metropolitan","Windy","Jam ",1,"N",10
25,"Meal ",30,13,4.7,"motorcycle",1,"No","Urban","Fog","Low ",1,"N",5
16,"Snack ",24,9,4.7,"electric_scooter",1,"No","Metropolitan","Sandstorms","Jam ",1,"N",15
41,"Drinks ",39,2,3.7,"scooter",1,"Yes","Urban","Sandstorms","Jam ",0,"N",10
10,"Snack ",26,16,4.7,"motorcycle",2,"No","Metropolitan","Sandstorms","Low",1,"Y",10
28,"Buffet ",22,19,4.5,"scooter",1,"No","Metropolitan","Stormy","Medium",1,"N",5
18,"Meal ",29,19,4.9,"motorcycle",1,"No","Metropolitan","Sandstorms","High",0,"N",15
32,"Drinks ",26,22,4.6,"electric_scooter",2,"No","Urban","Fog","High",1,"N",5
24,"Meal ",27,19,5,"motorcycle",0,"No","Metropolitan","Sunny","Medium",1,"N",5
24,"Buffet ",31,2,4.5,"scooter",1,"No","Urban","Sandstorms","Low",0,"N",15
27,"Drinks ",24,21,4.8,"scooter",2,"No","Metropolitan","Fog","Medium",1,"Y",15
31,"Drinks ",36,17,4.9,"scooter",2,"No","Urban","Windy","High ",1,"N",5
18,"Buffet ",26,12,5,"electric_scooter",2,"No","Metropolitan","Stormy","Jam ",1,"N",5
21,"Drinks ",27,15,4.7,"scooter",1,"No","Metropolitan","Sandstorms","Medium",1,"N",10
23,"Buffet ",30,19,4.8,"scooter",1,"No","Urban","Stormy","High",1,"N",15
37,"Buffet ",39,6,4.8,"electric_scooter",0,"No","Urban","Sandstorms","Jam ",1,"Y",15
25,"Drinks ",30,7,4.8,"motorcycle",0,"No","Metropolitan","Fog","Low ",1,"N",5
32,"Snack ",20,23,4.8,"motorcycle",0,"No","Metropolitan","Sunny","High ",1,"Y",10
27,"Snack ",29,21,4.6,"scooter",2,"No","Metropolitan","Windy","Low ",1,"N",15
18,"Drinks ",20,23,4.8,"scooter",1,"No","Urban","Sandstorms","Medium",1,"N",5
25,"Drinks ",27,14,4.7,"electric_scooter",0,"No","Semi-Urban","Stormy","Jam ",1,"Y",10
27,"Snack ",27,21,4.7,"motorcycle",1,"No","Semi-Urban","Stormy","Medium",0,"Y",5
29,"Snack ",33,12,4.5,"motorcycle",2,"No","Metropolitan","Windy","Medium",1,"N",10
34,"Buffet ",22,8,4,"electric_scooter",1,"No","Urban","Sandstorms","Medium",1,"N",15
23,"Meal ",33,22,4.8,"electric_scooter",2,"No","Urban","Stormy","Low",1,"N",15
23,"Buffet ",30,23,4.8,"motorcycle",0,"No","Semi-Urban","Sunny","Medium",1,"N",10
21,"Snack ",21,5,4.7,"scooter",1,"No","Metropolitan","Fog","High",1,"N",15
18,"Meal ",20,16,4.7,"motorcycle",1,"No","Urban","Sandstorms","Jam",0,"N",10
30,"Buffet ",28,22,4.6,"motorcycle",0,"No","Urban","Fog","Jam",1,"N",5
31,"Meal ",27,1,4.1,"motorcycle",0,"No","Metropolitan","Sandstorms","Medium",0,"Y",10
32,"Meal ",37,2,5,"scooter",1,"No","Metropolitan","Sandstorms","Medium",1,"N",5
41,"Drinks ",36,9,4,"electric_scooter",0,"No","Metropolitan","Windy","Jam ",1,"N",5
29,"Meal ",39,9,5,"scooter",2,"No","Metropolitan","Stormy","Jam ",1,"Y",5
35,"Snack ",28,9,4.5,"scooter",0,"No","Metropolitan","Sunny","Medium",0,"N",5
22,"Buffet ",32,23,4.6,"motorcycle",0,"No","Metropolitan","Cloudy","Low ",0,"N",10
23,"Meal ",25,21,4.9,"motorcycle",1,"No","Semi-Urban","Stormy","Low",1,"N",15
24,"Meal ",30,23,4.7,"scooter",0,"No","Urban","Fog","Low",1,"N",5
15,"Snack ",22,19,4.8,"scooter",2,"No","Semi-Urban","Sandstorms","Jam ",0,"Y",10
24,"Meal ",29,17,5,"motorcycle",0,"No","Urban","Sandstorms","Jam",1,"N",15
38,"Buffet ",39,3,3.7,"electric_scooter",2,"No","Urban","Cloudy","Low",0,"Y",15
27,"Snack ",39,16,4.7,"motorcycle",0,"No","Metropolitan","Stormy","Low ",1,"N",10
53,"Meal ",34,11,4.3,"motorcycle",0,"No","Semi-Urban","Windy","Jam ",3,"N",10
32,"Snack ",23,18,5,"electric_scooter",0,"No","Metropolitan","Fog","High ",1,"N",10
24,"Meal ",32,19,5,"electric_scooter",1,"No","Metropolitan","Fog","High ",1,"N",10
24,"Drinks ",20,6,4.5,"motorcycle",0,"No","Urban","Fog","Low",0,"N",5
42,"Drinks ",29,7,4.1,"electric_scooter",2,"No","Metropolitan","Stormy","Jam ",1,"N",5
35,"Drinks ",30,17,4.7,"motorcycle",0,"No","Urban","Windy","High",0,"N",15
34,"Buffet ",35,9,4.6,"scooter",2,"No","Urban","Windy","Medium",0,"N",15
10,"Buffet ",32,23,4.6,"motorcycle",1,"No","Metropolitan","Windy","Jam ",0,"N",10
37,"Snack ",26,12,4.7,"electric_scooter",0,"No","Semi-Urban","Stormy","High ",2,"N",10
14,"Snack ",24,22,4.9,"electric_scooter",2,"No","Urban","Sandstorms","Jam",1,"N",15
41,"Snack ",22,7,3.5,"scooter",1,"Yes","Metropolitan","Sandstorms","Jam ",1,"N",15
36,"Meal ",39,9,4.7,"scooter",2,"No","Semi-Urban","Cloudy","Jam ",0,"N",10
34,"Meal ",37,5,4.2,"motorcycle",2,"No","Metropolitan","Sunny","Jam ",0,"N",5
44,"Drinks ",28,8,4.9,"scooter",0,"No","Metropolitan","Sunny","Jam ",0,"N",15
36,"Snack ",22,21,4.8,"motorcycle",0,"No","Metropolitan","Sandstorms","Medium",1,"N",10
31,"Snack ",22,5,4.8,"motorcycle",1,"No","Metropolitan","Fog","Medium",1,"N",5
23,"Drinks ",26,15,4.8,"motorcycle",0,"No","Semi-Urban","Windy","Low",1,"N",20
46,"Buffet ",35,3,5,"motorcycle",0,"No","Metropolitan","Windy","Jam ",1,"N",10
15,"Snack ",37,23,4.9,"scooter",1,"No","Urban","Windy","Medium",1,"N",5
29,"Buffet ",25,12,4.9,"scooter",2,"No","Metropolitan","Fog","Jam ",0,"N",10
49,"Buffet ",35,5,4.2,"motorcycle",0,"Yes","Metropolitan","Windy","Jam ",3,"Y",15
41,"Snack ",39,10,4.1,"scooter",1,"No","Metropolitan","Stormy","Jam ",2,"N",10
15,"Drinks ",34,22,4.9,"scooter",2,"No","Urban","Sunny","High ",1,"Y",10
28,"Buffet ",35,17,4.5,"electric_scooter",0,"No","Metropolitan","Cloudy","Jam ",1,"N",10
34,"Meal ",25,2,4,"motorcycle",0,"No","Metropolitan","Sandstorms","Low ",1,"Y",30
37,"Snack ",22,22,4.6,"scooter",0,"No","Urban","Fog","Jam",2,"N",10
17,"Buffet ",25,23,4.9,"electric_scooter",2,"No","Metropolitan","Fog","Medium",0,"N",15
34,"Buffet ",39,13,4.1,"motorcycle",2,"No","Urban","Fog","Jam ",1,"N",15
40,"Drinks ",31,3,4.8,"motorcycle",0,"No","Semi-Urban","Fog","Low ",1,"N",10
18,"Snack ",20,13,4.6,"motorcycle",0,"No","Metropolitan","Fog","Low ",0,"N",10
18,"Meal ",22,17,4.6,"scooter",1,"No","Metropolitan","Stormy","High ",1,"N",10
23,"Buffet ",24,23,4.7,"motorcycle",2,"No","Metropolitan","Sandstorms","Medium",1,"Y",5
30,"Meal ",22,4,5,"motorcycle",1,"No","Urban","Windy","High ",1,"N",10
16,"Drinks ",37,22,4.6,"motorcycle",2,"No","Semi-Urban","Sunny","Jam ",0,"Y",10
11,"Meal ",27,16,4.6,"electric_scooter",2,"No","Urban","Sandstorms","Low ",0,"N",10
35,"Meal ",25,3,4,"motorcycle",0,"No","Semi-Urban","Sandstorms","Jam ",1,"Y",5
33,"Meal ",20,12,3.7,"scooter",2,"No","Metropolitan","Fog","Low ",1,"N",5
19,"Drinks ",24,19,4.6,"scooter",2,"No","Urban","Windy","Low",1,"N",5
29,"Snack ",35,1,4.5,"motorcycle",0,"No","Metropolitan","Sandstorms","Jam ",0,"N",15
18,"Snack ",28,13,5,"electric_scooter",2,"No","Semi-Urban","Cloudy","Low ",0,"Y",5
22,"Snack ",36,16,5,"scooter",1,"No","Urban","Sandstorms","Medium",0,"N",15
16,"Snack ",27,18,4.6,"electric_scooter",1,"No","Urban","Stormy","Medium",1,"Y",10
24,"Meal ",24,23,4.8,"motorcycle",1,"No","Urban","Cloudy","Jam ",0,"Y",15
13,"Snack ",39,9,4.9,"scooter",2,"No","Urban","Stormy","Low ",0,"N",15
11,"Buffet ",21,19,4.9,"motorcycle",1,"No","Metropolitan","Sandstorms","Low ",0,"N",10
22,"Meal ",36,19,4.6,"motorcycle",0,"No","Urban","Stormy","Low",1,"Y",5
20,"Meal ",24,18,4.6,"scooter",1,"No","Metropolitan","Windy","Jam",0,"Y",15
24,"Drinks ",30,12,4.9,"motorcycle",2,"No","Metropolitan","Stormy","Medium",1,"N",5
30,"Snack ",29,1,4.6,"scooter",2,"No","Metropolitan","Fog","Jam ",1,"Y",5
40,"Buffet ",34,4,4.4,"electric_scooter",2,"No","Semi-Urban","Sandstorms","Jam ",1,"N",10
31,"Snack ",30,2,4,"scooter",1,"No","Metropolitan","Windy","Medium",1,"N",15
43,"Meal ",36,5,4.1,"motorcycle",1,"Yes","Metropolitan","Cloudy","Jam ",1,"N",5
18,"Snack ",29,7,4.6,"electric_scooter",2,"No","Metropolitan","Sunny","Jam ",1,"N",5
31,"Buffet ",31,21,4.4,"scooter",1,"No","Metropolitan","Windy","Medium",1,"N",15
26,"Drinks ",27,23,4.8,"electric_scooter",0,"No","Metropolitan","Sunny","High ",0,"N",15
42,"Meal ",23,9,5,"scooter",1,"No","Metropolitan","Cloudy","Jam ",2,"Y",15
15,"Meal ",39,5,4.5,"motorcycle",0,"No","Semi-Urban","Sunny","Low ",0,"N",10
26,"Meal ",39,18,4.9,"motorcycle",0,"No","Urban","Cloudy","Low",1,"N",15
40,"Buffet ",23,12,5,"motorcycle",0,"No","Metropolitan","Stormy","Medium",1,"N",5
31,"Buffet ",30,6,4.2,"scooter",2,"No","Metropolitan","Sandstorms","Jam ",1,"N",15
35,"Snack ",39,15,4.3,"motorcycle",0,"No","Metropolitan","Windy","Jam ",1,"N",10
27,"Drinks ",28,16,4.9,"scooter",1,"No","Metropolitan","Stormy","Medium",0,"N",10
36,"Drinks ",24,16,4.8,"motorcycle",0,"No","Metropolitan","Stormy","Jam",1,"Y",5
18,"Snack ",28,23,5,"motorcycle",2,"No","Metropolitan","Cloudy","Low ",1,"N",5
22,"Buffet ",34,23,4.7,"electric_scooter",2,"No","Urban","Stormy","Low",1,"Y",10
19,"Buffet ",22,14,4.5,"electric_scooter",2,"No","Semi-Urban","Sunny","Medium",1,"N",5
11,"Snack ",30,15,5,"scooter",1,"No","Urban","Sunny","Low",0,"N",10
16,"Meal ",20,17,4.8,"scooter",2,"No","Metropolitan","Sandstorms","Jam ",1,"N",10
37,"Buffet ",35,15,4.3,"motorcycle",2,"No","Semi-Urban","Fog","Medium",1,"N",5
19,"Meal ",25,23,4.8,"motorcycle",2,"No","Metropolitan","Cloudy","Medium",1,"N",5
27,"Snack ",28,6,4.8,"motorcycle",1,"No","Metropolitan","Sandstorms","Jam ",0,"N",10
16,"Buffet ",20,9,4.8,"scooter",1,"No","Semi-Urban","Sunny","Low ",0,"Y",5
28,"Buffet ",28,22,4.8,"electric_scooter",1,"No","Metropolitan","Sandstorms","Medium",1,"Y",15
30,"Snack ",22,23,4.6,"motorcycle",0,"No","Urban","Sandstorms","Jam ",0,"N",10
36,"Drinks ",37,19,4.8,"electric_scooter",2,"No","Metropolitan","Cloudy","Jam ",0,"N",15
31,"Drinks ",20,17,3.6,"scooter",2,"No","Semi-Urban","Stormy","Jam ",1,"N",5
29,"Snack ",27,9,4.9,"motorcycle",0,"No","Urban","Stormy","High ",0,"N",15
23,"Meal ",32,18,4.9,"motorcycle",1,"No","Semi-Urban","Sandstorms","Medium",1,"N",5
29,"Drinks ",23,18,4.7,"scooter",2,"No","Metropolitan","Windy","Medium",0,"N",15
28,"Buffet ",33,16,4.9,"scooter",2,"No","Metropolitan","Stormy","Jam ",1,"N",5
36,"Buffet ",39,9,4.1,"motorcycle",0,"No","Metropolitan","Sandstorms","Jam ",1,"N",15
26,"Buffet ",25,7,4.8,"electric_scooter",2,"No","Metropolitan","Sandstorms","High ",1,"N",5
36,"Snack ",33,5,4.6,"motorcycle",2,"No","Metropolitan","Fog","Medium",0,"N",5
12,"Snack ",34,13,4.7,"electric_scooter",2,"No","Metropolitan","Stormy","Low ",0,"Y",5
19,"Drinks ",28,15,4.7,"motorcycle",2,"No","Urban","Fog","Medium",0,"N",10
20,"Buffet ",22,14,4.8,"scooter",2,"No","Semi-Urban","Sandstorms","Jam ",0,"Y",5
20,"Meal ",27,9,4.6,"scooter",1,"No","Metropolitan","Windy","Low ",1,"N",5
27,"Meal ",27,5,4.6,"electric_scooter",1,"No","Urban","Stormy","Jam ",0,"N",10
31,"Snack ",30,4,4.1,"electric_scooter",1,"No","Semi-Urban","Cloudy","Medium",1,"N",10
22,"Snack ",25,5,4.2,"motorcycle",0,"No","Semi-Urban","Sandstorms","Low ",1,"Y",5
36,"Drinks ",27,5,3.6,"scooter",2,"No","Urban","Windy","Jam ",1,"N",5
19,"Meal ",23,23,4.9,"electric_scooter",2,"No","Metropolitan","Fog","Medium",1,"Y",15
17,"Buffet ",33,16,4.7,"scooter",1,"No","Metropolitan","Cloudy","Medium",1,"N",5
12,"Snack ",35,22,4.9,"motorcycle",1,"No","Urban","Sunny","Low",0,"Y",15
14,"Meal ",33,19,4.8,"motorcycle",2,"No","Urban","Sunny","Jam",1,"Y",15
40,"Drinks ",22,4,4.6,"electric_scooter",1,"No","Metropolitan","Cloudy","Medium",1,"Y",15
15,"Buffet ",36,19,4.9,"motorcycle",2,"No","Metropolitan","Sunny","High ",1,"N",15
14,"Drinks ",36,23,4.7,"motorcycle",1,"No","Semi-Urban","Windy","Low ",1,"N",20
40,"Buffet ",24,18,4.6,"motorcycle",0,"No","Metropolitan","Cloudy","Medium",0,"N",5
29,"Buffet ",29,6,4.9,"motorcycle",2,"No","Semi-Urban","Sunny","Jam ",0,"N",10
49,"Snack ",30,7,4.9,"motorcycle",0,"No","Urban","Windy","High ",1,"N",10
19,"Drinks ",29,3,4.9,"electric_scooter",2,"No","Metropolitan","Sandstorms","Medium",0,"N",15
12,"Snack ",21,19,4.9,"electric_scooter",2,"No","Urban","Stormy","Low",0,"N",20
36,"Snack ",26,5,5,"scooter",2,"No","Semi-Urban","Stormy","Medium",1,"N",10
19,"Buffet ",37,23,4.7,"motorcycle",1,"No","Urban","Sunny","Jam",0,"N",15
27,"Buffet ",33,22,4.6,"motorcycle",0,"No","Metropolitan","Fog","Jam ",1,"Y",5
29,"Buffet ",26,9,4.8,"motorcycle",0,"No","Metropolitan","Sunny","Low ",1,"N",5
33,"Snack ",35,15,4.6,"electric_scooter",0,"No","Urban","Windy","Medium",1,"Y",15
18,"Buffet ",37,23,4.2,"motorcycle",0,"No","Urban","Windy","Low ",1,"N",15
43,"Meal ",39,1,4.2,"motorcycle",0,"Yes","Metropolitan","Windy","High ",2,"Y",15
18,"Buffet ",28,17,4.8,"scooter",1,"No","Urban","Sunny","Low ",1,"Y",15
15,"Snack ",39,19,5,"motorcycle",1,"No","Urban","Windy","Low ",0,"N",10
21,"Snack ",26,16,4.8,"motorcycle",0,"No","Urban","Sunny","Jam ",1,"N",10
29,"Drinks ",24,17,4.7,"motorcycle",0,"No","Semi-Urban","Windy","Medium",1,"Y",15
19,"Drinks ",35,21,4.6,"motorcycle",1,"No","Metropolitan","Fog","Low ",1,"N",5
21,"Meal ",32,12,4.8,"motorcycle",0,"No","Metropolitan","Cloudy","Low ",0,"N",5
19,"Snack ",32,18,4.8,"scooter",1,"No","Urban","Sunny","Jam",0,"N",5
39,"Meal ",27,2,4.4,"electric_scooter",0,"No","Urban","Sandstorms","Jam ",0,"N",10
16,"Drinks ",32,18,4.6,"electric_scooter",1,"No","Metropolitan","Stormy","Medium",1,"N",10
29,"Meal ",34,8,4.6,"motorcycle",0,"No","Semi-Urban","Sunny","Medium",1,"N",10
30,"Buffet ",39,6,4.9,"electric_scooter",2,"No","Semi-Urban","Stormy","High ",1,"N",15
23,"Buffet ",32,2,4.5,"scooter",2,"No","Semi-Urban","Stormy","Jam",0,"N",15
24,"Meal ",25,19,4.6,"motorcycle",0,"No","Semi-Urban","Fog","Low ",1,"N",5
20,"Drinks ",34,13,5,"motorcycle",0,"No","Metropolitan","Sunny","Low ",1,"N",10
39,"Meal ",29,3,4.1,"motorcycle",1,"No","Metropolitan","Cloudy","Medium",0,"N",5
27,"Snack ",29,16,4.6,"motorcycle",2,"No","Metropolitan","Stormy","Low ",0,"N",15
22,"Drinks ",32,21,4.7,"motorcycle",0,"No","Semi-Urban","Windy","Low ",1,"Y",10
25,"Meal ",34,13,4.9,"motorcycle",0,"No","Metropolitan","Cloudy","Medium",0,"N",15
24,"Buffet ",38,22,4.7,"scooter",0,"No","Urban","Sunny","Low ",1,"N",15
27,"Meal ",31,2,4.7,"motorcycle",2,"No","Metropolitan","Stormy","Jam ",1,"N",5
12,"Meal ",23,23,4.9,"motorcycle",1,"No","Urban","Stormy","High",0,"N",5
13,"Drinks ",30,18,4.9,"motorcycle",1,"No","Metropolitan","Sunny","Jam ",1,"N",15
24,"Meal ",21,19,4.6,"scooter",2,"No","Metropolitan","Sandstorms","Low ",1,"N",15
45,"Meal ",30,1,4.3,"motorcycle",2,"Yes","Metropolitan","Cloudy","Jam ",0,"N",10
18,"Buffet ",23,13,4.6,"motorcycle",0,"No","Metropolitan","Sandstorms","Jam ",1,"N",10
21,"Snack ",33,16,4.7,"electric_scooter",2,"No","Metropolitan","Sandstorms","Low ",0,"N",10
20,"Buffet ",38,19,4.9,"electric_scooter",0,"No","Metropolitan","Sunny","High ",1,"N",10
33,"Meal ",23,5,4.2,"electric_scooter",1,"No","Urban","Fog","Jam ",0,"N",5
25,"Drinks ",25,4,4.8,"motorcycle",0,"No","Urban","Sunny","Low",1,"N",15
15,"Drinks ",22,14,4.8,"electric_scooter",2,"No","Metropolitan","Sunny","Jam ",0,"N",10
17,"Snack ",29,23,4.7,"electric_scooter",2,"No","Urban","Sunny","Medium",1,"Y",5
24,"Drinks ",35,4,4.1,"electric_scooter",0,"No","Urban","Stormy","Low",0,"N",15
19,"Drinks ",38,18,4.8,"scooter",1,"No","Urban","Sunny","Medium",0,"Y",10
38,"Drinks ",28,5,4.4,"motorcycle",0,"No","Semi-Urban","Sandstorms","Jam ",2,"Y",15
32,"Meal ",34,3,4,"motorcycle",2,"No","Metropolitan","Windy","High ",1,"N",10
36,"Meal ",26,8,4.4,"motorcycle",0,"No","Metropolitan","Sandstorms","Low ",1,"N",5
26,"Meal ",39,21,4.8,"motorcycle",0,"No","Metropolitan","Fog","Jam ",1,"N",10
33,"Drinks ",22,18,4.8,"motorcycle",0,"No","Metropolitan","Stormy","Jam ",0,"Y",15
18,"Drinks ",28,12,4.7,"scooter",1,"No","Metropolitan","Sunny","Low ",1,"N",10
12,"Drinks ",37,15,4.8,"scooter",2,"No","Urban","Sunny","High",0,"N",15
33,"Buffet ",28,13,4.4,"motorcycle",0,"No","Metropolitan","Cloudy","Medium",1,"N",5
37,"Drinks ",35,4,4,"motorcycle",0,"No","Urban","Sunny","Jam",1,"Y",10
40,"Buffet ",33,1,4.2,"motorcycle",1,"No","Metropolitan","Windy","Jam ",1,"N",10
46,"Meal ",20,8,4.8,"motorcycle",0,"No","Metropolitan","Fog","Jam ",3,"N",10
44,"Snack ",39,13,4.1,"scooter",1,"Yes","Metropolitan","Windy","Jam ",1,"Y",10
18,"Buffet ",22,2,4.5,"motorcycle",2,"No","Metropolitan","Cloudy","Low ",1,"N",25
28,"Buffet ",39,18,4.8,"scooter",1,"No","Urban","Sandstorms","Jam",1,"N",15
14,"Snack ",34,22,4.6,"scooter",1,"No","Urban","Stormy","Medium",1,"N",5
32,"Buffet ",30,8,3.9,"electric_scooter",1,"No","Metropolitan","Windy","Jam ",1,"N",15
20,"Buffet ",39,15,4.9,"motorcycle",0,"No","Urban","Sandstorms","Low",0,"N",5
19,"Buffet ",36,2,4.4,"scooter",0,"No","Urban","Stormy","Low",1,"N",5
27,"Snack ",31,15,4.3,"motorcycle",0,"No","Metropolitan","Stormy","Low ",1,"Y",10
20,"Meal ",29,15,4.6,"motorcycle",0,"No","Metropolitan","Fog","High ",1,"N",10
25,"Snack ",20,8,4.6,"scooter",1,"No","Metropolitan","Fog","Low ",1,"N",10
18,"Snack ",21,22,5,"scooter",2,"No","Urban","Stormy","Low",1,"N",15
22,"Drinks ",28,16,4.9,"electric_scooter",1,"No","Metropolitan","Stormy","Medium",0,"N",5
25,"Buffet ",28,18,4.9,"motorcycle",2,"No","Metropolitan","Sunny","Low ",0,"N",10
34,"Snack ",35,14,4.3,"scooter",0,"No","Metropolitan","Sandstorms","Low ",1,"N",5
36,"Buffet ",36,4,4.1,"scooter",1,"No","Urban","Cloudy","Jam",0,"Y",5
46,"Drinks ",23,8,4.4,"electric_scooter",1,"No","Semi-Urban","Cloudy","Jam ",1,"N",10
16,"Snack ",26,9,4.5,"motorcycle",1,"No","Metropolitan","Sunny","Medium",0,"N",15
28,"Buffet ",28,14,4.5,"electric_scooter",0,"No","Metropolitan","Sunny","Medium",1,"Y",5
38,"Drinks ",38,6,4,"electric_scooter",2,"No","Metropolitan","Cloudy","Jam ",2,"N",15
23,"Meal ",23,1,4.5,"motorcycle",0,"No","Urban","Windy","Jam",1,"Y",10
32,"Drinks ",31,17,4.2,"scooter",2,"No","Urban","Sandstorms","High",1,"N",5
33,"Drinks ",23,7,4.3,"motorcycle",0,"No","Semi-Urban","Windy","Medium",2,"Y",5
19,"Drinks ",32,23,4.8,"scooter",1,"No","Urban","Sunny","Low ",0,"N",5
26,"Snack ",32,19,4.6,"electric_scooter",0,"No","Urban","Stormy","Low",1,"Y",10
18,"Snack ",34,18,4.9,"scooter",1,"No","Urban","Fog","Low ",1,"N",15
26,"Drinks ",33,21,5,"scooter",1,"No","Semi-Urban","Stormy","Jam",1,"N",10
22,"Snack ",35,14,4.6,"scooter",1,"No","Semi-Urban","Stormy","Jam ",1,"N",15
28,"Snack ",23,18,5,"motorcycle",0,"No","Metropolitan","Stormy","Low ",1,"N",5
18,"Buffet ",31,21,5,"electric_scooter",2,"No","Metropolitan","Sunny","Low ",0,"N",5
21,"Meal ",21,23,5,"electric_scooter",0,"No","Metropolitan","Sunny","Medium",0,"N",5
13,"Meal ",39,16,4.8,"motorcycle",1,"No","Urban","Cloudy","Low",1,"N",10
16,"Drinks ",22,17,4.9,"scooter",0,"No","Urban","Fog","Low",1,"Y",5
11,"Meal ",25,9,4.7,"electric_scooter",1,"No","Urban","Sunny","Medium",1,"N",15
23,"Buffet ",37,19,4.7,"electric_scooter",1,"No","Urban","Sandstorms","Medium",1,"N",15
15,"Buffet ",32,14,4.8,"scooter",2,"No","Urban","Sunny","Low ",0,"N",5
45,"Snack ",34,2,4.7,"motorcycle",0,"No","Urban","Windy","Jam ",0,"N",15
12,"Meal ",20,17,5,"scooter",1,"No","Metropolitan","Sandstorms","Low",0,"N",5
28,"Meal ",27,8,4.7,"motorcycle",1,"No","Urban","Windy","Medium",1,"N",15
33,"Buffet ",21,3,4.8,"motorcycle",2,"No","Urban","Stormy","Jam ",1,"N",5
31,"Buffet ",27,3,4.2,"scooter",0,"No","Metropolitan","Sandstorms","Low ",1,"N",15
26,"Buffet ",31,13,4.6,"scooter",2,"No","Metropolitan","Sunny","Medium",0,"Y",15
15,"Buffet ",31,22,4.8,"scooter",0,"No","Urban","Stormy","Low",0,"Y",15
15,"Meal ",37,19,4.7,"scooter",2,"No","Metropolitan","Stormy","Jam ",1,"Y",10
15,"Drinks ",25,22,4.9,"motorcycle",0,"No","Urban","Windy","Low",0,"N",10
20,"Meal ",26,12,4.9,"scooter",1,"No","Urban","Sunny","Jam ",0,"Y",5
30,"Snack ",25,4,4.9,"scooter",2,"No","Metropolitan","Stormy","Jam ",1,"N",10
20,"Snack ",34,22,4.6,"scooter",2,"No","Metropolitan","Sandstorms","Low ",0,"Y",20
27,"Meal ",30,5,4.7,"motorcycle",0,"No","Metropolitan","Fog","Medium",1,"N",10
22,"Buffet ",26,16,4.8,"scooter",1,"No","Metropolitan","Fog","High ",0,"Y",5
20,"Meal ",23,21,4.6,"scooter",2,"No","Metropolitan","Stormy","Medium",1,"N",10
24,"Drinks ",29,9,4.7,"motorcycle",1,"No","Metropolitan","Sunny","Low ",1,"N",15
25,"Buffet ",28,13,4.6,"scooter",1,"No","Urban","Windy","Low ",1,"N",15
17,"Meal ",24,22,4.6,"motorcycle",2,"No","Urban","Fog","Medium",0,"Y",5
28,"Buffet ",23,15,4.7,"scooter",2,"No","Metropolitan","Sandstorms","Medium",1,"N",15
28,"Drinks ",39,15,4.6,"motorcycle",0,"No","Metropolitan","Stormy","High ",1,"N",15
40,"Meal ",29,18,4.8,"motorcycle",0,"No","Metropolitan","Stormy","Medium",1,"Y",15
38,"Buffet ",24,2,4.2,"motorcycle",0,"No","Metropolitan","Windy","High ",2,"N",15
15,"Snack ",30,23,5,"motorcycle",2,"No","Urban","Sunny","Low",0,"N",15
31,"Drinks ",39,8,4.8,"scooter",0,"No","Metropolitan","Stormy","Medium",1,"N",5
40,"Buffet ",20,4,4.6,"motorcycle",0,"No","Metropolitan","Sandstorms","Low ",1,"N",10
11,"Meal ",30,14,4.8,"motorcycle",2,"No","Metropolitan","Windy","Low ",0,"N",15
39,"Buffet ",38,2,4.7,"motorcycle",2,"No","Metropolitan","Fog","High ",2,"N",10
15,"Drinks ",22,21,5,"electric_scooter",1,"No","Urban","Sunny","Low",0,"Y",10
17,"Buffet ",30,13,4.7,"motorcycle",2,"No","Metropolitan","Windy","Low ",1,"N",20
25,"Meal ",25,8,4.8,"motorcycle",0,"No","Metropolitan","Sandstorms","Low ",0,"Y",20
29,"Drinks ",39,1,4.5,"electric_scooter",2,"No","Urban","Stormy","Jam ",1,"N",5
21,"Drinks ",38,9,4.9,"motorcycle",0,"No","Metropolitan","Fog","Low ",0,"N",10
40,"Snack ",26,3,3.6,"electric_scooter",2,"No","Semi-Urban","Stormy","Jam ",1,"Y",15
26,"Drinks ",27,4,4.8,"scooter",1,"No","Metropolitan","Sandstorms","Low ",1,"N",10
43,"Meal ",39,9,4.3,"scooter",2,"No","Metropolitan","Fog","Jam ",2,"N",15
24,"Meal ",31,9,4.9,"electric_scooter",2,"No","Semi-Urban","Sandstorms","Low ",1,"N",5
26,"Meal ",33,18,4.6,"scooter",1,"No","Urban","Stormy","Medium",1,"N",5
37,"Meal ",29,18,4.3,"electric_scooter",2,"No","Metropolitan","Fog","Jam ",1,"Y",5
23,"Buffet ",30,19,4.7,"electric_scooter",1,"No","Metropolitan","Windy","Low",0,"N",5
28,"Meal ",38,14,4.6,"electric_scooter",1,"No","Urban","Sandstorms","Medium",1,"N",5
22,"Meal ",27,23,4.5,"scooter",1,"No","Metropolitan","Fog","High ",0,"N",10
16,"Buffet ",29,18,4.5,"motorcycle",1,"No","Semi-Urban","Cloudy","Medium",0,"N",10
26,"Drinks ",29,22,4.7,"scooter",2,"No","Metropolitan","Windy","Jam ",1,"Y",5
31,"Buffet ",30,23,5,"scooter",0,"No","Metropolitan","Windy","Jam ",1,"N",10
16,"Snack ",21,13,5,"electric_scooter",1,"No","Metropolitan","Fog","Medium",1,"N",15
27,"Drinks ",27,17,4.9,"scooter",2,"No","Semi-Urban","Stormy","Medium",1,"N",10
31,"Snack ",24,4,4.4,"motorcycle",1,"No","Semi-Urban","Stormy","Jam ",0,"N",5
27,"Buffet ",23,12,4.7,"motorcycle",2,"No","Metropolitan","Windy","Low ",1,"Y",5
26,"Drinks ",28,12,4.8,"motorcycle",1,"No","Metropolitan","Stormy","Low ",1,"Y",5
24,"Meal ",27,19,4.8,"scooter",1,"No","Metropolitan","Stormy","Medium",1,"N",15
15,"Buffet ",27,21,4.9,"motorcycle",1,"No","Urban","Cloudy","Medium",0,"N",15
19,"Buffet ",36,21,4.7,"scooter",1,"No","Metropolitan","Fog","Low ",1,"N",15
30,"Snack ",24,4,4.7,"motorcycle",1,"No","Metropolitan","Windy","Medium",1,"Y",15
15,"Drinks ",34,2,4.9,"motorcycle",2,"No","Semi-Urban","Sandstorms","Low ",0,"N",10
27,"Drinks ",22,8,4.7,"electric_scooter",2,"No","Metropolitan","Windy","Medium",0,"N",5
30,"Snack ",33,21,4.8,"motorcycle",0,"No","Metropolitan","Sunny","Jam ",1,"Y",10
34,"Buffet ",20,4,4.1,"electric_scooter",0,"No","Metropolitan","Stormy","Low ",0,"N",15
12,"Meal ",38,17,4.8,"scooter",1,"No","Urban","Sunny","Medium",0,"Y",5
28,"Meal ",38,23,4.5,"electric_scooter",0,"No","Metropolitan","Sunny","Low ",1,"N",15
32,"Buffet ",30,5,4.2,"scooter",1,"No","Urban","Fog","Jam ",1,"N",5
23,"Meal ",28,19,4.1,"motorcycle",0,"No","Metropolitan","Windy","Low ",0,"N",10
27,"Snack ",37,2,4.6,"motorcycle",2,"No","Metropolitan","Fog","High ",0,"N",5
29,"Drinks ",29,13,5,"motorcycle",1,"No","Metropolitan","Windy","Low ",0,"N",5
24,"Meal ",22,19,4.7,"electric_scooter",0,"No","Metropolitan","Fog","Low ",1,"N",10
42,"Meal ",29,3,4.2,"motorcycle",0,"No","Urban","Fog","Low ",1,"N",10
12,"Snack ",26,16,4.6,"motorcycle",2,"No","Metropolitan","Cloudy","Low ",0,"N",5
18,"Drinks ",20,12,4.6,"motorcycle",1,"No","Metropolitan","Sunny","Jam ",1,"Y",15
21,"Meal ",26,19,4.6,"motorcycle",2,"No","Urban","Sunny","Medium",0,"N",15
22,"Drinks ",27,3,4.6,"motorcycle",0,"No","Metropolitan","Sandstorms","Low ",1,"N",5
26,"Meal ",29,5,4.7,"motorcycle",0,"No","Metropolitan","Fog","Low ",1,"Y",15
36,"Drinks ",22,2,4.4,"electric_scooter",1,"No","Metropolitan","Fog","Low ",2,"N",10
26,"Meal ",27,4,4.9,"scooter",2,"No","Metropolitan","Fog","Jam ",1,"N",10
23,"Snack ",28,9,4.9,"motorcycle",0,"No","Metropolitan","Fog","Low ",1,"N",5
45,"Drinks ",37,16,5,"scooter",2,"No","Urban","Fog","Jam ",1,"N",5
16,"Drinks ",29,17,4.9,"electric_scooter",2,"No","Urban","Sandstorms","Low",0,"N",10
28,"Drinks ",36,13,4.5,"motorcycle",0,"No","Urban","Sunny","Jam ",1,"Y",15
30,"Drinks ",22,11,4.8,"motorcycle",1,"No","Metropolitan","Stormy","High ",0,"N",5
10,"Meal ",24,2,4.7,"motorcycle",1,"No","Semi-Urban","Stormy","Low ",0,"N",10
28,"Snack ",33,6,4.6,"motorcycle",0,"No","Metropolitan","Windy","Medium",1,"N",10
35,"Buffet ",37,4,4.6,"motorcycle",2,"No","Metropolitan","Cloudy","Jam ",0,"Y",15
21,"Meal ",39,13,4.7,"motorcycle",0,"No","Urban","Sunny","Low ",1,"N",15
15,"Buffet ",30,17,4.6,"motorcycle",0,"No","Urban","Stormy","Jam",0,"Y",10
26,"Snack ",33,23,4.6,"motorcycle",1,"No","Metropolitan","Sandstorms","Jam ",1,"N",15
18,"Buffet ",39,17,4.6,"electric_scooter",0,"No","Urban","Cloudy","Low",1,"N",15
44,"Drinks ",30,16,4.3,"motorcycle",0,"No","Urban","Sunny","Jam ",0,"N",5
21,"Buffet ",30,15,4.6,"motorcycle",0,"No","Metropolitan","Stormy","Medium",0,"N",5
34,"Meal ",33,6,4.6,"electric_scooter",2,"No","Urban","Windy","Jam",1,"N",15
28,"Snack ",38,21,4.7,"motorcycle",0,"No","Semi-Urban","Fog","Low",1,"N",5
25,"Drinks ",33,23,4.7,"scooter",1,"No","Metropolitan","Stormy","High ",1,"N",10
11,"Snack ",23,21,4.7,"motorcycle",0,"No","Metropolitan","Windy","Medium",1,"N",5
20,"Drinks ",25,19,4.7,"electric_scooter",2,"No","Metropolitan","Windy","Jam ",1,"N",15
19,"Snack ",34,18,4.9,"electric_scooter",0,"No","Urban","Sunny","Low ",1,"N",15
23,"Snack ",23,15,4.5,"scooter",1,"No","Urban","Sunny","Jam ",1,"N",10
20,"Buffet ",28,9,4.5,"motorcycle",0,"No","Metropolitan","Sunny","Jam ",1,"N",5
19,"Drinks ",33,21,4.6,"motorcycle",0,"No","Metropolitan","Fog","Low ",1,"N",10
28,"Drinks ",37,16,4.9,"electric_scooter",2,"No","Urban","Stormy","High",1,"Y",15
28,"Drinks ",36,21,4.8,"motorcycle",2,"No","Semi-Urban","Cloudy","Low ",1,"N",20
16,"Meal ",28,16,5,"scooter",2,"No","Metropolitan","Cloudy","Medium",1,"N",10
16,"Buffet ",38,8,4.7,"electric_scooter",1,"No","Metropolitan","Stormy","Low ",1,"N",5
41,"Drinks ",39,3,4.5,"scooter",0,"No","Semi-Urban","Sunny","High ",2,"N",10
12,"Drinks ",31,13,4.7,"motorcycle",1,"No","Metropolitan","Sunny","High ",0,"N",5
16,"Snack ",20,21,4.6,"motorcycle",1,"No","Metropolitan","Sunny","Medium",1,"N",10
24,"Meal ",28,22,4.6,"scooter",1,"No","Urban","Windy","Low",1,"N",10
27,"Buffet ",36,23,4.9,"motorcycle",0,"No","Metropolitan","Sunny","Jam ",1,"Y",10
30,"Snack ",31,5,5,"motorcycle",0,"No","Metropolitan","Stormy","Jam ",0,"N",5
36,"Snack ",29,8,4.4,"electric_scooter",2,"No","Metropolitan","Stormy","Medium",2,"N",10
28,"Meal ",29,15,4.9,"electric_scooter",0,"No","Metropolitan","Stormy","Low",1,"N",5
24,"Snack ",37,17,4.7,"motorcycle",1,"No","Urban","Windy","Jam",1,"N",5
34,"Snack ",32,22,5,"scooter",2,"No","Metropolitan","Windy","Medium",1,"Y",10
16,"Meal ",35,18,4.6,"motorcycle",0,"No","Metropolitan","Sunny","Low ",1,"N",10
27,"Snack ",28,18,4.9,"motorcycle",0,"No","Urban","Stormy","Low",1,"Y",5
12,"Drinks ",30,18,4.7,"scooter",2,"No","Metropolitan","Sunny","Jam ",1,"N",5
34,"Snack ",27,9,4.7,"motorcycle",0,"No","Metropolitan","Sunny","Medium",0,"Y",15
25,"Meal ",36,23,4.8,"motorcycle",0,"No","Metropolitan","Sunny","Low ",1,"N",10
17,"Snack ",28,3,4.8,"motorcycle",2,"No","Metropolitan","Windy","Low ",1,"Y",5
45,"Drinks ",36,15,4.9,"electric_scooter",0,"No","Metropolitan","Sandstorms","Jam ",0,"N",5
33,"Buffet ",35,23,4.9,"motorcycle",0,"No","Urban","Cloudy","Medium",1,"N",5
24,"Drinks ",26,3,5,"motorcycle",2,"No","Urban","Stormy","Medium",0,"Y",5
13,"Snack ",28,9,4.6,"motorcycle",2,"No","Semi-Urban","Stormy","Low ",1,"N",15
29,"Buffet ",36,18,4.7,"motorcycle",0,"No","Semi-Urban","Stormy","Medium",1,"N",15
11,"Snack ",30,22,4.9,"electric_scooter",1,"No","Urban","Sunny","Jam",0,"N",15
27,"Drinks ",24,23,4.9,"scooter",0,"No","Metropolitan","Sunny","Medium",1,"Y",15
11,"Meal ",39,22,4.5,"scooter",2,"No","Metropolitan","Sandstorms","High ",0,"Y",5
25,"Drinks ",35,19,4.7,"electric_scooter",1,"No","Urban","Cloudy","Jam",1,"N",15
41,"Meal ",21,2,4,"electric_scooter",2,"Yes","Metropolitan","Stormy","Jam ",1,"N",15
18,"Meal ",23,17,4.9,"electric_scooter",1,"No","Metropolitan","Sunny","Low ",0,"N",5
16,"Snack ",20,5,4.9,"motorcycle",1,"No","Metropolitan","Fog","Medium",1,"N",15
18,"Snack ",37,23,4.9,"electric_scooter",2,"No","Urban","Fog","Low ",1,"N",15
14,"Snack ",39,17,4.8,"scooter",2,"No","Urban","Sandstorms","Low ",0,"N",10
22,"Buffet ",33,23,4.6,"motorcycle",2,"No","Metropolitan","Stormy","Jam ",1,"N",15
16,"Snack ",34,3,4.5,"scooter",1,"No","Semi-Urban","Sandstorms","Low",0,"N",5
27,"Drinks ",20,19,4.9,"scooter",1,"No","Urban","Stormy","Medium",1,"N",10
37,"Buffet ",23,6,4.1,"scooter",0,"No","Metropolitan","Windy","Jam ",2,"Y",15
24,"Drinks ",38,23,4.7,"motorcycle",0,"No","Metropolitan","Sunny","Jam ",1,"N",10
25,"Buffet ",23,17,4.8,"scooter",1,"No","Metropolitan","Sandstorms","High ",0,"Y",10
16,"Buffet ",29,12,4.5,"scooter",2,"No","Metropolitan","Sunny","Medium",0,"N",10
12,"Buffet ",30,22,4.6,"motorcycle",0,"No","Urban","Stormy","Low",0,"N",10
20,"Meal ",31,16,4.6,"scooter",0,"No","Metropolitan","Sunny","High ",1,"N",15
17,"Snack ",25,17,4.6,"electric_scooter",2,"No","Metropolitan","Sunny","Jam ",1,"Y",5
23,"Buffet ",29,14,4.6,"motorcycle",0,"No","Metropolitan","Windy","Medium",1,"N",5
26,"Snack ",31,5,4.7,"motorcycle",0,"No","Semi-Urban","Fog","High ",1,"N",15
38,"Meal ",27,11,2.8,"motorcycle",2,"No","Semi-Urban","Sunny","Low ",1,"N",5
25,"Drinks ",25,21,4.9,"scooter",2,"No","Metropolitan","Cloudy","Jam ",1,"N",15
38,"Meal ",34,7,4,"motorcycle",0,"No","Semi-Urban","Fog","Low ",2,"Y",15
12,"Drinks ",31,17,4.9,"scooter",2,"No","Metropolitan","Sunny","Low",1,"N",5
32,"Buffet ",27,2,3.5,"electric_scooter",1,"No","Metropolitan","Stormy","Jam ",0,"N",15
12,"Buffet ",32,23,4.7,"electric_scooter",1,"No","Urban","Fog","Low",1,"N",15
23,"Drinks ",33,19,4.9,"motorcycle",0,"No","Metropolitan","Stormy","Low ",1,"N",15
39,"Drinks ",35,16,4.6,"motorcycle",0,"No","Semi-Urban","Cloudy","Medium",0,"N",15
11,"Buffet ",35,18,4.8,"scooter",1,"No","Urban","Fog","Medium",1,"N",5
44,"Drinks ",36,9,4.1,"scooter",2,"Yes","Metropolitan","Cloudy","Jam ",0,"N",5
15,"Snack ",32,19,4.9,"scooter",2,"No","Metropolitan","Stormy","Low",0,"N",10
24,"Drinks ",35,15,4.8,"motorcycle",1,"No","Metropolitan","Windy","Low ",1,"N",5
27,"Buffet ",35,17,4.7,"scooter",1,"No","Urban","Fog","Jam",1,"N",10
36,"Snack ",32,11,5,"electric_scooter",0,"No","Metropolitan","Windy","Jam ",1,"N",5
26,"Drinks ",30,23,4.6,"scooter",1,"No","Metropolitan","Sandstorms","Low ",1,"N",5
27,"Snack ",36,18,4.8,"electric_scooter",0,"No","Metropolitan","Sandstorms","Jam ",0,"N",5
28,"Snack ",27,22,4.7,"motorcycle",0,"No","Urban","Fog","Medium",1,"N",10
35,"Buffet ",30,15,4.2,"motorcycle",0,"No","Metropolitan","Windy","Jam ",2,"Y",15
23,"Drinks ",38,17,4.7,"scooter",2,"No","Metropolitan","Cloudy","Low ",0,"Y",5
22,"Drinks ",37,17,4.8,"scooter",2,"No","Metropolitan","Sunny","Medium",0,"Y",10
24,"Snack ",21,17,4.6,"electric_scooter",0,"No","Metropolitan","Fog","Jam ",0,"N",5
48,"Snack ",37,3,4.9,"scooter",2,"Yes","Metropolitan","Cloudy","Jam ",1,"N",15
38,"Buffet ",22,15,4.6,"motorcycle",0,"No","Urban","Stormy","Jam ",0,"N",5
15,"Meal ",27,19,4.5,"motorcycle",2,"No","Metropolitan","Fog","Medium",1,"N",10
16,"Buffet ",20,18,4.6,"motorcycle",0,"No","Semi-Urban","Cloudy","Low",0,"N",15
22,"Buffet ",32,17,4.9,"scooter",0,"No","Urban","Sunny","High ",0,"N",5
18,"Snack ",24,19,5,"scooter",0,"No","Urban","Windy","Jam",1,"N",5
24,"Meal ",25,21,4.8,"scooter",2,"No","Urban","Fog","High ",1,"N",15
25,"Snack ",37,22,4.9,"motorcycle",0,"No","Metropolitan","Fog","Medium",0,"N",10
35,"Drinks ",23,19,5,"motorcycle",0,"No","Metropolitan","Stormy","Jam ",0,"N",10
48,"Snack ",38,9,4.9,"scooter",0,"No","Semi-Urban","Fog","Jam ",3,"N",15
25,"Drinks ",36,21,4.6,"scooter",1,"No","Urban","Fog","Medium",0,"N",10
15,"Buffet ",30,23,5,"scooter",2,"No","Urban","Fog","Low",1,"N",5
52,"Drinks ",35,2,4.8,"motorcycle",0,"No","Urban","Stormy","Jam ",0,"N",5
28,"Drinks ",27,11,4.2,"motorcycle",0,"No","Urban","Sandstorms","Low ",1,"N",5
32,"Drinks ",33,3,4.2,"motorcycle",1,"No","Semi-Urban","Cloudy","High ",1,"N",5
11,"Snack ",25,23,4.8,"motorcycle",2,"No","Metropolitan","Sunny","Jam ",0,"N",10
32,"Snack ",25,6,4.3,"motorcycle",0,"No","Metropolitan","Windy","Low ",0,"N",15
39,"Buffet ",37,22,4.9,"motorcycle",0,"No","Urban","Sandstorms","Jam",0,"N",5
25,"Drinks ",20,18,4.5,"scooter",1,"No","Semi-Urban","Sandstorms","Jam ",0,"Y",5
20,"Buffet ",27,2,4.5,"motorcycle",0,"No","Metropolitan","Sandstorms","Low ",0,"N",10
31,"Meal ",36,3,4,"motorcycle",0,"No","Metropolitan","Stormy","Low ",1,"Y",10
31,"Meal ",27,1,4.1,"motorcycle",0,"No","Metropolitan","Windy","Low ",1,"N",5
15,"Buffet ",24,19,4.6,"scooter",1,"No","Semi-Urban","Sunny","Medium",0,"N",5
38,"Snack ",34,6,5,"motorcycle",0,"No","Metropolitan","Stormy","Medium",2,"Y",15
18,"Buffet ",38,21,4.6,"electric_scooter",1,"No","Urban","Stormy","Jam",1,"N",10
25,"Snack ",23,4,4.9,"motorcycle",1,"No","Urban","Stormy","Medium",1,"N",15
19,"Meal ",23,23,4.7,"scooter",2,"No","Urban","Sandstorms","Low ",1,"N",5
17,"Drinks ",23,5,4.7,"motorcycle",1,"No","Urban","Sunny","Jam",0,"N",5
26,"Buffet ",38,18,4.8,"motorcycle",0,"No","Urban","Cloudy","Jam ",1,"N",5
40,"Buffet ",22,23,4.8,"motorcycle",0,"No","Metropolitan","Fog","Jam ",1,"N",10
11,"Snack ",26,17,4.6,"scooter",1,"No","Urban","Sandstorms","Jam",1,"Y",5
28,"Meal ",20,18,5,"scooter",0,"No","Metropolitan","Windy","Low ",0,"N",15
24,"Drinks ",26,19,4.7,"motorcycle",0,"No","Metropolitan","Fog","Low ",0,"N",10
20,"Meal ",38,23,4.7,"electric_scooter",2,"No","Urban","Windy","High",1,"N",5
29,"Snack ",23,18,4.8,"motorcycle",0,"No","Urban","Stormy","High",1,"N",5
28,"Snack ",23,5,4.9,"motorcycle",0,"No","Metropolitan","Fog","Jam ",1,"N",10
26,"Buffet ",34,16,4.8,"motorcycle",0,"No","Semi-Urban","Stormy","Low",1,"N",25
27,"Snack ",32,19,4.8,"motorcycle",2,"No","Urban","Stormy","Medium",0,"N",15
26,"Meal ",20,19,4.8,"motorcycle",1,"No","Urban","Sunny","Jam",1,"N",10
33,"Drinks ",22,15,4.8,"scooter",2,"No","Metropolitan","Windy","High ",2,"Y",15
33,"Buffet ",24,7,4.5,"motorcycle",1,"No","Semi-Urban","Windy","Jam ",1,"N",10
43,"Drinks ",39,9,4.8,"motorcycle",0,"No","Metropolitan","Stormy","Jam ",1,"Y",5
15,"Meal ",25,1,4.6,"scooter",2,"No","Metropolitan","Fog","Medium",0,"N",10
29,"Drinks ",31,23,4.7,"motorcycle",0,"No","Semi-Urban","Sunny","Low ",1,"N",15
17,"Snack ",33,9,4.5,"motorcycle",2,"No","Metropolitan","Stormy","Low ",0,"N",10
24,"Buffet ",33,22,4.7,"electric_scooter",2,"No","Urban","Stormy","Low",1,"N",20
33,"Buffet ",22,23,4.9,"scooter",1,"No","Urban","Stormy","Jam ",2,"N",5
30,"Meal ",26,1,4.6,"electric_scooter",2,"No","Metropolitan","Cloudy","Jam ",1,"N",5
11,"Meal ",25,15,4.9,"motorcycle",1,"No","Urban","Stormy","Low",1,"N",10
30,"Drinks ",24,9,4.6,"scooter",2,"No","Urban","Cloudy","Low ",1,"N",10
37,"Buffet ",33,16,4.6,"scooter",1,"No","Metropolitan","Fog","Jam ",1,"Y",15
17,"Buffet ",36,15,4.6,"motorcycle",1,"No","Metropolitan","Sandstorms","Low ",0,"Y",5
47,"Snack ",39,22,4.6,"motorcycle",2,"Yes","Urban","Cloudy","Jam",3,"Y",5
39,"Snack ",21,8,5,"motorcycle",2,"No","Metropolitan","Cloudy","Jam ",1,"N",15
16,"Buffet ",25,16,4.9,"motorcycle",1,"No","Metropolitan","Sunny","Jam ",1,"N",10
26,"Drinks ",36,4,4.9,"motorcycle",0,"No","Metropolitan","Stormy","Jam ",1,"N",5
22,"Snack ",28,17,4.9,"electric_scooter",0,"No","Urban","Fog","Medium",0,"N",5
21,"Snack ",39,21,4.6,"motorcycle",0,"No","Metropolitan","Windy","Jam ",1,"N",5
42,"Meal ",23,9,4.8,"motorcycle",0,"No","Metropolitan","Sandstorms","Medium",2,"Y",5
26,"Drinks ",25,21,4.7,"electric_scooter",2,"No","Metropolitan","Sandstorms","Medium",0,"N",5
24,"Meal ",27,22,4.7,"scooter",2,"No","Metropolitan","Fog","Low ",0,"Y",10
44,"Drinks ",26,18,4.5,"motorcycle",0,"Yes","Metropolitan","Sunny","High ",2,"N",10
35,"Drinks ",30,9,4.3,"motorcycle",0,"No","Metropolitan","Sandstorms","Jam ",1,"N",10
17,"Meal ",29,13,4.5,"motorcycle",2,"No","Metropolitan","Stormy","Medium",0,"N",5
23,"Snack ",21,12,4.9,"scooter",0,"No","Urban","Sunny","Low ",1,"N",15
21,"Snack ",38,21,4.8,"scooter",2,"No","Metropolitan","Fog","High ",1,"N",5
29,"Meal ",32,16,4.8,"electric_scooter",1,"No","Metropolitan","Sandstorms","Jam ",0,"N",5
25,"Meal ",25,22,4.8,"electric_scooter",2,"No","Urban","Cloudy","Low",0,"N",10
16,"Buffet ",29,14,4.8,"electric_scooter",1,"No","Metropolitan","Stormy","Low ",1,"Y",10
21,"Snack ",27,3,4.7,"scooter",2,"No","Metropolitan","Sunny","Jam ",1,"N",10
44,"Buffet ",23,6,3.9,"motorcycle",1,"No","Metropolitan","Sandstorms","Jam ",1,"N",5
31,"Snack ",35,3,4.2,"motorcycle",2,"No","Semi-Urban","Cloudy","Jam ",1,"N",10
26,"Buffet ",28,12,4.9,"motorcycle",2,"No","Metropolitan","Stormy","Medium",0,"N",10
34,"Drinks ",21,14,4.9,"motorcycle",1,"No","Metropolitan","Stormy","Jam ",0,"N",15
17,"Meal ",32,18,4.6,"scooter",1,"No","Urban","Fog","Medium",1,"N",15
36,"Meal ",23,5,3.5,"motorcycle",2,"No","Metropolitan","Fog","Low ",0,"N",10
13,"Drinks ",31,23,4.6,"electric_scooter",1,"No","Urban","Sandstorms","Low ",0,"Y",10
29,"Meal ",28,22,4.8,"scooter",1,"No","Urban","Windy","Medium",1,"N",10
26,"Drinks ",37,11,4.1,"motorcycle",0,"No","Metropolitan","Windy","Low ",1,"Y",15
17,"Snack ",20,23,4.8,"electric_scooter",2,"No","Urban","Cloudy","Medium",1,"N",10
32,"Buffet ",26,23,4.3,"scooter",2,"No","Semi-Urban","Cloudy","Jam ",0,"N",15
24,"Buffet ",24,14,4.7,"motorcycle",0,"No","Metropolitan","Fog","Low ",1,"N",10
28,"Snack ",21,17,5,"motorcycle",0,"No","Urban","Windy","Medium",1,"N",5
19,"Snack ",28,18,4.9,"scooter",2,"No","Metropolitan","Sunny","Jam ",0,"N",5
17,"Meal ",39,22,4.8,"motorcycle",2,"No","Urban","Sunny","Low",1,"N",5
16,"Snack ",37,23,4.7,"electric_scooter",2,"No","Metropolitan","Sunny","Low ",0,"N",15
20,"Snack ",27,15,4.9,"motorcycle",0,"No","Metropolitan","Sunny","Jam ",1,"N",15
16,"Drinks ",30,17,4.6,"electric_scooter",2,"No","Urban","Cloudy","Low",0,"N",5
39,"Drinks ",25,11,3.6,"scooter",1,"No","Metropolitan","Windy","Medium",1,"N",5
21,"Drinks ",33,17,4.6,"motorcycle",0,"No","Metropolitan","Stormy","Low ",0,"Y",10
38,"Meal ",32,1,4.7,"electric_scooter",0,"No","Metropolitan","Fog","Medium",1,"N",10
42,"Buffet ",31,7,4.1,"motorcycle",0,"No","Metropolitan","Sunny","Jam ",1,"N",5
21,"Snack ",38,9,4.9,"motorcycle",1,"No","Semi-Urban","Fog","High ",1,"N",10
31,"Meal ",24,18,5,"scooter",0,"No","Urban","Sandstorms","Medium",1,"N",15
16,"Meal ",21,12,5,"motorcycle",1,"No","Metropolitan","Windy","Jam ",1,"N",10
26,"Drinks ",29,6,4.9,"scooter",2,"No","Metropolitan","Fog","Medium",1,"N",10
31,"Drinks ",33,12,4.3,"motorcycle",0,"No","Semi-Urban","Windy","Jam ",1,"N",10
34,"Drinks ",23,9,4.1,"electric_scooter",2,"No","Metropolitan","Fog","High ",1,"Y",15
36,"Drinks ",32,16,4.9,"motorcycle",0,"No","Metropolitan","Stormy","Medium",1,"N",5
44,"Drinks ",33,21,5,"motorcycle",0,"No","Metropolitan","Cloudy","Jam ",0,"N",10
33,"Buffet ",27,4,4.6,"scooter",1,"No","Metropolitan","Fog","Medium",0,"N",10
26,"Buffet ",37,22,4.9,"scooter",1,"No","Urban","Sandstorms","Low",1,"N",10
17,"Drinks ",22,12,4.7,"motorcycle",1,"No","Metropolitan","Sunny","Jam ",1,"N",10
23,"Meal ",20,19,4.8,"motorcycle",0,"No","Metropolitan","Stormy","Low ",1,"Y",10
20,"Buffet ",37,19,4.7,"motorcycle",0,"No","Metropolitan","Cloudy","Low ",1,"N",10
37,"Drinks ",23,2,4.7,"motorcycle",0,"No","Urban","Stormy","Jam ",1,"N",15
26,"Buffet ",32,23,4.3,"electric_scooter",0,"No","Metropolitan","Windy","Low ",1,"N",10
12,"Snack ",25,23,4.9,"scooter",2,"No","Metropolitan","Windy","Low ",0,"N",5
18,"Buffet ",33,18,5,"electric_scooter",1,"No","Metropolitan","Fog","Low ",1,"N",5
23,"Snack ",39,12,4.6,"motorcycle",1,"No","Semi-Urban","Fog","Low ",1,"N",20
20,"Meal ",33,17,4.9,"scooter",1,"No","Urban","Sandstorms","Jam",1,"N",15
29,"Meal ",37,2,4.4,"motorcycle",0,"No","Metropolitan","Stormy","Low ",1,"N",15
44,"Drinks ",25,6,4.3,"scooter",2,"No","Metropolitan","Fog","Jam ",3,"N",10
24,"Drinks ",33,13,5,"electric_scooter",2,"No","Metropolitan","Stormy","Medium",1,"Y",15
37,"Drinks ",37,19,4.2,"scooter",2,"No","Urban","Stormy","Jam",1,"N",15
47,"Buffet ",33,8,4.4,"motorcycle",0,"No","Urban","Stormy","Jam ",1,"N",10
15,"Meal ",32,5,4.7,"electric_scooter",2,"No","Semi-Urban","Sunny","Medium",1,"N",10
37,"Drinks ",22,21,4.9,"electric_scooter",1,"No","Metropolitan","Cloudy","Medium",0,"Y",10
19,"Buffet ",36,12,4.6,"scooter",1,"No","Metropolitan","Cloudy","Medium",1,"Y",5
26,"Drinks ",24,23,4.9,"scooter",1,"No","Metropolitan","Sandstorms","Low ",1,"N",15
25,"Meal ",26,22,4.8,"scooter",0,"No","Semi-Urban","Windy","Jam",1,"N",5
35,"Drinks ",24,1,4.1,"motorcycle",2,"No","Metropolitan","Cloudy","Jam ",1,"N",15
30,"Snack ",33,9,4.7,"motorcycle",1,"No","Semi-Urban","Windy","Medium",1,"Y",15
22,"Snack ",20,23,4.4,"electric_scooter",0,"No","Metropolitan","Sandstorms","Low ",0,"N",5
23,"Drinks ",38,3,4.6,"motorcycle",1,"No","Urban","Sunny","High",0,"N",15
34,"Drinks ",36,18,4.6,"motorcycle",1,"No","Metropolitan","Cloudy","Jam ",2,"N",15
28,"Drinks ",37,23,4.5,"electric_scooter",2,"No","Metropolitan","Sandstorms","Medium",1,"Y",15
36,"Drinks ",30,2,4.3,"motorcycle",0,"No","Metropolitan","Stormy","Jam ",0,"N",10
24,"Buffet ",28,18,4.6,"motorcycle",0,"No","Metropolitan","Fog","Low ",0,"Y",5
18,"Meal ",24,15,4.9,"motorcycle",2,"No","Metropolitan","Fog","Low ",1,"N",10
20,"Meal ",28,21,4.7,"scooter",1,"No","Metropolitan","Sunny","Low ",1,"Y",15
29,"Buffet ",32,19,4.6,"motorcycle",2,"No","Urban","Windy","Medium",1,"N",5
29,"Snack ",34,4,4.9,"motorcycle",0,"No","Metropolitan","Fog","Jam ",1,"N",5
49,"Buffet ",24,8,4.9,"scooter",0,"No","Urban","Sandstorms","Jam ",1,"N",5
40,"Drinks ",38,13,4.9,"motorcycle",0,"Yes","Metropolitan","Fog","Medium",0,"N",15
16,"Snack ",30,9,4.6,"electric_scooter",2,"No","Urban","Stormy","Low ",0,"N",10
27,"Buffet ",36,21,4.9,"electric_scooter",1,"No","Metropolitan","Windy","Medium",1,"Y",10
15,"Meal ",26,19,4.6,"scooter",2,"No","Metropolitan","Sunny","Jam ",0,"Y",15
19,"Buffet ",20,11,4,"motorcycle",0,"No","Metropolitan","Sandstorms","Low ",0,"N",5
15,"Snack ",26,5,4.7,"motorcycle",1,"No","Metropolitan","Windy","Jam ",0,"N",15
28,"Snack ",29,23,4.5,"scooter",2,"No","Metropolitan","Windy","Jam ",1,"N",10
38,"Meal ",39,9,4,"electric_scooter",0,"No","Metropolitan","Sandstorms","Jam ",1,"Y",5
17,"Meal ",29,5,4.7,"electric_scooter",2,"No","Urban","Sunny","Low ",0,"Y",5
26,"Meal ",36,22,4.7,"scooter",2,"No","Metropolitan","Fog","High",0,"N",5
34,"Snack ",30,13,4.6,"electric_scooter",0,"No","Metropolitan","Fog","Jam ",1,"N",15
30,"Buffet ",25,4,4.6,"motorcycle",2,"No","Metropolitan","Stormy","Jam ",1,"N",15
12,"Drinks ",23,16,4.7,"motorcycle",0,"No","Urban","Stormy","Medium",0,"N",10
22,"Buffet ",24,8,4.7,"scooter",2,"No","Metropolitan","Windy","Low ",1,"N",5
14,"Meal ",37,2,4.7,"scooter",2,"No","Metropolitan","Sandstorms","Low ",0,"N",15
36,"Drinks ",34,23,4.9,"scooter",2,"No","Semi-Urban","Fog","Jam",1,"N",15
35,"Drinks ",23,16,4.9,"scooter",1,"No","Metropolitan","Cloudy","Jam ",1,"Y",15
18,"Meal ",30,18,4.8,"scooter",2,"No","Metropolitan","Sunny","Medium",1,"N",15
16,"Drinks ",28,1,4.5,"scooter",2,"No","Metropolitan","Stormy","Low",1,"N",5
22,"Snack ",23,21,4.8,"scooter",1,"No","Urban","Stormy","Medium",1,"N",5
15,"Buffet ",32,18,4.6,"scooter",2,"No","Urban","Fog","Low",1,"N",10
35,"Buffet ",32,4,4,"scooter",1,"No","Urban","Stormy","Jam ",1,"Y",5
20,"Meal ",28,5,4.1,"electric_scooter",0,"No","Urban","Windy","Low",0,"Y",15
31,"Buffet ",28,13,3.5,"motorcycle",2,"No","Metropolitan","Sandstorms","Jam ",1,"N",15
10,"Meal ",24,21,5,"motorcycle",1,"No","Urban","Sandstorms","Low",0,"N",15
15,"Meal ",39,6,4.5,"motorcycle",2,"No","Metropolitan","Sandstorms","Low ",1,"N",10
20,"Meal ",36,1,4.5,"scooter",2,"No","Urban","Fog","Low",1,"N",10
40,"Snack ",36,7,5,"motorcycle",0,"No","Metropolitan","Stormy","Medium",2,"N",5
39,"Buffet ",20,16,4.5,"scooter",2,"No","Urban","Stormy","Jam ",1,"Y",15
21,"Drinks ",31,12,4.9,"scooter",1,"No","Metropolitan","Sunny","Low ",0,"Y",15
39,"Buffet ",34,11,3.8,"electric_scooter",1,"Yes","Semi-Urban","Stormy","Jam ",1,"Y",5
18,"Drinks ",36,23,4.7,"scooter",1,"No","Metropolitan","Sunny","Low ",1,"N",15
14,"Meal ",33,6,4.6,"scooter",1,"No","Semi-Urban","Sunny","Medium",0,"N",10
44,"Buffet ",24,21,4.9,"motorcycle",0,"No","Semi-Urban","Fog","Low ",0,"Y",5
25,"Snack ",21,23,4.8,"electric_scooter",0,"No","Urban","Windy","Low ",1,"N",5
41,"Drinks ",35,8,4.8,"scooter",2,"Yes","Urban","Fog","Jam ",1,"N",5
21,"Meal ",24,6,4.6,"electric_scooter",2,"No","Semi-Urban","Stormy","Low ",1,"N",5
46,"Meal ",27,23,4.6,"motorcycle",0,"No","Metropolitan","Fog","Jam ",1,"Y",15
23,"Drinks ",24,18,4.7,"scooter",2,"No","Metropolitan","Sunny","High ",1,"N",15
37,"Drinks ",37,15,4,"scooter",2,"No","Semi-Urban","Fog","High ",2,"Y",15
24,"Meal ",32,9,4.8,"motorcycle",0,"No","Urban","Sandstorms","Low ",1,"N",20
24,"Snack ",20,22,4.6,"motorcycle",0,"No","Urban","Fog","Low",1,"Y",15
29,"Buffet ",25,4,4.9,"electric_scooter",2,"No","Metropolitan","Cloudy","High ",0,"Y",15
25,"Buffet ",33,19,4.7,"motorcycle",2,"No","Urban","Cloudy","High ",1,"N",10
25,"Buffet ",32,16,4.6,"scooter",2,"No","Semi-Urban","Sandstorms","Low",0,"N",5
20,"Drinks ",33,13,4.8,"scooter",1,"No","Urban","Fog","Jam ",1,"Y",5
25,"Drinks ",33,17,4.9,"scooter",2,"No","Urban","Stormy","Low ",1,"N",10
32,"Drinks ",33,7,4.4,"scooter",1,"No","Urban","Cloudy","Medium",1,"N",10
17,"Drinks ",23,18,4.5,"motorcycle",0,"No","Metropolitan","Sandstorms","Low",0,"N",5
14,"Snack ",23,17,4.6,"motorcycle",2,"No","Urban","Stormy","Low",1,"N",15
23,"Buffet ",29,21,4.7,"scooter",0,"No","Metropolitan","Sandstorms","Low ",1,"Y",15
41,"Snack ",37,1,5,"electric_scooter",0,"No","Metropolitan","Fog","Medium",1,"Y",10
14,"Snack ",23,16,4.7,"motorcycle",2,"No","Metropolitan","Windy","Low ",0,"Y",10
17,"Snack ",21,6,4.8,"scooter",2,"No","Metropolitan","Stormy","Medium",0,"N",5
22,"Snack ",25,15,4.6,"scooter",1,"No","Semi-Urban","Sunny","High ",0,"N",10
27,"Drinks ",29,12,4.6,"electric_scooter",2,"No","Metropolitan","Stormy","Medium",0,"N",15
44,"Meal ",38,14,4.6,"scooter",2,"No","Urban","Cloudy","Jam ",1,"N",15
27,"Drinks ",27,23,5,"scooter",1,"No","Metropolitan","Stormy","Jam ",1,"Y",5
26,"Meal ",22,18,5,"motorcycle",0,"No","Urban","Fog","Jam ",1,"N",10
17,"Meal ",33,22,4.6,"motorcycle",0,"No","Metropolitan","Sunny","Medium",1,"N",15
33,"Drinks ",24,8,4.6,"electric_scooter",2,"No","Metropolitan","Fog","Jam ",1,"N",10
21,"Meal ",22,15,4.8,"scooter",2,"No","Urban","Stormy","Jam",0,"Y",10
34,"Snack ",26,15,4.7,"scooter",1,"No","Metropolitan","Fog","Medium",1,"N",5
24,"Snack ",30,18,4.7,"motorcycle",1,"No","Urban","Sunny","Medium",1,"N",5
39,"Meal ",34,11,4.1,"motorcycle",0,"No","Metropolitan","Stormy","Medium",2,"Y",15
45,"Buffet ",28,18,4.3,"electric_scooter",0,"No","Metropolitan","Stormy","Jam ",2,"N",5
23,"Drinks ",26,12,4.9,"motorcycle",1,"No","Metropolitan","Sandstorms","Jam ",0,"Y",15
23,"Drinks ",24,19,4.7,"electric_scooter",1,"No","Urban","Sunny","Medium",0,"N",10
17,"Snack ",34,21,4.6,"scooter",2,"No","Urban","Cloudy","Low",1,"N",15
27,"Drinks ",32,19,4.7,"scooter",1,"No","Metropolitan","Stormy","High ",1,"N",15
41,"Drinks ",38,15,5,"motorcycle",0,"No","Metropolitan","Cloudy","Jam ",1,"N",10
46,"Buffet ",29,17,4.6,"motorcycle",0,"No","Urban","Sunny","Jam ",1,"N",15
29,"Drinks ",23,18,4.7,"scooter",2,"No","Metropolitan","Windy","Medium",0,"N",15
43,"Meal ",38,15,3.8,"scooter",1,"Yes","Semi-Urban","Stormy","Jam ",1,"N",15
10,"Drinks ",26,11,4.9,"scooter",2,"No","Metropolitan","Windy","Low ",1,"N",5
40,"Snack ",20,2,4.8,"motorcycle",0,"No","Metropolitan","Fog","Medium",1,"N",5
24,"Buffet ",39,5,4.6,"electric_scooter",2,"No","Semi-Urban","Windy","Medium",1,"N",15
11,"Snack ",27,22,4.6,"scooter",1,"No","Metropolitan","Sunny","Jam ",1,"N",5
23,"Buffet ",33,6,4.6,"motorcycle",0,"No","Semi-Urban","Stormy","High ",0,"N",10
11,"Meal ",25,19,5,"scooter",1,"No","Semi-Urban","Stormy","High",0,"N",5
38,"Buffet ",33,21,4.9,"scooter",0,"No","Metropolitan","Stormy","Jam ",0,"N",10
38,"Buffet ",33,23,4.6,"electric_scooter",2,"No","Metropolitan","Stormy","Jam ",2,"N",15
17,"Snack ",27,22,4.8,"scooter",1,"No","Metropolitan","Fog","Low ",1,"N",10
23,"Buffet ",30,3,4.8,"scooter",2,"No","Urban","Stormy","Low ",0,"N",5
25,"Meal ",20,6,4.5,"scooter",2,"No","Metropolitan","Fog","High ",1,"N",15
10,"Drinks ",38,3,4.6,"scooter",2,"No","Metropolitan","Fog","Low",0,"N",5
36,"Meal ",39,5,4.9,"motorcycle",0,"No","Metropolitan","Stormy","Jam ",1,"N",10
25,"Buffet ",29,23,4.8,"scooter",2,"No","Urban","Sunny","Jam ",1,"N",5
22,"Buffet ",25,17,4.6,"motorcycle",1,"No","Metropolitan","Sandstorms","Low ",1,"N",5
25,"Meal ",31,19,4.8,"scooter",1,"No","Metropolitan","Windy","Low",1,"N",5
27,"Buffet ",28,17,4.6,"scooter",1,"No","Metropolitan","Stormy","Low ",1,"N",10
12,"Meal ",36,8,4.7,"scooter",1,"No","Urban","Sunny","Medium",0,"N",5
29,"Drinks ",22,15,4.7,"motorcycle",1,"No","Metropolitan","Stormy","Medium",0,"Y",10
36,"Snack ",32,21,4.2,"motorcycle",0,"No","Metropolitan","Stormy","High ",1,"N",5
20,"Snack ",28,19,5,"scooter",2,"No","Metropolitan","Stormy","Jam",1,"N",5
11,"Buffet ",34,13,5,"electric_scooter",2,"No","Metropolitan","Windy","Low ",0,"N",15
25,"Meal ",25,18,4.7,"scooter",2,"No","Urban","Stormy","Low ",1,"N",5
26,"Buffet ",36,14,5,"motorcycle",2,"No","Metropolitan","Fog","Medium",1,"N",5
21,"Meal ",38,14,4.5,"motorcycle",0,"No","Metropolitan","Fog","Low ",1,"Y",5
15,"Buffet ",34,19,5,"motorcycle",0,"No","Metropolitan","Windy","Low ",0,"N",15
21,"Buffet ",24,12,4.6,"motorcycle",1,"No","Metropolitan","Sunny","Jam ",1,"N",10
21,"Buffet ",39,8,4.8,"motorcycle",0,"No","Semi-Urban","Sunny","Jam ",1,"N",15
34,"Buffet ",35,9,4.6,"scooter",2,"No","Urban","Windy","Medium",0,"N",15
12,"Snack ",32,3,4.6,"motorcycle",0,"No","Urban","Sunny","Low ",0,"N",15
16,"Meal ",37,19,4.7,"electric_scooter",1,"No","Metropolitan","Sunny","Medium",0,"N",5
15,"Buffet ",21,7,4.5,"scooter",1,"No","Metropolitan","Fog","Medium",0,"N",5
24,"Drinks ",36,5,4.9,"scooter",1,"No","Semi-Urban","Stormy","Medium",1,"N",5
22,"Meal ",34,22,4.7,"electric_scooter",2,"No","Metropolitan","Windy","Low ",1,"Y",10
27,"Drinks ",34,2,4.7,"motorcycle",0,"No","Metropolitan","Fog","Medium",1,"N",15
15,"Meal ",28,19,4.6,"electric_scooter",2,"No","Urban","Fog","Low ",0,"N",15
26,"Snack ",39,14,4.6,"motorcycle",0,"No","Semi-Urban","Sunny","Low ",1,"N",10
29,"Meal ",21,23,5,"scooter",1,"No","Urban","Fog","Jam",0,"N",15
19,"Meal ",35,23,4.9,"scooter",0,"No","Semi-Urban","Stormy","Medium",1,"N",5
28,"Buffet ",35,19,4.7,"scooter",0,"No","Semi-Urban","Stormy","Jam ",1,"N",15
34,"Meal ",25,2,4,"scooter",1,"No","Urban","Stormy","High",1,"N",15
40,"Meal ",38,1,4.1,"motorcycle",2,"No","Metropolitan","Fog","Jam ",1,"N",5
21,"Meal ",35,18,4.7,"electric_scooter",2,"No","Urban","Sandstorms","Jam",1,"N",10
34,"Drinks ",27,8,4.8,"scooter",2,"No","Semi-Urban","Cloudy","Medium",0,"N",5
28,"Drinks ",38,15,4.7,"motorcycle",0,"No","Semi-Urban","Sunny","Low ",1,"N",15
14,"Drinks ",32,4,4.6,"scooter",2,"No","Urban","Fog","Medium",0,"N",5
21,"Drinks ",36,7,4.6,"motorcycle",0,"No","Metropolitan","Fog","Low ",1,"N",15
47,"Buffet ",35,12,4.8,"scooter",1,"No","Urban","Cloudy","Jam ",2,"Y",5
30,"Buffet ",38,18,4.7,"motorcycle",0,"No","Metropolitan","Stormy","High ",1,"N",5
35,"Buffet ",35,2,4.9,"electric_scooter",1,"No","Metropolitan","Fog","Medium",1,"N",15
18,"Meal ",28,14,4.7,"scooter",0,"No","Metropolitan","Sunny","Medium",1,"N",5
24,"Drinks ",22,23,4.5,"motorcycle",2,"No","Urban","Windy","Medium",1,"Y",10
19,"Drinks ",29,23,5,"motorcycle",1,"No","Metropolitan","Stormy","Low ",1,"N",15
34,"Buffet ",38,13,4,"electric_scooter",1,"No","Urban","Stormy","High ",1,"N",5
20,"Buffet ",39,15,4.9,"motorcycle",0,"No","Urban","Sandstorms","Low",0,"N",5
28,"Snack ",28,22,4.6,"motorcycle",0,"No","Metropolitan","Cloudy","Medium",1,"N",10
13,"Drinks ",33,12,4.9,"scooter",2,"No","Metropolitan","Cloudy","Low ",0,"Y",15
43,"Buffet ",30,17,4.6,"motorcycle",0,"Yes","Metropolitan","Fog","Low ",2,"Y",15
24,"Snack ",24,18,4.6,"scooter",0,"No","Urban","Fog","Low",1,"N",10
24,"Buffet ",22,23,4.6,"scooter",0,"No","Semi-Urban","Windy","Low ",1,"Y",5
25,"Snack ",36,6,4,"motorcycle",0,"No","Semi-Urban","Sandstorms","Low ",0,"Y",5
29,"Snack ",26,9,4.8,"motorcycle",2,"No","Metropolitan","Sandstorms","Medium",0,"N",5
27,"Drinks ",22,2,4.8,"electric_scooter",2,"No","Metropolitan","Fog","Low ",0,"N",5
28,"Drinks ",26,3,4.5,"motorcycle",1,"No","Urban","Windy","Jam ",1,"Y",5
40,"Buffet ",32,13,4.8,"motorcycle",0,"No","Metropolitan","Sandstorms","Medium",2,"Y",10
27,"Buffet ",36,21,4.9,"electric_scooter",1,"No","Metropolitan","Windy","Medium",1,"Y",10
26,"Drinks ",31,12,4.8,"motorcycle",2,"No","Urban","Fog","Low ",1,"Y",10
28,"Meal ",34,18,5,"motorcycle",2,"No","Metropolitan","Stormy","Low ",1,"N",15
17,"Snack ",29,19,5,"motorcycle",2,"No","Metropolitan","Fog","Medium",1,"N",10
26,"Drinks ",34,19,4.9,"scooter",1,"No","Metropolitan","Sunny","Low ",0,"N",20
22,"Meal ",28,23,4.7,"electric_scooter",2,"No","Metropolitan","Fog","Low ",1,"N",10
28,"Snack ",20,19,5,"electric_scooter",1,"No","Metropolitan","Stormy","Low ",1,"N",10
39,"Drinks ",34,4,4.4,"motorcycle",1,"No","Urban","Stormy","Jam",2,"N",10
17,"Buffet ",32,17,4.9,"electric_scooter",2,"No","Urban","Sunny","Medium",0,"N",5
12,"Meal ",20,12,4.7,"electric_scooter",2,"No","Metropolitan","Sunny","Jam ",0,"N",5
18,"Meal ",30,2,5,"scooter",2,"No","Urban","Windy","Jam ",1,"N",15
21,"Buffet ",37,13,4.9,"electric_scooter",2,"No","Metropolitan","Windy","Low ",1,"N",10
47,"Snack ",28,18,4.6,"scooter",0,"No","Urban","Windy","Jam",1,"Y",15
26,"Buffet ",38,17,4.8,"motorcycle",0,"No","Urban","Windy","Medium",0,"N",15
16,"Snack ",33,9,4.9,"scooter",1,"No","Metropolitan","Sunny","Low ",1,"N",30
13,"Snack ",26,14,4.7,"motorcycle",0,"No","Metropolitan","Sunny","Low ",1,"N",5
36,"Meal ",34,18,4.9,"motorcycle",0,"No","Metropolitan","Sandstorms","Jam",1,"Y",10
30,"Meal ",34,16,4.7,"motorcycle",1,"No","Metropolitan","Fog","Jam ",1,"Y",5
27,"Buffet ",25,21,5,"scooter",1,"No","Semi-Urban","Sunny","Low ",1,"Y",10
24,"Snack ",27,16,4.6,"motorcycle",1,"No","Metropolitan","Stormy","Jam ",1,"N",5
33,"Snack ",34,2,4.2,"scooter",2,"No","Metropolitan","Cloudy","High ",1,"N",10
15,"Buffet ",23,23,4.8,"electric_scooter",2,"No","Metropolitan","Sunny","Jam",0,"N",15
24,"Meal ",37,16,5,"motorcycle",1,"No","Urban","Stormy","Low",1,"N",5
12,"Buffet ",22,3,4.6,"scooter",1,"No","Semi-Urban","Stormy","Low ",1,"N",15
19,"Drinks ",38,9,4.7,"scooter",1,"No","Metropolitan","Fog","Low ",1,"N",5
13,"Meal ",36,17,4.9,"scooter",1,"No","Urban","Sunny","Jam",1,"N",15
25,"Snack ",20,16,4.5,"motorcycle",0,"No","Semi-Urban","Fog","Medium",0,"N",15
35,"Snack ",38,4,3.5,"motorcycle",1,"No","Urban","Stormy","Medium",1,"N",15
27,"Drinks ",26,23,4.8,"motorcycle",0,"No","Metropolitan","Fog","Jam ",0,"N",15
16,"Buffet ",35,23,4.9,"motorcycle",1,"No","Urban","Sunny","High",1,"N",10
11,"Snack ",37,19,4.7,"scooter",2,"No","Metropolitan","Windy","Low",0,"Y",5
46,"Snack ",25,8,4.1,"scooter",0,"No","Metropolitan","Sunny","High ",3,"N",15
26,"Snack ",28,8,4.7,"motorcycle",2,"No","Metropolitan","Stormy","Jam ",0,"N",10
38,"Buffet ",23,18,3.9,"electric_scooter",2,"No","Semi-Urban","Stormy","Low ",1,"N",5
16,"Drinks ",39,15,4.6,"motorcycle",1,"No","Urban","Sunny","Jam",1,"Y",10
25,"Drinks ",23,14,5,"motorcycle",0,"No","Semi-Urban","Sunny","Jam ",1,"N",5
18,"Meal ",26,22,4.8,"scooter",1,"No","Semi-Urban","Sunny","Medium",0,"N",5
33,"Snack ",37,17,4,"electric_scooter",2,"No","Urban","Fog","High ",1,"N",10
41,"Snack ",24,22,4.4,"electric_scooter",2,"No","Metropolitan","Stormy","Jam ",1,"N",5
18,"Drinks ",25,9,4.7,"scooter",1,"No","Metropolitan","Cloudy","Medium",1,"N",10
16,"Drinks ",36,17,5,"motorcycle",2,"No","Urban","Windy","Low",1,"N",5
29,"Snack ",38,16,5,"motorcycle",1,"No","Urban","Fog","Jam ",1,"N",5
33,"Drinks ",39,13,4.6,"motorcycle",1,"No","Metropolitan","Windy","Jam ",1,"N",5
12,"Snack ",23,23,4.7,"electric_scooter",2,"No","Metropolitan","Windy","High ",0,"N",5
25,"Snack ",27,9,4.9,"motorcycle",0,"No","Metropolitan","Stormy","Jam ",0,"N",10
39,"Drinks ",24,5,4,"motorcycle",0,"No","Metropolitan","Sandstorms","Jam ",1,"N",10
29,"Drinks ",32,2,4.9,"scooter",1,"No","Metropolitan","Windy","Medium",0,"N",5
21,"Drinks ",36,4,4,"electric_scooter",0,"No","Urban","Stormy","Low",1,"N",15
26,"Drinks ",30,15,4.6,"motorcycle",0,"No","Metropolitan","Sunny","Medium",1,"N",15
29,"Meal ",36,6,4.5,"electric_scooter",1,"No","Urban","Stormy","Medium",1,"Y",10
11,"Buffet ",21,19,4.8,"motorcycle",1,"No","Urban","Stormy","High ",1,"Y",10
22,"Snack ",38,22,4.5,"motorcycle",0,"No","Urban","Sandstorms","Low",1,"N",10
26,"Buffet ",33,4,4.9,"electric_scooter",2,"No","Urban","Stormy","Low ",0,"N",5
37,"Drinks ",27,4,4.6,"scooter",0,"No","Metropolitan","Sandstorms","Medium",1,"N",10
26,"Meal ",38,3,4.5,"motorcycle",2,"No","Urban","Fog","Medium",0,"Y",10
17,"Snack ",31,23,4.8,"scooter",1,"No","Urban","Sunny","Medium",1,"Y",5
44,"Buffet ",27,10,4,"motorcycle",2,"No","Metropolitan","Fog","Jam ",0,"Y",15
21,"Meal ",37,16,4.6,"motorcycle",0,"No","Urban","Stormy","Low",1,"Y",5
27,"Meal ",21,17,4.9,"scooter",1,"No","Metropolitan","Fog","High ",0,"N",10
13,"Buffet ",26,19,4.6,"motorcycle",1,"No","Urban","Sunny","Medium",1,"Y",10
29,"Drinks ",37,5,4.9,"motorcycle",1,"No","Metropolitan","Stormy","Medium",0,"N",15
12,"Meal ",32,9,4.5,"scooter",2,"No","Metropolitan","Sandstorms","Low ",1,"Y",10
35,"Snack ",38,15,3.2,"scooter",1,"No","Metropolitan","Sunny","Low ",1,"N",15
23,"Snack ",27,22,4.8,"motorcycle",0,"No","Semi-Urban","Cloudy","Low",1,"N",10
14,"Meal ",34,5,4.6,"scooter",1,"No","Urban","Sandstorms","Low",0,"N",10
37,"Snack ",35,7,4.6,"scooter",0,"No","Metropolitan","Sunny","Medium",1,"N",10
18,"Buffet ",33,17,4.8,"scooter",2,"No","Metropolitan","Sandstorms","Medium",0,"N",10
18,"Buffet ",36,18,4.8,"motorcycle",1,"No","Metropolitan","Sunny","Low ",0,"Y",5
15,"Drinks ",36,18,4.7,"scooter",2,"No","Metropolitan","Stormy","Low ",1,"N",10
46,"Snack ",23,21,4.7,"scooter",0,"No","Urban","Cloudy","Jam",2,"Y",10
46,"Meal ",25,23,5,"electric_scooter",0,"No","Metropolitan","Stormy","Jam ",3,"N",15
29,"Drinks ",39,1,4.6,"electric_scooter",2,"No","Metropolitan","Windy","Jam ",1,"N",5
18,"Drinks ",28,23,4.6,"electric_scooter",2,"No","Metropolitan","Sunny","Jam ",1,"N",5
26,"Drinks ",39,23,4.7,"motorcycle",1,"No","Urban","Fog","High ",1,"N",5
12,"Meal ",32,17,4.7,"motorcycle",2,"No","Urban","Cloudy","Medium",0,"N",5
20,"Drinks ",34,13,5,"motorcycle",0,"No","Metropolitan","Sunny","Low ",1,"N",10
48,"Buffet ",21,19,4.6,"motorcycle",0,"No","Semi-Urban","Fog","Medium",2,"Y",10
37,"Buffet ",25,19,5,"motorcycle",0,"No","Semi-Urban","Windy","High",1,"N",5
30,"Drinks ",35,19,4.7,"electric_scooter",1,"No","Urban","Cloudy","Jam ",0,"N",5
27,"Buffet ",27,21,4.6,"motorcycle",1,"No","Semi-Urban","Windy","Jam ",1,"Y",15
37,"Meal ",31,8,5,"scooter",2,"No","Semi-Urban","Fog","Medium",1,"Y",10
30,"Snack ",33,6,4.7,"motorcycle",1,"No","Metropolitan","Stormy","Jam ",1,"N",15
22,"Buffet ",30,15,4.9,"scooter",0,"No","Semi-Urban","Windy","Low ",1,"Y",5
28,"Buffet ",23,18,5,"electric_scooter",1,"No","Metropolitan","Fog","Jam ",1,"Y",5
44,"Drinks ",39,9,4.2,"motorcycle",2,"No","Metropolitan","Stormy","Jam ",1,"N",5
13,"Meal ",25,16,5,"electric_scooter",2,"No","Metropolitan","Sunny","High ",0,"N",10
29,"Buffet ",31,15,4.6,"scooter",1,"No","Metropolitan","Sandstorms","Medium",1,"Y",15
27,"Drinks ",25,23,4.4,"motorcycle",0,"No","Metropolitan","Stormy","Low ",0,"N",15
25,"Snack ",22,22,4.7,"scooter",1,"No","Metropolitan","Sunny","Medium",1,"N",5
15,"Snack ",39,15,4.9,"scooter",1,"No","Metropolitan","Fog","Low",1,"N",10
17,"Buffet ",23,18,4.8,"motorcycle",1,"No","Metropolitan","Windy","Low ",1,"N",15
37,"Snack ",36,4,5,"motorcycle",0,"No","Metropolitan","Cloudy","Medium",2,"N",5
40,"Buffet ",27,16,3.6,"motorcycle",0,"No","Metropolitan","Sunny","Jam ",1,"Y",15
23,"Meal ",23,9,4.7,"electric_scooter",0,"No","Urban","Sunny","Medium",0,"N",10
42,"Drinks ",22,1,4.9,"motorcycle",0,"No","Metropolitan","Cloudy","Jam ",1,"N",10
33,"Buffet ",22,4,4.1,"electric_scooter",0,"No","Metropolitan","Sandstorms","Jam ",1,"Y",15
14,"Drinks ",23,22,5,"scooter",2,"No","Urban","Sunny","High",1,"N",10
34,"Buffet ",20,16,4.9,"scooter",0,"No","Semi-Urban","Sandstorms","Medium",1,"N",10
17,"Drinks ",20,17,4.7,"electric_scooter",2,"No","Metropolitan","Cloudy","Low ",1,"Y",5
16,"Snack ",21,9,4.6,"motorcycle",2,"No","Metropolitan","Sunny","High ",0,"N",5
28,"Snack ",35,16,4.8,"electric_scooter",2,"No","Semi-Urban","Windy","Medium",1,"N",5
43,"Buffet ",37,9,4.7,"electric_scooter",0,"No","Metropolitan","Fog","Jam ",1,"Y",5
27,"Buffet ",24,9,4.8,"electric_scooter",2,"No","Metropolitan","Windy","Low ",0,"Y",10
25,"Meal ",24,9,4.7,"electric_scooter",2,"No","Metropolitan","Sandstorms","Low ",1,"Y",5
18,"Drinks ",28,12,4.7,"scooter",1,"No","Metropolitan","Sunny","Low ",1,"N",10
29,"Buffet ",38,13,4.6,"motorcycle",2,"No","Metropolitan","Sunny","Medium",0,"N",10
27,"Buffet ",37,8,4.7,"motorcycle",1,"No","Metropolitan","Windy","Low ",1,"N",15
23,"Buffet ",39,15,4.8,"motorcycle",0,"No","Metropolitan","Windy","Low ",1,"Y",10
23,"Snack ",35,17,4.6,"motorcycle",0,"No","Urban","Windy","Low",1,"N",10
26,"Drinks ",21,21,4.5,"scooter",2,"No","Urban","Sunny","Medium",1,"N",5
18,"Buffet ",20,22,4.7,"scooter",2,"No","Urban","Windy","Jam ",1,"N",10
32,"Drinks ",31,5,4.8,"motorcycle",1,"No","Urban","Fog","Jam ",1,"Y",15
13,"Snack ",24,23,4.8,"motorcycle",1,"No","Urban","Windy","Low ",0,"N",10
27,"Buffet ",22,19,5,"motorcycle",1,"No","Metropolitan","Fog","High ",1,"N",10
47,"Drinks ",34,3,4.2,"motorcycle",0,"No","Semi-Urban","Sandstorms","Medium",1,"N",15
17,"Buffet ",22,16,4.5,"scooter",2,"No","Metropolitan","Sunny","High ",0,"N",5
19,"Meal ",31,13,4.9,"motorcycle",0,"No","Metropolitan","Stormy","Low ",0,"N",15
43,"Drinks ",32,9,4.4,"motorcycle",0,"No","Metropolitan","Sandstorms","Jam ",1,"N",15
24,"Meal ",28,17,4.6,"electric_scooter",1,"No","Metropolitan","Sunny","High ",1,"N",10
11,"Snack ",31,2,4.5,"scooter",2,"No","Urban","Windy","Low",1,"Y",15
29,"Meal ",27,3,4.7,"electric_scooter",2,"No","Metropolitan","Windy","Low ",0,"Y",15
20,"Snack ",26,22,4.7,"motorcycle",1,"No","Urban","Stormy","Low",1,"N",5
15,"Drinks ",24,23,4.6,"motorcycle",1,"No","Metropolitan","Sunny","Jam ",1,"Y",5
20,"Drinks ",32,16,4.9,"motorcycle",1,"No","Metropolitan","Windy","Jam ",1,"N",5
39,"Meal ",39,7,4.6,"motorcycle",2,"No","Urban","Fog","High ",1,"N",5
51,"Buffet ",21,23,4.4,"motorcycle",0,"No","Urban","Stormy","Jam ",2,"N",10
35,"Drinks ",34,9,4.2,"scooter",2,"No","Metropolitan","Cloudy","Medium",1,"Y",15
16,"Meal ",32,21,5,"scooter",2,"No","Metropolitan","Cloudy","Low ",1,"N",5
51,"Buffet ",21,8,4.4,"motorcycle",0,"Yes","Metropolitan","Stormy","Jam ",3,"Y",15
29,"Drinks ",27,16,5,"motorcycle",1,"No","Urban","Sandstorms","Jam",1,"N",10
29,"Buffet ",39,9,4.9,"electric_scooter",2,"No","Metropolitan","Stormy","Medium",1,"N",5
20,"Buffet ",35,16,4.7,"scooter",2,"No","Urban","Sunny","Low",1,"N",15
39,"Buffet ",23,5,4.4,"motorcycle",0,"No","Urban","Stormy","Jam ",1,"Y",15
27,"Buffet ",26,23,4.8,"scooter",2,"No","Metropolitan","Sandstorms","Low ",1,"Y",10
34,"Buffet ",32,6,4.2,"motorcycle",0,"No","Metropolitan","Sandstorms","Low ",1,"Y",5
22,"Meal ",22,16,4.9,"scooter",1,"No","Urban","Sunny","Low",0,"N",15
30,"Drinks ",30,12,4.8,"scooter",0,"No","Metropolitan","Stormy","Medium",1,"N",5
20,"Meal ",34,15,4.9,"scooter",0,"No","Urban","Sunny","Medium",1,"Y",5
24,"Drinks ",26,17,4.7,"motorcycle",0,"No","Semi-Urban","Cloudy","Low ",0,"N",15
23,"Buffet ",24,9,4.7,"motorcycle",0,"No","Metropolitan","Fog","Jam ",1,"N",15
40,"Snack ",27,9,4.9,"motorcycle",0,"No","Metropolitan","Stormy","Medium",1,"N",15
46,"Buffet ",23,16,5,"motorcycle",0,"Yes","Metropolitan","Fog","Jam ",1,"Y",5
31,"Snack ",26,13,4.8,"motorcycle",0,"No","Metropolitan","Stormy","High ",1,"Y",5
24,"Meal ",32,3,4.5,"motorcycle",0,"No","Metropolitan","Fog","Low ",1,"N",5
13,"Meal ",28,3,4.7,"motorcycle",1,"No","Metropolitan","Sunny","Medium",0,"N",5
37,"Meal ",27,3,4.2,"motorcycle",0,"No","Metropolitan","Stormy","Medium",1,"N",5
34,"Meal ",33,23,4.7,"motorcycle",0,"No","Metropolitan","Cloudy","Medium",1,"Y",15
28,"Drinks ",28,9,4.9,"motorcycle",2,"No","Metropolitan","Sandstorms","Medium",1,"Y",10
20,"Drinks ",20,21,5,"electric_scooter",0,"No","Metropolitan","Fog","Medium",1,"N",5
18,"Drinks ",26,19,4.6,"motorcycle",0,"No","Urban","Stormy","Low",0,"N",15
37,"Drinks ",32,21,4.9,"scooter",2,"No","Metropolitan","Fog","Jam ",2,"N",10
20,"Meal ",24,8,4.7,"motorcycle",0,"No","Metropolitan","Stormy","Low ",0,"N",5
40,"Meal ",25,8,4.1,"motorcycle",0,"No","Metropolitan","Sandstorms","Medium",1,"N",15
28,"Meal ",26,16,4.7,"scooter",2,"No","Urban","Stormy","Jam",1,"N",10
20,"Drinks ",35,23,4.9,"motorcycle",0,"No","Urban","Sunny","Jam ",1,"N",10
20,"Meal ",32,23,4.9,"motorcycle",0,"No","Metropolitan","Sunny","Low ",1,"Y",10
33,"Meal ",27,1,4.4,"motorcycle",0,"No","Semi-Urban","Stormy","Jam ",1,"Y",5
29,"Snack ",23,14,4.8,"motorcycle",0,"No","Metropolitan","Cloudy","Low ",1,"N",5
24,"Snack ",32,16,5,"scooter",1,"No","Urban","Sandstorms","Low",1,"N",10
39,"Drinks ",34,6,4.4,"motorcycle",0,"No","Urban","Sandstorms","Medium",1,"N",15
30,"Drinks ",37,15,4.9,"motorcycle",0,"No","Urban","Sunny","Jam",1,"N",15
21,"Meal ",26,6,4.9,"scooter",2,"No","Metropolitan","Stormy","Low ",1,"Y",10
12,"Meal ",38,15,4.6,"electric_scooter",2,"No","Urban","Cloudy","Low",1,"N",15
32,"Drinks ",21,16,4.7,"scooter",1,"No","Semi-Urban","Cloudy","Medium",0,"N",15
17,"Snack ",20,22,4.7,"electric_scooter",2,"No","Urban","Windy","Low",1,"N",5
45,"Buffet ",23,16,4.6,"motorcycle",0,"No","Metropolitan","Sandstorms","Jam ",1,"Y",10
15,"Snack ",35,16,5,"scooter",1,"No","Urban","Stormy","Medium",1,"N",5
36,"Drinks ",23,9,4.4,"motorcycle",1,"No","Metropolitan","Fog","Medium",2,"N",15
27,"Buffet ",24,9,4.7,"electric_scooter",1,"No","Metropolitan","Windy","High ",1,"N",10
26,"Snack ",30,21,4.9,"scooter",1,"No","Urban","Stormy","Medium",1,"N",15
18,"Snack ",31,22,4.6,"motorcycle",2,"No","Semi-Urban","Fog","Low ",1,"N",15
36,"Buffet ",21,8,4.4,"motorcycle",0,"No","Metropolitan","Stormy","Low ",0,"N",5
14,"Drinks ",38,23,4.9,"motorcycle",1,"No","Semi-Urban","Fog","Low ",0,"Y",5
23,"Buffet ",21,19,4.7,"motorcycle",1,"No","Metropolitan","Sunny","Low ",0,"Y",10
17,"Drinks ",26,12,5,"motorcycle",1,"No","Metropolitan","Sunny","Medium",1,"N",15
24,"Drinks ",30,22,4.8,"scooter",1,"No","Metropolitan","Fog","Low ",0,"Y",5
19,"Snack ",29,23,4.7,"scooter",0,"No","Metropolitan","Windy","Medium",1,"N",15
34,"Buffet ",34,13,5,"scooter",1,"No","Metropolitan","Fog","Medium",1,"N",5
26,"Drinks ",21,16,4.6,"scooter",1,"No","Urban","Cloudy","Low ",1,"N",20
26,"Drinks ",32,7,5,"scooter",1,"No","Metropolitan","Sandstorms","Jam ",1,"N",5
17,"Drinks ",31,22,5,"scooter",2,"No","Urban","Windy","High",0,"N",5
32,"Drinks ",28,23,4.8,"scooter",1,"No","Metropolitan","Cloudy","Medium",0,"N",10
32,"Snack ",35,7,4.7,"motorcycle",0,"No","Metropolitan","Fog","Jam ",1,"N",15
25,"Meal ",26,9,4.8,"scooter",2,"No","Metropolitan","Fog","Medium",1,"N",15
24,"Meal ",24,12,4.7,"motorcycle",2,"No","Urban","Sunny","Jam ",1,"N",5
30,"Drinks ",28,12,5,"motorcycle",0,"No","Metropolitan","Fog","Medium",0,"N",5
35,"Buffet ",36,16,4.3,"scooter",2,"No","Urban","Sandstorms","Medium",1,"N",5
44,"Buffet ",28,21,5,"motorcycle",1,"No","Semi-Urban","Fog","Jam ",2,"N",5
28,"Snack ",30,15,4.8,"motorcycle",0,"No","Metropolitan","Fog","Low ",1,"N",10
25,"Snack ",37,9,4.6,"scooter",1,"No","Metropolitan","Sandstorms","Jam ",1,"Y",5
38,"Meal ",28,9,3.6,"motorcycle",2,"No","Metropolitan","Windy","Medium",1,"N",15
36,"Drinks ",36,5,4.1,"motorcycle",0,"No","Semi-Urban","Stormy","Jam",1,"N",15
31,"Drinks ",28,2,5,"motorcycle",0,"No","Metropolitan","Stormy","Jam ",0,"N",5
28,"Snack ",30,17,5,"electric_scooter",0,"No","Metropolitan","Sunny","Medium",1,"N",10
35,"Drinks ",34,3,4.1,"motorcycle",2,"No","Metropolitan","Stormy","Medium",1,"N",10
27,"Snack ",34,23,4.8,"scooter",1,"No","Metropolitan","Windy","Medium",1,"N",15
18,"Snack ",36,21,4.7,"motorcycle",0,"No","Urban","Windy","Low",1,"Y",10
33,"Buffet ",39,19,4.1,"electric_scooter",2,"No","Semi-Urban","Stormy","High ",1,"N",5
32,"Drinks ",22,8,4.2,"motorcycle",0,"No","Metropolitan","Fog","Jam ",1,"N",10
11,"Drinks ",25,4,4.8,"motorcycle",2,"No","Semi-Urban","Windy","Low ",0,"N",10
26,"Drinks ",29,2,4.8,"motorcycle",2,"No","Metropolitan","Fog","Low ",1,"N",10
35,"Buffet ",26,1,4.4,"scooter",2,"No","Metropolitan","Cloudy","Jam ",0,"N",15
29,"Drinks ",23,18,4.7,"motorcycle",0,"No","Metropolitan","Cloudy","Medium",1,"Y",10
27,"Drinks ",26,21,4.8,"motorcycle",1,"No","Urban","Cloudy","Low",1,"N",25
48,"Snack ",30,17,4.7,"electric_scooter",0,"No","Urban","Cloudy","Jam ",1,"N",10
14,"Drinks ",22,13,4.7,"motorcycle",2,"No","Metropolitan","Stormy","Low ",1,"N",5
21,"Snack ",31,6,4.9,"motorcycle",0,"No","Urban","Windy","Low",0,"N",15
38,"Drinks ",32,4,4.3,"electric_scooter",0,"No","Urban","Fog","Low",0,"N",10
30,"Drinks ",25,9,4.7,"scooter",1,"No","Metropolitan","Sandstorms","Jam ",1,"N",10
43,"Buffet ",20,9,3.8,"motorcycle",2,"No","Metropolitan","Sandstorms","Jam ",0,"N",15
15,"Snack ",30,12,4.6,"motorcycle",1,"No","Metropolitan","Stormy","Low ",1,"N",25
26,"Snack ",37,15,4.8,"scooter",1,"No","Metropolitan","Windy","Medium",0,"Y",15
46,"Snack ",23,9,4.3,"motorcycle",0,"No","Metropolitan","Windy","Jam ",1,"N",5
28,"Meal ",32,14,5,"motorcycle",0,"No","Metropolitan","Stormy","Low ",1,"N",10
14,"Drinks ",21,6,4.6,"electric_scooter",2,"No","Metropolitan","Stormy","Low ",0,"N",15
28,"Buffet ",27,18,4.7,"electric_scooter",1,"No","Metropolitan","Stormy","Medium",1,"Y",10
39,"Meal ",21,22,4.3,"motorcycle",1,"No","Metropolitan","Cloudy","Medium",0,"N",15
23,"Drinks ",25,14,5,"motorcycle",0,"No","Metropolitan","Fog","Low ",1,"N",5
16,"Meal ",38,1,5,"scooter",2,"No","Metropolitan","Sandstorms","Jam ",1,"N",15
15,"Buffet ",35,5,4.8,"motorcycle",1,"No","Semi-Urban","Stormy","Low",0,"N",15
14,"Drinks ",38,23,4.9,"motorcycle",0,"No","Urban","Sunny","Low",1,"N",5
33,"Buffet ",37,4,5,"motorcycle",0,"No","Metropolitan","Sandstorms","Medium",2,"N",10
19,"Meal ",28,16,4.7,"electric_scooter",1,"No","Metropolitan","Sunny","Medium",1,"N",15
41,"Snack ",30,3,4.1,"electric_scooter",2,"No","Urban","Fog","Jam",2,"N",15
28,"Buffet ",26,13,4.5,"scooter",0,"No","Metropolitan","Cloudy","Low ",1,"N",5
31,"Drinks ",23,23,4.3,"electric_scooter",1,"No","Metropolitan","Sandstorms","Jam ",1,"N",5
32,"Buffet ",38,4,4.3,"motorcycle",1,"No","Urban","Fog","Jam ",1,"N",15
32,"Snack ",38,4,4.9,"motorcycle",1,"No","Metropolitan","Stormy","Medium",0,"N",10
37,"Meal ",24,21,4.9,"motorcycle",1,"No","Metropolitan","Fog","Jam ",1,"N",10
27,"Buffet ",27,2,4.9,"electric_scooter",2,"No","Urban","Sandstorms","High ",0,"N",5
42,"Buffet ",25,17,4.5,"motorcycle",0,"No","Urban","Fog","Medium",0,"N",10
44,"Buffet ",21,23,4.6,"electric_scooter",0,"No","Metropolitan","Fog","Jam ",1,"N",15
21,"Meal ",25,14,4.9,"motorcycle",0,"No","Metropolitan","Sunny","Low ",1,"N",5
39,"Meal ",23,5,4.7,"motorcycle",0,"No","Metropolitan","Fog","Medium",2,"N",15
32,"Meal ",24,3,4.1,"motorcycle",2,"No","Metropolitan","Fog","Jam ",1,"N",5
30,"Snack ",28,3,4.5,"motorcycle",0,"No","Urban","Stormy","Low",1,"N",5
27,"Snack ",37,4,4.5,"motorcycle",2,"No","Urban","Windy","Medium",1,"N",15
23,"Snack ",28,18,4.9,"scooter",1,"No","Urban","Sandstorms","Medium",1,"Y",15
27,"Buffet ",39,15,5,"electric_scooter",2,"No","Urban","Stormy","Medium",1,"N",5
39,"Drinks ",34,3,4.4,"scooter",2,"No","Metropolitan","Cloudy","Jam ",2,"N",5
17,"Buffet ",26,23,4.6,"electric_scooter",2,"No","Urban","Stormy","Low",1,"Y",15
18,"Meal ",31,12,4.5,"scooter",2,"No","Metropolitan","Sandstorms","High ",0,"N",15
20,"Drinks ",21,23,4.6,"scooter",2,"No","Metropolitan","Sunny","Jam ",0,"N",5
20,"Meal ",23,15,4.8,"motorcycle",1,"No","Metropolitan","Windy","Medium",1,"Y",5
28,"Meal ",33,13,4.6,"motorcycle",0,"No","Metropolitan","Cloudy","Jam ",1,"Y",10
32,"Buffet ",30,14,4.6,"motorcycle",0,"No","Urban","Cloudy","Medium",1,"N",5
20,"Snack ",23,18,4.8,"electric_scooter",0,"No","Urban","Cloudy","Low",1,"N",10
25,"Buffet ",39,19,4.6,"motorcycle",0,"No","Urban","Cloudy","Low",1,"N",10
41,"Meal ",30,3,4.7,"electric_scooter",0,"No","Metropolitan","Windy","Medium",0,"N",5
40,"Buffet ",36,21,3.8,"scooter",2,"Yes","Metropolitan","Windy","Jam ",1,"Y",10
10,"Meal ",35,22,4.7,"scooter",2,"No","Urban","Sandstorms","High",0,"Y",5
20,"Snack ",34,22,4.5,"motorcycle",1,"No","Metropolitan","Sandstorms","Medium",0,"N",10
47,"Snack ",33,21,4.6,"motorcycle",0,"No","Urban","Cloudy","Jam",1,"N",15
37,"Meal ",27,8,3.8,"electric_scooter",2,"No","Metropolitan","Fog","Low ",0,"N",10
22,"Meal ",20,22,4.7,"electric_scooter",0,"No","Urban","Sunny","Medium",1,"N",10
38,"Drinks ",20,4,4.9,"scooter",0,"No","Metropolitan","Cloudy","Jam ",2,"N",15
11,"Snack ",35,19,4.7,"motorcycle",0,"No","Metropolitan","Sandstorms","Medium",1,"N",5
26,"Meal ",29,21,4.7,"motorcycle",0,"No","Metropolitan","Sunny","Jam ",1,"N",5
17,"Snack ",32,23,5,"motorcycle",2,"No","Metropolitan","Sunny","Low",0,"Y",5
27,"Drinks ",21,19,4.9,"scooter",1,"No","Metropolitan","Fog","Jam ",1,"Y",5
25,"Snack ",25,23,4.8,"electric_scooter",2,"No","Metropolitan","Sandstorms","Jam ",1,"N",10
46,"Meal ",27,1,4.7,"motorcycle",0,"No","Semi-Urban","Cloudy","Jam ",3,"N",15
24,"Buffet ",24,14,4.7,"motorcycle",0,"No","Metropolitan","Fog","Low ",1,"N",10
14,"Meal ",39,19,4.8,"motorcycle",1,"No","Semi-Urban","Fog","Low ",1,"N",5
37,"Meal ",36,3,4,"motorcycle",0,"No","Urban","Sandstorms","Medium",1,"N",5
19,"Buffet ",21,7,4.9,"scooter",2,"No","Semi-Urban","Windy","Low ",0,"N",10
50,"Meal ",31,17,4.7,"motorcycle",0,"No","Metropolitan","Cloudy","Jam ",1,"N",10
13,"Snack ",26,14,4.7,"motorcycle",0,"No","Metropolitan","Sunny","Low ",1,"N",5
33,"Meal ",37,18,4.1,"motorcycle",1,"No","Metropolitan","Sandstorms","Medium",1,"N",15
27,"Snack ",20,18,4.7,"scooter",2,"No","Metropolitan","Stormy","Low ",1,"N",5
27,"Drinks ",21,18,4.9,"motorcycle",2,"No","Metropolitan","Sunny","Low ",1,"Y",5
39,"Snack ",34,13,4.4,"electric_scooter",1,"Yes","Metropolitan","Fog","Medium",2,"N",5
33,"Meal ",32,8,4.6,"motorcycle",0,"No","Metropolitan","Fog","Medium",1,"Y",5
28,"Buffet ",35,9,4.8,"motorcycle",0,"No","Metropolitan","Sunny","Low ",1,"N",10
25,"Meal ",30,19,4.8,"scooter",0,"No","Semi-Urban","Cloudy","Medium",1,"N",10
21,"Drinks ",37,13,4.9,"scooter",1,"No","Semi-Urban","Stormy","Medium",0,"Y",5
30,"Snack ",24,3,4.6,"scooter",2,"No","Metropolitan","Windy","Jam ",1,"N",15
29,"Buffet ",21,2,4.3,"motorcycle",0,"No","Urban","Stormy","Low",1,"N",10
42,"Meal ",37,23,4.4,"motorcycle",0,"Yes","Metropolitan","Windy","Jam ",1,"N",10
22,"Snack ",36,23,4.9,"motorcycle",2,"No","Urban","Windy","High",1,"N",10
18,"Drinks ",37,18,4.8,"motorcycle",1,"No","Urban","Sunny","Jam",0,"Y",15
18,"Drinks ",31,19,4.6,"scooter",1,"No","Urban","Cloudy","Low ",0,"N",5
20,"Meal ",39,1,4.5,"electric_scooter",1,"No","Urban","Stormy","Low",1,"Y",15
37,"Meal ",27,14,4.4,"scooter",1,"No","Metropolitan","Sandstorms","Jam ",1,"N",15
37,"Snack ",29,4,4.4,"scooter",0,"No","Urban","Sandstorms","Jam",0,"N",5
26,"Buffet ",32,17,4.6,"electric_scooter",1,"No","Metropolitan","Sandstorms","Jam ",1,"N",10
22,"Meal ",37,13,4.5,"electric_scooter",0,"No","Urban","Sunny","Medium",1,"N",5
19,"Meal ",38,16,4.9,"scooter",2,"No","Metropolitan","Sandstorms","Jam ",0,"N",5
45,"Drinks ",34,23,4.7,"motorcycle",0,"Yes","Semi-Urban","Cloudy","Jam ",3,"N",10
42,"Meal ",35,1,4,"scooter",0,"No","Metropolitan","Cloudy","Low ",2,"Y",30
27,"Buffet ",33,14,4.7,"motorcycle",1,"No","Metropolitan","Windy","High ",0,"Y",5
12,"Drinks ",23,13,4.6,"scooter",1,"No","Metropolitan","Fog","Low ",0,"N",25
54,"Drinks ",26,9,4.6,"electric_scooter",0,"No","Metropolitan","Fog","Jam ",1,"Y",5
28,"Drinks ",30,23,4.5,"scooter",2,"No","Urban","Windy","Medium",1,"N",10
33,"Drinks ",32,9,4.7,"electric_scooter",1,"No","Metropolitan","Sunny","High ",1,"Y",5
40,"Drinks ",35,18,4.7,"scooter",0,"No","Urban","Sandstorms","Jam",2,"N",15
26,"Drinks ",32,9,5,"scooter",1,"No","Metropolitan","Fog","Jam ",1,"N",10
37,"Meal ",31,6,4.7,"motorcycle",0,"No","Semi-Urban","Sandstorms","Medium",2,"N",10
22,"Snack ",37,18,4.9,"scooter",1,"No","Metropolitan","Sunny","Low ",1,"Y",15
26,"Meal ",24,1,4.2,"motorcycle",0,"No","Metropolitan","Stormy","Low ",1,"N",5
20,"Meal ",38,19,4.7,"motorcycle",1,"No","Urban","Cloudy","Low",1,"N",10
33,"Meal ",21,12,5,"motorcycle",2,"No","Metropolitan","Sandstorms","High ",1,"Y",15
29,"Buffet ",20,13,4.3,"scooter",0,"No","Metropolitan","Windy","Low ",1,"Y",10
27,"Meal ",28,23,5,"scooter",0,"No","Metropolitan","Fog","Medium",1,"N",5
14,"Drinks ",35,1,4.5,"motorcycle",2,"No","Urban","Stormy","High",0,"Y",15
25,"Drinks ",39,7,4.2,"motorcycle",0,"No","Metropolitan","Windy","Low ",1,"N",5
27,"Snack ",35,5,4.6,"motorcycle",1,"No","Urban","Stormy","Medium",1,"Y",15
44,"Snack ",28,4,3.7,"scooter",2,"No","Urban","Windy","Jam",1,"N",15
30,"Snack ",34,1,4.7,"scooter",1,"No","Metropolitan","Stormy","Jam ",0,"Y",15
24,"Snack ",38,18,5,"motorcycle",1,"No","Metropolitan","Fog","Jam ",1,"N",15
24,"Drinks ",29,23,4.6,"motorcycle",1,"No","Urban","Sandstorms","Medium",1,"N",5
16,"Drinks ",20,6,4.6,"electric_scooter",2,"No","Urban","Fog","Low",1,"N",10
24,"Drinks ",36,21,4.7,"electric_scooter",0,"No","Metropolitan","Cloudy","Medium",1,"Y",10
33,"Snack ",29,23,4.9,"motorcycle",1,"No","Urban","Stormy","High ",1,"Y",15
35,"Drinks ",28,8,4.3,"scooter",0,"No","Metropolitan","Windy","Medium",1,"N",5
27,"Drinks ",33,12,4.7,"motorcycle",2,"No","Urban","Sandstorms","High ",0,"Y",5
42,"Meal ",37,3,4.3,"motorcycle",1,"No","Metropolitan","Fog","Medium",1,"N",10
18,"Drinks ",33,22,4.9,"electric_scooter",2,"No","Metropolitan","Windy","Low ",1,"Y",10
28,"Buffet ",29,14,4.5,"motorcycle",0,"No","Semi-Urban","Stormy","Low ",0,"Y",15
20,"Meal ",29,19,4.7,"electric_scooter",2,"No","Semi-Urban","Sunny","Low",0,"Y",10
27,"Meal ",33,12,4.6,"motorcycle",0,"No","Metropolitan","Windy","High ",1,"N",15
37,"Buffet ",38,15,4.6,"motorcycle",1,"No","Metropolitan","Sunny","Jam ",1,"N",10
41,"Meal ",21,3,4.3,"electric_scooter",2,"No","Semi-Urban","Fog","Jam ",1,"Y",5
20,"Meal ",23,17,5,"motorcycle",1,"No","Urban","Fog","Jam",1,"Y",5
29,"Snack ",38,13,4.8,"electric_scooter",1,"No","Metropolitan","Stormy","Jam ",1,"N",15
12,"Meal ",29,15,4.7,"scooter",2,"No","Urban","Sunny","High ",0,"N",15
23,"Drinks ",24,18,4.5,"electric_scooter",1,"No","Metropolitan","Sunny","Jam ",0,"N",5
20,"Drinks ",28,19,4.6,"motorcycle",1,"No","Metropolitan","Windy","Low ",1,"N",15
23,"Meal ",38,6,4.5,"electric_scooter",1,"No","Urban","Sandstorms","Low",1,"N",10
19,"Drinks ",39,23,4.6,"motorcycle",1,"No","Metropolitan","Fog","Low ",0,"N",15
44,"Buffet ",32,11,3.5,"motorcycle",2,"No","Metropolitan","Stormy","Jam ",1,"Y",5
28,"Meal ",23,4,4.5,"motorcycle",0,"No","Urban","Stormy","Medium",1,"N",10
20,"Meal ",25,21,4.9,"scooter",1,"No","Urban","Sunny","Low",1,"N",15
44,"Drinks ",36,5,4.3,"motorcycle",2,"Yes","Semi-Urban","Sandstorms","Jam",1,"N",15
16,"Meal ",36,23,4.9,"motorcycle",2,"No","Metropolitan","Fog","Medium",0,"N",15
29,"Meal ",35,8,4.9,"scooter",2,"No","Metropolitan","Sandstorms","Low ",1,"N",15
25,"Meal ",36,5,4.9,"scooter",1,"No","Semi-Urban","Windy","Jam ",1,"N",5
25,"Drinks ",32,7,4.3,"motorcycle",0,"No","Metropolitan","Windy","Low ",1,"N",15
29,"Meal ",36,4,4.6,"electric_scooter",2,"No","Metropolitan","Windy","High",1,"N",15
36,"Buffet ",29,6,4.4,"electric_scooter",0,"No","Urban","Windy","Medium",0,"N",5
12,"Meal ",33,18,4.5,"electric_scooter",2,"No","Metropolitan","Stormy","Low ",1,"N",10
11,"Snack ",22,15,5,"motorcycle",1,"No","Metropolitan","Sunny","Medium",0,"N",15
45,"Buffet ",31,7,4.2,"motorcycle",1,"No","Metropolitan","Fog","Jam ",1,"N",5
30,"Meal ",26,1,4.6,"electric_scooter",2,"No","Metropolitan","Cloudy","Jam ",1,"N",5
26,"Snack ",33,3,4.5,"scooter",1,"No","Urban","Sandstorms","Medium",1,"Y",10
22,"Meal ",22,16,4.7,"electric_scooter",2,"No","Metropolitan","Cloudy","Jam",0,"Y",15
40,"Snack ",33,11,4.7,"scooter",1,"No","Metropolitan","Cloudy","Jam ",1,"N",15
44,"Snack ",27,16,4.8,"scooter",0,"No","Metropolitan","Fog","Low ",2,"Y",10
24,"Buffet ",25,23,4.9,"electric_scooter",2,"No","Semi-Urban","Fog","High ",1,"N",10
46,"Drinks ",33,21,4.6,"motorcycle",0,"No","Semi-Urban","Cloudy","Medium",3,"N",10
22,"Meal ",33,5,5,"scooter",2,"No","Semi-Urban","Windy","Medium",0,"N",10
13,"Meal ",39,16,4.8,"motorcycle",1,"No","Urban","Cloudy","Low",1,"N",10
49,"Drinks ",24,7,4.6,"scooter",2,"No","Metropolitan","Cloudy","Jam ",1,"N",10
45,"Meal ",37,8,4.7,"motorcycle",2,"No","Metropolitan","Cloudy","Jam ",2,"N",15
15,"Meal ",35,2,5,"motorcycle",2,"No","Semi-Urban","Stormy","Low ",1,"N",10
26,"Buffet ",30,3,5,"motorcycle",1,"No","Semi-Urban","Windy","Medium",1,"N",10
13,"Meal ",36,23,4.8,"scooter",1,"No","Urban","Stormy","Jam",0,"N",15
26,"Snack ",38,13,4.9,"scooter",2,"No","Urban","Sunny","Low ",1,"N",10
26,"Buffet ",32,3,4.5,"electric_scooter",2,"No","Urban","Sandstorms","Low",0,"N",10
21,"Drinks ",37,4,4.4,"motorcycle",0,"No","Urban","Stormy","Low",1,"Y",5
23,"Buffet ",27,21,5,"electric_scooter",2,"No","Metropolitan","Sandstorms","Jam ",1,"Y",15
28,"Meal ",33,2,4.8,"scooter",2,"No","Metropolitan","Sandstorms","Jam ",1,"N",10
25,"Drinks ",35,21,4.5,"motorcycle",2,"No","Metropolitan","Windy","Medium",0,"Y",10
28,"Meal ",27,22,4.9,"motorcycle",0,"No","Metropolitan","Stormy","Jam ",0,"N",5
13,"Drinks ",37,13,4.7,"electric_scooter",1,"No","Metropolitan","Windy","Low ",0,"Y",15
25,"Snack ",26,3,5,"motorcycle",1,"No","Urban","Sandstorms","Medium",0,"N",10
15,"Meal ",29,3,4.5,"scooter",2,"No","Urban","Windy","Low",1,"N",5
25,"Drinks ",26,16,5,"motorcycle",0,"No","Metropolitan","Stormy","Low ",1,"N",5
28,"Meal ",37,21,4.7,"scooter",2,"No","Metropolitan","Stormy","Jam ",1,"N",10
32,"Buffet ",35,9,4.3,"scooter",0,"No","Semi-Urban","Sandstorms","Jam ",1,"Y",15
11,"Drinks ",25,21,4.6,"electric_scooter",1,"No","Urban","Fog","Medium",1,"N",15
18,"Drinks ",34,2,4.5,"scooter",1,"No","Urban","Sandstorms","Low",0,"Y",10
18,"Snack ",34,18,4.9,"scooter",1,"No","Urban","Fog","Low ",1,"N",15
27,"Snack ",26,22,4.9,"motorcycle",0,"No","Metropolitan","Windy","Jam ",0,"N",10
37,"Drinks ",39,4,4.3,"motorcycle",0,"No","Metropolitan","Stormy","Medium",1,"N",5
24,"Snack ",23,15,4.8,"motorcycle",0,"No","Urban","Stormy","Low",1,"N",10
28,"Buffet ",26,9,4.8,"motorcycle",0,"No","Semi-Urban","Fog","Low ",1,"N",15
18,"Drinks ",23,5,4.6,"motorcycle",1,"No","Metropolitan","Fog","Low ",1,"N",5
16,"Buffet ",31,3,4.6,"electric_scooter",2,"No","Metropolitan","Fog","Low ",1,"Y",10
19,"Snack ",20,21,4.9,"electric_scooter",0,"No","Metropolitan","Windy","Low ",0,"N",15
29,"Snack ",36,5,4.6,"electric_scooter",2,"No","Semi-Urban","Sunny","Jam ",1,"N",10
25,"Meal ",22,9,4.6,"motorcycle",0,"No","Metropolitan","Windy","Jam ",0,"N",10
21,"Drinks ",36,21,4.5,"scooter",0,"No","Metropolitan","Stormy","Low ",1,"N",15
21,"Snack ",39,2,5,"motorcycle",0,"No","Metropolitan","Fog","Low ",1,"N",10
27,"Buffet ",39,15,4.3,"motorcycle",0,"No","Semi-Urban","Windy","Low ",1,"N",10
20,"Drinks ",37,22,4.9,"electric_scooter",1,"No","Metropolitan","Windy","Low ",0,"Y",30
17,"Snack ",29,6,4.5,"motorcycle",1,"No","Metropolitan","Windy","Jam ",1,"N",5
40,"Meal ",22,11,5,"motorcycle",0,"No","Metropolitan","Stormy","Medium",1,"N",10
15,"Meal ",29,22,4.8,"motorcycle",0,"No","Semi-Urban","Sandstorms","Medium",0,"N",10
32,"Snack ",27,19,5,"electric_scooter",0,"No","Metropolitan","Stormy","High ",1,"N",15
30,"Buffet ",31,21,4.2,"motorcycle",0,"No","Metropolitan","Windy","Low",1,"N",5
17,"Buffet ",23,13,4.9,"scooter",1,"No","Metropolitan","Sunny","Medium",0,"N",15
13,"Drinks ",21,13,4.6,"motorcycle",1,"No","Urban","Stormy","Jam ",1,"N",5
23,"Drinks ",24,17,5,"scooter",2,"No","Metropolitan","Stormy","Low ",1,"N",15
39,"Meal ",29,8,4.6,"motorcycle",0,"No","Urban","Stormy","Medium",0,"Y",5
25,"Meal ",25,3,4.7,"motorcycle",0,"No","Urban","Windy","Medium",1,"N",15
24,"Snack ",27,12,4.6,"motorcycle",0,"No","Metropolitan","Sunny","Low ",1,"N",15
34,"Drinks ",39,11,4,"motorcycle",2,"No","Metropolitan","Fog","Medium",0,"N",10
30,"Buffet ",39,2,5,"electric_scooter",2,"No","Urban","Fog","Low ",0,"N",5
20,"Meal ",21,3,4.4,"motorcycle",0,"No","Urban","Stormy","Low",0,"N",10
16,"Snack ",27,23,4.9,"motorcycle",0,"No","Urban","Sunny","Jam ",1,"N",15
22,"Buffet ",20,1,4.4,"motorcycle",0,"No","Urban","Stormy","Low",0,"N",15
15,"Snack ",27,13,4.8,"electric_scooter",1,"No","Urban","Stormy","Low ",1,"Y",5
38,"Drinks ",26,22,4.4,"electric_scooter",0,"No","Metropolitan","Stormy","Medium",2,"N",10
36,"Drinks ",34,8,4.9,"motorcycle",0,"No","Semi-Urban","Sandstorms","Medium",1,"Y",10
23,"Drinks ",27,23,4.4,"scooter",0,"No","Semi-Urban","Stormy","Low ",0,"N",15
21,"Snack ",27,23,4.5,"motorcycle",0,"No","Metropolitan","Sandstorms","Low ",0,"Y",10
21,"Buffet ",36,12,4.7,"motorcycle",2,"No","Metropolitan","Sunny","Low ",1,"Y",5
25,"Snack ",22,4,4.8,"motorcycle",1,"No","Urban","Stormy","Jam",1,"N",5
23,"Snack ",23,19,4.9,"electric_scooter",2,"No","Urban","Windy","Medium",0,"N",5
15,"Buffet ",34,19,4.5,"scooter",2,"No","Metropolitan","Sunny","Medium",1,"N",5
39,"Meal ",35,11,4,"motorcycle",0,"No","Metropolitan","Sandstorms","Medium",1,"N",5
31,"Buffet ",25,18,4,"motorcycle",2,"No","Metropolitan","Fog","High ",0,"Y",10
30,"Meal ",27,4,4.9,"motorcycle",0,"No","Urban","Sandstorms","Jam ",0,"N",15
34,"Buffet ",39,3,4.4,"motorcycle",0,"No","Urban","Windy","Medium",1,"N",5
36,"Drinks ",21,2,4.3,"scooter",0,"No","Urban","Windy","Jam",1,"N",15
25,"Buffet ",27,6,4.6,"motorcycle",1,"No","Urban","Windy","Medium",0,"N",5
17,"Snack ",23,23,4.9,"motorcycle",1,"No","Urban","Sunny","Low ",0,"Y",5
29,"Drinks ",33,23,4.5,"motorcycle",1,"No","Urban","Cloudy","Medium",1,"Y",15
32,"Drinks ",24,15,4.9,"scooter",1,"No","Semi-Urban","Fog","Medium",1,"Y",10
47,"Drinks ",22,6,4,"motorcycle",2,"No","Metropolitan","Cloudy","Jam ",1,"N",15
24,"Meal ",29,9,4.9,"motorcycle",1,"No","Semi-Urban","Sunny","Jam ",1,"N",5
21,"Drinks ",25,16,4.8,"motorcycle",1,"No","Metropolitan","Sandstorms","Jam ",0,"N",5
41,"Drinks ",32,5,4.1,"motorcycle",2,"No","Metropolitan","Fog","Jam ",1,"Y",15
34,"Drinks ",32,1,4.2,"electric_scooter",2,"No","Metropolitan","Fog","High ",2,"Y",5
28,"Buffet ",34,14,4.5,"electric_scooter",1,"No","Metropolitan","Stormy","Low ",1,"N",15
21,"Buffet ",26,13,4.6,"scooter",1,"No","Urban","Windy","High ",1,"Y",15
40,"Drinks ",33,3,4.9,"motorcycle",1,"No","Metropolitan","Fog","Jam ",0,"N",10
13,"Drinks ",20,16,4.9,"electric_scooter",1,"No","Semi-Urban","Sandstorms","Low",1,"N",10
24,"Meal ",39,4,4.2,"motorcycle",0,"No","Metropolitan","Stormy","Low ",1,"N",10
15,"Buffet ",29,9,4.7,"scooter",2,"No","Semi-Urban","Sandstorms","Low ",1,"Y",15
32,"Snack ",28,22,4.4,"scooter",1,"No","Semi-Urban","Sunny","Medium",1,"N",10
30,"Drinks ",29,3,4.8,"scooter",2,"No","Urban","Stormy","Medium",1,"N",10
22,"Snack ",38,17,4.3,"motorcycle",0,"No","Urban","Sandstorms","Low ",1,"N",15
29,"Drinks ",27,16,5,"motorcycle",1,"No","Urban","Sandstorms","Jam",1,"N",10
19,"Drinks ",25,17,4.6,"motorcycle",2,"No","Urban","Sandstorms","Low",1,"N",15
23,"Meal ",20,16,4.7,"motorcycle",2,"No","Metropolitan","Windy","Low ",0,"N",10
27,"Meal ",32,13,4.6,"scooter",2,"No","Semi-Urban","Fog","High ",0,"N",15
25,"Buffet ",22,18,4.8,"motorcycle",2,"No","Metropolitan","Cloudy","Low ",0,"N",10
13,"Snack ",34,16,4.8,"scooter",1,"No","Metropolitan","Fog","Low",0,"Y",15
18,"Meal ",37,16,4.7,"scooter",1,"No","Urban","Windy","Jam ",1,"N",10
33,"Buffet ",27,3,4.2,"electric_scooter",2,"No","Metropolitan","Cloudy","Medium",1,"N",10
23,"Buffet ",36,22,4.4,"motorcycle",0,"No","Metropolitan","Windy","Low ",1,"N",5
23,"Meal ",22,23,4.3,"electric_scooter",0,"No","Metropolitan","Windy","Low ",0,"N",15
18,"Snack ",36,12,4.9,"scooter",1,"No","Metropolitan","Cloudy","Low ",1,"N",10
15,"Meal ",22,23,4.7,"electric_scooter",0,"No","Urban","Windy","Jam",1,"N",15
30,"Drinks ",22,16,4.6,"scooter",2,"No","Urban","Fog","High",1,"N",15
45,"Snack ",23,4,5,"scooter",0,"No","Metropolitan","Stormy","Jam ",0,"N",15
15,"Snack ",26,18,4.9,"motorcycle",0,"No","Urban","Windy","Low",1,"Y",15
28,"Buffet ",35,8,4.8,"motorcycle",0,"No","Metropolitan","Fog","Low ",1,"N",10
15,"Drinks ",36,16,4.8,"scooter",1,"No","Metropolitan","Fog","Low ",1,"N",5
20,"Meal ",21,18,4.9,"scooter",1,"No","Semi-Urban","Sunny","Jam ",0,"N",5
29,"Buffet ",25,1,4.5,"scooter",2,"No","Urban","Stormy","Jam",1,"N",10
21,"Meal ",20,23,4.9,"motorcycle",0,"No","Urban","Stormy","Low ",1,"N",25
20,"Meal ",24,23,4.8,"scooter",2,"No","Metropolitan","Windy","Low ",1,"Y",5
18,"Buffet ",30,13,4.8,"scooter",2,"No","Metropolitan","Sandstorms","Low ",1,"N",5
20,"Meal ",25,19,4.7,"motorcycle",0,"No","Urban","Stormy","Medium",1,"Y",15
17,"Meal ",30,19,4.7,"motorcycle",2,"No","Semi-Urban","Windy","Low",1,"N",5
32,"Buffet ",22,5,4.5,"scooter",2,"No","Urban","Windy","Jam ",1,"N",15
27,"Buffet ",26,23,4,"motorcycle",0,"No","Semi-Urban","Stormy","Low ",1,"Y",5
22,"Meal ",26,23,4.9,"electric_scooter",0,"No","Urban","Sunny","Low",0,"N",15
30,"Buffet ",39,2,4.9,"motorcycle",2,"No","Metropolitan","Windy","Jam ",0,"N",5
28,"Meal ",30,19,5,"electric_scooter",0,"No","Semi-Urban","Sandstorms","Low",1,"N",10
34,"Buffet ",28,9,4.9,"motorcycle",0,"No","Metropolitan","Fog","Jam ",0,"N",10
25,"Snack ",38,22,5,"electric_scooter",1,"No","Metropolitan","Sunny","Low ",1,"N",15
10,"Buffet ",31,18,4.9,"scooter",1,"No","Metropolitan","Sunny","Medium",1,"N",10
21,"Drinks ",39,13,4.6,"scooter",1,"No","Metropolitan","Sunny","Jam ",1,"N",10
21,"Drinks ",37,15,4.8,"motorcycle",1,"No","Metropolitan","Stormy","Medium",1,"Y",15
12,"Buffet ",29,18,4.8,"scooter",1,"No","Urban","Windy","Low",0,"N",5
23,"Meal ",35,7,4.6,"scooter",1,"No","Metropolitan","Fog","Jam ",1,"Y",15
34,"Drinks ",26,3,4.7,"motorcycle",0,"No","Metropolitan","Stormy","Medium",0,"N",10
28,"Snack ",35,5,4.7,"motorcycle",0,"No","Semi-Urban","Sunny","Low ",1,"N",5
41,"Meal ",23,15,3.5,"scooter",1,"No","Metropolitan","Stormy","Jam ",1,"N",10
35,"Snack ",30,3,3.7,"motorcycle",1,"No","Metropolitan","Windy","Medium",2,"N",15
38,"Buffet ",38,2,4.4,"scooter",0,"No","Semi-Urban","Stormy","Medium",1,"N",10
26,"Meal ",25,22,4.6,"motorcycle",0,"No","Metropolitan","Stormy","Medium",1,"Y",10
17,"Meal ",37,22,4.8,"motorcycle",1,"No","Metropolitan","Fog","Low",1,"N",10
22,"Snack ",21,14,4.9,"scooter",1,"No","Metropolitan","Sandstorms","Low ",1,"N",25
27,"Snack ",25,21,4.8,"motorcycle",0,"No","Semi-Urban","Fog","Medium",1,"N",5
40,"Drinks ",34,13,4.6,"scooter",1,"No","Metropolitan","Fog","Medium",1,"N",10
19,"Buffet ",30,18,4.8,"electric_scooter",1,"No","Urban","Sandstorms","High",1,"N",10
24,"Buffet ",36,22,4.8,"scooter",0,"No","Metropolitan","Cloudy","Low ",0,"N",5
29,"Buffet ",36,4,4.7,"scooter",2,"No","Metropolitan","Stormy","Jam ",1,"N",5
25,"Buffet ",38,23,4.9,"scooter",1,"No","Metropolitan","Stormy","Medium",1,"N",15
26,"Snack ",20,6,4.5,"electric_scooter",2,"No","Urban","Stormy","Jam",1,"N",5
38,"Buffet ",33,17,4.4,"scooter",1,"No","Metropolitan","Fog","Medium",2,"Y",15
38,"Buffet ",36,19,4.8,"motorcycle",0,"No","Metropolitan","Sandstorms","Jam ",0,"Y",15
24,"Drinks ",39,15,4.8,"motorcycle",1,"No","Semi-Urban","Windy","Medium",1,"Y",5
14,"Drinks ",22,13,4.7,"motorcycle",2,"No","Metropolitan","Stormy","Low ",1,"N",5
24,"Meal ",36,23,4.9,"scooter",1,"No","Metropolitan","Sunny","Medium",1,"Y",5
33,"Drinks ",21,7,4.1,"scooter",2,"No","Metropolitan","Windy","Jam ",0,"N",10
30,"Snack ",22,23,4.6,"motorcycle",0,"No","Urban","Sandstorms","Jam ",0,"N",10
19,"Snack ",23,23,4.5,"electric_scooter",1,"No","Metropolitan","Stormy","Low ",1,"N",10
24,"Snack ",34,9,4.6,"motorcycle",0,"No","Metropolitan","Fog","Medium",1,"N",15
29,"Meal ",26,6,5,"motorcycle",1,"No","Metropolitan","Stormy","Low ",0,"N",5
10,"Drinks ",23,15,4.6,"motorcycle",2,"No","Urban","Sandstorms","Low",0,"N",10
22,"Buffet ",38,22,4.6,"scooter",1,"No","Metropolitan","Sunny","Jam ",0,"N",5
10,"Meal ",24,2,4.7,"motorcycle",1,"No","Semi-Urban","Stormy","Low ",0,"N",10
16,"Snack ",26,16,4.6,"electric_scooter",2,"No","Metropolitan","Sunny","Jam ",1,"N",15
41,"Snack ",27,9,4.3,"motorcycle",0,"No","Urban","Sunny","Jam ",2,"Y",10
27,"Drinks ",31,21,4.9,"scooter",1,"No","Semi-Urban","Stormy","Medium",0,"N",10
42,"Meal ",26,4,4.2,"motorcycle",0,"No","Urban","Sunny","Jam ",2,"N",5
30,"Meal ",35,6,4.8,"motorcycle",0,"No","Urban","Windy","High ",1,"Y",5
29,"Snack ",31,2,4.7,"motorcycle",0,"No","Metropolitan","Fog","Jam ",1,"N",10
31,"Buffet ",36,17,4.8,"electric_scooter",2,"No","Urban","Cloudy","High ",1,"Y",5
18,"Drinks ",36,21,4.6,"scooter",2,"No","Metropolitan","Stormy","Low ",1,"N",10
28,"Meal ",24,7,4.9,"electric_scooter",2,"No","Semi-Urban","Sunny","Low ",0,"Y",15
38,"Drinks ",36,2,4.4,"motorcycle",0,"No","Semi-Urban","Windy","Medium",0,"N",10
33,"Drinks ",31,5,3.8,"scooter",2,"No","Metropolitan","Sandstorms","Jam ",0,"N",15
39,"Snack ",30,21,4.9,"electric_scooter",2,"No","Semi-Urban","Cloudy","Medium",1,"N",5
22,"Drinks ",22,14,4.6,"electric_scooter",2,"No","Metropolitan","Sandstorms","Medium",0,"N",5
10,"Drinks ",36,9,4.9,"scooter",2,"No","Metropolitan","Windy","Jam ",0,"N",5
15,"Meal ",39,9,4.6,"scooter",2,"No","Metropolitan","Sunny","Medium",0,"Y",10
14,"Snack ",23,15,4.8,"scooter",2,"No","Urban","Windy","Low",0,"Y",5
36,"Meal ",39,9,4.6,"motorcycle",0,"No","Semi-Urban","Stormy","Medium",1,"Y",10
42,"Snack ",38,21,4.6,"motorcycle",2,"No","Metropolitan","Fog","Jam ",2,"N",10
18,"Buffet ",30,2,4.1,"motorcycle",0,"No","Metropolitan","Sandstorms","Low ",1,"N",10
16,"Meal ",21,19,4.8,"motorcycle",1,"No","Urban","Sunny","Low",0,"N",5
34,"Meal ",26,17,5,"motorcycle",0,"No","Urban","Fog","Medium",1,"N",15
16,"Drinks ",27,9,4.7,"motorcycle",0,"No","Metropolitan","Stormy","Low ",0,"N",10
16,"Buffet ",21,22,4.7,"motorcycle",0,"No","Urban","Stormy","Medium",0,"N",15
24,"Drinks ",39,16,4.5,"scooter",2,"No","Semi-Urban","Sunny","Jam ",1,"N",15
16,"Buffet ",30,16,4.9,"motorcycle",1,"No","Semi-Urban","Cloudy","Medium",0,"Y",10
27,"Snack ",29,18,4.8,"motorcycle",1,"No","Semi-Urban","Stormy","Jam ",1,"N",5
48,"Meal ",28,23,4.4,"motorcycle",0,"No","Urban","Sunny","Jam",2,"N",10
15,"Drinks ",31,22,4.9,"electric_scooter",0,"No","Urban","Sandstorms","Medium",1,"N",10
21,"Meal ",27,9,4.8,"electric_scooter",1,"No","Semi-Urban","Sandstorms","Low ",1,"N",5
16,"Meal ",27,23,4.8,"electric_scooter",2,"No","Metropolitan","Sunny","Low ",1,"Y",10
16,"Snack ",22,17,4.8,"electric_scooter",0,"No","Metropolitan","Fog","Low ",1,"N",10
15,"Meal ",30,17,4.6,"scooter",2,"No","Metropolitan","Cloudy","Medium",1,"N",15
13,"Drinks ",33,19,5,"scooter",1,"No","Urban","Stormy","Low",1,"N",10
37,"Drinks ",28,16,4.2,"motorcycle",0,"No","Metropolitan","Sandstorms","Jam ",1,"Y",5
18,"Snack ",37,22,4.9,"scooter",1,"No","Urban","Sunny","Medium",0,"N",15
14,"Meal ",31,12,4.8,"electric_scooter",2,"No","Metropolitan","Windy","Low ",0,"N",5
39,"Meal ",27,7,2.7,"motorcycle",1,"No","Metropolitan","Sunny","Low ",1,"N",20
20,"Meal ",25,19,4.7,"motorcycle",0,"No","Urban","Stormy","Medium",1,"Y",15
13,"Meal ",38,17,5,"motorcycle",1,"No","Metropolitan","Sandstorms","High ",0,"N",5
29,"Snack ",28,4,4.9,"scooter",1,"No","Semi-Urban","Sandstorms","Jam ",1,"N",10
24,"Buffet ",32,16,4.7,"scooter",1,"No","Metropolitan","Sunny","Medium",0,"Y",10
42,"Buffet ",22,14,4.6,"motorcycle",0,"No","Metropolitan","Fog","Medium",0,"Y",10
31,"Buffet ",32,9,3.5,"motorcycle",1,"No","Metropolitan","Windy","Jam ",1,"Y",5
44,"Snack ",32,18,4.8,"motorcycle",0,"No","Metropolitan","Fog","Low ",3,"N",10
35,"Meal ",38,13,3.7,"scooter",1,"No","Metropolitan","Sandstorms","Jam ",1,"N",15
30,"Snack ",27,7,4.5,"scooter",2,"No","Metropolitan","Cloudy","Jam ",1,"N",15
12,"Buffet ",26,23,4.9,"electric_scooter",1,"No","Metropolitan","Sunny","Low ",0,"N",15
25,"Snack ",26,15,4.8,"motorcycle",2,"No","Metropolitan","Fog","Low ",1,"Y",15
24,"Snack ",22,15,5,"motorcycle",1,"No","Metropolitan","Fog","High ",1,"N",10
28,"Snack ",31,19,4.9,"scooter",1,"No","Semi-Urban","Stormy","Jam ",1,"Y",5
29,"Meal ",27,7,4.7,"scooter",2,"No","Metropolitan","Fog","Low ",0,"N",25
10,"Drinks ",39,15,4.6,"electric_scooter",0,"No","Semi-Urban","Sunny","Low",1,"N",10
21,"Drinks ",31,22,4.6,"scooter",2,"No","Metropolitan","Sandstorms","Low",1,"N",5
25,"Buffet ",36,17,4.8,"motorcycle",2,"No","Metropolitan","Sandstorms","Medium",1,"N",15
47,"Snack ",24,1,4.9,"motorcycle",0,"No","Metropolitan","Cloudy","Medium",1,"N",15
39,"Snack ",33,9,4.8,"motorcycle",1,"No","Urban","Stormy","Jam ",1,"N",5
16,"Drinks ",25,18,4.8,"scooter",2,"No","Metropolitan","Fog","Medium",0,"Y",5
19,"Buffet ",35,23,4.6,"scooter",1,"No","Semi-Urban","Cloudy","Medium",1,"N",15
26,"Snack ",38,17,4.7,"motorcycle",0,"No","Metropolitan","Windy","Jam ",1,"N",10
24,"Drinks ",33,17,4.9,"motorcycle",2,"No","Metropolitan","Windy","Medium",1,"Y",10
29,"Snack ",37,5,4.7,"motorcycle",0,"No","Semi-Urban","Fog","Jam ",1,"Y",15
21,"Snack ",28,23,4.9,"electric_scooter",2,"No","Metropolitan","Stormy","Jam ",1,"N",15
38,"Drinks ",23,12,4.3,"scooter",1,"No","Metropolitan","Sunny","Jam ",0,"N",15
30,"Snack ",24,2,4.5,"scooter",0,"No","Urban","Sandstorms","Low ",1,"Y",10
20,"Drinks ",21,4,4.5,"motorcycle",0,"No","Metropolitan","Sunny","Medium",1,"Y",15
26,"Snack ",36,19,4.6,"electric_scooter",2,"No","Urban","Cloudy","High",1,"N",15
29,"Drinks ",32,16,4.7,"scooter",2,"No","Urban","Stormy","Jam",1,"Y",5
15,"Buffet ",29,22,4.6,"motorcycle",1,"No","Semi-Urban","Fog","Low ",1,"N",15
26,"Buffet ",37,9,4.6,"scooter",0,"No","Urban","Windy","Medium",1,"Y",15
18,"Drinks ",28,22,4.6,"motorcycle",2,"No","Metropolitan","Stormy","Low ",1,"Y",10
20,"Meal ",31,4,5,"electric_scooter",2,"No","Metropolitan","Stormy","Medium",1,"N",15
26,"Buffet ",36,14,5,"motorcycle",2,"No","Metropolitan","Fog","Medium",1,"N",5
16,"Buffet ",28,2,4.9,"motorcycle",1,"No","Metropolitan","Fog","Low ",1,"N",15
15,"Drinks ",21,8,4.5,"motorcycle",0,"No","Metropolitan","Fog","Low ",0,"N",10
20,"Buffet ",25,21,4.8,"motorcycle",0,"No","Metropolitan","Sunny","Low ",1,"N",5
14,"Meal ",39,18,4.6,"motorcycle",0,"No","Urban","Stormy","Low",1,"N",15
33,"Meal ",36,21,4.3,"motorcycle",2,"No","Metropolitan","Fog","Medium",1,"N",5
35,"Drinks ",24,18,3.8,"scooter",2,"No","Semi-Urban","Stormy","Jam ",1,"N",10
22,"Buffet ",29,9,4.9,"motorcycle",1,"No","Metropolitan","Stormy","Low ",1,"N",15
47,"Drinks ",21,21,4.8,"motorcycle",0,"No","Metropolitan","Fog","Jam ",3,"Y",10
42,"Buffet ",28,9,4.2,"scooter",0,"No","Metropolitan","Windy","Jam ",2,"N",5
22,"Meal ",22,2,4.5,"electric_scooter",2,"No","Metropolitan","Stormy","Low ",0,"N",5
26,"Meal ",28,9,4.8,"motorcycle",0,"No","Metropolitan","Sunny","Jam ",0,"N",10
17,"Meal ",23,4,5,"electric_scooter",1,"No","Metropolitan","Windy","Jam ",1,"N",5
17,"Drinks ",21,19,4.9,"motorcycle",2,"No","Metropolitan","Stormy","Low ",1,"N",10
33,"Buffet ",28,4,3.7,"scooter",1,"No","Semi-Urban","Sandstorms","Jam ",1,"Y",15
28,"Buffet ",29,4,5,"electric_scooter",2,"No","Metropolitan","Sandstorms","Low ",1,"N",5
20,"Meal ",35,21,4.7,"motorcycle",0,"No","Metropolitan","Sandstorms","Low ",1,"N",5
23,"Snack ",30,18,4.6,"scooter",1,"No","Semi-Urban","Stormy","Medium",1,"N",5
18,"Buffet ",31,23,5,"motorcycle",0,"No","Metropolitan","Sunny","Medium",0,"N",5
12,"Snack ",27,3,4.5,"electric_scooter",2,"No","Urban","Sandstorms","Low",1,"N",15
18,"Buffet ",36,1,4.5,"electric_scooter",2,"No","Urban","Cloudy","Low",1,"N",10
31,"Snack ",24,4,4.9,"motorcycle",0,"No","Metropolitan","Fog","Medium",1,"N",10
26,"Drinks ",35,3,4.5,"electric_scooter",1,"No","Urban","Windy","Low",1,"N",10
15,"Snack ",27,19,4.8,"scooter",2,"No","Semi-Urban","Stormy","High ",0,"N",10
10,"Buffet ",26,23,4.6,"scooter",2,"No","Urban","Stormy","Low ",1,"Y",30
15,"Buffet ",38,9,4.6,"motorcycle",1,"No","Metropolitan","Fog","Low ",1,"Y",10
19,"Meal ",39,22,5,"scooter",1,"No","Metropolitan","Fog","Medium",1,"Y",5
16,"Drinks ",32,19,4.9,"electric_scooter",2,"No","Urban","Fog","Medium",0,"N",15
26,"Buffet ",29,21,4.6,"motorcycle",0,"No","Urban","Windy","Jam",1,"N",15
34,"Drinks ",27,2,4.2,"motorcycle",0,"No","Urban","Windy","Jam",1,"Y",10
23,"Snack ",22,4,4.7,"scooter",2,"No","Metropolitan","Stormy","Low ",1,"N",15
12,"Snack ",28,14,4.7,"motorcycle",1,"No","Metropolitan","Windy","Low ",1,"Y",10
28,"Drinks ",33,22,4.6,"scooter",1,"No","Semi-Urban","Stormy","Medium",1,"Y",15
37,"Buffet ",36,19,4.7,"motorcycle",0,"No","Semi-Urban","Windy","Jam",1,"N",5
16,"Meal ",31,19,4.6,"electric_scooter",2,"No","Semi-Urban","Cloudy","Low ",0,"N",15
27,"Meal ",26,8,4.7,"scooter",1,"No","Metropolitan","Fog","Low ",0,"N",15
27,"Snack ",21,16,4.8,"electric_scooter",2,"No","Metropolitan","Sandstorms","Medium",0,"N",5
38,"Meal ",35,6,5,"electric_scooter",2,"No","Metropolitan","Cloudy","Medium",1,"N",5
27,"Drinks ",25,23,4.7,"scooter",1,"No","Urban","Windy","Medium",1,"N",5
15,"Meal ",36,23,5,"motorcycle",0,"No","Metropolitan","Sunny","Low ",1,"N",15
17,"Snack ",22,21,4.6,"scooter",1,"No","Metropolitan","Fog","Low ",0,"Y",10
17,"Meal ",35,18,5,"scooter",2,"No","Semi-Urban","Stormy","Low ",0,"Y",5
10,"Buffet ",22,15,4.6,"motorcycle",1,"No","Urban","Stormy","Medium",0,"N",5
16,"Drinks ",35,8,4.7,"motorcycle",1,"No","Urban","Stormy","Medium",1,"N",10
38,"Buffet ",21,7,4.2,"scooter",2,"No","Metropolitan","Fog","Medium",1,"N",15
18,"Buffet ",22,4,4.7,"electric_scooter",2,"No","Metropolitan","Fog","Medium",1,"N",15
22,"Buffet ",34,16,5,"motorcycle",1,"No","Urban","Sandstorms","Medium",1,"N",15
25,"Drinks ",34,12,4.3,"electric_scooter",0,"No","Metropolitan","Stormy","Low ",1,"N",15
16,"Drinks ",28,21,4.5,"scooter",1,"No","Metropolitan","Sunny","Medium",0,"N",15
27,"Snack ",30,23,4.9,"electric_scooter",2,"No","Urban","Sandstorms","Jam ",1,"N",10
30,"Snack ",28,6,4.6,"scooter",2,"No","Urban","Windy","Jam ",1,"N",10
29,"Meal ",22,23,4.8,"motorcycle",0,"No","Semi-Urban","Cloudy","Medium",1,"N",10
41,"Snack ",34,14,3.5,"scooter",1,"No","Metropolitan","Sandstorms","Jam ",1,"N",10
15,"Drinks ",39,2,4.8,"scooter",2,"No","Semi-Urban","Cloudy","Low",1,"N",5
21,"Drinks ",29,22,4.6,"motorcycle",1,"No","Urban","Windy","Medium",1,"N",5
40,"Snack ",30,16,4.8,"scooter",0,"No","Metropolitan","Fog","Jam ",1,"N",5
44,"Buffet ",31,7,4.4,"scooter",2,"No","Urban","Fog","Medium",2,"Y",10
38,"Snack ",38,3,4.6,"electric_scooter",0,"No","Metropolitan","Fog","Low ",1,"N",5
35,"Snack ",30,7,4.3,"electric_scooter",1,"No","Metropolitan","Fog","Medium",1,"N",10
10,"Snack ",21,22,4.7,"scooter",2,"No","Urban","Cloudy","Low",0,"N",15
24,"Drinks ",30,2,4.7,"motorcycle",0,"No","Metropolitan","Stormy","Low ",1,"N",15
12,"Meal ",34,18,4.8,"scooter",2,"No","Semi-Urban","Sunny","Low ",1,"N",10
16,"Snack ",31,18,4.9,"motorcycle",1,"No","Urban","Fog","Low",1,"N",15
14,"Snack ",31,16,4.8,"scooter",2,"No","Metropolitan","Cloudy","Low ",1,"N",15
39,"Drinks ",21,3,3.8,"electric_scooter",2,"No","Metropolitan","Stormy","Low ",2,"N",5
28,"Drinks ",34,22,4.9,"motorcycle",2,"No","Metropolitan","Windy","Medium",1,"N",10
26,"Drinks ",23,7,4.9,"scooter",2,"No","Urban","Windy","Jam ",1,"N",15
28,"Meal ",27,4,4.5,"electric_scooter",2,"No","Urban","Stormy","Low",1,"N",15
11,"Buffet ",25,5,4.8,"motorcycle",1,"No","Semi-Urban","Stormy","Low ",0,"N",5
15,"Meal ",31,23,4.7,"motorcycle",0,"No","Urban","Windy","Low ",0,"N",15
21,"Snack ",24,21,4.9,"scooter",0,"No","Metropolitan","Sandstorms","Low",1,"N",10
16,"Buffet ",24,16,4.7,"motorcycle",1,"No","Urban","Windy","Jam",0,"N",10
16,"Meal ",21,15,4.6,"scooter",2,"No","Metropolitan","Stormy","Medium",1,"N",15
34,"Drinks ",34,23,4.6,"scooter",2,"No","Urban","Sunny","Medium",2,"N",5
31,"Buffet ",36,21,4.6,"motorcycle",1,"No","Metropolitan","Cloudy","Jam ",1,"N",10
25,"Meal ",37,23,5,"electric_scooter",1,"No","Urban","Stormy","Jam ",1,"N",15
27,"Snack ",32,3,4.5,"motorcycle",0,"No","Metropolitan","Fog","Medium",1,"N",5
33,"Snack ",38,2,4.8,"motorcycle",2,"No","Urban","Fog","High ",0,"N",10
26,"Buffet ",28,16,4.8,"motorcycle",0,"No","Metropolitan","Fog","Jam ",1,"Y",10
43,"Drinks ",24,18,4.3,"scooter",2,"Yes","Metropolitan","Windy","Jam ",1,"N",5
27,"Meal ",25,18,4.9,"motorcycle",2,"No","Metropolitan","Sunny","Medium",1,"Y",5
26,"Meal ",28,12,4.6,"motorcycle",0,"No","Urban","Sunny","Medium",1,"N",10
19,"Snack ",34,23,4.8,"scooter",2,"No","Metropolitan","Sandstorms","Low ",1,"N",5
21,"Buffet ",39,10,4.1,"motorcycle",0,"No","Metropolitan","Sandstorms","Low ",0,"N",15
17,"Snack ",36,9,5,"motorcycle",0,"No","Metropolitan","Sandstorms","High ",0,"N",5
16,"Buffet ",27,17,4.7,"electric_scooter",1,"No","Semi-Urban","Cloudy","Low ",0,"N",20
16,"Meal ",20,18,4.9,"scooter",2,"No","Metropolitan","Sandstorms","Low ",0,"N",15
49,"Buffet ",33,13,4.7,"motorcycle",2,"No","Metropolitan","Fog","Jam ",1,"N",10
28,"Buffet ",37,4,4.6,"motorcycle",2,"No","Semi-Urban","Stormy","Low ",0,"N",15
22,"Snack ",39,23,4.8,"motorcycle",0,"No","Urban","Windy","Low",1,"Y",10
19,"Meal ",21,13,4.8,"motorcycle",2,"No","Metropolitan","Windy","Low ",1,"N",15
28,"Drinks ",20,2,5,"motorcycle",0,"No","Metropolitan","Sandstorms","Medium",1,"N",10
16,"Meal ",39,16,4.6,"motorcycle",1,"No","Urban","Stormy","Jam",1,"N",5
18,"Snack ",31,16,4.8,"scooter",1,"No","Metropolitan","Sunny","Medium",0,"N",15
34,"Meal ",28,9,4.8,"motorcycle",1,"No","Semi-Urban","Cloudy","Medium",1,"N",10
27,"Snack ",38,13,4.8,"motorcycle",2,"No","Metropolitan","Sandstorms","Low ",1,"N",15
25,"Snack ",29,22,4.5,"electric_scooter",2,"No","Semi-Urban","Windy","Medium",1,"N",10
27,"Drinks ",34,2,4.7,"motorcycle",0,"No","Metropolitan","Fog","Medium",1,"N",15
29,"Snack ",39,6,4.9,"scooter",2,"No","Semi-Urban","Cloudy","Jam ",1,"N",15
15,"Buffet ",39,13,4.7,"motorcycle",1,"No","Metropolitan","Fog","Low ",1,"N",15
24,"Drinks ",24,23,4.7,"motorcycle",0,"No","Metropolitan","Sandstorms","Medium",1,"N",10
16,"Buffet ",23,19,4.8,"scooter",2,"No","Urban","Sunny","Medium",0,"Y",5
19,"Snack ",24,7,4.9,"motorcycle",1,"No","Metropolitan","Sunny","Low ",1,"N",5
19,"Buffet ",27,18,5,"scooter",2,"No","Metropolitan","Windy","Low ",0,"N",5
18,"Drinks ",25,23,4.5,"electric_scooter",1,"No","Urban","Fog","Low ",1,"N",10
24,"Drinks ",33,1,4.2,"motorcycle",0,"No","Metropolitan","Sandstorms","Low ",1,"N",5
44,"Buffet ",31,7,4.2,"motorcycle",0,"No","Metropolitan","Stormy","Jam ",2,"N",10
17,"Buffet ",28,21,4.8,"scooter",2,"No","Metropolitan","Windy","Jam ",1,"N",10
38,"Buffet ",33,16,4.8,"motorcycle",1,"No","Metropolitan","Fog","Jam ",0,"N",15
23,"Drinks ",27,12,5,"motorcycle",0,"No","Metropolitan","Sunny","Medium",1,"N",15
19,"Snack ",25,2,4.5,"motorcycle",2,"No","Semi-Urban","Sandstorms","Jam",0,"N",10
29,"Snack ",27,3,4.6,"scooter",1,"No","Metropolitan","Windy","Jam ",0,"N",15
33,"Meal ",33,8,3.7,"electric_scooter",2,"No","Metropolitan","Sandstorms","Jam ",1,"N",15
19,"Buffet ",36,8,4.7,"scooter",1,"No","Metropolitan","Fog","Low ",1,"N",15
11,"Buffet ",24,8,4.7,"scooter",1,"No","Metropolitan","Sandstorms","Low ",0,"N",15
38,"Meal ",36,6,4.3,"electric_scooter",2,"No","Urban","Fog","Jam ",1,"N",5
41,"Snack ",23,4,4.8,"electric_scooter",0,"No","Metropolitan","Cloudy","Jam ",2,"N",15
28,"Drinks ",38,16,4.5,"motorcycle",2,"No","Urban","Windy","Medium",1,"N",15
38,"Drinks ",27,14,2.7,"scooter",2,"No","Metropolitan","Sandstorms","Low ",2,"N",5
21,"Snack ",27,8,4.7,"electric_scooter",1,"No","Urban","Stormy","Medium",1,"Y",15
23,"Snack ",32,23,4.6,"scooter",2,"No","Urban","Windy","Jam",0,"N",10
40,"Snack ",27,6,4.6,"motorcycle",1,"No","Metropolitan","Fog","Jam ",1,"N",5
33,"Drinks ",20,20,4.1,"motorcycle",1,"No","Metropolitan","Sandstorms","Medium",1,"N",10
26,"Drinks ",37,17,4.8,"motorcycle",0,"No","Urban","Fog","Jam ",1,"N",5
43,"Snack ",22,3,4.2,"motorcycle",2,"No","Urban","Fog","Jam ",1,"Y",10
17,"Drinks ",37,17,5,"scooter",1,"No","Urban","Sunny","Medium",0,"N",15
27,"Snack ",37,3,4.5,"motorcycle",2,"No","Urban","Fog","Jam",1,"Y",5
24,"Meal ",31,19,4.7,"scooter",2,"No","Metropolitan","Stormy","Low ",1,"N",10
13,"Buffet ",27,14,4.7,"motorcycle",1,"No","Metropolitan","Sunny","Jam ",0,"Y",15
33,"Meal ",29,1,4.1,"motorcycle",2,"No","Metropolitan","Fog","Medium",0,"N",15
38,"Snack ",34,6,5,"motorcycle",0,"No","Metropolitan","Stormy","Medium",2,"Y",15
23,"Meal ",23,17,4.6,"electric_scooter",0,"No","Metropolitan","Cloudy","Low ",0,"N",10
16,"Meal ",28,23,4.9,"scooter",1,"No","Metropolitan","Sunny","Jam ",1,"N",10
25,"Buffet ",25,18,4.8,"motorcycle",1,"No","Urban","Sandstorms","High ",1,"N",5
28,"Meal ",26,17,5,"motorcycle",0,"No","Semi-Urban","Cloudy","Jam",1,"N",5
51,"Meal ",37,8,5,"scooter",0,"Yes","Metropolitan","Fog","Jam ",3,"Y",15
34,"Meal ",38,9,4.6,"motorcycle",0,"No","Semi-Urban","Windy","Jam ",1,"N",10
19,"Drinks ",23,21,4.7,"electric_scooter",2,"No","Metropolitan","Stormy","Low ",1,"N",15
34,"Buffet ",28,3,4.8,"electric_scooter",0,"No","Metropolitan","Stormy","Medium",1,"N",5
47,"Meal ",27,15,4.9,"motorcycle",0,"No","Urban","Stormy","Jam",1,"Y",5
26,"Buffet ",35,18,4.7,"electric_scooter",2,"No","Urban","Fog","Low ",1,"N",10
14,"Drinks ",23,17,5,"scooter",2,"No","Urban","Sandstorms","Low ",1,"Y",15
49,"Buffet ",29,13,4.3,"motorcycle",0,"No","Urban","Sandstorms","Jam ",1,"N",10
26,"Drinks ",20,19,4.8,"electric_scooter",0,"No","Urban","Cloudy","Medium",0,"N",5
15,"Meal ",25,17,4.7,"scooter",2,"No","Metropolitan","Sandstorms","Medium",0,"Y",15
18,"Meal ",33,23,4.6,"scooter",2,"No","Metropolitan","Fog","Low ",0,"N",5
28,"Drinks ",36,23,4.7,"motorcycle",0,"No","Urban","Fog","Low",1,"N",15
29,"Drinks ",25,6,4.9,"scooter",1,"No","Metropolitan","Sandstorms","Jam ",1,"N",5
38,"Snack ",34,7,5,"scooter",2,"No","Semi-Urban","Fog","Medium",1,"N",5
18,"Snack ",32,19,4.9,"scooter",0,"No","Semi-Urban","Cloudy","Low",1,"N",5
33,"Drinks ",39,13,4.6,"motorcycle",1,"No","Metropolitan","Windy","Jam ",1,"N",5
14,"Snack ",33,9,5,"electric_scooter",1,"No","Metropolitan","Fog","Medium",1,"N",5
35,"Snack ",29,1,4.3,"motorcycle",0,"No","Metropolitan","Sandstorms","Jam ",1,"N",10
27,"Meal ",20,2,4.7,"scooter",1,"No","Metropolitan","Cloudy","Low ",1,"Y",10
23,"Buffet ",30,12,4.9,"electric_scooter",1,"No","Metropolitan","Sunny","Low ",1,"N",10
41,"Drinks ",32,23,4.4,"motorcycle",0,"No","Metropolitan","Fog","Low ",1,"N",10
35,"Meal ",31,3,4.2,"motorcycle",0,"No","Metropolitan","Fog","Low ",1,"N",30
19,"Drinks ",31,18,4.7,"scooter",2,"No","Urban","Sandstorms","Jam ",1,"N",10
19,"Buffet ",29,13,4.7,"motorcycle",1,"No","Urban","Cloudy","Low ",0,"N",5
33,"Meal ",32,5,4.2,"electric_scooter",1,"No","Urban","Fog","Medium",1,"Y",10
15,"Drinks ",31,18,4.7,"motorcycle",1,"No","Metropolitan","Sandstorms","Jam ",0,"N",5
25,"Meal ",34,16,4.7,"scooter",2,"No","Metropolitan","Windy","Medium",1,"N",5
35,"Snack ",39,23,4.6,"motorcycle",2,"No","Metropolitan","Cloudy","Jam ",1,"N",10
15,"Drinks ",31,23,4.8,"motorcycle",2,"No","Urban","Fog","Low",0,"N",5
20,"Snack ",23,23,5,"electric_scooter",0,"No","Metropolitan","Fog","Medium",0,"N",10
27,"Buffet ",38,3,4.7,"scooter",2,"No","Semi-Urban","Windy","Medium",1,"N",10
26,"Snack ",39,23,4.9,"scooter",1,"No","Metropolitan","Stormy","Jam ",1,"N",5
15,"Buffet ",36,17,4.7,"scooter",1,"No","Urban","Stormy","Jam",0,"Y",10
18,"Drinks ",31,21,4.9,"scooter",1,"No","Semi-Urban","Sunny","High ",1,"Y",5
16,"Drinks ",21,23,4.5,"electric_scooter",2,"No","Metropolitan","Fog","Low ",1,"N",10
33,"Meal ",38,8,4,"motorcycle",1,"No","Metropolitan","Sandstorms","High ",2,"N",10
35,"Snack ",25,3,3.7,"scooter",2,"No","Semi-Urban","Sandstorms","Jam ",1,"N",15
30,"Meal ",36,5,4.9,"motorcycle",1,"No","Metropolitan","Sandstorms","Medium",1,"N",5
17,"Buffet ",29,6,5,"electric_scooter",2,"No","Semi-Urban","Fog","Low ",1,"N",10
10,"Snack ",32,9,4.9,"electric_scooter",1,"No","Metropolitan","Sunny","Medium",0,"N",5
47,"Snack ",28,13,4.8,"motorcycle",0,"No","Metropolitan","Fog","Jam ",2,"N",5
28,"Drinks ",25,23,4.4,"motorcycle",0,"No","Semi-Urban","Stormy","Low ",0,"Y",5
28,"Snack ",33,21,4.8,"electric_scooter",1,"No","Urban","Fog","High ",1,"N",5
20,"Drinks ",26,13,4.6,"motorcycle",0,"No","Metropolitan","Stormy","High ",1,"N",5
23,"Snack ",36,6,4.9,"motorcycle",1,"No","Metropolitan","Stormy","Medium",0,"N",5
28,"Buffet ",34,22,4.9,"motorcycle",1,"No","Urban","Stormy","Jam",0,"N",15
10,"Drinks ",31,9,4.9,"electric_scooter",2,"No","Semi-Urban","Sandstorms","Low ",0,"N",5
32,"Buffet ",35,6,4.2,"scooter",2,"No","Urban","Windy","Medium",1,"Y",5
13,"Snack ",29,15,4.6,"scooter",2,"No","Metropolitan","Sunny","Low ",1,"N",15
29,"Snack ",37,13,4.6,"scooter",2,"No","Metropolitan","Stormy","High ",1,"N",5
51,"Buffet ",33,2,4.2,"motorcycle",0,"No","Metropolitan","Sunny","High ",2,"N",5
47,"Meal ",29,16,5,"motorcycle",0,"No","Metropolitan","Stormy","Medium",3,"N",5
20,"Meal ",25,22,4.5,"scooter",0,"No","Metropolitan","Sunny","Jam ",0,"N",15
39,"Meal ",23,19,5,"scooter",1,"No","Metropolitan","Stormy","Jam ",2,"N",15
15,"Drinks ",34,17,4.7,"motorcycle",1,"No","Urban","Fog","Medium",1,"N",15
22,"Snack ",34,23,4.8,"motorcycle",2,"No","Semi-Urban","Sunny","Jam",1,"N",10
23,"Meal ",21,22,4.6,"scooter",2,"No","Metropolitan","Sandstorms","Medium",0,"N",10
20,"Meal ",35,23,4.7,"electric_scooter",2,"No","Metropolitan","Stormy","Jam ",0,"N",5
45,"Drinks ",21,5,4.9,"motorcycle",0,"No","Urban","Cloudy","Jam ",1,"N",10
27,"Snack ",28,19,4.9,"motorcycle",2,"No","Metropolitan","Windy","Medium",1,"N",10
19,"Meal ",39,4,4.8,"scooter",2,"No","Metropolitan","Fog","Low ",1,"N",10
28,"Buffet ",36,18,5,"motorcycle",1,"No","Metropolitan","Cloudy","Medium",1,"Y",15
27,"Meal ",22,23,4.5,"motorcycle",2,"No","Semi-Urban","Stormy","High ",1,"Y",10
16,"Drinks ",35,21,4.8,"scooter",1,"No","Metropolitan","Fog","Low ",1,"N",15
36,"Drinks ",23,13,5,"scooter",1,"No","Urban","Fog","Medium",2,"Y",15
51,"Buffet ",29,3,4.1,"motorcycle",0,"No","Metropolitan","Stormy","Jam ",3,"Y",5
27,"Buffet ",27,19,4.9,"scooter",2,"No","Metropolitan","Sandstorms","Low ",1,"Y",20
10,"Meal ",28,15,4.5,"scooter",2,"No","Urban","Sunny","Jam",0,"N",15
31,"Meal ",26,7,4.9,"scooter",1,"No","Metropolitan","Cloudy","Jam ",1,"Y",10
20,"Drinks ",25,19,4.7,"electric_scooter",2,"No","Metropolitan","Windy","Jam ",1,"N",15
35,"Drinks ",20,1,4,"motorcycle",0,"No","Metropolitan","Sunny","Low ",1,"N",5
25,"Buffet ",30,21,4.5,"electric_scooter",2,"No","Metropolitan","Windy","Jam ",1,"Y",15
38,"Meal ",30,11,4.4,"electric_scooter",1,"No","Metropolitan","Cloudy","Low ",1,"N",15
18,"Buffet ",24,6,4.5,"scooter",1,"No","Metropolitan","Fog","Low ",1,"N",5
38,"Meal ",31,22,4.6,"motorcycle",2,"No","Semi-Urban","Fog","Medium",2,"N",10
31,"Drinks ",33,9,4.6,"motorcycle",0,"No","Semi-Urban","Sandstorms","Jam ",1,"N",10
30,"Drinks ",21,16,4.9,"motorcycle",0,"No","Metropolitan","Cloudy","Jam ",1,"Y",10
37,"Meal ",34,11,4.1,"scooter",0,"No","Metropolitan","Windy","Medium",1,"N",5
16,"Snack ",30,17,4.9,"scooter",2,"No","Metropolitan","Stormy","Low ",0,"N",15
40,"Drinks ",29,5,4,"scooter",2,"No","Metropolitan","Sunny","Jam ",1,"N",15
18,"Drinks ",28,14,5,"motorcycle",1,"No","Metropolitan","Fog","Medium",0,"N",10
28,"Drinks ",37,14,4.9,"scooter",2,"No","Metropolitan","Windy","Jam ",1,"N",5
26,"Snack ",35,18,4.8,"scooter",1,"No","Metropolitan","Sandstorms","Low",0,"N",30
34,"Drinks ",32,4,4.6,"motorcycle",0,"No","Urban","Fog","Medium",1,"N",10
16,"Snack ",26,22,4.6,"scooter",1,"No","Urban","Cloudy","Low",0,"Y",10
29,"Snack ",31,17,4.6,"motorcycle",2,"No","Urban","Windy","Medium",1,"Y",10
27,"Meal ",36,9,4.8,"motorcycle",0,"No","Metropolitan","Sunny","Low ",1,"N",15
40,"Meal ",34,11,4.2,"scooter",2,"No","Metropolitan","Cloudy","Jam ",1,"Y",10
29,"Snack ",32,18,5,"motorcycle",2,"No","Urban","Sunny","Jam",1,"N",15
24,"Drinks ",31,19,4.7,"motorcycle",0,"No","Semi-Urban","Fog","Low",1,"Y",10
30,"Buffet ",38,7,4.7,"motorcycle",0,"No","Metropolitan","Stormy","High ",1,"N",15
26,"Snack ",29,3,4.8,"motorcycle",2,"No","Urban","Sandstorms","Medium",1,"N",5
25,"Drinks ",31,18,5,"motorcycle",2,"No","Metropolitan","Stormy","Jam ",1,"N",5
17,"Drinks ",28,21,4.9,"scooter",1,"No","Semi-Urban","Windy","Low ",0,"Y",15
13,"Snack ",32,13,4.9,"scooter",2,"No","Metropolitan","Stormy","Low ",1,"Y",5
22,"Meal ",31,4,4.5,"scooter",2,"No","Metropolitan","Sunny","Jam",1,"N",5
33,"Buffet ",29,8,5,"scooter",1,"No","Semi-Urban","Fog","High ",1,"N",15
32,"Meal ",23,13,4.7,"motorcycle",2,"No","Urban","Fog","Jam ",1,"N",10
31,"Drinks ",21,17,4.4,"electric_scooter",2,"No","Metropolitan","Windy","Medium",0,"N",10
47,"Drinks ",24,22,4.8,"motorcycle",0,"No","Urban","Fog","Jam",2,"N",5
23,"Meal ",32,14,4.7,"scooter",1,"No","Metropolitan","Sunny","Jam ",1,"N",15
18,"Snack ",26,16,4.9,"electric_scooter",1,"No","Urban","Fog","Medium",1,"N",15
19,"Buffet ",37,16,4.9,"motorcycle",2,"No","Metropolitan","Windy","High ",1,"Y",10
29,"Snack ",31,9,4.6,"motorcycle",1,"No","Semi-Urban","Cloudy","High ",1,"N",5
27,"Meal ",35,16,4.9,"motorcycle",1,"No","Semi-Urban","Stormy","Low ",1,"N",5
30,"Drinks ",39,22,5,"motorcycle",1,"No","Urban","Stormy","High ",1,"Y",10
19,"Buffet ",37,22,4.6,"scooter",1,"No","Metropolitan","Fog","Medium",0,"N",5
17,"Drinks ",30,3,4.9,"motorcycle",1,"No","Semi-Urban","Fog","Medium",1,"Y",10
25,"Buffet ",22,1,4.5,"motorcycle",1,"No","Urban","Stormy","Medium",1,"Y",15
25,"Snack ",28,23,4.6,"electric_scooter",2,"No","Semi-Urban","Sandstorms","Low ",1,"Y",15
19,"Buffet ",30,21,4.7,"motorcycle",1,"No","Metropolitan","Sunny","Low ",1,"Y",10
20,"Meal ",35,21,4.6,"electric_scooter",2,"No","Semi-Urban","Sandstorms","Low ",1,"N",15
28,"Snack ",32,22,4.6,"motorcycle",0,"No","Semi-Urban","Cloudy","High ",1,"N",5
30,"Snack ",28,13,5,"motorcycle",2,"No","Metropolitan","Sunny","Low ",1,"Y",5
10,"Meal ",31,21,4.9,"electric_scooter",0,"No","Urban","Sunny","Low",0,"N",5
10,"Buffet ",30,6,4.9,"motorcycle",2,"No","Urban","Fog","Low",1,"N",10
14,"Meal ",32,23,4.7,"motorcycle",1,"No","Metropolitan","Fog","Medium",0,"N",10
15,"Meal ",24,21,4.6,"electric_scooter",0,"No","Metropolitan","Sandstorms","High ",0,"N",5
30,"Buffet ",26,4,4.6,"electric_scooter",2,"No","Urban","Fog","Jam ",0,"N",15
17,"Snack ",23,9,4.6,"motorcycle",0,"No","Metropolitan","Sunny","Jam ",1,"N",10
16,"Drinks ",27,21,4.6,"motorcycle",1,"No","Urban","Stormy","Low",0,"Y",15
14,"Snack ",31,18,4.7,"electric_scooter",1,"No","Urban","Stormy","Low",1,"N",15
30,"Drinks ",24,22,4.8,"scooter",2,"No","Urban","Fog","Low ",1,"N",10
15,"Buffet ",26,22,4.8,"electric_scooter",2,"No","Urban","Sunny","Low ",1,"N",15
25,"Meal ",20,16,4.6,"electric_scooter",2,"No","Metropolitan","Sandstorms","Low ",1,"N",15
35,"Meal ",22,14,4.8,"scooter",2,"No","Metropolitan","Stormy","High ",0,"N",10
24,"Snack ",36,14,4.9,"scooter",2,"No","Metropolitan","Windy","Medium",1,"N",10
28,"Buffet ",35,12,4.7,"motorcycle",1,"No","Metropolitan","Sandstorms","Medium",1,"N",15
43,"Snack ",29,6,4.1,"motorcycle",0,"No","Metropolitan","Stormy","High ",2,"N",15
17,"Drinks ",21,14,4.6,"scooter",1,"No","Metropolitan","Windy","Low ",1,"Y",15
24,"Snack ",21,15,5,"scooter",1,"No","Urban","Fog","Low",0,"N",5
14,"Buffet ",29,21,4.7,"scooter",1,"No","Urban","Sunny","Low ",0,"N",5
17,"Buffet ",29,21,4.9,"scooter",2,"No","Urban","Sunny","Medium",0,"N",5
39,"Meal ",31,22,4.9,"motorcycle",0,"No","Semi-Urban","Sandstorms","Jam",2,"N",15
28,"Drinks ",35,17,4.5,"motorcycle",0,"No","Metropolitan","Windy","Medium",1,"N",10
32,"Drinks ",33,15,4.6,"motorcycle",1,"No","Semi-Urban","Sandstorms","Jam ",1,"N",15
27,"Snack ",28,18,4.9,"motorcycle",0,"No","Urban","Stormy","Low",1,"Y",5
18,"Drinks ",38,12,4.8,"motorcycle",1,"No","Metropolitan","Windy","Medium",0,"N",5
49,"Snack ",25,3,4.1,"motorcycle",0,"No","Metropolitan","Windy","Jam ",3,"N",10
16,"Buffet ",33,17,4.5,"electric_scooter",2,"No","Urban","Sunny","Medium",1,"N",15
19,"Meal ",28,3,5,"motorcycle",0,"No","Metropolitan","Windy","Low ",0,"N",5
32,"Drinks ",26,22,4.4,"scooter",2,"No","Metropolitan","Fog","Medium",0,"N",10
15,"Buffet ",26,22,4.7,"scooter",2,"No","Urban","Sunny","Low ",0,"N",15
29,"Buffet ",25,5,4.7,"motorcycle",0,"No","Semi-Urban","Sunny","Low ",1,"N",15
34,"Meal ",25,5,3.9,"scooter",1,"No","Metropolitan","Stormy","Medium",1,"N",15
52,"Meal ",20,3,4.1,"motorcycle",0,"No","Metropolitan","Sandstorms","Jam ",2,"N",10
13,"Meal ",22,15,4.8,"electric_scooter",2,"No","Urban","Sunny","Jam",0,"N",5
28,"Buffet ",23,9,4.6,"motorcycle",2,"No","Urban","Windy","Medium",1,"N",10
45,"Buffet ",33,3,4.8,"electric_scooter",0,"No","Metropolitan","Windy","High ",1,"N",10
22,"Meal ",33,21,4.9,"scooter",2,"No","Metropolitan","Windy","Medium",1,"Y",5
25,"Snack ",22,18,4.5,"electric_scooter",2,"No","Urban","Windy","Low ",1,"Y",10
23,"Buffet ",37,22,4.6,"motorcycle",0,"No","Metropolitan","Cloudy","Medium",0,"N",10
49,"Buffet ",27,13,5,"electric_scooter",2,"No","Semi-Urban","Cloudy","Jam ",0,"Y",5
23,"Buffet ",32,16,4.9,"motorcycle",0,"No","Metropolitan","Fog","Low ",0,"N",10
23,"Snack ",28,21,4.8,"motorcycle",1,"No","Semi-Urban","Sandstorms","Jam ",1,"Y",15
35,"Drinks ",22,22,4.8,"motorcycle",0,"No","Metropolitan","Fog","Jam ",1,"Y",5
13,"Buffet ",34,6,4.9,"electric_scooter",2,"No","Semi-Urban","Stormy","Medium",1,"N",5
18,"Buffet ",28,21,4.9,"motorcycle",1,"No","Semi-Urban","Windy","Jam ",1,"N",10
23,"Snack ",37,2,4.8,"scooter",2,"No","Metropolitan","Fog","Low ",1,"Y",5
24,"Buffet ",20,12,4.9,"electric_scooter",1,"No","Metropolitan","Sunny","High ",1,"N",15
32,"Meal ",30,6,4.6,"electric_scooter",0,"No","Metropolitan","Fog","Medium",0,"N",10
27,"Meal ",33,12,4.6,"motorcycle",0,"No","Metropolitan","Windy","High ",1,"N",15
19,"Drinks ",36,16,4.6,"motorcycle",2,"No","Urban","Fog","Medium",1,"Y",10
31,"Buffet ",33,17,4.9,"scooter",2,"No","Urban","Fog","Jam",1,"N",15
10,"Drinks ",26,16,4.7,"scooter",1,"No","Metropolitan","Sunny","Low ",1,"N",5
26,"Meal ",29,7,5,"scooter",1,"No","Metropolitan","Windy","Low ",1,"Y",15
27,"Drinks ",24,7,4.8,"motorcycle",0,"No","Semi-Urban","Sandstorms","Low ",0,"N",15
28,"Drinks ",32,5,4.8,"electric_scooter",2,"No","Metropolitan","Fog","Jam ",1,"N",5
38,"Drinks ",26,6,4.3,"motorcycle",1,"No","Urban","Cloudy","Jam",1,"N",5
28,"Snack ",22,18,4.8,"motorcycle",0,"No","Semi-Urban","Cloudy","Jam",1,"N",5
43,"Meal ",35,9,4.4,"motorcycle",1,"No","Semi-Urban","Fog","Jam ",2,"N",10
26,"Meal ",35,12,4.7,"motorcycle",0,"No","Urban","Windy","Medium",1,"N",10
27,"Snack ",29,23,4.8,"motorcycle",1,"No","Semi-Urban","Sandstorms","Medium",1,"N",10
33,"Drinks ",29,23,4.3,"electric_scooter",2,"No","Metropolitan","Windy","Medium",1,"N",5
17,"Snack ",35,21,4.9,"motorcycle",1,"No","Metropolitan","Cloudy","Low ",1,"N",10
30,"Buffet ",39,16,4.6,"electric_scooter",2,"No","Semi-Urban","Sunny","High ",1,"N",5
34,"Meal ",20,2,4.3,"electric_scooter",2,"No","Urban","Stormy","High ",1,"Y",10
40,"Snack ",34,3,3.8,"scooter",2,"Yes","Semi-Urban","Sandstorms","Jam ",1,"N",10
27,"Buffet ",25,18,4.8,"scooter",2,"No","Metropolitan","Cloudy","Low ",1,"N",10
20,"Meal ",23,15,4.8,"motorcycle",1,"No","Metropolitan","Windy","Medium",1,"Y",5
28,"Meal ",30,7,4.9,"scooter",2,"No","Metropolitan","Fog","Low ",1,"N",10
26,"Drinks ",33,17,4.6,"motorcycle",0,"No","Urban","Fog","High ",1,"Y",10
41,"Snack ",26,14,4.9,"motorcycle",2,"Yes","Metropolitan","Fog","Jam ",1,"N",10
20,"Snack ",20,19,4.7,"scooter",1,"No","Urban","Sandstorms","Low",1,"N",15
46,"Snack ",24,6,4.2,"electric_scooter",0,"No","Semi-Urban","Stormy","Medium",1,"N",5
41,"Snack ",33,19,4.8,"motorcycle",1,"Yes","Metropolitan","Stormy","Jam ",1,"N",10
38,"Buffet ",30,2,4.7,"electric_scooter",2,"No","Urban","Stormy","Jam ",2,"N",15
19,"Meal ",37,2,4.4,"motorcycle",0,"No","Metropolitan","Stormy","Low ",0,"N",5
21,"Drinks ",24,14,4.7,"scooter",1,"No","Metropolitan","Sunny","Low ",1,"Y",10
23,"Buffet ",25,13,5,"scooter",1,"No","Semi-Urban","Stormy","Medium",1,"Y",10
29,"Drinks ",36,21,5,"motorcycle",2,"No","Urban","Windy","Low ",1,"N",5
21,"Drinks ",36,21,4.5,"scooter",0,"No","Urban","Sandstorms","Medium",1,"Y",15
17,"Drinks ",37,17,5,"scooter",1,"No","Urban","Sunny","Medium",0,"N",15
18,"Buffet ",21,18,4.6,"scooter",2,"No","Metropolitan","Sandstorms","Low ",1,"N",15
29,"Meal ",38,7,4.8,"motorcycle",0,"No","Metropolitan","Sunny","Jam ",0,"N",10
27,"Meal ",22,23,4.6,"electric_scooter",1,"No","Metropolitan","Fog","Low ",1,"Y",25
17,"Snack ",38,15,4.7,"electric_scooter",1,"No","Metropolitan","Windy","Jam ",0,"N",5
34,"Drinks ",33,23,4.9,"electric_scooter",2,"No","Metropolitan","Sandstorms","Medium",1,"N",10
30,"Meal ",25,23,4.7,"scooter",2,"No","Semi-Urban","Sandstorms","Medium",1,"N",15
23,"Buffet ",25,16,4.9,"electric_scooter",0,"No","Semi-Urban","Sandstorms","Low ",1,"N",15
15,"Drinks ",35,13,4.6,"motorcycle",2,"No","Metropolitan","Sandstorms","Low ",1,"N",5
25,"Snack ",29,21,4.8,"motorcycle",1,"No","Urban","Stormy","Medium",1,"Y",10
19,"Buffet ",37,19,4.6,"electric_scooter",1,"No","Urban","Sunny","Jam",1,"N",15
27,"Meal ",36,6,4.5,"motorcycle",1,"No","Metropolitan","Windy","High ",1,"N",10
36,"Drinks ",30,11,4.4,"electric_scooter",0,"No","Metropolitan","Sandstorms","Medium",1,"N",10
22,"Buffet ",22,9,4.9,"motorcycle",2,"No","Semi-Urban","Cloudy","Low ",0,"N",10
18,"Drinks ",29,16,4.8,"motorcycle",2,"No","Metropolitan","Fog","Medium",1,"N",15
35,"Drinks ",30,3,3.7,"scooter",1,"No","Urban","Fog","Low",0,"N",15
21,"Drinks ",27,9,4.6,"electric_scooter",2,"No","Semi-Urban","Fog","High ",0,"N",15
12,"Drinks ",36,17,4.9,"electric_scooter",2,"No","Urban","Sunny","Medium",1,"N",5
28,"Meal ",32,17,4.8,"electric_scooter",1,"No","Metropolitan","Stormy","High ",1,"N",15
26,"Meal ",25,14,4.9,"electric_scooter",2,"No","Metropolitan","Sandstorms","Jam ",1,"Y",5
29,"Drinks ",35,3,4.5,"scooter",1,"No","Urban","Sandstorms","Medium",1,"N",10
34,"Snack ",36,5,4.2,"motorcycle",0,"No","Metropolitan","Windy","High ",1,"N",15
32,"Buffet ",29,19,4.4,"motorcycle",1,"No","Urban","Windy","High ",1,"Y",15
24,"Drinks ",23,23,4.6,"electric_scooter",2,"No","Metropolitan","Sunny","Jam ",0,"N",10
14,"Meal ",30,17,5,"electric_scooter",2,"No","Metropolitan","Stormy","Jam",0,"N",15
26,"Snack ",27,12,5,"scooter",2,"No","Metropolitan","Stormy","Jam ",1,"Y",15
37,"Snack ",39,5,5,"motorcycle",0,"No","Semi-Urban","Stormy","Jam ",1,"N",10
14,"Snack ",23,17,4.6,"motorcycle",2,"No","Urban","Stormy","Low",1,"N",15
17,"Buffet ",36,14,5,"motorcycle",1,"No","Metropolitan","Stormy","High ",0,"N",15
17,"Buffet ",26,3,4.6,"scooter",1,"No","Urban","Fog","Medium",0,"N",5
23,"Meal ",25,18,4.7,"motorcycle",0,"No","Urban","Windy","Medium",1,"Y",5
11,"Buffet ",37,13,4.7,"scooter",1,"No","Metropolitan","Sunny","Medium",1,"Y",15
25,"Meal ",27,13,4.8,"electric_scooter",2,"No","Metropolitan","Stormy","Jam ",1,"Y",5
23,"Drinks ",26,22,4.6,"motorcycle",2,"No","Metropolitan","Fog","Low ",1,"Y",10
40,"Snack ",35,2,4,"scooter",2,"No","Semi-Urban","Cloudy","Jam ",1,"N",10
19,"Buffet ",24,18,4.7,"motorcycle",0,"No","Semi-Urban","Stormy","Low",0,"N",20
17,"Snack ",35,21,4.8,"scooter",2,"No","Urban","Stormy","Low",0,"Y",15
11,"Buffet ",21,5,4.8,"motorcycle",1,"No","Metropolitan","Fog","Low ",0,"N",10
32,"Buffet ",30,22,4.7,"motorcycle",1,"No","Urban","Sunny","Jam ",1,"Y",15
32,"Drinks ",27,9,4.1,"scooter",1,"No","Urban","Cloudy","Medium",1,"N",10
43,"Snack ",34,13,4.6,"motorcycle",0,"No","Metropolitan","Sunny","Medium",2,"N",5
26,"Meal ",25,17,4.6,"scooter",2,"No","Urban","Windy","Medium",1,"Y",15
27,"Buffet ",23,19,4.8,"electric_scooter",1,"No","Urban","Sandstorms","Medium",0,"Y",5
49,"Drinks ",31,2,4.3,"scooter",0,"No","Metropolitan","Stormy","Jam ",1,"Y",5
43,"Meal ",36,14,4.3,"electric_scooter",0,"No","Urban","Fog","Low ",2,"N",5
16,"Meal ",33,23,4.7,"scooter",2,"No","Urban","Windy","Jam ",1,"N",5
18,"Meal ",33,18,4.8,"electric_scooter",0,"No","Metropolitan","Cloudy","Low ",1,"N",5
20,"Drinks ",32,23,4.6,"motorcycle",1,"No","Urban","Stormy","Medium",0,"N",15
43,"Buffet ",20,6,4.6,"motorcycle",2,"No","Metropolitan","Cloudy","Jam ",0,"N",5
19,"Buffet ",22,23,4.9,"motorcycle",0,"No","Urban","Stormy","Low",1,"N",15
26,"Snack ",25,5,4.7,"motorcycle",1,"No","Metropolitan","Stormy","Jam ",0,"N",10
17,"Snack ",30,3,4.5,"motorcycle",0,"No","Urban","Sandstorms","Low ",0,"N",5
44,"Buffet ",31,18,4.5,"motorcycle",0,"No","Metropolitan","Sunny","High ",1,"N",5
25,"Snack ",36,14,5,"motorcycle",1,"No","Urban","Windy","Medium",1,"N",15
24,"Buffet ",38,6,4.2,"motorcycle",0,"No","Urban","Sandstorms","Low",1,"N",10
38,"Buffet ",21,6,4.2,"scooter",1,"No","Metropolitan","Stormy","Medium",0,"Y",5
23,"Meal ",36,22,4.9,"scooter",2,"No","Semi-Urban","Stormy","Jam ",1,"N",5
38,"Drinks ",34,3,4,"motorcycle",0,"No","Metropolitan","Stormy","Medium",1,"Y",10
16,"Buffet ",33,15,4.9,"scooter",2,"No","Urban","Stormy","Low",1,"N",5
15,"Meal ",28,1,4.7,"scooter",2,"No","Urban","Cloudy","Low",1,"N",5
22,"Snack ",30,6,4.9,"scooter",1,"No","Semi-Urban","Sunny","Medium",0,"N",10
30,"Snack ",21,14,5,"scooter",2,"No","Metropolitan","Sandstorms","Jam ",0,"N",10
19,"Snack ",27,6,4.6,"electric_scooter",2,"No","Urban","Fog","Medium",0,"N",10
42,"Snack ",21,8,4.7,"electric_scooter",0,"No","Metropolitan","Fog","Jam ",3,"N",5
39,"Meal ",20,7,4.4,"motorcycle",1,"No","Urban","Windy","Medium",2,"Y",15
25,"Meal ",37,6,4.6,"electric_scooter",2,"No","Metropolitan","Stormy","Low ",1,"N",10
20,"Snack ",38,4,4.7,"motorcycle",0,"No","Metropolitan","Fog","Low ",1,"Y",15
18,"Buffet ",29,19,4.8,"motorcycle",2,"No","Urban","Windy","Low",1,"N",25
25,"Snack ",24,23,4.6,"scooter",0,"No","Metropolitan","Fog","Medium",1,"Y",5
24,"Meal ",23,23,4.8,"motorcycle",0,"No","Urban","Sunny","Medium",1,"N",15
34,"Snack ",36,3,4.3,"electric_scooter",1,"No","Urban","Windy","Medium",2,"N",10
14,"Snack ",26,14,4.9,"scooter",2,"No","Metropolitan","Stormy","Low ",1,"Y",10
31,"Drinks ",23,3,4.4,"scooter",2,"No","Metropolitan","Sandstorms","Jam ",1,"N",15
25,"Meal ",22,2,4.6,"motorcycle",0,"No","Urban","Stormy","Medium",0,"N",5
33,"Meal ",32,9,5,"motorcycle",0,"No","Metropolitan","Windy","High ",1,"N",5
10,"Buffet ",35,17,4.9,"motorcycle",0,"No","Metropolitan","Windy","Medium",0,"Y",5
16,"Snack ",23,23,5,"motorcycle",2,"No","Metropolitan","Sunny","Low",0,"N",5
24,"Drinks ",24,23,4.7,"motorcycle",0,"No","Metropolitan","Sandstorms","Medium",1,"N",10
31,"Snack ",36,6,3.7,"scooter",1,"No","Semi-Urban","Windy","Jam ",1,"N",5
48,"Drinks ",39,8,4.6,"motorcycle",1,"No","Metropolitan","Fog","Jam ",1,"N",10
20,"Buffet ",28,15,4.8,"electric_scooter",1,"No","Urban","Sunny","Low",1,"N",5
12,"Drinks ",37,16,4.6,"scooter",1,"No","Urban","Fog","Medium",0,"N",10
25,"Meal ",33,19,4.7,"scooter",2,"No","Metropolitan","Stormy","High ",1,"Y",15
28,"Buffet ",30,8,4.3,"motorcycle",0,"No","Metropolitan","Stormy","Low ",1,"N",5
23,"Meal ",24,19,4.8,"motorcycle",1,"No","Semi-Urban","Sunny","Jam ",1,"N",15
27,"Buffet ",27,2,4.9,"electric_scooter",2,"No","Urban","Sandstorms","High ",0,"N",5
18,"Buffet ",35,22,4.3,"motorcycle",0,"No","Metropolitan","Sandstorms","Low ",1,"N",15
44,"Buffet ",29,2,4.1,"motorcycle",2,"No","Urban","Fog","Jam",1,"N",15
10,"Drinks ",35,22,4.7,"electric_scooter",1,"No","Urban","Cloudy","Medium",0,"N",15
26,"Buffet ",35,15,4.9,"scooter",1,"No","Metropolitan","Stormy","Medium",1,"N",10
25,"Drinks ",25,23,5,"scooter",2,"No","Metropolitan","Sandstorms","Low ",0,"N",15
21,"Snack ",33,21,4.7,"scooter",2,"No","Metropolitan","Stormy","Jam ",1,"N",5
31,"Meal ",36,4,3.8,"electric_scooter",2,"No","Metropolitan","Windy","Jam ",1,"N",10
18,"Buffet ",32,23,4.6,"motorcycle",1,"No","Urban","Stormy","Low",0,"N",10
28,"Drinks ",20,16,4.8,"motorcycle",0,"No","Urban","Stormy","Medium",1,"Y",10
36,"Snack ",36,9,4.1,"electric_scooter",1,"No","Metropolitan","Fog","High ",1,"N",10
33,"Drinks ",20,12,4.6,"motorcycle",0,"No","Metropolitan","Sandstorms","Jam ",1,"N",5
20,"Drinks ",38,21,4.3,"scooter",0,"No","Metropolitan","Stormy","Low ",1,"N",10
24,"Buffet ",39,19,4.8,"motorcycle",0,"No","Urban","Fog","Low ",0,"N",5
37,"Drinks ",37,8,4.9,"motorcycle",0,"No","Metropolitan","Fog","Jam ",1,"N",10
18,"Drinks ",37,19,4.7,"scooter",2,"No","Metropolitan","Fog","Low ",1,"N",10
31,"Snack ",36,18,5,"motorcycle",2,"No","Urban","Windy","Medium",1,"N",5
15,"Snack ",27,18,4.7,"motorcycle",2,"No","Urban","Fog","Low ",0,"N",5
18,"Buffet ",20,19,4.8,"motorcycle",2,"No","Urban","Sandstorms","Jam ",1,"Y",10
41,"Drinks ",25,21,5,"scooter",1,"No","Urban","Fog","Jam",1,"Y",5
40,"Meal ",34,9,4.4,"motorcycle",1,"No","Semi-Urban","Fog","Jam ",1,"N",5
26,"Meal ",27,13,4.8,"motorcycle",0,"No","Metropolitan","Stormy","Jam ",1,"Y",10
26,"Drinks ",25,12,4.8,"scooter",1,"No","Metropolitan","Windy","Jam ",1,"N",15
30,"Drinks ",24,22,4.8,"scooter",2,"No","Urban","Fog","Low ",1,"N",10
34,"Snack ",31,22,4.9,"motorcycle",0,"No","Metropolitan","Sandstorms","High",1,"N",10
46,"Snack ",20,17,4.5,"motorcycle",0,"No","Metropolitan","Fog","Medium",1,"N",5
48,"Drinks ",36,9,4.7,"motorcycle",0,"No","Metropolitan","Windy","Jam ",0,"N",5
12,"Buffet ",31,15,4.7,"motorcycle",2,"No","Metropolitan","Windy","High ",0,"Y",10
31,"Snack ",25,3,4.1,"electric_scooter",2,"No","Semi-Urban","Fog","Jam ",1,"N",5
36,"Buffet ",37,23,5,"motorcycle",1,"No","Metropolitan","Fog","High ",1,"N",15
37,"Snack ",34,2,4.4,"motorcycle",0,"No","Metropolitan","Fog","Medium",1,"N",10
35,"Snack ",24,4,3.6,"scooter",1,"No","Semi-Urban","Sandstorms","Jam ",1,"N",10
30,"Snack ",28,2,4.7,"motorcycle",1,"No","Urban","Sunny","Jam ",1,"N",15
23,"Meal ",35,6,4,"motorcycle",0,"No","Urban","Stormy","Low",0,"N",15
33,"Meal ",20,12,3.7,"scooter",2,"No","Metropolitan","Fog","Low ",1,"N",5
34,"Drinks ",31,9,4.4,"motorcycle",0,"No","Metropolitan","Stormy","Jam ",1,"N",5
32,"Buffet ",29,18,4.3,"scooter",2,"No","Metropolitan","Stormy","Medium",1,"N",10
17,"Drinks ",26,21,5,"scooter",1,"No","Urban","Stormy","Low",0,"N",10
25,"Drinks ",31,23,4.8,"electric_scooter",1,"No","Metropolitan","Sandstorms","Jam ",1,"N",15
18,"Buffet ",21,13,4,"motorcycle",0,"No","Metropolitan","Fog","Low ",0,"N",5
36,"Drinks ",23,5,4.1,"electric_scooter",0,"No","Semi-Urban","Sunny","Medium",1,"N",5
48,"Drinks ",27,17,4.9,"scooter",1,"No","Metropolitan","Cloudy","Jam ",2,"Y",10
10,"Meal ",32,16,4.9,"scooter",1,"No","Metropolitan","Sunny","Jam ",1,"N",15
47,"Meal ",38,6,4.6,"electric_scooter",2,"No","Urban","Stormy","Jam ",1,"N",10
38,"Meal ",27,13,4.1,"scooter",2,"No","Metropolitan","Fog","Medium",2,"N",5
14,"Meal ",28,1,4.5,"motorcycle",2,"No","Metropolitan","Fog","Medium",0,"N",15
36,"Buffet ",22,19,4.7,"scooter",1,"No","Semi-Urban","Cloudy","Medium",2,"N",15
34,"Drinks ",38,9,4.3,"scooter",2,"No","Metropolitan","Windy","Jam ",0,"Y",10
33,"Meal ",35,13,4.8,"scooter",2,"No","Metropolitan","Stormy","Jam ",1,"Y",5
31,"Meal ",22,16,4.6,"electric_scooter",0,"No","Urban","Stormy","Medium",1,"N",15
22,"Buffet ",32,18,5,"electric_scooter",1,"No","Metropolitan","Stormy","Low ",0,"N",15
27,"Buffet ",25,10,4.1,"motorcycle",0,"No","Metropolitan","Sandstorms","Low ",1,"N",15
13,"Meal ",27,16,4.9,"electric_scooter",2,"No","Urban","Sunny","Jam",0,"Y",15
14,"Meal ",38,9,4.8,"electric_scooter",2,"No","Semi-Urban","Fog","Low ",0,"N",5
18,"Drinks ",22,18,4.8,"motorcycle",0,"No","Metropolitan","Sunny","Medium",0,"N",10
10,"Meal ",28,19,4.8,"motorcycle",1,"No","Urban","Windy","Low",1,"N",5
16,"Buffet ",39,23,4.9,"scooter",2,"No","Metropolitan","Stormy","Low ",1,"Y",10
23,"Meal ",23,18,4.8,"scooter",1,"No","Metropolitan","Windy","Low ",0,"N",10
34,"Meal ",36,3,4.1,"motorcycle",0,"No","Metropolitan","Windy","Jam ",1,"N",10
19,"Meal ",33,21,5,"motorcycle",1,"No","Semi-Urban","Cloudy","Low ",1,"N",5
43,"Drinks ",34,18,4.3,"motorcycle",0,"No","Metropolitan","Windy","Medium",0,"Y",5
26,"Buffet ",38,3,4.5,"motorcycle",0,"No","Urban","Windy","Medium",1,"N",15
13,"Buffet ",25,19,4.9,"motorcycle",2,"No","Urban","Stormy","Low",1,"N",15
13,"Buffet ",20,8,4.5,"motorcycle",1,"No","Urban","Windy","Low ",0,"N",10
19,"Meal ",32,12,4.7,"motorcycle",2,"No","Semi-Urban","Cloudy","Low ",0,"Y",10
36,"Meal ",21,6,4.6,"motorcycle",0,"No","Metropolitan","Windy","Jam ",2,"Y",15
25,"Snack ",25,7,4.2,"motorcycle",0,"No","Urban","Sandstorms","Low ",0,"Y",10
15,"Snack ",33,17,5,"electric_scooter",2,"No","Metropolitan","Sunny","Medium",0,"Y",5
22,"Buffet ",20,5,4.5,"electric_scooter",0,"No","Urban","Cloudy","Low",1,"N",5
18,"Drinks ",28,22,4.8,"motorcycle",2,"No","Metropolitan","Windy","Jam ",1,"N",10
27,"Drinks ",38,3,4.7,"motorcycle",2,"No","Metropolitan","Stormy","Low ",0,"N",5
23,"Buffet ",24,16,4.7,"scooter",2,"No","Metropolitan","Windy","Medium",0,"N",5
17,"Drinks ",30,23,4.8,"scooter",1,"No","Urban","Stormy","Medium",0,"Y",5
31,"Snack ",39,5,4.3,"electric_scooter",2,"No","Metropolitan","Stormy","Jam ",1,"N",5
18,"Snack ",28,21,4.8,"electric_scooter",2,"No","Metropolitan","Windy","Low ",1,"N",10
20,"Buffet ",23,18,5,"scooter",1,"No","Semi-Urban","Cloudy","Jam ",1,"Y",10
17,"Snack ",32,23,4.6,"motorcycle",2,"No","Urban","Fog","Medium",1,"N",10
23,"Meal ",28,9,4.4,"motorcycle",0,"No","Metropolitan","Stormy","Low ",1,"N",10
33,"Meal ",34,4,4.1,"scooter",0,"No","Metropolitan","Windy","Medium",1,"N",15
16,"Snack ",23,14,4.8,"scooter",1,"No","Metropolitan","Sunny","Low ",0,"N",10
22,"Snack ",29,15,4.7,"scooter",0,"No","Metropolitan","Sunny","Medium",0,"N",5
18,"Drinks ",35,5,4.8,"electric_scooter",2,"No","Metropolitan","Cloudy","Medium",0,"N",5
27,"Buffet ",34,15,4.8,"electric_scooter",1,"No","Metropolitan","Windy","Low ",1,"N",5
41,"Meal ",20,3,4.6,"motorcycle",0,"No","Urban","Fog","Jam ",2,"N",10
20,"Snack ",27,6,4.6,"scooter",2,"No","Metropolitan","Stormy","Jam ",1,"Y",10
17,"Drinks ",37,13,5,"motorcycle",0,"No","Semi-Urban","Sandstorms","Medium",0,"N",5
23,"Meal ",33,2,4.5,"electric_scooter",2,"No","Metropolitan","Stormy","Medium",1,"Y",5
26,"Snack ",27,21,4.9,"motorcycle",0,"No","Metropolitan","Cloudy","Jam ",1,"N",10
27,"Meal ",28,21,4.6,"motorcycle",1,"No","Urban","Windy","Low",0,"N",10
33,"Meal ",37,13,4.1,"motorcycle",1,"No","Urban","Stormy","High ",1,"Y",5
16,"Meal ",27,15,4.7,"motorcycle",1,"No","Metropolitan","Stormy","Low ",1,"Y",5
12,"Drinks ",36,17,4.9,"electric_scooter",2,"No","Urban","Sunny","Medium",1,"N",5
19,"Buffet ",26,18,4.8,"scooter",2,"No","Metropolitan","Windy","Low ",1,"N",5
15,"Meal ",35,4,4.6,"motorcycle",2,"No","Metropolitan","Stormy","Medium",1,"N",15
44,"Buffet ",33,9,4.1,"scooter",1,"No","Metropolitan","Sunny","Jam ",1,"N",15
37,"Snack ",26,22,4.7,"motorcycle",1,"No","Metropolitan","Sunny","Medium",0,"N",15
34,"Drinks ",34,1,4.9,"scooter",1,"No","Metropolitan","Fog","Medium",0,"N",10
33,"Snack ",24,9,4.6,"motorcycle",1,"No","Urban","Fog","Jam ",1,"N",10
26,"Drinks ",32,17,4.6,"scooter",2,"No","Urban","Sandstorms","Medium",1,"N",10
32,"Buffet ",22,1,3.8,"electric_scooter",1,"No","Metropolitan","Sandstorms","Medium",1,"N",15
39,"Meal ",24,3,4,"scooter",2,"No","Metropolitan","Sunny","Jam ",2,"N",10
34,"Drinks ",21,2,4.1,"scooter",0,"No","Metropolitan","Fog","Medium",1,"N",15
40,"Buffet ",26,2,2.9,"electric_scooter",2,"No","Metropolitan","Sunny","Low ",2,"N",10
44,"Snack ",37,9,4.2,"scooter",2,"No","Metropolitan","Stormy","Jam ",2,"Y",5
25,"Buffet ",23,18,5,"scooter",2,"No","Urban","Stormy","Low",1,"N",5
24,"Snack ",21,15,5,"scooter",1,"No","Urban","Fog","Low",0,"N",5
19,"Buffet ",22,19,4.9,"scooter",1,"No","Semi-Urban","Fog","Medium",1,"N",15
28,"Meal ",31,21,4.9,"electric_scooter",2,"No","Metropolitan","Sandstorms","Jam ",1,"N",15
28,"Snack ",21,23,4.6,"electric_scooter",0,"No","Semi-Urban","Sandstorms","Low ",1,"Y",5
23,"Drinks ",28,19,5,"scooter",2,"No","Urban","Stormy","Low",0,"N",5
29,"Snack ",36,19,4.7,"scooter",1,"No","Metropolitan","Windy","Medium",0,"Y",15
29,"Snack ",21,13,5,"motorcycle",1,"No","Metropolitan","Sunny","Low ",1,"N",15
16,"Buffet ",31,19,4.6,"scooter",2,"No","Urban","Sunny","Jam",1,"N",15
26,"Snack ",32,19,4.7,"electric_scooter",2,"No","Urban","Stormy","Jam ",0,"N",5
34,"Buffet ",28,23,4.9,"scooter",1,"No","Metropolitan","Cloudy","Medium",0,"N",5
34,"Drinks ",31,3,4.3,"scooter",1,"No","Metropolitan","Fog","High ",1,"N",10
50,"Buffet ",30,12,3.7,"scooter",0,"No","Semi-Urban","Sunny","Jam ",3,"N",10
38,"Drinks ",22,17,4.9,"motorcycle",0,"No","Urban","Stormy","Medium",0,"N",10
30,"Meal ",20,18,4.5,"scooter",1,"No","Urban","Fog","Jam ",1,"N",10
40,"Drinks ",38,2,4.6,"electric_scooter",0,"No","Metropolitan","Cloudy","Jam ",1,"N",10
23,"Snack ",24,21,4.6,"scooter",0,"No","Metropolitan","Cloudy","Jam ",0,"N",15
24,"Buffet ",29,12,4.5,"motorcycle",1,"No","Metropolitan","Stormy","Jam ",0,"N",15
22,"Drinks ",25,9,4.9,"electric_scooter",2,"No","Semi-Urban","Sunny","Jam ",0,"N",10
23,"Buffet ",21,22,5,"electric_scooter",2,"No","Metropolitan","Stormy","Medium",0,"Y",15
21,"Snack ",25,22,4.9,"motorcycle",1,"No","Urban","Stormy","High",1,"Y",10
31,"Meal ",34,15,4.7,"scooter",1,"No","Metropolitan","Cloudy","High ",1,"Y",15
36,"Drinks ",36,18,4.3,"motorcycle",0,"No","Metropolitan","Stormy","Jam ",1,"Y",5
22,"Snack ",31,22,4.8,"motorcycle",0,"No","Metropolitan","Cloudy","Medium",1,"N",5
26,"Meal ",27,14,4.9,"motorcycle",2,"No","Semi-Urban","Sandstorms","Low ",1,"N",15
40,"Meal ",25,20,4.1,"scooter",2,"No","Metropolitan","Stormy","Jam ",2,"Y",15
26,"Snack ",30,6,4.8,"scooter",1,"No","Semi-Urban","Stormy","Low ",1,"N",5
26,"Buffet ",36,11,4.2,"motorcycle",0,"No","Metropolitan","Stormy","Low ",1,"Y",5
30,"Snack ",39,13,4.7,"motorcycle",2,"No","Urban","Fog","High ",1,"N",10
38,"Drinks ",24,17,5,"scooter",2,"No","Metropolitan","Cloudy","High ",2,"N",10
29,"Meal ",36,4,4.6,"electric_scooter",2,"No","Metropolitan","Windy","High",1,"N",15
42,"Snack ",35,2,5,"motorcycle",0,"No","Metropolitan","Sandstorms","Jam ",1,"N",5
26,"Drinks ",38,9,4.6,"motorcycle",1,"No","Semi-Urban","Sunny","Jam ",1,"Y",5
31,"Meal ",25,3,4.2,"electric_scooter",2,"No","Metropolitan","Fog","Medium",1,"N",5
29,"Snack ",27,5,4.8,"electric_scooter",0,"No","Metropolitan","Sunny","Medium",0,"N",15
34,"Buffet ",22,6,4.8,"electric_scooter",2,"No","Metropolitan","Windy","Medium",1,"N",10
23,"Meal ",34,21,4.6,"electric_scooter",0,"No","Urban","Cloudy","Low",1,"Y",10
29,"Drinks ",21,3,4.9,"motorcycle",1,"No","Urban","Fog","High ",1,"Y",15
36,"Buffet ",23,4,3.3,"scooter",1,"No","Metropolitan","Sunny","Low",0,"N",15
42,"Buffet ",28,19,4.4,"motorcycle",0,"No","Metropolitan","Windy","High ",2,"N",5
17,"Drinks ",37,18,4.8,"scooter",0,"No","Urban","Stormy","Low",1,"N",20
23,"Buffet ",34,23,4.8,"motorcycle",2,"No","Metropolitan","Windy","Medium",0,"Y",10
22,"Drinks ",21,9,4.9,"scooter",1,"No","Urban","Stormy","Jam ",1,"N",10
36,"Meal ",27,13,4.8,"scooter",1,"No","Metropolitan","Cloudy","Jam ",2,"N",15
14,"Snack ",30,17,4.9,"electric_scooter",2,"No","Metropolitan","Windy","Low ",0,"N",15
18,"Buffet ",32,12,4.6,"scooter",2,"No","Metropolitan","Fog","Low ",1,"N",5
28,"Buffet ",25,4,4.9,"scooter",2,"No","Metropolitan","Sandstorms","Low ",0,"N",5
15,"Meal ",29,13,4.6,"motorcycle",1,"No","Metropolitan","Windy","Low ",1,"N",15
47,"Buffet ",26,2,4.5,"motorcycle",0,"Yes","Metropolitan","Cloudy","Jam",1,"N",5
25,"Drinks ",20,19,4.5,"electric_scooter",0,"No","Urban","Cloudy","Medium",1,"N",10
38,"Buffet ",28,3,4.2,"electric_scooter",2,"No","Semi-Urban","Fog","Jam ",1,"N",15
20,"Meal ",34,23,4.5,"motorcycle",0,"No","Metropolitan","Cloudy","Low ",0,"N",5
26,"Snack ",36,23,4.4,"motorcycle",0,"No","Metropolitan","Windy","Low ",1,"Y",10
12,"Drinks ",21,16,4.8,"scooter",1,"No","Urban","Sunny","Medium",1,"N",10
32,"Drinks ",26,2,4.6,"electric_scooter",1,"No","Metropolitan","Stormy","Medium",1,"N",15
27,"Snack ",31,21,5,"motorcycle",2,"No","Urban","Sunny","Low ",1,"N",10
11,"Buffet ",22,17,4.9,"electric_scooter",1,"No","Semi-Urban","Fog","Low",1,"N",15
34,"Buffet ",25,5,3.6,"motorcycle",2,"No","Metropolitan","Sunny","Jam ",0,"N",5
22,"Drinks ",25,21,4.8,"motorcycle",0,"No","Semi-Urban","Cloudy","Low ",0,"N",10
24,"Snack ",28,4,4.7,"motorcycle",0,"No","Metropolitan","Fog","Jam ",1,"N",10
32,"Drinks ",34,15,4.7,"motorcycle",0,"No","Metropolitan","Sunny","Jam ",1,"N",10
27,"Meal ",22,23,4.6,"motorcycle",1,"No","Metropolitan","Stormy","Medium",1,"N",5
22,"Meal ",33,9,4.8,"motorcycle",1,"No","Metropolitan","Sunny","Jam ",1,"N",15
20,"Meal ",31,14,4.7,"motorcycle",0,"No","Semi-Urban","Sunny","Jam ",1,"N",5
29,"Meal ",21,15,4.8,"scooter",1,"No","Metropolitan","Sunny","Low",1,"Y",5
38,"Drinks ",38,3,4.7,"motorcycle",0,"No","Metropolitan","Fog","Low ",1,"N",5
29,"Snack ",39,23,4.8,"motorcycle",1,"No","Semi-Urban","Cloudy","Jam ",1,"Y",5
33,"Meal ",30,23,4.3,"motorcycle",1,"No","Metropolitan","Sunny","Jam ",2,"Y",5
49,"Snack ",34,3,4.2,"motorcycle",2,"No","Urban","Fog","Jam ",1,"N",15
31,"Meal ",35,8,4.2,"scooter",1,"No","Metropolitan","Stormy","Jam ",1,"N",5
19,"Buffet ",28,15,4.8,"motorcycle",0,"No","Urban","Sandstorms","Medium",1,"N",10
27,"Meal ",38,21,4.6,"scooter",1,"No","Urban","Windy","Jam",1,"N",10
27,"Drinks ",38,22,4.7,"motorcycle",2,"No","Metropolitan","Sunny","Low ",0,"Y",5
24,"Buffet ",39,17,5,"scooter",1,"No","Semi-Urban","Sunny","Low ",1,"N",15
29,"Buffet ",24,9,5,"scooter",1,"No","Metropolitan","Sunny","Low ",1,"N",25
24,"Buffet ",27,13,4.6,"motorcycle",0,"No","Metropolitan","Fog","Low ",0,"N",5
24,"Buffet ",27,17,4.8,"scooter",2,"No","Urban","Sandstorms","Low",0,"N",5
15,"Buffet ",23,13,4.9,"scooter",1,"No","Metropolitan","Cloudy","Low ",1,"Y",10
18,"Buffet ",24,3,4.7,"motorcycle",1,"No","Semi-Urban","Sandstorms","Low ",1,"N",5
25,"Drinks ",21,6,4.9,"scooter",1,"No","Metropolitan","Sandstorms","Jam ",0,"N",5
33,"Meal ",35,15,4.3,"motorcycle",0,"No","Metropolitan","Sunny","Jam ",1,"N",5
25,"Snack ",29,23,4.9,"motorcycle",1,"No","Metropolitan","Sunny","Low ",1,"N",15
20,"Drinks ",24,8,5,"motorcycle",1,"No","Metropolitan","Stormy","Jam ",1,"N",5
17,"Snack ",34,9,4.8,"motorcycle",2,"No","Semi-Urban","Sunny","Low ",1,"N",15
33,"Snack ",33,21,4.8,"motorcycle",0,"No","Urban","Stormy","Medium",0,"Y",10
15,"Snack ",34,22,5,"electric_scooter",2,"No","Urban","Cloudy","Medium",0,"N",15
42,"Snack ",23,12,3.2,"motorcycle",2,"No","Metropolitan","Sunny","Low ",2,"Y",10
44,"Buffet ",24,5,4.7,"scooter",0,"No","Metropolitan","Fog","Jam ",1,"N",15
22,"Drinks ",26,21,4.9,"motorcycle",1,"No","Metropolitan","Stormy","Jam ",0,"N",15
19,"Snack ",38,8,4.6,"scooter",2,"No","Metropolitan","Sandstorms","Jam ",0,"N",5
20,"Snack ",30,13,4.7,"motorcycle",0,"No","Urban","Fog","Low ",1,"Y",10
38,"Drinks ",31,17,4.8,"scooter",0,"No","Metropolitan","Windy","Medium",1,"N",15
29,"Buffet ",24,23,4.7,"scooter",0,"No","Metropolitan","Stormy","Jam ",1,"N",10
15,"Buffet ",25,3,4.8,"motorcycle",0,"No","Metropolitan","Sunny","Low",1,"N",5
34,"Drinks ",39,18,3.8,"scooter",2,"No","Metropolitan","Fog","Jam ",1,"Y",5
12,"Snack ",32,15,4.9,"scooter",1,"No","Metropolitan","Fog","Low",0,"N",25
42,"Meal ",35,23,4.4,"electric_scooter",2,"Yes","Metropolitan","Cloudy","Jam ",2,"N",15
20,"Buffet ",29,16,4.9,"motorcycle",1,"No","Urban","Sandstorms","Jam",0,"N",5
15,"Meal ",32,17,4.9,"scooter",1,"No","Metropolitan","Sandstorms","Low",1,"N",5
44,"Meal ",35,17,4.9,"motorcycle",1,"No","Urban","Stormy","Medium",1,"N",10
30,"Meal ",23,9,4.5,"motorcycle",2,"No","Metropolitan","Stormy","High ",1,"N",10
39,"Snack ",25,23,4.6,"electric_scooter",2,"No","Urban","Cloudy","Medium",1,"N",10
21,"Buffet ",23,17,4.7,"electric_scooter",1,"No","Metropolitan","Cloudy","Jam ",0,"Y",15
14,"Snack ",30,3,4.5,"electric_scooter",2,"No","Metropolitan","Sandstorms","Low ",1,"N",10
32,"Snack ",38,4,5,"electric_scooter",0,"No","Metropolitan","Cloudy","Jam ",2,"N",10
33,"Buffet ",28,23,4.6,"motorcycle",0,"No","Metropolitan","Sunny","Jam ",1,"N",15
12,"Snack ",29,19,4.7,"electric_scooter",2,"No","Urban","Sandstorms","Low",0,"N",15
26,"Meal ",29,17,4.9,"scooter",2,"No","Urban","Stormy","Medium",1,"N",10
29,"Buffet ",34,17,4.6,"motorcycle",0,"No","Metropolitan","Fog","Medium",0,"N",10
27,"Drinks ",23,21,4.6,"motorcycle",1,"No","Metropolitan","Sandstorms","Medium",0,"Y",15
34,"Buffet ",23,13,4.1,"motorcycle",0,"No","Metropolitan","Sandstorms","Low ",1,"N",15
11,"Drinks ",26,13,5,"electric_scooter",1,"No","Metropolitan","Stormy","Low ",1,"N",20
17,"Buffet ",27,19,4.7,"scooter",1,"No","Urban","Cloudy","Low",1,"N",15
27,"Buffet ",21,21,4.8,"motorcycle",0,"No","Metropolitan","Sunny","Medium",0,"N",10
25,"Buffet ",36,6,4.7,"scooter",1,"No","Urban","Sandstorms","Jam ",1,"N",15
38,"Meal ",28,16,4,"motorcycle",0,"No","Metropolitan","Sandstorms","High ",1,"N",10
19,"Buffet ",38,2,4.5,"electric_scooter",2,"No","Semi-Urban","Sandstorms","Low",0,"N",15
17,"Drinks ",28,3,4.2,"scooter",0,"No","Metropolitan","Stormy","Low ",1,"N",5
23,"Buffet ",35,16,4.7,"scooter",2,"No","Metropolitan","Windy","Medium",1,"N",10
34,"Drinks ",35,3,4.2,"motorcycle",0,"No","Metropolitan","Sandstorms","Low ",2,"N",5
28,"Buffet ",24,6,5,"scooter",2,"No","Metropolitan","Sandstorms","High ",1,"N",15
29,"Meal ",27,9,4.8,"motorcycle",2,"No","Metropolitan","Sunny","Medium",1,"Y",5
23,"Meal ",31,19,4.9,"motorcycle",0,"No","Urban","Sunny","Low ",1,"N",5
43,"Meal ",21,3,4.3,"motorcycle",0,"No","Metropolitan","Sunny","Jam ",1,"N",10
15,"Snack ",39,7,4.9,"scooter",2,"No","Urban","Cloudy","Low ",0,"Y",15
29,"Drinks ",39,17,4.4,"motorcycle",0,"No","Metropolitan","Windy","Low ",0,"Y",15
28,"Buffet ",24,8,4.8,"electric_scooter",1,"No","Metropolitan","Fog","High ",1,"N",15
29,"Snack ",21,22,4.6,"motorcycle",0,"No","Urban","Sandstorms","Medium",0,"Y",10
12,"Buffet ",39,19,4.8,"motorcycle",2,"No","Semi-Urban","Fog","Low",0,"N",5
40,"Snack ",38,16,4.9,"motorcycle",0,"No","Semi-Urban","Fog","Jam ",0,"Y",5
34,"Snack ",21,1,4.8,"scooter",0,"No","Metropolitan","Cloudy","High ",1,"N",5
28,"Meal ",29,6,5,"scooter",2,"No","Metropolitan","Sandstorms","Jam ",1,"N",15
30,"Buffet ",25,4,4.8,"motorcycle",0,"No","Urban","Windy","Jam ",1,"N",15
34,"Meal ",28,9,4.8,"motorcycle",1,"No","Semi-Urban","Cloudy","Medium",1,"N",10
41,"Meal ",37,12,4.9,"motorcycle",0,"No","Semi-Urban","Windy","High ",0,"N",10
25,"Buffet ",31,23,4.6,"motorcycle",1,"No","Metropolitan","Stormy","Medium",0,"N",5
30,"Meal ",27,8,4.2,"motorcycle",0,"No","Metropolitan","Stormy","Low ",1,"N",10
35,"Meal ",23,16,4.9,"scooter",0,"No","Urban","Fog","Medium",1,"N",15
21,"Snack ",36,23,4.8,"motorcycle",0,"No","Metropolitan","Sunny","Low ",0,"Y",10
45,"Snack ",39,21,5,"motorcycle",1,"Yes","Urban","Fog","Jam ",0,"N",5
32,"Meal ",33,14,4,"motorcycle",1,"No","Urban","Stormy","High ",1,"N",15
28,"Drinks ",29,23,4.8,"motorcycle",0,"No","Metropolitan","Windy","Medium",1,"N",5
18,"Snack ",35,15,4.9,"electric_scooter",2,"No","Metropolitan","Stormy","High ",0,"Y",15
44,"Snack ",28,11,4,"motorcycle",0,"Yes","Metropolitan","Stormy","Low ",2,"N",10
27,"Meal ",20,7,4.6,"scooter",1,"No","Metropolitan","Stormy","Jam ",1,"Y",5
17,"Snack ",32,21,5,"motorcycle",2,"No","Metropolitan","Sunny","Low ",1,"N",15
25,"Buffet ",26,4,4.8,"scooter",1,"No","Urban","Windy","Jam ",1,"N",5
11,"Drinks ",20,18,4.6,"motorcycle",1,"No","Semi-Urban","Sunny","Medium",0,"N",15
29,"Snack ",33,12,4.8,"motorcycle",0,"No","Semi-Urban","Sunny","Low ",1,"N",5
20,"Drinks ",28,18,4.2,"scooter",0,"No","Urban","Stormy","Low ",1,"Y",10
29,"Drinks ",36,7,4.5,"motorcycle",1,"No","Urban","Windy","Low ",1,"N",10
47,"Buffet ",31,1,5,"motorcycle",1,"Yes","Urban","Fog","Jam",1,"N",15
17,"Snack ",31,12,4.8,"scooter",1,"No","Metropolitan","Cloudy","Medium",1,"N",15
20,"Buffet ",37,19,4.9,"motorcycle",0,"No","Metropolitan","Sunny","Medium",1,"Y",5
22,"Meal ",37,23,4.9,"scooter",2,"No","Semi-Urban","Windy","Low ",1,"Y",15
16,"Buffet ",31,19,4.9,"scooter",1,"No","Urban","Fog","Low",0,"N",5
25,"Meal ",38,13,4.8,"motorcycle",0,"No","Metropolitan","Sunny","Jam ",1,"N",10
18,"Drinks ",37,23,4.8,"motorcycle",1,"No","Urban","Sunny","Low ",1,"Y",15
25,"Buffet ",38,19,4.8,"motorcycle",1,"No","Metropolitan","Fog","Low ",1,"N",10
21,"Meal ",37,16,4.7,"motorcycle",1,"No","Metropolitan","Sunny","Low ",1,"N",15
23,"Snack ",28,18,4.6,"electric_scooter",1,"No","Urban","Sunny","Low",1,"Y",15
31,"Drinks ",38,3,2.7,"scooter",2,"No","Urban","Sunny","Low ",1,"N",15
28,"Buffet ",35,5,4.3,"motorcycle",0,"No","Urban","Sandstorms","Low",1,"N",10
21,"Snack ",24,4,4.9,"motorcycle",0,"No","Metropolitan","Sandstorms","High ",1,"N",5
19,"Drinks ",24,18,4.8,"scooter",1,"No","Urban","Cloudy","Low",0,"N",10
23,"Buffet ",29,12,4.9,"scooter",2,"No","Metropolitan","Windy","Medium",0,"N",5
22,"Meal ",38,18,4.5,"motorcycle",2,"No","Metropolitan","Stormy","Medium",1,"N",10
40,"Buffet ",33,9,4.3,"motorcycle",1,"No","Urban","Windy","Jam ",2,"N",5
25,"Drinks ",30,21,4.7,"motorcycle",0,"No","Metropolitan","Windy","Low ",0,"N",15
23,"Snack ",37,22,5,"motorcycle",0,"No","Urban","Sunny","Low",1,"N",15
26,"Meal ",21,9,4.9,"motorcycle",0,"No","Metropolitan","Sandstorms","Low ",1,"N",20
33,"Buffet ",25,2,4.2,"motorcycle",0,"No","Metropolitan","Windy","Medium",1,"N",10
18,"Snack ",27,16,4.6,"motorcycle",0,"No","Semi-Urban","Sunny","Low",0,"N",10
23,"Snack ",24,4,4.5,"scooter",1,"No","Urban","Windy","Jam",1,"N",5
24,"Meal ",28,17,4.6,"motorcycle",0,"No","Metropolitan","Fog","Jam ",1,"N",15
38,"Meal ",24,13,4.1,"motorcycle",2,"No","Metropolitan","Fog","Medium",0,"N",10
22,"Buffet ",39,16,4.7,"scooter",1,"No","Semi-Urban","Sandstorms","Medium",1,"N",5
12,"Snack ",32,13,4.7,"motorcycle",2,"No","Metropolitan","Windy","Low ",0,"N",10
29,"Drinks ",22,15,4.7,"motorcycle",1,"No","Metropolitan","Stormy","Medium",0,"Y",10
17,"Snack ",37,16,4.9,"electric_scooter",1,"No","Semi-Urban","Fog","Low ",0,"N",15
44,"Snack ",27,15,4.1,"electric_scooter",2,"No","Urban","Stormy","Jam ",1,"N",10
18,"Meal ",38,5,4.7,"motorcycle",1,"No","Urban","Fog","Medium",1,"N",5
20,"Meal ",23,15,4.8,"motorcycle",1,"No","Metropolitan","Windy","Medium",1,"Y",5
12,"Drinks ",22,19,4.8,"electric_scooter",1,"No","Metropolitan","Windy","Jam ",0,"N",5
24,"Buffet ",21,15,4.4,"electric_scooter",0,"No","Metropolitan","Stormy","Low ",0,"N",10
11,"Meal ",38,16,5,"scooter",2,"No","Urban","Fog","Low",0,"Y",5
32,"Drinks ",30,7,4.1,"scooter",2,"No","Metropolitan","Fog","Jam ",1,"N",15
44,"Drinks ",20,17,4.3,"motorcycle",0,"No","Urban","Stormy","Medium",1,"N",15
32,"Snack ",21,18,4.6,"scooter",1,"No","Semi-Urban","Sunny","Medium",2,"N",15
40,"Snack ",20,19,3.9,"motorcycle",0,"Yes","Metropolitan","Sandstorms","Jam ",0,"N",10
18,"Meal ",27,23,4.9,"motorcycle",1,"No","Metropolitan","Sunny","Low ",1,"N",10
33,"Meal ",33,19,5,"electric_scooter",2,"No","Semi-Urban","Windy","Medium",1,"N",15
39,"Snack ",29,13,4.6,"motorcycle",0,"No","Semi-Urban","Cloudy","Low ",2,"Y",10
18,"Snack ",39,15,4.6,"scooter",1,"No","Urban","Cloudy","Low",1,"Y",5
33,"Drinks ",20,19,4.8,"scooter",0,"No","Metropolitan","Fog","Jam ",1,"Y",15
10,"Buffet ",30,16,4.7,"motorcycle",1,"No","Urban","Sunny","High",0,"Y",15
30,"Snack ",33,22,4.8,"electric_scooter",1,"No","Metropolitan","Windy","Jam ",1,"N",5
29,"Buffet ",24,14,4.5,"motorcycle",0,"No","Urban","Sunny","Jam ",0,"N",15
25,"Meal ",37,15,4.8,"electric_scooter",2,"No","Metropolitan","Sandstorms","Low ",1,"N",5
15,"Meal ",27,17,4.5,"motorcycle",1,"No","Urban","Sunny","Jam ",1,"N",15
13,"Buffet ",21,19,5,"electric_scooter",1,"No","Metropolitan","Fog","Low ",1,"N",10
17,"Snack ",30,23,4.6,"scooter",1,"No","Urban","Stormy","Jam",0,"Y",15
35,"Drinks ",33,5,4.3,"motorcycle",0,"No","Metropolitan","Sunny","Medium",1,"N",15
19,"Snack ",33,23,4.8,"motorcycle",2,"No","Metropolitan","Sunny","Low ",1,"Y",5
20,"Snack ",33,13,4.7,"electric_scooter",0,"No","Urban","Sunny","Low ",1,"N",15
36,"Meal ",30,15,4.1,"motorcycle",0,"No","Semi-Urban","Windy","Jam",2,"N",10
32,"Snack ",28,1,5,"electric_scooter",0,"No","Metropolitan","Fog","Jam ",0,"Y",5
15,"Drinks ",36,9,5,"scooter",2,"No","Urban","Sunny","Jam ",1,"N",15
30,"Snack ",33,5,5,"motorcycle",0,"No","Semi-Urban","Sandstorms","High ",1,"Y",5
23,"Buffet ",35,22,4.7,"motorcycle",2,"No","Metropolitan","Windy","Medium",1,"N",15
38,"Buffet ",30,2,4.7,"electric_scooter",2,"No","Urban","Stormy","Jam ",2,"N",15
41,"Drinks ",24,5,3.8,"electric_scooter",2,"No","Urban","Sandstorms","Jam",2,"N",15
27,"Drinks ",21,19,4.4,"motorcycle",0,"No","Metropolitan","Stormy","Low ",1,"N",15
20,"Drinks ",34,13,5,"motorcycle",0,"No","Metropolitan","Sunny","Low ",1,"N",10
49,"Drinks ",36,3,3.9,"electric_scooter",0,"No","Semi-Urban","Sunny","Jam ",2,"N",15
36,"Snack ",23,1,4.5,"electric_scooter",1,"No","Urban","Windy","Jam",1,"N",5
41,"Snack ",27,9,4.3,"motorcycle",0,"No","Urban","Sunny","Jam ",2,"Y",10
27,"Buffet ",28,14,4.9,"scooter",1,"No","Metropolitan","Fog","Low ",1,"N",15
37,"Meal ",32,5,4.6,"motorcycle",0,"No","Semi-Urban","Stormy","Medium",1,"Y",5
35,"Buffet ",28,4,4,"scooter",2,"No","Metropolitan","Fog","Medium",1,"N",10
42,"Buffet ",32,15,4.7,"scooter",1,"No","Semi-Urban","Fog","Medium",1,"N",10
34,"Meal ",32,7,4.3,"electric_scooter",2,"No","Metropolitan","Fog","Jam ",1,"N",10
20,"Buffet ",38,9,4.6,"motorcycle",0,"No","Semi-Urban","Windy","Low ",1,"N",10
26,"Meal ",22,18,5,"scooter",2,"No","Metropolitan","Windy","Jam ",1,"N",15
29,"Drinks ",27,15,4.9,"scooter",2,"No","Semi-Urban","Stormy","Jam",1,"Y",10
35,"Snack ",32,5,4.2,"electric_scooter",2,"No","Urban","Fog","Jam ",0,"Y",15
32,"Snack ",30,3,4.1,"motorcycle",1,"No","Urban","Cloudy","Jam",0,"N",5
29,"Meal ",33,6,4.5,"motorcycle",0,"No","Urban","Cloudy","Medium",1,"Y",10
24,"Buffet ",34,22,5,"scooter",1,"No","Semi-Urban","Sandstorms","Jam ",1,"N",5
24,"Snack ",26,21,4.6,"motorcycle",0,"No","Metropolitan","Cloudy","Low ",1,"N",30
15,"Buffet ",39,18,4.6,"electric_scooter",2,"No","Urban","Cloudy","Low",1,"N",10
25,"Drinks ",36,18,4.9,"motorcycle",1,"No","Metropolitan","Fog","Medium",0,"N",15
16,"Drinks ",29,9,4.8,"electric_scooter",0,"No","Metropolitan","Windy","High ",1,"N",15
24,"Meal ",34,21,4.7,"electric_scooter",0,"No","Urban","Fog","High",0,"N",10
37,"Snack ",30,3,4,"scooter",2,"No","Metropolitan","Fog","Medium",1,"N",5
18,"Snack ",20,12,4.5,"motorcycle",1,"No","Metropolitan","Windy","Medium",0,"N",10
31,"Buffet ",28,17,4.7,"motorcycle",0,"No","Metropolitan","Cloudy","High ",1,"Y",5
20,"Drinks ",21,21,4.7,"motorcycle",0,"No","Metropolitan","Cloudy","Low ",1,"Y",5
29,"Buffet ",34,3,4.9,"scooter",1,"No","Metropolitan","Stormy","Medium",0,"Y",10
12,"Snack ",24,19,4.9,"motorcycle",2,"No","Metropolitan","Windy","Jam ",1,"N",5
41,"Snack ",33,19,4.8,"motorcycle",1,"Yes","Metropolitan","Stormy","Jam ",1,"N",10
25,"Meal ",22,3,4.7,"scooter",1,"No","Metropolitan","Sandstorms","Jam",1,"N",15
37,"Drinks ",34,13,5,"scooter",1,"No","Metropolitan","Fog","Medium",1,"N",10
21,"Snack ",23,17,4.7,"motorcycle",1,"No","Semi-Urban","Sandstorms","Medium",1,"N",5
22,"Meal ",28,18,5,"motorcycle",1,"No","Urban","Sandstorms","Jam ",1,"Y",15
17,"Drinks ",33,3,4.5,"electric_scooter",2,"No","Urban","Sandstorms","Low",0,"Y",5
27,"Drinks ",31,16,4.9,"motorcycle",0,"No","Urban","Windy","Medium",1,"N",10
38,"Meal ",32,15,4.9,"motorcycle",0,"No","Semi-Urban","Windy","High ",0,"Y",10
17,"Drinks ",24,22,4.8,"motorcycle",1,"No","Urban","Sunny","Low",1,"N",10
24,"Snack ",25,16,4.8,"motorcycle",1,"No","Metropolitan","Fog","High ",1,"Y",15
29,"Meal ",29,16,4.7,"electric_scooter",2,"No","Urban","Windy","Jam ",1,"N",10
42,"Meal ",35,1,4,"scooter",0,"No","Metropolitan","Cloudy","Low ",2,"Y",30
38,"Meal ",26,8,4.8,"scooter",2,"No","Metropolitan","Fog","Jam ",1,"N",15
13,"Drinks ",22,15,4.9,"motorcycle",1,"No","Semi-Urban","Fog","Low ",0,"N",5
33,"Buffet ",32,15,4.4,"electric_scooter",2,"No","Metropolitan","Windy","High ",1,"Y",15
24,"Drinks ",21,22,4.8,"scooter",2,"No","Semi-Urban","Sunny","Medium",1,"Y",15
23,"Buffet ",36,17,4.5,"electric_scooter",2,"No","Metropolitan","Sunny","Jam ",0,"Y",15
18,"Meal ",39,21,4.9,"electric_scooter",2,"No","Metropolitan","Windy","Low ",0,"N",10
35,"Drinks ",23,23,4.9,"electric_scooter",2,"No","Semi-Urban","Sunny","High ",1,"N",15
24,"Snack ",31,17,4.9,"scooter",2,"No","Urban","Windy","Low ",1,"N",10
14,"Drinks ",22,13,4.7,"motorcycle",2,"No","Metropolitan","Stormy","Low ",1,"N",5
26,"Snack ",39,19,5,"motorcycle",0,"No","Metropolitan","Sunny","Low ",1,"Y",30
15,"Buffet ",22,23,4.6,"scooter",2,"No","Metropolitan","Fog","Low ",0,"N",5
32,"Buffet ",30,16,5,"motorcycle",0,"No","Metropolitan","Windy","Medium",1,"N",15
17,"Drinks ",35,3,4.5,"scooter",1,"No","Urban","Stormy","Jam",0,"N",10
29,"Snack ",25,9,4.6,"motorcycle",0,"No","Urban","Cloudy","High ",1,"Y",15
20,"Drinks ",34,7,4.7,"motorcycle",0,"No","Semi-Urban","Sandstorms","Low ",1,"N",20
12,"Buffet ",39,19,4.8,"motorcycle",2,"No","Semi-Urban","Fog","Low",0,"N",5
32,"Snack ",26,4,4.8,"scooter",1,"No","Metropolitan","Fog","Jam ",1,"N",5
10,"Buffet ",21,22,4.7,"motorcycle",0,"No","Urban","Sunny","Low",0,"N",20
20,"Meal ",35,18,5,"motorcycle",0,"No","Urban","Sunny","High ",1,"Y",10
27,"Drinks ",23,5,5,"electric_scooter",2,"No","Metropolitan","Stormy","Medium",1,"N",5
11,"Drinks ",38,4,4.5,"electric_scooter",1,"No","Semi-Urban","Stormy","Low ",1,"N",10
31,"Snack ",24,4,4.9,"motorcycle",0,"No","Metropolitan","Fog","Medium",1,"N",10
41,"Buffet ",23,6,4.6,"electric_scooter",2,"No","Semi-Urban","Fog","Jam ",1,"N",5
28,"Buffet ",28,22,4.9,"electric_scooter",0,"No","Metropolitan","Sunny","Medium",1,"N",5
31,"Buffet ",25,7,4.7,"motorcycle",2,"No","Metropolitan","Windy","High ",1,"Y",10
44,"Buffet ",22,9,5,"motorcycle",0,"No","Metropolitan","Fog","Medium",0,"Y",5
19,"Drinks ",23,19,4.8,"scooter",2,"No","Semi-Urban","Cloudy","Low",1,"N",10
42,"Buffet ",22,19,4.7,"motorcycle",0,"No","Metropolitan","Fog","Jam ",1,"N",10
25,"Snack ",31,21,4.6,"electric_scooter",0,"No","Metropolitan","Cloudy","Jam ",1,"N",5
23,"Meal ",20,9,4.7,"electric_scooter",2,"No","Semi-Urban","Sandstorms","Low ",0,"N",15
20,"Snack ",21,3,4.8,"electric_scooter",2,"No","Semi-Urban","Sandstorms","Low ",1,"N",15
25,"Buffet ",32,15,4.4,"motorcycle",0,"No","Metropolitan","Sandstorms","Low ",1,"Y",5
17,"Drinks ",34,23,4.9,"scooter",1,"No","Metropolitan","Cloudy","Medium",0,"N",5
34,"Buffet ",24,14,4.7,"scooter",0,"No","Semi-Urban","Windy","Jam ",0,"N",15
25,"Snack ",37,8,5,"motorcycle",2,"No","Metropolitan","Windy","Medium",1,"N",10
21,"Meal ",22,13,4.5,"scooter",2,"No","Metropolitan","Stormy","Low ",1,"N",10
24,"Buffet ",26,3,4.1,"motorcycle",0,"No","Semi-Urban","Windy","Low ",1,"N",5
15,"Snack ",23,4,5,"electric_scooter",2,"No","Metropolitan","Sandstorms","Low ",0,"N",5
45,"Snack ",34,2,4.7,"motorcycle",0,"No","Urban","Windy","Jam ",0,"N",15
36,"Drinks ",22,21,4.7,"motorcycle",0,"No","Metropolitan","Fog","Medium",0,"N",15
10,"Drinks ",21,17,4.8,"motorcycle",1,"No","Metropolitan","Stormy","Medium",0,"N",15
15,"Snack ",32,16,4.8,"scooter",1,"No","Metropolitan","Fog","Medium",0,"N",15
51,"Buffet ",33,2,4.2,"motorcycle",0,"No","Metropolitan","Sunny","High ",2,"N",5
25,"Buffet ",37,23,4.5,"motorcycle",2,"No","Urban","Windy","Medium",0,"N",15
38,"Snack ",29,18,4.6,"scooter",0,"No","Metropolitan","Sunny","Jam ",1,"N",5
31,"Buffet ",30,3,4.6,"electric_scooter",2,"No","Semi-Urban","Sandstorms","Medium",1,"N",10
21,"Drinks ",28,23,4.6,"electric_scooter",2,"No","Urban","Sunny","Jam ",1,"N",10
25,"Drinks ",25,9,4.9,"scooter",2,"No","Semi-Urban","Fog","Low ",0,"N",5
36,"Snack ",24,22,4.5,"motorcycle",1,"No","Metropolitan","Stormy","Jam ",1,"N",10
15,"Buffet ",21,16,4.9,"scooter",2,"No","Urban","Sunny","Medium",0,"N",5
36,"Meal ",39,18,4.7,"scooter",0,"No","Metropolitan","Windy","High",1,"N",15
23,"Snack ",24,15,4.7,"electric_scooter",0,"No","Urban","Sunny","Low",1,"N",10
36,"Meal ",35,2,4.2,"scooter",1,"No","Urban","Fog","High ",0,"Y",5
22,"Buffet ",30,17,4.7,"motorcycle",1,"No","Urban","Sandstorms","Jam",0,"Y",5
15,"Buffet ",21,6,4.5,"scooter",2,"No","Metropolitan","Stormy","Jam ",1,"N",10
22,"Drinks ",22,9,4.8,"motorcycle",2,"No","Metropolitan","Sandstorms","Low ",1,"N",15
22,"Meal ",29,23,4.7,"motorcycle",0,"No","Metropolitan","Fog","Low ",0,"N",5
16,"Drinks ",31,16,4.6,"motorcycle",0,"No","Urban","Sunny","Low",1,"N",10
28,"Meal ",29,19,4.9,"scooter",0,"No","Metropolitan","Cloudy","Low ",0,"N",15
11,"Buffet ",37,23,5,"scooter",1,"No","Urban","Sunny","Low",0,"N",5
30,"Meal ",27,13,4.1,"motorcycle",0,"No","Metropolitan","Sandstorms","Low ",1,"N",10
33,"Buffet ",28,1,4.4,"scooter",0,"No","Urban","Sandstorms","High",1,"Y",15
15,"Meal ",38,22,5,"scooter",1,"No","Urban","Fog","Medium",0,"N",5
41,"Meal ",35,23,4.6,"motorcycle",0,"No","Urban","Fog","Jam",0,"N",5
42,"Drinks ",29,22,4.7,"motorcycle",0,"No","Metropolitan","Fog","Medium",1,"Y",5
28,"Meal ",39,12,4.6,"motorcycle",0,"No","Metropolitan","Cloudy","Medium",1,"N",10
37,"Meal ",25,3,4.5,"motorcycle",0,"No","Semi-Urban","Fog","Medium",1,"N",5
32,"Snack ",21,3,4.6,"scooter",0,"No","Urban","Sunny","Jam ",1,"N",5
34,"Meal ",28,15,4.8,"scooter",2,"No","Urban","Fog","Medium",1,"N",10
39,"Snack ",26,7,3.2,"motorcycle",1,"No","Metropolitan","Sunny","Low ",1,"N",10
21,"Drinks ",38,23,4.8,"motorcycle",1,"No","Metropolitan","Windy","Jam ",1,"Y",10
26,"Snack ",27,18,4.6,"scooter",0,"No","Metropolitan","Cloudy","High ",1,"Y",10
23,"Snack ",26,17,5,"electric_scooter",2,"No","Semi-Urban","Stormy","Low ",1,"N",5
34,"Snack ",28,3,4.6,"motorcycle",0,"No","Semi-Urban","Stormy","Jam ",1,"N",5
31,"Meal ",23,18,4.1,"scooter",1,"No","Semi-Urban","Stormy","Jam ",0,"N",15
20,"Drinks ",28,2,4.7,"motorcycle",0,"No","Metropolitan","Stormy","Jam ",1,"N",15
26,"Snack ",32,16,4.6,"motorcycle",0,"No","Urban","Cloudy","High",0,"Y",15
29,"Snack ",30,13,4.9,"motorcycle",0,"No","Urban","Cloudy","Low ",0,"N",5
18,"Buffet ",31,15,4.6,"motorcycle",0,"No","Metropolitan","Cloudy","Low ",0,"N",5
19,"Meal ",32,16,4.8,"motorcycle",1,"No","Metropolitan","Stormy","Low ",0,"N",15
18,"Drinks ",38,5,4.5,"electric_scooter",2,"No","Urban","Windy","Jam",0,"N",15
27,"Drinks ",23,1,4.9,"electric_scooter",2,"No","Semi-Urban","Cloudy","Medium",1,"N",10
18,"Drinks ",36,9,4.5,"scooter",2,"No","Metropolitan","Windy","High ",1,"Y",5
11,"Drinks ",21,17,5,"motorcycle",1,"No","Urban","Sandstorms","Low",0,"Y",15
23,"Drinks ",27,19,4.9,"scooter",1,"No","Metropolitan","Windy","Medium",0,"N",15
20,"Snack ",24,23,4.8,"motorcycle",0,"No","Urban","Sandstorms","Low ",1,"N",15
36,"Snack ",34,9,4.8,"scooter",0,"No","Metropolitan","Stormy","Medium",2,"N",15
19,"Buffet ",26,22,4.9,"scooter",1,"No","Metropolitan","Sandstorms","Jam ",1,"N",5
27,"Drinks ",31,19,4.8,"electric_scooter",0,"No","Urban","Sandstorms","Medium",0,"N",15
13,"Buffet ",21,15,4.7,"electric_scooter",1,"No","Metropolitan","Windy","Low ",0,"N",15
22,"Meal ",28,18,5,"motorcycle",1,"No","Urban","Sandstorms","Jam ",1,"Y",15
15,"Buffet ",32,8,4.6,"electric_scooter",1,"No","Urban","Stormy","Low ",1,"Y",5
23,"Drinks ",23,12,4.6,"scooter",2,"No","Metropolitan","Sandstorms","Low ",0,"N",5
44,"Snack ",21,14,4.4,"electric_scooter",0,"Yes","Metropolitan","Windy","Medium",2,"N",15
38,"Buffet ",23,9,4.3,"motorcycle",0,"No","Semi-Urban","Windy","Medium",0,"N",15
26,"Snack ",21,18,4.9,"motorcycle",2,"No","Urban","Cloudy","Low",1,"N",10
29,"Buffet ",36,13,4.9,"electric_scooter",2,"No","Metropolitan","Sandstorms","Jam ",1,"N",5
30,"Snack ",24,17,4.9,"electric_scooter",0,"No","Metropolitan","Windy","High",0,"N",5
35,"Snack ",24,15,4.9,"electric_scooter",0,"No","Metropolitan","Stormy","Medium",0,"Y",10
25,"Buffet ",32,17,4.7,"electric_scooter",2,"No","Metropolitan","Windy","Jam ",1,"N",10
20,"Snack ",24,17,4.4,"scooter",0,"No","Metropolitan","Stormy","Low ",0,"N",10
22,"Meal ",21,16,4.8,"electric_scooter",0,"No","Metropolitan","Sandstorms","Low ",0,"N",10
40,"Buffet ",30,21,4.7,"motorcycle",2,"No","Metropolitan","Fog","Jam ",1,"Y",15
21,"Meal ",38,23,4.6,"motorcycle",0,"No","Urban","Sunny","Low",1,"N",15
38,"Meal ",28,13,4.3,"scooter",1,"No","Semi-Urban","Fog","Jam ",1,"N",15
15,"Drinks ",37,15,4.9,"motorcycle",1,"No","Urban","Cloudy","Low",0,"N",10
37,"Meal ",29,3,4.5,"motorcycle",1,"No","Metropolitan","Sandstorms","Medium",1,"N",10
23,"Buffet ",28,16,4.7,"electric_scooter",0,"No","Metropolitan","Cloudy","Low ",0,"N",5
25,"Buffet ",38,21,5,"motorcycle",0,"No","Metropolitan","Stormy","Medium",1,"N",5
36,"Buffet ",33,7,4.1,"motorcycle",0,"No","Urban","Stormy","Medium",1,"N",15
24,"Snack ",35,13,4.5,"motorcycle",0,"No","Metropolitan","Sunny","Low ",1,"N",5
29,"Snack ",37,23,4.5,"electric_scooter",2,"No","Metropolitan","Windy","Low ",0,"Y",15
11,"Meal ",26,18,4.8,"scooter",1,"No","Metropolitan","Sunny","Low",1,"N",5
28,"Snack ",27,21,5,"scooter",1,"No","Metropolitan","Windy","Medium",1,"N",10
25,"Snack ",20,22,4.9,"motorcycle",1,"No","Metropolitan","Windy","Medium",1,"N",10
35,"Drinks ",24,18,4.3,"scooter",1,"No","Metropolitan","Fog","Jam ",1,"Y",10
17,"Snack ",32,23,4.6,"motorcycle",2,"No","Urban","Fog","Medium",1,"N",10
29,"Snack ",33,21,4.6,"motorcycle",1,"No","Urban","Windy","Jam",0,"Y",15
29,"Snack ",20,12,4.8,"scooter",1,"No","Metropolitan","Sandstorms","Jam ",1,"N",10
41,"Buffet ",28,1,4.4,"scooter",1,"Yes","Urban","Windy","Jam",0,"N",10
21,"Buffet ",22,15,4.7,"electric_scooter",0,"No","Urban","Sunny","Jam",1,"N",15
12,"Buffet ",25,23,5,"scooter",1,"No","Urban","Sandstorms","Low ",1,"N",15
26,"Meal ",35,15,5,"motorcycle",0,"No","Metropolitan","Stormy","Jam ",0,"Y",5
27,"Meal ",22,21,4.6,"scooter",2,"No","Metropolitan","Windy","Jam ",0,"Y",10
19,"Meal ",33,6,4.5,"motorcycle",1,"No","Urban","Sandstorms","Low",1,"N",5
21,"Meal ",29,22,4.6,"scooter",2,"No","Urban","Fog","Jam ",0,"N",10
18,"Buffet ",26,7,4.6,"motorcycle",0,"No","Metropolitan","Sunny","Low ",1,"N",20
34,"Drinks ",39,18,3.8,"scooter",2,"No","Metropolitan","Fog","Jam ",1,"Y",5
16,"Snack ",35,12,4.8,"motorcycle",1,"No","Metropolitan","Stormy","Low ",0,"N",5
26,"Drinks ",31,14,5,"motorcycle",2,"No","Metropolitan","Cloudy","Low ",1,"N",15
33,"Meal ",20,12,3.7,"scooter",2,"No","Metropolitan","Fog","Low ",1,"N",5
26,"Drinks ",39,12,4.9,"electric_scooter",2,"No","Urban","Windy","High ",0,"Y",10
35,"Snack ",21,5,4.7,"electric_scooter",2,"No","Semi-Urban","Fog","Medium",0,"N",5
39,"Drinks ",39,3,4.5,"scooter",2,"No","Urban","Sandstorms","Jam",1,"N",10
23,"Buffet ",31,23,4.9,"motorcycle",1,"No","Metropolitan","Windy","Low ",1,"Y",5
17,"Buffet ",33,15,4.8,"electric_scooter",1,"No","Metropolitan","Stormy","Medium",0,"N",10
23,"Meal ",30,1,4,"motorcycle",0,"No","Metropolitan","Sandstorms","Low ",1,"N",5
17,"Meal ",35,18,4.8,"scooter",1,"No","Metropolitan","Cloudy","Medium",1,"N",5
43,"Meal ",20,2,4.4,"electric_scooter",1,"No","Urban","Windy","Jam",0,"Y",15
36,"Drinks ",22,21,4.7,"motorcycle",0,"No","Metropolitan","Fog","Medium",0,"N",15
26,"Snack ",22,4,4.7,"motorcycle",0,"No","Semi-Urban","Stormy","Low ",0,"N",10
19,"Snack ",27,14,4.8,"motorcycle",2,"No","Semi-Urban","Sunny","Jam ",0,"N",15
40,"Buffet ",30,9,4.4,"scooter",0,"No","Metropolitan","Sunny","High ",1,"N",5
18,"Snack ",26,21,5,"electric_scooter",1,"No","Urban","Sunny","Low",0,"Y",5
23,"Buffet ",24,23,4.7,"motorcycle",2,"No","Metropolitan","Sandstorms","Medium",1,"Y",5
37,"Drinks ",20,18,4.8,"motorcycle",2,"No","Metropolitan","Sunny","Jam ",2,"N",10
25,"Meal ",34,1,4.2,"scooter",0,"No","Semi-Urban","Stormy","Low",0,"Y",5
19,"Buffet ",30,16,4.6,"scooter",1,"No","Urban","Fog","Medium",0,"N",15
25,"Meal ",30,16,4.8,"scooter",2,"No","Urban","Sandstorms","Jam ",1,"N",5
22,"Meal ",33,14,4.5,"electric_scooter",2,"No","Metropolitan","Stormy","Low ",1,"N",10
33,"Drinks ",26,9,4.9,"motorcycle",0,"No","Metropolitan","Sandstorms","Jam ",0,"N",15
34,"Meal ",27,13,3.3,"motorcycle",0,"No","Metropolitan","Sunny","Low ",2,"Y",5
30,"Meal ",37,3,4.8,"motorcycle",0,"No","Metropolitan","Sunny","Jam ",0,"N",15
31,"Snack ",37,17,4.3,"motorcycle",1,"No","Urban","Fog","Medium",1,"N",15
16,"Meal ",26,4,4.9,"scooter",1,"No","Metropolitan","Stormy","Low ",1,"N",5
39,"Buffet ",36,11,3.5,"electric_scooter",1,"No","Semi-Urban","Stormy","Low ",1,"N",5
17,"Meal ",24,14,4.6,"scooter",2,"No","Metropolitan","Windy","Low ",1,"Y",15
15,"Meal ",21,15,4.9,"motorcycle",2,"No","Metropolitan","Sunny","Medium",0,"N",10
25,"Buffet ",28,17,4.9,"scooter",2,"No","Urban","Windy","Low",1,"N",10
25,"Drinks ",23,23,4.5,"motorcycle",0,"No","Urban","Sandstorms","Low ",1,"Y",15
28,"Snack ",26,9,4.6,"electric_scooter",0,"No","Urban","Windy","Jam ",0,"N",10
38,"Snack ",34,22,4.9,"motorcycle",0,"No","Urban","Stormy","Medium",1,"N",15
23,"Drinks ",23,12,4.6,"scooter",2,"No","Metropolitan","Sandstorms","Low ",0,"N",5
25,"Drinks ",21,22,4.8,"motorcycle",1,"No","Urban","Sandstorms","Medium",1,"N",15
17,"Buffet ",26,3,4.6,"scooter",1,"No","Urban","Fog","Medium",0,"N",5
19,"Drinks ",38,5,4.7,"electric_scooter",2,"No","Metropolitan","Sunny","Jam ",1,"N",5
33,"Snack ",21,19,4.1,"motorcycle",0,"No","Urban","Sandstorms","Medium",1,"N",15
29,"Buffet ",27,6,4.2,"motorcycle",0,"No","Metropolitan","Windy","Low ",1,"Y",5
33,"Buffet ",32,15,4,"electric_scooter",2,"No","Semi-Urban","Stormy","High ",1,"Y",15
34,"Snack ",24,22,4.9,"motorcycle",0,"No","Urban","Fog","Medium",0,"N",5
15,"Buffet ",20,9,4.9,"scooter",1,"No","Metropolitan","Sunny","Medium",0,"N",5
52,"Drinks ",35,2,4.8,"motorcycle",0,"No","Urban","Stormy","Jam ",0,"N",5
29,"Drinks ",22,13,4.7,"electric_scooter",2,"No","Semi-Urban","Sandstorms","Low ",1,"N",10
15,"Drinks ",28,22,4.9,"scooter",1,"No","Urban","Sandstorms","Low",1,"N",15
24,"Meal ",38,23,4.8,"motorcycle",2,"No","Metropolitan","Sunny","Low ",0,"N",5
19,"Drinks ",31,18,4.6,"motorcycle",1,"No","Metropolitan","Cloudy","Low",1,"Y",10
16,"Snack ",27,22,4.8,"electric_scooter",2,"No","Urban","Stormy","Low ",1,"N",5
41,"Meal ",35,15,3.2,"motorcycle",2,"No","Urban","Sunny","Low ",2,"N",15
21,"Meal ",33,7,4.8,"motorcycle",0,"No","Metropolitan","Fog","Medium",0,"N",5
17,"Drinks ",33,21,4.7,"motorcycle",0,"No","Urban","Sandstorms","Jam",0,"N",15
23,"Meal ",35,3,4.5,"motorcycle",2,"No","Metropolitan","Stormy","High ",1,"N",10
35,"Drinks ",27,23,5,"motorcycle",0,"No","Metropolitan","Fog","Medium",1,"Y",5
26,"Meal ",24,6,4.8,"motorcycle",1,"No","Metropolitan","Windy","Jam",0,"N",5
38,"Meal ",26,8,4.8,"scooter",2,"No","Metropolitan","Fog","Jam ",1,"N",15
20,"Buffet ",30,17,4.9,"motorcycle",2,"No","Metropolitan","Sandstorms","Low ",0,"N",15
43,"Buffet ",20,6,4.6,"motorcycle",2,"No","Metropolitan","Cloudy","Jam ",0,"N",5
21,"Buffet ",20,19,4.6,"electric_scooter",0,"No","Urban","Sandstorms","Low",0,"Y",15
17,"Buffet ",31,17,4.7,"motorcycle",1,"No","Urban","Stormy","High",1,"N",5
40,"Drinks ",34,15,4.9,"electric_scooter",0,"No","Metropolitan","Sandstorms","Jam ",1,"N",5
40,"Buffet ",30,9,4.4,"motorcycle",1,"Yes","Semi-Urban","Fog","Jam ",1,"N",10
30,"Snack ",30,15,4.6,"motorcycle",1,"No","Urban","Windy","Medium",1,"N",15
22,"Drinks ",28,14,4.7,"scooter",2,"No","Semi-Urban","Sunny","Low ",0,"N",15
21,"Meal ",29,16,4.7,"motorcycle",0,"No","Metropolitan","Cloudy","Low ",0,"N",10
31,"Drinks ",20,9,4.1,"motorcycle",0,"No","Metropolitan","Stormy","Low ",1,"N",5
33,"Snack ",36,1,3.8,"motorcycle",1,"No","Urban","Fog","Low",1,"Y",5
17,"Snack ",21,2,4.6,"motorcycle",0,"No","Semi-Urban","Fog","Low ",0,"N",10
18,"Meal ",35,15,4.6,"scooter",2,"No","Urban","Sandstorms","Low ",1,"Y",10
11,"Buffet ",25,16,4.8,"scooter",1,"No","Metropolitan","Sunny","Jam",1,"N",15
19,"Meal ",22,8,4.6,"scooter",2,"No","Metropolitan","Sandstorms","Low ",1,"N",15
19,"Drinks ",32,19,4.6,"motorcycle",1,"No","Metropolitan","Cloudy","Medium",1,"N",5
34,"Meal ",36,15,4.9,"scooter",2,"No","Urban","Stormy","Jam",1,"N",5
15,"Meal ",25,1,4.6,"scooter",2,"No","Metropolitan","Fog","Medium",0,"N",10
41,"Snack ",20,11,4.9,"electric_scooter",2,"No","Semi-Urban","Fog","Jam ",2,"N",5
34,"Drinks ",37,19,3.6,"motorcycle",1,"No","Metropolitan","Fog","Medium",1,"N",10
35,"Snack ",38,8,4,"electric_scooter",2,"No","Metropolitan","Cloudy","Jam ",0,"N",5
34,"Meal ",26,17,5,"motorcycle",0,"No","Urban","Fog","Medium",1,"N",15
27,"Meal ",28,9,4.6,"scooter",1,"No","Metropolitan","Stormy","Medium",1,"N",15
33,"Snack ",37,15,4.1,"electric_scooter",1,"No","Semi-Urban","Stormy","Medium",1,"Y",5
28,"Meal ",25,9,4.6,"scooter",2,"No","Metropolitan","Stormy","Jam ",1,"N",5
27,"Drinks ",38,19,4.6,"scooter",2,"No","Urban","Windy","Low ",0,"N",30
35,"Snack ",20,7,4.2,"motorcycle",0,"No","Urban","Windy","Medium",1,"N",10
24,"Meal ",30,11,4,"motorcycle",0,"No","Metropolitan","Sandstorms","Low ",1,"N",15
20,"Meal ",38,17,4.8,"motorcycle",0,"No","Urban","Cloudy","Low",1,"N",10
37,"Drinks ",35,16,4.9,"motorcycle",0,"No","Urban","Stormy","Jam ",1,"Y",10
15,"Meal ",30,22,4.6,"motorcycle",2,"No","Metropolitan","Fog","Medium",1,"N",5
21,"Drinks ",38,17,4.5,"scooter",2,"No","Metropolitan","Sandstorms","Low ",0,"N",10
24,"Meal ",34,15,4.6,"motorcycle",0,"No","Urban","Stormy","Jam",1,"N",15
13,"Buffet ",34,16,4.5,"electric_scooter",1,"No","Metropolitan","Fog","Low ",1,"N",15
31,"Meal ",37,9,3.7,"scooter",2,"No","Semi-Urban","Stormy","Medium",1,"Y",10
42,"Drinks ",28,16,4.2,"scooter",1,"No","Metropolitan","Cloudy","Jam ",1,"Y",10
22,"Meal ",33,5,5,"scooter",2,"No","Semi-Urban","Windy","Medium",0,"N",10
26,"Buffet ",36,18,4.5,"electric_scooter",2,"No","Metropolitan","Windy","Jam ",1,"N",10
33,"Drinks ",38,11,3.8,"electric_scooter",2,"No","Metropolitan","Stormy","Jam ",1,"N",15
39,"Snack ",20,3,4.4,"scooter",2,"No","Metropolitan","Cloudy","Medium",1,"N",5
21,"Buffet ",30,3,4,"motorcycle",0,"No","Semi-Urban","Sandstorms","Low",1,"N",5
23,"Snack ",22,23,4.8,"motorcycle",0,"No","Urban","Sunny","Low",1,"N",15
28,"Snack ",35,16,4.8,"electric_scooter",2,"No","Semi-Urban","Windy","Medium",1,"N",5
41,"Buffet ",38,1,4.1,"motorcycle",2,"No","Urban","Cloudy","Jam",1,"Y",10
19,"Meal ",30,19,4.8,"motorcycle",1,"No","Urban","Cloudy","Medium",0,"Y",10
15,"Meal ",22,23,4.7,"electric_scooter",0,"No","Urban","Windy","Jam",1,"N",15
18,"Buffet ",38,19,4.6,"motorcycle",1,"No","Metropolitan","Sunny","Jam ",0,"N",5
32,"Buffet ",32,13,4.1,"electric_scooter",0,"No","Metropolitan","Stormy","Low ",1,"N",15
13,"Drinks ",21,16,4.7,"scooter",1,"No","Urban","Sunny","Medium",0,"N",10
17,"Drinks ",23,23,4.5,"electric_scooter",0,"No","Metropolitan","Cloudy","Low ",1,"N",15
30,"Buffet ",39,23,4.9,"electric_scooter",0,"No","Metropolitan","Stormy","Jam ",1,"N",10
26,"Meal ",34,23,4.6,"electric_scooter",2,"No","Metropolitan","Sunny","Low ",0,"N",5
13,"Snack ",25,22,4.9,"scooter",1,"No","Metropolitan","Fog","Low ",0,"Y",10
45,"Meal ",27,2,4.1,"motorcycle",0,"No","Metropolitan","Sunny","Jam ",1,"N",5
15,"Snack ",35,21,4.9,"motorcycle",1,"No","Urban","Stormy","Jam",1,"N",10
19,"Buffet ",30,21,4.7,"motorcycle",1,"No","Metropolitan","Sunny","Low ",1,"Y",10
16,"Snack ",22,3,4.8,"electric_scooter",2,"No","Metropolitan","Cloudy","Low ",1,"Y",10
22,"Drinks ",24,18,4.6,"motorcycle",0,"No","Metropolitan","Fog","Low ",1,"N",5
47,"Snack ",32,22,5,"electric_scooter",0,"Yes","Metropolitan","Sandstorms","Jam ",1,"Y",5
27,"Buffet ",34,15,4.7,"scooter",2,"No","Semi-Urban","Sandstorms","Medium",1,"N",15
20,"Drinks ",31,21,4,"motorcycle",0,"No","Metropolitan","Stormy","Low ",0,"N",10
49,"Buffet ",32,6,4,"electric_scooter",0,"No","Urban","Windy","Medium",1,"N",15
34,"Buffet ",39,6,3.5,"motorcycle",1,"No","Urban","Sandstorms","Jam",1,"N",10
17,"Drinks ",25,19,4.5,"scooter",1,"No","Urban","Stormy","Low",1,"N",10
11,"Buffet ",24,18,4.7,"scooter",1,"No","Metropolitan","Fog","Low",0,"N",5
10,"Buffet ",34,12,4.9,"motorcycle",1,"No","Metropolitan","Fog","Low ",1,"N",10
22,"Buffet ",33,23,4.9,"motorcycle",1,"No","Urban","Sunny","Medium",0,"N",15
32,"Meal ",20,1,4.2,"scooter",2,"No","Metropolitan","Cloudy","Medium",0,"Y",5
32,"Meal ",32,19,5,"scooter",0,"No","Metropolitan","Sunny","Medium",1,"N",10
36,"Buffet ",35,13,4.3,"motorcycle",0,"No","Metropolitan","Windy","Jam ",1,"N",15
31,"Meal ",34,4,4.1,"scooter",2,"No","Metropolitan","Sandstorms","Medium",1,"N",15
17,"Drinks ",38,22,4.7,"motorcycle",2,"No","Urban","Fog","Low",1,"N",5
24,"Snack ",27,1,5,"motorcycle",1,"No","Metropolitan","Windy","High",1,"N",15
30,"Snack ",35,4,4.8,"electric_scooter",1,"No","Metropolitan","Fog","Jam ",1,"Y",10
30,"Meal ",24,17,4.7,"electric_scooter",1,"No","Urban","Windy","Jam",1,"Y",15
21,"Snack ",38,12,4.6,"motorcycle",2,"No","Metropolitan","Windy","Low ",1,"N",15
37,"Snack ",31,13,4.2,"scooter",0,"No","Semi-Urban","Sandstorms","Jam ",1,"N",5
22,"Snack ",35,21,4.9,"motorcycle",0,"No","Metropolitan","Sunny","High ",1,"Y",10
32,"Buffet ",26,23,4.6,"motorcycle",0,"No","Metropolitan","Stormy","Medium",1,"N",15
24,"Drinks ",27,16,4.7,"scooter",2,"No","Urban","Sandstorms","Medium",1,"N",5
21,"Buffet ",35,2,4.6,"motorcycle",1,"No","Metropolitan","Windy","Medium",0,"Y",10
21,"Meal ",32,7,4.8,"electric_scooter",1,"No","Semi-Urban","Stormy","Jam ",0,"N",10
27,"Buffet ",37,21,4.9,"scooter",1,"No","Semi-Urban","Sandstorms","High ",1,"N",15
36,"Snack ",20,19,4.6,"motorcycle",0,"No","Metropolitan","Stormy","Jam ",1,"N",10
12,"Meal ",33,18,4.5,"electric_scooter",2,"No","Metropolitan","Stormy","Low ",1,"N",10
22,"Buffet ",25,17,4.6,"motorcycle",1,"No","Metropolitan","Sandstorms","Low ",1,"N",5
26,"Meal ",36,15,4.6,"scooter",1,"No","Urban","Fog","High",1,"N",10
30,"Drinks ",37,7,4.5,"electric_scooter",1,"No","Metropolitan","Stormy","Jam ",1,"N",5
15,"Drinks ",22,18,5,"motorcycle",2,"No","Metropolitan","Sandstorms","Jam ",0,"N",5
23,"Drinks ",30,23,4.6,"scooter",2,"No","Urban","Fog","Low ",1,"N",15
31,"Snack ",32,9,2.5,"scooter",2,"No","Metropolitan","Sunny","Low ",0,"Y",10
41,"Drinks ",20,11,4.4,"electric_scooter",0,"No","Semi-Urban","Sunny","Jam ",1,"N",15
28,"Snack ",39,18,4.3,"motorcycle",0,"No","Semi-Urban","Windy","Low ",1,"N",25
31,"Drinks ",37,21,4.6,"motorcycle",2,"No","Urban","Windy","Medium",1,"N",10
18,"Meal ",36,21,4.7,"electric_scooter",1,"No","Metropolitan","Windy","Low",0,"N",5
17,"Snack ",23,23,4.6,"motorcycle",1,"No","Metropolitan","Stormy","Jam ",0,"N",5
18,"Buffet ",21,3,5,"motorcycle",0,"No","Metropolitan","Sandstorms","Jam ",0,"N",10
26,"Meal ",23,4,4.5,"electric_scooter",0,"No","Urban","Fog","Low",1,"N",10
19,"Buffet ",20,13,4.8,"motorcycle",1,"No","Metropolitan","Sunny","Low ",1,"N",10
18,"Snack ",36,17,4.7,"motorcycle",1,"No","Urban","Stormy","Medium",1,"N",15
40,"Drinks ",38,9,4.9,"motorcycle",0,"Yes","Metropolitan","Sandstorms","Jam ",1,"Y",5
33,"Buffet ",39,7,4.7,"motorcycle",0,"No","Metropolitan","Sandstorms","Jam ",1,"Y",15
16,"Buffet ",30,23,4.7,"electric_scooter",1,"No","Metropolitan","Cloudy","Medium",1,"Y",5
23,"Drinks ",39,14,4.8,"motorcycle",1,"No","Metropolitan","Windy","Jam ",1,"N",15
26,"Snack ",24,13,4.7,"scooter",2,"No","Metropolitan","Fog","Jam ",0,"Y",10
21,"Buffet ",21,23,4.9,"motorcycle",2,"No","Urban","Windy","High",1,"N",10
43,"Drinks ",23,13,4.2,"electric_scooter",1,"No","Semi-Urban","Cloudy","Medium",0,"Y",15
49,"Meal ",34,22,4.7,"scooter",0,"No","Semi-Urban","Stormy","High",2,"N",10
20,"Drinks ",21,22,4.5,"scooter",0,"No","Metropolitan","Sandstorms","Low ",1,"N",5
20,"Drinks ",39,22,4.7,"scooter",2,"No","Metropolitan","Sunny","Low ",1,"N",5
13,"Meal ",38,17,5,"motorcycle",1,"No","Metropolitan","Sandstorms","High ",0,"N",5
23,"Meal ",25,21,4.9,"motorcycle",1,"No","Semi-Urban","Stormy","Low",1,"N",15
24,"Drinks ",22,1,5,"scooter",2,"No","Metropolitan","Fog","Jam ",1,"N",10
37,"Buffet ",32,5,4.3,"motorcycle",0,"No","Urban","Sandstorms","Medium",1,"N",10
18,"Snack ",23,13,4.8,"electric_scooter",1,"No","Metropolitan","Fog","Medium",0,"N",15
29,"Drinks ",28,7,4.5,"motorcycle",1,"No","Urban","Stormy","High ",0,"N",15
35,"Buffet ",21,9,4.9,"electric_scooter",0,"No","Metropolitan","Sandstorms","Medium",1,"N",5
34,"Snack ",36,2,4.6,"motorcycle",0,"No","Semi-Urban","Windy","Medium",0,"N",10
15,"Buffet ",36,5,4.5,"scooter",2,"No","Urban","Fog","Medium",0,"N",10
31,"Snack ",29,1,3.9,"scooter",2,"No","Semi-Urban","Sunny","Jam",1,"N",10
21,"Buffet ",32,8,4.5,"scooter",2,"No","Metropolitan","Sunny","Medium",1,"N",10
25,"Meal ",30,18,5,"electric_scooter",0,"No","Urban","Sunny","Low ",0,"N",5
29,"Meal ",24,17,4.9,"scooter",2,"No","Metropolitan","Windy","Jam ",1,"N",5
16,"Drinks ",29,17,4.9,"electric_scooter",2,"No","Urban","Sandstorms","Low",0,"N",10
38,"Snack ",34,22,4.9,"motorcycle",0,"No","Urban","Stormy","Medium",1,"N",15
32,"Meal ",35,16,3.3,"motorcycle",0,"No","Metropolitan","Sunny","Low ",1,"N",10
23,"Buffet ",37,22,4.8,"scooter",0,"No","Semi-Urban","Sandstorms","Medium",1,"N",10
22,"Snack ",31,17,4.9,"motorcycle",2,"No","Metropolitan","Stormy","High ",0,"N",15
33,"Meal ",23,4,4.2,"motorcycle",0,"No","Urban","Sandstorms","Jam",1,"N",10
43,"Snack ",23,13,4.2,"motorcycle",1,"No","Metropolitan","Sandstorms","Jam ",1,"N",10
14,"Snack ",39,18,4.8,"motorcycle",2,"No","Urban","Stormy","Low",0,"N",5
22,"Buffet ",39,23,4.7,"motorcycle",2,"No","Urban","Sunny","High ",1,"Y",10
32,"Meal ",21,7,4.7,"motorcycle",0,"No","Metropolitan","Fog","High ",1,"N",5
21,"Drinks ",31,19,4.7,"motorcycle",0,"No","Semi-Urban","Sunny","Low ",1,"N",15
19,"Buffet ",35,17,4.7,"scooter",2,"No","Urban","Stormy","Low",0,"Y",15
27,"Drinks ",38,7,4.7,"scooter",2,"No","Metropolitan","Fog","Medium",1,"N",15
43,"Drinks ",36,9,4.2,"motorcycle",1,"No","Metropolitan","Cloudy","Jam ",2,"Y",15
20,"Drinks ",21,22,4.4,"motorcycle",0,"No","Metropolitan","Windy","Low ",1,"N",10
27,"Drinks ",23,21,4.9,"motorcycle",1,"No","Metropolitan","Sunny","Low ",1,"N",5
31,"Drinks ",39,4,5,"scooter",1,"No","Metropolitan","Cloudy","Medium",1,"N",5
15,"Snack ",34,23,5,"motorcycle",0,"No","Urban","Cloudy","Low",0,"N",10
21,"Drinks ",29,19,5,"electric_scooter",1,"No","Metropolitan","Sandstorms","Low ",1,"N",15
21,"Buffet ",23,5,4.6,"electric_scooter",2,"No","Urban","Sunny","Jam ",1,"N",10
34,"Buffet ",36,11,4.9,"scooter",1,"No","Urban","Sandstorms","Medium",1,"Y",10
30,"Snack ",31,16,4.7,"scooter",2,"No","Metropolitan","Fog","Jam ",1,"N",5
25,"Meal ",34,22,4.6,"scooter",1,"No","Metropolitan","Windy","Low ",1,"N",10
33,"Meal ",37,3,4,"motorcycle",0,"No","Urban","Windy","Low",0,"Y",5
20,"Snack ",30,16,4.8,"motorcycle",0,"No","Urban","Sunny","Low",1,"N",5
22,"Snack ",23,18,4.6,"electric_scooter",2,"No","Metropolitan","Cloudy","High ",1,"N",10
39,"Snack ",39,3,5,"scooter",2,"No","Metropolitan","Cloudy","Jam ",1,"N",5
20,"Drinks ",32,6,4.5,"motorcycle",0,"No","Metropolitan","Fog","Low ",1,"N",15
18,"Buffet ",21,15,4.9,"scooter",2,"No","Urban","Sunny","Medium",1,"N",10
19,"Snack ",20,23,4.7,"electric_scooter",2,"No","Metropolitan","Stormy","Low ",1,"Y",10
15,"Meal ",38,19,4.7,"scooter",1,"No","Urban","Windy","Low",1,"N",15
21,"Drinks ",35,16,4.9,"electric_scooter",0,"No","Urban","Fog","Low",1,"N",5
13,"Snack ",25,18,4.7,"motorcycle",2,"No","Urban","Sunny","Medium",0,"N",10
19,"Meal ",28,6,4.6,"electric_scooter",2,"No","Metropolitan","Sunny","Medium",1,"Y",10
30,"Snack ",32,23,4.7,"electric_scooter",2,"No","Urban","Stormy","Jam",1,"Y",5
28,"Drinks ",36,18,4.9,"scooter",2,"No","Metropolitan","Windy","Medium",1,"Y",5
15,"Buffet ",28,21,4.6,"motorcycle",1,"No","Metropolitan","Fog","Low ",1,"Y",15
15,"Meal ",21,18,4.9,"motorcycle",1,"No","Metropolitan","Fog","Low ",0,"N",5
30,"Buffet ",28,22,4.6,"motorcycle",0,"No","Urban","Fog","Jam",1,"N",5
39,"Buffet ",21,4,5,"motorcycle",0,"No","Semi-Urban","Stormy","Medium",1,"Y",5
47,"Drinks ",24,16,5,"scooter",0,"No","Metropolitan","Cloudy","Jam ",1,"N",10
28,"Drinks ",35,3,4.8,"motorcycle",0,"No","Metropolitan","Sandstorms","Jam ",1,"N",10
46,"Snack ",29,18,4.2,"motorcycle",0,"No","Urban","Windy","Medium",1,"N",5
19,"Meal ",38,16,4.9,"scooter",2,"No","Metropolitan","Sandstorms","Jam ",0,"N",5
53,"Drinks ",31,23,4.7,"motorcycle",0,"No","Metropolitan","Sandstorms","Jam",2,"N",10
23,"Meal ",28,8,5,"motorcycle",2,"No","Semi-Urban","Sandstorms","Low ",1,"N",10
15,"Buffet ",35,9,5,"scooter",1,"No","Urban","Sandstorms","Low ",0,"Y",10
12,"Meal ",20,22,4.7,"electric_scooter",2,"No","Urban","Sandstorms","Low ",0,"Y",5
34,"Drinks ",28,3,4.7,"motorcycle",2,"No","Metropolitan","Stormy","High ",1,"N",10
16,"Buffet ",39,19,4.5,"scooter",2,"No","Semi-Urban","Stormy","Low ",0,"N",10
29,"Drinks ",33,3,5,"motorcycle",2,"No","Metropolitan","Fog","High ",0,"N",15
31,"Meal ",26,2,4.1,"scooter",2,"No","Metropolitan","Cloudy","Jam ",0,"N",5
20,"Snack ",24,9,4.8,"scooter",2,"No","Urban","Windy","Medium",1,"Y",10
32,"Meal ",39,2,4.7,"scooter",0,"No","Metropolitan","Sunny","Jam ",1,"N",10
17,"Meal ",26,16,4.8,"motorcycle",2,"No","Urban","Sunny","Low ",1,"N",5
44,"Snack ",32,9,4.7,"scooter",2,"No","Metropolitan","Fog","Jam ",2,"Y",15
34,"Buffet ",34,6,4.9,"motorcycle",0,"No","Metropolitan","Fog","High ",1,"N",10
40,"Drinks ",38,5,4.2,"electric_scooter",0,"No","Metropolitan","Windy","Jam ",1,"N",10
24,"Meal ",33,5,4.5,"motorcycle",1,"No","Metropolitan","Stormy","Medium",1,"N",15
35,"Buffet ",32,4,4,"scooter",1,"No","Urban","Stormy","Jam ",1,"Y",5
25,"Meal ",38,23,4.7,"scooter",2,"No","Metropolitan","Sunny","Low ",1,"N",15
41,"Meal ",38,23,4.6,"motorcycle",0,"No","Metropolitan","Fog","Medium",1,"N",10
17,"Drinks ",21,17,4.8,"scooter",2,"No","Urban","Sunny","Medium",1,"N",5
25,"Buffet ",23,2,4.8,"motorcycle",2,"No","Metropolitan","Windy","Medium",1,"Y",15
29,"Buffet ",33,15,4.9,"scooter",2,"No","Semi-Urban","Sandstorms","Medium",1,"N",15
31,"Drinks ",28,18,5,"scooter",2,"No","Semi-Urban","Cloudy","Jam ",1,"N",15
26,"Buffet ",37,16,4.8,"motorcycle",1,"No","Metropolitan","Stormy","High ",1,"N",5
27,"Snack ",29,16,4.7,"electric_scooter",1,"No","Metropolitan","Fog","High ",1,"N",5
32,"Snack ",39,9,4.1,"electric_scooter",0,"No","Semi-Urban","Stormy","Medium",1,"N",5
17,"Snack ",22,17,4.9,"motorcycle",0,"No","Metropolitan","Stormy","Medium",1,"Y",10
41,"Buffet ",27,3,4.7,"motorcycle",0,"No","Metropolitan","Fog","Low ",1,"N",10
48,"Meal ",21,5,4.7,"motorcycle",0,"No","Urban","Fog","Jam ",1,"N",15
22,"Drinks ",25,9,4.9,"electric_scooter",2,"No","Semi-Urban","Sunny","Jam ",0,"N",10
28,"Meal ",27,8,4.7,"motorcycle",1,"No","Urban","Windy","Medium",1,"N",15
25,"Drinks ",35,21,4.9,"motorcycle",1,"No","Semi-Urban","Cloudy","Low",1,"N",10
19,"Meal ",36,7,4.9,"motorcycle",0,"No","Metropolitan","Stormy","Low ",1,"N",5
14,"Snack ",30,3,4.5,"electric_scooter",2,"No","Metropolitan","Sandstorms","Low ",1,"N",10
19,"Meal ",33,6,4.6,"motorcycle",1,"No","Urban","Sandstorms","Medium",0,"N",10
19,"Buffet ",23,23,4.7,"electric_scooter",2,"No","Metropolitan","Fog","Medium",1,"N",15
16,"Meal ",34,21,4.7,"motorcycle",1,"No","Metropolitan","Cloudy","Medium",1,"N",5
29,"Snack ",34,3,4.6,"electric_scooter",2,"No","Semi-Urban","Stormy","Jam ",1,"Y",10
45,"Snack ",22,17,4.8,"motorcycle",0,"No","Metropolitan","Stormy","Jam ",3,"N",10
18,"Drinks ",37,23,4.7,"electric_scooter",1,"No","Urban","Sunny","Medium",0,"N",10
20,"Buffet ",24,22,4.6,"motorcycle",0,"No","Urban","Sandstorms","Medium",0,"N",10
32,"Meal ",27,5,4.4,"scooter",1,"No","Metropolitan","Fog","Low ",1,"N",15
28,"Meal ",35,22,5,"motorcycle",1,"No","Metropolitan","Windy","Medium",0,"N",10
27,"Drinks ",22,17,4.6,"scooter",2,"No","Urban","Fog","High ",0,"Y",5
29,"Meal ",20,9,4.7,"scooter",1,"No","Metropolitan","Windy","High ",1,"N",15
13,"Buffet ",33,18,4.7,"motorcycle",1,"No","Metropolitan","Sunny","Jam ",0,"N",10
30,"Buffet ",30,4,4.9,"motorcycle",0,"No","Metropolitan","Sandstorms","High ",1,"N",5
24,"Buffet ",33,6,4,"motorcycle",0,"No","Urban","Stormy","Low ",1,"N",5
44,"Drinks ",27,17,5,"scooter",2,"No","Semi-Urban","Fog","Jam ",1,"N",10
17,"Snack ",31,15,4.8,"motorcycle",1,"No","Metropolitan","Fog","Low ",1,"N",5
31,"Meal ",39,2,3.7,"scooter",1,"No","Urban","Cloudy","Low",1,"N",15
17,"Buffet ",34,12,4.7,"scooter",1,"No","Urban","Cloudy","Medium",1,"N",15
23,"Drinks ",34,21,4.9,"scooter",1,"No","Metropolitan","Sandstorms","Low",1,"N",5
33,"Meal ",22,3,4.4,"motorcycle",2,"No","Semi-Urban","Fog","Medium",1,"Y",10
23,"Meal ",35,16,5,"scooter",0,"No","Metropolitan","Fog","Low",1,"N",5
39,"Meal ",30,16,5,"motorcycle",1,"No","Metropolitan","Cloudy","Jam ",1,"N",10
52,"Meal ",26,21,4.7,"motorcycle",0,"No","Semi-Urban","Sunny","Jam ",3,"N",10
16,"Meal ",20,18,4.9,"motorcycle",1,"No","Urban","Cloudy","Low",0,"N",10
23,"Drinks ",21,14,5,"motorcycle",0,"No","Metropolitan","Fog","Low ",0,"Y",10
27,"Drinks ",34,2,4.7,"motorcycle",0,"No","Metropolitan","Fog","Medium",1,"N",15
10,"Snack ",29,22,4.8,"motorcycle",2,"No","Urban","Stormy","Medium",0,"N",10
23,"Snack ",24,23,4.8,"motorcycle",0,"No","Urban","Fog","Low ",1,"N",20
32,"Buffet ",39,7,4.6,"motorcycle",1,"No","Metropolitan","Fog","Jam ",1,"N",5
25,"Meal ",32,16,4.7,"scooter",2,"No","Metropolitan","Sunny","Jam ",1,"N",10
24,"Snack ",23,22,4.5,"motorcycle",2,"No","Semi-Urban","Windy","Low ",0,"Y",10
20,"Drinks ",38,23,4.8,"scooter",1,"No","Urban","Windy","Low",0,"N",10
27,"Meal ",38,21,5,"motorcycle",1,"No","Urban","Cloudy","Medium",1,"N",15
17,"Drinks ",21,19,4.9,"motorcycle",2,"No","Urban","Stormy","Low",1,"Y",15
31,"Buffet ",34,5,4.3,"electric_scooter",0,"No","Metropolitan","Fog","Jam ",1,"Y",15
37,"Buffet ",27,1,5,"motorcycle",0,"No","Metropolitan","Cloudy","Jam ",2,"N",15
22,"Snack ",33,23,4.6,"scooter",0,"No","Metropolitan","Cloudy","Low ",0,"Y",15
25,"Drinks ",35,13,4.8,"motorcycle",2,"No","Metropolitan","Windy","High ",1,"N",15
38,"Meal ",34,13,4.2,"scooter",1,"No","Metropolitan","Cloudy","Medium",1,"N",10
18,"Meal ",26,18,4.6,"scooter",2,"No","Metropolitan","Stormy","Jam",1,"N",10
27,"Drinks ",24,9,4.8,"motorcycle",2,"No","Metropolitan","Fog","High ",0,"Y",5
15,"Snack ",21,18,5,"electric_scooter",2,"No","Metropolitan","Cloudy","Low",0,"Y",15
22,"Snack ",29,22,5,"motorcycle",0,"No","Metropolitan","Stormy","Low ",1,"N",5
15,"Snack ",28,23,4.8,"motorcycle",1,"No","Metropolitan","Sandstorms","Low ",1,"Y",5
14,"Snack ",30,15,4.9,"motorcycle",2,"No","Urban","Cloudy","Low ",0,"N",15
38,"Snack ",26,9,4.3,"motorcycle",2,"No","Metropolitan","Cloudy","Jam ",0,"N",10
20,"Snack ",34,18,4.9,"scooter",1,"No","Semi-Urban","Windy","Jam",1,"N",15
26,"Buffet ",38,23,4.7,"scooter",2,"No","Metropolitan","Windy","Jam ",1,"N",5
19,"Drinks ",35,19,4.6,"scooter",2,"No","Metropolitan","Cloudy","Low ",0,"N",20
27,"Buffet ",29,1,4.8,"electric_scooter",2,"No","Urban","Sandstorms","Jam",1,"N",15
30,"Meal ",33,7,4.7,"electric_scooter",1,"No","Metropolitan","Fog","Medium",1,"N",5
40,"Drinks ",32,11,3.6,"scooter",1,"No","Semi-Urban","Stormy","Jam ",1,"N",15
20,"Meal ",39,12,4.6,"motorcycle",1,"No","Metropolitan","Sandstorms","Jam ",0,"Y",5
53,"Meal ",38,17,4.6,"motorcycle",0,"No","Urban","Stormy","Jam ",3,"N",15
36,"Drinks ",21,2,4.3,"scooter",0,"No","Metropolitan","Stormy","Medium",0,"N",15
27,"Buffet ",24,4,4.5,"scooter",1,"No","Urban","Windy","Jam ",1,"N",10
22,"Drinks ",23,23,4.4,"motorcycle",0,"No","Metropolitan","Sandstorms","Low ",1,"N",15
28,"Buffet ",28,19,4.8,"motorcycle",0,"No","Semi-Urban","Stormy","High",0,"N",5
23,"Buffet ",34,12,4.7,"scooter",1,"No","Metropolitan","Fog","Jam ",1,"N",10
33,"Meal ",21,12,5,"motorcycle",2,"No","Metropolitan","Sandstorms","High ",1,"Y",15
15,"Meal ",26,17,4.7,"electric_scooter",0,"No","Urban","Stormy","Low ",0,"N",5
32,"Drinks ",28,9,4.8,"electric_scooter",1,"No","Semi-Urban","Windy","High ",0,"Y",5
19,"Snack ",31,15,4.9,"scooter",1,"No","Metropolitan","Sunny","High ",1,"N",5
20,"Snack ",33,9,4.8,"motorcycle",0,"No","Metropolitan","Sunny","High ",0,"Y",10
20,"Snack ",26,2,4.2,"motorcycle",0,"No","Urban","Sandstorms","Low",0,"N",10
31,"Drinks ",27,7,4.6,"scooter",1,"No","Metropolitan","Fog","Medium",0,"N",15
27,"Meal ",39,23,4.6,"motorcycle",2,"No","Semi-Urban","Windy","Low ",1,"N",5
22,"Snack ",31,18,4.8,"scooter",2,"No","Semi-Urban","Sandstorms","Jam ",1,"Y",15
19,"Meal ",21,19,4.7,"scooter",1,"No","Metropolitan","Windy","Low ",1,"N",10
18,"Buffet ",20,23,4.7,"motorcycle",1,"No","Urban","Cloudy","Low",1,"N",15
28,"Buffet ",34,9,4.3,"motorcycle",0,"No","Urban","Windy","Low ",0,"N",10
21,"Buffet ",36,13,4.8,"motorcycle",2,"No","Metropolitan","Sandstorms","Low ",1,"N",20
31,"Buffet ",34,19,4.5,"scooter",1,"No","Urban","Cloudy","Low",1,"N",20
27,"Buffet ",29,1,4.6,"motorcycle",0,"No","Urban","Cloudy","High",1,"N",15
38,"Drinks ",30,13,4.2,"motorcycle",0,"No","Metropolitan","Sunny","Jam ",2,"Y",10
22,"Snack ",21,2,4,"motorcycle",0,"No","Metropolitan","Sandstorms","Low ",1,"Y",15
25,"Meal ",24,1,4.3,"motorcycle",0,"No","Urban","Stormy","Low",1,"N",10
21,"Drinks ",35,22,4.6,"scooter",1,"No","Urban","Stormy","Low",0,"N",10
28,"Buffet ",21,5,4.9,"motorcycle",0,"No","Metropolitan","Windy","Jam ",1,"N",5
21,"Drinks ",35,5,4.8,"motorcycle",2,"No","Semi-Urban","Stormy","High ",0,"N",5
43,"Drinks ",39,4,4.4,"scooter",2,"No","Metropolitan","Fog","Jam ",0,"Y",10
25,"Snack ",22,13,4.6,"electric_scooter",1,"No","Semi-Urban","Windy","Medium",0,"Y",10
24,"Buffet ",33,19,4.9,"motorcycle",0,"No","Urban","Sunny","High",1,"N",10
26,"Meal ",33,4,4.7,"motorcycle",0,"No","Semi-Urban","Sunny","Low",1,"N",10
24,"Snack ",29,9,4.9,"scooter",1,"No","Metropolitan","Stormy","Jam ",0,"N",15
38,"Drinks ",30,7,4.6,"motorcycle",0,"No","Semi-Urban","Fog","Jam ",1,"N",5
18,"Meal ",34,18,5,"scooter",1,"No","Urban","Sunny","Medium",1,"Y",10
41,"Meal ",26,5,4.7,"motorcycle",0,"No","Metropolitan","Windy","Jam ",0,"N",10
19,"Snack ",27,6,4.6,"electric_scooter",2,"No","Urban","Fog","Medium",0,"N",10
22,"Meal ",34,22,4.8,"motorcycle",0,"No","Urban","Cloudy","High",1,"N",10
41,"Drinks ",27,2,3.9,"motorcycle",2,"No","Urban","Sandstorms","Jam",1,"Y",5
26,"Buffet ",20,22,5,"scooter",2,"No","Metropolitan","Windy","Medium",1,"N",10
31,"Meal ",32,9,4.3,"scooter",1,"No","Metropolitan","Fog","Jam ",1,"N",15
39,"Drinks ",39,3,4.5,"scooter",2,"No","Urban","Sandstorms","Jam",1,"N",10
32,"Meal ",39,9,4.2,"motorcycle",2,"No","Urban","Sunny","Jam ",0,"N",5
42,"Meal ",26,7,4.8,"motorcycle",0,"No","Metropolitan","Fog","Medium",2,"N",5
22,"Meal ",26,23,4.9,"electric_scooter",0,"No","Urban","Sunny","Low",0,"N",15
33,"Meal ",35,6,4.4,"scooter",1,"No","Urban","Sandstorms","Jam ",0,"N",15
24,"Meal ",35,15,5,"motorcycle",0,"No","Metropolitan","Sunny","Medium",1,"N",15
26,"Snack ",24,7,4.2,"motorcycle",0,"No","Metropolitan","Windy","Low ",1,"N",5
35,"Drinks ",36,5,4.1,"scooter",2,"No","Urban","Cloudy","Medium",0,"Y",15
43,"Meal ",38,3,4.1,"scooter",0,"No","Metropolitan","Sunny","Jam ",0,"Y",10
13,"Drinks ",21,16,4.7,"scooter",1,"No","Urban","Sunny","Medium",0,"N",10
31,"Drinks ",28,19,2.7,"motorcycle",1,"No","Metropolitan","Sandstorms","Low ",1,"N",10
26,"Meal ",21,9,4.9,"motorcycle",0,"No","Metropolitan","Sandstorms","Low ",1,"N",20
27,"Drinks ",32,23,4.5,"electric_scooter",2,"No","Metropolitan","Sunny","Jam ",0,"N",10
16,"Buffet ",35,13,4.8,"electric_scooter",2,"No","Metropolitan","Cloudy","Medium",0,"N",10
22,"Snack ",39,3,4.1,"motorcycle",0,"No","Metropolitan","Sandstorms","Low ",0,"N",10
47,"Snack ",34,13,4.9,"motorcycle",0,"No","Metropolitan","Cloudy","Jam ",2,"N",15
22,"Snack ",23,16,4.3,"scooter",0,"No","Urban","Sandstorms","Low ",1,"N",15
16,"Meal ",30,13,4.8,"motorcycle",0,"No","Metropolitan","Windy","Low ",1,"N",5
17,"Buffet ",26,2,4.8,"motorcycle",1,"No","Metropolitan","Cloudy","Low",1,"N",10
38,"Buffet ",25,3,4.6,"scooter",1,"No","Urban","Fog","Jam ",0,"Y",15
43,"Meal ",33,6,4,"scooter",1,"No","Urban","Cloudy","Jam ",3,"N",15
15,"Drinks ",30,17,4.7,"motorcycle",1,"No","Urban","Sandstorms","Medium",1,"N",15
34,"Snack ",28,13,4.3,"motorcycle",0,"No","Urban","Windy","Jam ",1,"N",10
17,"Buffet ",39,22,4.9,"electric_scooter",2,"No","Metropolitan","Fog","Low ",0,"N",10
27,"Buffet ",20,9,4.5,"scooter",2,"No","Metropolitan","Windy","Medium",1,"N",5
49,"Meal ",33,1,4.2,"scooter",2,"No","Urban","Stormy","Jam ",2,"N",10
41,"Snack ",27,17,4.6,"scooter",1,"No","Urban","Cloudy","Jam ",1,"N",15
35,"Meal ",35,16,4.6,"electric_scooter",1,"No","Semi-Urban","Fog","Medium",1,"Y",10
24,"Drinks ",29,19,4.6,"motorcycle",1,"No","Semi-Urban","Cloudy","Low ",1,"N",25
17,"Snack ",21,23,4.8,"motorcycle",0,"No","Semi-Urban","Sunny","Medium",0,"N",15
28,"Snack ",26,23,4.6,"motorcycle",2,"No","Semi-Urban","Cloudy","High",1,"N",15
20,"Snack ",27,5,4.5,"motorcycle",0,"No","Urban","Stormy","Jam",0,"Y",15
40,"Buffet ",34,4,4.4,"electric_scooter",2,"No","Semi-Urban","Sandstorms","Jam ",1,"N",10
35,"Drinks ",27,17,4.8,"motorcycle",0,"No","Urban","Fog","Medium",1,"Y",10
24,"Drinks ",36,14,4.5,"scooter",1,"No","Metropolitan","Sandstorms","Jam ",1,"Y",15
42,"Meal ",29,2,4.4,"motorcycle",2,"No","Semi-Urban","Cloudy","Medium",1,"N",15
30,"Snack ",20,23,4.8,"scooter",1,"No","Metropolitan","Cloudy","Low ",0,"Y",15
28,"Snack ",27,18,4.6,"motorcycle",2,"No","Metropolitan","Fog","Low ",0,"Y",10
43,"Meal ",38,6,4.7,"scooter",0,"No","Metropolitan","Windy","High ",1,"N",5
18,"Drinks ",33,4,4.7,"motorcycle",2,"No","Semi-Urban","Fog","Low",1,"N",10
23,"Drinks ",20,23,4.8,"scooter",2,"No","Metropolitan","Stormy","Medium",0,"Y",15
36,"Buffet ",27,23,4.5,"scooter",1,"No","Metropolitan","Sunny","Low ",1,"Y",10
26,"Snack ",31,23,4.5,"scooter",1,"No","Metropolitan","Stormy","Medium",1,"N",10
39,"Buffet ",27,8,4.2,"scooter",2,"No","Metropolitan","Fog","Low ",0,"Y",10
13,"Drinks ",29,11,4.8,"motorcycle",1,"No","Metropolitan","Stormy","Low ",0,"N",10
15,"Snack ",34,21,4.9,"motorcycle",0,"No","Metropolitan","Windy","High ",1,"N",10
20,"Drinks ",38,21,4.7,"scooter",0,"No","Urban","Cloudy","Low",0,"N",20
45,"Buffet ",36,11,4,"electric_scooter",0,"No","Metropolitan","Windy","High ",0,"Y",5
31,"Drinks ",20,15,5,"scooter",2,"No","Metropolitan","Stormy","Medium",1,"N",5
22,"Snack ",28,18,4.7,"motorcycle",1,"No","Metropolitan","Sandstorms","High ",1,"N",15
21,"Buffet ",28,1,4.1,"electric_scooter",0,"No","Metropolitan","Windy","Low",1,"Y",20
29,"Snack ",24,12,4.7,"motorcycle",1,"No","Metropolitan","Windy","Low ",1,"N",5
34,"Drinks ",27,4,4.3,"electric_scooter",2,"No","Metropolitan","Stormy","Medium",2,"Y",5
33,"Snack ",39,6,4.9,"motorcycle",0,"No","Metropolitan","Fog","Jam ",1,"N",15
43,"Drinks ",24,14,4.9,"scooter",2,"No","Metropolitan","Fog","Jam ",1,"N",15
18,"Buffet ",27,23,4.6,"electric_scooter",0,"No","Metropolitan","Sunny","Low ",1,"N",10
41,"Snack ",22,2,4.1,"scooter",1,"No","Metropolitan","Fog","Jam ",1,"N",15
45,"Snack ",31,1,4.2,"scooter",0,"No","Semi-Urban","Windy","Jam ",0,"Y",15
22,"Snack ",32,6,5,"scooter",1,"No","Metropolitan","Sunny","Jam ",0,"N",5
19,"Meal ",39,23,4.9,"motorcycle",0,"No","Semi-Urban","Cloudy","Low ",1,"N",10
54,"Buffet ",26,4,4.7,"scooter",0,"Yes","Urban","Fog","Jam ",1,"N",10
23,"Snack ",24,1,4.2,"motorcycle",0,"No","Urban","Stormy","Low",1,"N",5
32,"Snack ",36,7,4.2,"electric_scooter",2,"No","Metropolitan","Sandstorms","Jam ",1,"Y",10
18,"Drinks ",20,2,4.5,"motorcycle",2,"No","Semi-Urban","Fog","Medium",1,"N",5
31,"Drinks ",20,15,4.7,"motorcycle",2,"No","Metropolitan","Windy","Medium",1,"N",10
20,"Buffet ",24,2,4.6,"scooter",2,"No","Metropolitan","Stormy","Low ",1,"N",10
32,"Snack ",33,9,4.5,"electric_scooter",2,"No","Metropolitan","Windy","Jam ",1,"N",5
15,"Drinks ",30,23,4.7,"scooter",1,"No","Urban","Sunny","Medium",0,"Y",10
37,"Meal ",30,3,4.5,"scooter",1,"No","Metropolitan","Sandstorms","Jam ",1,"N",5
23,"Snack ",26,8,4.9,"motorcycle",1,"No","Metropolitan","Sandstorms","Low ",0,"N",25
28,"Snack ",31,17,4,"electric_scooter",0,"No","Metropolitan","Sandstorms","Low ",1,"N",10
49,"Buffet ",29,13,4.3,"motorcycle",0,"No","Urban","Sandstorms","Jam ",1,"N",10
16,"Snack ",34,18,4.7,"scooter",1,"No","Urban","Sandstorms","High",0,"N",15
15,"Meal ",20,17,4.8,"motorcycle",1,"No","Urban","Sunny","Medium",0,"N",10
15,"Snack ",26,18,4.9,"scooter",2,"No","Urban","Fog","Low ",1,"N",10
16,"Snack ",34,9,4.7,"electric_scooter",2,"No","Metropolitan","Sandstorms","Medium",1,"N",10
35,"Snack ",39,3,3.7,"electric_scooter",2,"No","Metropolitan","Windy","Medium",2,"N",5
46,"Buffet ",24,6,4.8,"motorcycle",1,"No","Semi-Urban","Fog","Jam ",3,"N",10
11,"Meal ",20,1,4.9,"scooter",2,"No","Urban","Windy","Low",0,"N",5
23,"Snack ",35,9,4.9,"scooter",2,"No","Semi-Urban","Fog","Low ",1,"Y",5
19,"Buffet ",28,21,4.6,"motorcycle",0,"No","Urban","Stormy","Low",1,"N",15
13,"Snack ",39,23,4.8,"motorcycle",1,"No","Urban","Stormy","Low ",0,"Y",10
18,"Buffet ",21,22,5,"scooter",2,"No","Metropolitan","Cloudy","Medium",1,"Y",10
22,"Snack ",36,18,4.6,"motorcycle",1,"No","Metropolitan","Sandstorms","Low ",1,"N",10
14,"Buffet ",27,23,4.7,"motorcycle",2,"No","Metropolitan","Windy","High ",1,"N",10
12,"Meal ",30,23,4.6,"scooter",2,"No","Semi-Urban","Windy","Low",0,"N",15
34,"Snack ",35,13,4.8,"electric_scooter",0,"No","Metropolitan","Stormy","Medium",2,"Y",10
35,"Snack ",38,15,3.2,"scooter",1,"No","Metropolitan","Sunny","Low ",1,"N",15
10,"Meal ",22,19,4.7,"motorcycle",1,"No","Urban","Fog","Medium",0,"N",5
35,"Drinks ",38,13,4.9,"electric_scooter",0,"No","Metropolitan","Windy","High ",1,"N",10
29,"Meal ",24,14,4.4,"motorcycle",0,"No","Metropolitan","Windy","Low ",1,"N",10
33,"Buffet ",39,23,4.4,"scooter",1,"No","Semi-Urban","Sandstorms","Jam ",1,"N",10
44,"Buffet ",20,13,4.2,"motorcycle",2,"No","Metropolitan","Fog","Medium",2,"Y",5
10,"Meal ",29,15,4.7,"scooter",1,"No","Metropolitan","Windy","Low ",0,"N",5
37,"Snack ",28,1,4.4,"electric_scooter",2,"No","Urban","Sandstorms","Jam ",1,"N",10
33,"Buffet ",34,15,4.4,"motorcycle",0,"No","Urban","Windy","Medium",1,"N",15
31,"Buffet ",22,11,4.7,"electric_scooter",0,"No","Metropolitan","Fog","Jam ",0,"N",5
31,"Drinks ",31,9,5,"scooter",2,"No","Metropolitan","Stormy","Medium",1,"N",10
19,"Snack ",21,9,4.8,"electric_scooter",2,"No","Metropolitan","Cloudy","Medium",1,"N",5
26,"Snack ",35,17,4.9,"motorcycle",1,"No","Metropolitan","Windy","Medium",1,"N",15
10,"Snack ",35,23,4.5,"motorcycle",1,"No","Metropolitan","Sunny","Medium",1,"N",10
18,"Drinks ",38,23,4.8,"scooter",1,"No","Metropolitan","Sunny","Low ",1,"N",10
31,"Drinks ",38,3,4.4,"motorcycle",1,"No","Metropolitan","Cloudy","Medium",1,"N",15
28,"Drinks ",27,23,5,"motorcycle",1,"No","Metropolitan","Windy","Medium",1,"Y",10
16,"Drinks ",27,3,4.9,"motorcycle",2,"No","Urban","Cloudy","Low",1,"N",10
22,"Meal ",37,23,4.5,"motorcycle",0,"No","Urban","Sunny","Jam ",1,"N",10
28,"Buffet ",32,9,4.7,"scooter",1,"No","Metropolitan","Windy","Medium",1,"Y",5
25,"Snack ",20,23,4.7,"scooter",1,"No","Metropolitan","Stormy","Low ",1,"N",5
21,"Snack ",24,14,4.5,"scooter",1,"No","Metropolitan","Sunny","Jam ",1,"N",10
16,"Snack ",28,2,4.6,"electric_scooter",1,"No","Urban","Sunny","Medium",0,"Y",5
20,"Drinks ",20,19,4.4,"motorcycle",0,"No","Metropolitan","Sandstorms","Low ",1,"Y",5
21,"Buffet ",21,5,4.9,"electric_scooter",2,"No","Semi-Urban","Sandstorms","Low ",0,"N",15
30,"Meal ",24,9,4.7,"motorcycle",1,"No","Metropolitan","Sandstorms","Medium",1,"N",5
44,"Buffet ",33,19,4.3,"motorcycle",1,"No","Urban","Windy","Jam",0,"N",5
22,"Snack ",26,6,4.5,"scooter",1,"No","Semi-Urban","Fog","High ",0,"N",5
15,"Drinks ",27,19,4.9,"motorcycle",2,"No","Urban","Stormy","Jam ",0,"N",15
25,"Meal ",26,9,4.5,"motorcycle",2,"No","Semi-Urban","Sandstorms","Jam ",1,"N",10
32,"Meal ",21,9,4.7,"motorcycle",1,"No","Semi-Urban","Sandstorms","Medium",2,"N",10
14,"Drinks ",36,23,4.7,"motorcycle",1,"No","Semi-Urban","Windy","Low ",1,"N",20
22,"Buffet ",24,15,4.5,"motorcycle",0,"No","Metropolitan","Sunny","Medium",0,"Y",15
28,"Buffet ",20,22,4.7,"scooter",2,"No","Urban","Cloudy","Low",1,"N",10
30,"Snack ",37,1,4.5,"scooter",1,"No","Metropolitan","Stormy","Medium",1,"N",15
47,"Snack ",28,18,4.6,"scooter",0,"No","Urban","Windy","Jam",1,"Y",15
32,"Buffet ",39,1,4.6,"electric_scooter",0,"No","Metropolitan","Fog","Medium",1,"N",5
33,"Snack ",21,13,4.3,"scooter",2,"No","Urban","Sandstorms","Jam ",0,"Y",5
16,"Drinks ",37,4,4.8,"motorcycle",0,"No","Metropolitan","Sandstorms","Low ",0,"N",10
35,"Snack ",24,2,4.1,"motorcycle",0,"No","Urban","Windy","Jam ",0,"Y",15
19,"Buffet ",33,13,4.6,"motorcycle",1,"No","Metropolitan","Fog","Low ",0,"N",10
17,"Meal ",36,23,4.7,"motorcycle",1,"No","Metropolitan","Sunny","Low ",1,"N",5
37,"Meal ",25,6,4.2,"scooter",1,"No","Metropolitan","Fog","High ",1,"N",10
16,"Meal ",23,9,4.9,"scooter",0,"No","Metropolitan","Sandstorms","Medium",0,"Y",15
23,"Buffet ",33,23,4.8,"motorcycle",1,"No","Metropolitan","Windy","Jam ",1,"N",10
27,"Snack ",34,9,4.9,"motorcycle",1,"No","Metropolitan","Windy","Jam ",1,"N",10
45,"Buffet ",36,23,4.8,"motorcycle",0,"No","Metropolitan","Sandstorms","Jam ",3,"N",15
21,"Drinks ",35,17,4.9,"scooter",0,"No","Metropolitan","Fog","Low ",1,"N",15
26,"Snack ",37,19,4.6,"scooter",2,"No","Urban","Stormy","Jam",0,"Y",10
40,"Drinks ",23,9,4.8,"motorcycle",0,"Yes","Metropolitan","Cloudy","Jam ",1,"N",15
17,"Meal ",38,18,4.8,"scooter",2,"No","Urban","Fog","Low",1,"N",10
25,"Snack ",20,22,4.9,"motorcycle",1,"No","Metropolitan","Windy","Medium",1,"N",10
29,"Buffet ",23,6,4.9,"scooter",2,"No","Semi-Urban","Windy","Jam ",1,"N",15
27,"Snack ",34,19,4.8,"electric_scooter",1,"No","Urban","Fog","Low ",0,"N",5
11,"Snack ",26,2,4.9,"motorcycle",2,"No","Semi-Urban","Sunny","Jam ",1,"N",10
36,"Snack ",37,3,4.1,"electric_scooter",1,"No","Urban","Windy","Jam ",1,"Y",15
23,"Meal ",25,23,5,"scooter",0,"No","Metropolitan","Stormy","High ",0,"N",10
43,"Meal ",35,3,4.2,"scooter",1,"Yes","Metropolitan","Fog","Jam ",1,"N",5
32,"Meal ",29,5,5,"motorcycle",2,"No","Metropolitan","Windy","Jam ",1,"N",10
21,"Drinks ",20,23,4.7,"motorcycle",1,"No","Urban","Sandstorms","Low ",1,"N",15
15,"Drinks ",35,7,4.5,"scooter",2,"No","Urban","Cloudy","Low ",0,"Y",15
22,"Drinks ",35,21,4.7,"scooter",2,"No","Urban","Windy","Medium",1,"N",10
18,"Drinks ",24,22,4.8,"motorcycle",1,"No","Metropolitan","Sunny","High ",1,"N",5
28,"Snack ",21,23,4.8,"scooter",2,"No","Metropolitan","Sunny","Low ",1,"N",15
30,"Snack ",28,14,4.7,"scooter",1,"No","Metropolitan","Sandstorms","Medium",1,"N",10
14,"Drinks ",36,15,4.7,"scooter",2,"No","Urban","Stormy","Low",1,"Y",5
26,"Drinks ",31,19,4.8,"scooter",1,"No","Urban","Sandstorms","Jam",0,"N",10
44,"Buffet ",33,12,4.3,"scooter",1,"No","Metropolitan","Sunny","Medium",3,"N",10
30,"Buffet ",20,18,4.7,"motorcycle",1,"No","Metropolitan","Stormy","Jam ",1,"N",5
25,"Drinks ",26,18,4.6,"electric_scooter",2,"No","Metropolitan","Cloudy","Medium",0,"N",10
17,"Buffet ",24,14,4.7,"motorcycle",0,"No","Metropolitan","Windy","Jam ",1,"N",10
21,"Buffet ",38,3,4.5,"scooter",2,"No","Urban","Sunny","Medium",1,"Y",10
36,"Meal ",29,4,4.1,"electric_scooter",2,"No","Urban","Stormy","Jam ",1,"N",10
27,"Buffet ",22,18,4.8,"scooter",0,"No","Metropolitan","Windy","Medium",1,"Y",15
32,"Drinks ",36,5,4.2,"scooter",1,"No","Metropolitan","Stormy","High ",1,"N",15
18,"Drinks ",24,3,4.8,"scooter",1,"No","Metropolitan","Fog","Low ",0,"N",10
23,"Drinks ",34,17,4.6,"electric_scooter",1,"No","Urban","Sunny","Jam",0,"N",5
34,"Buffet ",25,8,4.2,"scooter",1,"No","Metropolitan","Windy","Medium",1,"Y",15
25,"Buffet ",39,19,4.6,"motorcycle",0,"No","Urban","Cloudy","Low",1,"N",10
25,"Meal ",32,14,4.9,"motorcycle",1,"No","Metropolitan","Windy","Low ",1,"N",5
21,"Drinks ",27,6,4.6,"motorcycle",0,"No","Semi-Urban","Stormy","Medium",0,"N",5
21,"Buffet ",20,23,4.9,"motorcycle",2,"No","Semi-Urban","Fog","Jam",0,"N",15
54,"Meal ",37,9,4.9,"motorcycle",0,"No","Metropolitan","Fog","Jam ",1,"Y",10
32,"Drinks ",28,3,4.1,"scooter",2,"No","Metropolitan","Windy","Jam ",1,"N",5
44,"Buffet ",22,9,5,"motorcycle",0,"No","Metropolitan","Fog","Medium",0,"Y",5
14,"Buffet ",38,21,4.6,"electric_scooter",2,"No","Semi-Urban","Sandstorms","Low",1,"N",15
25,"Meal ",33,16,4.7,"motorcycle",0,"No","Urban","Fog","Medium",0,"N",15
16,"Buffet ",37,3,4.9,"scooter",1,"No","Metropolitan","Fog","Low ",0,"N",10
25,"Drinks ",30,16,4.8,"motorcycle",0,"No","Urban","Stormy","Jam ",0,"N",5
23,"Meal ",28,1,4.2,"motorcycle",0,"No","Semi-Urban","Stormy","Low",1,"N",5
31,"Meal ",28,4,5,"motorcycle",2,"No","Semi-Urban","Stormy","Jam ",0,"N",5
22,"Buffet ",36,17,4.8,"scooter",2,"No","Metropolitan","Sunny","Low ",1,"Y",15
32,"Drinks ",28,1,3.7,"motorcycle",1,"No","Metropolitan","Sandstorms","Jam ",0,"Y",15
26,"Buffet ",22,21,4.6,"scooter",2,"No","Metropolitan","Stormy","Medium",0,"N",5
17,"Meal ",30,23,4.5,"motorcycle",2,"No","Metropolitan","Sunny","Jam ",0,"Y",10
20,"Buffet ",27,17,4.1,"motorcycle",0,"No","Metropolitan","Windy","Low ",1,"N",5
15,"Snack ",24,19,4.9,"scooter",2,"No","Urban","Stormy","Medium",1,"N",5
53,"Buffet ",27,3,3.8,"motorcycle",0,"No","Urban","Sunny","Jam ",0,"N",15
29,"Drinks ",23,9,4.6,"motorcycle",0,"No","Metropolitan","Sunny","Low ",1,"N",15
31,"Drinks ",34,1,4.2,"scooter",1,"No","Semi-Urban","Fog","High ",1,"N",15
34,"Drinks ",24,5,4.1,"motorcycle",0,"No","Metropolitan","Stormy","Medium",1,"N",10
27,"Drinks ",23,3,4.8,"motorcycle",0,"No","Metropolitan","Windy","Medium",1,"N",5
20,"Snack ",36,4,4.5,"motorcycle",0,"No","Metropolitan","Stormy","Medium",1,"N",5
32,"Buffet ",22,15,4.8,"motorcycle",0,"No","Urban","Sandstorms","High",1,"N",10
30,"Meal ",26,5,4.9,"motorcycle",2,"No","Metropolitan","Sandstorms","Jam ",1,"N",10
18,"Meal ",39,7,4.8,"motorcycle",1,"No","Semi-Urban","Fog","Low ",1,"N",15
42,"Meal ",39,6,4.7,"motorcycle",1,"No","Metropolitan","Fog","Jam ",1,"N",5
34,"Meal ",39,3,4.9,"electric_scooter",2,"No","Metropolitan","Fog","Medium",0,"N",10
29,"Meal ",27,5,4.6,"motorcycle",1,"No","Metropolitan","Sandstorms","Low ",1,"N",5
31,"Snack ",35,18,4.6,"electric_scooter",0,"No","Metropolitan","Stormy","Medium",1,"N",10
29,"Drinks ",32,15,4.7,"motorcycle",1,"No","Urban","Windy","Medium",0,"N",15
35,"Snack ",35,3,4.3,"electric_scooter",2,"No","Urban","Fog","Medium",1,"N",10
20,"Snack ",25,16,4.7,"electric_scooter",0,"No","Metropolitan","Fog","Low ",0,"N",5
21,"Drinks ",23,5,4.9,"motorcycle",2,"No","Metropolitan","Sunny","Low ",1,"Y",5
37,"Meal ",35,11,3.5,"electric_scooter",2,"No","Semi-Urban","Stormy","Medium",2,"Y",5
20,"Meal ",21,2,4.7,"scooter",1,"No","Metropolitan","Windy","Medium",1,"N",5
23,"Snack ",30,1,4.9,"motorcycle",0,"No","Metropolitan","Fog","Low ",1,"Y",15
24,"Snack ",28,16,4.8,"motorcycle",0,"No","Metropolitan","Sunny","Medium",0,"N",10
39,"Buffet ",33,15,4.6,"scooter",0,"No","Urban","Fog","Medium",1,"N",5
30,"Buffet ",23,1,4.5,"electric_scooter",1,"No","Urban","Sunny","Jam",1,"N",15
15,"Meal ",32,18,4.7,"electric_scooter",1,"No","Metropolitan","Cloudy","Medium",0,"N",5
42,"Buffet ",28,12,4.2,"motorcycle",0,"No","Metropolitan","Stormy","Jam ",2,"N",10
21,"Drinks ",24,1,4.5,"motorcycle",1,"No","Urban","Sandstorms","Medium",0,"N",5
28,"Snack ",38,13,4.7,"motorcycle",0,"No","Metropolitan","Sunny","Jam ",1,"N",5
34,"Drinks ",31,3,4.8,"motorcycle",2,"No","Metropolitan","Stormy","Jam ",2,"N",15
26,"Snack ",27,5,4.7,"motorcycle",0,"No","Metropolitan","Fog","Medium",1,"N",15
23,"Meal ",25,22,4.9,"electric_scooter",1,"No","Semi-Urban","Sandstorms","High ",0,"N",15
22,"Snack ",23,19,5,"motorcycle",0,"No","Urban","Fog","Low",1,"N",10
14,"Meal ",29,22,4.8,"scooter",1,"No","Urban","Windy","Low",0,"N",15
16,"Snack ",25,9,5,"electric_scooter",2,"No","Metropolitan","Cloudy","Low ",0,"N",10
25,"Snack ",27,19,5,"scooter",1,"No","Semi-Urban","Sandstorms","Medium",1,"Y",5
33,"Meal ",26,3,4.2,"electric_scooter",2,"No","Semi-Urban","Stormy","Medium",1,"Y",15
14,"Meal ",39,8,4.8,"motorcycle",2,"No","Metropolitan","Sunny","Low ",1,"N",10
37,"Drinks ",31,4,4,"motorcycle",1,"No","Semi-Urban","Fog","Jam ",2,"N",10
43,"Meal ",32,23,4.8,"motorcycle",0,"No","Metropolitan","Fog","Medium",0,"N",10
25,"Meal ",31,16,4.7,"motorcycle",1,"No","Urban","Sandstorms","Low",0,"N",15
23,"Snack ",31,21,4.9,"scooter",1,"No","Metropolitan","Windy","Medium",1,"N",10
24,"Buffet ",21,17,4.8,"electric_scooter",2,"No","Urban","Fog","Jam",0,"N",5
15,"Buffet ",27,23,4.9,"scooter",1,"No","Metropolitan","Fog","Medium",1,"Y",15
34,"Drinks ",34,2,4.1,"scooter",2,"No","Urban","Windy","High",1,"N",5
40,"Drinks ",33,12,4.7,"motorcycle",2,"No","Metropolitan","Cloudy","Jam ",0,"N",5
23,"Drinks ",20,21,4.9,"electric_scooter",0,"No","Metropolitan","Cloudy","Low ",1,"N",25
27,"Snack ",31,9,4.5,"electric_scooter",1,"No","Metropolitan","Sandstorms","High ",1,"N",5
24,"Buffet ",36,4,4.8,"motorcycle",0,"No","Urban","Cloudy","Low",1,"N",20
21,"Buffet ",25,7,5,"motorcycle",0,"No","Semi-Urban","Stormy","Low ",1,"N",10
12,"Snack ",32,13,4.7,"motorcycle",2,"No","Metropolitan","Windy","Low ",0,"N",10
19,"Snack ",35,19,4.8,"scooter",1,"No","Urban","Stormy","Medium",1,"N",15
14,"Meal ",28,22,4.9,"electric_scooter",1,"No","Urban","Sandstorms","Low",1,"N",5
31,"Drinks ",38,3,2.7,"scooter",2,"No","Urban","Sunny","Low ",1,"N",15
30,"Buffet ",32,22,4.7,"electric_scooter",1,"No","Urban","Cloudy","Medium",0,"Y",15
38,"Drinks ",34,21,4.7,"scooter",1,"No","Semi-Urban","Cloudy","Jam ",1,"N",10
21,"Meal ",22,13,4.5,"scooter",2,"No","Metropolitan","Stormy","Low ",1,"N",10
23,"Meal ",21,21,4.8,"motorcycle",0,"No","Urban","Sunny","Low",1,"Y",10
40,"Buffet ",21,23,4.6,"electric_scooter",2,"No","Urban","Cloudy","Jam",1,"N",10
29,"Snack ",33,12,4.8,"motorcycle",0,"No","Semi-Urban","Sunny","Low ",1,"N",5
30,"Drinks ",35,19,4.9,"motorcycle",0,"No","Urban","Windy","Jam",1,"N",10
18,"Buffet ",29,23,4.9,"motorcycle",1,"No","Metropolitan","Cloudy","Medium",1,"N",15
28,"Buffet ",36,9,4.6,"scooter",1,"No","Semi-Urban","Sunny","Low ",1,"N",5
32,"Drinks ",32,8,4.3,"electric_scooter",2,"No","Semi-Urban","Sandstorms","High ",1,"Y",10
39,"Meal ",31,3,4.4,"electric_scooter",1,"No","Metropolitan","Fog","Low ",2,"N",5
27,"Meal ",32,2,4.9,"motorcycle",0,"No","Metropolitan","Fog","Medium",0,"N",10
26,"Buffet ",36,19,5,"motorcycle",1,"No","Metropolitan","Sandstorms","Low ",0,"Y",5
27,"Snack ",22,22,4.7,"scooter",2,"No","Metropolitan","Sunny","Jam ",0,"Y",15
12,"Drinks ",28,17,4.9,"motorcycle",1,"No","Urban","Fog","Medium",0,"N",5
25,"Meal ",36,15,4.1,"motorcycle",0,"No","Urban","Sandstorms","Low ",1,"N",15
18,"Drinks ",30,3,4,"motorcycle",0,"No","Semi-Urban","Stormy","Low ",1,"N",10
27,"Buffet ",33,23,4.9,"motorcycle",2,"No","Semi-Urban","Fog","Low ",1,"Y",15
21,"Meal ",26,9,4.4,"motorcycle",0,"No","Semi-Urban","Windy","Low ",1,"Y",5
37,"Buffet ",36,7,4.7,"motorcycle",0,"No","Urban","Sandstorms","Jam ",1,"N",15
23,"Drinks ",24,17,4.8,"motorcycle",2,"No","Metropolitan","Stormy","Medium",0,"N",10
20,"Drinks ",32,17,4.7,"scooter",1,"No","Metropolitan","Sunny","Low ",1,"N",10
17,"Meal ",25,23,4.8,"electric_scooter",0,"No","Urban","Sunny","Medium",0,"N",10
13,"Buffet ",20,22,4.8,"motorcycle",0,"No","Urban","Sunny","Low ",1,"N",5
20,"Drinks ",23,2,4.5,"scooter",0,"No","Urban","Cloudy","Medium",1,"N",5
24,"Meal ",26,7,4.4,"motorcycle",0,"No","Metropolitan","Sandstorms","Low ",1,"Y",15
26,"Drinks ",29,2,4.8,"motorcycle",2,"No","Metropolitan","Fog","Low ",1,"N",10
17,"Meal ",20,14,5,"scooter",2,"No","Metropolitan","Cloudy","Low ",0,"N",10
28,"Drinks ",33,19,5,"scooter",0,"No","Semi-Urban","Stormy","Jam ",1,"N",5
27,"Snack ",22,22,4.9,"motorcycle",1,"No","Metropolitan","Sunny","Low ",1,"N",15
18,"Snack ",36,14,4.5,"scooter",1,"No","Semi-Urban","Sandstorms","Jam ",0,"Y",10
30,"Buffet ",34,21,4.5,"motorcycle",0,"No","Semi-Urban","Stormy","Jam ",1,"N",5
12,"Drinks ",26,6,4.5,"electric_scooter",1,"No","Urban","Fog","Low",0,"Y",10
34,"Meal ",27,13,3.3,"motorcycle",0,"No","Metropolitan","Sunny","Low ",2,"Y",5
28,"Snack ",23,9,4.9,"motorcycle",1,"No","Metropolitan","Windy","Low ",1,"N",10
37,"Drinks ",22,6,4.7,"motorcycle",0,"No","Metropolitan","Stormy","Medium",1,"N",5
15,"Meal ",26,9,4.6,"electric_scooter",2,"No","Metropolitan","Windy","Low ",0,"N",15
33,"Snack ",38,6,4.6,"scooter",0,"No","Metropolitan","Cloudy","Medium",1,"N",5
32,"Meal ",37,2,5,"scooter",1,"No","Metropolitan","Sandstorms","Medium",1,"N",5
33,"Snack ",32,3,3.9,"scooter",2,"No","Metropolitan","Stormy","Medium",1,"N",15
38,"Buffet ",30,2,4.7,"electric_scooter",2,"No","Urban","Stormy","Jam ",2,"N",15
42,"Drinks ",32,3,3.5,"scooter",1,"No","Metropolitan","Windy","Jam ",0,"N",5
26,"Meal ",36,21,4.7,"scooter",2,"No","Urban","Stormy","Medium",1,"N",15
39,"Snack ",31,1,4.5,"electric_scooter",0,"No","Semi-Urban","Cloudy","Medium",1,"N",10
39,"Meal ",33,2,4.4,"motorcycle",2,"No","Metropolitan","Fog","Medium",2,"Y",5
38,"Snack ",37,12,5,"electric_scooter",2,"No","Metropolitan","Sunny","Jam ",1,"N",10
50,"Buffet ",27,6,4,"electric_scooter",0,"No","Urban","Windy","Jam ",2,"N",10
14,"Snack ",31,19,4.6,"motorcycle",2,"No","Urban","Fog","Low",0,"N",15
33,"Snack ",20,5,4.5,"motorcycle",0,"No","Semi-Urban","Cloudy","Medium",2,"N",5
25,"Meal ",35,9,4.6,"motorcycle",2,"No","Semi-Urban","Windy","Medium",1,"Y",15
11,"Buffet ",23,19,5,"motorcycle",2,"No","Urban","Sandstorms","Low",0,"N",5
16,"Buffet ",22,22,4.8,"electric_scooter",2,"No","Metropolitan","Stormy","Low ",1,"Y",30
10,"Snack ",32,14,4.7,"electric_scooter",2,"No","Metropolitan","Sunny","Jam ",0,"N",10
25,"Snack ",22,3,4.5,"scooter",1,"No","Urban","Stormy","Medium",0,"N",15
20,"Buffet ",31,17,4.8,"electric_scooter",2,"No","Metropolitan","Sunny","Jam ",1,"N",15
25,"Drinks ",20,23,5,"scooter",0,"No","Metropolitan","Sunny","High ",1,"Y",10
21,"Meal ",26,21,4.7,"scooter",2,"No","Urban","Sunny","Low",0,"N",5
26,"Meal ",33,9,4.6,"motorcycle",0,"No","Semi-Urban","Windy","Medium",1,"N",5
39,"Drinks ",29,18,4.8,"electric_scooter",2,"No","Semi-Urban","Fog","Medium",2,"Y",15
16,"Snack ",30,23,4.6,"electric_scooter",0,"No","Metropolitan","Fog","Low ",0,"N",5
28,"Buffet ",21,6,4.8,"electric_scooter",2,"No","Urban","Cloudy","Low",0,"N",15
21,"Snack ",32,17,4.6,"electric_scooter",0,"No","Urban","Sunny","Low",1,"N",5
48,"Drinks ",27,17,4.9,"scooter",1,"No","Metropolitan","Cloudy","Jam ",2,"Y",10
22,"Meal ",26,21,4.8,"electric_scooter",1,"No","Metropolitan","Windy","Jam ",1,"N",5
32,"Snack ",38,4,4.9,"motorcycle",1,"No","Metropolitan","Stormy","Medium",0,"N",10
38,"Snack ",36,7,4.1,"motorcycle",0,"No","Metropolitan","Sandstorms","High ",1,"Y",5
17,"Drinks ",26,18,4.8,"motorcycle",0,"No","Metropolitan","Cloudy","Low ",0,"N",10
16,"Buffet ",22,16,4.8,"motorcycle",0,"No","Urban","Stormy","High",1,"N",5
20,"Buffet ",37,23,4.9,"electric_scooter",0,"No","Urban","Sandstorms","Low ",0,"N",5
29,"Drinks ",29,6,4.8,"electric_scooter",2,"No","Urban","Windy","Medium",1,"N",10
20,"Snack ",30,18,4.7,"scooter",2,"No","Urban","Sunny","Jam",0,"N",15
16,"Buffet ",38,17,4.8,"electric_scooter",2,"No","Metropolitan","Sunny","Low ",1,"N",5
27,"Snack ",26,23,4.7,"scooter",1,"No","Urban","Windy","Jam",1,"N",10
16,"Drinks ",37,3,4.7,"motorcycle",0,"No","Urban","Windy","Low",1,"Y",15
16,"Meal ",33,12,4.9,"motorcycle",2,"No","Metropolitan","Windy","Low ",1,"Y",5
28,"Meal ",35,4,4.9,"motorcycle",2,"No","Semi-Urban","Windy","High ",1,"N",10
35,"Meal ",38,11,4.3,"electric_scooter",0,"No","Metropolitan","Sandstorms","Medium",1,"Y",10
18,"Drinks ",30,18,4.5,"motorcycle",2,"No","Metropolitan","Sunny","Jam ",1,"N",5
18,"Snack ",24,17,4.6,"scooter",2,"No","Metropolitan","Sandstorms","Low ",1,"Y",10
14,"Drinks ",31,21,4.6,"motorcycle",2,"No","Semi-Urban","Sandstorms","Low ",0,"Y",5
27,"Buffet ",32,6,4.6,"electric_scooter",2,"No","Metropolitan","Fog","Jam ",1,"N",5
20,"Drinks ",32,22,5,"motorcycle",0,"No","Metropolitan","Cloudy","Low ",1,"N",5
16,"Meal ",22,23,4.8,"scooter",2,"No","Metropolitan","Cloudy","Low ",1,"N",5
25,"Meal ",34,13,4.9,"motorcycle",0,"No","Metropolitan","Cloudy","Medium",0,"N",15
29,"Meal ",25,22,4.9,"motorcycle",0,"No","Urban","Fog","Low",0,"N",15
41,"Drinks ",39,8,4.9,"electric_scooter",0,"No","Metropolitan","Cloudy","Medium",0,"N",5
34,"Snack ",32,8,4.2,"scooter",1,"No","Semi-Urban","Fog","Low ",0,"N",5
33,"Buffet ",33,1,4.7,"electric_scooter",0,"No","Metropolitan","Sandstorms","Medium",0,"Y",10
35,"Snack ",39,13,4.8,"motorcycle",0,"No","Metropolitan","Fog","Low ",1,"N",20
21,"Snack ",33,17,5,"motorcycle",2,"No","Urban","Sandstorms","Medium",0,"N",15
23,"Snack ",34,9,4.7,"scooter",0,"No","Metropolitan","Stormy","High ",0,"N",15
37,"Snack ",34,3,4,"motorcycle",0,"No","Metropolitan","Windy","Jam ",0,"N",5
21,"Snack ",23,17,4.7,"motorcycle",1,"No","Semi-Urban","Sandstorms","Medium",1,"N",5
13,"Snack ",23,19,5,"motorcycle",1,"No","Urban","Windy","Low ",0,"N",5
49,"Meal ",39,15,4.7,"scooter",1,"No","Urban","Cloudy","Jam",1,"N",15
29,"Snack ",36,22,4.9,"motorcycle",0,"No","Semi-Urban","Sunny","Low ",1,"N",15
13,"Snack ",35,18,4.8,"electric_scooter",1,"No","Metropolitan","Sunny","Low ",0,"N",15
32,"Meal ",31,4,4,"electric_scooter",2,"No","Urban","Cloudy","Jam ",1,"N",15
24,"Buffet ",24,15,4.8,"scooter",2,"No","Metropolitan","Sunny","Low ",1,"N",10
17,"Meal ",28,19,4.9,"motorcycle",0,"No","Semi-Urban","Fog","Low",1,"N",15
46,"Buffet ",23,13,4.6,"motorcycle",1,"No","Urban","Cloudy","Jam ",2,"N",15
21,"Snack ",30,16,4.6,"electric_scooter",0,"No","Urban","Stormy","High",0,"N",5
20,"Meal ",21,18,4.8,"scooter",2,"No","Metropolitan","Windy","Low ",0,"N",5
23,"Buffet ",36,15,4.5,"motorcycle",2,"No","Semi-Urban","Sandstorms","Jam ",1,"N",15
23,"Buffet ",31,23,4.6,"scooter",2,"No","Metropolitan","Stormy","Low ",1,"N",15
19,"Meal ",36,7,4.9,"motorcycle",0,"No","Metropolitan","Stormy","Low ",1,"N",5
18,"Meal ",35,9,4.9,"scooter",2,"No","Semi-Urban","Cloudy","Low ",0,"N",5
27,"Buffet ",35,9,4.6,"scooter",0,"No","Semi-Urban","Cloudy","High ",1,"Y",10
33,"Snack ",36,13,4.6,"scooter",0,"No","Semi-Urban","Windy","Medium",0,"N",10
36,"Snack ",22,19,4.8,"motorcycle",0,"No","Semi-Urban","Cloudy","Jam ",1,"N",15
28,"Meal ",38,9,4.6,"motorcycle",2,"No","Semi-Urban","Sandstorms","Medium",1,"Y",15
44,"Snack ",34,4,4.4,"electric_scooter",0,"No","Urban","Windy","Medium",1,"N",10
27,"Meal ",30,13,4.7,"electric_scooter",2,"No","Metropolitan","Stormy","Medium",1,"Y",5
42,"Snack ",29,5,3.8,"scooter",2,"No","Semi-Urban","Sandstorms","Jam ",0,"N",10
27,"Meal ",34,8,4.7,"motorcycle",1,"No","Urban","Windy","High ",1,"N",15
22,"Snack ",38,8,4.6,"motorcycle",1,"No","Metropolitan","Sandstorms","Low ",1,"N",10
16,"Meal ",24,8,4.9,"motorcycle",1,"No","Urban","Sunny","High ",1,"Y",10
23,"Buffet ",25,19,4.7,"motorcycle",1,"No","Metropolitan","Sunny","High ",1,"N",5
16,"Drinks ",21,23,4.5,"electric_scooter",2,"No","Metropolitan","Fog","Low ",1,"N",10
42,"Meal ",29,18,5,"motorcycle",0,"No","Urban","Stormy","Jam",1,"N",15
34,"Buffet ",32,14,4.9,"motorcycle",0,"No","Metropolitan","Cloudy","Medium",1,"Y",5
20,"Meal ",22,19,4.9,"scooter",2,"No","Urban","Sandstorms","Medium",0,"Y",15
26,"Buffet ",20,5,4.7,"scooter",1,"No","Metropolitan","Fog","Low ",1,"N",10
19,"Snack ",30,19,4.8,"motorcycle",1,"No","Urban","Windy","High",1,"N",5
32,"Snack ",36,4,4.9,"scooter",1,"No","Metropolitan","Fog","Jam ",1,"N",10
36,"Snack ",29,15,5,"motorcycle",2,"No","Metropolitan","Fog","High ",0,"Y",10
32,"Drinks ",26,17,5,"scooter",1,"No","Urban","Fog","Jam ",1,"N",5
21,"Snack ",35,16,4.6,"motorcycle",0,"No","Urban","Fog","Low",1,"N",10
25,"Snack ",35,19,5,"electric_scooter",0,"No","Urban","Fog","Low",0,"N",15
28,"Buffet ",24,19,4.6,"scooter",2,"No","Urban","Stormy","Medium",1,"Y",15
25,"Drinks ",35,15,5,"motorcycle",0,"No","Metropolitan","Sunny","Jam ",1,"N",10
21,"Drinks ",21,3,4.5,"motorcycle",0,"No","Urban","Stormy","Low",1,"N",25
37,"Meal ",28,9,4,"scooter",0,"No","Metropolitan","Windy","Jam ",0,"Y",5
24,"Meal ",24,8,5,"scooter",2,"No","Metropolitan","Sandstorms","Jam ",1,"N",10
17,"Drinks ",20,21,4.5,"electric_scooter",1,"No","Metropolitan","Stormy","Low ",0,"N",5
27,"Snack ",21,16,4.8,"electric_scooter",2,"No","Metropolitan","Sandstorms","Medium",0,"N",5
36,"Snack ",38,1,3.6,"scooter",1,"No","Semi-Urban","Fog","Low",1,"N",20
25,"Drinks ",30,7,4.8,"motorcycle",0,"No","Metropolitan","Fog","Low ",1,"N",5
26,"Buffet ",28,19,4.8,"electric_scooter",0,"No","Urban","Fog","High",1,"Y",10
23,"Meal ",27,15,4.7,"motorcycle",2,"No","Metropolitan","Windy","Jam ",0,"N",10
30,"Drinks ",37,5,5,"motorcycle",1,"No","Metropolitan","Fog","Jam ",1,"N",15
40,"Buffet ",23,23,4.7,"motorcycle",0,"Yes","Metropolitan","Cloudy","Jam ",1,"N",15
31,"Meal ",20,16,4.7,"motorcycle",0,"No","Semi-Urban","Cloudy","High ",1,"Y",5
23,"Snack ",35,5,4.5,"electric_scooter",2,"No","Urban","Windy","High",1,"N",10
29,"Drinks ",36,21,4.6,"scooter",0,"No","Urban","Fog","Medium",1,"N",10
30,"Snack ",35,21,4.7,"scooter",2,"No","Metropolitan","Cloudy","Low ",1,"N",10
20,"Meal ",39,15,4.6,"scooter",0,"No","Metropolitan","Sunny","Medium",1,"N",15
25,"Meal ",38,9,4.7,"scooter",0,"No","Metropolitan","Fog","High ",1,"N",5
39,"Drinks ",21,6,4,"scooter",2,"No","Metropolitan","Fog","Jam ",1,"N",10
28,"Snack ",20,14,4.7,"motorcycle",2,"No","Metropolitan","Cloudy","Jam ",1,"N",10
53,"Buffet ",27,3,3.8,"motorcycle",0,"No","Urban","Sunny","Jam ",0,"N",15
23,"Buffet ",28,19,4.9,"motorcycle",2,"No","Metropolitan","Sunny","Medium",0,"N",5
28,"Meal ",29,8,4.8,"motorcycle",1,"No","Metropolitan","Sandstorms","Medium",1,"N",10
19,"Snack ",20,17,4.7,"scooter",1,"No","Metropolitan","Cloudy","Low ",1,"Y",5
28,"Meal ",32,6,4.6,"scooter",1,"No","Metropolitan","Stormy","Medium",1,"N",15
26,"Meal ",28,14,4.9,"scooter",1,"No","Metropolitan","Stormy","Medium",0,"N",5
14,"Buffet ",23,13,4.7,"motorcycle",2,"No","Metropolitan","Sunny","Medium",1,"Y",5
19,"Snack ",36,21,4.8,"motorcycle",2,"No","Urban","Cloudy","Medium",0,"N",15
19,"Snack ",25,16,4.7,"motorcycle",1,"No","Urban","Stormy","Jam",0,"N",15
27,"Meal ",32,6,5,"electric_scooter",2,"No","Metropolitan","Windy","Medium",1,"Y",5
28,"Drinks ",29,18,4.9,"motorcycle",0,"No","Urban","Windy","Jam",1,"Y",5
11,"Meal ",39,2,4.5,"scooter",1,"No","Urban","Fog","Low",1,"Y",5
26,"Drinks ",22,13,5,"motorcycle",1,"No","Metropolitan","Windy","Jam ",0,"N",5
32,"Drinks ",38,14,4.1,"electric_scooter",2,"No","Metropolitan","Sandstorms","Jam ",1,"N",15
17,"Buffet ",29,9,4.6,"scooter",2,"No","Metropolitan","Sunny","Medium",0,"N",5
31,"Meal ",37,17,4.3,"scooter",0,"No","Metropolitan","Cloudy","Jam ",1,"N",10
26,"Buffet ",28,21,4.7,"motorcycle",0,"No","Urban","Windy","Medium",1,"Y",5
33,"Meal ",36,11,4.2,"electric_scooter",0,"No","Metropolitan","Fog","High ",0,"N",15
28,"Buffet ",38,23,4.5,"electric_scooter",2,"No","Metropolitan","Sunny","Low ",1,"N",10
21,"Snack ",36,15,4.6,"scooter",0,"No","Metropolitan","Stormy","Low ",1,"N",15
41,"Snack ",28,13,4.1,"motorcycle",0,"No","Metropolitan","Sandstorms","Jam ",1,"Y",5
20,"Drinks ",23,23,4.8,"scooter",1,"No","Metropolitan","Sunny","Jam ",1,"Y",15
27,"Buffet ",25,18,4.8,"scooter",2,"No","Metropolitan","Cloudy","Low ",1,"N",10
28,"Meal ",32,16,4.7,"scooter",2,"No","Urban","Sandstorms","Jam ",1,"N",5
18,"Drinks ",34,23,4.8,"motorcycle",2,"No","Metropolitan","Stormy","Low ",1,"Y",5
24,"Snack ",20,9,5,"motorcycle",0,"No","Metropolitan","Windy","Low ",1,"N",10
25,"Buffet ",39,22,4.6,"motorcycle",1,"No","Metropolitan","Stormy","High ",1,"N",10
47,"Snack ",32,23,4.6,"motorcycle",0,"Yes","Metropolitan","Stormy","Jam ",2,"N",10
43,"Buffet ",20,2,4.6,"motorcycle",0,"No","Metropolitan","Sandstorms","Medium",1,"N",10
23,"Drinks ",20,22,4.7,"electric_scooter",2,"No","Urban","Windy","Medium",1,"N",5
19,"Buffet ",21,18,4.6,"scooter",2,"No","Metropolitan","Fog","Low ",1,"Y",5
29,"Drinks ",37,13,4.9,"electric_scooter",2,"No","Metropolitan","Cloudy","Jam ",1,"Y",10
18,"Buffet ",21,17,4.6,"scooter",2,"No","Semi-Urban","Stormy","Low ",1,"N",5
29,"Buffet ",37,6,4.8,"electric_scooter",0,"No","Semi-Urban","Stormy","Medium",1,"N",10
31,"Drinks ",22,1,4,"scooter",0,"No","Metropolitan","Stormy","Low ",0,"Y",10
26,"Drinks ",34,15,5,"scooter",0,"No","Urban","Fog","Medium",1,"Y",10
20,"Snack ",28,14,4.9,"electric_scooter",2,"No","Metropolitan","Sunny","Jam ",1,"N",5
39,"Snack ",36,17,4.7,"electric_scooter",2,"No","Metropolitan","Fog","Medium",1,"N",5
30,"Drinks ",37,7,4.5,"electric_scooter",1,"No","Metropolitan","Stormy","Jam ",1,"N",5
38,"Buffet ",31,4,4.9,"motorcycle",0,"No","Semi-Urban","Windy","Jam ",1,"Y",10
20,"Meal ",39,21,4.7,"motorcycle",2,"No","Semi-Urban","Stormy","Low",0,"N",5
13,"Buffet ",38,18,4.6,"scooter",1,"No","Metropolitan","Fog","Medium",1,"N",5
33,"Buffet ",24,3,4,"electric_scooter",1,"No","Metropolitan","Cloudy","Medium",1,"N",15
22,"Buffet ",23,16,4.7,"electric_scooter",0,"No","Metropolitan","Stormy","Medium",1,"Y",10
12,"Meal ",20,23,4.6,"scooter",2,"No","Metropolitan","Sunny","Medium",0,"N",15
15,"Buffet ",33,23,4.7,"motorcycle",2,"No","Metropolitan","Fog","Low ",0,"N",10
30,"Meal ",20,4,4.5,"motorcycle",2,"No","Urban","Cloudy","Jam ",1,"N",5
38,"Meal ",22,7,4.8,"scooter",0,"No","Metropolitan","Windy","Medium",1,"N",15
24,"Drinks ",20,6,4.5,"motorcycle",0,"No","Urban","Fog","Low",0,"N",5
36,"Snack ",22,18,4.9,"motorcycle",1,"No","Metropolitan","Sunny","Medium",1,"Y",15
26,"Snack ",20,16,4.8,"motorcycle",0,"No","Metropolitan","Sandstorms","High ",1,"Y",15
15,"Buffet ",22,22,4.8,"electric_scooter",0,"No","Metropolitan","Windy","Low ",0,"N",5
26,"Buffet ",33,19,4.7,"motorcycle",2,"No","Metropolitan","Windy","High ",1,"N",10
17,"Drinks ",35,9,4.7,"scooter",1,"No","Metropolitan","Fog","Medium",1,"N",15
29,"Drinks ",22,16,5,"motorcycle",0,"No","Metropolitan","Sunny","Medium",0,"N",5
43,"Meal ",21,9,4.9,"electric_scooter",0,"No","Metropolitan","Cloudy","Medium",1,"N",10
43,"Snack ",23,19,4.6,"electric_scooter",0,"No","Metropolitan","Sunny","Jam ",2,"N",5
49,"Meal ",25,18,4.4,"motorcycle",0,"No","Urban","Stormy","Jam ",1,"N",10
16,"Snack ",36,7,5,"motorcycle",1,"No","Metropolitan","Sunny","Low ",1,"N",10
20,"Snack ",23,23,4.6,"electric_scooter",0,"No","Metropolitan","Fog","Low ",0,"N",5
33,"Buffet ",32,4,4.4,"motorcycle",0,"No","Urban","Windy","Medium",1,"Y",5
25,"Snack ",28,18,4.7,"scooter",0,"No","Urban","Sunny","Jam",1,"N",15
22,"Meal ",20,23,4.6,"motorcycle",2,"No","Urban","Sandstorms","Jam",1,"N",5
25,"Buffet ",38,22,4.6,"motorcycle",0,"No","Metropolitan","Cloudy","Low ",1,"N",5
26,"Drinks ",34,2,4.5,"scooter",0,"No","Metropolitan","Sunny","Medium",1,"N",15
10,"Snack ",20,6,4.5,"scooter",2,"No","Semi-Urban","Sandstorms","Low",0,"Y",10
16,"Meal ",28,15,4.7,"electric_scooter",2,"No","Semi-Urban","Stormy","Jam ",0,"Y",5
31,"Buffet ",22,23,4.9,"scooter",1,"No","Semi-Urban","Stormy","Medium",1,"N",10
25,"Meal ",25,12,4.7,"scooter",1,"No","Metropolitan","Stormy","Jam ",1,"Y",15
14,"Meal ",24,13,4.6,"electric_scooter",2,"No","Metropolitan","Stormy","Low ",1,"N",10
16,"Buffet ",37,13,4.9,"motorcycle",2,"No","Metropolitan","Windy","Jam ",1,"N",10
40,"Meal ",34,17,4.1,"motorcycle",0,"No","Metropolitan","Stormy","Jam ",1,"N",5
22,"Drinks ",24,9,4.8,"motorcycle",0,"No","Metropolitan","Stormy","Low ",0,"Y",10
35,"Buffet ",33,3,4.4,"motorcycle",2,"No","Semi-Urban","Fog","Jam ",0,"N",10
32,"Drinks ",37,3,4.2,"electric_scooter",2,"No","Semi-Urban","Fog","Medium",1,"N",10
18,"Buffet ",20,19,4.9,"motorcycle",2,"No","Urban","Fog","Medium",1,"Y",10
22,"Drinks ",26,16,5,"electric_scooter",2,"No","Metropolitan","Sunny","High ",1,"N",15
11,"Meal ",34,14,4.8,"motorcycle",1,"No","Metropolitan","Sunny","Medium",0,"Y",10
27,"Snack ",33,14,4.9,"scooter",2,"No","Semi-Urban","Sunny","Jam ",1,"Y",10
18,"Drinks ",32,18,4.6,"electric_scooter",2,"No","Urban","Cloudy","Low",1,"Y",10
22,"Buffet ",32,1,4.8,"scooter",1,"No","Metropolitan","Sandstorms","Low ",0,"N",10
25,"Buffet ",38,2,4.7,"motorcycle",1,"No","Urban","Stormy","Jam",0,"N",15
28,"Drinks ",31,21,4.7,"motorcycle",1,"No","Urban","Stormy","Jam ",1,"N",15
30,"Drinks ",23,13,4.7,"scooter",1,"No","Urban","Windy","Medium",1,"Y",15
17,"Meal ",24,14,4.6,"scooter",2,"No","Metropolitan","Windy","Low ",1,"Y",15
16,"Meal ",32,18,4.7,"electric_scooter",2,"No","Urban","Cloudy","Medium",1,"N",10
28,"Buffet ",32,16,4.8,"scooter",2,"No","Urban","Sandstorms","Medium",1,"Y",5
31,"Meal ",20,2,5,"electric_scooter",2,"No","Semi-Urban","Fog","Jam ",1,"N",10
23,"Snack ",29,3,4.8,"motorcycle",0,"No","Urban","Cloudy","Low",1,"Y",15
40,"Buffet ",27,14,4.8,"scooter",0,"No","Metropolitan","Fog","Medium",2,"N",15
25,"Buffet ",20,22,4.6,"motorcycle",2,"No","Semi-Urban","Windy","Low ",1,"N",15
25,"Buffet ",30,18,4.6,"electric_scooter",1,"No","Metropolitan","Stormy","Medium",0,"N",10
25,"Meal ",31,16,4.6,"electric_scooter",2,"No","Urban","Windy","Jam",0,"N",5
26,"Buffet ",21,18,4.6,"motorcycle",0,"No","Metropolitan","Fog","Low ",1,"N",15
17,"Snack ",26,9,4.8,"scooter",1,"No","Metropolitan","Fog","High ",1,"N",15
13,"Buffet ",29,21,4.8,"electric_scooter",1,"No","Metropolitan","Sunny","High",0,"Y",5
39,"Buffet ",37,12,4.1,"motorcycle",0,"No","Metropolitan","Fog","Low ",0,"Y",5
17,"Snack ",24,9,4.6,"scooter",2,"No","Urban","Fog","Low ",1,"Y",10
23,"Snack ",31,21,4.6,"motorcycle",1,"No","Semi-Urban","Sandstorms","Medium",1,"N",15
19,"Meal ",21,23,4.9,"scooter",1,"No","Metropolitan","Fog","Low ",1,"N",15
32,"Drinks ",27,4,4.6,"electric_scooter",0,"No","Urban","Fog","Jam ",1,"Y",10
24,"Drinks ",25,8,4.2,"motorcycle",0,"No","Metropolitan","Windy","Low ",1,"Y",5
26,"Drinks ",38,16,4.7,"scooter",2,"No","Metropolitan","Stormy","Low ",0,"N",10
31,"Buffet ",36,2,4.2,"scooter",1,"No","Metropolitan","Cloudy","Jam ",1,"N",5
31,"Snack ",30,2,4,"scooter",1,"No","Metropolitan","Windy","Medium",1,"N",15
21,"Snack ",25,18,4.9,"electric_scooter",1,"No","Metropolitan","Sandstorms","Low ",1,"N",5
15,"Meal ",25,19,4.6,"scooter",0,"No","Metropolitan","Cloudy","Low ",1,"N",15
19,"Snack ",22,19,4.9,"electric_scooter",1,"No","Semi-Urban","Cloudy","Low ",0,"N",15
23,"Drinks ",29,18,4.5,"motorcycle",0,"No","Metropolitan","Stormy","Low ",1,"Y",5
38,"Drinks ",24,1,3.9,"scooter",1,"No","Semi-Urban","Fog","Low ",2,"Y",5
30,"Snack ",29,9,4.3,"motorcycle",0,"No","Metropolitan","Stormy","Low ",1,"N",15
15,"Buffet ",38,15,4.6,"electric_scooter",2,"No","Semi-Urban","Windy","Low",1,"N",15
18,"Snack ",20,12,4.5,"motorcycle",1,"No","Metropolitan","Windy","Medium",0,"N",10
45,"Drinks ",27,2,4.8,"motorcycle",0,"Yes","Urban","Fog","Medium",2,"N",10
27,"Snack ",33,18,5,"electric_scooter",1,"No","Metropolitan","Fog","Jam ",0,"N",15
22,"Meal ",28,14,4.9,"electric_scooter",0,"No","Metropolitan","Windy","Medium",1,"N",10
41,"Snack ",20,11,4.9,"electric_scooter",2,"No","Semi-Urban","Fog","Jam ",2,"N",5
15,"Buffet ",29,9,4.7,"scooter",2,"No","Semi-Urban","Sandstorms","Low ",1,"Y",15
30,"Buffet ",24,15,4.9,"motorcycle",0,"No","Urban","Stormy","Medium",1,"N",10
15,"Drinks ",25,15,4.1,"electric_scooter",0,"No","Metropolitan","Sandstorms","Low ",1,"Y",10
34,"Drinks ",35,8,4.1,"electric_scooter",1,"No","Metropolitan","Stormy","Jam ",1,"N",5
34,"Drinks ",27,14,4.8,"electric_scooter",0,"No","Metropolitan","Sandstorms","Jam ",1,"Y",5
19,"Buffet ",24,18,4.7,"motorcycle",2,"No","Semi-Urban","Cloudy","Low ",0,"N",15
15,"Snack ",38,23,4.7,"motorcycle",1,"No","Urban","Windy","High",1,"N",15
23,"Meal ",38,9,4.9,"motorcycle",0,"No","Metropolitan","Sunny","Low ",0,"N",15
25,"Buffet ",38,21,4.7,"electric_scooter",2,"No","Metropolitan","Stormy","Jam ",1,"N",15
26,"Buffet ",36,21,4.7,"motorcycle",0,"No","Urban","Fog","High",1,"N",15
18,"Buffet ",31,21,5,"electric_scooter",2,"No","Metropolitan","Sunny","Low ",0,"N",5
30,"Buffet ",21,21,4.8,"scooter",1,"No","Urban","Cloudy","Low ",1,"N",5
20,"Meal ",28,19,4.8,"electric_scooter",1,"No","Semi-Urban","Windy","Low",1,"N",10
26,"Drinks ",22,15,4.9,"scooter",2,"No","Metropolitan","Sandstorms","Jam",1,"N",15
48,"Drinks ",28,3,4.1,"scooter",0,"No","Semi-Urban","Stormy","Jam ",3,"Y",5
27,"Snack ",20,13,4.8,"scooter",0,"No","Metropolitan","Cloudy","High ",0,"N",10
44,"Drinks ",39,9,4.2,"motorcycle",2,"No","Metropolitan","Stormy","Jam ",1,"N",5
41,"Buffet ",22,5,4.9,"motorcycle",0,"No","Urban","Fog","Jam ",0,"N",15
24,"Drinks ",23,15,4.9,"electric_scooter",2,"No","Metropolitan","Sandstorms","Jam ",1,"N",5
24,"Snack ",39,5,4.9,"motorcycle",1,"No","Semi-Urban","Sunny","Low ",1,"Y",5
18,"Drinks ",31,18,4.9,"scooter",2,"No","Metropolitan","Fog","Low ",1,"N",15
24,"Drinks ",30,22,4.7,"scooter",1,"No","Urban","Stormy","Medium",1,"N",15
23,"Meal ",25,19,4.8,"motorcycle",1,"No","Metropolitan","Stormy","Low ",1,"N",5
38,"Buffet ",31,15,4.8,"motorcycle",0,"No","Metropolitan","Cloudy","Low ",0,"N",5
17,"Buffet ",29,7,4.7,"electric_scooter",2,"No","Metropolitan","Fog","Medium",1,"N",10
24,"Meal ",23,9,4.8,"motorcycle",2,"No","Semi-Urban","Sunny","Low ",1,"N",15
32,"Drinks ",27,13,4.2,"scooter",1,"No","Metropolitan","Stormy","Jam ",1,"Y",10
15,"Buffet ",38,15,4.7,"electric_scooter",0,"No","Urban","Stormy","Medium",0,"Y",10
17,"Snack ",28,16,5,"motorcycle",2,"No","Urban","Sunny","High",0,"N",15
54,"Snack ",24,15,4.9,"electric_scooter",0,"No","Semi-Urban","Fog","Jam ",0,"N",5
17,"Buffet ",21,21,4.9,"scooter",1,"No","Urban","Windy","Low",0,"Y",10
33,"Meal ",31,9,4,"scooter",2,"No","Metropolitan","Cloudy","Medium",1,"N",10
29,"Meal ",31,3,4.5,"motorcycle",0,"No","Urban","Sunny","Low",1,"N",10
18,"Buffet ",30,14,4.8,"scooter",2,"No","Metropolitan","Stormy","Low ",0,"N",15
10,"Buffet ",33,23,4.8,"electric_scooter",1,"No","Urban","Stormy","Low",1,"Y",15
47,"Meal ",34,15,5,"motorcycle",0,"No","Semi-Urban","Sunny","Jam ",0,"Y",5
29,"Drinks ",22,14,4.9,"motorcycle",0,"No","Semi-Urban","Stormy","Low ",0,"N",15
13,"Drinks ",25,23,4.9,"electric_scooter",2,"No","Semi-Urban","Fog","Low",1,"N",5
37,"Buffet ",39,17,5,"motorcycle",0,"No","Metropolitan","Windy","High ",0,"N",15
43,"Meal ",36,14,4.3,"electric_scooter",0,"No","Urban","Fog","Low ",2,"N",5
22,"Drinks ",30,23,4.5,"motorcycle",1,"No","Metropolitan","Sandstorms","High ",1,"N",15
31,"Drinks ",39,6,4.3,"motorcycle",1,"No","Metropolitan","Fog","High ",1,"N",10
29,"Meal ",37,8,4.8,"motorcycle",0,"No","Semi-Urban","Stormy","Medium",1,"N",5
11,"Drinks ",29,16,4.9,"scooter",2,"No","Urban","Sunny","Jam",1,"Y",5
33,"Snack ",21,14,4.1,"scooter",2,"No","Metropolitan","Stormy","Medium",1,"N",10
26,"Meal ",32,16,4.6,"motorcycle",0,"No","Urban","Sunny","Low ",1,"Y",20
45,"Buffet ",37,5,4.3,"motorcycle",2,"No","Metropolitan","Cloudy","Jam ",2,"N",5
24,"Meal ",29,3,4.5,"scooter",1,"No","Urban","Stormy","Low",0,"N",10
31,"Drinks ",37,15,4.9,"scooter",1,"No","Semi-Urban","Fog","Medium",1,"N",5
23,"Meal ",22,19,4.2,"motorcycle",0,"No","Metropolitan","Sandstorms","Low ",0,"N",5
20,"Meal ",38,2,4.8,"scooter",2,"No","Metropolitan","Windy","Low ",1,"N",5
11,"Snack ",24,15,4.8,"electric_scooter",2,"No","Semi-Urban","Cloudy","Medium",0,"N",5
28,"Meal ",37,5,4.7,"motorcycle",0,"No","Urban","Stormy","Jam ",0,"N",15
48,"Drinks ",25,17,4.7,"motorcycle",0,"No","Metropolitan","Cloudy","Jam ",0,"N",15
21,"Buffet ",39,13,5,"electric_scooter",0,"No","Metropolitan","Cloudy","Low ",0,"N",5
15,"Drinks ",35,13,4.6,"motorcycle",2,"No","Metropolitan","Sandstorms","Low ",1,"N",5
26,"Buffet ",34,18,4.9,"motorcycle",2,"No","Urban","Sandstorms","Low",1,"N",20
18,"Meal ",31,22,5,"motorcycle",1,"No","Metropolitan","Sandstorms","Jam ",0,"Y",10
38,"Buffet ",35,8,4.1,"electric_scooter",1,"No","Metropolitan","Sandstorms","Jam ",1,"Y",5
11,"Drinks ",31,23,4.6,"scooter",1,"No","Urban","Windy","High",1,"Y",10
19,"Buffet ",30,18,4.7,"scooter",2,"No","Urban","Cloudy","Medium",1,"N",5
18,"Buffet ",35,19,4.7,"motorcycle",1,"No","Metropolitan","Cloudy","Low ",1,"N",5
29,"Meal ",26,17,4.8,"motorcycle",2,"No","Urban","Stormy","Medium",1,"Y",5
30,"Snack ",33,17,5,"electric_scooter",2,"No","Urban","Windy","Jam",1,"N",15
18,"Drinks ",33,23,4.7,"scooter",1,"No","Metropolitan","Sandstorms","Low ",1,"N",5
39,"Buffet ",26,19,4.8,"motorcycle",0,"No","Semi-Urban","Stormy","Jam",1,"N",5
25,"Buffet ",29,17,4.9,"motorcycle",0,"No","Metropolitan","Windy","Low ",0,"Y",15
47,"Meal ",37,12,5,"scooter",1,"No","Semi-Urban","Cloudy","Jam ",3,"Y",10
10,"Drinks ",33,23,5,"scooter",1,"No","Metropolitan","Sandstorms","Low ",0,"N",15
20,"Meal ",24,18,4.7,"motorcycle",0,"No","Semi-Urban","Cloudy","Low ",0,"N",5
43,"Snack ",20,8,4.9,"motorcycle",0,"Yes","Metropolitan","Fog","Jam ",0,"N",10
18,"Drinks ",24,5,4.9,"electric_scooter",2,"No","Metropolitan","Fog","High ",0,"N",5
22,"Drinks ",27,23,5,"motorcycle",2,"No","Metropolitan","Sunny","Low ",1,"N",10
32,"Buffet ",38,23,4.9,"electric_scooter",1,"No","Urban","Windy","Jam",0,"Y",15
23,"Buffet ",25,19,4.7,"motorcycle",1,"No","Metropolitan","Sunny","High ",1,"N",5
33,"Drinks ",27,23,4.3,"scooter",2,"No","Metropolitan","Cloudy","High ",1,"Y",10
47,"Meal ",26,2,4.6,"motorcycle",0,"No","Semi-Urban","Cloudy","Jam ",2,"N",15
20,"Snack ",38,23,5,"motorcycle",0,"No","Urban","Sunny","Jam ",0,"Y",5
15,"Meal ",27,23,4.7,"scooter",1,"No","Metropolitan","Cloudy","Low ",1,"N",10
39,"Snack ",34,1,3.6,"scooter",1,"No","Metropolitan","Windy","Medium",1,"Y",5
26,"Buffet ",31,22,4.8,"scooter",0,"No","Metropolitan","Fog","Low ",1,"Y",10
42,"Snack ",30,5,4.8,"motorcycle",0,"No","Metropolitan","Fog","Jam ",1,"N",15
19,"Snack ",30,4,4.9,"motorcycle",1,"No","Metropolitan","Fog","Low ",1,"Y",15
24,"Snack ",24,23,4.5,"motorcycle",0,"No","Metropolitan","Windy","Low ",1,"N",10
35,"Drinks ",28,13,4.3,"motorcycle",0,"No","Metropolitan","Stormy","Medium",1,"N",10
25,"Snack ",23,23,4.7,"motorcycle",1,"No","Metropolitan","Fog","Low ",1,"Y",5
47,"Meal ",38,1,4.9,"motorcycle",2,"Yes","Metropolitan","Fog","Jam ",1,"N",10
15,"Meal ",22,7,4.5,"scooter",2,"No","Metropolitan","Fog","Jam ",1,"N",10
41,"Snack ",37,3,4.4,"motorcycle",0,"No","Urban","Fog","Low",1,"N",15
28,"Snack ",27,6,4.5,"scooter",2,"No","Metropolitan","Sandstorms","Low ",1,"N",15
31,"Meal ",34,16,4.1,"motorcycle",0,"No","Metropolitan","Stormy","Jam ",0,"N",15
28,"Snack ",34,8,4.8,"scooter",2,"No","Metropolitan","Windy","Low ",1,"N",10
15,"Buffet ",30,9,4.8,"electric_scooter",1,"No","Metropolitan","Sunny","Jam ",1,"N",5
25,"Snack ",30,21,4.7,"electric_scooter",0,"No","Metropolitan","Windy","Low",1,"N",5
19,"Drinks ",23,19,4.8,"scooter",2,"No","Metropolitan","Cloudy","Medium",1,"Y",10
31,"Buffet ",28,8,4,"motorcycle",2,"No","Semi-Urban","Cloudy","High ",1,"Y",5
25,"Drinks ",26,9,4.9,"scooter",1,"No","Metropolitan","Fog","Low ",1,"N",5
45,"Meal ",37,18,4.8,"motorcycle",0,"No","Urban","Fog","Jam ",1,"N",5
25,"Meal ",29,15,5,"scooter",1,"No","Urban","Sandstorms","Jam",0,"N",15
29,"Snack ",36,19,4.7,"scooter",1,"No","Metropolitan","Windy","Medium",0,"Y",15
15,"Drinks ",32,21,4.8,"scooter",2,"No","Urban","Cloudy","Medium",1,"Y",5
27,"Drinks ",22,17,5,"motorcycle",1,"No","Urban","Sandstorms","High",1,"N",15
16,"Buffet ",30,15,4.6,"scooter",1,"No","Semi-Urban","Sandstorms","Medium",0,"N",5
16,"Drinks ",29,1,4.9,"motorcycle",2,"No","Metropolitan","Sandstorms","Jam",1,"N",10
26,"Buffet ",33,22,4.8,"electric_scooter",2,"No","Metropolitan","Fog","High ",0,"Y",5
41,"Snack ",26,2,4.4,"motorcycle",1,"No","Metropolitan","Windy","Jam ",2,"Y",5
25,"Meal ",28,22,5,"motorcycle",2,"No","Urban","Sunny","Jam ",1,"Y",15
15,"Snack ",28,4,4.4,"electric_scooter",0,"No","Urban","Windy","Low",1,"N",15
25,"Snack ",20,7,4.9,"scooter",2,"No","Metropolitan","Sunny","Low ",1,"Y",15
17,"Meal ",21,19,4.5,"scooter",2,"No","Metropolitan","Stormy","Low ",0,"N",5
20,"Snack ",26,22,4.7,"motorcycle",1,"No","Urban","Stormy","Low",1,"N",5
39,"Drinks ",34,3,4.4,"scooter",2,"No","Metropolitan","Cloudy","Jam ",2,"N",5
28,"Snack ",37,23,4.8,"scooter",1,"No","Metropolitan","Windy","Low ",1,"Y",15
24,"Drinks ",32,23,4.9,"electric_scooter",0,"No","Urban","Sandstorms","Medium",1,"N",15
16,"Drinks ",22,21,4.2,"motorcycle",0,"No","Semi-Urban","Sandstorms","Low ",1,"N",15
25,"Meal ",20,3,4.2,"motorcycle",0,"No","Metropolitan","Windy","Low ",1,"N",10
33,"Meal ",31,4,4.1,"motorcycle",2,"No","Metropolitan","Stormy","High ",1,"N",15
18,"Buffet ",34,18,4.9,"motorcycle",1,"No","Urban","Fog","Low",1,"N",5
17,"Buffet ",36,21,4.8,"electric_scooter",1,"No","Urban","Sunny","Jam",1,"N",15
27,"Snack ",25,23,4.5,"scooter",2,"No","Urban","Fog","Low",1,"N",25
22,"Snack ",21,21,4.7,"motorcycle",1,"No","Urban","Stormy","Jam",1,"N",5
18,"Buffet ",39,5,4.5,"motorcycle",2,"No","Metropolitan","Sunny","Medium",0,"Y",10
15,"Drinks ",32,3,4.6,"motorcycle",1,"No","Metropolitan","Stormy","Jam ",0,"N",10
34,"Snack ",28,6,4.9,"electric_scooter",2,"No","Metropolitan","Sandstorms","Jam ",1,"N",15
44,"Drinks ",36,9,4.1,"scooter",2,"Yes","Metropolitan","Cloudy","Jam ",0,"N",5
26,"Snack ",31,22,4.8,"motorcycle",0,"No","Metropolitan","Sandstorms","Medium",0,"N",5
10,"Buffet ",34,16,4.6,"scooter",0,"No","Urban","Windy","Medium",0,"N",15
23,"Meal ",29,19,4.8,"motorcycle",0,"No","Urban","Fog","High",0,"N",5
19,"Meal ",23,4,4.8,"scooter",1,"No","Metropolitan","Fog","Low",1,"N",5
33,"Snack ",33,12,4.3,"motorcycle",0,"No","Metropolitan","Stormy","Low ",1,"Y",15
11,"Buffet ",33,6,4.9,"electric_scooter",2,"No","Metropolitan","Sunny","Medium",0,"N",10
43,"Drinks ",35,1,4.4,"scooter",0,"No","Semi-Urban","Stormy","Jam",1,"N",5
26,"Meal ",39,19,4.8,"motorcycle",1,"No","Urban","Stormy","Jam",0,"N",5
20,"Meal ",33,6,4.5,"motorcycle",0,"No","Metropolitan","Fog","Low ",1,"N",15
36,"Meal ",20,13,4.7,"motorcycle",0,"No","Semi-Urban","Windy","Jam ",1,"N",15
34,"Meal ",25,3,4.3,"scooter",2,"No","Metropolitan","Stormy","Jam ",0,"Y",10
20,"Buffet ",35,23,4.1,"scooter",0,"No","Metropolitan","Stormy","Low ",0,"N",15
42,"Buffet ",35,22,4.4,"motorcycle",0,"No","Urban","Cloudy","Low ",1,"Y",10
22,"Meal ",34,18,4.8,"electric_scooter",1,"No","Urban","Sandstorms","Jam",1,"Y",10
27,"Drinks ",21,13,4.6,"electric_scooter",1,"No","Semi-Urban","Fog","Low ",1,"Y",15
21,"Buffet ",21,23,4.9,"motorcycle",2,"No","Urban","Windy","High",1,"N",10
42,"Snack ",29,16,3.9,"motorcycle",0,"No","Semi-Urban","Sunny","High ",2,"Y",15
30,"Drinks ",20,9,4.6,"scooter",1,"No","Urban","Sunny","Jam ",1,"Y",15
17,"Buffet ",36,2,4.3,"motorcycle",0,"No","Urban","Sandstorms","Low",1,"Y",5
43,"Meal ",21,3,4.3,"motorcycle",0,"No","Metropolitan","Sunny","Jam ",1,"N",10
32,"Snack ",28,15,4.3,"motorcycle",1,"No","Urban","Stormy","Medium",0,"N",5
27,"Meal ",24,17,4.9,"electric_scooter",0,"No","Metropolitan","Stormy","Low ",0,"N",5
20,"Snack ",35,23,4.6,"scooter",0,"No","Urban","Windy","Medium",1,"N",15
41,"Snack ",27,9,4.3,"motorcycle",0,"No","Urban","Sunny","Jam ",2,"Y",10
15,"Meal ",22,9,5,"scooter",1,"No","Metropolitan","Fog","Low ",0,"N",5
20,"Meal ",30,22,4.7,"motorcycle",1,"No","Metropolitan","Windy","Jam ",1,"N",15
30,"Meal ",28,18,4.6,"electric_scooter",2,"No","Semi-Urban","Cloudy","Low ",1,"Y",15
32,"Snack ",28,7,4.2,"motorcycle",0,"No","Semi-Urban","Windy","High ",0,"Y",5
20,"Snack ",29,13,4.6,"electric_scooter",1,"No","Metropolitan","Stormy","Jam ",0,"N",10
39,"Buffet ",25,23,5,"electric_scooter",0,"No","Metropolitan","Cloudy","Jam ",1,"Y",15
34,"Drinks ",31,7,4.4,"electric_scooter",1,"No","Metropolitan","Fog","Low ",1,"N",5
26,"Snack ",32,16,4.2,"electric_scooter",0,"No","Metropolitan","Stormy","Low ",1,"N",5
22,"Snack ",21,4,4.3,"motorcycle",0,"No","Metropolitan","Stormy","Low ",1,"N",15
19,"Buffet ",20,19,4.8,"electric_scooter",2,"No","Urban","Windy","Low",1,"N",15
21,"Meal ",30,22,4.7,"motorcycle",0,"No","Metropolitan","Sandstorms","Low ",1,"Y",10
20,"Snack ",22,18,4.8,"motorcycle",0,"No","Semi-Urban","Sunny","Medium",1,"N",5
24,"Snack ",22,19,4.3,"scooter",0,"No","Semi-Urban","Sandstorms","Low ",1,"N",10
25,"Drinks ",27,14,5,"electric_scooter",1,"No","Semi-Urban","Sunny","Medium",1,"N",15
17,"Meal ",20,22,4.5,"motorcycle",2,"No","Metropolitan","Sunny","Medium",0,"N",15
28,"Drinks ",23,23,4.8,"motorcycle",0,"No","Semi-Urban","Fog","Medium",1,"N",10
33,"Buffet ",24,7,4.1,"motorcycle",0,"No","Urban","Stormy","Jam ",1,"Y",5
37,"Drinks ",36,14,4.2,"scooter",0,"No","Urban","Sandstorms","Medium",1,"N",5
11,"Buffet ",20,17,4.7,"motorcycle",1,"No","Metropolitan","Fog","Low ",0,"N",5
13,"Drinks ",30,23,4.6,"scooter",2,"No","Urban","Cloudy","Medium",0,"N",5
15,"Buffet ",33,21,4.6,"motorcycle",2,"No","Urban","Cloudy","Low",0,"N",15
23,"Snack ",27,16,4.5,"scooter",1,"No","Metropolitan","Fog","Low ",1,"Y",5
28,"Buffet ",26,9,5,"scooter",2,"No","Metropolitan","Fog","Jam ",1,"N",15
18,"Buffet ",39,17,4.6,"electric_scooter",0,"No","Urban","Cloudy","Low",1,"N",15
25,"Snack ",33,19,4.7,"motorcycle",1,"No","Urban","Cloudy","Jam",1,"Y",5
16,"Snack ",28,18,4.8,"electric_scooter",2,"No","Semi-Urban","Sunny","Medium",1,"Y",10
39,"Drinks ",30,17,4.5,"electric_scooter",2,"No","Metropolitan","Sandstorms","Medium",0,"N",15
21,"Drinks ",33,18,4.6,"electric_scooter",1,"No","Urban","Fog","High ",1,"Y",15
19,"Buffet ",30,19,4.8,"motorcycle",2,"No","Urban","Sunny","Medium",0,"Y",15
45,"Buffet ",38,16,4.6,"motorcycle",0,"Yes","Urban","Windy","Jam",2,"N",10
35,"Snack ",23,22,4.9,"electric_scooter",0,"No","Metropolitan","Windy","Medium",1,"N",10
15,"Snack ",28,15,4.8,"motorcycle",0,"No","Urban","Windy","Low",0,"N",10
29,"Snack ",20,1,4.2,"electric_scooter",0,"No","Metropolitan","Sandstorms","Low ",1,"N",25
27,"Meal ",31,19,4.9,"motorcycle",0,"No","Metropolitan","Stormy","Medium",1,"N",10
23,"Buffet ",26,7,5,"electric_scooter",1,"No","Urban","Sunny","Medium",0,"Y",10
26,"Buffet ",37,15,4.8,"motorcycle",1,"No","Metropolitan","Sandstorms","Jam ",1,"Y",15
17,"Meal ",29,18,4.7,"scooter",1,"No","Urban","Stormy","Low",0,"N",15
18,"Meal ",23,22,4.6,"electric_scooter",2,"No","Urban","Fog","Low",1,"N",10
27,"Snack ",28,23,4.8,"scooter",2,"No","Metropolitan","Windy","High ",1,"Y",10
12,"Drinks ",37,16,4.6,"electric_scooter",1,"No","Semi-Urban","Sunny","Jam",0,"N",5
26,"Buffet ",30,2,4,"motorcycle",0,"No","Urban","Sandstorms","Low",0,"Y",5
15,"Buffet ",36,22,4.8,"scooter",1,"No","Metropolitan","Sunny","Medium",1,"N",15
14,"Meal ",29,14,4.9,"scooter",2,"No","Metropolitan","Cloudy","Low ",1,"Y",15
32,"Drinks ",31,2,4.1,"scooter",2,"No","Semi-Urban","Fog","Medium",2,"Y",15
21,"Drinks ",34,23,4.6,"electric_scooter",2,"No","Semi-Urban","Stormy","Medium",1,"Y",15
41,"Drinks ",23,13,4.7,"electric_scooter",0,"No","Metropolitan","Cloudy","Jam ",1,"N",5
44,"Buffet ",38,22,4.9,"motorcycle",0,"No","Semi-Urban","Fog","Jam ",2,"N",10
41,"Drinks ",37,3,3.6,"motorcycle",1,"No","Urban","Windy","Jam ",2,"N",15
18,"Meal ",23,9,4.8,"electric_scooter",2,"No","Metropolitan","Windy","Low ",0,"Y",10
16,"Buffet ",26,5,5,"electric_scooter",2,"No","Semi-Urban","Sunny","Low ",1,"Y",10
14,"Buffet ",33,16,4.9,"scooter",1,"No","Metropolitan","Sandstorms","Low ",1,"N",15
48,"Meal ",29,3,4.8,"electric_scooter",0,"No","Urban","Cloudy","Medium",0,"N",10
26,"Buffet ",39,12,4.6,"motorcycle",1,"No","Metropolitan","Windy","Low ",1,"N",5
38,"Meal ",30,11,4.4,"electric_scooter",1,"No","Metropolitan","Cloudy","Low ",1,"N",15
19,"Snack ",36,15,4.6,"motorcycle",1,"No","Metropolitan","Windy","Low ",0,"Y",10
27,"Meal ",21,15,4.7,"motorcycle",2,"No","Semi-Urban","Stormy","Medium",1,"N",15
21,"Snack ",23,23,4.5,"motorcycle",0,"No","Urban","Stormy","Medium",1,"N",10
44,"Drinks ",23,10,4,"motorcycle",0,"Yes","Metropolitan","Stormy","Low ",1,"N",10
33,"Meal ",21,12,5,"motorcycle",2,"No","Metropolitan","Sandstorms","High ",1,"Y",15
31,"Snack ",30,8,5,"motorcycle",0,"No","Metropolitan","Stormy","Medium",1,"Y",5
38,"Meal ",31,14,4.3,"motorcycle",0,"No","Urban","Stormy","Medium",1,"Y",10
40,"Snack ",27,15,4.7,"scooter",2,"No","Metropolitan","Cloudy","Medium",2,"N",15
30,"Drinks ",29,3,4.5,"scooter",2,"No","Urban","Sunny","Low",0,"N",5
38,"Buffet ",20,15,4.4,"motorcycle",1,"No","Urban","Sandstorms","Jam ",2,"N",10
31,"Buffet ",22,6,4.2,"scooter",1,"No","Metropolitan","Cloudy","High ",1,"N",10
41,"Buffet ",38,2,3.8,"scooter",2,"No","Metropolitan","Stormy","Jam ",1,"N",15
18,"Buffet ",23,23,4.7,"scooter",2,"No","Metropolitan","Sunny","Low ",1,"N",15
33,"Buffet ",32,14,4.7,"motorcycle",0,"No","Metropolitan","Stormy","Jam ",1,"N",10
29,"Snack ",37,19,4,"motorcycle",0,"No","Metropolitan","Windy","Low ",1,"N",10
18,"Buffet ",38,15,4.6,"motorcycle",1,"No","Metropolitan","Sandstorms","High ",1,"N",15
11,"Snack ",26,2,4.9,"motorcycle",2,"No","Semi-Urban","Sunny","Jam ",1,"N",10
16,"Buffet ",22,23,4.8,"motorcycle",0,"No","Metropolitan","Sunny","Low ",1,"N",15
28,"Snack ",31,23,4.6,"motorcycle",0,"No","Urban","Sunny","High ",1,"Y",10
11,"Meal ",20,18,4.7,"scooter",2,"No","Metropolitan","Windy","Low ",0,"N",5
49,"Buffet ",27,13,4.7,"motorcycle",2,"No","Urban","Cloudy","Jam ",3,"Y",15
27,"Drinks ",34,9,4.4,"motorcycle",0,"No","Urban","Stormy","Low ",1,"N",15
13,"Snack ",22,4,4.6,"electric_scooter",1,"No","Urban","Sandstorms","Low ",0,"N",5
27,"Buffet ",39,18,4.9,"motorcycle",0,"No","Metropolitan","Sandstorms","High ",1,"N",15
36,"Drinks ",30,18,4.1,"motorcycle",0,"No","Semi-Urban","Sandstorms","Medium",1,"N",15
23,"Meal ",24,18,5,"motorcycle",0,"No","Urban","Stormy","Low",1,"N",10
28,"Meal ",28,14,4.8,"electric_scooter",2,"No","Metropolitan","Fog","Low ",1,"N",15
36,"Snack ",35,9,4.4,"motorcycle",0,"No","Metropolitan","Fog","Jam ",1,"N",5
35,"Snack ",38,8,4,"electric_scooter",2,"No","Metropolitan","Cloudy","Jam ",0,"N",5
25,"Snack ",39,14,4.8,"scooter",0,"No","Urban","Sandstorms","Medium",1,"N",10
16,"Drinks ",25,15,4.7,"motorcycle",2,"No","Metropolitan","Stormy","Medium",1,"N",5
24,"Meal ",21,17,4.9,"electric_scooter",2,"No","Metropolitan","Windy","Low ",0,"N",5
15,"Buffet ",32,23,4.9,"scooter",1,"No","Semi-Urban","Fog","Low",1,"N",10
22,"Snack ",39,3,4.1,"motorcycle",0,"No","Metropolitan","Sandstorms","Low ",0,"N",10
38,"Snack ",35,22,4.6,"scooter",2,"No","Urban","Fog","Jam",1,"N",5
31,"Meal ",39,4,4.8,"motorcycle",2,"No","Metropolitan","Fog","High ",0,"N",10
23,"Buffet ",24,21,4.7,"motorcycle",0,"No","Metropolitan","Sandstorms","Jam ",1,"N",10
31,"Drinks ",29,18,5,"motorcycle",0,"No","Urban","Sunny","Jam ",1,"Y",5
15,"Buffet ",35,23,4.8,"motorcycle",0,"No","Metropolitan","Windy","Medium",0,"Y",15
17,"Snack ",34,23,4.9,"motorcycle",1,"No","Urban","Fog","Low",1,"Y",15
25,"Snack ",23,15,4.6,"scooter",1,"No","Metropolitan","Sunny","Medium",0,"N",5
30,"Drinks ",30,15,4.8,"motorcycle",0,"No","Metropolitan","Windy","Jam ",1,"Y",10
26,"Snack ",30,14,4.7,"scooter",1,"No","Metropolitan","Stormy","Low ",1,"N",5
29,"Buffet ",23,3,4.7,"electric_scooter",2,"No","Metropolitan","Stormy","Jam ",1,"N",5
41,"Snack ",38,18,4.6,"motorcycle",0,"No","Semi-Urban","Fog","Medium",0,"Y",10
22,"Drinks ",38,23,4.8,"motorcycle",0,"No","Metropolitan","Sunny","Jam ",1,"N",15
16,"Buffet ",36,7,4.6,"scooter",2,"No","Metropolitan","Fog","Low ",1,"N",10
27,"Buffet ",33,23,4.5,"motorcycle",1,"No","Semi-Urban","Windy","High ",1,"N",5
35,"Drinks ",31,9,4,"scooter",0,"No","Metropolitan","Cloudy","Low ",1,"Y",10
41,"Drinks ",27,3,3.8,"motorcycle",2,"No","Metropolitan","Stormy","Jam ",2,"N",10
11,"Buffet ",24,19,4.7,"electric_scooter",2,"No","Semi-Urban","Sunny","Low ",0,"N",5
11,"Buffet ",20,17,4.7,"motorcycle",1,"No","Metropolitan","Fog","Low ",0,"N",5
28,"Buffet ",25,6,4.8,"motorcycle",0,"No","Metropolitan","Sandstorms","Jam ",0,"N",10
44,"Snack ",27,16,4.8,"scooter",0,"No","Metropolitan","Fog","Low ",2,"Y",10
27,"Drinks ",30,18,5,"motorcycle",1,"No","Metropolitan","Windy","Low ",1,"Y",15
19,"Meal ",37,18,4.5,"scooter",2,"No","Metropolitan","Fog","Low ",1,"Y",15
17,"Meal ",20,14,4.6,"electric_scooter",1,"No","Metropolitan","Sunny","Medium",0,"N",15
12,"Buffet ",32,23,4.7,"scooter",2,"No","Metropolitan","Stormy","High ",0,"N",15
15,"Drinks ",30,14,4.7,"scooter",2,"No","Urban","Windy","Jam ",1,"Y",10
13,"Meal ",34,23,5,"scooter",1,"No","Metropolitan","Fog","Low ",0,"N",5
30,"Meal ",34,18,4.7,"scooter",1,"No","Metropolitan","Sandstorms","Jam ",1,"N",15
24,"Snack ",22,3,4.8,"motorcycle",0,"No","Urban","Windy","Medium",0,"N",5
34,"Snack ",35,5,4.2,"scooter",1,"No","Metropolitan","Sandstorms","Jam ",1,"Y",5
28,"Snack ",29,18,4.8,"scooter",2,"No","Metropolitan","Stormy","Medium",0,"N",5
36,"Meal ",22,17,4.9,"scooter",0,"No","Semi-Urban","Fog","Medium",2,"N",10
24,"Drinks ",35,15,5,"motorcycle",0,"No","Urban","Sunny","Low ",1,"N",5
29,"Meal ",31,9,4.6,"scooter",2,"No","Semi-Urban","Stormy","Jam ",0,"N",10
30,"Drinks ",21,21,4.9,"electric_scooter",2,"No","Metropolitan","Cloudy","High ",1,"N",15
19,"Snack ",29,16,4.6,"scooter",1,"No","Urban","Cloudy","Medium",0,"Y",10
20,"Snack ",22,23,4.8,"motorcycle",2,"No","Urban","Sunny","Low ",0,"N",15
17,"Buffet ",31,17,4.5,"electric_scooter",2,"No","Urban","Stormy","Jam ",1,"Y",15
22,"Snack ",29,19,4.7,"scooter",2,"No","Urban","Stormy","Jam",1,"N",5
19,"Buffet ",38,23,4.7,"scooter",1,"No","Urban","Cloudy","Medium",1,"N",15
20,"Drinks ",34,23,4.6,"motorcycle",1,"No","Metropolitan","Sandstorms","Low ",1,"N",15
12,"Drinks ",28,16,4.7,"motorcycle",2,"No","Urban","Windy","Low",0,"N",5
46,"Buffet ",29,17,4.6,"motorcycle",0,"No","Urban","Sunny","Jam ",1,"N",15
23,"Buffet ",29,21,4.7,"electric_scooter",2,"No","Urban","Windy","Jam",1,"N",10
27,"Buffet ",23,19,4.8,"electric_scooter",1,"No","Urban","Sandstorms","Medium",0,"Y",5
24,"Meal ",35,16,4.7,"electric_scooter",2,"No","Metropolitan","Sunny","Jam ",1,"N",5
17,"Snack ",31,5,4.5,"motorcycle",0,"No","Urban","Stormy","Low",0,"N",10
21,"Snack ",25,16,4.5,"electric_scooter",2,"No","Urban","Stormy","High ",0,"N",5
11,"Buffet ",39,5,4.7,"electric_scooter",1,"No","Metropolitan","Windy","Low ",0,"Y",15
33,"Buffet ",33,5,4.2,"electric_scooter",1,"No","Semi-Urban","Fog","Jam ",1,"N",15
23,"Meal ",26,15,4.6,"electric_scooter",2,"No","Semi-Urban","Stormy","Medium",1,"N",15
29,"Buffet ",36,7,4.9,"scooter",2,"No","Metropolitan","Sandstorms","Medium",1,"Y",10
39,"Meal ",34,7,4.2,"scooter",1,"No","Metropolitan","Sandstorms","Medium",1,"N",5
16,"Meal ",31,7,4.9,"scooter",1,"No","Metropolitan","Sunny","Jam ",1,"N",5
20,"Drinks ",38,19,4.8,"motorcycle",2,"No","Metropolitan","Stormy","Medium",1,"N",10
15,"Drinks ",38,18,4.9,"electric_scooter",1,"No","Urban","Cloudy","Low",0,"Y",10
40,"Meal ",37,11,4,"motorcycle",2,"No","Urban","Cloudy","Jam ",1,"N",10
30,"Drinks ",30,22,4.8,"scooter",1,"No","Metropolitan","Fog","Jam ",0,"Y",5
32,"Meal ",37,6,4.8,"motorcycle",0,"No","Urban","Fog","Medium",1,"Y",10
22,"Meal ",26,18,4.8,"motorcycle",2,"No","Metropolitan","Sandstorms","Medium",0,"Y",15
32,"Drinks ",23,2,3.5,"motorcycle",2,"No","Semi-Urban","Sunny","Low ",0,"N",5
26,"Snack ",25,12,4.9,"scooter",2,"No","Metropolitan","Windy","Jam ",0,"N",5
49,"Meal ",26,5,4.8,"motorcycle",0,"No","Semi-Urban","Fog","Jam ",3,"N",5
25,"Meal ",28,22,5,"motorcycle",2,"No","Urban","Sunny","Jam ",1,"Y",15
35,"Buffet ",23,13,4.8,"motorcycle",0,"No","Metropolitan","Windy","Jam ",1,"Y",15
40,"Meal ",38,1,4.1,"motorcycle",2,"No","Metropolitan","Fog","Jam ",1,"N",5
42,"Snack ",27,9,4.6,"scooter",2,"No","Metropolitan","Cloudy","Jam ",1,"Y",10
32,"Snack ",20,6,4,"motorcycle",0,"No","Metropolitan","Stormy","Jam ",0,"Y",5
24,"Drinks ",38,15,4.6,"motorcycle",1,"No","Urban","Sunny","Jam",0,"Y",15
24,"Drinks ",38,21,4.8,"motorcycle",0,"No","Urban","Cloudy","Low",1,"N",5
38,"Drinks ",37,23,4.5,"scooter",2,"No","Metropolitan","Sandstorms","Jam ",1,"N",5
29,"Snack ",25,8,4.6,"electric_scooter",0,"No","Metropolitan","Cloudy","Low ",1,"Y",5
19,"Snack ",28,21,4.7,"motorcycle",0,"No","Urban","Cloudy","Low",1,"N",15
18,"Snack ",23,21,4.7,"motorcycle",2,"No","Metropolitan","Fog","Low ",1,"N",10
25,"Snack ",22,4,4.8,"motorcycle",1,"No","Urban","Stormy","Jam",1,"N",5
18,"Drinks ",33,18,4.9,"scooter",1,"No","Urban","Sunny","Low ",1,"Y",5
42,"Meal ",35,8,4.1,"scooter",2,"No","Urban","Sandstorms","Jam ",1,"N",15
19,"Buffet ",39,16,4.9,"scooter",1,"No","Urban","Stormy","Low",1,"N",15
28,"Buffet ",20,22,4.7,"scooter",2,"No","Urban","Cloudy","Low",1,"N",10
11,"Snack ",38,14,4.9,"scooter",2,"No","Urban","Sunny","Jam ",1,"N",10
10,"Buffet ",32,18,4.9,"motorcycle",2,"No","Metropolitan","Sunny","Jam",1,"N",10
37,"Buffet ",36,13,3.5,"scooter",1,"No","Metropolitan","Stormy","Medium",1,"N",10
15,"Buffet ",36,23,5,"scooter",2,"No","Metropolitan","Fog","Medium",1,"N",5
15,"Snack ",35,14,4.7,"scooter",1,"No","Urban","Windy","Low ",0,"Y",10
12,"Drinks ",21,16,4.8,"scooter",1,"No","Urban","Sunny","Medium",1,"N",10
45,"Meal ",38,15,4.7,"motorcycle",0,"No","Urban","Stormy","Jam ",1,"N",15
20,"Drinks ",26,9,4.9,"electric_scooter",2,"No","Metropolitan","Windy","Low ",1,"N",5
38,"Drinks ",26,22,3.8,"scooter",2,"No","Urban","Stormy","Jam",1,"N",10
38,"Snack ",38,5,4.1,"motorcycle",0,"No","Semi-Urban","Windy","Jam ",1,"N",10
37,"Drinks ",32,5,4.1,"motorcycle",0,"No","Urban","Cloudy","Low",2,"N",5
36,"Drinks ",36,21,4.6,"electric_scooter",0,"No","Urban","Stormy","Medium",1,"Y",5
20,"Drinks ",21,21,4.7,"motorcycle",0,"No","Metropolitan","Cloudy","Low ",1,"Y",5
15,"Drinks ",37,22,5,"scooter",1,"No","Urban","Fog","Low",0,"N",15
44,"Buffet ",36,22,4.9,"scooter",1,"No","Metropolitan","Fog","Jam ",0,"Y",5
33,"Buffet ",35,4,5,"motorcycle",0,"No","Urban","Windy","High ",1,"N",10
24,"Buffet ",39,3,4.9,"motorcycle",0,"No","Metropolitan","Fog","Low ",1,"N",15
33,"Buffet ",35,9,4.1,"scooter",2,"No","Metropolitan","Fog","High ",1,"N",5
26,"Drinks ",33,23,4.8,"motorcycle",0,"No","Urban","Sandstorms","Jam",1,"N",15
28,"Snack ",31,18,4.7,"scooter",2,"No","Urban","Stormy","Medium",0,"Y",10
35,"Drinks ",24,16,4.7,"motorcycle",0,"No","Metropolitan","Stormy","High ",1,"N",5
20,"Buffet ",38,12,4.9,"motorcycle",0,"No","Metropolitan","Stormy","Low ",1,"N",5
28,"Snack ",20,23,4.9,"electric_scooter",0,"No","Metropolitan","Sandstorms","Jam ",0,"N",5
23,"Snack ",25,21,4.6,"scooter",1,"No","Urban","Stormy","Medium",1,"N",15
35,"Meal ",21,13,4.7,"motorcycle",0,"No","Metropolitan","Sandstorms","Medium",1,"Y",10
18,"Snack ",23,23,4.9,"motorcycle",0,"No","Metropolitan","Cloudy","Low ",1,"N",10
28,"Snack ",31,16,4.6,"scooter",1,"No","Urban","Stormy","Low",1,"N",5
14,"Meal ",35,19,4.9,"scooter",1,"No","Metropolitan","Fog","Low ",0,"Y",10
33,"Buffet ",29,4,4.7,"electric_scooter",2,"No","Metropolitan","Fog","High ",1,"N",10
16,"Snack ",38,3,4.7,"motorcycle",0,"No","Urban","Windy","Low",0,"N",15
12,"Meal ",20,22,4.7,"electric_scooter",2,"No","Urban","Sandstorms","Low ",0,"Y",5
15,"Snack ",23,15,4.9,"motorcycle",2,"No","Urban","Stormy","Low",0,"N",5
27,"Meal ",25,7,4.9,"scooter",2,"No","Metropolitan","Fog","Low ",1,"N",10
54,"Drinks ",35,3,4.2,"motorcycle",0,"Yes","Metropolitan","Stormy","Jam ",1,"Y",5
16,"Meal ",32,9,4.9,"motorcycle",2,"No","Metropolitan","Sunny","Low ",0,"Y",5
28,"Snack ",20,17,4.7,"electric_scooter",2,"No","Urban","Stormy","Jam",1,"N",15
16,"Drinks ",21,23,4.6,"scooter",1,"No","Metropolitan","Sandstorms","Jam ",1,"N",10
18,"Drinks ",28,3,4.9,"scooter",2,"No","Metropolitan","Windy","Low ",0,"Y",15
26,"Buffet ",36,19,5,"motorcycle",1,"No","Metropolitan","Sandstorms","Low ",0,"Y",5
16,"Buffet ",20,9,4.8,"scooter",1,"No","Semi-Urban","Sunny","Low ",0,"Y",5
42,"Snack ",27,22,5,"scooter",2,"No","Metropolitan","Cloudy","Medium",2,"N",15
20,"Buffet ",23,17,4.8,"motorcycle",0,"No","Metropolitan","Sunny","Jam ",1,"N",5
24,"Meal ",30,8,4.7,"motorcycle",1,"No","Metropolitan","Fog","Low ",1,"N",5
49,"Drinks ",27,4,4.7,"scooter",2,"No","Metropolitan","Fog","Jam ",2,"N",15
43,"Snack ",30,9,3.5,"scooter",2,"Yes","Metropolitan","Sunny","Low ",1,"N",15
41,"Meal ",28,13,4.1,"scooter",2,"No","Semi-Urban","Windy","Jam ",0,"Y",10
29,"Drinks ",30,8,4.6,"scooter",1,"No","Metropolitan","Windy","Jam ",1,"N",5
21,"Meal ",20,3,4.1,"motorcycle",0,"No","Metropolitan","Sandstorms","Low ",0,"N",5
36,"Snack ",23,7,4.4,"motorcycle",2,"No","Semi-Urban","Sandstorms","Medium",1,"Y",10
15,"Drinks ",29,19,4.8,"motorcycle",0,"No","Metropolitan","Sandstorms","Jam ",0,"N",10
44,"Meal ",26,19,4.5,"motorcycle",1,"No","Urban","Stormy","Jam ",2,"N",5
26,"Meal ",25,19,4.6,"electric_scooter",1,"No","Urban","Windy","Medium",1,"Y",5
22,"Meal ",22,23,4.9,"motorcycle",0,"No","Semi-Urban","Sunny","Low",1,"N",20
22,"Buffet ",31,15,4.8,"scooter",1,"No","Urban","Stormy","Low ",1,"N",5
46,"Snack ",33,4,4,"electric_scooter",2,"No","Urban","Cloudy","Jam",1,"N",5
41,"Snack ",36,4,4.7,"scooter",2,"Yes","Metropolitan","Fog","Jam ",1,"N",5
21,"Snack ",37,19,4.6,"motorcycle",2,"No","Metropolitan","Sunny","Medium",1,"N",5
24,"Buffet ",32,22,4.6,"scooter",1,"No","Metropolitan","Sunny","Jam ",1,"N",15
16,"Snack ",26,23,4.6,"scooter",2,"No","Urban","Sunny","Jam ",0,"N",10
42,"Meal ",27,21,4.8,"motorcycle",0,"No","Metropolitan","Fog","Medium",1,"N",10
16,"Drinks ",30,16,4.9,"scooter",1,"No","Semi-Urban","Windy","Low",0,"N",5
21,"Drinks ",24,23,4.7,"scooter",2,"No","Urban","Sandstorms","Medium",1,"N",10
38,"Drinks ",21,23,5,"scooter",1,"No","Urban","Cloudy","Jam ",0,"N",5
31,"Drinks ",21,9,4.9,"electric_scooter",2,"No","Metropolitan","Fog","Jam ",1,"N",5
38,"Snack ",24,14,3.6,"scooter",1,"No","Metropolitan","Fog","Low ",1,"Y",5
25,"Buffet ",37,23,4.5,"motorcycle",2,"No","Urban","Windy","Medium",0,"N",15
18,"Drinks ",29,21,4.5,"motorcycle",0,"No","Semi-Urban","Fog","Low ",0,"N",15
20,"Buffet ",30,23,5,"scooter",2,"No","Metropolitan","Windy","Medium",1,"N",15
37,"Buffet ",26,13,4.1,"scooter",1,"No","Urban","Stormy","Jam ",0,"N",15
24,"Snack ",29,18,4.7,"scooter",0,"No","Metropolitan","Sunny","Low ",0,"N",5
30,"Drinks ",37,8,4.9,"scooter",1,"No","Metropolitan","Sandstorms","Low ",1,"N",10
36,"Meal ",34,18,4.9,"motorcycle",0,"No","Metropolitan","Sandstorms","Jam",1,"Y",10
39,"Meal ",25,8,4.8,"motorcycle",2,"No","Metropolitan","Cloudy","Medium",2,"N",10
25,"Buffet ",31,16,4.7,"motorcycle",1,"No","Metropolitan","Windy","Low",1,"N",20
24,"Meal ",39,19,4.9,"electric_scooter",1,"No","Metropolitan","Sunny","Medium",1,"N",5
43,"Drinks ",39,6,4.7,"motorcycle",0,"No","Metropolitan","Sandstorms","Jam ",1,"Y",10
29,"Drinks ",20,4,4.2,"scooter",0,"No","Metropolitan","Stormy","Low ",1,"N",5
30,"Meal ",39,3,4.8,"motorcycle",2,"No","Semi-Urban","Stormy","Jam ",0,"N",15
29,"Drinks ",21,6,4.9,"electric_scooter",2,"No","Metropolitan","Windy","Jam ",1,"N",5
48,"Drinks ",23,19,5,"electric_scooter",0,"Yes","Metropolitan","Sunny","High ",2,"Y",5
27,"Buffet ",39,9,4.8,"scooter",2,"No","Metropolitan","Fog","Jam ",1,"Y",10
19,"Buffet ",25,17,4.7,"motorcycle",0,"No","Semi-Urban","Windy","High",0,"N",10
29,"Meal ",21,7,4.6,"motorcycle",1,"No","Metropolitan","Sandstorms","Jam ",0,"N",5
18,"Snack ",27,19,5,"electric_scooter",2,"No","Metropolitan","Stormy","Jam ",0,"N",5
23,"Buffet ",24,23,4.6,"electric_scooter",2,"No","Urban","Sunny","High ",1,"Y",10
32,"Drinks ",25,13,4.8,"motorcycle",1,"No","Metropolitan","Windy","Medium",0,"N",5
26,"Buffet ",33,18,4.9,"motorcycle",2,"No","Metropolitan","Windy","Low ",1,"N",10
25,"Meal ",24,16,5,"scooter",2,"No","Metropolitan","Windy","Medium",1,"N",5
18,"Drinks ",25,13,4.6,"scooter",0,"No","Metropolitan","Fog","Low ",1,"N",25
19,"Drinks ",33,17,4.6,"motorcycle",1,"No","Metropolitan","Cloudy","Low ",1,"Y",15
23,"Buffet ",20,5,4.6,"motorcycle",0,"No","Metropolitan","Stormy","High ",1,"N",5
17,"Meal ",25,6,4.8,"motorcycle",1,"No","Urban","Fog","Medium",0,"N",5
21,"Drinks ",31,13,4.5,"motorcycle",0,"No","Metropolitan","Stormy","Medium",1,"N",15
24,"Drinks ",30,19,4.9,"motorcycle",0,"No","Metropolitan","Sandstorms","Jam",1,"N",5
28,"Snack ",36,23,4.6,"scooter",1,"No","Urban","Windy","Low",1,"Y",10
40,"Snack ",23,4,4.3,"motorcycle",1,"No","Urban","Stormy","Jam",1,"Y",10
20,"Snack ",28,22,4.6,"scooter",0,"No","Metropolitan","Sunny","Low ",1,"N",15
24,"Meal ",37,19,5,"motorcycle",1,"No","Urban","Sandstorms","Medium",1,"Y",15
40,"Buffet ",27,16,3.6,"motorcycle",0,"No","Metropolitan","Sunny","Jam ",1,"Y",15
34,"Meal ",36,16,4.5,"scooter",1,"No","Urban","Stormy","Jam",2,"N",5
28,"Drinks ",24,15,4.7,"motorcycle",2,"No","Semi-Urban","Stormy","Jam",0,"N",10
23,"Drinks ",36,13,4.6,"electric_scooter",0,"No","Semi-Urban","Sunny","Jam ",0,"Y",10
17,"Drinks ",28,16,5,"motorcycle",1,"No","Urban","Sunny","Medium",0,"Y",15
20,"Buffet ",25,23,4,"electric_scooter",0,"No","Urban","Sandstorms","Low ",0,"Y",5
32,"Drinks ",38,3,4.3,"electric_scooter",2,"No","Metropolitan","Windy","Jam ",1,"N",10
24,"Drinks ",28,17,4.9,"scooter",0,"No","Urban","Cloudy","Low",0,"N",10
44,"Meal ",26,3,4.3,"motorcycle",1,"Yes","Metropolitan","Windy","Jam ",0,"Y",10
20,"Meal ",39,6,4.5,"scooter",2,"No","Urban","Windy","Jam",1,"N",15
24,"Drinks ",37,14,5,"motorcycle",0,"No","Metropolitan","Fog","Low ",1,"N",10
43,"Buffet ",25,8,4.8,"motorcycle",0,"No","Metropolitan","Sunny","Jam ",0,"N",5
15,"Meal ",29,8,4.9,"electric_scooter",1,"No","Metropolitan","Stormy","Low ",0,"Y",15
25,"Buffet ",22,16,4.9,"scooter",1,"No","Semi-Urban","Windy","Low ",1,"N",10
28,"Snack ",28,18,4.9,"motorcycle",1,"No","Urban","Cloudy","Low",1,"N",10
25,"Meal ",31,22,5,"electric_scooter",2,"No","Metropolitan","Sandstorms","High ",1,"N",10
27,"Meal ",30,5,4.7,"motorcycle",0,"No","Metropolitan","Fog","Medium",1,"N",10
18,"Buffet ",21,21,4.6,"scooter",1,"No","Urban","Cloudy","Low",1,"N",5
24,"Snack ",31,14,4.7,"motorcycle",0,"No","Semi-Urban","Stormy","Low ",1,"N",5
14,"Drinks ",35,1,4.5,"motorcycle",2,"No","Urban","Stormy","High",0,"Y",15
33,"Drinks ",29,9,5,"scooter",1,"No","Metropolitan","Cloudy","Medium",1,"Y",5
34,"Buffet ",27,11,4,"motorcycle",2,"No","Urban","Windy","Jam ",1,"Y",5
15,"Buffet ",21,15,4.8,"motorcycle",1,"No","Semi-Urban","Sunny","Medium",0,"N",10
31,"Meal ",33,17,3.8,"motorcycle",2,"No","Metropolitan","Sunny","Jam ",1,"N",10
33,"Buffet ",23,7,4.3,"motorcycle",1,"No","Semi-Urban","Fog","Jam ",1,"N",10
36,"Buffet ",34,5,4.2,"motorcycle",2,"No","Urban","Cloudy","Jam ",1,"N",5
24,"Meal ",35,4,4.9,"motorcycle",0,"No","Metropolitan","Fog","Low ",1,"N",5
34,"Drinks ",28,21,5,"motorcycle",0,"No","Urban","Sunny","Jam ",2,"Y",15
23,"Drinks ",38,21,4.8,"electric_scooter",0,"No","Metropolitan","Cloudy","Medium",0,"Y",15
37,"Drinks ",29,15,4.3,"motorcycle",1,"No","Metropolitan","Fog","Jam ",1,"Y",5
23,"Drinks ",22,14,4.8,"scooter",1,"No","Semi-Urban","Sunny","Jam ",0,"Y",5
38,"Snack ",29,15,4.8,"scooter",0,"No","Semi-Urban","Stormy","Jam",1,"N",5
32,"Meal ",33,7,4.4,"motorcycle",0,"No","Metropolitan","Stormy","Medium",0,"N",5
29,"Snack ",36,6,4.8,"motorcycle",0,"No","Metropolitan","Cloudy","Medium",1,"N",15
24,"Snack ",39,23,4.5,"electric_scooter",0,"No","Urban","Fog","Low ",1,"N",5
41,"Buffet ",30,21,4.9,"scooter",0,"No","Urban","Fog","Jam",0,"N",10
35,"Snack ",37,5,3.5,"scooter",1,"No","Urban","Stormy","Jam",0,"N",10
12,"Drinks ",22,9,4.9,"electric_scooter",1,"No","Metropolitan","Sandstorms","Low ",0,"N",15
24,"Snack ",20,9,4.7,"motorcycle",1,"No","Metropolitan","Stormy","Jam ",0,"N",5
26,"Buffet ",28,13,5,"scooter",1,"No","Metropolitan","Stormy","Medium",1,"N",10
38,"Buffet ",22,16,4.9,"motorcycle",2,"No","Urban","Fog","Jam",1,"N",5
38,"Drinks ",30,9,5,"scooter",0,"No","Metropolitan","Windy","Medium",1,"Y",10
24,"Buffet ",31,15,4.8,"motorcycle",1,"No","Semi-Urban","Stormy","Low",1,"N",15
22,"Drinks ",34,4,4.5,"scooter",2,"No","Semi-Urban","Windy","Medium",0,"N",10
25,"Snack ",31,13,4.8,"motorcycle",1,"No","Metropolitan","Sandstorms","Medium",1,"N",15
18,"Buffet ",29,23,4.8,"motorcycle",1,"No","Urban","Sunny","High",0,"Y",10
34,"Snack ",38,6,4.9,"motorcycle",1,"No","Metropolitan","Fog","Medium",1,"Y",5
26,"Snack ",22,23,4.8,"motorcycle",0,"No","Metropolitan","Sunny","Medium",1,"Y",5
36,"Buffet ",26,1,4.6,"motorcycle",0,"No","Metropolitan","Fog","Jam ",1,"N",10
40,"Drinks ",28,18,4.7,"motorcycle",0,"No","Metropolitan","Cloudy","Jam ",1,"N",15
19,"Drinks ",27,16,4.7,"scooter",2,"No","Metropolitan","Sunny","Low ",1,"N",10
29,"Meal ",28,11,4.7,"scooter",1,"No","Metropolitan","Cloudy","Jam ",1,"N",5
26,"Meal ",33,17,4.7,"electric_scooter",0,"No","Metropolitan","Sunny","Low ",1,"N",5
16,"Buffet ",32,21,4.6,"motorcycle",2,"No","Urban","Fog","Medium",0,"N",5
25,"Drinks ",34,15,4.9,"motorcycle",1,"No","Metropolitan","Stormy","Low ",0,"Y",10
27,"Drinks ",38,21,4.6,"electric_scooter",1,"No","Urban","Cloudy","Medium",1,"N",15
16,"Buffet ",36,13,4.9,"scooter",2,"No","Semi-Urban","Fog","Low ",0,"N",15
25,"Drinks ",34,23,4.6,"electric_scooter",0,"No","Metropolitan","Cloudy","Medium",1,"N",5
30,"Buffet ",24,18,4.6,"electric_scooter",1,"No","Metropolitan","Stormy","Medium",1,"Y",10
32,"Snack ",36,7,4.2,"electric_scooter",2,"No","Metropolitan","Sandstorms","Jam ",1,"Y",10
43,"Meal ",22,13,4.4,"electric_scooter",0,"No","Metropolitan","Sandstorms","Medium",1,"N",10
28,"Buffet ",31,23,4.7,"motorcycle",2,"No","Metropolitan","Sandstorms","Jam ",1,"Y",15
22,"Buffet ",36,15,4.8,"electric_scooter",2,"No","Metropolitan","Sandstorms","Medium",1,"N",10
26,"Buffet ",24,14,4.6,"scooter",1,"No","Urban","Fog","High ",1,"N",15
25,"Buffet ",32,19,4.8,"scooter",1,"No","Metropolitan","Sandstorms","Medium",1,"N",5
28,"Buffet ",22,22,4.9,"motorcycle",2,"No","Metropolitan","Windy","High ",1,"N",15
23,"Meal ",31,19,4.9,"motorcycle",0,"No","Metropolitan","Fog","Medium",1,"N",15
23,"Meal ",26,17,4.8,"scooter",0,"No","Metropolitan","Cloudy","Low ",0,"N",5
18,"Snack ",28,23,4.7,"motorcycle",1,"No","Urban","Cloudy","Low",0,"N",10
21,"Drinks ",23,18,4.7,"scooter",0,"No","Urban","Fog","Low",1,"Y",15
26,"Drinks ",22,12,4.7,"scooter",1,"No","Metropolitan","Windy","Jam ",0,"Y",15
20,"Meal ",24,23,5,"scooter",1,"No","Metropolitan","Cloudy","Low ",0,"N",10
35,"Snack ",24,2,4.1,"motorcycle",0,"No","Urban","Windy","Jam ",0,"Y",15
39,"Buffet ",27,5,4.6,"electric_scooter",0,"No","Metropolitan","Fog","Low ",0,"Y",15
23,"Snack ",32,23,4.6,"scooter",2,"No","Urban","Windy","Jam",0,"N",10
37,"Buffet ",30,13,4,"motorcycle",0,"No","Metropolitan","Sandstorms","Medium",0,"N",5
35,"Buffet ",31,23,4.9,"scooter",1,"No","Metropolitan","Fog","Jam ",1,"N",15
26,"Snack ",38,13,4.9,"scooter",2,"No","Urban","Sunny","Low ",1,"N",10
29,"Buffet ",30,2,4.5,"electric_scooter",0,"No","Metropolitan","Sandstorms","Medium",1,"N",15
17,"Drinks ",23,5,4.7,"motorcycle",1,"No","Urban","Sunny","Jam",0,"N",5
24,"Snack ",38,3,4.9,"motorcycle",0,"No","Metropolitan","Sunny","Low ",1,"N",15
20,"Snack ",30,9,4.6,"motorcycle",2,"No","Metropolitan","Cloudy","High ",0,"N",5
48,"Drinks ",35,22,5,"scooter",0,"No","Urban","Sandstorms","High",3,"Y",5
16,"Snack ",31,17,5,"scooter",1,"No","Metropolitan","Fog","Low ",1,"N",10
49,"Buffet ",26,13,4,"motorcycle",0,"No","Metropolitan","Windy","Medium",1,"Y",10
36,"Snack ",29,6,4.2,"scooter",1,"No","Metropolitan","Stormy","Medium",1,"N",10
47,"Buffet ",23,7,4.8,"scooter",0,"No","Metropolitan","Stormy","High ",1,"N",15
52,"Meal ",35,3,4.5,"motorcycle",0,"Yes","Metropolitan","Fog","Jam ",1,"N",5
16,"Meal ",37,18,4.6,"motorcycle",1,"No","Urban","Cloudy","Medium",0,"Y",5
23,"Meal ",37,21,4.7,"electric_scooter",0,"No","Semi-Urban","Cloudy","Low",1,"N",10
25,"Buffet ",35,8,4.6,"scooter",2,"No","Urban","Fog","High ",1,"N",10
10,"Buffet ",34,16,4.6,"scooter",0,"No","Urban","Windy","Medium",0,"N",15
27,"Snack ",37,18,4.9,"motorcycle",0,"No","Metropolitan","Sunny","Low ",1,"N",10
20,"Meal ",20,13,4.7,"motorcycle",2,"No","Metropolitan","Windy","Low ",0,"N",10
10,"Buffet ",33,5,4.5,"electric_scooter",2,"No","Semi-Urban","Fog","Low",1,"N",10
24,"Buffet ",21,23,4.9,"motorcycle",1,"No","Metropolitan","Stormy","Jam ",0,"Y",5
54,"Buffet ",24,19,4.6,"electric_scooter",0,"No","Semi-Urban","Cloudy","Jam ",1,"Y",10
26,"Meal ",26,5,4.9,"scooter",2,"No","Metropolitan","Stormy","Jam ",1,"N",10
39,"Snack ",29,13,4.6,"motorcycle",0,"No","Semi-Urban","Cloudy","Low ",2,"Y",10
40,"Snack ",20,19,3.9,"motorcycle",0,"Yes","Metropolitan","Sandstorms","Jam ",0,"N",10
17,"Snack ",29,9,4.9,"electric_scooter",2,"No","Metropolitan","Sandstorms","Low ",1,"N",15
19,"Meal ",28,6,4.6,"electric_scooter",2,"No","Metropolitan","Sunny","Medium",1,"Y",10
31,"Drinks ",36,4,3.1,"motorcycle",2,"No","Semi-Urban","Sunny","Low ",1,"N",30
28,"Buffet ",29,18,4.1,"motorcycle",0,"No","Metropolitan","Stormy","Low ",1,"N",15
32,"Snack ",29,18,4.2,"motorcycle",1,"No","Metropolitan","Fog","Medium",1,"Y",5
31,"Snack ",31,13,4.8,"scooter",1,"No","Metropolitan","Fog","Jam ",1,"N",10
34,"Snack ",33,23,4.7,"motorcycle",0,"No","Metropolitan","Fog","High ",0,"Y",15
12,"Snack ",28,14,4.7,"motorcycle",1,"No","Metropolitan","Windy","Low ",1,"Y",10
25,"Drinks ",20,18,4.5,"scooter",1,"No","Semi-Urban","Sandstorms","Jam ",0,"Y",5
18,"Meal ",29,16,4.8,"scooter",1,"No","Urban","Fog","Low ",1,"Y",10
26,"Drinks ",26,17,4.6,"scooter",1,"No","Urban","Sandstorms","Jam",1,"N",10
26,"Snack ",34,9,4.8,"motorcycle",0,"No","Urban","Windy","Low ",1,"N",20
26,"Buffet ",38,23,4.7,"scooter",2,"No","Metropolitan","Windy","Jam ",1,"N",5
28,"Drinks ",25,9,4.7,"motorcycle",0,"No","Semi-Urban","Cloudy","Medium",1,"Y",5
25,"Snack ",33,19,5,"scooter",1,"No","Semi-Urban","Windy","Jam ",0,"Y",5
17,"Buffet ",26,16,4.7,"motorcycle",2,"No","Metropolitan","Stormy","Low ",1,"N",5
15,"Snack ",24,13,5,"motorcycle",2,"No","Urban","Sunny","Low ",1,"N",15
38,"Buffet ",21,6,4.2,"scooter",1,"No","Metropolitan","Stormy","Medium",0,"Y",5
17,"Snack ",39,19,4.5,"motorcycle",0,"No","Semi-Urban","Cloudy","Low ",1,"N",5
49,"Meal ",39,3,4.1,"motorcycle",0,"No","Urban","Windy","Jam",0,"N",5
15,"Drinks ",31,2,4.5,"electric_scooter",1,"No","Urban","Sandstorms","Low",0,"N",10
22,"Buffet ",27,17,4.7,"motorcycle",1,"No","Semi-Urban","Cloudy","High ",1,"N",5
35,"Buffet ",30,3,4.8,"electric_scooter",2,"No","Metropolitan","Fog","Medium",1,"N",15
16,"Buffet ",34,17,4.5,"scooter",2,"No","Metropolitan","Fog","Low ",0,"Y",5
15,"Buffet ",31,2,4.8,"scooter",2,"No","Semi-Urban","Stormy","Medium",0,"N",15
32,"Buffet ",20,1,4.3,"scooter",2,"No","Metropolitan","Sandstorms","Jam ",1,"N",15
24,"Meal ",25,2,4.7,"scooter",2,"No","Metropolitan","Fog","High ",0,"N",5
27,"Buffet ",33,21,4.9,"motorcycle",0,"No","Metropolitan","Sunny","Low ",1,"Y",15
22,"Meal ",29,12,4.6,"motorcycle",1,"No","Metropolitan","Sandstorms","Low ",1,"N",15
38,"Snack ",37,21,4.4,"scooter",2,"No","Urban","Cloudy","Medium",1,"N",15
10,"Meal ",33,19,4.7,"electric_scooter",2,"No","Semi-Urban","Windy","Low ",0,"N",15
19,"Snack ",30,19,4.8,"motorcycle",1,"No","Urban","Windy","High",1,"N",5
23,"Meal ",25,23,5,"scooter",0,"No","Metropolitan","Stormy","High ",0,"N",10
16,"Buffet ",29,19,4.9,"scooter",1,"No","Urban","Fog","Low",1,"N",10
21,"Meal ",37,21,4.7,"scooter",2,"No","Metropolitan","Fog","High ",1,"N",15
15,"Buffet ",28,21,4.6,"motorcycle",1,"No","Metropolitan","Fog","Low ",1,"Y",15
33,"Snack ",28,2,4.6,"electric_scooter",2,"No","Urban","Fog","High ",1,"N",15
12,"Buffet ",32,23,4.7,"electric_scooter",1,"No","Urban","Fog","Low",1,"N",15
23,"Snack ",25,9,4.5,"motorcycle",0,"No","Metropolitan","Sandstorms","Low ",1,"N",15
22,"Meal ",20,14,4.8,"motorcycle",0,"No","Metropolitan","Sunny","Medium",0,"N",15
27,"Drinks ",23,15,4.6,"electric_scooter",0,"No","Metropolitan","Fog","High ",0,"N",15
29,"Buffet ",39,8,4.6,"scooter",1,"No","Metropolitan","Cloudy","Medium",1,"Y",15
29,"Buffet ",34,17,4.6,"motorcycle",0,"No","Metropolitan","Fog","Medium",0,"N",10
26,"Buffet ",27,6,4.8,"motorcycle",1,"No","Metropolitan","Sandstorms","Jam ",1,"N",5
43,"Drinks ",21,8,4.1,"electric_scooter",2,"No","Metropolitan","Cloudy","Jam ",1,"N",5
15,"Drinks ",39,21,4.9,"electric_scooter",2,"No","Semi-Urban","Windy","Low",0,"Y",15
46,"Buffet ",36,23,5,"motorcycle",0,"Yes","Metropolitan","Windy","Medium",1,"N",10
10,"Drinks ",25,18,4.9,"scooter",2,"No","Urban","Cloudy","Medium",0,"N",5
20,"Drinks ",33,13,4.8,"scooter",1,"No","Urban","Fog","Jam ",1,"Y",5
32,"Snack ",35,9,4.6,"motorcycle",0,"No","Metropolitan","Windy","High ",1,"N",10
15,"Snack ",39,13,5,"scooter",1,"No","Metropolitan","Sandstorms","Low ",0,"N",5
25,"Drinks ",28,18,4.9,"scooter",2,"No","Semi-Urban","Stormy","High ",1,"N",5
17,"Meal ",28,14,4.6,"motorcycle",1,"No","Metropolitan","Stormy","Low ",1,"N",15
10,"Buffet ",25,18,4.9,"scooter",2,"No","Semi-Urban","Stormy","Low",0,"Y",10
21,"Snack ",24,21,4.9,"electric_scooter",0,"No","Metropolitan","Sandstorms","Low ",1,"N",15
20,"Meal ",31,16,4.9,"scooter",1,"No","Metropolitan","Stormy","Medium",0,"N",10
39,"Drinks ",37,2,5,"motorcycle",1,"No","Semi-Urban","Fog","Jam ",1,"N",15
29,"Snack ",38,15,4.6,"motorcycle",2,"No","Urban","Windy","Jam",1,"N",15
29,"Buffet ",26,7,4.8,"scooter",1,"No","Urban","Sandstorms","Low ",0,"N",5
22,"Snack ",25,3,4.6,"motorcycle",0,"No","Metropolitan","Fog","Low ",1,"Y",20
41,"Buffet ",38,1,4.1,"motorcycle",2,"No","Urban","Cloudy","Jam",1,"Y",10
18,"Buffet ",28,17,4.9,"motorcycle",2,"No","Metropolitan","Sunny","Medium",1,"N",5
29,"Buffet ",35,13,4.5,"motorcycle",1,"No","Metropolitan","Windy","Low ",1,"N",15
16,"Buffet ",23,15,4.7,"scooter",2,"No","Urban","Sandstorms","Jam",1,"N",5
32,"Meal ",38,18,4.7,"motorcycle",0,"No","Urban","Stormy","High ",1,"N",5
14,"Drinks ",30,15,4.8,"electric_scooter",1,"No","Metropolitan","Sunny","Medium",1,"N",5
19,"Meal ",21,3,4.6,"electric_scooter",2,"No","Metropolitan","Sunny","High",1,"N",15
21,"Drinks ",27,23,4.5,"motorcycle",0,"No","Semi-Urban","Fog","High ",1,"N",5
29,"Drinks ",20,23,4.7,"scooter",1,"No","Metropolitan","Windy","Low ",0,"N",10
25,"Drinks ",22,22,4.6,"electric_scooter",1,"No","Metropolitan","Fog","Medium",1,"N",10
33,"Buffet ",33,3,4.1,"motorcycle",1,"No","Metropolitan","Stormy","High ",1,"N",5
28,"Buffet ",33,1,4.6,"motorcycle",0,"No","Metropolitan","Fog","Medium",0,"N",15
35,"Buffet ",28,7,4.7,"scooter",0,"No","Urban","Fog","Jam ",1,"N",15
17,"Buffet ",22,3,4.8,"electric_scooter",2,"No","Metropolitan","Sunny","Low ",1,"N",10
32,"Drinks ",22,5,4.5,"scooter",1,"No","Metropolitan","Fog","Low ",1,"N",10
28,"Snack ",29,12,4.8,"motorcycle",1,"No","Metropolitan","Fog","Medium",1,"Y",10
27,"Drinks ",25,2,4.6,"motorcycle",2,"No","Semi-Urban","Stormy","Jam",1,"N",5
35,"Buffet ",22,5,5,"motorcycle",0,"No","Metropolitan","Fog","Jam ",2,"N",5
11,"Snack ",20,17,4.8,"motorcycle",1,"No","Urban","Stormy","Jam",0,"N",5
34,"Meal ",20,6,4.3,"motorcycle",1,"No","Metropolitan","Stormy","Jam ",0,"N",15
28,"Drinks ",27,7,4.7,"electric_scooter",2,"No","Metropolitan","Stormy","Medium",1,"N",10
13,"Meal ",25,18,4.7,"scooter",1,"No","Metropolitan","Sandstorms","Low ",0,"N",15
17,"Meal ",24,23,4.9,"electric_scooter",1,"No","Metropolitan","Stormy","Medium",0,"N",15
14,"Buffet ",22,8,4.9,"scooter",2,"No","Metropolitan","Sandstorms","Low ",0,"N",5
39,"Buffet ",35,8,4.2,"scooter",2,"No","Metropolitan","Stormy","Jam ",0,"N",10
29,"Buffet ",33,3,4.5,"motorcycle",0,"No","Metropolitan","Fog","Medium",1,"N",15
30,"Buffet ",24,7,4.7,"motorcycle",0,"No","Semi-Urban","Stormy","High ",1,"N",15
19,"Meal ",25,21,4.5,"motorcycle",0,"No","Semi-Urban","Sunny","Medium",1,"N",10
22,"Meal ",34,19,4.7,"motorcycle",1,"No","Urban","Sunny","Low",1,"N",10
26,"Meal ",31,16,4.8,"electric_scooter",2,"No","Metropolitan","Stormy","Low ",1,"Y",10
33,"Snack ",24,9,4.6,"motorcycle",1,"No","Urban","Fog","Jam ",1,"N",10
27,"Drinks ",23,7,4.8,"electric_scooter",2,"No","Metropolitan","Stormy","Jam ",1,"N",15
36,"Meal ",39,9,4.6,"motorcycle",0,"No","Metropolitan","Sandstorms","High ",1,"N",10
16,"Meal ",35,22,4.6,"electric_scooter",0,"No","Semi-Urban","Sunny","Low",0,"N",5
35,"Snack ",36,7,5,"motorcycle",1,"No","Metropolitan","Cloudy","Jam ",1,"N",10
40,"Drinks ",29,2,4,"electric_scooter",0,"No","Semi-Urban","Fog","Low ",1,"Y",15
25,"Drinks ",22,9,4.6,"motorcycle",1,"No","Metropolitan","Windy","Jam ",0,"N",5
26,"Meal ",33,19,4.7,"electric_scooter",0,"No","Metropolitan","Fog","Low ",1,"N",15
33,"Drinks ",26,1,4.3,"electric_scooter",2,"No","Metropolitan","Stormy","Medium",1,"N",10
34,"Snack ",26,9,4.9,"scooter",1,"No","Metropolitan","Cloudy","Jam ",1,"N",5
31,"Drinks ",39,4,5,"scooter",1,"No","Metropolitan","Cloudy","Medium",1,"N",5
28,"Snack ",35,8,4.8,"motorcycle",1,"No","Metropolitan","Fog","Low ",1,"N",10
18,"Buffet ",27,17,4.9,"scooter",2,"No","Urban","Stormy","Jam",1,"N",5
18,"Snack ",33,19,4.7,"electric_scooter",2,"No","Metropolitan","Stormy","Low ",0,"N",10
19,"Snack ",24,22,4.7,"electric_scooter",1,"No","Urban","Windy","Low",1,"N",10
17,"Snack ",28,19,4.7,"electric_scooter",2,"No","Metropolitan","Cloudy","Low ",1,"N",10
29,"Buffet ",26,17,4.5,"scooter",1,"No","Metropolitan","Windy","Medium",1,"Y",15
11,"Buffet ",33,18,4.8,"motorcycle",1,"No","Urban","Fog","Low",1,"Y",10
38,"Drinks ",27,17,4.8,"motorcycle",0,"No","Urban","Sandstorms","Low",1,"N",10
25,"Meal ",29,23,4.7,"motorcycle",1,"No","Urban","Stormy","High ",1,"Y",5
25,"Meal ",33,15,4.6,"scooter",2,"No","Metropolitan","Sandstorms","Jam ",0,"N",15
17,"Snack ",35,12,4.7,"electric_scooter",0,"No","Metropolitan","Sunny","Low ",1,"Y",5
13,"Meal ",35,21,4.8,"scooter",1,"No","Semi-Urban","Fog","Medium",0,"N",5
17,"Snack ",38,23,4.6,"motorcycle",0,"No","Metropolitan","Sandstorms","High ",0,"Y",5
30,"Buffet ",36,17,4.9,"electric_scooter",1,"No","Urban","Fog","Jam",1,"Y",5
49,"Buffet ",26,14,5,"motorcycle",0,"No","Urban","Fog","Jam ",0,"Y",10
26,"Snack ",27,12,5,"scooter",2,"No","Metropolitan","Stormy","Jam ",1,"Y",15
23,"Drinks ",38,21,4.6,"scooter",2,"No","Urban","Cloudy","High",0,"N",15
39,"Drinks ",39,4,2.8,"scooter",1,"No","Urban","Sunny","Low",2,"N",5
27,"Snack ",36,5,4.8,"scooter",2,"No","Urban","Sandstorms","Jam ",0,"N",10
23,"Drinks ",25,13,4.5,"motorcycle",1,"No","Metropolitan","Stormy","Low ",0,"N",10
21,"Drinks ",38,3,4.1,"motorcycle",0,"No","Urban","Windy","Low ",0,"Y",15
20,"Snack ",25,14,4.7,"motorcycle",1,"No","Semi-Urban","Sandstorms","Jam ",0,"Y",10
29,"Meal ",29,7,4.9,"motorcycle",1,"No","Metropolitan","Stormy","Jam ",1,"N",5
26,"Snack ",30,6,4.8,"scooter",1,"No","Semi-Urban","Stormy","Low ",1,"N",5
15,"Meal ",32,23,4.8,"electric_scooter",2,"No","Urban","Fog","Low",0,"N",30
33,"Snack ",24,2,4,"scooter",1,"No","Urban","Stormy","High",1,"N",5
38,"Meal ",35,5,4.2,"motorcycle",0,"No","Urban","Sandstorms","Medium",2,"N",5
44,"Drinks ",33,21,5,"motorcycle",0,"No","Metropolitan","Cloudy","Jam ",0,"N",10
42,"Drinks ",33,11,4.8,"motorcycle",0,"No","Semi-Urban","Cloudy","Jam ",0,"N",10
48,"Drinks ",31,12,4.7,"motorcycle",0,"Yes","Metropolitan","Fog","Jam ",1,"N",5
15,"Buffet ",36,8,4.8,"scooter",1,"No","Semi-Urban","Sandstorms","Jam ",0,"N",10
15,"Drinks ",32,17,4.7,"scooter",0,"No","Semi-Urban","Sunny","Medium",1,"Y",5
42,"Meal ",33,23,4.7,"scooter",0,"No","Urban","Fog","Jam",1,"N",5
13,"Drinks ",39,4,4.5,"electric_scooter",2,"No","Metropolitan","Stormy","Low ",1,"Y",5
28,"Drinks ",27,23,5,"motorcycle",1,"No","Metropolitan","Windy","Medium",1,"Y",10
15,"Drinks ",23,23,4.8,"motorcycle",1,"No","Urban","Windy","Medium",1,"Y",5
24,"Buffet ",38,16,4.4,"motorcycle",0,"No","Metropolitan","Stormy","Low ",0,"N",5
45,"Drinks ",24,19,4.4,"motorcycle",1,"No","Metropolitan","Cloudy","Jam ",2,"N",10
19,"Buffet ",37,19,4.5,"scooter",1,"No","Metropolitan","Fog","Medium",1,"N",5
28,"Buffet ",29,3,4.2,"motorcycle",0,"No","Urban","Windy","Low",1,"N",15
18,"Drinks ",28,13,4.7,"motorcycle",0,"No","Metropolitan","Cloudy","Low ",0,"N",5
39,"Buffet ",25,3,4.6,"motorcycle",0,"No","Semi-Urban","Cloudy","Medium",1,"N",10
19,"Drinks ",37,12,5,"scooter",2,"No","Urban","Sunny","High ",1,"N",10
29,"Snack ",23,1,4.7,"motorcycle",2,"No","Metropolitan","Stormy","Low ",1,"N",10
49,"Buffet ",23,18,4.8,"motorcycle",0,"No","Metropolitan","Windy","High ",2,"N",10
23,"Meal ",25,23,5,"scooter",0,"No","Metropolitan","Stormy","High ",0,"N",10
35,"Snack ",36,6,4.2,"scooter",2,"No","Metropolitan","Sandstorms","High ",1,"N",15
35,"Snack ",37,14,4.4,"scooter",1,"No","Urban","Fog","Jam ",0,"N",10
18,"Drinks ",31,11,4.7,"motorcycle",0,"No","Metropolitan","Sunny","Medium",1,"Y",10
27,"Buffet ",34,5,4.5,"motorcycle",1,"No","Urban","Windy","Medium",1,"N",15
33,"Meal ",39,6,4.1,"motorcycle",1,"No","Urban","Stormy","Medium",1,"Y",5
18,"Drinks ",38,15,4.9,"scooter",1,"No","Metropolitan","Sunny","Medium",1,"N",10
11,"Snack ",35,3,5,"electric_scooter",2,"No","Urban","Stormy","Jam ",0,"N",15
33,"Drinks ",21,3,4.9,"motorcycle",0,"No","Urban","Sandstorms","Jam ",0,"Y",5
30,"Snack ",33,23,5,"motorcycle",1,"No","Metropolitan","Sunny","Low ",1,"N",10
12,"Meal ",20,6,4.8,"electric_scooter",1,"No","Semi-Urban","Sandstorms","Low ",1,"N",10
23,"Meal ",22,3,4.5,"scooter",1,"No","Urban","Stormy","Jam ",1,"N",10
27,"Drinks ",37,21,4.9,"scooter",2,"No","Urban","Windy","Low",1,"N",15
48,"Snack ",29,8,4.7,"motorcycle",0,"No","Metropolitan","Cloudy","Jam ",1,"N",10
49,"Buffet ",39,16,4.6,"scooter",0,"No","Urban","Fog","Jam",0,"N",15
25,"Drinks ",23,12,4.7,"motorcycle",0,"No","Metropolitan","Fog","Jam ",1,"N",5
40,"Snack ",22,22,4.5,"motorcycle",0,"No","Metropolitan","Fog","Medium",2,"N",10
41,"Buffet ",29,17,4.8,"motorcycle",0,"No","Urban","Fog","Jam",0,"Y",5
24,"Snack ",20,9,4.7,"motorcycle",1,"No","Metropolitan","Stormy","Jam ",0,"N",5
38,"Drinks ",31,19,4.3,"motorcycle",0,"No","Metropolitan","Sandstorms","High ",0,"N",15
19,"Drinks ",22,23,4.9,"scooter",2,"No","Metropolitan","Fog","Medium",0,"N",5
19,"Buffet ",31,14,4.6,"motorcycle",1,"No","Metropolitan","Sunny","Jam ",0,"Y",15
12,"Buffet ",23,18,4.8,"electric_scooter",1,"No","Metropolitan","Sandstorms","Low ",1,"N",5
34,"Snack ",21,12,4.6,"scooter",0,"No","Urban","Sunny","Medium",1,"Y",15
18,"Meal ",24,23,4.9,"motorcycle",2,"No","Semi-Urban","Windy","Low ",0,"N",10
29,"Meal ",23,5,4.9,"scooter",2,"No","Metropolitan","Sandstorms","Jam ",1,"N",5
22,"Meal ",26,23,4.6,"motorcycle",0,"No","Semi-Urban","Cloudy","Low ",1,"Y",10
22,"Snack ",32,16,4.6,"electric_scooter",0,"No","Metropolitan","Cloudy","Medium",1,"N",5
43,"Meal ",22,19,4.9,"electric_scooter",0,"No","Urban","Cloudy","Jam",0,"Y",5
37,"Drinks ",23,19,4.3,"scooter",1,"No","Metropolitan","Fog","High ",1,"N",5
29,"Drinks ",26,23,4.6,"scooter",2,"No","Metropolitan","Windy","Low ",0,"N",15
27,"Meal ",22,23,4.6,"motorcycle",1,"No","Metropolitan","Stormy","Medium",1,"N",5
26,"Buffet ",32,9,4.6,"motorcycle",2,"No","Urban","Stormy","Low ",1,"N",10
11,"Buffet ",36,17,4.6,"motorcycle",1,"No","Urban","Stormy","Low",0,"Y",15
21,"Buffet ",33,7,4.7,"motorcycle",0,"No","Metropolitan","Stormy","Jam ",0,"N",5
37,"Drinks ",22,2,4.1,"motorcycle",0,"No","Metropolitan","Sandstorms","Medium",0,"N",10
34,"Meal ",29,6,4.2,"motorcycle",0,"No","Urban","Sandstorms","Low ",0,"Y",5
16,"Meal ",21,3,4.8,"scooter",2,"No","Metropolitan","Stormy","Low",1,"N",15
18,"Buffet ",37,3,4.7,"scooter",2,"No","Metropolitan","Fog","Medium",0,"N",15
19,"Buffet ",28,17,4.6,"scooter",0,"No","Urban","Sandstorms","High",1,"N",15
16,"Snack ",36,5,4.7,"scooter",1,"No","Metropolitan","Fog","Low ",1,"N",15
16,"Drinks ",33,19,4.7,"scooter",1,"No","Urban","Windy","Low ",0,"N",15
48,"Meal ",22,13,4.1,"scooter",0,"No","Metropolitan","Windy","Medium",2,"Y",10
28,"Meal ",33,12,4.7,"scooter",2,"No","Urban","Windy","High ",1,"Y",5
27,"Buffet ",34,22,4.6,"motorcycle",0,"No","Metropolitan","Cloudy","Medium",1,"N",5
24,"Buffet ",26,18,4.6,"motorcycle",0,"No","Semi-Urban","Cloudy","Low",0,"Y",15
18,"Drinks ",20,2,4.5,"motorcycle",2,"No","Semi-Urban","Fog","Medium",1,"N",5
28,"Drinks ",29,22,4.9,"motorcycle",2,"No","Urban","Stormy","Jam",1,"N",15
15,"Buffet ",26,23,4.7,"motorcycle",1,"No","Urban","Sandstorms","Jam",1,"N",10
30,"Buffet ",25,17,4.8,"motorcycle",1,"No","Urban","Windy","Jam ",1,"Y",10
33,"Drinks ",24,3,4.2,"scooter",0,"No","Urban","Fog","High",2,"N",15
38,"Buffet ",34,19,4.6,"motorcycle",0,"No","Metropolitan","Sunny","Medium",0,"N",5
38,"Drinks ",23,8,4.6,"motorcycle",0,"No","Urban","Stormy","Jam ",1,"N",10
19,"Meal ",34,18,4.6,"motorcycle",1,"No","Urban","Sunny","Medium",1,"N",10
26,"Drinks ",28,16,4.6,"scooter",2,"No","Urban","Stormy","Jam",0,"N",15
28,"Meal ",26,5,4.6,"motorcycle",2,"No","Metropolitan","Windy","Medium",1,"N",5
41,"Drinks ",20,21,4.3,"motorcycle",2,"No","Metropolitan","Fog","Jam ",1,"Y",5
36,"Meal ",39,14,4.8,"motorcycle",0,"No","Metropolitan","Stormy","Medium",1,"N",15
32,"Snack ",30,18,4.6,"motorcycle",1,"No","Metropolitan","Sunny","Medium",1,"Y",15
17,"Meal ",30,15,4.7,"motorcycle",2,"No","Urban","Windy","Low",1,"Y",10
25,"Buffet ",38,16,4.7,"motorcycle",1,"No","Urban","Fog","High",0,"N",15
31,"Meal ",27,9,4.4,"electric_scooter",2,"No","Metropolitan","Stormy","Medium",0,"Y",5
11,"Buffet ",22,17,4.7,"electric_scooter",1,"No","Metropolitan","Cloudy","Medium",1,"N",10
16,"Buffet ",22,23,4.8,"scooter",2,"No","Urban","Stormy","Low ",1,"N",5
21,"Meal ",22,21,4.7,"scooter",2,"No","Urban","Sunny","Low",1,"N",5
10,"Meal ",32,19,4.8,"motorcycle",2,"No","Semi-Urban","Sandstorms","Low ",1,"N",5
21,"Drinks ",27,4,4.5,"electric_scooter",1,"No","Metropolitan","Sandstorms","Jam ",1,"N",5
24,"Drinks ",36,23,4.6,"scooter",2,"No","Semi-Urban","Windy","Low ",0,"N",15
25,"Buffet ",22,18,4.8,"motorcycle",2,"No","Metropolitan","Cloudy","Low ",0,"N",10
38,"Buffet ",26,15,5,"scooter",2,"No","Metropolitan","Fog","Jam ",2,"N",5
20,"Drinks ",29,7,4.7,"motorcycle",0,"No","Metropolitan","Stormy","Medium",1,"N",15
19,"Drinks ",25,16,4.7,"scooter",1,"No","Urban","Stormy","Low",0,"N",10
49,"Snack ",30,7,4.9,"motorcycle",0,"No","Urban","Windy","High ",1,"N",10
37,"Snack ",35,11,4.2,"scooter",0,"No","Metropolitan","Stormy","High ",1,"N",5
32,"Buffet ",20,9,4.5,"motorcycle",1,"No","Metropolitan","Windy","Jam ",1,"N",5
26,"Meal ",26,23,4.8,"motorcycle",0,"No","Metropolitan","Sandstorms","Low ",1,"N",25
31,"Meal ",33,13,4.9,"motorcycle",2,"No","Metropolitan","Cloudy","Jam ",1,"N",5
16,"Buffet ",23,18,4.6,"scooter",1,"No","Metropolitan","Stormy","Jam ",1,"N",5
19,"Meal ",20,18,4.8,"electric_scooter",2,"No","Metropolitan","Sunny","Jam",0,"N",15
36,"Buffet ",20,9,3.5,"motorcycle",1,"No","Metropolitan","Sunny","Low ",0,"N",10
11,"Buffet ",24,18,5,"scooter",2,"No","Urban","Stormy","Jam",0,"N",10
34,"Buffet ",23,13,4,"scooter",2,"No","Semi-Urban","Cloudy","Medium",0,"N",15
12,"Meal ",20,17,5,"scooter",1,"No","Metropolitan","Sandstorms","Low",0,"N",5
31,"Drinks ",28,3,4.3,"motorcycle",0,"No","Urban","Sandstorms","Jam",0,"N",15
15,"Buffet ",31,12,4.8,"electric_scooter",1,"No","Urban","Sunny","Low ",1,"Y",10
31,"Drinks ",21,9,4.9,"scooter",1,"No","Metropolitan","Fog","Jam ",0,"Y",10
32,"Buffet ",24,19,4.5,"scooter",1,"No","Metropolitan","Sandstorms","Medium",1,"Y",15
47,"Meal ",34,3,4.2,"motorcycle",0,"No","Metropolitan","Stormy","Medium",1,"Y",10
38,"Snack ",32,8,3.5,"motorcycle",1,"No","Metropolitan","Stormy","Medium",1,"N",15
31,"Meal ",22,22,5,"motorcycle",1,"No","Metropolitan","Windy","High ",1,"N",5
21,"Meal ",26,19,4.6,"motorcycle",2,"No","Urban","Sunny","Medium",0,"N",15
17,"Buffet ",33,21,4.8,"scooter",1,"No","Metropolitan","Stormy","Low ",1,"N",15
29,"Meal ",29,16,4.7,"electric_scooter",2,"No","Urban","Windy","Jam ",1,"N",10
27,"Snack ",34,23,5,"scooter",1,"No","Semi-Urban","Windy","Low ",1,"Y",5
31,"Drinks ",37,9,4.8,"motorcycle",0,"No","Metropolitan","Sandstorms","Medium",0,"N",15
15,"Drinks ",21,23,4.7,"motorcycle",2,"No","Urban","Cloudy","Medium",1,"Y",15
18,"Drinks ",38,16,4.9,"scooter",1,"No","Metropolitan","Sandstorms","Low ",1,"Y",5
17,"Snack ",28,9,4.9,"scooter",1,"No","Metropolitan","Windy","Low ",1,"N",5
29,"Drinks ",36,17,4.6,"scooter",1,"No","Semi-Urban","Stormy","Low",0,"N",5
44,"Buffet ",39,9,4.1,"electric_scooter",2,"No","Semi-Urban","Windy","Jam ",1,"Y",15
18,"Buffet ",20,23,4.8,"electric_scooter",2,"No","Urban","Sunny","Medium",1,"N",5
10,"Buffet ",36,8,4.6,"electric_scooter",2,"No","Semi-Urban","Stormy","Low ",0,"N",10
20,"Drinks ",22,21,4.8,"scooter",1,"No","Metropolitan","Fog","Low ",0,"N",5
28,"Meal ",32,8,4.8,"motorcycle",1,"No","Metropolitan","Fog","Jam ",1,"N",10
21,"Drinks ",34,23,4.9,"motorcycle",1,"No","Urban","Stormy","Jam",1,"N",5
34,"Buffet ",37,11,3.7,"scooter",2,"No","Metropolitan","Windy","Medium",1,"N",5
30,"Buffet ",39,23,4.6,"electric_scooter",0,"No","Urban","Sunny","Medium",1,"Y",15
28,"Meal ",35,12,4.8,"motorcycle",0,"No","Metropolitan","Sunny","Medium",1,"N",5
18,"Meal ",29,8,4.6,"motorcycle",2,"No","Metropolitan","Cloudy","Low ",0,"N",25
30,"Buffet ",37,16,4.7,"motorcycle",1,"No","Semi-Urban","Stormy","High ",1,"N",5
31,"Snack ",35,2,4.2,"electric_scooter",0,"No","Urban","Fog","High ",1,"N",15
28,"Buffet ",36,19,4.6,"motorcycle",0,"No","Urban","Cloudy","Jam",1,"N",5
47,"Drinks ",37,5,4.8,"scooter",0,"No","Metropolitan","Stormy","Jam ",0,"N",15
16,"Buffet ",34,15,4.9,"scooter",2,"No","Metropolitan","Fog","Medium",0,"Y",15
39,"Snack ",36,23,4.5,"motorcycle",0,"No","Urban","Fog","Medium",1,"Y",5
28,"Snack ",23,5,4.2,"scooter",0,"No","Metropolitan","Sandstorms","Low",1,"N",5
34,"Buffet ",30,5,4.2,"scooter",1,"No","Semi-Urban","Fog","Medium",1,"Y",5
42,"Snack ",25,3,4.2,"motorcycle",2,"No","Metropolitan","Stormy","Jam ",0,"N",15
21,"Snack ",31,9,4.6,"electric_scooter",1,"No","Semi-Urban","Stormy","Low ",1,"N",5
37,"Drinks ",29,3,4.5,"motorcycle",2,"No","Urban","Windy","Medium",1,"Y",10
12,"Snack ",26,17,4.7,"scooter",2,"No","Semi-Urban","Sunny","Jam",0,"N",5
34,"Meal ",34,4,4,"motorcycle",0,"No","Urban","Windy","Jam",2,"N",10
15,"Meal ",37,15,4.7,"motorcycle",1,"No","Urban","Fog","Medium",1,"N",5
16,"Snack ",39,2,4.5,"motorcycle",1,"No","Metropolitan","Windy","High ",1,"N",15
16,"Drinks ",29,12,4.7,"electric_scooter",1,"No","Semi-Urban","Sunny","Medium",1,"Y",5
43,"Snack ",25,3,4.1,"motorcycle",0,"No","Metropolitan","Fog","Low ",0,"N",25
20,"Meal ",33,23,4.6,"motorcycle",0,"No","Urban","Sunny","Low ",0,"N",15
37,"Drinks ",33,9,4.1,"motorcycle",1,"No","Semi-Urban","Sunny","Jam ",1,"N",5
24,"Drinks ",20,9,4.6,"electric_scooter",1,"No","Metropolitan","Windy","Low ",0,"N",15
32,"Meal ",33,7,4.4,"motorcycle",0,"No","Metropolitan","Stormy","Medium",0,"N",5
29,"Drinks ",31,12,4.9,"motorcycle",1,"No","Metropolitan","Windy","Low ",1,"N",5
26,"Meal ",39,9,4.9,"scooter",2,"No","Semi-Urban","Sandstorms","Jam ",1,"N",5
12,"Meal ",38,14,4.9,"motorcycle",1,"No","Semi-Urban","Fog","Medium",1,"N",5
16,"Snack ",20,21,4.6,"motorcycle",1,"No","Metropolitan","Sunny","Medium",1,"N",10
17,"Snack ",28,23,5,"motorcycle",1,"No","Metropolitan","Stormy","Low ",0,"N",10
54,"Snack ",32,6,4.1,"motorcycle",0,"No","Metropolitan","Windy","Jam ",3,"N",10
26,"Snack ",34,13,4.6,"scooter",2,"No","Urban","Cloudy","Low ",0,"N",20
37,"Drinks ",33,18,4.3,"motorcycle",0,"No","Metropolitan","Sunny","Jam ",1,"N",10
39,"Snack ",30,21,4.9,"electric_scooter",2,"No","Semi-Urban","Cloudy","Medium",1,"N",5
26,"Snack ",37,16,4.7,"scooter",2,"No","Urban","Stormy","Medium",1,"N",5
19,"Snack ",28,15,4.9,"scooter",1,"No","Metropolitan","Cloudy","Low ",1,"N",15
43,"Meal ",31,15,4.7,"motorcycle",0,"No","Metropolitan","Stormy","Medium",0,"Y",5
46,"Drinks ",21,6,4,"motorcycle",0,"Yes","Urban","Stormy","Jam ",0,"N",10
12,"Drinks ",37,23,4.7,"motorcycle",1,"No","Semi-Urban","Fog","Medium",0,"Y",10
17,"Buffet ",28,17,5,"scooter",2,"No","Urban","Sunny","High",0,"Y",10
39,"Snack ",39,8,4,"motorcycle",0,"No","Semi-Urban","Sandstorms","High ",1,"Y",5
32,"Meal ",20,1,4.2,"scooter",2,"No","Metropolitan","Cloudy","Medium",0,"Y",5
42,"Meal ",33,19,4.9,"motorcycle",0,"Yes","Semi-Urban","Cloudy","Jam ",2,"N",10
46,"Snack ",35,18,4.8,"electric_scooter",2,"Yes","Metropolitan","Fog","Jam ",0,"N",15
24,"Drinks ",30,19,4.6,"motorcycle",1,"No","Urban","Sunny","High ",1,"N",10
13,"Meal ",23,14,4.9,"electric_scooter",2,"No","Metropolitan","Sandstorms","Low ",1,"N",5
24,"Drinks ",27,18,4.6,"scooter",0,"No","Urban","Stormy","Low",1,"N",5
16,"Meal ",24,18,4.6,"electric_scooter",1,"No","Urban","Sunny","Jam",1,"N",10
18,"Drinks ",20,16,4.6,"motorcycle",1,"No","Metropolitan","Sunny","Medium",0,"Y",10
18,"Snack ",36,15,4.9,"scooter",2,"No","Urban","Fog","Low",1,"N",15
29,"Drinks ",23,22,4.7,"electric_scooter",2,"No","Metropolitan","Sandstorms","Low ",0,"N",10
12,"Buffet ",33,2,4.9,"electric_scooter",2,"No","Urban","Stormy","Low ",0,"N",25
21,"Buffet ",22,2,4.1,"motorcycle",0,"No","Metropolitan","Windy","Low ",0,"Y",25
19,"Buffet ",34,18,4.7,"scooter",2,"No","Urban","Sunny","Low",0,"N",10
29,"Snack ",34,22,4.8,"motorcycle",1,"No","Urban","Stormy","Low",1,"N",5
15,"Meal ",29,23,4.7,"scooter",1,"No","Urban","Sunny","Medium",1,"N",15
17,"Snack ",26,15,4.7,"motorcycle",0,"No","Urban","Fog","Low",1,"N",10
29,"Meal ",31,3,4.5,"motorcycle",0,"No","Urban","Sunny","Low",1,"N",10
21,"Snack ",33,16,4.9,"electric_scooter",2,"No","Urban","Stormy","Low",1,"Y",15
32,"Meal ",32,14,4.9,"motorcycle",0,"No","Metropolitan","Windy","High ",1,"N",15
32,"Snack ",27,15,4.7,"electric_scooter",0,"No","Metropolitan","Windy","Medium",2,"N",5
10,"Buffet ",22,22,4.7,"electric_scooter",2,"No","Metropolitan","Stormy","Low",1,"Y",15
27,"Meal ",32,22,4.9,"scooter",0,"No","Metropolitan","Stormy","Jam ",1,"N",5
25,"Buffet ",30,4,4.5,"motorcycle",1,"No","Urban","Sandstorms","Jam",1,"N",5
19,"Drinks ",37,17,4.8,"motorcycle",1,"No","Metropolitan","Stormy","Low ",1,"N",5
26,"Drinks ",23,5,4.5,"scooter",2,"No","Urban","Windy","Medium",1,"N",5
26,"Snack ",36,23,4.6,"electric_scooter",1,"No","Metropolitan","Fog","High ",1,"Y",5
22,"Buffet ",25,3,5,"motorcycle",0,"No","Urban","Fog","Low ",1,"N",5
19,"Meal ",37,7,4.1,"motorcycle",0,"No","Metropolitan","Windy","Low ",1,"Y",15
28,"Snack ",38,19,5,"motorcycle",0,"No","Urban","Sandstorms","Medium",1,"Y",10
22,"Drinks ",21,22,4,"motorcycle",0,"No","Metropolitan","Stormy","Low ",1,"N",5
43,"Meal ",27,13,4.8,"motorcycle",1,"No","Metropolitan","Cloudy","Jam ",0,"N",5
23,"Snack ",32,19,4.9,"motorcycle",1,"No","Urban","Stormy","Jam ",0,"N",15
13,"Snack ",39,21,5,"motorcycle",1,"No","Metropolitan","Fog","Medium",1,"Y",5
37,"Drinks ",28,16,4.2,"motorcycle",0,"No","Metropolitan","Sandstorms","Jam ",1,"Y",5
16,"Meal ",38,1,5,"scooter",2,"No","Metropolitan","Sandstorms","Jam ",1,"N",15
17,"Snack ",31,19,4.7,"motorcycle",0,"No","Metropolitan","Fog","Low ",1,"N",5
18,"Meal ",36,23,4.5,"scooter",2,"No","Semi-Urban","Cloudy","Medium",1,"N",5
40,"Meal ",29,10,4.1,"electric_scooter",1,"No","Urban","Stormy","Jam ",1,"N",5
34,"Snack ",22,16,4.1,"motorcycle",0,"No","Metropolitan","Stormy","Low ",1,"N",15
32,"Snack ",24,15,4.8,"motorcycle",0,"No","Metropolitan","Sandstorms","Medium",1,"N",15
25,"Drinks ",29,16,4.7,"motorcycle",0,"No","Metropolitan","Cloudy","Jam ",1,"Y",5
36,"Buffet ",29,5,5,"electric_scooter",1,"No","Urban","Fog","High ",2,"Y",10
19,"Meal ",30,19,4.6,"scooter",2,"No","Urban","Sandstorms","Low",0,"N",15
15,"Buffet ",20,19,4.9,"motorcycle",1,"No","Metropolitan","Sunny","Jam ",1,"N",5
13,"Meal ",37,16,4.7,"scooter",2,"No","Urban","Fog","Medium",1,"N",15
25,"Drinks ",35,3,4.8,"electric_scooter",2,"No","Semi-Urban","Stormy","Medium",1,"N",15
22,"Meal ",37,22,4.6,"scooter",1,"No","Urban","Sunny","Jam",0,"Y",10
26,"Drinks ",36,9,4.6,"scooter",2,"No","Semi-Urban","Fog","Low ",1,"Y",5
17,"Meal ",21,9,4.6,"motorcycle",1,"No","Urban","Sunny","Jam ",0,"N",10
30,"Buffet ",21,16,4.9,"electric_scooter",2,"No","Metropolitan","Cloudy","High ",1,"N",5
20,"Meal ",29,19,4.7,"electric_scooter",2,"No","Semi-Urban","Sunny","Low",0,"Y",10
33,"Snack ",38,14,4.8,"motorcycle",0,"No","Semi-Urban","Fog","Medium",1,"Y",10
34,"Buffet ",27,1,3.8,"electric_scooter",1,"No","Urban","Stormy","Jam",1,"Y",15
27,"Drinks ",24,19,4.9,"scooter",0,"No","Urban","Sunny","Low ",1,"Y",10
17,"Snack ",31,23,4.7,"scooter",1,"No","Metropolitan","Stormy","Low ",1,"N",20
43,"Snack ",25,23,4.8,"motorcycle",1,"No","Semi-Urban","Sunny","Jam ",2,"N",5
24,"Meal ",35,16,5,"scooter",2,"No","Urban","Stormy","Jam",1,"Y",15
46,"Snack ",31,8,4.6,"scooter",0,"Yes","Metropolitan","Fog","Jam ",2,"N",15
48,"Drinks ",30,6,4.2,"scooter",1,"No","Metropolitan","Cloudy","Jam ",0,"Y",5
22,"Drinks ",39,17,5,"electric_scooter",1,"No","Metropolitan","Sunny","Low ",1,"N",5
12,"Snack ",34,17,4.7,"motorcycle",1,"No","Metropolitan","Fog","Medium",1,"N",5
26,"Meal ",27,23,5,"motorcycle",0,"No","Semi-Urban","Sunny","Low ",1,"N",5
38,"Buffet ",35,14,5,"motorcycle",0,"No","Metropolitan","Stormy","Jam ",1,"N",5
53,"Snack ",32,2,4.5,"motorcycle",0,"No","Urban","Cloudy","Jam ",1,"N",5
40,"Drinks ",24,14,4.9,"scooter",0,"No","Metropolitan","Sunny","Jam ",1,"N",5
19,"Snack ",39,1,4.7,"scooter",1,"No","Urban","Cloudy","Medium",1,"N",5
28,"Meal ",20,7,4.9,"scooter",1,"No","Metropolitan","Fog","Medium",0,"N",5
29,"Snack ",20,12,4.5,"electric_scooter",2,"No","Metropolitan","Stormy","Medium",1,"N",15
26,"Drinks ",25,12,4.7,"scooter",1,"No","Semi-Urban","Fog","Low ",1,"N",15
18,"Snack ",34,19,4.6,"scooter",1,"No","Semi-Urban","Stormy","Medium",1,"N",15
27,"Buffet ",33,19,4.8,"scooter",2,"No","Metropolitan","Stormy","Jam ",1,"Y",10
17,"Buffet ",21,7,4.2,"scooter",0,"No","Metropolitan","Windy","Low ",1,"N",10
16,"Buffet ",36,23,4.5,"motorcycle",1,"No","Metropolitan","Fog","Low ",1,"N",15
21,"Meal ",37,6,4.5,"scooter",1,"No","Semi-Urban","Windy","Medium",1,"Y",5
38,"Snack ",23,1,4,"scooter",2,"No","Metropolitan","Cloudy","Jam ",1,"N",5
21,"Meal ",22,17,4.8,"scooter",1,"No","Metropolitan","Sunny","Medium",1,"Y",5
13,"Buffet ",30,7,4.9,"scooter",2,"No","Metropolitan","Stormy","Low ",0,"N",10
17,"Meal ",21,23,5,"electric_scooter",1,"No","Urban","Windy","Low ",0,"N",5
31,"Buffet ",34,16,4.3,"motorcycle",0,"No","Metropolitan","Stormy","Jam ",0,"N",10
32,"Buffet ",22,1,3.8,"electric_scooter",1,"No","Metropolitan","Sandstorms","Medium",1,"N",15
23,"Snack ",21,5,4.9,"motorcycle",0,"No","Metropolitan","Stormy","Medium",0,"N",10
16,"Meal ",32,21,4.9,"scooter",2,"No","Urban","Fog","Low ",0,"N",15
29,"Meal ",25,3,4.9,"scooter",2,"No","Metropolitan","Stormy","High ",1,"N",10
28,"Meal ",35,22,5,"motorcycle",1,"No","Metropolitan","Windy","Medium",0,"N",10
22,"Buffet ",30,22,5,"electric_scooter",1,"No","Urban","Windy","Medium",0,"N",10
25,"Snack ",26,3,5,"motorcycle",1,"No","Urban","Sandstorms","Medium",0,"N",10
21,"Drinks ",35,21,4.6,"motorcycle",0,"No","Semi-Urban","Sunny","Low",1,"N",5
48,"Meal ",29,5,4.4,"motorcycle",0,"No","Semi-Urban","Sunny","Jam",3,"N",10
18,"Buffet ",30,18,4.8,"motorcycle",0,"No","Urban","Stormy","Medium",0,"N",10
29,"Snack ",25,22,4.9,"scooter",2,"No","Metropolitan","Stormy","Low",1,"N",5
27,"Drinks ",25,23,4.9,"motorcycle",2,"No","Urban","Fog","Low",1,"N",5
26,"Meal ",39,9,4.9,"scooter",2,"No","Metropolitan","Stormy","Medium",1,"N",10
30,"Buffet ",28,12,4.8,"scooter",2,"No","Metropolitan","Stormy","Medium",1,"N",15
14,"Snack ",30,3,4.5,"electric_scooter",2,"No","Metropolitan","Sandstorms","Low ",1,"N",10
30,"Buffet ",30,19,4.6,"motorcycle",1,"No","Metropolitan","Stormy","Medium",1,"N",10
32,"Buffet ",31,9,4.9,"motorcycle",1,"No","Metropolitan","Fog","Jam ",1,"N",5
38,"Drinks ",31,11,4,"electric_scooter",1,"No","Metropolitan","Cloudy","High ",1,"N",5
28,"Meal ",31,21,4.9,"electric_scooter",2,"No","Metropolitan","Sandstorms","Jam ",1,"N",15
32,"Buffet ",25,5,4.4,"electric_scooter",2,"No","Urban","Sandstorms","Medium",1,"N",5
11,"Snack ",35,9,4.7,"scooter",2,"No","Metropolitan","Stormy","Low ",0,"N",15
37,"Meal ",29,12,4.9,"motorcycle",0,"No","Metropolitan","Windy","Jam ",1,"N",5
26,"Meal ",37,13,4.8,"motorcycle",1,"No","Metropolitan","Fog","Jam ",1,"N",5
49,"Meal ",39,6,3.7,"scooter",0,"No","Semi-Urban","Sunny","Jam ",1,"Y",10
20,"Snack ",39,16,4.1,"motorcycle",0,"No","Urban","Stormy","Low ",1,"N",15
29,"Meal ",24,19,4.8,"motorcycle",0,"No","Semi-Urban","Sandstorms","Medium",1,"Y",5
17,"Snack ",24,18,4.7,"motorcycle",1,"No","Urban","Fog","Low",1,"N",15
14,"Buffet ",21,8,4.8,"scooter",1,"No","Metropolitan","Stormy","Low ",1,"N",5
51,"Buffet ",30,17,4.6,"scooter",0,"No","Metropolitan","Cloudy","Jam ",2,"N",10
31,"Snack ",22,5,4.8,"motorcycle",1,"No","Metropolitan","Fog","Medium",1,"N",5
20,"Snack ",21,19,4.9,"motorcycle",0,"No","Urban","Stormy","High",1,"N",10
42,"Buffet ",39,5,4.6,"electric_scooter",0,"No","Metropolitan","Sandstorms","Jam ",2,"N",15
24,"Meal ",30,5,4.5,"scooter",1,"No","Urban","Windy","Medium",1,"N",15
21,"Drinks ",34,18,4.8,"motorcycle",2,"No","Semi-Urban","Sandstorms","Low",0,"Y",20
36,"Buffet ",24,4,4.1,"scooter",2,"No","Urban","Fog","Jam ",1,"Y",15
23,"Meal ",22,21,4.5,"scooter",1,"No","Semi-Urban","Stormy","Jam ",1,"N",5
26,"Meal ",34,16,4.7,"motorcycle",1,"No","Metropolitan","Windy","Jam ",1,"N",15
24,"Snack ",20,18,4.7,"motorcycle",1,"No","Metropolitan","Stormy","Low ",1,"N",5
23,"Snack ",39,21,4.9,"motorcycle",0,"No","Semi-Urban","Sunny","Low",0,"N",20
27,"Snack ",28,18,4.9,"motorcycle",0,"No","Urban","Stormy","Low",1,"Y",5
18,"Meal ",28,2,4.7,"electric_scooter",1,"No","Metropolitan","Sandstorms","Low ",1,"N",10
25,"Snack ",28,4,4.6,"motorcycle",1,"No","Urban","Stormy","Low ",1,"Y",5
36,"Drinks ",27,2,4.2,"electric_scooter",0,"No","Semi-Urban","Windy","Medium",0,"N",10
23,"Buffet ",24,4,4.5,"electric_scooter",1,"No","Metropolitan","Stormy","Low ",1,"N",5
39,"Meal ",33,9,5,"motorcycle",1,"No","Metropolitan","Fog","Medium",1,"Y",5
40,"Meal ",26,23,4.7,"electric_scooter",2,"No","Urban","Cloudy","Jam",2,"N",15
17,"Meal ",23,18,4.6,"scooter",2,"No","Semi-Urban","Sunny","Medium",1,"Y",15
33,"Buffet ",23,9,4.6,"electric_scooter",2,"No","Metropolitan","Fog","Jam ",1,"N",5
23,"Meal ",39,23,4.8,"motorcycle",0,"No","Urban","Sandstorms","Low ",1,"N",10
35,"Drinks ",32,2,4.1,"motorcycle",0,"No","Metropolitan","Stormy","Medium",1,"N",5
46,"Meal ",38,9,4.1,"scooter",2,"No","Metropolitan","Fog","Jam ",1,"N",10
29,"Snack ",20,15,4.6,"electric_scooter",1,"No","Urban","Stormy","Jam",1,"N",15
15,"Snack ",27,16,4.8,"motorcycle",1,"No","Metropolitan","Sandstorms","Jam ",0,"Y",10
16,"Snack ",33,18,4.6,"scooter",2,"No","Metropolitan","Fog","Medium",1,"N",10
16,"Drinks ",30,13,4.9,"electric_scooter",2,"No","Metropolitan","Sunny","Low ",0,"N",15
29,"Meal ",38,8,4.9,"motorcycle",1,"No","Semi-Urban","Sunny","Low ",1,"N",5
17,"Snack ",31,13,4.6,"scooter",2,"No","Metropolitan","Sunny","Medium",0,"N",15
49,"Meal ",22,9,4.5,"motorcycle",0,"No","Semi-Urban","Fog","Jam ",1,"Y",15
40,"Meal ",37,12,3.8,"motorcycle",2,"No","Metropolitan","Windy","Jam ",1,"Y",10
31,"Snack ",21,6,4.4,"scooter",0,"No","Metropolitan","Cloudy","Medium",0,"N",10
28,"Meal ",33,9,5,"scooter",2,"No","Semi-Urban","Sandstorms","Jam ",1,"N",10
25,"Meal ",33,15,4.6,"electric_scooter",1,"No","Urban","Cloudy","High",1,"Y",15
23,"Buffet ",28,23,4.5,"scooter",1,"No","Urban","Sunny","Jam ",0,"N",5
42,"Meal ",24,13,4.8,"motorcycle",2,"No","Semi-Urban","Fog","Jam ",1,"N",15
28,"Buffet ",39,18,4.8,"motorcycle",0,"No","Metropolitan","Sunny","Jam ",1,"N",10
23,"Snack ",37,16,4.9,"electric_scooter",2,"No","Urban","Stormy","Medium",1,"N",15
39,"Drinks ",20,21,4.9,"scooter",1,"No","Metropolitan","Fog","Medium",1,"Y",15
27,"Meal ",29,16,4.8,"scooter",0,"No","Metropolitan","Sandstorms","Jam ",1,"N",5
24,"Snack ",35,8,4.7,"electric_scooter",2,"No","Urban","Sandstorms","Medium",1,"N",15
25,"Meal ",37,21,4.7,"electric_scooter",1,"No","Metropolitan","Windy","Jam ",0,"N",10
23,"Snack ",22,23,4.8,"motorcycle",0,"No","Urban","Sunny","Low",1,"N",15
22,"Buffet ",31,18,4.9,"motorcycle",0,"No","Urban","Sandstorms","Low",1,"Y",15
20,"Buffet ",32,16,4.5,"motorcycle",2,"No","Metropolitan","Stormy","Low ",0,"Y",15
16,"Snack ",28,2,4.6,"electric_scooter",1,"No","Urban","Sunny","Medium",0,"Y",5
17,"Buffet ",33,15,4.8,"electric_scooter",1,"No","Metropolitan","Stormy","Medium",0,"N",10
13,"Snack ",32,12,5,"scooter",1,"No","Metropolitan","Sandstorms","Low ",0,"N",25
19,"Buffet ",32,9,4.7,"motorcycle",0,"No","Metropolitan","Sunny","Low ",0,"N",5
30,"Buffet ",23,16,4.8,"motorcycle",0,"No","Metropolitan","Stormy","Jam ",0,"N",15
15,"Buffet ",25,22,4.9,"electric_scooter",2,"No","Urban","Windy","Low ",1,"N",10
23,"Snack ",33,23,4.7,"electric_scooter",0,"No","Metropolitan","Sunny","Low ",1,"N",15
20,"Buffet ",26,18,4.7,"scooter",2,"No","Metropolitan","Sandstorms","Low ",0,"N",10
16,"Snack ",33,15,4.9,"motorcycle",1,"No","Metropolitan","Fog","Medium",1,"N",10
37,"Drinks ",37,5,4.2,"motorcycle",0,"No","Metropolitan","Fog","Jam ",1,"Y",10
17,"Drinks ",25,22,4.5,"motorcycle",0,"No","Metropolitan","Cloudy","Low ",1,"N",5
19,"Snack ",25,22,4.6,"scooter",2,"No","Urban","Cloudy","Medium",0,"Y",10
29,"Snack ",27,3,4.6,"scooter",1,"No","Metropolitan","Windy","Jam ",0,"N",15
30,"Drinks ",38,17,4.7,"motorcycle",0,"No","Metropolitan","Cloudy","High ",1,"N",5
15,"Drinks ",31,2,4.5,"electric_scooter",1,"No","Urban","Sandstorms","Low",0,"N",10
28,"Buffet ",28,23,4.6,"scooter",2,"No","Metropolitan","Stormy","High",1,"N",15
26,"Snack ",23,16,4.8,"electric_scooter",2,"No","Semi-Urban","Windy","Jam ",1,"N",15
35,"Drinks ",28,8,4.3,"scooter",0,"No","Metropolitan","Windy","Medium",1,"N",5
27,"Buffet ",20,19,4.9,"electric_scooter",2,"No","Metropolitan","Stormy","High ",1,"N",5
25,"Buffet ",22,1,4.5,"motorcycle",1,"No","Urban","Stormy","Medium",1,"Y",15
32,"Drinks ",29,9,4.3,"motorcycle",2,"No","Semi-Urban","Windy","High ",1,"N",15
32,"Snack ",24,15,4.8,"motorcycle",0,"No","Metropolitan","Sandstorms","Medium",1,"N",15
29,"Snack ",23,18,4.7,"scooter",2,"No","Semi-Urban","Windy","Low ",1,"N",15
29,"Meal ",34,4,4.9,"motorcycle",0,"No","Metropolitan","Stormy","Jam ",1,"N",10
18,"Drinks ",35,5,4.8,"scooter",2,"No","Urban","Sandstorms","Low ",0,"N",15
18,"Drinks ",38,22,4.9,"motorcycle",2,"No","Urban","Fog","Medium",0,"Y",15
36,"Snack ",39,15,4.7,"motorcycle",1,"No","Semi-Urban","Fog","Jam ",1,"Y",5
42,"Buffet ",27,5,3.3,"scooter",1,"No","Urban","Sunny","Low ",1,"N",10
27,"Snack ",22,22,4.9,"scooter",1,"No","Metropolitan","Windy","Medium",1,"N",15
49,"Meal ",26,21,4.8,"motorcycle",0,"No","Metropolitan","Fog","Medium",1,"N",10
31,"Drinks ",21,17,3.7,"electric_scooter",2,"No","Semi-Urban","Sunny","Jam ",1,"N",15
32,"Meal ",27,9,4.6,"electric_scooter",2,"No","Metropolitan","Windy","Jam ",2,"N",10
15,"Drinks ",26,19,4.6,"scooter",1,"No","Metropolitan","Sunny","Jam ",1,"N",10
44,"Snack ",30,11,4,"motorcycle",2,"No","Metropolitan","Fog","Jam ",2,"Y",10
31,"Meal ",22,21,4.1,"motorcycle",1,"No","Metropolitan","Sunny","Jam ",0,"N",5
15,"Drinks ",31,2,4.5,"electric_scooter",1,"No","Urban","Sandstorms","Low",0,"N",10
19,"Drinks ",38,16,5,"motorcycle",0,"No","Metropolitan","Sunny","Low ",0,"Y",5
26,"Snack ",36,8,4.7,"electric_scooter",2,"No","Semi-Urban","Fog","High ",1,"N",5
29,"Meal ",20,14,5,"electric_scooter",0,"No","Metropolitan","Sunny","Jam ",1,"Y",10
30,"Snack ",33,12,4.8,"motorcycle",1,"No","Metropolitan","Sandstorms","Jam ",0,"N",10
26,"Drinks ",33,21,5,"scooter",1,"No","Semi-Urban","Stormy","Jam",1,"N",10
22,"Buffet ",30,23,4.7,"motorcycle",2,"No","Urban","Sandstorms","Low",0,"N",10
20,"Buffet ",37,19,5,"motorcycle",1,"No","Metropolitan","Sunny","Low ",1,"Y",15
29,"Drinks ",38,6,4.9,"scooter",0,"No","Metropolitan","Sunny","Medium",1,"N",5
27,"Buffet ",36,19,5,"scooter",2,"No","Metropolitan","Windy","High ",1,"N",10
23,"Buffet ",39,17,5,"motorcycle",2,"No","Semi-Urban","Sandstorms","Medium",1,"N",10
42,"Snack ",26,8,4.2,"motorcycle",1,"Yes","Semi-Urban","Stormy","Medium",2,"Y",15
23,"Meal ",26,13,4.8,"scooter",1,"No","Metropolitan","Sandstorms","Low ",1,"N",10
34,"Meal ",30,19,5,"electric_scooter",1,"No","Metropolitan","Stormy","Jam ",1,"N",15
18,"Meal ",38,14,4.6,"scooter",2,"No","Urban","Sandstorms","Low ",0,"Y",5
17,"Snack ",33,17,4.7,"electric_scooter",2,"No","Semi-Urban","Stormy","Low ",1,"N",20
32,"Snack ",26,3,4,"motorcycle",0,"No","Urban","Fog","Medium",2,"N",15
15,"Meal ",24,17,4.8,"electric_scooter",1,"No","Metropolitan","Sandstorms","Low ",0,"Y",10
24,"Buffet ",38,22,4.7,"scooter",0,"No","Urban","Sunny","Low ",1,"N",15
53,"Snack ",33,23,4.7,"motorcycle",0,"No","Metropolitan","Stormy","Jam ",0,"Y",10
26,"Drinks ",33,23,4.7,"motorcycle",0,"No","Urban","Sunny","Jam ",0,"N",5
28,"Meal ",38,14,4.8,"motorcycle",1,"No","Metropolitan","Sandstorms","High ",1,"N",10
41,"Drinks ",23,2,4,"scooter",1,"No","Metropolitan","Fog","Jam ",2,"N",5
10,"Buffet ",24,15,4.9,"motorcycle",2,"No","Urban","Sandstorms","Low",1,"N",5
24,"Drinks ",38,13,5,"motorcycle",0,"No","Metropolitan","Windy","Low ",1,"Y",5
38,"Snack ",36,17,4.3,"motorcycle",1,"No","Metropolitan","Stormy","Medium",2,"N",15
39,"Snack ",23,4,5,"scooter",0,"No","Metropolitan","Sandstorms","Medium",1,"N",5
20,"Meal ",31,16,4.6,"motorcycle",1,"No","Urban","Sandstorms","Jam ",0,"N",10
27,"Buffet ",29,15,4.9,"motorcycle",0,"No","Metropolitan","Sandstorms","Medium",1,"Y",15
30,"Snack ",28,6,4.6,"scooter",2,"No","Urban","Windy","Jam ",1,"N",10
23,"Drinks ",36,17,4.6,"motorcycle",0,"No","Urban","Sunny","Low",1,"N",5
25,"Snack ",31,16,4.8,"electric_scooter",1,"No","Metropolitan","Cloudy","Low ",1,"N",15
51,"Snack ",24,9,4.7,"motorcycle",0,"No","Semi-Urban","Cloudy","Jam ",1,"Y",10
34,"Snack ",39,6,4.4,"motorcycle",1,"No","Urban","Fog","Medium",2,"N",15
18,"Meal ",39,17,4.7,"scooter",1,"No","Metropolitan","Sunny","Low ",0,"N",5
35,"Drinks ",36,13,4.2,"motorcycle",2,"No","Metropolitan","Stormy","Jam ",1,"N",10
39,"Snack ",34,1,4.4,"electric_scooter",0,"No","Urban","Cloudy","Low ",0,"N",5
29,"Meal ",25,15,5,"scooter",1,"No","Urban","Stormy","Low",1,"Y",10
20,"Buffet ",22,23,4.7,"scooter",2,"No","Metropolitan","Sandstorms","Low ",1,"N",5
17,"Buffet ",35,16,4.9,"scooter",2,"No","Metropolitan","Sandstorms","Low ",1,"N",15
40,"Snack ",33,19,4.5,"motorcycle",0,"No","Metropolitan","Fog","Jam ",1,"Y",5
16,"Drinks ",28,16,5,"motorcycle",1,"No","Urban","Windy","Low ",0,"N",15
27,"Meal ",37,19,4.7,"motorcycle",0,"No","Urban","Fog","High ",1,"Y",5
38,"Meal ",39,1,4.1,"electric_scooter",2,"No","Urban","Stormy","Low",1,"Y",15
11,"Drinks ",36,9,4.8,"electric_scooter",0,"No","Metropolitan","Sunny","Low ",0,"Y",15
21,"Buffet ",25,18,4.4,"motorcycle",0,"No","Metropolitan","Sandstorms","Low ",1,"N",15
28,"Drinks ",30,21,4.8,"electric_scooter",1,"No","Urban","Stormy","Medium",1,"N",15
30,"Buffet ",27,7,4.7,"electric_scooter",2,"No","Metropolitan","Stormy","Medium",1,"N",15
26,"Drinks ",36,1,4.5,"scooter",1,"No","Urban","Stormy","Jam",1,"N",5
23,"Drinks ",30,17,4.8,"scooter",1,"No","Metropolitan","Sunny","Low ",1,"Y",15
18,"Meal ",28,23,4.6,"motorcycle",2,"No","Metropolitan","Sunny","Medium",0,"N",5
20,"Drinks ",37,17,4.6,"scooter",2,"No","Metropolitan","Sandstorms","Low ",0,"N",10
22,"Snack ",21,2,4,"motorcycle",0,"No","Metropolitan","Sandstorms","Low ",1,"Y",15
24,"Meal ",25,21,4.8,"scooter",0,"No","Urban","Sunny","Low",1,"Y",5
33,"Drinks ",38,12,4.8,"scooter",2,"No","Metropolitan","Fog","High ",1,"N",5
45,"Meal ",37,8,4.7,"motorcycle",2,"No","Metropolitan","Cloudy","Jam ",2,"N",15
31,"Buffet ",34,3,4.2,"scooter",0,"No","Metropolitan","Windy","Low ",1,"Y",10
20,"Snack ",24,13,4.6,"motorcycle",0,"No","Metropolitan","Sunny","Medium",0,"N",5
22,"Meal ",29,9,4.6,"scooter",1,"No","Metropolitan","Sandstorms","Medium",1,"N",15
20,"Buffet ",36,15,4.5,"scooter",1,"No","Metropolitan","Windy","Jam ",1,"N",10
23,"Snack ",32,23,4.6,"scooter",2,"No","Urban","Windy","Jam",0,"N",10
27,"Meal ",34,19,4.9,"motorcycle",1,"No","Urban","Sandstorms","Jam",1,"N",5
54,"Drinks ",37,22,4.5,"motorcycle",0,"No","Metropolitan","Sunny","Jam ",0,"N",5
24,"Buffet ",23,23,4.6,"motorcycle",0,"No","Metropolitan","Fog","Low ",1,"N",15
41,"Meal ",39,14,4,"motorcycle",0,"No","Urban","Stormy","Low ",2,"N",15
16,"Meal ",39,15,4.7,"electric_scooter",2,"No","Urban","Cloudy","Low",1,"Y",10
36,"Buffet ",28,3,4,"motorcycle",0,"No","Metropolitan","Stormy","Jam ",1,"N",10
18,"Meal ",29,23,4.9,"scooter",2,"No","Metropolitan","Stormy","Medium",1,"N",15
30,"Drinks ",21,21,4.9,"electric_scooter",2,"No","Metropolitan","Cloudy","High ",1,"N",15
48,"Buffet ",22,13,3.6,"scooter",0,"No","Metropolitan","Sunny","High ",3,"N",15
23,"Drinks ",23,23,4.7,"motorcycle",2,"No","Metropolitan","Stormy","Medium",1,"N",15
26,"Drinks ",30,6,4.5,"scooter",2,"No","Urban","Sandstorms","Medium",0,"Y",5
21,"Snack ",27,14,4.8,"motorcycle",0,"No","Urban","Windy","Jam ",0,"Y",10
18,"Meal ",27,23,4.9,"motorcycle",1,"No","Semi-Urban","Sunny","High ",0,"N",10
19,"Snack ",20,21,4.9,"electric_scooter",0,"No","Metropolitan","Windy","Low ",0,"N",15
12,"Buffet ",24,23,4.9,"scooter",1,"No","Urban","Sandstorms","Low",1,"N",10
27,"Drinks ",29,3,5,"motorcycle",0,"No","Metropolitan","Sunny","Jam ",1,"N",15
43,"Buffet ",39,3,4.6,"motorcycle",0,"No","Metropolitan","Fog","Jam ",2,"Y",5
25,"Drinks ",32,21,4.9,"motorcycle",1,"No","Semi-Urban","Sandstorms","Jam ",1,"Y",5
21,"Buffet ",34,13,4.1,"motorcycle",0,"No","Metropolitan","Windy","Low ",1,"Y",5
29,"Buffet ",38,22,5,"electric_scooter",2,"No","Urban","Stormy","High",1,"N",10
27,"Buffet ",25,14,4.7,"motorcycle",0,"No","Semi-Urban","Fog","Low ",1,"N",10
31,"Drinks ",34,5,4.1,"scooter",0,"No","Metropolitan","Sandstorms","High ",1,"N",5
21,"Buffet ",29,21,4.8,"motorcycle",0,"No","Urban","Sandstorms","Low",1,"Y",10
20,"Meal ",31,18,4.9,"electric_scooter",2,"No","Metropolitan","Sandstorms","Medium",1,"N",15
26,"Drinks ",34,19,4.9,"scooter",1,"No","Metropolitan","Sunny","Low ",0,"N",20
36,"Meal ",31,2,4.1,"electric_scooter",2,"No","Metropolitan","Windy","Jam ",1,"N",10
17,"Meal ",28,8,4.8,"electric_scooter",2,"No","Semi-Urban","Sunny","Low ",1,"Y",15
16,"Snack ",21,9,4.6,"scooter",1,"No","Urban","Stormy","Low ",1,"N",5
23,"Buffet ",23,17,4.1,"motorcycle",0,"No","Semi-Urban","Windy","Low ",1,"Y",5
30,"Drinks ",28,12,4.9,"electric_scooter",2,"No","Urban","Sunny","Jam ",1,"N",5
29,"Snack ",27,22,4.8,"motorcycle",2,"No","Urban","Windy","Medium",1,"Y",15
47,"Buffet ",20,16,4.6,"scooter",0,"Yes","Metropolitan","Sandstorms","Jam ",1,"N",15
26,"Meal ",39,22,4.9,"scooter",2,"No","Urban","Windy","Jam",0,"N",15
21,"Buffet ",39,13,4.9,"motorcycle",0,"No","Metropolitan","Sunny","High ",0,"N",15
47,"Snack ",28,3,4.9,"motorcycle",0,"No","Metropolitan","Windy","Jam ",1,"N",10
23,"Meal ",28,21,4.7,"motorcycle",0,"No","Urban","Fog","Low ",1,"N",25
49,"Buffet ",30,13,4.6,"motorcycle",0,"No","Metropolitan","Fog","Medium",1,"N",10
32,"Meal ",34,9,4.7,"scooter",2,"No","Metropolitan","Sandstorms","Jam ",1,"N",10
14,"Drinks ",30,15,4.8,"electric_scooter",1,"No","Metropolitan","Sunny","Medium",1,"N",5
25,"Buffet ",38,18,4.6,"motorcycle",1,"No","Metropolitan","Sandstorms","Medium",1,"N",5
33,"Meal ",32,4,4.1,"scooter",1,"No","Urban","Fog","Jam ",1,"N",5
31,"Buffet ",27,7,4.1,"motorcycle",0,"No","Metropolitan","Stormy","Jam ",1,"N",5
20,"Buffet ",22,17,4.7,"scooter",2,"No","Urban","Sunny","Jam",1,"N",15
32,"Drinks ",26,3,4.7,"electric_scooter",2,"No","Metropolitan","Fog","Jam ",1,"N",5
20,"Drinks ",31,3,4.5,"motorcycle",0,"No","Semi-Urban","Cloudy","High",1,"N",15
36,"Meal ",27,5,4.4,"motorcycle",1,"No","Urban","Stormy","Jam ",1,"Y",10
34,"Meal ",28,19,4.5,"electric_scooter",2,"No","Metropolitan","Sunny","Jam ",1,"N",5
39,"Drinks ",37,13,4.1,"motorcycle",0,"No","Metropolitan","Fog","Low ",1,"Y",10
23,"Meal ",39,3,5,"motorcycle",0,"No","Metropolitan","Fog","Low ",1,"N",5
38,"Buffet ",36,19,4.8,"motorcycle",0,"No","Metropolitan","Sandstorms","Jam ",0,"Y",15
27,"Drinks ",31,23,4.5,"electric_scooter",1,"No","Metropolitan","Sandstorms","Jam ",0,"N",10
34,"Buffet ",28,1,3.9,"scooter",2,"No","Urban","Stormy","Medium",1,"N",10
43,"Buffet ",21,11,4.2,"motorcycle",0,"No","Semi-Urban","Sunny","High ",1,"Y",15
27,"Snack ",20,22,4.7,"motorcycle",1,"No","Metropolitan","Sunny","Jam ",0,"N",15
27,"Snack ",22,9,4.7,"scooter",2,"No","Metropolitan","Windy","Low ",1,"N",15
24,"Snack ",20,19,4.6,"scooter",1,"No","Metropolitan","Stormy","Low ",1,"Y",15
23,"Meal ",22,6,4.5,"motorcycle",0,"No","Metropolitan","Windy","Jam ",0,"N",10
33,"Snack ",38,1,4.6,"scooter",2,"No","Semi-Urban","Fog","Medium",2,"Y",5
26,"Meal ",39,22,4.6,"scooter",1,"No","Urban","Stormy","Low ",0,"Y",15
27,"Meal ",31,16,4.7,"motorcycle",1,"No","Metropolitan","Stormy","Jam ",1,"N",15
17,"Buffet ",31,22,4.6,"scooter",1,"No","Urban","Sandstorms","Low",1,"N",25
10,"Snack ",20,5,4.5,"scooter",1,"No","Urban","Windy","Low",0,"N",10
23,"Snack ",39,17,4.3,"motorcycle",0,"No","Metropolitan","Sandstorms","Low ",0,"Y",10
18,"Drinks ",21,22,5,"scooter",2,"No","Urban","Stormy","Medium",1,"N",10
15,"Buffet ",28,17,4.7,"motorcycle",1,"No","Metropolitan","Cloudy","Medium",1,"N",10
36,"Snack ",30,18,3.8,"motorcycle",2,"No","Urban","Sandstorms","Jam ",0,"N",15
17,"Drinks ",24,23,4.9,"scooter",1,"No","Metropolitan","Cloudy","Low ",1,"N",10
25,"Snack ",34,9,4.9,"electric_scooter",1,"No","Metropolitan","Sunny","Medium",1,"N",15
25,"Drinks ",35,3,4.5,"motorcycle",0,"No","Metropolitan","Sunny","Low ",0,"Y",10
17,"Meal ",30,17,4.8,"scooter",2,"No","Urban","Stormy","Low",1,"N",15
28,"Meal ",23,3,4.5,"motorcycle",2,"No","Urban","Sandstorms","Medium",0,"N",15
48,"Buffet ",28,6,4.8,"motorcycle",0,"No","Urban","Cloudy","Jam ",3,"Y",10
29,"Snack ",23,14,4.8,"motorcycle",0,"No","Metropolitan","Cloudy","Low ",1,"N",5
21,"Drinks ",32,13,4.7,"scooter",1,"No","Metropolitan","Sunny","Jam ",1,"Y",5
30,"Buffet ",36,8,4.6,"motorcycle",0,"No","Metropolitan","Stormy","Jam ",0,"N",10
19,"Buffet ",35,18,4.9,"motorcycle",2,"No","Metropolitan","Stormy","Low ",0,"Y",5
22,"Meal ",29,13,4.9,"scooter",0,"No","Urban","Cloudy","Jam ",0,"N",15
15,"Buffet ",22,15,4.9,"electric_scooter",2,"No","Urban","Fog","Low ",0,"N",10
35,"Meal ",20,5,4.7,"scooter",1,"No","Metropolitan","Cloudy","Jam ",1,"N",10
33,"Snack ",33,9,4.4,"scooter",1,"No","Metropolitan","Sandstorms","High ",1,"Y",10
19,"Snack ",22,21,5,"scooter",2,"No","Metropolitan","Fog","Low ",0,"N",10
29,"Meal ",28,22,4.8,"scooter",1,"No","Urban","Windy","Medium",1,"N",10
16,"Buffet ",33,15,4.8,"motorcycle",1,"No","Urban","Cloudy","Low",1,"N",10
21,"Drinks ",21,3,4.5,"motorcycle",0,"No","Urban","Stormy","Low",1,"N",25
25,"Meal ",27,15,4.6,"scooter",2,"No","Metropolitan","Windy","Jam ",0,"Y",15
42,"Meal ",37,21,5,"electric_scooter",2,"No","Semi-Urban","Cloudy","Medium",2,"Y",15
23,"Snack ",38,21,4.7,"electric_scooter",2,"No","Metropolitan","Windy","High ",0,"N",10
47,"Buffet ",32,10,3.7,"motorcycle",0,"No","Urban","Sunny","High ",1,"N",5
40,"Meal ",34,2,4.2,"motorcycle",0,"No","Urban","Fog","Low ",1,"N",10
23,"Drinks ",28,22,4.9,"scooter",2,"No","Metropolitan","Stormy","Low ",1,"Y",5
32,"Drinks ",28,1,3.7,"motorcycle",1,"No","Metropolitan","Sandstorms","Jam ",0,"Y",15
32,"Snack ",37,22,4.4,"motorcycle",0,"No","Metropolitan","Stormy","Medium",1,"N",15
37,"Buffet ",21,3,4.2,"motorcycle",0,"No","Urban","Stormy","Jam",1,"Y",15
32,"Drinks ",26,2,4.6,"electric_scooter",1,"No","Metropolitan","Stormy","Medium",1,"N",15
20,"Meal ",36,16,4.7,"motorcycle",0,"No","Metropolitan","Stormy","Medium",1,"N",15
44,"Buffet ",35,3,4.9,"motorcycle",0,"No","Urban","Fog","Medium",1,"N",5
29,"Drinks ",21,2,4.6,"scooter",1,"No","Metropolitan","Fog","Medium",1,"Y",15
20,"Snack ",39,16,4.1,"motorcycle",0,"No","Urban","Stormy","Low ",1,"N",15
16,"Drinks ",39,19,4.6,"electric_scooter",2,"No","Metropolitan","Sunny","Jam ",0,"N",5
15,"Buffet ",28,22,4.9,"motorcycle",1,"No","Metropolitan","Sandstorms","Jam ",0,"Y",15
22,"Meal ",26,17,4.8,"motorcycle",1,"No","Semi-Urban","Sandstorms","Jam ",1,"N",5
24,"Drinks ",34,17,4.6,"motorcycle",0,"No","Urban","Stormy","Low",0,"N",20
22,"Buffet ",32,23,4.8,"scooter",2,"No","Urban","Sandstorms","Low ",1,"N",10
25,"Drinks ",27,14,4.8,"scooter",0,"No","Semi-Urban","Stormy","Low ",1,"Y",5
29,"Drinks ",32,11,4.7,"motorcycle",2,"No","Metropolitan","Stormy","Jam ",1,"N",15
31,"Buffet ",22,23,4.9,"scooter",1,"No","Semi-Urban","Stormy","Medium",1,"N",10
18,"Drinks ",38,23,5,"scooter",1,"No","Urban","Stormy","Medium",1,"Y",10
41,"Drinks ",24,5,3.8,"electric_scooter",2,"No","Urban","Sandstorms","Jam",2,"N",15
15,"Snack ",36,23,4.7,"scooter",1,"No","Metropolitan","Sunny","Jam ",1,"Y",15
26,"Buffet ",29,21,5,"electric_scooter",1,"No","Metropolitan","Stormy","Jam ",1,"Y",10
45,"Snack ",24,23,4.9,"motorcycle",0,"No","Urban","Fog","Medium",3,"Y",10
48,"Drinks ",31,3,5,"scooter",2,"No","Metropolitan","Cloudy","Jam ",1,"N",15
36,"Drinks ",27,14,4.1,"scooter",2,"No","Semi-Urban","Sandstorms","Jam ",1,"N",10
28,"Buffet ",23,4,4.8,"electric_scooter",2,"No","Urban","Sandstorms","High ",1,"N",10
40,"Buffet ",20,6,4.4,"scooter",1,"No","Metropolitan","Sandstorms","Jam ",1,"N",10
24,"Meal ",29,16,4.6,"motorcycle",2,"No","Urban","Stormy","Medium",1,"N",15
33,"Snack ",38,21,4.6,"electric_scooter",2,"No","Urban","Cloudy","Jam ",0,"N",10
29,"Drinks ",39,22,4.9,"motorcycle",2,"No","Metropolitan","Stormy","Medium",0,"N",10
33,"Drinks ",32,23,4.7,"motorcycle",2,"No","Metropolitan","Cloudy","Jam ",0,"N",10
11,"Meal ",38,23,4.7,"motorcycle",1,"No","Metropolitan","Fog","Medium",0,"N",10
26,"Buffet ",20,9,4.9,"motorcycle",1,"No","Metropolitan","Fog","High ",1,"N",15
34,"Meal ",25,3,4.3,"scooter",2,"No","Metropolitan","Stormy","Jam ",0,"Y",10
31,"Snack ",35,5,4.3,"scooter",1,"No","Urban","Fog","Jam",1,"Y",15
36,"Meal ",38,4,4.6,"motorcycle",0,"No","Metropolitan","Fog","Medium",1,"N",5
17,"Drinks ",39,9,4.6,"electric_scooter",2,"No","Semi-Urban","Sunny","High ",0,"N",10
27,"Snack ",28,12,4.8,"motorcycle",0,"No","Metropolitan","Fog","Medium",1,"N",5
27,"Buffet ",24,12,4.8,"motorcycle",1,"No","Metropolitan","Fog","Low ",1,"Y",5
44,"Snack ",38,4,4.7,"motorcycle",0,"Yes","Urban","Fog","Jam ",2,"N",5
34,"Buffet ",26,12,3.4,"motorcycle",0,"No","Semi-Urban","Sunny","Low ",2,"N",5
43,"Meal ",34,13,4.3,"motorcycle",1,"No","Metropolitan","Stormy","Jam ",1,"N",10
24,"Drinks ",27,16,5,"electric_scooter",1,"No","Urban","Windy","Medium",1,"N",10
11,"Snack ",27,22,4.6,"scooter",1,"No","Metropolitan","Sunny","Jam ",1,"N",5
15,"Meal ",31,18,4.7,"electric_scooter",1,"No","Metropolitan","Stormy","Low ",0,"Y",10
24,"Buffet ",20,13,4.9,"scooter",2,"No","Metropolitan","Stormy","Low ",0,"N",5
24,"Buffet ",30,23,4.5,"electric_scooter",0,"No","Semi-Urban","Sunny","Medium",1,"Y",5
16,"Snack ",37,21,4.9,"scooter",1,"No","Metropolitan","Sunny","Low",1,"N",10
26,"Drinks ",20,14,4.7,"scooter",1,"No","Metropolitan","Cloudy","Low ",0,"Y",5
12,"Buffet ",35,23,5,"electric_scooter",2,"No","Urban","Windy","Low",0,"Y",20
16,"Meal ",27,15,4.8,"scooter",0,"No","Metropolitan","Sandstorms","High ",0,"Y",15
17,"Meal ",29,8,4.7,"scooter",2,"No","Metropolitan","Fog","Jam ",1,"N",15
28,"Snack ",38,18,4.5,"motorcycle",2,"No","Semi-Urban","Sandstorms","Jam ",0,"N",5
28,"Meal ",28,22,4.6,"motorcycle",0,"No","Urban","Cloudy","Medium",1,"Y",10
34,"Snack ",36,1,4.3,"motorcycle",1,"No","Urban","Sandstorms","Medium",1,"N",10
31,"Meal ",37,2,4.6,"motorcycle",0,"No","Metropolitan","Fog","Medium",2,"N",5
19,"Buffet ",32,23,4.8,"scooter",1,"No","Metropolitan","Windy","Low ",1,"N",10
34,"Drinks ",33,8,5,"motorcycle",0,"No","Metropolitan","Stormy","Jam ",1,"N",10
15,"Drinks ",32,17,4.7,"electric_scooter",2,"No","Semi-Urban","Sandstorms","Low ",0,"Y",5
13,"Buffet ",36,6,4.5,"electric_scooter",2,"No","Urban","Windy","Low",1,"N",10
18,"Meal ",39,9,4.5,"motorcycle",1,"No","Metropolitan","Sunny","Medium",1,"Y",15
18,"Snack ",30,17,4.6,"motorcycle",1,"No","Metropolitan","Sunny","Jam ",1,"N",10
25,"Snack ",34,13,4.6,"scooter",1,"No","Metropolitan","Sandstorms","High ",1,"Y",15
16,"Buffet ",32,15,4.7,"electric_scooter",2,"No","Semi-Urban","Fog","Low ",0,"N",5
39,"Meal ",21,6,3.9,"scooter",2,"Yes","Urban","Stormy","Jam ",1,"N",5
13,"Drinks ",30,18,4.9,"motorcycle",1,"No","Metropolitan","Sunny","Jam ",1,"N",15
33,"Snack ",38,2,5,"scooter",1,"No","Metropolitan","Sandstorms","High ",1,"N",15
49,"Meal ",26,7,4.6,"motorcycle",0,"No","Semi-Urban","Fog","Jam ",2,"Y",10
33,"Drinks ",23,9,4.3,"scooter",2,"No","Metropolitan","Stormy","Jam ",1,"N",15
17,"Drinks ",23,5,4.7,"motorcycle",1,"No","Urban","Sunny","Jam",0,"N",5
39,"Buffet ",36,1,4.6,"motorcycle",0,"No","Urban","Fog","Medium",1,"N",10
24,"Drinks ",28,12,4.7,"electric_scooter",2,"No","Metropolitan","Fog","Low ",1,"Y",5
23,"Drinks ",21,7,4.9,"motorcycle",0,"No","Metropolitan","Stormy","Medium",1,"N",15
28,"Meal ",28,23,4.6,"scooter",2,"No","Urban","Sandstorms","Low",1,"N",5
22,"Meal ",38,12,4.8,"electric_scooter",1,"No","Metropolitan","Sunny","Jam ",1,"N",15
23,"Buffet ",36,22,4.4,"motorcycle",0,"No","Metropolitan","Windy","Low ",1,"N",5
10,"Snack ",32,18,4.6,"scooter",1,"No","Urban","Fog","Low",0,"Y",5
28,"Meal ",20,7,4.9,"scooter",1,"No","Metropolitan","Fog","Medium",0,"N",5
18,"Meal ",39,23,4.7,"electric_scooter",1,"No","Metropolitan","Stormy","Low ",1,"N",5
27,"Snack ",23,15,4.8,"scooter",1,"No","Metropolitan","Windy","Medium",1,"N",10
29,"Drinks ",25,8,4.7,"electric_scooter",2,"No","Semi-Urban","Stormy","High ",1,"N",5
18,"Buffet ",24,23,4.9,"motorcycle",1,"No","Urban","Sunny","Jam",0,"N",10
15,"Meal ",34,18,4.5,"scooter",2,"No","Metropolitan","Sunny","High ",1,"Y",5
12,"Drinks ",26,17,4.5,"motorcycle",1,"No","Urban","Stormy","High",1,"N",10
24,"Snack ",27,4,4.7,"motorcycle",1,"No","Metropolitan","Windy","Low ",1,"N",15
25,"Buffet ",33,2,4.1,"motorcycle",0,"No","Metropolitan","Stormy","Low ",1,"Y",10
24,"Buffet ",31,21,4.7,"motorcycle",1,"No","Semi-Urban","Fog","Jam ",1,"Y",15
24,"Meal ",34,21,4.9,"scooter",2,"No","Metropolitan","Sunny","Jam ",1,"Y",5
26,"Buffet ",39,12,4.6,"scooter",0,"No","Urban","Cloudy","High ",1,"N",15
28,"Snack ",38,15,4.9,"electric_scooter",0,"No","Metropolitan","Cloudy","Medium",1,"N",10
10,"Meal ",22,3,5,"electric_scooter",2,"No","Metropolitan","Sunny","Medium",1,"N",5
16,"Drinks ",35,21,4.8,"scooter",1,"No","Metropolitan","Fog","Low ",1,"N",15
22,"Drinks ",24,17,4.6,"scooter",1,"No","Urban","Stormy","Low",1,"N",5
22,"Snack ",25,18,4.7,"motorcycle",1,"No","Metropolitan","Windy","Jam ",0,"N",10
38,"Buffet ",23,4,4.3,"electric_scooter",2,"No","Metropolitan","Windy","Jam ",1,"N",5
16,"Snack ",20,6,4,"scooter",0,"No","Metropolitan","Windy","Low ",1,"Y",10
24,"Meal ",27,23,4.3,"motorcycle",0,"No","Metropolitan","Stormy","Low ",1,"N",5
37,"Buffet ",36,9,4.1,"motorcycle",1,"No","Metropolitan","Sandstorms","Jam ",1,"N",15
23,"Snack ",35,21,4.7,"scooter",1,"No","Metropolitan","Stormy","Medium",0,"N",5
19,"Meal ",39,4,4.8,"scooter",2,"No","Metropolitan","Fog","Low ",1,"N",10
19,"Drinks ",37,23,4.9,"electric_scooter",1,"No","Metropolitan","Fog","Low ",0,"N",5
17,"Buffet ",36,15,4.6,"motorcycle",1,"No","Urban","Sunny","Medium",0,"N",10
20,"Snack ",25,23,4.9,"scooter",0,"No","Metropolitan","Cloudy","Jam ",1,"Y",5
18,"Buffet ",35,19,4.8,"motorcycle",2,"No","Urban","Sandstorms","Low ",0,"N",10
33,"Snack ",34,19,4.9,"motorcycle",2,"No","Metropolitan","Windy","Jam ",1,"N",10
19,"Snack ",21,7,4.6,"scooter",1,"No","Metropolitan","Stormy","Medium",1,"N",10
28,"Buffet ",27,22,4.8,"motorcycle",0,"No","Metropolitan","Sunny","Low ",0,"N",10
17,"Snack ",39,17,4.8,"motorcycle",0,"No","Metropolitan","Sunny","Low ",0,"Y",5
35,"Buffet ",38,5,4.3,"motorcycle",1,"No","Metropolitan","Windy","Jam ",1,"N",15
13,"Buffet ",37,22,4.5,"scooter",1,"No","Metropolitan","Sandstorms","Low ",0,"N",5
36,"Meal ",28,5,4.7,"scooter",0,"No","Metropolitan","Cloudy","Medium",2,"N",15
24,"Snack ",36,19,4.5,"scooter",1,"No","Semi-Urban","Sandstorms","Low ",0,"N",20
26,"Drinks ",32,2,4.8,"scooter",1,"No","Semi-Urban","Stormy","Jam ",1,"N",5
41,"Drinks ",23,7,4.5,"electric_scooter",0,"No","Metropolitan","Fog","Jam ",1,"Y",10
15,"Buffet ",37,23,4.9,"scooter",2,"No","Urban","Sandstorms","Low",1,"N",15
23,"Snack ",36,17,4.9,"motorcycle",0,"No","Urban","Cloudy","Low",0,"N",15
24,"Drinks ",34,18,4.9,"scooter",2,"No","Semi-Urban","Windy","Low ",1,"Y",5
33,"Drinks ",36,19,4.6,"scooter",2,"No","Urban","Stormy","Medium",1,"N",15
30,"Meal ",34,3,4.9,"scooter",1,"No","Urban","Sandstorms","High ",0,"Y",15
17,"Snack ",38,17,5,"motorcycle",1,"No","Semi-Urban","Sunny","Low ",1,"N",5
22,"Drinks ",23,17,4.6,"motorcycle",0,"No","Metropolitan","Sunny","Jam",1,"N",15
21,"Drinks ",34,14,4.7,"scooter",0,"No","Metropolitan","Sandstorms","Jam ",0,"Y",15
19,"Drinks ",33,15,4.7,"scooter",1,"No","Urban","Stormy","Medium",1,"Y",15
40,"Drinks ",33,9,4.8,"motorcycle",1,"No","Metropolitan","Fog","Jam ",1,"Y",10
28,"Drinks ",30,12,4.6,"scooter",1,"No","Semi-Urban","Stormy","Low ",1,"N",10
22,"Meal ",33,13,4.7,"scooter",0,"No","Metropolitan","Fog","Jam ",1,"N",10
28,"Snack ",27,8,4.9,"motorcycle",2,"No","Metropolitan","Fog","Low ",1,"N",25
17,"Meal ",34,21,4.7,"motorcycle",1,"No","Urban","Sandstorms","Low",0,"N",5
34,"Meal ",23,17,4,"scooter",2,"No","Semi-Urban","Stormy","Jam ",1,"N",5
16,"Meal ",23,3,4.8,"motorcycle",0,"No","Urban","Sandstorms","Low",1,"Y",25
10,"Drinks ",32,22,5,"motorcycle",2,"No","Semi-Urban","Stormy","Low",1,"N",5
21,"Drinks ",37,18,4.5,"electric_scooter",2,"No","Urban","Sandstorms","Low",1,"N",15
17,"Snack ",33,9,4.9,"motorcycle",2,"No","Metropolitan","Sandstorms","Low ",1,"Y",10
11,"Drinks ",22,21,4.6,"motorcycle",1,"No","Metropolitan","Sunny","High ",0,"N",5
48,"Meal ",32,17,5,"motorcycle",1,"No","Metropolitan","Cloudy","Jam ",3,"Y",10
20,"Snack ",26,22,4.7,"motorcycle",1,"No","Urban","Stormy","Low",1,"N",5
38,"Buffet ",38,5,5,"scooter",2,"No","Metropolitan","Cloudy","Jam ",1,"N",5
10,"Drinks ",30,23,4.7,"scooter",2,"No","Semi-Urban","Sunny","Low ",0,"N",5
42,"Meal ",29,19,5,"motorcycle",0,"Yes","Metropolitan","Cloudy","Low ",0,"N",10
24,"Drinks ",25,2,4.6,"scooter",1,"No","Metropolitan","Windy","Low ",1,"N",10
44,"Drinks ",24,14,4.1,"motorcycle",2,"No","Semi-Urban","Fog","Jam ",1,"N",5
13,"Meal ",38,3,4.5,"motorcycle",2,"No","Semi-Urban","Stormy","Low ",0,"N",15
33,"Buffet ",26,21,5,"scooter",1,"No","Urban","Windy","High",1,"N",5
20,"Buffet ",30,9,4.7,"motorcycle",0,"No","Metropolitan","Fog","Low ",1,"N",15
24,"Buffet ",24,21,4.9,"motorcycle",0,"No","Semi-Urban","Windy","Low",0,"N",10
22,"Meal ",25,23,4.7,"scooter",0,"No","Metropolitan","Stormy","Low ",1,"N",10
27,"Meal ",28,15,4.6,"motorcycle",1,"No","Metropolitan","Sandstorms","Jam ",1,"Y",15
36,"Meal ",29,5,3.6,"scooter",1,"No","Urban","Stormy","Jam ",2,"Y",5
13,"Meal ",25,18,4.8,"electric_scooter",2,"No","Metropolitan","Sandstorms","Jam ",0,"N",10
31,"Buffet ",36,2,5,"motorcycle",0,"No","Metropolitan","Stormy","Medium",0,"N",10
18,"Meal ",34,22,4.9,"electric_scooter",2,"No","Urban","Sunny","Medium",0,"Y",5
25,"Buffet ",27,17,4.7,"motorcycle",0,"No","Semi-Urban","Sunny","Jam ",0,"Y",10
15,"Meal ",29,7,4.8,"motorcycle",1,"No","Urban","Sunny","Medium",0,"Y",10
36,"Meal ",36,6,4,"motorcycle",2,"No","Metropolitan","Fog","Medium",1,"N",15
17,"Drinks ",20,12,4.9,"motorcycle",1,"No","Urban","Sunny","Medium",0,"N",5
34,"Meal ",33,9,4.3,"motorcycle",2,"No","Metropolitan","Stormy","Jam ",0,"N",10
31,"Snack ",33,23,4.9,"electric_scooter",2,"No","Metropolitan","Cloudy","High ",1,"N",5
19,"Snack ",29,17,4.4,"motorcycle",0,"No","Urban","Windy","Low ",1,"N",5
16,"Buffet ",39,3,4.5,"scooter",1,"No","Urban","Fog","Low",0,"N",15
41,"Buffet ",26,4,4.9,"electric_scooter",2,"No","Urban","Fog","Jam ",1,"N",15
18,"Snack ",26,22,4.9,"scooter",1,"No","Metropolitan","Fog","Low ",0,"Y",5
19,"Meal ",25,12,4.9,"electric_scooter",2,"No","Metropolitan","Windy","Low ",1,"Y",15
26,"Drinks ",35,3,4.5,"electric_scooter",1,"No","Urban","Windy","Low",1,"N",10
17,"Drinks ",32,8,4.9,"scooter",2,"No","Semi-Urban","Stormy","Low ",0,"Y",5
24,"Meal ",21,19,4.6,"scooter",2,"No","Metropolitan","Sandstorms","Low ",1,"N",15
29,"Drinks ",32,18,4.7,"scooter",0,"No","Urban","Cloudy","Low",1,"Y",10
36,"Drinks ",34,23,4.9,"scooter",2,"No","Semi-Urban","Fog","Jam",1,"N",15
33,"Buffet ",25,23,4.3,"motorcycle",0,"No","Metropolitan","Sunny","Medium",0,"Y",5
23,"Buffet ",23,9,5,"scooter",2,"No","Metropolitan","Sandstorms","Low ",1,"N",15
18,"Snack ",34,15,4.8,"scooter",2,"No","Metropolitan","Windy","Jam ",1,"N",15
30,"Meal ",34,9,4.8,"motorcycle",0,"No","Urban","Sunny","Jam ",0,"N",10
45,"Drinks ",21,5,4.9,"motorcycle",0,"No","Urban","Cloudy","Jam ",1,"N",10
30,"Drinks ",23,22,4.9,"motorcycle",1,"No","Semi-Urban","Fog","Jam ",1,"N",10
20,"Snack ",27,19,4.7,"scooter",2,"No","Semi-Urban","Sandstorms","Jam ",0,"Y",15
16,"Drinks ",29,23,4.9,"electric_scooter",1,"No","Urban","Stormy","Low ",0,"N",15
43,"Snack ",22,3,4.2,"motorcycle",2,"No","Urban","Fog","Jam ",1,"Y",10
26,"Meal ",25,19,4.9,"scooter",1,"No","Metropolitan","Windy","Low ",1,"N",10
38,"Buffet ",23,18,3.9,"electric_scooter",2,"No","Semi-Urban","Stormy","Low ",1,"N",5
29,"Meal ",23,9,4.7,"motorcycle",2,"No","Semi-Urban","Sunny","Low ",1,"Y",5
23,"Drinks ",25,13,4.5,"motorcycle",1,"No","Metropolitan","Stormy","Low ",0,"N",10
38,"Drinks ",25,4,5,"motorcycle",1,"No","Semi-Urban","Cloudy","Medium",1,"N",15
29,"Snack ",37,15,4.6,"scooter",2,"No","Urban","Sandstorms","Low",1,"N",15
25,"Snack ",23,4,4.9,"motorcycle",1,"No","Urban","Stormy","Medium",1,"N",15
43,"Drinks ",34,2,4.3,"electric_scooter",2,"No","Metropolitan","Fog","Jam ",1,"N",5
19,"Meal ",38,9,4.7,"motorcycle",1,"No","Metropolitan","Windy","Low ",1,"N",5
42,"Snack ",34,4,3.6,"motorcycle",2,"No","Urban","Windy","Jam ",2,"N",15
23,"Buffet ",37,14,4.7,"motorcycle",2,"No","Metropolitan","Sandstorms","Low ",0,"Y",15
20,"Meal ",25,21,4.9,"scooter",1,"No","Urban","Sandstorms","Jam",1,"Y",10
37,"Drinks ",23,12,4.7,"motorcycle",0,"No","Metropolitan","Sandstorms","Jam ",2,"Y",15
27,"Snack ",21,15,5,"motorcycle",1,"No","Semi-Urban","Cloudy","Low ",1,"Y",5
27,"Snack ",30,3,4.8,"electric_scooter",2,"No","Metropolitan","Stormy","Low ",1,"Y",5
24,"Drinks ",27,18,4.5,"motorcycle",1,"No","Metropolitan","Fog","High ",1,"N",5
31,"Meal ",23,4,4.5,"motorcycle",1,"No","Urban","Cloudy","Low",1,"N",5
15,"Drinks ",31,21,4.9,"scooter",1,"No","Metropolitan","Sunny","Low ",0,"Y",5
39,"Meal ",36,3,3.6,"scooter",2,"No","Urban","Stormy","Jam ",1,"N",15
20,"Drinks ",22,15,5,"scooter",2,"No","Metropolitan","Sandstorms","Low ",1,"N",15
28,"Snack ",34,13,4.6,"electric_scooter",2,"No","Metropolitan","Windy","High ",1,"N",15
17,"Drinks ",29,21,4.7,"electric_scooter",1,"No","Metropolitan","Fog","Low",0,"N",5
29,"Snack ",29,17,4.5,"motorcycle",1,"No","Metropolitan","Stormy","Medium",0,"N",15
26,"Meal ",31,13,4.7,"motorcycle",2,"No","Semi-Urban","Sandstorms","Jam ",1,"N",10
34,"Drinks ",25,17,4.9,"electric_scooter",2,"No","Metropolitan","Fog","Jam",1,"N",15
35,"Meal ",21,15,4.6,"electric_scooter",2,"No","Urban","Cloudy","Jam",1,"N",5
24,"Buffet ",27,23,4.6,"motorcycle",1,"No","Metropolitan","Stormy","Medium",0,"Y",5
37,"Drinks ",32,5,4.1,"motorcycle",0,"No","Urban","Cloudy","Low",2,"N",5
29,"Drinks ",32,2,4.9,"scooter",0,"No","Metropolitan","Cloudy","Jam ",1,"N",10
29,"Snack ",28,5,4.9,"motorcycle",0,"No","Metropolitan","Stormy","Medium",1,"N",10
12,"Buffet ",31,12,4.6,"scooter",1,"No","Metropolitan","Stormy","Low ",0,"N",10
31,"Drinks ",38,2,4.9,"electric_scooter",1,"No","Semi-Urban","Sandstorms","High ",1,"Y",5
28,"Snack ",25,4,4.8,"motorcycle",1,"No","Metropolitan","Windy","Medium",0,"N",15
51,"Snack ",21,19,5,"electric_scooter",0,"Yes","Urban","Stormy","Jam ",2,"Y",5
16,"Snack ",34,17,4.8,"motorcycle",1,"No","Urban","Stormy","Low",1,"Y",15
46,"Drinks ",34,7,4.2,"motorcycle",0,"No","Urban","Sunny","Jam ",0,"N",15
22,"Snack ",35,16,4.8,"motorcycle",0,"No","Metropolitan","Cloudy","High",1,"N",15
31,"Buffet ",34,1,4.4,"scooter",2,"No","Urban","Windy","Medium",1,"Y",5
30,"Buffet ",21,4,4.6,"electric_scooter",2,"No","Urban","Windy","Medium",1,"N",10
19,"Drinks ",39,5,4.9,"electric_scooter",2,"No","Metropolitan","Cloudy","Medium",0,"N",10
26,"Meal ",25,22,4.9,"motorcycle",2,"No","Urban","Stormy","Low",1,"Y",15
26,"Drinks ",27,9,4.7,"motorcycle",1,"No","Metropolitan","Windy","High ",1,"N",5
17,"Buffet ",22,9,4.9,"motorcycle",1,"No","Urban","Fog","Medium",0,"N",15
24,"Meal ",33,21,5,"electric_scooter",2,"No","Semi-Urban","Sunny","Low ",1,"N",15
38,"Meal ",28,13,4.3,"scooter",1,"No","Semi-Urban","Fog","Jam ",1,"N",15
15,"Buffet ",20,23,4.8,"motorcycle",1,"No","Metropolitan","Sunny","Medium",1,"Y",5
35,"Drinks ",34,11,4,"motorcycle",0,"No","Urban","Sunny","Low ",1,"N",5
17,"Meal ",29,17,4.5,"electric_scooter",2,"No","Urban","Stormy","High",1,"N",15
35,"Snack ",27,11,4.5,"motorcycle",0,"No","Metropolitan","Fog","Medium",1,"N",10
34,"Buffet ",21,23,4.7,"scooter",1,"No","Metropolitan","Fog","Jam ",0,"N",5
30,"Meal ",25,12,5,"electric_scooter",2,"No","Urban","Sandstorms","High ",1,"N",10
30,"Meal ",20,16,4.7,"motorcycle",0,"No","Metropolitan","Stormy","Jam ",1,"Y",10
20,"Snack ",33,9,4.8,"motorcycle",0,"No","Metropolitan","Sunny","High ",0,"Y",10
15,"Snack ",37,23,4.5,"motorcycle",0,"No","Semi-Urban","Sunny","Medium",0,"N",5
18,"Buffet ",26,23,4.9,"scooter",2,"No","Urban","Sunny","Low ",1,"N",5
26,"Drinks ",22,19,4.9,"scooter",2,"No","Metropolitan","Windy","Medium",1,"N",10
13,"Meal ",24,3,4.5,"motorcycle",1,"No","Metropolitan","Sandstorms","Low",0,"N",10
44,"Buffet ",24,21,4.9,"motorcycle",0,"No","Semi-Urban","Fog","Low ",0,"Y",5
24,"Buffet ",30,1,4.5,"motorcycle",1,"No","Urban","Windy","Medium",1,"N",5
45,"Snack ",37,2,4.2,"electric_scooter",1,"No","Urban","Cloudy","Jam",1,"N",10
19,"Drinks ",27,15,5,"electric_scooter",2,"No","Metropolitan","Sunny","Low",0,"N",5
22,"Snack ",24,4,4.1,"motorcycle",0,"No","Urban","Sandstorms","Low",0,"N",15
16,"Buffet ",25,15,4.8,"scooter",0,"No","Urban","Stormy","Low",1,"N",5
26,"Meal ",26,19,4.7,"electric_scooter",2,"No","Metropolitan","Sandstorms","Low ",0,"N",15
28,"Meal ",30,3,4.6,"motorcycle",0,"No","Metropolitan","Sunny","Medium",1,"N",5
30,"Drinks ",36,14,4.5,"motorcycle",1,"No","Semi-Urban","Stormy","Jam ",1,"N",10
23,"Meal ",26,9,4.9,"electric_scooter",2,"No","Metropolitan","Sandstorms","Low ",1,"N",15
24,"Meal ",31,19,4.7,"scooter",2,"No","Metropolitan","Stormy","Low ",1,"N",10
21,"Drinks ",30,19,4.2,"motorcycle",0,"No","Semi-Urban","Stormy","Low ",1,"Y",5
35,"Buffet ",34,2,4.4,"scooter",2,"No","Semi-Urban","Sandstorms","Jam ",2,"N",5
49,"Drinks ",33,22,4.7,"electric_scooter",0,"Yes","Urban","Cloudy","Jam ",1,"N",10
11,"Buffet ",24,8,4.7,"scooter",1,"No","Metropolitan","Sandstorms","Low ",0,"N",15
26,"Buffet ",28,21,4.6,"scooter",2,"No","Metropolitan","Stormy","Low ",1,"N",15
25,"Meal ",32,22,4.6,"motorcycle",0,"No","Urban","Stormy","High",1,"N",15
39,"Buffet ",30,19,4.7,"motorcycle",0,"No","Metropolitan","Stormy","Medium",1,"N",5
26,"Buffet ",27,21,4.8,"motorcycle",2,"No","Metropolitan","Sandstorms","Low ",0,"N",10
24,"Snack ",23,15,4.7,"electric_scooter",0,"No","Metropolitan","Cloudy","High",0,"Y",5
26,"Meal ",31,5,4.7,"motorcycle",0,"No","Metropolitan","Sunny","Medium",1,"N",10
36,"Snack ",37,3,4.1,"electric_scooter",1,"No","Urban","Windy","Jam ",1,"Y",15
20,"Buffet ",35,22,4.6,"motorcycle",1,"No","Urban","Windy","Medium",0,"N",15
26,"Buffet ",34,19,4.9,"motorcycle",0,"No","Metropolitan","Stormy","High ",0,"N",5
27,"Snack ",38,22,4.8,"motorcycle",2,"No","Metropolitan","Stormy","Jam ",0,"Y",15
16,"Snack ",23,23,5,"scooter",1,"No","Metropolitan","Cloudy","Medium",1,"N",10
36,"Drinks ",21,2,4.3,"scooter",0,"No","Metropolitan","Stormy","Medium",0,"N",15
26,"Meal ",27,19,4.8,"electric_scooter",0,"No","Metropolitan","Fog","Jam ",1,"N",5
44,"Snack ",24,9,4.6,"motorcycle",2,"No","Metropolitan","Cloudy","Jam ",2,"N",10
24,"Snack ",26,8,4.9,"motorcycle",0,"No","Metropolitan","Stormy","Low ",0,"Y",5
34,"Drinks ",31,9,4.4,"motorcycle",0,"No","Metropolitan","Stormy","Jam ",1,"N",5
24,"Snack ",39,22,4.6,"motorcycle",1,"No","Metropolitan","Stormy","Low",0,"N",30
15,"Meal ",34,21,4.6,"scooter",1,"No","Urban","Cloudy","Medium",0,"Y",15
29,"Drinks ",36,23,4.9,"motorcycle",1,"No","Semi-Urban","Fog","Jam ",1,"N",5
19,"Buffet ",28,21,4.8,"electric_scooter",1,"No","Metropolitan","Fog","Medium",0,"Y",15
35,"Meal ",38,11,4.3,"electric_scooter",0,"No","Metropolitan","Sandstorms","Medium",1,"Y",10
46,"Drinks ",34,13,4.7,"motorcycle",0,"Yes","Metropolitan","Fog","Jam ",3,"N",5
35,"Buffet ",36,3,4.2,"motorcycle",2,"No","Metropolitan","Sunny","Jam ",0,"N",15
41,"Snack ",33,19,4.8,"motorcycle",1,"Yes","Metropolitan","Stormy","Jam ",1,"N",10
24,"Buffet ",37,21,4.6,"scooter",0,"No","Metropolitan","Sunny","Low ",0,"N",20
32,"Buffet ",22,7,5,"electric_scooter",2,"No","Metropolitan","Fog","Medium",0,"Y",10
12,"Drinks ",22,16,4.7,"motorcycle",2,"No","Urban","Sunny","Jam",0,"N",5
28,"Drinks ",38,2,4.5,"scooter",1,"No","Metropolitan","Sandstorms","Medium",1,"Y",5
17,"Snack ",27,6,4.7,"scooter",2,"No","Metropolitan","Fog","Low ",0,"N",5
30,"Snack ",20,17,4.7,"motorcycle",1,"No","Metropolitan","Cloudy","Jam ",1,"Y",5
33,"Drinks ",21,6,4.7,"motorcycle",0,"No","Metropolitan","Sandstorms","High ",1,"N",5
23,"Buffet ",36,9,4.9,"motorcycle",1,"No","Semi-Urban","Sunny","Low ",1,"N",5
35,"Meal ",21,8,4.6,"motorcycle",1,"No","Semi-Urban","Cloudy","Medium",1,"N",15
39,"Buffet ",33,23,4.5,"scooter",2,"No","Urban","Sandstorms","Jam ",0,"N",15
28,"Snack ",24,16,4.6,"scooter",0,"No","Metropolitan","Sandstorms","Medium",1,"N",15
25,"Drinks ",26,23,4.6,"scooter",2,"No","Metropolitan","Sunny","Low ",0,"N",15
28,"Snack ",24,21,4.6,"motorcycle",2,"No","Metropolitan","Windy","Medium",1,"N",15
25,"Drinks ",29,13,5,"motorcycle",1,"No","Metropolitan","Sandstorms","Jam ",1,"N",10
20,"Snack ",21,9,4.9,"motorcycle",0,"No","Metropolitan","Fog","Low ",1,"N",20
31,"Drinks ",26,7,4,"motorcycle",1,"No","Metropolitan","Stormy","Jam ",1,"N",10
37,"Meal ",25,1,4.8,"motorcycle",0,"No","Semi-Urban","Fog","Jam ",2,"N",15
31,"Buffet ",32,2,4.3,"motorcycle",2,"No","Semi-Urban","Sunny","Jam",1,"N",5
27,"Drinks ",35,18,4.8,"electric_scooter",0,"No","Semi-Urban","Sandstorms","High ",1,"Y",15
34,"Meal ",20,6,4.6,"electric_scooter",2,"No","Metropolitan","Fog","High ",1,"N",10
13,"Meal ",20,21,4.7,"scooter",1,"No","Urban","Windy","Low",0,"Y",10
19,"Snack ",23,13,4.6,"motorcycle",0,"No","Urban","Fog","Low ",0,"Y",5
18,"Buffet ",34,18,4.8,"scooter",1,"No","Metropolitan","Sandstorms","Low ",0,"Y",5
27,"Snack ",33,4,4.9,"scooter",2,"No","Metropolitan","Windy","Medium",1,"N",15
41,"Drinks ",22,13,4.8,"scooter",0,"No","Semi-Urban","Sandstorms","Jam ",1,"N",5
28,"Buffet ",33,11,4.8,"motorcycle",0,"No","Metropolitan","Cloudy","Low ",1,"Y",5
22,"Buffet ",30,19,4.6,"scooter",2,"No","Metropolitan","Windy","Jam ",1,"N",15
39,"Drinks ",30,5,4.4,"scooter",1,"No","Urban","Fog","Medium",1,"Y",5
28,"Buffet ",30,19,4.8,"motorcycle",2,"No","Metropolitan","Windy","Low ",1,"N",5
23,"Drinks ",25,3,4.6,"motorcycle",0,"No","Urban","Stormy","Low ",1,"N",5
21,"Snack ",33,23,4.9,"scooter",0,"No","Urban","Stormy","Low",1,"N",5
44,"Meal ",38,14,4.8,"motorcycle",0,"Yes","Semi-Urban","Stormy","Jam ",1,"N",15
52,"Drinks ",28,19,4.4,"electric_scooter",0,"No","Semi-Urban","Windy","Jam ",0,"N",15
25,"Buffet ",33,8,5,"motorcycle",2,"No","Semi-Urban","Windy","Jam ",1,"N",10
17,"Buffet ",20,15,4.8,"motorcycle",2,"No","Metropolitan","Stormy","Low ",1,"Y",5
32,"Meal ",21,5,3.5,"motorcycle",2,"No","Urban","Cloudy","Low",0,"Y",5
10,"Snack ",23,18,4.6,"electric_scooter",2,"No","Urban","Sandstorms","Low",0,"N",10
35,"Buffet ",34,17,4.1,"electric_scooter",2,"No","Metropolitan","Cloudy","Medium",1,"N",5
19,"Meal ",39,23,4.9,"scooter",1,"No","Urban","Stormy","Low",0,"N",10
15,"Buffet ",20,22,4.7,"electric_scooter",1,"No","Urban","Sunny","High",0,"N",15
25,"Drinks ",24,18,4.6,"motorcycle",0,"No","Semi-Urban","Stormy","Medium",1,"N",15
45,"Drinks ",28,5,4,"motorcycle",0,"No","Semi-Urban","Stormy","Jam ",1,"N",5
23,"Drinks ",24,2,4.9,"scooter",2,"No","Metropolitan","Sandstorms","Medium",1,"N",10
10,"Drinks ",30,9,4.7,"scooter",1,"No","Metropolitan","Windy","Low ",0,"N",5
45,"Meal ",37,5,4.7,"motorcycle",0,"No","Metropolitan","Sandstorms","Jam ",2,"N",15
25,"Snack ",35,21,4.7,"motorcycle",0,"No","Metropolitan","Windy","Jam ",1,"Y",10
28,"Snack ",27,22,4.7,"motorcycle",0,"No","Urban","Fog","Medium",1,"N",10
23,"Snack ",26,9,4.7,"electric_scooter",0,"No","Metropolitan","Fog","Low ",1,"Y",10
26,"Snack ",38,2,4.7,"motorcycle",0,"No","Metropolitan","Fog","Medium",1,"Y",10
42,"Meal ",21,9,5,"motorcycle",0,"No","Metropolitan","Fog","Jam ",0,"N",5
32,"Drinks ",33,23,4.3,"scooter",1,"No","Metropolitan","Sunny","Jam ",1,"N",15
26,"Meal ",36,18,4.6,"motorcycle",1,"No","Metropolitan","Sunny","Low ",1,"N",15
22,"Buffet ",26,15,4.5,"motorcycle",2,"No","Metropolitan","Sandstorms","Medium",1,"N",10
47,"Drinks ",26,13,4.9,"electric_scooter",0,"Yes","Metropolitan","Fog","Jam ",0,"N",15
42,"Buffet ",32,9,4.3,"electric_scooter",0,"No","Metropolitan","Cloudy","Low ",1,"N",10
21,"Drinks ",21,8,4.8,"motorcycle",0,"No","Urban","Sunny","Jam ",1,"N",15
40,"Snack ",38,7,4.5,"motorcycle",2,"No","Urban","Stormy","Jam ",1,"N",10
32,"Drinks ",35,1,4.6,"motorcycle",0,"No","Semi-Urban","Windy","Medium",0,"N",5
39,"Snack ",27,1,4.1,"electric_scooter",2,"No","Metropolitan","Stormy","Medium",1,"N",10
22,"Drinks ",29,18,4.6,"motorcycle",2,"No","Urban","Windy","Low",1,"N",15
16,"Buffet ",37,15,4.7,"electric_scooter",0,"No","Semi-Urban","Sunny","Low",0,"Y",15
15,"Drinks ",36,22,4.8,"motorcycle",1,"No","Metropolitan","Stormy","Low ",0,"N",15
16,"Drinks ",26,23,4.7,"scooter",1,"No","Urban","Sandstorms","Low",0,"N",15
31,"Drinks ",32,3,3.7,"motorcycle",2,"No","Semi-Urban","Windy","Medium",1,"N",15
36,"Snack ",20,14,4.2,"motorcycle",2,"No","Metropolitan","Stormy","Jam ",1,"N",5
14,"Meal ",39,9,4.5,"scooter",2,"No","Metropolitan","Windy","Low ",0,"N",5
30,"Drinks ",31,16,4.8,"motorcycle",0,"No","Urban","Windy","Medium",1,"N",5
28,"Drinks ",32,23,4.6,"motorcycle",2,"No","Urban","Sunny","Medium",1,"N",15
37,"Snack ",22,7,4.7,"electric_scooter",2,"No","Urban","Stormy","Medium",1,"N",15
28,"Buffet ",33,16,4.9,"motorcycle",0,"No","Metropolitan","Fog","Low ",1,"N",5
23,"Meal ",21,12,4.9,"scooter",0,"No","Metropolitan","Sunny","Low ",1,"N",10
27,"Meal ",29,23,4.7,"electric_scooter",1,"No","Semi-Urban","Windy","Low ",0,"N",5
26,"Meal ",26,23,4.6,"motorcycle",0,"No","Urban","Stormy","Jam",1,"N",15
17,"Buffet ",36,14,5,"motorcycle",1,"No","Metropolitan","Stormy","High ",0,"N",15
10,"Buffet ",38,2,4.6,"motorcycle",1,"No","Urban","Stormy","Low ",0,"N",5
49,"Buffet ",39,6,4.9,"motorcycle",0,"Yes","Metropolitan","Fog","Jam ",2,"N",10
44,"Buffet ",31,8,4.8,"motorcycle",0,"No","Metropolitan","Cloudy","Jam ",0,"N",15
31,"Buffet ",34,16,4.3,"motorcycle",0,"No","Metropolitan","Stormy","Jam ",0,"N",10
30,"Buffet ",25,23,4.8,"scooter",1,"No","Metropolitan","Stormy","Jam ",1,"N",5
26,"Buffet ",33,23,4.8,"motorcycle",0,"No","Metropolitan","Fog","Jam",0,"N",10
38,"Meal ",29,4,5,"scooter",1,"No","Urban","Stormy","Jam ",0,"N",5
40,"Buffet ",37,14,4,"motorcycle",0,"No","Metropolitan","Fog","Jam ",2,"N",5
10,"Buffet ",31,9,4.5,"electric_scooter",2,"No","Metropolitan","Stormy","High ",1,"N",10
21,"Snack ",30,23,4.9,"motorcycle",1,"No","Metropolitan","Cloudy","Low ",1,"N",5
27,"Snack ",23,22,4.3,"electric_scooter",0,"No","Semi-Urban","Sandstorms","Low ",1,"N",15
24,"Buffet ",36,7,4.7,"motorcycle",0,"No","Urban","Fog","Low ",1,"N",10
37,"Buffet ",38,16,4.7,"motorcycle",2,"No","Semi-Urban","Sunny","Jam ",0,"N",10
20,"Snack ",20,21,4.8,"motorcycle",1,"No","Metropolitan","Sunny","Jam ",0,"N",5
18,"Drinks ",28,22,5,"electric_scooter",2,"No","Semi-Urban","Windy","Jam ",1,"N",5
13,"Meal ",30,19,5,"motorcycle",1,"No","Urban","Cloudy","Medium",1,"N",10
32,"Meal ",39,9,4.6,"motorcycle",2,"No","Urban","Cloudy","Medium",1,"Y",5
29,"Snack ",33,11,4.7,"scooter",0,"No","Semi-Urban","Sunny","Low ",1,"N",10
20,"Meal ",32,17,4.8,"scooter",1,"No","Metropolitan","Stormy","Medium",0,"N",10
23,"Buffet ",23,22,4.8,"motorcycle",0,"No","Urban","Stormy","Low",1,"N",10
39,"Snack ",39,9,4.8,"electric_scooter",1,"No","Metropolitan","Fog","Medium",1,"N",15
28,"Drinks ",37,17,4.6,"scooter",1,"No","Urban","Stormy","Jam",1,"N",10
35,"Meal ",33,1,4.4,"motorcycle",0,"No","Urban","Stormy","Medium",0,"N",10
17,"Buffet ",28,15,4.7,"scooter",1,"No","Urban","Fog","Low ",0,"Y",5
28,"Snack ",23,5,4.9,"motorcycle",0,"No","Metropolitan","Fog","Jam ",1,"N",10
16,"Meal ",23,15,4.9,"electric_scooter",1,"No","Urban","Stormy","Jam",1,"Y",10
33,"Meal ",22,8,4.4,"motorcycle",0,"No","Metropolitan","Fog","High ",1,"N",5
44,"Buffet ",33,3,4.2,"motorcycle",0,"No","Metropolitan","Windy","Jam ",1,"N",10
24,"Drinks ",28,13,4.2,"motorcycle",0,"No","Metropolitan","Sandstorms","Low ",1,"N",5
28,"Drinks ",21,17,4.6,"electric_scooter",2,"No","Urban","Stormy","Jam",1,"N",10
54,"Buffet ",29,3,4.1,"motorcycle",0,"No","Metropolitan","Sunny","Jam ",3,"N",5
18,"Buffet ",32,8,4.7,"motorcycle",0,"No","Metropolitan","Windy","Low ",1,"Y",5
23,"Drinks ",21,15,4.9,"motorcycle",0,"No","Metropolitan","Cloudy","Low ",1,"N",10
28,"Meal ",24,18,4.8,"scooter",1,"No","Metropolitan","Sunny","Medium",1,"N",5
16,"Drinks ",33,23,4.9,"electric_scooter",2,"No","Metropolitan","Windy","Low ",0,"Y",5
34,"Snack ",23,15,4.6,"motorcycle",2,"No","Metropolitan","Stormy","High ",1,"N",15
19,"Meal ",20,13,4.8,"electric_scooter",1,"No","Metropolitan","Sunny","Low ",0,"N",5
35,"Meal ",26,6,4.4,"motorcycle",0,"No","Urban","Windy","Jam",1,"N",5
29,"Drinks ",25,2,4.7,"motorcycle",0,"No","Urban","Windy","Medium",1,"N",15
22,"Drinks ",32,23,4.8,"motorcycle",0,"No","Urban","Sunny","Medium",1,"N",5
10,"Buffet ",28,6,4.8,"scooter",2,"No","Metropolitan","Windy","Low ",0,"N",15
20,"Snack ",21,5,4.9,"electric_scooter",2,"No","Metropolitan","Sunny","Jam ",1,"N",5
30,"Buffet ",22,22,4.9,"electric_scooter",0,"No","Semi-Urban","Sunny","Jam ",1,"N",15
23,"Drinks ",31,21,4.8,"scooter",2,"No","Urban","Stormy","Medium",1,"N",10
28,"Snack ",28,8,4.7,"scooter",2,"No","Semi-Urban","Windy","Jam ",1,"N",15
37,"Drinks ",28,19,4.7,"motorcycle",0,"No","Metropolitan","Fog","Medium",0,"N",15
22,"Buffet ",27,7,4.8,"motorcycle",1,"No","Metropolitan","Sandstorms","Low ",1,"N",15
23,"Buffet ",39,23,4.6,"motorcycle",0,"No","Metropolitan","Cloudy","Low ",1,"N",15
26,"Buffet ",26,13,4.8,"motorcycle",0,"No","Metropolitan","Windy","Medium",1,"Y",15
15,"Drinks ",32,13,4.7,"electric_scooter",1,"No","Metropolitan","Windy","Low ",1,"Y",5
27,"Buffet ",33,23,4.5,"motorcycle",1,"No","Semi-Urban","Windy","High ",1,"N",5
10,"Meal ",27,21,4.9,"scooter",1,"No","Urban","Windy","Jam",0,"Y",5
21,"Snack ",29,12,4.9,"scooter",2,"No","Metropolitan","Sunny","Jam ",1,"N",10
23,"Buffet ",21,19,4.7,"motorcycle",1,"No","Metropolitan","Sunny","Low ",0,"Y",10
27,"Drinks ",35,9,4.7,"motorcycle",0,"No","Urban","Sunny","Low ",1,"N",15
46,"Drinks ",25,18,4.9,"motorcycle",0,"No","Urban","Fog","Jam",1,"N",15
36,"Buffet ",23,6,4.6,"motorcycle",0,"No","Metropolitan","Windy","Medium",1,"N",5
26,"Buffet ",39,5,4.7,"motorcycle",1,"No","Semi-Urban","Windy","Low ",1,"N",5
27,"Buffet ",25,13,5,"electric_scooter",0,"No","Metropolitan","Windy","Medium",1,"N",10
48,"Buffet ",21,23,4.7,"motorcycle",0,"Yes","Semi-Urban","Fog","Jam",1,"N",15
26,"Buffet ",23,1,4.5,"electric_scooter",2,"No","Semi-Urban","Windy","Jam ",1,"N",10
18,"Snack ",36,21,4.7,"motorcycle",0,"No","Urban","Windy","Low",1,"Y",10
26,"Drinks ",22,14,4.9,"scooter",2,"No","Metropolitan","Windy","Medium",1,"N",10
35,"Snack ",21,7,4.1,"motorcycle",1,"No","Metropolitan","Fog","Jam ",0,"Y",5
10,"Snack ",36,18,4.7,"scooter",1,"No","Urban","Sandstorms","Low",0,"N",10
42,"Snack ",23,12,3.2,"motorcycle",2,"No","Metropolitan","Sunny","Low ",2,"Y",10
37,"Snack ",29,14,4.4,"scooter",2,"No","Metropolitan","Cloudy","Medium",1,"Y",5
34,"Snack ",23,13,4.3,"electric_scooter",0,"No","Semi-Urban","Cloudy","Medium",1,"N",10
29,"Meal ",36,16,4.6,"motorcycle",0,"No","Urban","Fog","Jam ",1,"N",10
28,"Drinks ",36,23,4.7,"motorcycle",2,"No","Metropolitan","Stormy","Jam ",1,"N",10
33,"Snack ",38,3,4.6,"scooter",2,"No","Urban","Cloudy","Jam ",0,"N",15
14,"Meal ",38,15,4.8,"motorcycle",2,"No","Urban","Cloudy","Medium",1,"Y",10
21,"Drinks ",33,19,4.8,"scooter",2,"No","Urban","Sandstorms","Low ",0,"N",25
15,"Snack ",22,23,4.7,"scooter",2,"No","Urban","Stormy","Jam",0,"N",10
15,"Snack ",21,19,4.7,"scooter",2,"No","Urban","Windy","Medium",1,"N",5
24,"Buffet ",37,3,5,"scooter",2,"No","Urban","Windy","Medium",0,"N",5
24,"Buffet ",30,3,4.6,"motorcycle",0,"No","Metropolitan","Stormy","Low ",1,"N",15
22,"Buffet ",34,23,4.6,"motorcycle",2,"No","Metropolitan","Cloudy","High ",0,"Y",5
13,"Snack ",35,18,4.8,"electric_scooter",1,"No","Metropolitan","Sunny","Low ",0,"N",15
15,"Meal ",38,13,4.7,"electric_scooter",2,"No","Metropolitan","Windy","Medium",1,"Y",5
18,"Buffet ",21,1,4.7,"motorcycle",1,"No","Urban","Cloudy","Low ",0,"N",5
14,"Snack ",37,23,4.8,"scooter",0,"No","Urban","Windy","Medium",0,"N",15
33,"Snack ",25,11,4.2,"scooter",2,"No","Metropolitan","Stormy","High ",0,"N",10
27,"Drinks ",20,18,5,"motorcycle",0,"No","Urban","Fog","Medium",1,"N",5
34,"Buffet ",29,23,4.4,"scooter",2,"No","Urban","Sandstorms","Jam ",1,"Y",5
39,"Drinks ",32,8,4.2,"electric_scooter",1,"No","Urban","Stormy","Low ",1,"N",15
28,"Meal ",28,12,4.5,"motorcycle",0,"No","Urban","Cloudy","Low ",1,"Y",10
16,"Meal ",25,16,4.7,"scooter",2,"No","Urban","Stormy","Jam",0,"N",10
31,"Snack ",32,21,4.7,"motorcycle",0,"No","Metropolitan","Cloudy","Jam",0,"N",5
32,"Buffet ",26,2,4.3,"electric_scooter",0,"No","Metropolitan","Windy","High ",0,"Y",10
17,"Drinks ",29,15,4.5,"motorcycle",0,"No","Metropolitan","Stormy","Low ",0,"N",15
29,"Buffet ",21,2,4.8,"motorcycle",0,"No","Metropolitan","Fog","High ",1,"N",15
37,"Buffet ",39,1,4,"scooter",2,"No","Urban","Fog","Jam",0,"N",5
19,"Buffet ",27,7,4.6,"electric_scooter",2,"No","Metropolitan","Sunny","High ",1,"N",5
36,"Meal ",37,2,4.4,"scooter",2,"No","Metropolitan","Sandstorms","Low ",2,"N",15
20,"Drinks ",36,12,4.8,"electric_scooter",2,"No","Metropolitan","Sunny","Jam ",1,"N",5
49,"Snack ",22,14,4.2,"motorcycle",0,"Yes","Semi-Urban","Windy","Jam ",1,"N",10
25,"Buffet ",29,23,4.6,"scooter",2,"No","Metropolitan","Sandstorms","Jam ",1,"N",5
23,"Drinks ",25,14,4.7,"motorcycle",0,"No","Metropolitan","Cloudy","Low ",1,"N",15
32,"Snack ",29,7,4.3,"scooter",1,"No","Metropolitan","Windy","Jam ",1,"N",15
14,"Drinks ",31,19,4.5,"scooter",2,"No","Semi-Urban","Cloudy","Low ",1,"Y",5
26,"Meal ",29,12,4.7,"motorcycle",0,"No","Metropolitan","Sandstorms","Medium",1,"N",10
21,"Drinks ",36,19,4.6,"motorcycle",0,"No","Metropolitan","Fog","High ",0,"N",10
24,"Meal ",23,21,4.7,"scooter",0,"No","Urban","Fog","Low",1,"N",5
30,"Meal ",37,1,4.5,"electric_scooter",2,"No","Urban","Sandstorms","Jam",1,"N",5
29,"Snack ",30,11,4.6,"motorcycle",2,"No","Urban","Windy","High ",1,"N",15
20,"Buffet ",35,23,4.1,"scooter",0,"No","Metropolitan","Stormy","Low ",0,"N",15
29,"Meal ",30,5,4.7,"electric_scooter",2,"No","Metropolitan","Sandstorms","Jam ",1,"Y",15
20,"Meal ",39,7,4.7,"motorcycle",1,"No","Metropolitan","Sunny","Medium",0,"Y",5
33,"Drinks ",29,7,4.7,"electric_scooter",2,"No","Semi-Urban","Fog","Medium",1,"Y",10
33,"Buffet ",33,3,4.1,"motorcycle",1,"No","Metropolitan","Stormy","High ",1,"N",5
39,"Buffet ",27,1,4,"scooter",2,"No","Semi-Urban","Cloudy","Jam ",1,"Y",15
14,"Drinks ",35,1,4.5,"motorcycle",2,"No","Urban","Stormy","High",0,"Y",15
38,"Meal ",34,23,4.9,"motorcycle",0,"No","Metropolitan","Fog","Jam ",1,"N",10
24,"Snack ",24,22,4.8,"scooter",2,"No","Metropolitan","Windy","Medium",0,"N",10
29,"Meal ",21,2,4.8,"motorcycle",0,"No","Metropolitan","Fog","High ",1,"N",15
29,"Buffet ",29,17,4.9,"motorcycle",2,"No","Metropolitan","Windy","Jam ",1,"N",5
22,"Buffet ",24,6,4.7,"scooter",2,"No","Metropolitan","Stormy","Low ",1,"N",5
34,"Buffet ",32,9,3.6,"motorcycle",1,"No","Metropolitan","Sandstorms","Jam ",1,"N",10
32,"Meal ",37,19,4.3,"motorcycle",2,"No","Semi-Urban","Sandstorms","High ",1,"N",10
25,"Meal ",21,5,5,"motorcycle",0,"No","Metropolitan","Sunny","Jam",1,"N",5
24,"Snack ",21,17,4.7,"motorcycle",1,"No","Urban","Stormy","High",0,"N",5
21,"Buffet ",20,23,4.9,"motorcycle",2,"No","Semi-Urban","Fog","Jam",0,"N",15
22,"Meal ",29,12,4.6,"motorcycle",1,"No","Metropolitan","Sandstorms","Low ",1,"N",15
26,"Drinks ",32,7,5,"scooter",1,"No","Metropolitan","Sandstorms","Jam ",1,"N",5
22,"Drinks ",32,21,4.7,"motorcycle",0,"No","Semi-Urban","Windy","Low ",1,"Y",10
17,"Snack ",22,22,4.9,"motorcycle",0,"No","Urban","Stormy","Medium",0,"N",15
19,"Drinks ",36,16,4.8,"motorcycle",2,"No","Metropolitan","Windy","Jam ",0,"N",10
19,"Drinks ",27,23,4.5,"motorcycle",0,"No","Metropolitan","Sandstorms","Low ",1,"N",15
29,"Buffet ",35,3,4.9,"electric_scooter",0,"No","Metropolitan","Sandstorms","Medium",1,"N",10
22,"Meal ",31,21,4.6,"scooter",2,"No","Urban","Stormy","Medium",1,"N",15
13,"Snack ",32,22,4.8,"electric_scooter",1,"No","Urban","Sandstorms","Low ",0,"N",5
23,"Meal ",25,22,4.9,"electric_scooter",1,"No","Semi-Urban","Sandstorms","High ",0,"N",15
13,"Snack ",27,23,4.9,"electric_scooter",1,"No","Metropolitan","Stormy","Low",1,"N",10
33,"Buffet ",24,7,4.1,"motorcycle",0,"No","Urban","Stormy","Jam ",1,"Y",5
21,"Drinks ",35,16,4.9,"electric_scooter",0,"No","Urban","Fog","Low",1,"N",5
25,"Snack ",30,17,5,"scooter",2,"No","Urban","Sunny","Jam",1,"N",5
14,"Drinks ",29,17,4.8,"motorcycle",2,"No","Metropolitan","Sunny","Medium",1,"Y",10
16,"Drinks ",36,15,4.6,"motorcycle",2,"No","Urban","Sunny","High",0,"N",10
30,"Buffet ",38,5,4.6,"motorcycle",1,"No","Metropolitan","Cloudy","Medium",1,"N",5
24,"Drinks ",27,6,4.8,"motorcycle",0,"No","Semi-Urban","Stormy","Low ",1,"N",5
31,"Meal ",22,9,4.1,"electric_scooter",2,"No","Metropolitan","Fog","Medium",1,"N",15
13,"Buffet ",31,16,4.8,"motorcycle",2,"No","Urban","Sandstorms","Low",0,"N",5
22,"Buffet ",23,2,4.9,"motorcycle",0,"No","Metropolitan","Fog","Low ",0,"N",10
17,"Meal ",22,18,4.8,"motorcycle",2,"No","Urban","Sunny","Medium",0,"N",15
25,"Snack ",38,22,5,"motorcycle",2,"No","Urban","Sandstorms","Jam ",1,"N",10
32,"Snack ",39,2,4.1,"scooter",2,"No","Urban","Windy","Jam ",1,"N",10
13,"Meal ",25,18,4.9,"scooter",1,"No","Semi-Urban","Windy","Low ",0,"N",20
15,"Snack ",38,8,4.8,"scooter",1,"No","Metropolitan","Sandstorms","Low ",1,"N",15
18,"Meal ",30,4,4.5,"electric_scooter",2,"No","Urban","Cloudy","Medium",0,"Y",5
32,"Drinks ",21,12,4.8,"scooter",1,"No","Metropolitan","Fog","High ",0,"N",10
26,"Snack ",31,16,4.8,"scooter",1,"No","Metropolitan","Sandstorms","Medium",0,"N",5
27,"Buffet ",37,7,4.8,"electric_scooter",2,"No","Metropolitan","Stormy","Jam ",1,"N",15
24,"Meal ",23,7,4.8,"motorcycle",1,"No","Metropolitan","Sandstorms","Low ",1,"N",5
36,"Meal ",23,5,3.5,"motorcycle",2,"No","Metropolitan","Fog","Low ",0,"N",10
15,"Meal ",31,23,5,"electric_scooter",2,"No","Metropolitan","Sunny","Low ",0,"Y",5
23,"Meal ",36,22,4.9,"scooter",2,"No","Semi-Urban","Stormy","Jam ",1,"N",5
28,"Buffet ",29,23,5,"motorcycle",2,"No","Metropolitan","Sunny","Low ",1,"N",15
18,"Buffet ",28,21,4.8,"motorcycle",1,"No","Metropolitan","Windy","Jam ",0,"N",5
42,"Buffet ",28,14,4,"motorcycle",2,"No","Semi-Urban","Cloudy","Medium",1,"N",10
17,"Meal ",29,19,4.7,"motorcycle",1,"No","Metropolitan","Fog","Low ",0,"N",15
37,"Buffet ",34,9,4.7,"scooter",2,"No","Metropolitan","Fog","Jam ",0,"Y",5
38,"Snack ",26,7,4.7,"motorcycle",0,"No","Semi-Urban","Fog","Jam ",1,"N",15
33,"Snack ",23,13,4.8,"motorcycle",1,"No","Metropolitan","Windy","Jam ",1,"Y",10
21,"Drinks ",32,5,4.6,"motorcycle",0,"No","Urban","Sunny","Low ",1,"N",25
21,"Meal ",28,19,4.5,"scooter",1,"No","Urban","Windy","Low ",0,"N",15
17,"Meal ",30,16,4.9,"scooter",1,"No","Metropolitan","Sunny","Jam ",0,"N",5
32,"Meal ",28,19,4.3,"motorcycle",0,"No","Urban","Stormy","Jam",1,"N",15
47,"Drinks ",37,9,4.7,"scooter",0,"Yes","Metropolitan","Cloudy","Jam ",1,"N",15
48,"Buffet ",31,2,4.3,"motorcycle",0,"Yes","Semi-Urban","Windy","High ",1,"N",10
16,"Drinks ",28,22,4.8,"motorcycle",1,"No","Urban","Sandstorms","Low",1,"N",10
16,"Meal ",25,9,4.9,"motorcycle",2,"No","Metropolitan","Sunny","High ",0,"N",10
14,"Meal ",23,3,4.7,"electric_scooter",2,"No","Urban","Sandstorms","Low",1,"N",5
36,"Snack ",28,17,4.5,"motorcycle",0,"No","Metropolitan","Fog","Jam ",1,"N",5
29,"Snack ",22,13,4.9,"scooter",2,"No","Semi-Urban","Sandstorms","Jam ",1,"Y",5
18,"Buffet ",20,12,4.6,"electric_scooter",1,"No","Metropolitan","Windy","Jam ",1,"N",5
42,"Snack ",30,14,4.6,"electric_scooter",2,"No","Metropolitan","Fog","Medium",3,"N",15
15,"Snack ",23,16,4.8,"scooter",1,"No","Urban","Windy","Jam",1,"N",15
47,"Drinks ",21,11,4.2,"motorcycle",0,"No","Semi-Urban","Stormy","Medium",1,"N",10
37,"Drinks ",30,15,4.6,"motorcycle",1,"No","Semi-Urban","Fog","Medium",2,"N",10
34,"Drinks ",24,17,4.3,"motorcycle",0,"No","Metropolitan","Stormy","High ",1,"N",10
28,"Drinks ",20,19,4.9,"motorcycle",0,"No","Metropolitan","Windy","Jam",1,"N",15
26,"Buffet ",25,13,4.7,"scooter",2,"No","Metropolitan","Fog","Jam ",1,"N",15
19,"Snack ",29,15,4.6,"scooter",1,"No","Urban","Stormy","Low",1,"N",5
26,"Drinks ",30,16,4.6,"electric_scooter",2,"No","Urban","Stormy","Jam",0,"N",15
28,"Drinks ",37,23,4.5,"electric_scooter",2,"No","Metropolitan","Sandstorms","Medium",1,"Y",15
33,"Snack ",39,9,4.2,"electric_scooter",0,"No","Metropolitan","Sunny","Medium",1,"N",5
26,"Drinks ",32,17,4.9,"electric_scooter",2,"No","Metropolitan","Stormy","Jam",0,"N",10
31,"Meal ",39,13,4,"scooter",2,"No","Metropolitan","Fog","Jam ",1,"N",5
29,"Buffet ",23,14,4.6,"motorcycle",1,"No","Metropolitan","Stormy","Jam ",0,"N",15
30,"Snack ",29,1,4.6,"scooter",2,"No","Metropolitan","Fog","Jam ",1,"Y",5
33,"Meal ",33,11,3.8,"scooter",2,"No","Metropolitan","Fog","Jam ",1,"Y",5
25,"Drinks ",31,11,4.4,"motorcycle",0,"No","Metropolitan","Sandstorms","Low ",1,"Y",5
16,"Drinks ",38,21,4.5,"electric_scooter",2,"No","Urban","Fog","Low ",1,"Y",5
19,"Meal ",23,21,4.9,"motorcycle",2,"No","Metropolitan","Sunny","Low ",0,"Y",15
27,"Buffet ",21,23,4.7,"scooter",1,"No","Urban","Cloudy","Low",1,"N",15
17,"Meal ",31,12,4.9,"electric_scooter",2,"No","Metropolitan","Sunny","Low ",0,"N",5
43,"Drinks ",22,4,4.7,"motorcycle",0,"No","Metropolitan","Sandstorms","Jam ",2,"N",10
16,"Drinks ",21,7,4.7,"motorcycle",1,"No","Metropolitan","Sunny","Jam ",0,"Y",10
49,"Snack ",34,8,4.9,"motorcycle",0,"No","Metropolitan","Cloudy","Jam ",3,"Y",15
34,"Snack ",37,8,4,"motorcycle",1,"No","Metropolitan","Sandstorms","Jam ",0,"N",5
12,"Buffet ",27,17,4.9,"motorcycle",1,"No","Urban","Sandstorms","Low",0,"N",5
38,"Drinks ",33,6,4.3,"electric_scooter",2,"No","Urban","Stormy","Medium",2,"N",15
16,"Meal ",31,13,5,"motorcycle",1,"No","Metropolitan","Stormy","Low ",0,"Y",15
31,"Meal ",34,15,4.7,"scooter",1,"No","Metropolitan","Cloudy","High ",1,"Y",15
28,"Meal ",27,3,4.5,"electric_scooter",0,"No","Metropolitan","Cloudy","Low ",0,"N",10
29,"Drinks ",21,1,4.8,"scooter",0,"No","Metropolitan","Sunny","Jam ",1,"Y",5
17,"Buffet ",30,19,4.9,"electric_scooter",1,"No","Metropolitan","Sunny","Jam ",0,"N",10
20,"Snack ",29,19,5,"scooter",2,"No","Urban","Sunny","Low ",1,"N",10
25,"Buffet ",29,17,4.9,"motorcycle",0,"No","Metropolitan","Windy","Low ",0,"Y",15
20,"Buffet ",30,1,4.5,"scooter",0,"No","Metropolitan","Sunny","Medium",0,"N",10
15,"Buffet ",37,12,4.9,"scooter",2,"No","Semi-Urban","Sandstorms","Low ",0,"N",5
24,"Buffet ",39,3,4.9,"motorcycle",0,"No","Metropolitan","Fog","Low ",1,"N",15
10,"Meal ",36,9,5,"motorcycle",1,"No","Metropolitan","Cloudy","Low ",1,"N",5
26,"Snack ",33,3,4.5,"scooter",1,"No","Urban","Sandstorms","Medium",1,"Y",10
15,"Buffet ",28,3,4.5,"scooter",1,"No","Metropolitan","Stormy","Low ",1,"N",5
24,"Buffet ",36,22,4.8,"motorcycle",1,"No","Metropolitan","Sandstorms","Medium",1,"Y",5
33,"Snack ",38,5,4.2,"electric_scooter",2,"No","Urban","Cloudy","Jam ",0,"N",15
27,"Buffet ",20,19,4.9,"electric_scooter",2,"No","Metropolitan","Stormy","High ",1,"N",5
45,"Snack ",36,8,4.3,"motorcycle",0,"No","Urban","Sandstorms","Medium",1,"N",10
28,"Buffet ",22,13,5,"electric_scooter",2,"No","Metropolitan","Windy","Low ",1,"Y",15
39,"Meal ",36,6,4.7,"scooter",0,"Yes","Urban","Stormy","High ",2,"N",15
36,"Buffet ",32,14,4.3,"motorcycle",0,"No","Metropolitan","Stormy","Jam ",2,"N",15
27,"Meal ",30,8,4.6,"motorcycle",2,"No","Metropolitan","Stormy","Low ",1,"N",5
19,"Drinks ",29,17,4.6,"motorcycle",0,"No","Semi-Urban","Fog","Low ",0,"N",10
24,"Buffet ",27,14,4.5,"motorcycle",0,"No","Metropolitan","Sandstorms","Low ",0,"N",10
32,"Drinks ",39,15,4.5,"scooter",2,"No","Metropolitan","Sunny","Jam ",1,"Y",5
38,"Meal ",34,13,4.2,"scooter",1,"No","Metropolitan","Cloudy","Medium",1,"N",10
26,"Meal ",39,2,4.6,"electric_scooter",1,"No","Metropolitan","Stormy","High ",1,"Y",5
36,"Meal ",27,13,4.8,"scooter",1,"No","Metropolitan","Cloudy","Jam ",2,"N",15
36,"Drinks ",29,8,4.2,"motorcycle",0,"No","Metropolitan","Stormy","Medium",1,"N",10
15,"Drinks ",35,19,4.6,"electric_scooter",2,"No","Urban","Windy","Low ",1,"N",5
21,"Drinks ",33,23,4.7,"motorcycle",0,"No","Metropolitan","Cloudy","Low ",0,"N",10
16,"Meal ",39,14,4.7,"electric_scooter",1,"No","Metropolitan","Sunny","Low ",1,"Y",5
41,"Buffet ",34,21,4.9,"motorcycle",0,"No","Metropolitan","Cloudy","Jam ",0,"N",5
31,"Drinks ",34,12,3.8,"electric_scooter",2,"No","Metropolitan","Sunny","Jam ",1,"N",10
43,"Drinks ",23,4,4.3,"motorcycle",0,"No","Urban","Sunny","High ",1,"Y",15
20,"Meal ",21,18,4.9,"scooter",2,"No","Metropolitan","Stormy","Medium",1,"N",5
19,"Drinks ",22,8,4.6,"electric_scooter",1,"No","Metropolitan","Sunny","Jam ",1,"N",10
26,"Drinks ",24,22,4.7,"electric_scooter",1,"No","Semi-Urban","Windy","Low ",1,"N",10
33,"Drinks ",32,3,4.1,"electric_scooter",2,"No","Urban","Windy","Jam ",1,"N",5
10,"Meal ",24,21,5,"motorcycle",1,"No","Urban","Sandstorms","Low",0,"N",15
34,"Buffet ",28,3,4.4,"motorcycle",1,"No","Urban","Stormy","Medium",0,"N",10
16,"Drinks ",39,23,4.9,"electric_scooter",0,"No","Metropolitan","Windy","Jam",1,"N",15
20,"Drinks ",25,16,4.7,"motorcycle",0,"No","Metropolitan","Sunny","Medium",1,"N",5
33,"Meal ",37,15,4.2,"motorcycle",0,"No","Urban","Sandstorms","Low ",1,"N",10
20,"Snack ",26,15,4.6,"motorcycle",2,"No","Metropolitan","Stormy","Jam ",0,"N",15
17,"Meal ",29,17,4.6,"motorcycle",2,"No","Semi-Urban","Fog","Low",1,"N",15
23,"Meal ",37,21,4.7,"electric_scooter",1,"No","Urban","Sandstorms","Medium",0,"Y",10
17,"Drinks ",29,2,4.5,"scooter",1,"No","Urban","Sunny","Jam",0,"N",5
33,"Drinks ",35,21,4.3,"motorcycle",1,"No","Semi-Urban","Windy","Medium",1,"N",10
25,"Buffet ",38,2,4.7,"motorcycle",1,"No","Urban","Stormy","Jam",0,"N",15
24,"Drinks ",35,18,5,"motorcycle",0,"No","Metropolitan","Windy","Low ",1,"N",5
22,"Buffet ",25,3,5,"motorcycle",0,"No","Urban","Fog","Low ",1,"N",5
13,"Drinks ",33,18,4.8,"electric_scooter",0,"No","Metropolitan","Sunny","Low ",1,"N",15
29,"Buffet ",29,6,4.8,"motorcycle",0,"No","Metropolitan","Stormy","Low ",1,"N",5
28,"Snack ",39,18,4.3,"motorcycle",0,"No","Semi-Urban","Windy","Low ",1,"N",25
36,"Drinks ",31,4,4.4,"motorcycle",0,"No","Urban","Sandstorms","Jam",1,"N",15
17,"Snack ",36,22,4.7,"scooter",1,"No","Urban","Stormy","Medium",0,"N",10
12,"Meal ",39,18,4.8,"scooter",2,"No","Metropolitan","Stormy","Low ",1,"N",5
17,"Snack ",30,15,4.6,"scooter",0,"No","Metropolitan","Sandstorms","Low ",0,"N",20
24,"Drinks ",35,4,4.9,"scooter",2,"No","Metropolitan","Cloudy","Jam ",1,"N",15
20,"Snack ",33,4,5,"motorcycle",0,"No","Metropolitan","Sunny","Low ",1,"Y",15
22,"Drinks ",38,17,4.9,"motorcycle",2,"No","Metropolitan","Sandstorms","Jam ",0,"Y",15
27,"Drinks ",22,12,4.8,"motorcycle",0,"No","Semi-Urban","Stormy","Jam ",0,"Y",10
34,"Meal ",20,4,4.6,"motorcycle",0,"No","Urban","Stormy","Jam ",1,"N",5
28,"Buffet ",32,21,4.5,"scooter",1,"No","Urban","Windy","Jam",1,"N",15
17,"Buffet ",34,17,4.3,"scooter",0,"No","Metropolitan","Windy","Low ",1,"N",15
32,"Snack ",30,3,3.9,"motorcycle",2,"No","Metropolitan","Cloudy","Low ",1,"N",5
29,"Snack ",34,14,4.8,"scooter",1,"No","Metropolitan","Stormy","Medium",0,"N",5
30,"Meal ",26,6,4.7,"motorcycle",2,"No","Metropolitan","Cloudy","Jam ",1,"N",5
16,"Buffet ",25,21,4.8,"motorcycle",1,"No","Urban","Sunny","Low",0,"N",10
31,"Snack ",24,4,4.4,"motorcycle",1,"No","Semi-Urban","Stormy","Jam ",0,"N",5
34,"Snack ",39,5,4,"scooter",1,"No","Urban","Cloudy","Medium",1,"N",5
39,"Drinks ",20,8,4,"scooter",0,"No","Metropolitan","Windy","Medium",1,"Y",5
22,"Snack ",38,19,4.8,"motorcycle",1,"No","Metropolitan","Sandstorms","Low ",0,"N",15
20,"Snack ",36,19,4.9,"electric_scooter",0,"No","Metropolitan","Cloudy","Jam ",1,"N",15
38,"Snack ",31,9,4.6,"scooter",2,"No","Metropolitan","Fog","Medium",1,"N",15
31,"Drinks ",22,19,3.5,"scooter",1,"No","Metropolitan","Cloudy","Low ",0,"Y",15
29,"Drinks ",20,13,4.1,"motorcycle",0,"No","Metropolitan","Windy","Low ",1,"N",15
22,"Snack ",24,21,4.9,"electric_scooter",1,"No","Semi-Urban","Sandstorms","Low ",1,"N",20
38,"Meal ",25,8,4.3,"scooter",0,"No","Semi-Urban","Fog","Low ",2,"Y",15
22,"Snack ",38,19,4.7,"motorcycle",0,"No","Urban","Fog","Low",1,"N",10
47,"Snack ",36,21,4.7,"electric_scooter",0,"No","Semi-Urban","Stormy","Jam ",0,"Y",10
25,"Meal ",30,6,5,"motorcycle",1,"No","Metropolitan","Windy","Medium",0,"N",10
17,"Meal ",28,21,5,"scooter",1,"No","Metropolitan","Sunny","Jam ",1,"N",15
28,"Snack ",34,15,4.9,"electric_scooter",2,"No","Metropolitan","Sunny","Low ",1,"Y",5
18,"Buffet ",33,9,4.4,"motorcycle",0,"No","Metropolitan","Stormy","Low ",1,"Y",15
38,"Drinks ",32,1,4.8,"motorcycle",0,"No","Metropolitan","Fog","Medium",1,"N",15
12,"Meal ",22,6,4.7,"electric_scooter",2,"No","Semi-Urban","Stormy","Low ",1,"N",10
18,"Drinks ",28,16,4.9,"scooter",2,"No","Metropolitan","Windy","Low ",1,"N",15
35,"Snack ",28,7,4.2,"motorcycle",0,"No","Semi-Urban","Windy","Jam ",1,"N",10
38,"Snack ",23,23,4.3,"scooter",1,"No","Urban","Windy","Medium",2,"N",5
28,"Buffet ",33,2,4.9,"scooter",1,"No","Metropolitan","Fog","High ",1,"N",15
23,"Drinks ",22,19,4.5,"electric_scooter",2,"No","Metropolitan","Stormy","Medium",1,"N",15
35,"Snack ",28,4,4.9,"scooter",1,"No","Metropolitan","Fog","Jam ",1,"N",10
25,"Drinks ",36,15,4.8,"motorcycle",1,"No","Metropolitan","Sandstorms","Medium",1,"Y",5
44,"Drinks ",26,2,4.7,"motorcycle",0,"No","Urban","Cloudy","Jam ",1,"N",5
21,"Snack ",39,23,4.7,"scooter",2,"No","Semi-Urban","Cloudy","High ",0,"Y",5
23,"Meal ",38,12,4.3,"motorcycle",0,"No","Metropolitan","Windy","Low ",0,"Y",5
18,"Buffet ",33,21,4.7,"scooter",1,"No","Metropolitan","Sandstorms","Jam ",1,"N",15
27,"Buffet ",24,12,4.7,"scooter",2,"No","Metropolitan","Windy","High ",1,"N",10
32,"Drinks ",36,21,4.8,"motorcycle",1,"No","Metropolitan","Stormy","High ",1,"N",5
29,"Snack ",37,9,4.6,"motorcycle",1,"No","Urban","Windy","Low ",1,"N",15
25,"Snack ",30,16,4.5,"motorcycle",1,"No","Metropolitan","Sunny","Jam ",1,"N",10
21,"Buffet ",20,23,4.9,"motorcycle",2,"No","Metropolitan","Sunny","Jam ",1,"N",15
19,"Meal ",37,21,4.8,"motorcycle",2,"No","Metropolitan","Windy","Jam ",0,"N",5
13,"Drinks ",39,17,4.9,"scooter",1,"No","Urban","Stormy","Low",0,"Y",5
37,"Buffet ",31,8,4.8,"motorcycle",0,"No","Metropolitan","Stormy","Jam ",1,"N",15
27,"Buffet ",39,2,4.9,"motorcycle",2,"No","Semi-Urban","Stormy","Medium",1,"N",10
29,"Meal ",30,3,4.5,"motorcycle",1,"No","Metropolitan","Fog","Low ",0,"N",5
11,"Buffet ",37,3,4.7,"motorcycle",1,"No","Metropolitan","Cloudy","Low",0,"N",10
34,"Snack ",25,17,4.6,"electric_scooter",2,"No","Metropolitan","Sandstorms","Jam ",0,"Y",5
24,"Meal ",36,14,4.8,"electric_scooter",2,"No","Metropolitan","Sandstorms","Medium",1,"Y",5
19,"Drinks ",33,18,4.9,"motorcycle",2,"No","Urban","Stormy","Low",1,"Y",15
26,"Buffet ",30,13,4.7,"motorcycle",0,"No","Metropolitan","Windy","Medium",1,"Y",5
15,"Drinks ",31,23,4.8,"motorcycle",2,"No","Urban","Fog","Low",0,"N",5
37,"Snack ",36,3,4.3,"electric_scooter",1,"No","Urban","Stormy","Jam ",1,"Y",10
28,"Snack ",21,23,4.6,"electric_scooter",0,"No","Semi-Urban","Sandstorms","Low ",1,"Y",5
24,"Snack ",29,21,4.7,"motorcycle",0,"No","Semi-Urban","Stormy","Low ",1,"N",10
12,"Meal ",21,21,4.8,"motorcycle",2,"No","Urban","Windy","Jam",0,"N",15
53,"Snack ",39,14,4.9,"motorcycle",0,"Yes","Metropolitan","Stormy","Jam ",1,"Y",10
28,"Drinks ",37,18,4.5,"electric_scooter",2,"No","Metropolitan","Stormy","Medium",1,"Y",5
47,"Snack ",36,3,5,"motorcycle",0,"Yes","Urban","Fog","Jam ",1,"N",10
49,"Snack ",23,18,4.8,"motorcycle",0,"No","Metropolitan","Windy","Medium",1,"N",15
35,"Meal ",36,9,4.9,"scooter",2,"No","Metropolitan","Fog","Jam ",1,"Y",10
22,"Meal ",22,9,4.9,"electric_scooter",2,"No","Metropolitan","Fog","Low ",1,"N",15
22,"Drinks ",20,8,4.9,"motorcycle",0,"No","Metropolitan","Stormy","Low ",1,"N",15
34,"Drinks ",21,21,5,"motorcycle",2,"No","Metropolitan","Cloudy","Jam ",1,"N",10
34,"Drinks ",30,17,4.7,"electric_scooter",2,"No","Metropolitan","Sandstorms","Medium",1,"N",5
23,"Snack ",38,23,4.7,"motorcycle",2,"No","Metropolitan","Sunny","Low ",1,"N",5
32,"Drinks ",29,16,4.7,"motorcycle",2,"No","Metropolitan","Stormy","Jam ",0,"Y",5
27,"Meal ",38,17,5,"scooter",0,"No","Urban","Stormy","Jam",1,"Y",5
34,"Meal ",38,2,4.9,"scooter",1,"No","Urban","Cloudy","Medium",0,"N",15
35,"Buffet ",23,22,4.7,"motorcycle",0,"No","Urban","Fog","Jam",1,"N",10
33,"Meal ",20,9,4.9,"electric_scooter",1,"No","Semi-Urban","Cloudy","Jam ",1,"Y",5
39,"Snack ",26,13,3.9,"electric_scooter",2,"No","Metropolitan","Fog","Low ",1,"N",30
21,"Buffet ",34,12,5,"motorcycle",1,"No","Metropolitan","Sunny","Low ",0,"N",15
35,"Drinks ",31,9,4,"scooter",0,"No","Metropolitan","Cloudy","Low ",1,"Y",10
30,"Buffet ",36,8,4.6,"motorcycle",0,"No","Metropolitan","Stormy","Jam ",0,"N",10
17,"Buffet ",21,23,5,"electric_scooter",2,"No","Urban","Windy","Medium",1,"N",5
22,"Drinks ",37,15,4.8,"motorcycle",0,"No","Metropolitan","Fog","Low ",1,"N",5
16,"Snack ",25,3,4.8,"motorcycle",1,"No","Urban","Cloudy","Low ",0,"Y",10
20,"Buffet ",35,16,4.5,"motorcycle",0,"No","Metropolitan","Cloudy","Jam ",0,"N",5
14,"Drinks ",22,2,4.9,"motorcycle",0,"No","Metropolitan","Windy","Medium",1,"N",5
19,"Snack ",31,16,4.6,"motorcycle",0,"No","Metropolitan","Stormy","High ",1,"N",5
26,"Buffet ",23,16,4.7,"motorcycle",0,"No","Urban","Stormy","Medium",0,"Y",15
25,"Snack ",38,23,4.8,"scooter",1,"No","Metropolitan","Stormy","Jam ",1,"N",15
30,"Meal ",29,17,4.7,"motorcycle",1,"No","Urban","Fog","Jam",0,"N",10
18,"Snack ",30,6,4.5,"motorcycle",1,"No","Urban","Sandstorms","Low",0,"N",10
28,"Buffet ",27,16,4.6,"motorcycle",1,"No","Metropolitan","Fog","Low ",0,"N",15
12,"Meal ",30,23,4.6,"scooter",2,"No","Semi-Urban","Windy","Low",0,"N",15
20,"Drinks ",21,17,4.8,"motorcycle",2,"No","Urban","Cloudy","Low ",0,"N",5
29,"Meal ",30,15,4.5,"scooter",1,"No","Metropolitan","Sandstorms","Jam ",1,"Y",10
25,"Meal ",33,4,4.6,"scooter",2,"No","Metropolitan","Fog","Jam ",0,"N",10
25,"Snack ",23,19,4.9,"motorcycle",1,"No","Metropolitan","Windy","Low ",1,"N",15
19,"Buffet ",36,22,4.7,"motorcycle",2,"No","Urban","Windy","Jam",1,"Y",15
32,"Drinks ",32,5,4.1,"motorcycle",1,"No","Semi-Urban","Fog","Jam ",0,"N",5
19,"Snack ",34,3,4.8,"electric_scooter",2,"No","Urban","Stormy","Low ",1,"Y",5
25,"Meal ",29,2,4.9,"motorcycle",0,"No","Metropolitan","Fog","Low ",1,"N",10
31,"Buffet ",30,15,4.5,"electric_scooter",2,"No","Urban","Sunny","Jam",0,"N",10
22,"Meal ",29,2,4.8,"motorcycle",0,"No","Metropolitan","Windy","Low ",0,"N",15
15,"Snack ",25,17,4.8,"motorcycle",1,"No","Semi-Urban","Cloudy","Low",0,"N",15
26,"Meal ",34,12,5,"scooter",1,"No","Urban","Stormy","High ",1,"N",5
25,"Snack ",30,18,5,"motorcycle",1,"No","Metropolitan","Windy","Jam ",1,"N",5
17,"Buffet ",26,4,4.9,"electric_scooter",1,"No","Metropolitan","Sunny","Low ",0,"Y",15
26,"Buffet ",30,23,4.9,"motorcycle",1,"No","Urban","Stormy","Medium",1,"N",5
12,"Drinks ",31,13,4.7,"motorcycle",1,"No","Metropolitan","Sunny","High ",0,"N",5
40,"Drinks ",34,13,4.6,"scooter",1,"No","Metropolitan","Fog","Medium",1,"N",10
30,"Buffet ",35,19,4.7,"motorcycle",1,"No","Metropolitan","Windy","Jam ",0,"N",15
29,"Buffet ",23,18,4.8,"motorcycle",1,"No","Metropolitan","Sunny","Medium",0,"N",10
22,"Buffet ",25,22,5,"motorcycle",0,"No","Metropolitan","Sunny","Jam ",1,"N",10
31,"Drinks ",23,5,3.2,"motorcycle",2,"No","Metropolitan","Sunny","Low ",1,"N",15
15,"Buffet ",24,19,4.6,"scooter",1,"No","Semi-Urban","Sunny","Medium",0,"N",5
44,"Snack ",31,9,4.6,"motorcycle",0,"No","Metropolitan","Fog","Low ",0,"N",30
21,"Buffet ",27,13,5,"scooter",2,"No","Metropolitan","Windy","Medium",1,"Y",15
40,"Snack ",37,13,4.1,"motorcycle",0,"No","Metropolitan","Sandstorms","Jam ",1,"N",10
16,"Buffet ",28,19,4.8,"scooter",2,"No","Metropolitan","Sunny","Medium",0,"N",10
33,"Buffet ",39,8,4.7,"electric_scooter",1,"No","Metropolitan","Fog","High ",1,"N",5
25,"Meal ",30,19,4.6,"motorcycle",0,"No","Urban","Sunny","Jam ",1,"N",10
10,"Snack ",23,1,4.7,"scooter",2,"No","Metropolitan","Sunny","Medium",0,"Y",15
20,"Buffet ",24,3,4.8,"motorcycle",0,"No","Urban","Stormy","Low ",1,"N",15
29,"Snack ",33,1,4.7,"electric_scooter",2,"No","Metropolitan","Sandstorms","Jam ",0,"N",10
40,"Buffet ",22,13,4.3,"scooter",1,"Yes","Metropolitan","Cloudy","Jam ",2,"Y",15
25,"Meal ",36,19,4.8,"scooter",0,"No","Metropolitan","Stormy","High ",1,"N",15
25,"Meal ",22,22,4.8,"motorcycle",1,"No","Metropolitan","Windy","Medium",1,"Y",5
51,"Buffet ",31,3,4.9,"motorcycle",0,"No","Metropolitan","Sandstorms","Jam ",3,"N",10
34,"Drinks ",38,23,5,"motorcycle",0,"No","Metropolitan","Windy","Jam ",1,"Y",15
32,"Meal ",32,5,4.2,"scooter",2,"No","Semi-Urban","Windy","Jam ",1,"N",15
23,"Snack ",28,19,4.8,"scooter",2,"No","Metropolitan","Sunny","Low ",1,"N",10
18,"Meal ",29,16,4.7,"scooter",1,"No","Metropolitan","Sunny","Low ",1,"N",15
30,"Drinks ",32,4,4.8,"scooter",2,"No","Metropolitan","Sunny","Jam ",1,"N",15
35,"Meal ",38,21,3.9,"scooter",2,"No","Metropolitan","Fog","Low ",0,"N",10
22,"Drinks ",22,2,4.5,"motorcycle",1,"No","Metropolitan","Sandstorms","Jam ",1,"N",10
19,"Drinks ",22,6,4.6,"motorcycle",2,"No","Metropolitan","Sandstorms","Low ",1,"N",10
27,"Buffet ",24,21,4.9,"motorcycle",0,"No","Urban","Stormy","Jam",0,"Y",15
28,"Drinks ",30,8,4.8,"electric_scooter",2,"No","Metropolitan","Sandstorms","Low ",1,"N",5
32,"Drinks ",34,6,4.4,"motorcycle",2,"No","Urban","Fog","Medium",0,"N",5
38,"Drinks ",32,1,4.8,"motorcycle",0,"No","Metropolitan","Fog","Medium",1,"N",15
15,"Meal ",39,18,4.8,"motorcycle",1,"No","Urban","Stormy","Jam",0,"Y",5
16,"Drinks ",36,1,4,"motorcycle",0,"No","Urban","Stormy","Low",1,"Y",10
38,"Snack ",20,21,4.4,"electric_scooter",1,"No","Metropolitan","Cloudy","Jam ",1,"N",5
29,"Snack ",20,12,4.5,"electric_scooter",2,"No","Metropolitan","Stormy","Medium",1,"N",15
47,"Snack ",34,13,4.9,"motorcycle",0,"No","Urban","Windy","Jam ",1,"N",5
18,"Drinks ",31,13,5,"scooter",2,"No","Metropolitan","Sunny","Medium",1,"Y",15
15,"Buffet ",36,18,4.8,"scooter",1,"No","Metropolitan","Sunny","Low ",1,"N",5
26,"Buffet ",32,17,4.6,"electric_scooter",1,"No","Metropolitan","Sandstorms","Jam ",1,"N",10
20,"Snack ",23,22,4.8,"motorcycle",1,"No","Metropolitan","Sunny","Jam ",1,"N",10
36,"Snack ",20,4,4.6,"scooter",2,"No","Metropolitan","Fog","Jam ",1,"N",15
12,"Snack ",37,19,4.7,"electric_scooter",1,"No","Urban","Cloudy","Low",1,"Y",5
11,"Meal ",20,21,4.9,"motorcycle",1,"No","Metropolitan","Stormy","Low",1,"N",10
35,"Snack ",28,13,4.9,"motorcycle",1,"No","Urban","Fog","High ",0,"N",5
33,"Drinks ",23,9,5,"motorcycle",0,"No","Metropolitan","Sandstorms","High ",1,"N",5
51,"Meal ",33,3,4.7,"motorcycle",0,"No","Urban","Stormy","Jam ",1,"N",10
29,"Meal ",22,9,4.8,"electric_scooter",1,"No","Metropolitan","Fog","Medium",0,"N",5
17,"Buffet ",20,8,4.9,"electric_scooter",2,"No","Semi-Urban","Sunny","Medium",0,"N",5
42,"Drinks ",20,18,4.9,"scooter",1,"Yes","Metropolitan","Fog","Jam ",1,"N",5
25,"Drinks ",32,9,5,"scooter",2,"No","Urban","Fog","Medium",1,"N",15
25,"Buffet ",23,17,4.8,"scooter",1,"No","Metropolitan","Sandstorms","High ",0,"Y",10
18,"Meal ",23,13,4.6,"motorcycle",2,"No","Semi-Urban","Sunny","Jam ",1,"N",15
20,"Buffet ",33,19,4.7,"scooter",1,"No","Metropolitan","Windy","Low ",1,"N",5
12,"Drinks ",33,14,4.6,"electric_scooter",1,"No","Metropolitan","Cloudy","Low ",0,"N",5
28,"Drinks ",37,23,4.5,"electric_scooter",2,"No","Metropolitan","Sandstorms","Medium",1,"Y",15
27,"Snack ",23,14,4.7,"scooter",2,"No","Semi-Urban","Sunny","Jam ",0,"N",10
42,"Drinks ",25,13,3.7,"scooter",1,"No","Metropolitan","Sandstorms","Jam ",2,"N",5
31,"Meal ",23,4,4.5,"motorcycle",1,"No","Urban","Cloudy","Low",1,"N",5
11,"Meal ",38,23,4.7,"motorcycle",1,"No","Metropolitan","Fog","Medium",0,"N",10
24,"Drinks ",39,18,4.7,"motorcycle",2,"No","Metropolitan","Windy","Jam ",1,"N",10
31,"Meal ",37,3,4.2,"scooter",1,"No","Metropolitan","Sandstorms","Jam ",1,"N",10
27,"Meal ",22,9,4.7,"motorcycle",1,"No","Metropolitan","Windy","Jam ",1,"N",15
32,"Buffet ",22,15,4.9,"motorcycle",1,"No","Metropolitan","Fog","Medium",1,"Y",15
21,"Snack ",21,17,4.7,"electric_scooter",2,"No","Metropolitan","Sunny","Low ",1,"Y",15
19,"Snack ",21,17,4.9,"motorcycle",0,"No","Urban","Cloudy","Low",1,"N",15
27,"Snack ",21,22,4.7,"motorcycle",0,"No","Metropolitan","Windy","Medium",0,"N",15
20,"Snack ",35,15,5,"electric_scooter",1,"No","Urban","Stormy","Jam ",0,"Y",15
41,"Drinks ",36,23,4.5,"motorcycle",0,"No","Metropolitan","Sunny","High ",1,"N",5
28,"Snack ",20,22,4.8,"electric_scooter",2,"No","Urban","Fog","Low",1,"Y",5
19,"Meal ",26,23,4.7,"motorcycle",1,"No","Metropolitan","Windy","Low ",1,"N",10
20,"Buffet ",39,18,4.8,"electric_scooter",1,"No","Metropolitan","Stormy","Low ",1,"Y",15
39,"Buffet ",34,23,4.7,"motorcycle",0,"No","Metropolitan","Windy","Medium",1,"Y",10
25,"Snack ",30,16,4.7,"scooter",2,"No","Semi-Urban","Windy","Medium",1,"Y",10
29,"Snack ",39,22,4.6,"scooter",1,"No","Metropolitan","Windy","Jam ",1,"N",10
22,"Snack ",34,3,5,"scooter",1,"No","Metropolitan","Fog","Jam ",1,"N",10
26,"Buffet ",36,17,4.6,"motorcycle",1,"No","Metropolitan","Sunny","Low ",1,"N",10
19,"Snack ",38,19,4.6,"motorcycle",2,"No","Metropolitan","Fog","Low ",1,"N",5
13,"Snack ",25,6,4.5,"motorcycle",1,"No","Metropolitan","Sandstorms","Low ",0,"N",5
26,"Meal ",22,19,4.5,"electric_scooter",2,"No","Urban","Windy","Medium",0,"N",5
22,"Meal ",24,23,4.9,"motorcycle",1,"No","Metropolitan","Windy","Jam ",1,"Y",10
24,"Drinks ",31,15,4.6,"motorcycle",0,"No","Urban","Sunny","Medium",1,"N",10
23,"Meal ",36,16,4.6,"motorcycle",0,"No","Metropolitan","Stormy","Jam ",1,"N",10
20,"Drinks ",23,13,4.7,"motorcycle",1,"No","Metropolitan","Stormy","Jam ",0,"N",15
25,"Buffet ",22,17,4.8,"scooter",1,"No","Metropolitan","Windy","Low ",1,"N",5
16,"Snack ",37,16,4.8,"motorcycle",2,"No","Metropolitan","Stormy","Low ",1,"N",15
27,"Buffet ",24,18,4.6,"scooter",1,"No","Semi-Urban","Sandstorms","Jam ",1,"N",10
18,"Buffet ",33,9,5,"motorcycle",1,"No","Urban","Windy","Jam ",1,"N",15
42,"Drinks ",23,8,4.5,"motorcycle",0,"No","Metropolitan","Cloudy","Medium",2,"Y",5
40,"Snack ",32,5,4,"scooter",0,"No","Urban","Windy","Medium",1,"Y",15
41,"Buffet ",23,6,2.6,"electric_scooter",2,"No","Urban","Sunny","Low ",1,"N",10
21,"Buffet ",36,22,4.5,"electric_scooter",2,"No","Metropolitan","Sandstorms","Medium",0,"N",5
29,"Meal ",33,9,4.6,"motorcycle",2,"No","Metropolitan","Cloudy","Low ",1,"Y",15
31,"Meal ",24,9,4,"scooter",2,"No","Metropolitan","Stormy","Jam ",1,"N",15
19,"Snack ",33,17,5,"scooter",2,"No","Metropolitan","Fog","Low",1,"N",5
29,"Snack ",39,21,4.8,"electric_scooter",0,"No","Metropolitan","Windy","Medium",1,"N",15
35,"Buffet ",27,3,4.6,"scooter",2,"No","Metropolitan","Cloudy","Jam ",2,"Y",15
26,"Snack ",25,14,4.8,"motorcycle",0,"No","Metropolitan","Stormy","Jam ",1,"Y",15
33,"Meal ",25,18,5,"electric_scooter",2,"No","Urban","Cloudy","Jam",1,"N",15
11,"Buffet ",37,16,4.8,"scooter",2,"No","Urban","Sandstorms","Low",0,"Y",5
29,"Meal ",29,16,5,"motorcycle",1,"No","Urban","Windy","Medium",1,"Y",5
33,"Snack ",26,13,3.5,"motorcycle",2,"No","Metropolitan","Fog","Low ",1,"N",10
21,"Meal ",22,9,4.6,"scooter",2,"No","Metropolitan","Windy","High ",1,"N",15
16,"Drinks ",30,19,4.8,"electric_scooter",1,"No","Metropolitan","Sandstorms","Low ",0,"N",5
33,"Meal ",37,18,4.1,"motorcycle",1,"No","Metropolitan","Sandstorms","Medium",1,"N",15
23,"Meal ",39,19,4.6,"motorcycle",0,"No","Semi-Urban","Windy","Low ",0,"Y",5
29,"Snack ",35,4,4.8,"scooter",2,"No","Metropolitan","Sunny","Low ",0,"N",5
44,"Snack ",32,18,4.8,"motorcycle",0,"No","Metropolitan","Fog","Low ",3,"N",10
35,"Drinks ",26,7,4.8,"electric_scooter",0,"No","Metropolitan","Sandstorms","Medium",1,"N",15
34,"Drinks ",24,4,4.9,"motorcycle",1,"No","Metropolitan","Fog","High ",1,"Y",10
19,"Snack ",28,16,4.6,"motorcycle",1,"No","Urban","Cloudy","Medium",1,"N",15
26,"Snack ",33,6,4.8,"electric_scooter",2,"No","Metropolitan","Sandstorms","Low ",1,"N",5
21,"Buffet ",26,19,4,"motorcycle",0,"No","Semi-Urban","Sandstorms","Low ",0,"N",15
26,"Snack ",37,19,4.9,"motorcycle",2,"No","Urban","Sandstorms","Jam ",1,"N",15
41,"Meal ",34,11,3.9,"scooter",2,"No","Metropolitan","Fog","Jam ",1,"Y",10
23,"Meal ",33,21,4.6,"motorcycle",0,"No","Metropolitan","Sunny","Low ",1,"N",20
27,"Snack ",29,19,4.6,"electric_scooter",1,"No","Urban","Stormy","Medium",0,"N",5
28,"Buffet ",34,19,4.6,"electric_scooter",2,"No","Semi-Urban","Cloudy","Low",1,"N",15
18,"Drinks ",39,23,4.9,"motorcycle",1,"No","Urban","Sunny","Medium",0,"Y",15
40,"Buffet ",21,23,4.6,"electric_scooter",2,"No","Urban","Cloudy","Jam",1,"N",10
32,"Drinks ",25,3,5,"electric_scooter",0,"No","Metropolitan","Fog","Medium",2,"N",5
25,"Snack ",22,22,4.7,"scooter",1,"No","Metropolitan","Sunny","Medium",1,"N",5
28,"Snack ",39,17,4.9,"motorcycle",0,"No","Metropolitan","Cloudy","Jam ",1,"Y",10
13,"Drinks ",34,18,4.7,"motorcycle",2,"No","Metropolitan","Stormy","Jam ",0,"N",10
25,"Meal ",38,7,4.6,"motorcycle",1,"No","Metropolitan","Sunny","Low ",1,"N",10
19,"Snack ",35,22,4.8,"scooter",2,"No","Metropolitan","Windy","Jam ",1,"N",15
14,"Meal ",38,15,4.8,"motorcycle",2,"No","Urban","Cloudy","Medium",1,"Y",10
49,"Buffet ",31,2,3.9,"motorcycle",0,"Yes","Urban","Sunny","High",1,"N",5
29,"Meal ",20,3,4.6,"motorcycle",1,"No","Urban","Windy","Medium",0,"N",5
21,"Buffet ",32,12,4.8,"scooter",0,"No","Metropolitan","Cloudy","Low ",1,"N",15
22,"Buffet ",22,13,4.5,"motorcycle",2,"No","Metropolitan","Cloudy","High ",0,"N",15
29,"Drinks ",22,3,4.3,"electric_scooter",0,"No","Metropolitan","Sandstorms","Low ",0,"N",15
10,"Drinks ",30,23,4.7,"motorcycle",1,"No","Urban","Sunny","Low",0,"N",10
43,"Meal ",29,7,3.9,"motorcycle",1,"No","Metropolitan","Stormy","Jam ",1,"N",5
38,"Meal ",32,15,4.8,"electric_scooter",0,"No","Metropolitan","Stormy","Jam ",1,"N",10
18,"Drinks ",28,23,4.9,"electric_scooter",2,"No","Semi-Urban","Cloudy","Low",0,"N",10
15,"Meal ",21,18,4.9,"scooter",2,"No","Urban","Windy","Low",0,"Y",5
21,"Snack ",23,16,4.6,"motorcycle",1,"No","Urban","Stormy","Low",1,"N",15
41,"Snack ",37,1,4.3,"electric_scooter",0,"No","Urban","Fog","Low",1,"Y",5
28,"Drinks ",26,16,5,"electric_scooter",0,"No","Urban","Fog","Medium",1,"N",15
29,"Snack ",23,22,4.7,"electric_scooter",2,"No","Urban","Cloudy","Medium",1,"Y",15
19,"Snack ",33,6,4.7,"scooter",1,"No","Metropolitan","Sandstorms","Low ",1,"N",5
11,"Meal ",29,16,5,"scooter",2,"No","Urban","Sunny","Jam",0,"N",5
42,"Drinks ",39,17,4.3,"electric_scooter",0,"No","Metropolitan","Windy","Jam ",2,"N",10
15,"Buffet ",25,16,4.8,"scooter",1,"No","Urban","Sandstorms","Low",1,"N",5
24,"Snack ",28,17,4.9,"electric_scooter",2,"No","Metropolitan","Sandstorms","High ",0,"Y",10
32,"Snack ",23,18,4.4,"motorcycle",1,"No","Semi-Urban","Stormy","Medium",0,"Y",10
35,"Snack ",20,2,4,"electric_scooter",1,"No","Metropolitan","Sunny","Jam ",1,"N",10
41,"Drinks ",20,21,4.3,"motorcycle",2,"No","Metropolitan","Fog","Jam ",1,"Y",5
22,"Snack ",31,4,4.9,"motorcycle",1,"No","Metropolitan","Fog","Medium",1,"N",5
40,"Buffet ",20,23,4.3,"scooter",2,"Yes","Metropolitan","Fog","Medium",1,"N",15
20,"Snack ",30,18,4.8,"scooter",1,"No","Metropolitan","Cloudy","Low ",1,"N",10
39,"Drinks ",25,13,4.7,"motorcycle",1,"No","Metropolitan","Cloudy","Medium",1,"N",10
22,"Meal ",36,5,4.8,"electric_scooter",2,"No","Urban","Sandstorms","Low ",1,"N",15
37,"Buffet ",39,9,4.4,"scooter",2,"No","Urban","Cloudy","Medium",1,"Y",10
20,"Buffet ",37,12,5,"motorcycle",2,"No","Urban","Sunny","Low ",1,"N",15
27,"Buffet ",20,16,4.9,"motorcycle",1,"No","Urban","Stormy","Jam ",1,"N",5
41,"Meal ",23,7,4.1,"electric_scooter",2,"No","Urban","Sandstorms","Jam ",1,"Y",10
22,"Buffet ",28,23,4.6,"electric_scooter",2,"No","Urban","Fog","High ",1,"N",10
33,"Meal ",35,13,4.8,"scooter",2,"No","Metropolitan","Stormy","Jam ",1,"Y",5
29,"Snack ",28,9,4.9,"scooter",1,"No","Metropolitan","Stormy","Low ",1,"N",10
24,"Buffet ",29,2,4.7,"electric_scooter",2,"No","Metropolitan","Sandstorms","Low ",0,"N",5
39,"Meal ",25,3,4.2,"motorcycle",2,"Yes","Metropolitan","Fog","Medium",1,"N",10
35,"Snack ",31,18,4.9,"motorcycle",0,"No","Metropolitan","Fog","Jam ",0,"N",15
29,"Buffet ",31,4,4.6,"scooter",1,"No","Metropolitan","Windy","High ",0,"N",5
40,"Buffet ",39,3,4.1,"motorcycle",0,"No","Urban","Windy","High",1,"N",5
34,"Snack ",39,8,4.6,"motorcycle",0,"No","Metropolitan","Stormy","Medium",0,"Y",15
18,"Drinks ",24,3,4.8,"scooter",1,"No","Metropolitan","Fog","Low ",0,"N",10
29,"Buffet ",38,13,4.8,"scooter",2,"No","Urban","Stormy","Jam ",1,"N",5
40,"Buffet ",35,13,4.3,"electric_scooter",2,"No","Metropolitan","Sandstorms","Jam ",1,"N",15
17,"Buffet ",38,22,5,"motorcycle",0,"No","Metropolitan","Fog","Low ",0,"N",10
16,"Meal ",26,18,4.9,"scooter",2,"No","Metropolitan","Sandstorms","Low ",0,"Y",15
27,"Meal ",35,14,4.6,"motorcycle",1,"No","Metropolitan","Sandstorms","Medium",0,"N",15
16,"Meal ",35,4,4.5,"scooter",1,"No","Urban","Sandstorms","Low",0,"N",15
27,"Snack ",23,17,4.5,"scooter",1,"No","Metropolitan","Stormy","Medium",1,"N",15
16,"Buffet ",34,13,4.5,"motorcycle",0,"No","Semi-Urban","Sandstorms","Jam ",0,"Y",5
26,"Drinks ",23,1,4.5,"scooter",1,"No","Metropolitan","Stormy","Jam ",1,"N",15
26,"Meal ",21,22,4.7,"scooter",2,"No","Semi-Urban","Stormy","Jam ",0,"Y",10
22,"Snack ",32,22,4.6,"motorcycle",0,"No","Metropolitan","Stormy","Low ",1,"N",5
29,"Drinks ",31,1,4.9,"scooter",0,"No","Metropolitan","Cloudy","Low ",1,"Y",15
44,"Snack ",22,1,3.8,"motorcycle",1,"No","Metropolitan","Windy","Jam ",2,"N",5
19,"Meal ",23,17,4.8,"electric_scooter",2,"No","Metropolitan","Fog","Medium",1,"Y",5
31,"Buffet ",22,1,4.2,"motorcycle",0,"No","Semi-Urban","Cloudy","Medium",1,"N",10
20,"Snack ",20,22,4.7,"motorcycle",0,"No","Metropolitan","Windy","Medium",1,"Y",15
14,"Snack ",32,15,4.7,"motorcycle",1,"No","Metropolitan","Sunny","Jam ",0,"N",15
24,"Buffet ",29,19,4.8,"motorcycle",2,"No","Urban","Windy","Jam",1,"N",15
21,"Drinks ",21,2,4.8,"scooter",2,"No","Semi-Urban","Sunny","Jam",0,"N",5
33,"Drinks ",34,8,4.1,"electric_scooter",1,"No","Urban","Fog","High ",2,"N",10
43,"Meal ",25,1,3.5,"scooter",2,"No","Urban","Windy","Jam",1,"N",15
30,"Meal ",25,2,4.8,"scooter",1,"No","Urban","Windy","High ",1,"N",10
29,"Snack ",36,6,4.8,"motorcycle",0,"No","Metropolitan","Cloudy","Medium",1,"N",15
14,"Buffet ",29,22,4.7,"electric_scooter",2,"No","Semi-Urban","Stormy","Low",1,"Y",5
27,"Meal ",35,9,4.6,"motorcycle",1,"No","Metropolitan","Sandstorms","Medium",0,"N",5
28,"Meal ",29,19,4.9,"scooter",0,"No","Metropolitan","Cloudy","Low ",0,"N",15
20,"Snack ",29,22,4.8,"scooter",0,"No","Urban","Fog","Low",0,"N",5
23,"Snack ",23,22,4.6,"scooter",0,"No","Metropolitan","Fog","Low ",1,"N",15
10,"Snack ",20,5,4.5,"scooter",1,"No","Urban","Windy","Low",0,"N",10
19,"Snack ",24,11,4.8,"motorcycle",0,"No","Metropolitan","Fog","Low ",0,"Y",15
19,"Snack ",30,15,4.8,"motorcycle",1,"No","Semi-Urban","Sunny","Low ",1,"N",10
35,"Meal ",28,9,4.4,"motorcycle",0,"No","Metropolitan","Stormy","Jam ",0,"N",5
29,"Snack ",30,6,5,"motorcycle",0,"No","Metropolitan","Sandstorms","Medium",1,"N",15
16,"Snack ",36,22,4.9,"scooter",1,"No","Urban","Sunny","Low",0,"N",5
31,"Snack ",29,16,4.4,"motorcycle",0,"No","Metropolitan","Sunny","Medium",0,"N",10
26,"Drinks ",36,17,4.6,"scooter",0,"No","Metropolitan","Fog","High ",1,"N",5
45,"Snack ",25,3,4.9,"scooter",0,"No","Metropolitan","Cloudy","Jam ",1,"N",15
10,"Meal ",22,21,5,"motorcycle",2,"No","Metropolitan","Stormy","Low ",0,"N",10
16,"Buffet ",30,15,5,"scooter",1,"No","Metropolitan","Sunny","Jam ",1,"Y",5
17,"Buffet ",28,22,4.7,"motorcycle",2,"No","Metropolitan","Stormy","Jam",1,"Y",10
21,"Snack ",38,9,4.9,"motorcycle",1,"No","Semi-Urban","Fog","High ",1,"N",10
16,"Meal ",27,21,4.8,"motorcycle",1,"No","Metropolitan","Windy","Low ",1,"N",10
13,"Buffet ",29,4,4.5,"electric_scooter",1,"No","Metropolitan","Cloudy","Low",0,"Y",5
27,"Meal ",34,17,4.6,"scooter",1,"No","Semi-Urban","Sandstorms","Medium",1,"Y",10
24,"Snack ",24,16,4.8,"electric_scooter",0,"No","Metropolitan","Windy","Low ",0,"N",5
34,"Drinks ",34,7,4.6,"scooter",0,"No","Semi-Urban","Fog","High ",1,"Y",5
26,"Drinks ",23,12,4.5,"motorcycle",0,"No","Metropolitan","Sunny","Low ",1,"N",25
30,"Meal ",30,16,5,"scooter",2,"No","Metropolitan","Fog","Medium",1,"N",15
17,"Drinks ",31,22,4.8,"electric_scooter",2,"No","Semi-Urban","Sandstorms","Low ",1,"N",15
22,"Buffet ",28,9,4.3,"motorcycle",0,"No","Metropolitan","Stormy","Low ",0,"N",10
27,"Buffet ",25,16,4.6,"motorcycle",2,"No","Urban","Stormy","Jam ",1,"N",10
33,"Drinks ",34,18,4.1,"motorcycle",1,"No","Urban","Sandstorms","High ",1,"N",10
27,"Snack ",33,12,4.9,"motorcycle",1,"No","Semi-Urban","Fog","Medium",1,"Y",15
25,"Buffet ",21,13,4.7,"electric_scooter",0,"No","Urban","Windy","Jam ",1,"Y",10
38,"Buffet ",20,3,4.4,"scooter",2,"No","Urban","Sandstorms","Jam ",2,"Y",10
15,"Drinks ",33,2,4.9,"scooter",1,"No","Metropolitan","Stormy","Jam ",0,"N",5
20,"Buffet ",34,23,4.7,"motorcycle",1,"No","Metropolitan","Sunny","Jam ",1,"N",15
36,"Buffet ",27,4,4.8,"motorcycle",1,"No","Metropolitan","Fog","Jam ",1,"N",15
30,"Drinks ",37,6,4.7,"motorcycle",1,"No","Urban","Sunny","Jam",1,"N",10
22,"Drinks ",34,16,4.6,"motorcycle",2,"No","Urban","Sunny","High",1,"Y",15
43,"Drinks ",31,16,4.6,"motorcycle",0,"No","Metropolitan","Fog","Jam ",1,"N",5
17,"Drinks ",38,23,4.7,"motorcycle",2,"No","Semi-Urban","Sunny","Low",0,"N",5
21,"Drinks ",35,9,4.7,"motorcycle",2,"No","Metropolitan","Sandstorms","Jam ",1,"N",15
19,"Meal ",32,7,4.8,"electric_scooter",1,"No","Metropolitan","Fog","Medium",0,"N",5
15,"Drinks ",32,3,4.6,"motorcycle",1,"No","Metropolitan","Stormy","Jam ",0,"N",10
16,"Buffet ",38,23,4.6,"scooter",1,"No","Metropolitan","Stormy","Low ",0,"Y",5
19,"Drinks ",30,14,4.6,"motorcycle",0,"No","Urban","Fog","Low ",1,"N",10
14,"Buffet ",39,18,4.6,"scooter",0,"No","Metropolitan","Sandstorms","Medium",1,"N",15
27,"Drinks ",38,12,4.6,"scooter",1,"No","Semi-Urban","Stormy","High ",1,"N",10
34,"Buffet ",21,10,4,"motorcycle",0,"No","Metropolitan","Stormy","Medium",1,"N",5
27,"Meal ",20,21,4.9,"motorcycle",0,"No","Metropolitan","Stormy","Jam ",0,"N",15
25,"Meal ",32,9,5,"scooter",1,"No","Semi-Urban","Sunny","Low ",1,"N",10
31,"Snack ",28,3,3.9,"motorcycle",1,"No","Metropolitan","Sunny","Jam ",0,"Y",15
36,"Snack ",26,6,4.1,"scooter",1,"No","Urban","Stormy","Jam",1,"N",5
22,"Snack ",23,2,4.6,"motorcycle",1,"No","Urban","Sunny","High",1,"N",10
32,"Meal ",20,22,4.7,"scooter",2,"No","Metropolitan","Stormy","High ",0,"Y",5
39,"Meal ",21,22,4.3,"motorcycle",1,"No","Metropolitan","Cloudy","Medium",0,"N",15
21,"Snack ",25,15,4.8,"scooter",2,"No","Metropolitan","Sandstorms","Low ",1,"Y",15
33,"Snack ",38,5,5,"electric_scooter",0,"No","Urban","Sandstorms","High ",1,"N",5
13,"Meal ",24,19,4.6,"scooter",1,"No","Metropolitan","Windy","Low ",0,"Y",5
18,"Snack ",36,6,4.6,"motorcycle",2,"No","Urban","Sunny","High",1,"N",15
22,"Drinks ",32,6,4.9,"scooter",1,"No","Urban","Fog","Jam ",0,"N",5
19,"Snack ",31,16,4.6,"motorcycle",0,"No","Metropolitan","Stormy","High ",1,"N",5
16,"Drinks ",39,15,4.6,"motorcycle",1,"No","Urban","Sunny","Jam",1,"Y",10
26,"Meal ",36,2,5,"scooter",2,"No","Urban","Fog","High ",1,"N",5
30,"Meal ",28,14,4.8,"electric_scooter",1,"No","Metropolitan","Sunny","Jam ",1,"N",15
24,"Meal ",35,16,4.9,"scooter",2,"No","Urban","Sandstorms","Jam",1,"N",15
28,"Drinks ",32,4,4.8,"motorcycle",0,"No","Metropolitan","Sandstorms","Medium",1,"N",10
34,"Snack ",29,3,4.8,"electric_scooter",1,"No","Metropolitan","Sandstorms","Medium",0,"N",15
21,"Buffet ",35,2,4.8,"motorcycle",0,"No","Semi-Urban","Stormy","Medium",0,"N",15
44,"Snack ",39,12,4.4,"motorcycle",0,"No","Metropolitan","Fog","Low ",1,"N",15
26,"Buffet ",37,9,4.6,"scooter",0,"No","Urban","Windy","Medium",1,"Y",15
22,"Buffet ",38,18,4.8,"scooter",0,"No","Urban","Stormy","Medium",0,"Y",10
42,"Snack ",27,16,4.1,"motorcycle",2,"No","Metropolitan","Cloudy","Medium",1,"Y",10
42,"Drinks ",22,1,4.9,"motorcycle",0,"No","Metropolitan","Cloudy","Jam ",1,"N",10
29,"Snack ",24,21,4.9,"scooter",1,"No","Urban","Sunny","Low",1,"N",5
15,"Meal ",20,13,4.7,"scooter",2,"No","Metropolitan","Fog","Medium",1,"N",5
25,"Meal ",25,2,4.8,"motorcycle",0,"No","Metropolitan","Fog","High",0,"N",10
32,"Snack ",28,15,4.3,"motorcycle",1,"No","Urban","Stormy","Medium",0,"N",5
27,"Buffet ",39,12,4.3,"motorcycle",0,"No","Metropolitan","Windy","Low ",0,"Y",10
16,"Buffet ",25,16,4.7,"motorcycle",0,"No","Semi-Urban","Sandstorms","Low ",0,"N",20
15,"Drinks ",38,16,4.6,"electric_scooter",1,"No","Metropolitan","Cloudy","Low ",0,"N",5
18,"Drinks ",23,7,5,"electric_scooter",2,"No","Semi-Urban","Sunny","Medium",0,"N",10
26,"Snack ",36,2,4.5,"motorcycle",2,"No","Metropolitan","Windy","Medium",1,"N",10
25,"Drinks ",27,19,4.6,"motorcycle",0,"No","Metropolitan","Fog","High ",1,"N",15
13,"Snack ",34,16,4.8,"scooter",1,"No","Metropolitan","Fog","Low",0,"Y",15
34,"Snack ",22,15,5,"scooter",2,"No","Urban","Fog","Jam ",1,"N",5
35,"Drinks ",35,3,4.7,"electric_scooter",0,"No","Semi-Urban","Stormy","Jam ",1,"Y",10
21,"Snack ",30,13,5,"scooter",2,"No","Metropolitan","Windy","Low ",1,"Y",15
48,"Snack ",26,17,4.8,"electric_scooter",0,"No","Semi-Urban","Sandstorms","High ",1,"N",15
36,"Meal ",27,5,4.4,"motorcycle",1,"No","Urban","Stormy","Jam ",1,"Y",10
28,"Drinks ",39,18,4.6,"scooter",0,"No","Urban","Cloudy","Jam",1,"N",5
35,"Meal ",22,5,3.9,"motorcycle",2,"No","Urban","Cloudy","Low",1,"N",15
25,"Meal ",35,21,4.9,"scooter",1,"No","Urban","Windy","Jam ",1,"N",15
18,"Drinks ",25,8,4.9,"motorcycle",1,"No","Urban","Windy","High ",1,"N",10
21,"Buffet ",38,23,4.7,"electric_scooter",2,"No","Metropolitan","Sunny","Low ",1,"Y",20
33,"Drinks ",37,13,5,"electric_scooter",0,"No","Metropolitan","Windy","Medium",1,"N",10
20,"Meal ",20,22,4.6,"scooter",0,"No","Semi-Urban","Fog","Low",0,"N",15
28,"Buffet ",25,16,4.7,"scooter",2,"No","Urban","Stormy","Jam",1,"Y",10
36,"Snack ",29,23,4.6,"motorcycle",0,"No","Urban","Stormy","Jam ",2,"N",5
18,"Meal ",31,22,4.8,"electric_scooter",2,"No","Metropolitan","Sunny","Jam ",0,"N",5
33,"Drinks ",24,13,4.4,"scooter",2,"No","Semi-Urban","Stormy","Jam ",1,"N",10
17,"Snack ",30,14,4.8,"scooter",2,"No","Metropolitan","Sunny","Low ",1,"N",10
36,"Buffet ",20,4,4.8,"scooter",0,"No","Metropolitan","Fog","Medium",1,"N",15
22,"Drinks ",26,18,4.9,"scooter",2,"No","Metropolitan","Sunny","Low ",1,"Y",10
37,"Drinks ",29,21,4.6,"scooter",2,"No","Metropolitan","Fog","Jam ",1,"N",15
26,"Drinks ",32,15,4.8,"motorcycle",1,"No","Metropolitan","Stormy","Low ",1,"N",15
38,"Buffet ",26,6,4.8,"motorcycle",0,"No","Metropolitan","Fog","Low ",1,"Y",10
27,"Meal ",31,15,4.7,"scooter",1,"No","Metropolitan","Windy","Medium",1,"Y",10
33,"Meal ",24,22,4.8,"electric_scooter",2,"No","Urban","Sandstorms","Jam",1,"Y",5
15,"Drinks ",26,18,4.7,"motorcycle",0,"No","Urban","Sunny","Medium",1,"N",10
12,"Snack ",38,23,4.8,"motorcycle",1,"No","Urban","Stormy","Low",0,"Y",15
19,"Meal ",31,13,5,"electric_scooter",1,"No","Metropolitan","Sunny","Low ",1,"Y",5
30,"Drinks ",39,2,4.6,"motorcycle",0,"No","Metropolitan","Fog","Medium",1,"N",5
52,"Drinks ",35,1,4.8,"motorcycle",0,"Yes","Urban","Sandstorms","Jam ",2,"N",10
37,"Drinks ",31,9,4.3,"motorcycle",1,"No","Metropolitan","Stormy","Jam ",1,"Y",5
24,"Drinks ",34,23,4.9,"electric_scooter",2,"No","Urban","Windy","Jam ",1,"Y",15
21,"Buffet ",37,14,4.7,"electric_scooter",2,"No","Metropolitan","Stormy","Medium",1,"Y",15
21,"Drinks ",28,23,4.6,"motorcycle",1,"No","Metropolitan","Sunny","Low ",1,"N",5
33,"Buffet ",24,7,4.5,"motorcycle",1,"No","Semi-Urban","Windy","Jam ",1,"N",10
25,"Buffet ",28,3,4.6,"scooter",1,"No","Metropolitan","Windy","Medium",1,"N",15
17,"Buffet ",36,22,4.8,"motorcycle",1,"No","Urban","Fog","Low",1,"N",5
17,"Buffet ",26,23,4.9,"motorcycle",1,"No","Urban","Sunny","Low",1,"N",10
31,"Drinks ",38,14,4.2,"motorcycle",0,"No","Semi-Urban","Windy","Jam ",0,"Y",10
20,"Drinks ",25,17,4.8,"scooter",0,"No","Metropolitan","Stormy","Low ",1,"N",15
37,"Drinks ",30,18,5,"motorcycle",1,"No","Metropolitan","Cloudy","Medium",1,"N",5
39,"Snack ",33,10,4,"motorcycle",2,"No","Semi-Urban","Stormy","Jam ",1,"N",10
28,"Drinks ",22,19,4.8,"motorcycle",0,"No","Metropolitan","Sandstorms","Medium",1,"N",5
17,"Snack ",24,9,4.8,"motorcycle",0,"No","Urban","Sunny","Low ",0,"N",10
24,"Meal ",24,23,4.8,"motorcycle",1,"No","Urban","Cloudy","Jam ",0,"Y",15
20,"Snack ",25,19,4.7,"motorcycle",0,"No","Metropolitan","Sunny","High ",0,"N",5
27,"Snack ",33,6,4.7,"motorcycle",0,"No","Semi-Urban","Sunny","Low ",0,"N",15
27,"Buffet ",28,11,4.9,"scooter",2,"No","Metropolitan","Fog","Jam ",1,"Y",15
22,"Snack ",33,17,4.9,"motorcycle",0,"No","Metropolitan","Windy","Low ",1,"N",10
11,"Buffet ",21,6,4.9,"motorcycle",1,"No","Semi-Urban","Windy","High",1,"N",10
29,"Snack ",28,8,4.9,"electric_scooter",1,"No","Urban","Windy","Low ",1,"N",5
23,"Buffet ",24,17,4.9,"motorcycle",0,"No","Urban","Fog","High ",1,"N",10
36,"Buffet ",25,2,4.9,"motorcycle",0,"No","Semi-Urban","Stormy","Jam ",0,"N",5
21,"Drinks ",29,16,4.9,"scooter",1,"No","Metropolitan","Cloudy","Jam ",1,"Y",15
28,"Drinks ",27,14,4.7,"scooter",2,"No","Metropolitan","Stormy","Low ",1,"N",5
15,"Drinks ",32,19,4.6,"motorcycle",0,"No","Urban","Sunny","Low",1,"N",10
25,"Snack ",32,3,4.7,"scooter",1,"No","Metropolitan","Fog","Jam ",0,"N",10
15,"Snack ",34,19,5,"scooter",1,"No","Metropolitan","Stormy","Jam ",0,"N",15
25,"Snack ",30,7,4.8,"motorcycle",0,"No","Metropolitan","Stormy","Medium",1,"N",10
31,"Buffet ",28,21,4.9,"scooter",2,"No","Metropolitan","Cloudy","High ",1,"Y",5
16,"Drinks ",23,15,4.8,"motorcycle",0,"No","Urban","Fog","Low",1,"N",10
41,"Meal ",24,16,5,"scooter",0,"No","Metropolitan","Sunny","Medium",2,"Y",10
12,"Drinks ",35,22,4.9,"scooter",1,"No","Metropolitan","Sandstorms","Jam ",1,"N",10
44,"Snack ",32,5,4.8,"motorcycle",1,"No","Metropolitan","Fog","Jam ",0,"N",10
21,"Drinks ",24,5,4.5,"motorcycle",0,"No","Semi-Urban","Sunny","High ",1,"N",15
33,"Snack ",37,3,4,"electric_scooter",1,"No","Metropolitan","Stormy","Medium",1,"N",10
37,"Snack ",29,4,4.4,"scooter",0,"No","Urban","Sandstorms","Jam",0,"N",5
19,"Drinks ",22,18,4.8,"motorcycle",0,"No","Semi-Urban","Cloudy","Low",1,"N",10
18,"Buffet ",32,12,5,"scooter",2,"No","Metropolitan","Sunny","Medium",1,"N",5
24,"Drinks ",27,18,4.6,"scooter",2,"No","Metropolitan","Sunny","Medium",1,"N",5
26,"Snack ",20,13,4.9,"electric_scooter",0,"No","Urban","Fog","Jam ",1,"N",5
28,"Drinks ",23,21,4.9,"scooter",1,"No","Metropolitan","Windy","Medium",0,"N",5
28,"Meal ",20,12,4.8,"motorcycle",0,"No","Metropolitan","Stormy","Medium",1,"N",5
22,"Snack ",22,18,4.8,"motorcycle",2,"No","Urban","Cloudy","Low",1,"Y",5
26,"Buffet ",37,12,4.7,"motorcycle",1,"No","Semi-Urban","Sunny","Low ",1,"N",25
45,"Drinks ",31,4,4.6,"motorcycle",0,"No","Urban","Fog","Jam ",2,"Y",15
21,"Snack ",25,12,4.6,"motorcycle",2,"No","Metropolitan","Sunny","High ",1,"N",5
25,"Meal ",29,23,4.9,"electric_scooter",0,"No","Metropolitan","Cloudy","Jam ",1,"N",5
18,"Drinks ",35,19,4.7,"electric_scooter",2,"No","Metropolitan","Cloudy","Medium",0,"N",15
31,"Meal ",35,13,4.1,"scooter",1,"No","Metropolitan","Sandstorms","Medium",1,"N",5
32,"Snack ",25,14,5,"scooter",0,"No","Metropolitan","Sandstorms","High ",2,"N",5
11,"Drinks ",20,23,4.9,"scooter",1,"No","Semi-Urban","Sunny","Low ",0,"N",5
22,"Snack ",23,8,4.7,"motorcycle",1,"No","Metropolitan","Windy","Low ",1,"N",5
33,"Meal ",24,16,4.2,"motorcycle",1,"No","Urban","Fog","Medium",1,"N",15
21,"Meal ",27,2,4.7,"motorcycle",1,"No","Metropolitan","Sunny","Medium",0,"Y",15
19,"Meal ",38,22,4.8,"electric_scooter",1,"No","Metropolitan","Fog","Low ",1,"N",5
36,"Buffet ",35,9,4,"electric_scooter",0,"No","Metropolitan","Stormy","Jam ",1,"N",5
24,"Buffet ",37,21,4.6,"scooter",0,"No","Metropolitan","Sunny","Low ",0,"N",20
20,"Meal ",23,23,4.5,"motorcycle",2,"No","Metropolitan","Windy","High ",1,"N",15
18,"Snack ",38,8,4.7,"motorcycle",0,"No","Metropolitan","Stormy","Low ",0,"N",15
29,"Snack ",37,3,4.5,"electric_scooter",1,"No","Metropolitan","Windy","Low ",1,"N",15
32,"Buffet ",26,21,4.6,"motorcycle",2,"No","Metropolitan","Sandstorms","Medium",0,"N",15
26,"Snack ",33,13,4.9,"scooter",1,"No","Metropolitan","Windy","Jam ",1,"N",5
13,"Buffet ",26,22,5,"scooter",1,"No","Metropolitan","Stormy","High ",0,"N",15
39,"Snack ",27,16,4.9,"electric_scooter",0,"No","Urban","Fog","Jam",1,"Y",10
18,"Snack ",36,18,4.9,"motorcycle",2,"No","Urban","Sunny","Low ",1,"N",5
46,"Meal ",25,23,5,"electric_scooter",0,"No","Metropolitan","Stormy","Jam ",3,"N",15
14,"Snack ",34,22,4.6,"scooter",1,"No","Urban","Stormy","Medium",1,"N",5
15,"Buffet ",25,8,4.9,"motorcycle",0,"No","Urban","Sunny","Medium",0,"N",15
26,"Snack ",30,21,4.9,"scooter",1,"No","Urban","Stormy","Medium",1,"N",15
49,"Drinks ",22,5,4.9,"electric_scooter",0,"Yes","Metropolitan","Fog","Medium",1,"N",10
18,"Meal ",34,15,4.7,"motorcycle",2,"No","Metropolitan","Sandstorms","Jam",0,"Y",5
43,"Snack ",26,9,4.8,"scooter",0,"No","Metropolitan","Cloudy","Jam ",1,"N",10
23,"Buffet ",37,13,4.7,"motorcycle",2,"No","Metropolitan","Windy","Medium",1,"Y",15
47,"Buffet ",33,18,4.9,"motorcycle",2,"Yes","Urban","Fog","Jam ",1,"Y",5
19,"Buffet ",32,9,4.7,"motorcycle",0,"No","Metropolitan","Sunny","Low ",0,"N",5
26,"Buffet ",24,19,4.5,"motorcycle",1,"No","Metropolitan","Windy","Jam ",1,"Y",5
23,"Snack ",29,18,4.6,"scooter",2,"No","Urban","Sandstorms","Low",1,"N",15
10,"Buffet ",37,23,4.7,"motorcycle",1,"No","Urban","Stormy","High",0,"N",15
18,"Snack ",39,9,5,"scooter",1,"No","Metropolitan","Sandstorms","Jam ",1,"N",5
44,"Buffet ",35,2,4.4,"motorcycle",2,"No","Semi-Urban","Fog","Jam",1,"N",15
38,"Drinks ",33,13,4.7,"motorcycle",0,"No","Metropolitan","Sandstorms","Jam ",0,"N",5
28,"Drinks ",21,19,4.5,"scooter",2,"No","Metropolitan","Stormy","Jam ",1,"Y",15
26,"Buffet ",32,15,4.8,"motorcycle",0,"No","Metropolitan","Sunny","Jam",1,"N",15
22,"Drinks ",31,23,4.7,"motorcycle",0,"No","Metropolitan","Sandstorms","Jam ",1,"N",15
33,"Snack ",21,1,4.2,"scooter",1,"No","Urban","Cloudy","High",0,"Y",15
14,"Meal ",20,18,4.7,"motorcycle",0,"No","Metropolitan","Sandstorms","Medium",1,"N",10
47,"Drinks ",28,4,4.1,"motorcycle",0,"No","Metropolitan","Stormy","Medium",0,"Y",10
11,"Snack ",26,5,4.6,"scooter",2,"No","Metropolitan","Sandstorms","Low ",1,"N",5
28,"Meal ",30,22,4.8,"motorcycle",2,"No","Urban","Sandstorms","Medium",1,"Y",10
41,"Meal ",27,6,4.2,"scooter",2,"No","Metropolitan","Stormy","Jam ",2,"Y",10
15,"Meal ",24,16,5,"scooter",2,"No","Semi-Urban","Stormy","Low",0,"Y",5
20,"Drinks ",35,14,4.8,"motorcycle",2,"No","Semi-Urban","Sunny","High ",1,"N",15
29,"Meal ",28,13,4.7,"scooter",1,"No","Metropolitan","Cloudy","Low ",1,"Y",5
20,"Meal ",31,16,4.6,"motorcycle",1,"No","Urban","Sandstorms","Jam ",0,"N",10
18,"Meal ",25,21,4.9,"motorcycle",1,"No","Metropolitan","Sunny","Medium",0,"Y",5
27,"Snack ",21,6,4.6,"motorcycle",0,"No","Metropolitan","Fog","Medium",0,"N",15
15,"Meal ",39,9,4.6,"scooter",1,"No","Urban","Sunny","Jam ",1,"N",5
27,"Snack ",22,19,4.7,"motorcycle",0,"No","Metropolitan","Stormy","Low ",1,"N",10
15,"Drinks ",23,23,4.9,"electric_scooter",0,"No","Metropolitan","Stormy","Low ",1,"Y",10
34,"Meal ",35,21,4.8,"motorcycle",0,"No","Metropolitan","Stormy","Medium",1,"N",15
28,"Drinks ",20,21,4.8,"scooter",1,"No","Metropolitan","Sandstorms","Jam",0,"Y",15
38,"Buffet ",39,11,4.1,"scooter",1,"No","Semi-Urban","Sandstorms","Jam ",1,"N",15
26,"Drinks ",32,3,4.6,"motorcycle",1,"No","Urban","Windy","Low",0,"N",5
27,"Snack ",24,16,4.5,"electric_scooter",2,"No","Urban","Sandstorms","Medium",0,"Y",5
38,"Snack ",37,4,4.7,"motorcycle",1,"No","Metropolitan","Stormy","Jam ",1,"N",5
17,"Buffet ",34,1,4.2,"motorcycle",0,"No","Metropolitan","Sandstorms","Low ",1,"Y",10
20,"Buffet ",21,22,4.6,"scooter",1,"No","Metropolitan","Sandstorms","Medium",0,"Y",15
21,"Drinks ",37,4,4.4,"motorcycle",0,"No","Urban","Stormy","Low",1,"Y",5
24,"Snack ",22,21,5,"motorcycle",1,"No","Metropolitan","Sunny","Low ",0,"N",10
32,"Drinks ",32,5,4.1,"motorcycle",1,"No","Semi-Urban","Fog","Jam ",0,"N",5
44,"Drinks ",28,4,4.7,"electric_scooter",0,"No","Metropolitan","Stormy","Jam ",0,"N",10
49,"Meal ",22,19,4.4,"motorcycle",0,"No","Metropolitan","Sunny","Jam ",1,"N",5
24,"Drinks ",27,6,4.8,"motorcycle",0,"No","Semi-Urban","Stormy","Low ",1,"N",5
17,"Snack ",31,9,4.8,"motorcycle",2,"No","Semi-Urban","Sunny","Low ",1,"N",5
29,"Drinks ",28,6,4.3,"motorcycle",0,"No","Metropolitan","Sandstorms","Low ",1,"N",5
25,"Drinks ",20,16,4.6,"scooter",1,"No","Metropolitan","Windy","Medium",1,"N",10
26,"Buffet ",23,16,4.7,"motorcycle",0,"No","Urban","Stormy","Medium",0,"Y",15
38,"Snack ",31,9,4.6,"scooter",2,"No","Metropolitan","Fog","Medium",1,"N",15
31,"Buffet ",21,9,4.3,"electric_scooter",2,"No","Metropolitan","Sandstorms","Jam ",1,"N",15
15,"Buffet ",37,19,4.9,"motorcycle",0,"No","Urban","Sandstorms","Low",0,"N",15
28,"Meal ",22,19,5,"motorcycle",0,"No","Semi-Urban","Fog","Low ",0,"N",5
12,"Buffet ",31,17,4.5,"scooter",2,"No","Metropolitan","Sunny","Jam ",0,"N",10
17,"Drinks ",21,8,4.6,"electric_scooter",2,"No","Metropolitan","Sunny","Jam ",1,"Y",15
34,"Buffet ",39,4,4,"motorcycle",1,"No","Semi-Urban","Fog","Jam ",0,"Y",10
49,"Meal ",30,6,4,"scooter",1,"No","Semi-Urban","Fog","Jam ",2,"N",10
27,"Snack ",25,21,4.8,"scooter",2,"No","Metropolitan","Sandstorms","Medium",1,"N",15
36,"Snack ",36,3,4.1,"scooter",2,"No","Metropolitan","Fog","Medium",1,"N",15
15,"Meal ",24,16,5,"scooter",2,"No","Semi-Urban","Stormy","Low",0,"Y",5
30,"Meal ",34,3,4.9,"scooter",1,"No","Urban","Sandstorms","High ",0,"Y",15
32,"Meal ",26,22,4.7,"electric_scooter",2,"No","Metropolitan","Sandstorms","Jam ",1,"N",15
28,"Meal ",26,16,4.5,"scooter",1,"No","Urban","Sandstorms","Medium",1,"N",15
46,"Buffet ",36,5,4.3,"scooter",0,"No","Metropolitan","Windy","Medium",1,"Y",5
36,"Buffet ",30,22,5,"motorcycle",0,"No","Metropolitan","Stormy","Jam ",1,"N",10
28,"Buffet ",26,13,4.5,"scooter",0,"No","Metropolitan","Cloudy","Low ",1,"N",5
25,"Meal ",26,15,4.6,"scooter",2,"No","Urban","Windy","Low",1,"N",5
36,"Meal ",21,6,4.6,"motorcycle",0,"No","Metropolitan","Windy","Jam ",2,"Y",15
23,"Snack ",24,15,4.7,"electric_scooter",0,"No","Urban","Sunny","Low",1,"N",10
24,"Drinks ",24,3,4.6,"motorcycle",0,"No","Metropolitan","Windy","High",1,"N",5
42,"Meal ",35,23,4.4,"electric_scooter",2,"Yes","Metropolitan","Cloudy","Jam ",2,"N",15
31,"Drinks ",35,23,4.6,"motorcycle",2,"No","Urban","Fog","Jam",1,"Y",15
17,"Buffet ",27,19,4.8,"motorcycle",1,"No","Urban","Fog","Medium",0,"N",10
32,"Snack ",33,17,4.8,"motorcycle",0,"No","Metropolitan","Stormy","High ",1,"Y",5
26,"Meal ",25,19,4.6,"electric_scooter",1,"No","Urban","Windy","Medium",1,"Y",5
26,"Snack ",35,18,4.6,"electric_scooter",0,"No","Urban","Cloudy","Low",1,"N",15
16,"Snack ",21,17,4.6,"electric_scooter",2,"No","Semi-Urban","Fog","Medium",0,"Y",10
20,"Meal ",34,14,4.9,"scooter",1,"No","Metropolitan","Stormy","Jam ",0,"N",5
42,"Buffet ",22,14,4.6,"motorcycle",0,"No","Metropolitan","Fog","Medium",0,"Y",10
17,"Buffet ",39,22,4.6,"motorcycle",2,"No","Urban","Fog","Low",0,"N",10
15,"Buffet ",25,23,4.8,"electric_scooter",2,"No","Metropolitan","Sunny","Jam ",1,"N",5
10,"Meal ",27,2,4.7,"scooter",1,"No","Semi-Urban","Windy","Low",0,"N",15
31,"Snack ",21,18,4.6,"electric_scooter",2,"No","Metropolitan","Stormy","Jam ",1,"N",15
31,"Buffet ",21,23,4.9,"motorcycle",0,"No","Metropolitan","Fog","Medium",1,"Y",10
22,"Drinks ",32,21,4.6,"motorcycle",0,"No","Semi-Urban","Windy","High ",0,"Y",10
33,"Snack ",25,11,4.2,"scooter",2,"No","Metropolitan","Stormy","High ",0,"N",10
22,"Buffet ",30,18,4.1,"motorcycle",0,"No","Metropolitan","Sandstorms","Low ",1,"N",15
19,"Snack ",28,21,4.7,"motorcycle",0,"No","Urban","Cloudy","Low",1,"N",15
20,"Drinks ",35,14,4.8,"motorcycle",2,"No","Semi-Urban","Sunny","High ",1,"N",15
21,"Meal ",21,13,4.8,"motorcycle",1,"No","Metropolitan","Windy","Medium",1,"Y",10
17,"Buffet ",27,19,4.7,"scooter",1,"No","Urban","Cloudy","Low",1,"N",15
10,"Snack ",21,9,4.9,"motorcycle",2,"No","Metropolitan","Stormy","Jam ",0,"N",10
19,"Drinks ",36,13,4.6,"motorcycle",2,"No","Metropolitan","Sandstorms","Jam ",1,"Y",5
34,"Drinks ",27,17,3.5,"scooter",2,"No","Metropolitan","Sandstorms","Jam ",0,"N",15
13,"Drinks ",35,3,4.5,"electric_scooter",2,"No","Urban","Sandstorms","Low",0,"N",10
18,"Snack ",28,23,5,"motorcycle",2,"No","Metropolitan","Cloudy","Low ",1,"N",5
29,"Meal ",21,7,4.6,"motorcycle",1,"No","Metropolitan","Sandstorms","Jam ",0,"N",5
23,"Drinks ",27,22,4.9,"motorcycle",0,"No","Metropolitan","Cloudy","Medium",1,"N",15
20,"Drinks ",29,17,4.6,"motorcycle",2,"No","Urban","Stormy","Jam",0,"N",15
20,"Buffet ",30,17,4.6,"motorcycle",1,"No","Urban","Fog","High",1,"N",10
22,"Meal ",35,19,5,"motorcycle",0,"No","Metropolitan","Fog","Low ",1,"N",10
34,"Snack ",22,16,4.1,"motorcycle",0,"No","Metropolitan","Stormy","Low ",1,"N",15
22,"Meal ",33,13,4.7,"scooter",0,"No","Metropolitan","Fog","Jam ",1,"N",10
35,"Buffet ",30,4,4.7,"scooter",0,"No","Metropolitan","Cloudy","Medium",1,"N",15
26,"Buffet ",26,22,4.6,"motorcycle",2,"No","Urban","Windy","Low",0,"N",5
36,"Snack ",33,5,4.6,"motorcycle",2,"No","Metropolitan","Fog","Medium",0,"N",5
28,"Meal ",29,17,4.7,"scooter",1,"No","Urban","Cloudy","High ",1,"N",15
17,"Drinks ",31,22,4.7,"motorcycle",1,"No","Metropolitan","Windy","Low ",1,"Y",5
15,"Buffet ",33,15,4.9,"motorcycle",2,"No","Metropolitan","Fog","Medium",0,"Y",10
29,"Meal ",36,22,5,"motorcycle",0,"No","Urban","Cloudy","High",1,"N",10
23,"Buffet ",37,8,4.7,"scooter",1,"No","Metropolitan","Sunny","High ",1,"N",10
22,"Meal ",37,23,4.9,"scooter",2,"No","Semi-Urban","Windy","Low ",1,"Y",15
16,"Meal ",21,19,4.8,"motorcycle",1,"No","Urban","Sunny","Low",0,"N",5
23,"Meal ",27,18,4.7,"motorcycle",0,"No","Metropolitan","Fog","High ",0,"Y",5
49,"Snack ",34,9,4.8,"electric_scooter",2,"No","Metropolitan","Cloudy","Jam ",0,"N",5
15,"Buffet ",39,22,4.7,"motorcycle",0,"No","Urban","Windy","High",0,"N",10
32,"Buffet ",29,2,4.1,"motorcycle",1,"No","Urban","Stormy","Jam",1,"N",10
48,"Drinks ",26,22,4.9,"scooter",0,"Yes","Metropolitan","Stormy","Jam ",2,"N",15
25,"Meal ",20,22,4.7,"motorcycle",1,"No","Metropolitan","Stormy","Medium",1,"N",15
31,"Buffet ",34,18,4.7,"electric_scooter",1,"No","Metropolitan","Fog","High ",1,"N",5
18,"Meal ",34,21,4.9,"electric_scooter",1,"No","Urban","Fog","Medium",1,"Y",15
27,"Drinks ",37,19,4.7,"electric_scooter",0,"No","Semi-Urban","Windy","Medium",1,"N",15
26,"Buffet ",37,19,4.7,"electric_scooter",2,"No","Semi-Urban","Stormy","Medium",0,"N",5
26,"Snack ",23,6,4.5,"motorcycle",2,"No","Metropolitan","Stormy","Jam",1,"N",15
17,"Snack ",26,3,4.9,"scooter",1,"No","Urban","Sandstorms","Low",0,"N",15
26,"Snack ",29,17,4.9,"motorcycle",0,"No","Urban","Stormy","Medium",1,"N",10
35,"Drinks ",34,6,4.2,"electric_scooter",2,"No","Metropolitan","Fog","Jam ",2,"Y",15
38,"Snack ",23,4,3.4,"scooter",2,"No","Urban","Sunny","Low ",2,"N",15
21,"Buffet ",37,8,4.7,"scooter",1,"No","Metropolitan","Cloudy","Low ",0,"N",5
29,"Meal ",24,14,4.4,"motorcycle",0,"No","Metropolitan","Windy","Low ",1,"N",10
25,"Snack ",23,21,4.5,"scooter",2,"No","Metropolitan","Windy","Jam ",1,"Y",15
23,"Meal ",36,3,4.5,"motorcycle",0,"No","Metropolitan","Sandstorms","Jam ",1,"N",10
26,"Snack ",37,16,4.7,"scooter",2,"No","Urban","Stormy","Medium",1,"N",5
44,"Meal ",32,19,4.7,"motorcycle",0,"No","Urban","Cloudy","Low",2,"N",10
28,"Meal ",27,15,5,"motorcycle",1,"No","Semi-Urban","Sandstorms","Low ",0,"N",5
28,"Buffet ",31,14,4.8,"electric_scooter",2,"No","Metropolitan","Cloudy","Medium",1,"Y",15
31,"Snack ",36,17,4.6,"electric_scooter",2,"No","Metropolitan","Cloudy","Jam ",0,"N",15
22,"Buffet ",25,18,4.7,"electric_scooter",1,"No","Metropolitan","Windy","Medium",1,"N",10
30,"Snack ",25,22,4.8,"electric_scooter",0,"No","Metropolitan","Cloudy","High ",1,"Y",5
16,"Snack ",30,23,4.7,"electric_scooter",2,"No","Metropolitan","Fog","Medium",1,"N",15
33,"Buffet ",29,13,4,"motorcycle",2,"No","Metropolitan","Stormy","Jam ",2,"N",5
26,"Buffet ",38,17,4.8,"motorcycle",0,"No","Urban","Windy","Medium",0,"N",15
20,"Buffet ",39,13,4.8,"scooter",2,"No","Metropolitan","Fog","Low ",0,"N",15
13,"Snack ",22,2,5,"motorcycle",1,"No","Metropolitan","Stormy","High ",1,"Y",5
26,"Meal ",36,12,5,"electric_scooter",0,"No","Metropolitan","Sunny","Medium",1,"N",5
25,"Drinks ",35,23,4.6,"motorcycle",0,"No","Metropolitan","Fog","Low ",1,"N",15
32,"Drinks ",27,8,4.2,"scooter",1,"No","Metropolitan","Fog","High ",1,"Y",15
18,"Buffet ",37,22,4.9,"electric_scooter",2,"No","Metropolitan","Windy","High ",1,"N",15
20,"Snack ",39,16,4.1,"motorcycle",0,"No","Urban","Stormy","Low ",1,"N",15
33,"Meal ",38,4,4.5,"motorcycle",1,"No","Urban","Windy","Jam",1,"Y",15
21,"Buffet ",20,23,4.9,"motorcycle",2,"No","Metropolitan","Sunny","Jam ",1,"N",15
13,"Drinks ",20,21,4.9,"scooter",1,"No","Metropolitan","Cloudy","Low ",1,"N",15
30,"Drinks ",38,5,4.6,"motorcycle",1,"No","Metropolitan","Sandstorms","High ",0,"Y",10
30,"Snack ",37,3,4.7,"motorcycle",2,"No","Metropolitan","Windy","Jam ",1,"N",10
32,"Meal ",39,13,4.8,"electric_scooter",2,"No","Urban","Fog","Medium",1,"N",15
32,"Buffet ",20,8,4.3,"electric_scooter",2,"No","Metropolitan","Fog","Jam ",1,"N",15
26,"Drinks ",32,18,4.1,"motorcycle",0,"No","Urban","Sandstorms","Low ",1,"Y",15
29,"Snack ",31,6,4.8,"electric_scooter",2,"No","Metropolitan","Windy","Medium",1,"N",15
41,"Drinks ",36,9,4.6,"motorcycle",0,"No","Metropolitan","Fog","Jam ",1,"N",15
29,"Snack ",36,9,4.8,"motorcycle",2,"No","Metropolitan","Windy","Low ",1,"Y",10
36,"Meal ",34,18,4.9,"motorcycle",0,"No","Metropolitan","Sandstorms","Jam",1,"Y",10
41,"Drinks ",32,23,4.7,"motorcycle",0,"No","Metropolitan","Stormy","Jam ",2,"Y",15
38,"Snack ",38,23,4.6,"motorcycle",1,"No","Urban","Stormy","Medium",1,"N",15
48,"Buffet ",38,3,4.2,"motorcycle",0,"No","Metropolitan","Sunny","Jam ",1,"N",15
33,"Drinks ",34,9,5,"scooter",2,"No","Semi-Urban","Fog","Jam ",1,"N",15
14,"Buffet ",22,15,4.9,"scooter",1,"No","Urban","Sandstorms","Low",0,"N",15
40,"Buffet ",34,23,4.6,"motorcycle",0,"No","Metropolitan","Fog","Jam ",0,"N",15
15,"Drinks ",32,21,4.8,"motorcycle",0,"No","Semi-Urban","Stormy","Medium",0,"N",15
49,"Snack ",22,18,4.7,"electric_scooter",0,"No","Urban","Windy","Medium",1,"N",5
11,"Snack ",24,22,4.8,"electric_scooter",2,"No","Urban","Sunny","Medium",0,"Y",15
23,"Snack ",31,23,4.9,"motorcycle",1,"No","Metropolitan","Sunny","Jam ",1,"N",5
33,"Snack ",37,3,3.8,"motorcycle",1,"No","Metropolitan","Sandstorms","Jam ",1,"N",15
27,"Snack ",33,18,4.6,"motorcycle",2,"No","Urban","Sandstorms","Medium",1,"Y",10
47,"Meal ",27,12,4.6,"motorcycle",0,"No","Metropolitan","Windy","High ",1,"N",15
23,"Meal ",33,17,4.8,"scooter",1,"No","Urban","Windy","Medium",0,"Y",5
24,"Buffet ",23,23,4.6,"motorcycle",0,"No","Metropolitan","Fog","Low ",1,"N",15
37,"Buffet ",22,22,4.7,"motorcycle",1,"No","Urban","Stormy","Jam",0,"N",10
39,"Drinks ",20,12,4.5,"motorcycle",0,"No","Metropolitan","Fog","Medium",1,"Y",10
28,"Meal ",29,15,5,"motorcycle",0,"No","Urban","Windy","Medium",1,"N",15
44,"Meal ",35,21,4.6,"motorcycle",0,"No","Urban","Sandstorms","Medium",0,"N",10
36,"Buffet ",35,17,4.6,"motorcycle",0,"No","Metropolitan","Windy","Medium",1,"N",5
24,"Buffet ",26,13,4.5,"motorcycle",1,"No","Metropolitan","Sandstorms","Low ",1,"N",5
20,"Buffet ",28,5,5,"motorcycle",0,"No","Urban","Stormy","Low ",0,"N",10
29,"Snack ",26,13,4.8,"motorcycle",0,"No","Metropolitan","Sunny","Low ",1,"N",5
44,"Drinks ",30,16,4.3,"motorcycle",0,"No","Urban","Sunny","Jam ",0,"N",5
28,"Meal ",21,23,4.9,"motorcycle",2,"No","Semi-Urban","Fog","High ",0,"Y",5
19,"Meal ",20,19,4.9,"motorcycle",1,"No","Urban","Fog","Medium",0,"Y",10
24,"Snack ",37,19,4.9,"scooter",1,"No","Metropolitan","Sunny","High ",0,"Y",15
37,"Drinks ",29,3,4.3,"scooter",1,"No","Metropolitan","Stormy","Medium",1,"Y",5
28,"Snack ",39,23,4.9,"scooter",2,"No","Semi-Urban","Sandstorms","Medium",0,"N",15
24,"Drinks ",31,19,4.6,"electric_scooter",1,"No","Metropolitan","Cloudy","Low ",1,"N",5
28,"Drinks ",35,14,4.9,"scooter",1,"No","Metropolitan","Windy","Low ",1,"N",15
16,"Snack ",21,4,4.6,"motorcycle",1,"No","Metropolitan","Sandstorms","Low ",0,"N",20
16,"Snack ",25,12,4.6,"scooter",1,"No","Semi-Urban","Sandstorms","Medium",0,"Y",15
23,"Snack ",32,4,4.8,"motorcycle",0,"No","Metropolitan","Sunny","Jam ",1,"N",10
25,"Buffet ",31,18,4.9,"scooter",1,"No","Metropolitan","Windy","High ",1,"N",15
36,"Drinks ",39,3,4.4,"motorcycle",1,"No","Semi-Urban","Fog","Jam ",1,"N",5
34,"Buffet ",20,23,4.4,"scooter",1,"No","Metropolitan","Sandstorms","Jam ",1,"N",10
26,"Snack ",23,6,4.8,"motorcycle",2,"No","Metropolitan","Stormy","Low ",0,"Y",15
21,"Drinks ",28,12,4.9,"motorcycle",0,"No","Urban","Sunny","Low ",1,"N",10
32,"Snack ",33,7,4.4,"scooter",2,"No","Urban","Fog","Low ",1,"N",10
38,"Buffet ",39,5,4.2,"motorcycle",0,"No","Metropolitan","Sunny","Medium",0,"N",5
12,"Buffet ",33,2,4.9,"electric_scooter",2,"No","Urban","Stormy","Low ",0,"N",25
20,"Buffet ",26,13,4.8,"motorcycle",1,"No","Semi-Urban","Sandstorms","Low ",1,"Y",15
32,"Snack ",39,18,4.9,"motorcycle",0,"No","Semi-Urban","Sandstorms","Jam ",1,"N",15
28,"Drinks ",31,9,4.6,"motorcycle",0,"No","Semi-Urban","Windy","Medium",1,"Y",10
29,"Drinks ",34,17,4.9,"motorcycle",1,"No","Metropolitan","Stormy","Medium",0,"N",5
24,"Meal ",37,22,4.7,"motorcycle",0,"No","Metropolitan","Sunny","High ",1,"Y",10
13,"Buffet ",36,22,4.8,"scooter",2,"No","Urban","Stormy","Low",0,"Y",15
37,"Drinks ",37,18,4.6,"scooter",0,"No","Metropolitan","Stormy","Jam ",1,"N",15
36,"Meal ",26,8,4.1,"electric_scooter",1,"No","Metropolitan","Windy","Jam ",2,"N",5
14,"Snack ",20,6,4.5,"electric_scooter",1,"No","Urban","Sunny","Medium",0,"N",5
21,"Drinks ",39,16,5,"scooter",2,"No","Metropolitan","Sunny","Jam ",1,"N",15
39,"Buffet ",30,19,4.7,"motorcycle",0,"No","Metropolitan","Stormy","Medium",1,"N",5
23,"Meal ",36,3,4.5,"motorcycle",0,"No","Metropolitan","Sandstorms","Jam ",1,"N",10
40,"Drinks ",28,6,4.1,"motorcycle",0,"Yes","Urban","Windy","Jam",1,"Y",5
20,"Drinks ",38,22,4.8,"electric_scooter",2,"No","Urban","Windy","Low",1,"N",15
20,"Snack ",31,8,4.2,"motorcycle",0,"No","Metropolitan","Sandstorms","Low ",0,"N",10
24,"Buffet ",39,19,4.5,"scooter",0,"No","Urban","Sandstorms","Low ",1,"N",10
21,"Buffet ",26,12,4.6,"scooter",1,"No","Metropolitan","Windy","Medium",0,"N",5
26,"Buffet ",27,22,5,"electric_scooter",0,"No","Metropolitan","Windy","Jam ",1,"N",15
36,"Snack ",33,19,4.7,"motorcycle",0,"No","Metropolitan","Fog","Jam ",1,"N",15
44,"Buffet ",33,3,4.2,"motorcycle",0,"No","Metropolitan","Windy","Jam ",1,"N",10
15,"Snack ",21,22,4.6,"motorcycle",1,"No","Semi-Urban","Windy","Jam",0,"N",10
28,"Snack ",37,22,5,"scooter",2,"No","Semi-Urban","Windy","Medium",1,"N",5
22,"Meal ",39,7,4.6,"scooter",1,"No","Urban","Sunny","Jam ",1,"N",10
49,"Meal ",36,3,4.7,"scooter",2,"No","Metropolitan","Fog","Jam ",2,"Y",5
14,"Snack ",23,18,4.6,"scooter",2,"No","Urban","Stormy","Low",0,"N",5
21,"Snack ",23,17,4.7,"motorcycle",1,"No","Semi-Urban","Sandstorms","Medium",1,"N",5
37,"Snack ",39,22,4.4,"motorcycle",0,"No","Metropolitan","Stormy","Jam ",1,"N",5
23,"Drinks ",39,12,4.9,"electric_scooter",1,"No","Metropolitan","Cloudy","Jam ",1,"N",15
29,"Buffet ",33,23,4.9,"scooter",1,"No","Urban","Sunny","Low",1,"N",10
26,"Drinks ",36,13,4.7,"electric_scooter",1,"No","Metropolitan","Windy","Medium",0,"N",5
22,"Snack ",27,23,4.9,"motorcycle",2,"No","Metropolitan","Fog","High ",1,"N",10
28,"Meal ",30,19,5,"electric_scooter",0,"No","Semi-Urban","Sandstorms","Low",1,"N",10
41,"Snack ",21,3,4.6,"motorcycle",1,"No","Metropolitan","Fog","Jam ",0,"N",10
17,"Meal ",30,17,4.9,"motorcycle",0,"No","Urban","Sandstorms","Jam",0,"N",15
23,"Meal ",28,15,4.9,"motorcycle",2,"No","Semi-Urban","Sunny","Jam ",1,"N",15
26,"Snack ",20,1,4.8,"motorcycle",1,"No","Metropolitan","Windy","Medium",1,"N",15
21,"Meal ",33,18,4.8,"motorcycle",0,"No","Urban","Stormy","Low",0,"Y",5
46,"Drinks ",33,4,4.3,"scooter",1,"No","Metropolitan","Fog","Jam ",1,"N",5
30,"Meal ",38,16,4.9,"scooter",1,"No","Metropolitan","Sunny","Jam ",1,"Y",10
36,"Meal ",38,22,4.9,"scooter",0,"No","Urban","Stormy","Jam",1,"N",5
29,"Drinks ",25,3,4.8,"motorcycle",0,"No","Metropolitan","Stormy","Medium",1,"N",10
17,"Drinks ",25,19,4.5,"scooter",1,"No","Urban","Stormy","Low",1,"N",10
30,"Drinks ",39,5,4.1,"electric_scooter",0,"No","Urban","Sandstorms","Low",1,"N",5
34,"Meal ",32,13,4.7,"motorcycle",0,"No","Metropolitan","Windy","Jam ",0,"N",15
14,"Buffet ",25,21,4.9,"scooter",1,"No","Urban","Stormy","Low",1,"N",5
15,"Buffet ",23,23,4.8,"electric_scooter",2,"No","Metropolitan","Sunny","Jam",0,"N",15
31,"Drinks ",34,9,4,"motorcycle",0,"No","Urban","Sandstorms","Low ",1,"N",10
15,"Meal ",35,1,4.5,"motorcycle",1,"No","Metropolitan","Sunny","Medium",1,"Y",10
49,"Buffet ",30,22,5,"motorcycle",0,"Yes","Urban","Windy","High ",1,"N",5
14,"Buffet ",29,21,4.7,"scooter",2,"No","Metropolitan","Cloudy","Low ",0,"N",10
16,"Snack ",24,15,4.5,"scooter",1,"No","Urban","Sunny","Jam ",0,"N",10
12,"Snack ",24,14,4.6,"electric_scooter",1,"No","Metropolitan","Windy","Jam ",1,"N",5
17,"Buffet ",23,19,4.9,"motorcycle",1,"No","Metropolitan","Fog","Medium",1,"N",5
32,"Meal ",26,12,4,"motorcycle",1,"No","Urban","Fog","High ",1,"Y",10
31,"Buffet ",22,15,2.6,"electric_scooter",2,"No","Metropolitan","Sunny","Low ",1,"N",5
22,"Meal ",34,12,4.9,"motorcycle",0,"No","Urban","Stormy","Low ",1,"Y",5
47,"Drinks ",31,17,5,"electric_scooter",1,"No","Metropolitan","Cloudy","Jam ",2,"N",5
37,"Drinks ",28,21,5,"motorcycle",0,"No","Urban","Cloudy","Jam",1,"Y",10
38,"Meal ",22,19,4.7,"scooter",0,"No","Metropolitan","Windy","Jam ",2,"N",5
33,"Meal ",25,3,4.1,"motorcycle",0,"No","Metropolitan","Sandstorms","Low ",1,"N",5
16,"Snack ",29,15,4.7,"motorcycle",1,"No","Urban","Sunny","High",1,"N",15
36,"Snack ",23,11,4.6,"motorcycle",2,"No","Semi-Urban","Fog","Jam ",2,"N",5
24,"Meal ",22,9,4.8,"motorcycle",0,"No","Semi-Urban","Sandstorms","Low ",1,"N",15
24,"Drinks ",25,9,4.7,"electric_scooter",1,"No","Urban","Sunny","Medium",1,"N",15
23,"Meal ",24,22,4.9,"motorcycle",1,"No","Semi-Urban","Sunny","Low ",1,"N",15
21,"Meal ",23,9,4.2,"motorcycle",0,"No","Metropolitan","Sandstorms","Low ",1,"N",5
19,"Snack ",23,22,4.7,"electric_scooter",2,"No","Metropolitan","Cloudy","Medium",1,"Y",10
21,"Drinks ",33,16,4.7,"motorcycle",0,"No","Urban","Fog","Low ",1,"N",10
26,"Meal ",30,18,4.7,"motorcycle",2,"No","Metropolitan","Sunny","Medium",1,"Y",15
24,"Buffet ",33,23,4.7,"electric_scooter",0,"No","Metropolitan","Sunny","Jam ",1,"Y",10
35,"Meal ",32,22,5,"motorcycle",1,"No","Metropolitan","Sunny","Medium",1,"N",15
26,"Snack ",35,23,4.6,"electric_scooter",0,"No","Metropolitan","Sunny","Jam ",0,"N",5
22,"Meal ",34,8,4.9,"motorcycle",0,"No","Metropolitan","Sunny","Medium",1,"N",5
40,"Snack ",28,18,5,"scooter",1,"No","Metropolitan","Fog","Jam ",0,"N",10
32,"Meal ",38,5,4.2,"motorcycle",0,"No","Urban","Stormy","Jam ",1,"N",10
12,"Drinks ",36,18,4.8,"scooter",1,"No","Semi-Urban","Sandstorms","Low ",0,"Y",10
35,"Snack ",26,4,4.3,"scooter",1,"No","Urban","Fog","High ",1,"N",15
41,"Meal ",28,6,3.8,"motorcycle",2,"No","Metropolitan","Sandstorms","Jam ",0,"N",15
20,"Snack ",35,9,5,"electric_scooter",2,"No","Semi-Urban","Windy","Low ",0,"N",5
33,"Snack ",39,13,4.6,"electric_scooter",2,"No","Semi-Urban","Fog","High ",1,"Y",15
20,"Snack ",29,21,4.7,"motorcycle",2,"No","Urban","Stormy","Medium",0,"N",5
11,"Snack ",35,13,4.9,"scooter",1,"No","Semi-Urban","Stormy","Low ",0,"Y",10
38,"Meal ",26,11,4.1,"motorcycle",2,"No","Metropolitan","Cloudy","Medium",1,"N",5
21,"Drinks ",35,16,4.9,"electric_scooter",0,"No","Urban","Fog","Low",1,"N",5
29,"Drinks ",22,17,4.7,"electric_scooter",2,"No","Metropolitan","Cloudy","Low ",1,"Y",15
18,"Drinks ",30,16,4.6,"motorcycle",2,"No","Urban","Stormy","Low",0,"N",5
22,"Buffet ",27,19,4.6,"scooter",1,"No","Semi-Urban","Windy","High ",0,"N",15
27,"Snack ",29,18,4.6,"electric_scooter",0,"No","Metropolitan","Sunny","Medium",0,"Y",15
25,"Buffet ",25,22,4.6,"electric_scooter",0,"No","Metropolitan","Sunny","High ",0,"N",10
33,"Snack ",21,12,3.5,"motorcycle",1,"No","Semi-Urban","Stormy","Medium",1,"N",10
11,"Meal ",39,12,4.6,"motorcycle",2,"No","Metropolitan","Cloudy","Low ",0,"N",15
34,"Meal ",25,2,4,"motorcycle",0,"No","Metropolitan","Sandstorms","Low ",1,"Y",30
10,"Buffet ",20,17,4.9,"scooter",1,"No","Metropolitan","Sunny","Jam ",0,"N",15
33,"Snack ",24,9,4.1,"electric_scooter",2,"No","Metropolitan","Fog","Medium",1,"N",10
34,"Buffet ",28,8,4.8,"electric_scooter",2,"No","Metropolitan","Cloudy","Jam ",1,"N",15
20,"Snack ",26,17,4.5,"electric_scooter",2,"No","Metropolitan","Sunny","Low ",1,"N",15
19,"Drinks ",22,22,4.6,"electric_scooter",1,"No","Metropolitan","Windy","Low ",0,"N",5
26,"Snack ",23,15,4.7,"electric_scooter",0,"No","Urban","Windy","Low ",1,"Y",20
15,"Snack ",22,9,4.6,"scooter",2,"No","Urban","Stormy","Low ",0,"N",15
29,"Drinks ",37,7,4.7,"motorcycle",2,"No","Metropolitan","Fog","Low ",1,"N",10
11,"Meal ",34,22,4.9,"motorcycle",2,"No","Urban","Sunny","Jam",0,"N",5
27,"Meal ",23,21,4.5,"scooter",2,"No","Metropolitan","Sandstorms","Medium",1,"Y",10
35,"Snack ",38,4,3.5,"motorcycle",1,"No","Urban","Stormy","Medium",1,"N",15
44,"Meal ",35,21,4.6,"motorcycle",0,"No","Urban","Sandstorms","Medium",0,"N",10
16,"Drinks ",39,23,4.6,"motorcycle",1,"No","Semi-Urban","Fog","Low ",0,"N",5
20,"Buffet ",28,6,4.5,"motorcycle",0,"No","Urban","Sunny","Low",0,"N",10
14,"Meal ",37,2,4.7,"scooter",2,"No","Metropolitan","Sandstorms","Low ",0,"N",15
31,"Snack ",34,23,4.3,"motorcycle",2,"No","Metropolitan","Windy","Medium",1,"Y",5
18,"Drinks ",26,17,4.8,"scooter",1,"No","Metropolitan","Sandstorms","Low ",1,"Y",25
47,"Drinks ",34,3,4.2,"motorcycle",0,"No","Semi-Urban","Sandstorms","Medium",1,"N",15
25,"Buffet ",29,19,4.8,"scooter",1,"No","Semi-Urban","Windy","Medium",1,"N",10
12,"Snack ",39,19,4.7,"electric_scooter",1,"No","Urban","Sunny","Jam",1,"N",15
22,"Buffet ",23,16,5,"scooter",2,"No","Urban","Sunny","Low",0,"N",5
29,"Drinks ",20,1,4.9,"motorcycle",0,"No","Metropolitan","Windy","Jam ",1,"N",5
17,"Meal ",25,19,4.8,"scooter",2,"No","Urban","Fog","Low",0,"N",5
25,"Snack ",32,15,4.6,"electric_scooter",1,"No","Metropolitan","Stormy","High",0,"N",5
27,"Drinks ",20,21,4.5,"scooter",0,"No","Metropolitan","Sandstorms","Jam ",1,"N",5
34,"Snack ",20,11,4.1,"electric_scooter",2,"No","Metropolitan","Fog","Jam ",1,"N",5
19,"Meal ",23,9,4.9,"scooter",1,"No","Semi-Urban","Sunny","Low ",1,"Y",10
28,"Snack ",23,16,4.7,"motorcycle",0,"No","Urban","Stormy","Low",1,"N",5
21,"Meal ",32,9,4.8,"motorcycle",1,"No","Semi-Urban","Stormy","Low ",0,"Y",10
33,"Buffet ",39,21,4.9,"scooter",1,"No","Metropolitan","Sandstorms","High ",1,"N",15
17,"Drinks ",29,16,4.7,"motorcycle",1,"No","Urban","Fog","Low ",1,"Y",5
31,"Meal ",39,1,4.3,"scooter",1,"No","Metropolitan","Windy","Jam ",1,"N",15
22,"Drinks ",34,4,4.5,"scooter",2,"No","Semi-Urban","Windy","Medium",0,"N",10
17,"Buffet ",34,8,4.7,"motorcycle",0,"No","Metropolitan","Stormy","Low ",1,"N",15
14,"Meal ",27,21,4.8,"scooter",1,"No","Urban","Windy","Low ",0,"N",10
26,"Snack ",38,2,4.1,"scooter",0,"No","Metropolitan","Windy","Low ",0,"N",10
20,"Drinks ",37,21,4.6,"motorcycle",0,"No","Semi-Urban","Windy","Low",1,"N",10
27,"Buffet ",29,3,4.1,"motorcycle",0,"No","Urban","Windy","Low",1,"Y",15
28,"Meal ",23,22,4.5,"electric_scooter",0,"No","Metropolitan","Stormy","Low ",1,"N",20
26,"Drinks ",39,19,4.9,"scooter",0,"No","Urban","Sunny","Low",0,"N",10
15,"Buffet ",29,6,4.8,"scooter",1,"No","Metropolitan","Sandstorms","Low ",1,"N",10
27,"Buffet ",39,21,4.6,"scooter",2,"No","Metropolitan","Sunny","Low ",1,"Y",5
49,"Meal ",36,4,4.4,"scooter",2,"Yes","Urban","Fog","Jam",2,"N",5
36,"Snack ",38,8,4.2,"motorcycle",0,"No","Metropolitan","Windy","Jam ",1,"N",5
26,"Snack ",30,14,4.7,"scooter",1,"No","Metropolitan","Stormy","Low ",1,"N",5
28,"Snack ",29,8,5,"scooter",1,"No","Metropolitan","Stormy","Jam ",0,"N",10
43,"Snack ",34,6,2.7,"scooter",1,"No","Urban","Sunny","Low ",2,"N",25
23,"Meal ",28,4,4.5,"motorcycle",2,"No","Urban","Sandstorms","Medium",0,"N",10
48,"Buffet ",21,19,4.6,"motorcycle",0,"No","Semi-Urban","Fog","Medium",2,"Y",10
41,"Drinks ",31,16,4.9,"scooter",2,"No","Urban","Fog","Medium",1,"N",10
23,"Drinks ",29,3,4,"electric_scooter",0,"No","Metropolitan","Windy","Low ",1,"Y",15
28,"Buffet ",33,9,4.9,"scooter",2,"No","Semi-Urban","Sunny","Low ",1,"N",5
31,"Snack ",21,6,4.4,"scooter",0,"No","Metropolitan","Cloudy","Medium",0,"N",10
17,"Drinks ",34,3,4.7,"motorcycle",0,"No","Metropolitan","Sunny","Low ",0,"N",5
39,"Buffet ",34,3,4.4,"electric_scooter",1,"No","Urban","Cloudy","Medium",0,"N",5
19,"Buffet ",32,21,4.9,"scooter",2,"No","Metropolitan","Windy","Medium",0,"N",15
27,"Meal ",34,8,4.6,"scooter",2,"No","Metropolitan","Sandstorms","Low ",0,"N",15
17,"Meal ",29,12,5,"scooter",2,"No","Metropolitan","Cloudy","Medium",1,"Y",10
18,"Buffet ",34,3,4.5,"scooter",2,"No","Urban","Stormy","Low",1,"N",10
44,"Meal ",25,15,3.9,"scooter",1,"No","Metropolitan","Sandstorms","Jam ",1,"Y",10
16,"Snack ",25,23,4.6,"scooter",2,"No","Metropolitan","Sandstorms","Jam ",0,"N",5
21,"Meal ",22,2,4.8,"motorcycle",1,"No","Urban","Stormy","Low ",1,"N",5
20,"Meal ",36,18,4.6,"electric_scooter",0,"No","Metropolitan","Sandstorms","High",0,"N",15
30,"Drinks ",35,12,4.6,"motorcycle",0,"No","Metropolitan","Fog","Medium",1,"Y",5
17,"Snack ",30,2,4.1,"motorcycle",0,"No","Metropolitan","Sandstorms","Low ",1,"Y",25
44,"Meal ",32,11,4.2,"scooter",0,"No","Urban","Windy","Medium",2,"Y",10
33,"Meal ",23,2,4.2,"electric_scooter",2,"No","Metropolitan","Cloudy","Jam ",0,"N",15
36,"Snack ",38,1,4.1,"electric_scooter",2,"No","Urban","Cloudy","Medium",0,"N",10
23,"Buffet ",24,8,4.6,"motorcycle",0,"No","Urban","Stormy","Low ",0,"N",10
34,"Drinks ",32,12,4.2,"scooter",2,"No","Metropolitan","Windy","High ",1,"N",15
19,"Drinks ",23,15,4.7,"electric_scooter",1,"No","Urban","Fog","Medium",0,"N",10
15,"Meal ",33,5,4.5,"electric_scooter",2,"No","Urban","Windy","Jam",1,"N",10
37,"Meal ",20,5,5,"motorcycle",0,"No","Metropolitan","Fog","Jam ",1,"N",15
47,"Snack ",39,3,4.2,"motorcycle",0,"No","Metropolitan","Stormy","Jam ",3,"N",5
11,"Snack ",36,18,4.9,"electric_scooter",2,"No","Urban","Sunny","Jam",0,"N",10
28,"Snack ",28,12,4.8,"electric_scooter",0,"No","Metropolitan","Stormy","Medium",1,"N",5
28,"Buffet ",22,3,4.3,"motorcycle",0,"No","Urban","Stormy","Low",1,"N",5
21,"Snack ",32,13,4.7,"motorcycle",1,"No","Metropolitan","Sunny","Medium",1,"Y",10
28,"Drinks ",22,9,4.9,"electric_scooter",0,"No","Metropolitan","Stormy","Medium",1,"N",5
39,"Meal ",39,9,4.3,"scooter",2,"No","Semi-Urban","Cloudy","Jam ",2,"N",5
16,"Meal ",28,15,4.6,"scooter",0,"No","Urban","Sandstorms","Low",0,"Y",5
38,"Drinks ",37,14,4.4,"scooter",2,"No","Urban","Windy","Jam ",0,"N",15
28,"Meal ",29,3,4.8,"motorcycle",1,"No","Semi-Urban","Sandstorms","Jam",1,"N",5
28,"Snack ",31,23,4.6,"motorcycle",0,"No","Urban","Sunny","High ",1,"Y",10
22,"Buffet ",25,18,4.9,"scooter",2,"No","Urban","Sandstorms","Medium",1,"N",5
31,"Snack ",28,9,4.4,"motorcycle",0,"No","Semi-Urban","Sandstorms","Medium",1,"N",10
20,"Snack ",23,12,4.5,"scooter",1,"No","Semi-Urban","Sandstorms","Medium",1,"N",5
26,"Buffet ",26,21,4.7,"electric_scooter",2,"No","Urban","Sandstorms","Low",1,"Y",10
25,"Snack ",22,14,4.7,"motorcycle",2,"No","Metropolitan","Stormy","Medium",1,"N",5
29,"Buffet ",37,4,4.6,"motorcycle",1,"No","Metropolitan","Sunny","Low ",1,"N",15
38,"Snack ",28,6,4.5,"motorcycle",0,"No","Metropolitan","Stormy","Medium",1,"Y",10
29,"Snack ",25,14,4.7,"motorcycle",2,"No","Metropolitan","Windy","Medium",0,"N",15
38,"Meal ",39,9,4,"electric_scooter",0,"No","Metropolitan","Sandstorms","Jam ",1,"Y",5
40,"Meal ",37,14,4.7,"motorcycle",0,"No","Metropolitan","Sandstorms","Jam ",1,"N",5
46,"Drinks ",25,11,4.7,"scooter",2,"Yes","Metropolitan","Fog","Jam ",2,"Y",15
45,"Buffet ",39,2,4.2,"motorcycle",0,"No","Urban","Sandstorms","High ",0,"N",15
36,"Meal ",37,2,4.9,"motorcycle",0,"No","Metropolitan","Windy","Jam ",0,"N",5
15,"Snack ",23,15,4.9,"motorcycle",2,"No","Urban","Stormy","Low",0,"N",5
25,"Drinks ",22,12,4.8,"scooter",1,"No","Metropolitan","Windy","Medium",0,"N",15
28,"Drinks ",36,18,4.9,"scooter",2,"No","Metropolitan","Windy","Medium",1,"Y",5
18,"Drinks ",37,19,4.7,"motorcycle",1,"No","Metropolitan","Stormy","Jam ",1,"N",10
25,"Snack ",21,19,5,"scooter",1,"No","Urban","Stormy","Low ",0,"N",5
22,"Meal ",24,22,4.7,"electric_scooter",0,"No","Urban","Windy","Jam",1,"N",5
54,"Meal ",26,14,4.7,"scooter",0,"No","Metropolitan","Sunny","Jam ",1,"Y",15
20,"Drinks ",23,19,4.6,"electric_scooter",0,"No","Semi-Urban","Sunny","Medium",0,"N",5
12,"Drinks ",34,14,5,"scooter",1,"No","Metropolitan","Sunny","Low ",1,"N",15
28,"Buffet ",26,3,4.1,"motorcycle",0,"No","Metropolitan","Sandstorms","Low",1,"N",5
22,"Snack ",29,17,4.9,"electric_scooter",2,"No","Metropolitan","Stormy","High",1,"N",10
38,"Snack ",36,13,4.8,"scooter",1,"No","Urban","Fog","Medium",1,"N",5
21,"Buffet ",38,23,4.6,"motorcycle",1,"No","Metropolitan","Sunny","Medium",1,"N",10
26,"Snack ",28,23,4.6,"motorcycle",2,"No","Urban","Windy","Low ",1,"N",5
23,"Meal ",24,15,5,"scooter",2,"No","Metropolitan","Sunny","Low",0,"N",10
16,"Meal ",33,12,4.9,"electric_scooter",1,"No","Semi-Urban","Fog","Low ",0,"N",5
20,"Snack ",25,2,4.8,"scooter",2,"No","Metropolitan","Stormy","Low ",1,"N",5
20,"Snack ",22,19,4.9,"motorcycle",1,"No","Metropolitan","Cloudy","Jam ",0,"N",15
17,"Drinks ",32,15,4.9,"electric_scooter",0,"No","Metropolitan","Cloudy","Low ",1,"Y",10
27,"Buffet ",33,22,4.9,"motorcycle",1,"No","Urban","Fog","Medium",0,"Y",10
14,"Snack ",36,7,4.9,"motorcycle",1,"No","Metropolitan","Windy","Low ",0,"N",20
22,"Drinks ",22,2,4.5,"motorcycle",1,"No","Metropolitan","Sandstorms","Jam ",1,"N",10
41,"Snack ",27,12,4.8,"electric_scooter",0,"No","Metropolitan","Fog","Jam ",1,"N",10
15,"Meal ",20,19,4.6,"electric_scooter",1,"No","Urban","Windy","Jam",1,"Y",10
15,"Buffet ",32,14,4.8,"scooter",2,"No","Urban","Sunny","Low ",0,"N",5
35,"Meal ",21,22,4.9,"scooter",0,"No","Urban","Sandstorms","Jam ",0,"Y",15
32,"Meal ",37,11,4.2,"motorcycle",0,"No","Metropolitan","Fog","Jam ",1,"N",15
29,"Drinks ",37,17,4.8,"motorcycle",0,"No","Metropolitan","Sunny","Medium",1,"Y",15
17,"Snack ",23,18,4.9,"scooter",2,"No","Urban","Fog","Low",1,"N",15
31,"Meal ",26,7,4.9,"scooter",1,"No","Metropolitan","Cloudy","Jam ",1,"Y",10
30,"Snack ",21,5,5,"scooter",2,"No","Metropolitan","Fog","Jam ",1,"N",5
29,"Buffet ",29,6,5,"motorcycle",0,"No","Semi-Urban","Cloudy","High ",1,"N",5
47,"Drinks ",22,6,4,"motorcycle",2,"No","Metropolitan","Cloudy","Jam ",1,"N",15
22,"Drinks ",38,12,4.6,"electric_scooter",2,"No","Metropolitan","Fog","Jam ",0,"N",10
44,"Snack ",22,18,4.8,"motorcycle",0,"No","Urban","Fog","Jam ",3,"Y",15
34,"Snack ",28,13,4.3,"motorcycle",0,"No","Urban","Windy","Jam ",1,"N",10
25,"Buffet ",30,23,4.3,"motorcycle",0,"No","Metropolitan","Windy","Low ",0,"N",10
21,"Drinks ",32,5,4.6,"motorcycle",0,"No","Urban","Sunny","Low ",1,"N",25
27,"Meal ",27,9,4.7,"motorcycle",1,"No","Metropolitan","Windy","Low ",1,"N",15
10,"Meal ",25,16,4.5,"motorcycle",1,"No","Semi-Urban","Fog","Low",0,"N",15
33,"Drinks ",28,22,4.7,"scooter",1,"No","Urban","Stormy","High",1,"N",10
31,"Meal ",29,8,5,"motorcycle",1,"No","Urban","Cloudy","Medium",1,"N",10
24,"Snack ",25,22,5,"scooter",2,"No","Metropolitan","Sunny","Jam ",1,"N",15
36,"Buffet ",38,1,4.1,"motorcycle",0,"No","Urban","Stormy","Medium",0,"N",5
23,"Snack ",21,15,5,"motorcycle",1,"No","Metropolitan","Sunny","Low ",1,"Y",10
18,"Meal ",31,18,4.6,"electric_scooter",1,"No","Urban","Sunny","Jam",1,"N",15
23,"Drinks ",21,21,4.7,"scooter",1,"No","Metropolitan","Sunny","Low ",1,"N",10
18,"Buffet ",38,22,4.8,"scooter",2,"No","Urban","Stormy","Medium",1,"N",10
26,"Snack ",39,17,4.6,"electric_scooter",1,"No","Metropolitan","Windy","Jam ",1,"N",15
34,"Meal ",29,6,4.2,"motorcycle",0,"No","Urban","Sandstorms","Low ",0,"Y",5
48,"Drinks ",29,18,4.6,"electric_scooter",0,"Yes","Metropolitan","Sandstorms","Medium",3,"N",10
26,"Snack ",28,22,5,"motorcycle",0,"No","Metropolitan","Sunny","Medium",1,"Y",10
15,"Meal ",27,9,4.8,"scooter",1,"No","Metropolitan","Sunny","Low ",1,"Y",10
41,"Drinks ",30,20,4,"scooter",1,"No","Urban","Fog","Jam ",2,"N",10
35,"Drinks ",24,18,3.8,"scooter",2,"No","Semi-Urban","Stormy","Jam ",1,"N",10
20,"Buffet ",26,9,4.6,"scooter",0,"No","Metropolitan","Sunny","High ",1,"N",15
19,"Buffet ",32,12,4.7,"scooter",1,"No","Metropolitan","Sunny","Medium",1,"Y",15
43,"Snack ",26,3,4.1,"motorcycle",0,"No","Semi-Urban","Sandstorms","Medium",1,"Y",5
15,"Snack ",37,23,4.9,"scooter",1,"No","Urban","Windy","Medium",1,"N",5
16,"Meal ",21,11,4.9,"electric_scooter",2,"No","Metropolitan","Sunny","Medium",0,"N",5
28,"Meal ",22,21,4.9,"scooter",0,"No","Urban","Fog","Low",1,"N",10
29,"Buffet ",20,4,4.9,"motorcycle",0,"No","Semi-Urban","Sunny","Low ",1,"N",10
54,"Snack ",30,13,5,"motorcycle",0,"Yes","Metropolitan","Fog","Jam ",1,"N",5
18,"Snack ",25,23,4.5,"motorcycle",2,"No","Urban","Windy","Jam ",1,"N",15
10,"Buffet ",24,19,4.6,"motorcycle",1,"No","Urban","Fog","Low",0,"N",15
20,"Meal ",20,22,4.6,"scooter",0,"No","Semi-Urban","Fog","Low",0,"N",15
30,"Buffet ",26,8,4.8,"motorcycle",2,"No","Metropolitan","Stormy","Jam ",0,"N",15
22,"Snack ",35,23,4.5,"scooter",1,"No","Metropolitan","Windy","High ",1,"Y",15
34,"Snack ",39,10,2.6,"motorcycle",2,"No","Semi-Urban","Sunny","Low ",1,"N",5
38,"Drinks ",29,4,4.6,"motorcycle",1,"No","Semi-Urban","Fog","Jam ",1,"N",10
31,"Meal ",26,4,4.2,"scooter",2,"No","Metropolitan","Fog","Jam ",1,"N",15
28,"Drinks ",21,19,4.4,"motorcycle",0,"No","Metropolitan","Windy","Low ",1,"N",5
41,"Buffet ",37,14,4.5,"scooter",1,"No","Semi-Urban","Windy","Jam ",2,"N",10
19,"Buffet ",23,22,4.8,"motorcycle",0,"No","Urban","Stormy","Low",0,"N",5
16,"Buffet ",37,19,5,"electric_scooter",1,"No","Metropolitan","Cloudy","Medium",1,"N",15
24,"Meal ",20,23,4.9,"motorcycle",1,"No","Metropolitan","Sandstorms","High ",1,"Y",10
32,"Buffet ",35,7,4.2,"motorcycle",0,"No","Metropolitan","Windy","Low ",1,"Y",10
33,"Buffet ",27,3,4.2,"electric_scooter",2,"No","Metropolitan","Cloudy","Medium",1,"N",10
25,"Snack ",25,13,5,"motorcycle",0,"No","Metropolitan","Stormy","Low ",0,"N",10
37,"Meal ",28,7,4.4,"scooter",1,"No","Metropolitan","Fog","Medium",1,"N",15
22,"Buffet ",23,8,4,"motorcycle",0,"No","Metropolitan","Stormy","Low ",1,"Y",10
28,"Buffet ",37,18,4.8,"motorcycle",0,"No","Urban","Windy","Medium",1,"N",10
17,"Meal ",24,12,4.9,"scooter",1,"No","Metropolitan","Sunny","Jam ",1,"N",15
26,"Meal ",22,18,5,"scooter",2,"No","Metropolitan","Windy","Jam ",1,"N",15
16,"Drinks ",28,21,4.5,"scooter",1,"No","Metropolitan","Sunny","Medium",0,"N",15
31,"Meal ",36,3,4,"scooter",2,"No","Metropolitan","Cloudy","Medium",1,"Y",5
15,"Meal ",28,17,4.8,"electric_scooter",2,"No","Urban","Stormy","High",0,"N",10
19,"Meal ",36,23,5,"motorcycle",2,"No","Metropolitan","Sunny","Low ",0,"N",15
21,"Meal ",28,18,4.7,"electric_scooter",2,"No","Urban","Sunny","Low",1,"N",5
22,"Snack ",33,18,5,"electric_scooter",1,"No","Urban","Stormy","Medium",1,"N",5
25,"Drinks ",25,9,4.5,"electric_scooter",2,"No","Metropolitan","Stormy","Medium",1,"N",15
45,"Meal ",32,13,4.4,"electric_scooter",1,"Yes","Metropolitan","Cloudy","Jam ",2,"N",5
26,"Snack ",24,18,4.6,"motorcycle",0,"No","Urban","Sandstorms","Jam",1,"Y",5
28,"Meal ",39,3,4.9,"motorcycle",0,"No","Urban","Stormy","High ",1,"N",10
20,"Meal ",34,21,4.8,"motorcycle",0,"No","Metropolitan","Sunny","Jam ",1,"N",15
32,"Drinks ",32,5,5,"electric_scooter",1,"No","Semi-Urban","Cloudy","Jam ",1,"Y",5
15,"Snack ",22,17,4.6,"electric_scooter",2,"No","Metropolitan","Fog","Low ",1,"Y",5
36,"Buffet ",21,8,4.6,"motorcycle",1,"No","Metropolitan","Fog","Medium",1,"N",15
25,"Snack ",39,17,4.6,"scooter",1,"No","Metropolitan","Windy","High ",1,"N",10
20,"Snack ",33,13,4.7,"electric_scooter",0,"No","Urban","Sunny","Low ",1,"N",15
25,"Snack ",30,21,4.7,"electric_scooter",0,"No","Metropolitan","Windy","Low",1,"N",5
38,"Buffet ",21,12,4.5,"motorcycle",1,"No","Metropolitan","Sandstorms","Jam ",1,"Y",10
20,"Snack ",21,5,4.9,"motorcycle",0,"No","Urban","Sandstorms","Low ",1,"N",10
21,"Buffet ",22,19,5,"electric_scooter",1,"No","Metropolitan","Windy","Low ",0,"N",15
29,"Drinks ",38,18,4.8,"electric_scooter",2,"No","Urban","Cloudy","Low",1,"N",15
29,"Buffet ",36,11,4.1,"scooter",0,"No","Metropolitan","Stormy","Low ",1,"N",10
13,"Drinks ",36,17,4.7,"scooter",2,"No","Urban","Stormy","High",0,"N",10
33,"Meal ",21,17,4.7,"motorcycle",1,"No","Metropolitan","Stormy","Jam ",0,"N",10
31,"Meal ",37,2,4.3,"electric_scooter",2,"No","Urban","Windy","Jam",1,"N",10
28,"Snack ",33,16,4.7,"scooter",2,"No","Metropolitan","Fog","High ",1,"Y",5
32,"Buffet ",21,23,4.8,"electric_scooter",2,"No","Urban","Sandstorms","Jam",1,"N",15
23,"Meal ",22,14,4.6,"scooter",1,"No","Metropolitan","Windy","Medium",1,"N",5
27,"Meal ",31,18,4.7,"motorcycle",0,"No","Metropolitan","Fog","Jam ",0,"N",15
39,"Drinks ",33,11,4.4,"scooter",2,"No","Urban","Sandstorms","Jam ",1,"N",10
26,"Drinks ",31,8,4.5,"motorcycle",0,"No","Metropolitan","Windy","Low ",1,"N",15
25,"Drinks ",35,23,4.9,"motorcycle",1,"No","Semi-Urban","Sandstorms","Low ",1,"N",15
49,"Meal ",39,4,4.2,"motorcycle",2,"No","Metropolitan","Fog","Jam ",2,"N",10
21,"Snack ",35,21,4.5,"motorcycle",1,"No","Metropolitan","Sunny","Jam ",1,"Y",5
16,"Drinks ",35,12,4.9,"scooter",2,"No","Metropolitan","Cloudy","Medium",1,"N",10
25,"Drinks ",20,16,4.6,"scooter",1,"No","Metropolitan","Windy","Medium",1,"N",10
10,"Meal ",28,18,4.7,"electric_scooter",1,"No","Urban","Stormy","Jam",0,"N",5
16,"Meal ",27,13,4.8,"scooter",1,"No","Metropolitan","Sandstorms","Low ",1,"N",5
42,"Buffet ",28,3,4.2,"motorcycle",0,"No","Semi-Urban","Stormy","Jam",3,"Y",5
20,"Snack ",35,9,5,"electric_scooter",2,"No","Semi-Urban","Windy","Low ",0,"N",5
22,"Drinks ",32,17,4.9,"scooter",0,"No","Metropolitan","Fog","Low ",1,"N",10
26,"Buffet ",22,14,4.9,"electric_scooter",0,"No","Metropolitan","Sunny","Medium",0,"N",5
25,"Drinks ",30,19,4.6,"scooter",0,"No","Metropolitan","Windy","Medium",0,"N",15
26,"Buffet ",36,17,4.9,"motorcycle",1,"No","Metropolitan","Fog","Low ",0,"N",5
10,"Drinks ",24,21,4.8,"scooter",2,"No","Urban","Windy","Low",1,"N",15
20,"Meal ",25,13,4.8,"electric_scooter",0,"No","Metropolitan","Sandstorms","Medium",1,"N",10
34,"Buffet ",34,15,3.9,"electric_scooter",2,"No","Metropolitan","Sandstorms","Jam ",0,"N",15
10,"Buffet ",28,6,4.8,"scooter",2,"No","Metropolitan","Windy","Low ",0,"N",15
30,"Drinks ",31,5,4.5,"scooter",0,"No","Urban","Sandstorms","Medium",1,"Y",10
39,"Drinks ",26,6,4,"scooter",1,"No","Urban","Cloudy","Jam",2,"N",5
39,"Drinks ",24,12,4.7,"motorcycle",0,"No","Semi-Urban","Stormy","High ",2,"N",15
24,"Snack ",22,15,5,"motorcycle",1,"No","Metropolitan","Fog","High ",1,"N",10
16,"Drinks ",33,4,4.9,"electric_scooter",2,"No","Urban","Fog","Low ",1,"Y",10
21,"Drinks ",34,23,4.9,"motorcycle",1,"No","Urban","Stormy","Jam",1,"N",5
23,"Snack ",32,23,4.9,"scooter",1,"No","Metropolitan","Stormy","Low ",1,"N",5
31,"Buffet ",26,13,4.1,"motorcycle",2,"No","Metropolitan","Windy","Jam ",1,"N",5
19,"Snack ",22,15,4.6,"motorcycle",2,"No","Semi-Urban","Cloudy","Low",1,"N",10
34,"Buffet ",27,1,3.8,"electric_scooter",1,"No","Urban","Stormy","Jam",1,"Y",15
22,"Snack ",21,4,4.3,"motorcycle",0,"No","Metropolitan","Stormy","Low ",1,"N",15
17,"Snack ",26,3,4.8,"electric_scooter",2,"No","Semi-Urban","Stormy","Medium",0,"N",5
26,"Drinks ",24,22,4.6,"electric_scooter",2,"No","Metropolitan","Stormy","Low ",1,"N",10
40,"Drinks ",23,9,4.8,"motorcycle",0,"Yes","Metropolitan","Cloudy","Jam ",1,"N",15
23,"Snack ",29,19,4.7,"motorcycle",0,"No","Metropolitan","Sandstorms","Low ",1,"N",10
23,"Drinks ",20,9,4.7,"motorcycle",0,"No","Metropolitan","Fog","Low ",1,"N",5
17,"Snack ",31,23,4.8,"scooter",1,"No","Urban","Sunny","Medium",1,"Y",5
39,"Snack ",37,19,4.3,"motorcycle",1,"No","Metropolitan","Sandstorms","Jam ",1,"Y",10
16,"Meal ",30,15,4.8,"motorcycle",1,"No","Urban","Sunny","Low",1,"N",30
22,"Meal ",31,23,4.1,"electric_scooter",0,"No","Semi-Urban","Sandstorms","Low ",1,"N",15
21,"Snack ",39,7,4.6,"motorcycle",0,"No","Metropolitan","Fog","Low ",1,"N",30
25,"Snack ",26,19,4.6,"motorcycle",1,"No","Metropolitan","Stormy","Medium",1,"N",5
16,"Meal ",34,23,4.9,"motorcycle",0,"No","Semi-Urban","Stormy","Low ",1,"N",10
28,"Meal ",21,15,4.6,"electric_scooter",2,"No","Metropolitan","Cloudy","High ",1,"N",10
21,"Buffet ",39,4,4.7,"motorcycle",0,"No","Semi-Urban","Stormy","Low ",1,"N",15
36,"Drinks ",36,8,5,"motorcycle",1,"No","Urban","Stormy","Jam ",0,"N",10
33,"Meal ",24,17,4.7,"electric_scooter",0,"No","Urban","Windy","High",1,"N",15
22,"Drinks ",24,19,5,"motorcycle",2,"No","Urban","Stormy","Low",1,"N",15
48,"Buffet ",27,8,4.8,"electric_scooter",2,"No","Urban","Stormy","Jam ",1,"N",5
16,"Snack ",22,17,5,"electric_scooter",1,"No","Urban","Cloudy","Medium",1,"N",5
33,"Snack ",22,14,4,"electric_scooter",2,"No","Urban","Fog","Jam ",0,"N",15
43,"Snack ",34,2,4.9,"motorcycle",0,"No","Metropolitan","Stormy","Medium",2,"N",5
33,"Drinks ",39,13,4.6,"motorcycle",1,"No","Metropolitan","Windy","Jam ",1,"N",5
45,"Meal ",33,18,4.7,"electric_scooter",2,"No","Urban","Cloudy","Jam",1,"N",5
29,"Drinks ",36,2,4.8,"scooter",2,"No","Metropolitan","Sunny","Jam ",1,"N",5
44,"Buffet ",22,15,5,"motorcycle",1,"No","Metropolitan","Fog","Medium",3,"N",10
25,"Meal ",27,4,4.5,"scooter",0,"No","Metropolitan","Sunny","Medium",1,"Y",10
49,"Buffet ",32,6,4,"electric_scooter",0,"No","Urban","Windy","Medium",1,"N",15
28,"Snack ",25,22,4.8,"motorcycle",2,"No","Metropolitan","Sandstorms","Low ",1,"N",5
17,"Meal ",25,6,4.8,"motorcycle",1,"No","Urban","Fog","Medium",0,"N",5
11,"Snack ",31,19,4.6,"motorcycle",2,"No","Urban","Windy","Low",0,"Y",10
44,"Meal ",29,16,4.4,"motorcycle",0,"No","Metropolitan","Stormy","Medium",1,"Y",10
28,"Snack ",38,9,4.5,"electric_scooter",2,"No","Metropolitan","Windy","Medium",1,"N",15
21,"Snack ",38,1,4.8,"scooter",1,"No","Urban","Stormy","Low",1,"N",5
15,"Meal ",33,16,4.6,"scooter",1,"No","Metropolitan","Sunny","Low ",0,"N",15
45,"Buffet ",22,7,5,"motorcycle",0,"No","Metropolitan","Cloudy","Medium",2,"N",5
44,"Meal ",25,12,4,"motorcycle",1,"Yes","Metropolitan","Cloudy","Jam ",1,"N",5
48,"Buffet ",24,11,4.8,"motorcycle",1,"No","Metropolitan","Fog","Jam ",0,"N",15
19,"Drinks ",28,16,4.7,"motorcycle",1,"No","Metropolitan","Cloudy","Low",1,"N",5
24,"Drinks ",34,7,4.6,"scooter",2,"No","Metropolitan","Stormy","Medium",1,"N",15
16,"Drinks ",37,15,4.8,"motorcycle",2,"No","Metropolitan","Fog","Medium",1,"N",15
27,"Drinks ",35,6,5,"motorcycle",0,"No","Metropolitan","Fog","Low ",1,"N",5
20,"Meal ",25,6,4.2,"motorcycle",0,"No","Metropolitan","Stormy","Low ",1,"N",5
39,"Buffet ",34,4,4.1,"scooter",0,"No","Urban","Windy","Jam",2,"N",10
41,"Snack ",36,9,4.2,"motorcycle",1,"No","Urban","Windy","Jam ",0,"N",15
42,"Drinks ",36,9,4.9,"scooter",0,"Yes","Metropolitan","Sandstorms","High ",0,"N",10
19,"Snack ",37,23,4.6,"electric_scooter",2,"No","Metropolitan","Sunny","Medium",1,"N",5
25,"Buffet ",21,22,4.7,"motorcycle",2,"No","Semi-Urban","Windy","Jam ",1,"N",15
46,"Buffet ",29,17,4.7,"motorcycle",0,"No","Metropolitan","Cloudy","Jam ",1,"N",10
33,"Snack ",31,7,4.3,"motorcycle",1,"No","Metropolitan","Fog","Jam ",2,"N",10
27,"Snack ",37,15,4.7,"scooter",2,"No","Urban","Sandstorms","Medium",1,"N",15
24,"Drinks ",35,18,4.7,"scooter",1,"No","Metropolitan","Sunny","Jam ",1,"N",15
24,"Snack ",23,22,4.8,"motorcycle",0,"No","Urban","Stormy","Low ",1,"N",15
30,"Snack ",30,22,4.8,"motorcycle",0,"No","Metropolitan","Fog","Medium",0,"Y",5
52,"Snack ",31,5,4.3,"motorcycle",0,"No","Urban","Sunny","High ",3,"N",10
25,"Snack ",32,15,4.9,"electric_scooter",1,"No","Metropolitan","Fog","Low ",1,"N",10
34,"Snack ",26,12,4.9,"scooter",0,"No","Metropolitan","Sunny","Medium",1,"N",5
29,"Drinks ",29,18,4.6,"motorcycle",0,"No","Urban","Stormy","Jam",1,"Y",15
24,"Meal ",23,21,4.5,"motorcycle",0,"No","Metropolitan","Sunny","Medium",1,"Y",10
16,"Buffet ",24,21,4.9,"motorcycle",2,"No","Metropolitan","Sunny","Low ",1,"N",15
28,"Drinks ",36,23,4.7,"motorcycle",2,"No","Metropolitan","Stormy","Jam ",1,"N",10
21,"Buffet ",30,3,4,"motorcycle",0,"No","Semi-Urban","Sandstorms","Low",1,"N",5
28,"Snack ",39,17,4.9,"motorcycle",0,"No","Metropolitan","Cloudy","Jam ",1,"Y",10
23,"Snack ",27,19,4.8,"motorcycle",0,"No","Metropolitan","Fog","Medium",0,"N",15
34,"Drinks ",32,12,4.2,"scooter",2,"No","Metropolitan","Windy","High ",1,"N",15
26,"Meal ",37,23,4.8,"electric_scooter",2,"No","Metropolitan","Stormy","Jam ",0,"Y",10
24,"Drinks ",38,7,4.2,"motorcycle",0,"No","Metropolitan","Windy","Low ",1,"N",10
15,"Meal ",39,19,4.8,"scooter",1,"No","Urban","Stormy","Low ",1,"N",10
23,"Drinks ",26,18,4.8,"scooter",2,"No","Urban","Fog","Jam ",0,"Y",5
26,"Meal ",29,21,4.7,"motorcycle",0,"No","Metropolitan","Sunny","Jam ",1,"N",5
23,"Buffet ",31,4,4.5,"motorcycle",0,"No","Urban","Stormy","Jam",1,"N",5
16,"Snack ",26,23,4.9,"scooter",2,"No","Urban","Sunny","Jam",0,"Y",5
19,"Drinks ",37,23,4.9,"scooter",2,"No","Metropolitan","Stormy","Low ",1,"N",5
47,"Snack ",28,18,4.6,"scooter",0,"No","Urban","Windy","Jam",1,"Y",15
21,"Buffet ",30,15,4.8,"motorcycle",2,"No","Metropolitan","Stormy","Low ",1,"N",25
15,"Meal ",30,13,4.8,"electric_scooter",2,"No","Metropolitan","Sunny","Jam ",1,"N",10
10,"Snack ",28,19,4.8,"motorcycle",1,"No","Urban","Stormy","Low",0,"N",5
23,"Drinks ",38,17,4.1,"motorcycle",0,"No","Urban","Stormy","Low",1,"N",5
32,"Snack ",30,4,4.2,"scooter",1,"No","Metropolitan","Stormy","Medium",1,"N",10
25,"Drinks ",30,14,4.7,"scooter",2,"No","Urban","Windy","Low ",0,"N",5
12,"Snack ",28,9,4.7,"scooter",2,"No","Urban","Sunny","Jam ",0,"N",15
22,"Buffet ",26,16,4.7,"scooter",0,"No","Metropolitan","Stormy","Medium",1,"Y",10
16,"Meal ",31,12,4.8,"scooter",2,"No","Urban","Sunny","Medium",0,"N",10
31,"Drinks ",20,21,5,"motorcycle",1,"No","Metropolitan","Sandstorms","High ",1,"N",10
42,"Meal ",30,16,4.9,"scooter",1,"Yes","Urban","Fog","Jam",0,"N",15
18,"Meal ",20,17,4.9,"motorcycle",2,"No","Metropolitan","Stormy","Low ",0,"N",10
30,"Buffet ",25,12,4.8,"scooter",2,"No","Urban","Stormy","Jam ",1,"N",10
21,"Buffet ",22,6,4.9,"scooter",1,"No","Semi-Urban","Windy","Medium",1,"N",15
35,"Snack ",20,2,4,"electric_scooter",1,"No","Metropolitan","Sunny","Jam ",1,"N",10
28,"Drinks ",22,16,4.5,"motorcycle",0,"No","Metropolitan","Fog","Jam ",0,"N",10
28,"Drinks ",26,15,4.7,"motorcycle",1,"No","Metropolitan","Stormy","High ",1,"N",15
28,"Snack ",28,22,4.6,"motorcycle",0,"No","Metropolitan","Cloudy","Medium",1,"N",10
19,"Snack ",33,7,5,"scooter",2,"No","Urban","Stormy","Low ",1,"N",20
16,"Snack ",21,23,4.7,"motorcycle",0,"No","Metropolitan","Sunny","Medium",0,"N",15
15,"Meal ",32,22,4.7,"electric_scooter",0,"No","Metropolitan","Sunny","Low ",1,"N",15
26,"Drinks ",32,17,4.8,"electric_scooter",0,"No","Metropolitan","Sunny","Low ",1,"Y",15
11,"Snack ",26,5,4.6,"scooter",2,"No","Metropolitan","Sandstorms","Low ",1,"N",5
27,"Meal ",33,22,5,"electric_scooter",0,"No","Metropolitan","Fog","Medium",1,"N",10
23,"Snack ",38,23,4.9,"electric_scooter",0,"No","Metropolitan","Sunny","Low ",1,"N",15
42,"Meal ",33,18,4.6,"motorcycle",0,"No","Metropolitan","Cloudy","Jam ",1,"Y",10
28,"Drinks ",25,17,4.7,"scooter",2,"No","Metropolitan","Sandstorms","Medium",1,"Y",15
29,"Buffet ",27,8,4.7,"motorcycle",2,"No","Urban","Stormy","Jam ",1,"N",5
31,"Drinks ",34,12,3.8,"electric_scooter",2,"No","Metropolitan","Sunny","Jam ",1,"N",10
11,"Meal ",32,23,4.9,"scooter",1,"No","Metropolitan","Windy","Low ",0,"N",5
34,"Buffet ",35,9,4.6,"scooter",2,"No","Urban","Windy","Medium",0,"N",15
15,"Drinks ",37,22,5,"scooter",1,"No","Urban","Fog","Low",0,"N",15
19,"Snack ",39,13,4.6,"motorcycle",1,"No","Urban","Fog","Low ",0,"N",25
28,"Drinks ",22,9,4.8,"motorcycle",1,"No","Urban","Fog","Low ",1,"Y",15
28,"Buffet ",26,3,4.9,"motorcycle",0,"No","Metropolitan","Fog","High ",0,"Y",10
31,"Snack ",26,13,4.8,"motorcycle",0,"No","Metropolitan","Stormy","High ",1,"Y",5
15,"Buffet ",30,5,4,"electric_scooter",0,"No","Metropolitan","Stormy","Low ",0,"N",10
17,"Buffet ",32,23,5,"scooter",2,"No","Semi-Urban","Sunny","High ",0,"Y",5
29,"Snack ",36,18,4.9,"scooter",1,"No","Metropolitan","Sandstorms","Jam ",0,"Y",10
27,"Snack ",35,17,4,"motorcycle",0,"No","Metropolitan","Windy","Low ",1,"N",15
44,"Drinks ",39,7,4.1,"scooter",2,"No","Metropolitan","Cloudy","Medium",2,"N",10
30,"Buffet ",34,3,4.6,"scooter",1,"No","Metropolitan","Sunny","Jam ",0,"N",10
19,"Buffet ",28,21,4.7,"scooter",1,"No","Urban","Sunny","Low",0,"N",10
18,"Drinks ",26,15,4.8,"motorcycle",1,"No","Urban","Stormy","Low",1,"N",15
25,"Meal ",27,15,4.6,"scooter",2,"No","Metropolitan","Windy","Jam ",0,"Y",15
20,"Meal ",29,13,4.9,"motorcycle",1,"No","Metropolitan","Windy","Jam ",0,"N",15
18,"Meal ",20,3,4.6,"motorcycle",1,"No","Metropolitan","Windy","Jam",1,"N",15
19,"Buffet ",21,22,4.9,"scooter",0,"No","Metropolitan","Windy","High ",1,"N",5
29,"Meal ",25,16,4.6,"motorcycle",2,"No","Urban","Stormy","Low",1,"Y",5
33,"Buffet ",29,18,5,"electric_scooter",1,"No","Urban","Windy","Medium",1,"N",15
27,"Meal ",32,23,4.8,"electric_scooter",0,"No","Urban","Cloudy","Jam",1,"N",10
20,"Drinks ",26,18,4.7,"motorcycle",0,"No","Metropolitan","Stormy","Low ",0,"N",15
28,"Snack ",23,19,4.5,"motorcycle",1,"No","Urban","Sunny","Low ",1,"N",5
31,"Drinks ",39,1,4.2,"motorcycle",0,"No","Metropolitan","Stormy","Low ",0,"N",10
23,"Snack ",30,9,4.5,"motorcycle",0,"No","Semi-Urban","Sunny","Medium",0,"N",10
16,"Snack ",26,17,4.7,"scooter",1,"No","Urban","Cloudy","Medium",0,"N",10
22,"Meal ",31,13,4.9,"motorcycle",1,"No","Metropolitan","Stormy","Medium",1,"N",15
15,"Drinks ",38,23,4.6,"motorcycle",1,"No","Metropolitan","Cloudy","Low ",0,"N",10
23,"Drinks ",33,17,4.8,"scooter",1,"No","Urban","Windy","Medium",1,"N",5
19,"Snack ",34,16,4.9,"motorcycle",2,"No","Metropolitan","Sunny","Jam",1,"N",15
24,"Meal ",28,16,4.5,"electric_scooter",0,"No","Urban","Stormy","Low ",0,"N",20
35,"Drinks ",30,2,4.3,"scooter",2,"No","Urban","Stormy","Jam",1,"N",15
18,"Snack ",33,18,4.8,"electric_scooter",1,"No","Metropolitan","Stormy","Low ",0,"N",10
22,"Drinks ",25,23,4.7,"electric_scooter",0,"No","Metropolitan","Cloudy","Jam ",1,"Y",15
10,"Buffet ",26,14,4.7,"motorcycle",1,"No","Metropolitan","Fog","Low ",0,"Y",20
27,"Snack ",39,23,5,"scooter",2,"No","Metropolitan","Windy","Jam ",1,"Y",10
40,"Buffet ",23,13,4.3,"scooter",2,"No","Metropolitan","Cloudy","Jam ",0,"Y",15
17,"Meal ",36,23,4.7,"motorcycle",1,"No","Metropolitan","Sunny","Low ",1,"N",5
28,"Snack ",26,15,4.9,"scooter",1,"No","Urban","Stormy","Jam",1,"N",5
31,"Snack ",37,19,5,"motorcycle",0,"No","Urban","Windy","Jam",0,"N",10
34,"Snack ",25,21,4.9,"motorcycle",0,"No","Metropolitan","Sunny","Medium",1,"N",10
13,"Buffet ",24,14,4.8,"electric_scooter",2,"No","Metropolitan","Sunny","Low ",0,"N",5
20,"Meal ",31,16,4.9,"scooter",1,"No","Metropolitan","Stormy","Medium",0,"N",10
13,"Snack ",21,17,4.8,"scooter",1,"No","Semi-Urban","Fog","Low ",0,"N",10
22,"Buffet ",21,3,4.5,"motorcycle",0,"No","Urban","Sandstorms","Low",1,"N",20
40,"Snack ",36,17,4.4,"scooter",0,"No","Metropolitan","Sunny","Jam ",1,"Y",15
31,"Meal ",38,11,4.3,"motorcycle",0,"No","Metropolitan","Stormy","Low ",0,"Y",15
17,"Meal ",23,15,4.7,"electric_scooter",1,"No","Metropolitan","Stormy","Low",1,"N",15
24,"Snack ",21,15,4.8,"scooter",1,"No","Metropolitan","Sunny","Medium",0,"N",5
24,"Drinks ",30,15,5,"electric_scooter",0,"No","Urban","Windy","High",0,"N",10
34,"Buffet ",25,15,4.4,"electric_scooter",2,"No","Metropolitan","Sandstorms","Jam ",1,"N",10
29,"Drinks ",30,12,4.8,"scooter",1,"No","Metropolitan","Cloudy","Jam ",1,"Y",10
35,"Snack ",26,4,4.3,"motorcycle",0,"No","Semi-Urban","Sandstorms","Medium",1,"N",10
17,"Buffet ",28,3,4.9,"motorcycle",1,"No","Metropolitan","Sunny","Low ",1,"N",15
30,"Buffet ",22,17,4.9,"scooter",2,"No","Metropolitan","Windy","Jam ",1,"N",5
19,"Snack ",23,22,4.7,"electric_scooter",2,"No","Metropolitan","Cloudy","Medium",1,"Y",10
15,"Meal ",20,19,4.5,"scooter",2,"No","Metropolitan","Cloudy","Low ",1,"N",5
14,"Drinks ",30,18,4.8,"motorcycle",1,"No","Metropolitan","Windy","Jam ",0,"Y",15
27,"Meal ",31,1,4.7,"electric_scooter",2,"No","Urban","Cloudy","Low",1,"N",10
39,"Drinks ",24,5,4.3,"electric_scooter",2,"No","Metropolitan","Sandstorms","Jam ",2,"Y",10
32,"Snack ",24,15,4.9,"scooter",2,"No","Metropolitan","Fog","Jam ",0,"Y",5
26,"Meal ",39,17,5,"scooter",1,"No","Metropolitan","Stormy","Low ",1,"N",10
23,"Snack ",23,5,4.6,"motorcycle",1,"No","Semi-Urban","Stormy","Low ",1,"Y",20
33,"Drinks ",25,13,4.3,"scooter",1,"No","Metropolitan","Windy","High ",0,"N",5
33,"Drinks ",21,23,4.9,"motorcycle",0,"No","Urban","Stormy","Medium",0,"N",5
32,"Buffet ",27,5,4.2,"motorcycle",1,"No","Metropolitan","Stormy","Jam ",1,"N",5
22,"Drinks ",39,19,4.8,"electric_scooter",0,"No","Urban","Stormy","Jam",1,"N",15
35,"Meal ",38,3,4.2,"motorcycle",2,"No","Metropolitan","Fog","Jam ",1,"N",15
28,"Meal ",23,3,4.8,"motorcycle",0,"No","Semi-Urban","Stormy","Jam ",0,"N",5
14,"Snack ",24,19,4.9,"scooter",1,"No","Metropolitan","Sandstorms","Low",1,"N",20
23,"Snack ",38,19,4.9,"motorcycle",1,"No","Semi-Urban","Sandstorms","Medium",0,"N",15
32,"Meal ",20,11,4.2,"motorcycle",1,"No","Metropolitan","Fog","Jam ",0,"N",10
29,"Buffet ",33,2,5,"motorcycle",0,"No","Metropolitan","Fog","Jam ",0,"N",10
18,"Drinks ",34,17,4.7,"motorcycle",0,"No","Urban","Stormy","Low",0,"N",15
24,"Snack ",32,14,4.6,"motorcycle",1,"No","Metropolitan","Windy","Jam ",1,"N",15
23,"Meal ",21,1,4.8,"motorcycle",1,"No","Urban","Sandstorms","Low",0,"N",5
37,"Drinks ",39,3,4.2,"motorcycle",0,"No","Semi-Urban","Sandstorms","Jam ",0,"N",15
31,"Meal ",20,2,5,"electric_scooter",2,"No","Semi-Urban","Fog","Jam ",1,"N",10
51,"Meal ",28,6,4.6,"electric_scooter",0,"No","Metropolitan","Cloudy","Jam ",1,"N",10
51,"Snack ",36,21,4.7,"scooter",0,"No","Metropolitan","Sunny","Jam ",2,"Y",5
25,"Buffet ",25,22,4.3,"motorcycle",0,"No","Metropolitan","Sandstorms","Low ",1,"N",5
38,"Snack ",37,5,4.3,"electric_scooter",2,"No","Semi-Urban","Stormy","Medium",1,"N",10
22,"Snack ",39,15,4.9,"electric_scooter",2,"No","Semi-Urban","Sandstorms","Low",0,"N",15
18,"Drinks ",39,18,4.9,"motorcycle",1,"No","Semi-Urban","Cloudy","Medium",1,"N",5
22,"Meal ",26,23,4.9,"motorcycle",0,"No","Urban","Sunny","Medium",1,"N",5
20,"Drinks ",29,23,4.7,"motorcycle",0,"No","Metropolitan","Sandstorms","Low ",1,"N",15
31,"Snack ",25,17,4.4,"motorcycle",0,"No","Metropolitan","Windy","Jam ",1,"N",10
43,"Drinks ",32,23,4.6,"electric_scooter",1,"No","Metropolitan","Stormy","Jam ",1,"Y",5
34,"Drinks ",28,16,4.3,"scooter",2,"No","Urban","Sandstorms","Jam ",0,"Y",15
30,"Buffet ",32,22,5,"scooter",1,"No","Metropolitan","Fog","Medium",1,"N",5
15,"Buffet ",36,4,4.5,"electric_scooter",2,"No","Metropolitan","Stormy","Low ",0,"N",5
45,"Buffet ",37,4,4.2,"motorcycle",0,"No","Urban","Windy","Medium",1,"N",15
18,"Drinks ",35,19,4.7,"electric_scooter",1,"No","Urban","Windy","Jam",1,"N",10
35,"Snack ",39,22,4.7,"electric_scooter",1,"No","Metropolitan","Sunny","Medium",1,"N",15
13,"Meal ",25,8,4.9,"motorcycle",1,"No","Metropolitan","Sunny","Jam ",0,"Y",10
25,"Meal ",31,23,4.3,"scooter",0,"No","Metropolitan","Sandstorms","Low ",0,"N",10
18,"Buffet ",22,16,4.8,"scooter",1,"No","Metropolitan","Fog","Medium",1,"N",15
39,"Snack ",38,8,4.4,"motorcycle",1,"No","Metropolitan","Stormy","Medium",1,"Y",15
26,"Snack ",32,14,4.6,"motorcycle",1,"No","Metropolitan","Windy","Low ",1,"N",5
45,"Meal ",21,5,4.8,"motorcycle",1,"No","Metropolitan","Fog","Jam ",2,"N",5
36,"Drinks ",30,16,4.6,"scooter",0,"No","Metropolitan","Stormy","High ",2,"N",15
22,"Buffet ",23,21,4.7,"electric_scooter",0,"No","Urban","Fog","Low",0,"N",5
19,"Buffet ",39,17,4.5,"motorcycle",1,"No","Urban","Fog","Low ",1,"N",15
19,"Drinks ",25,6,4.4,"motorcycle",0,"No","Metropolitan","Windy","Low ",0,"N",10
18,"Meal ",23,12,4.8,"motorcycle",0,"No","Metropolitan","Stormy","Low ",1,"Y",10
15,"Meal ",36,23,4.6,"scooter",1,"No","Metropolitan","Stormy","Low ",1,"Y",15
19,"Buffet ",30,6,4.8,"motorcycle",0,"No","Urban","Stormy","Low ",1,"N",5
29,"Snack ",26,13,4.8,"motorcycle",0,"No","Metropolitan","Sunny","Low ",1,"N",5
27,"Meal ",29,12,4.3,"electric_scooter",0,"No","Semi-Urban","Stormy","Low ",1,"N",15
18,"Buffet ",31,3,4.8,"electric_scooter",2,"No","Metropolitan","Sunny","Jam ",1,"N",15
18,"Snack ",35,19,4.5,"motorcycle",0,"No","Urban","Fog","Low ",0,"N",15
32,"Meal ",24,3,4.1,"motorcycle",2,"No","Metropolitan","Fog","Jam ",1,"N",5
28,"Snack ",26,23,4.7,"scooter",2,"No","Semi-Urban","Windy","High ",1,"N",10
29,"Buffet ",25,17,4.6,"motorcycle",0,"No","Metropolitan","Windy","Jam ",1,"Y",10
15,"Meal ",28,17,4.9,"motorcycle",1,"No","Urban","Sunny","Low",1,"N",10
20,"Snack ",37,12,5,"scooter",0,"No","Metropolitan","Sunny","Medium",0,"N",10
48,"Snack ",37,3,4.9,"scooter",2,"Yes","Metropolitan","Cloudy","Jam ",1,"N",15
12,"Snack ",36,3,4.9,"motorcycle",1,"No","Urban","Windy","Low ",0,"Y",30
21,"Drinks ",28,23,5,"scooter",2,"No","Semi-Urban","Fog","Low ",1,"N",15
20,"Snack ",27,18,4.3,"motorcycle",0,"No","Semi-Urban","Sandstorms","Low ",0,"N",10
34,"Meal ",32,14,4.6,"scooter",2,"No","Metropolitan","Fog","Medium",1,"Y",5
37,"Snack ",25,7,3.8,"motorcycle",1,"No","Metropolitan","Windy","Jam ",1,"N",10
38,"Buffet ",39,4,4.1,"electric_scooter",2,"No","Metropolitan","Cloudy","High ",2,"N",15
12,"Meal ",35,18,5,"electric_scooter",2,"No","Urban","Fog","Medium",0,"N",15
19,"Buffet ",29,6,4.2,"scooter",0,"No","Urban","Windy","Low",1,"N",10
28,"Buffet ",39,22,4.5,"motorcycle",0,"No","Semi-Urban","Sunny","Medium",1,"N",5
19,"Drinks ",33,23,4.9,"motorcycle",2,"No","Metropolitan","Sandstorms","Low ",1,"Y",5
14,"Buffet ",35,17,4.8,"motorcycle",1,"No","Metropolitan","Sunny","Medium",1,"N",10
26,"Meal ",20,6,4.7,"motorcycle",0,"No","Urban","Sunny","Low",1,"Y",15
16,"Buffet ",24,18,4.6,"motorcycle",1,"No","Urban","Stormy","Low",1,"Y",5
29,"Drinks ",39,13,4.7,"motorcycle",2,"No","Semi-Urban","Fog","Jam ",1,"N",5
18,"Snack ",23,18,4.7,"electric_scooter",2,"No","Metropolitan","Sunny","Low ",0,"Y",10
18,"Meal ",39,12,4,"electric_scooter",0,"No","Semi-Urban","Windy","Low ",1,"Y",5
30,"Meal ",28,12,4.9,"electric_scooter",2,"No","Metropolitan","Fog","Medium",1,"N",10
15,"Snack ",21,16,4.8,"electric_scooter",2,"No","Metropolitan","Stormy","Low ",1,"N",10
42,"Snack ",26,4,3.6,"motorcycle",1,"No","Urban","Stormy","Jam ",1,"N",15
18,"Meal ",28,22,4.9,"electric_scooter",0,"No","Metropolitan","Sandstorms","Low ",1,"N",5
43,"Buffet ",20,11,5,"scooter",0,"No","Metropolitan","Cloudy","Low ",1,"N",15
36,"Drinks ",37,7,4,"electric_scooter",0,"No","Metropolitan","Windy","Medium",1,"N",10
26,"Buffet ",22,21,4.6,"scooter",2,"No","Metropolitan","Stormy","Medium",0,"N",5
42,"Drinks ",30,2,4.9,"motorcycle",0,"No","Urban","Stormy","Jam ",1,"N",10
44,"Buffet ",29,21,4.6,"motorcycle",0,"No","Urban","Sandstorms","Jam",2,"N",10
27,"Meal ",21,14,4.9,"electric_scooter",2,"No","Metropolitan","Sunny","Jam ",1,"N",10
27,"Drinks ",37,12,4.1,"scooter",0,"No","Metropolitan","Windy","Low ",1,"Y",5
29,"Meal ",37,23,4.8,"motorcycle",1,"No","Metropolitan","Sandstorms","Low",1,"N",15
17,"Buffet ",36,23,4.5,"motorcycle",1,"No","Metropolitan","Sandstorms","Jam ",1,"N",5
32,"Drinks ",26,4,4,"motorcycle",0,"No","Metropolitan","Stormy","Low ",1,"Y",10
36,"Drinks ",30,8,4.8,"motorcycle",0,"No","Metropolitan","Sandstorms","Jam ",1,"N",10
26,"Meal ",37,22,4.8,"electric_scooter",2,"No","Semi-Urban","Cloudy","Jam ",1,"N",10
51,"Buffet ",26,3,4.1,"scooter",0,"Yes","Urban","Sandstorms","Jam",1,"N",10
21,"Snack ",23,18,4.9,"motorcycle",1,"No","Urban","Stormy","Low",1,"Y",5
20,"Drinks ",28,19,4.6,"motorcycle",1,"No","Metropolitan","Windy","Low ",1,"N",15
15,"Drinks ",22,14,4.5,"scooter",1,"No","Metropolitan","Cloudy","Low ",1,"N",5
24,"Meal ",22,16,4.7,"motorcycle",2,"No","Metropolitan","Stormy","Medium",0,"N",10
29,"Meal ",23,15,4.7,"motorcycle",1,"No","Metropolitan","Windy","Medium",1,"N",5
27,"Meal ",35,19,4.6,"scooter",2,"No","Urban","Fog","Jam ",1,"N",5
28,"Buffet ",38,23,4.5,"electric_scooter",2,"No","Metropolitan","Sunny","Low ",1,"N",10
30,"Snack ",21,9,4.6,"motorcycle",2,"No","Metropolitan","Cloudy","Jam ",1,"Y",5
39,"Buffet ",34,3,4.3,"electric_scooter",2,"No","Metropolitan","Fog","High ",1,"N",10
14,"Meal ",30,8,4.6,"motorcycle",1,"No","Metropolitan","Windy","Low ",0,"N",5
24,"Drinks ",32,17,4.7,"motorcycle",0,"No","Metropolitan","Fog","Low ",0,"Y",15
20,"Drinks ",34,23,4.6,"motorcycle",1,"No","Metropolitan","Sandstorms","Low ",1,"N",15
28,"Drinks ",36,4,4.9,"motorcycle",0,"No","Metropolitan","Fog","Medium",1,"N",10
20,"Meal ",30,23,4.6,"scooter",2,"No","Metropolitan","Fog","High ",1,"N",5
13,"Meal ",33,18,4.5,"motorcycle",1,"No","Metropolitan","Stormy","Low ",1,"Y",15
23,"Drinks ",35,19,4.6,"motorcycle",0,"No","Metropolitan","Stormy","High ",1,"N",10
30,"Drinks ",29,14,4.8,"motorcycle",0,"No","Urban","Windy","Medium",1,"N",5
35,"Drinks ",23,4,4.8,"electric_scooter",0,"No","Metropolitan","Windy","Jam ",1,"N",5
25,"Snack ",39,23,4.6,"motorcycle",0,"No","Urban","Sandstorms","Medium",1,"N",10
12,"Meal ",37,22,4.9,"motorcycle",2,"No","Metropolitan","Sunny","Low ",0,"N",10
15,"Buffet ",28,21,4.5,"motorcycle",1,"No","Metropolitan","Fog","Low ",1,"N",5
25,"Meal ",26,22,4.6,"motorcycle",1,"No","Urban","Stormy","Medium",0,"N",10
36,"Drinks ",35,11,3.6,"scooter",1,"No","Semi-Urban","Fog","Low ",1,"Y",15
24,"Buffet ",29,12,4.5,"motorcycle",1,"No","Metropolitan","Stormy","Jam ",0,"N",15
42,"Buffet ",33,3,3.9,"motorcycle",1,"No","Metropolitan","Stormy","Jam ",2,"N",15
19,"Meal ",26,19,4.6,"scooter",2,"No","Urban","Windy","Low ",0,"N",15
41,"Drinks ",33,8,3.8,"scooter",2,"Yes","Semi-Urban","Sandstorms","Jam ",2,"N",5
24,"Buffet ",39,9,4.7,"scooter",0,"No","Metropolitan","Cloudy","High ",1,"N",10
13,"Buffet ",38,12,4.6,"electric_scooter",2,"No","Metropolitan","Sandstorms","Jam ",1,"Y",10
17,"Meal ",32,23,4.8,"scooter",2,"No","Urban","Stormy","High",1,"Y",15
36,"Snack ",37,6,4.2,"electric_scooter",0,"No","Metropolitan","Sandstorms","Jam ",2,"N",10
17,"Drinks ",38,13,4.8,"electric_scooter",2,"No","Metropolitan","Sunny","Jam ",1,"N",15
19,"Drinks ",37,12,4.8,"scooter",2,"No","Metropolitan","Cloudy","Low ",0,"Y",15
29,"Drinks ",28,16,4.7,"scooter",2,"No","Urban","Stormy","Medium",0,"N",5
25,"Drinks ",29,23,4.9,"motorcycle",0,"No","Metropolitan","Sandstorms","Medium",1,"N",10
29,"Meal ",21,22,4.8,"electric_scooter",1,"No","Urban","Sandstorms","Low",1,"N",15
23,"Snack ",20,23,4.6,"motorcycle",1,"No","Metropolitan","Sandstorms","Jam ",1,"Y",5
26,"Snack ",39,16,4.7,"scooter",2,"No","Metropolitan","Cloudy","High ",1,"N",10
34,"Snack ",27,23,4.4,"scooter",2,"No","Metropolitan","Fog","Medium",1,"N",15
46,"Drinks ",30,13,4.6,"electric_scooter",0,"No","Metropolitan","Fog","Jam ",2,"N",10
25,"Snack ",24,16,4.9,"motorcycle",0,"No","Urban","Fog","Medium",0,"Y",5
20,"Drinks ",33,19,4.5,"motorcycle",0,"No","Metropolitan","Fog","Low ",1,"N",30
13,"Buffet ",38,17,4.7,"motorcycle",1,"No","Metropolitan","Sunny","Jam",1,"N",15
51,"Snack ",23,9,4.8,"motorcycle",0,"Yes","Urban","Fog","Jam ",1,"N",15
25,"Meal ",32,23,4.7,"scooter",2,"No","Metropolitan","Windy","Low ",1,"N",15
13,"Drinks ",24,14,4.9,"electric_scooter",1,"No","Semi-Urban","Sandstorms","Low ",1,"N",5
31,"Snack ",33,6,4.2,"electric_scooter",0,"No","Urban","Stormy","High",1,"N",10
18,"Meal ",23,21,4.7,"scooter",1,"No","Metropolitan","Sunny","High ",0,"N",5
24,"Snack ",31,5,4.1,"electric_scooter",0,"No","Metropolitan","Windy","Low ",1,"Y",10
18,"Snack ",38,21,4.7,"scooter",2,"No","Urban","Windy","Low ",0,"N",10
20,"Buffet ",31,9,4.9,"scooter",2,"No","Metropolitan","Stormy","Low ",1,"N",10
26,"Meal ",27,14,4.5,"motorcycle",0,"No","Urban","Fog","Jam ",1,"Y",10
31,"Drinks ",37,3,4.1,"motorcycle",0,"No","Metropolitan","Stormy","Low ",1,"Y",15
24,"Drinks ",29,13,4.5,"motorcycle",0,"No","Metropolitan","Windy","Medium",1,"N",5
28,"Drinks ",29,16,5,"scooter",2,"No","Metropolitan","Windy","Low ",0,"N",5
18,"Meal ",22,14,4.6,"electric_scooter",1,"No","Metropolitan","Sunny","Medium",0,"Y",10
32,"Snack ",39,6,4.4,"scooter",2,"No","Metropolitan","Fog","High ",0,"N",5
31,"Meal ",36,22,4.6,"motorcycle",0,"No","Urban","Cloudy","High",0,"N",15
24,"Meal ",22,9,4.8,"motorcycle",1,"No","Metropolitan","Stormy","Medium",1,"N",15
39,"Drinks ",34,6,4.1,"motorcycle",1,"No","Metropolitan","Sunny","High ",2,"Y",15
20,"Drinks ",24,23,4.5,"motorcycle",0,"No","Metropolitan","Sunny","Medium",1,"N",10
21,"Snack ",20,21,4.9,"motorcycle",0,"No","Metropolitan","Cloudy","Low ",0,"N",5
18,"Snack ",27,16,4.6,"motorcycle",0,"No","Semi-Urban","Sunny","Low",0,"N",10
16,"Buffet ",30,23,4.9,"motorcycle",1,"No","Urban","Stormy","Jam",0,"N",5
16,"Drinks ",35,22,4.9,"motorcycle",0,"No","Metropolitan","Windy","Low ",1,"Y",5
15,"Buffet ",30,9,4.8,"electric_scooter",1,"No","Metropolitan","Sunny","Jam ",1,"N",5
17,"Buffet ",20,3,5,"electric_scooter",2,"No","Semi-Urban","Cloudy","Low ",0,"N",5
23,"Meal ",28,4,4.5,"motorcycle",2,"No","Urban","Sandstorms","Medium",0,"N",10
18,"Buffet ",32,16,4.7,"motorcycle",1,"No","Metropolitan","Stormy","Low ",0,"Y",10
13,"Buffet ",30,17,4.6,"scooter",1,"No","Urban","Sandstorms","Low",0,"N",5
24,"Drinks ",29,19,4.6,"motorcycle",0,"No","Semi-Urban","Stormy","Medium",1,"Y",15
29,"Drinks ",32,13,4.9,"motorcycle",0,"No","Metropolitan","Sandstorms","Jam ",1,"N",15
25,"Drinks ",39,6,4.8,"scooter",2,"No","Metropolitan","Stormy","Jam ",0,"N",5
20,"Buffet ",37,22,4.7,"motorcycle",1,"No","Semi-Urban","Stormy","High",0,"N",5
18,"Buffet ",36,16,4.6,"scooter",1,"No","Metropolitan","Fog","Low ",0,"N",5
12,"Buffet ",36,23,4.8,"electric_scooter",1,"No","Semi-Urban","Sandstorms","Low",0,"N",15
30,"Buffet ",24,15,4.8,"scooter",2,"No","Urban","Sandstorms","Medium",1,"N",15
28,"Meal ",37,5,4.7,"motorcycle",0,"No","Urban","Stormy","Jam ",0,"N",15
15,"Snack ",31,3,4.5,"electric_scooter",1,"No","Urban","Sandstorms","Low",0,"N",5
21,"Buffet ",26,13,4.6,"scooter",1,"No","Urban","Windy","High ",1,"Y",15
25,"Snack ",27,18,4.6,"electric_scooter",0,"No","Urban","Cloudy","Jam",1,"Y",15
23,"Meal ",28,13,4.6,"electric_scooter",2,"No","Semi-Urban","Sandstorms","Jam ",1,"N",15
16,"Snack ",34,18,4.7,"scooter",1,"No","Urban","Sandstorms","High",0,"N",15
29,"Snack ",33,5,5,"motorcycle",2,"No","Metropolitan","Stormy","Low ",0,"N",5
29,"Snack ",26,9,4.8,"motorcycle",2,"No","Metropolitan","Sandstorms","Medium",0,"N",5
12,"Meal ",37,17,4.8,"scooter",2,"No","Metropolitan","Sunny","Low ",1,"N",5
26,"Snack ",37,15,4.8,"scooter",1,"No","Metropolitan","Windy","Medium",0,"Y",15
15,"Buffet ",27,13,4.9,"scooter",2,"No","Metropolitan","Sunny","Medium",1,"Y",15
33,"Snack ",21,12,3.5,"motorcycle",1,"No","Semi-Urban","Stormy","Medium",1,"N",10
12,"Buffet ",28,18,4.7,"motorcycle",1,"No","Urban","Stormy","Low",0,"Y",5
29,"Buffet ",29,7,4.9,"scooter",1,"No","Metropolitan","Cloudy","Low ",1,"N",10
22,"Drinks ",23,14,4.9,"electric_scooter",2,"No","Metropolitan","Windy","High ",0,"N",5
29,"Snack ",31,6,4.8,"electric_scooter",2,"No","Metropolitan","Windy","Medium",1,"N",15
37,"Meal ",29,3,4.5,"motorcycle",1,"No","Metropolitan","Sandstorms","Medium",1,"N",10
23,"Snack ",27,16,4.7,"motorcycle",1,"No","Semi-Urban","Sandstorms","Medium",0,"Y",10
16,"Buffet ",24,16,4.7,"motorcycle",1,"No","Urban","Windy","Jam",0,"N",10
24,"Drinks ",33,17,4.9,"motorcycle",2,"No","Metropolitan","Windy","Medium",1,"Y",10
21,"Drinks ",32,18,4.4,"electric_scooter",0,"No","Urban","Stormy","Low ",0,"N",10
36,"Drinks ",23,6,3.8,"electric_scooter",1,"No","Semi-Urban","Windy","Medium",1,"Y",5
16,"Meal ",22,12,4.6,"electric_scooter",1,"No","Semi-Urban","Fog","Low ",0,"N",5
13,"Meal ",24,18,4.7,"electric_scooter",2,"No","Urban","Windy","Low",1,"Y",5
26,"Meal ",20,2,4.7,"motorcycle",2,"No","Metropolitan","Stormy","Jam ",1,"N",10
46,"Buffet ",39,23,4.5,"electric_scooter",0,"No","Metropolitan","Stormy","Jam ",0,"N",10
16,"Snack ",32,7,4.6,"motorcycle",2,"No","Urban","Fog","Medium",1,"N",5
12,"Buffet ",32,23,4.8,"electric_scooter",2,"No","Urban","Sunny","Low ",0,"N",20
25,"Drinks ",31,4,4.2,"motorcycle",0,"No","Metropolitan","Sandstorms","Low ",1,"N",5
37,"Buffet ",32,9,4,"scooter",1,"No","Metropolitan","Stormy","Jam ",1,"N",5
33,"Drinks ",33,11,3.2,"motorcycle",0,"No","Metropolitan","Sunny","Low ",1,"N",5
27,"Meal ",20,7,4.8,"electric_scooter",1,"No","Urban","Sandstorms","Jam ",1,"N",15
27,"Snack ",25,12,4.7,"scooter",2,"No","Metropolitan","Stormy","Jam ",1,"N",10
16,"Buffet ",33,18,4.6,"electric_scooter",0,"No","Urban","Sunny","Medium",1,"N",10
40,"Snack ",36,4,4.6,"scooter",2,"No","Metropolitan","Fog","Jam ",2,"N",5
22,"Buffet ",20,6,4.9,"scooter",2,"No","Metropolitan","Windy","Medium",1,"N",15
32,"Drinks ",31,17,4.2,"scooter",2,"No","Urban","Sandstorms","High",1,"N",5
11,"Buffet ",29,17,4.7,"scooter",2,"No","Metropolitan","Sunny","Low",0,"N",15
17,"Drinks ",33,21,4.7,"motorcycle",0,"No","Urban","Sandstorms","Jam",0,"N",15
24,"Drinks ",29,22,4.8,"scooter",0,"No","Metropolitan","Sunny","Medium",0,"N",15
27,"Snack ",24,5,4.7,"motorcycle",0,"No","Urban","Sunny","Low ",0,"N",5
15,"Meal ",28,21,4.5,"motorcycle",1,"No","Metropolitan","Fog","Medium",1,"N",10
31,"Buffet ",29,2,4.2,"scooter",1,"No","Metropolitan","Fog","Medium",0,"N",10
17,"Drinks ",27,23,4.5,"motorcycle",1,"No","Urban","Sandstorms","Low ",0,"N",5
39,"Snack ",27,17,4.6,"motorcycle",2,"No","Urban","Stormy","Medium",1,"N",10
21,"Buffet ",25,18,4.4,"motorcycle",0,"No","Metropolitan","Sandstorms","Low ",1,"N",15
27,"Meal ",39,17,4.7,"scooter",0,"No","Urban","Stormy","Medium",1,"N",15
31,"Drinks ",24,8,4,"scooter",0,"No","Metropolitan","Sunny","Medium",1,"N",15
21,"Drinks ",26,15,4.8,"motorcycle",1,"No","Metropolitan","Stormy","Low ",1,"Y",5
27,"Meal ",23,9,4.9,"motorcycle",0,"No","Metropolitan","Sunny","Jam ",1,"N",5
33,"Snack ",28,16,4.2,"electric_scooter",2,"No","Urban","Sandstorms","High ",1,"N",10
27,"Meal ",24,23,4.8,"motorcycle",1,"No","Semi-Urban","Stormy","Medium",1,"Y",15
29,"Snack ",28,8,4.7,"scooter",1,"No","Metropolitan","Sandstorms","Medium",1,"N",5
33,"Snack ",38,22,4.6,"motorcycle",0,"No","Urban","Stormy","Medium",0,"N",5
21,"Drinks ",30,17,4.8,"motorcycle",1,"No","Metropolitan","Stormy","Medium",1,"N",5
18,"Snack ",35,6,4.8,"motorcycle",2,"No","Urban","Sunny","High ",0,"N",10
35,"Meal ",31,4,4,"motorcycle",0,"No","Semi-Urban","Sandstorms","Jam",1,"N",15
29,"Snack ",23,18,4.8,"motorcycle",0,"No","Urban","Stormy","High",1,"N",5
23,"Snack ",34,6,4.7,"motorcycle",2,"No","Metropolitan","Stormy","High ",0,"Y",15
13,"Drinks ",36,5,4.9,"motorcycle",1,"No","Metropolitan","Sandstorms","Jam ",0,"N",5
26,"Drinks ",32,17,4.6,"motorcycle",2,"No","Urban","Sandstorms","Medium",1,"N",15
46,"Drinks ",21,22,5,"scooter",1,"No","Semi-Urban","Fog","Jam ",1,"N",5
46,"Meal ",31,23,4.7,"motorcycle",0,"No","Metropolitan","Fog","Jam",1,"Y",5
22,"Meal ",29,3,4.9,"motorcycle",0,"No","Metropolitan","Sandstorms","Low ",0,"N",15
33,"Meal ",24,22,4.8,"electric_scooter",2,"No","Urban","Sandstorms","Jam",1,"Y",5
29,"Snack ",23,2,4.6,"scooter",2,"No","Metropolitan","Stormy","Medium",0,"Y",10
15,"Meal ",30,22,4.2,"motorcycle",0,"No","Metropolitan","Windy","Low ",1,"N",15
36,"Snack ",36,11,4.5,"motorcycle",0,"No","Metropolitan","Cloudy","Medium",2,"N",10
24,"Meal ",28,5,4.9,"scooter",2,"No","Metropolitan","Sandstorms","Medium",1,"N",15
11,"Drinks ",21,22,4.6,"scooter",2,"No","Urban","Windy","High",0,"N",10
28,"Drinks ",27,18,4.8,"scooter",2,"No","Urban","Sunny","Low",1,"Y",5
42,"Buffet ",36,19,4,"motorcycle",0,"No","Metropolitan","Sandstorms","High ",1,"N",5
16,"Buffet ",37,19,5,"electric_scooter",1,"No","Metropolitan","Cloudy","Medium",1,"N",15
15,"Snack ",30,23,4.6,"scooter",1,"No","Urban","Windy","High",1,"N",5
13,"Drinks ",34,22,5,"motorcycle",1,"No","Urban","Sandstorms","Low",1,"N",10
20,"Meal ",35,3,4.7,"motorcycle",1,"No","Urban","Sunny","Jam ",1,"N",10
30,"Drinks ",39,9,4.7,"motorcycle",2,"No","Urban","Stormy","Medium",1,"N",15
34,"Meal ",29,9,4.6,"motorcycle",0,"No","Metropolitan","Stormy","Jam ",2,"Y",15
18,"Drinks ",31,18,4.9,"scooter",2,"No","Metropolitan","Fog","Low ",1,"N",15
33,"Meal ",20,9,4.9,"electric_scooter",1,"No","Semi-Urban","Cloudy","Jam ",1,"Y",5
23,"Drinks ",24,22,4.8,"motorcycle",2,"No","Urban","Cloudy","High",1,"N",5
50,"Meal ",31,17,4.7,"motorcycle",0,"No","Metropolitan","Cloudy","Jam ",1,"N",10
21,"Snack ",34,9,4.7,"scooter",1,"No","Semi-Urban","Sandstorms","Medium",1,"N",15
38,"Meal ",25,16,3.8,"scooter",1,"No","Semi-Urban","Windy","Jam ",2,"N",5
10,"Buffet ",32,17,4.6,"motorcycle",2,"No","Metropolitan","Cloudy","Low ",0,"N",15
30,"Buffet ",25,4,4.8,"motorcycle",1,"No","Metropolitan","Fog","Jam ",0,"Y",15
15,"Buffet ",30,22,4.5,"motorcycle",0,"No","Semi-Urban","Stormy","Low ",1,"N",15
27,"Buffet ",25,16,4.9,"electric_scooter",2,"No","Urban","Cloudy","Medium",1,"N",5
29,"Meal ",28,23,4.6,"motorcycle",0,"No","Urban","Sunny","High ",0,"N",5
27,"Buffet ",20,22,4.6,"electric_scooter",1,"No","Metropolitan","Stormy","Low",1,"N",5
21,"Buffet ",22,21,4.6,"scooter",2,"No","Urban","Stormy","Jam",1,"N",10
33,"Buffet ",36,1,5,"motorcycle",2,"No","Semi-Urban","Stormy","Medium",1,"N",10
28,"Snack ",20,17,4.7,"electric_scooter",2,"No","Urban","Stormy","Jam",1,"N",15
32,"Snack ",37,7,4,"electric_scooter",1,"No","Metropolitan","Cloudy","Jam ",1,"N",10
22,"Meal ",21,19,4.6,"motorcycle",0,"No","Urban","Stormy","Low",0,"N",15
15,"Snack ",34,23,5,"motorcycle",0,"No","Urban","Cloudy","Low",0,"N",10
37,"Drinks ",23,12,3.6,"scooter",2,"No","Semi-Urban","Fog","Low ",1,"N",15
29,"Drinks ",28,18,5,"motorcycle",0,"No","Urban","Stormy","Low",1,"N",10
11,"Snack ",26,9,4.5,"scooter",1,"No","Metropolitan","Cloudy","Low ",0,"N",5
32,"Meal ",20,20,4.1,"motorcycle",1,"No","Semi-Urban","Sandstorms","Medium",1,"N",15
23,"Drinks ",38,18,4.8,"scooter",0,"No","Metropolitan","Windy","Low",0,"N",15
22,"Buffet ",24,23,4.6,"electric_scooter",0,"No","Metropolitan","Sandstorms","Low ",0,"N",5
29,"Meal ",33,3,5,"scooter",2,"No","Metropolitan","Stormy","Jam ",1,"N",15
16,"Drinks ",22,9,4.8,"scooter",2,"No","Urban","Sunny","Medium",0,"N",15
27,"Snack ",35,19,4.9,"motorcycle",0,"No","Urban","Windy","Medium",0,"N",10
35,"Meal ",21,4,4.2,"scooter",1,"No","Urban","Cloudy","Jam ",1,"N",10
29,"Buffet ",21,19,4.9,"motorcycle",0,"No","Semi-Urban","Sunny","Low ",1,"N",5
54,"Drinks ",32,9,4.9,"motorcycle",0,"Yes","Urban","Fog","Jam ",2,"Y",10
11,"Meal ",33,15,4.7,"scooter",2,"No","Metropolitan","Cloudy","Low",0,"N",15
45,"Meal ",35,13,4.1,"electric_scooter",0,"No","Metropolitan","Sandstorms","Jam ",1,"N",10
25,"Meal ",23,13,4.7,"electric_scooter",2,"No","Metropolitan","Fog","High ",1,"N",15
22,"Snack ",34,8,4.9,"scooter",1,"No","Urban","Windy","Medium",1,"N",15
31,"Meal ",30,4,3.9,"motorcycle",2,"No","Metropolitan","Sandstorms","Jam ",1,"N",10
16,"Drinks ",38,16,4.7,"motorcycle",2,"No","Urban","Sunny","Low",0,"N",30
15,"Buffet ",27,23,4.9,"scooter",1,"No","Metropolitan","Fog","Medium",1,"Y",15
42,"Buffet ",28,12,4.2,"motorcycle",0,"No","Metropolitan","Stormy","Jam ",2,"N",10
44,"Meal ",22,9,4.4,"motorcycle",1,"Yes","Metropolitan","Fog","Jam ",1,"Y",10
25,"Snack ",33,7,4.6,"motorcycle",1,"No","Semi-Urban","Sandstorms","Medium",0,"N",15
29,"Snack ",22,6,4.5,"scooter",2,"No","Metropolitan","Fog","Medium",1,"N",10
29,"Snack ",21,15,4.9,"scooter",1,"No","Urban","Sandstorms","Medium",1,"N",10
19,"Snack ",37,5,4.6,"electric_scooter",1,"No","Semi-Urban","Sandstorms","Jam ",0,"N",10
50,"Drinks ",24,3,4.1,"motorcycle",0,"No","Metropolitan","Windy","Jam ",1,"N",5
19,"Snack ",29,17,4.6,"motorcycle",0,"No","Urban","Sunny","Low ",1,"N",10
25,"Snack ",22,12,4.5,"motorcycle",0,"No","Semi-Urban","Sandstorms","Medium",1,"N",15
20,"Meal ",21,23,4.6,"scooter",2,"No","Urban","Windy","Medium",1,"Y",15
25,"Drinks ",38,21,4.7,"electric_scooter",2,"No","Metropolitan","Windy","Jam ",1,"N",10
18,"Drinks ",33,14,4.8,"scooter",1,"No","Metropolitan","Sunny","Low ",1,"N",5
11,"Snack ",30,18,5,"motorcycle",0,"No","Semi-Urban","Sunny","Low ",0,"N",10
10,"Drinks ",28,19,4.8,"scooter",1,"No","Semi-Urban","Sunny","Low ",0,"N",10
19,"Buffet ",23,17,4.5,"scooter",2,"No","Metropolitan","Fog","Low ",1,"Y",5
44,"Buffet ",30,4,2.9,"scooter",2,"No","Metropolitan","Sunny","Low ",1,"N",5
25,"Drinks ",30,19,4.6,"scooter",0,"No","Metropolitan","Windy","Medium",0,"N",15
27,"Buffet ",20,17,4.8,"motorcycle",0,"No","Urban","Fog","Jam",0,"N",10
37,"Buffet ",27,1,5,"motorcycle",0,"No","Metropolitan","Cloudy","Jam ",2,"N",15
24,"Buffet ",34,15,4.9,"scooter",1,"No","Metropolitan","Stormy","Low ",1,"Y",5
19,"Drinks ",39,18,4.7,"motorcycle",1,"No","Urban","Sunny","Low",1,"N",5
26,"Buffet ",38,9,4.6,"motorcycle",0,"No","Metropolitan","Fog","Medium",1,"N",10
28,"Buffet ",28,16,4.9,"scooter",1,"No","Urban","Sandstorms","Jam",0,"N",10
34,"Meal ",32,14,4.6,"scooter",2,"No","Metropolitan","Fog","Medium",1,"Y",5
40,"Buffet ",33,12,4.5,"electric_scooter",0,"No","Urban","Fog","Medium",1,"Y",10
18,"Drinks ",28,22,4.8,"motorcycle",2,"No","Metropolitan","Windy","Jam ",1,"N",10
39,"Buffet ",29,9,5,"scooter",1,"No","Urban","Sunny","Medium",1,"N",15
28,"Snack ",39,21,4.6,"motorcycle",0,"No","Urban","Sandstorms","Medium",0,"Y",5
26,"Snack ",32,23,4.8,"electric_scooter",1,"No","Metropolitan","Windy","Medium",1,"N",5
28,"Meal ",24,13,4.6,"motorcycle",0,"No","Urban","Sunny","Jam ",1,"N",10
40,"Drinks ",24,23,4.7,"electric_scooter",2,"No","Metropolitan","Cloudy","Medium",1,"Y",5
13,"Snack ",35,22,4.8,"electric_scooter",1,"No","Metropolitan","Sunny","Medium",0,"N",15
22,"Drinks ",23,17,4.7,"scooter",0,"No","Metropolitan","Sunny","High ",0,"Y",5
20,"Buffet ",20,9,4.6,"electric_scooter",2,"No","Semi-Urban","Stormy","Jam ",1,"N",15
37,"Buffet ",28,3,4.9,"scooter",2,"No","Metropolitan","Cloudy","Medium",2,"Y",10
18,"Buffet ",29,8,4.7,"electric_scooter",1,"No","Semi-Urban","Stormy","Low ",0,"N",10
29,"Meal ",23,8,4.5,"motorcycle",2,"No","Metropolitan","Fog","Jam ",1,"N",15
22,"Buffet ",20,16,4.7,"electric_scooter",2,"No","Urban","Stormy","High",0,"N",15
12,"Buffet ",27,23,4.8,"scooter",2,"No","Metropolitan","Sunny","High ",0,"N",10
33,"Meal ",28,23,4.6,"motorcycle",0,"No","Metropolitan","Windy","Medium",1,"Y",10
26,"Drinks ",23,21,4.9,"motorcycle",1,"No","Urban","Sunny","Low",0,"N",30
22,"Snack ",27,4,4.8,"scooter",1,"No","Urban","Sandstorms","Jam",1,"N",15
23,"Meal ",24,15,4.8,"motorcycle",0,"No","Metropolitan","Windy","Low ",1,"N",15
22,"Drinks ",35,15,4.6,"motorcycle",1,"No","Metropolitan","Windy","Jam",1,"N",10
39,"Snack ",29,16,4.7,"motorcycle",1,"No","Metropolitan","Fog","High ",0,"N",15
39,"Drinks ",35,3,4.8,"motorcycle",0,"No","Metropolitan","Windy","Medium",2,"N",5
38,"Snack ",33,8,3.7,"motorcycle",1,"No","Metropolitan","Fog","Low ",1,"N",20
22,"Drinks ",27,17,4.8,"scooter",2,"No","Urban","Stormy","Medium",1,"N",5
44,"Drinks ",33,15,4.6,"motorcycle",0,"No","Metropolitan","Stormy","Medium",1,"Y",5
23,"Buffet ",39,13,5,"motorcycle",2,"No","Metropolitan","Sunny","Jam ",0,"Y",15
12,"Drinks ",23,21,4.7,"electric_scooter",1,"No","Metropolitan","Sunny","Low ",0,"Y",5
11,"Drinks ",20,16,4.8,"electric_scooter",2,"No","Urban","Windy","Low",1,"Y",5
40,"Drinks ",24,9,4.5,"motorcycle",0,"No","Urban","Stormy","Jam ",1,"N",15
29,"Snack ",22,7,4.8,"motorcycle",0,"No","Metropolitan","Sandstorms","Medium",1,"N",10
40,"Snack ",26,6,4.8,"motorcycle",0,"No","Metropolitan","Fog","Medium",2,"N",10
11,"Meal ",37,16,4.9,"motorcycle",1,"No","Urban","Windy","Low",0,"N",5
27,"Drinks ",33,8,4.5,"scooter",1,"No","Semi-Urban","Windy","High ",1,"N",10
48,"Meal ",32,8,3.6,"motorcycle",0,"No","Metropolitan","Sunny","High ",1,"N",5
39,"Snack ",24,3,3.7,"motorcycle",1,"No","Semi-Urban","Fog","Low ",1,"N",15
29,"Meal ",30,2,4.6,"motorcycle",1,"No","Semi-Urban","Sandstorms","High ",1,"Y",5
17,"Meal ",27,15,5,"motorcycle",1,"No","Semi-Urban","Sandstorms","Low ",0,"Y",15
22,"Drinks ",25,21,4.9,"scooter",0,"No","Urban","Sunny","Low",1,"N",15
15,"Meal ",24,17,4.8,"electric_scooter",1,"No","Metropolitan","Sandstorms","Low ",0,"Y",10
26,"Buffet ",33,13,4.6,"motorcycle",1,"No","Metropolitan","Fog","High ",0,"Y",10
21,"Snack ",33,1,4.5,"scooter",1,"No","Metropolitan","Cloudy","Low",0,"N",15
20,"Snack ",28,21,4.8,"motorcycle",0,"No","Metropolitan","Cloudy","Low ",0,"N",25
26,"Snack ",32,15,4.9,"motorcycle",2,"No","Urban","Sandstorms","Jam ",1,"N",10
29,"Meal ",22,3,5,"electric_scooter",1,"No","Metropolitan","Stormy","Jam ",1,"N",15
20,"Snack ",27,22,5,"motorcycle",0,"No","Urban","Cloudy","Low ",0,"N",5
25,"Drinks ",37,19,4.6,"motorcycle",1,"No","Urban","Stormy","Medium",1,"N",5
16,"Drinks ",34,23,4.9,"scooter",0,"No","Semi-Urban","Sunny","Medium",0,"N",10
24,"Drinks ",26,23,4.8,"motorcycle",0,"No","Metropolitan","Cloudy","High ",1,"N",10
28,"Buffet ",29,22,4.8,"scooter",2,"No","Urban","Stormy","High",1,"N",15
15,"Buffet ",28,17,4.7,"motorcycle",1,"No","Metropolitan","Cloudy","Medium",1,"N",10
11,"Drinks ",25,22,4.9,"motorcycle",1,"No","Metropolitan","Sunny","Medium",0,"N",15
25,"Meal ",32,23,4.5,"scooter",2,"No","Urban","Windy","Medium",1,"N",15
20,"Meal ",25,9,4.6,"scooter",1,"No","Urban","Stormy","High ",1,"N",15
23,"Drinks ",21,23,4.5,"electric_scooter",1,"No","Metropolitan","Windy","Medium",0,"N",10
15,"Meal ",24,23,4.7,"motorcycle",0,"No","Urban","Sunny","Medium",0,"N",10
15,"Snack ",37,19,4.9,"electric_scooter",1,"No","Urban","Windy","Medium",1,"Y",5
32,"Snack ",38,15,4.3,"scooter",1,"No","Semi-Urban","Sandstorms","Jam ",0,"N",15
10,"Snack ",24,22,4.8,"motorcycle",0,"No","Metropolitan","Sandstorms","Medium",0,"N",5
19,"Snack ",38,5,5,"electric_scooter",1,"No","Urban","Stormy","Low ",0,"N",5
34,"Drinks ",36,3,4.1,"motorcycle",0,"No","Metropolitan","Cloudy","Jam ",1,"Y",5
15,"Buffet ",22,22,4.8,"motorcycle",2,"No","Urban","Sunny","Low",0,"N",10
42,"Buffet ",32,4,4.2,"scooter",0,"No","Semi-Urban","Stormy","Jam ",1,"N",15
26,"Meal ",28,16,4.5,"motorcycle",2,"No","Metropolitan","Sandstorms","High ",1,"N",10
15,"Drinks ",38,22,4.9,"motorcycle",2,"No","Urban","Fog","Low",1,"Y",5
26,"Buffet ",36,21,4.7,"motorcycle",0,"No","Urban","Fog","High",1,"N",15
14,"Meal ",39,23,5,"scooter",1,"No","Urban","Stormy","Low ",0,"N",15
24,"Meal ",36,14,4.8,"electric_scooter",2,"No","Metropolitan","Sandstorms","Medium",1,"Y",5
29,"Buffet ",33,9,4.7,"scooter",2,"No","Metropolitan","Stormy","Low ",1,"N",10
19,"Snack ",35,23,4.7,"scooter",2,"No","Semi-Urban","Windy","Low ",1,"N",5
18,"Drinks ",20,23,4.8,"scooter",1,"No","Metropolitan","Sunny","Jam ",0,"Y",5
23,"Buffet ",38,6,4,"scooter",0,"No","Metropolitan","Sandstorms","Low ",0,"N",5
25,"Drinks ",36,22,4.7,"scooter",1,"No","Metropolitan","Sandstorms","Jam ",1,"N",10
31,"Snack ",36,4,4.7,"motorcycle",2,"No","Urban","Stormy","High ",1,"N",15
35,"Drinks ",38,13,4.9,"electric_scooter",0,"No","Metropolitan","Windy","High ",1,"N",10
24,"Meal ",31,15,4.7,"motorcycle",1,"No","Metropolitan","Sunny","Low",0,"Y",15
37,"Snack ",20,13,4.6,"motorcycle",0,"No","Urban","Cloudy","Medium",2,"Y",5
15,"Snack ",33,17,4.7,"scooter",1,"No","Metropolitan","Fog","Medium",1,"N",10
47,"Drinks ",37,22,4.7,"motorcycle",0,"No","Metropolitan","Sandstorms","Jam ",1,"N",10
29,"Buffet ",36,2,4.9,"motorcycle",0,"No","Metropolitan","Stormy","Medium",1,"N",10
25,"Snack ",28,1,4.8,"motorcycle",0,"No","Metropolitan","Sunny","Jam ",1,"Y",5
37,"Drinks ",24,9,4.3,"electric_scooter",0,"No","Urban","Stormy","Medium",1,"N",10
25,"Buffet ",35,23,4.8,"scooter",1,"No","Semi-Urban","Windy","Low ",1,"Y",10
24,"Drinks ",37,9,4.8,"motorcycle",2,"No","Metropolitan","Sandstorms","Jam ",1,"N",5
25,"Meal ",34,22,4.6,"scooter",1,"No","Metropolitan","Windy","Low ",1,"N",10
28,"Drinks ",34,13,4.6,"electric_scooter",2,"No","Metropolitan","Sunny","Jam ",0,"N",5
44,"Drinks ",36,4,4.5,"motorcycle",0,"Yes","Metropolitan","Cloudy","Jam ",1,"N",5
26,"Snack ",29,22,4.5,"electric_scooter",0,"No","Metropolitan","Sunny","Low ",0,"N",10
23,"Drinks ",31,21,4.6,"electric_scooter",1,"No","Metropolitan","Sandstorms","Jam ",1,"N",15
17,"Drinks ",39,22,5,"electric_scooter",2,"No","Urban","Cloudy","Low ",1,"Y",10
18,"Buffet ",27,7,4.6,"motorcycle",0,"No","Urban","Stormy","Medium",0,"N",5
12,"Meal ",20,6,4.8,"electric_scooter",1,"No","Semi-Urban","Sandstorms","Low ",1,"N",10
25,"Meal ",34,1,4.4,"motorcycle",0,"No","Metropolitan","Stormy","Low ",1,"Y",5
17,"Buffet ",21,4,4.8,"electric_scooter",2,"No","Metropolitan","Sunny","Low ",1,"N",10
16,"Meal ",30,18,4.7,"scooter",2,"No","Metropolitan","Sunny","Low ",1,"N",10
39,"Buffet ",22,22,4.6,"electric_scooter",0,"No","Metropolitan","Sandstorms","Jam ",1,"Y",5
47,"Drinks ",24,16,5,"scooter",0,"No","Metropolitan","Cloudy","Jam ",1,"N",10
15,"Meal ",26,1,5,"scooter",2,"No","Semi-Urban","Sunny","Low",0,"N",15
26,"Snack ",29,23,4.7,"motorcycle",1,"No","Urban","Windy","Jam",1,"N",10
21,"Snack ",27,19,4.8,"electric_scooter",2,"No","Metropolitan","Sunny","Medium",0,"Y",5
20,"Snack ",34,2,4.6,"electric_scooter",1,"No","Metropolitan","Stormy","Low ",1,"N",5
28,"Drinks ",24,2,4.7,"scooter",2,"No","Semi-Urban","Stormy","Medium",1,"N",10
33,"Buffet ",38,7,4.2,"electric_scooter",2,"No","Metropolitan","Cloudy","Low ",0,"N",5
19,"Snack ",33,1,4.7,"motorcycle",1,"No","Urban","Sunny","Low",1,"N",10
23,"Buffet ",37,14,4.8,"electric_scooter",1,"No","Semi-Urban","Windy","Jam ",1,"N",5
21,"Buffet ",26,22,4.9,"motorcycle",0,"No","Metropolitan","Fog","Low ",0,"Y",10
24,"Drinks ",23,6,4.5,"scooter",0,"No","Urban","Cloudy","Low",0,"Y",5
17,"Snack ",31,1,4.6,"electric_scooter",2,"No","Metropolitan","Stormy","Low ",1,"N",5
16,"Buffet ",32,17,4.8,"scooter",1,"No","Urban","Windy","Low ",1,"Y",15
25,"Snack ",37,15,5,"electric_scooter",0,"No","Metropolitan","Windy","High ",1,"N",5
29,"Drinks ",33,11,4.8,"motorcycle",2,"No","Semi-Urban","Sandstorms","Medium",1,"Y",5
19,"Snack ",29,9,4.9,"motorcycle",2,"No","Metropolitan","Sunny","Jam ",1,"Y",15
25,"Meal ",20,16,4.6,"motorcycle",0,"No","Urban","Sunny","Low ",1,"N",5
18,"Snack ",35,9,4.6,"scooter",1,"No","Urban","Stormy","Low ",1,"N",15
34,"Drinks ",24,13,4.3,"motorcycle",1,"No","Metropolitan","Sandstorms","Jam ",1,"N",15
22,"Snack ",29,19,4.5,"electric_scooter",0,"No","Metropolitan","Stormy","Low ",1,"N",15
32,"Buffet ",24,6,4.1,"motorcycle",2,"No","Urban","Fog","Jam ",1,"N",10
18,"Drinks ",29,17,4.8,"scooter",2,"No","Metropolitan","Fog","Low ",1,"N",15
38,"Drinks ",26,22,4.4,"electric_scooter",0,"No","Metropolitan","Stormy","Medium",2,"N",10
37,"Buffet ",36,12,4.6,"motorcycle",0,"No","Metropolitan","Stormy","Medium",1,"Y",15
33,"Drinks ",23,3,4,"motorcycle",0,"No","Metropolitan","Sunny","Jam ",1,"Y",5
14,"Drinks ",26,22,4.7,"motorcycle",1,"No","Urban","Cloudy","Low",1,"N",10
12,"Snack ",32,21,4.9,"electric_scooter",1,"No","Urban","Sunny","Low",0,"N",25
23,"Drinks ",22,2,5,"motorcycle",1,"No","Semi-Urban","Sunny","Low ",0,"N",5
37,"Meal ",27,3,4.7,"motorcycle",0,"No","Urban","Windy","Jam ",1,"Y",15
30,"Drinks ",26,5,4.6,"scooter",1,"No","Metropolitan","Windy","High ",1,"N",10
34,"Meal ",32,13,4.7,"motorcycle",0,"No","Metropolitan","Windy","Jam ",0,"N",15
20,"Meal ",32,16,4.8,"scooter",0,"No","Semi-Urban","Sunny","Jam",1,"N",5
31,"Drinks ",36,3,4.7,"motorcycle",0,"No","Urban","Windy","Jam ",1,"N",5
21,"Snack ",24,9,4.9,"scooter",2,"No","Metropolitan","Sunny","Low ",0,"N",10
43,"Buffet ",35,6,4.2,"scooter",0,"No","Metropolitan","Stormy","Jam ",1,"Y",5
31,"Snack ",21,9,4.1,"scooter",2,"No","Metropolitan","Cloudy","Medium",1,"N",5
31,"Meal ",34,23,4.7,"scooter",1,"No","Semi-Urban","Windy","Jam ",1,"N",10
26,"Drinks ",32,17,4.6,"scooter",2,"No","Urban","Sandstorms","Medium",1,"N",10
16,"Drinks ",39,9,4.8,"electric_scooter",2,"No","Metropolitan","Sunny","Low ",0,"N",15
25,"Drinks ",25,18,4.9,"motorcycle",1,"No","Urban","Sunny","Medium",0,"N",10
20,"Buffet ",27,17,4.1,"motorcycle",0,"No","Metropolitan","Windy","Low ",1,"N",5
35,"Buffet ",36,3,4.2,"motorcycle",2,"No","Metropolitan","Sunny","Jam ",0,"N",15
33,"Meal ",28,15,4.8,"motorcycle",0,"No","Metropolitan","Sunny","Jam ",1,"N",10
17,"Buffet ",37,19,5,"electric_scooter",2,"No","Metropolitan","Windy","Jam ",1,"N",10
24,"Meal ",30,8,4.6,"electric_scooter",1,"No","Metropolitan","Windy","Low ",0,"N",15
48,"Snack ",30,4,4.2,"motorcycle",0,"No","Metropolitan","Sandstorms","Jam ",2,"Y",10
25,"Buffet ",32,16,4.7,"motorcycle",2,"No","Urban","Stormy","Medium",1,"Y",15
28,"Snack ",32,18,4.7,"motorcycle",2,"No","Semi-Urban","Sandstorms","High ",1,"Y",10
50,"Meal ",31,17,4.7,"motorcycle",0,"No","Metropolitan","Cloudy","Jam ",1,"N",10
19,"Snack ",31,16,4.6,"motorcycle",0,"No","Metropolitan","Stormy","High ",1,"N",5
47,"Meal ",25,9,4.7,"motorcycle",0,"No","Semi-Urban","Stormy","Jam ",0,"Y",5
30,"Drinks ",24,22,4.8,"scooter",2,"No","Urban","Fog","Low ",1,"N",10
29,"Buffet ",32,2,4.9,"electric_scooter",1,"No","Urban","Sandstorms","Medium",1,"N",5
21,"Meal ",28,15,4.7,"scooter",0,"No","Metropolitan","Fog","Low ",1,"N",15
15,"Snack ",39,19,4.8,"motorcycle",2,"No","Semi-Urban","Windy","Low ",1,"Y",10
32,"Meal ",20,3,3.6,"motorcycle",1,"No","Metropolitan","Sandstorms","Jam ",2,"N",10
38,"Buffet ",23,18,3.9,"electric_scooter",2,"No","Semi-Urban","Stormy","Low ",1,"N",5
16,"Snack ",23,23,4.6,"motorcycle",1,"No","Metropolitan","Sunny","Low ",0,"N",15
26,"Meal ",24,19,4.9,"motorcycle",2,"No","Metropolitan","Cloudy","Low ",1,"N",10
35,"Meal ",37,17,5,"motorcycle",0,"No","Urban","Windy","Medium",2,"N",5
32,"Drinks ",37,1,4.4,"motorcycle",2,"No","Metropolitan","Fog","High ",1,"N",15
32,"Drinks ",23,15,4.5,"scooter",2,"No","Metropolitan","Cloudy","Low ",0,"Y",25
17,"Buffet ",33,16,4.7,"scooter",1,"No","Metropolitan","Cloudy","Medium",1,"N",5
19,"Snack ",26,15,4.7,"motorcycle",0,"No","Metropolitan","Windy","High",0,"N",15
37,"Buffet ",26,18,4.7,"electric_scooter",0,"No","Metropolitan","Windy","Jam ",1,"N",10
36,"Meal ",38,22,4.9,"scooter",0,"No","Urban","Stormy","Jam",1,"N",5
22,"Drinks ",39,19,4.8,"electric_scooter",0,"No","Urban","Stormy","Jam",1,"N",15
23,"Snack ",27,3,4.5,"motorcycle",0,"No","Metropolitan","Fog","Low ",1,"N",15
30,"Drinks ",33,8,4.5,"electric_scooter",0,"No","Metropolitan","Cloudy","Medium",1,"N",15
33,"Meal ",31,11,4.3,"motorcycle",0,"No","Metropolitan","Windy","Jam ",0,"Y",10
17,"Snack ",21,22,4.6,"scooter",2,"No","Metropolitan","Stormy","Low",0,"N",15
11,"Buffet ",24,22,4.9,"electric_scooter",1,"No","Metropolitan","Cloudy","Low ",0,"N",10
19,"Snack ",30,21,4.7,"electric_scooter",2,"No","Semi-Urban","Fog","Low",1,"Y",15
41,"Meal ",23,10,3.6,"electric_scooter",2,"No","Metropolitan","Sandstorms","Jam ",1,"N",5
22,"Buffet ",37,5,4.9,"motorcycle",1,"No","Metropolitan","Stormy","Jam ",1,"N",5
15,"Snack ",20,18,4.7,"electric_scooter",1,"No","Urban","Stormy","Low",1,"N",5
21,"Drinks ",27,9,4.6,"electric_scooter",2,"No","Semi-Urban","Fog","High ",0,"N",15
27,"Snack ",36,5,4.8,"scooter",2,"No","Urban","Sandstorms","Jam ",0,"N",10
26,"Meal ",23,13,4.6,"scooter",1,"No","Metropolitan","Sandstorms","Medium",0,"N",5
20,"Meal ",28,4,4.8,"scooter",2,"No","Metropolitan","Windy","Low ",1,"N",10
28,"Snack ",34,14,4.5,"electric_scooter",2,"No","Metropolitan","Stormy","High ",1,"Y",10
25,"Drinks ",33,23,4.7,"scooter",1,"No","Metropolitan","Stormy","High ",1,"N",10
23,"Drinks ",33,18,4.9,"electric_scooter",0,"No","Urban","Fog","Low",0,"N",15
19,"Drinks ",31,21,4.9,"electric_scooter",1,"No","Metropolitan","Sunny","Jam ",1,"N",10
39,"Snack ",35,23,4.6,"electric_scooter",1,"No","Metropolitan","Fog","Medium",2,"N",5
18,"Meal ",22,4,4.8,"scooter",2,"No","Metropolitan","Fog","Medium",1,"N",10
28,"Drinks ",36,2,4.7,"electric_scooter",2,"No","Metropolitan","Fog","Jam ",1,"N",10
38,"Buffet ",31,15,4.8,"motorcycle",0,"No","Metropolitan","Cloudy","Low ",0,"N",5
13,"Drinks ",35,16,4.8,"scooter",1,"No","Semi-Urban","Sunny","Jam",0,"Y",10
12,"Meal ",25,23,4.7,"scooter",0,"No","Metropolitan","Sunny","Low",0,"Y",15
29,"Snack ",34,9,4.9,"scooter",2,"No","Metropolitan","Stormy","High ",1,"N",5
23,"Snack ",21,15,5,"motorcycle",1,"No","Metropolitan","Sunny","Low ",1,"Y",10
13,"Snack ",26,4,4.9,"electric_scooter",1,"No","Urban","Sunny","Low ",1,"N",10
23,"Snack ",29,18,4.6,"scooter",2,"No","Urban","Sandstorms","Low",1,"N",15
36,"Drinks ",31,8,4.2,"motorcycle",0,"No","Semi-Urban","Sandstorms","Jam ",1,"N",5
22,"Meal ",26,18,5,"scooter",2,"No","Urban","Sunny","High",1,"N",15
19,"Drinks ",27,23,4.5,"motorcycle",0,"No","Metropolitan","Sandstorms","Low ",1,"N",15
15,"Snack ",27,17,4.8,"motorcycle",0,"No","Metropolitan","Sunny","Medium",1,"N",5
44,"Buffet ",20,1,3.5,"motorcycle",2,"Yes","Urban","Windy","Jam",2,"Y",10
31,"Drinks ",34,17,5,"scooter",0,"No","Metropolitan","Stormy","High ",1,"N",5
20,"Meal ",23,16,4.8,"motorcycle",2,"No","Metropolitan","Windy","Low ",1,"N",10
11,"Drinks ",24,23,4.6,"scooter",2,"No","Urban","Fog","Low ",0,"N",10
40,"Drinks ",25,2,4.7,"motorcycle",1,"No","Metropolitan","Stormy","Jam ",2,"Y",15
23,"Snack ",27,23,4.6,"electric_scooter",0,"No","Urban","Sandstorms","Jam ",1,"N",5
28,"Meal ",36,15,4.8,"scooter",1,"No","Metropolitan","Sandstorms","Medium",1,"Y",10
19,"Snack ",38,5,4.9,"electric_scooter",2,"No","Metropolitan","Sunny","Low ",1,"N",5
23,"Buffet ",25,9,4.9,"motorcycle",0,"No","Urban","Cloudy","Low ",1,"N",15
18,"Snack ",21,17,4.6,"electric_scooter",1,"No","Metropolitan","Sunny","Jam ",1,"N",10
20,"Buffet ",37,7,4.9,"scooter",2,"No","Metropolitan","Windy","Low ",1,"N",15
25,"Buffet ",28,13,4.7,"motorcycle",0,"No","Metropolitan","Windy","Jam ",1,"N",5
21,"Buffet ",24,23,4.8,"motorcycle",0,"No","Metropolitan","Sandstorms","Low ",1,"N",5
22,"Snack ",33,8,4.8,"scooter",1,"No","Metropolitan","Stormy","Medium",0,"Y",5
31,"Snack ",31,3,4.1,"motorcycle",0,"No","Metropolitan","Windy","Medium",1,"N",5
16,"Buffet ",28,9,4.7,"scooter",1,"No","Metropolitan","Sunny","Medium",0,"N",15
39,"Drinks ",33,14,4.8,"motorcycle",0,"No","Semi-Urban","Sandstorms","Medium",2,"N",5
29,"Drinks ",28,7,4.5,"motorcycle",1,"No","Urban","Stormy","High ",0,"N",15
22,"Snack ",25,4,5,"motorcycle",0,"No","Metropolitan","Windy","Low ",1,"N",10
15,"Snack ",23,15,4.6,"electric_scooter",2,"No","Urban","Stormy","Medium",1,"N",10
16,"Meal ",21,16,4.9,"motorcycle",1,"No","Urban","Cloudy","Low",0,"N",15
27,"Buffet ",25,12,4.8,"scooter",2,"No","Metropolitan","Stormy","Medium",1,"N",15
17,"Buffet ",22,9,4.9,"motorcycle",1,"No","Urban","Fog","Medium",0,"N",15
39,"Drinks ",24,8,3.7,"electric_scooter",1,"No","Metropolitan","Fog","Low ",1,"N",15
16,"Drinks ",39,16,5,"motorcycle",2,"No","Semi-Urban","Cloudy","Medium",1,"N",10
31,"Meal ",23,17,4.7,"scooter",1,"No","Urban","Stormy","High",0,"N",15
20,"Meal ",21,19,4.9,"scooter",2,"No","Metropolitan","Sandstorms","Medium",0,"N",5
24,"Snack ",21,6,4.8,"motorcycle",0,"No","Metropolitan","Fog","Low ",1,"N",10
13,"Buffet ",28,18,4.9,"motorcycle",1,"No","Semi-Urban","Windy","Low ",0,"N",15
39,"Buffet ",29,3,3.5,"motorcycle",1,"No","Metropolitan","Stormy","Jam ",2,"Y",10
23,"Meal ",34,17,4.5,"scooter",1,"No","Semi-Urban","Sandstorms","Medium",0,"N",5
25,"Drinks ",34,23,4.7,"electric_scooter",2,"No","Metropolitan","Sandstorms","Medium",1,"N",5
17,"Snack ",30,19,4.5,"electric_scooter",1,"No","Metropolitan","Stormy","Low ",0,"N",10
27,"Meal ",39,23,4.3,"motorcycle",0,"No","Metropolitan","Sandstorms","Low ",1,"N",15
12,"Drinks ",34,15,4.9,"motorcycle",1,"No","Metropolitan","Sunny","Low ",1,"N",15
15,"Buffet ",26,22,5,"scooter",2,"No","Urban","Sandstorms","Jam",0,"N",10
12,"Snack ",31,2,4.9,"motorcycle",1,"No","Metropolitan","Sunny","Low ",1,"N",15
29,"Drinks ",38,3,4.8,"scooter",0,"No","Metropolitan","Stormy","Medium",0,"N",10
44,"Buffet ",23,18,4.6,"motorcycle",0,"Yes","Metropolitan","Fog","Jam ",0,"N",15
27,"Meal ",27,15,4.5,"motorcycle",2,"No","Urban","Windy","Medium",0,"N",15
25,"Drinks ",22,21,4.7,"scooter",1,"No","Metropolitan","Stormy","Medium",1,"N",5
26,"Meal ",23,11,4.2,"motorcycle",0,"No","Urban","Windy","Low ",1,"N",15
40,"Buffet ",34,3,4.2,"scooter",1,"No","Metropolitan","Fog","Jam ",0,"N",15
37,"Drinks ",26,2,4.6,"motorcycle",0,"No","Semi-Urban","Fog","Medium",1,"N",10
12,"Meal ",25,23,4.6,"motorcycle",1,"No","Semi-Urban","Sandstorms","Low",0,"N",5
19,"Buffet ",30,17,4.8,"electric_scooter",2,"No","Urban","Sunny","Low",1,"N",15
34,"Buffet ",21,10,4,"motorcycle",0,"No","Metropolitan","Stormy","Medium",1,"N",5
24,"Meal ",20,7,4.9,"motorcycle",0,"No","Metropolitan","Sunny","Low ",1,"N",10
48,"Snack ",36,23,4.5,"motorcycle",0,"No","Metropolitan","Fog","Jam ",1,"Y",5
27,"Snack ",31,19,4.9,"electric_scooter",2,"No","Metropolitan","Windy","Medium",0,"N",5
25,"Drinks ",33,14,4.9,"scooter",1,"No","Metropolitan","Sandstorms","Low ",1,"N",5
13,"Buffet ",33,17,4.8,"motorcycle",2,"No","Metropolitan","Fog","Low ",0,"N",10
29,"Snack ",31,17,4.6,"electric_scooter",2,"No","Metropolitan","Sandstorms","Low",0,"Y",10
35,"Drinks ",33,4,4.4,"motorcycle",0,"No","Metropolitan","Sunny","Medium",0,"N",5
27,"Drinks ",21,18,4.9,"motorcycle",2,"No","Metropolitan","Sunny","Low ",1,"Y",5
48,"Snack ",32,16,4.7,"motorcycle",0,"No","Metropolitan","Fog","Jam ",1,"N",5
19,"Buffet ",30,18,4.8,"motorcycle",2,"No","Urban","Stormy","Low",1,"N",10
33,"Buffet ",36,13,4.2,"scooter",1,"No","Urban","Sunny","Jam ",1,"N",15
19,"Drinks ",20,17,4.9,"electric_scooter",0,"No","Metropolitan","Sunny","Jam ",1,"Y",5
30,"Snack ",36,4,4.6,"motorcycle",1,"No","Metropolitan","Cloudy","High ",1,"N",15
26,"Buffet ",36,15,4.6,"motorcycle",1,"No","Metropolitan","Stormy","Low ",1,"N",5
38,"Drinks ",21,16,4.6,"motorcycle",0,"No","Metropolitan","Sandstorms","Jam",1,"Y",15
29,"Meal ",32,22,4.8,"motorcycle",0,"No","Metropolitan","Sunny","High ",1,"N",10
23,"Buffet ",30,3,4.7,"motorcycle",2,"No","Semi-Urban","Stormy","Low ",0,"N",10
17,"Meal ",25,23,4.8,"electric_scooter",0,"No","Urban","Sunny","Medium",0,"N",10
21,"Snack ",39,19,4.9,"scooter",0,"No","Urban","Stormy","Low ",0,"N",15
29,"Meal ",21,23,5,"scooter",1,"No","Urban","Fog","Jam",0,"N",15
19,"Snack ",36,15,4.6,"scooter",2,"No","Urban","Sandstorms","Low",0,"N",5
39,"Snack ",22,11,4.2,"scooter",1,"No","Metropolitan","Fog","Jam ",2,"N",15
20,"Meal ",33,23,4.8,"electric_scooter",0,"No","Metropolitan","Cloudy","High ",1,"N",15
22,"Buffet ",39,15,4.3,"motorcycle",0,"No","Urban","Sandstorms","Low ",0,"N",15
39,"Snack ",35,2,4.7,"motorcycle",2,"No","Urban","Stormy","Jam ",0,"N",15
17,"Drinks ",34,8,4.8,"scooter",1,"No","Metropolitan","Sandstorms","Low ",0,"N",10
32,"Snack ",32,12,4.9,"scooter",2,"No","Metropolitan","Sandstorms","Medium",0,"N",5
25,"Meal ",31,23,4.9,"scooter",1,"No","Semi-Urban","Windy","Low ",1,"Y",10
39,"Snack ",27,9,5,"electric_scooter",0,"No","Metropolitan","Cloudy","Low ",2,"Y",25
54,"Snack ",22,9,4,"electric_scooter",0,"No","Metropolitan","Stormy","Jam ",3,"Y",10
28,"Buffet ",27,18,4.6,"electric_scooter",2,"No","Urban","Stormy","Low",1,"N",5
27,"Snack ",23,3,4.9,"motorcycle",0,"No","Urban","Windy","Low",1,"Y",15
36,"Buffet ",32,2,3.7,"scooter",1,"No","Metropolitan","Stormy","Jam ",1,"N",5
29,"Drinks ",26,2,4.7,"motorcycle",1,"No","Metropolitan","Windy","Jam ",1,"Y",10
17,"Drinks ",24,22,4.5,"scooter",1,"No","Urban","Sandstorms","Low",0,"N",25
27,"Snack ",33,6,4.7,"motorcycle",0,"No","Semi-Urban","Sunny","Low ",0,"N",15
38,"Meal ",38,9,3.5,"scooter",1,"No","Metropolitan","Sunny","Low ",1,"N",5
16,"Buffet ",37,22,4.6,"motorcycle",0,"No","Metropolitan","Sunny","Low ",0,"Y",10
25,"Drinks ",21,22,4.7,"scooter",1,"No","Semi-Urban","Fog","Medium",1,"N",15
29,"Meal ",26,23,4.9,"motorcycle",0,"No","Metropolitan","Sandstorms","Medium",1,"Y",15
24,"Drinks ",25,18,4.8,"motorcycle",0,"No","Metropolitan","Sandstorms","Low ",0,"Y",10
27,"Drinks ",23,12,4.6,"motorcycle",2,"No","Metropolitan","Sandstorms","Jam ",1,"N",15
38,"Snack ",23,13,4.6,"motorcycle",0,"No","Metropolitan","Fog","Medium",1,"N",5
33,"Drinks ",33,11,3.2,"motorcycle",0,"No","Metropolitan","Sunny","Low ",1,"N",5
23,"Snack ",39,4,4.5,"motorcycle",2,"No","Metropolitan","Sunny","Medium",1,"N",5
27,"Buffet ",27,19,4.8,"motorcycle",2,"No","Semi-Urban","Windy","High ",1,"N",15
21,"Snack ",39,22,4.8,"motorcycle",0,"No","Urban","Stormy","Low",1,"N",5
18,"Buffet ",37,15,4.8,"motorcycle",2,"No","Metropolitan","Cloudy","Low ",1,"N",15
22,"Snack ",36,19,4.7,"electric_scooter",0,"No","Semi-Urban","Sandstorms","Low ",1,"Y",10
15,"Meal ",35,6,4.4,"scooter",0,"No","Urban","Sandstorms","Low",1,"N",10
31,"Drinks ",26,15,4.7,"scooter",2,"No","Metropolitan","Windy","High ",1,"N",10
26,"Snack ",25,12,4.9,"scooter",2,"No","Metropolitan","Windy","Jam ",0,"N",5
30,"Snack ",26,22,4.8,"motorcycle",0,"No","Semi-Urban","Windy","High ",1,"N",5
43,"Snack ",32,13,4.4,"scooter",2,"No","Urban","Cloudy","Jam ",0,"N",10
22,"Drinks ",37,18,4.8,"motorcycle",2,"No","Urban","Stormy","Medium",0,"Y",5
29,"Meal ",20,22,4.7,"scooter",0,"No","Urban","Sunny","Low ",1,"Y",25
33,"Meal ",35,13,3,"motorcycle",0,"No","Semi-Urban","Sunny","Low ",2,"Y",10
41,"Meal ",33,16,4.6,"scooter",2,"No","Metropolitan","Fog","Jam ",0,"N",10
27,"Snack ",21,15,4.9,"motorcycle",0,"No","Urban","Sandstorms","Medium",1,"N",15
31,"Snack ",22,8,4.2,"motorcycle",1,"No","Metropolitan","Stormy","Jam ",0,"N",15
17,"Drinks ",30,1,4.7,"motorcycle",1,"No","Semi-Urban","Sunny","Medium",1,"N",10
17,"Buffet ",21,23,4.9,"motorcycle",2,"No","Metropolitan","Cloudy","Low ",0,"N",15
21,"Drinks ",38,23,4.9,"motorcycle",0,"No","Metropolitan","Sunny","Low ",0,"N",10
23,"Drinks ",22,19,4.7,"motorcycle",1,"No","Metropolitan","Sunny","Low ",1,"N",10
13,"Buffet ",30,21,4.8,"motorcycle",2,"No","Urban","Sandstorms","Low",1,"Y",10
29,"Buffet ",28,8,4.7,"motorcycle",0,"No","Metropolitan","Stormy","Jam ",1,"N",15
30,"Meal ",21,13,4.7,"electric_scooter",1,"No","Metropolitan","Fog","Medium",1,"N",15
18,"Meal ",34,22,4.9,"electric_scooter",2,"No","Urban","Sunny","Medium",0,"Y",5
18,"Drinks ",34,2,4.5,"scooter",1,"No","Urban","Sandstorms","Low",0,"Y",10
27,"Snack ",32,21,4.6,"motorcycle",1,"No","Metropolitan","Fog","High ",1,"Y",5
44,"Buffet ",35,3,4.9,"motorcycle",0,"No","Urban","Fog","Medium",1,"N",5
29,"Buffet ",30,2,4.7,"scooter",1,"No","Metropolitan","Windy","Medium",1,"N",15
25,"Meal ",29,2,4.9,"motorcycle",0,"No","Metropolitan","Fog","Low ",1,"N",10
20,"Meal ",22,22,4.7,"motorcycle",0,"No","Metropolitan","Fog","High ",1,"N",5
45,"Buffet ",31,16,5,"motorcycle",1,"No","Urban","Fog","Jam ",0,"N",15
36,"Drinks ",22,2,4.4,"electric_scooter",1,"No","Metropolitan","Fog","Low ",2,"N",10
10,"Snack ",25,18,5,"scooter",2,"No","Urban","Fog","Medium",0,"N",5
19,"Snack ",37,9,4.7,"motorcycle",1,"No","Urban","Sandstorms","Low ",1,"Y",30
25,"Snack ",29,23,5,"scooter",0,"No","Metropolitan","Cloudy","Jam ",1,"N",10
29,"Snack ",23,14,4.8,"electric_scooter",2,"No","Metropolitan","Stormy","Jam ",1,"N",15
27,"Drinks ",35,9,4.8,"motorcycle",1,"No","Urban","Sandstorms","Medium",1,"N",5
32,"Buffet ",38,13,4.9,"motorcycle",1,"No","Metropolitan","Stormy","High ",1,"N",5
16,"Buffet ",39,5,5,"motorcycle",1,"No","Urban","Stormy","Low ",0,"Y",15
34,"Meal ",33,9,4.8,"electric_scooter",0,"No","Metropolitan","Sunny","Medium",2,"N",10
12,"Snack ",21,14,4.7,"electric_scooter",2,"No","Metropolitan","Sandstorms","Low ",1,"N",15
32,"Buffet ",34,7,4.6,"scooter",0,"No","Urban","Fog","Jam ",1,"N",15
25,"Buffet ",28,17,4.8,"motorcycle",1,"No","Metropolitan","Stormy","Medium",1,"N",5
19,"Drinks ",38,9,4.8,"scooter",0,"No","Semi-Urban","Sandstorms","Medium",0,"Y",15
28,"Meal ",20,21,4.9,"electric_scooter",2,"No","Metropolitan","Cloudy","Jam ",1,"N",10
27,"Buffet ",32,18,4.6,"motorcycle",2,"No","Urban","Sandstorms","Medium",0,"N",5
25,"Drinks ",37,7,4.9,"electric_scooter",2,"No","Metropolitan","Stormy","Jam ",0,"Y",10
17,"Buffet ",28,21,4.9,"scooter",2,"No","Metropolitan","Cloudy","Low",0,"N",5
14,"Meal ",36,9,4.8,"motorcycle",0,"No","Urban","Sunny","Low ",1,"Y",5
32,"Meal ",27,2,4.7,"motorcycle",1,"No","Semi-Urban","Fog","Jam ",1,"N",10
40,"Meal ",20,21,5,"motorcycle",0,"Yes","Metropolitan","Cloudy","Jam ",1,"N",15
44,"Buffet ",22,22,4.9,"motorcycle",0,"Yes","Semi-Urban","Windy","High ",3,"Y",5
46,"Buffet ",29,8,4.9,"electric_scooter",0,"No","Metropolitan","Stormy","Jam ",0,"N",5
23,"Buffet ",36,18,4.3,"motorcycle",0,"No","Semi-Urban","Sandstorms","Low ",1,"N",10
25,"Buffet ",25,23,4.6,"motorcycle",1,"No","Semi-Urban","Windy","High ",0,"N",15
33,"Snack ",39,13,4.5,"scooter",1,"No","Metropolitan","Stormy","Jam ",1,"N",10
25,"Drinks ",26,18,4.8,"motorcycle",0,"No","Metropolitan","Sandstorms","Low ",1,"N",15
30,"Snack ",33,21,4.7,"motorcycle",0,"No","Urban","Stormy","Jam",0,"N",15
45,"Drinks ",24,19,4.4,"motorcycle",1,"No","Metropolitan","Cloudy","Jam ",2,"N",10
10,"Buffet ",27,3,4.9,"electric_scooter",2,"No","Metropolitan","Fog","Jam ",0,"N",5
20,"Drinks ",20,19,4.4,"motorcycle",0,"No","Metropolitan","Sandstorms","Low ",1,"Y",5
22,"Meal ",22,1,4.6,"motorcycle",0,"No","Urban","Fog","Medium",1,"N",15
28,"Snack ",21,17,4.7,"scooter",1,"No","Metropolitan","Sunny","Jam ",1,"N",5
39,"Snack ",20,9,4.8,"scooter",2,"No","Metropolitan","Sandstorms","High ",1,"N",10
26,"Meal ",35,2,4.8,"motorcycle",1,"No","Urban","Windy","Medium",0,"N",10
46,"Buffet ",33,8,4.9,"motorcycle",0,"Yes","Urban","Stormy","Jam ",3,"N",15
19,"Snack ",35,22,4.6,"electric_scooter",1,"No","Metropolitan","Windy","Low ",0,"N",10
26,"Buffet ",33,18,4.9,"motorcycle",2,"No","Metropolitan","Windy","Low ",1,"N",10
22,"Meal ",20,4,4.6,"electric_scooter",2,"No","Semi-Urban","Sandstorms","Low ",1,"N",10
34,"Snack ",38,4,4,"scooter",1,"No","Metropolitan","Fog","Jam ",1,"N",5
33,"Snack ",36,5,4.4,"motorcycle",1,"No","Metropolitan","Fog","Jam ",2,"Y",5
37,"Drinks ",20,12,4.3,"motorcycle",0,"No","Metropolitan","Sunny","Medium",1,"Y",10
48,"Drinks ",30,13,4.6,"electric_scooter",0,"No","Metropolitan","Fog","Medium",1,"N",10
34,"Buffet ",27,3,4.2,"motorcycle",0,"No","Metropolitan","Windy","Jam",1,"Y",10
35,"Meal ",21,7,4.4,"motorcycle",0,"No","Semi-Urban","Windy","Jam ",1,"N",10
40,"Drinks ",26,5,4.7,"motorcycle",0,"Yes","Metropolitan","Stormy","Low ",1,"N",10
30,"Drinks ",29,21,4.7,"electric_scooter",2,"No","Metropolitan","Stormy","Jam ",1,"N",5
21,"Buffet ",30,6,5,"motorcycle",0,"No","Metropolitan","Fog","Low ",1,"N",10
26,"Snack ",22,4,4.7,"motorcycle",0,"No","Semi-Urban","Stormy","Low ",0,"N",10
34,"Snack ",28,22,4.9,"scooter",2,"No","Urban","Stormy","Jam ",1,"Y",15
20,"Meal ",25,22,4.7,"electric_scooter",2,"No","Urban","Stormy","Low",1,"Y",15
27,"Snack ",37,6,4.9,"motorcycle",0,"No","Urban","Sunny","Low",1,"Y",10
27,"Buffet ",25,1,4.5,"motorcycle",2,"No","Urban","Windy","High",0,"N",15
21,"Snack ",34,9,4.7,"scooter",1,"No","Semi-Urban","Sandstorms","Medium",1,"N",15
16,"Buffet ",24,5,4.7,"scooter",1,"No","Metropolitan","Sandstorms","Jam ",0,"N",15
17,"Meal ",22,3,5,"motorcycle",1,"No","Metropolitan","Sandstorms","Low ",0,"N",5
23,"Meal ",24,22,4.7,"electric_scooter",1,"No","Semi-Urban","Stormy","Jam",0,"N",5
33,"Drinks ",23,3,4,"scooter",0,"No","Metropolitan","Sandstorms","Jam ",0,"N",15
16,"Buffet ",36,16,4.8,"motorcycle",2,"No","Urban","Sunny","Jam",1,"N",10
23,"Buffet ",20,4,4.5,"scooter",2,"No","Metropolitan","Sunny","Medium",1,"N",10
46,"Drinks ",28,3,4.5,"motorcycle",0,"No","Urban","Stormy","High",1,"N",5
26,"Buffet ",31,21,4.9,"motorcycle",0,"No","Metropolitan","Sunny","Low ",1,"Y",5
29,"Meal ",38,17,4.9,"motorcycle",2,"No","Urban","Stormy","Medium",1,"N",5
25,"Snack ",39,3,4.6,"motorcycle",0,"No","Urban","Fog","Medium",1,"N",10
19,"Drinks ",33,21,5,"motorcycle",1,"No","Urban","Cloudy","Low ",1,"N",10
28,"Meal ",30,14,4.7,"electric_scooter",1,"No","Urban","Sunny","Low ",0,"N",10
26,"Meal ",33,17,4.9,"motorcycle",1,"No","Urban","Stormy","Medium",1,"Y",10
18,"Snack ",20,2,4.9,"electric_scooter",2,"No","Metropolitan","Sunny","Low ",1,"N",15
31,"Meal ",22,7,4.3,"scooter",1,"No","Metropolitan","Windy","High ",0,"N",15
26,"Meal ",32,9,4.5,"scooter",2,"No","Metropolitan","Stormy","Medium",1,"N",15
20,"Meal ",24,13,4.9,"motorcycle",1,"No","Metropolitan","Sandstorms","Jam ",1,"Y",5
16,"Meal ",28,23,4.8,"motorcycle",0,"No","Urban","Fog","Low ",1,"N",10
36,"Meal ",38,22,4.9,"scooter",0,"No","Urban","Stormy","Jam",1,"N",5
19,"Buffet ",20,19,4.8,"electric_scooter",2,"No","Urban","Windy","Low",1,"N",15
30,"Meal ",38,16,4.8,"scooter",1,"No","Urban","Windy","Medium",1,"Y",5
27,"Meal ",35,13,5,"motorcycle",0,"No","Metropolitan","Stormy","Jam ",1,"Y",5
29,"Meal ",28,13,4.7,"scooter",1,"No","Metropolitan","Cloudy","Low ",1,"Y",5
31,"Snack ",35,3,4.2,"motorcycle",2,"No","Semi-Urban","Cloudy","Jam ",1,"N",10
20,"Buffet ",28,15,4.7,"motorcycle",0,"No","Metropolitan","Sandstorms","High ",1,"N",10
27,"Meal ",27,15,4.6,"scooter",2,"No","Urban","Stormy","Low",0,"N",10
24,"Buffet ",25,16,4.7,"motorcycle",0,"No","Metropolitan","Cloudy","Low ",1,"Y",5
51,"Drinks ",35,11,4,"scooter",0,"No","Urban","Stormy","Jam ",1,"N",5
39,"Buffet ",21,15,4.9,"motorcycle",0,"No","Urban","Stormy","High",1,"N",15
34,"Meal ",32,5,4.1,"motorcycle",1,"No","Metropolitan","Windy","Medium",0,"N",15
19,"Drinks ",38,18,4.9,"scooter",1,"No","Urban","Fog","Low ",1,"Y",5
30,"Buffet ",36,17,4.9,"electric_scooter",1,"No","Urban","Fog","Jam",1,"Y",5
49,"Snack ",20,22,4.8,"scooter",0,"No","Semi-Urban","Sandstorms","High ",3,"N",5
31,"Buffet ",24,16,4.4,"motorcycle",0,"No","Metropolitan","Windy","Medium",1,"N",5
51,"Drinks ",29,3,3.5,"scooter",0,"No","Metropolitan","Sunny","Jam ",3,"N",5
20,"Snack ",33,15,4.6,"scooter",2,"No","Urban","Stormy","Medium",1,"Y",15
33,"Buffet ",32,4,4.4,"motorcycle",0,"No","Urban","Windy","Medium",1,"Y",5
40,"Snack ",23,4,4.3,"motorcycle",1,"No","Urban","Stormy","Jam",1,"Y",10
25,"Meal ",27,4,4.5,"scooter",0,"No","Metropolitan","Sunny","Medium",1,"Y",10
17,"Drinks ",25,12,4.6,"scooter",2,"No","Metropolitan","Stormy","Low ",1,"N",15
26,"Buffet ",24,14,4.9,"scooter",1,"No","Metropolitan","Windy","Medium",0,"N",5
12,"Buffet ",32,15,4.9,"electric_scooter",2,"No","Urban","Sunny","Medium",0,"Y",10
12,"Meal ",37,17,5,"scooter",1,"No","Metropolitan","Sunny","Low ",0,"N",5
41,"Meal ",27,7,4.8,"motorcycle",2,"No","Urban","Stormy","Jam ",1,"N",15
19,"Buffet ",35,9,4.5,"electric_scooter",0,"No","Semi-Urban","Windy","Low ",1,"N",15
12,"Drinks ",25,3,4.5,"motorcycle",1,"No","Urban","Windy","Low",1,"N",20
16,"Drinks ",34,19,4.6,"motorcycle",2,"No","Metropolitan","Sandstorms","Jam ",0,"Y",5
27,"Buffet ",39,21,4.5,"electric_scooter",1,"No","Metropolitan","Windy","High ",1,"Y",15
14,"Meal ",38,16,4.7,"motorcycle",1,"No","Urban","Sunny","Medium",1,"N",15
24,"Meal ",36,16,4.9,"scooter",2,"No","Urban","Sunny","Jam ",1,"Y",10
18,"Buffet ",24,13,4.5,"motorcycle",2,"No","Metropolitan","Fog","Low ",0,"N",20
30,"Snack ",27,17,4.7,"motorcycle",0,"No","Metropolitan","Stormy","Medium",1,"Y",15
43,"Snack ",22,5,2.5,"electric_scooter",2,"Yes","Semi-Urban","Sunny","Low",1,"Y",15
37,"Snack ",39,9,4,"motorcycle",2,"No","Metropolitan","Fog","Medium",1,"N",15
29,"Meal ",29,6,4.8,"scooter",0,"No","Metropolitan","Fog","Jam ",1,"N",10
40,"Drinks ",38,15,4.6,"motorcycle",0,"No","Metropolitan","Fog","Jam ",2,"N",15
20,"Meal ",33,18,4.6,"motorcycle",0,"No","Metropolitan","Stormy","Low ",1,"N",5
16,"Snack ",33,13,4.9,"scooter",2,"No","Metropolitan","Fog","Low ",1,"Y",10
36,"Drinks ",35,16,4.7,"scooter",1,"No","Metropolitan","Fog","Medium",1,"Y",10
29,"Meal ",37,3,4.8,"motorcycle",2,"No","Semi-Urban","Fog","High ",1,"N",5
17,"Snack ",29,8,4.5,"motorcycle",1,"No","Metropolitan","Sunny","Jam ",0,"N",10
18,"Buffet ",28,19,4.9,"motorcycle",2,"No","Metropolitan","Cloudy","Low ",1,"N",15
23,"Drinks ",37,15,5,"scooter",2,"No","Urban","Sunny","Low ",1,"Y",10
15,"Snack ",25,23,4.8,"motorcycle",0,"No","Urban","Stormy","Low",0,"N",15
17,"Drinks ",26,21,5,"motorcycle",0,"No","Urban","Cloudy","Low",0,"N",5
19,"Buffet ",34,21,4.6,"scooter",2,"No","Metropolitan","Fog","Medium",1,"N",5
40,"Drinks ",35,16,4.3,"motorcycle",1,"No","Metropolitan","Cloudy","Medium",2,"Y",5
19,"Buffet ",26,2,5,"scooter",2,"No","Metropolitan","Stormy","Low ",1,"N",15
27,"Buffet ",29,3,4.1,"motorcycle",0,"No","Urban","Windy","Low",1,"Y",15
18,"Meal ",26,17,4.6,"motorcycle",0,"No","Metropolitan","Sandstorms","High ",0,"N",5
12,"Meal ",22,13,4.5,"electric_scooter",2,"No","Metropolitan","Fog","Low ",1,"N",5
18,"Buffet ",23,4,4.7,"electric_scooter",2,"No","Urban","Sandstorms","Jam ",0,"N",5
20,"Meal ",28,23,4.7,"motorcycle",0,"No","Urban","Stormy","Medium",0,"N",5
29,"Buffet ",30,22,4.7,"electric_scooter",2,"No","Metropolitan","Stormy","Medium",1,"N",10
39,"Snack ",29,11,4.1,"scooter",1,"No","Metropolitan","Windy","Jam ",1,"N",15
12,"Buffet ",26,3,4.8,"motorcycle",0,"No","Metropolitan","Stormy","Medium",1,"N",15
36,"Snack ",23,13,4.2,"motorcycle",0,"No","Metropolitan","Stormy","Medium",1,"N",5
29,"Snack ",30,5,4.5,"motorcycle",0,"No","Urban","Cloudy","Jam",1,"N",15
27,"Snack ",38,1,4.3,"scooter",0,"No","Metropolitan","Windy","Low ",0,"N",5
21,"Meal ",24,16,4.7,"scooter",0,"No","Urban","Sunny","Medium",0,"Y",10
15,"Snack ",31,15,4.6,"motorcycle",1,"No","Semi-Urban","Cloudy","Low",0,"Y",10
39,"Drinks ",20,12,4.5,"motorcycle",0,"No","Metropolitan","Fog","Medium",1,"Y",10
44,"Snack ",24,8,4.4,"motorcycle",1,"No","Metropolitan","Windy","Jam ",0,"N",5
22,"Meal ",20,23,4.9,"electric_scooter",0,"No","Semi-Urban","Fog","Medium",1,"N",10
35,"Meal ",32,22,4.6,"scooter",0,"No","Urban","Fog","Medium",1,"N",15
23,"Snack ",33,18,4.6,"motorcycle",0,"No","Urban","Cloudy","Jam",1,"N",5
22,"Meal ",21,8,5,"electric_scooter",2,"No","Semi-Urban","Fog","Jam ",1,"Y",15
18,"Buffet ",20,16,4.8,"electric_scooter",2,"No","Metropolitan","Sunny","High ",0,"Y",15
20,"Meal ",33,16,4.5,"motorcycle",0,"No","Metropolitan","Windy","Low ",0,"Y",20
33,"Drinks ",34,9,4.8,"electric_scooter",0,"No","Metropolitan","Sunny","Jam ",1,"N",10
14,"Meal ",24,12,4.9,"motorcycle",1,"No","Urban","Fog","Low ",0,"Y",30
10,"Drinks ",28,21,4.9,"motorcycle",1,"No","Urban","Cloudy","Low",0,"N",15
29,"Meal ",20,8,4.6,"motorcycle",1,"No","Urban","Windy","Medium",0,"N",5
31,"Buffet ",22,6,4.2,"scooter",1,"No","Metropolitan","Cloudy","High ",1,"N",10
46,"Snack ",35,9,4.6,"electric_scooter",1,"No","Metropolitan","Fog","Jam ",2,"Y",10
36,"Meal ",20,4,4.3,"electric_scooter",2,"No","Semi-Urban","Fog","Jam ",1,"N",15
15,"Meal ",28,22,4.6,"electric_scooter",1,"No","Urban","Sunny","High",1,"N",15
35,"Drinks ",38,23,4.6,"scooter",1,"No","Metropolitan","Stormy","Jam ",0,"N",15
25,"Snack ",32,18,5,"scooter",2,"No","Metropolitan","Sunny","Low ",1,"N",15
18,"Meal ",27,23,4.6,"electric_scooter",2,"No","Urban","Sandstorms","Medium",0,"N",5
27,"Drinks ",26,8,5,"electric_scooter",1,"No","Metropolitan","Windy","Jam ",1,"N",10
21,"Drinks ",31,23,4.7,"electric_scooter",0,"No","Metropolitan","Stormy","Low",1,"N",10
34,"Drinks ",36,13,5,"scooter",1,"No","Metropolitan","Stormy","Jam ",1,"N",10
17,"Buffet ",26,23,4.6,"electric_scooter",2,"No","Urban","Stormy","Low",1,"Y",15
20,"Meal ",28,17,4.9,"scooter",0,"No","Metropolitan","Stormy","Medium",1,"N",15
24,"Snack ",21,15,4.5,"motorcycle",0,"No","Metropolitan","Fog","Low ",1,"N",5
36,"Buffet ",28,3,3.9,"motorcycle",1,"No","Urban","Windy","Jam",1,"N",15
10,"Snack ",26,16,4.7,"motorcycle",2,"No","Metropolitan","Sandstorms","Low",1,"Y",10
42,"Drinks ",21,7,4.3,"motorcycle",0,"No","Urban","Stormy","Jam ",0,"N",15
25,"Buffet ",22,1,4.5,"motorcycle",0,"No","Urban","Stormy","Low",0,"Y",10
17,"Buffet ",30,2,4.5,"scooter",1,"No","Urban","Windy","Low",1,"N",5
28,"Snack ",20,14,4.7,"motorcycle",1,"No","Metropolitan","Sunny","Medium",1,"N",5
12,"Buffet ",32,6,4.8,"scooter",2,"No","Semi-Urban","Cloudy","Low",0,"N",5
29,"Drinks ",24,16,4.8,"scooter",1,"No","Urban","Cloudy","Low",1,"Y",15
28,"Meal ",34,23,4.9,"motorcycle",1,"No","Metropolitan","Sunny","Low ",1,"N",10
23,"Meal ",31,23,4.5,"scooter",2,"No","Metropolitan","Stormy","Jam ",1,"Y",5
36,"Snack ",27,18,4.3,"motorcycle",0,"No","Metropolitan","Sunny","Medium",1,"N",10
15,"Meal ",22,15,4.7,"motorcycle",0,"No","Metropolitan","Sunny","Jam ",0,"Y",5
24,"Meal ",20,22,5,"motorcycle",0,"No","Urban","Stormy","Low",0,"N",5
34,"Drinks ",20,3,4,"electric_scooter",0,"No","Metropolitan","Sunny","Jam ",1,"N",15
20,"Snack ",36,17,4.5,"scooter",1,"No","Metropolitan","Windy","Medium",1,"Y",15
13,"Drinks ",33,7,4.9,"motorcycle",1,"No","Semi-Urban","Windy","Jam ",1,"N",10
16,"Buffet ",23,14,4.7,"electric_scooter",1,"No","Metropolitan","Stormy","Jam ",1,"Y",10
11,"Drinks ",39,18,4.7,"electric_scooter",1,"No","Semi-Urban","Stormy","Low",0,"N",15
35,"Drinks ",22,2,2.5,"scooter",2,"No","Metropolitan","Sunny","Low ",1,"N",30
32,"Meal ",35,6,4,"scooter",1,"No","Metropolitan","Cloudy","Jam ",1,"Y",15
28,"Snack ",38,15,4.6,"electric_scooter",1,"No","Urban","Windy","Medium",1,"N",10
27,"Buffet ",32,16,4.5,"motorcycle",0,"No","Urban","Sandstorms","Low",1,"N",5
33,"Snack ",37,15,4.1,"electric_scooter",1,"No","Semi-Urban","Stormy","Medium",1,"Y",5
25,"Snack ",23,7,5,"motorcycle",0,"No","Urban","Fog","High ",1,"Y",5
35,"Snack ",20,2,4.6,"motorcycle",0,"No","Semi-Urban","Fog","Jam ",1,"N",15
32,"Drinks ",26,2,5,"motorcycle",0,"No","Metropolitan","Sunny","Jam ",1,"N",10
29,"Snack ",29,12,4.6,"scooter",1,"No","Semi-Urban","Cloudy","Low ",1,"Y",10
30,"Buffet ",20,14,4.7,"motorcycle",1,"No","Urban","Fog","Jam ",1,"N",5
27,"Meal ",25,16,4.6,"electric_scooter",0,"No","Metropolitan","Cloudy","Medium",0,"N",15
24,"Meal ",33,15,4.7,"scooter",0,"No","Semi-Urban","Fog","High",1,"N",5
30,"Buffet ",27,23,4.8,"scooter",1,"No","Metropolitan","Sandstorms","Jam ",1,"N",10
30,"Meal ",31,19,4.5,"electric_scooter",1,"No","Metropolitan","Windy","Jam ",0,"N",15
28,"Snack ",23,9,4.9,"motorcycle",1,"No","Metropolitan","Windy","Low ",1,"N",10
15,"Buffet ",26,19,4.6,"motorcycle",0,"No","Metropolitan","Sandstorms","Low",0,"Y",5
18,"Snack ",29,19,5,"electric_scooter",2,"No","Urban","Sunny","Medium",1,"N",10
19,"Buffet ",38,23,4.9,"motorcycle",1,"No","Metropolitan","Stormy","Low ",1,"Y",10
10,"Snack ",21,19,4.7,"scooter",2,"No","Urban","Sunny","Jam ",0,"Y",5
42,"Drinks ",36,9,4.9,"scooter",0,"Yes","Metropolitan","Sandstorms","High ",0,"N",10
29,"Drinks ",30,7,4.7,"scooter",1,"No","Urban","Cloudy","High ",1,"N",5
31,"Meal ",33,13,4.9,"motorcycle",2,"No","Metropolitan","Cloudy","Jam ",1,"N",5
18,"Meal ",20,15,4.8,"motorcycle",2,"No","Metropolitan","Windy","Jam ",1,"Y",10
44,"Buffet ",39,18,4.9,"motorcycle",1,"No","Metropolitan","Cloudy","Jam ",0,"N",5
29,"Meal ",20,14,4.6,"electric_scooter",0,"No","Urban","Sunny","Low ",1,"N",15
27,"Meal ",31,7,4.6,"motorcycle",0,"No","Metropolitan","Windy","Low ",1,"N",15
30,"Meal ",38,12,4.9,"motorcycle",2,"No","Metropolitan","Stormy","Medium",1,"N",10
10,"Meal ",32,16,4.9,"scooter",1,"No","Metropolitan","Sunny","Jam ",1,"N",15
12,"Buffet ",29,18,4.8,"scooter",1,"No","Urban","Windy","Low",0,"N",5
24,"Drinks ",30,12,4.7,"scooter",2,"No","Semi-Urban","Sunny","Jam ",1,"N",5
43,"Snack ",39,3,4.2,"motorcycle",0,"No","Metropolitan","Windy","Jam ",1,"N",15
22,"Buffet ",30,23,4.6,"electric_scooter",2,"No","Metropolitan","Windy","Low ",1,"N",15
29,"Drinks ",21,15,4.7,"scooter",2,"No","Metropolitan","Stormy","Jam ",1,"N",5
11,"Buffet ",33,18,4.8,"motorcycle",1,"No","Urban","Fog","Low",1,"Y",10
24,"Buffet ",35,23,4.8,"motorcycle",0,"No","Urban","Stormy","Low ",1,"N",15
28,"Snack ",21,21,4.8,"motorcycle",2,"No","Urban","Sandstorms","Low",1,"Y",10
34,"Snack ",29,3,4.8,"electric_scooter",1,"No","Metropolitan","Sandstorms","Medium",0,"N",15
28,"Drinks ",23,23,4.8,"motorcycle",0,"No","Semi-Urban","Fog","Medium",1,"N",10
17,"Drinks ",33,3,4.5,"electric_scooter",2,"No","Urban","Sandstorms","Low",0,"Y",5
11,"Meal ",20,21,4.7,"scooter",1,"No","Urban","Stormy","Jam",0,"N",15
16,"Drinks ",27,14,4.6,"scooter",2,"No","Metropolitan","Cloudy","Medium",0,"Y",15
17,"Drinks ",21,2,5,"scooter",1,"No","Semi-Urban","Sandstorms","Low ",0,"N",5
24,"Snack ",28,14,4.3,"motorcycle",0,"No","Urban","Stormy","Low ",0,"N",5
22,"Buffet ",33,18,4.8,"electric_scooter",1,"No","Urban","Cloudy","High",1,"Y",5
27,"Meal ",32,3,4.8,"motorcycle",1,"No","Metropolitan","Stormy","Low ",1,"N",10
20,"Buffet ",20,2,5,"electric_scooter",2,"No","Metropolitan","Windy","Medium",1,"N",15
16,"Drinks ",26,21,4.5,"scooter",1,"No","Metropolitan","Stormy","Low ",1,"N",15
16,"Meal ",32,21,4.9,"scooter",2,"No","Urban","Fog","Low ",0,"N",15
15,"Buffet ",34,19,5,"motorcycle",0,"No","Metropolitan","Windy","Low ",0,"N",15
18,"Drinks ",35,23,4.9,"electric_scooter",2,"No","Urban","Stormy","Low",1,"N",15
25,"Snack ",21,8,4.6,"motorcycle",0,"No","Metropolitan","Stormy","Low ",0,"Y",10
32,"Snack ",34,2,4.3,"electric_scooter",0,"No","Semi-Urban","Windy","Medium",1,"Y",5
14,"Drinks ",34,12,5,"scooter",2,"No","Semi-Urban","Windy","Low ",1,"N",15
39,"Buffet ",23,1,4.5,"scooter",2,"No","Semi-Urban","Stormy","Medium",0,"Y",15
23,"Snack ",31,9,4.8,"scooter",1,"No","Metropolitan","Sunny","Low ",1,"N",15
39,"Meal ",31,22,4.1,"scooter",2,"No","Metropolitan","Fog","Low ",1,"N",15
54,"Meal ",30,5,4.1,"scooter",0,"No","Metropolitan","Sunny","High ",3,"N",5
47,"Snack ",37,1,4.8,"motorcycle",0,"No","Urban","Sandstorms","Medium",0,"Y",10
27,"Drinks ",30,18,4.6,"scooter",1,"No","Urban","Cloudy","Low ",1,"Y",10
26,"Buffet ",28,7,4.6,"motorcycle",0,"No","Urban","Sunny","Jam ",1,"N",10
34,"Buffet ",25,5,3.6,"motorcycle",2,"No","Metropolitan","Sunny","Jam ",0,"N",5
18,"Snack ",33,21,4.9,"motorcycle",1,"No","Urban","Stormy","Low",1,"N",5
27,"Buffet ",31,21,4.7,"motorcycle",1,"No","Urban","Cloudy","Jam ",1,"Y",5
16,"Meal ",28,23,4.9,"scooter",1,"No","Metropolitan","Sunny","Jam ",1,"N",10
29,"Meal ",34,19,4.7,"scooter",1,"No","Urban","Stormy","Jam ",1,"Y",5
16,"Meal ",27,15,4.8,"scooter",0,"No","Metropolitan","Sandstorms","High ",0,"Y",15
10,"Snack ",27,23,5,"motorcycle",2,"No","Metropolitan","Cloudy","Low",1,"N",5
20,"Buffet ",33,6,4.5,"motorcycle",0,"No","Urban","Sandstorms","Medium",1,"N",15
14,"Meal ",22,23,4.9,"motorcycle",2,"No","Urban","Fog","Low",0,"N",5
26,"Meal ",26,16,4.6,"motorcycle",0,"No","Metropolitan","Sunny","Low ",1,"N",5
32,"Meal ",31,14,4.4,"motorcycle",1,"No","Metropolitan","Fog","Jam ",1,"N",15
18,"Meal ",22,17,4.7,"scooter",1,"No","Metropolitan","Sunny","Jam ",0,"Y",10
11,"Snack ",22,18,4.7,"motorcycle",2,"No","Urban","Windy","Low ",0,"N",15
28,"Buffet ",23,12,4.9,"scooter",0,"No","Metropolitan","Windy","Medium",1,"Y",10
28,"Meal ",20,21,4.9,"electric_scooter",2,"No","Metropolitan","Cloudy","Jam ",1,"N",10
32,"Buffet ",23,6,4.1,"motorcycle",1,"No","Semi-Urban","Sandstorms","Medium",0,"N",10
21,"Snack ",38,23,4.9,"motorcycle",0,"No","Metropolitan","Fog","Low ",1,"N",15
21,"Snack ",33,17,4.3,"motorcycle",0,"No","Metropolitan","Stormy","Low ",0,"N",15
13,"Meal ",21,4,4.9,"scooter",2,"No","Semi-Urban","Windy","Low ",0,"Y",10
30,"Drinks ",36,14,4.5,"motorcycle",1,"No","Semi-Urban","Stormy","Jam ",1,"N",10
16,"Drinks ",31,16,4.6,"motorcycle",0,"No","Urban","Sunny","Low",1,"N",10
25,"Meal ",34,18,4.9,"motorcycle",0,"No","Metropolitan","Cloudy","Jam ",1,"Y",5
37,"Buffet ",35,6,4.3,"scooter",2,"No","Urban","Windy","Medium",1,"N",10
43,"Snack ",21,6,3.5,"scooter",1,"No","Metropolitan","Stormy","Jam ",1,"N",10
34,"Buffet ",28,23,4.9,"scooter",1,"No","Metropolitan","Cloudy","Medium",0,"N",5
48,"Drinks ",38,3,4.9,"motorcycle",0,"Yes","Metropolitan","Fog","Jam ",1,"N",5
41,"Snack ",23,6,4.7,"electric_scooter",1,"No","Metropolitan","Fog","Jam ",2,"Y",15
36,"Meal ",26,8,4.1,"electric_scooter",1,"No","Metropolitan","Windy","Jam ",2,"N",5
33,"Meal ",24,13,4.7,"scooter",2,"No","Semi-Urban","Fog","Jam ",1,"N",10
48,"Snack ",38,2,4.4,"motorcycle",1,"No","Semi-Urban","Stormy","Jam ",0,"N",10
34,"Buffet ",36,11,3.5,"scooter",0,"No","Metropolitan","Sunny","Low ",1,"N",5
16,"Meal ",24,15,4.7,"motorcycle",2,"No","Metropolitan","Sandstorms","Low",0,"N",10
14,"Buffet ",36,22,4.9,"motorcycle",1,"No","Urban","Sunny","Medium",0,"Y",5
11,"Buffet ",34,9,4.6,"scooter",0,"No","Metropolitan","Sunny","Low ",0,"Y",10
31,"Buffet ",30,11,4.7,"motorcycle",0,"No","Urban","Windy","Medium",1,"N",15
17,"Snack ",37,23,4.7,"motorcycle",2,"No","Metropolitan","Fog","Low ",1,"N",15
13,"Drinks ",24,23,4.7,"motorcycle",1,"No","Urban","Stormy","Low",1,"N",10
16,"Snack ",39,21,5,"scooter",1,"No","Metropolitan","Stormy","Low ",1,"Y",25
26,"Snack ",29,17,4.9,"motorcycle",0,"No","Metropolitan","Sunny","High ",0,"N",10
37,"Drinks ",37,4,4.4,"scooter",0,"No","Metropolitan","Stormy","Medium",2,"Y",15
27,"Buffet ",28,17,4.6,"scooter",1,"No","Metropolitan","Stormy","Low ",1,"N",10
34,"Snack ",35,12,3.8,"scooter",1,"No","Semi-Urban","Sandstorms","Jam ",0,"Y",5
26,"Buffet ",37,6,4.7,"scooter",1,"No","Metropolitan","Sandstorms","Jam ",0,"Y",15
29,"Meal ",28,15,4.7,"scooter",1,"No","Urban","Windy","Medium",1,"N",15
29,"Buffet ",30,22,4.9,"scooter",1,"No","Metropolitan","Stormy","Low ",1,"N",10
26,"Meal ",38,15,4.3,"electric_scooter",0,"No","Metropolitan","Windy","Low ",0,"Y",5
43,"Meal ",35,9,4.4,"motorcycle",1,"No","Semi-Urban","Fog","Jam ",2,"N",10
22,"Snack ",35,18,4.6,"motorcycle",2,"No","Urban","Cloudy","Low",0,"Y",5
47,"Buffet ",23,7,4.8,"scooter",0,"No","Metropolitan","Stormy","High ",1,"N",15
19,"Drinks ",30,15,4.8,"scooter",2,"No","Urban","Sandstorms","Jam",0,"N",5
21,"Buffet ",29,15,5,"motorcycle",2,"No","Urban","Cloudy","Low",1,"Y",10
33,"Snack ",39,13,4.5,"scooter",1,"No","Metropolitan","Stormy","Jam ",1,"N",10
29,"Snack ",31,5,4.8,"scooter",2,"No","Urban","Fog","Low",1,"Y",10
24,"Snack ",39,17,5,"motorcycle",1,"No","Metropolitan","Stormy","Medium",0,"Y",10
12,"Drinks ",34,19,5,"scooter",1,"No","Urban","Stormy","High",0,"Y",15
49,"Meal ",36,4,4.4,"scooter",2,"Yes","Urban","Fog","Jam",2,"N",5
43,"Buffet ",31,23,5,"scooter",2,"No","Semi-Urban","Cloudy","Jam",2,"N",15
34,"Drinks ",35,9,4.4,"motorcycle",2,"No","Metropolitan","Fog","High ",1,"N",15
34,"Snack ",25,9,4.6,"electric_scooter",1,"No","Metropolitan","Windy","Jam ",2,"N",10
41,"Buffet ",29,17,4.8,"motorcycle",0,"No","Urban","Fog","Jam",0,"Y",5
40,"Drinks ",37,23,5,"electric_scooter",0,"No","Metropolitan","Cloudy","Low ",1,"Y",10
29,"Meal ",34,14,4.5,"motorcycle",1,"No","Urban","Stormy","High ",1,"N",15
40,"Meal ",22,11,5,"motorcycle",0,"No","Metropolitan","Stormy","Medium",1,"N",10
10,"Meal ",30,22,4.9,"motorcycle",2,"No","Urban","Fog","Medium",0,"Y",15
23,"Buffet ",20,3,4.7,"motorcycle",0,"No","Semi-Urban","Sandstorms","High ",0,"N",15
45,"Buffet ",24,3,4.5,"motorcycle",0,"Yes","Urban","Sandstorms","Jam",1,"N",15
15,"Buffet ",27,3,5,"scooter",1,"No","Metropolitan","Sunny","Jam ",1,"N",5
25,"Meal ",33,19,4.8,"motorcycle",1,"No","Urban","Stormy","Medium",1,"Y",5
34,"Buffet ",38,18,4.9,"scooter",1,"No","Metropolitan","Cloudy","High ",1,"N",10
24,"Snack ",35,2,4.8,"motorcycle",0,"No","Metropolitan","Sandstorms","Jam ",0,"N",10
46,"Snack ",25,22,4.7,"electric_scooter",0,"No","Metropolitan","Fog","Jam ",1,"N",5
26,"Drinks ",30,14,4.7,"motorcycle",0,"No","Metropolitan","Fog","Low ",1,"N",15
16,"Buffet ",30,16,4.8,"scooter",2,"No","Urban","Cloudy","Medium",0,"N",10
34,"Buffet ",25,6,4.8,"electric_scooter",0,"No","Metropolitan","Fog","Medium",1,"N",15
41,"Drinks ",27,3,5,"scooter",0,"Yes","Metropolitan","Fog","Jam ",0,"N",5
27,"Buffet ",20,23,4.8,"motorcycle",1,"No","Urban","Cloudy","Jam ",0,"Y",5
21,"Buffet ",28,1,4.1,"electric_scooter",0,"No","Metropolitan","Windy","Low",1,"Y",20
36,"Snack ",29,6,3.8,"motorcycle",2,"No","Metropolitan","Sunny","Low ",0,"Y",15
16,"Snack ",30,23,4.7,"electric_scooter",2,"No","Metropolitan","Fog","Medium",1,"N",15
29,"Snack ",38,1,4.7,"electric_scooter",1,"No","Urban","Fog","High ",1,"N",15
26,"Drinks ",35,1,4.1,"motorcycle",0,"No","Urban","Stormy","Low",1,"N",15
28,"Buffet ",25,9,4.5,"motorcycle",0,"No","Metropolitan","Windy","Jam ",1,"Y",10
31,"Meal ",23,6,4.1,"scooter",1,"No","Urban","Sandstorms","Jam",1,"Y",15
26,"Meal ",27,16,4.8,"electric_scooter",2,"No","Urban","Sandstorms","Low",1,"N",10
41,"Drinks ",35,9,4.3,"electric_scooter",2,"No","Semi-Urban","Stormy","Jam ",0,"N",10
16,"Snack ",29,23,4.7,"electric_scooter",0,"No","Metropolitan","Windy","Low ",0,"Y",5
44,"Meal ",27,3,3.7,"motorcycle",2,"Yes","Metropolitan","Windy","Jam ",2,"N",15
10,"Buffet ",20,19,4.6,"motorcycle",2,"No","Semi-Urban","Fog","Low ",1,"N",10
26,"Snack ",20,5,4.8,"electric_scooter",2,"No","Urban","Fog","High ",1,"N",15
24,"Drinks ",23,9,4.5,"motorcycle",0,"No","Urban","Cloudy","Medium",1,"Y",5
43,"Drinks ",35,8,4.4,"scooter",2,"No","Metropolitan","Cloudy","Jam ",2,"N",5
39,"Snack ",30,21,4.9,"electric_scooter",2,"No","Semi-Urban","Cloudy","Medium",1,"N",5
18,"Buffet ",33,16,4.9,"motorcycle",1,"No","Metropolitan","Windy","Low ",1,"N",15
50,"Snack ",34,3,3.5,"motorcycle",0,"No","Urban","Sunny","Jam",3,"N",5
26,"Buffet ",38,21,4.8,"scooter",1,"No","Metropolitan","Stormy","Medium",0,"Y",5
13,"Buffet ",30,23,4.7,"motorcycle",1,"No","Urban","Windy","Low ",1,"Y",10
31,"Buffet ",25,11,4.8,"scooter",0,"No","Urban","Fog","Jam ",1,"N",15
34,"Drinks ",20,11,4,"scooter",1,"No","Metropolitan","Sandstorms","Medium",1,"Y",10
33,"Buffet ",39,16,4.7,"motorcycle",0,"No","Metropolitan","Sandstorms","Medium",1,"Y",5
39,"Buffet ",27,13,4.3,"electric_scooter",0,"No","Urban","Sandstorms","High ",1,"N",15
36,"Meal ",23,4,4.8,"electric_scooter",2,"No","Urban","Cloudy","Jam ",1,"Y",15
25,"Meal ",39,9,4.8,"scooter",2,"No","Metropolitan","Sandstorms","Low ",1,"N",15
42,"Snack ",31,21,4.9,"motorcycle",0,"No","Metropolitan","Stormy","Jam ",1,"N",5
34,"Buffet ",25,22,4.9,"electric_scooter",2,"No","Semi-Urban","Cloudy","Jam",1,"Y",15
16,"Meal ",37,22,4.8,"scooter",2,"No","Urban","Fog","Medium",1,"N",10
47,"Snack ",22,2,4.7,"motorcycle",0,"No","Metropolitan","Cloudy","Medium",1,"N",15
32,"Meal ",24,6,3.8,"motorcycle",1,"No","Semi-Urban","Sunny","Jam ",0,"Y",5
24,"Snack ",39,23,4.5,"electric_scooter",0,"No","Urban","Fog","Low ",1,"N",5
25,"Snack ",38,2,4.9,"motorcycle",1,"No","Metropolitan","Stormy","Low ",1,"N",15
17,"Meal ",30,21,4.6,"motorcycle",1,"No","Semi-Urban","Stormy","Low ",0,"Y",15
46,"Drinks ",33,21,4.6,"motorcycle",0,"No","Semi-Urban","Cloudy","Medium",3,"N",10
25,"Meal ",28,17,4.5,"electric_scooter",0,"No","Metropolitan","Cloudy","High ",0,"Y",10
14,"Meal ",22,23,4.9,"motorcycle",2,"No","Urban","Fog","Low",0,"N",5
33,"Drinks ",25,5,4,"motorcycle",1,"No","Metropolitan","Sandstorms","Jam ",0,"N",10
19,"Meal ",23,21,4.8,"scooter",1,"No","Urban","Stormy","Low",1,"N",20
23,"Meal ",34,23,4.5,"motorcycle",0,"No","Metropolitan","Stormy","Low ",1,"N",15
37,"Buffet ",25,13,4.2,"scooter",1,"No","Urban","Fog","Jam ",1,"N",10
28,"Meal ",36,2,4.7,"electric_scooter",2,"No","Urban","Sandstorms","Jam ",0,"N",15
22,"Meal ",35,5,4.8,"motorcycle",2,"No","Metropolitan","Stormy","Medium",0,"N",15
23,"Buffet ",27,9,4.7,"motorcycle",0,"No","Urban","Cloudy","High ",1,"N",5
14,"Snack ",26,18,4.8,"electric_scooter",2,"No","Urban","Fog","Low",0,"N",15
25,"Snack ",29,23,4.9,"motorcycle",1,"No","Metropolitan","Sunny","Low ",1,"N",15
16,"Buffet ",31,8,4.7,"electric_scooter",2,"No","Metropolitan","Sandstorms","Low ",1,"N",15
37,"Drinks ",33,9,4.1,"motorcycle",1,"No","Semi-Urban","Sunny","Jam ",1,"N",5
23,"Meal ",39,12,4.7,"scooter",1,"No","Metropolitan","Fog","High ",1,"N",10
36,"Snack ",38,8,4.2,"motorcycle",0,"No","Metropolitan","Windy","Jam ",1,"N",5
33,"Meal ",30,19,4.1,"electric_scooter",2,"No","Urban","Sandstorms","Jam ",1,"N",10
15,"Snack ",22,19,4.9,"motorcycle",2,"No","Semi-Urban","Fog","Low ",1,"N",15
27,"Buffet ",21,5,4.7,"electric_scooter",1,"No","Urban","Windy","High ",1,"Y",10
26,"Snack ",30,3,4.8,"scooter",1,"No","Metropolitan","Sandstorms","High ",0,"N",15
24,"Buffet ",24,14,4.9,"motorcycle",0,"No","Metropolitan","Sunny","Medium",1,"N",5
24,"Drinks ",29,23,4.7,"motorcycle",2,"No","Urban","Windy","Jam",1,"N",15
12,"Snack ",31,23,4.7,"electric_scooter",2,"No","Metropolitan","Sandstorms","Jam ",1,"N",15
20,"Buffet ",35,9,4.7,"motorcycle",2,"No","Metropolitan","Sunny","Medium",0,"Y",15
31,"Snack ",39,5,4.3,"electric_scooter",2,"No","Metropolitan","Stormy","Jam ",1,"N",5
26,"Drinks ",39,23,4.6,"scooter",0,"No","Metropolitan","Sunny","Low ",1,"N",5
31,"Buffet ",33,7,4.9,"motorcycle",0,"No","Metropolitan","Fog","High ",1,"N",15
24,"Drinks ",22,2,4.8,"motorcycle",0,"No","Metropolitan","Cloudy","Low ",1,"N",5
34,"Drinks ",27,13,4.1,"motorcycle",0,"No","Metropolitan","Windy","Jam ",2,"N",15
20,"Snack ",26,23,4.6,"motorcycle",0,"No","Metropolitan","Fog","Low ",1,"N",20
19,"Buffet ",38,2,4.5,"electric_scooter",2,"No","Semi-Urban","Sandstorms","Low",0,"N",15
46,"Snack ",21,12,4.9,"motorcycle",0,"Yes","Metropolitan","Fog","Jam ",2,"N",15
43,"Snack ",27,9,4.2,"motorcycle",0,"No","Metropolitan","Windy","Jam ",1,"Y",5
28,"Buffet ",33,6,4.8,"motorcycle",0,"No","Metropolitan","Sandstorms","Jam ",0,"Y",15
28,"Buffet ",31,21,4.6,"motorcycle",0,"No","Semi-Urban","Sunny","Jam",1,"N",5
43,"Buffet ",24,4,4.4,"motorcycle",1,"Yes","Urban","Cloudy","Medium",1,"N",15
15,"Drinks ",24,17,5,"scooter",2,"No","Metropolitan","Fog","Medium",0,"Y",15
16,"Snack ",27,6,4.9,"scooter",2,"No","Metropolitan","Windy","Low ",0,"N",5
27,"Drinks ",22,12,4.8,"motorcycle",0,"No","Semi-Urban","Stormy","Jam ",0,"Y",10
28,"Buffet ",37,15,4.8,"motorcycle",1,"No","Metropolitan","Sunny","High ",1,"N",10
21,"Buffet ",39,8,4.6,"electric_scooter",2,"No","Metropolitan","Windy","High ",0,"N",5
26,"Snack ",37,9,5,"motorcycle",0,"No","Urban","Stormy","Medium",1,"N",10
24,"Drinks ",21,17,4.9,"motorcycle",2,"No","Urban","Sandstorms","Low ",1,"N",5
38,"Drinks ",24,13,3.6,"electric_scooter",2,"No","Urban","Fog","Low ",1,"Y",15
37,"Meal ",23,11,4.2,"electric_scooter",2,"No","Metropolitan","Sandstorms","Medium",2,"N",15
33,"Meal ",34,1,4.8,"motorcycle",2,"No","Semi-Urban","Fog","Medium",1,"N",10
28,"Buffet ",27,7,4.8,"motorcycle",0,"No","Metropolitan","Cloudy","Medium",1,"N",15
22,"Drinks ",28,3,4.7,"scooter",1,"No","Metropolitan","Stormy","High ",0,"N",5
24,"Snack ",38,2,4.6,"motorcycle",2,"No","Semi-Urban","Stormy","Low",1,"N",10
36,"Snack ",33,5,4.6,"motorcycle",2,"No","Metropolitan","Fog","Medium",0,"N",5
29,"Drinks ",20,13,5,"scooter",1,"No","Metropolitan","Cloudy","Jam ",1,"Y",5
23,"Snack ",21,9,4.6,"motorcycle",1,"No","Metropolitan","Windy","Low ",1,"N",10
13,"Drinks ",36,23,4.6,"scooter",1,"No","Urban","Stormy","Low ",1,"N",15
28,"Meal ",32,16,4.7,"scooter",2,"No","Urban","Sandstorms","Jam ",1,"N",5
25,"Meal ",37,18,4.9,"scooter",2,"No","Metropolitan","Fog","Medium",0,"N",10
34,"Buffet ",20,23,5,"scooter",1,"No","Metropolitan","Stormy","High ",1,"N",15
16,"Buffet ",39,5,5,"motorcycle",1,"No","Urban","Stormy","Low ",0,"Y",15
42,"Buffet ",35,16,4,"motorcycle",2,"No","Metropolitan","Sandstorms","Medium",0,"Y",10
39,"Snack ",20,7,4.1,"electric_scooter",2,"No","Metropolitan","Fog","Jam ",2,"N",15
24,"Meal ",38,4,4.1,"motorcycle",0,"No","Urban","Windy","Low ",1,"N",10
26,"Snack ",31,16,4.8,"scooter",1,"No","Metropolitan","Sandstorms","Medium",0,"N",5
30,"Buffet ",24,15,4.9,"motorcycle",0,"No","Urban","Stormy","Medium",1,"N",10
28,"Drinks ",31,4,4.8,"motorcycle",2,"No","Metropolitan","Windy","Jam ",1,"Y",10
26,"Meal ",31,3,4.5,"scooter",1,"No","Metropolitan","Cloudy","Low",1,"N",10
19,"Buffet ",33,7,4.5,"scooter",1,"No","Metropolitan","Stormy","Medium",0,"Y",10
44,"Drinks ",28,4,4.7,"electric_scooter",0,"No","Metropolitan","Stormy","Jam ",0,"N",10
34,"Snack ",39,13,4.1,"motorcycle",1,"No","Metropolitan","Stormy","High ",0,"N",15
31,"Buffet ",24,13,4.1,"motorcycle",0,"No","Metropolitan","Fog","High ",1,"N",15
35,"Buffet ",31,7,5,"scooter",1,"No","Metropolitan","Sandstorms","Jam ",1,"N",10
16,"Drinks ",35,12,4.9,"scooter",2,"No","Metropolitan","Cloudy","Medium",1,"N",10
41,"Meal ",26,5,4.7,"motorcycle",0,"No","Metropolitan","Windy","Jam ",0,"N",10
28,"Meal ",28,18,4.6,"scooter",1,"No","Metropolitan","Windy","Medium",1,"N",5
26,"Drinks ",32,17,4.6,"motorcycle",2,"No","Urban","Sandstorms","Medium",1,"N",15
16,"Meal ",32,23,4.5,"motorcycle",1,"No","Urban","Sunny","Jam ",0,"N",15
33,"Buffet ",28,18,4.1,"scooter",1,"No","Semi-Urban","Stormy","High",1,"N",10
25,"Meal ",31,8,4.8,"motorcycle",0,"No","Metropolitan","Stormy","Jam ",0,"N",10
20,"Snack ",25,23,4.8,"scooter",0,"No","Metropolitan","Sunny","Low ",1,"Y",15
18,"Drinks ",34,13,4.5,"scooter",2,"No","Urban","Fog","Low ",0,"N",5
21,"Snack ",20,5,4.9,"motorcycle",0,"No","Metropolitan","Sunny","Low ",0,"N",20
25,"Drinks ",29,3,4.7,"scooter",2,"No","Urban","Stormy","Jam ",0,"N",10
27,"Meal ",34,16,4.7,"scooter",2,"No","Metropolitan","Sunny","Medium",1,"N",5
33,"Drinks ",37,18,4.9,"electric_scooter",0,"No","Metropolitan","Fog","Jam ",0,"N",15
26,"Buffet ",28,22,4.7,"motorcycle",1,"No","Semi-Urban","Stormy","Jam ",1,"N",10
39,"Snack ",36,5,4.3,"motorcycle",2,"No","Metropolitan","Cloudy","Jam ",1,"N",10
35,"Drinks ",24,6,4.8,"motorcycle",2,"No","Metropolitan","Cloudy","Jam ",1,"N",15
35,"Meal ",33,1,4.1,"motorcycle",0,"No","Urban","Stormy","Medium",1,"N",5
10,"Drinks ",36,22,4.5,"scooter",2,"No","Urban","Sandstorms","High ",0,"N",15
18,"Meal ",35,19,4.8,"motorcycle",2,"No","Metropolitan","Sunny","Jam ",0,"N",10
15,"Buffet ",25,13,5,"scooter",1,"No","Urban","Cloudy","Medium",1,"Y",5
29,"Meal ",35,15,4.8,"motorcycle",2,"No","Urban","Sandstorms","Jam",1,"N",5
39,"Drinks ",31,23,4.9,"electric_scooter",2,"No","Metropolitan","Cloudy","Medium",2,"Y",10
35,"Snack ",22,1,3.8,"electric_scooter",2,"No","Urban","Stormy","Medium",1,"N",10
19,"Meal ",23,23,4.8,"motorcycle",1,"No","Metropolitan","Stormy","Low ",1,"N",10
46,"Meal ",28,11,4,"scooter",0,"No","Metropolitan","Sandstorms","Jam ",2,"N",15
26,"Meal ",24,9,5,"scooter",1,"No","Metropolitan","Fog","Jam ",0,"N",10
14,"Snack ",21,13,4.8,"scooter",2,"No","Metropolitan","Windy","Jam ",1,"Y",15
16,"Meal ",35,15,4.6,"scooter",2,"No","Metropolitan","Sunny","Jam ",0,"N",10
29,"Buffet ",20,9,4.5,"motorcycle",0,"No","Metropolitan","Sunny","Low ",1,"N",15
17,"Snack ",32,2,4.8,"scooter",2,"No","Metropolitan","Sandstorms","Low ",0,"N",10
34,"Drinks ",30,11,4.1,"scooter",2,"No","Metropolitan","Stormy","High ",0,"Y",10
21,"Drinks ",31,19,4.7,"motorcycle",0,"No","Semi-Urban","Sunny","Low ",1,"N",15
47,"Meal ",25,8,4.2,"motorcycle",2,"No","Semi-Urban","Stormy","Jam ",1,"N",15
30,"Drinks ",22,23,5,"motorcycle",0,"No","Urban","Windy","Medium",0,"N",10
24,"Meal ",33,15,4.7,"scooter",0,"No","Semi-Urban","Fog","High",1,"N",5
17,"Buffet ",33,18,4.9,"motorcycle",1,"No","Metropolitan","Stormy","Jam ",1,"N",10
37,"Meal ",24,23,4.9,"scooter",0,"No","Metropolitan","Cloudy","Medium",1,"N",5
39,"Drinks ",39,9,4.9,"motorcycle",0,"No","Metropolitan","Fog","Medium",1,"N",10
37,"Snack ",34,2,4.4,"motorcycle",0,"No","Metropolitan","Fog","Medium",1,"N",10
21,"Drinks ",25,22,5,"motorcycle",1,"No","Metropolitan","Windy","Jam ",1,"N",15
24,"Drinks ",27,19,4.5,"electric_scooter",0,"No","Metropolitan","Sandstorms","Low ",1,"N",10
21,"Drinks ",24,15,4.8,"electric_scooter",0,"No","Metropolitan","Fog","Jam ",1,"N",10
17,"Meal ",23,18,4.6,"scooter",2,"No","Semi-Urban","Sunny","Medium",1,"Y",15
17,"Buffet ",26,21,4.7,"electric_scooter",2,"No","Urban","Sunny","Low",1,"N",15
34,"Drinks ",24,8,4.5,"electric_scooter",2,"No","Metropolitan","Fog","Low ",1,"Y",5
31,"Buffet ",34,1,4.4,"scooter",2,"No","Urban","Windy","Medium",1,"Y",5
44,"Buffet ",24,9,4.1,"electric_scooter",0,"No","Semi-Urban","Sandstorms","High ",1,"N",15
39,"Snack ",39,8,4,"motorcycle",0,"No","Semi-Urban","Sandstorms","High ",1,"Y",5
19,"Drinks ",32,17,4.8,"motorcycle",1,"No","Metropolitan","Sunny","Jam ",1,"N",5
17,"Drinks ",26,23,4.9,"electric_scooter",0,"No","Urban","Sandstorms","High",1,"Y",15
20,"Drinks ",35,12,4.5,"scooter",0,"No","Metropolitan","Sandstorms","Low ",1,"Y",10
33,"Snack ",27,15,4.3,"motorcycle",0,"No","Urban","Sandstorms","Low ",0,"Y",5
16,"Meal ",34,16,4.7,"scooter",2,"No","Semi-Urban","Sunny","Jam",1,"N",5
15,"Snack ",32,15,4.9,"motorcycle",1,"No","Metropolitan","Cloudy","Medium",0,"N",5
49,"Meal ",22,2,4.6,"electric_scooter",0,"No","Urban","Fog","Medium",0,"N",15
25,"Snack ",39,2,4.5,"scooter",1,"No","Urban","Fog","Medium",1,"Y",10
26,"Drinks ",25,21,4.5,"motorcycle",0,"No","Metropolitan","Stormy","Jam ",1,"N",15
20,"Buffet ",32,18,4.7,"motorcycle",0,"No","Metropolitan","Sunny","Low ",1,"N",5
15,"Meal ",26,17,4.6,"electric_scooter",2,"No","Urban","Stormy","Low",0,"N",15
40,"Snack ",34,9,3.6,"electric_scooter",1,"No","Metropolitan","Stormy","Jam ",1,"N",15
14,"Buffet ",28,9,4.6,"electric_scooter",1,"No","Semi-Urban","Sunny","Jam ",1,"Y",15
18,"Drinks ",24,3,4.5,"scooter",1,"No","Metropolitan","Sandstorms","Low ",1,"N",15
28,"Meal ",39,9,4.8,"motorcycle",0,"No","Metropolitan","Cloudy","Jam ",0,"N",15
20,"Meal ",39,3,4.7,"motorcycle",0,"No","Semi-Urban","Sunny","Jam ",0,"N",15
22,"Buffet ",37,22,4.6,"scooter",0,"No","Semi-Urban","Sunny","Medium",1,"N",5
37,"Meal ",21,2,4.2,"motorcycle",0,"No","Semi-Urban","Stormy","Low ",1,"N",5
26,"Drinks ",22,9,5,"motorcycle",1,"No","Semi-Urban","Windy","Jam ",0,"Y",10
23,"Drinks ",28,22,4.9,"scooter",2,"No","Metropolitan","Stormy","Low ",1,"Y",5
29,"Meal ",26,16,4.7,"motorcycle",0,"No","Urban","Windy","Low ",1,"N",15
10,"Snack ",21,9,4.9,"motorcycle",2,"No","Metropolitan","Stormy","Jam ",0,"N",10
24,"Meal ",22,19,4.7,"electric_scooter",0,"No","Metropolitan","Fog","Low ",1,"N",10
25,"Meal ",32,13,4.8,"motorcycle",1,"No","Metropolitan","Sandstorms","Medium",1,"Y",15
29,"Buffet ",38,18,4.8,"scooter",1,"No","Urban","Stormy","Low",1,"N",15
27,"Meal ",29,22,5,"scooter",2,"No","Metropolitan","Fog","Low ",1,"N",15
19,"Drinks ",22,5,5,"scooter",2,"No","Urban","Fog","Low ",0,"N",30
22,"Snack ",38,19,4.7,"motorcycle",0,"No","Urban","Fog","Low",1,"N",10
30,"Drinks ",29,17,4.8,"motorcycle",1,"No","Urban","Stormy","Jam",1,"Y",15
20,"Buffet ",38,12,4.9,"motorcycle",0,"No","Metropolitan","Stormy","Low ",1,"N",5
18,"Drinks ",35,16,4.7,"motorcycle",2,"No","Metropolitan","Sunny","Medium",1,"N",5
20,"Snack ",32,12,4.9,"motorcycle",0,"No","Semi-Urban","Windy","Low ",1,"N",15
41,"Drinks ",37,6,4.5,"motorcycle",0,"No","Urban","Fog","Jam ",1,"N",5
26,"Buffet ",29,3,4.7,"motorcycle",0,"No","Metropolitan","Stormy","Low ",1,"N",20
17,"Buffet ",35,6,4.7,"motorcycle",1,"No","Semi-Urban","Sunny","High",1,"N",15
41,"Snack ",21,11,3.4,"electric_scooter",1,"No","Metropolitan","Sunny","Low ",1,"N",15
18,"Drinks ",30,16,4.6,"motorcycle",2,"No","Urban","Stormy","Low",0,"N",5
32,"Buffet ",34,7,4.6,"scooter",0,"No","Urban","Fog","Jam ",1,"N",15
23,"Drinks ",36,13,4.6,"electric_scooter",0,"No","Semi-Urban","Sunny","Jam ",0,"Y",10
46,"Buffet ",28,6,4.1,"motorcycle",0,"Yes","Metropolitan","Stormy","Jam ",2,"N",5
17,"Drinks ",26,16,4.9,"motorcycle",2,"No","Semi-Urban","Sunny","Jam ",0,"Y",10
47,"Drinks ",28,4,4.1,"motorcycle",0,"No","Metropolitan","Stormy","Medium",0,"Y",10
11,"Snack ",25,23,4.8,"motorcycle",2,"No","Metropolitan","Sunny","Jam ",0,"N",10
35,"Drinks ",26,6,4.2,"motorcycle",2,"No","Metropolitan","Fog","Jam ",1,"N",10
22,"Buffet ",23,8,4,"motorcycle",0,"No","Metropolitan","Stormy","Low ",1,"Y",10
41,"Buffet ",39,6,3.5,"motorcycle",2,"No","Urban","Stormy","Jam",1,"N",10
39,"Buffet ",24,3,4.6,"scooter",2,"No","Metropolitan","Cloudy","Jam",1,"N",5
28,"Snack ",33,12,4.9,"motorcycle",1,"No","Metropolitan","Stormy","Jam ",1,"N",5
30,"Meal ",30,1,4.7,"motorcycle",0,"No","Metropolitan","Windy","Medium",1,"Y",15
29,"Buffet ",24,19,4.6,"motorcycle",2,"No","Metropolitan","Cloudy","Low ",1,"N",15
18,"Snack ",33,18,4.8,"scooter",1,"No","Metropolitan","Stormy","Low ",0,"N",5
27,"Buffet ",20,13,4.9,"motorcycle",1,"No","Metropolitan","Stormy","Low ",1,"Y",30
34,"Drinks ",35,11,4,"scooter",2,"No","Metropolitan","Windy","Jam ",1,"Y",5
31,"Drinks ",39,3,5,"electric_scooter",0,"No","Semi-Urban","Fog","Medium",1,"N",15
22,"Meal ",23,8,4.9,"electric_scooter",2,"No","Urban","Stormy","Medium",1,"N",10
43,"Snack ",22,22,4.4,"motorcycle",0,"No","Urban","Sunny","Jam ",1,"N",10
16,"Snack ",34,14,4.6,"motorcycle",2,"No","Urban","Windy","Low ",1,"N",15
12,"Buffet ",29,21,4.7,"electric_scooter",1,"No","Urban","Sandstorms","High",0,"N",5
38,"Snack ",20,7,4,"scooter",1,"No","Urban","Fog","Jam ",1,"Y",5
40,"Meal ",31,2,4.8,"electric_scooter",0,"No","Metropolitan","Cloudy","Jam ",1,"N",5
20,"Snack ",21,19,4.6,"scooter",1,"No","Metropolitan","Sunny","Jam ",0,"N",15
20,"Buffet ",30,21,4.9,"scooter",1,"No","Urban","Sunny","Low ",1,"N",10
35,"Drinks ",28,9,4.8,"motorcycle",0,"No","Urban","Fog","Medium",1,"N",15
26,"Buffet ",34,18,4.9,"motorcycle",2,"No","Urban","Sandstorms","Low",1,"N",20
43,"Meal ",33,15,4.6,"motorcycle",0,"Yes","Urban","Fog","Medium",3,"N",5
53,"Buffet ",39,15,5,"motorcycle",0,"Yes","Metropolitan","Windy","Jam ",2,"N",10
44,"Snack ",34,5,4.4,"scooter",0,"No","Urban","Sandstorms","Jam",1,"N",5
19,"Drinks ",34,12,4.8,"electric_scooter",2,"No","Metropolitan","Cloudy","Low ",0,"Y",10
28,"Drinks ",23,14,5,"scooter",1,"No","Metropolitan","Windy","Medium",1,"N",10
40,"Buffet ",37,18,4.4,"motorcycle",1,"No","Metropolitan","Stormy","Jam ",1,"N",5
32,"Buffet ",25,18,4.1,"motorcycle",1,"No","Metropolitan","Stormy","Jam ",1,"N",10
49,"Meal ",34,9,4.9,"motorcycle",0,"No","Metropolitan","Windy","Jam ",2,"N",10
36,"Meal ",36,2,4,"motorcycle",2,"No","Metropolitan","Cloudy","High ",2,"N",5
23,"Buffet ",26,9,4.6,"electric_scooter",2,"No","Metropolitan","Sunny","Jam ",0,"Y",10
28,"Drinks ",25,16,5,"electric_scooter",2,"No","Metropolitan","Fog","High ",1,"Y",10
38,"Snack ",26,3,4.2,"motorcycle",1,"No","Metropolitan","Stormy","Medium",1,"N",10
10,"Drinks ",30,6,4.6,"motorcycle",1,"No","Metropolitan","Stormy","Low ",0,"N",15
32,"Meal ",27,9,4.6,"electric_scooter",2,"No","Metropolitan","Windy","Jam ",2,"N",10
29,"Meal ",30,2,4.7,"motorcycle",1,"No","Metropolitan","Sandstorms","Low ",1,"N",5
16,"Snack ",25,5,4.5,"electric_scooter",2,"No","Metropolitan","Sunny","Jam ",1,"N",15
15,"Drinks ",36,16,4.8,"scooter",1,"No","Metropolitan","Fog","Low ",1,"N",5
12,"Meal ",30,7,4.6,"electric_scooter",1,"No","Metropolitan","Sunny","Medium",1,"N",5
44,"Snack ",23,16,4.6,"motorcycle",0,"Yes","Metropolitan","Sandstorms","Jam ",1,"N",15
11,"Drinks ",27,13,4.9,"motorcycle",1,"No","Urban","Sunny","High ",0,"N",10
38,"Drinks ",39,15,4.6,"motorcycle",0,"No","Metropolitan","Stormy","Medium",0,"Y",15
18,"Meal ",21,13,4.8,"scooter",1,"No","Metropolitan","Stormy","Jam ",1,"N",15
17,"Snack ",20,17,4.6,"motorcycle",1,"No","Semi-Urban","Sunny","Jam ",1,"N",10
11,"Drinks ",20,12,4.7,"electric_scooter",2,"No","Metropolitan","Sunny","Jam ",0,"N",15
23,"Buffet ",39,9,4.6,"scooter",1,"No","Metropolitan","Windy","Jam ",1,"N",15
39,"Buffet ",20,9,4.6,"motorcycle",0,"No","Semi-Urban","Stormy","Jam ",1,"N",10
46,"Meal ",22,9,4.3,"motorcycle",0,"Yes","Metropolitan","Stormy","Jam ",1,"N",15
27,"Snack ",38,6,4.5,"electric_scooter",2,"No","Urban","Windy","Low",0,"N",10
11,"Snack ",34,23,4.8,"electric_scooter",2,"No","Urban","Stormy","Low",0,"N",5
27,"Buffet ",39,22,4.8,"motorcycle",0,"No","Semi-Urban","Cloudy","High ",1,"N",5
15,"Meal ",34,23,4.6,"electric_scooter",2,"No","Metropolitan","Cloudy","Low ",0,"N",5
18,"Meal ",27,13,4.8,"motorcycle",0,"No","Metropolitan","Stormy","High ",0,"N",15
18,"Drinks ",23,15,4.9,"scooter",2,"No","Urban","Sunny","Medium",1,"N",5
22,"Buffet ",25,21,5,"motorcycle",0,"No","Metropolitan","Cloudy","Low ",1,"N",5
16,"Buffet ",31,2,4.6,"scooter",1,"No","Urban","Windy","Jam",1,"N",15
18,"Drinks ",37,21,5,"electric_scooter",0,"No","Urban","Sunny","Low ",0,"N",5
28,"Meal ",21,15,4.8,"motorcycle",1,"No","Urban","Cloudy","Low ",0,"Y",5
19,"Snack ",37,13,4.9,"scooter",1,"No","Metropolitan","Sunny","Jam ",1,"N",10
39,"Buffet ",36,12,4.6,"scooter",0,"No","Metropolitan","Sunny","Medium",1,"N",5
20,"Drinks ",32,16,4.9,"motorcycle",1,"No","Metropolitan","Windy","Jam ",1,"N",5
15,"Meal ",29,22,4.8,"motorcycle",0,"No","Semi-Urban","Sandstorms","Medium",0,"N",10
29,"Drinks ",23,9,4.7,"scooter",1,"No","Metropolitan","Windy","Medium",0,"Y",5
30,"Snack ",37,3,4.6,"electric_scooter",1,"No","Metropolitan","Cloudy","Jam ",1,"N",5
23,"Buffet ",24,4,4.5,"electric_scooter",1,"No","Metropolitan","Stormy","Low ",1,"N",5
26,"Drinks ",25,21,4.6,"scooter",2,"No","Metropolitan","Fog","Medium",1,"N",15
25,"Meal ",25,3,4.7,"motorcycle",0,"No","Urban","Windy","Medium",1,"N",15
16,"Meal ",37,9,4.7,"scooter",1,"No","Urban","Fog","Low ",0,"N",15
15,"Snack ",31,3,4.8,"scooter",2,"No","Metropolitan","Stormy","Medium",1,"N",5
12,"Drinks ",21,18,5,"electric_scooter",2,"No","Metropolitan","Windy","Low ",0,"Y",15
25,"Snack ",27,19,5,"scooter",2,"No","Metropolitan","Sandstorms","Jam ",1,"N",15
20,"Meal ",38,17,4.8,"motorcycle",2,"No","Semi-Urban","Windy","Low",1,"Y",5
32,"Drinks ",26,8,4,"motorcycle",0,"No","Metropolitan","Stormy","Low ",1,"Y",10
23,"Meal ",27,18,4.6,"electric_scooter",2,"No","Urban","Stormy","Low",1,"N",15
23,"Snack ",24,4,4.5,"scooter",1,"No","Urban","Windy","Jam",1,"N",5
22,"Drinks ",36,21,4.7,"electric_scooter",0,"No","Metropolitan","Fog","Low ",0,"N",10
39,"Meal ",39,8,4.5,"scooter",1,"No","Semi-Urban","Cloudy","Low ",0,"N",10
36,"Snack ",20,2,5,"motorcycle",0,"No","Metropolitan","Sandstorms","Jam ",2,"N",5
17,"Drinks ",29,16,4.6,"motorcycle",2,"No","Urban","Sunny","Jam",1,"N",10
19,"Meal ",27,14,4.9,"electric_scooter",1,"No","Semi-Urban","Cloudy","Low ",0,"Y",10
24,"Meal ",36,16,4.9,"scooter",2,"No","Urban","Sunny","Jam ",1,"Y",10
30,"Snack ",21,3,4.7,"scooter",0,"No","Metropolitan","Fog","Medium",0,"N",5
15,"Drinks ",22,21,5,"electric_scooter",1,"No","Urban","Sunny","Low",0,"Y",10
29,"Meal ",38,7,4.5,"scooter",1,"No","Semi-Urban","Sandstorms","Jam ",0,"N",15
17,"Snack ",21,23,4.7,"scooter",1,"No","Semi-Urban","Fog","Medium",0,"Y",15
19,"Meal ",27,14,4.9,"electric_scooter",1,"No","Semi-Urban","Cloudy","Low ",0,"Y",10
33,"Meal ",37,7,4.6,"motorcycle",0,"No","Urban","Sandstorms","Jam ",0,"N",5
47,"Buffet ",32,10,3.7,"motorcycle",0,"No","Urban","Sunny","High ",1,"N",5
28,"Meal ",36,12,4.6,"motorcycle",0,"No","Metropolitan","Fog","Jam ",0,"N",15
33,"Buffet ",31,23,4.7,"motorcycle",1,"No","Metropolitan","Sandstorms","Jam ",0,"N",5
27,"Snack ",37,16,5,"motorcycle",2,"No","Semi-Urban","Fog","Jam ",1,"N",5
31,"Drinks ",28,16,3.9,"electric_scooter",1,"No","Urban","Sunny","Jam ",1,"N",15
22,"Snack ",27,4,4.8,"scooter",1,"No","Urban","Sandstorms","Jam",1,"N",15
32,"Snack ",20,23,4.8,"motorcycle",0,"No","Metropolitan","Sunny","High ",1,"Y",10
19,"Snack ",23,19,4.8,"motorcycle",2,"No","Urban","Stormy","Low",1,"Y",10
17,"Snack ",32,23,4.6,"motorcycle",2,"No","Metropolitan","Sunny","Medium",1,"N",10
43,"Meal ",31,11,4.2,"electric_scooter",0,"No","Metropolitan","Sandstorms","Medium",1,"N",15
47,"Meal ",26,3,4.6,"electric_scooter",0,"Yes","Metropolitan","Fog","Medium",3,"N",15
43,"Meal ",33,14,4.7,"motorcycle",1,"No","Metropolitan","Stormy","Jam ",0,"N",10
16,"Drinks ",27,23,4.9,"electric_scooter",1,"No","Metropolitan","Sunny","High ",1,"Y",5
13,"Buffet ",30,22,4.7,"electric_scooter",1,"No","Semi-Urban","Sunny","High ",1,"N",10
26,"Snack ",20,17,5,"motorcycle",2,"No","Metropolitan","Sandstorms","High ",1,"N",10
17,"Snack ",20,23,4.8,"electric_scooter",1,"No","Semi-Urban","Cloudy","Medium",1,"N",15
33,"Meal ",31,16,4.8,"scooter",1,"No","Semi-Urban","Windy","Jam ",1,"Y",5
28,"Buffet ",24,17,4.8,"motorcycle",2,"No","Metropolitan","Windy","Medium",1,"N",10
21,"Snack ",39,1,4.7,"scooter",1,"No","Semi-Urban","Sandstorms","Jam",0,"N",15
14,"Meal ",30,17,5,"electric_scooter",2,"No","Metropolitan","Stormy","Jam",0,"N",15
12,"Meal ",31,22,4.8,"scooter",1,"No","Metropolitan","Stormy","Low ",1,"N",15
13,"Drinks ",30,19,5,"motorcycle",2,"No","Semi-Urban","Cloudy","Medium",1,"Y",10
18,"Buffet ",28,23,4.6,"motorcycle",1,"No","Urban","Stormy","Low",1,"N",10
26,"Snack ",23,22,4.9,"motorcycle",1,"No","Urban","Windy","Low ",1,"Y",15
16,"Buffet ",31,15,4.6,"scooter",2,"No","Metropolitan","Fog","Low ",0,"N",15
36,"Drinks ",32,3,4.8,"electric_scooter",1,"No","Semi-Urban","Fog","Jam ",1,"Y",15
14,"Snack ",24,19,4.9,"scooter",1,"No","Metropolitan","Sandstorms","Low",1,"N",20
20,"Drinks ",35,15,4.7,"motorcycle",2,"No","Urban","Fog","Low",0,"N",5
32,"Meal ",20,1,4.2,"motorcycle",1,"No","Semi-Urban","Cloudy","Jam ",1,"N",10
21,"Buffet ",22,12,4.6,"motorcycle",0,"No","Metropolitan","Sunny","Low ",1,"Y",5
38,"Drinks ",23,8,4.2,"motorcycle",1,"No","Metropolitan","Sunny","Jam ",1,"Y",5
26,"Buffet ",20,9,4.9,"motorcycle",1,"No","Metropolitan","Fog","High ",1,"N",15
46,"Drinks ",28,5,4.2,"motorcycle",0,"No","Metropolitan","Stormy","Jam ",2,"N",5
48,"Buffet ",38,18,4.8,"motorcycle",0,"No","Urban","Windy","Jam",0,"N",5
11,"Drinks ",29,16,4.9,"scooter",2,"No","Urban","Sunny","Jam",1,"Y",5
43,"Buffet ",35,8,5,"motorcycle",0,"No","Semi-Urban","Fog","Jam ",0,"N",5
24,"Drinks ",38,7,4.2,"motorcycle",0,"No","Metropolitan","Windy","Low ",1,"N",10
40,"Snack ",39,7,4.7,"motorcycle",0,"No","Urban","Stormy","Medium",0,"N",15
37,"Meal ",32,14,4.9,"motorcycle",0,"No","Urban","Stormy","Low ",2,"N",10
15,"Drinks ",39,21,4.9,"electric_scooter",2,"No","Semi-Urban","Windy","Low",0,"Y",15
41,"Buffet ",27,9,5,"motorcycle",0,"Yes","Metropolitan","Sandstorms","High ",2,"Y",15
19,"Meal ",26,15,4.8,"motorcycle",0,"No","Urban","Fog","Low ",1,"N",10
31,"Drinks ",20,15,4.7,"motorcycle",2,"No","Metropolitan","Windy","Medium",1,"N",10
40,"Snack ",34,3,3.8,"scooter",2,"Yes","Semi-Urban","Sandstorms","Jam ",1,"N",10
13,"Drinks ",32,15,4.8,"electric_scooter",1,"No","Urban","Windy","Low",0,"N",5
11,"Snack ",26,19,4.9,"motorcycle",1,"No","Metropolitan","Cloudy","Low ",0,"N",5
40,"Snack ",38,16,4.4,"motorcycle",1,"No","Metropolitan","Cloudy","Jam ",1,"N",10
29,"Snack ",30,3,4.6,"electric_scooter",2,"No","Metropolitan","Fog","Medium",1,"N",15
42,"Snack ",26,14,4.9,"motorcycle",0,"No","Semi-Urban","Fog","Jam ",0,"Y",15
23,"Buffet ",26,14,4.9,"motorcycle",1,"No","Urban","Stormy","Low ",1,"Y",10
19,"Drinks ",21,17,4.6,"scooter",1,"No","Urban","Sandstorms","Medium",0,"Y",15
23,"Snack ",37,14,4.6,"electric_scooter",2,"No","Semi-Urban","Windy","Jam ",1,"N",15
24,"Buffet ",38,6,4.2,"motorcycle",0,"No","Urban","Sandstorms","Low",1,"N",10
20,"Snack ",38,19,4.9,"motorcycle",2,"No","Metropolitan","Sunny","Jam ",1,"N",10
30,"Buffet ",33,21,5,"motorcycle",1,"No","Urban","Stormy","Medium",1,"N",5
18,"Drinks ",30,23,4.9,"motorcycle",2,"No","Metropolitan","Sandstorms","Jam ",0,"Y",15
48,"Meal ",33,11,4.9,"electric_scooter",0,"No","Semi-Urban","Cloudy","Jam ",1,"Y",15
22,"Buffet ",31,22,4.4,"motorcycle",0,"No","Metropolitan","Windy","Low ",1,"Y",10
24,"Drinks ",20,4,4.9,"motorcycle",1,"No","Urban","Sunny","Low ",0,"N",5
17,"Buffet ",38,6,4.9,"scooter",1,"No","Semi-Urban","Windy","Low ",0,"Y",15
26,"Drinks ",22,19,4.7,"scooter",2,"No","Semi-Urban","Fog","High ",1,"N",10
30,"Meal ",25,7,4.7,"motorcycle",0,"No","Metropolitan","Sandstorms","Medium",1,"N",15
28,"Meal ",28,18,4.9,"electric_scooter",2,"No","Urban","Windy","Low",1,"N",5
47,"Drinks ",32,17,4.7,"electric_scooter",2,"Yes","Metropolitan","Cloudy","Jam ",1,"Y",15
15,"Drinks ",36,6,4.8,"scooter",2,"No","Semi-Urban","Stormy","Jam ",1,"N",5
28,"Snack ",30,22,5,"motorcycle",0,"No","Metropolitan","Sandstorms","Jam ",0,"N",10
18,"Meal ",37,22,4.8,"motorcycle",1,"No","Urban","Sandstorms","Jam",0,"Y",15
39,"Drinks ",39,2,5,"motorcycle",0,"No","Metropolitan","Sandstorms","Medium",1,"N",5
25,"Snack ",33,16,4.8,"scooter",1,"No","Metropolitan","Sunny","Jam ",1,"Y",5
28,"Buffet ",31,14,4.8,"electric_scooter",2,"No","Metropolitan","Cloudy","Medium",1,"Y",15
51,"Buffet ",29,3,4.1,"motorcycle",0,"No","Metropolitan","Stormy","Jam ",3,"Y",5
14,"Buffet ",25,13,4.6,"electric_scooter",2,"No","Metropolitan","Sunny","Low ",1,"N",15
15,"Drinks ",26,23,4.6,"scooter",2,"No","Metropolitan","Cloudy","Low ",0,"N",15
24,"Drinks ",30,23,5,"electric_scooter",2,"No","Metropolitan","Windy","Medium",1,"N",10
15,"Meal ",31,9,4.8,"scooter",2,"No","Metropolitan","Stormy","Low ",1,"N",15
22,"Meal ",27,16,5,"electric_scooter",0,"No","Metropolitan","Fog","Low ",0,"Y",15
13,"Buffet ",23,17,4.9,"scooter",1,"No","Metropolitan","Stormy","High ",1,"Y",15
25,"Drinks ",31,19,4.8,"scooter",1,"No","Metropolitan","Sandstorms","Medium",0,"N",5
24,"Meal ",28,23,5,"scooter",0,"No","Urban","Cloudy","Low ",1,"Y",5
11,"Buffet ",23,18,4.8,"electric_scooter",2,"No","Semi-Urban","Windy","Low ",0,"N",15
20,"Meal ",35,18,4.8,"electric_scooter",2,"No","Metropolitan","Sunny","Low ",1,"Y",5
29,"Buffet ",28,9,4.2,"motorcycle",0,"No","Semi-Urban","Windy","Low ",0,"N",15
48,"Drinks ",30,6,4.2,"scooter",1,"No","Metropolitan","Cloudy","Jam ",0,"Y",5
26,"Snack ",29,21,4.6,"motorcycle",1,"No","Metropolitan","Stormy","Medium",1,"N",10
16,"Meal ",25,18,4.7,"motorcycle",1,"No","Urban","Sunny","Jam ",1,"N",5
18,"Meal ",25,9,4.9,"electric_scooter",1,"No","Urban","Sandstorms","Medium",1,"Y",5
32,"Snack ",27,5,4.5,"scooter",1,"No","Urban","Stormy","Jam",0,"Y",10
26,"Drinks ",29,21,4.5,"motorcycle",1,"No","Urban","Stormy","Jam ",1,"N",15
37,"Meal ",29,9,4.8,"motorcycle",0,"No","Semi-Urban","Windy","Medium",1,"N",15
43,"Meal ",39,4,4.9,"scooter",0,"No","Metropolitan","Cloudy","Medium",0,"N",10
24,"Snack ",29,12,4.9,"scooter",1,"No","Metropolitan","Sunny","High ",0,"N",15
31,"Snack ",25,5,4.6,"motorcycle",0,"No","Metropolitan","Fog","High ",1,"N",5
19,"Snack ",30,22,5,"motorcycle",1,"No","Metropolitan","Sunny","Low ",1,"N",10
48,"Drinks ",26,5,4.1,"motorcycle",0,"No","Urban","Sandstorms","Medium",2,"N",15
19,"Snack ",32,2,4.7,"motorcycle",1,"No","Metropolitan","Sunny","Jam ",0,"N",15
35,"Meal ",33,6,3.7,"scooter",2,"No","Semi-Urban","Fog","Low ",1,"N",10
28,"Snack ",22,14,4.7,"motorcycle",2,"No","Metropolitan","Sunny","Low ",1,"N",5
16,"Buffet ",39,19,4.5,"scooter",2,"No","Semi-Urban","Stormy","Low ",0,"N",10
49,"Drinks ",34,22,4.9,"electric_scooter",0,"No","Urban","Stormy","Jam",3,"N",5
27,"Meal ",28,17,4.6,"motorcycle",1,"No","Semi-Urban","Sandstorms","Jam ",1,"N",10
31,"Drinks ",24,1,4,"scooter",0,"No","Metropolitan","Sandstorms","Jam ",0,"N",10
21,"Snack ",23,18,4.6,"motorcycle",1,"No","Semi-Urban","Windy","Low ",1,"N",5
29,"Meal ",38,9,4.5,"scooter",2,"No","Metropolitan","Fog","Medium",0,"N",5
29,"Meal ",38,3,4.8,"scooter",2,"No","Semi-Urban","Stormy","Low ",0,"N",15
33,"Buffet ",39,18,5,"scooter",1,"No","Metropolitan","Fog","High ",1,"N",15
15,"Buffet ",26,15,4.9,"motorcycle",0,"No","Metropolitan","Windy","Low ",0,"Y",5
36,"Drinks ",37,4,4.3,"motorcycle",0,"No","Urban","Sandstorms","Medium",2,"N",15
28,"Snack ",36,23,4.6,"motorcycle",1,"No","Metropolitan","Stormy","Jam ",0,"Y",5
20,"Buffet ",28,18,4.7,"scooter",2,"No","Semi-Urban","Windy","Jam",1,"N",5
22,"Buffet ",28,3,5,"motorcycle",0,"No","Urban","Sunny","Jam ",0,"N",10
21,"Buffet ",23,16,4.8,"electric_scooter",1,"No","Metropolitan","Sandstorms","Jam ",1,"N",15
23,"Drinks ",21,23,4.8,"electric_scooter",2,"No","Metropolitan","Sandstorms","Jam ",0,"N",15
33,"Buffet ",26,11,4,"scooter",0,"No","Urban","Windy","Jam ",2,"Y",5
24,"Buffet ",33,22,4.7,"motorcycle",0,"No","Metropolitan","Windy","Low ",1,"N",5
23,"Buffet ",27,18,4.9,"motorcycle",1,"No","Metropolitan","Stormy","Medium",0,"N",15
32,"Buffet ",27,3,4.2,"motorcycle",0,"No","Metropolitan","Sandstorms","Medium",1,"N",15
28,"Drinks ",38,2,4.7,"electric_scooter",1,"No","Semi-Urban","Sandstorms","Medium",1,"N",15
18,"Buffet ",29,13,4.8,"scooter",1,"No","Metropolitan","Stormy","Low ",0,"Y",20
31,"Drinks ",30,3,4.4,"motorcycle",0,"No","Metropolitan","Fog","High ",1,"N",10
21,"Snack ",21,3,4.9,"scooter",2,"No","Metropolitan","Sandstorms","Jam ",1,"N",5
46,"Snack ",36,17,4.9,"scooter",0,"No","Urban","Fog","Jam",3,"N",10
16,"Buffet ",37,18,4.7,"scooter",2,"No","Metropolitan","Fog","Medium",1,"Y",10
42,"Buffet ",32,7,4.8,"motorcycle",0,"No","Semi-Urban","Windy","Jam ",2,"N",15
36,"Buffet ",27,3,3.5,"scooter",1,"No","Urban","Stormy","Low",0,"N",5
32,"Meal ",25,5,4,"scooter",1,"No","Urban","Stormy","High",1,"N",10
19,"Snack ",25,16,4.8,"scooter",1,"No","Metropolitan","Sandstorms","Low ",0,"Y",10
23,"Buffet ",30,3,4.8,"scooter",2,"No","Urban","Stormy","Low ",0,"N",5
22,"Drinks ",33,7,4.8,"motorcycle",0,"No","Metropolitan","Fog","Medium",0,"N",10
26,"Buffet ",23,9,4.8,"scooter",2,"No","Semi-Urban","Sunny","Medium",1,"N",10
24,"Drinks ",30,15,5,"electric_scooter",0,"No","Urban","Windy","High",0,"N",10
25,"Buffet ",30,21,4.7,"scooter",2,"No","Metropolitan","Stormy","Jam ",1,"N",5
27,"Meal ",26,9,4.6,"scooter",0,"No","Metropolitan","Cloudy","Medium",1,"N",15
17,"Snack ",30,12,4.7,"motorcycle",1,"No","Urban","Sandstorms","Jam ",1,"N",10
22,"Drinks ",29,22,4.8,"motorcycle",0,"No","Metropolitan","Fog","Medium",0,"N",15
34,"Drinks ",38,15,4.4,"motorcycle",1,"No","Metropolitan","Windy","Medium",1,"Y",15
17,"Meal ",23,19,4.5,"motorcycle",0,"No","Metropolitan","Sunny","Low ",0,"N",10
20,"Snack ",39,15,5,"motorcycle",1,"No","Metropolitan","Sandstorms","Low ",1,"N",15
28,"Drinks ",29,22,4.8,"motorcycle",0,"No","Urban","Stormy","Medium",1,"N",5
34,"Meal ",27,4,4,"motorcycle",0,"No","Metropolitan","Sandstorms","Jam ",1,"N",15
32,"Buffet ",20,5,4,"motorcycle",1,"No","Metropolitan","Fog","Medium",1,"N",15
25,"Buffet ",29,16,4.7,"motorcycle",0,"No","Metropolitan","Cloudy","Medium",1,"N",15
40,"Buffet ",20,4,4.6,"motorcycle",0,"No","Metropolitan","Sandstorms","Low ",1,"N",10
13,"Snack ",28,16,4.8,"motorcycle",1,"No","Metropolitan","Sunny","Low",0,"N",10
13,"Buffet ",31,21,4.9,"scooter",2,"No","Metropolitan","Stormy","Low ",0,"N",15
33,"Drinks ",37,18,4.9,"electric_scooter",0,"No","Metropolitan","Fog","Jam ",0,"N",15
44,"Buffet ",21,11,4.5,"electric_scooter",0,"No","Metropolitan","Cloudy","Jam ",1,"N",15
25,"Meal ",36,17,4.6,"scooter",2,"No","Metropolitan","Stormy","Low ",0,"N",10
33,"Buffet ",36,1,4.2,"electric_scooter",0,"No","Urban","Stormy","Jam ",1,"Y",5
30,"Drinks ",37,3,4.5,"motorcycle",0,"No","Urban","Fog","Medium",1,"N",5
28,"Drinks ",37,23,4.8,"motorcycle",0,"No","Urban","Fog","Jam",1,"N",15
29,"Drinks ",21,14,4.9,"motorcycle",1,"No","Metropolitan","Stormy","High ",1,"N",15
38,"Meal ",30,6,4.4,"electric_scooter",0,"No","Metropolitan","Windy","Jam ",1,"N",5
18,"Buffet ",25,15,4.7,"motorcycle",1,"No","Metropolitan","Stormy","Jam ",1,"Y",5
48,"Snack ",37,15,5,"motorcycle",0,"No","Urban","Stormy","Jam ",2,"N",10
21,"Snack ",31,12,4.7,"motorcycle",1,"No","Metropolitan","Sunny","Jam ",0,"N",10
11,"Drinks ",21,23,5,"scooter",0,"No","Urban","Windy","Medium",1,"N",5
25,"Drinks ",21,19,4.6,"scooter",2,"No","Metropolitan","Fog","High ",1,"Y",5
18,"Drinks ",29,15,4.9,"electric_scooter",1,"No","Urban","Sandstorms","Low",1,"Y",10
15,"Snack ",39,14,4.4,"motorcycle",0,"No","Metropolitan","Sandstorms","Low ",0,"Y",10
29,"Buffet ",29,13,4.8,"motorcycle",0,"No","Metropolitan","Stormy","Jam ",0,"Y",10
22,"Buffet ",34,17,4.8,"motorcycle",1,"No","Metropolitan","Sunny","Low ",1,"N",20
36,"Buffet ",33,7,4.1,"motorcycle",0,"No","Urban","Stormy","Medium",1,"N",15
36,"Snack ",38,1,3.6,"scooter",1,"No","Semi-Urban","Fog","Low",1,"N",20
26,"Snack ",32,16,4.2,"electric_scooter",0,"No","Metropolitan","Stormy","Low ",1,"N",5
27,"Drinks ",32,7,4.6,"electric_scooter",2,"No","Metropolitan","Windy","Low ",1,"N",15
26,"Snack ",29,23,4.7,"motorcycle",0,"No","Metropolitan","Stormy","Jam ",1,"N",5
28,"Drinks ",22,11,4.9,"motorcycle",1,"No","Metropolitan","Stormy","Low ",1,"Y",15
23,"Drinks ",38,3,4.6,"motorcycle",1,"No","Urban","Sunny","High",0,"N",15
39,"Drinks ",26,4,2.9,"scooter",1,"No","Urban","Sunny","Low",2,"N",5
18,"Buffet ",23,7,4.6,"scooter",1,"No","Metropolitan","Sunny","Medium",1,"N",15
27,"Buffet ",39,19,4.7,"scooter",1,"No","Metropolitan","Sandstorms","Medium",1,"N",5
25,"Snack ",37,21,4.7,"electric_scooter",2,"No","Semi-Urban","Windy","Medium",1,"N",10
19,"Drinks ",28,23,4.8,"motorcycle",1,"No","Urban","Stormy","Medium",1,"N",5
33,"Meal ",28,15,4,"scooter",2,"No","Semi-Urban","Fog","High ",1,"Y",10
20,"Snack ",29,23,4.5,"scooter",2,"No","Metropolitan","Stormy","Jam ",1,"N",5
25,"Buffet ",20,7,4.9,"scooter",2,"No","Semi-Urban","Sunny","Jam ",0,"N",5
27,"Buffet ",34,14,4.6,"motorcycle",1,"No","Metropolitan","Windy","Jam ",1,"Y",10
18,"Meal ",24,21,5,"motorcycle",2,"No","Urban","Sunny","Low",0,"N",15
45,"Meal ",35,13,4.1,"electric_scooter",0,"No","Metropolitan","Sandstorms","Jam ",1,"N",10
23,"Buffet ",30,19,4.8,"scooter",1,"No","Urban","Stormy","High",1,"N",15
37,"Buffet ",37,13,4.9,"electric_scooter",2,"No","Semi-Urban","Cloudy","Jam ",2,"Y",5
39,"Drinks ",38,4,4.2,"electric_scooter",1,"No","Metropolitan","Cloudy","Jam ",1,"N",10
11,"Buffet ",33,23,4.5,"scooter",2,"No","Semi-Urban","Fog","Medium",0,"N",5
54,"Drinks ",35,3,4.2,"motorcycle",0,"Yes","Metropolitan","Stormy","Jam ",1,"Y",5
27,"Drinks ",33,16,4.9,"motorcycle",0,"No","Urban","Cloudy","Medium",0,"N",10
17,"Meal ",30,17,4.8,"scooter",2,"No","Urban","Stormy","Low",1,"N",15
16,"Meal ",26,18,4.7,"scooter",2,"No","Semi-Urban","Windy","Jam",0,"N",5
24,"Meal ",30,9,4.5,"electric_scooter",1,"No","Metropolitan","Sunny","Jam ",1,"N",10
27,"Meal ",28,21,4.6,"motorcycle",1,"No","Urban","Windy","Low",0,"N",10
22,"Snack ",26,15,4.8,"motorcycle",2,"No","Metropolitan","Stormy","Jam ",1,"Y",15
51,"Buffet ",25,4,4.8,"motorcycle",0,"No","Semi-Urban","Fog","Jam ",1,"N",10
41,"Meal ",26,7,3.6,"motorcycle",1,"No","Metropolitan","Sandstorms","Jam ",2,"N",5
25,"Buffet ",24,22,4.9,"electric_scooter",1,"No","Metropolitan","Sunny","Medium",1,"Y",5
12,"Snack ",33,15,4.8,"scooter",2,"No","Urban","Sandstorms","Low",0,"N",15
34,"Drinks ",20,17,3.6,"motorcycle",2,"No","Metropolitan","Fog","Low ",1,"N",10
15,"Drinks ",33,18,4.8,"motorcycle",2,"No","Metropolitan","Cloudy","Low",0,"N",10
21,"Snack ",31,18,4.8,"motorcycle",0,"No","Metropolitan","Sunny","Jam ",1,"N",5
22,"Meal ",38,23,4.9,"motorcycle",0,"No","Urban","Windy","Low",0,"N",15
23,"Snack ",32,4,4.8,"motorcycle",0,"No","Metropolitan","Sunny","Jam ",1,"N",10
48,"Buffet ",34,14,4,"motorcycle",2,"No","Metropolitan","Cloudy","Jam ",1,"N",15
18,"Meal ",23,13,4.8,"scooter",2,"No","Metropolitan","Fog","Low ",1,"Y",10
17,"Buffet ",37,18,4.8,"electric_scooter",2,"No","Urban","Stormy","Low",1,"Y",10
30,"Drinks ",35,19,4.7,"electric_scooter",1,"No","Urban","Cloudy","Jam ",0,"N",5
21,"Meal ",39,16,4.8,"motorcycle",0,"No","Metropolitan","Sunny","Low",0,"N",15
24,"Meal ",33,16,4.7,"electric_scooter",2,"No","Metropolitan","Sandstorms","Medium",0,"N",5
25,"Drinks ",30,16,4.5,"electric_scooter",1,"No","Urban","Stormy","Jam ",0,"Y",10
27,"Snack ",33,15,4.6,"motorcycle",0,"No","Semi-Urban","Sunny","Low ",1,"N",5
41,"Drinks ",38,12,4.9,"motorcycle",0,"No","Urban","Stormy","Medium",1,"N",5
18,"Drinks ",28,19,5,"motorcycle",1,"No","Urban","Stormy","Low",0,"N",10
29,"Buffet ",27,15,4.6,"motorcycle",0,"No","Urban","Fog","Jam",1,"Y",15
21,"Meal ",37,16,4.7,"motorcycle",1,"No","Metropolitan","Sunny","Low ",1,"N",15
22,"Snack ",38,19,4.7,"electric_scooter",2,"No","Urban","Sunny","Low",1,"Y",15
41,"Snack ",26,14,4.4,"electric_scooter",0,"Yes","Urban","Sandstorms","Medium",2,"Y",10
19,"Snack ",33,7,5,"scooter",2,"No","Urban","Stormy","Low ",1,"N",20
35,"Buffet ",21,19,4.7,"motorcycle",1,"No","Urban","Fog","Jam",0,"N",5
16,"Buffet ",39,14,4.9,"motorcycle",1,"No","Metropolitan","Fog","Medium",0,"Y",10
39,"Drinks ",20,8,4,"scooter",0,"No","Metropolitan","Windy","Medium",1,"Y",5
42,"Snack ",24,5,4.3,"scooter",2,"No","Urban","Fog","Medium",1,"N",15
15,"Buffet ",35,17,4.8,"motorcycle",2,"No","Urban","Cloudy","Low",0,"N",5
25,"Drinks ",32,23,4.9,"motorcycle",1,"No","Metropolitan","Stormy","Jam ",0,"N",5
26,"Meal ",37,23,4.6,"electric_scooter",1,"No","Metropolitan","Windy","Low ",1,"N",5
42,"Buffet ",36,19,4,"motorcycle",0,"No","Metropolitan","Sandstorms","High ",1,"N",5
31,"Buffet ",33,11,4,"scooter",2,"No","Urban","Windy","High ",1,"Y",10
27,"Buffet ",20,13,4.9,"motorcycle",1,"No","Metropolitan","Stormy","Low ",1,"Y",30
17,"Meal ",22,3,4.9,"motorcycle",1,"No","Metropolitan","Cloudy","Medium",0,"N",10
34,"Buffet ",28,5,4.2,"motorcycle",0,"No","Semi-Urban","Sandstorms","Low ",0,"N",15
26,"Snack ",31,21,4.9,"motorcycle",0,"No","Metropolitan","Sunny","Medium",1,"N",10
32,"Snack ",20,3,4.1,"electric_scooter",2,"No","Metropolitan","Windy","Medium",1,"N",15
42,"Buffet ",29,17,4.8,"motorcycle",2,"Yes","Metropolitan","Cloudy","Jam ",1,"Y",10
39,"Snack ",24,13,4.1,"motorcycle",0,"No","Urban","Windy","Jam ",1,"Y",10
23,"Buffet ",33,5,4.1,"scooter",0,"No","Metropolitan","Sunny","Low ",1,"N",5
21,"Meal ",34,7,4.7,"scooter",2,"No","Metropolitan","Stormy","Medium",1,"Y",15
39,"Snack ",26,18,5,"motorcycle",0,"No","Metropolitan","Stormy","Jam ",0,"N",5
13,"Snack ",22,22,4.8,"motorcycle",1,"No","Metropolitan","Windy","Jam",0,"N",10
28,"Drinks ",27,14,4.7,"scooter",2,"No","Metropolitan","Stormy","Low ",1,"N",5
25,"Drinks ",22,21,4.7,"scooter",1,"No","Metropolitan","Stormy","Medium",1,"N",5
21,"Meal ",25,11,4,"motorcycle",0,"No","Metropolitan","Stormy","Low ",0,"N",10
30,"Buffet ",23,22,4.7,"scooter",2,"No","Metropolitan","Fog","Low ",0,"N",10
27,"Drinks ",32,19,4.9,"electric_scooter",2,"No","Metropolitan","Sandstorms","Low ",0,"Y",15
19,"Meal ",37,18,4.8,"motorcycle",1,"No","Semi-Urban","Windy","Medium",1,"N",10
19,"Buffet ",29,22,4.8,"electric_scooter",1,"No","Metropolitan","Fog","Low ",0,"N",10
17,"Meal ",20,18,4.8,"electric_scooter",2,"No","Metropolitan","Fog","Low ",1,"N",10
34,"Buffet ",28,15,5,"scooter",1,"No","Urban","Cloudy","Jam",1,"N",15
28,"Buffet ",39,9,4.3,"motorcycle",0,"No","Urban","Sandstorms","Low ",0,"N",5
33,"Meal ",20,18,4.8,"motorcycle",2,"No","Metropolitan","Stormy","Medium",1,"N",15
16,"Snack ",34,21,4.8,"electric_scooter",1,"No","Urban","Windy","Low",1,"N",5
43,"Buffet ",26,19,4.7,"motorcycle",0,"Yes","Urban","Cloudy","Jam ",2,"Y",5
28,"Buffet ",31,23,4.7,"motorcycle",2,"No","Metropolitan","Sandstorms","Jam ",1,"Y",15
33,"Meal ",23,23,4.7,"scooter",0,"No","Metropolitan","Windy","Medium",0,"Y",15
16,"Drinks ",36,17,5,"motorcycle",2,"No","Urban","Windy","Low",1,"N",5
37,"Meal ",27,5,4.2,"motorcycle",1,"No","Urban","Fog","Low ",1,"N",10
49,"Meal ",25,17,4.6,"motorcycle",0,"No","Metropolitan","Windy","Medium",0,"N",10
26,"Buffet ",35,19,4.9,"scooter",1,"No","Metropolitan","Stormy","Low ",1,"N",5
14,"Meal ",21,17,4.7,"electric_scooter",2,"No","Semi-Urban","Fog","Low",1,"N",15
32,"Snack ",37,3,4,"electric_scooter",0,"No","Metropolitan","Stormy","Jam ",0,"Y",15
32,"Snack ",32,14,4.3,"scooter",2,"No","Metropolitan","Fog","High ",1,"Y",15
36,"Meal ",33,14,4.4,"scooter",2,"No","Semi-Urban","Windy","Jam ",1,"N",15
28,"Drinks ",39,5,4.8,"motorcycle",1,"No","Metropolitan","Sandstorms","Jam ",1,"N",15
31,"Drinks ",25,3,4.3,"scooter",2,"No","Urban","Stormy","Jam",0,"N",5
22,"Buffet ",27,22,4.7,"motorcycle",1,"No","Urban","Stormy","Medium",1,"Y",15
20,"Snack ",34,16,4.9,"motorcycle",0,"No","Urban","Cloudy","Low",0,"Y",15
21,"Drinks ",23,15,4.9,"motorcycle",0,"No","Metropolitan","Windy","Medium",0,"Y",5
34,"Drinks ",32,4,4.6,"motorcycle",0,"No","Urban","Fog","Medium",1,"N",10
28,"Drinks ",23,23,4.9,"electric_scooter",0,"No","Metropolitan","Fog","Low ",0,"N",5
16,"Buffet ",21,17,4.6,"motorcycle",2,"No","Urban","Sandstorms","High",0,"Y",10
39,"Drinks ",38,13,4.1,"motorcycle",1,"No","Semi-Urban","Fog","Medium",0,"N",15
31,"Snack ",32,2,4.1,"motorcycle",2,"No","Urban","Sunny","Jam ",1,"N",10
38,"Drinks ",25,4,4.7,"electric_scooter",0,"No","Metropolitan","Windy","Medium",1,"Y",10
18,"Drinks ",35,19,4.7,"scooter",1,"No","Urban","Cloudy","Low",0,"N",5
46,"Snack ",34,18,4.8,"electric_scooter",0,"No","Semi-Urban","Cloudy","Jam",0,"N",10
32,"Snack ",38,6,4,"scooter",1,"No","Metropolitan","Fog","Jam ",0,"N",10
26,"Meal ",31,14,4.8,"motorcycle",0,"No","Metropolitan","Stormy","Jam ",0,"N",5
33,"Buffet ",25,19,4.6,"electric_scooter",2,"No","Urban","Stormy","High",1,"Y",15
23,"Meal ",38,21,4.7,"electric_scooter",2,"No","Urban","Sandstorms","Medium",1,"Y",5
19,"Snack ",22,23,4.5,"motorcycle",0,"No","Semi-Urban","Windy","High ",1,"Y",10
47,"Snack ",23,23,5,"motorcycle",0,"No","Metropolitan","Sandstorms","Jam ",1,"N",5
14,"Meal ",20,14,4.8,"electric_scooter",1,"No","Semi-Urban","Sunny","High ",1,"N",15
20,"Snack ",24,22,4.5,"motorcycle",2,"No","Urban","Sandstorms","Jam ",0,"N",5
36,"Meal ",37,4,4,"motorcycle",0,"No","Metropolitan","Windy","Jam",1,"Y",15
30,"Snack ",39,11,4,"scooter",0,"No","Metropolitan","Stormy","Low ",1,"N",15
19,"Drinks ",39,17,4.7,"scooter",1,"No","Urban","Sunny","Jam",1,"N",10
22,"Drinks ",34,12,5,"scooter",1,"No","Urban","Sandstorms","Medium",1,"Y",15
21,"Snack ",39,23,4.6,"motorcycle",1,"No","Metropolitan","Stormy","Low ",1,"N",10
27,"Meal ",22,14,4.9,"motorcycle",0,"No","Metropolitan","Windy","Medium",1,"Y",5
30,"Snack ",30,2,4.8,"motorcycle",2,"No","Metropolitan","Cloudy","Jam ",1,"N",5
23,"Buffet ",28,12,4.7,"motorcycle",2,"No","Metropolitan","Stormy","Low ",1,"N",10
45,"Buffet ",22,21,5,"motorcycle",1,"No","Metropolitan","Cloudy","Jam ",0,"N",5
33,"Snack ",25,4,4.4,"motorcycle",0,"No","Metropolitan","Sunny","Medium",1,"N",5
25,"Buffet ",26,3,4.2,"motorcycle",0,"No","Metropolitan","Stormy","Low ",1,"N",10
12,"Drinks ",24,19,5,"scooter",2,"No","Urban","Sunny","High",0,"N",15
11,"Meal ",38,15,4.8,"scooter",1,"No","Urban","Stormy","Low",0,"N",5
20,"Meal ",27,23,4.8,"scooter",1,"No","Semi-Urban","Sunny","Medium",0,"N",15
18,"Buffet ",35,14,4.7,"scooter",2,"No","Semi-Urban","Sunny","Jam ",0,"Y",5
19,"Meal ",38,22,4.6,"motorcycle",2,"No","Metropolitan","Sunny","Medium",1,"N",5
33,"Buffet ",29,13,4,"motorcycle",2,"No","Metropolitan","Stormy","Jam ",2,"N",5
32,"Drinks ",31,8,4.3,"electric_scooter",2,"No","Metropolitan","Stormy","High ",1,"N",15
27,"Meal ",27,19,5,"scooter",1,"No","Urban","Fog","Jam ",1,"Y",5
35,"Meal ",25,23,4.8,"scooter",1,"No","Metropolitan","Fog","High ",2,"N",10
52,"Buffet ",22,1,4.4,"motorcycle",0,"No","Metropolitan","Sunny","High ",3,"N",15
49,"Meal ",39,13,4.4,"motorcycle",2,"No","Metropolitan","Cloudy","Jam ",2,"Y",15
36,"Snack ",31,3,4,"scooter",0,"No","Metropolitan","Stormy","Low ",1,"N",10
27,"Meal ",37,23,4.8,"electric_scooter",1,"No","Metropolitan","Cloudy","Low ",1,"N",5
33,"Drinks ",39,7,4.7,"electric_scooter",1,"No","Metropolitan","Sandstorms","Jam ",1,"N",15
23,"Meal ",33,21,4.6,"motorcycle",0,"No","Metropolitan","Sunny","Low ",1,"N",20
30,"Meal ",29,7,4.6,"motorcycle",1,"No","Metropolitan","Sandstorms","Medium",1,"N",15
28,"Buffet ",23,15,4.7,"motorcycle",1,"No","Urban","Fog","High",1,"Y",5
28,"Meal ",33,5,4.9,"scooter",1,"No","Metropolitan","Windy","Jam ",0,"Y",10
16,"Drinks ",33,22,4.8,"motorcycle",2,"No","Metropolitan","Cloudy","Low ",0,"Y",5
29,"Drinks ",28,13,4.9,"motorcycle",0,"No","Semi-Urban","Sunny","Medium",1,"Y",5
35,"Drinks ",34,11,4,"motorcycle",0,"No","Urban","Sunny","Low ",1,"N",5
30,"Meal ",20,5,4.7,"motorcycle",2,"No","Metropolitan","Sandstorms","Jam ",1,"N",10
18,"Snack ",22,23,4.7,"motorcycle",1,"No","Metropolitan","Windy","Low ",1,"Y",15
23,"Drinks ",26,9,4.6,"electric_scooter",1,"No","Metropolitan","Stormy","Jam ",0,"Y",15
30,"Meal ",28,18,4.6,"electric_scooter",2,"No","Semi-Urban","Cloudy","Low ",1,"Y",15
18,"Meal ",39,21,4.8,"motorcycle",1,"No","Metropolitan","Sunny","Low ",1,"N",5
25,"Meal ",37,18,4.2,"motorcycle",0,"No","Urban","Sandstorms","Low ",1,"N",15
26,"Snack ",36,14,4.9,"motorcycle",0,"No","Urban","Sunny","Jam ",0,"Y",10
19,"Snack ",25,19,4.7,"electric_scooter",1,"No","Metropolitan","Stormy","Low ",1,"Y",15
45,"Meal ",33,4,4.3,"motorcycle",2,"No","Metropolitan","Cloudy","Jam ",2,"N",10
33,"Meal ",32,5,4.2,"electric_scooter",1,"No","Urban","Fog","Medium",1,"Y",10
26,"Snack ",33,13,4.9,"motorcycle",0,"No","Metropolitan","Windy","Medium",1,"Y",15
20,"Snack ",30,9,4.6,"motorcycle",2,"No","Metropolitan","Cloudy","High ",0,"N",5
15,"Drinks ",26,16,4.7,"scooter",1,"No","Urban","Cloudy","Low",0,"N",15
33,"Drinks ",21,23,4.9,"motorcycle",0,"No","Urban","Stormy","Medium",0,"N",5
26,"Snack ",31,22,4.6,"motorcycle",1,"No","Semi-Urban","Sandstorms","Jam ",0,"Y",15
28,"Meal ",34,21,4.6,"motorcycle",0,"No","Metropolitan","Windy","Low ",1,"N",5
33,"Buffet ",21,6,4,"scooter",0,"No","Metropolitan","Windy","Low ",1,"N",15
26,"Buffet ",29,9,4.8,"scooter",1,"No","Metropolitan","Stormy","Medium",0,"N",10
24,"Buffet ",21,17,4.9,"scooter",0,"No","Metropolitan","Fog","Low ",1,"N",15
36,"Meal ",24,17,4.6,"motorcycle",0,"No","Urban","Fog","Medium",1,"Y",15
31,"Meal ",29,16,4.9,"scooter",2,"No","Metropolitan","Fog","Jam ",0,"N",15
22,"Buffet ",26,2,4.8,"scooter",2,"No","Metropolitan","Windy","Low ",1,"N",20
37,"Buffet ",20,4,4,"electric_scooter",0,"No","Semi-Urban","Fog","Low",1,"N",15
36,"Drinks ",32,16,4.9,"motorcycle",0,"No","Metropolitan","Stormy","Medium",1,"N",5
27,"Drinks ",35,18,4.5,"scooter",2,"No","Metropolitan","Sandstorms","Jam ",1,"N",15
30,"Buffet ",32,23,4.5,"scooter",2,"No","Urban","Cloudy","High ",1,"Y",5
15,"Drinks ",22,16,4.7,"electric_scooter",1,"No","Urban","Stormy","Medium",1,"N",10
16,"Meal ",29,3,4.4,"motorcycle",0,"No","Urban","Stormy","Low",1,"N",10
38,"Snack ",33,8,4.8,"electric_scooter",1,"No","Metropolitan","Cloudy","Jam ",0,"Y",10
40,"Drinks ",24,2,4.2,"scooter",1,"No","Metropolitan","Fog","Jam ",1,"N",15
30,"Meal ",37,2,4.6,"motorcycle",1,"No","Semi-Urban","Stormy","Medium",1,"Y",5
35,"Buffet ",27,1,4.2,"scooter",1,"No","Urban","Stormy","Jam",0,"N",15
25,"Snack ",22,19,4.9,"motorcycle",2,"No","Urban","Sandstorms","Low",1,"N",10
21,"Buffet ",32,9,5,"motorcycle",1,"No","Urban","Stormy","Medium",1,"N",15
20,"Buffet ",28,22,4.8,"electric_scooter",1,"No","Urban","Windy","Low",0,"N",15
30,"Drinks ",34,13,4.2,"electric_scooter",0,"No","Semi-Urban","Stormy","Low ",0,"Y",10
24,"Meal ",30,15,4.6,"motorcycle",0,"No","Metropolitan","Stormy","Jam ",0,"N",5
20,"Snack ",20,23,4.6,"scooter",2,"No","Metropolitan","Sunny","Jam ",0,"Y",10
10,"Buffet ",29,16,4.7,"scooter",2,"No","Urban","Sunny","Jam",1,"Y",10
21,"Snack ",33,23,4.8,"motorcycle",2,"No","Metropolitan","Windy","Medium",0,"N",15
40,"Meal ",31,3,4.8,"scooter",0,"No","Semi-Urban","Cloudy","Low ",1,"N",10
23,"Snack ",27,22,4.6,"electric_scooter",2,"No","Metropolitan","Windy","Low ",0,"Y",5
13,"Drinks ",38,14,4.9,"motorcycle",1,"No","Metropolitan","Stormy","High ",0,"Y",5
16,"Buffet ",36,15,4.6,"motorcycle",0,"No","Urban","Windy","Medium",0,"Y",5
21,"Buffet ",37,17,4.6,"electric_scooter",2,"No","Urban","Sunny","Jam",1,"N",15
16,"Drinks ",25,22,4.6,"motorcycle",2,"No","Metropolitan","Fog","Low ",1,"N",15
17,"Meal ",24,13,5,"motorcycle",1,"No","Metropolitan","Sandstorms","Jam ",1,"Y",15
37,"Snack ",20,18,4.8,"motorcycle",1,"No","Metropolitan","Fog","Jam ",2,"Y",10
21,"Buffet ",34,9,4.5,"scooter",2,"No","Metropolitan","Windy","Low ",0,"N",5
27,"Drinks ",36,7,4.8,"motorcycle",1,"No","Metropolitan","Sunny","Medium",1,"N",10
29,"Buffet ",21,3,4.6,"scooter",2,"No","Metropolitan","Sunny","Jam ",0,"N",10
20,"Buffet ",21,6,4.6,"scooter",2,"No","Semi-Urban","Windy","Medium",1,"N",15
29,"Meal ",21,5,4.6,"scooter",2,"No","Metropolitan","Stormy","Medium",1,"N",5
28,"Drinks ",39,19,4.7,"motorcycle",0,"No","Metropolitan","Fog","Medium",0,"N",15
40,"Meal ",31,3,4.7,"motorcycle",1,"No","Urban","Stormy","Jam ",1,"N",10
16,"Snack ",33,18,4.6,"scooter",0,"No","Semi-Urban","Stormy","Low ",0,"N",20
34,"Meal ",22,5,4,"scooter",2,"No","Urban","Windy","High",1,"N",5
30,"Drinks ",27,21,4.8,"motorcycle",0,"No","Metropolitan","Fog","Jam ",0,"N",10
29,"Meal ",21,1,4.9,"scooter",1,"No","Metropolitan","Sandstorms","Jam ",1,"Y",10
16,"Buffet ",33,18,4.8,"motorcycle",1,"No","Semi-Urban","Sandstorms","Low ",0,"Y",15
29,"Meal ",22,3,4.7,"motorcycle",1,"No","Metropolitan","Sandstorms","Jam ",1,"Y",5
36,"Snack ",30,16,4.9,"motorcycle",0,"No","Urban","Cloudy","Medium",1,"N",5
11,"Buffet ",21,9,4.9,"scooter",1,"No","Metropolitan","Sandstorms","Low ",0,"N",5
31,"Meal ",32,10,4.1,"scooter",2,"No","Metropolitan","Sandstorms","High ",1,"N",10
23,"Meal ",30,17,4.5,"electric_scooter",2,"No","Urban","Windy","Medium",1,"Y",5
26,"Drinks ",23,21,4.9,"motorcycle",1,"No","Urban","Sunny","Low",0,"N",30
27,"Snack ",23,13,4.5,"scooter",2,"No","Urban","Stormy","Medium",1,"Y",5
28,"Buffet ",23,18,5,"electric_scooter",1,"No","Metropolitan","Fog","Jam ",1,"Y",5
33,"Drinks ",29,5,4.5,"scooter",1,"No","Metropolitan","Sandstorms","Low ",1,"N",5
33,"Snack ",33,2,3.5,"motorcycle",1,"No","Metropolitan","Sunny","Low ",1,"N",5
26,"Snack ",38,3,4.9,"scooter",2,"No","Metropolitan","Sandstorms","Low ",1,"Y",10
15,"Buffet ",20,23,4.7,"scooter",1,"No","Urban","Fog","Low ",0,"Y",10
28,"Meal ",36,17,4.5,"scooter",0,"No","Metropolitan","Cloudy","Jam ",1,"N",10
22,"Drinks ",35,8,5,"motorcycle",0,"No","Metropolitan","Cloudy","Low ",0,"N",10
22,"Buffet ",33,21,4.9,"scooter",0,"No","Semi-Urban","Sandstorms","Medium",0,"Y",15
33,"Meal ",31,1,3.9,"motorcycle",1,"No","Metropolitan","Sunny","Jam ",1,"Y",10
44,"Buffet ",34,19,4.4,"motorcycle",0,"Yes","Metropolitan","Cloudy","Low ",1,"N",15
37,"Snack ",25,2,5,"scooter",0,"No","Metropolitan","Cloudy","Medium",1,"N",15
44,"Drinks ",21,4,4.1,"scooter",2,"No","Urban","Stormy","Jam",1,"Y",10
29,"Snack ",35,18,4.6,"motorcycle",2,"No","Metropolitan","Cloudy","Low ",0,"N",10
49,"Meal ",39,4,4.2,"electric_scooter",2,"No","Metropolitan","Fog","Jam ",2,"N",15
39,"Drinks ",32,9,4.2,"scooter",1,"No","Metropolitan","Cloudy","Medium",1,"N",15
34,"Drinks ",32,3,4.1,"motorcycle",1,"No","Semi-Urban","Sandstorms","High",0,"N",15
20,"Buffet ",32,23,4.4,"motorcycle",0,"No","Semi-Urban","Stormy","Low ",1,"N",5
15,"Buffet ",23,1,4.2,"motorcycle",0,"No","Metropolitan","Sunny","Low ",1,"Y",10
30,"Meal ",27,23,4.8,"motorcycle",1,"No","Urban","Stormy","Medium",1,"N",15
15,"Snack ",33,15,4.9,"scooter",2,"No","Urban","Stormy","Low",0,"Y",15
22,"Meal ",35,3,4.8,"scooter",1,"No","Semi-Urban","Stormy","Low ",0,"N",15
22,"Buffet ",30,14,4.5,"scooter",1,"No","Urban","Sunny","Medium",1,"N",10
15,"Meal ",37,7,4.7,"scooter",1,"No","Metropolitan","Sandstorms","Jam ",1,"Y",15
27,"Snack ",31,21,4.6,"motorcycle",2,"No","Metropolitan","Sunny","Medium",1,"Y",5
18,"Meal ",35,7,5,"electric_scooter",2,"No","Metropolitan","Stormy","Medium",1,"N",10
43,"Meal ",34,19,5,"scooter",1,"No","Metropolitan","Cloudy","Medium",1,"N",15
48,"Drinks ",31,21,4.9,"motorcycle",2,"No","Metropolitan","Fog","Jam ",1,"Y",10
20,"Drinks ",35,17,4.8,"scooter",0,"No","Urban","Sunny","Jam",0,"Y",15
28,"Drinks ",24,13,4.7,"motorcycle",0,"No","Urban","Stormy","Low ",0,"N",10
39,"Meal ",33,6,4.8,"motorcycle",0,"No","Metropolitan","Sandstorms","Jam ",1,"Y",5
39,"Snack ",27,21,4.7,"motorcycle",0,"No","Semi-Urban","Cloudy","Medium",1,"N",5
17,"Meal ",21,16,4.8,"scooter",2,"No","Semi-Urban","Sunny","Low ",0,"Y",15
29,"Buffet ",22,19,4.8,"electric_scooter",0,"No","Urban","Cloudy","Jam",1,"Y",15
19,"Snack ",36,16,4.9,"motorcycle",1,"No","Semi-Urban","Sunny","Jam ",0,"Y",15
17,"Drinks ",28,19,4.6,"motorcycle",1,"No","Urban","Fog","Medium",0,"Y",10
32,"Buffet ",24,2,4.8,"motorcycle",1,"No","Semi-Urban","Windy","Medium",0,"N",10
19,"Snack ",20,15,4.5,"scooter",2,"No","Metropolitan","Windy","Low ",1,"N",15
33,"Meal ",24,6,4.4,"motorcycle",0,"No","Metropolitan","Sunny","Jam ",1,"N",10
17,"Snack ",25,19,5,"scooter",2,"No","Metropolitan","Cloudy","Low ",1,"Y",5
39,"Drinks ",28,6,4.1,"scooter",1,"No","Urban","Cloudy","High ",1,"N",10
38,"Drinks ",38,15,4.4,"motorcycle",0,"No","Metropolitan","Windy","High ",1,"N",5
26,"Snack ",25,22,4.6,"motorcycle",0,"No","Metropolitan","Fog","High",0,"N",5
31,"Snack ",35,3,4.1,"scooter",2,"No","Urban","Fog","Low",1,"Y",10
28,"Meal ",20,23,4.4,"electric_scooter",0,"No","Metropolitan","Sandstorms","Low ",0,"N",15
37,"Snack ",29,23,4.4,"motorcycle",0,"No","Metropolitan","Sandstorms","Jam ",0,"N",10
23,"Drinks ",25,3,4.5,"electric_scooter",0,"No","Semi-Urban","Sunny","High",1,"Y",5
25,"Snack ",31,4,4.7,"scooter",1,"No","Semi-Urban","Windy","Medium",1,"N",10
19,"Drinks ",34,19,4.8,"motorcycle",1,"No","Metropolitan","Sunny","Medium",0,"N",5
23,"Drinks ",31,21,4.6,"electric_scooter",1,"No","Metropolitan","Sandstorms","Jam ",1,"N",15
32,"Meal ",37,2,4.8,"scooter",1,"No","Metropolitan","Windy","High ",0,"N",10
25,"Buffet ",27,19,5,"scooter",1,"No","Metropolitan","Stormy","Low ",1,"N",5
32,"Buffet ",32,13,4.9,"electric_scooter",1,"No","Metropolitan","Cloudy","Medium",1,"N",5
19,"Snack ",26,9,4.9,"scooter",2,"No","Semi-Urban","Stormy","Low ",1,"Y",15
30,"Meal ",24,5,4.6,"motorcycle",0,"No","Urban","Stormy","Medium",1,"N",10
36,"Meal ",20,11,4.4,"motorcycle",1,"No","Metropolitan","Stormy","Jam ",0,"N",10
28,"Snack ",22,12,4.7,"scooter",1,"No","Urban","Fog","Low ",1,"N",5
47,"Buffet ",22,1,4.2,"electric_scooter",1,"No","Urban","Cloudy","Jam",1,"N",5
21,"Drinks ",30,3,4.5,"electric_scooter",2,"No","Metropolitan","Sunny","Jam ",0,"Y",5
29,"Buffet ",29,7,4.9,"scooter",1,"No","Metropolitan","Cloudy","Low ",1,"N",10
11,"Snack ",27,23,4.7,"motorcycle",1,"No","Urban","Sandstorms","Low",0,"N",10
18,"Buffet ",25,22,4.6,"motorcycle",1,"No","Metropolitan","Sunny","Medium",1,"N",5
36,"Buffet ",38,1,4.1,"motorcycle",0,"No","Urban","Stormy","Medium",0,"N",5
30,"Drinks ",22,16,4.6,"scooter",2,"No","Urban","Fog","High",1,"N",15
29,"Meal ",39,6,4.2,"scooter",0,"No","Urban","Windy","Low",0,"N",5
37,"Snack ",31,13,4.2,"scooter",0,"No","Semi-Urban","Sandstorms","Jam ",1,"N",5
23,"Buffet ",34,5,5,"motorcycle",0,"No","Urban","Cloudy","Low",0,"N",10
18,"Buffet ",23,16,4.9,"motorcycle",1,"No","Urban","Stormy","Low",0,"N",15
10,"Buffet ",32,15,4.9,"scooter",1,"No","Urban","Windy","Low",0,"N",15
42,"Drinks ",22,2,4.7,"motorcycle",0,"Yes","Metropolitan","Cloudy","Jam ",2,"Y",15
11,"Snack ",34,12,4.6,"motorcycle",0,"No","Metropolitan","Stormy","Medium",1,"Y",5
39,"Snack ",24,3,4.4,"electric_scooter",2,"Yes","Semi-Urban","Fog","High ",2,"N",5
38,"Meal ",26,13,4.2,"motorcycle",0,"No","Metropolitan","Sandstorms","Jam ",0,"Y",15
52,"Meal ",35,3,4.5,"motorcycle",0,"Yes","Metropolitan","Fog","Jam ",1,"N",5
19,"Drinks ",30,19,4.7,"motorcycle",2,"No","Metropolitan","Windy","Low ",0,"N",15
34,"Snack ",35,12,3.8,"scooter",1,"No","Semi-Urban","Sandstorms","Jam ",0,"Y",5
15,"Meal ",28,22,4.6,"electric_scooter",1,"No","Urban","Sunny","High",1,"N",15
17,"Buffet ",27,22,4.8,"scooter",1,"No","Metropolitan","Stormy","Low ",1,"N",15
35,"Buffet ",37,23,4.4,"motorcycle",1,"No","Metropolitan","Stormy","Medium",1,"N",5
29,"Drinks ",23,9,4.6,"scooter",2,"No","Metropolitan","Cloudy","Jam ",1,"N",5
27,"Meal ",37,18,5,"motorcycle",1,"No","Metropolitan","Windy","Jam",0,"N",15
29,"Drinks ",23,15,5,"motorcycle",0,"No","Metropolitan","Fog","Medium",1,"N",10
16,"Buffet ",30,15,4.7,"scooter",1,"No","Urban","Windy","Low",0,"N",5
20,"Snack ",34,6,4.5,"scooter",1,"No","Urban","Sunny","Medium",0,"N",10
25,"Buffet ",30,19,4.8,"scooter",1,"No","Metropolitan","Fog","Medium",1,"N",5
28,"Buffet ",35,3,4.5,"scooter",0,"No","Metropolitan","Sandstorms","Low ",0,"N",5
22,"Meal ",22,21,4.7,"motorcycle",2,"No","Urban","Sandstorms","Medium",1,"N",10
32,"Drinks ",24,2,4.4,"scooter",1,"No","Semi-Urban","Fog","Medium",1,"N",15
23,"Meal ",32,13,4.5,"electric_scooter",0,"No","Metropolitan","Stormy","Low ",1,"Y",10
15,"Snack ",30,22,4.7,"motorcycle",1,"No","Metropolitan","Sunny","Medium",0,"N",15
26,"Meal ",35,12,4.7,"motorcycle",0,"No","Urban","Windy","Medium",1,"N",10
32,"Snack ",25,6,4.3,"motorcycle",0,"No","Metropolitan","Windy","Low ",0,"N",15
20,"Snack ",37,16,4.8,"motorcycle",0,"No","Semi-Urban","Sunny","High",0,"N",5
22,"Meal ",22,21,4.7,"motorcycle",2,"No","Urban","Sandstorms","Medium",1,"N",10
17,"Buffet ",21,14,4.8,"scooter",2,"No","Urban","Fog","Low ",0,"Y",5
16,"Snack ",25,3,4.8,"motorcycle",1,"No","Urban","Cloudy","Low ",0,"Y",10
28,"Snack ",28,1,4.3,"scooter",0,"No","Urban","Sandstorms","Low",0,"Y",10
33,"Buffet ",26,21,5,"scooter",1,"No","Urban","Windy","High",1,"N",5
16,"Buffet ",25,16,4.7,"motorcycle",0,"No","Semi-Urban","Sandstorms","Low ",0,"N",20
35,"Drinks ",26,4,4.3,"scooter",2,"No","Metropolitan","Windy","Jam ",1,"N",15
32,"Buffet ",26,23,4.6,"motorcycle",0,"No","Metropolitan","Stormy","Medium",1,"N",15
38,"Snack ",35,22,4.6,"scooter",2,"No","Urban","Fog","Jam",1,"N",5
35,"Meal ",24,16,5,"scooter",2,"No","Urban","Fog","Jam ",1,"N",15
15,"Meal ",38,21,4.7,"motorcycle",0,"No","Metropolitan","Sunny","Medium",1,"N",5
12,"Snack ",39,22,4.8,"motorcycle",1,"No","Metropolitan","Windy","Low ",1,"N",10
22,"Drinks ",36,23,4.5,"electric_scooter",0,"No","Metropolitan","Sunny","Medium",1,"N",15
18,"Meal ",35,15,4.9,"motorcycle",2,"No","Metropolitan","Sandstorms","Low ",1,"N",20
24,"Drinks ",25,23,4.9,"scooter",2,"No","Metropolitan","Sandstorms","Low ",1,"N",5
30,"Buffet ",37,11,4.8,"electric_scooter",0,"No","Urban","Stormy","Jam ",0,"N",5
36,"Snack ",38,3,4,"motorcycle",0,"No","Metropolitan","Sandstorms","High ",0,"N",5
37,"Meal ",23,13,4,"motorcycle",0,"No","Metropolitan","Windy","Jam ",1,"N",15
40,"Meal ",30,8,4.9,"electric_scooter",1,"No","Urban","Stormy","Jam ",1,"N",5
36,"Snack ",23,3,4.7,"scooter",2,"No","Metropolitan","Fog","Jam ",1,"N",5
29,"Meal ",35,4,4.8,"electric_scooter",0,"No","Metropolitan","Fog","High ",0,"Y",10
28,"Snack ",21,15,4.9,"motorcycle",1,"No","Semi-Urban","Sandstorms","Jam ",1,"Y",15
30,"Buffet ",29,19,4.6,"motorcycle",1,"No","Urban","Windy","High",1,"N",5
21,"Meal ",35,12,4.6,"electric_scooter",0,"No","Urban","Sunny","Low ",1,"Y",15
18,"Drinks ",29,4,4.9,"scooter",1,"No","Metropolitan","Sandstorms","Medium",1,"Y",15
32,"Snack ",36,2,4.1,"electric_scooter",0,"No","Metropolitan","Sunny","Medium",1,"N",10
42,"Meal ",36,5,3.7,"scooter",2,"Yes","Semi-Urban","Stormy","Jam ",2,"N",15
23,"Snack ",22,14,4.4,"electric_scooter",0,"No","Metropolitan","Sandstorms","Low ",1,"N",15
13,"Snack ",39,9,4.9,"scooter",2,"No","Urban","Stormy","Low ",0,"N",15
29,"Meal ",20,1,4.7,"scooter",2,"No","Urban","Sunny","Low",1,"Y",15
12,"Meal ",30,18,4.7,"motorcycle",1,"No","Metropolitan","Sandstorms","Low ",1,"N",15
24,"Drinks ",36,21,4.8,"electric_scooter",2,"No","Semi-Urban","Cloudy","Jam ",0,"N",15
33,"Meal ",38,16,4.8,"scooter",1,"No","Metropolitan","Sunny","High ",2,"N",15
31,"Buffet ",27,7,4.3,"scooter",0,"No","Metropolitan","Stormy","Jam ",1,"N",10
26,"Drinks ",32,18,4.1,"motorcycle",0,"No","Urban","Sandstorms","Low ",1,"Y",15
18,"Snack ",37,22,4.8,"motorcycle",1,"No","Urban","Stormy","Low",0,"N",5
25,"Meal ",37,21,4.7,"electric_scooter",1,"No","Metropolitan","Windy","Jam ",0,"N",10
42,"Drinks ",32,7,4.6,"motorcycle",0,"Yes","Urban","Stormy","Jam ",0,"N",5
26,"Meal ",35,15,5,"motorcycle",0,"No","Metropolitan","Stormy","Jam ",0,"Y",5
25,"Meal ",26,9,4.5,"motorcycle",2,"No","Semi-Urban","Sandstorms","Jam ",1,"N",10
20,"Meal ",38,17,4.8,"motorcycle",2,"No","Semi-Urban","Windy","Low",1,"Y",5
27,"Drinks ",23,9,4.8,"motorcycle",1,"No","Metropolitan","Cloudy","High ",1,"N",5
28,"Drinks ",25,19,4.9,"motorcycle",0,"No","Metropolitan","Fog","Medium",1,"Y",10
24,"Meal ",35,23,4.3,"motorcycle",0,"No","Semi-Urban","Stormy","Low ",1,"Y",10
30,"Meal ",26,12,4.9,"motorcycle",0,"No","Metropolitan","Sandstorms","Medium",1,"N",15
37,"Drinks ",32,21,4.9,"scooter",2,"No","Metropolitan","Fog","Jam ",2,"N",10
22,"Snack ",38,6,4.5,"motorcycle",1,"No","Urban","Windy","Medium",1,"N",10
15,"Meal ",38,9,4.8,"scooter",1,"No","Metropolitan","Stormy","Low ",1,"Y",15
30,"Meal ",20,18,4.5,"scooter",1,"No","Urban","Fog","Jam ",1,"N",10
29,"Snack ",35,23,4.6,"scooter",2,"No","Metropolitan","Windy","Low",0,"N",5
35,"Snack ",25,8,4.2,"electric_scooter",1,"No","Metropolitan","Stormy","Medium",0,"N",10
23,"Drinks ",22,3,4.6,"motorcycle",0,"No","Metropolitan","Fog","Low ",1,"N",5
40,"Drinks ",35,4,4,"motorcycle",0,"No","Semi-Urban","Windy","Jam",2,"N",10
28,"Snack ",32,23,4.9,"scooter",2,"No","Metropolitan","Sunny","Jam ",1,"N",15
24,"Snack ",21,15,4.5,"motorcycle",0,"No","Metropolitan","Fog","Low ",1,"N",5
30,"Meal ",25,4,4.7,"motorcycle",0,"No","Semi-Urban","Stormy","Medium",1,"N",15
20,"Drinks ",28,22,5,"motorcycle",2,"No","Semi-Urban","Stormy","Low ",1,"N",10
30,"Drinks ",34,11,4.7,"scooter",1,"No","Metropolitan","Fog","High ",0,"Y",5
35,"Snack ",20,12,4.1,"motorcycle",1,"No","Metropolitan","Windy","Jam ",1,"N",5
27,"Meal ",27,22,5,"electric_scooter",1,"No","Metropolitan","Windy","Low ",1,"N",15
16,"Meal ",34,12,4.7,"electric_scooter",1,"No","Urban","Cloudy","Medium",1,"N",10
27,"Meal ",38,21,4.9,"scooter",0,"No","Urban","Sunny","Jam",1,"N",5
29,"Drinks ",30,22,4.6,"motorcycle",1,"No","Urban","Stormy","Jam",1,"N",15
29,"Drinks ",29,18,4.9,"motorcycle",0,"No","Urban","Sunny","Medium",1,"N",10
21,"Drinks ",34,3,4.1,"motorcycle",0,"No","Metropolitan","Windy","Low ",0,"N",25
27,"Drinks ",26,17,4.6,"electric_scooter",2,"No","Urban","Sandstorms","Medium",1,"N",10
37,"Buffet ",20,7,5,"motorcycle",0,"No","Metropolitan","Sandstorms","Medium",1,"N",10
14,"Meal ",39,8,4.8,"motorcycle",2,"No","Metropolitan","Sunny","Low ",1,"N",10
21,"Snack ",23,19,4.9,"motorcycle",0,"No","Metropolitan","Windy","Low ",1,"N",10
31,"Drinks ",26,6,4.9,"scooter",2,"No","Metropolitan","Stormy","Jam ",1,"N",5
35,"Buffet ",39,4,4,"motorcycle",0,"No","Semi-Urban","Fog","Low ",1,"Y",5
29,"Meal ",33,6,4.5,"motorcycle",0,"No","Urban","Cloudy","Medium",1,"Y",10
34,"Meal ",38,4,4.6,"motorcycle",1,"No","Metropolitan","Fog","Jam ",0,"Y",10
13,"Drinks ",34,16,4.6,"scooter",2,"No","Urban","Fog","Low ",1,"N",5
19,"Snack ",33,6,4.7,"scooter",1,"No","Metropolitan","Sandstorms","Low ",1,"N",5
25,"Snack ",25,19,4.9,"scooter",2,"No","Urban","Stormy","High",1,"N",5
28,"Drinks ",32,23,4.8,"scooter",2,"No","Urban","Stormy","Jam",0,"N",10
28,"Snack ",20,23,4.5,"scooter",2,"No","Urban","Stormy","Jam ",1,"N",15
20,"Snack ",33,23,4.8,"scooter",1,"No","Semi-Urban","Sunny","Jam ",1,"N",15
21,"Snack ",20,23,4.9,"electric_scooter",0,"No","Semi-Urban","Sandstorms","Low ",1,"Y",10
26,"Buffet ",21,22,4.9,"motorcycle",0,"No","Metropolitan","Cloudy","High ",1,"N",5
32,"Drinks ",32,3,4.2,"electric_scooter",2,"No","Metropolitan","Cloudy","High ",1,"N",15
15,"Drinks ",35,19,4.6,"electric_scooter",2,"No","Urban","Windy","Low ",1,"N",5
27,"Buffet ",23,12,4.7,"motorcycle",2,"No","Metropolitan","Windy","Low ",1,"Y",5
38,"Snack ",20,7,4,"motorcycle",0,"No","Metropolitan","Stormy","Jam ",1,"Y",5
25,"Meal ",22,23,4.9,"motorcycle",0,"No","Urban","Stormy","Medium",1,"N",10
43,"Drinks ",33,5,4.1,"motorcycle",2,"No","Metropolitan","Cloudy","Medium",1,"Y",5
19,"Snack ",31,9,4.5,"motorcycle",0,"No","Semi-Urban","Stormy","Low ",0,"N",15
46,"Snack ",23,9,4.3,"motorcycle",0,"No","Metropolitan","Windy","Jam ",1,"N",5
43,"Buffet ",26,12,4.1,"scooter",1,"No","Semi-Urban","Sandstorms","Jam ",2,"N",10
18,"Meal ",37,9,4.6,"scooter",1,"No","Metropolitan","Sunny","Jam ",0,"Y",5
13,"Snack ",32,9,4.5,"electric_scooter",2,"No","Metropolitan","Windy","Low ",0,"N",10
24,"Meal ",36,12,4.6,"electric_scooter",1,"No","Metropolitan","Windy","Low ",1,"N",15
25,"Buffet ",36,21,4.9,"scooter",2,"No","Urban","Windy","Medium",1,"N",15
31,"Drinks ",23,2,3.4,"motorcycle",1,"No","Urban","Sunny","Low",1,"Y",5
45,"Drinks ",22,18,4.7,"electric_scooter",1,"No","Urban","Cloudy","Jam",1,"N",15
19,"Buffet ",28,17,4.6,"scooter",1,"No","Urban","Sandstorms","Low ",0,"N",15
29,"Drinks ",36,23,4.9,"motorcycle",1,"No","Semi-Urban","Fog","Jam ",1,"N",5
44,"Meal ",38,11,5,"electric_scooter",2,"No","Metropolitan","Fog","Jam ",1,"N",5
37,"Meal ",27,5,4.2,"motorcycle",1,"No","Urban","Fog","Low ",1,"N",10
28,"Snack ",37,21,4.9,"motorcycle",0,"No","Urban","Stormy","Low",1,"N",10
46,"Meal ",25,11,4.2,"motorcycle",0,"Yes","Metropolitan","Sandstorms","Medium",1,"N",5
19,"Drinks ",39,14,4.7,"electric_scooter",2,"No","Metropolitan","Windy","Low ",1,"Y",15
32,"Drinks ",38,8,4.4,"motorcycle",2,"No","Metropolitan","Stormy","Medium",1,"Y",10
19,"Snack ",29,15,4.6,"scooter",1,"No","Urban","Stormy","Low",1,"N",5
25,"Meal ",20,19,4.5,"motorcycle",0,"No","Metropolitan","Windy","Low ",1,"N",10
22,"Meal ",36,19,4.8,"scooter",2,"No","Urban","Sandstorms","Medium",1,"Y",15
20,"Buffet ",27,16,4.5,"motorcycle",2,"No","Metropolitan","Sandstorms","Low ",1,"N",15
35,"Meal ",36,5,4.3,"motorcycle",1,"No","Metropolitan","Fog","Jam ",1,"Y",5
32,"Buffet ",28,11,4,"motorcycle",2,"No","Metropolitan","Windy","Jam ",1,"N",5
33,"Drinks ",38,5,4.3,"motorcycle",2,"No","Metropolitan","Fog","Jam ",1,"N",15
16,"Snack ",30,23,4.8,"electric_scooter",1,"No","Urban","Sunny","Low",0,"Y",5
16,"Drinks ",28,12,4.9,"motorcycle",1,"No","Metropolitan","Sunny","Jam ",1,"Y",10
28,"Buffet ",24,23,4.8,"motorcycle",0,"No","Metropolitan","Fog","High ",1,"Y",5
19,"Drinks ",23,18,4.9,"scooter",1,"No","Semi-Urban","Sunny","Low ",1,"Y",5
16,"Buffet ",34,5,4.6,"scooter",2,"No","Metropolitan","Sandstorms","High ",0,"N",15
11,"Buffet ",34,15,4.7,"scooter",0,"No","Urban","Sunny","Low",1,"Y",5
16,"Drinks ",33,23,4.9,"scooter",2,"No","Semi-Urban","Cloudy","Low ",0,"N",15
14,"Snack ",35,23,4.7,"motorcycle",1,"No","Metropolitan","Windy","Low ",1,"Y",10
22,"Drinks ",30,9,4.8,"electric_scooter",1,"No","Metropolitan","Windy","Medium",1,"Y",10
30,"Snack ",20,17,5,"scooter",2,"No","Urban","Stormy","Jam",0,"N",10
18,"Snack ",28,12,4.9,"scooter",1,"No","Metropolitan","Stormy","Low ",0,"N",5
32,"Drinks ",37,18,4.3,"motorcycle",0,"No","Metropolitan","Sunny","Medium",1,"N",15
20,"Snack ",29,23,4.5,"scooter",2,"No","Metropolitan","Stormy","Jam ",1,"N",5
12,"Drinks ",26,6,4.5,"electric_scooter",1,"No","Urban","Fog","Low",0,"Y",10
33,"Drinks ",33,15,4.9,"scooter",1,"No","Semi-Urban","Fog","High ",1,"Y",10
25,"Snack ",22,23,4.9,"motorcycle",1,"No","Urban","Sandstorms","Low ",1,"N",15
32,"Snack ",36,13,4.8,"motorcycle",0,"No","Metropolitan","Cloudy","Medium",1,"N",5
25,"Buffet ",28,17,4.9,"scooter",2,"No","Urban","Windy","Low",1,"N",10
33,"Drinks ",24,16,5,"motorcycle",1,"No","Urban","Windy","High ",1,"N",10
24,"Drinks ",21,6,4.6,"motorcycle",0,"No","Metropolitan","Sandstorms","Jam ",1,"N",5
29,"Meal ",32,21,4.6,"motorcycle",1,"No","Metropolitan","Sunny","Low ",0,"N",5
25,"Snack ",35,16,4.8,"scooter",1,"No","Metropolitan","Sandstorms","Medium",0,"N",15
31,"Meal ",33,15,4.8,"motorcycle",0,"No","Metropolitan","Stormy","Medium",1,"N",15
26,"Drinks ",20,16,4.6,"motorcycle",0,"No","Urban","Cloudy","Medium",0,"Y",5
21,"Snack ",23,1,4.7,"electric_scooter",2,"No","Metropolitan","Windy","Jam",1,"N",15
38,"Buffet ",29,6,4.5,"motorcycle",0,"No","Semi-Urban","Fog","Medium",0,"N",5
23,"Meal ",32,18,5,"scooter",2,"No","Semi-Urban","Stormy","Medium",1,"N",10
18,"Meal ",38,13,5,"motorcycle",1,"No","Semi-Urban","Sunny","Jam ",1,"N",15
25,"Buffet ",28,7,4.6,"motorcycle",0,"No","Metropolitan","Stormy","Low ",1,"N",15
23,"Buffet ",39,15,4.9,"motorcycle",2,"No","Urban","Windy","Medium",1,"N",15
34,"Snack ",27,9,4.7,"motorcycle",0,"No","Metropolitan","Sunny","Medium",0,"Y",15
11,"Snack ",27,23,4.7,"motorcycle",1,"No","Urban","Sandstorms","Low",0,"N",10
16,"Drinks ",22,23,5,"electric_scooter",1,"No","Semi-Urban","Sunny","Jam ",1,"N",10
40,"Drinks ",38,6,4.1,"scooter",1,"No","Metropolitan","Stormy","Jam ",0,"N",10
25,"Snack ",32,23,4.9,"electric_scooter",1,"No","Urban","Fog","Medium",0,"Y",10
34,"Drinks ",32,5,4.1,"scooter",2,"No","Metropolitan","Cloudy","Low",2,"N",10
18,"Snack ",21,14,4.9,"motorcycle",1,"No","Metropolitan","Sandstorms","Medium",1,"N",10
34,"Snack ",31,22,4.4,"motorcycle",0,"No","Metropolitan","Sandstorms","Jam ",1,"N",5
20,"Buffet ",37,12,5,"motorcycle",2,"No","Urban","Sunny","Low ",1,"N",15
10,"Drinks ",27,19,4.9,"motorcycle",1,"No","Semi-Urban","Sunny","High",0,"N",10
28,"Snack ",27,2,4.8,"motorcycle",0,"No","Semi-Urban","Sunny","High ",1,"Y",15
36,"Buffet ",21,15,4,"motorcycle",1,"No","Urban","Fog","Jam ",1,"N",15
21,"Drinks ",31,22,4.6,"scooter",2,"No","Metropolitan","Sandstorms","Low",1,"N",5
12,"Snack ",20,17,4.9,"scooter",1,"No","Urban","Sandstorms","Low",1,"Y",10
18,"Buffet ",27,18,4.7,"motorcycle",0,"No","Metropolitan","Sunny","Low ",1,"Y",5
24,"Snack ",28,3,4.6,"motorcycle",1,"No","Urban","Stormy","Medium",0,"N",5
15,"Meal ",24,16,5,"scooter",2,"No","Semi-Urban","Stormy","Low",0,"Y",5
31,"Meal ",31,19,4.3,"motorcycle",0,"No","Urban","Stormy","High ",1,"N",5
27,"Snack ",34,19,4.8,"electric_scooter",1,"No","Urban","Fog","Low ",0,"N",5
24,"Meal ",32,15,4.7,"electric_scooter",2,"No","Semi-Urban","Sandstorms","Low ",0,"N",10
36,"Snack ",22,13,4.5,"scooter",2,"No","Metropolitan","Stormy","Medium",1,"N",5
37,"Snack ",26,2,4,"scooter",1,"No","Metropolitan","Fog","Medium",0,"N",5
47,"Drinks ",22,12,5,"motorcycle",0,"No","Metropolitan","Cloudy","Jam ",0,"N",15
30,"Snack ",37,18,4.6,"motorcycle",0,"No","Urban","Stormy","Medium",1,"N",10
10,"Drinks ",27,19,4.9,"motorcycle",1,"No","Semi-Urban","Sunny","High",0,"N",10
38,"Buffet ",39,5,4.2,"motorcycle",0,"No","Metropolitan","Sunny","Medium",0,"N",5
15,"Buffet ",37,23,4.8,"electric_scooter",1,"No","Urban","Cloudy","Low",0,"N",10
26,"Snack ",36,23,4.5,"motorcycle",0,"No","Metropolitan","Windy","Low ",1,"Y",5
29,"Buffet ",25,5,4.7,"motorcycle",0,"No","Semi-Urban","Sunny","Low ",1,"N",15
28,"Buffet ",28,7,4.8,"motorcycle",2,"No","Semi-Urban","Sandstorms","Jam ",1,"Y",5
24,"Snack ",32,15,4.7,"electric_scooter",0,"No","Semi-Urban","Windy","Low ",0,"N",5
28,"Drinks ",31,7,4.6,"motorcycle",0,"No","Metropolitan","Fog","Medium",1,"N",10
34,"Snack ",32,9,4,"motorcycle",1,"No","Metropolitan","Windy","High ",2,"N",5
45,"Meal ",34,18,4.4,"motorcycle",0,"No","Semi-Urban","Sunny","High ",1,"Y",15
29,"Meal ",37,23,4.8,"motorcycle",1,"No","Metropolitan","Sandstorms","Low",1,"N",15
20,"Drinks ",33,23,4.6,"scooter",2,"No","Metropolitan","Stormy","Jam ",1,"N",5
37,"Drinks ",26,13,5,"scooter",1,"No","Metropolitan","Fog","Jam ",2,"Y",15
41,"Drinks ",23,16,5,"motorcycle",1,"No","Metropolitan","Fog","Jam ",1,"N",5
28,"Snack ",36,2,4.5,"scooter",2,"No","Urban","Sandstorms","Medium",1,"Y",10
19,"Drinks ",20,18,4.7,"motorcycle",1,"No","Metropolitan","Windy","Low ",1,"N",10
20,"Buffet ",35,23,4.6,"motorcycle",0,"No","Metropolitan","Fog","Low",1,"N",5
19,"Meal ",22,5,4.4,"motorcycle",0,"No","Metropolitan","Sandstorms","Low ",1,"N",15
35,"Drinks ",34,5,5,"motorcycle",0,"No","Metropolitan","Stormy","Jam ",1,"N",10
29,"Snack ",33,15,4.8,"scooter",0,"No","Metropolitan","Sandstorms","Medium",1,"Y",5
11,"Meal ",37,22,5,"scooter",1,"No","Urban","Sandstorms","Low",0,"N",5
25,"Drinks ",29,13,5,"motorcycle",1,"No","Metropolitan","Sandstorms","Jam ",1,"N",10
42,"Buffet ",28,3,4.2,"motorcycle",0,"No","Semi-Urban","Stormy","Jam",3,"Y",5
34,"Snack ",27,8,4.2,"motorcycle",0,"No","Metropolitan","Stormy","Low ",1,"Y",10
39,"Meal ",22,2,3.6,"scooter",2,"No","Semi-Urban","Fog","Low ",0,"Y",10
30,"Meal ",35,16,5,"scooter",1,"No","Metropolitan","Cloudy","High ",1,"N",15
22,"Drinks ",32,23,4.5,"scooter",0,"No","Metropolitan","Sandstorms","Low ",1,"N",5
26,"Snack ",20,21,4.8,"motorcycle",0,"No","Metropolitan","Sunny","Low ",1,"Y",5
32,"Buffet ",31,6,4,"motorcycle",0,"No","Metropolitan","Fog","Jam ",1,"N",10
34,"Snack ",32,22,5,"motorcycle",1,"No","Urban","Fog","Jam ",1,"Y",15
17,"Buffet ",32,21,4.7,"motorcycle",1,"No","Semi-Urban","Sunny","Low",0,"N",15
28,"Buffet ",25,12,4.7,"electric_scooter",2,"No","Metropolitan","Stormy","Low ",1,"N",15
41,"Snack ",31,2,4.9,"motorcycle",0,"No","Urban","Stormy","Jam ",1,"N",15
16,"Buffet ",36,15,4.6,"motorcycle",0,"No","Urban","Windy","Medium",0,"Y",5
33,"Meal ",38,22,4.7,"scooter",1,"No","Semi-Urban","Cloudy","High",0,"N",15
17,"Snack ",29,21,4.6,"scooter",1,"No","Urban","Stormy","Low",0,"N",10
47,"Buffet ",29,21,4.8,"electric_scooter",2,"No","Urban","Fog","Jam",1,"N",10
19,"Drinks ",37,21,4.7,"motorcycle",1,"No","Metropolitan","Sunny","Low ",0,"N",5
23,"Snack ",21,19,4.5,"motorcycle",0,"No","Metropolitan","Cloudy","Low ",0,"Y",5
24,"Buffet ",22,6,4.5,"motorcycle",0,"No","Metropolitan","Fog","Low ",1,"N",5
26,"Drinks ",35,23,5,"scooter",1,"No","Metropolitan","Sandstorms","Jam ",1,"N",10
25,"Snack ",34,22,4.8,"electric_scooter",1,"No","Urban","Windy","Jam",0,"N",10
43,"Snack ",26,4,4.2,"motorcycle",1,"Yes","Metropolitan","Windy","Jam ",2,"Y",5
44,"Drinks ",33,11,4.8,"scooter",1,"Yes","Metropolitan","Cloudy","Jam ",3,"Y",15
19,"Meal ",37,3,4.3,"electric_scooter",0,"No","Urban","Stormy","Low",1,"N",5
27,"Drinks ",20,14,4.9,"electric_scooter",1,"No","Metropolitan","Windy","High ",1,"N",10
35,"Meal ",26,14,5,"scooter",1,"No","Semi-Urban","Fog","Medium",1,"Y",10
24,"Snack ",33,21,5,"motorcycle",0,"No","Urban","Fog","High",1,"N",5
38,"Buffet ",23,12,4.1,"scooter",1,"No","Semi-Urban","Stormy","Jam ",1,"N",10
47,"Meal ",26,2,4.6,"motorcycle",0,"No","Semi-Urban","Cloudy","Jam ",2,"N",15
13,"Meal ",23,19,4.9,"scooter",1,"No","Metropolitan","Sunny","Low",1,"N",5
25,"Snack ",28,18,4.7,"scooter",0,"No","Urban","Sunny","Jam",1,"N",15
25,"Buffet ",38,16,4.7,"motorcycle",1,"No","Urban","Fog","High",0,"N",15
12,"Snack ",36,21,4.9,"motorcycle",2,"No","Metropolitan","Stormy","Low ",0,"N",15
12,"Drinks ",38,16,4.5,"motorcycle",1,"No","Metropolitan","Windy","Low ",0,"Y",10
20,"Snack ",28,15,4.3,"motorcycle",0,"No","Metropolitan","Windy","Low ",1,"Y",15
42,"Meal ",26,13,4.8,"motorcycle",0,"No","Metropolitan","Fog","Medium",0,"N",5
19,"Snack ",37,4,4.8,"motorcycle",1,"No","Semi-Urban","Sunny","Medium",0,"N",15
27,"Snack ",39,23,5,"motorcycle",2,"No","Metropolitan","Windy","Jam ",0,"Y",15
15,"Snack ",30,22,4.7,"scooter",0,"No","Metropolitan","Stormy","High ",0,"N",5
25,"Snack ",24,18,4.6,"scooter",2,"No","Semi-Urban","Stormy","Medium",1,"N",15
15,"Drinks ",37,22,4.7,"motorcycle",1,"No","Urban","Fog","Low ",1,"Y",10
32,"Meal ",28,10,4.1,"scooter",1,"No","Metropolitan","Fog","Jam ",1,"N",15
23,"Snack ",33,21,4.5,"scooter",0,"No","Semi-Urban","Windy","Low ",1,"N",15
30,"Meal ",22,14,4.9,"motorcycle",0,"No","Metropolitan","Fog","Medium",1,"Y",15
33,"Meal ",35,12,4.4,"motorcycle",0,"No","Semi-Urban","Stormy","Medium",1,"N",15
37,"Meal ",34,4,4.7,"motorcycle",0,"No","Urban","Sunny","Medium",1,"N",10
29,"Buffet ",26,9,4.8,"motorcycle",1,"No","Semi-Urban","Windy","Low ",0,"N",15
25,"Meal ",22,14,4.8,"motorcycle",0,"No","Metropolitan","Sunny","Medium",1,"Y",15
18,"Drinks ",35,19,4.6,"scooter",1,"No","Urban","Fog","Low ",1,"Y",20
18,"Snack ",30,2,4.7,"motorcycle",1,"No","Urban","Windy","Low ",1,"N",15
27,"Meal ",21,18,4.7,"motorcycle",0,"No","Metropolitan","Sandstorms","Jam ",1,"N",10
17,"Drinks ",21,19,4.9,"motorcycle",2,"No","Metropolitan","Stormy","Low ",1,"N",10
40,"Meal ",37,3,4.4,"electric_scooter",2,"No","Metropolitan","Windy","Jam",0,"N",15
21,"Snack ",39,21,4.6,"motorcycle",0,"No","Metropolitan","Windy","Jam ",1,"N",5
12,"Buffet ",27,22,5,"motorcycle",1,"No","Semi-Urban","Windy","Low",1,"N",10
48,"Meal ",27,3,4.6,"motorcycle",0,"No","Metropolitan","Stormy","Medium",3,"N",15
17,"Buffet ",37,23,4.9,"scooter",2,"No","Urban","Sunny","Low",0,"N",15
27,"Snack ",33,16,4.8,"motorcycle",0,"No","Metropolitan","Sunny","High ",1,"N",5
27,"Drinks ",38,17,4.9,"electric_scooter",2,"No","Urban","Sandstorms","Medium",1,"N",15
32,"Drinks ",32,7,4.1,"motorcycle",2,"No","Metropolitan","Stormy","Medium",1,"N",5
19,"Drinks ",34,23,4.9,"scooter",2,"No","Urban","Stormy","Low",1,"N",15
25,"Drinks ",33,16,4.6,"electric_scooter",1,"No","Urban","Stormy","High",1,"N",15
17,"Snack ",39,18,4.8,"scooter",1,"No","Metropolitan","Fog","Low ",0,"N",20
22,"Buffet ",28,23,4.9,"electric_scooter",1,"No","Semi-Urban","Stormy","Low ",1,"N",15
29,"Meal ",20,13,4.8,"motorcycle",0,"No","Metropolitan","Fog","Medium",1,"Y",5
15,"Buffet ",29,22,4.6,"motorcycle",1,"No","Semi-Urban","Fog","Low ",1,"N",15
32,"Drinks ",22,4,4.3,"scooter",1,"No","Urban","Windy","Medium",1,"N",15
28,"Meal ",27,23,4.6,"motorcycle",1,"No","Semi-Urban","Sunny","Low ",1,"N",15
22,"Buffet ",26,23,4.7,"motorcycle",0,"No","Metropolitan","Stormy","Low ",0,"Y",5
26,"Drinks ",24,12,4.6,"motorcycle",2,"No","Metropolitan","Windy","Medium",1,"N",10
31,"Buffet ",34,9,4.3,"scooter",2,"No","Metropolitan","Fog","Low ",1,"Y",5
37,"Drinks ",23,12,4.7,"motorcycle",0,"No","Metropolitan","Sandstorms","Jam ",2,"Y",15
28,"Meal ",35,9,4.9,"motorcycle",2,"No","Semi-Urban","Cloudy","High ",1,"N",15
29,"Meal ",30,21,4.7,"electric_scooter",2,"No","Semi-Urban","Fog","Low ",1,"N",10
13,"Buffet ",21,22,4.9,"scooter",2,"No","Metropolitan","Windy","Low ",0,"Y",5
26,"Meal ",35,15,5,"motorcycle",0,"No","Metropolitan","Stormy","Jam ",0,"Y",5
25,"Snack ",39,3,4.6,"motorcycle",0,"No","Urban","Fog","Medium",1,"N",10
33,"Drinks ",38,7,4.1,"electric_scooter",1,"No","Semi-Urban","Cloudy","Medium",1,"N",5
20,"Snack ",20,15,4.8,"motorcycle",2,"No","Metropolitan","Fog","Low",1,"N",25
29,"Snack ",20,13,4.7,"motorcycle",0,"No","Metropolitan","Sunny","Jam ",1,"Y",10
26,"Meal ",20,6,4.5,"motorcycle",2,"No","Metropolitan","Stormy","Low ",1,"N",20
22,"Snack ",32,19,4.5,"electric_scooter",1,"No","Metropolitan","Cloudy","Jam ",0,"N",5
26,"Buffet ",27,22,5,"electric_scooter",0,"No","Metropolitan","Windy","Jam ",1,"N",15
54,"Meal ",28,9,4.1,"motorcycle",0,"Yes","Semi-Urban","Sandstorms","Jam ",1,"N",5
42,"Buffet ",32,13,2.8,"scooter",2,"No","Metropolitan","Sunny","Low ",1,"Y",10
19,"Snack ",23,5,4.5,"electric_scooter",1,"No","Urban","Windy","Jam",1,"N",5
27,"Meal ",27,2,5,"motorcycle",0,"No","Metropolitan","Sandstorms","Low ",1,"N",15
47,"Snack ",32,13,4.6,"scooter",0,"No","Metropolitan","Sandstorms","Jam ",2,"Y",5
47,"Meal ",29,3,4.1,"electric_scooter",1,"Yes","Metropolitan","Fog","Jam ",2,"N",10
31,"Buffet ",25,18,4,"motorcycle",2,"No","Metropolitan","Fog","High ",0,"Y",10
15,"Meal ",21,3,5,"electric_scooter",1,"No","Metropolitan","Sandstorms","Low ",1,"N",10
22,"Meal ",22,22,4.7,"motorcycle",0,"No","Semi-Urban","Cloudy","Low ",1,"Y",5
19,"Meal ",34,5,4.1,"motorcycle",0,"No","Urban","Windy","Low ",1,"N",5
38,"Drinks ",29,23,4.9,"motorcycle",0,"No","Metropolitan","Stormy","Jam ",0,"N",15
34,"Buffet ",21,15,4.7,"scooter",2,"No","Urban","Windy","High ",0,"N",10
30,"Snack ",26,4,4.5,"motorcycle",0,"No","Metropolitan","Windy","High ",0,"N",15
25,"Buffet ",38,14,4.6,"scooter",1,"No","Metropolitan","Cloudy","Jam ",0,"N",15
19,"Meal ",35,17,4.9,"electric_scooter",2,"No","Metropolitan","Stormy","Low ",0,"N",15
25,"Buffet ",25,17,4.9,"scooter",1,"No","Metropolitan","Sandstorms","Medium",1,"N",10
49,"Meal ",29,6,4,"motorcycle",0,"Yes","Metropolitan","Windy","Jam ",1,"Y",10
25,"Buffet ",32,21,4.6,"scooter",1,"No","Metropolitan","Cloudy","Low",1,"N",15
21,"Buffet ",20,19,4.7,"scooter",2,"No","Metropolitan","Sandstorms","Medium",1,"N",15
43,"Meal ",37,6,4.3,"motorcycle",2,"No","Metropolitan","Cloudy","Jam ",1,"N",15
50,"Buffet ",25,5,3.5,"scooter",0,"Yes","Semi-Urban","Sunny","Jam ",3,"N",15
42,"Meal ",38,3,3.7,"electric_scooter",1,"No","Metropolitan","Stormy","Jam ",1,"N",10
29,"Buffet ",24,21,4.7,"electric_scooter",1,"No","Urban","Sandstorms","Medium",1,"N",10
29,"Snack ",26,7,4.7,"motorcycle",0,"No","Metropolitan","Windy","Low ",1,"N",10
52,"Drinks ",35,2,4.8,"motorcycle",0,"No","Urban","Stormy","Jam ",0,"N",5
34,"Meal ",39,22,4.8,"electric_scooter",2,"No","Urban","Stormy","Medium",0,"N",5
25,"Snack ",21,23,4.5,"motorcycle",2,"No","Metropolitan","Stormy","Medium",1,"Y",15
41,"Meal ",32,21,4.7,"electric_scooter",0,"No","Metropolitan","Fog","Jam ",1,"N",15
18,"Snack ",29,15,4.7,"motorcycle",0,"No","Urban","Stormy","Low",1,"N",10
23,"Snack ",37,22,4.7,"motorcycle",1,"No","Metropolitan","Fog","Jam ",1,"Y",15
30,"Buffet ",36,21,5,"scooter",1,"No","Metropolitan","Stormy","Jam ",1,"N",5
12,"Drinks ",32,17,4.7,"scooter",0,"No","Metropolitan","Sunny","Low ",1,"Y",5
35,"Drinks ",26,6,4.3,"motorcycle",1,"No","Urban","Stormy","Medium",1,"Y",15
39,"Snack ",28,13,3.6,"electric_scooter",1,"No","Semi-Urban","Sandstorms","Jam ",2,"Y",10
30,"Snack ",28,2,4.7,"motorcycle",1,"No","Urban","Sunny","Jam ",1,"N",15
21,"Meal ",25,4,4.7,"scooter",1,"No","Metropolitan","Stormy","Medium",1,"Y",10
43,"Snack ",39,2,4.4,"motorcycle",0,"No","Urban","Sandstorms","Medium",1,"Y",5
23,"Snack ",22,5,4.5,"motorcycle",1,"No","Urban","Stormy","Low",1,"Y",5
20,"Meal ",27,6,4.6,"electric_scooter",2,"No","Metropolitan","Stormy","Jam ",1,"N",10
20,"Snack ",23,3,4.6,"electric_scooter",2,"No","Semi-Urban","Windy","Low ",0,"N",10
22,"Snack ",30,22,5,"motorcycle",0,"No","Urban","Stormy","Medium",0,"N",10
29,"Meal ",20,11,4.1,"motorcycle",0,"No","Metropolitan","Stormy","Low ",0,"N",5
24,"Snack ",20,23,4.3,"scooter",0,"No","Metropolitan","Stormy","Low ",1,"N",5
18,"Buffet ",33,12,4.9,"electric_scooter",2,"No","Semi-Urban","Stormy","Low ",0,"N",5
41,"Buffet ",34,5,4.9,"electric_scooter",0,"No","Urban","Cloudy","Low ",1,"N",15
27,"Buffet ",32,23,4.5,"scooter",2,"No","Semi-Urban","Stormy","Medium",1,"N",10
37,"Drinks ",20,5,4.2,"scooter",2,"No","Urban","Windy","Medium",1,"N",10
27,"Meal ",35,22,5,"electric_scooter",0,"No","Metropolitan","Fog","High ",0,"N",15
24,"Drinks ",37,3,4.7,"scooter",1,"No","Metropolitan","Stormy","Low ",0,"N",5
31,"Snack ",36,4,4.7,"motorcycle",2,"No","Urban","Stormy","High ",1,"N",15
20,"Drinks ",21,22,4.7,"scooter",0,"No","Metropolitan","Windy","Low ",1,"N",15
24,"Buffet ",30,3,4.6,"motorcycle",0,"No","Metropolitan","Stormy","Low ",1,"N",15
44,"Snack ",37,17,4.6,"electric_scooter",2,"No","Metropolitan","Cloudy","Jam ",2,"N",5
20,"Meal ",24,18,4.7,"motorcycle",0,"No","Semi-Urban","Cloudy","Low ",0,"N",5
33,"Meal ",27,17,5,"motorcycle",0,"No","Semi-Urban","Stormy","Jam ",1,"N",10
27,"Snack ",39,22,4.9,"scooter",1,"No","Metropolitan","Windy","Medium",1,"N",15
28,"Buffet ",36,18,5,"motorcycle",1,"No","Metropolitan","Cloudy","Medium",1,"Y",15
18,"Meal ",32,3,4.5,"scooter",1,"No","Urban","Fog","Low",1,"N",10
28,"Buffet ",21,23,4.6,"motorcycle",0,"No","Metropolitan","Fog","Jam ",1,"Y",10
20,"Drinks ",23,4,4.5,"scooter",2,"No","Metropolitan","Windy","Low ",0,"Y",10
41,"Buffet ",27,9,5,"motorcycle",0,"Yes","Metropolitan","Sandstorms","High ",2,"Y",15
15,"Meal ",30,22,4.7,"electric_scooter",1,"No","Semi-Urban","Cloudy","Low ",1,"N",15
27,"Snack ",25,3,4.8,"motorcycle",1,"No","Semi-Urban","Windy","Jam ",0,"N",10
29,"Drinks ",33,6,4.7,"electric_scooter",2,"No","Metropolitan","Fog","High ",1,"N",5
36,"Snack ",27,5,4.4,"motorcycle",1,"No","Metropolitan","Stormy","Jam ",1,"N",10
23,"Meal ",36,3,4.5,"motorcycle",0,"No","Metropolitan","Sandstorms","Jam ",1,"N",10
26,"Meal ",26,19,4.6,"scooter",1,"No","Urban","Sandstorms","Medium",1,"N",15
53,"Snack ",26,8,4.8,"motorcycle",0,"Yes","Metropolitan","Stormy","Jam ",3,"N",15
26,"Buffet ",20,22,4.7,"motorcycle",1,"No","Metropolitan","Fog","Low ",1,"N",15
33,"Drinks ",26,13,4.2,"motorcycle",2,"No","Metropolitan","Sunny","Jam ",0,"N",5
25,"Snack ",24,2,4.4,"motorcycle",0,"No","Urban","Sandstorms","Low ",1,"N",10
43,"Drinks ",32,19,4.7,"electric_scooter",1,"No","Urban","Fog","Jam",1,"Y",10
29,"Snack ",33,21,4.6,"motorcycle",1,"No","Urban","Windy","Jam",0,"Y",15
15,"Snack ",33,16,4.7,"motorcycle",2,"No","Metropolitan","Sunny","High ",1,"N",10
19,"Snack ",21,16,4.8,"motorcycle",0,"No","Urban","Windy","Medium",0,"N",10
33,"Meal ",32,4,4.1,"scooter",1,"No","Urban","Fog","Jam ",1,"N",5
42,"Drinks ",37,16,4.3,"motorcycle",1,"No","Semi-Urban","Stormy","Jam",1,"N",10
23,"Drinks ",37,13,4.7,"motorcycle",0,"No","Metropolitan","Fog","Low ",0,"N",5
18,"Buffet ",33,13,4.5,"motorcycle",1,"No","Metropolitan","Sandstorms","Low ",1,"N",15
16,"Drinks ",26,23,4.9,"scooter",1,"No","Metropolitan","Sunny","Low ",0,"N",15
37,"Snack ",36,3,4.3,"electric_scooter",1,"No","Urban","Stormy","Jam ",1,"Y",10
44,"Meal ",34,6,5,"electric_scooter",1,"No","Urban","Cloudy","Jam ",3,"Y",5
29,"Buffet ",24,1,4.6,"electric_scooter",1,"No","Metropolitan","Sandstorms","Medium",0,"N",10
19,"Meal ",25,12,5,"electric_scooter",2,"No","Metropolitan","Fog","Low ",0,"N",10
24,"Drinks ",34,7,4.6,"scooter",2,"No","Metropolitan","Stormy","Medium",1,"N",15
31,"Meal ",22,7,4.3,"scooter",1,"No","Metropolitan","Windy","High ",0,"N",15
27,"Buffet ",36,12,4.6,"electric_scooter",0,"No","Metropolitan","Sunny","Medium",1,"N",10
38,"Buffet ",29,5,4.7,"scooter",1,"No","Metropolitan","Cloudy","Medium",1,"Y",5
17,"Buffet ",25,18,5,"electric_scooter",1,"No","Metropolitan","Sunny","Low ",1,"N",5
32,"Meal ",38,18,4.7,"motorcycle",0,"No","Urban","Stormy","High ",1,"N",5
24,"Snack ",30,23,4.7,"motorcycle",0,"No","Semi-Urban","Windy","Low ",1,"N",5
29,"Meal ",24,7,4.7,"motorcycle",0,"No","Metropolitan","Cloudy","Low ",1,"N",10
26,"Snack ",37,14,4.9,"motorcycle",1,"No","Urban","Sandstorms","Medium",1,"N",15
20,"Drinks ",24,19,4.8,"motorcycle",2,"No","Semi-Urban","Fog","Jam ",1,"N",15
28,"Meal ",39,22,4.8,"scooter",2,"No","Semi-Urban","Sunny","Jam ",1,"N",10
14,"Buffet ",33,6,4.5,"motorcycle",1,"No","Metropolitan","Fog","Medium",0,"N",15
26,"Buffet ",28,19,4.7,"electric_scooter",2,"No","Urban","Windy","Medium",1,"N",10
18,"Snack ",29,12,4.9,"electric_scooter",2,"No","Metropolitan","Stormy","Low ",1,"Y",25
19,"Snack ",33,17,4.6,"electric_scooter",2,"No","Urban","Sandstorms","Low ",1,"N",20
16,"Buffet ",32,23,4.5,"electric_scooter",0,"No","Metropolitan","Sandstorms","Low ",1,"N",10
36,"Meal ",22,4,3.3,"scooter",2,"No","Metropolitan","Sunny","Low ",2,"N",20
39,"Snack ",31,5,4.4,"motorcycle",0,"No","Semi-Urban","Fog","Low ",0,"Y",10
36,"Meal ",35,18,4.8,"motorcycle",1,"No","Urban","Cloudy","Jam",2,"N",5
44,"Drinks ",37,19,3.7,"scooter",1,"No","Metropolitan","Stormy","Jam ",2,"N",5
13,"Buffet ",28,1,4.5,"scooter",1,"No","Urban","Windy","Low",0,"N",5
16,"Drinks ",39,3,4.6,"scooter",1,"No","Metropolitan","Fog","Low ",1,"Y",5
29,"Drinks ",39,15,5,"motorcycle",1,"No","Urban","Fog","High",1,"N",5
15,"Drinks ",36,18,4.7,"scooter",2,"No","Metropolitan","Stormy","Low ",1,"N",10
27,"Drinks ",33,8,4.5,"scooter",1,"No","Semi-Urban","Windy","High ",1,"N",10
31,"Meal ",30,6,4.2,"scooter",2,"No","Urban","Sandstorms","Medium",0,"N",10
18,"Buffet ",25,2,4.6,"scooter",1,"No","Metropolitan","Sunny","Medium",1,"Y",5
17,"Buffet ",39,17,4.7,"electric_scooter",1,"No","Metropolitan","Stormy","Low ",1,"Y",15
31,"Drinks ",37,6,4.1,"motorcycle",2,"No","Urban","Fog","Jam ",0,"N",10
36,"Meal ",36,2,4,"motorcycle",2,"No","Metropolitan","Cloudy","High ",2,"N",5
37,"Drinks ",39,9,3.8,"motorcycle",1,"No","Metropolitan","Windy","Jam ",0,"N",5
16,"Meal ",23,4,4.6,"motorcycle",0,"No","Metropolitan","Sandstorms","Medium",0,"N",10
27,"Snack ",38,16,4.7,"motorcycle",2,"No","Metropolitan","Cloudy","Low ",1,"N",10
31,"Drinks ",27,7,4.6,"scooter",1,"No","Metropolitan","Fog","Medium",0,"N",15
26,"Snack ",37,14,4.9,"motorcycle",1,"No","Urban","Sandstorms","Medium",1,"N",15
34,"Drinks ",37,21,3.4,"motorcycle",0,"No","Metropolitan","Sunny","Low ",1,"N",15
38,"Drinks ",32,4,4,"scooter",2,"No","Metropolitan","Cloudy","Jam ",1,"N",5
48,"Drinks ",25,15,4.6,"motorcycle",0,"Yes","Metropolitan","Stormy","Jam ",2,"N",10
26,"Buffet ",29,8,4.9,"motorcycle",1,"No","Semi-Urban","Fog","Low ",1,"N",10
17,"Meal ",28,12,4.9,"motorcycle",2,"No","Metropolitan","Cloudy","Medium",0,"N",5
10,"Buffet ",27,21,4.9,"scooter",2,"No","Semi-Urban","Sunny","Low ",1,"Y",10
24,"Buffet ",34,23,4.7,"motorcycle",0,"No","Semi-Urban","Fog","Low ",1,"Y",10
40,"Drinks ",39,23,4.5,"motorcycle",0,"No","Metropolitan","Sunny","Jam ",2,"N",10
14,"Buffet ",22,17,4.9,"scooter",1,"No","Urban","Sunny","Low",1,"N",15
34,"Buffet ",27,3,4.1,"scooter",2,"No","Metropolitan","Sunny","Jam ",1,"Y",5
15,"Meal ",35,16,4.6,"scooter",1,"No","Metropolitan","Fog","Low ",0,"N",5
36,"Drinks ",26,7,5,"electric_scooter",2,"No","Metropolitan","Cloudy","Jam ",1,"Y",15
26,"Drinks ",24,9,4.8,"scooter",1,"No","Urban","Cloudy","Jam ",1,"N",15
49,"Drinks ",36,8,4.7,"motorcycle",1,"No","Metropolitan","Stormy","Jam ",1,"N",15
22,"Snack ",35,22,4.6,"scooter",2,"No","Metropolitan","Stormy","High ",0,"N",10
28,"Snack ",32,22,4.6,"motorcycle",0,"No","Semi-Urban","Cloudy","High ",1,"N",5
35,"Buffet ",25,23,5,"motorcycle",0,"No","Urban","Stormy","Jam",2,"N",15
22,"Meal ",28,19,4.8,"electric_scooter",1,"No","Semi-Urban","Stormy","High ",1,"N",15
35,"Drinks ",33,15,4.9,"motorcycle",0,"No","Metropolitan","Cloudy","Low ",0,"N",10
28,"Buffet ",25,16,5,"motorcycle",1,"No","Urban","Sandstorms","Low",1,"N",15
46,"Meal ",22,9,4.6,"motorcycle",0,"No","Metropolitan","Sandstorms","Jam ",1,"Y",15
20,"Snack ",33,13,4.7,"electric_scooter",0,"No","Urban","Sunny","Low ",1,"N",15
22,"Drinks ",36,21,4.7,"electric_scooter",0,"No","Metropolitan","Fog","Low ",0,"N",10
17,"Snack ",37,17,4.9,"scooter",1,"No","Semi-Urban","Stormy","Low ",0,"N",15
33,"Meal ",20,12,3.7,"scooter",2,"No","Metropolitan","Fog","Low ",1,"N",5
14,"Snack ",20,15,4.9,"scooter",2,"No","Urban","Sunny","Low",0,"N",15
54,"Meal ",39,7,4.4,"motorcycle",0,"No","Metropolitan","Sandstorms","Jam ",1,"N",5
32,"Drinks ",35,13,4.4,"electric_scooter",2,"No","Metropolitan","Sunny","Jam ",1,"N",10
19,"Snack ",21,2,5,"electric_scooter",1,"No","Metropolitan","Stormy","Low ",1,"Y",15
20,"Drinks ",34,16,4.9,"motorcycle",0,"No","Urban","Stormy","Jam",1,"Y",5
36,"Meal ",29,19,4.3,"motorcycle",2,"No","Metropolitan","Cloudy","Low ",1,"N",5
23,"Meal ",32,14,4.7,"scooter",1,"No","Metropolitan","Sunny","Jam ",1,"N",15
16,"Meal ",23,19,4.7,"scooter",2,"No","Urban","Windy","Jam",0,"N",10
23,"Buffet ",22,23,4.8,"motorcycle",0,"No","Urban","Sunny","Low ",1,"N",15
30,"Meal ",38,19,4.8,"scooter",2,"No","Urban","Sandstorms","High ",1,"N",10
27,"Drinks ",38,16,4.6,"electric_scooter",2,"No","Metropolitan","Windy","Jam ",1,"N",15
38,"Buffet ",28,14,4.4,"motorcycle",0,"No","Metropolitan","Windy","Jam ",0,"N",15
37,"Drinks ",33,21,4.4,"electric_scooter",2,"No","Metropolitan","Fog","Medium",1,"N",10
23,"Meal ",33,23,4.7,"scooter",2,"No","Metropolitan","Cloudy","Low ",0,"N",15
35,"Meal ",36,9,4.9,"scooter",2,"No","Metropolitan","Fog","Jam ",1,"Y",10
19,"Buffet ",33,19,4.8,"motorcycle",0,"No","Metropolitan","Sunny","Low ",0,"Y",10
21,"Drinks ",29,23,4.7,"motorcycle",1,"No","Metropolitan","Sunny","Low ",1,"N",5
28,"Buffet ",33,18,4.9,"motorcycle",1,"No","Metropolitan","Stormy","Jam ",1,"N",5
51,"Buffet ",21,8,4.5,"electric_scooter",0,"No","Semi-Urban","Fog","Jam ",2,"N",10
24,"Snack ",36,19,4.7,"electric_scooter",0,"No","Metropolitan","Sandstorms","Low ",1,"N",10
26,"Drinks ",34,18,5,"motorcycle",1,"No","Metropolitan","Cloudy","Low ",1,"N",10
20,"Meal ",39,21,4.7,"motorcycle",2,"No","Semi-Urban","Stormy","Low",0,"N",5
26,"Buffet ",35,23,4.6,"electric_scooter",2,"No","Semi-Urban","Sandstorms","Low ",1,"N",20
49,"Drinks ",33,22,4.7,"electric_scooter",0,"Yes","Urban","Cloudy","Jam ",1,"N",10
24,"Drinks ",26,17,4.8,"electric_scooter",0,"No","Metropolitan","Stormy","High ",1,"N",10
25,"Buffet ",24,23,4.8,"scooter",1,"No","Urban","Fog","Medium",1,"N",5
29,"Buffet ",33,13,4.3,"electric_scooter",0,"No","Urban","Sandstorms","Low ",1,"N",10
20,"Meal ",36,17,4.7,"motorcycle",0,"No","Urban","Stormy","Low",1,"N",10
31,"Meal ",26,16,4.6,"motorcycle",0,"No","Semi-Urban","Windy","Jam ",0,"N",10
17,"Drinks ",23,9,4.8,"motorcycle",0,"No","Urban","Stormy","Jam ",1,"N",5
26,"Buffet ",33,23,4.3,"motorcycle",0,"No","Metropolitan","Windy","Low ",1,"N",15
31,"Drinks ",34,12,3.8,"electric_scooter",2,"No","Metropolitan","Sunny","Jam ",1,"N",10
32,"Drinks ",33,12,5,"electric_scooter",2,"No","Metropolitan","Windy","Jam ",1,"N",10
30,"Snack ",20,23,4.9,"motorcycle",0,"No","Semi-Urban","Cloudy","Medium",1,"N",15
32,"Snack ",27,5,4.6,"motorcycle",1,"No","Semi-Urban","Fog","High ",0,"N",10
33,"Meal ",27,3,4.4,"motorcycle",1,"No","Semi-Urban","Cloudy","Jam ",1,"N",10
16,"Meal ",35,4,4.9,"motorcycle",1,"No","Urban","Windy","Medium",1,"N",10
36,"Drinks ",27,16,5,"motorcycle",0,"No","Urban","Sandstorms","High",1,"N",15
25,"Drinks ",33,22,4.9,"electric_scooter",2,"No","Urban","Sandstorms","Low",1,"N",10
23,"Buffet ",23,22,4.8,"motorcycle",0,"No","Urban","Stormy","Low",1,"N",10
25,"Buffet ",26,19,4.9,"scooter",1,"No","Metropolitan","Windy","Low",1,"N",5
25,"Drinks ",36,16,4.7,"motorcycle",1,"No","Urban","Stormy","Medium",1,"N",15
17,"Snack ",21,9,4.7,"motorcycle",1,"No","Metropolitan","Fog","Low ",1,"N",15
14,"Buffet ",25,16,4.7,"scooter",1,"No","Metropolitan","Sunny","Jam ",1,"Y",5
32,"Snack ",34,6,4,"scooter",2,"No","Metropolitan","Sandstorms","Jam ",0,"N",15
22,"Drinks ",39,5,4.9,"motorcycle",0,"No","Urban","Cloudy","Medium",0,"N",15
21,"Meal ",37,21,4.7,"scooter",2,"No","Metropolitan","Fog","High ",1,"N",15
37,"Snack ",35,11,4.6,"motorcycle",0,"No","Metropolitan","Sandstorms","Jam ",0,"N",15
12,"Buffet ",22,16,4.7,"motorcycle",1,"No","Urban","Sandstorms","Medium",0,"N",15
26,"Buffet ",21,19,4.8,"scooter",2,"No","Semi-Urban","Windy","Low ",1,"N",5
17,"Snack ",26,9,4.8,"scooter",1,"No","Metropolitan","Fog","High ",1,"N",15
31,"Buffet ",22,3,3.9,"motorcycle",2,"No","Metropolitan","Sandstorms","Jam",1,"N",10
34,"Meal ",26,4,4.8,"electric_scooter",2,"No","Metropolitan","Stormy","Jam ",1,"N",5
34,"Buffet ",39,4,4,"motorcycle",1,"No","Semi-Urban","Fog","Jam ",0,"Y",10
20,"Buffet ",36,23,5,"motorcycle",2,"No","Metropolitan","Stormy","Low ",1,"N",15
24,"Snack ",32,5,4.5,"scooter",1,"No","Urban","Stormy","Low",0,"N",15
20,"Buffet ",29,19,4.9,"scooter",2,"No","Metropolitan","Sunny","Low ",0,"N",10
24,"Buffet ",20,3,4.5,"motorcycle",1,"No","Semi-Urban","Stormy","High ",1,"Y",15
31,"Snack ",23,9,4.7,"motorcycle",1,"No","Metropolitan","Stormy","High ",1,"N",15
13,"Meal ",38,22,4.9,"electric_scooter",2,"No","Semi-Urban","Sunny","Jam ",0,"N",15
10,"Buffet ",32,23,4.6,"motorcycle",1,"No","Metropolitan","Windy","Jam ",0,"N",10
11,"Meal ",24,23,4.9,"electric_scooter",1,"No","Metropolitan","Sunny","High ",0,"Y",15
16,"Buffet ",31,3,4.5,"motorcycle",0,"No","Urban","Stormy","Medium",1,"N",5
33,"Meal ",26,8,3.5,"scooter",2,"No","Metropolitan","Cloudy","Low ",1,"N",20
22,"Drinks ",38,23,4.7,"motorcycle",1,"No","Metropolitan","Sandstorms","Medium",1,"N",5
30,"Drinks ",35,16,4.5,"motorcycle",2,"No","Metropolitan","Windy","Medium",1,"N",10
19,"Buffet ",22,2,4.5,"electric_scooter",0,"No","Metropolitan","Sunny","Low",1,"N",15
15,"Meal ",34,18,4.9,"scooter",2,"No","Metropolitan","Sunny","Low ",1,"N",15
19,"Drinks ",33,6,4.7,"motorcycle",1,"No","Semi-Urban","Stormy","Medium",1,"N",15
20,"Drinks ",26,22,5,"motorcycle",0,"No","Metropolitan","Cloudy","Low ",0,"Y",5
37,"Buffet ",23,11,3.6,"scooter",2,"No","Urban","Stormy","Medium",1,"N",5
23,"Drinks ",28,9,4.6,"scooter",1,"No","Metropolitan","Sunny","Medium",0,"N",15
38,"Snack ",30,14,5,"motorcycle",0,"No","Metropolitan","Windy","Jam ",1,"N",5
26,"Snack ",30,23,4.6,"motorcycle",0,"No","Semi-Urban","Stormy","High ",1,"N",5
50,"Snack ",29,11,4.8,"motorcycle",0,"Yes","Metropolitan","Stormy","Jam ",1,"N",10
16,"Drinks ",20,12,4.9,"motorcycle",0,"No","Urban","Windy","Medium",0,"N",10
25,"Buffet ",35,23,4.9,"motorcycle",0,"No","Semi-Urban","Sandstorms","Jam ",1,"N",5
25,"Meal ",31,17,4.7,"motorcycle",2,"No","Urban","Sandstorms","Low",1,"N",5
31,"Snack ",29,9,3.9,"scooter",2,"No","Metropolitan","Stormy","Jam ",0,"N",15
43,"Drinks ",26,10,2.6,"electric_scooter",1,"No","Semi-Urban","Sunny","Low ",1,"N",15
18,"Drinks ",25,5,4.6,"scooter",2,"No","Metropolitan","Sandstorms","Jam ",1,"N",15
29,"Buffet ",30,18,4.5,"motorcycle",0,"No","Urban","Stormy","Low ",1,"N",15
12,"Snack ",25,19,4.5,"motorcycle",1,"No","Urban","Stormy","Low",0,"N",20
19,"Drinks ",25,15,4.6,"electric_scooter",2,"No","Semi-Urban","Sandstorms","Low ",1,"N",10
15,"Snack ",28,23,4.5,"scooter",1,"No","Urban","Windy","Jam",0,"N",15
46,"Snack ",22,23,5,"motorcycle",2,"No","Semi-Urban","Fog","Jam",2,"Y",5
53,"Snack ",31,15,4.9,"motorcycle",0,"Yes","Metropolitan","Windy","Jam ",3,"N",10
33,"Snack ",22,11,4.8,"electric_scooter",2,"No","Metropolitan","Cloudy","Medium",1,"N",15
11,"Drinks ",35,16,4.9,"motorcycle",1,"No","Urban","Sandstorms","Low",0,"Y",15
11,"Buffet ",37,23,4.6,"electric_scooter",1,"No","Metropolitan","Sunny","Low ",1,"Y",15
51,"Snack ",25,7,4.6,"motorcycle",0,"No","Urban","Fog","Jam ",1,"N",10
31,"Drinks ",37,19,4.7,"scooter",2,"No","Metropolitan","Sandstorms","Jam ",0,"Y",5
40,"Buffet ",33,11,5,"electric_scooter",0,"No","Semi-Urban","Fog","Jam ",2,"N",15
18,"Buffet ",27,9,4.8,"scooter",2,"No","Semi-Urban","Sunny","Jam ",1,"N",15
16,"Buffet ",36,23,4.5,"motorcycle",1,"No","Metropolitan","Fog","Low ",1,"N",15
26,"Buffet ",38,12,4.6,"electric_scooter",2,"No","Urban","Cloudy","Low ",1,"Y",5
37,"Snack ",36,6,4.8,"motorcycle",2,"No","Metropolitan","Cloudy","Medium",1,"Y",15
31,"Drinks ",26,9,4.2,"motorcycle",0,"No","Semi-Urban","Windy","Low ",0,"N",15
18,"Snack ",21,11,4.7,"scooter",2,"No","Metropolitan","Sunny","Medium",0,"Y",5
40,"Meal ",39,9,4.6,"motorcycle",0,"No","Semi-Urban","Windy","Jam ",1,"N",5
19,"Snack ",39,1,4.7,"scooter",1,"No","Urban","Cloudy","Medium",1,"N",5
26,"Drinks ",30,7,4.8,"motorcycle",0,"No","Metropolitan","Sunny","Low ",1,"N",10
23,"Buffet ",22,9,4.9,"scooter",2,"No","Metropolitan","Stormy","Jam ",0,"N",10
43,"Buffet ",39,17,5,"motorcycle",0,"No","Semi-Urban","Windy","Jam",1,"N",5
23,"Drinks ",32,4,4.5,"electric_scooter",0,"No","Urban","Sandstorms","Low",0,"N",5
19,"Drinks ",29,19,4.7,"motorcycle",0,"No","Urban","Fog","Low",1,"N",10
30,"Drinks ",24,9,4.6,"motorcycle",0,"No","Metropolitan","Stormy","Medium",0,"N",10
13,"Buffet ",23,19,4.9,"electric_scooter",2,"No","Urban","Sandstorms","Low",0,"N",5
18,"Drinks ",26,22,4.6,"motorcycle",1,"No","Urban","Sandstorms","Low ",1,"N",15
47,"Snack ",27,6,4,"motorcycle",0,"No","Semi-Urban","Stormy","Jam ",1,"N",15
10,"Snack ",34,23,4.9,"scooter",2,"No","Semi-Urban","Windy","Jam ",0,"Y",15
43,"Buffet ",27,5,4,"motorcycle",0,"Yes","Metropolitan","Stormy","Jam ",0,"N",10
17,"Snack ",37,17,4.8,"motorcycle",1,"No","Metropolitan","Fog","Low ",1,"N",10
40,"Snack ",38,16,4.4,"motorcycle",1,"No","Metropolitan","Cloudy","Jam ",1,"N",10
47,"Snack ",37,1,4.8,"motorcycle",0,"No","Urban","Sandstorms","Medium",0,"Y",10
48,"Buffet ",21,23,4.7,"motorcycle",0,"Yes","Semi-Urban","Fog","Jam",1,"N",15
29,"Buffet ",26,3,4.7,"electric_scooter",0,"No","Metropolitan","Sandstorms","Low ",1,"N",5
10,"Buffet ",31,18,4.9,"scooter",1,"No","Metropolitan","Sunny","Medium",1,"N",10
28,"Snack ",30,9,5,"motorcycle",0,"No","Metropolitan","Cloudy","Jam ",1,"N",15
29,"Snack ",34,19,4.9,"scooter",1,"No","Semi-Urban","Windy","Jam",0,"Y",15
19,"Drinks ",38,5,4.5,"electric_scooter",2,"No","Urban","Cloudy","Medium",1,"N",15
28,"Buffet ",38,18,4.9,"electric_scooter",2,"No","Metropolitan","Fog","Jam ",1,"N",15
40,"Meal ",33,16,4,"electric_scooter",2,"No","Metropolitan","Cloudy","Medium",1,"N",10
15,"Drinks ",32,19,4.5,"electric_scooter",2,"No","Metropolitan","Sunny","Medium",1,"N",5
29,"Buffet ",36,2,4.9,"motorcycle",0,"No","Metropolitan","Stormy","Medium",1,"N",10
20,"Meal ",26,12,4.9,"scooter",1,"No","Urban","Sunny","Jam ",0,"Y",5
12,"Buffet ",28,23,4.7,"scooter",2,"No","Metropolitan","Sunny","Low ",1,"N",10
27,"Meal ",22,21,4.7,"motorcycle",2,"No","Urban","Windy","Medium",0,"N",10
33,"Buffet ",27,18,4.6,"motorcycle",0,"No","Urban","Sandstorms","Medium",1,"N",10
42,"Meal ",37,23,4.4,"motorcycle",0,"Yes","Metropolitan","Windy","Jam ",1,"N",10
27,"Drinks ",24,2,5,"motorcycle",0,"No","Metropolitan","Fog","High ",1,"N",10
25,"Meal ",24,15,4.5,"motorcycle",0,"No","Urban","Sunny","Medium",0,"N",5
25,"Snack ",37,22,4.9,"motorcycle",0,"No","Metropolitan","Fog","Medium",0,"N",10
48,"Drinks ",31,11,5,"motorcycle",0,"No","Urban","Fog","Jam ",1,"N",5
27,"Drinks ",23,21,4.5,"motorcycle",0,"No","Metropolitan","Fog","Medium",0,"N",10
27,"Snack ",33,6,4.7,"motorcycle",0,"No","Semi-Urban","Sunny","Low ",0,"N",15
40,"Meal ",21,5,4.4,"electric_scooter",2,"No","Metropolitan","Sandstorms","Jam ",1,"N",15
37,"Meal ",25,22,4.4,"motorcycle",1,"No","Semi-Urban","Sandstorms","Medium",1,"N",5
33,"Drinks ",24,7,4.9,"motorcycle",0,"No","Urban","Stormy","Medium",1,"N",15
21,"Snack ",23,4,4.5,"motorcycle",1,"No","Urban","Sunny","Jam",0,"N",15
16,"Meal ",29,23,4.9,"motorcycle",0,"No","Metropolitan","Sunny","Low ",0,"Y",5
19,"Meal ",28,15,4.9,"motorcycle",0,"No","Metropolitan","Windy","Jam ",0,"Y",10
26,"Snack ",37,21,4.9,"motorcycle",1,"No","Urban","Stormy","Medium",1,"Y",15
38,"Snack ",39,9,4.9,"motorcycle",0,"No","Semi-Urban","Fog","Jam ",1,"Y",10
28,"Meal ",34,21,4.6,"motorcycle",0,"No","Metropolitan","Windy","Low ",1,"N",5
26,"Drinks ",30,21,4.8,"electric_scooter",2,"No","Metropolitan","Fog","Low ",1,"Y",15
37,"Meal ",25,6,4.2,"scooter",1,"No","Metropolitan","Fog","High ",1,"N",10
22,"Buffet ",28,23,4.6,"motorcycle",0,"No","Urban","Sunny","Medium",0,"Y",5
24,"Drinks ",39,19,4.7,"scooter",1,"No","Urban","Sandstorms","Jam ",1,"N",5
30,"Buffet ",37,13,4.6,"scooter",1,"No","Semi-Urban","Sandstorms","Jam ",1,"Y",15
14,"Buffet ",32,5,4.6,"motorcycle",1,"No","Urban","Sandstorms","Low",0,"N",15
43,"Snack ",34,17,4.6,"scooter",0,"No","Metropolitan","Sunny","Low ",1,"Y",10
19,"Meal ",32,9,4.7,"motorcycle",2,"No","Urban","Sunny","Low ",0,"N",10
33,"Meal ",21,8,4,"electric_scooter",2,"No","Metropolitan","Cloudy","Medium",1,"Y",15
18,"Snack ",30,23,4.6,"scooter",1,"No","Semi-Urban","Fog","Low ",1,"Y",5
23,"Buffet ",21,19,4.7,"motorcycle",1,"No","Metropolitan","Sunny","Low ",0,"Y",10
33,"Meal ",20,17,5,"motorcycle",0,"No","Urban","Fog","High",1,"N",15
28,"Meal ",29,8,4.8,"motorcycle",1,"No","Metropolitan","Sandstorms","Medium",1,"N",10
15,"Buffet ",22,23,4.7,"scooter",1,"No","Metropolitan","Sandstorms","Low ",0,"N",15
27,"Snack ",35,22,4.9,"motorcycle",0,"No","Semi-Urban","Sunny","Low ",1,"N",5
29,"Meal ",31,1,4.5,"scooter",1,"No","Metropolitan","Windy","Jam ",1,"N",10
24,"Drinks ",28,21,4.9,"motorcycle",2,"No","Urban","Sandstorms","Low ",1,"N",5
41,"Buffet ",38,18,4.7,"electric_scooter",0,"No","Urban","Cloudy","Low",2,"N",20
20,"Buffet ",38,19,4.7,"motorcycle",2,"No","Metropolitan","Windy","Low ",0,"Y",10
19,"Drinks ",21,16,4.8,"electric_scooter",1,"No","Urban","Windy","Jam",0,"N",10
29,"Meal ",25,16,5,"motorcycle",0,"No","Semi-Urban","Windy","High ",1,"N",5
16,"Buffet ",23,15,4.7,"scooter",2,"No","Urban","Sandstorms","Jam",1,"N",5
26,"Snack ",39,13,4.2,"motorcycle",0,"No","Metropolitan","Windy","Low ",1,"N",15
18,"Meal ",30,4,4.5,"electric_scooter",2,"No","Urban","Cloudy","Medium",0,"Y",5
12,"Snack ",32,23,5,"scooter",2,"No","Urban","Sandstorms","Low",1,"N",5
48,"Buffet ",21,4,4.2,"motorcycle",0,"No","Urban","Sandstorms","Medium",1,"N",10
25,"Snack ",32,16,4.8,"scooter",1,"No","Urban","Cloudy","Low",0,"N",15
15,"Buffet ",29,17,4.9,"motorcycle",0,"No","Metropolitan","Sandstorms","Low",1,"Y",15
27,"Meal ",32,13,4.9,"motorcycle",1,"No","Metropolitan","Sandstorms","High ",1,"N",5
36,"Drinks ",20,5,4.1,"scooter",2,"No","Metropolitan","Fog","Jam ",1,"N",15
21,"Snack ",32,9,4.7,"motorcycle",0,"No","Semi-Urban","Sunny","Low ",0,"Y",10
40,"Snack ",22,3,3.8,"motorcycle",1,"No","Metropolitan","Stormy","Jam ",1,"N",5
21,"Meal ",26,7,4.9,"scooter",2,"No","Metropolitan","Sunny","Low ",1,"N",10
21,"Drinks ",28,12,4.9,"motorcycle",0,"No","Urban","Sunny","Low ",1,"N",10
39,"Meal ",39,13,4.3,"motorcycle",1,"No","Metropolitan","Fog","Medium",1,"Y",10
23,"Drinks ",39,15,5,"electric_scooter",2,"No","Metropolitan","Windy","Medium",1,"N",10
30,"Drinks ",23,8,4.8,"electric_scooter",1,"No","Semi-Urban","Stormy","Medium",1,"N",5
15,"Meal ",35,6,4.4,"scooter",0,"No","Urban","Sandstorms","Low",1,"N",10
20,"Drinks ",20,18,4.8,"scooter",1,"No","Metropolitan","Sandstorms","Low ",1,"N",15
28,"Meal ",21,17,4.7,"motorcycle",1,"No","Urban","Windy","Medium",1,"N",15
17,"Drinks ",38,3,4.8,"scooter",2,"No","Metropolitan","Sandstorms","Low ",0,"N",5
28,"Drinks ",23,23,4.7,"motorcycle",1,"No","Metropolitan","Cloudy","Jam ",1,"N",5
32,"Buffet ",30,13,4.1,"electric_scooter",2,"No","Semi-Urban","Fog","High ",0,"N",10
33,"Buffet ",37,9,4.6,"motorcycle",0,"No","Urban","Windy","Jam ",1,"N",10
24,"Snack ",38,4,4.7,"scooter",1,"No","Metropolitan","Windy","Jam ",0,"Y",10
34,"Meal ",25,3,4,"electric_scooter",0,"No","Urban","Stormy","Medium",0,"N",10
15,"Snack ",21,18,4.8,"electric_scooter",2,"No","Urban","Stormy","Low",1,"N",10
29,"Drinks ",24,22,4.8,"motorcycle",1,"No","Metropolitan","Windy","Medium",1,"N",15
37,"Meal ",24,5,4.8,"motorcycle",0,"No","Semi-Urban","Stormy","Medium",0,"N",10
23,"Buffet ",39,23,4.6,"motorcycle",0,"No","Metropolitan","Cloudy","Low ",1,"N",15
21,"Snack ",21,12,5,"motorcycle",2,"No","Metropolitan","Stormy","Jam ",1,"N",10
22,"Snack ",33,18,5,"electric_scooter",1,"No","Urban","Stormy","Medium",1,"N",5
44,"Buffet ",30,23,4.9,"electric_scooter",2,"No","Urban","Fog","Medium",1,"Y",15
30,"Meal ",37,2,4.8,"electric_scooter",1,"No","Metropolitan","Fog","Jam ",1,"N",15
43,"Drinks ",28,2,3.9,"scooter",2,"No","Metropolitan","Sandstorms","Jam ",1,"N",15
15,"Drinks ",32,13,4.7,"electric_scooter",1,"No","Metropolitan","Windy","Low ",1,"Y",5
38,"Buffet ",35,8,4.1,"electric_scooter",1,"No","Metropolitan","Sandstorms","Jam ",1,"Y",5
22,"Meal ",39,23,4.8,"motorcycle",0,"No","Semi-Urban","Sunny","High",1,"N",15
27,"Snack ",34,9,4.8,"motorcycle",0,"No","Metropolitan","Fog","Jam ",1,"Y",15
14,"Meal ",31,18,4.9,"scooter",2,"No","Metropolitan","Windy","Low ",1,"N",15
33,"Meal ",26,16,4.6,"scooter",2,"No","Semi-Urban","Fog","Medium",0,"N",15
45,"Meal ",38,15,4.7,"motorcycle",0,"No","Urban","Stormy","Jam ",1,"N",15
26,"Buffet ",26,7,4.3,"motorcycle",0,"No","Metropolitan","Windy","Low ",1,"N",15
34,"Buffet ",38,18,4.9,"scooter",1,"No","Metropolitan","Cloudy","High ",1,"N",10
27,"Snack ",30,21,4.7,"scooter",1,"No","Urban","Cloudy","Low",1,"N",5
29,"Buffet ",32,23,4.9,"electric_scooter",2,"No","Semi-Urban","Stormy","Jam ",0,"N",15
26,"Drinks ",27,9,4.7,"motorcycle",1,"No","Metropolitan","Windy","High ",1,"N",5
46,"Drinks ",31,7,4.7,"motorcycle",0,"No","Metropolitan","Fog","Jam ",0,"N",15
16,"Meal ",23,9,4.9,"scooter",0,"No","Metropolitan","Sandstorms","Medium",0,"Y",15
43,"Meal ",34,6,4.4,"motorcycle",2,"No","Urban","Stormy","Jam ",1,"N",15
16,"Buffet ",38,18,4.9,"scooter",0,"No","Metropolitan","Sandstorms","Jam ",0,"N",15
30,"Snack ",21,5,4.7,"motorcycle",1,"No","Metropolitan","Cloudy","High ",1,"N",5
20,"Snack ",21,1,4.3,"motorcycle",0,"No","Urban","Stormy","Low",1,"N",10
26,"Meal ",37,21,5,"motorcycle",0,"No","Semi-Urban","Sandstorms","Medium",1,"N",15
33,"Snack ",37,3,4,"electric_scooter",1,"No","Metropolitan","Stormy","Medium",1,"N",10
14,"Meal ",32,19,4.5,"electric_scooter",2,"No","Metropolitan","Sunny","High ",0,"N",15
16,"Snack ",30,12,4.9,"motorcycle",2,"No","Metropolitan","Windy","Low ",0,"Y",10
23,"Snack ",34,14,4.7,"scooter",2,"No","Semi-Urban","Sunny","High ",0,"N",15
20,"Drinks ",32,23,4.5,"electric_scooter",0,"No","Metropolitan","Fog","Jam ",1,"N",15
40,"Meal ",21,19,4.6,"motorcycle",1,"No","Semi-Urban","Cloudy","Jam",1,"N",10
24,"Snack ",33,21,4.8,"motorcycle",0,"No","Semi-Urban","Sandstorms","Low ",1,"N",15
29,"Snack ",21,21,5,"electric_scooter",0,"No","Metropolitan","Sunny","High ",1,"N",15
24,"Drinks ",31,6,4.3,"scooter",0,"No","Urban","Windy","Low",1,"N",5
21,"Buffet ",33,18,5,"scooter",2,"No","Metropolitan","Sandstorms","Medium",1,"Y",5
31,"Snack ",20,4,3.7,"scooter",2,"No","Metropolitan","Stormy","Medium",1,"N",15
23,"Drinks ",38,21,4.8,"electric_scooter",0,"No","Metropolitan","Cloudy","Medium",0,"Y",15
19,"Meal ",36,19,4.6,"electric_scooter",1,"No","Urban","Fog","Low",0,"N",15
18,"Meal ",23,16,4.6,"motorcycle",0,"No","Metropolitan","Windy","Low ",0,"N",5
16,"Meal ",21,21,4.8,"scooter",2,"No","Urban","Stormy","Low",1,"Y",10
11,"Snack ",35,18,4.5,"motorcycle",0,"No","Metropolitan","Stormy","Medium",1,"Y",5
15,"Buffet ",36,19,4.9,"motorcycle",2,"No","Metropolitan","Sunny","High ",1,"N",15
16,"Snack ",35,3,4.1,"motorcycle",0,"No","Metropolitan","Stormy","Low ",1,"Y",5
28,"Buffet ",35,14,4.6,"motorcycle",2,"No","Metropolitan","Sandstorms","Medium",0,"N",15
28,"Drinks ",34,16,4.7,"motorcycle",0,"No","Metropolitan","Sunny","High ",1,"N",15
30,"Drinks ",22,6,4.8,"motorcycle",0,"No","Semi-Urban","Sunny","Jam ",1,"N",15
48,"Meal ",35,13,4,"electric_scooter",0,"No","Semi-Urban","Windy","Medium",3,"Y",15
28,"Meal ",32,23,4.8,"scooter",1,"No","Metropolitan","Cloudy","Medium",0,"Y",5
30,"Buffet ",34,21,4.5,"motorcycle",0,"No","Semi-Urban","Stormy","Jam ",1,"N",5
23,"Buffet ",24,19,4.3,"motorcycle",0,"No","Metropolitan","Sandstorms","Low ",1,"N",5
38,"Buffet ",38,23,4.7,"motorcycle",0,"No","Metropolitan","Stormy","Jam ",1,"Y",10
25,"Snack ",38,22,4.8,"electric_scooter",0,"No","Semi-Urban","Sunny","Jam ",1,"N",15
26,"Meal ",28,4,4.8,"motorcycle",0,"No","Metropolitan","Sandstorms","Jam ",1,"N",15
16,"Buffet ",32,18,4.6,"scooter",2,"No","Metropolitan","Fog","Medium",1,"N",10
49,"Drinks ",28,13,4.7,"motorcycle",0,"No","Urban","Sandstorms","Medium",2,"Y",5
42,"Meal ",38,13,3.9,"motorcycle",2,"No","Metropolitan","Sandstorms","Jam ",0,"N",5
16,"Drinks ",20,18,4.5,"motorcycle",2,"No","Metropolitan","Sunny","High ",1,"Y",15
26,"Meal ",27,15,4.7,"electric_scooter",1,"No","Metropolitan","Sandstorms","Jam ",0,"N",15
33,"Buffet ",35,9,4.6,"electric_scooter",2,"No","Metropolitan","Stormy","Jam ",1,"N",5
20,"Buffet ",20,19,4.8,"motorcycle",0,"No","Metropolitan","Sunny","High ",1,"N",15
27,"Meal ",31,18,4.7,"motorcycle",0,"No","Metropolitan","Fog","Jam ",0,"N",15
18,"Meal ",37,2,4.5,"motorcycle",1,"No","Metropolitan","Sunny","Medium",0,"N",15
35,"Buffet ",30,9,4.8,"motorcycle",1,"No","Metropolitan","Fog","Medium",1,"Y",10
26,"Drinks ",33,11,4.6,"scooter",2,"No","Metropolitan","Cloudy","Low ",1,"N",5
24,"Drinks ",39,19,4.7,"scooter",1,"No","Urban","Sandstorms","Jam ",1,"N",5
19,"Buffet ",22,13,4.6,"scooter",2,"No","Semi-Urban","Sandstorms","Low ",0,"N",15
29,"Drinks ",24,4,4.8,"scooter",2,"No","Urban","Windy","Jam ",1,"N",5
19,"Drinks ",39,15,4.9,"motorcycle",1,"No","Urban","Cloudy","Low",1,"N",5
15,"Snack ",30,9,4.9,"electric_scooter",1,"No","Semi-Urban","Sandstorms","High ",1,"N",15
16,"Drinks ",38,19,4.9,"motorcycle",1,"No","Urban","Sandstorms","Low",0,"N",15
28,"Buffet ",21,9,4.8,"motorcycle",1,"No","Urban","Cloudy","High ",1,"N",10
38,"Snack ",30,16,4.5,"motorcycle",0,"No","Metropolitan","Fog","Jam ",1,"N",5
29,"Drinks ",29,3,5,"motorcycle",1,"No","Metropolitan","Windy","Medium",1,"N",5
30,"Meal ",24,17,4.7,"electric_scooter",1,"No","Urban","Windy","Jam",1,"Y",15
18,"Buffet ",20,19,4.8,"motorcycle",2,"No","Urban","Sandstorms","Jam ",1,"Y",10
18,"Snack ",27,22,5,"motorcycle",1,"No","Urban","Fog","Low ",0,"Y",15
19,"Meal ",38,5,4.7,"motorcycle",1,"No","Semi-Urban","Fog","Medium",1,"N",15
20,"Drinks ",29,3,4.5,"scooter",0,"No","Metropolitan","Fog","Low ",1,"N",5
19,"Meal ",24,23,4.9,"electric_scooter",1,"No","Urban","Fog","Low",0,"N",15
37,"Meal ",34,3,4.8,"scooter",2,"No","Urban","Fog","Jam",1,"Y",15
20,"Drinks ",24,19,5,"motorcycle",1,"No","Urban","Fog","Low",1,"N",15
11,"Buffet ",21,16,4.9,"scooter",1,"No","Urban","Stormy","Low",0,"N",10
25,"Snack ",36,18,4.6,"motorcycle",1,"No","Metropolitan","Stormy","Low ",1,"Y",20
24,"Meal ",24,13,4.8,"scooter",2,"No","Metropolitan","Windy","Jam ",1,"N",15
23,"Buffet ",30,19,4.7,"scooter",1,"No","Semi-Urban","Fog","Low",1,"N",5
27,"Meal ",24,17,4.9,"electric_scooter",1,"No","Metropolitan","Stormy","Low ",1,"N",15
28,"Drinks ",37,18,4.6,"scooter",1,"No","Metropolitan","Windy","Jam ",1,"Y",15
17,"Meal ",22,6,4.5,"scooter",1,"No","Urban","Stormy","Jam",0,"N",5
27,"Snack ",20,22,4.8,"scooter",2,"No","Metropolitan","Fog","Low ",0,"N",15
22,"Drinks ",29,9,4.8,"motorcycle",1,"No","Metropolitan","Windy","Medium",1,"Y",10
31,"Drinks ",38,11,4.4,"scooter",1,"No","Metropolitan","Stormy","Medium",1,"N",15
17,"Drinks ",38,16,4.7,"motorcycle",1,"No","Metropolitan","Sunny","Medium",1,"Y",5
34,"Snack ",35,13,4.8,"electric_scooter",0,"No","Metropolitan","Stormy","Medium",2,"Y",10
19,"Drinks ",38,23,4.5,"motorcycle",1,"No","Metropolitan","Sunny","Jam ",1,"Y",15
15,"Snack ",38,15,4.6,"electric_scooter",2,"No","Urban","Stormy","Low",1,"Y",15
19,"Snack ",33,5,5,"electric_scooter",1,"No","Semi-Urban","Fog","Medium",1,"N",15
26,"Snack ",37,14,4.9,"motorcycle",1,"No","Urban","Sandstorms","Medium",1,"N",15
18,"Meal ",23,3,4.8,"motorcycle",1,"No","Urban","Sandstorms","Low ",1,"N",15
19,"Buffet ",24,18,4.7,"motorcycle",0,"No","Semi-Urban","Stormy","Low",0,"N",20
29,"Buffet ",24,21,4.7,"electric_scooter",1,"No","Urban","Sandstorms","Medium",1,"N",10
38,"Snack ",26,9,4.3,"motorcycle",2,"No","Metropolitan","Cloudy","Jam ",0,"N",10
29,"Snack ",28,18,4.9,"motorcycle",1,"No","Urban","Cloudy","Jam",0,"Y",10
32,"Meal ",31,6,4,"motorcycle",0,"No","Metropolitan","Sandstorms","High ",1,"N",10
12,"Drinks ",24,15,4.7,"motorcycle",1,"No","Metropolitan","Sunny","Medium",1,"Y",5
14,"Drinks ",25,4,4.9,"motorcycle",2,"No","Urban","Windy","Low ",1,"N",10
21,"Drinks ",24,14,4.9,"scooter",2,"No","Metropolitan","Sandstorms","Jam ",0,"N",15
20,"Drinks ",24,22,4.9,"electric_scooter",1,"No","Urban","Cloudy","Jam",0,"Y",15
20,"Drinks ",39,17,4.4,"motorcycle",0,"No","Urban","Stormy","Low",1,"N",10
25,"Snack ",23,23,4.7,"motorcycle",1,"No","Metropolitan","Fog","Low ",1,"Y",5
16,"Buffet ",21,23,4.8,"scooter",1,"No","Metropolitan","Windy","Low ",1,"N",10
26,"Meal ",22,16,4.7,"motorcycle",2,"No","Metropolitan","Sunny","Medium",1,"Y",5
25,"Drinks ",22,23,5,"electric_scooter",2,"No","Urban","Sandstorms","Jam",1,"N",5
19,"Buffet ",39,3,4.5,"motorcycle",0,"No","Metropolitan","Fog","Low ",1,"N",5
11,"Buffet ",35,18,4.8,"scooter",1,"No","Urban","Fog","Medium",1,"N",5
20,"Buffet ",32,22,4.9,"motorcycle",0,"No","Urban","Fog","Low",1,"N",5
16,"Drinks ",29,9,4.8,"electric_scooter",0,"No","Metropolitan","Windy","High ",1,"N",15
28,"Drinks ",26,19,4.9,"motorcycle",0,"No","Metropolitan","Cloudy","Jam ",1,"Y",15
36,"Snack ",28,1,4.2,"electric_scooter",0,"No","Urban","Sandstorms","High",1,"N",10
13,"Meal ",28,6,4.8,"electric_scooter",2,"No","Semi-Urban","Sandstorms","Jam",1,"N",10
28,"Meal ",39,9,4.8,"motorcycle",0,"No","Metropolitan","Cloudy","Jam ",0,"N",15
29,"Meal ",28,3,4.8,"scooter",0,"No","Metropolitan","Sunny","Medium",1,"Y",15
48,"Drinks ",31,12,4.7,"motorcycle",0,"Yes","Metropolitan","Fog","Jam ",1,"N",5
40,"Snack ",20,18,4.6,"motorcycle",0,"No","Metropolitan","Cloudy","Jam ",1,"Y",10
26,"Drinks ",34,18,5,"motorcycle",1,"No","Metropolitan","Cloudy","Low ",1,"N",10
18,"Snack ",27,13,4.9,"electric_scooter",2,"No","Metropolitan","Cloudy","Medium",1,"N",5
27,"Meal ",22,21,4.3,"motorcycle",0,"No","Semi-Urban","Sandstorms","Low ",0,"N",15
18,"Drinks ",20,18,5,"motorcycle",0,"No","Metropolitan","Windy","Low ",0,"N",15
32,"Drinks ",31,2,4.9,"motorcycle",0,"No","Metropolitan","Windy","Medium",0,"N",5
30,"Meal ",39,17,4.7,"electric_scooter",1,"No","Metropolitan","Cloudy","High ",1,"N",15
24,"Drinks ",37,3,4.7,"scooter",1,"No","Metropolitan","Stormy","Low ",0,"N",5
21,"Drinks ",30,13,4.1,"motorcycle",0,"No","Metropolitan","Windy","Low ",0,"N",5
29,"Drinks ",33,22,4.8,"scooter",2,"No","Metropolitan","Sunny","Jam ",0,"N",5
36,"Drinks ",39,3,4.4,"motorcycle",1,"No","Semi-Urban","Fog","Jam ",1,"N",5
31,"Drinks ",27,13,4.6,"scooter",0,"No","Metropolitan","Sandstorms","Jam ",1,"N",10
36,"Snack ",34,18,4.6,"scooter",2,"No","Urban","Sunny","Jam ",0,"N",10
24,"Buffet ",33,22,4.7,"electric_scooter",2,"No","Urban","Stormy","Low",1,"N",20
25,"Drinks ",36,4,4,"scooter",0,"No","Urban","Windy","Low",1,"Y",5
20,"Buffet ",38,9,4.2,"motorcycle",0,"No","Urban","Sandstorms","Low ",0,"N",15
23,"Meal ",34,9,4.6,"motorcycle",0,"No","Metropolitan","Cloudy","Low ",1,"Y",5
36,"Buffet ",29,16,4.4,"electric_scooter",1,"No","Metropolitan","Fog","High ",0,"N",5
26,"Meal ",31,17,4.9,"electric_scooter",1,"No","Urban","Sandstorms","Medium",1,"N",15
26,"Snack ",38,18,4.5,"motorcycle",2,"No","Metropolitan","Sandstorms","Medium",1,"N",5
25,"Buffet ",28,9,4.8,"scooter",2,"No","Metropolitan","Sandstorms","Low ",1,"N",15
26,"Buffet ",35,19,4.9,"motorcycle",2,"No","Urban","Cloudy","High",1,"N",10
38,"Drinks ",34,21,4.7,"scooter",1,"No","Semi-Urban","Cloudy","Jam ",1,"N",10
44,"Buffet ",22,17,4.9,"motorcycle",0,"No","Metropolitan","Fog","Jam ",0,"N",10
37,"Meal ",31,3,4.6,"electric_scooter",0,"No","Metropolitan","Windy","Medium",0,"N",15
18,"Buffet ",27,21,4.6,"scooter",1,"No","Urban","Stormy","Low",0,"N",10
34,"Snack ",39,6,4.5,"electric_scooter",0,"No","Metropolitan","Cloudy","Medium",1,"N",15
13,"Drinks ",35,9,4.7,"motorcycle",1,"No","Metropolitan","Sunny","Medium",1,"N",5
43,"Snack ",30,19,4.8,"scooter",1,"Yes","Urban","Fog","Jam",1,"Y",15
15,"Snack ",28,19,4.9,"scooter",2,"No","Metropolitan","Windy","High ",0,"Y",15
32,"Drinks ",24,2,4.4,"scooter",1,"No","Semi-Urban","Fog","Medium",1,"N",15
29,"Meal ",22,5,4.1,"motorcycle",0,"No","Urban","Stormy","Low",1,"N",10
23,"Drinks ",27,22,4.8,"scooter",0,"No","Metropolitan","Fog","Low ",1,"N",10
15,"Buffet ",30,23,4.9,"scooter",2,"No","Metropolitan","Cloudy","Low ",0,"N",10
30,"Meal ",37,22,4.8,"motorcycle",0,"No","Semi-Urban","Sandstorms","Jam ",1,"Y",5
27,"Meal ",35,17,4.7,"motorcycle",2,"No","Metropolitan","Sandstorms","Low ",1,"N",10
28,"Meal ",39,22,4.7,"motorcycle",1,"No","Urban","Stormy","Jam",1,"Y",10
20,"Meal ",22,21,4.6,"motorcycle",0,"No","Metropolitan","Stormy","Medium",1,"N",10
30,"Snack ",33,23,4.7,"motorcycle",1,"No","Urban","Fog","Low",1,"Y",5
18,"Drinks ",35,16,4.8,"scooter",2,"No","Urban","Stormy","Jam",0,"N",15
20,"Snack ",22,12,4.5,"motorcycle",0,"No","Metropolitan","Fog","Jam ",1,"N",15
18,"Meal ",21,16,4.7,"scooter",2,"No","Urban","Sandstorms","Low",1,"N",15
30,"Snack ",21,19,4.8,"electric_scooter",2,"No","Semi-Urban","Stormy","Jam ",1,"N",10
33,"Buffet ",28,8,4.7,"electric_scooter",1,"No","Urban","Windy","Jam ",1,"Y",10
19,"Snack ",28,18,4.9,"scooter",2,"No","Metropolitan","Sunny","Jam ",0,"N",5
10,"Snack ",36,18,4.7,"scooter",1,"No","Urban","Sandstorms","Low",0,"N",10
15,"Buffet ",31,18,4.9,"electric_scooter",2,"No","Metropolitan","Sunny","Jam ",0,"N",15
35,"Snack ",38,16,4.9,"motorcycle",0,"No","Urban","Fog","Jam ",1,"Y",5
53,"Buffet ",21,3,4.1,"scooter",0,"Yes","Metropolitan","Sunny","High ",3,"N",10
44,"Drinks ",23,5,4.3,"electric_scooter",0,"No","Urban","Sunny","Jam",1,"Y",15
22,"Snack ",31,15,5,"motorcycle",1,"No","Semi-Urban","Sandstorms","Low ",1,"N",10
24,"Drinks ",25,12,4.6,"motorcycle",2,"No","Metropolitan","Sunny","Low ",0,"N",15
21,"Drinks ",36,21,4.5,"scooter",0,"No","Urban","Sandstorms","Medium",1,"Y",15
33,"Drinks ",32,1,4.8,"electric_scooter",0,"No","Metropolitan","Cloudy","Medium",1,"N",10
23,"Drinks ",38,19,4.5,"motorcycle",0,"No","Metropolitan","Sunny","Low ",1,"Y",15
20,"Snack ",28,15,4.7,"electric_scooter",2,"No","Urban","Windy","Medium",0,"N",10
22,"Buffet ",28,23,4.6,"motorcycle",0,"No","Urban","Sunny","Medium",0,"Y",5
22,"Meal ",23,5,4.8,"electric_scooter",2,"No","Urban","Sandstorms","Low ",0,"N",15
26,"Snack ",30,2,4.9,"motorcycle",2,"No","Semi-Urban","Windy","Jam ",1,"N",15
15,"Snack ",34,23,4.6,"motorcycle",1,"No","Metropolitan","Stormy","Medium",1,"Y",15
26,"Buffet ",21,21,4.6,"motorcycle",0,"No","Metropolitan","Sunny","Medium",0,"N",5
26,"Buffet ",37,9,4.8,"motorcycle",0,"No","Urban","Sunny","High ",1,"N",5
22,"Drinks ",34,12,5,"scooter",1,"No","Urban","Sandstorms","Medium",1,"Y",15
30,"Buffet ",33,3,4.6,"motorcycle",1,"No","Semi-Urban","Fog","Medium",0,"N",10
28,"Drinks ",24,15,4.6,"electric_scooter",0,"No","Metropolitan","Sunny","Low ",1,"N",5
42,"Snack ",38,18,4.9,"electric_scooter",2,"No","Metropolitan","Cloudy","Jam ",2,"N",10
46,"Snack ",33,4,4,"electric_scooter",2,"No","Urban","Cloudy","Jam",1,"N",5
52,"Meal ",30,9,4.1,"electric_scooter",0,"No","Urban","Windy","Jam ",1,"Y",10
42,"Drinks ",32,6,4.4,"motorcycle",1,"No","Metropolitan","Stormy","Jam ",1,"N",10
22,"Drinks ",25,19,4.7,"motorcycle",1,"No","Metropolitan","Sandstorms","Low ",1,"N",5
31,"Buffet ",27,7,4.3,"scooter",0,"No","Metropolitan","Stormy","Jam ",1,"N",10
32,"Drinks ",38,23,4.3,"motorcycle",2,"No","Metropolitan","Windy","Jam ",0,"Y",10
29,"Drinks ",23,9,4.3,"electric_scooter",0,"No","Semi-Urban","Windy","Low ",1,"N",5
15,"Meal ",22,21,4.9,"electric_scooter",1,"No","Metropolitan","Cloudy","Medium",0,"N",10
15,"Snack ",37,9,5,"scooter",2,"No","Metropolitan","Sunny","High ",1,"N",5
34,"Drinks ",35,2,4.7,"motorcycle",1,"No","Metropolitan","Cloudy","Jam ",0,"N",15
30,"Snack ",32,23,4.8,"motorcycle",1,"No","Urban","Fog","Jam ",0,"N",15
14,"Snack ",24,22,4.9,"electric_scooter",2,"No","Urban","Sandstorms","Jam",1,"N",15
32,"Snack ",30,9,4.6,"scooter",0,"No","Metropolitan","Windy","Jam ",2,"N",5
30,"Meal ",22,16,4.7,"electric_scooter",0,"No","Metropolitan","Cloudy","Jam ",1,"N",15
17,"Drinks ",27,17,4.9,"scooter",1,"No","Urban","Stormy","High",1,"N",5
38,"Drinks ",23,8,4.6,"motorcycle",0,"No","Urban","Stormy","Jam ",1,"N",10
37,"Drinks ",28,21,5,"motorcycle",0,"No","Urban","Cloudy","Jam",1,"Y",10
34,"Snack ",31,1,4.1,"motorcycle",1,"No","Metropolitan","Windy","Medium",1,"N",15
15,"Buffet ",35,2,4.8,"scooter",1,"No","Metropolitan","Sandstorms","Low ",0,"N",10
15,"Meal ",26,9,4.6,"electric_scooter",2,"No","Metropolitan","Windy","Low ",0,"N",15
15,"Snack ",21,16,4.3,"motorcycle",0,"No","Semi-Urban","Stormy","Low",0,"N",15
46,"Drinks ",21,9,4.8,"motorcycle",0,"Yes","Metropolitan","Stormy","High ",1,"N",10
37,"Meal ",24,23,4.9,"scooter",0,"No","Metropolitan","Cloudy","Medium",1,"N",5
37,"Snack ",33,9,4.3,"motorcycle",2,"No","Metropolitan","Fog","Low ",0,"N",5
20,"Buffet ",39,13,4.8,"scooter",2,"No","Metropolitan","Fog","Low ",0,"N",15
20,"Buffet ",36,13,5,"scooter",2,"No","Metropolitan","Sunny","High ",1,"N",5
17,"Buffet ",32,5,4.5,"motorcycle",1,"No","Urban","Stormy","Medium",1,"N",15
16,"Drinks ",22,23,5,"electric_scooter",1,"No","Semi-Urban","Sunny","Jam ",1,"N",10
22,"Drinks ",21,21,4.7,"motorcycle",0,"No","Metropolitan","Fog","Jam ",0,"Y",10
20,"Snack ",34,16,4.9,"motorcycle",0,"No","Urban","Cloudy","Low",0,"Y",15
33,"Drinks ",26,23,4.4,"scooter",1,"No","Metropolitan","Fog","Low ",0,"N",20
24,"Meal ",25,13,4.6,"scooter",1,"No","Metropolitan","Sunny","Jam ",1,"N",15
17,"Snack ",31,23,4.6,"electric_scooter",0,"No","Semi-Urban","Sunny","Medium",1,"N",15
35,"Drinks ",28,13,4.3,"motorcycle",0,"No","Metropolitan","Stormy","Medium",1,"N",10
30,"Buffet ",37,7,5,"motorcycle",0,"No","Urban","Stormy","Medium",1,"N",10
30,"Meal ",29,13,4.8,"motorcycle",1,"No","Metropolitan","Cloudy","High ",0,"N",5
19,"Buffet ",39,23,4.6,"electric_scooter",1,"No","Urban","Sunny","Medium",1,"Y",5
18,"Buffet ",29,22,4.6,"motorcycle",1,"No","Metropolitan","Fog","Low ",1,"N",15
23,"Meal ",26,17,4.8,"scooter",0,"No","Metropolitan","Cloudy","Low ",0,"N",5
22,"Buffet ",33,19,4.8,"motorcycle",0,"No","Metropolitan","Cloudy","Medium",1,"N",10
12,"Drinks ",25,18,4.9,"scooter",2,"No","Urban","Stormy","Low",0,"N",15
16,"Buffet ",27,23,4.7,"motorcycle",2,"No","Urban","Sandstorms","Jam",1,"Y",10
36,"Snack ",39,7,3.5,"motorcycle",1,"No","Metropolitan","Fog","Low ",0,"Y",20
42,"Drinks ",29,18,4.4,"scooter",1,"Yes","Metropolitan","Sunny","Medium",2,"N",5
20,"Snack ",39,15,4.5,"motorcycle",0,"No","Metropolitan","Fog","High ",0,"Y",5
35,"Meal ",22,1,3.7,"motorcycle",1,"No","Metropolitan","Windy","Jam ",1,"N",10
21,"Snack ",26,13,4.5,"scooter",1,"No","Metropolitan","Sandstorms","Jam ",1,"N",15
43,"Drinks ",23,4,4.3,"motorcycle",0,"No","Urban","Sunny","High ",1,"Y",15
37,"Drinks ",26,9,4.9,"motorcycle",2,"No","Semi-Urban","Cloudy","Medium",0,"Y",5
32,"Drinks ",24,3,4,"electric_scooter",2,"No","Urban","Stormy","Medium",0,"N",15
26,"Meal ",22,16,4.7,"motorcycle",2,"No","Metropolitan","Sunny","Medium",1,"Y",5
35,"Meal ",26,3,5,"motorcycle",0,"No","Semi-Urban","Sandstorms","High ",0,"N",15
42,"Meal ",22,3,3.7,"scooter",2,"No","Metropolitan","Sandstorms","Jam ",0,"Y",10
25,"Drinks ",28,18,4.9,"electric_scooter",1,"No","Metropolitan","Cloudy","High ",1,"N",5
16,"Meal ",35,21,4.6,"scooter",1,"No","Metropolitan","Cloudy","Medium",0,"N",15
35,"Buffet ",31,23,4.9,"scooter",1,"No","Metropolitan","Fog","Jam ",1,"N",15
25,"Meal ",34,18,4.7,"scooter",1,"No","Urban","Fog","Low ",1,"N",10
10,"Drinks ",36,18,4.7,"motorcycle",2,"No","Urban","Stormy","Low",0,"N",15
21,"Drinks ",30,17,4.8,"motorcycle",1,"No","Metropolitan","Stormy","Medium",1,"N",5
16,"Snack ",33,21,4.8,"motorcycle",2,"No","Urban","Sandstorms","Low",1,"N",10
27,"Drinks ",25,4,4.5,"motorcycle",0,"No","Urban","Stormy","Low",1,"N",5
31,"Buffet ",21,2,4.4,"electric_scooter",2,"No","Urban","Cloudy","High",1,"Y",5
29,"Snack ",26,23,4.6,"motorcycle",1,"No","Metropolitan","Sandstorms","Jam ",1,"N",5
34,"Buffet ",26,12,3.4,"motorcycle",0,"No","Semi-Urban","Sunny","Low ",2,"N",5
26,"Drinks ",29,3,4.5,"scooter",1,"No","Urban","Windy","Jam",1,"N",15
16,"Meal ",25,9,4.9,"motorcycle",2,"No","Metropolitan","Sunny","High ",0,"N",10
27,"Drinks ",35,18,4.8,"electric_scooter",0,"No","Semi-Urban","Sandstorms","High ",1,"Y",15
13,"Meal ",33,9,4.5,"motorcycle",2,"No","Semi-Urban","Fog","Medium",0,"Y",5
29,"Drinks ",31,3,4.9,"motorcycle",2,"No","Urban","Windy","Low ",1,"N",10
23,"Snack ",23,23,4.2,"motorcycle",0,"No","Metropolitan","Stormy","Low ",1,"N",10
21,"Drinks ",37,22,4.5,"motorcycle",0,"No","Metropolitan","Sunny","Low ",1,"N",15
32,"Buffet ",26,23,4.6,"motorcycle",0,"No","Metropolitan","Stormy","Medium",1,"N",15
15,"Buffet ",27,23,4.9,"scooter",2,"No","Metropolitan","Fog","Medium",1,"N",10
22,"Buffet ",20,21,4.8,"motorcycle",0,"No","Metropolitan","Fog","Jam ",1,"N",10
19,"Buffet ",22,3,4.8,"motorcycle",1,"No","Semi-Urban","Sandstorms","Low ",1,"N",5
18,"Meal ",21,9,4.8,"scooter",2,"No","Semi-Urban","Sunny","Jam ",0,"N",15
23,"Snack ",24,18,4.5,"electric_scooter",1,"No","Metropolitan","Sunny","Jam ",1,"N",10
20,"Drinks ",21,19,4.8,"electric_scooter",0,"No","Urban","Sandstorms","Low",1,"Y",10
18,"Buffet ",31,23,4.7,"electric_scooter",2,"No","Metropolitan","Sunny","Low ",0,"N",5
33,"Snack ",26,23,5,"electric_scooter",2,"No","Metropolitan","Cloudy","Jam ",1,"N",15
20,"Drinks ",38,4,4.8,"motorcycle",0,"No","Metropolitan","Windy","Medium",0,"N",15
39,"Drinks ",21,23,4.8,"electric_scooter",0,"No","Urban","Sunny","Low ",0,"N",25
25,"Snack ",24,15,4.7,"scooter",2,"No","Metropolitan","Cloudy","Medium",0,"N",15
23,"Snack ",25,13,4.5,"motorcycle",1,"No","Metropolitan","Stormy","Low ",1,"Y",20
22,"Meal ",21,23,4.7,"motorcycle",2,"No","Metropolitan","Windy","Medium",0,"N",5
32,"Drinks ",23,11,3.2,"motorcycle",0,"No","Metropolitan","Sunny","Low ",0,"N",5
26,"Meal ",36,13,4.1,"motorcycle",0,"No","Semi-Urban","Sandstorms","Low ",1,"N",5
21,"Meal ",36,5,4.9,"electric_scooter",2,"No","Metropolitan","Stormy","Low ",1,"N",10
17,"Buffet ",36,21,4.6,"electric_scooter",1,"No","Urban","Windy","Low",0,"Y",10
23,"Buffet ",36,17,4.5,"electric_scooter",2,"No","Metropolitan","Sunny","Jam ",0,"Y",15
43,"Snack ",28,18,4.9,"scooter",0,"No","Semi-Urban","Windy","Jam",2,"Y",10
18,"Buffet ",34,21,4.8,"motorcycle",1,"No","Metropolitan","Cloudy","Low ",1,"N",15
16,"Drinks ",23,18,4.8,"scooter",1,"No","Urban","Cloudy","Medium",0,"N",5
25,"Meal ",22,22,4.8,"electric_scooter",0,"No","Metropolitan","Cloudy","Jam ",1,"N",5
28,"Snack ",23,21,4.5,"motorcycle",1,"No","Metropolitan","Stormy","Jam ",1,"N",15
28,"Buffet ",22,19,4.5,"scooter",1,"No","Metropolitan","Stormy","Medium",1,"N",5
22,"Meal ",21,7,4.6,"motorcycle",1,"No","Metropolitan","Windy","Low ",1,"N",5
18,"Buffet ",31,18,4.9,"electric_scooter",2,"No","Urban","Sunny","High",1,"N",5
23,"Meal ",34,7,4.5,"motorcycle",0,"No","Urban","Windy","Low ",0,"N",15
10,"Snack ",21,21,4.7,"motorcycle",2,"No","Metropolitan","Sunny","Jam ",0,"N",15
19,"Buffet ",22,23,4.9,"motorcycle",0,"No","Urban","Stormy","Low",1,"N",15
26,"Meal ",22,12,4.6,"motorcycle",2,"No","Metropolitan","Fog","Medium",1,"N",10
16,"Drinks ",33,16,4.7,"motorcycle",1,"No","Urban","Sandstorms","Jam",1,"Y",15
29,"Buffet ",34,22,4.6,"scooter",2,"No","Metropolitan","Windy","Medium",0,"N",5
43,"Meal ",20,15,2.9,"motorcycle",2,"No","Metropolitan","Sunny","Low ",2,"N",30
22,"Meal ",31,6,4.5,"scooter",2,"No","Semi-Urban","Sandstorms","Jam ",1,"N",10
13,"Snack ",26,4,4.9,"electric_scooter",1,"No","Urban","Sunny","Low ",1,"N",10
25,"Buffet ",36,13,4.8,"scooter",1,"No","Urban","Sandstorms","Medium",0,"N",15
33,"Drinks ",37,18,4.9,"electric_scooter",0,"No","Metropolitan","Fog","Jam ",0,"N",15
34,"Drinks ",38,23,5,"motorcycle",0,"No","Metropolitan","Windy","Jam ",1,"Y",15
20,"Meal ",24,18,4.9,"electric_scooter",0,"No","Metropolitan","Stormy","Medium",0,"Y",15
21,"Meal ",26,21,4.7,"scooter",2,"No","Urban","Sunny","Low",0,"N",5
21,"Meal ",37,23,4.8,"electric_scooter",1,"No","Metropolitan","Stormy","Medium",1,"N",10
31,"Buffet ",22,3,4,"electric_scooter",0,"No","Metropolitan","Stormy","High ",1,"N",10
20,"Meal ",33,18,4.6,"motorcycle",0,"No","Metropolitan","Stormy","Low ",1,"N",5
39,"Snack ",35,14,4.2,"scooter",2,"No","Metropolitan","Cloudy","Jam ",1,"Y",15
33,"Drinks ",34,9,4.8,"electric_scooter",0,"No","Metropolitan","Sunny","Jam ",1,"N",10
37,"Meal ",23,14,4.7,"scooter",0,"No","Metropolitan","Windy","Jam ",1,"N",10
38,"Drinks ",39,11,4.1,"motorcycle",1,"No","Metropolitan","Fog","High ",1,"N",5
35,"Snack ",29,10,4.1,"motorcycle",0,"No","Semi-Urban","Stormy","Low ",1,"N",10
36,"Meal ",30,8,3.8,"motorcycle",1,"No","Metropolitan","Sandstorms","Jam ",1,"Y",15
22,"Meal ",37,17,4.6,"motorcycle",1,"No","Semi-Urban","Sandstorms","Jam",0,"N",15
25,"Snack ",36,23,4.9,"scooter",1,"No","Urban","Stormy","High",1,"Y",10
30,"Snack ",34,8,4.6,"motorcycle",2,"No","Metropolitan","Fog","Medium",1,"N",10
37,"Drinks ",36,4,3.8,"scooter",1,"No","Metropolitan","Cloudy","Low ",0,"N",5
25,"Meal ",36,23,4.8,"motorcycle",0,"No","Metropolitan","Sunny","Low ",1,"N",10
26,"Snack ",39,23,4.9,"scooter",1,"No","Metropolitan","Stormy","Jam ",1,"N",5
15,"Meal ",37,23,4.7,"scooter",2,"No","Urban","Sandstorms","Jam",0,"Y",5
27,"Drinks ",23,23,4.5,"motorcycle",1,"No","Semi-Urban","Sandstorms","Jam ",0,"N",10
15,"Meal ",22,9,4.6,"scooter",1,"No","Metropolitan","Fog","Low ",1,"N",15
26,"Buffet ",34,22,4.6,"electric_scooter",2,"No","Metropolitan","Cloudy","Jam ",0,"N",15
29,"Snack ",22,8,4.8,"motorcycle",1,"No","Metropolitan","Sandstorms","Jam ",1,"N",5
25,"Snack ",21,3,4.7,"scooter",2,"No","Semi-Urban","Windy","Medium",1,"N",10
19,"Drinks ",34,17,5,"motorcycle",2,"No","Semi-Urban","Cloudy","Medium",1,"N",5
23,"Meal ",37,16,4.6,"motorcycle",0,"No","Metropolitan","Fog","Low ",0,"N",10
11,"Drinks ",21,23,5,"scooter",0,"No","Urban","Windy","Medium",1,"N",5
35,"Buffet ",23,5,4,"electric_scooter",0,"No","Semi-Urban","Cloudy","Low",1,"N",15
11,"Snack ",24,16,4.6,"electric_scooter",1,"No","Urban","Cloudy","Medium",1,"N",10
21,"Meal ",31,9,4.9,"electric_scooter",2,"No","Metropolitan","Fog","High ",1,"Y",15
23,"Drinks ",22,19,4.5,"electric_scooter",2,"No","Metropolitan","Stormy","Medium",1,"N",15
40,"Drinks ",25,3,4.3,"motorcycle",0,"No","Metropolitan","Stormy","Low ",1,"Y",5
21,"Buffet ",27,13,5,"scooter",2,"No","Metropolitan","Windy","Medium",1,"Y",15
16,"Buffet ",23,21,4.9,"scooter",1,"No","Semi-Urban","Stormy","Medium",0,"Y",5
43,"Snack ",27,17,4.9,"motorcycle",0,"No","Metropolitan","Cloudy","Medium",1,"N",15
22,"Meal ",26,16,4.7,"motorcycle",0,"No","Urban","Stormy","Low ",0,"Y",5
21,"Drinks ",21,3,4.9,"scooter",2,"No","Metropolitan","Stormy","Medium",0,"Y",15
25,"Drinks ",27,21,4.5,"motorcycle",1,"No","Metropolitan","Fog","High ",1,"N",5
24,"Meal ",26,18,5,"scooter",1,"No","Urban","Stormy","Low",1,"N",20
18,"Drinks ",23,3,4.9,"motorcycle",1,"No","Urban","Stormy","Medium",1,"N",10
31,"Snack ",38,15,4,"electric_scooter",0,"No","Urban","Windy","Jam ",0,"N",10
40,"Snack ",34,5,4.4,"motorcycle",0,"No","Urban","Stormy","Jam ",0,"N",5
25,"Meal ",24,6,4.9,"motorcycle",0,"No","Metropolitan","Fog","High ",1,"N",10
18,"Meal ",23,22,4.6,"electric_scooter",2,"No","Urban","Fog","Low",1,"N",10
19,"Buffet ",20,9,4.7,"motorcycle",1,"No","Urban","Sunny","Medium",0,"N",10
30,"Meal ",34,23,5,"scooter",1,"No","Semi-Urban","Cloudy","Medium",1,"N",10
33,"Buffet ",33,20,3.8,"motorcycle",1,"No","Metropolitan","Windy","Medium",1,"N",5
18,"Meal ",23,21,4.8,"scooter",2,"No","Semi-Urban","Fog","Low ",0,"N",10
19,"Buffet ",22,21,5,"electric_scooter",2,"No","Metropolitan","Fog","Low ",1,"N",5
21,"Meal ",37,16,4.8,"motorcycle",1,"No","Semi-Urban","Stormy","Low ",0,"Y",10
25,"Buffet ",38,14,4.6,"scooter",1,"No","Metropolitan","Cloudy","Jam ",0,"N",15
15,"Drinks ",21,18,4.6,"motorcycle",2,"No","Semi-Urban","Sunny","Jam",0,"N",10
17,"Meal ",32,14,5,"electric_scooter",2,"No","Metropolitan","Windy","Low ",1,"N",5
33,"Meal ",21,7,4.1,"motorcycle",0,"No","Metropolitan","Sunny","Medium",1,"Y",15
18,"Buffet ",33,13,4.5,"motorcycle",1,"No","Metropolitan","Sandstorms","Low ",1,"N",15
41,"Drinks ",23,22,5,"motorcycle",0,"No","Urban","Cloudy","Jam",1,"N",5
26,"Drinks ",27,5,4.9,"electric_scooter",1,"No","Metropolitan","Stormy","Medium",1,"N",15
29,"Meal ",37,16,4.9,"motorcycle",2,"No","Urban","Stormy","High",1,"N",15
19,"Buffet ",28,16,4.7,"scooter",1,"No","Metropolitan","Sandstorms","Low ",0,"N",10
20,"Drinks ",35,23,4.5,"motorcycle",1,"No","Metropolitan","Windy","Low ",0,"N",5
50,"Buffet ",23,1,4.2,"motorcycle",0,"No","Urban","Sandstorms","Jam",3,"Y",15
30,"Buffet ",20,23,4.7,"electric_scooter",2,"No","Metropolitan","Fog","Jam ",1,"N",5
45,"Buffet ",21,3,4.1,"motorcycle",0,"Yes","Urban","Sunny","High",1,"N",15
16,"Drinks ",36,23,4.6,"motorcycle",2,"No","Metropolitan","Sunny","High ",1,"Y",15
16,"Meal ",26,17,4.9,"electric_scooter",1,"No","Semi-Urban","Sandstorms","Low",1,"N",15
33,"Snack ",37,6,4.1,"motorcycle",0,"No","Urban","Windy","Low ",1,"Y",5
24,"Meal ",21,16,4.9,"electric_scooter",2,"No","Metropolitan","Sandstorms","Medium",1,"N",5
24,"Drinks ",36,14,4.5,"motorcycle",0,"No","Semi-Urban","Stormy","High ",0,"Y",10
17,"Buffet ",30,15,4.9,"motorcycle",1,"No","Semi-Urban","Sandstorms","Jam ",1,"N",5
25,"Meal ",38,9,4.4,"motorcycle",0,"No","Urban","Sandstorms","Low ",1,"N",25
15,"Buffet ",28,15,4.7,"motorcycle",2,"No","Metropolitan","Cloudy","Low ",0,"N",5
29,"Drinks ",32,18,4.7,"scooter",0,"No","Urban","Cloudy","Low",1,"Y",10
22,"Buffet ",27,16,4.9,"scooter",2,"No","Urban","Sunny","Jam",1,"N",10
41,"Drinks ",36,23,4.5,"motorcycle",0,"No","Metropolitan","Sunny","High ",1,"N",5
19,"Snack ",27,21,4.9,"electric_scooter",2,"No","Urban","Sunny","High ",1,"N",15
17,"Buffet ",34,19,4.8,"motorcycle",1,"No","Semi-Urban","Windy","Low ",1,"N",5
33,"Snack ",21,9,4.4,"motorcycle",0,"No","Metropolitan","Fog","Medium",0,"Y",15
36,"Meal ",23,13,4.7,"scooter",1,"No","Urban","Cloudy","Jam ",2,"N",10
37,"Drinks ",37,13,4,"motorcycle",2,"No","Metropolitan","Stormy","Jam ",1,"N",15
31,"Meal ",24,9,4,"scooter",2,"No","Metropolitan","Stormy","Jam ",1,"N",15
11,"Buffet ",29,6,4.7,"scooter",1,"No","Semi-Urban","Sandstorms","Low",1,"N",5
32,"Drinks ",24,2,4.4,"scooter",1,"No","Semi-Urban","Fog","Medium",1,"N",15
30,"Snack ",27,9,4.7,"electric_scooter",2,"No","Metropolitan","Windy","Medium",1,"N",5
17,"Meal ",35,6,4.8,"motorcycle",1,"No","Semi-Urban","Sunny","Jam ",1,"N",15
16,"Buffet ",27,4,4.5,"motorcycle",1,"No","Metropolitan","Sandstorms","Medium",1,"N",5
18,"Buffet ",29,23,4.8,"motorcycle",1,"No","Urban","Sunny","High",0,"Y",10
26,"Drinks ",22,9,4.6,"scooter",2,"No","Urban","Stormy","High ",1,"N",15
33,"Buffet ",30,2,3.5,"motorcycle",1,"No","Metropolitan","Fog","Low ",1,"N",5
19,"Buffet ",34,18,4.6,"electric_scooter",2,"No","Metropolitan","Sunny","Medium",1,"N",15
15,"Snack ",27,22,4.8,"scooter",2,"No","Semi-Urban","Sunny","Low ",1,"N",15
41,"Buffet ",24,8,4.9,"motorcycle",0,"No","Metropolitan","Stormy","Jam ",1,"N",10
24,"Drinks ",36,21,4.9,"motorcycle",0,"No","Semi-Urban","Sunny","Low ",1,"N",5
31,"Drinks ",23,5,4.9,"motorcycle",0,"No","Metropolitan","Sandstorms","Jam ",1,"N",15
34,"Buffet ",39,17,5,"motorcycle",0,"No","Metropolitan","Sunny","Medium",1,"N",10
42,"Drinks ",38,21,4.8,"motorcycle",0,"No","Semi-Urban","Fog","Medium",1,"Y",10
29,"Meal ",32,15,4.6,"electric_scooter",0,"No","Metropolitan","Fog","Low ",1,"N",15
25,"Buffet ",23,15,4.5,"scooter",2,"No","Semi-Urban","Fog","Low ",1,"N",5
22,"Meal ",22,16,4.7,"electric_scooter",2,"No","Metropolitan","Cloudy","Jam",0,"Y",15
29,"Meal ",24,7,4.5,"motorcycle",0,"No","Metropolitan","Sunny","Medium",1,"N",15
25,"Meal ",31,15,4.6,"scooter",2,"No","Metropolitan","Sandstorms","Low ",1,"Y",10
27,"Meal ",23,6,4.6,"motorcycle",2,"No","Metropolitan","Sandstorms","Medium",1,"N",5
13,"Snack ",22,9,4.7,"electric_scooter",2,"No","Semi-Urban","Stormy","Jam ",0,"N",10
27,"Drinks ",30,22,4.8,"scooter",1,"No","Semi-Urban","Stormy","Medium",1,"N",10
24,"Buffet ",22,16,4.7,"motorcycle",0,"No","Metropolitan","Sunny","Jam ",1,"N",5
28,"Buffet ",28,16,4.5,"motorcycle",2,"No","Metropolitan","Stormy","Medium",0,"Y",5
23,"Buffet ",36,9,4.9,"motorcycle",1,"No","Semi-Urban","Sunny","Low ",1,"N",5
15,"Buffet ",33,18,4.9,"motorcycle",2,"No","Semi-Urban","Sandstorms","High ",0,"N",10
26,"Meal ",24,21,4.8,"scooter",2,"No","Metropolitan","Stormy","Medium",1,"N",10
13,"Snack ",22,17,4.8,"electric_scooter",1,"No","Urban","Sunny","High",0,"N",10
18,"Meal ",20,15,4.9,"electric_scooter",2,"No","Metropolitan","Fog","Medium",0,"N",5
24,"Snack ",29,8,4.6,"motorcycle",0,"No","Metropolitan","Sandstorms","Low ",0,"N",30
15,"Meal ",32,18,4.1,"scooter",0,"No","Metropolitan","Windy","Low ",0,"Y",5
22,"Meal ",20,23,4.9,"electric_scooter",0,"No","Semi-Urban","Fog","Medium",1,"N",10
48,"Meal ",34,17,4.7,"motorcycle",0,"No","Urban","Stormy","Jam ",1,"N",10
14,"Snack ",38,17,5,"motorcycle",2,"No","Metropolitan","Sunny","Low ",0,"Y",25
18,"Meal ",32,14,4.9,"motorcycle",0,"No","Semi-Urban","Sunny","Low ",1,"N",5
33,"Drinks ",32,13,4.1,"electric_scooter",0,"No","Metropolitan","Cloudy","High ",1,"N",5
21,"Snack ",33,17,4.3,"motorcycle",0,"No","Metropolitan","Stormy","Low ",0,"N",15
11,"Drinks ",32,15,4.8,"scooter",1,"No","Urban","Sandstorms","Low",1,"Y",10
32,"Meal ",31,5,4.2,"electric_scooter",2,"No","Metropolitan","Sunny","Jam",1,"N",5
44,"Drinks ",38,23,4.9,"motorcycle",0,"No","Metropolitan","Windy","Jam ",2,"Y",5
41,"Snack ",35,16,4.8,"motorcycle",0,"No","Metropolitan","Stormy","High ",0,"N",15
14,"Buffet ",22,23,4.7,"motorcycle",1,"No","Urban","Sunny","High",1,"N",15
18,"Drinks ",39,17,4.6,"motorcycle",1,"No","Metropolitan","Cloudy","Medium",1,"N",5
17,"Meal ",28,12,4.9,"motorcycle",2,"No","Metropolitan","Cloudy","Medium",0,"N",5
19,"Meal ",29,9,4.7,"motorcycle",0,"No","Metropolitan","Stormy","Low ",1,"N",15
27,"Drinks ",26,9,4.8,"motorcycle",0,"No","Semi-Urban","Fog","Jam ",1,"N",15
45,"Meal ",22,12,4.8,"motorcycle",0,"No","Metropolitan","Fog","Jam ",0,"N",10
22,"Snack ",31,4,4.9,"motorcycle",1,"No","Metropolitan","Fog","Medium",1,"N",5
31,"Snack ",32,9,2.5,"scooter",2,"No","Metropolitan","Sunny","Low ",0,"Y",10
28,"Buffet ",27,18,4.7,"motorcycle",0,"No","Metropolitan","Fog","Low ",1,"N",5
17,"Buffet ",38,9,4.7,"electric_scooter",2,"No","Metropolitan","Stormy","Low ",0,"Y",5
46,"Buffet ",29,17,4.6,"motorcycle",0,"No","Urban","Sunny","Jam ",1,"N",15
10,"Buffet ",27,21,4.9,"scooter",2,"No","Semi-Urban","Sunny","Low ",1,"Y",10
33,"Drinks ",29,8,3.9,"electric_scooter",2,"No","Metropolitan","Cloudy","Low ",1,"N",10
20,"Meal ",36,4,4.8,"motorcycle",0,"No","Metropolitan","Sandstorms","Low ",0,"N",10
23,"Buffet ",39,9,4.2,"electric_scooter",0,"No","Metropolitan","Stormy","Low ",1,"N",10
27,"Drinks ",30,22,4.6,"electric_scooter",0,"No","Metropolitan","Windy","Low ",1,"N",10
28,"Buffet ",24,9,4.9,"scooter",2,"No","Urban","Sandstorms","Low ",0,"N",15
18,"Buffet ",23,18,4.8,"scooter",2,"No","Metropolitan","Sunny","Low ",1,"Y",5
37,"Meal ",29,9,4.8,"motorcycle",0,"No","Semi-Urban","Windy","Medium",1,"N",15
22,"Buffet ",33,19,4.8,"motorcycle",0,"No","Metropolitan","Cloudy","Medium",1,"N",10
15,"Drinks ",33,16,4.7,"scooter",1,"No","Metropolitan","Fog","Medium",0,"N",10
23,"Drinks ",32,22,4.7,"scooter",2,"No","Urban","Sunny","Medium",1,"N",10
30,"Buffet ",24,18,4.6,"electric_scooter",1,"No","Metropolitan","Stormy","Medium",1,"Y",10
10,"Snack ",34,18,4.8,"motorcycle",1,"No","Urban","Stormy","Low ",0,"N",15
20,"Buffet ",32,13,4.5,"motorcycle",2,"No","Metropolitan","Windy","Medium",1,"Y",10
28,"Drinks ",20,17,4.8,"motorcycle",0,"No","Metropolitan","Sunny","Low ",0,"N",10
16,"Drinks ",28,14,4.6,"scooter",1,"No","Metropolitan","Fog","Medium",0,"N",5
22,"Buffet ",22,7,4.8,"motorcycle",0,"No","Semi-Urban","Sunny","Medium",0,"N",15
44,"Buffet ",38,7,4.5,"motorcycle",0,"No","Metropolitan","Fog","Jam ",2,"N",10
14,"Drinks ",36,16,4.9,"electric_scooter",0,"No","Metropolitan","Sunny","Low ",0,"N",10
47,"Meal ",21,14,4.6,"motorcycle",0,"No","Metropolitan","Stormy","Jam ",2,"N",5
23,"Buffet ",26,7,5,"electric_scooter",1,"No","Urban","Sunny","Medium",0,"Y",10
31,"Meal ",39,3,4.7,"electric_scooter",0,"No","Metropolitan","Fog","Medium",1,"N",10
17,"Drinks ",26,21,4.9,"scooter",1,"No","Metropolitan","Sunny","Jam ",1,"N",5
15,"Buffet ",35,17,4.9,"electric_scooter",2,"No","Urban","Windy","Jam",1,"Y",10
27,"Meal ",32,6,4.5,"scooter",2,"No","Urban","Fog","Jam",1,"N",5
17,"Snack ",30,21,4.6,"electric_scooter",0,"No","Urban","Cloudy","Low",0,"Y",10
46,"Buffet ",35,21,4.8,"scooter",0,"No","Metropolitan","Fog","Jam ",3,"N",15
25,"Meal ",20,19,4.5,"motorcycle",0,"No","Metropolitan","Windy","Low ",1,"N",10
45,"Meal ",22,13,5,"motorcycle",0,"No","Metropolitan","Cloudy","Jam ",0,"N",15
23,"Drinks ",32,22,4.7,"scooter",2,"No","Urban","Sunny","Medium",1,"N",10
24,"Drinks ",32,15,4.9,"motorcycle",0,"No","Metropolitan","Fog","Low ",0,"N",10
15,"Buffet ",23,9,4.8,"electric_scooter",1,"No","Urban","Stormy","Medium",1,"N",10
20,"Snack ",33,12,4.8,"scooter",1,"No","Semi-Urban","Sandstorms","Jam ",1,"Y",10
31,"Snack ",20,7,4.4,"scooter",0,"No","Metropolitan","Sandstorms","Medium",1,"N",15
33,"Meal ",23,3,4.4,"scooter",0,"No","Urban","Sunny","Medium",1,"N",5
17,"Snack ",27,18,4.8,"motorcycle",0,"No","Urban","Cloudy","Low",1,"N",15
19,"Meal ",39,23,4.9,"electric_scooter",2,"No","Metropolitan","Windy","Medium",1,"Y",15
49,"Snack ",34,8,4.9,"motorcycle",0,"No","Metropolitan","Cloudy","Jam ",3,"Y",15
26,"Meal ",22,8,4.2,"motorcycle",0,"No","Metropolitan","Sandstorms","Low ",1,"Y",10
41,"Snack ",39,10,4.1,"scooter",1,"No","Metropolitan","Stormy","Jam ",2,"N",10
22,"Drinks ",29,17,4.9,"scooter",0,"No","Metropolitan","Sunny","Medium",1,"N",10
16,"Drinks ",33,16,4.5,"scooter",2,"No","Metropolitan","Windy","Medium",1,"N",15
29,"Drinks ",39,13,4.6,"electric_scooter",2,"No","Metropolitan","Fog","Jam ",1,"N",15
27,"Snack ",24,17,4.7,"scooter",2,"No","Metropolitan","Sandstorms","Low ",1,"N",5
34,"Buffet ",36,11,3.7,"scooter",1,"No","Metropolitan","Sunny","Jam ",1,"N",15
20,"Meal ",23,21,5,"motorcycle",1,"No","Urban","Stormy","Low",1,"N",10
10,"Snack ",20,15,4.9,"scooter",1,"No","Urban","Stormy","Low",0,"Y",5
11,"Meal ",28,23,4.8,"electric_scooter",1,"No","Metropolitan","Sunny","Medium",0,"N",15
25,"Meal ",31,17,4.8,"scooter",2,"No","Semi-Urban","Stormy","Medium",1,"N",10
37,"Drinks ",25,21,4.9,"electric_scooter",0,"No","Urban","Windy","Medium",1,"N",15
16,"Drinks ",27,23,5,"electric_scooter",2,"No","Metropolitan","Windy","Low ",0,"N",5
39,"Drinks ",26,19,5,"motorcycle",0,"No","Metropolitan","Stormy","Jam ",1,"N",5
32,"Meal ",30,13,4.8,"motorcycle",0,"No","Metropolitan","Sandstorms","Medium",0,"Y",15
41,"Snack ",21,17,4.8,"scooter",0,"No","Metropolitan","Fog","Jam ",1,"Y",5
40,"Buffet ",37,14,4.5,"motorcycle",0,"No","Metropolitan","Fog","Medium",2,"N",10
24,"Snack ",22,22,4.5,"scooter",2,"No","Metropolitan","Sunny","Jam ",1,"Y",15
22,"Snack ",26,22,5,"motorcycle",1,"No","Semi-Urban","Stormy","Low",1,"N",15
18,"Buffet ",36,17,4.7,"motorcycle",2,"No","Urban","Sunny","Low",0,"N",15
41,"Buffet ",38,2,3.8,"scooter",2,"No","Metropolitan","Stormy","Jam ",1,"N",15
26,"Meal ",34,16,4.7,"motorcycle",0,"No","Metropolitan","Sandstorms","Low ",1,"N",10
28,"Drinks ",31,9,4.6,"motorcycle",1,"No","Metropolitan","Sunny","Jam ",1,"N",10
12,"Drinks ",23,22,4.6,"scooter",2,"No","Semi-Urban","Windy","Low ",0,"N",5
31,"Snack ",29,12,4.8,"motorcycle",1,"No","Metropolitan","Fog","Jam ",1,"Y",15
27,"Buffet ",38,13,4.6,"motorcycle",0,"No","Urban","Windy","Medium",0,"Y",15
34,"Buffet ",26,22,4.7,"scooter",2,"No","Metropolitan","Fog","Jam ",0,"N",15
27,"Buffet ",23,12,4.7,"motorcycle",2,"No","Metropolitan","Windy","Low ",1,"Y",5
28,"Buffet ",24,17,4.8,"motorcycle",2,"No","Metropolitan","Windy","Medium",1,"N",10
47,"Meal ",29,13,4.6,"motorcycle",0,"No","Metropolitan","Cloudy","Medium",2,"N",5
29,"Meal ",30,2,4.6,"scooter",1,"No","Semi-Urban","Windy","Low ",1,"N",15
27,"Snack ",32,18,5,"scooter",2,"No","Urban","Stormy","Jam",1,"N",10
24,"Drinks ",30,13,4.9,"electric_scooter",2,"No","Metropolitan","Windy","Medium",1,"N",5
20,"Drinks ",25,22,4.5,"scooter",1,"No","Urban","Windy","Medium",0,"N",15
36,"Buffet ",25,2,4.9,"motorcycle",0,"No","Semi-Urban","Stormy","Jam ",0,"N",5
25,"Buffet ",38,2,4.7,"motorcycle",1,"No","Urban","Stormy","Jam",0,"N",15
11,"Buffet ",32,16,4.6,"motorcycle",1,"No","Metropolitan","Windy","Low ",0,"N",10
25,"Snack ",21,22,4.9,"motorcycle",1,"No","Urban","Sandstorms","Medium",0,"N",10
16,"Drinks ",34,22,4.8,"electric_scooter",2,"No","Metropolitan","Stormy","Low ",1,"N",5
18,"Buffet ",24,15,4.7,"scooter",2,"No","Urban","Sunny","Low",1,"N",15
30,"Buffet ",25,4,4.8,"motorcycle",0,"No","Urban","Windy","Jam ",1,"N",15
25,"Drinks ",20,9,4.7,"scooter",1,"No","Metropolitan","Sandstorms","Low ",1,"N",5
26,"Buffet ",36,17,4.6,"motorcycle",1,"No","Metropolitan","Sunny","Low ",1,"N",10
25,"Buffet ",30,17,4.9,"scooter",1,"No","Metropolitan","Windy","Jam ",1,"N",5
11,"Snack ",25,23,4.7,"scooter",1,"No","Metropolitan","Sunny","Low ",0,"Y",5
21,"Meal ",34,23,4.9,"scooter",1,"No","Semi-Urban","Stormy","Medium",0,"N",10
18,"Drinks ",27,15,4.8,"scooter",0,"No","Urban","Sunny","Medium",0,"N",10
34,"Drinks ",25,17,4.9,"electric_scooter",2,"No","Metropolitan","Fog","Jam",1,"N",15
16,"Drinks ",32,13,4.9,"scooter",2,"No","Metropolitan","Sunny","Medium",0,"N",5
15,"Drinks ",31,21,4.7,"scooter",1,"No","Urban","Sunny","Jam",0,"N",5
20,"Buffet ",29,19,4.9,"electric_scooter",2,"No","Semi-Urban","Stormy","Jam",1,"N",10
22,"Meal ",21,7,4.6,"motorcycle",1,"No","Metropolitan","Windy","Low ",1,"N",5
39,"Meal ",25,9,4.7,"motorcycle",0,"No","Metropolitan","Cloudy","Medium",2,"N",10
10,"Drinks ",24,18,4.6,"motorcycle",2,"No","Urban","Sandstorms","Low",0,"N",15
48,"Snack ",30,11,4.9,"motorcycle",0,"Yes","Metropolitan","Cloudy","Medium",2,"Y",5
21,"Buffet ",35,21,4.7,"motorcycle",0,"No","Metropolitan","Sunny","Medium",1,"N",10
34,"Drinks ",28,23,4.4,"motorcycle",2,"No","Metropolitan","Cloudy","Low ",1,"N",15
30,"Meal ",37,17,4.9,"electric_scooter",2,"No","Metropolitan","Stormy","Jam ",0,"N",15
26,"Meal ",22,19,5,"scooter",2,"No","Metropolitan","Sandstorms","Low ",1,"Y",10
25,"Snack ",23,17,4.9,"motorcycle",0,"No","Metropolitan","Sunny","Jam ",0,"N",15
36,"Meal ",30,3,4.2,"scooter",2,"No","Metropolitan","Cloudy","Jam ",1,"N",15
20,"Buffet ",37,22,4.7,"motorcycle",1,"No","Semi-Urban","Stormy","High",0,"N",5
17,"Meal ",29,15,4.8,"electric_scooter",1,"No","Urban","Stormy","Low",1,"N",10
27,"Snack ",32,21,4.6,"motorcycle",1,"No","Metropolitan","Fog","High ",1,"Y",5
41,"Drinks ",36,17,4.7,"electric_scooter",2,"No","Metropolitan","Fog","Medium",1,"N",5
24,"Drinks ",37,16,4.4,"scooter",0,"No","Metropolitan","Sunny","Low ",1,"N",5
25,"Buffet ",23,23,4.5,"motorcycle",1,"No","Metropolitan","Windy","Low ",1,"N",5
19,"Buffet ",25,21,4.6,"motorcycle",2,"No","Urban","Stormy","Low",1,"N",5
28,"Drinks ",35,17,5,"scooter",2,"No","Semi-Urban","Fog","Jam ",1,"N",15
21,"Snack ",27,14,4.5,"motorcycle",0,"No","Urban","Windy","Jam ",0,"Y",10
20,"Drinks ",35,23,4.5,"motorcycle",1,"No","Metropolitan","Windy","Low ",0,"N",5
35,"Snack ",27,1,4.2,"motorcycle",1,"No","Metropolitan","Windy","Jam ",0,"N",5
28,"Snack ",27,13,5,"electric_scooter",1,"No","Urban","Windy","Low ",1,"N",5
34,"Drinks ",23,8,4.7,"scooter",0,"No","Metropolitan","Windy","Medium",0,"N",15
16,"Snack ",28,8,4.9,"motorcycle",1,"No","Urban","Fog","Low ",0,"Y",10
20,"Snack ",23,9,4.8,"scooter",2,"No","Metropolitan","Windy","Jam ",1,"Y",10
25,"Buffet ",28,13,4.7,"scooter",0,"No","Metropolitan","Windy","Low ",0,"N",10
27,"Buffet ",33,22,4.9,"motorcycle",1,"No","Urban","Fog","Medium",0,"Y",10
23,"Drinks ",38,17,4.1,"motorcycle",0,"No","Urban","Stormy","Low",1,"N",5
10,"Drinks ",21,15,4.9,"motorcycle",1,"No","Metropolitan","Windy","Low",0,"N",10
26,"Snack ",21,19,4.8,"scooter",1,"No","Metropolitan","Stormy","Jam ",1,"N",5
25,"Drinks ",35,21,4.5,"motorcycle",2,"No","Metropolitan","Windy","Medium",0,"Y",10
30,"Meal ",21,23,4.7,"motorcycle",1,"No","Metropolitan","Fog","High ",1,"Y",15
17,"Drinks ",27,3,4.5,"scooter",1,"No","Urban","Fog","Medium",1,"N",10
21,"Buffet ",32,8,4.5,"scooter",2,"No","Metropolitan","Sunny","Medium",1,"N",10
29,"Buffet ",33,23,4.6,"scooter",1,"No","Urban","Cloudy","Low ",1,"N",5
22,"Buffet ",23,8,4,"motorcycle",0,"No","Metropolitan","Stormy","Low ",1,"Y",10
24,"Buffet ",33,22,4.8,"scooter",1,"No","Urban","Cloudy","Low",0,"N",15
39,"Snack ",31,9,4.3,"motorcycle",0,"No","Semi-Urban","Fog","Low ",2,"Y",10
25,"Snack ",30,4,4.4,"scooter",0,"No","Metropolitan","Sandstorms","Low ",1,"N",15
25,"Drinks ",31,19,4.8,"scooter",1,"No","Metropolitan","Sandstorms","Medium",0,"N",5
23,"Meal ",35,19,4.7,"electric_scooter",1,"No","Semi-Urban","Stormy","Low",1,"N",5
15,"Buffet ",36,4,4.5,"electric_scooter",2,"No","Metropolitan","Stormy","Low ",0,"N",5
12,"Buffet ",21,22,4.9,"scooter",2,"No","Urban","Sunny","Medium",1,"N",15
40,"Meal ",27,8,4,"electric_scooter",1,"No","Metropolitan","Cloudy","Jam ",0,"N",5
22,"Meal ",26,18,4.6,"electric_scooter",1,"No","Metropolitan","Windy","High ",0,"N",10
29,"Snack ",33,9,4.9,"scooter",1,"No","Metropolitan","Windy","Jam ",0,"Y",5
34,"Buffet ",39,17,4.9,"scooter",0,"No","Metropolitan","Stormy","Jam",1,"N",10
17,"Meal ",22,22,4.7,"motorcycle",2,"No","Metropolitan","Sandstorms","Jam ",1,"N",15
23,"Meal ",27,2,4.7,"motorcycle",0,"No","Metropolitan","Stormy","Low ",1,"N",5
10,"Meal ",21,21,4.9,"scooter",1,"No","Metropolitan","Sandstorms","Low ",0,"N",20
24,"Drinks ",33,18,4.8,"scooter",0,"No","Metropolitan","Sunny","Jam ",1,"N",5
25,"Snack ",39,23,4.5,"scooter",2,"No","Metropolitan","Cloudy","Jam ",1,"N",10
29,"Buffet ",37,2,4.8,"scooter",2,"No","Semi-Urban","Windy","Medium",0,"N",15
17,"Buffet ",32,19,4.9,"motorcycle",0,"No","Urban","Windy","Low",1,"N",10
30,"Drinks ",38,19,4.7,"electric_scooter",1,"No","Urban","Fog","High",1,"N",15
44,"Buffet ",23,15,4.7,"motorcycle",0,"No","Metropolitan","Windy","Jam ",1,"N",15
38,"Drinks ",20,1,4,"scooter",2,"No","Metropolitan","Fog","Jam ",1,"N",15
17,"Buffet ",31,8,4.9,"motorcycle",1,"No","Metropolitan","Fog","Jam ",0,"N",10
50,"Meal ",37,5,4.3,"electric_scooter",0,"No","Urban","Sunny","Jam ",3,"N",5
26,"Buffet ",37,3,4.6,"scooter",1,"No","Metropolitan","Fog","Jam ",1,"N",10
26,"Drinks ",24,22,4.6,"motorcycle",0,"No","Semi-Urban","Sunny","Low ",1,"N",10
19,"Buffet ",23,21,5,"motorcycle",2,"No","Urban","Stormy","Low",1,"N",10
27,"Meal ",26,21,4.8,"electric_scooter",0,"No","Urban","Sunny","Medium",1,"N",5
15,"Meal ",30,21,4.6,"motorcycle",1,"No","Metropolitan","Windy","Low ",0,"Y",5
13,"Snack ",20,1,4.9,"scooter",2,"No","Semi-Urban","Sunny","High",0,"N",10
15,"Meal ",31,14,4.8,"motorcycle",1,"No","Metropolitan","Cloudy","Low ",1,"Y",5
29,"Meal ",28,19,4.9,"motorcycle",0,"No","Urban","Cloudy","Medium",1,"N",5
22,"Meal ",32,23,4.9,"motorcycle",0,"No","Semi-Urban","Stormy","High",1,"N",15
17,"Drinks ",35,17,4.5,"scooter",2,"No","Metropolitan","Windy","Low ",1,"Y",15
32,"Drinks ",26,5,4.7,"motorcycle",1,"No","Semi-Urban","Cloudy","Jam ",0,"N",5
27,"Meal ",26,9,4.5,"motorcycle",1,"No","Semi-Urban","Stormy","Medium",0,"Y",10
20,"Meal ",35,9,5,"scooter",2,"No","Metropolitan","Fog","Low ",0,"Y",15
22,"Snack ",22,19,4.9,"motorcycle",0,"No","Metropolitan","Sunny","Jam ",1,"Y",15
19,"Drinks ",38,3,4.9,"electric_scooter",2,"No","Metropolitan","Fog","Medium",1,"Y",10
25,"Meal ",30,22,4.6,"scooter",1,"No","Metropolitan","Windy","Jam ",1,"N",15
30,"Buffet ",38,5,4.6,"motorcycle",1,"No","Metropolitan","Cloudy","Medium",1,"N",5
31,"Buffet ",29,19,4.6,"motorcycle",2,"No","Metropolitan","Sandstorms","High ",1,"N",5
20,"Buffet ",28,18,4.7,"scooter",2,"No","Semi-Urban","Windy","Jam",1,"N",5
30,"Meal ",31,18,4.6,"motorcycle",2,"No","Urban","Cloudy","Jam",0,"N",5
32,"Meal ",30,9,4.5,"motorcycle",1,"No","Urban","Stormy","Jam ",1,"Y",5
49,"Drinks ",33,16,4.9,"scooter",0,"Yes","Metropolitan","Sunny","Jam ",2,"N",10
32,"Drinks ",32,7,4.1,"electric_scooter",1,"No","Metropolitan","Fog","Medium",1,"Y",10
22,"Buffet ",39,16,4.6,"scooter",0,"No","Urban","Cloudy","Medium",1,"N",15
37,"Snack ",29,18,4.3,"electric_scooter",2,"No","Semi-Urban","Sunny","Medium",1,"N",10
27,"Buffet ",24,21,4.8,"scooter",1,"No","Metropolitan","Sunny","Low ",1,"Y",15
44,"Buffet ",27,14,5,"motorcycle",2,"No","Metropolitan","Fog","Jam ",1,"Y",10
18,"Meal ",20,17,4.8,"motorcycle",2,"No","Metropolitan","Sandstorms","Low ",1,"N",10
31,"Drinks ",23,15,4.7,"scooter",2,"No","Urban","Sandstorms","Jam",1,"Y",10
38,"Meal ",37,21,5,"scooter",2,"No","Metropolitan","Fog","Jam ",1,"N",15
48,"Snack ",33,9,4.7,"scooter",0,"No","Metropolitan","Fog","Jam ",3,"N",5
26,"Snack ",29,23,4.7,"motorcycle",0,"No","Metropolitan","Stormy","Jam ",1,"N",5
19,"Buffet ",24,9,4.9,"scooter",2,"No","Urban","Sunny","Low ",1,"N",10
17,"Snack ",29,1,4.5,"motorcycle",1,"No","Urban","Sandstorms","High",0,"N",5
27,"Meal ",21,18,4.6,"scooter",0,"No","Metropolitan","Windy","Medium",1,"N",5
26,"Meal ",28,19,5,"motorcycle",0,"No","Urban","Fog","Medium",0,"Y",10
39,"Meal ",29,15,4.9,"motorcycle",0,"No","Urban","Sunny","Medium",2,"N",15
15,"Buffet ",36,18,4.5,"scooter",1,"No","Metropolitan","Sandstorms","Medium",0,"N",5
27,"Snack ",32,17,4.9,"electric_scooter",2,"No","Semi-Urban","Fog","Low",0,"N",10
34,"Buffet ",29,3,4.3,"scooter",1,"No","Metropolitan","Fog","Low ",0,"N",30
16,"Drinks ",32,23,4.8,"electric_scooter",0,"No","Metropolitan","Cloudy","Low",0,"N",5
17,"Snack ",28,22,4.9,"scooter",1,"No","Urban","Cloudy","Low",0,"N",15
28,"Snack ",33,18,4.7,"electric_scooter",2,"No","Metropolitan","Sandstorms","Jam",1,"N",15
26,"Meal ",32,8,4.8,"motorcycle",1,"No","Urban","Fog","Low ",0,"N",5
52,"Meal ",29,1,4.3,"motorcycle",0,"Yes","Metropolitan","Sandstorms","Jam ",1,"N",5
26,"Meal ",26,19,4.6,"scooter",1,"No","Urban","Sandstorms","Medium",1,"N",15
28,"Meal ",24,9,4.6,"scooter",2,"No","Urban","Cloudy","Low ",1,"N",10
17,"Snack ",21,22,4.6,"scooter",2,"No","Metropolitan","Stormy","Low",0,"N",15
37,"Drinks ",36,9,3.7,"motorcycle",2,"No","Metropolitan","Sandstorms","Jam ",1,"N",10
33,"Buffet ",30,3,4.2,"motorcycle",1,"No","Metropolitan","Stormy","Jam ",1,"N",5
23,"Buffet ",32,6,4.7,"scooter",1,"No","Semi-Urban","Sandstorms","Medium",0,"N",5
27,"Drinks ",22,18,4.8,"motorcycle",0,"No","Urban","Stormy","Jam ",1,"N",5
22,"Drinks ",31,9,5,"electric_scooter",2,"No","Metropolitan","Sandstorms","Low ",0,"N",5
10,"Snack ",35,16,4.6,"motorcycle",1,"No","Urban","Stormy","Low",1,"N",5
22,"Meal ",21,22,4.8,"scooter",1,"No","Urban","Stormy","Low",0,"Y",15
31,"Drinks ",28,3,4.3,"motorcycle",0,"No","Urban","Sandstorms","Jam",0,"N",15
15,"Drinks ",38,22,4.7,"scooter",1,"No","Urban","Stormy","Low ",0,"Y",15
41,"Drinks ",30,15,4,"motorcycle",0,"No","Metropolitan","Sandstorms","Low ",1,"N",15
26,"Snack ",26,16,4.6,"motorcycle",0,"No","Metropolitan","Windy","Jam ",1,"N",15
20,"Buffet ",20,6,4,"motorcycle",0,"No","Metropolitan","Sandstorms","Low ",1,"Y",5
25,"Drinks ",34,12,4.3,"electric_scooter",0,"No","Metropolitan","Stormy","Low ",1,"N",15
39,"Drinks ",30,17,4.5,"electric_scooter",2,"No","Metropolitan","Sandstorms","Medium",0,"N",15
42,"Snack ",25,18,5,"electric_scooter",0,"Yes","Metropolitan","Fog","Jam ",2,"Y",5
19,"Drinks ",21,19,4.7,"motorcycle",1,"No","Urban","Sandstorms","Low",1,"N",5
45,"Drinks ",27,2,4.8,"motorcycle",0,"Yes","Urban","Fog","Medium",2,"N",10
27,"Snack ",39,15,4.6,"motorcycle",2,"No","Urban","Windy","Medium",1,"N",15
45,"Buffet ",24,9,4.9,"scooter",1,"No","Metropolitan","Cloudy","Jam ",1,"N",5
26,"Snack ",21,1,4.6,"motorcycle",0,"No","Metropolitan","Fog","High ",1,"N",5
21,"Meal ",21,23,4.2,"scooter",0,"No","Urban","Sandstorms","Low ",0,"N",10
30,"Buffet ",24,16,4.6,"scooter",2,"No","Metropolitan","Fog","Jam ",0,"N",10
41,"Meal ",32,17,4.7,"scooter",0,"No","Urban","Stormy","High",1,"N",5
34,"Snack ",33,15,3.9,"scooter",2,"No","Metropolitan","Sandstorms","Medium",0,"Y",10
15,"Drinks ",36,16,4.8,"scooter",1,"No","Metropolitan","Fog","Low ",1,"N",5
45,"Buffet ",35,11,4.8,"scooter",0,"No","Metropolitan","Windy","Jam ",1,"N",15
17,"Drinks ",27,13,4.8,"scooter",2,"No","Metropolitan","Windy","Jam ",1,"N",5
31,"Meal ",36,3,3.8,"scooter",1,"No","Urban","Windy","Jam ",1,"Y",10
18,"Snack ",33,18,4.8,"electric_scooter",2,"No","Urban","Stormy","Jam",1,"N",10
17,"Buffet ",27,23,5,"motorcycle",0,"No","Urban","Sandstorms","Low",0,"N",15
29,"Meal ",26,23,4.7,"scooter",1,"No","Metropolitan","Windy","Low ",0,"N",10
16,"Snack ",35,18,4.7,"scooter",2,"No","Semi-Urban","Windy","Low ",1,"Y",5
29,"Snack ",31,9,4.6,"motorcycle",1,"No","Semi-Urban","Cloudy","High ",1,"N",5
31,"Snack ",28,11,5,"electric_scooter",2,"No","Metropolitan","Sandstorms","Jam ",0,"N",15
26,"Drinks ",24,12,4.5,"electric_scooter",0,"No","Metropolitan","Sunny","Jam ",0,"Y",5
36,"Snack ",23,16,4.6,"scooter",1,"No","Metropolitan","Cloudy","Jam ",1,"N",5
22,"Buffet ",21,14,4.8,"electric_scooter",2,"No","Semi-Urban","Sunny","Jam ",1,"N",15
38,"Buffet ",32,16,5,"motorcycle",0,"No","Metropolitan","Stormy","Medium",0,"N",15
35,"Meal ",35,2,4.9,"motorcycle",0,"No","Metropolitan","Fog","Medium",1,"N",15
32,"Snack ",23,8,4.1,"electric_scooter",2,"No","Metropolitan","Fog","Low ",0,"Y",5
15,"Drinks ",28,21,4.6,"motorcycle",2,"No","Metropolitan","Fog","Low ",0,"N",15
43,"Meal ",22,21,4.8,"motorcycle",1,"No","Metropolitan","Fog","Jam ",3,"N",10
32,"Buffet ",26,17,5,"electric_scooter",2,"No","Semi-Urban","Fog","Medium",1,"N",10
20,"Buffet ",25,1,4.5,"motorcycle",0,"No","Urban","Stormy","Low",1,"N",5
16,"Drinks ",29,3,4.5,"scooter",2,"No","Urban","Sandstorms","Low",1,"N",5
18,"Drinks ",35,23,5,"motorcycle",1,"No","Urban","Sunny","Low",1,"N",10
44,"Drinks ",36,15,5,"motorcycle",0,"Yes","Urban","Sandstorms","High ",1,"Y",15
30,"Snack ",39,5,4.8,"scooter",0,"No","Metropolitan","Fog","High ",1,"N",15
44,"Buffet ",21,3,4.1,"scooter",1,"No","Metropolitan","Fog","Jam ",0,"Y",10
19,"Drinks ",34,19,4.8,"motorcycle",1,"No","Metropolitan","Sunny","Medium",0,"N",5
31,"Buffet ",27,22,4.7,"electric_scooter",1,"No","Metropolitan","Fog","Jam ",1,"N",15
23,"Buffet ",29,16,4.8,"motorcycle",2,"No","Metropolitan","Windy","Medium",1,"N",5
36,"Buffet ",33,5,3.4,"scooter",2,"No","Urban","Sunny","Low ",1,"N",15
21,"Snack ",28,7,4.5,"motorcycle",0,"No","Metropolitan","Fog","High ",1,"N",5
26,"Buffet ",39,6,4.5,"motorcycle",0,"No","Urban","Fog","High ",1,"Y",15
34,"Buffet ",26,13,4.3,"motorcycle",0,"No","Metropolitan","Sandstorms","High ",1,"N",10
41,"Drinks ",21,1,4.3,"electric_scooter",0,"No","Metropolitan","Stormy","Medium",2,"Y",10
12,"Drinks ",29,18,4.7,"scooter",1,"No","Metropolitan","Cloudy","Low ",0,"N",15
22,"Snack ",21,19,4.8,"motorcycle",1,"No","Urban","Sandstorms","Low",0,"Y",10
26,"Buffet ",35,13,4.8,"electric_scooter",0,"No","Metropolitan","Windy","Jam ",1,"N",15
35,"Snack ",21,18,4.9,"motorcycle",0,"No","Metropolitan","Stormy","Jam ",2,"Y",10
16,"Snack ",29,5,4.5,"electric_scooter",2,"No","Urban","Sandstorms","Medium",0,"N",15
24,"Buffet ",32,1,4.1,"electric_scooter",0,"No","Metropolitan","Windy","Low ",0,"N",5
25,"Meal ",35,17,4.9,"scooter",2,"No","Urban","Sandstorms","Low",1,"N",10
21,"Meal ",37,3,4.5,"scooter",2,"No","Metropolitan","Sunny","Jam ",0,"N",10
10,"Buffet ",24,15,4.9,"motorcycle",2,"No","Urban","Sandstorms","Low",1,"N",5
32,"Drinks ",31,17,4.2,"scooter",2,"No","Urban","Sandstorms","High",1,"N",5
25,"Drinks ",32,15,4.9,"electric_scooter",0,"No","Metropolitan","Cloudy","Jam ",1,"Y",15
40,"Drinks ",31,3,4.8,"motorcycle",0,"No","Semi-Urban","Fog","Low ",1,"N",10
32,"Meal ",39,5,4.1,"motorcycle",0,"No","Metropolitan","Windy","High ",0,"Y",10
23,"Drinks ",29,2,4.8,"motorcycle",0,"No","Metropolitan","Fog","Low ",0,"N",10
33,"Drinks ",39,23,4.8,"motorcycle",2,"No","Semi-Urban","Windy","Medium",0,"Y",15
30,"Drinks ",24,3,4.8,"electric_scooter",2,"No","Metropolitan","Stormy","High ",1,"N",15
46,"Meal ",28,16,4.7,"motorcycle",0,"No","Metropolitan","Cloudy","Jam ",2,"N",5
17,"Drinks ",26,21,4.9,"scooter",1,"No","Metropolitan","Sunny","Jam ",1,"N",5
29,"Meal ",31,3,5,"motorcycle",0,"No","Metropolitan","Stormy","Medium",0,"N",5
27,"Snack ",20,19,5,"electric_scooter",2,"No","Urban","Windy","Medium",1,"Y",5
33,"Buffet ",22,5,4.7,"motorcycle",0,"No","Semi-Urban","Stormy","High ",1,"N",5
17,"Snack ",24,9,4.5,"motorcycle",1,"No","Urban","Stormy","Low ",0,"N",5
13,"Snack ",35,18,4.9,"motorcycle",0,"No","Semi-Urban","Sunny","Low ",1,"N",5
25,"Meal ",29,14,4.8,"scooter",1,"No","Metropolitan","Stormy","Low ",1,"N",15
21,"Meal ",30,3,5,"motorcycle",0,"No","Semi-Urban","Fog","Medium",1,"N",15
15,"Snack ",21,17,4.8,"electric_scooter",1,"No","Urban","Fog","Low",1,"Y",10
23,"Snack ",37,23,4.9,"motorcycle",0,"No","Metropolitan","Fog","Low ",1,"N",15
38,"Snack ",35,9,4.7,"scooter",0,"No","Semi-Urban","Cloudy","Medium",2,"N",10
27,"Meal ",33,17,4.6,"scooter",1,"No","Urban","Fog","Medium",0,"N",10
33,"Meal ",28,15,4.8,"motorcycle",0,"No","Metropolitan","Sunny","Jam ",1,"N",10
40,"Drinks ",32,16,3.5,"motorcycle",1,"No","Metropolitan","Stormy","Jam ",1,"N",5
17,"Snack ",35,12,4.7,"electric_scooter",0,"No","Metropolitan","Sunny","Low ",1,"Y",5
20,"Meal ",32,18,4.6,"motorcycle",0,"No","Urban","Sunny","Medium",1,"N",15
27,"Meal ",35,17,4.6,"electric_scooter",2,"No","Metropolitan","Sandstorms","Medium",1,"N",15
35,"Snack ",32,5,2.7,"scooter",1,"No","Semi-Urban","Sunny","Low ",0,"N",5
14,"Snack ",36,23,4.9,"electric_scooter",2,"No","Metropolitan","Sandstorms","Low ",1,"Y",20
30,"Snack ",27,8,4.5,"electric_scooter",1,"No","Urban","Fog","Low ",1,"N",15
31,"Snack ",36,18,5,"motorcycle",2,"No","Urban","Windy","Medium",1,"N",5
26,"Buffet ",29,15,4.9,"motorcycle",0,"No","Metropolitan","Cloudy","Jam ",0,"Y",5
23,"Drinks ",27,12,5,"motorcycle",0,"No","Metropolitan","Sunny","Medium",1,"N",15
20,"Meal ",28,14,4.9,"scooter",1,"No","Metropolitan","Windy","Medium",1,"N",10
29,"Meal ",22,18,4.8,"motorcycle",0,"No","Metropolitan","Stormy","Low ",1,"N",15
46,"Drinks ",32,6,4.7,"motorcycle",0,"No","Urban","Cloudy","Jam ",1,"N",15
18,"Buffet ",38,1,4.5,"scooter",2,"No","Urban","Cloudy","Low",0,"N",10
27,"Meal ",26,9,4.5,"motorcycle",1,"No","Semi-Urban","Stormy","Medium",0,"Y",10
22,"Meal ",28,15,4.7,"scooter",1,"No","Urban","Cloudy","Jam ",0,"Y",5
12,"Meal ",37,12,4.8,"electric_scooter",2,"No","Metropolitan","Windy","High ",1,"N",5
44,"Snack ",33,7,4.9,"electric_scooter",2,"No","Metropolitan","Stormy","Medium",1,"N",5
17,"Snack ",23,23,4.6,"motorcycle",1,"No","Metropolitan","Stormy","Jam ",0,"N",5
39,"Buffet ",39,3,4.5,"electric_scooter",2,"No","Urban","Fog","Low ",1,"Y",15
20,"Buffet ",33,15,4.8,"motorcycle",2,"No","Metropolitan","Sunny","Jam ",0,"Y",15
31,"Drinks ",31,18,4.9,"motorcycle",1,"No","Metropolitan","Fog","Jam ",1,"N",10
16,"Drinks ",27,22,4.7,"scooter",1,"No","Urban","Sunny","Low ",1,"N",15
30,"Drinks ",24,18,4.7,"motorcycle",0,"No","Urban","Sandstorms","Medium",1,"Y",15
32,"Meal ",29,13,4.2,"motorcycle",1,"No","Metropolitan","Sandstorms","High ",0,"Y",5
10,"Buffet ",24,17,4.8,"scooter",2,"No","Semi-Urban","Stormy","Low",0,"N",15
37,"Drinks ",28,19,4.7,"motorcycle",0,"No","Metropolitan","Fog","Medium",0,"N",15
46,"Meal ",33,3,4.4,"motorcycle",0,"No","Metropolitan","Sunny","High ",2,"N",10
25,"Buffet ",38,16,4.7,"motorcycle",1,"No","Urban","Fog","High",0,"N",15
18,"Meal ",34,16,4.6,"electric_scooter",1,"No","Urban","Sandstorms","Low",0,"N",5
48,"Buffet ",24,11,4.1,"scooter",0,"No","Metropolitan","Stormy","Jam ",0,"Y",5
32,"Buffet ",34,17,4.6,"motorcycle",2,"No","Urban","Fog","Jam ",1,"Y",5
44,"Drinks ",27,15,4,"electric_scooter",1,"No","Semi-Urban","Stormy","Medium",0,"N",15
16,"Buffet ",33,19,4,"motorcycle",0,"No","Metropolitan","Sandstorms","Low ",1,"N",5
29,"Snack ",39,21,4.9,"electric_scooter",1,"No","Urban","Windy","Medium",1,"N",10
37,"Drinks ",25,6,4.5,"electric_scooter",0,"No","Metropolitan","Fog","Medium",1,"N",10
18,"Drinks ",39,19,4.5,"motorcycle",1,"No","Semi-Urban","Sandstorms","Low ",0,"N",5
39,"Snack ",26,7,3.2,"motorcycle",1,"No","Metropolitan","Sunny","Low ",1,"N",10
18,"Meal ",21,7,4.9,"electric_scooter",1,"No","Metropolitan","Sunny","Jam ",0,"Y",15
32,"Drinks ",31,5,4.8,"motorcycle",1,"No","Urban","Fog","Jam ",1,"Y",15
23,"Drinks ",31,21,4.6,"electric_scooter",1,"No","Metropolitan","Sandstorms","Jam ",1,"N",15
26,"Snack ",38,13,4.9,"scooter",2,"No","Urban","Sunny","Low ",1,"N",10
19,"Buffet ",27,9,4.7,"scooter",1,"No","Semi-Urban","Windy","Low ",1,"N",20
23,"Buffet ",20,23,4.8,"scooter",0,"No","Metropolitan","Sunny","High ",1,"N",5
34,"Buffet ",24,7,4.9,"motorcycle",2,"No","Semi-Urban","Fog","Medium",1,"Y",15
38,"Buffet ",30,21,4.6,"motorcycle",0,"No","Urban","Windy","Jam",1,"Y",10
13,"Buffet ",23,17,4.9,"scooter",1,"No","Metropolitan","Stormy","High ",1,"Y",15
25,"Snack ",22,23,4.9,"motorcycle",1,"No","Urban","Sandstorms","Low ",1,"N",15
34,"Snack ",22,5,4,"electric_scooter",1,"No","Urban","Windy","High",0,"N",5
44,"Drinks ",39,7,4.1,"scooter",2,"No","Metropolitan","Cloudy","Medium",2,"N",10
22,"Meal ",28,4,4.8,"motorcycle",0,"No","Urban","Stormy","Medium",1,"N",15
30,"Buffet ",21,8,4.7,"motorcycle",2,"No","Metropolitan","Windy","Medium",1,"N",5
26,"Snack ",36,21,4.6,"motorcycle",0,"No","Urban","Stormy","Low",1,"N",30
52,"Drinks ",33,13,4.7,"motorcycle",0,"No","Metropolitan","Windy","Jam ",1,"Y",10
19,"Snack ",27,18,4.8,"scooter",1,"No","Urban","Cloudy","Low",1,"N",5
25,"Buffet ",20,21,4.8,"motorcycle",0,"No","Metropolitan","Sunny","Medium",1,"N",15
24,"Buffet ",26,22,4.5,"motorcycle",1,"No","Metropolitan","Stormy","Low ",1,"N",5
24,"Meal ",28,18,4.8,"electric_scooter",2,"No","Urban","Stormy","Medium",1,"Y",15
33,"Buffet ",35,18,4.7,"motorcycle",0,"No","Metropolitan","Windy","Jam ",0,"N",15
28,"Meal ",24,8,4.9,"electric_scooter",2,"No","Urban","Fog","High ",1,"Y",5
29,"Drinks ",30,9,4.6,"motorcycle",0,"No","Metropolitan","Fog","High ",1,"N",5
41,"Snack ",28,5,4.2,"electric_scooter",0,"No","Semi-Urban","Windy","Medium",1,"N",15
19,"Drinks ",38,23,4.5,"motorcycle",1,"No","Metropolitan","Sunny","Jam ",1,"Y",15
25,"Buffet ",31,15,4.7,"motorcycle",2,"No","Semi-Urban","Windy","Jam",1,"N",10
22,"Drinks ",28,9,4.9,"electric_scooter",2,"No","Metropolitan","Cloudy","High ",1,"N",5
35,"Drinks ",22,6,4.5,"motorcycle",1,"No","Metropolitan","Sandstorms","Jam ",2,"N",10
18,"Snack ",38,13,4.5,"motorcycle",1,"No","Urban","Windy","Low ",1,"N",5
25,"Buffet ",21,14,4.6,"electric_scooter",1,"No","Metropolitan","Sandstorms","Medium",1,"N",10
24,"Snack ",28,23,4.9,"motorcycle",0,"No","Metropolitan","Sunny","Medium",0,"N",10
23,"Meal ",24,23,4.9,"motorcycle",2,"No","Urban","Sunny","Low",0,"N",10
30,"Meal ",21,23,4.7,"scooter",1,"No","Semi-Urban","Fog","Medium",1,"N",5
16,"Buffet ",39,8,4.7,"electric_scooter",2,"No","Metropolitan","Sandstorms","Low ",1,"N",15
14,"Drinks ",29,18,4.9,"electric_scooter",2,"No","Metropolitan","Windy","Low ",1,"N",15
25,"Meal ",22,22,4.8,"electric_scooter",0,"No","Metropolitan","Cloudy","Jam ",1,"N",5
23,"Snack ",34,19,4.5,"electric_scooter",1,"No","Metropolitan","Windy","Medium",1,"N",10
16,"Snack ",31,6,4.7,"motorcycle",1,"No","Urban","Windy","Jam ",0,"N",10
15,"Snack ",38,18,4.6,"electric_scooter",2,"No","Metropolitan","Sandstorms","Low ",0,"N",10
38,"Buffet ",31,13,4.1,"scooter",2,"No","Metropolitan","Cloudy","Jam ",1,"N",5
17,"Drinks ",30,18,4.8,"scooter",1,"No","Metropolitan","Stormy","High ",0,"N",5
31,"Drinks ",28,18,4.9,"scooter",1,"No","Semi-Urban","Cloudy","Medium",1,"N",15
27,"Snack ",24,6,4.7,"motorcycle",1,"No","Semi-Urban","Stormy","Low ",1,"N",10
10,"Snack ",37,5,4.5,"motorcycle",2,"No","Semi-Urban","Sandstorms","High",1,"N",15
26,"Meal ",39,19,4.8,"motorcycle",1,"No","Urban","Stormy","Jam",0,"N",5
19,"Drinks ",25,9,4.5,"motorcycle",2,"No","Metropolitan","Fog","Low ",1,"N",10
26,"Drinks ",36,9,4.8,"motorcycle",0,"No","Urban","Sunny","Jam ",1,"N",10
34,"Meal ",35,17,3.7,"electric_scooter",2,"No","Metropolitan","Sandstorms","Jam ",1,"N",5
20,"Snack ",26,5,4.9,"motorcycle",0,"No","Metropolitan","Sandstorms","Low ",1,"N",15
40,"Buffet ",24,16,5,"scooter",2,"No","Urban","Fog","Jam ",2,"Y",5
15,"Meal ",29,22,4.7,"motorcycle",0,"No","Metropolitan","Sunny","Medium",1,"Y",5
13,"Meal ",23,18,4.7,"motorcycle",2,"No","Metropolitan","Fog","Low ",1,"N",5
31,"Buffet ",30,16,4.5,"motorcycle",0,"No","Metropolitan","Fog","Medium",2,"N",5
34,"Drinks ",35,3,2.5,"scooter",1,"No","Metropolitan","Sunny","Low ",0,"N",10
28,"Snack ",20,21,4.8,"electric_scooter",0,"No","Urban","Cloudy","Medium",1,"N",5
27,"Snack ",21,16,4.9,"scooter",2,"No","Urban","Windy","Low",0,"N",15
28,"Drinks ",39,3,4.7,"scooter",1,"No","Metropolitan","Stormy","Jam ",1,"N",5
34,"Meal ",33,21,5,"scooter",2,"No","Metropolitan","Cloudy","Jam ",2,"Y",15
18,"Buffet ",35,17,4.8,"electric_scooter",2,"No","Metropolitan","Stormy","Low ",1,"N",10
37,"Meal ",38,13,3.7,"motorcycle",1,"No","Urban","Sandstorms","Jam ",1,"N",10
26,"Snack ",34,23,4.6,"electric_scooter",0,"No","Urban","Sandstorms","Low",1,"Y",20
32,"Drinks ",39,4,4.9,"scooter",1,"No","Urban","Stormy","High ",1,"Y",5
22,"Snack ",31,3,4.8,"scooter",2,"No","Metropolitan","Windy","Low ",0,"N",5
41,"Snack ",27,9,4.3,"motorcycle",0,"No","Urban","Sunny","Jam ",2,"Y",10
36,"Buffet ",35,9,4.9,"electric_scooter",2,"No","Semi-Urban","Stormy","Medium",1,"N",10
17,"Buffet ",22,19,5,"scooter",2,"No","Metropolitan","Windy","Low ",1,"N",15
31,"Meal ",30,5,3.4,"electric_scooter",0,"No","Urban","Sunny","Low ",1,"N",15
33,"Snack ",38,5,4.2,"electric_scooter",2,"No","Urban","Cloudy","Jam ",0,"N",15
11,"Snack ",24,19,4.9,"scooter",2,"No","Urban","Stormy","Low ",1,"N",10
35,"Buffet ",23,8,4.2,"motorcycle",0,"No","Metropolitan","Windy","Medium",2,"N",5
12,"Buffet ",21,21,4.9,"motorcycle",1,"No","Urban","Windy","Low ",0,"N",15
18,"Snack ",36,22,4.6,"scooter",2,"No","Semi-Urban","Fog","Low ",1,"N",15
25,"Buffet ",20,13,4.8,"motorcycle",1,"No","Metropolitan","Windy","Jam ",1,"N",10
17,"Snack ",23,23,4.9,"motorcycle",1,"No","Urban","Sunny","Low ",0,"Y",5
27,"Buffet ",21,16,4.7,"motorcycle",1,"No","Metropolitan","Sandstorms","Jam ",1,"N",10
27,"Buffet ",31,23,4.7,"scooter",2,"No","Urban","Sandstorms","Jam ",1,"N",10
43,"Snack ",20,3,2.8,"scooter",2,"No","Urban","Sunny","Low",2,"N",15
24,"Buffet ",35,23,4.6,"motorcycle",1,"No","Metropolitan","Sunny","Jam ",1,"N",5
13,"Meal ",23,21,4.8,"electric_scooter",1,"No","Urban","Stormy","Low",1,"N",10
37,"Snack ",35,2,4.8,"scooter",2,"No","Semi-Urban","Fog","Jam ",2,"N",10
25,"Meal ",20,16,4.6,"motorcycle",0,"No","Urban","Sunny","Low ",1,"N",5
10,"Buffet ",25,12,4.7,"motorcycle",2,"No","Urban","Windy","Low ",0,"N",5
27,"Buffet ",22,19,4.8,"scooter",0,"No","Semi-Urban","Sunny","Medium",1,"N",15
16,"Drinks ",38,21,4.8,"scooter",1,"No","Urban","Stormy","Medium",0,"Y",10
28,"Snack ",37,7,4.7,"motorcycle",2,"No","Metropolitan","Sunny","Low ",0,"N",15
24,"Drinks ",38,17,4.7,"motorcycle",0,"No","Metropolitan","Windy","Low ",1,"N",10
35,"Meal ",36,17,4.9,"electric_scooter",0,"No","Metropolitan","Stormy","High ",1,"N",5
28,"Snack ",29,12,4.8,"motorcycle",1,"No","Metropolitan","Fog","Medium",1,"Y",10
35,"Buffet ",31,4,4.9,"motorcycle",1,"No","Metropolitan","Fog","Jam ",1,"N",15
27,"Buffet ",24,9,4.7,"electric_scooter",1,"No","Metropolitan","Windy","High ",1,"N",10
15,"Drinks ",38,17,4.6,"motorcycle",1,"No","Metropolitan","Sunny","Jam ",1,"Y",15
26,"Snack ",30,18,4.8,"scooter",2,"No","Urban","Fog","Low",0,"N",10
40,"Drinks ",28,18,4.7,"motorcycle",0,"No","Metropolitan","Cloudy","Jam ",1,"N",15
11,"Snack ",26,22,4.7,"motorcycle",2,"No","Metropolitan","Fog","Low ",1,"N",15
44,"Snack ",37,14,4.2,"motorcycle",1,"Yes","Semi-Urban","Fog","Jam ",1,"N",15
27,"Snack ",32,19,4.8,"motorcycle",2,"No","Urban","Stormy","Medium",0,"N",15
40,"Meal ",31,3,4.7,"motorcycle",1,"No","Urban","Stormy","Jam ",1,"N",10
10,"Meal ",35,23,4.6,"scooter",2,"No","Metropolitan","Sandstorms","Jam ",0,"N",10
17,"Buffet ",33,15,4.8,"electric_scooter",1,"No","Metropolitan","Stormy","Medium",0,"N",10
15,"Buffet ",28,21,4.5,"motorcycle",1,"No","Metropolitan","Fog","Low ",1,"N",5
23,"Meal ",30,21,4.6,"electric_scooter",0,"No","Urban","Fog","High ",1,"Y",10
40,"Buffet ",21,17,4.8,"motorcycle",1,"No","Metropolitan","Fog","Jam ",0,"N",10
34,"Meal ",22,6,4.5,"motorcycle",0,"No","Urban","Fog","Medium",1,"N",10
33,"Meal ",27,2,4.4,"motorcycle",0,"No","Metropolitan","Fog","Medium",1,"N",5
25,"Drinks ",21,18,4.6,"motorcycle",0,"No","Metropolitan","Fog","High ",1,"N",15
29,"Meal ",33,23,4.6,"motorcycle",0,"No","Semi-Urban","Sunny","Low ",1,"N",15
47,"Meal ",36,5,4.7,"motorcycle",0,"No","Urban","Cloudy","Medium",3,"Y",10
37,"Drinks ",22,21,4.9,"electric_scooter",1,"No","Metropolitan","Cloudy","Medium",0,"Y",10
28,"Meal ",35,13,4.9,"electric_scooter",2,"No","Metropolitan","Windy","High ",1,"Y",10
21,"Meal ",38,14,4.5,"motorcycle",0,"No","Metropolitan","Fog","Low ",1,"Y",5
31,"Meal ",24,9,3.9,"scooter",2,"No","Metropolitan","Cloudy","Low ",1,"N",5
19,"Meal ",27,3,4.4,"motorcycle",0,"No","Urban","Sandstorms","Low",0,"Y",10
14,"Buffet ",29,22,4.8,"scooter",2,"No","Urban","Sandstorms","Jam",0,"N",5
18,"Buffet ",20,22,4.7,"scooter",2,"No","Urban","Windy","Jam ",1,"N",10
20,"Meal ",32,18,4.8,"motorcycle",2,"No","Urban","Sunny","High",1,"N",10
28,"Drinks ",26,15,4.6,"electric_scooter",2,"No","Metropolitan","Stormy","Low ",1,"N",10
34,"Meal ",38,9,4.1,"electric_scooter",2,"No","Metropolitan","Stormy","Medium",1,"N",10
16,"Drinks ",22,13,4.9,"motorcycle",1,"No","Urban","Fog","Low ",0,"N",5
30,"Buffet ",20,8,4.8,"electric_scooter",2,"No","Metropolitan","Sandstorms","Medium",1,"N",5
11,"Drinks ",27,18,4.6,"electric_scooter",2,"No","Urban","Stormy","Medium",1,"N",5
19,"Buffet ",30,12,4.7,"scooter",2,"No","Metropolitan","Windy","Low ",1,"Y",10
31,"Meal ",38,16,4.8,"scooter",2,"No","Semi-Urban","Cloudy","Medium",1,"N",15
33,"Snack ",21,12,3.5,"motorcycle",1,"No","Semi-Urban","Stormy","Medium",1,"N",10
24,"Snack ",31,15,4.8,"scooter",2,"No","Urban","Sunny","Medium",1,"Y",15
22,"Drinks ",39,5,4.9,"motorcycle",0,"No","Urban","Cloudy","Medium",0,"N",15
43,"Snack ",29,12,4.4,"electric_scooter",2,"No","Metropolitan","Windy","Jam ",1,"N",10
24,"Drinks ",27,22,4.6,"motorcycle",0,"No","Metropolitan","Cloudy","Low ",1,"N",10
19,"Buffet ",25,16,4.6,"motorcycle",2,"No","Metropolitan","Stormy","Low ",0,"N",10
16,"Meal ",37,9,4.7,"scooter",1,"No","Urban","Fog","Low ",0,"N",15
14,"Meal ",28,14,4.9,"electric_scooter",2,"No","Semi-Urban","Windy","Jam ",1,"N",10
32,"Snack ",36,3,4.1,"scooter",2,"No","Urban","Sandstorms","Medium",1,"N",10
15,"Buffet ",32,6,4.5,"electric_scooter",2,"No","Metropolitan","Cloudy","Low",0,"N",15
12,"Buffet ",30,17,4.6,"electric_scooter",2,"No","Metropolitan","Sunny","Medium",0,"N",5
43,"Buffet ",30,17,4.6,"motorcycle",0,"Yes","Metropolitan","Fog","Low ",2,"Y",15
37,"Buffet ",39,9,4.4,"scooter",2,"No","Urban","Cloudy","Medium",1,"Y",10
28,"Buffet ",34,23,4.8,"electric_scooter",0,"No","Metropolitan","Cloudy","High ",1,"N",10
33,"Buffet ",20,9,4.2,"scooter",1,"No","Urban","Stormy","High ",1,"N",15
28,"Snack ",23,18,5,"scooter",2,"No","Metropolitan","Cloudy","Medium",1,"N",5
24,"Buffet ",26,22,4.8,"electric_scooter",1,"No","Metropolitan","Sunny","Low ",0,"N",15
18,"Snack ",35,8,4.8,"motorcycle",1,"No","Metropolitan","Stormy","Low ",1,"N",15
43,"Buffet ",30,13,4.4,"scooter",0,"No","Metropolitan","Sunny","High ",2,"Y",5
29,"Buffet ",38,22,5,"electric_scooter",2,"No","Urban","Stormy","High",1,"N",10
18,"Buffet ",35,22,4.9,"scooter",2,"No","Metropolitan","Fog","Low ",1,"N",10
18,"Buffet ",29,3,4.7,"scooter",1,"No","Metropolitan","Sunny","Jam ",1,"N",10
23,"Buffet ",33,15,4.8,"electric_scooter",0,"No","Metropolitan","Fog","Low ",1,"N",10
24,"Drinks ",37,4,4.8,"motorcycle",1,"No","Metropolitan","Stormy","Low ",1,"Y",15
27,"Snack ",20,18,5,"scooter",0,"No","Urban","Fog","Low",1,"Y",5
28,"Meal ",26,23,4.8,"scooter",1,"No","Metropolitan","Stormy","High ",0,"N",10
20,"Drinks ",30,18,4.7,"electric_scooter",1,"No","Metropolitan","Stormy","Medium",1,"Y",15
42,"Drinks ",32,6,4.4,"motorcycle",1,"No","Metropolitan","Stormy","Jam ",1,"N",10
36,"Snack ",36,18,4.9,"scooter",2,"No","Urban","Fog","Medium",1,"Y",5
22,"Buffet ",34,22,4.8,"motorcycle",1,"No","Metropolitan","Fog","High ",0,"N",5
16,"Buffet ",21,15,4.6,"motorcycle",2,"No","Metropolitan","Sunny","Medium",0,"N",5
22,"Buffet ",22,22,4.8,"motorcycle",1,"No","Urban","Sandstorms","Low ",0,"N",15
25,"Snack ",33,21,4.3,"motorcycle",0,"No","Metropolitan","Stormy","Low ",1,"N",5
17,"Snack ",25,17,4.6,"electric_scooter",2,"No","Metropolitan","Sunny","Jam ",1,"Y",5
27,"Meal ",30,2,4.8,"motorcycle",1,"No","Metropolitan","Fog","Jam ",1,"Y",5
29,"Meal ",26,13,4.6,"electric_scooter",2,"No","Urban","Cloudy","Medium",0,"N",15
28,"Meal ",24,21,4.7,"scooter",1,"No","Metropolitan","Fog","High ",1,"N",15
15,"Buffet ",38,23,4.7,"scooter",1,"No","Urban","Sunny","Low ",1,"N",5
33,"Meal ",25,15,4.3,"motorcycle",2,"No","Urban","Fog","Jam",1,"N",15
27,"Snack ",38,23,4.5,"scooter",2,"No","Metropolitan","Cloudy","Jam ",1,"Y",15
39,"Snack ",37,9,5,"electric_scooter",2,"No","Semi-Urban","Fog","Jam ",1,"N",10
47,"Buffet ",33,12,4.6,"motorcycle",0,"No","Metropolitan","Cloudy","Medium",0,"Y",15
36,"Drinks ",30,16,4.6,"scooter",0,"No","Metropolitan","Stormy","High ",2,"N",15
28,"Snack ",37,22,5,"electric_scooter",2,"No","Urban","Cloudy","Low ",0,"Y",10
30,"Drinks ",23,13,4.7,"electric_scooter",1,"No","Metropolitan","Fog","Jam ",0,"N",15
41,"Snack ",33,7,5,"motorcycle",1,"No","Semi-Urban","Fog","Medium",1,"N",15
19,"Buffet ",22,5,4.9,"electric_scooter",2,"No","Metropolitan","Sunny","Medium",1,"N",10
34,"Buffet ",35,17,4.6,"motorcycle",2,"No","Metropolitan","Stormy","High ",0,"N",15
20,"Buffet ",23,18,5,"scooter",1,"No","Semi-Urban","Cloudy","Jam ",1,"Y",10
24,"Drinks ",31,15,4.6,"motorcycle",1,"No","Urban","Stormy","Low",1,"N",5
22,"Meal ",26,18,4.8,"motorcycle",2,"No","Urban","Windy","Low ",0,"N",10
38,"Drinks ",25,4,3.8,"scooter",1,"No","Semi-Urban","Fog","Low ",1,"Y",15
30,"Snack ",35,4,4.8,"electric_scooter",1,"No","Metropolitan","Fog","Jam ",1,"Y",10
12,"Buffet ",36,21,4.6,"scooter",1,"No","Urban","Sunny","Jam",0,"N",15
42,"Meal ",20,12,4.9,"motorcycle",0,"No","Semi-Urban","Cloudy","Jam ",2,"N",15
32,"Snack ",38,8,4.2,"motorcycle",1,"No","Metropolitan","Stormy","Jam ",1,"N",10
35,"Drinks ",37,5,4.6,"motorcycle",0,"No","Urban","Stormy","High",2,"N",5
40,"Meal ",37,11,4,"motorcycle",2,"No","Urban","Cloudy","Jam ",1,"N",10
29,"Drinks ",25,5,4.9,"scooter",2,"No","Semi-Urban","Stormy","High ",1,"N",10
20,"Buffet ",31,21,4.5,"motorcycle",1,"No","Urban","Sunny","Medium",1,"Y",10
40,"Buffet ",24,3,4.4,"motorcycle",2,"No","Urban","Cloudy","Jam",1,"Y",10
21,"Buffet ",38,4,4,"motorcycle",0,"No","Urban","Sandstorms","Low",1,"N",15
27,"Snack ",30,9,5,"motorcycle",2,"No","Urban","Windy","Jam ",0,"N",15
10,"Meal ",37,19,4.8,"motorcycle",1,"No","Urban","Stormy","Low",0,"N",15
29,"Buffet ",22,22,4.6,"scooter",1,"No","Urban","Stormy","Jam",1,"Y",10
27,"Drinks ",37,21,4.6,"motorcycle",0,"No","Urban","Stormy","Low ",1,"Y",5
15,"Drinks ",31,12,4.9,"scooter",1,"No","Metropolitan","Sunny","Jam ",1,"N",5
28,"Meal ",24,18,4.8,"motorcycle",1,"No","Urban","Sandstorms","Jam",1,"N",5
27,"Meal ",20,17,4.8,"electric_scooter",2,"No","Metropolitan","Windy","Jam ",1,"N",10
28,"Meal ",34,8,4.6,"electric_scooter",2,"No","Metropolitan","Sandstorms","Low ",1,"N",20
21,"Snack ",28,7,4.5,"motorcycle",0,"No","Metropolitan","Fog","High ",1,"N",5
18,"Buffet ",35,14,4.7,"scooter",2,"No","Semi-Urban","Sunny","Jam ",0,"Y",5
51,"Buffet ",31,3,4.4,"motorcycle",0,"No","Semi-Urban","Sandstorms","Jam",1,"N",15
27,"Snack ",28,21,4.8,"motorcycle",0,"No","Metropolitan","Sandstorms","Low ",1,"N",5
29,"Snack ",29,8,4.5,"scooter",0,"No","Metropolitan","Fog","Low ",1,"N",10
34,"Meal ",34,6,4.9,"motorcycle",0,"No","Semi-Urban","Windy","Jam ",1,"N",10
27,"Buffet ",37,13,4.9,"motorcycle",1,"No","Metropolitan","Windy","Jam ",1,"N",10
50,"Snack ",38,14,4.8,"motorcycle",0,"Yes","Metropolitan","Windy","Jam ",0,"N",10
32,"Drinks ",33,7,4.4,"scooter",1,"No","Urban","Cloudy","Medium",1,"N",10
26,"Drinks ",26,23,4.9,"motorcycle",1,"No","Semi-Urban","Windy","High ",1,"Y",5
37,"Buffet ",23,16,3.6,"scooter",2,"No","Metropolitan","Stormy","Low ",0,"N",20
36,"Drinks ",29,8,4.2,"motorcycle",0,"No","Metropolitan","Stormy","Medium",1,"N",10
22,"Drinks ",28,22,4.5,"motorcycle",0,"No","Metropolitan","Stormy","High ",0,"N",10
25,"Snack ",23,15,4.6,"scooter",1,"No","Metropolitan","Sunny","Medium",0,"N",5
23,"Meal ",30,3,4.2,"motorcycle",0,"No","Semi-Urban","Sandstorms","Low ",1,"N",15
44,"Buffet ",38,7,4.5,"motorcycle",0,"No","Metropolitan","Fog","Jam ",2,"N",10
48,"Meal ",34,3,4.2,"motorcycle",0,"No","Metropolitan","Sandstorms","Medium",0,"N",10
31,"Snack ",39,3,4.3,"electric_scooter",0,"No","Urban","Fog","High",1,"N",15
20,"Snack ",27,14,5,"scooter",2,"No","Metropolitan","Stormy","Low ",1,"N",25
13,"Buffet ",28,17,4.5,"scooter",1,"No","Semi-Urban","Windy","High",1,"N",15
29,"Meal ",25,15,5,"scooter",1,"No","Urban","Stormy","Low",1,"Y",10
47,"Snack ",33,16,4.1,"motorcycle",1,"No","Metropolitan","Fog","Jam ",0,"Y",10
40,"Drinks ",27,11,4.9,"motorcycle",0,"No","Metropolitan","Windy","High ",1,"N",15
32,"Drinks ",31,11,4,"motorcycle",1,"No","Metropolitan","Cloudy","Jam ",1,"N",10
24,"Buffet ",34,22,5,"scooter",1,"No","Semi-Urban","Sandstorms","Jam ",1,"N",5
28,"Buffet ",35,12,4.7,"motorcycle",1,"No","Metropolitan","Sandstorms","Medium",1,"N",15
29,"Snack ",24,18,4.9,"scooter",1,"No","Semi-Urban","Stormy","Medium",0,"N",10
38,"Drinks ",33,19,4.7,"electric_scooter",2,"No","Metropolitan","Fog","Jam ",1,"N",10
10,"Buffet ",24,22,4.8,"electric_scooter",1,"No","Urban","Cloudy","Low",1,"N",5
37,"Snack ",30,16,4.8,"scooter",1,"No","Urban","Stormy","Jam",1,"N",10
35,"Meal ",36,7,4.6,"scooter",2,"No","Urban","Fog","Jam ",1,"N",15
27,"Snack ",26,9,4.7,"scooter",1,"No","Metropolitan","Windy","High ",1,"N",5
18,"Drinks ",27,9,4.7,"scooter",2,"No","Metropolitan","Sunny","Low ",1,"Y",5
24,"Buffet ",22,23,4.7,"motorcycle",0,"No","Metropolitan","Sunny","Jam ",1,"N",15
31,"Buffet ",25,4,4.1,"electric_scooter",2,"No","Semi-Urban","Windy","Medium",0,"N",15
21,"Meal ",22,16,4.8,"electric_scooter",2,"No","Semi-Urban","Sunny","High ",1,"N",5
12,"Buffet ",26,6,4.5,"motorcycle",1,"No","Metropolitan","Sandstorms","Jam ",0,"N",10
17,"Snack ",22,13,4.7,"motorcycle",1,"No","Metropolitan","Sandstorms","Low ",1,"N",15
34,"Drinks ",26,3,4.1,"electric_scooter",2,"No","Metropolitan","Sandstorms","Jam ",1,"Y",5
39,"Buffet ",21,9,4.3,"electric_scooter",2,"No","Metropolitan","Cloudy","Low ",2,"N",10
22,"Buffet ",20,16,4.2,"motorcycle",0,"No","Metropolitan","Windy","Low ",1,"N",10
20,"Snack ",30,18,4.7,"scooter",2,"No","Urban","Sunny","Jam",0,"N",15
34,"Meal ",39,18,4.7,"motorcycle",1,"No","Semi-Urban","Cloudy","Medium",2,"Y",10
28,"Snack ",37,22,5,"scooter",2,"No","Semi-Urban","Windy","Medium",1,"N",5
19,"Meal ",31,15,4.7,"scooter",1,"No","Metropolitan","Sunny","High ",1,"N",10
15,"Buffet ",24,16,4.8,"electric_scooter",1,"No","Urban","Cloudy","Medium",1,"Y",10
25,"Snack ",36,22,4.9,"motorcycle",2,"No","Urban","Stormy","Medium",1,"N",15
16,"Meal ",39,18,4.6,"motorcycle",1,"No","Metropolitan","Sandstorms","Low ",0,"N",10
21,"Drinks ",31,21,4.6,"motorcycle",1,"No","Semi-Urban","Windy","Medium",0,"N",10
15,"Drinks ",24,17,5,"scooter",2,"No","Metropolitan","Fog","Medium",0,"Y",15
28,"Meal ",31,4,4.9,"motorcycle",0,"No","Metropolitan","Fog","High ",1,"N",10
11,"Snack ",33,16,4.6,"motorcycle",2,"No","Metropolitan","Sunny","Medium",0,"N",5
23,"Meal ",33,9,4.5,"motorcycle",0,"No","Metropolitan","Cloudy","Low ",1,"N",15
34,"Meal ",38,17,4.8,"electric_scooter",0,"No","Metropolitan","Cloudy","Medium",1,"N",15
27,"Snack ",28,17,4.7,"scooter",0,"No","Urban","Cloudy","Jam",1,"Y",15
15,"Drinks ",32,19,4.7,"motorcycle",0,"No","Metropolitan","Cloudy","Low ",1,"N",15
22,"Buffet ",25,17,4.7,"motorcycle",0,"No","Metropolitan","Cloudy","Jam ",1,"Y",10
27,"Meal ",32,23,4.8,"motorcycle",1,"No","Metropolitan","Sandstorms","Jam ",1,"N",10
23,"Meal ",34,19,4.9,"scooter",0,"No","Metropolitan","Cloudy","Low ",1,"N",10
15,"Snack ",38,9,4.9,"motorcycle",2,"No","Semi-Urban","Windy","Low ",0,"N",5
25,"Drinks ",29,15,4.9,"motorcycle",0,"No","Metropolitan","Sandstorms","Medium",0,"N",15
40,"Buffet ",34,16,4.3,"electric_scooter",2,"No","Metropolitan","Cloudy","Medium",1,"N",5
27,"Meal ",36,19,4.9,"scooter",2,"No","Metropolitan","Stormy","Jam ",0,"N",15
21,"Meal ",22,21,4.7,"motorcycle",1,"No","Metropolitan","Stormy","High",0,"N",5
47,"Meal ",21,7,4.7,"motorcycle",0,"No","Semi-Urban","Windy","Medium",1,"N",5
20,"Snack ",37,9,4.5,"scooter",1,"No","Metropolitan","Fog","Jam ",0,"N",10
38,"Meal ",36,5,4.2,"motorcycle",0,"No","Urban","Sunny","Medium",0,"Y",10
35,"Snack ",29,1,4.3,"motorcycle",0,"No","Metropolitan","Sandstorms","Jam ",1,"N",10
23,"Meal ",24,19,4.6,"motorcycle",1,"No","Metropolitan","Sunny","Low ",1,"Y",5
19,"Buffet ",25,17,4.8,"scooter",2,"No","Urban","Fog","Medium",0,"Y",10
16,"Meal ",33,21,4.8,"scooter",0,"No","Metropolitan","Sandstorms","Low ",1,"N",5
25,"Meal ",27,23,4.9,"scooter",1,"No","Metropolitan","Stormy","Jam ",1,"N",15
18,"Meal ",31,9,4.7,"motorcycle",2,"No","Metropolitan","Windy","Jam ",0,"N",5
31,"Buffet ",30,1,4.1,"electric_scooter",2,"No","Metropolitan","Sunny","Jam ",1,"N",5
40,"Snack ",30,9,4.4,"motorcycle",2,"No","Metropolitan","Sandstorms","Jam ",2,"N",5
24,"Buffet ",36,9,5,"motorcycle",0,"No","Semi-Urban","Sandstorms","Low ",1,"N",15
42,"Drinks ",21,7,4.3,"motorcycle",0,"No","Urban","Stormy","Jam ",0,"N",15
17,"Meal ",21,19,5,"scooter",1,"No","Semi-Urban","Fog","Medium",0,"N",15
10,"Buffet ",35,18,4.6,"electric_scooter",2,"No","Metropolitan","Fog","Low ",1,"N",15
18,"Snack ",28,2,4.7,"scooter",2,"No","Metropolitan","Sunny","Low ",0,"N",5
41,"Drinks ",20,21,4.3,"motorcycle",2,"No","Metropolitan","Fog","Jam ",1,"Y",5
21,"Drinks ",22,9,4.8,"electric_scooter",2,"No","Metropolitan","Stormy","Low ",1,"Y",10
52,"Meal ",20,12,4.8,"motorcycle",0,"No","Metropolitan","Fog","Jam ",0,"N",10
29,"Drinks ",35,16,4.6,"motorcycle",0,"No","Semi-Urban","Sandstorms","Jam ",1,"Y",5
11,"Meal ",34,15,4.6,"motorcycle",0,"No","Urban","Sunny","Low",0,"Y",10
20,"Drinks ",29,22,4.8,"scooter",2,"No","Semi-Urban","Stormy","Medium",0,"N",5
38,"Snack ",39,17,4.6,"motorcycle",0,"No","Semi-Urban","Stormy","High ",0,"N",10
21,"Meal ",34,6,4.6,"motorcycle",0,"No","Metropolitan","Cloudy","High ",0,"N",5
26,"Snack ",21,23,4.8,"motorcycle",0,"No","Metropolitan","Sunny","Low ",1,"N",15
23,"Buffet ",36,23,4.8,"scooter",2,"No","Urban","Windy","Medium",1,"N",15
23,"Meal ",30,6,4.8,"motorcycle",1,"No","Metropolitan","Sunny","Medium",1,"Y",15
14,"Drinks ",29,23,4.7,"motorcycle",1,"No","Urban","Stormy","Low",1,"N",10
44,"Snack ",28,8,4.7,"motorcycle",0,"Yes","Urban","Fog","Jam ",2,"Y",15
27,"Meal ",25,18,4.9,"motorcycle",2,"No","Metropolitan","Sunny","Medium",1,"Y",5
19,"Snack ",39,12,4.5,"electric_scooter",2,"No","Metropolitan","Stormy","Jam ",0,"N",15
43,"Meal ",33,23,5,"motorcycle",0,"No","Metropolitan","Fog","Low ",2,"N",20
28,"Snack ",26,13,4.9,"scooter",1,"No","Semi-Urban","Stormy","Jam ",1,"Y",10
19,"Snack ",27,18,5,"scooter",2,"No","Urban","Windy","Low",0,"Y",5
10,"Buffet ",24,23,4.7,"motorcycle",2,"No","Urban","Stormy","Low",0,"N",5
22,"Buffet ",23,8,4.6,"motorcycle",1,"No","Metropolitan","Sandstorms","Medium",1,"N",5
33,"Meal ",30,19,4.1,"electric_scooter",2,"No","Urban","Sandstorms","Jam ",1,"N",10
16,"Snack ",21,9,4.7,"electric_scooter",2,"No","Metropolitan","Sunny","Jam ",1,"Y",15
18,"Buffet ",24,22,4.8,"electric_scooter",1,"No","Urban","Sunny","Jam",1,"N",10
24,"Meal ",24,16,4.8,"scooter",1,"No","Metropolitan","Stormy","Medium",1,"N",15
38,"Buffet ",37,3,4.4,"motorcycle",1,"No","Urban","Windy","Medium",0,"N",5
22,"Buffet ",38,21,4.9,"motorcycle",1,"No","Urban","Windy","Medium",1,"N",10
25,"Drinks ",28,15,4.7,"motorcycle",1,"No","Urban","Sandstorms","Low",0,"N",15
26,"Snack ",21,16,4.9,"scooter",2,"No","Urban","Fog","High ",1,"Y",10
31,"Drinks ",29,19,4.6,"motorcycle",0,"No","Urban","Stormy","Medium",0,"N",15
42,"Meal ",34,5,4.4,"electric_scooter",0,"Yes","Metropolitan","Cloudy","Low ",1,"N",5
35,"Meal ",39,21,5,"motorcycle",0,"No","Metropolitan","Stormy","High ",1,"N",15
30,"Snack ",25,4,4.8,"electric_scooter",2,"No","Metropolitan","Sandstorms","Jam ",1,"N",15
31,"Buffet ",20,9,3.7,"scooter",1,"No","Metropolitan","Sunny","Jam ",0,"Y",10
26,"Buffet ",21,18,4.6,"motorcycle",0,"No","Metropolitan","Fog","Low ",1,"N",15
39,"Snack ",21,1,4.4,"electric_scooter",2,"No","Urban","Cloudy","Medium",1,"N",10
39,"Drinks ",29,18,4.8,"electric_scooter",2,"No","Semi-Urban","Fog","Medium",2,"Y",15
16,"Buffet ",31,23,5,"motorcycle",2,"No","Metropolitan","Sandstorms","Low",0,"N",5
10,"Buffet ",22,18,4.7,"electric_scooter",2,"No","Semi-Urban","Sunny","Jam",0,"N",10
37,"Drinks ",25,4,4.8,"motorcycle",0,"No","Urban","Windy","High",1,"N",5
28,"Drinks ",29,5,4.8,"motorcycle",2,"No","Metropolitan","Windy","Jam ",1,"N",10
29,"Snack ",23,23,4.7,"electric_scooter",1,"No","Metropolitan","Sandstorms","Medium",1,"N",10
25,"Buffet ",34,2,4.8,"motorcycle",1,"No","Urban","Sandstorms","Medium",1,"Y",15
21,"Meal ",38,23,4.9,"motorcycle",0,"No","Metropolitan","Fog","Low ",0,"Y",5
29,"Buffet ",29,13,4.8,"electric_scooter",2,"No","Semi-Urban","Cloudy","Jam ",1,"N",15
36,"Drinks ",39,16,4.4,"electric_scooter",0,"No","Metropolitan","Stormy","Jam ",1,"N",5
26,"Buffet ",37,19,4.9,"electric_scooter",0,"No","Metropolitan","Stormy","Low",1,"N",5
20,"Snack ",23,9,4.8,"scooter",2,"No","Metropolitan","Windy","Jam ",1,"Y",10
28,"Snack ",35,3,5,"motorcycle",1,"No","Metropolitan","Sandstorms","Medium",0,"N",5
32,"Drinks ",23,13,4.7,"motorcycle",2,"No","Metropolitan","Fog","Jam ",1,"N",15
19,"Drinks ",32,22,4.7,"electric_scooter",1,"No","Semi-Urban","Sandstorms","Low",1,"Y",15
21,"Buffet ",37,15,4.9,"motorcycle",0,"No","Urban","Cloudy","Low",1,"N",15
30,"Snack ",28,14,4.7,"scooter",1,"No","Metropolitan","Sandstorms","Medium",1,"N",10
30,"Meal ",24,22,4.9,"motorcycle",0,"No","Semi-Urban","Sandstorms","Medium",1,"N",10
41,"Meal ",37,4,4.3,"scooter",0,"Yes","Urban","Cloudy","Low ",2,"Y",10
46,"Buffet ",24,6,4.8,"motorcycle",1,"No","Semi-Urban","Fog","Jam ",3,"N",10
20,"Buffet ",34,9,4.7,"electric_scooter",1,"No","Metropolitan","Sandstorms","Low ",1,"N",10
14,"Snack ",36,13,4.8,"motorcycle",2,"No","Metropolitan","Stormy","Low ",0,"N",10
20,"Buffet ",30,17,4.9,"motorcycle",2,"No","Metropolitan","Sandstorms","Low ",0,"N",15
14,"Buffet ",27,2,4.6,"motorcycle",1,"No","Metropolitan","Cloudy","Low ",1,"Y",15
27,"Snack ",34,23,5,"scooter",1,"No","Semi-Urban","Windy","Low ",1,"Y",5
36,"Meal ",33,15,4.8,"motorcycle",0,"No","Semi-Urban","Sandstorms","High ",1,"Y",10
40,"Drinks ",34,5,4.9,"motorcycle",2,"No","Metropolitan","Stormy","Jam ",1,"N",15
26,"Drinks ",33,9,4.7,"scooter",2,"No","Metropolitan","Windy","Low ",1,"N",10
13,"Buffet ",33,12,4.9,"motorcycle",0,"No","Metropolitan","Sunny","Low ",1,"N",15
29,"Snack ",29,1,4.9,"motorcycle",1,"No","Semi-Urban","Windy","Medium",1,"N",15
15,"Buffet ",20,4,4.5,"electric_scooter",2,"No","Metropolitan","Stormy","Medium",0,"N",5
35,"Snack ",20,6,4.5,"scooter",2,"No","Metropolitan","Stormy","Jam ",1,"N",10
52,"Snack ",21,3,4.6,"motorcycle",0,"No","Metropolitan","Cloudy","Jam ",0,"Y",10
25,"Snack ",23,16,5,"scooter",1,"No","Metropolitan","Sandstorms","Low ",1,"N",15
43,"Drinks ",28,2,3.9,"scooter",2,"No","Metropolitan","Sandstorms","Jam ",1,"N",15
15,"Snack ",30,17,4.8,"scooter",1,"No","Urban","Stormy","Medium",1,"N",5
24,"Buffet ",28,4,5,"motorcycle",1,"No","Metropolitan","Stormy","Low ",1,"N",5
12,"Drinks ",25,23,5,"scooter",1,"No","Metropolitan","Sandstorms","Low ",1,"N",10
33,"Buffet ",31,15,4.7,"motorcycle",1,"No","Metropolitan","Fog","Jam ",1,"Y",5
18,"Drinks ",27,4,4.5,"electric_scooter",1,"No","Metropolitan","Windy","Low",1,"N",25
28,"Meal ",20,4,4.2,"motorcycle",0,"No","Metropolitan","Windy","Low ",1,"N",15
20,"Meal ",23,23,4.7,"motorcycle",1,"No","Urban","Stormy","Jam",1,"N",10
15,"Buffet ",21,19,4.9,"scooter",2,"No","Urban","Stormy","Medium",1,"N",15
24,"Snack ",27,16,4.6,"motorcycle",1,"No","Metropolitan","Stormy","Jam ",1,"N",5
39,"Buffet ",39,9,4.3,"scooter",1,"No","Urban","Fog","Jam ",0,"Y",5
36,"Drinks ",31,4,4.4,"motorcycle",0,"No","Urban","Sandstorms","Jam",1,"N",15
35,"Snack ",22,15,3.8,"scooter",2,"No","Metropolitan","Sandstorms","Jam ",2,"N",10
29,"Snack ",39,4,4.8,"motorcycle",2,"No","Metropolitan","Sandstorms","Low ",1,"N",5
26,"Drinks ",29,8,4.4,"motorcycle",0,"No","Metropolitan","Sandstorms","Low ",0,"N",15
33,"Buffet ",26,22,4.3,"motorcycle",0,"No","Metropolitan","Fog","Jam ",1,"N",5
44,"Drinks ",37,19,3.7,"scooter",1,"No","Metropolitan","Stormy","Jam ",2,"N",5
29,"Drinks ",39,5,4.2,"motorcycle",0,"No","Urban","Stormy","Low",1,"Y",15
44,"Snack ",31,9,4.2,"scooter",2,"No","Metropolitan","Fog","Jam ",2,"N",10
42,"Meal ",37,23,4.4,"motorcycle",0,"Yes","Metropolitan","Windy","Jam ",1,"N",10
44,"Buffet ",32,13,4.7,"motorcycle",0,"No","Metropolitan","Windy","Jam ",2,"N",10
31,"Snack ",37,4,4.5,"electric_scooter",2,"No","Metropolitan","Windy","Medium",1,"N",15
32,"Buffet ",29,2,5,"motorcycle",0,"No","Semi-Urban","Stormy","Jam ",1,"N",5
18,"Buffet ",32,8,4.7,"motorcycle",0,"No","Metropolitan","Windy","Low ",1,"Y",5
23,"Drinks ",23,4,4,"motorcycle",0,"No","Urban","Windy","Low",0,"N",15
29,"Snack ",25,6,4.8,"electric_scooter",2,"No","Semi-Urban","Windy","Low ",1,"Y",10
41,"Snack ",38,23,4.7,"motorcycle",0,"No","Urban","Sandstorms","Jam ",1,"N",15
42,"Meal ",35,13,4.9,"scooter",0,"No","Metropolitan","Cloudy","Jam ",2,"Y",10
31,"Buffet ",26,13,4,"scooter",1,"No","Metropolitan","Sandstorms","High ",1,"N",10
16,"Buffet ",29,19,4.7,"motorcycle",1,"No","Urban","Stormy","Jam",0,"N",10
25,"Drinks ",30,16,4.8,"motorcycle",0,"No","Urban","Stormy","Jam ",0,"N",5
10,"Snack ",20,18,4.8,"motorcycle",2,"No","Metropolitan","Stormy","Low ",0,"N",5
19,"Snack ",34,23,4.8,"scooter",2,"No","Metropolitan","Sandstorms","Low ",1,"N",5
21,"Snack ",35,19,4.6,"scooter",0,"No","Semi-Urban","Sunny","Low ",1,"Y",25
49,"Buffet ",32,21,4.9,"motorcycle",0,"No","Urban","Cloudy","Jam",1,"N",10
30,"Snack ",36,4,4.6,"motorcycle",1,"No","Metropolitan","Cloudy","High ",1,"N",15
22,"Drinks ",24,18,4.6,"motorcycle",0,"No","Metropolitan","Fog","Low ",1,"N",5
24,"Meal ",38,14,4.5,"electric_scooter",1,"No","Metropolitan","Windy","Jam ",0,"N",10
17,"Snack ",21,15,4.9,"electric_scooter",2,"No","Urban","Fog","Medium",0,"N",10
18,"Buffet ",30,3,4.7,"motorcycle",2,"No","Semi-Urban","Cloudy","Medium",0,"N",15
41,"Drinks ",35,8,4.8,"scooter",2,"Yes","Urban","Fog","Jam ",1,"N",5
43,"Drinks ",21,16,4.9,"motorcycle",0,"No","Urban","Fog","Medium",1,"N",10
43,"Buffet ",32,2,5,"motorcycle",0,"No","Semi-Urban","Fog","Jam ",1,"N",10
22,"Drinks ",23,17,4.6,"motorcycle",0,"No","Metropolitan","Sunny","Jam",1,"N",15
39,"Drinks ",39,9,4.9,"motorcycle",0,"No","Metropolitan","Fog","Medium",1,"N",10
21,"Snack ",25,16,4.5,"electric_scooter",2,"No","Urban","Stormy","High ",0,"N",5
29,"Drinks ",21,17,4.8,"scooter",2,"No","Urban","Windy","Jam",1,"N",10
19,"Meal ",34,18,4.6,"motorcycle",1,"No","Urban","Sunny","Medium",1,"N",10
15,"Meal ",30,22,4.6,"motorcycle",2,"No","Metropolitan","Fog","Medium",1,"N",5
38,"Meal ",39,9,4,"electric_scooter",0,"No","Metropolitan","Sandstorms","Jam ",1,"Y",5
14,"Meal ",32,3,4.9,"scooter",1,"No","Semi-Urban","Sunny","Jam ",1,"N",5
19,"Drinks ",36,13,4.9,"motorcycle",0,"No","Semi-Urban","Sandstorms","Low ",1,"Y",15
22,"Meal ",39,7,4.6,"scooter",1,"No","Urban","Sunny","Jam ",1,"N",10
21,"Buffet ",32,9,5,"motorcycle",1,"No","Urban","Stormy","Medium",1,"N",15
27,"Buffet ",21,23,4.7,"scooter",1,"No","Urban","Cloudy","Low",1,"N",15
29,"Snack ",21,19,4.6,"motorcycle",0,"No","Urban","Sandstorms","Jam",1,"N",15
19,"Meal ",21,13,4.8,"motorcycle",2,"No","Metropolitan","Windy","Low ",1,"N",15
11,"Buffet ",24,19,4.7,"electric_scooter",2,"No","Semi-Urban","Sunny","Low ",0,"N",5
11,"Buffet ",21,22,5,"motorcycle",2,"No","Metropolitan","Sunny","Medium",1,"N",10
21,"Drinks ",34,23,4.7,"scooter",2,"No","Metropolitan","Sandstorms","Jam ",1,"Y",10
40,"Meal ",37,7,4.9,"scooter",0,"No","Metropolitan","Cloudy","Jam ",1,"Y",15
18,"Snack ",22,13,4.6,"motorcycle",2,"No","Metropolitan","Stormy","Low ",1,"N",20
29,"Meal ",20,8,4.6,"motorcycle",1,"No","Urban","Windy","Medium",0,"N",5
33,"Snack ",28,12,4.8,"scooter",1,"No","Metropolitan","Windy","Medium",1,"Y",15
31,"Drinks ",20,17,4.4,"scooter",1,"No","Metropolitan","Stormy","Medium",0,"N",10
32,"Snack ",27,5,4.6,"motorcycle",1,"No","Semi-Urban","Fog","High ",0,"N",10
22,"Buffet ",23,19,4.6,"motorcycle",0,"No","Urban","Fog","Low",1,"N",15
29,"Snack ",29,7,4.8,"motorcycle",0,"No","Metropolitan","Fog","Medium",1,"N",5
20,"Meal ",27,21,4.9,"motorcycle",0,"No","Urban","Sandstorms","Low ",1,"N",5
21,"Drinks ",28,23,4.9,"motorcycle",1,"No","Metropolitan","Windy","Medium",1,"N",15
36,"Snack ",32,21,4.2,"motorcycle",0,"No","Metropolitan","Stormy","High ",1,"N",5
16,"Buffet ",33,5,4.6,"scooter",1,"No","Metropolitan","Sandstorms","Jam ",1,"N",10
33,"Buffet ",29,16,4.4,"motorcycle",0,"No","Semi-Urban","Stormy","Jam ",1,"N",15
17,"Buffet ",29,7,4.7,"electric_scooter",2,"No","Metropolitan","Fog","Medium",1,"N",10
15,"Drinks ",38,21,4.9,"electric_scooter",1,"No","Metropolitan","Sunny","Low ",0,"N",10
39,"Drinks ",34,4,4.4,"motorcycle",1,"No","Urban","Stormy","Jam",2,"N",10
20,"Snack ",34,12,4.6,"motorcycle",1,"No","Metropolitan","Fog","Low ",0,"N",10
39,"Snack ",23,13,4.2,"scooter",0,"No","Semi-Urban","Windy","Jam ",0,"Y",5
17,"Drinks ",30,14,4.9,"motorcycle",2,"No","Metropolitan","Sandstorms","Low ",0,"N",10
13,"Meal ",20,15,4.6,"motorcycle",1,"No","Metropolitan","Fog","Low ",0,"N",5
20,"Snack ",37,12,4.7,"motorcycle",0,"No","Semi-Urban","Sunny","Jam ",0,"Y",5
19,"Drinks ",25,3,4,"motorcycle",0,"No","Urban","Sandstorms","Low",1,"N",15
19,"Meal ",33,6,4.5,"motorcycle",1,"No","Urban","Sandstorms","Low",1,"N",5
30,"Meal ",24,17,4.7,"electric_scooter",1,"No","Urban","Windy","Jam",1,"Y",15
40,"Snack ",26,6,4.8,"motorcycle",0,"No","Metropolitan","Fog","Medium",2,"N",10
42,"Meal ",35,2,4.9,"scooter",2,"Yes","Metropolitan","Fog","Jam ",2,"N",10
27,"Buffet ",34,18,5,"motorcycle",1,"No","Urban","Windy","Jam ",0,"N",5
39,"Meal ",34,11,4.1,"scooter",1,"No","Metropolitan","Fog","High ",2,"Y",15
31,"Buffet ",39,3,4.4,"scooter",2,"No","Urban","Cloudy","Jam",1,"N",5
20,"Drinks ",26,13,4.6,"motorcycle",0,"No","Metropolitan","Stormy","High ",1,"N",5
21,"Buffet ",37,23,4.8,"motorcycle",1,"No","Urban","Sunny","Low",1,"N",15
38,"Snack ",31,5,4.7,"motorcycle",0,"No","Semi-Urban","Fog","Medium",2,"Y",5
26,"Drinks ",31,17,4.8,"motorcycle",2,"No","Metropolitan","Stormy","High ",0,"Y",5
41,"Drinks ",27,3,3.8,"motorcycle",2,"No","Metropolitan","Stormy","Jam ",2,"N",10
47,"Buffet ",34,22,4.6,"scooter",0,"No","Metropolitan","Stormy","Medium",0,"N",15
23,"Meal ",28,19,4.8,"scooter",1,"No","Metropolitan","Stormy","Low ",1,"N",15
28,"Meal ",26,16,4.5,"scooter",1,"No","Urban","Sandstorms","Medium",1,"N",15
31,"Buffet ",30,11,4.7,"motorcycle",0,"No","Urban","Windy","Medium",1,"N",15
19,"Buffet ",32,23,4.8,"scooter",1,"No","Metropolitan","Windy","Low ",1,"N",10
10,"Snack ",29,18,4.6,"motorcycle",1,"No","Metropolitan","Cloudy","Medium",0,"N",5
22,"Snack ",36,4,4.5,"scooter",2,"No","Metropolitan","Sunny","Jam ",1,"N",15
45,"Snack ",37,2,4.2,"electric_scooter",1,"No","Urban","Cloudy","Jam",1,"N",10
25,"Drinks ",21,14,4.8,"scooter",1,"No","Metropolitan","Windy","Low ",1,"Y",15
21,"Snack ",32,17,4.8,"motorcycle",2,"No","Metropolitan","Stormy","Medium",1,"Y",5
20,"Buffet ",24,21,4.9,"motorcycle",0,"No","Metropolitan","Stormy","Low ",0,"Y",10
26,"Drinks ",35,23,4.8,"electric_scooter",0,"No","Metropolitan","Sunny","Low ",1,"Y",15
42,"Buffet ",20,23,4.4,"motorcycle",1,"No","Metropolitan","Sandstorms","Jam ",0,"N",15
38,"Meal ",38,5,4,"motorcycle",1,"No","Urban","Cloudy","Medium",0,"N",15
18,"Buffet ",28,17,4.9,"motorcycle",2,"No","Metropolitan","Sunny","Medium",1,"N",5
23,"Buffet ",31,21,4.7,"scooter",0,"No","Urban","Fog","Low",1,"Y",5
18,"Meal ",34,21,4.8,"scooter",2,"No","Urban","Stormy","Low",1,"N",10
47,"Drinks ",31,17,5,"electric_scooter",1,"No","Metropolitan","Cloudy","Jam ",2,"N",5
29,"Meal ",37,5,5,"scooter",0,"No","Metropolitan","Fog","Low ",1,"N",20
18,"Drinks ",26,19,4.8,"electric_scooter",2,"No","Urban","Sunny","Jam",0,"N",10
16,"Drinks ",23,23,4.6,"scooter",1,"No","Metropolitan","Sandstorms","Low ",1,"Y",15
48,"Drinks ",31,21,4.9,"motorcycle",2,"No","Metropolitan","Fog","Jam ",1,"Y",10
16,"Snack ",22,2,4.3,"electric_scooter",0,"No","Metropolitan","Sandstorms","Low ",1,"N",5
35,"Drinks ",37,23,4.8,"scooter",2,"No","Semi-Urban","Fog","Jam",1,"N",15
27,"Meal ",24,23,4.8,"motorcycle",1,"No","Semi-Urban","Stormy","Medium",1,"Y",15
33,"Buffet ",35,18,4.7,"motorcycle",0,"No","Metropolitan","Windy","Jam ",0,"N",15
19,"Snack ",33,4,4.8,"electric_scooter",2,"No","Metropolitan","Fog","Low ",1,"N",10
11,"Drinks ",30,22,4.9,"scooter",2,"No","Semi-Urban","Sunny","Low ",0,"N",10
30,"Meal ",26,1,4.6,"electric_scooter",2,"No","Metropolitan","Cloudy","Jam ",1,"N",5
10,"Meal ",30,6,4.5,"motorcycle",1,"No","Urban","Windy","Low",0,"N",5
18,"Snack ",23,17,4.9,"motorcycle",0,"No","Urban","Sunny","Medium",0,"N",5
35,"Buffet ",32,3,4.3,"scooter",1,"No","Metropolitan","Fog","Jam ",2,"N",10
31,"Snack ",34,4,3.5,"scooter",2,"No","Semi-Urban","Sunny","Low ",0,"N",15
19,"Drinks ",31,9,4.9,"motorcycle",0,"No","Urban","Cloudy","Low ",1,"N",15
10,"Drinks ",37,18,4.7,"scooter",2,"No","Urban","Sandstorms","Low",0,"N",5
15,"Snack ",37,9,4.8,"motorcycle",1,"No","Metropolitan","Sandstorms","Low ",1,"N",10
32,"Drinks ",33,4,4.9,"scooter",2,"No","Semi-Urban","Windy","Jam ",1,"Y",15
38,"Buffet ",39,2,3.6,"scooter",2,"No","Urban","Windy","Medium",2,"N",15
28,"Meal ",23,4,4.7,"scooter",1,"No","Semi-Urban","Stormy","Low ",0,"N",5
15,"Drinks ",33,5,4.6,"electric_scooter",2,"No","Metropolitan","Sunny","Jam ",1,"Y",15
28,"Drinks ",37,18,4.5,"electric_scooter",2,"No","Metropolitan","Stormy","Medium",1,"Y",5
21,"Meal ",39,12,4.7,"scooter",2,"No","Metropolitan","Windy","Medium",1,"N",10
13,"Snack ",20,5,4.9,"scooter",2,"No","Metropolitan","Sunny","Medium",0,"N",15
19,"Drinks ",27,3,5,"motorcycle",2,"No","Metropolitan","Cloudy","Low ",1,"Y",15
10,"Snack ",35,18,5,"scooter",1,"No","Metropolitan","Sunny","Jam",0,"Y",5
22,"Meal ",27,18,4.7,"motorcycle",0,"No","Metropolitan","Sunny","Jam ",1,"N",10
28,"Drinks ",36,16,5,"motorcycle",0,"No","Urban","Stormy","Jam",1,"Y",5
33,"Drinks ",36,3,4,"electric_scooter",0,"No","Metropolitan","Sandstorms","Jam ",2,"Y",5
28,"Buffet ",33,9,4.9,"scooter",2,"No","Semi-Urban","Sunny","Low ",1,"N",5
19,"Meal ",31,16,5,"motorcycle",1,"No","Metropolitan","Fog","Low ",1,"N",15
46,"Buffet ",32,14,4.5,"motorcycle",0,"Yes","Metropolitan","Fog","Jam ",1,"Y",10
25,"Snack ",35,18,4.7,"electric_scooter",2,"No","Metropolitan","Stormy","Low ",1,"Y",15
37,"Meal ",31,4,4,"scooter",2,"No","Urban","Fog","Jam",1,"N",5
21,"Snack ",26,23,4.7,"scooter",2,"No","Urban","Sunny","High",1,"N",15
26,"Drinks ",39,4,4.8,"scooter",2,"No","Metropolitan","Stormy","Low ",1,"N",10
46,"Drinks ",28,3,4.5,"motorcycle",0,"No","Urban","Stormy","High",1,"N",5
17,"Drinks ",39,22,5,"electric_scooter",2,"No","Urban","Cloudy","Low ",1,"Y",10
49,"Buffet ",31,6,4.8,"motorcycle",0,"No","Urban","Stormy","Medium",1,"N",5
12,"Drinks ",37,5,4.5,"motorcycle",0,"No","Metropolitan","Sunny","Low",0,"N",5
15,"Snack ",31,16,4.7,"scooter",2,"No","Urban","Fog","Low",0,"N",5
21,"Drinks ",29,15,4.7,"motorcycle",0,"No","Metropolitan","Sunny","Jam ",0,"Y",10
32,"Meal ",28,18,5,"electric_scooter",2,"No","Urban","Cloudy","Jam",2,"N",15
15,"Snack ",27,16,4.7,"motorcycle",1,"No","Metropolitan","Stormy","Low ",1,"N",10
22,"Snack ",22,23,4.6,"motorcycle",1,"No","Metropolitan","Stormy","Low ",0,"Y",15
15,"Meal ",31,15,5,"electric_scooter",2,"No","Urban","Sunny","Low",0,"N",10
34,"Buffet ",28,3,4.8,"electric_scooter",0,"No","Metropolitan","Stormy","Medium",1,"N",5
20,"Meal ",36,16,5,"scooter",2,"No","Metropolitan","Stormy","Jam ",1,"N",5
27,"Buffet ",21,21,4.7,"scooter",1,"No","Semi-Urban","Stormy","Jam ",0,"Y",5
11,"Drinks ",23,16,4.7,"scooter",2,"No","Urban","Sandstorms","Low",0,"N",5
35,"Meal ",21,15,4.6,"electric_scooter",2,"No","Urban","Cloudy","Jam",1,"N",5
22,"Drinks ",35,18,4.6,"motorcycle",0,"No","Metropolitan","Cloudy","Low ",0,"N",10
29,"Buffet ",35,7,5,"motorcycle",0,"No","Semi-Urban","Stormy","High ",0,"Y",10
17,"Snack ",22,9,4.9,"motorcycle",1,"No","Metropolitan","Fog","Low ",0,"N",5
18,"Meal ",34,21,4.8,"scooter",2,"No","Urban","Stormy","Low",1,"N",10
25,"Snack ",35,9,4.6,"electric_scooter",2,"No","Urban","Sandstorms","Low ",1,"N",5
22,"Buffet ",31,18,4.9,"motorcycle",2,"No","Urban","Sandstorms","Medium",0,"N",10
28,"Snack ",35,8,4.8,"motorcycle",1,"No","Metropolitan","Fog","Low ",1,"N",10
28,"Drinks ",35,17,4.5,"motorcycle",0,"No","Metropolitan","Windy","Medium",1,"N",10
25,"Buffet ",21,23,4.7,"scooter",1,"No","Urban","Sandstorms","High ",1,"Y",10
29,"Meal ",20,22,4.8,"scooter",2,"No","Urban","Sunny","Medium",1,"Y",10
25,"Snack ",34,13,5,"motorcycle",0,"No","Metropolitan","Cloudy","High ",0,"N",5
17,"Buffet ",36,22,4.8,"motorcycle",1,"No","Urban","Fog","Low",1,"N",5
27,"Meal ",26,19,4.9,"motorcycle",1,"No","Semi-Urban","Stormy","Medium",1,"N",5
28,"Buffet ",25,16,4.8,"electric_scooter",2,"No","Urban","Sandstorms","High ",1,"Y",15
33,"Meal ",21,9,3.6,"scooter",1,"No","Metropolitan","Stormy","Jam ",0,"Y",5
21,"Meal ",24,22,4.6,"scooter",1,"No","Urban","Stormy","High ",0,"N",5
32,"Meal ",34,13,4.8,"scooter",2,"No","Metropolitan","Stormy","Medium",1,"N",5
18,"Buffet ",30,6,4.9,"scooter",2,"No","Metropolitan","Sandstorms","Low ",1,"N",5
19,"Snack ",38,19,4.6,"motorcycle",2,"No","Metropolitan","Fog","Low ",1,"N",5
27,"Drinks ",32,7,4.6,"electric_scooter",2,"No","Metropolitan","Windy","Low ",1,"N",15
34,"Meal ",34,5,5,"motorcycle",1,"No","Metropolitan","Fog","Jam ",1,"N",5
16,"Meal ",24,16,5,"motorcycle",1,"No","Metropolitan","Stormy","Medium",1,"N",10
46,"Drinks ",31,7,4.7,"motorcycle",0,"No","Metropolitan","Fog","Jam ",0,"N",15
26,"Meal ",25,19,4.6,"electric_scooter",1,"No","Urban","Windy","Medium",1,"Y",5
10,"Drinks ",26,3,4.5,"electric_scooter",1,"No","Urban","Windy","Jam",1,"N",15
18,"Meal ",24,23,4.9,"motorcycle",2,"No","Semi-Urban","Windy","Low ",0,"N",10
20,"Meal ",27,19,4.7,"electric_scooter",0,"No","Urban","Sunny","Low",0,"N",15
27,"Meal ",35,16,4.8,"motorcycle",0,"No","Semi-Urban","Fog","Jam ",1,"N",15
16,"Meal ",33,19,4.6,"motorcycle",1,"No","Metropolitan","Sunny","Low ",1,"N",5
21,"Drinks ",30,13,4.1,"motorcycle",0,"No","Metropolitan","Windy","Low ",0,"N",5
20,"Snack ",30,16,4.6,"motorcycle",2,"No","Metropolitan","Stormy","Medium",1,"Y",5
17,"Meal ",30,21,4.6,"scooter",0,"No","Urban","Sandstorms","High",1,"N",5
15,"Meal ",26,9,4.9,"electric_scooter",1,"No","Urban","Sunny","Low ",1,"Y",5
36,"Drinks ",31,16,4.4,"motorcycle",1,"No","Urban","Sandstorms","Jam ",1,"N",5
19,"Meal ",23,16,4.9,"motorcycle",2,"No","Metropolitan","Sunny","Low ",1,"N",15
27,"Meal ",37,4,4.6,"electric_scooter",2,"No","Semi-Urban","Sandstorms","Jam ",0,"N",5
26,"Meal ",21,18,4.7,"motorcycle",2,"No","Metropolitan","Stormy","Jam ",0,"N",5
23,"Meal ",30,21,4.6,"scooter",2,"No","Semi-Urban","Sunny","Jam ",1,"Y",10
19,"Buffet ",39,18,4.9,"scooter",1,"No","Metropolitan","Sandstorms","Low ",1,"Y",5
11,"Meal ",22,4,4.6,"motorcycle",1,"No","Metropolitan","Stormy","Low ",0,"N",5
26,"Drinks ",34,12,4.9,"electric_scooter",1,"No","Metropolitan","Sunny","Jam ",0,"N",15
38,"Meal ",34,17,4.9,"scooter",0,"No","Metropolitan","Fog","Low ",1,"Y",15
34,"Snack ",22,2,4.1,"electric_scooter",0,"No","Metropolitan","Sunny","Jam ",0,"N",10
23,"Drinks ",21,21,4.7,"scooter",1,"No","Metropolitan","Sunny","Low ",1,"N",10
35,"Drinks ",31,9,4,"scooter",0,"No","Metropolitan","Cloudy","Low ",1,"Y",10
28,"Drinks ",36,19,4.6,"scooter",2,"No","Semi-Urban","Stormy","High ",1,"N",15
36,"Drinks ",20,17,5,"scooter",2,"No","Urban","Fog","High",1,"Y",15
27,"Meal ",22,23,4.6,"motorcycle",1,"No","Metropolitan","Fog","Low ",0,"N",10
38,"Meal ",32,15,4.9,"motorcycle",0,"No","Semi-Urban","Windy","High ",0,"Y",10
22,"Drinks ",24,19,5,"motorcycle",2,"No","Urban","Stormy","Low",1,"N",15
27,"Meal ",36,18,4.9,"electric_scooter",1,"No","Metropolitan","Stormy","Jam ",1,"N",10
34,"Buffet ",35,3,4.9,"motorcycle",0,"No","Semi-Urban","Stormy","Medium",1,"N",15
25,"Drinks ",20,18,4.9,"scooter",2,"No","Metropolitan","Stormy","Medium",0,"N",15
12,"Buffet ",35,21,4.9,"motorcycle",1,"No","Urban","Sunny","Jam",0,"N",5
20,"Drinks ",22,5,4.8,"scooter",1,"No","Semi-Urban","Sunny","Jam ",1,"N",10
30,"Snack ",34,14,4.7,"scooter",2,"No","Urban","Sandstorms","Jam ",1,"N",15
46,"Snack ",38,19,4.9,"motorcycle",0,"No","Metropolitan","Sandstorms","Jam ",1,"N",15
25,"Buffet ",28,12,4.6,"motorcycle",2,"No","Urban","Sandstorms","Low ",1,"N",10
39,"Drinks ",39,4,4.4,"electric_scooter",0,"Yes","Urban","Stormy","High",1,"Y",5
13,"Buffet ",32,22,4.9,"motorcycle",1,"No","Urban","Sandstorms","Low",1,"N",5
19,"Snack ",20,13,4.9,"scooter",2,"No","Metropolitan","Sunny","Jam ",0,"Y",10
21,"Meal ",29,16,4.7,"motorcycle",0,"No","Metropolitan","Cloudy","Low ",0,"N",10
22,"Snack ",26,3,4.7,"motorcycle",1,"No","Metropolitan","Sandstorms","Low ",1,"Y",10
33,"Buffet ",30,17,4.1,"motorcycle",0,"No","Metropolitan","Stormy","Low ",1,"N",10
25,"Drinks ",37,23,4.7,"motorcycle",0,"No","Metropolitan","Sandstorms","Low ",1,"N",15
26,"Buffet ",28,7,4.6,"motorcycle",0,"No","Urban","Windy","Low ",1,"N",15
23,"Buffet ",39,23,4.9,"scooter",2,"No","Metropolitan","Sandstorms","Low ",1,"N",30
24,"Meal ",35,18,4.7,"electric_scooter",1,"No","Urban","Windy","Jam",0,"N",10
24,"Snack ",30,17,4.6,"scooter",2,"No","Urban","Cloudy","High",0,"N",5
35,"Drinks ",31,23,5,"motorcycle",0,"No","Semi-Urban","Sandstorms","Medium",0,"Y",15
28,"Snack ",31,13,4.8,"motorcycle",1,"No","Metropolitan","Fog","High ",1,"Y",10
33,"Meal ",32,18,4.9,"motorcycle",0,"No","Metropolitan","Sunny","Jam ",1,"N",10
27,"Buffet ",34,15,4.8,"electric_scooter",1,"No","Metropolitan","Windy","Low ",1,"N",5
29,"Buffet ",25,12,4.5,"scooter",0,"No","Urban","Cloudy","Low ",1,"Y",10
36,"Meal ",28,6,4.7,"electric_scooter",0,"No","Metropolitan","Windy","Jam ",0,"N",10
31,"Snack ",34,2,4.8,"electric_scooter",1,"No","Metropolitan","Fog","Jam ",0,"Y",15
15,"Drinks ",29,9,4.9,"motorcycle",2,"No","Metropolitan","Sunny","Low ",0,"Y",10
35,"Meal ",30,6,4,"motorcycle",0,"No","Urban","Sandstorms","Jam",1,"N",10
29,"Meal ",20,22,4.7,"motorcycle",0,"No","Metropolitan","Sunny","High ",1,"N",10
19,"Snack ",38,12,4.6,"electric_scooter",1,"No","Metropolitan","Stormy","Jam ",0,"Y",10
41,"Drinks ",22,3,3.5,"scooter",0,"No","Metropolitan","Sunny","Jam ",1,"N",5
17,"Buffet ",20,8,4.9,"electric_scooter",2,"No","Semi-Urban","Sunny","Medium",0,"N",5
23,"Meal ",27,23,4.9,"electric_scooter",2,"No","Urban","Windy","Low ",1,"N",10
18,"Meal ",24,15,4.9,"motorcycle",2,"No","Metropolitan","Fog","Low ",1,"N",10
26,"Snack ",32,19,4.6,"electric_scooter",0,"No","Urban","Stormy","Low",1,"Y",10
38,"Meal ",34,18,4.6,"motorcycle",0,"No","Metropolitan","Stormy","Jam ",1,"N",10
14,"Drinks ",31,4,4.5,"electric_scooter",0,"No","Urban","Sunny","Low",1,"N",10
18,"Snack ",22,15,4.6,"electric_scooter",1,"No","Urban","Sunny","Medium",1,"N",5
23,"Drinks ",24,19,4.8,"motorcycle",2,"No","Urban","Sandstorms","Jam",0,"Y",15
22,"Snack ",36,23,4.9,"motorcycle",2,"No","Urban","Windy","High",1,"N",10
16,"Snack ",26,23,4.9,"scooter",2,"No","Urban","Sunny","Jam",0,"Y",5
20,"Buffet ",30,23,4.8,"scooter",2,"No","Semi-Urban","Sandstorms","Low ",1,"N",15
15,"Drinks ",33,17,4.7,"electric_scooter",2,"No","Urban","Sunny","Low ",0,"N",5
33,"Buffet ",32,8,4.7,"scooter",1,"No","Metropolitan","Fog","Jam ",1,"N",5
27,"Snack ",25,21,4.8,"motorcycle",0,"No","Semi-Urban","Fog","Medium",1,"N",5
23,"Buffet ",36,13,4.7,"scooter",1,"No","Semi-Urban","Sandstorms","Medium",1,"N",5
10,"Meal ",22,13,4.5,"motorcycle",2,"No","Metropolitan","Fog","Low ",0,"Y",5
11,"Snack ",22,18,4.5,"motorcycle",1,"No","Urban","Stormy","Low",1,"N",15
19,"Snack ",33,18,4.5,"electric_scooter",2,"No","Metropolitan","Cloudy","Low ",1,"N",15
31,"Snack ",26,12,4.6,"electric_scooter",2,"No","Semi-Urban","Stormy","Medium",0,"Y",10
20,"Buffet ",37,4,4.9,"motorcycle",0,"No","Semi-Urban","Windy","Medium",1,"N",10
37,"Drinks ",28,16,4.2,"motorcycle",0,"No","Metropolitan","Sandstorms","Jam ",1,"Y",5
26,"Snack ",30,12,4.7,"motorcycle",1,"No","Metropolitan","Sandstorms","Medium",1,"N",5
26,"Drinks ",20,15,4.6,"motorcycle",1,"No","Metropolitan","Stormy","Low ",1,"N",5
32,"Drinks ",31,17,4.2,"scooter",2,"No","Urban","Sandstorms","High",1,"N",5
27,"Drinks ",35,22,4.7,"electric_scooter",0,"No","Semi-Urban","Cloudy","Medium",1,"N",5
20,"Drinks ",37,21,4.6,"motorcycle",0,"No","Semi-Urban","Windy","Low",1,"N",10
17,"Snack ",23,23,4.6,"electric_scooter",2,"No","Metropolitan","Stormy","Low ",0,"Y",5
21,"Meal ",20,23,4.6,"scooter",1,"No","Metropolitan","Sunny","Jam ",1,"N",15
37,"Snack ",21,7,4.7,"motorcycle",0,"No","Urban","Fog","Low ",1,"N",5
39,"Snack ",29,23,4.3,"electric_scooter",2,"Yes","Metropolitan","Fog","Jam ",1,"N",15
20,"Snack ",35,23,4.6,"scooter",0,"No","Urban","Windy","Medium",1,"N",15
16,"Snack ",36,22,4.8,"electric_scooter",2,"No","Metropolitan","Sunny","Medium",1,"Y",15
27,"Meal ",22,12,4.6,"scooter",1,"No","Urban","Windy","Low ",1,"N",10
26,"Snack ",32,22,5,"electric_scooter",0,"No","Metropolitan","Cloudy","High ",1,"N",5
20,"Snack ",39,15,4.8,"electric_scooter",2,"No","Urban","Sunny","Jam ",1,"N",15
18,"Drinks ",20,17,4.6,"scooter",2,"No","Urban","Sunny","Jam",1,"N",5
33,"Buffet ",33,14,4.6,"scooter",2,"No","Metropolitan","Fog","Jam ",2,"N",5
18,"Snack ",25,5,4.6,"motorcycle",0,"No","Urban","Windy","Low ",1,"N",15
29,"Snack ",26,23,4.9,"scooter",2,"No","Semi-Urban","Fog","Jam ",0,"Y",10
30,"Buffet ",21,21,4.8,"scooter",1,"No","Urban","Cloudy","Low ",1,"N",5
27,"Drinks ",31,15,4.9,"scooter",1,"No","Metropolitan","Stormy","Low ",0,"Y",5
16,"Snack ",32,4,5,"scooter",1,"No","Metropolitan","Sunny","Jam ",0,"N",10
33,"Buffet ",24,18,4.9,"motorcycle",0,"No","Urban","Stormy","Medium",1,"Y",15
12,"Snack ",33,23,4.8,"scooter",0,"No","Metropolitan","Sunny","Low",0,"N",20
17,"Buffet ",23,22,5,"motorcycle",0,"No","Urban","Sunny","Medium",0,"N",5
29,"Buffet ",24,14,4.6,"scooter",2,"No","Urban","Cloudy","High ",1,"N",10
16,"Drinks ",26,21,5,"scooter",1,"No","Metropolitan","Sandstorms","Low ",1,"N",10
27,"Snack ",29,19,4.6,"electric_scooter",1,"No","Urban","Stormy","Medium",0,"N",5
23,"Drinks ",20,23,4.5,"motorcycle",0,"No","Metropolitan","Fog","Low ",1,"Y",10
41,"Buffet ",36,3,5,"scooter",1,"No","Metropolitan","Fog","Jam ",1,"N",5
12,"Snack ",20,23,4.9,"motorcycle",1,"No","Urban","Windy","Low",0,"N",15
11,"Drinks ",30,23,5,"scooter",2,"No","Metropolitan","Windy","Low ",0,"N",10
10,"Snack ",28,19,4.8,"motorcycle",1,"No","Urban","Stormy","Low",0,"N",5
11,"Meal ",31,18,4.8,"electric_scooter",1,"No","Metropolitan","Sunny","High ",0,"N",15
42,"Meal ",39,4,4.8,"motorcycle",0,"Yes","Metropolitan","Cloudy","Low ",1,"N",15
21,"Buffet ",26,22,5,"electric_scooter",2,"No","Urban","Stormy","Jam",1,"N",10
44,"Snack ",37,17,4.6,"electric_scooter",2,"No","Metropolitan","Cloudy","Jam ",2,"N",5
50,"Buffet ",32,19,4.9,"motorcycle",0,"Yes","Urban","Sandstorms","Jam",3,"N",15
39,"Buffet ",23,9,4.4,"motorcycle",2,"No","Metropolitan","Stormy","Medium",1,"N",10
49,"Drinks ",30,9,4.9,"scooter",2,"No","Metropolitan","Cloudy","Jam ",0,"N",5
15,"Snack ",22,21,4.6,"motorcycle",2,"No","Urban","Stormy","Low",0,"N",15
28,"Meal ",38,3,4.6,"electric_scooter",2,"No","Urban","Sandstorms","Medium",1,"Y",5
28,"Drinks ",25,23,5,"scooter",2,"No","Metropolitan","Stormy","Low ",1,"N",5
49,"Buffet ",34,4,4.9,"motorcycle",0,"No","Urban","Fog","Jam ",2,"N",5
37,"Buffet ",30,8,4.1,"motorcycle",0,"No","Metropolitan","Windy","Jam ",2,"N",5
23,"Drinks ",21,21,4.7,"scooter",1,"No","Metropolitan","Sunny","Low ",1,"N",10
12,"Snack ",24,19,4.9,"motorcycle",2,"No","Metropolitan","Windy","Jam ",1,"N",5
28,"Drinks ",33,23,4.9,"motorcycle",1,"No","Metropolitan","Windy","High ",1,"N",10
20,"Buffet ",31,3,5,"motorcycle",1,"No","Metropolitan","Sunny","Low ",1,"Y",10
34,"Snack ",35,3,4,"scooter",1,"No","Metropolitan","Fog","Jam ",0,"Y",5
13,"Drinks ",20,23,5,"scooter",2,"No","Urban","Stormy","Low",0,"N",10
14,"Meal ",32,19,4.5,"electric_scooter",2,"No","Metropolitan","Sunny","High ",0,"N",15
26,"Meal ",25,7,4.6,"electric_scooter",2,"No","Semi-Urban","Sandstorms","Medium",0,"N",10
18,"Snack ",38,22,4.7,"scooter",2,"No","Semi-Urban","Sandstorms","Low ",0,"Y",10
46,"Meal ",27,4,4.8,"scooter",0,"No","Metropolitan","Cloudy","Jam ",1,"N",15
28,"Drinks ",22,18,4.6,"motorcycle",1,"No","Metropolitan","Stormy","Medium",0,"Y",15
23,"Snack ",28,19,4.8,"scooter",2,"No","Metropolitan","Sunny","Low ",1,"N",10
16,"Buffet ",23,22,4.8,"motorcycle",1,"No","Urban","Sunny","Low",1,"N",15
16,"Buffet ",33,17,4.9,"scooter",1,"No","Metropolitan","Sunny","Low ",0,"N",10
25,"Buffet ",36,18,4.7,"motorcycle",1,"No","Metropolitan","Sandstorms","Medium",1,"N",10
52,"Drinks ",28,17,4.2,"motorcycle",0,"No","Metropolitan","Sunny","Jam ",1,"N",10
24,"Buffet ",36,7,4.7,"motorcycle",0,"No","Urban","Fog","Low ",1,"N",10
18,"Snack ",35,23,4.7,"scooter",1,"No","Metropolitan","Sunny","Low ",1,"N",10
25,"Snack ",36,23,4.9,"motorcycle",0,"No","Urban","Fog","Low",1,"Y",10
35,"Drinks ",34,6,4.2,"electric_scooter",2,"No","Metropolitan","Fog","Jam ",2,"Y",15
26,"Drinks ",32,18,4.7,"scooter",1,"No","Urban","Cloudy","Jam",1,"N",15
23,"Meal ",23,3,4.5,"electric_scooter",0,"No","Metropolitan","Cloudy","Low ",0,"Y",15
24,"Buffet ",39,22,5,"electric_scooter",0,"No","Semi-Urban","Stormy","Low ",0,"N",25
18,"Drinks ",23,15,4.7,"scooter",1,"No","Metropolitan","Stormy","Low ",0,"Y",30
18,"Meal ",22,14,4.6,"electric_scooter",1,"No","Metropolitan","Sunny","Medium",0,"Y",10
35,"Drinks ",26,6,4.3,"motorcycle",1,"No","Urban","Stormy","Medium",1,"Y",15
38,"Meal ",29,15,4.7,"electric_scooter",2,"No","Urban","Cloudy","Jam",1,"N",5
26,"Snack ",31,2,4.5,"scooter",2,"No","Urban","Stormy","Low",0,"N",15
35,"Snack ",21,14,5,"electric_scooter",1,"No","Metropolitan","Fog","Jam ",1,"N",10
22,"Meal ",21,23,4.6,"motorcycle",1,"No","Metropolitan","Sunny","Medium",1,"N",10
15,"Buffet ",28,8,4.6,"electric_scooter",1,"No","Metropolitan","Sandstorms","Jam ",1,"N",10
34,"Meal ",33,12,4.6,"motorcycle",1,"No","Urban","Cloudy","Jam ",1,"N",5
38,"Snack ",39,9,4.6,"electric_scooter",0,"No","Metropolitan","Sunny","Medium",1,"N",15
42,"Snack ",32,8,4.9,"scooter",1,"No","Urban","Fog","Jam ",1,"N",15
13,"Meal ",22,16,4.9,"scooter",2,"No","Metropolitan","Stormy","Low",0,"N",15
27,"Buffet ",24,22,4.6,"electric_scooter",2,"No","Semi-Urban","Fog","High ",1,"N",10
27,"Snack ",27,23,4.7,"electric_scooter",2,"No","Metropolitan","Windy","Medium",1,"N",10
16,"Meal ",25,9,4.9,"motorcycle",2,"No","Metropolitan","Sunny","High ",0,"N",10
21,"Buffet ",32,7,5,"electric_scooter",2,"No","Metropolitan","Windy","Low ",1,"N",10
20,"Meal ",36,19,4.6,"electric_scooter",1,"No","Metropolitan","Cloudy","Low ",1,"Y",5
25,"Meal ",33,19,4.6,"motorcycle",2,"No","Urban","Sunny","Medium",0,"Y",15
25,"Buffet ",20,23,4.6,"electric_scooter",0,"No","Metropolitan","Cloudy","Medium",1,"N",5
39,"Snack ",34,19,4.3,"scooter",2,"No","Semi-Urban","Stormy","Jam ",2,"Y",5
29,"Drinks ",34,18,4.8,"scooter",1,"No","Urban","Stormy","Low",1,"N",5
29,"Drinks ",33,22,4.8,"scooter",2,"No","Metropolitan","Sunny","Jam ",0,"N",5
25,"Snack ",26,17,4.6,"motorcycle",1,"No","Metropolitan","Windy","High ",1,"N",10
15,"Meal ",31,19,4.7,"scooter",1,"No","Metropolitan","Windy","Low ",0,"N",15
17,"Drinks ",27,23,4.5,"motorcycle",1,"No","Urban","Sandstorms","Low ",0,"N",5
33,"Drinks ",36,23,4.8,"motorcycle",0,"No","Metropolitan","Sandstorms","Medium",0,"N",5
11,"Buffet ",37,23,4.8,"motorcycle",1,"No","Urban","Stormy","Low",1,"Y",10
28,"Snack ",34,13,4.2,"electric_scooter",0,"No","Metropolitan","Sandstorms","Low ",0,"N",10
29,"Meal ",28,6,4.9,"electric_scooter",1,"No","Metropolitan","Sandstorms","Low ",1,"N",15
44,"Drinks ",29,2,4.8,"electric_scooter",1,"No","Urban","Fog","Medium",1,"Y",10
35,"Meal ",29,6,4.2,"electric_scooter",2,"No","Semi-Urban","Fog","Low ",0,"N",25
28,"Snack ",26,8,4.9,"motorcycle",0,"No","Urban","Fog","Medium",1,"N",15
37,"Snack ",22,22,4.6,"scooter",0,"No","Urban","Fog","Jam",2,"N",10
54,"Snack ",21,2,4.2,"motorcycle",0,"No","Metropolitan","Sunny","Jam ",2,"N",5
27,"Meal ",35,21,4.6,"motorcycle",1,"No","Urban","Stormy","Medium",1,"N",5
39,"Meal ",39,17,4.3,"scooter",1,"Yes","Metropolitan","Fog","Jam ",2,"N",15
33,"Buffet ",36,5,3.6,"motorcycle",2,"No","Urban","Stormy","Jam ",0,"N",15
21,"Snack ",34,8,4.9,"motorcycle",0,"No","Semi-Urban","Fog","Low ",1,"Y",10
25,"Buffet ",33,22,4.9,"motorcycle",2,"No","Urban","Stormy","Low",0,"N",10
33,"Drinks ",23,3,4,"motorcycle",0,"No","Metropolitan","Sunny","Jam ",1,"Y",5
15,"Snack ",22,23,4.7,"scooter",2,"No","Urban","Stormy","Jam",0,"N",10
16,"Buffet ",21,8,4.9,"motorcycle",1,"No","Semi-Urban","Sandstorms","Medium",1,"N",15
29,"Drinks ",31,1,4.5,"motorcycle",1,"No","Semi-Urban","Cloudy","Low ",1,"N",10
27,"Meal ",32,22,4.9,"scooter",0,"No","Metropolitan","Stormy","Jam ",1,"N",5
23,"Drinks ",30,16,4.7,"electric_scooter",1,"No","Metropolitan","Sunny","Jam ",1,"N",10
18,"Snack ",31,18,4.6,"electric_scooter",1,"No","Semi-Urban","Fog","Low ",1,"Y",10
28,"Buffet ",27,4,4.6,"motorcycle",1,"No","Metropolitan","Sandstorms","Medium",0,"N",5
14,"Buffet ",32,6,4.6,"scooter",2,"No","Metropolitan","Cloudy","Medium",0,"N",10
11,"Snack ",26,18,4.7,"electric_scooter",2,"No","Urban","Cloudy","Low",0,"N",15
20,"Meal ",39,12,4.6,"motorcycle",1,"No","Metropolitan","Sandstorms","Jam ",0,"Y",5
18,"Buffet ",31,23,4.5,"motorcycle",2,"No","Semi-Urban","Fog","Low ",0,"N",15
38,"Snack ",33,8,4.8,"electric_scooter",1,"No","Metropolitan","Cloudy","Jam ",0,"Y",10
18,"Snack ",36,16,4.9,"motorcycle",1,"No","Urban","Stormy","Medium",1,"N",5
42,"Drinks ",28,3,4.5,"electric_scooter",0,"No","Semi-Urban","Cloudy","Medium",1,"Y",15
44,"Buffet ",29,23,4.5,"motorcycle",0,"No","Urban","Fog","Jam ",1,"Y",10
38,"Buffet ",38,5,5,"scooter",2,"No","Metropolitan","Cloudy","Jam ",1,"N",5
28,"Meal ",34,16,4.9,"scooter",0,"No","Metropolitan","Sunny","Low ",0,"N",15
19,"Buffet ",30,19,4.7,"scooter",1,"No","Metropolitan","Windy","Low ",1,"N",10
30,"Buffet ",23,14,4.8,"motorcycle",0,"No","Urban","Cloudy","Medium",1,"N",10
24,"Snack ",26,17,4.8,"motorcycle",2,"No","Urban","Sandstorms","Medium",1,"Y",10
28,"Snack ",33,14,4.7,"motorcycle",2,"No","Metropolitan","Sunny","Jam ",1,"N",10
31,"Drinks ",24,14,4,"motorcycle",1,"No","Semi-Urban","Cloudy","Jam ",1,"Y",15
25,"Snack ",27,3,4.4,"motorcycle",0,"No","Semi-Urban","Stormy","Low",1,"N",10
40,"Snack ",21,5,4.3,"motorcycle",0,"Yes","Urban","Sunny","Jam",2,"N",5
28,"Buffet ",32,18,4.8,"scooter",1,"No","Urban","Sandstorms","Jam ",0,"Y",10
21,"Snack ",33,21,4.7,"scooter",2,"No","Metropolitan","Stormy","Jam ",1,"N",5
33,"Snack ",29,18,5,"motorcycle",1,"No","Metropolitan","Fog","Jam ",1,"N",10
35,"Drinks ",37,7,4.3,"electric_scooter",2,"No","Metropolitan","Cloudy","Low ",1,"N",5
33,"Buffet ",30,22,4.9,"motorcycle",1,"No","Metropolitan","Sandstorms","Medium",1,"N",10
48,"Meal ",33,5,4.3,"scooter",0,"Yes","Semi-Urban","Sunny","High",1,"N",10
39,"Buffet ",32,19,4.8,"scooter",2,"No","Metropolitan","Sunny","Jam ",1,"Y",15
32,"Snack ",25,13,4.8,"electric_scooter",1,"No","Metropolitan","Fog","Jam ",1,"N",10
26,"Buffet ",20,5,4.7,"scooter",1,"No","Metropolitan","Fog","Low ",1,"N",10
24,"Meal ",29,21,4.8,"scooter",0,"No","Metropolitan","Windy","Jam ",1,"N",5
26,"Buffet ",28,4,4.7,"motorcycle",0,"No","Semi-Urban","Stormy","High ",1,"Y",5
26,"Buffet ",32,9,4.6,"motorcycle",1,"No","Metropolitan","Windy","Low ",1,"Y",10
28,"Meal ",22,17,4.7,"motorcycle",2,"No","Urban","Fog","Jam ",1,"N",10
47,"Meal ",23,8,4.1,"electric_scooter",0,"Yes","Metropolitan","Windy","Medium",1,"N",5
17,"Meal ",25,13,4.5,"motorcycle",2,"No","Metropolitan","Stormy","Low ",1,"N",15
17,"Drinks ",27,13,4.8,"scooter",2,"No","Metropolitan","Windy","Jam ",1,"N",5
38,"Snack ",39,23,4.7,"motorcycle",0,"No","Urban","Sandstorms","Jam",0,"N",15
41,"Meal ",29,15,4.8,"scooter",1,"No","Metropolitan","Fog","Jam ",1,"N",5
31,"Buffet ",26,3,4,"motorcycle",0,"No","Metropolitan","Windy","Medium",1,"N",10
13,"Meal ",23,21,4.7,"scooter",1,"No","Urban","Cloudy","Medium",0,"N",10
16,"Drinks ",37,12,4.9,"scooter",2,"No","Metropolitan","Fog","Low ",1,"Y",20
11,"Meal ",38,21,4.7,"motorcycle",1,"No","Urban","Sunny","High",0,"Y",15
40,"Buffet ",36,11,3.8,"motorcycle",0,"No","Metropolitan","Sunny","Jam ",2,"N",5
20,"Meal ",24,18,4.9,"electric_scooter",0,"No","Metropolitan","Stormy","Medium",0,"Y",15
11,"Drinks ",20,15,4.8,"scooter",1,"No","Urban","Fog","Low ",1,"N",15
32,"Buffet ",31,2,4.4,"motorcycle",2,"No","Metropolitan","Fog","High ",1,"N",5
30,"Drinks ",22,15,4.8,"motorcycle",1,"No","Metropolitan","Sunny","Jam",1,"N",15
29,"Meal ",24,3,4.7,"electric_scooter",0,"No","Semi-Urban","Fog","Medium",1,"N",15
41,"Meal ",24,7,3.5,"scooter",1,"No","Metropolitan","Windy","Jam ",1,"N",5
38,"Snack ",21,6,4.2,"scooter",1,"No","Metropolitan","Fog","Medium",2,"N",15
22,"Buffet ",28,21,4.8,"motorcycle",2,"No","Urban","Stormy","Low",0,"N",10
34,"Snack ",21,17,4.4,"electric_scooter",2,"No","Metropolitan","Sandstorms","Jam ",2,"N",10
38,"Meal ",39,4,4.8,"motorcycle",0,"No","Semi-Urban","Stormy","Low ",1,"N",5
28,"Drinks ",28,16,4.9,"electric_scooter",2,"No","Urban","Sandstorms","Medium",1,"N",10
13,"Buffet ",31,22,5,"scooter",2,"No","Urban","Sunny","Jam",0,"N",15
24,"Buffet ",31,8,4.8,"electric_scooter",2,"No","Semi-Urban","Stormy","Low ",0,"N",5
45,"Snack ",37,15,4.8,"motorcycle",1,"No","Metropolitan","Fog","Jam",2,"N",5
34,"Snack ",30,13,4.6,"electric_scooter",0,"No","Metropolitan","Fog","Jam ",1,"N",15
46,"Snack ",34,18,4.8,"electric_scooter",0,"No","Semi-Urban","Cloudy","Jam",0,"N",10
24,"Drinks ",25,15,4.6,"motorcycle",1,"No","Urban","Sunny","Jam ",1,"Y",5
27,"Snack ",39,16,4.7,"motorcycle",0,"No","Metropolitan","Stormy","Low ",1,"N",10
45,"Meal ",24,12,4.1,"motorcycle",0,"No","Urban","Sunny","Jam ",1,"Y",15
25,"Buffet ",20,9,4.5,"scooter",1,"No","Semi-Urban","Cloudy","Low ",1,"Y",10
33,"Drinks ",39,23,4.8,"motorcycle",2,"No","Semi-Urban","Windy","Medium",0,"Y",15
32,"Meal ",30,4,3.8,"scooter",1,"No","Urban","Stormy","Low",1,"Y",25
23,"Drinks ",26,12,4.9,"motorcycle",1,"No","Metropolitan","Sandstorms","Jam ",0,"Y",15
30,"Snack ",35,21,4.6,"scooter",1,"No","Metropolitan","Stormy","Medium",1,"N",15
31,"Buffet ",20,14,4.6,"motorcycle",0,"No","Urban","Stormy","Jam ",1,"Y",5
29,"Drinks ",23,5,4.4,"scooter",0,"No","Urban","Windy","Low",1,"N",10
34,"Meal ",28,1,4.8,"electric_scooter",0,"No","Semi-Urban","Stormy","Jam ",0,"Y",10
35,"Drinks ",32,3,4.5,"scooter",2,"No","Semi-Urban","Cloudy","Low",1,"N",10
25,"Drinks ",25,1,4.5,"motorcycle",0,"No","Urban","Fog","Medium",1,"N",10
28,"Drinks ",29,16,4.6,"electric_scooter",1,"No","Semi-Urban","Sunny","Low ",0,"N",10
24,"Drinks ",31,22,4.9,"scooter",1,"No","Urban","Sunny","Low",0,"Y",10
26,"Snack ",27,3,4.5,"scooter",2,"No","Urban","Stormy","Jam ",1,"N",15
26,"Buffet ",24,19,4.5,"motorcycle",1,"No","Metropolitan","Windy","Jam ",1,"Y",5
12,"Meal ",32,19,4.7,"scooter",1,"No","Metropolitan","Stormy","Jam ",0,"N",10
29,"Snack ",39,4,4.9,"scooter",2,"No","Metropolitan","Cloudy","Jam ",0,"N",5
25,"Snack ",24,18,4.6,"motorcycle",2,"No","Urban","Windy","Jam ",1,"N",5
36,"Meal ",31,18,3.7,"scooter",1,"No","Metropolitan","Stormy","Medium",1,"Y",5
21,"Drinks ",38,17,4.9,"motorcycle",2,"No","Urban","Sandstorms","Jam",1,"N",5
26,"Drinks ",33,9,4.9,"scooter",2,"No","Semi-Urban","Stormy","Jam ",0,"Y",15
33,"Drinks ",34,3,4.1,"electric_scooter",2,"No","Urban","Fog","Jam ",1,"N",15
20,"Drinks ",26,7,4.6,"motorcycle",0,"No","Metropolitan","Cloudy","Low ",0,"N",5
27,"Snack ",26,12,4.5,"electric_scooter",2,"No","Metropolitan","Stormy","Low ",0,"Y",20
33,"Meal ",38,4,4.5,"motorcycle",1,"No","Urban","Windy","Jam",1,"Y",15
24,"Buffet ",37,14,4.5,"scooter",0,"No","Metropolitan","Cloudy","Low ",1,"N",15
34,"Buffet ",32,5,5,"motorcycle",0,"No","Semi-Urban","Stormy","High ",0,"N",10
20,"Meal ",34,18,5,"electric_scooter",2,"No","Urban","Cloudy","Low",0,"N",15
49,"Meal ",27,18,4.6,"motorcycle",0,"Yes","Metropolitan","Cloudy","Jam ",3,"Y",5
31,"Snack ",36,6,3.7,"scooter",1,"No","Semi-Urban","Windy","Jam ",1,"N",5
28,"Buffet ",33,17,4.5,"scooter",1,"No","Metropolitan","Sandstorms","High ",1,"N",15
43,"Drinks ",30,4,4.9,"motorcycle",2,"No","Metropolitan","Cloudy","Jam ",3,"N",5
38,"Drinks ",29,4,4.6,"motorcycle",1,"No","Semi-Urban","Fog","Jam ",1,"N",10
25,"Snack ",35,17,4.8,"scooter",1,"No","Metropolitan","Fog","Jam ",1,"N",10
29,"Buffet ",22,23,4.9,"scooter",0,"No","Metropolitan","Fog","Medium",0,"N",10
30,"Drinks ",23,23,4.6,"motorcycle",1,"No","Metropolitan","Windy","Medium",1,"N",5
23,"Snack ",22,8,4.8,"motorcycle",0,"No","Metropolitan","Fog","Low ",1,"Y",10
23,"Meal ",24,23,4.9,"motorcycle",2,"No","Urban","Sunny","Low",0,"N",10
49,"Snack ",38,15,4.6,"electric_scooter",0,"No","Urban","Fog","Medium",1,"N",5
25,"Meal ",36,17,4.8,"motorcycle",1,"No","Metropolitan","Sandstorms","Jam ",1,"Y",5
50,"Meal ",37,17,4.3,"motorcycle",0,"No","Metropolitan","Sunny","High ",0,"N",10
12,"Drinks ",20,22,4.9,"electric_scooter",2,"No","Metropolitan","Sandstorms","High ",0,"N",5
42,"Meal ",21,19,4.1,"motorcycle",0,"No","Semi-Urban","Windy","High ",0,"Y",5
23,"Buffet ",22,23,4.7,"motorcycle",1,"No","Metropolitan","Cloudy","Low ",0,"N",10
36,"Snack ",32,15,4.6,"scooter",2,"No","Metropolitan","Fog","Medium",2,"N",5
31,"Drinks ",37,2,4.8,"motorcycle",0,"No","Metropolitan","Fog","Medium",1,"N",5
54,"Drinks ",24,4,4.2,"motorcycle",0,"No","Metropolitan","Sunny","High ",3,"N",5
25,"Drinks ",20,6,5,"motorcycle",1,"No","Semi-Urban","Windy","Jam ",1,"N",15
47,"Snack ",24,3,4,"scooter",1,"No","Metropolitan","Sunny","Jam ",3,"Y",15
25,"Snack ",39,12,4.8,"motorcycle",1,"No","Metropolitan","Sandstorms","Medium",0,"Y",15
44,"Snack ",31,7,4.7,"electric_scooter",0,"No","Metropolitan","Windy","Jam ",2,"N",15
39,"Meal ",22,16,4.7,"motorcycle",0,"No","Urban","Stormy","Jam",1,"N",15
10,"Snack ",30,18,4.8,"motorcycle",0,"No","Urban","Sunny","Low",0,"Y",10
34,"Buffet ",20,23,4.4,"scooter",1,"No","Metropolitan","Sandstorms","Jam ",1,"N",10
10,"Snack ",32,18,4.6,"scooter",1,"No","Urban","Fog","Low",0,"Y",5
20,"Snack ",34,14,4.7,"scooter",0,"No","Metropolitan","Sandstorms","Medium",1,"N",5
39,"Buffet ",30,7,4.6,"motorcycle",2,"No","Metropolitan","Cloudy","Jam ",1,"N",5
15,"Snack ",20,21,4.9,"motorcycle",1,"No","Metropolitan","Fog","Low ",0,"Y",10
28,"Buffet ",34,23,4.7,"motorcycle",0,"No","Metropolitan","Stormy","Low ",1,"N",30
18,"Drinks ",35,21,4.9,"motorcycle",2,"No","Semi-Urban","Windy","Jam",0,"N",15
51,"Meal ",27,9,4.3,"electric_scooter",0,"No","Semi-Urban","Sandstorms","Jam ",2,"Y",10
40,"Drinks ",35,17,4.9,"motorcycle",0,"Yes","Urban","Fog","Jam ",1,"Y",15
18,"Snack ",22,5,4.9,"motorcycle",1,"No","Metropolitan","Fog","Low ",1,"N",5
36,"Snack ",28,1,4.2,"electric_scooter",0,"No","Urban","Sandstorms","High",1,"N",10
10,"Buffet ",29,16,4.7,"scooter",2,"No","Urban","Sunny","Jam",1,"Y",10
19,"Snack ",25,22,4.7,"motorcycle",2,"No","Semi-Urban","Fog","Low ",1,"Y",15
25,"Drinks ",21,13,4.1,"motorcycle",0,"No","Urban","Sandstorms","Low ",1,"Y",5
10,"Drinks ",22,7,5,"electric_scooter",1,"No","Metropolitan","Sunny","Jam ",1,"N",5
17,"Drinks ",23,18,4.9,"scooter",1,"No","Metropolitan","Fog","Medium",1,"N",5
39,"Snack ",38,3,4.1,"scooter",1,"No","Metropolitan","Cloudy","Jam ",1,"N",15
29,"Meal ",27,14,5,"motorcycle",2,"No","Urban","Stormy","High ",1,"Y",5
41,"Meal ",24,13,4.7,"motorcycle",0,"No","Urban","Stormy","Jam ",2,"N",15
12,"Buffet ",32,23,4.7,"scooter",0,"No","Urban","Sunny","Low",1,"N",15
15,"Buffet ",27,23,4.9,"motorcycle",0,"No","Metropolitan","Sunny","Low ",0,"N",10
17,"Meal ",26,2,4.6,"electric_scooter",2,"No","Metropolitan","Sandstorms","High ",1,"N",10
17,"Meal ",28,22,4.3,"motorcycle",0,"No","Metropolitan","Windy","Low ",1,"N",15
12,"Drinks ",24,18,4.9,"motorcycle",1,"No","Metropolitan","Sunny","Jam ",0,"Y",5
28,"Buffet ",27,16,4.7,"motorcycle",2,"No","Urban","Sunny","Low ",0,"N",15
16,"Buffet ",25,23,4.9,"electric_scooter",2,"No","Metropolitan","Fog","Low ",1,"N",10
43,"Buffet ",32,10,4,"motorcycle",0,"No","Semi-Urban","Windy","High ",1,"N",5
30,"Drinks ",35,15,5,"motorcycle",1,"No","Semi-Urban","Fog","Jam",1,"N",10
29,"Meal ",35,13,4.7,"motorcycle",0,"No","Metropolitan","Sunny","High ",1,"N",10
53,"Snack ",36,1,4.5,"motorcycle",0,"No","Urban","Fog","Jam ",3,"N",5
38,"Meal ",28,14,3.2,"electric_scooter",2,"No","Metropolitan","Sunny","Low ",1,"N",10
25,"Snack ",28,1,4.8,"motorcycle",0,"No","Metropolitan","Sunny","Jam ",1,"Y",5
39,"Drinks ",25,22,4.2,"motorcycle",0,"No","Urban","Windy","Jam",1,"N",5
40,"Meal ",31,2,4.8,"electric_scooter",0,"No","Metropolitan","Cloudy","Jam ",1,"N",5
21,"Buffet ",38,18,4.6,"electric_scooter",1,"No","Urban","Sandstorms","Medium",0,"N",10
28,"Snack ",29,2,4,"motorcycle",0,"No","Metropolitan","Windy","Low ",1,"N",10
20,"Meal ",20,23,4.9,"scooter",2,"No","Urban","Stormy","Low",0,"Y",15
32,"Meal ",23,12,5,"motorcycle",0,"No","Semi-Urban","Windy","Medium",0,"Y",15
10,"Drinks ",26,15,4.9,"scooter",2,"No","Metropolitan","Stormy","Low",0,"N",5
27,"Buffet ",26,3,4.9,"motorcycle",1,"No","Metropolitan","Stormy","Low ",1,"N",10
27,"Drinks ",20,23,4.6,"motorcycle",1,"No","Urban","Windy","Low",0,"Y",5
17,"Drinks ",25,23,4.9,"scooter",1,"No","Semi-Urban","Sunny","Medium",1,"N",15
38,"Snack ",24,13,3.6,"electric_scooter",2,"No","Metropolitan","Stormy","Medium",1,"N",10
16,"Buffet ",37,8,4.9,"scooter",1,"No","Metropolitan","Sunny","Low ",1,"N",15
20,"Buffet ",24,2,4.6,"scooter",2,"No","Metropolitan","Stormy","Low ",1,"N",10
15,"Meal ",29,15,4.9,"scooter",2,"No","Urban","Sunny","Low ",1,"N",25
35,"Drinks ",30,6,4.3,"motorcycle",0,"No","Metropolitan","Stormy","Jam ",1,"N",10
19,"Snack ",28,18,4.9,"scooter",1,"No","Urban","Stormy","Medium",1,"N",10
25,"Snack ",25,15,4.7,"motorcycle",0,"No","Metropolitan","Stormy","Low ",0,"N",15
28,"Snack ",24,21,4.8,"electric_scooter",2,"No","Metropolitan","Windy","Jam ",0,"N",10
24,"Buffet ",21,2,4.8,"motorcycle",0,"No","Metropolitan","Stormy","Low ",0,"N",5
54,"Drinks ",21,6,4,"motorcycle",0,"No","Metropolitan","Windy","Jam",1,"Y",10
49,"Snack ",39,1,4,"electric_scooter",0,"No","Urban","Stormy","Jam ",3,"N",10
35,"Snack ",27,19,4.6,"motorcycle",0,"No","Semi-Urban","Stormy","Medium",1,"N",15
28,"Meal ",27,12,4.7,"electric_scooter",0,"No","Metropolitan","Sunny","High ",1,"N",10
26,"Drinks ",32,3,4.6,"motorcycle",1,"No","Urban","Windy","Low",0,"N",5
38,"Drinks ",36,2,4.7,"scooter",2,"No","Metropolitan","Cloudy","Jam ",1,"N",10
32,"Snack ",21,11,4.7,"electric_scooter",0,"No","Metropolitan","Cloudy","Medium",0,"N",15
33,"Snack ",36,3,4.4,"motorcycle",0,"No","Metropolitan","Sandstorms","Jam ",1,"N",15
22,"Meal ",28,19,4.8,"scooter",1,"No","Metropolitan","Sunny","Jam ",0,"N",10
43,"Snack ",22,3,4.9,"motorcycle",0,"Yes","Metropolitan","Fog","Medium",1,"Y",10
19,"Buffet ",27,23,4.7,"scooter",2,"No","Urban","Cloudy","Medium",0,"N",5
26,"Snack ",28,23,4.8,"electric_scooter",1,"No","Metropolitan","Sandstorms","High ",1,"N",15
20,"Meal ",28,5,4.8,"motorcycle",0,"No","Semi-Urban","Sunny","Jam ",1,"N",15
32,"Buffet ",35,3,3.6,"scooter",2,"No","Metropolitan","Sunny","Jam ",1,"N",10
11,"Snack ",22,18,4.9,"motorcycle",2,"No","Urban","Sunny","Low",0,"Y",10
10,"Meal ",28,23,4.7,"scooter",1,"No","Metropolitan","Stormy","Medium",0,"Y",10
28,"Drinks ",35,15,4.9,"scooter",2,"No","Urban","Fog","Low ",1,"N",10
17,"Drinks ",27,19,4.9,"electric_scooter",2,"No","Urban","Stormy","Low",0,"Y",5
33,"Buffet ",31,16,4.7,"motorcycle",1,"No","Urban","Stormy","Jam",1,"N",10
27,"Meal ",31,23,5,"scooter",2,"No","Metropolitan","Sandstorms","Medium",1,"N",10
38,"Meal ",20,16,4.8,"scooter",1,"No","Urban","Stormy","Jam",1,"Y",10
34,"Meal ",31,3,4.6,"electric_scooter",2,"No","Metropolitan","Stormy","Jam ",0,"N",5
18,"Drinks ",38,19,4.1,"electric_scooter",0,"No","Semi-Urban","Stormy","Low ",0,"N",15
25,"Meal ",33,15,4.9,"scooter",2,"No","Metropolitan","Stormy","Low ",1,"N",5
26,"Snack ",29,18,4.5,"electric_scooter",2,"No","Metropolitan","Sandstorms","Medium",1,"Y",5
52,"Snack ",36,5,5,"motorcycle",0,"No","Semi-Urban","Stormy","Jam ",1,"N",15
22,"Buffet ",22,16,4.8,"motorcycle",0,"No","Metropolitan","Cloudy","Low ",1,"N",10
26,"Meal ",26,19,4.7,"electric_scooter",2,"No","Metropolitan","Sandstorms","Low ",0,"N",15
33,"Drinks ",27,17,4.3,"motorcycle",1,"No","Metropolitan","Sandstorms","Medium",1,"N",15
23,"Snack ",24,15,4.6,"motorcycle",1,"No","Urban","Stormy","Medium",0,"N",5
21,"Snack ",26,3,4.6,"motorcycle",0,"No","Metropolitan","Sandstorms","High ",0,"N",10
47,"Snack ",28,3,4.9,"motorcycle",0,"No","Metropolitan","Windy","Jam ",1,"N",10
17,"Buffet ",28,18,5,"motorcycle",2,"No","Metropolitan","Sunny","Low ",1,"N",10
32,"Meal ",33,1,3.7,"motorcycle",2,"No","Metropolitan","Stormy","Medium",1,"N",5
27,"Buffet ",28,19,4.6,"motorcycle",1,"No","Metropolitan","Sandstorms","Jam ",0,"N",10
28,"Drinks ",38,19,5,"motorcycle",2,"No","Urban","Sunny","Jam ",1,"Y",5
26,"Meal ",36,12,5,"electric_scooter",0,"No","Metropolitan","Sunny","Medium",1,"N",5
54,"Drinks ",37,22,4.5,"motorcycle",0,"No","Metropolitan","Sunny","Jam ",0,"N",5
31,"Drinks ",35,6,4.2,"electric_scooter",2,"No","Metropolitan","Fog","Medium",1,"N",5
26,"Snack ",31,14,4.6,"scooter",1,"No","Metropolitan","Stormy","Medium",1,"Y",10
22,"Buffet ",26,23,4.8,"electric_scooter",0,"No","Metropolitan","Sandstorms","Medium",1,"N",5
40,"Snack ",21,14,4.8,"scooter",0,"No","Semi-Urban","Stormy","Jam ",2,"N",5
30,"Snack ",37,9,4.7,"motorcycle",0,"No","Metropolitan","Windy","Jam ",1,"N",5
45,"Meal ",21,5,4.8,"motorcycle",1,"No","Metropolitan","Fog","Jam ",2,"N",5
22,"Snack ",21,17,4.6,"scooter",2,"No","Urban","Sandstorms","Jam",0,"N",10
37,"Meal ",36,6,4.4,"motorcycle",0,"No","Semi-Urban","Sandstorms","Medium",1,"N",10
10,"Snack ",35,22,4.6,"electric_scooter",2,"No","Metropolitan","Sunny","Medium",0,"N",10
34,"Buffet ",34,13,5,"scooter",1,"No","Metropolitan","Fog","Medium",1,"N",5
15,"Buffet ",29,6,4.8,"scooter",1,"No","Metropolitan","Sandstorms","Low ",1,"N",10
10,"Snack ",23,19,4.8,"scooter",0,"No","Urban","Sunny","Low",1,"N",5
19,"Meal ",28,22,4.5,"electric_scooter",0,"No","Metropolitan","Stormy","Low ",1,"N",15
31,"Buffet ",34,16,4.3,"motorcycle",0,"No","Metropolitan","Stormy","Jam ",0,"N",10
32,"Drinks ",38,17,4.6,"motorcycle",2,"No","Semi-Urban","Windy","High ",1,"N",5
18,"Buffet ",27,21,4.6,"scooter",1,"No","Urban","Stormy","Low",0,"N",10
22,"Drinks ",21,23,4.7,"scooter",1,"No","Semi-Urban","Sandstorms","Low ",0,"Y",5
23,"Snack ",27,23,4.6,"scooter",1,"No","Metropolitan","Sunny","Jam ",0,"N",5
36,"Buffet ",24,22,4.7,"scooter",0,"No","Metropolitan","Stormy","Medium",2,"Y",15
25,"Snack ",39,3,4.6,"motorcycle",0,"No","Urban","Fog","Medium",1,"N",10
18,"Buffet ",34,18,4.8,"scooter",1,"No","Metropolitan","Sandstorms","Low ",0,"Y",5
20,"Snack ",22,15,4.6,"motorcycle",2,"No","Urban","Stormy","Jam ",0,"N",5
32,"Drinks ",27,5,5,"motorcycle",1,"No","Metropolitan","Stormy","Medium",1,"Y",5
10,"Drinks ",38,19,4.8,"scooter",2,"No","Urban","Sunny","Low",1,"N",10
21,"Drinks ",37,4,4.4,"motorcycle",0,"No","Urban","Stormy","Low",1,"Y",5
20,"Buffet ",30,16,4.9,"motorcycle",2,"No","Metropolitan","Sandstorms","Medium",0,"N",10
21,"Drinks ",27,9,4.6,"electric_scooter",2,"No","Semi-Urban","Fog","High ",0,"N",15
48,"Snack ",37,21,4.8,"motorcycle",0,"No","Urban","Sandstorms","Medium",1,"N",15
23,"Meal ",21,21,5,"electric_scooter",1,"No","Metropolitan","Stormy","Low ",1,"N",5
20,"Snack ",26,21,4.7,"electric_scooter",2,"No","Semi-Urban","Fog","Low ",1,"N",15
27,"Snack ",31,14,4.6,"scooter",2,"No","Metropolitan","Stormy","Low ",0,"N",15
23,"Buffet ",35,22,4.8,"motorcycle",1,"No","Urban","Sandstorms","Jam ",0,"N",5
33,"Meal ",24,8,4.1,"motorcycle",1,"No","Metropolitan","Windy","Jam ",1,"N",15
32,"Snack ",37,22,4.4,"motorcycle",0,"No","Metropolitan","Stormy","Medium",1,"N",15
30,"Meal ",32,12,4.9,"motorcycle",1,"No","Metropolitan","Cloudy","Jam ",1,"N",5
15,"Buffet ",35,17,4.9,"electric_scooter",2,"No","Urban","Windy","Jam",1,"Y",10
49,"Meal ",34,18,4.8,"motorcycle",0,"Yes","Urban","Fog","Jam",1,"N",10
20,"Meal ",30,12,4.9,"electric_scooter",2,"No","Metropolitan","Windy","Medium",1,"N",10
37,"Drinks ",37,9,3.7,"motorcycle",1,"No","Metropolitan","Cloudy","Low ",0,"N",10
21,"Drinks ",33,16,4.8,"motorcycle",1,"No","Metropolitan","Windy","Low ",1,"Y",5
20,"Snack ",26,6,4.5,"motorcycle",0,"No","Urban","Windy","Medium",1,"N",5
24,"Snack ",27,4,4.9,"motorcycle",0,"No","Urban","Stormy","Low",1,"Y",5
39,"Buffet ",20,16,4.5,"scooter",2,"No","Urban","Stormy","Jam ",1,"Y",15
17,"Snack ",27,21,5,"motorcycle",2,"No","Metropolitan","Cloudy","Low",1,"N",10
39,"Buffet ",20,9,4.6,"motorcycle",0,"No","Semi-Urban","Stormy","Jam ",1,"N",10
25,"Drinks ",26,3,5,"motorcycle",0,"No","Urban","Sunny","Jam ",0,"N",15
23,"Buffet ",37,14,4.9,"motorcycle",1,"No","Metropolitan","Windy","Low ",0,"N",5
25,"Snack ",32,14,4.6,"electric_scooter",1,"No","Metropolitan","Stormy","Medium",1,"N",5
32,"Drinks ",26,2,4.6,"electric_scooter",1,"No","Metropolitan","Stormy","Medium",1,"N",15
29,"Drinks ",26,2,4.7,"motorcycle",1,"No","Metropolitan","Windy","Jam ",1,"Y",10
19,"Drinks ",33,18,4.8,"motorcycle",1,"No","Urban","Sunny","Medium",1,"N",5
22,"Buffet ",22,6,5,"motorcycle",0,"No","Metropolitan","Sunny","Medium",1,"Y",10
38,"Snack ",33,8,4.8,"electric_scooter",1,"No","Metropolitan","Cloudy","Jam ",0,"Y",10
37,"Meal ",32,5,4,"scooter",1,"No","Metropolitan","Cloudy","Medium",2,"N",5
29,"Buffet ",21,6,4.9,"scooter",2,"No","Metropolitan","Sandstorms","Low ",1,"Y",5
16,"Drinks ",20,21,4.5,"motorcycle",1,"No","Urban","Sunny","Jam",0,"N",10
25,"Meal ",39,15,4.8,"scooter",1,"No","Metropolitan","Windy","Low ",1,"Y",10
21,"Snack ",31,17,4.7,"scooter",0,"No","Metropolitan","Cloudy","Low ",0,"N",10
39,"Drinks ",36,1,4,"electric_scooter",1,"No","Metropolitan","Fog","Jam ",1,"N",10
30,"Snack ",23,19,4.5,"scooter",2,"No","Metropolitan","Cloudy","Jam ",1,"Y",15
23,"Snack ",30,15,5,"motorcycle",2,"No","Metropolitan","Sunny","High ",0,"N",15
36,"Buffet ",33,22,4.9,"motorcycle",0,"No","Urban","Sandstorms","Jam",1,"N",10
49,"Meal ",35,13,4.3,"scooter",0,"No","Metropolitan","Sandstorms","Medium",3,"N",15
27,"Snack ",29,16,4.7,"electric_scooter",1,"No","Metropolitan","Fog","High ",1,"N",5
30,"Snack ",34,22,5,"motorcycle",1,"No","Semi-Urban","Fog","Medium",1,"N",10
47,"Drinks ",38,18,4.9,"electric_scooter",0,"No","Urban","Fog","Jam",1,"N",15
26,"Meal ",25,22,4.7,"motorcycle",0,"No","Metropolitan","Sunny","Medium",1,"N",10
23,"Drinks ",25,23,4.6,"motorcycle",0,"No","Semi-Urban","Fog","High ",1,"Y",15
15,"Meal ",36,23,5,"motorcycle",0,"No","Metropolitan","Sunny","Low ",1,"N",15
32,"Meal ",30,21,4.8,"motorcycle",1,"No","Urban","Stormy","Jam",1,"N",10
15,"Snack ",30,17,4.8,"scooter",1,"No","Urban","Stormy","Medium",1,"N",5
36,"Buffet ",36,18,5,"scooter",2,"No","Semi-Urban","Fog","Jam ",0,"Y",5
33,"Snack ",27,12,4.6,"motorcycle",0,"No","Metropolitan","Cloudy","Jam ",1,"Y",10
28,"Meal ",32,23,4.8,"scooter",1,"No","Metropolitan","Cloudy","Medium",0,"Y",5
26,"Meal ",23,16,4.9,"electric_scooter",2,"No","Metropolitan","Fog","Jam ",1,"Y",5
29,"Snack ",27,21,5,"electric_scooter",2,"No","Urban","Stormy","Low",0,"N",10
17,"Buffet ",32,3,4.6,"motorcycle",2,"No","Urban","Fog","Low ",0,"N",5
26,"Buffet ",36,23,5,"motorcycle",0,"No","Metropolitan","Fog","Medium",0,"Y",15
44,"Buffet ",32,11,4.2,"motorcycle",2,"No","Urban","Sandstorms","Jam ",0,"N",15
26,"Meal ",35,9,4.6,"scooter",2,"No","Metropolitan","Sunny","Low ",0,"N",15
13,"Snack ",24,16,4.6,"scooter",1,"No","Urban","Fog","Medium",0,"N",5
26,"Buffet ",26,18,4.8,"scooter",0,"No","Metropolitan","Cloudy","Jam ",0,"N",10
16,"Buffet ",24,22,4.7,"motorcycle",1,"No","Urban","Windy","Jam",0,"Y",5
24,"Meal ",32,21,4.6,"scooter",0,"No","Urban","Stormy","Low ",1,"N",10
22,"Meal ",36,5,4.8,"electric_scooter",2,"No","Urban","Sandstorms","Low ",1,"N",15
30,"Buffet ",37,13,4.6,"scooter",1,"No","Semi-Urban","Sandstorms","Jam ",1,"Y",15
17,"Buffet ",34,22,4.9,"scooter",2,"No","Urban","Sandstorms","Low",1,"N",15
21,"Meal ",28,23,4.6,"motorcycle",1,"No","Urban","Sunny","High ",1,"N",5
27,"Buffet ",38,15,5,"scooter",1,"No","Semi-Urban","Fog","Low ",1,"Y",15
30,"Meal ",33,3,4.7,"electric_scooter",2,"No","Metropolitan","Windy","Jam ",1,"N",15
12,"Buffet ",23,18,4.8,"electric_scooter",1,"No","Metropolitan","Sandstorms","Low ",1,"N",5
46,"Drinks ",28,1,3.7,"motorcycle",0,"No","Metropolitan","Sunny","High ",1,"N",15
33,"Buffet ",37,6,4.6,"motorcycle",1,"No","Metropolitan","Fog","High ",2,"N",5
18,"Meal ",38,3,4,"electric_scooter",0,"No","Metropolitan","Sandstorms","Low ",0,"N",10
42,"Meal ",29,17,4.6,"motorcycle",1,"No","Metropolitan","Fog","Medium",1,"N",5
34,"Snack ",26,2,4.2,"scooter",0,"No","Urban","Windy","Low",1,"N",5
21,"Meal ",22,17,4.5,"motorcycle",0,"No","Metropolitan","Sunny","Jam ",1,"N",10
11,"Drinks ",34,14,4.6,"motorcycle",1,"No","Urban","Windy","Low ",0,"N",10
22,"Snack ",32,16,4.6,"electric_scooter",0,"No","Metropolitan","Cloudy","Medium",1,"N",5
24,"Snack ",22,15,5,"motorcycle",1,"No","Metropolitan","Fog","High ",1,"N",10
14,"Buffet ",24,14,4.9,"motorcycle",0,"No","Metropolitan","Stormy","Medium",1,"N",5
27,"Buffet ",31,16,4.6,"scooter",1,"No","Metropolitan","Sunny","Jam ",1,"N",5
50,"Snack ",37,22,4.6,"scooter",0,"No","Urban","Cloudy","Jam",3,"Y",15
19,"Buffet ",26,18,4.9,"electric_scooter",1,"No","Metropolitan","Cloudy","Low",1,"Y",5
16,"Drinks ",37,8,4.9,"motorcycle",1,"No","Urban","Stormy","Jam ",1,"N",5
18,"Snack ",24,1,4.9,"scooter",1,"No","Metropolitan","Sunny","Low ",0,"N",10
29,"Snack ",23,1,4.9,"scooter",2,"No","Metropolitan","Sandstorms","Jam ",1,"N",5
14,"Snack ",24,22,5,"scooter",1,"No","Semi-Urban","Fog","Low ",1,"N",10
15,"Drinks ",27,23,4.8,"motorcycle",2,"No","Metropolitan","Sunny","Jam ",1,"N",5
28,"Drinks ",20,9,4.5,"electric_scooter",2,"No","Urban","Windy","Jam ",0,"N",15
16,"Drinks ",35,21,4.6,"electric_scooter",2,"No","Metropolitan","Cloudy","Low",0,"N",15
15,"Buffet ",36,5,4.5,"scooter",2,"No","Urban","Fog","Medium",0,"N",10
39,"Drinks ",21,13,3.6,"scooter",2,"No","Semi-Urban","Windy","Medium",1,"N",15
21,"Drinks ",38,9,4.9,"motorcycle",0,"No","Metropolitan","Fog","Low ",0,"N",10
31,"Buffet ",21,18,4.7,"motorcycle",0,"No","Metropolitan","Sandstorms","Medium",1,"N",15
46,"Snack ",37,11,4,"motorcycle",0,"No","Metropolitan","Stormy","Medium",1,"Y",10
21,"Buffet ",32,19,4.7,"scooter",1,"No","Metropolitan","Sandstorms","Low ",1,"N",10
24,"Drinks ",25,22,4.8,"scooter",1,"No","Semi-Urban","Sandstorms","Jam ",1,"Y",15
25,"Snack ",39,22,4.7,"scooter",1,"No","Metropolitan","Fog","Jam ",1,"Y",10
25,"Snack ",22,23,4.8,"motorcycle",0,"No","Metropolitan","Cloudy","Jam ",1,"N",10
28,"Meal ",36,6,4.6,"motorcycle",0,"No","Urban","Sandstorms","Medium",0,"N",5
32,"Meal ",23,12,4.1,"scooter",0,"No","Urban","Windy","High ",1,"Y",15
23,"Drinks ",39,5,4.2,"motorcycle",0,"No","Urban","Sandstorms","Low ",1,"Y",10
25,"Drinks ",20,17,4.9,"motorcycle",0,"No","Semi-Urban","Fog","Medium",1,"N",10
33,"Drinks ",23,3,4,"scooter",0,"No","Metropolitan","Sandstorms","Jam ",0,"N",15
23,"Meal ",33,23,4.9,"motorcycle",0,"No","Metropolitan","Fog","Low ",1,"Y",15
27,"Buffet ",24,15,4.8,"motorcycle",2,"No","Metropolitan","Stormy","Low ",0,"N",15
25,"Snack ",24,15,5,"scooter",2,"No","Urban","Stormy","Jam",0,"N",10
24,"Buffet ",22,22,4.7,"scooter",0,"No","Metropolitan","Cloudy","Low ",1,"N",5
41,"Drinks ",35,8,4.8,"scooter",2,"Yes","Urban","Fog","Jam ",1,"N",5
25,"Buffet ",31,6,4.6,"motorcycle",1,"No","Semi-Urban","Windy","Medium",1,"N",15
49,"Drinks ",20,2,4.5,"scooter",0,"Yes","Metropolitan","Cloudy","Medium",1,"N",15
20,"Meal ",20,2,4.5,"scooter",1,"No","Metropolitan","Stormy","Low ",1,"N",5
46,"Meal ",22,9,4.3,"motorcycle",0,"Yes","Metropolitan","Stormy","Jam ",1,"N",15
26,"Snack ",34,23,4.6,"electric_scooter",0,"No","Urban","Sandstorms","Low",1,"Y",20
27,"Buffet ",28,21,4.6,"electric_scooter",2,"No","Metropolitan","Sunny","Medium",0,"Y",15
27,"Buffet ",34,18,4.7,"scooter",2,"No","Urban","Stormy","Jam",1,"N",15
29,"Drinks ",28,4,4.7,"scooter",2,"No","Metropolitan","Stormy","Jam ",1,"N",5
19,"Meal ",24,5,4.8,"motorcycle",1,"No","Urban","Sunny","Low ",0,"N",5
29,"Meal ",23,14,5,"motorcycle",0,"No","Semi-Urban","Sandstorms","Medium",0,"N",15
35,"Drinks ",27,9,4.7,"scooter",0,"No","Urban","Stormy","Medium",1,"N",15
43,"Snack ",30,4,4,"motorcycle",2,"Yes","Urban","Stormy","Jam",1,"N",5
28,"Meal ",33,18,4.7,"motorcycle",0,"No","Metropolitan","Sandstorms","Medium",1,"Y",10
31,"Buffet ",35,4,4.9,"motorcycle",1,"No","Metropolitan","Fog","Medium",0,"N",5
30,"Buffet ",27,7,4.7,"electric_scooter",2,"No","Metropolitan","Stormy","Medium",1,"N",15
18,"Meal ",37,15,4.6,"scooter",0,"No","Semi-Urban","Stormy","Medium",1,"N",5
25,"Drinks ",26,23,4.6,"electric_scooter",1,"No","Metropolitan","Windy","High ",1,"N",5
26,"Drinks ",28,19,5,"electric_scooter",1,"No","Metropolitan","Sandstorms","High ",0,"N",5
14,"Meal ",31,12,4.8,"electric_scooter",2,"No","Metropolitan","Windy","Low ",0,"N",5
13,"Buffet ",28,4,5,"scooter",2,"No","Urban","Sunny","Medium",0,"N",10
21,"Meal ",39,23,4.7,"electric_scooter",2,"No","Urban","Windy","Low",1,"N",15
27,"Snack ",33,3,4.5,"electric_scooter",1,"No","Urban","Fog","High",0,"N",15
42,"Snack ",27,3,4.6,"motorcycle",2,"No","Metropolitan","Cloudy","Jam ",1,"Y",15
16,"Drinks ",38,22,4.7,"motorcycle",2,"No","Metropolitan","Fog","Medium",0,"Y",15
27,"Meal ",28,3,4.9,"motorcycle",2,"No","Semi-Urban","Sandstorms","High ",0,"N",10
44,"Buffet ",33,3,4.2,"motorcycle",0,"No","Metropolitan","Windy","Jam ",1,"N",10
13,"Drinks ",33,17,4.6,"motorcycle",1,"No","Metropolitan","Windy","Low ",1,"Y",5
10,"Meal ",28,15,4.6,"scooter",2,"No","Metropolitan","Fog","Low ",1,"N",15
35,"Buffet ",28,6,4,"motorcycle",0,"No","Semi-Urban","Windy","Jam ",1,"N",15
19,"Snack ",22,21,5,"scooter",2,"No","Metropolitan","Fog","Low ",0,"N",10
31,"Meal ",28,9,4.4,"motorcycle",2,"No","Metropolitan","Sunny","High ",1,"N",10
29,"Meal ",28,13,4.7,"scooter",1,"No","Metropolitan","Cloudy","Low ",1,"Y",5
16,"Meal ",35,22,4.6,"electric_scooter",0,"No","Semi-Urban","Sunny","Low",0,"N",5
21,"Snack ",28,7,4.5,"motorcycle",0,"No","Metropolitan","Fog","High ",1,"N",5
17,"Buffet ",32,21,4.7,"motorcycle",1,"No","Semi-Urban","Sunny","Low",0,"N",15
39,"Drinks ",36,1,4,"electric_scooter",1,"No","Metropolitan","Fog","Jam ",1,"N",10
25,"Snack ",28,6,4.9,"motorcycle",0,"No","Metropolitan","Windy","Jam ",1,"N",5
27,"Drinks ",38,23,5,"scooter",1,"No","Urban","Cloudy","Medium",1,"N",15
47,"Meal ",22,5,4.5,"scooter",0,"Yes","Urban","Cloudy","Jam",1,"Y",5
16,"Meal ",28,16,5,"scooter",2,"No","Metropolitan","Cloudy","Medium",1,"N",10
24,"Buffet ",35,17,4.8,"motorcycle",0,"No","Urban","Stormy","Medium",1,"N",10
27,"Drinks ",34,17,4.9,"electric_scooter",2,"No","Urban","Windy","Medium",1,"N",15
25,"Snack ",30,7,4.8,"motorcycle",0,"No","Metropolitan","Stormy","Medium",1,"N",10
29,"Drinks ",36,15,5,"motorcycle",0,"No","Metropolitan","Sunny","Low ",1,"Y",10
28,"Snack ",22,9,4.7,"electric_scooter",2,"No","Metropolitan","Sandstorms","Jam ",1,"Y",5
26,"Snack ",39,14,4.6,"motorcycle",0,"No","Semi-Urban","Sunny","Low ",1,"N",10
15,"Meal ",30,18,4.9,"electric_scooter",2,"No","Metropolitan","Sunny","Medium",1,"Y",10
10,"Buffet ",33,16,4.7,"scooter",2,"No","Metropolitan","Cloudy","Low",0,"N",15
17,"Meal ",25,23,4.7,"electric_scooter",2,"No","Urban","Fog","Medium",1,"N",10
24,"Drinks ",27,18,4.6,"scooter",2,"No","Metropolitan","Sunny","Medium",1,"N",5
11,"Snack ",23,18,4.8,"scooter",2,"No","Semi-Urban","Windy","Low ",1,"N",5
43,"Snack ",37,13,4.7,"motorcycle",0,"No","Metropolitan","Fog","Jam ",2,"N",10
11,"Buffet ",31,2,4.6,"electric_scooter",2,"No","Urban","Windy","Jam",0,"N",5
24,"Meal ",29,18,4.8,"electric_scooter",0,"No","Metropolitan","Sunny","Jam ",1,"N",15
50,"Snack ",35,21,4.6,"electric_scooter",0,"No","Metropolitan","Sandstorms","Jam ",1,"N",10
30,"Meal ",26,14,4.6,"motorcycle",0,"No","Semi-Urban","Windy","Medium",1,"Y",15
42,"Buffet ",29,17,4.8,"motorcycle",2,"Yes","Metropolitan","Cloudy","Jam ",1,"Y",10
30,"Drinks ",25,4,4,"electric_scooter",0,"No","Urban","Stormy","Low",1,"N",10
26,"Snack ",26,16,4.6,"motorcycle",0,"No","Metropolitan","Windy","Jam ",1,"N",15
18,"Drinks ",38,12,4.8,"electric_scooter",1,"No","Urban","Sunny","Low ",1,"N",5
28,"Meal ",34,22,4.6,"motorcycle",0,"No","Urban","Stormy","Jam",1,"Y",15
21,"Buffet ",36,13,4.8,"motorcycle",2,"No","Metropolitan","Sandstorms","Low ",1,"N",20
22,"Drinks ",26,3,4.1,"motorcycle",0,"No","Urban","Sandstorms","Low",1,"Y",5
29,"Snack ",36,18,4.8,"motorcycle",0,"No","Urban","Sandstorms","Low",1,"N",20
12,"Drinks ",26,6,4.5,"electric_scooter",1,"No","Urban","Fog","Low",0,"Y",10
29,"Buffet ",34,1,4.7,"motorcycle",0,"No","Metropolitan","Fog","Low ",1,"N",5
43,"Snack ",29,21,4.8,"motorcycle",2,"Yes","Metropolitan","Cloudy","Jam ",1,"Y",5
27,"Buffet ",21,21,4.9,"electric_scooter",2,"No","Urban","Sunny","Medium",1,"N",5
15,"Drinks ",25,23,4.9,"electric_scooter",2,"No","Semi-Urban","Sunny","Jam ",1,"N",5
16,"Drinks ",35,2,4,"scooter",0,"No","Urban","Windy","Low",1,"N",10
27,"Meal ",30,15,4.8,"motorcycle",0,"No","Urban","Stormy","Jam",0,"Y",5
17,"Meal ",21,2,4.9,"scooter",1,"No","Metropolitan","Fog","Medium",1,"N",15
13,"Drinks ",24,14,4.9,"electric_scooter",1,"No","Semi-Urban","Sandstorms","Low ",1,"N",5
46,"Snack ",29,16,5,"motorcycle",0,"Yes","Metropolitan","Cloudy","Jam ",0,"Y",10
17,"Buffet ",31,15,4.8,"motorcycle",1,"No","Urban","Sandstorms","Low",0,"N",10
22,"Snack ",39,12,4.5,"motorcycle",0,"No","Metropolitan","Sunny","Low ",0,"N",15
37,"Drinks ",32,6,4.7,"electric_scooter",2,"No","Semi-Urban","Stormy","High ",0,"Y",5
20,"Drinks ",23,17,4.5,"electric_scooter",2,"No","Metropolitan","Stormy","Low ",1,"N",5
33,"Meal ",21,17,4.7,"motorcycle",1,"No","Metropolitan","Stormy","Jam ",0,"N",10
18,"Drinks ",32,19,4.6,"scooter",1,"No","Urban","Stormy","Low",1,"N",5
43,"Buffet ",20,2,4.8,"motorcycle",0,"Yes","Metropolitan","Windy","Jam ",2,"N",15
25,"Drinks ",23,12,4.9,"motorcycle",2,"No","Urban","Cloudy","Medium",0,"N",15
36,"Drinks ",29,8,4.2,"motorcycle",1,"No","Metropolitan","Fog","Medium",1,"N",10
36,"Meal ",34,16,4.1,"motorcycle",2,"No","Metropolitan","Fog","Jam ",1,"N",5
27,"Buffet ",35,15,4.8,"scooter",1,"No","Urban","Windy","High",1,"N",5
14,"Snack ",31,18,4.7,"motorcycle",1,"No","Semi-Urban","Windy","High ",0,"N",15
24,"Meal ",36,15,4.9,"scooter",1,"No","Urban","Windy","Low ",0,"N",20
30,"Meal ",29,21,4.8,"motorcycle",1,"No","Metropolitan","Windy","Medium",1,"Y",15
43,"Snack ",33,11,4.7,"motorcycle",2,"Yes","Semi-Urban","Fog","Jam ",1,"N",15
14,"Drinks ",31,21,4.6,"motorcycle",2,"No","Semi-Urban","Sandstorms","Low ",0,"Y",5
36,"Meal ",22,7,4.3,"scooter",1,"No","Metropolitan","Fog","Low ",1,"N",5
22,"Meal ",35,19,5,"motorcycle",0,"No","Metropolitan","Fog","Low ",1,"N",10
44,"Drinks ",39,11,4.6,"motorcycle",0,"No","Metropolitan","Cloudy","Medium",1,"N",10
26,"Snack ",22,4,4.7,"motorcycle",0,"No","Semi-Urban","Stormy","Low ",0,"N",10
31,"Drinks ",29,6,5,"electric_scooter",2,"No","Metropolitan","Fog","Jam ",1,"Y",10
20,"Meal ",22,22,4.7,"motorcycle",0,"No","Metropolitan","Fog","High ",1,"N",5
47,"Snack ",37,1,4.8,"motorcycle",0,"No","Urban","Sandstorms","Medium",0,"Y",10
37,"Buffet ",31,9,3.7,"scooter",2,"No","Metropolitan","Cloudy","Low ",0,"N",5
16,"Drinks ",21,19,4.6,"scooter",1,"No","Semi-Urban","Cloudy","Low ",1,"N",5
23,"Drinks ",21,6,4.5,"scooter",2,"No","Urban","Sandstorms","Jam",0,"N",15
28,"Drinks ",39,9,4.7,"electric_scooter",0,"No","Metropolitan","Windy","Jam ",1,"N",10
28,"Buffet ",33,8,4.4,"motorcycle",0,"No","Metropolitan","Sandstorms","Low ",1,"N",10
19,"Drinks ",36,13,4.5,"scooter",1,"No","Metropolitan","Windy","Low ",0,"N",10
16,"Meal ",36,23,4.9,"motorcycle",2,"No","Metropolitan","Fog","Medium",0,"N",15
24,"Drinks ",20,6,4.5,"motorcycle",0,"No","Urban","Fog","Low",0,"N",5
38,"Meal ",34,7,4,"motorcycle",0,"No","Semi-Urban","Fog","Low ",2,"Y",15
11,"Snack ",30,15,4.9,"motorcycle",2,"No","Semi-Urban","Windy","Low",1,"Y",10
20,"Buffet ",21,17,4.9,"electric_scooter",2,"No","Urban","Sunny","High",1,"N",15
38,"Drinks ",38,15,4.4,"motorcycle",0,"No","Metropolitan","Windy","High ",1,"N",5
35,"Buffet ",22,6,4.2,"electric_scooter",2,"No","Metropolitan","Cloudy","Low ",1,"Y",5
49,"Buffet ",35,3,4,"motorcycle",2,"No","Urban","Cloudy","Jam ",0,"N",15
20,"Snack ",33,13,4.7,"motorcycle",2,"No","Metropolitan","Stormy","Medium",1,"Y",5
28,"Buffet ",29,8,4.8,"motorcycle",0,"No","Metropolitan","Cloudy","High ",1,"N",5
33,"Buffet ",36,17,3.9,"electric_scooter",2,"No","Metropolitan","Stormy","Jam ",0,"Y",15
29,"Drinks ",30,23,4.6,"motorcycle",2,"No","Urban","Stormy","Low ",1,"Y",10
32,"Meal ",25,4,3.5,"motorcycle",0,"No","Semi-Urban","Sunny","Low ",1,"N",15
19,"Snack ",28,19,4.7,"scooter",1,"No","Metropolitan","Cloudy","Low ",1,"Y",15
15,"Drinks ",29,16,4.7,"scooter",2,"No","Urban","Stormy","High",1,"N",10
18,"Snack ",38,17,4.7,"motorcycle",1,"No","Metropolitan","Cloudy","Low ",0,"N",10
39,"Drinks ",32,9,4.2,"scooter",1,"No","Metropolitan","Cloudy","Medium",1,"N",15
33,"Snack ",38,5,5,"electric_scooter",0,"No","Urban","Sandstorms","High ",1,"N",5
24,"Drinks ",27,16,5,"electric_scooter",1,"No","Urban","Windy","Medium",1,"N",10
26,"Meal ",22,13,4.6,"electric_scooter",2,"No","Metropolitan","Sandstorms","Jam ",0,"Y",15
17,"Buffet ",28,19,4.5,"motorcycle",1,"No","Metropolitan","Stormy","Low ",1,"N",10
18,"Drinks ",35,14,4.5,"electric_scooter",1,"No","Metropolitan","Cloudy","Low ",1,"N",15
37,"Drinks ",32,21,4.9,"scooter",2,"No","Metropolitan","Fog","Jam ",2,"N",10
29,"Drinks ",30,15,4.7,"scooter",1,"No","Urban","Stormy","High",1,"Y",15
26,"Meal ",34,16,4.7,"motorcycle",1,"No","Metropolitan","Windy","Jam ",1,"N",15
23,"Snack ",22,15,4.9,"electric_scooter",1,"No","Semi-Urban","Stormy","Jam ",1,"Y",15
29,"Meal ",34,13,4.8,"electric_scooter",1,"No","Urban","Windy","Medium",0,"N",15
34,"Meal ",37,8,4,"scooter",0,"No","Metropolitan","Sandstorms","Medium",1,"N",15
47,"Drinks ",24,13,4.8,"motorcycle",0,"No","Metropolitan","Windy","Medium",1,"N",10
39,"Buffet ",36,18,4.3,"scooter",2,"No","Metropolitan","Stormy","Jam ",1,"N",10
25,"Meal ",31,16,4.8,"motorcycle",2,"No","Metropolitan","Windy","Jam ",0,"Y",5
10,"Drinks ",35,9,4.8,"electric_scooter",2,"No","Metropolitan","Windy","Low ",0,"N",5
16,"Drinks ",27,17,5,"electric_scooter",2,"No","Metropolitan","Stormy","Medium",1,"N",15
36,"Drinks ",35,3,5,"electric_scooter",0,"No","Metropolitan","Fog","Jam ",0,"N",15
21,"Drinks ",32,21,4.8,"motorcycle",0,"No","Urban","Sunny","Low ",1,"Y",5
37,"Drinks ",23,5,4.4,"motorcycle",0,"No","Metropolitan","Sandstorms","Jam ",1,"N",10
29,"Buffet ",32,8,4.6,"scooter",1,"No","Metropolitan","Stormy","Medium",1,"N",15
35,"Snack ",35,9,3.9,"motorcycle",1,"No","Metropolitan","Stormy","Medium",1,"N",5
18,"Snack ",26,1,4.7,"scooter",1,"No","Urban","Sandstorms","Low",0,"N",5
34,"Snack ",30,4,4.7,"scooter",1,"No","Metropolitan","Sandstorms","Medium",1,"N",5
12,"Snack ",31,4,4.6,"scooter",1,"No","Metropolitan","Windy","High",0,"N",5
26,"Buffet ",29,21,4.5,"motorcycle",0,"No","Semi-Urban","Stormy","Medium",0,"Y",15
12,"Buffet ",32,14,4.9,"motorcycle",1,"No","Metropolitan","Sandstorms","Low ",1,"N",20
38,"Buffet ",35,3,4.4,"scooter",1,"No","Semi-Urban","Stormy","Jam ",0,"N",5
39,"Meal ",31,4,4.4,"motorcycle",0,"No","Metropolitan","Stormy","Medium",2,"Y",10
33,"Drinks ",27,13,4.3,"scooter",2,"No","Metropolitan","Sandstorms","Medium",1,"N",5
16,"Meal ",39,18,4.6,"motorcycle",1,"No","Metropolitan","Sandstorms","Low ",0,"N",10
47,"Drinks ",27,13,4.1,"motorcycle",2,"No","Metropolitan","Stormy","Jam ",1,"N",5
34,"Buffet ",25,8,4.2,"scooter",1,"No","Metropolitan","Windy","Medium",1,"Y",15
18,"Drinks ",30,18,4.9,"motorcycle",2,"No","Urban","Cloudy","Medium",0,"Y",15
20,"Meal ",29,1,4.5,"scooter",1,"No","Urban","Sunny","Medium",1,"N",15
17,"Buffet ",24,22,4.9,"motorcycle",0,"No","Metropolitan","Fog","Low ",0,"N",10
29,"Meal ",22,23,4.7,"scooter",0,"No","Urban","Sunny","Low",0,"N",10
28,"Snack ",39,1,4.1,"electric_scooter",0,"No","Urban","Windy","Low",1,"Y",15
12,"Drinks ",39,6,4.8,"scooter",2,"No","Metropolitan","Sunny","Medium",0,"N",5
13,"Drinks ",36,5,4.9,"motorcycle",1,"No","Metropolitan","Sandstorms","Jam ",0,"N",5
37,"Drinks ",22,8,4.7,"motorcycle",0,"No","Urban","Cloudy","Jam ",1,"N",10
26,"Snack ",39,4,4.8,"motorcycle",0,"No","Urban","Stormy","Low ",1,"Y",15
14,"Drinks ",37,15,5,"motorcycle",1,"No","Semi-Urban","Sunny","Jam ",1,"N",5
50,"Buffet ",30,12,3.7,"scooter",0,"No","Semi-Urban","Sunny","Jam ",3,"N",10
22,"Buffet ",32,22,4.9,"motorcycle",0,"No","Urban","Sandstorms","Low",1,"N",15
25,"Meal ",39,13,4.9,"electric_scooter",2,"No","Metropolitan","Stormy","High ",0,"N",15
13,"Drinks ",34,18,4.7,"motorcycle",2,"No","Metropolitan","Stormy","Jam ",0,"N",10
23,"Drinks ",38,17,4.7,"scooter",2,"No","Metropolitan","Cloudy","Low ",0,"Y",5
22,"Buffet ",34,19,4.6,"electric_scooter",2,"No","Metropolitan","Stormy","Jam ",0,"N",5
50,"Meal ",38,3,4.2,"motorcycle",0,"No","Metropolitan","Sandstorms","Jam ",1,"Y",10
28,"Buffet ",25,9,4.5,"motorcycle",0,"No","Metropolitan","Windy","Jam ",1,"Y",10
27,"Meal ",36,9,4.8,"motorcycle",0,"No","Metropolitan","Sunny","Low ",1,"N",15
11,"Snack ",37,19,4.7,"motorcycle",2,"No","Metropolitan","Sandstorms","Low ",0,"Y",15
29,"Meal ",22,3,5,"electric_scooter",1,"No","Metropolitan","Stormy","Jam ",1,"N",15
38,"Drinks ",36,3,4.9,"motorcycle",0,"No","Metropolitan","Sandstorms","Medium",1,"N",10
27,"Meal ",39,4,4.5,"scooter",2,"No","Metropolitan","Sunny","Jam ",1,"N",5
28,"Meal ",29,17,4.7,"scooter",1,"No","Urban","Cloudy","High ",1,"N",15
29,"Drinks ",25,6,4.9,"electric_scooter",1,"No","Semi-Urban","Stormy","Jam ",1,"N",10
32,"Meal ",21,5,3.5,"motorcycle",2,"No","Urban","Cloudy","Low",0,"Y",5
37,"Snack ",20,9,4.3,"scooter",0,"No","Urban","Sunny","Jam ",1,"Y",5
22,"Meal ",21,18,4.8,"motorcycle",0,"No","Semi-Urban","Sandstorms","High",0,"Y",5
33,"Meal ",39,2,4.3,"electric_scooter",2,"No","Metropolitan","Fog","Jam",1,"Y",10
12,"Buffet ",26,23,4.8,"scooter",1,"No","Metropolitan","Windy","Low ",0,"N",15
21,"Snack ",22,22,4.7,"electric_scooter",1,"No","Urban","Windy","Low ",1,"N",5
25,"Snack ",38,12,4.6,"motorcycle",0,"No","Semi-Urban","Sunny","Low ",1,"N",10
17,"Drinks ",27,18,4.9,"motorcycle",0,"No","Urban","Stormy","Jam",1,"N",15
11,"Buffet ",39,5,4.7,"electric_scooter",1,"No","Metropolitan","Windy","Low ",0,"Y",15
21,"Meal ",28,23,4.6,"motorcycle",1,"No","Semi-Urban","Sunny","Jam ",0,"N",5
24,"Snack ",34,15,4.6,"motorcycle",0,"No","Metropolitan","Fog","High ",1,"N",5
17,"Drinks ",35,18,5,"motorcycle",1,"No","Semi-Urban","Fog","Low",1,"N",10
30,"Meal ",22,16,4.7,"electric_scooter",0,"No","Metropolitan","Cloudy","Jam ",1,"N",15
23,"Buffet ",36,21,4.7,"scooter",1,"No","Urban","Sandstorms","Medium",1,"Y",5
28,"Snack ",37,23,4.7,"motorcycle",0,"No","Urban","Fog","Low",1,"N",15
21,"Meal ",36,9,4.7,"scooter",0,"No","Urban","Fog","Low ",0,"Y",5
28,"Snack ",38,23,4.6,"scooter",1,"No","Urban","Windy","Jam ",1,"N",10
24,"Meal ",20,23,4.8,"electric_scooter",2,"No","Metropolitan","Sunny","Low ",0,"Y",5
27,"Drinks ",26,8,5,"electric_scooter",1,"No","Metropolitan","Windy","Jam ",1,"N",10
20,"Drinks ",36,6,4.3,"motorcycle",0,"No","Urban","Sandstorms","Low",1,"Y",5
22,"Snack ",26,3,4.7,"motorcycle",1,"No","Metropolitan","Sandstorms","Low ",1,"Y",10
20,"Snack ",35,17,4.8,"electric_scooter",2,"No","Semi-Urban","Fog","Low ",0,"Y",20
31,"Drinks ",21,22,4.8,"motorcycle",0,"No","Urban","Sunny","Jam",1,"N",15
19,"Drinks ",31,21,4.9,"motorcycle",1,"No","Urban","Stormy","Medium",0,"N",10
31,"Snack ",28,19,4.8,"scooter",1,"No","Metropolitan","Stormy","Jam ",1,"N",15
16,"Buffet ",38,13,4.7,"motorcycle",1,"No","Metropolitan","Stormy","Jam ",1,"N",5
41,"Meal ",30,8,4.7,"scooter",0,"No","Metropolitan","Fog","Low ",1,"N",15
36,"Snack ",39,15,4.7,"motorcycle",1,"No","Semi-Urban","Fog","Jam ",1,"Y",5
44,"Snack ",38,3,2.6,"scooter",2,"No","Semi-Urban","Sunny","Low ",1,"N",5
24,"Meal ",22,18,4.5,"motorcycle",0,"No","Urban","Windy","Low",1,"N",5
24,"Drinks ",37,21,4.9,"scooter",1,"No","Metropolitan","Stormy","Low ",0,"N",5
21,"Snack ",39,16,4.7,"electric_scooter",0,"No","Urban","Cloudy","Low",0,"N",5
40,"Meal ",33,7,4.9,"scooter",0,"No","Metropolitan","Windy","High ",1,"N",10
42,"Buffet ",26,17,5,"motorcycle",0,"No","Metropolitan","Cloudy","Jam ",2,"N",10
29,"Drinks ",31,23,4.7,"electric_scooter",1,"No","Metropolitan","Sunny","Jam ",1,"Y",15
14,"Buffet ",27,7,4.5,"motorcycle",0,"No","Metropolitan","Sunny","Low ",0,"N",15
27,"Buffet ",24,9,4.8,"motorcycle",0,"No","Metropolitan","Fog","Medium",0,"N",5
23,"Drinks ",39,3,4.5,"scooter",1,"No","Urban","Sandstorms","Low",0,"N",5
20,"Snack ",35,23,5,"scooter",0,"No","Urban","Sandstorms","Jam",1,"N",15
20,"Drinks ",33,19,4.9,"electric_scooter",1,"No","Urban","Stormy","Medium",1,"N",15
44,"Snack ",26,7,4.1,"electric_scooter",2,"No","Metropolitan","Fog","Jam ",0,"N",5
18,"Meal ",22,3,4.9,"scooter",1,"No","Semi-Urban","Stormy","Medium",1,"N",5
15,"Drinks ",35,3,4.5,"motorcycle",0,"No","Metropolitan","Sunny","Jam",0,"N",10
24,"Drinks ",30,9,4.5,"scooter",2,"No","Metropolitan","Windy","Low ",1,"N",10
22,"Drinks ",21,19,4.6,"motorcycle",0,"No","Metropolitan","Sunny","Jam ",1,"Y",5
11,"Meal ",28,6,4.6,"electric_scooter",2,"No","Metropolitan","Stormy","Low ",0,"Y",15
21,"Buffet ",37,8,4.9,"electric_scooter",2,"No","Semi-Urban","Stormy","Medium",1,"Y",15
16,"Meal ",34,12,4.7,"electric_scooter",1,"No","Urban","Cloudy","Medium",1,"N",10
12,"Buffet ",26,14,4.8,"scooter",1,"No","Metropolitan","Sunny","Low ",1,"N",15
41,"Meal ",26,15,4.2,"motorcycle",1,"No","Semi-Urban","Windy","Jam ",0,"Y",5
15,"Drinks ",28,21,4.6,"motorcycle",2,"No","Metropolitan","Fog","Low ",0,"N",15
31,"Drinks ",25,3,4.3,"scooter",2,"No","Urban","Stormy","Jam",0,"N",5
19,"Drinks ",25,9,4.6,"scooter",2,"No","Urban","Sunny","Medium",1,"N",10
37,"Snack ",20,5,4.2,"scooter",2,"No","Urban","Windy","Medium",1,"N",5
38,"Meal ",39,1,4.1,"electric_scooter",2,"No","Urban","Stormy","Low",1,"Y",15
49,"Buffet ",35,3,4,"motorcycle",2,"No","Urban","Cloudy","Jam ",0,"N",15
27,"Snack ",35,23,4.9,"scooter",2,"No","Urban","Stormy","Jam ",1,"N",10
33,"Meal ",26,13,4.9,"motorcycle",0,"No","Metropolitan","Sandstorms","Jam ",0,"N",5
13,"Meal ",39,16,4.8,"motorcycle",1,"No","Urban","Cloudy","Low",1,"N",10
33,"Meal ",20,15,4.7,"scooter",1,"No","Urban","Fog","High ",1,"N",10
18,"Snack ",21,22,5,"scooter",1,"No","Metropolitan","Stormy","Medium",0,"N",5
33,"Meal ",34,11,3.1,"scooter",2,"No","Urban","Sunny","Low ",1,"N",5
12,"Meal ",38,9,5,"scooter",1,"No","Metropolitan","Stormy","Low ",0,"N",10
29,"Drinks ",35,16,4.9,"scooter",1,"No","Metropolitan","Sunny","Medium",0,"N",5
39,"Meal ",21,22,4.3,"motorcycle",1,"No","Metropolitan","Cloudy","Medium",0,"N",15
37,"Buffet ",36,13,3.5,"scooter",1,"No","Metropolitan","Stormy","Medium",1,"N",10
28,"Meal ",36,21,4.9,"motorcycle",0,"No","Semi-Urban","Fog","Jam ",1,"N",10
19,"Buffet ",22,23,4.9,"motorcycle",0,"No","Urban","Stormy","Low",1,"N",15
18,"Snack ",22,23,5,"scooter",1,"No","Metropolitan","Sunny","Low ",1,"N",10
16,"Drinks ",35,11,4.8,"motorcycle",0,"No","Urban","Cloudy","Low ",0,"N",15
28,"Buffet ",27,16,4.7,"electric_scooter",0,"No","Metropolitan","Sunny","Low",0,"N",5
42,"Drinks ",26,21,4.9,"motorcycle",0,"No","Metropolitan","Sandstorms","Jam ",2,"N",10
44,"Drinks ",33,15,4.6,"motorcycle",0,"No","Metropolitan","Stormy","Medium",1,"Y",5
18,"Snack ",27,15,4.7,"scooter",1,"No","Metropolitan","Fog","Low ",1,"Y",10
32,"Meal ",25,13,5,"motorcycle",0,"No","Urban","Cloudy","Medium",1,"N",5
21,"Meal ",22,15,4.8,"scooter",2,"No","Urban","Stormy","Jam",0,"Y",10
34,"Meal ",25,13,4.8,"electric_scooter",1,"No","Metropolitan","Fog","Jam ",1,"N",10
54,"Meal ",33,4,4.9,"motorcycle",0,"Yes","Metropolitan","Sandstorms","Jam ",3,"N",5
42,"Meal ",29,21,5,"scooter",0,"No","Metropolitan","Cloudy","Jam ",0,"Y",5
18,"Snack ",29,12,4.9,"electric_scooter",2,"No","Metropolitan","Stormy","Low ",1,"Y",25
40,"Buffet ",20,3,4,"scooter",0,"No","Metropolitan","Windy","Medium",1,"N",5
16,"Drinks ",25,15,4.8,"motorcycle",2,"No","Semi-Urban","Sunny","Jam ",1,"N",10
21,"Buffet ",25,19,5,"scooter",0,"No","Urban","Sunny","Medium",1,"N",15
13,"Buffet ",38,18,4.6,"scooter",1,"No","Metropolitan","Fog","Medium",1,"N",5
28,"Snack ",37,23,4.8,"scooter",1,"No","Metropolitan","Windy","Low ",1,"Y",15
33,"Meal ",25,5,4.2,"electric_scooter",2,"No","Semi-Urban","Stormy","High ",1,"N",10
29,"Drinks ",22,4,4.6,"motorcycle",0,"No","Metropolitan","Sunny","Low ",1,"N",10
30,"Buffet ",31,23,4.9,"motorcycle",0,"No","Urban","Stormy","High ",0,"Y",15
21,"Snack ",25,2,4.3,"motorcycle",0,"No","Urban","Sandstorms","Low",1,"N",10
26,"Buffet ",38,7,4.7,"electric_scooter",2,"No","Metropolitan","Windy","Low ",1,"N",5
37,"Drinks ",22,7,4,"scooter",1,"No","Semi-Urban","Fog","High ",1,"N",10
13,"Meal ",34,23,4.8,"scooter",2,"No","Metropolitan","Sunny","Low ",0,"N",15
12,"Meal ",30,23,4.7,"motorcycle",1,"No","Urban","Fog","Low",1,"Y",10
25,"Buffet ",37,21,4.6,"motorcycle",0,"No","Urban","Fog","Low",0,"N",10
32,"Buffet ",20,9,5,"motorcycle",0,"No","Semi-Urban","Sandstorms","Medium",0,"N",15
39,"Meal ",27,8,5,"motorcycle",1,"No","Urban","Stormy","Medium",1,"Y",5
23,"Meal ",32,15,4.9,"motorcycle",0,"No","Metropolitan","Fog","Jam ",1,"N",10
16,"Meal ",39,17,4.6,"scooter",1,"No","Metropolitan","Stormy","Jam ",1,"N",10
30,"Snack ",20,2,4.8,"scooter",1,"No","Metropolitan","Cloudy","Jam ",1,"Y",5
40,"Buffet ",20,7,4.5,"electric_scooter",2,"No","Metropolitan","Windy","Jam ",0,"Y",15
26,"Meal ",30,23,4.5,"motorcycle",0,"No","Metropolitan","Stormy","Low ",1,"Y",5
11,"Meal ",37,17,4.8,"motorcycle",1,"No","Metropolitan","Sunny","Medium",0,"N",15
15,"Buffet ",27,23,4.9,"scooter",1,"No","Metropolitan","Fog","Medium",1,"Y",15
28,"Meal ",21,23,4.6,"electric_scooter",0,"No","Urban","Cloudy","Medium",0,"Y",10
10,"Buffet ",36,18,4.8,"motorcycle",2,"No","Urban","Stormy","High",0,"Y",5
32,"Snack ",33,4,4.3,"electric_scooter",0,"No","Metropolitan","Stormy","Jam ",0,"N",10
26,"Buffet ",28,21,4.7,"motorcycle",0,"No","Urban","Windy","Medium",1,"Y",5
28,"Drinks ",35,16,4.8,"motorcycle",2,"No","Metropolitan","Stormy","Medium",1,"N",10
10,"Drinks ",25,3,4.7,"motorcycle",1,"No","Metropolitan","Sunny","High ",0,"N",10
43,"Snack ",28,18,4.9,"scooter",0,"No","Semi-Urban","Windy","Jam",2,"Y",10
10,"Snack ",21,18,4.6,"scooter",2,"No","Semi-Urban","Windy","Low",0,"Y",5
30,"Meal ",33,13,4.8,"electric_scooter",2,"No","Semi-Urban","Windy","Jam ",1,"Y",5
54,"Meal ",23,3,3.6,"electric_scooter",0,"Yes","Semi-Urban","Sunny","Jam ",0,"Y",15
28,"Meal ",30,16,4.8,"motorcycle",0,"No","Semi-Urban","Sunny","Medium",1,"N",5
35,"Drinks ",26,5,5,"motorcycle",2,"No","Semi-Urban","Fog","Jam ",0,"Y",5
16,"Drinks ",28,21,4.6,"scooter",1,"No","Urban","Sandstorms","Low",1,"N",10
29,"Meal ",25,16,4.6,"motorcycle",2,"No","Urban","Stormy","Low",1,"Y",5
28,"Drinks ",23,21,4.8,"motorcycle",2,"No","Metropolitan","Windy","Jam ",1,"N",5
10,"Meal ",30,6,4.5,"motorcycle",1,"No","Urban","Windy","Low",0,"N",5
28,"Meal ",20,17,4.6,"scooter",2,"No","Urban","Stormy","Jam",1,"Y",5
53,"Snack ",26,8,4.8,"motorcycle",0,"Yes","Metropolitan","Stormy","Jam ",3,"N",15
35,"Buffet ",22,3,4,"scooter",1,"No","Semi-Urban","Fog","Jam ",2,"N",5
27,"Drinks ",39,5,4.7,"motorcycle",2,"No","Metropolitan","Windy","Medium",1,"N",5
26,"Drinks ",35,17,4.9,"scooter",1,"No","Metropolitan","Stormy","Medium",0,"N",5
14,"Drinks ",28,21,4.7,"scooter",1,"No","Urban","Sunny","Medium",1,"N",10
19,"Buffet ",20,5,4.7,"motorcycle",0,"No","Semi-Urban","Windy","Low ",1,"N",15
29,"Drinks ",37,9,5,"scooter",0,"No","Metropolitan","Cloudy","Medium",1,"N",5
28,"Drinks ",25,19,4.7,"scooter",2,"No","Metropolitan","Sandstorms","Medium",0,"N",10
21,"Snack ",22,3,4.1,"electric_scooter",0,"No","Metropolitan","Windy","Low ",0,"Y",5
32,"Buffet ",39,7,3.5,"electric_scooter",2,"No","Urban","Windy","Jam ",1,"Y",10
17,"Meal ",36,18,4.9,"scooter",0,"No","Urban","Sunny","Medium",1,"N",5
39,"Drinks ",35,19,4.8,"electric_scooter",0,"No","Metropolitan","Stormy","Jam ",0,"Y",15
41,"Snack ",39,12,3.9,"motorcycle",1,"Yes","Urban","Sandstorms","Jam ",1,"N",10
30,"Meal ",21,23,4.7,"motorcycle",1,"No","Metropolitan","Fog","High ",1,"Y",15
18,"Buffet ",27,18,4.9,"motorcycle",2,"No","Metropolitan","Cloudy","Low ",0,"N",5
33,"Buffet ",35,2,4.2,"motorcycle",0,"No","Metropolitan","Stormy","Jam ",1,"N",5
16,"Buffet ",39,5,5,"motorcycle",1,"No","Urban","Stormy","Low ",0,"Y",15
41,"Meal ",33,21,4.7,"motorcycle",0,"No","Metropolitan","Fog","Jam ",1,"N",15
22,"Drinks ",30,16,4.7,"motorcycle",1,"No","Urban","Stormy","Low",0,"N",10
51,"Snack ",35,21,4.7,"scooter",0,"No","Semi-Urban","Fog","Jam ",3,"N",15
26,"Drinks ",30,6,4.5,"scooter",2,"No","Urban","Sandstorms","Medium",0,"Y",5
15,"Buffet ",35,22,4.8,"scooter",2,"No","Metropolitan","Stormy","Jam ",0,"Y",5
15,"Snack ",36,13,4,"motorcycle",0,"No","Metropolitan","Windy","Low ",1,"Y",10
33,"Snack ",35,7,5,"motorcycle",0,"No","Urban","Windy","Jam ",2,"N",15
37,"Snack ",31,8,4.1,"scooter",2,"No","Metropolitan","Fog","Low ",1,"N",10
17,"Drinks ",21,19,4.9,"electric_scooter",1,"No","Metropolitan","Fog","Low ",1,"N",15
25,"Drinks ",32,12,4.6,"motorcycle",1,"No","Semi-Urban","Stormy","Low ",0,"N",10
31,"Meal ",38,1,4.4,"motorcycle",2,"No","Metropolitan","Cloudy","Jam ",1,"N",15
15,"Snack ",21,18,5,"electric_scooter",2,"No","Metropolitan","Cloudy","Low",0,"Y",15
15,"Meal ",36,23,5,"motorcycle",0,"No","Metropolitan","Sunny","Low ",1,"N",15
23,"Drinks ",34,19,4.6,"motorcycle",0,"No","Urban","Cloudy","Medium",1,"N",15
17,"Snack ",37,18,4.7,"electric_scooter",2,"No","Semi-Urban","Sunny","Low ",0,"N",15
29,"Snack ",38,17,4.6,"scooter",1,"No","Metropolitan","Windy","Low ",1,"N",10
31,"Snack ",39,5,4.3,"electric_scooter",2,"No","Metropolitan","Stormy","Jam ",1,"N",5
31,"Meal ",21,9,4.3,"motorcycle",0,"No","Metropolitan","Stormy","Jam ",1,"N",10
34,"Snack ",34,12,3.5,"motorcycle",2,"No","Metropolitan","Sandstorms","Medium",2,"N",5
17,"Buffet ",24,9,4.9,"scooter",2,"No","Urban","Sunny","Jam ",0,"Y",5
13,"Snack ",25,9,4.6,"electric_scooter",2,"No","Urban","Fog","Low ",0,"N",20
16,"Drinks ",23,12,4.6,"motorcycle",2,"No","Semi-Urban","Stormy","Jam ",0,"Y",5
47,"Snack ",36,1,4.1,"motorcycle",0,"No","Metropolitan","Sandstorms","Medium",0,"N",15
15,"Snack ",26,18,4.9,"scooter",2,"No","Urban","Fog","Low ",1,"N",10
26,"Buffet ",36,22,4.8,"motorcycle",2,"No","Metropolitan","Sandstorms","Medium",1,"N",15
30,"Drinks ",39,9,4.7,"motorcycle",2,"No","Urban","Stormy","Medium",1,"N",15
15,"Drinks ",32,17,4.7,"scooter",0,"No","Semi-Urban","Sunny","Medium",1,"Y",5
25,"Snack ",39,23,5,"scooter",2,"No","Urban","Sandstorms","Medium",1,"N",5
23,"Snack ",23,5,4.6,"motorcycle",1,"No","Semi-Urban","Stormy","Low ",1,"Y",20
22,"Drinks ",39,18,4.9,"scooter",1,"No","Urban","Windy","Medium",1,"N",15
21,"Buffet ",27,18,4.7,"scooter",0,"No","Urban","Sunny","Low",0,"N",25
51,"Meal ",39,3,4.8,"motorcycle",0,"No","Urban","Stormy","Jam ",3,"N",15
26,"Meal ",22,18,4.7,"electric_scooter",2,"No","Urban","Sandstorms","Low",1,"N",15
33,"Drinks ",28,16,4.7,"scooter",0,"No","Urban","Sunny","Medium",0,"N",15
37,"Meal ",20,19,5,"motorcycle",1,"No","Urban","Stormy","Jam",2,"Y",10
15,"Drinks ",39,18,4.6,"motorcycle",1,"No","Urban","Fog","Low",1,"N",5
43,"Buffet ",21,4,4.2,"motorcycle",0,"No","Metropolitan","Fog","Low ",0,"Y",10
26,"Drinks ",30,7,4.8,"motorcycle",0,"No","Metropolitan","Sunny","Low ",1,"N",10
15,"Drinks ",39,6,4.6,"scooter",2,"No","Metropolitan","Sunny","Jam ",0,"N",15
23,"Snack ",23,23,4.8,"motorcycle",0,"No","Metropolitan","Fog","Low",0,"N",5
29,"Snack ",21,3,4.5,"motorcycle",0,"No","Metropolitan","Stormy","Low ",0,"N",15
28,"Snack ",37,22,5,"electric_scooter",2,"No","Urban","Cloudy","Low ",0,"Y",10
17,"Buffet ",39,3,4.7,"motorcycle",1,"No","Urban","Sandstorms","Low ",0,"N",15
47,"Meal ",33,21,4.6,"motorcycle",0,"Yes","Metropolitan","Windy","Jam ",3,"N",10
24,"Drinks ",20,19,4.9,"motorcycle",0,"No","Urban","Stormy","Low",0,"N",5
27,"Drinks ",26,17,4.6,"scooter",1,"No","Urban","Fog","Medium",1,"Y",5
41,"Buffet ",32,18,5,"motorcycle",0,"No","Urban","Fog","Medium",1,"N",15
25,"Buffet ",33,23,5,"scooter",0,"No","Metropolitan","Cloudy","High ",0,"N",5
14,"Buffet ",29,21,4.7,"scooter",2,"No","Metropolitan","Cloudy","Low ",0,"N",10
24,"Drinks ",27,16,4.7,"scooter",2,"No","Urban","Sandstorms","Medium",1,"N",5
29,"Meal ",35,6,4.9,"scooter",0,"No","Metropolitan","Fog","High ",1,"N",15
34,"Drinks ",20,3,4.2,"electric_scooter",2,"No","Urban","Windy","Medium",2,"N",5
12,"Snack ",32,23,4.8,"scooter",1,"No","Urban","Sunny","Medium",1,"Y",10
11,"Meal ",30,23,4.6,"motorcycle",2,"No","Urban","Stormy","Low",1,"Y",20
23,"Buffet ",37,19,4.7,"electric_scooter",1,"No","Urban","Sandstorms","Medium",1,"N",15
21,"Drinks ",28,23,5,"motorcycle",0,"No","Metropolitan","Sunny","Medium",1,"N",15
22,"Meal ",31,15,4.5,"scooter",0,"No","Metropolitan","Sandstorms","Low ",0,"Y",30
27,"Meal ",28,18,4.9,"scooter",2,"No","Urban","Fog","Jam",1,"Y",10
16,"Snack ",24,18,5,"electric_scooter",2,"No","Metropolitan","Windy","Low ",1,"Y",10
26,"Drinks ",37,13,4.8,"motorcycle",0,"No","Metropolitan","Sunny","Jam ",1,"Y",10
20,"Drinks ",20,13,4.7,"electric_scooter",2,"No","Metropolitan","Sandstorms","Jam ",1,"N",15
15,"Buffet ",20,4,4.5,"electric_scooter",2,"No","Metropolitan","Stormy","Medium",0,"N",5
36,"Buffet ",27,7,4.7,"motorcycle",1,"No","Urban","Cloudy","Jam ",1,"N",5
26,"Meal ",37,16,4.7,"motorcycle",0,"No","Semi-Urban","Sunny","High ",1,"N",10
36,"Meal ",20,11,4.4,"motorcycle",1,"No","Metropolitan","Stormy","Jam ",0,"N",10
29,"Meal ",36,13,5,"motorcycle",0,"No","Semi-Urban","Stormy","Low ",1,"N",10
15,"Drinks ",23,9,4.7,"motorcycle",1,"No","Urban","Sunny","Low ",1,"N",10
27,"Buffet ",25,1,4.5,"motorcycle",2,"No","Urban","Windy","High",0,"N",15
26,"Drinks ",33,17,4.6,"motorcycle",0,"No","Urban","Fog","High ",1,"Y",10
32,"Snack ",26,3,4,"motorcycle",0,"No","Urban","Fog","Medium",2,"N",15
33,"Drinks ",35,23,4.2,"motorcycle",1,"No","Urban","Fog","Jam",0,"N",15
15,"Buffet ",36,23,4.7,"scooter",0,"No","Metropolitan","Windy","Medium",1,"Y",15
18,"Drinks ",38,15,4.9,"scooter",1,"No","Metropolitan","Sunny","Medium",1,"N",10
25,"Snack ",21,17,4.7,"motorcycle",0,"No","Metropolitan","Stormy","Jam ",1,"N",15
34,"Buffet ",22,9,4,"electric_scooter",1,"No","Metropolitan","Cloudy","High ",1,"N",5
44,"Buffet ",21,11,3.8,"scooter",2,"No","Metropolitan","Sandstorms","Jam ",1,"N",10
33,"Snack ",28,23,5,"motorcycle",0,"No","Metropolitan","Cloudy","Medium",1,"N",5
25,"Buffet ",30,22,4.9,"motorcycle",0,"No","Metropolitan","Stormy","Jam ",0,"N",15
28,"Drinks ",31,23,4.7,"motorcycle",2,"No","Urban","Stormy","Jam ",1,"Y",5
30,"Snack ",35,3,4.6,"motorcycle",2,"No","Urban","Fog","Medium",1,"N",10
13,"Meal ",25,18,4.8,"electric_scooter",2,"No","Metropolitan","Sandstorms","Jam ",0,"N",10
12,"Meal ",32,9,4.5,"scooter",2,"No","Metropolitan","Sandstorms","Low ",1,"Y",10
54,"Buffet ",23,22,4.7,"scooter",0,"Yes","Semi-Urban","Fog","Jam ",3,"N",10
27,"Buffet ",38,22,4.8,"motorcycle",0,"No","Metropolitan","Sandstorms","Medium",1,"Y",10
