"Order_Date","Order_Time_Placed","Order_Time_Picked","Delivery_Duration","Order_Type","Delivery_Person_Age","Delivery_Person_Ratings","Delivery_Person_Tenure","Vehicle_Type","Vehicle_Condition","Festival","Location_Type","Weather_Conditions","Road_Traffic_Conditions","Multiple_Deliveries"
"5/03/2022","22:45:00","22:50:00",28,"Snack ",25,4.3,22,"motorcycle ",0,"No ","Metropolitian ","Stormy","Low ",1
"21/03/2022","14:35:00","14:40:00",40,"Buffet ",26,4.4,9,"motorcycle ",0,"No ","Metropolitian ","Sunny","High ",1
"2/04/2022","23:20:00","23:35:00",36,"Meal ",36,4.3,6,"motorcycle ",0,"No ","Metropolitian ","Cloudy","Low ",1
"15/02/2022","19:40:00","19:55:00",20,"Drinks ",27,4.8,7,"motorcycle ",0,"No ","Metropolitian ","Sandstorms","Jam ",1
"17/03/2022","13:35:00","13:50:00",17,"Snack ",22,4.6,19,"scooter ",1,"No ","Urban ","Windy","High ",1
"16/02/2022","21:15:00","21:30:00",54,"Meal ",38,4.8,5,"motorcycle ",0,"Yes ","Metropolitian ","Windy","Jam ",3
"17/02/2022","11:40:00","11:45:00",33,"Meal ",31,4.2,5,"motorcycle ",0,"No ","Metropolitian ","Sandstorms","High ",2
"5/04/2022","18:50:00","19:00:00",33,"Snack ",32,4.6,22,"motorcycle ",0,"No ","Metropolitian ","Cloudy","Medium ",1
"12/02/2022","19:30:00","19:35:00",36,"Drinks ",37,4.6,6,"electric_scooter ",2,"No ","Metropolitian ","Stormy","Jam ",1
"6/04/2022","22:30:00","22:40:00",26,"Snack ",36,5,15,"motorcycle ",0,"No ","Metropolitian ","Windy","Low ",1
"8/03/2022","22:55:00","23:00:00",15,"Meal ",35,4.6,15,"motorcycle ",2,"No ","Metropolitian ","Stormy","Low ",1
"16/03/2022","21:10:00","21:25:00",19,"Meal ",38,4.7,23,"scooter ",1,"No ","Metropolitian ","Sunny","Jam ",0
"7/03/2022","10:30:00","10:35:00",13,"Buffet ",28,4.8,22,"motorcycle ",0,"No ","Metropolitian ","Sunny","Low ",1
"26/03/2022","17:40:00","17:45:00",26,"Meal ",35,4.7,9,"motorcycle ",1,"No ","Metropolitian ","Sandstorms","Medium ",1
"12/02/2022","19:50:00","19:55:00",36,"Buffet ",38,4.1,12,"motorcycle ",0,"No ","Metropolitian ","Sandstorms","Jam ",0
"3/03/2022","17:40:00","17:50:00",17,"Buffet ",33,4.7,18,"scooter ",2,"No ","Metropolitian ","Fog","Medium ",1
"21/03/2022","8:20:00","8:25:00",23,"Snack ",20,4.6,19,"motorcycle ",0,"No ","Metropolitian ","Cloudy","Low ",1
"5/03/2022","9:35:00","9:45:00",29,"Buffet ",31,4.7,23,"motorcycle ",0,"No ","Metropolitian ","Sunny","Low ",1
"3/03/2022","22:40:00","22:55:00",10,"Buffet ",25,4.6,18,"motorcycle ",1,"No ","Urban ","Cloudy","Low ",0
"1/04/2022","21:10:00","21:25:00",19,"Snack ",21,4.8,22,"scooter ",2,"No ","Metropolitian ","Windy","Jam ",1
"27/03/2022","17:55:00","18:00:00",36,"Meal ",37,4.9,23,"motorcycle ",2,"No ","Urban ","Cloudy","Medium ",2
"26/03/2022","20:55:00","21:10:00",33,"Buffet ",34,4.6,9,"electric_scooter ",2,"No ","Metropolitian ","Fog","Jam ",1
"5/04/2022","18:20:00","18:30:00",29,"Snack ",22,4.7,23,"scooter ",1,"No ","Metropolitian ","Sandstorms","Medium ",1
"6/04/2022","23:40:00","23:50:00",35,"Meal ",28,3.1,4,"scooter ",2,"No ","Urban ","Sunny","Low ",0
"3/04/2022","20:10:00","20:20:00",32,"Meal ",36,4.7,13,"motorcycle ",2,"No ","Metropolitian ","Fog","Jam ",1
"12/03/2022","17:45:00","17:55:00",29,"Buffet ",28,4.7,12,"scooter ",1,"No ","Metropolitian ","Stormy","Medium ",1
"3/03/2022","10:30:00","10:45:00",21,"Snack ",26,4.9,22,"motorcycle ",0,"No ","Urban ","Fog","Low ",0
"14/02/2022","21:20:00","21:25:00",27,"Drinks ",21,4.8,5,"scooter ",1,"No ","Metropolitian ","Windy","Jam ",1
"5/04/2022","20:15:00","20:20:00",27,"Buffet ",21,4.8,23,"motorcycle ",1,"No ","Metropolitian ","Windy","Jam ",1
"2/04/2022","21:50:00","22:05:00",18,"Drinks ",27,4.9,23,"motorcycle ",2,"No ","Metropolitian ","Sandstorms","Jam ",0
"6/04/2022","19:00:00","19:10:00",28,"Buffet ",35,4.5,5,"scooter ",2,"No ","Metropolitian ","Windy","Medium ",1
"30/03/2022","13:10:00","13:15:00",33,"Snack ",32,4.7,13,"motorcycle ",1,"No ","Metropolitian ","Fog","High ",0
"15/02/2022","23:00:00","23:10:00",17,"Snack ",31,4.5,9,"motorcycle ",2,"No ","Metropolitian ","Stormy","Low ",0
"20/03/2022","21:20:00","21:25:00",25,"Drinks ",39,4.9,23,"motorcycle ",1,"No ","Metropolitian ","Stormy","Jam ",1
"10/03/2022","23:40:00","23:45:00",37,"Buffet ",36,3.7,3,"scooter ",2,"No ","Metropolitian ","Cloudy","Low ",0
"6/04/2022","23:15:00","23:30:00",24,"Drinks ",32,4.6,23,"scooter ",2,"No ","Metropolitian ","Windy","Low ",0
"3/04/2022","14:35:00","14:40:00",35,"Snack ",30,4.9,13,"motorcycle ",1,"No ","Metropolitian ","Fog","High ",0
"15/03/2022","19:55:00","20:00:00",34,"Snack ",29,5,15,"scooter ",2,"No ","Metropolitian ","Fog","Jam ",1
"16/03/2022","20:00:00","20:15:00",40,"Snack ",35,4.3,15,"scooter ",1,"No ","Metropolitian ","Fog","Jam ",0
"18/03/2022","17:30:00","17:40:00",23,"Buffet ",35,5,2,"scooter ",1,"No ","Metropolitian ","Windy","Medium ",0
"16/02/2022","20:20:00","20:25:00",18,"Buffet ",22,4.7,4,"electric_scooter ",2,"No ","Metropolitian ","Sandstorms","Jam ",0
"31/03/2022","21:40:00","21:45:00",37,"Buffet ",22,4,23,"motorcycle ",0,"No ","Urban ","Sandstorms","Jam ",1
"1/04/2022","16:50:00","17:00:00",27,"Drinks ",29,4.8,22,"scooter ",1,"No ","Metropolitian ","Stormy","Medium ",1
"31/03/2022","17:10:00","17:20:00",38,"Drinks ",36,4.1,3,"motorcycle ",1,"No ","Metropolitian ","Stormy","Medium ",2
"14/03/2022","18:00:00","18:10:00",21,"Snack ",33,4.7,13,"motorcycle ",1,"No ","Metropolitian ","Sunny","Medium ",1
"11/02/2022","20:20:00","20:25:00",30,"Meal ",32,4.7,5,"scooter ",2,"No ","Metropolitian ","Sandstorms","Jam ",1
"15/02/2022","11:30:00","11:40:00",17,"Drinks ",31,4.6,9,"electric_scooter ",2,"No ","Metropolitian ","Sunny","High ",0
"23/03/2022","21:40:00","21:50:00",19,"Drinks ",22,4.7,18,"scooter ",2,"No ","Metropolitian ","Sandstorms","Jam ",1
"13/02/2022","12:00:00","12:10:00",30,"Drinks ",36,4.7,2,"motorcycle ",1,"No ","Metropolitian ","Stormy","High ",1
"1/03/2022","21:15:00","21:30:00",30,"Drinks ",31,4.8,23,"motorcycle ",0,"No ","Metropolitian ","Windy","Jam ",1
"25/03/2022","17:10:00","17:15:00",40,"Buffet ",34,4,3,"motorcycle ",0,"No ","Metropolitian ","Windy","Medium ",1
"6/03/2022","23:25:00","23:35:00",27,"Buffet ",24,4.5,6,"scooter ",1,"No ","Urban ","Sandstorms","Low ",1
"7/03/2022","9:45:00","10:00:00",32,"Snack ",37,4.1,9,"motorcycle ",0,"No ","Metropolitian ","Stormy","Low ",1
"31/03/2022","23:00:00","23:10:00",44,"Meal ",33,4.7,1,"motorcycle ",0,"No ","Metropolitian ","Cloudy","Low ",1
"24/03/2022","18:30:00","18:40:00",29,"Drinks ",32,4.8,4,"motorcycle ",0,"No ","Metropolitian ","Stormy","Medium ",1
"4/03/2022","22:10:00","22:20:00",10,"Meal ",27,4.6,22,"motorcycle ",1,"No ","Metropolitian ","Windy","Low ",1
"5/03/2022","14:35:00","14:50:00",35,"Drinks ",38,4.8,9,"motorcycle ",0,"No ","Metropolitian ","Sandstorms","High ",1
"15/02/2022","14:15:00","14:30:00",26,"Buffet ",31,4.9,9,"motorcycle ",1,"No ","Metropolitian ","Stormy","High ",1
"24/03/2022","12:55:00","13:05:00",20,"Buffet ",24,4.8,21,"scooter ",2,"No ","Metropolitian ","Sandstorms","High ",1
"3/03/2022","19:20:00","19:25:00",27,"Drinks ",22,4.9,22,"motorcycle ",0,"No ","Metropolitian ","Fog","Jam ",0
"5/04/2022","9:40:00","9:55:00",15,"Buffet ",33,4.9,23,"motorcycle ",1,"No ","Metropolitian ","Fog","Low ",1
"29/03/2022","22:45:00","22:55:00",14,"Buffet ",23,4.8,13,"motorcycle ",1,"No ","Metropolitian ","Stormy","Low ",0
"19/03/2022","9:30:00","9:35:00",21,"Buffet ",35,4.1,13,"motorcycle ",0,"No ","Metropolitian ","Windy","Low ",1
"20/03/2022","21:20:00","21:30:00",46,"Drinks ",34,4.4,2,"motorcycle ",1,"Yes ","Metropolitian ","Cloudy","Jam ",1
"10/03/2022","23:30:00","23:40:00",15,"Snack ",24,4.9,19,"scooter ",2,"No ","Urban ","Stormy","Low ",0
"9/03/2022","9:30:00","9:45:00",15,"Snack ",33,4.8,22,"scooter ",2,"No ","Metropolitian ","Sunny","Low ",1
"17/02/2022","19:00:00","19:05:00",12,"Drinks ",22,4.9,9,"motorcycle ",1,"No ","Metropolitian ","Sunny","Medium ",1
"16/03/2022","23:45:00","23:55:00",39,"Drinks ",36,4.1,13,"motorcycle ",0,"No ","Metropolitian ","Fog","Low ",1
"14/03/2022","23:10:00","23:20:00",28,"Meal ",34,4.8,23,"motorcycle ",2,"No ","Metropolitian ","Fog","Low ",0
"30/03/2022","19:55:00","20:00:00",20,"Meal ",29,4.8,17,"motorcycle ",0,"No ","Metropolitian ","Sandstorms","Jam ",0
"29/03/2022","23:25:00","23:35:00",28,"Drinks ",22,4.5,12,"electric_scooter ",2,"No ","Metropolitian ","Cloudy","Low ",0
"2/03/2022","20:40:00","20:55:00",37,"Snack ",27,4.1,2,"scooter ",1,"No ","Metropolitian ","Fog","Jam ",1
"5/04/2022","11:50:00","12:05:00",30,"Meal ",22,4.9,15,"scooter ",2,"No ","Metropolitian ","Cloudy","High ",1
"19/03/2022","21:45:00","22:00:00",24,"Buffet ",35,5,22,"electric_scooter ",2,"No ","Urban ","Sunny","Jam ",1
"14/02/2022","17:35:00","17:40:00",44,"Snack ",34,4.8,22,"scooter ",2,"No ","Urban ","Fog","Medium ",2
"21/03/2022","11:20:00","11:30:00",39,"Buffet ",37,4.3,3,"electric_scooter ",2,"No ","Metropolitian ","Fog","High ",1
"27/03/2022","19:30:00","19:40:00",35,"Buffet ",36,4.3,4,"motorcycle ",1,"No ","Metropolitian ","Cloudy","Jam ",1
"13/02/2022","15:15:00","15:25:00",34,"Buffet ",38,4.8,6,"scooter ",2,"No ","Metropolitian ","Windy","Medium ",1
"16/03/2022","20:50:00","20:55:00",49,"Meal ",34,4.6,12,"scooter ",2,"Yes ","Metropolitian ","Fog","Jam ",2
"2/03/2022","20:00:00","20:05:00",48,"Drinks ",23,4.7,12,"motorcycle ",0,"Yes ","Metropolitian ","Fog","Jam ",1
"12/02/2022","23:35:00","23:50:00",10,"Meal ",24,4.7,5,"motorcycle ",1,"No ","Metropolitian ","Sandstorms","Low ",0
"21/03/2022","14:25:00","14:35:00",28,"Drinks ",39,4.7,19,"electric_scooter ",2,"No ","Urban ","Windy","High ",0
"3/03/2022","10:45:00","10:50:00",27,"Buffet ",35,4.9,18,"motorcycle ",0,"No ","Metropolitian ","Sunny","Low ",0
"30/03/2022","12:00:00","12:10:00",21,"Snack ",24,4.9,3,"scooter ",2,"No ","Urban ","Sandstorms","High ",1
"23/03/2022","22:25:00","22:35:00",18,"Buffet ",36,4.8,23,"scooter ",2,"No ","Metropolitian ","Stormy","Low ",1
"17/02/2022","16:25:00","16:40:00",17,"Meal ",33,4.8,5,"scooter ",2,"No ","Metropolitian ","Fog","Medium ",0
"17/03/2022","15:45:00","15:50:00",28,"Buffet ",32,4.6,4,"motorcycle ",1,"No ","Metropolitian ","Sandstorms","Medium ",0
"20/03/2022","18:10:00","18:15:00",34,"Snack ",24,4.9,6,"motorcycle ",1,"No ","Metropolitian ","Fog","Medium ",1
"18/02/2022","20:20:00","20:25:00",33,"Buffet ",38,4.2,2,"motorcycle ",0,"No ","Metropolitian ","Sunny","Jam ",0
"9/03/2022","22:45:00","22:50:00",20,"Buffet ",33,4.5,16,"scooter ",2,"No ","Metropolitian ","Stormy","Low ",0
"3/04/2022","17:20:00","17:35:00",17,"Buffet ",22,4.7,22,"scooter ",2,"No ","Metropolitian ","Sunny","Medium ",1
"6/03/2022","22:20:00","22:30:00",28,"Buffet ",35,4.7,16,"scooter ",2,"No ","Metropolitian ","Windy","Low ",1
"2/04/2022","22:30:00","22:40:00",16,"Meal ",28,4.7,23,"motorcycle ",2,"No ","Urban ","Stormy","Low ",0
"23/03/2022","17:25:00","17:40:00",31,"Snack ",36,4.9,9,"motorcycle ",0,"No ","Metropolitian ","Sandstorms","Medium ",1
"19/03/2022","22:15:00","22:30:00",30,"Buffet ",37,4.2,9,"motorcycle ",0,"No ","Metropolitian ","Windy","Low ",1
"5/04/2022","11:00:00","11:10:00",11,"Meal ",27,4.7,22,"scooter ",1,"No ","Urban ","Fog","Low ",1
"27/03/2022","22:25:00","22:30:00",23,"Drinks ",29,5,15,"motorcycle ",1,"No ","Urban ","Fog","Low ",1
"7/03/2022","14:10:00","14:25:00",29,"Meal ",35,4.9,16,"motorcycle ",2,"No ","Urban ","Stormy","High ",1
"17/02/2022","17:00:00","17:10:00",33,"Meal ",30,4.3,3,"motorcycle ",1,"No ","Metropolitian ","Sandstorms","Medium ",1
"7/03/2022","19:40:00","19:55:00",21,"Buffet ",24,4.7,23,"motorcycle ",2,"No ","Metropolitian ","Fog","Jam ",1
"13/03/2022","10:00:00","10:10:00",23,"Snack ",24,4.3,17,"motorcycle ",0,"No ","Metropolitian ","Sandstorms","Low ",0
"18/03/2022","17:10:00","17:20:00",21,"Buffet ",22,4.6,2,"motorcycle ",1,"No ","Metropolitian ","Windy","Medium ",0
"17/03/2022","22:30:00","22:40:00",19,"Buffet ",27,5,17,"electric_scooter ",2,"No ","Metropolitian ","Sandstorms","Low ",1
"9/03/2022","23:10:00","23:25:00",10,"Snack ",20,4.8,19,"scooter ",2,"No ","Urban ","Stormy","Low ",0
"25/03/2022","22:10:00","22:25:00",24,"Snack ",28,4.7,14,"scooter ",1,"No ","Metropolitian ","Fog","Low ",1
"30/03/2022","9:15:00","9:30:00",20,"Meal ",31,4.7,19,"motorcycle ",0,"No ","Metropolitian ","Fog","Low ",0
"11/02/2022","18:20:00","18:25:00",20,"Drinks ",28,4.5,2,"motorcycle ",0,"No ","Urban ","Cloudy","Medium ",1
"10/03/2022","22:25:00","22:30:00",31,"Drinks ",39,3.6,13,"motorcycle ",1,"No ","Metropolitian ","Cloudy","Low ",1
"16/02/2022","22:35:00","22:40:00",29,"Buffet ",30,4.8,5,"scooter ",2,"No ","Metropolitian ","Sunny","Low ",1
"19/03/2022","22:10:00","22:25:00",11,"Snack ",26,4.7,18,"scooter ",2,"No ","Urban ","Cloudy","Low ",0
"15/02/2022","18:00:00","18:05:00",27,"Drinks ",34,4.8,9,"motorcycle ",1,"No ","Metropolitian ","Sandstorms","Medium ",1
"3/04/2022","18:50:00","19:00:00",25,"Buffet ",21,4.8,19,"scooter ",1,"No ","Metropolitian ","Windy","Medium ",1
"1/03/2022","10:25:00","10:35:00",19,"Snack ",37,4.7,23,"scooter ",1,"No ","Metropolitian ","Fog","Low ",1
"18/02/2022","17:35:00","17:40:00",38,"Drinks ",37,3.5,12,"scooter ",1,"No ","Metropolitian ","Fog","Medium ",1
"3/03/2022","21:10:00","21:20:00",27,"Meal ",37,4.7,19,"scooter ",2,"No ","Urban ","Cloudy","Jam ",1
"12/02/2022","20:00:00","20:05:00",17,"Drinks ",23,4.8,7,"scooter ",1,"No ","Metropolitian ","Sunny","Jam ",1
"10/03/2022","23:30:00","23:35:00",21,"Drinks ",23,4.8,19,"motorcycle ",1,"No ","Urban ","Cloudy","Low ",1
"16/03/2022","18:00:00","18:15:00",37,"Meal ",28,4.6,15,"motorcycle ",0,"No ","Metropolitian ","Fog","Medium ",1
"16/03/2022","22:25:00","22:30:00",29,"Drinks ",35,5,18,"scooter ",1,"No ","Metropolitian ","Fog","Low ",1
"7/03/2022","10:10:00","10:25:00",23,"Meal ",22,4.3,15,"motorcycle ",0,"No ","Metropolitian ","Stormy","Low ",1
"6/03/2022","19:50:00","20:00:00",26,"Buffet ",31,4.8,22,"motorcycle ",1,"No ","Metropolitian ","Stormy","Jam ",1
"1/03/2022","18:10:00","18:20:00",26,"Drinks ",34,4.8,22,"scooter ",1,"No ","Urban ","Sandstorms","Medium ",1
"21/03/2022","23:25:00","23:40:00",20,"Buffet ",22,5,12,"scooter ",2,"No ","Metropolitian ","Sunny","Low ",1
"8/03/2022","20:20:00","20:35:00",20,"Snack ",20,4.9,15,"motorcycle ",0,"No ","Metropolitian ","Sunny","Jam ",1
"3/04/2022","21:30:00","21:45:00",29,"Snack ",27,4.7,5,"motorcycle ",0,"No ","Metropolitian ","Fog","Jam ",1
"26/03/2022","18:20:00","18:25:00",15,"Meal ",24,4.6,22,"motorcycle ",2,"No ","Urban ","Cloudy","Medium ",1
"23/03/2022","22:55:00","23:10:00",39,"Drinks ",31,3.9,11,"motorcycle ",1,"No ","Metropolitian ","Fog","Low ",1
"23/03/2022","17:45:00","18:00:00",22,"Drinks ",27,4.5,15,"motorcycle ",1,"No ","Metropolitian ","Windy","Medium ",1
"12/03/2022","18:30:00","18:40:00",33,"Meal ",31,4.7,18,"motorcycle ",0,"No ","Urban ","Sunny","Medium ",0
"29/03/2022","17:20:00","17:30:00",20,"Snack ",20,4.6,3,"electric_scooter ",2,"No ","Urban ","Sandstorms","Medium ",1
"16/03/2022","20:10:00","20:15:00",29,"Drinks ",39,4.7,15,"scooter ",2,"No ","Metropolitian ","Stormy","Jam ",1
"23/03/2022","17:15:00","17:20:00",38,"Drinks ",33,4.1,6,"scooter ",2,"No ","Metropolitian ","Cloudy","Medium ",1
"3/03/2022","8:35:00","8:40:00",24,"Snack ",35,4.5,13,"motorcycle ",0,"No ","Metropolitian ","Sunny","Low ",1
"13/03/2022","12:40:00","12:55:00",39,"Meal ",36,4.4,15,"scooter ",2,"No ","Metropolitian ","Cloudy","High ",1
"2/04/2022","17:30:00","17:45:00",23,"Drinks ",22,4.7,23,"scooter ",1,"No ","Metropolitian ","Stormy","Medium ",1
"11/03/2022","20:35:00","20:40:00",28,"Drinks ",27,4.9,14,"electric_scooter ",2,"No ","Metropolitian ","Windy","Jam ",1
"25/03/2022","23:55:00","0:05:00",27,"Meal ",30,4.9,16,"scooter ",1,"No ","Metropolitian ","Fog","Low ",1
"18/02/2022","18:10:00","18:20:00",32,"Meal ",37,4.3,4,"motorcycle ",0,"No ","Metropolitian ","Stormy","Medium ",0
"4/04/2022","17:35:00","17:50:00",35,"Meal ",31,4.3,3,"scooter ",2,"No ","Metropolitian ","Cloudy","Medium ",0
"12/02/2022","23:35:00","23:50:00",21,"Drinks ",22,4.9,6,"motorcycle ",0,"No ","Metropolitian ","Stormy","Low ",0
"13/03/2022","20:35:00","20:50:00",20,"Meal ",34,4.8,21,"motorcycle ",0,"No ","Metropolitian ","Sunny","Jam ",1
"14/03/2022","17:45:00","18:00:00",34,"Meal ",35,3.9,8,"scooter ",2,"No ","Metropolitian ","Windy","Medium ",1
"15/03/2022","23:55:00","0:00:00",10,"Meal ",24,4.6,19,"motorcycle ",1,"No ","Metropolitian ","Sandstorms","Low ",0
"24/03/2022","9:30:00","9:45:00",26,"Buffet ",33,4.5,12,"motorcycle ",1,"No ","Metropolitian ","Stormy","Low ",1
"6/04/2022","18:45:00","18:50:00",41,"Drinks ",22,4.9,19,"motorcycle ",0,"No ","Metropolitian ","Cloudy","Medium ",1
"3/04/2022","13:55:00","14:05:00",28,"Drinks ",37,4.8,23,"scooter ",1,"No ","Metropolitian ","Fog","High ",0
"21/03/2022","9:35:00","9:40:00",18,"Drinks ",26,4.5,19,"motorcycle ",1,"No ","Metropolitian ","Sandstorms","Low ",0
"9/03/2022","10:00:00","10:15:00",33,"Snack ",32,4.1,7,"motorcycle ",0,"No ","Metropolitian ","Sandstorms","Low ",1
"3/03/2022","11:30:00","11:40:00",27,"Meal ",37,4.5,12,"motorcycle ",0,"No ","Metropolitian ","Stormy","High ",0
"18/03/2022","17:35:00","17:50:00",26,"Snack ",25,4.8,7,"scooter ",2,"No ","Metropolitian ","Cloudy","Medium ",1
"8/03/2022","18:50:00","19:05:00",12,"Buffet ",27,4.7,16,"motorcycle ",1,"No ","Urban ","Sandstorms","Medium ",0
"14/03/2022","22:25:00","22:35:00",19,"Meal ",38,4.5,12,"electric_scooter ",2,"No ","Metropolitian ","Sunny","Low ",1
"14/03/2022","18:30:00","18:45:00",23,"Snack ",28,4.9,23,"motorcycle ",0,"No ","Metropolitian ","Stormy","Medium ",0
"15/03/2022","22:25:00","22:40:00",17,"Buffet ",23,4.5,9,"motorcycle ",1,"No ","Metropolitian ","Stormy","Low ",0
"14/02/2022","18:00:00","18:15:00",29,"Buffet ",28,5,4,"motorcycle ",0,"No ","Metropolitian ","Sandstorms","Medium ",0
"5/03/2022","21:50:00","21:55:00",16,"Buffet ",27,4.9,12,"scooter ",2,"No ","Metropolitian ","Stormy","Jam ",1
"10/03/2022","20:25:00","20:35:00",47,"Snack ",39,4.4,23,"motorcycle ",0,"No ","Metropolitian ","Stormy","Jam ",1
"12/02/2022","18:45:00","18:50:00",15,"Meal ",27,4.7,19,"scooter ",2,"No ","Urban ","Sandstorms","Medium ",0
"5/04/2022","15:30:00","15:45:00",16,"Meal ",26,4.8,15,"motorcycle ",0,"No ","Metropolitian ","Windy","Medium ",0
"15/03/2022","16:00:00","16:15:00",28,"Meal ",39,4.5,12,"motorcycle ",0,"No ","Metropolitian ","Sunny","Medium ",0
"19/03/2022","9:30:00","9:35:00",18,"Buffet ",38,4.6,9,"scooter ",2,"No ","Metropolitian ","Fog","Low ",1
"3/03/2022","21:15:00","21:25:00",25,"Drinks ",36,4.7,22,"scooter ",1,"No ","Metropolitian ","Sandstorms","Jam ",1
"9/03/2022","15:15:00","15:30:00",33,"Snack ",35,4.6,18,"motorcycle ",0,"No ","Metropolitian ","Windy","Medium ",1
"25/03/2022","19:35:00","19:45:00",49,"Meal ",20,4.9,7,"motorcycle ",0,"No ","Metropolitian ","Fog","Jam ",1
"17/02/2022","22:20:00","22:35:00",14,"Drinks ",23,4.7,2,"scooter ",2,"No ","Metropolitian ","Stormy","Low ",1
"13/03/2022","20:35:00","20:45:00",25,"Meal ",32,4.9,16,"scooter ",2,"No ","Metropolitian ","Stormy","Jam ",0
"4/04/2022","17:45:00","18:00:00",34,"Drinks ",28,4.9,13,"scooter ",1,"No ","Metropolitian ","Cloudy","Medium ",1
"19/03/2022","12:30:00","12:45:00",29,"Drinks ",20,5,3,"motorcycle ",2,"No ","Metropolitian ","Fog","High ",0
"29/03/2022","20:40:00","20:50:00",41,"Snack ",35,4.6,3,"motorcycle ",1,"No ","Metropolitian ","Fog","Jam ",0
"6/04/2022","23:25:00","23:30:00",21,"Meal ",30,4.9,17,"motorcycle ",2,"No ","Metropolitian ","Sandstorms","Low ",0
"20/03/2022","22:20:00","22:25:00",42,"Buffet ",28,3.3,8,"scooter ",2,"No ","Metropolitian ","Sunny","Low ",0
"25/03/2022","22:55:00","23:05:00",29,"Drinks ",26,4.7,13,"scooter ",2,"No ","Metropolitian ","Fog","Low ",1
"18/03/2022","19:45:00","19:55:00",43,"Buffet ",31,4.7,23,"motorcycle ",0,"No ","Metropolitian ","Cloudy","Jam ",0
"29/03/2022","23:10:00","23:20:00",21,"Meal ",20,4.8,1,"scooter ",2,"No ","Urban ","Cloudy","Low ",0
"19/03/2022","8:30:00","8:40:00",19,"Drinks ",32,4.8,11,"motorcycle ",2,"No ","Metropolitian ","Cloudy","Low ",1
"19/03/2022","9:55:00","10:10:00",16,"Buffet ",36,4.5,8,"scooter ",2,"No ","Metropolitian ","Cloudy","Low ",1
"2/03/2022","17:55:00","18:10:00",27,"Meal ",27,4.7,15,"motorcycle ",2,"No ","Metropolitian ","Stormy","Medium ",1
"25/03/2022","18:15:00","18:30:00",40,"Buffet ",35,4.5,13,"motorcycle ",0,"No ","Metropolitian ","Cloudy","Medium ",1
"15/03/2022","10:45:00","10:50:00",26,"Drinks ",30,4.6,15,"motorcycle ",1,"No ","Metropolitian ","Stormy","Low ",1
"12/03/2022","19:25:00","19:30:00",45,"Buffet ",35,4.3,18,"motorcycle ",0,"No ","Metropolitian ","Stormy","Jam ",2
"11/03/2022","18:35:00","18:50:00",25,"Buffet ",38,5,17,"motorcycle ",0,"No ","Metropolitian ","Stormy","Medium ",1
"31/03/2022","20:10:00","20:15:00",36,"Snack ",37,4.4,1,"motorcycle ",0,"No ","Metropolitian ","Sunny","Jam ",0
"16/03/2022","20:35:00","20:40:00",26,"Snack ",31,4.8,21,"motorcycle ",2,"No ","Metropolitian ","Stormy","Jam ",1
"11/02/2022","12:10:00","12:15:00",21,"Meal ",38,4.9,6,"motorcycle ",2,"No ","Metropolitian ","Sunny","High ",1
"15/02/2022","19:50:00","19:55:00",34,"Snack ",33,4,16,"scooter ",2,"No ","Metropolitian ","Sandstorms","Jam ",2
"1/04/2022","23:10:00","23:20:00",24,"Meal ",35,4.3,23,"motorcycle ",0,"No ","Metropolitian ","Stormy","Low ",1
"31/03/2022","23:20:00","23:30:00",39,"Snack ",35,5,1,"motorcycle ",0,"No ","Urban ","Cloudy","Low ",2
"17/02/2022","22:25:00","22:30:00",23,"Meal ",37,4.8,2,"motorcycle ",1,"No ","Metropolitian ","Fog","Low ",0
"14/02/2022","19:25:00","19:40:00",25,"Snack ",36,5,7,"motorcycle ",1,"No ","Metropolitian ","Sandstorms","Jam ",0
"18/02/2022","23:00:00","23:05:00",21,"Buffet ",30,4.5,9,"scooter ",2,"No ","Metropolitian ","Windy","Low ",0
"3/03/2022","11:55:00","12:10:00",46,"Snack ",20,3.6,6,"motorcycle ",0,"No ","Metropolitian ","Sunny","High ",1
"17/03/2022","18:40:00","18:45:00",32,"Buffet ",30,4.1,16,"motorcycle ",0,"No ","Metropolitian ","Windy","Medium ",0
"1/03/2022","10:00:00","10:10:00",17,"Drinks ",34,4.6,23,"scooter ",2,"No ","Metropolitian ","Fog","Low ",1
"3/04/2022","20:50:00","21:05:00",31,"Drinks ",25,4,14,"motorcycle ",1,"No ","Metropolitian ","Cloudy","Jam ",1
"18/03/2022","20:25:00","20:40:00",40,"Snack ",27,4.6,14,"motorcycle ",0,"No ","Metropolitian ","Cloudy","Jam ",1
"13/02/2022","10:40:00","10:50:00",18,"Meal ",26,4.8,17,"scooter ",2,"No ","Urban ","Sandstorms","Low ",0
"31/03/2022","20:20:00","20:35:00",19,"Drinks ",29,4.9,2,"scooter ",1,"No ","Urban ","Sunny","Jam ",1
"13/02/2022","13:20:00","13:25:00",33,"Buffet ",35,4.7,5,"motorcycle ",0,"No ","Metropolitian ","Stormy","High ",1
"26/03/2022","20:15:00","20:30:00",17,"Drinks ",24,4.7,21,"motorcycle ",0,"No ","Urban ","Sandstorms","Jam ",0
"26/03/2022","19:10:00","19:15:00",30,"Drinks ",38,4.8,6,"scooter ",1,"No ","Metropolitian ","Fog","Jam ",1
"19/03/2022","9:55:00","10:05:00",12,"Snack ",26,4.7,19,"motorcycle ",0,"No ","Metropolitian ","Sunny","Low ",0
"14/03/2022","21:30:00","21:35:00",38,"Snack ",33,3.9,2,"electric_scooter ",2,"No ","Metropolitian ","Sandstorms","Jam ",2
"1/03/2022","19:25:00","19:30:00",17,"Drinks ",29,4.8,9,"motorcycle ",0,"No ","Metropolitian ","Stormy","Jam ",1
"3/03/2022","9:35:00","9:50:00",18,"Snack ",28,4.8,13,"scooter ",1,"No ","Metropolitian ","Windy","Low ",1
"18/03/2022","23:20:00","23:30:00",35,"Meal ",32,3.9,21,"scooter ",2,"No ","Metropolitian ","Fog","Low ",0
"4/03/2022","0:00:00","0:10:00",23,"Drinks ",20,4.8,23,"motorcycle ",0,"No ","Metropolitian ","Stormy","Low ",1
"6/04/2022","23:30:00","23:45:00",23,"Snack ",25,4.9,23,"motorcycle ",0,"No ","Metropolitian ","Sunny","Low ",1
"8/03/2022","0:00:00","0:15:00",28,"Meal ",28,4.8,14,"electric_scooter ",2,"No ","Metropolitian ","Fog","Low ",1
"9/03/2022","22:50:00","23:00:00",19,"Buffet ",33,4.7,18,"scooter ",2,"No ","Urban ","Stormy","Low ",1
"24/03/2022","15:00:00","15:10:00",10,"Meal ",21,4.6,22,"scooter ",2,"No ","Metropolitian ","Sunny","High ",1
"17/02/2022","22:50:00","22:55:00",27,"Buffet ",35,4.7,3,"motorcycle ",0,"No ","Metropolitian ","Sunny","Low ",1
"6/03/2022","17:55:00","18:00:00",47,"Snack ",38,4.7,17,"motorcycle ",0,"No ","Metropolitian ","Fog","Medium ",0
"5/03/2022","23:10:00","23:20:00",14,"Snack ",20,4.7,23,"motorcycle ",1,"No ","Metropolitian ","Sunny","Low ",0
"31/03/2022","21:30:00","21:40:00",32,"Drinks ",25,4.3,9,"motorcycle ",0,"No ","Metropolitian ","Sandstorms","Jam ",0
"15/03/2022","20:20:00","20:25:00",31,"Drinks ",37,4.4,23,"motorcycle ",0,"No ","Metropolitian ","Fog","Jam ",0
"14/02/2022","22:45:00","22:50:00",39,"Snack ",35,3.5,20,"scooter ",2,"No ","Metropolitian ","Stormy","Low ",1
"19/03/2022","20:55:00","21:05:00",35,"Snack ",30,4.6,23,"motorcycle ",2,"No ","Metropolitian ","Cloudy","Jam ",1
"4/04/2022","22:10:00","22:25:00",18,"Drinks ",26,4.6,18,"motorcycle ",1,"No ","Metropolitian ","Stormy","Low ",1
"1/04/2022","8:30:00","8:35:00",25,"Meal ",33,4.8,21,"motorcycle ",0,"No ","Metropolitian ","Cloudy","Low ",0
"8/03/2022","19:25:00","19:30:00",36,"Snack ",20,4.9,13,"motorcycle ",0,"No ","Metropolitian ","Sandstorms","Jam ",0
"2/03/2022","19:10:00","19:15:00",24,"Snack ",23,4.6,16,"motorcycle ",1,"No ","Metropolitian ","Stormy","Jam ",1
"8/03/2022","18:55:00","19:00:00",25,"Snack ",25,4.9,14,"scooter ",1,"No ","Metropolitian ","Windy","Medium ",1
"7/03/2022","11:15:00","11:25:00",33,"Buffet ",23,4.8,19,"motorcycle ",1,"No ","Metropolitian ","Sunny","High ",1
"13/03/2022","15:50:00","16:00:00",17,"Meal ",28,5,23,"scooter ",2,"No ","Urban ","Fog","Medium ",1
"17/02/2022","8:50:00","9:00:00",26,"Snack ",30,4.8,3,"scooter ",2,"No ","Metropolitian ","Stormy","Low ",1
"19/03/2022","17:20:00","17:35:00",28,"Snack ",21,4.8,2,"motorcycle ",1,"No ","Metropolitian ","Windy","Medium ",1
"3/04/2022","11:20:00","11:35:00",13,"Buffet ",28,4.5,17,"scooter ",1,"No ","Urban ","Windy","High ",1
"8/03/2022","20:20:00","20:30:00",44,"Snack ",24,4.9,15,"scooter ",2,"Yes ","Metropolitian ","Sunny","Jam ",2
"17/03/2022","8:50:00","9:00:00",22,"Snack ",22,5,19,"motorcycle ",0,"No ","Urban ","Fog","Low ",1
"13/03/2022","8:10:00","8:25:00",22,"Drinks ",24,4.8,16,"motorcycle ",0,"No ","Metropolitian ","Cloudy","Low ",0
"15/03/2022","21:35:00","21:40:00",14,"Snack ",25,4.7,15,"scooter ",1,"No ","Urban ","Windy","Jam ",0
"5/04/2022","17:35:00","17:50:00",21,"Drinks ",37,5,23,"motorcycle ",0,"No ","Metropolitian ","Sunny","Medium ",1
"11/03/2022","20:10:00","20:15:00",39,"Meal ",33,4.2,13,"motorcycle ",2,"No ","Metropolitian ","Cloudy","Jam ",1
"19/03/2022","10:10:00","10:20:00",16,"Drinks ",31,4.7,9,"motorcycle ",1,"No ","Metropolitian ","Fog","Low ",0
"28/03/2022","17:50:00","17:55:00",29,"Drinks ",22,4.9,3,"electric_scooter ",2,"No ","Metropolitian ","Sandstorms","Medium ",1
"4/03/2022","19:10:00","19:15:00",40,"Snack ",34,4.8,16,"motorcycle ",0,"No ","Metropolitian ","Fog","Jam ",1
"18/02/2022","19:10:00","19:20:00",33,"Meal ",22,4.1,12,"motorcycle ",0,"No ","Metropolitian ","Sandstorms","Jam ",1
"3/03/2022","21:50:00","22:05:00",15,"Meal ",35,5,15,"electric_scooter ",2,"No ","Metropolitian ","Sunny","Jam ",0
"27/03/2022","19:35:00","19:45:00",20,"Drinks ",25,4.9,13,"scooter ",1,"No ","Metropolitian ","Stormy","Jam ",0
"6/04/2022","17:45:00","17:55:00",21,"Meal ",28,4.7,21,"motorcycle ",1,"No ","Metropolitian ","Windy","Medium ",0
"20/03/2022","22:10:00","22:25:00",23,"Buffet ",24,4.9,22,"motorcycle ",0,"No ","Metropolitian ","Windy","Low ",1
"13/02/2022","8:45:00","8:55:00",21,"Buffet ",37,5,7,"scooter ",2,"No ","Metropolitian ","Windy","Low ",1
"11/03/2022","15:50:00","16:05:00",29,"Buffet ",37,4.7,23,"motorcycle ",0,"No ","Urban ","Sandstorms","Medium ",0
"13/03/2022","15:55:00","16:10:00",32,"Buffet ",38,4,6,"scooter ",2,"No ","Metropolitian ","Sandstorms","Medium ",1
"14/02/2022","23:20:00","23:30:00",29,"Meal ",37,4.8,8,"motorcycle ",0,"No ","Metropolitian ","Sandstorms","Low ",1
"11/03/2022","19:35:00","19:50:00",30,"Buffet ",37,4.6,16,"scooter ",1,"No ","Metropolitian ","Windy","Jam ",0
"18/02/2022","19:45:00","20:00:00",38,"Snack ",37,4,3,"scooter ",1,"No ","Urban ","Cloudy","Jam ",2
"3/03/2022","8:45:00","9:00:00",28,"Drinks ",20,4.5,18,"motorcycle ",0,"No ","Metropolitian ","Windy","Low ",1
"19/03/2022","20:55:00","21:05:00",49,"Meal ",33,4.9,9,"motorcycle ",0,"No ","Metropolitian ","Windy","Jam ",2
"31/03/2022","23:45:00","0:00:00",21,"Drinks ",28,4.9,19,"scooter ",2,"No ","Metropolitian ","Cloudy","Low ",1
"4/03/2022","18:30:00","18:40:00",19,"Snack ",25,4.9,18,"scooter ",1,"No ","Urban ","Stormy","Medium ",1
"9/03/2022","21:35:00","21:45:00",26,"Buffet ",38,4.5,23,"motorcycle ",1,"No ","Metropolitian ","Fog","Jam ",0
"3/03/2022","16:55:00","17:10:00",27,"Meal ",33,4.6,14,"motorcycle ",1,"No ","Metropolitian ","Sandstorms","Medium ",0
"7/03/2022","9:35:00","9:45:00",20,"Meal ",36,4.4,23,"motorcycle ",0,"No ","Metropolitian ","Sandstorms","Low ",1
"30/03/2022","18:40:00","18:55:00",14,"Meal ",20,4.5,1,"motorcycle ",2,"No ","Urban ","Fog","Medium ",0
"28/03/2022","8:15:00","8:20:00",18,"Snack ",36,4.7,18,"motorcycle ",2,"No ","Metropolitian ","Fog","Low ",0
"10/03/2022","20:50:00","21:00:00",33,"Meal ",38,4,4,"motorcycle ",0,"No ","Metropolitian ","Sunny","Jam ",1
"7/03/2022","10:50:00","11:00:00",16,"Buffet ",28,5,9,"motorcycle ",0,"No ","Metropolitian ","Sunny","Low ",1
"4/04/2022","19:35:00","19:40:00",33,"Snack ",21,4.6,17,"motorcycle ",0,"No ","Metropolitian ","Windy","Jam ",1
"6/04/2022","21:45:00","22:00:00",12,"Buffet ",27,5,23,"scooter ",1,"No ","Metropolitian ","Sunny","Jam ",1
"3/03/2022","17:10:00","17:25:00",11,"Snack ",20,4.7,19,"scooter ",2,"No ","Metropolitian ","Fog","Medium ",1
"14/02/2022","23:10:00","23:25:00",18,"Snack ",25,4.8,8,"scooter ",1,"No ","Metropolitian ","Sandstorms","Low ",1
"14/03/2022","21:20:00","21:25:00",21,"Buffet ",25,4.5,3,"scooter ",2,"No ","Urban ","Stormy","Jam ",1
"23/03/2022","20:55:00","21:05:00",14,"Drinks ",28,4.8,19,"scooter ",2,"No ","Metropolitian ","Sunny","Jam ",0
"28/03/2022","11:40:00","11:55:00",25,"Meal ",32,4.6,12,"motorcycle ",1,"No ","Metropolitian ","Sandstorms","High ",1
"2/04/2022","21:20:00","21:35:00",27,"Drinks ",20,4.7,18,"scooter ",1,"No ","Metropolitian ","Windy","Jam ",1
"26/03/2022","8:40:00","8:45:00",15,"Meal ",34,4.6,23,"electric_scooter ",2,"No ","Metropolitian ","Cloudy","Low ",0
"16/02/2022","19:10:00","19:15:00",23,"Snack ",25,4.5,8,"scooter ",2,"No ","Metropolitian ","Sandstorms","Jam ",0
"18/03/2022","21:55:00","22:10:00",40,"Buffet ",37,4.4,17,"motorcycle ",0,"No ","Metropolitian ","Stormy","Jam ",1
"14/03/2022","17:25:00","17:30:00",23,"Drinks ",24,4.7,9,"electric_scooter ",2,"No ","Metropolitian ","Sandstorms","Medium ",0
"6/03/2022","22:20:00","22:35:00",12,"Drinks ",25,4.8,18,"motorcycle ",1,"No ","Metropolitian ","Sandstorms","Low ",0
"13/02/2022","14:30:00","14:35:00",22,"Drinks ",25,4.7,3,"scooter ",1,"No ","Metropolitian ","Stormy","High ",0
"30/03/2022","22:20:00","22:25:00",24,"Buffet ",21,4.6,13,"motorcycle ",0,"No ","Metropolitian ","Fog","Low ",0
"5/03/2022","21:40:00","21:45:00",23,"Buffet ",30,4.9,19,"scooter ",2,"No ","Metropolitian ","Sunny","Jam ",0
"14/03/2022","20:50:00","20:55:00",37,"Buffet ",25,4.9,13,"electric_scooter ",2,"No ","Metropolitian ","Cloudy","Jam ",2
"29/03/2022","17:15:00","17:20:00",38,"Snack ",20,5,7,"electric_scooter ",2,"No ","Metropolitian ","Fog","Medium ",1
"1/04/2022","12:00:00","12:05:00",49,"Buffet ",26,3.9,2,"motorcycle ",0,"Yes ","Urban ","Sunny","High ",1
"8/03/2022","18:30:00","18:35:00",21,"Snack ",26,4.7,15,"motorcycle ",1,"No ","Metropolitian ","Sandstorms","Medium ",0
"5/04/2022","11:25:00","11:35:00",32,"Snack ",36,4.8,15,"motorcycle ",1,"No ","Metropolitian ","Stormy","High ",1
"5/03/2022","16:45:00","16:55:00",38,"Meal ",33,5,14,"motorcycle ",0,"No ","Metropolitian ","Stormy","Medium ",1
"25/03/2022","19:30:00","19:45:00",44,"Drinks ",27,5,4,"scooter ",2,"No ","Metropolitian ","Fog","Jam ",1
"13/03/2022","21:30:00","21:45:00",37,"Buffet ",37,4.4,1,"electric_scooter ",2,"No ","Urban ","Fog","Jam ",1
"18/02/2022","19:00:00","19:05:00",38,"Buffet ",31,4.1,12,"scooter ",1,"No ","Metropolitian ","Fog","Medium ",1
"4/03/2022","20:00:00","20:15:00",27,"Drinks ",35,4.5,17,"scooter ",2,"No ","Metropolitian ","Stormy","Jam ",1
"20/03/2022","20:40:00","20:45:00",29,"Drinks ",36,4.7,19,"scooter ",2,"No ","Urban ","Windy","Jam ",1
"23/03/2022","20:40:00","20:50:00",53,"Snack ",36,4.4,1,"motorcycle ",0,"No ","Semi-Urban ","Stormy","Jam ",1
"3/04/2022","21:45:00","21:55:00",25,"Buffet ",31,4.7,15,"motorcycle ",2,"No ","Urban ","Windy","Jam ",1
"29/03/2022","17:50:00","18:05:00",25,"Drinks ",27,4.9,12,"motorcycle ",2,"No ","Metropolitian ","Cloudy","Medium ",0
"19/03/2022","9:20:00","9:30:00",11,"Drinks ",27,4.6,23,"scooter ",2,"No ","Metropolitian ","Fog","Low ",0
"17/02/2022","11:00:00","11:05:00",17,"Drinks ",24,4.7,23,"motorcycle ",2,"No ","Urban ","Sunny","Low ",0
"27/03/2022","23:50:00","0:00:00",24,"Buffet ",33,5,22,"motorcycle ",0,"No ","Metropolitian ","Stormy","Low ",0
"20/03/2022","20:25:00","20:40:00",36,"Drinks ",35,4.4,3,"scooter ",1,"No ","Metropolitian ","Fog","Jam ",1
"24/03/2022","13:35:00","13:40:00",32,"Buffet ",24,4,7,"motorcycle ",1,"No ","Metropolitian ","Cloudy","High ",1
"2/04/2022","20:40:00","20:50:00",40,"Drinks ",32,3.5,2,"scooter ",2,"No ","Metropolitian ","Windy","Jam ",2
"17/03/2022","9:55:00","10:05:00",18,"Buffet ",24,4.8,21,"motorcycle ",0,"No ","Metropolitian ","Fog","Low ",1
"13/03/2022","23:40:00","23:55:00",15,"Meal ",26,4.6,23,"scooter ",1,"No ","Metropolitian ","Stormy","Low ",1
"5/03/2022","12:55:00","13:00:00",35,"Drinks ",23,4.7,16,"motorcycle ",0,"No ","Metropolitian ","Stormy","High ",1
"18/03/2022","18:40:00","18:50:00",23,"Meal ",20,4.6,2,"electric_scooter ",2,"No ","Metropolitian ","Stormy","Medium ",0
"3/03/2022","23:10:00","23:15:00",21,"Drinks ",39,4.8,15,"motorcycle ",1,"No ","Metropolitian ","Stormy","Low ",1
"5/04/2022","13:55:00","14:05:00",31,"Snack ",34,4,2,"motorcycle ",0,"No ","Metropolitian ","Cloudy","High ",1
"1/03/2022","16:35:00","16:40:00",13,"Meal ",25,4.6,6,"motorcycle ",2,"No ","Metropolitian ","Fog","Medium ",1
"12/02/2022","23:55:00","0:05:00",25,"Drinks ",38,4.8,5,"scooter ",2,"No ","Metropolitian ","Windy","Low ",1
"26/03/2022","23:45:00","23:50:00",17,"Meal ",27,4.8,22,"electric_scooter ",2,"No ","Urban ","Sunny","Low ",1
"25/03/2022","21:30:00","21:45:00",43,"Buffet ",32,4.4,5,"motorcycle ",1,"No ","Metropolitian ","Sandstorms","Jam ",2
"17/03/2022","8:40:00","8:45:00",26,"Snack ",36,4.6,14,"motorcycle ",1,"No ","Metropolitian ","Windy","Low ",1
"9/03/2022","17:55:00","18:00:00",27,"Buffet ",38,4.8,9,"motorcycle ",0,"No ","Metropolitian ","Fog","Medium ",0
"5/04/2022","21:20:00","21:35:00",21,"Drinks ",25,4.7,22,"electric_scooter ",2,"No ","Metropolitian ","Sandstorms","Jam ",1
"9/03/2022","9:15:00","9:20:00",26,"Drinks ",31,4.9,21,"motorcycle ",0,"No ","Metropolitian ","Sunny","Low ",0
"3/04/2022","15:55:00","16:00:00",39,"Snack ",38,4,14,"motorcycle ",0,"No ","Metropolitian ","Stormy","Medium ",1
"7/03/2022","19:55:00","20:00:00",34,"Snack ",23,4.1,3,"motorcycle ",0,"No ","Metropolitian ","Windy","Jam ",1
"11/02/2022","10:55:00","11:05:00",11,"Drinks ",29,4.5,4,"scooter ",1,"No ","Metropolitian ","Stormy","Low ",1
"23/03/2022","22:45:00","22:50:00",42,"Drinks ",31,4.7,3,"motorcycle ",0,"No ","Metropolitian ","Fog","Low ",1
"3/04/2022","10:25:00","10:35:00",19,"Buffet ",23,4.8,23,"scooter ",1,"No ","Metropolitian ","Windy","Low ",1
"7/03/2022","17:10:00","17:15:00",12,"Drinks ",22,4.6,14,"scooter ",2,"No ","Metropolitian ","Sunny","Medium ",0
"23/03/2022","19:15:00","19:30:00",25,"Buffet ",30,4.5,19,"motorcycle ",1,"No ","Metropolitian ","Stormy","Jam ",1
"17/02/2022","17:10:00","17:15:00",22,"Snack ",28,4.9,5,"motorcycle ",0,"No ","Metropolitian ","Sunny","Medium ",1
"7/03/2022","8:50:00","9:00:00",15,"Buffet ",22,4.7,23,"motorcycle ",1,"No ","Metropolitian ","Windy","Low ",0
"20/03/2022","20:25:00","20:35:00",27,"Snack ",38,4.8,16,"motorcycle ",2,"No ","Urban ","Windy","Jam ",0
"26/03/2022","11:20:00","11:30:00",38,"Drinks ",31,4.9,6,"scooter ",1,"No ","Metropolitian ","Cloudy","High ",1
"2/04/2022","20:40:00","20:50:00",26,"Meal ",32,4.6,19,"motorcycle ",1,"No ","Metropolitian ","Stormy","Jam ",0
"12/02/2022","23:25:00","23:30:00",26,"Buffet ",36,4.9,19,"motorcycle ",0,"No ","Urban ","Stormy","Low ",1
"4/03/2022","17:35:00","17:45:00",41,"Meal ",22,4.6,23,"motorcycle ",0,"No ","Metropolitian ","Fog","Medium ",1
"12/03/2022","22:45:00","22:50:00",26,"Snack ",31,4.6,12,"scooter ",1,"No ","Metropolitian ","Fog","Low ",1
"23/03/2022","19:40:00","19:45:00",37,"Drinks ",27,4.6,3,"electric_scooter ",2,"No ","Metropolitian ","Fog","Jam ",2
"6/04/2022","17:50:00","17:55:00",43,"Buffet ",29,4.6,18,"motorcycle ",0,"No ","Metropolitian ","Cloudy","Medium ",3
"29/03/2022","18:15:00","18:30:00",44,"Buffet ",34,4.9,7,"electric_scooter ",2,"No ","Metropolitian ","Fog","Medium ",3
"14/03/2022","20:40:00","20:45:00",49,"Buffet ",34,5,23,"scooter ",1,"No ","Semi-Urban ","Fog","Jam ",1
"8/03/2022","18:50:00","19:00:00",44,"Meal ",33,4.9,17,"motorcycle ",1,"No ","Urban ","Stormy","Medium ",1
"16/03/2022","21:10:00","21:15:00",47,"Drinks ",24,4.8,22,"motorcycle ",0,"No ","Urban ","Fog","Jam ",2
"5/03/2022","19:15:00","19:30:00",30,"Meal ",34,5,23,"motorcycle ",0,"No ","Metropolitian ","Windy","Jam ",0
"2/04/2022","23:00:00","23:10:00",34,"Snack ",20,2.6,5,"scooter ",2,"No ","Urban ","Sunny","Low ",1
"1/03/2022","13:00:00","13:15:00",25,"Drinks ",29,4.5,23,"scooter ",2,"No ","Metropolitian ","Fog","High ",0
"6/04/2022","21:55:00","22:00:00",18,"Buffet ",28,4.6,22,"scooter ",1,"No ","Metropolitian ","Sunny","Jam ",1
"5/03/2022","23:10:00","23:25:00",26,"Drinks ",31,4.1,1,"motorcycle ",0,"No ","Urban ","Stormy","Low ",1
"16/03/2022","20:50:00","20:55:00",44,"Snack ",30,4.1,2,"scooter ",2,"No ","Metropolitian ","Sandstorms","Jam ",0
"4/03/2022","19:45:00","20:00:00",23,"Snack ",20,4.7,12,"scooter ",2,"No ","Metropolitian ","Sunny","Jam ",1
"14/03/2022","23:25:00","23:35:00",23,"Meal ",35,4.8,19,"motorcycle ",0,"No ","Metropolitian ","Stormy","Low ",1
"16/02/2022","17:40:00","17:55:00",19,"Buffet ",25,4.5,9,"electric_scooter ",2,"No ","Metropolitian ","Sunny","Medium ",1
"6/04/2022","20:20:00","20:35:00",37,"Buffet ",36,4.9,15,"electric_scooter ",2,"No ","Urban ","Cloudy","Jam ",1
"15/02/2022","10:25:00","10:35:00",10,"Drinks ",22,4.6,16,"motorcycle ",2,"No ","Urban ","Fog","Low ",1
"6/03/2022","17:30:00","17:40:00",38,"Drinks ",22,4.4,22,"motorcycle ",0,"No ","Metropolitian ","Stormy","Medium ",2
"11/02/2022","12:10:00","12:15:00",25,"Buffet ",36,5,9,"scooter ",1,"No ","Metropolitian ","Stormy","High ",1
"16/02/2022","18:30:00","18:45:00",44,"Buffet ",39,4.9,9,"motorcycle ",0,"No ","Metropolitian ","Windy","Medium ",1
"28/03/2022","8:55:00","9:10:00",19,"Snack ",27,4.9,17,"motorcycle ",0,"No ","Urban ","Cloudy","Low ",1
"11/03/2022","16:45:00","16:55:00",38,"Snack ",34,5,17,"motorcycle ",0,"No ","Metropolitian ","Stormy","Medium ",1
"2/04/2022","19:35:00","19:50:00",38,"Snack ",29,4.9,4,"motorcycle ",0,"No ","Metropolitian ","Cloudy","Jam ",1
"15/03/2022","19:00:00","19:15:00",27,"Buffet ",33,4.6,17,"motorcycle ",2,"No ","Metropolitian ","Stormy","Medium ",1
"2/04/2022","22:35:00","22:40:00",23,"Buffet ",20,4.6,21,"scooter ",2,"No ","Metropolitian ","Fog","Low ",1
"15/02/2022","22:10:00","22:25:00",26,"Meal ",33,4.9,7,"motorcycle ",1,"No ","Metropolitian ","Sandstorms","Low ",0
"10/03/2022","22:30:00","22:40:00",41,"Drinks ",32,4.4,3,"motorcycle ",0,"No ","Urban ","Fog","Low ",1
"15/02/2022","20:00:00","20:05:00",35,"Snack ",35,4.7,15,"motorcycle ",0,"No ","Urban ","Stormy","Jam ",2
"14/03/2022","17:45:00","18:00:00",11,"Meal ",25,4.8,23,"scooter ",2,"No ","Metropolitian ","Sunny","Medium ",0
"29/03/2022","20:50:00","21:05:00",18,"Meal ",26,4.6,16,"scooter ",1,"No ","Metropolitian ","Windy","Jam ",1
"12/03/2022","22:20:00","22:25:00",26,"Drinks ",32,4.6,13,"motorcycle ",1,"No ","Metropolitian ","Stormy","Low ",0
"7/03/2022","9:00:00","9:10:00",29,"Snack ",36,4.7,13,"motorcycle ",0,"No ","Metropolitian ","Sunny","Low ",0
"5/04/2022","11:45:00","11:55:00",22,"Drinks ",23,4.9,17,"scooter ",1,"No ","Metropolitian ","Fog","High ",0
"13/02/2022","8:35:00","8:40:00",20,"Meal ",34,4.7,21,"motorcycle ",2,"No ","Urban ","Stormy","Low ",0
"1/03/2022","15:20:00","15:30:00",14,"Snack ",27,4.7,23,"motorcycle ",0,"No ","Metropolitian ","Stormy","Medium ",0
"9/03/2022","12:45:00","12:55:00",27,"Buffet ",31,4.6,22,"electric_scooter ",2,"No ","Metropolitian ","Windy","High ",1
"30/03/2022","11:40:00","11:50:00",29,"Drinks ",24,4.8,4,"motorcycle ",2,"No ","Metropolitian ","Fog","High ",1
"17/02/2022","17:20:00","17:25:00",15,"Meal ",33,4.6,23,"electric_scooter ",2,"No ","Urban ","Fog","Medium ",1
"20/03/2022","21:25:00","21:30:00",21,"Drinks ",31,4.9,23,"scooter ",2,"No ","Metropolitian ","Sunny","Jam ",0
"4/04/2022","17:45:00","17:50:00",32,"Buffet ",26,4.6,14,"motorcycle ",0,"No ","Metropolitian ","Cloudy","Medium ",1
"24/03/2022","13:20:00","13:25:00",42,"Snack ",39,4.9,4,"motorcycle ",0,"Yes ","Metropolitian ","Stormy","High ",3
"2/03/2022","17:30:00","17:40:00",24,"Drinks ",26,4.7,21,"motorcycle ",0,"No ","Metropolitian ","Sunny","Medium ",1
"2/03/2022","17:20:00","17:30:00",33,"Drinks ",30,4.3,21,"motorcycle ",1,"No ","Metropolitian ","Windy","Medium ",1
"17/02/2022","13:45:00","13:55:00",26,"Drinks ",20,4.7,2,"motorcycle ",1,"No ","Metropolitian ","Fog","High ",1
"31/03/2022","23:40:00","23:50:00",20,"Buffet ",37,5,23,"motorcycle ",0,"No ","Metropolitian ","Windy","Low ",1
"24/03/2022","10:25:00","10:30:00",19,"Buffet ",22,5,18,"scooter ",2,"No ","Metropolitian ","Windy","Low ",0
"5/04/2022","9:15:00","9:20:00",20,"Snack ",32,4.2,4,"motorcycle ",0,"No ","Metropolitian ","Stormy","Low ",0
"15/03/2022","19:10:00","19:20:00",15,"Snack ",27,4.9,19,"scooter ",1,"No ","Metropolitian ","Windy","Jam ",0
"4/04/2022","22:40:00","22:55:00",23,"Meal ",34,4.8,23,"motorcycle ",0,"No ","Metropolitian ","Stormy","Low ",0
"23/03/2022","22:20:00","22:35:00",41,"Buffet ",35,4.9,5,"motorcycle ",0,"No ","Metropolitian ","Cloudy","Low ",1
"1/04/2022","10:50:00","11:00:00",17,"Snack ",38,4.9,17,"scooter ",1,"No ","Urban ","Fog","Low ",1
"5/03/2022","11:45:00","11:55:00",32,"Drinks ",31,4.9,23,"scooter ",1,"No ","Metropolitian ","Sandstorms","High ",1
"30/03/2022","20:35:00","20:40:00",22,"Drinks ",21,4.7,3,"motorcycle ",1,"No ","Urban ","Sandstorms","Jam ",0
"3/04/2022","10:50:00","11:05:00",25,"Meal ",35,4.2,18,"motorcycle ",0,"No ","Metropolitian ","Sandstorms","Low ",1
"23/03/2022","18:15:00","18:25:00",31,"Drinks ",20,4.3,9,"scooter ",2,"No ","Metropolitian ","Cloudy","Medium ",1
"24/03/2022","10:55:00","11:05:00",18,"Buffet ",29,4.8,21,"motorcycle ",2,"No ","Metropolitian ","Cloudy","Low ",1
"24/03/2022","8:40:00","8:45:00",19,"Buffet ",37,4.6,19,"scooter ",2,"No ","Urban ","Fog","Low ",0
"20/03/2022","21:20:00","21:35:00",34,"Drinks ",30,4.3,13,"motorcycle ",1,"No ","Metropolitian ","Sandstorms","Jam ",1
"26/03/2022","14:10:00","14:20:00",28,"Meal ",36,4.7,12,"motorcycle ",0,"No ","Metropolitian ","Sunny","High ",1
"5/03/2022","9:55:00","10:10:00",22,"Meal ",32,4.3,19,"motorcycle ",0,"No ","Metropolitian ","Windy","Low ",1
"6/04/2022","22:30:00","22:35:00",27,"Snack ",20,4.9,21,"scooter ",2,"No ","Metropolitian ","Cloudy","Low ",1
"5/04/2022","22:10:00","22:15:00",29,"Snack ",32,4.8,19,"motorcycle ",0,"No ","Urban ","Fog","Low ",1
"24/03/2022","18:15:00","18:25:00",27,"Buffet ",30,4.6,12,"motorcycle ",0,"No ","Metropolitian ","Sunny","Medium ",1
"14/03/2022","23:35:00","23:45:00",28,"Snack ",38,4.6,14,"scooter ",1,"No ","Metropolitian ","Stormy","Low ",1
"10/03/2022","23:35:00","23:45:00",11,"Drinks ",28,4.5,21,"motorcycle ",1,"No ","Metropolitian ","Sandstorms","Low ",0
"16/02/2022","23:25:00","23:30:00",26,"Buffet ",39,4.7,5,"motorcycle ",1,"No ","Metropolitian ","Windy","Low ",1
"18/03/2022","17:25:00","17:35:00",40,"Meal ",33,4,16,"electric_scooter ",2,"No ","Metropolitian ","Cloudy","Medium ",1
"18/03/2022","21:45:00","21:55:00",42,"Meal ",22,4.6,19,"scooter ",1,"No ","Metropolitian ","Cloudy","Jam ",1
"31/03/2022","18:45:00","19:00:00",49,"Meal ",33,4.3,13,"motorcycle ",0,"No ","Metropolitian ","Sandstorms","Medium ",3
"27/03/2022","21:55:00","22:05:00",27,"Buffet ",23,4.9,23,"motorcycle ",1,"No ","Urban ","Windy","Jam ",0
"26/03/2022","9:30:00","9:35:00",12,"Buffet ",35,4.7,14,"scooter ",2,"No ","Metropolitian ","Sunny","Low ",0
"5/03/2022","21:35:00","21:45:00",39,"Meal ",39,4.4,3,"motorcycle ",0,"No ","Urban ","Stormy","Jam ",0
"15/02/2022","18:55:00","19:05:00",21,"Snack ",23,4.6,2,"motorcycle ",2,"No ","Metropolitian ","Sandstorms","Medium ",0
"29/03/2022","20:50:00","20:55:00",48,"Buffet ",32,4.7,7,"motorcycle ",0,"No ","Metropolitian ","Fog","Jam ",2
"13/03/2022","18:40:00","18:50:00",34,"Drinks ",37,4.7,17,"motorcycle ",0,"No ","Metropolitian ","Windy","Medium ",1
"2/04/2022","23:00:00","23:15:00",23,"Snack ",22,4.9,15,"motorcycle ",0,"No ","Urban ","Cloudy","Low ",0
"29/03/2022","19:50:00","20:05:00",14,"Snack ",27,4.7,15,"motorcycle ",1,"No ","Metropolitian ","Sunny","Jam ",0
"16/03/2022","21:40:00","21:45:00",38,"Meal ",35,4.6,21,"scooter ",2,"No ","Metropolitian ","Fog","Jam ",1
"3/04/2022","8:15:00","8:30:00",19,"Buffet ",38,4.9,9,"motorcycle ",1,"No ","Metropolitian ","Sunny","Low ",0
"16/03/2022","23:35:00","23:50:00",20,"Buffet ",20,4.9,21,"motorcycle ",2,"No ","Metropolitian ","Cloudy","Low ",1
"14/02/2022","21:40:00","21:55:00",26,"Buffet ",31,4.9,3,"scooter ",1,"No ","Metropolitian ","Sandstorms","Jam ",0
"9/03/2022","8:15:00","8:25:00",24,"Buffet ",38,4.8,22,"electric_scooter ",2,"No ","Urban ","Stormy","Low ",1
"17/02/2022","10:30:00","10:45:00",15,"Drinks ",37,4.7,21,"motorcycle ",1,"No ","Urban ","Cloudy","Low ",0
"24/03/2022","9:40:00","9:55:00",17,"Buffet ",27,4.9,22,"motorcycle ",2,"No ","Urban ","Sandstorms","Low ",1
"17/03/2022","21:20:00","21:35:00",34,"Snack ",28,4.6,23,"motorcycle ",0,"No ","Metropolitian ","Stormy","Jam ",2
"5/03/2022","22:10:00","22:15:00",26,"Buffet ",37,4.6,12,"scooter ",1,"No ","Metropolitian ","Windy","Low ",1
"28/03/2022","20:30:00","20:35:00",13,"Buffet ",23,4.7,14,"electric_scooter ",2,"No ","Metropolitian ","Sunny","Jam ",0
"10/03/2022","23:10:00","23:20:00",39,"Snack ",32,4.7,17,"motorcycle ",0,"No ","Urban ","Fog","Low ",0
"15/03/2022","15:15:00","15:25:00",13,"Drinks ",26,5,19,"motorcycle ",2,"No ","Metropolitian ","Cloudy","Medium ",1
"18/03/2022","18:00:00","18:05:00",33,"Drinks ",31,4.3,13,"scooter ",2,"No ","Metropolitian ","Sandstorms","Medium ",1
"20/03/2022","18:00:00","18:10:00",28,"Meal ",26,4.7,18,"motorcycle ",0,"No ","Metropolitian ","Sandstorms","Medium ",1
"27/03/2022","17:15:00","17:20:00",20,"Snack ",27,4.9,19,"motorcycle ",2,"No ","Metropolitian ","Stormy","Medium ",1
"20/03/2022","20:35:00","20:45:00",36,"Meal ",31,4.9,5,"motorcycle ",0,"No ","Metropolitian ","Stormy","Jam ",1
"2/04/2022","23:10:00","23:25:00",28,"Snack ",33,4.7,21,"motorcycle ",1,"No ","Metropolitian ","Windy","Low ",1
"2/04/2022","19:15:00","19:25:00",47,"Meal ",35,4.4,8,"scooter ",2,"Yes ","Metropolitian ","Cloudy","Jam ",1
"16/02/2022","18:55:00","19:00:00",23,"Drinks ",37,4.5,7,"scooter ",1,"No ","Metropolitian ","Sunny","Medium ",1
"12/03/2022","23:30:00","23:45:00",21,"Snack ",31,4.7,12,"motorcycle ",0,"No ","Metropolitian ","Stormy","Low ",0
"3/04/2022","20:40:00","20:50:00",47,"Snack ",34,4.9,3,"motorcycle ",0,"No ","Metropolitian ","Windy","Jam ",1
"26/03/2022","22:30:00","22:40:00",28,"Drinks ",36,4.8,22,"scooter ",1,"No ","Metropolitian ","Stormy","Low ",0
"17/03/2022","10:40:00","10:50:00",27,"Drinks ",37,4.6,14,"scooter ",2,"No ","Metropolitian ","Sandstorms","Low ",1
"10/03/2022","19:00:00","19:15:00",34,"Snack ",25,4.5,23,"motorcycle ",0,"No ","Metropolitian ","Fog","Medium ",1
"18/02/2022","20:40:00","20:55:00",28,"Snack ",20,4.6,3,"scooter ",1,"No ","Metropolitian ","Fog","Jam ",1
"18/02/2022","18:15:00","18:20:00",16,"Drinks ",33,4.9,3,"motorcycle ",2,"No ","Metropolitian ","Stormy","Medium ",0
"19/03/2022","22:35:00","22:40:00",25,"Meal ",26,4.2,3,"motorcycle ",0,"No ","Metropolitian ","Sandstorms","Low ",1
"27/03/2022","20:25:00","20:40:00",26,"Meal ",28,4.8,21,"motorcycle ",0,"No ","Urban ","Sunny","Jam ",1
"17/02/2022","18:30:00","18:40:00",28,"Snack ",33,4.8,3,"motorcycle ",0,"No ","Metropolitian ","Sandstorms","Medium ",0
"28/03/2022","17:40:00","17:55:00",23,"Drinks ",24,4.8,9,"motorcycle ",0,"No ","Metropolitian ","Stormy","Medium ",1
"5/03/2022","11:10:00","11:15:00",21,"Snack ",23,4.6,23,"motorcycle ",0,"No ","Metropolitian ","Sandstorms","High ",0
"13/03/2022","19:15:00","19:20:00",32,"Meal ",39,4.8,15,"electric_scooter ",2,"No ","Metropolitian ","Windy","Jam ",1
"31/03/2022","21:10:00","21:15:00",44,"Buffet ",39,4.9,13,"motorcycle ",0,"No ","Metropolitian ","Windy","Jam ",1
"5/03/2022","18:00:00","18:10:00",22,"Buffet ",31,4.7,16,"motorcycle ",0,"No ","Metropolitian ","Stormy","Medium ",1
"16/03/2022","19:10:00","19:20:00",21,"Snack ",22,5,12,"motorcycle ",2,"No ","Metropolitian ","Stormy","Jam ",1
"28/03/2022","22:10:00","22:15:00",29,"Meal ",36,4.9,7,"electric_scooter ",2,"No ","Metropolitian ","Windy","Low ",0
"15/02/2022","14:35:00","14:45:00",33,"Snack ",26,4.7,4,"motorcycle ",0,"No ","Metropolitian ","Stormy","High ",1
"8/03/2022","23:35:00","23:45:00",24,"Snack ",24,5,16,"scooter ",1,"No ","Urban ","Sandstorms","Low ",1
"14/03/2022","18:30:00","18:40:00",34,"Buffet ",36,4.8,15,"motorcycle ",0,"No ","Metropolitian ","Sandstorms","Medium ",1
"28/03/2022","12:00:00","12:15:00",23,"Drinks ",36,4.6,18,"motorcycle ",0,"No ","Urban ","Sunny","High ",1
"15/03/2022","9:25:00","9:35:00",18,"Snack ",21,5,15,"motorcycle ",0,"No ","Metropolitian ","Fog","Low ",0
"30/03/2022","21:45:00","21:55:00",25,"Buffet ",26,4.7,23,"motorcycle ",0,"No ","Metropolitian ","Cloudy","Jam ",0
"13/02/2022","18:10:00","18:25:00",12,"Drinks ",29,4.6,6,"motorcycle ",0,"No ","Metropolitian ","Sandstorms","Medium ",0
"17/02/2022","23:35:00","23:50:00",22,"Buffet ",34,4.1,18,"motorcycle ",0,"No ","Metropolitian ","Sandstorms","Low ",1
"28/03/2022","18:20:00","18:35:00",21,"Drinks ",24,4.6,23,"scooter ",2,"No ","Metropolitian ","Stormy","Medium ",1
"6/03/2022","23:00:00","23:10:00",21,"Drinks ",25,4.8,23,"motorcycle ",1,"No ","Metropolitian ","Fog","Low ",1
"2/04/2022","21:45:00","21:50:00",36,"Snack ",38,4.7,3,"scooter ",2,"No ","Metropolitian ","Fog","Jam ",1
"17/03/2022","16:35:00","16:45:00",37,"Drinks ",32,4.8,17,"motorcycle ",0,"No ","Urban ","Stormy","Medium ",0
"2/04/2022","17:25:00","17:35:00",30,"Meal ",24,4.9,22,"motorcycle ",0,"No ","Urban ","Sandstorms","Medium ",1
"13/02/2022","15:55:00","16:10:00",28,"Drinks ",25,4.8,8,"motorcycle ",0,"No ","Metropolitian ","Stormy","Medium ",1
"4/03/2022","20:45:00","21:00:00",41,"Drinks ",33,4.6,12,"motorcycle ",1,"No ","Metropolitian ","Sandstorms","Jam ",2
"23/03/2022","20:10:00","20:25:00",20,"Meal ",24,4.5,22,"motorcycle ",0,"No ","Metropolitian ","Sunny","Jam ",0
"21/03/2022","21:55:00","22:10:00",26,"Meal ",29,4.7,23,"motorcycle ",1,"No ","Urban ","Sandstorms","Jam ",1
"18/03/2022","19:30:00","19:35:00",46,"Snack ",27,4.8,17,"motorcycle ",0,"No ","Metropolitian ","Cloudy","Jam ",1
"9/03/2022","15:25:00","15:30:00",19,"Buffet ",31,4.7,23,"scooter ",1,"No ","Metropolitian ","Cloudy","Medium ",0
"13/03/2022","12:45:00","13:00:00",36,"Buffet ",37,4.3,17,"scooter ",2,"No ","Metropolitian ","Fog","High ",1
"24/03/2022","19:50:00","20:00:00",25,"Snack ",31,4.5,23,"electric_scooter ",2,"No ","Metropolitian ","Cloudy","Jam ",1
"21/03/2022","15:30:00","15:40:00",20,"Drinks ",28,4.7,18,"motorcycle ",0,"No ","Metropolitian ","Stormy","Medium ",0
"6/04/2022","19:40:00","19:55:00",28,"Drinks ",27,4.9,23,"scooter ",2,"No ","Metropolitian ","Sandstorms","Jam ",1
"9/03/2022","8:40:00","8:55:00",16,"Drinks ",21,4.6,22,"motorcycle ",2,"No ","Metropolitian ","Sandstorms","Low ",1
"11/03/2022","17:40:00","17:45:00",24,"Snack ",24,4.9,18,"motorcycle ",0,"No ","Metropolitian ","Fog","Medium ",1
"14/02/2022","17:25:00","17:30:00",38,"Meal ",24,4.9,9,"motorcycle ",1,"No ","Metropolitian ","Fog","Medium ",0
"3/04/2022","16:45:00","16:50:00",26,"Drinks ",34,4.7,18,"motorcycle ",2,"No ","Metropolitian ","Stormy","Medium ",1
"18/03/2022","23:45:00","23:50:00",21,"Buffet ",24,4.7,8,"scooter ",1,"No ","Metropolitian ","Cloudy","Low ",0
"29/03/2022","21:45:00","21:50:00",28,"Snack ",29,4.9,23,"motorcycle ",0,"No ","Metropolitian ","Sandstorms","Jam ",0
"9/03/2022","19:55:00","20:10:00",32,"Snack ",35,4.3,15,"scooter ",1,"No ","Metropolitian ","Sandstorms","Jam ",0
"13/02/2022","10:25:00","10:30:00",16,"Buffet ",25,4.7,3,"motorcycle ",1,"No ","Metropolitian ","Sandstorms","Low ",0
"13/02/2022","10:25:00","10:40:00",19,"Drinks ",38,4.7,4,"motorcycle ",2,"No ","Metropolitian ","Sunny","Low ",0
"5/03/2022","13:25:00","13:40:00",33,"Meal ",38,4.2,11,"motorcycle ",0,"No ","Metropolitian ","Fog","High ",0
"3/03/2022","11:10:00","11:15:00",25,"Meal ",30,4.9,15,"motorcycle ",1,"No ","Metropolitian ","Windy","High ",1
"1/03/2022","11:55:00","12:00:00",27,"Snack ",32,5,12,"scooter ",2,"No ","Metropolitian ","Stormy","High ",1
"13/03/2022","12:25:00","12:35:00",22,"Drinks ",23,4.6,22,"motorcycle ",0,"No ","Urban ","Fog","High ",1
"9/03/2022","20:00:00","20:05:00",20,"Buffet ",32,4.8,16,"motorcycle ",0,"No ","Metropolitian ","Sunny","Jam ",0
"12/02/2022","22:10:00","22:20:00",17,"Meal ",28,4.6,22,"scooter ",2,"No ","Urban ","Windy","Low ",0
"15/02/2022","9:00:00","9:15:00",11,"Snack ",35,5,8,"scooter ",2,"No ","Metropolitian ","Sunny","Low ",0
"14/03/2022","20:25:00","20:40:00",36,"Snack ",29,4.9,12,"motorcycle ",0,"No ","Metropolitian ","Fog","Jam ",0
"26/03/2022","19:20:00","19:35:00",29,"Drinks ",31,4.9,13,"scooter ",1,"No ","Metropolitian ","Sandstorms","Jam ",0
"17/03/2022","22:40:00","22:55:00",23,"Buffet ",39,4.9,21,"motorcycle ",0,"No ","Urban ","Fog","Low ",1
"14/02/2022","19:35:00","19:45:00",38,"Drinks ",25,4.6,8,"motorcycle ",0,"No ","Metropolitian ","Stormy","Jam ",1
"14/03/2022","23:25:00","23:30:00",26,"Buffet ",30,4.8,17,"motorcycle ",0,"No ","Metropolitian ","Windy","Low ",1
"4/03/2022","19:00:00","19:10:00",38,"Meal ",32,4,1,"motorcycle ",0,"No ","Metropolitian ","Stormy","Medium ",1
"3/03/2022","23:55:00","0:05:00",14,"Snack ",32,5,17,"motorcycle ",2,"No ","Metropolitian ","Sunny","Low ",0
"31/03/2022","23:55:00","0:10:00",19,"Meal ",23,4.6,22,"scooter ",1,"No ","Metropolitian ","Windy","Low ",1
"4/03/2022","20:45:00","20:55:00",16,"Meal ",25,4.7,16,"scooter ",2,"No ","Urban ","Stormy","Jam ",0
"8/03/2022","18:10:00","18:20:00",49,"Meal ",36,4.8,21,"motorcycle ",0,"No ","Metropolitian ","Fog","Medium ",1
"1/03/2022","23:10:00","23:20:00",19,"Buffet ",20,4.9,9,"scooter ",2,"No ","Metropolitian ","Sunny","Low ",1
"16/03/2022","22:40:00","22:55:00",19,"Buffet ",26,4.6,22,"scooter ",2,"No ","Metropolitian ","Sandstorms","Low ",1
"19/03/2022","22:30:00","22:35:00",18,"Meal ",26,5,11,"scooter ",1,"No ","Metropolitian ","Stormy","Low ",1
"6/04/2022","21:50:00","21:55:00",43,"Drinks ",39,3.6,6,"scooter ",1,"No ","Metropolitian ","Sandstorms","Jam ",1
"28/03/2022","10:15:00","10:25:00",18,"Snack ",22,4.5,1,"scooter ",2,"No ","Urban ","Fog","Low ",0
"4/04/2022","23:25:00","23:35:00",21,"Snack ",37,4.9,19,"motorcycle ",2,"No ","Urban ","Sunny","Low ",0
"31/03/2022","23:00:00","23:10:00",24,"Drinks ",27,4.8,17,"motorcycle ",0,"No ","Metropolitian ","Fog","Low ",1
"4/04/2022","18:10:00","18:15:00",37,"Meal ",31,4,5,"scooter ",1,"No ","Metropolitian ","Cloudy","Medium ",2
"20/03/2022","19:55:00","20:00:00",19,"Buffet ",23,4.9,23,"scooter ",2,"No ","Metropolitian ","Stormy","Jam ",1
"7/03/2022","19:50:00","20:00:00",28,"Meal ",36,4.7,16,"scooter ",2,"No ","Urban ","Stormy","Jam ",1
"31/03/2022","17:50:00","18:05:00",25,"Meal ",35,4.7,23,"motorcycle ",2,"No ","Metropolitian ","Sunny","Medium ",1
"21/03/2022","8:55:00","9:10:00",24,"Snack ",37,4.9,23,"scooter ",2,"No ","Metropolitian ","Windy","Low ",1
"27/03/2022","23:35:00","23:45:00",14,"Snack ",25,4.6,18,"motorcycle ",1,"No ","Urban ","Windy","Low ",0
"17/03/2022","18:00:00","18:05:00",26,"Drinks ",35,4.7,16,"motorcycle ",0,"No ","Urban ","Cloudy","Medium ",1
"23/03/2022","23:15:00","23:25:00",29,"Drinks ",32,4.7,6,"motorcycle ",0,"No ","Metropolitian ","Windy","Low ",1
"23/03/2022","22:55:00","23:05:00",27,"Snack ",37,5,21,"motorcycle ",0,"No ","Metropolitian ","Stormy","Low ",0
"15/03/2022","23:40:00","23:45:00",23,"Buffet ",39,4.6,9,"motorcycle ",0,"No ","Metropolitian ","Fog","Low ",1
"29/03/2022","20:55:00","21:10:00",42,"Snack ",36,4.1,16,"scooter ",2,"No ","Urban ","Stormy","Jam ",0
"31/03/2022","17:30:00","17:40:00",37,"Buffet ",31,3.5,13,"motorcycle ",1,"No ","Metropolitian ","Stormy","Medium ",1
"18/02/2022","17:40:00","17:50:00",33,"Buffet ",27,4.6,4,"scooter ",1,"No ","Metropolitian ","Fog","Medium ",0
"16/02/2022","21:10:00","21:15:00",26,"Buffet ",33,4.8,6,"motorcycle ",1,"No ","Metropolitian ","Sandstorms","Jam ",1
"17/03/2022","23:00:00","23:05:00",15,"Meal ",21,4.9,16,"scooter ",1,"No ","Urban ","Cloudy","Low ",0
"29/03/2022","18:20:00","18:30:00",36,"Buffet ",31,4.6,18,"motorcycle ",0,"No ","Urban ","Fog","Medium ",1
"14/03/2022","22:30:00","22:40:00",11,"Drinks ",21,4.7,15,"motorcycle ",2,"No ","Urban ","Windy","Low ",0
"8/03/2022","19:55:00","20:05:00",41,"Buffet ",30,4.5,16,"motorcycle ",0,"No ","Metropolitian ","Sunny","Jam ",1
"14/02/2022","18:50:00","19:05:00",31,"Drinks ",27,4.4,3,"scooter ",1,"No ","Urban ","Cloudy","Medium ",1
"5/03/2022","15:20:00","15:25:00",27,"Snack ",26,4.6,21,"electric_scooter ",2,"No ","Metropolitian ","Sunny","Medium ",1
"11/03/2022","18:15:00","18:30:00",19,"Buffet ",35,4.8,21,"scooter ",1,"No ","Metropolitian ","Fog","Medium ",1
"3/03/2022","22:20:00","22:30:00",26,"Drinks ",39,4.9,23,"motorcycle ",1,"No ","Metropolitian ","Stormy","Low ",1
"21/03/2022","8:40:00","8:45:00",33,"Meal ",34,4.2,8,"motorcycle ",0,"No ","Metropolitian ","Stormy","Low ",1
"23/03/2022","18:45:00","18:50:00",29,"Drinks ",20,4.6,2,"motorcycle ",0,"No ","Metropolitian ","Windy","Medium ",0
"26/03/2022","11:30:00","11:45:00",34,"Meal ",36,4.1,9,"motorcycle ",0,"No ","Metropolitian ","Fog","High ",0
"17/03/2022","23:35:00","23:45:00",22,"Buffet ",35,4.7,15,"motorcycle ",0,"No ","Metropolitian ","Cloudy","Low ",1
"4/03/2022","23:25:00","23:40:00",16,"Buffet ",21,4.5,5,"motorcycle ",0,"No ","Urban ","Stormy","Low ",1
"6/03/2022","19:10:00","19:15:00",38,"Snack ",26,4.6,18,"motorcycle ",0,"No ","Metropolitian ","Sunny","Jam ",1
"13/03/2022","23:20:00","23:25:00",23,"Buffet ",39,4.8,18,"motorcycle ",1,"No ","Urban ","Stormy","Low ",0
"12/03/2022","21:20:00","21:25:00",30,"Snack ",21,4.6,9,"scooter ",2,"No ","Metropolitian ","Cloudy","Jam ",1
"25/03/2022","22:30:00","22:35:00",11,"Snack ",24,4.8,23,"scooter ",2,"No ","Urban ","Stormy","Low ",0
"26/03/2022","19:10:00","19:15:00",18,"Meal ",30,4.8,22,"motorcycle ",2,"No ","Metropolitian ","Sunny","Jam ",0
"6/04/2022","23:25:00","23:30:00",21,"Buffet ",27,4.9,19,"motorcycle ",0,"No ","Metropolitian ","Stormy","Low ",1
"18/03/2022","21:25:00","21:30:00",37,"Drinks ",30,4.3,9,"motorcycle ",1,"No ","Metropolitian ","Stormy","Jam ",1
"13/02/2022","10:40:00","10:50:00",24,"Snack ",25,4.6,2,"motorcycle ",0,"No ","Metropolitian ","Fog","Low ",1
"13/03/2022","23:35:00","23:45:00",29,"Drinks ",30,4.9,16,"motorcycle ",0,"No ","Metropolitian ","Sunny","Low ",1
"16/02/2022","17:40:00","17:45:00",22,"Buffet ",32,4.9,5,"scooter ",1,"No ","Metropolitian ","Windy","Medium ",1
"16/03/2022","19:15:00","19:20:00",33,"Snack ",23,4.7,23,"motorcycle ",0,"No ","Metropolitian ","Windy","Jam ",0
"14/02/2022","21:15:00","21:20:00",35,"Snack ",29,4.1,14,"motorcycle ",2,"No ","Metropolitian ","Fog","Jam ",1
"11/03/2022","22:10:00","22:25:00",28,"Meal ",35,4.9,16,"motorcycle ",0,"No ","Metropolitian ","Sunny","Low ",0
"25/03/2022","22:10:00","22:20:00",29,"Meal ",34,4.7,11,"motorcycle ",1,"No ","Metropolitian ","Sunny","Low ",1
"15/02/2022","19:55:00","20:10:00",26,"Drinks ",31,4.9,7,"scooter ",2,"No ","Metropolitian ","Windy","Jam ",1
"10/03/2022","22:10:00","22:25:00",39,"Buffet ",31,4.2,8,"motorcycle ",2,"No ","Metropolitian ","Cloudy","Low ",2
"5/04/2022","21:40:00","21:55:00",20,"Meal ",23,4.7,22,"scooter ",1,"No ","Metropolitian ","Windy","Jam ",1
"4/04/2022","19:25:00","19:40:00",27,"Buffet ",27,4.6,23,"scooter ",2,"No ","Metropolitian ","Sandstorms","Jam ",1
"7/03/2022","12:20:00","12:25:00",22,"Snack ",30,4.7,23,"scooter ",2,"No ","Metropolitian ","Sunny","High ",0
"3/03/2022","22:55:00","23:05:00",13,"Snack ",29,4.5,9,"electric_scooter ",2,"No ","Metropolitian ","Windy","Low ",0
"9/03/2022","18:50:00","18:55:00",19,"Drinks ",21,4.9,23,"scooter ",2,"No ","Metropolitian ","Fog","Medium ",0
"27/03/2022","22:55:00","23:00:00",24,"Snack ",27,4.8,23,"motorcycle ",1,"No ","Metropolitian ","Cloudy","Low ",0
"20/03/2022","17:50:00","17:55:00",18,"Drinks ",26,4.9,15,"scooter ",2,"No ","Metropolitian ","Stormy","Medium ",0
"14/02/2022","23:45:00","0:00:00",40,"Buffet ",36,4.1,14,"motorcycle ",0,"No ","Metropolitian ","Stormy","Low ",1
"16/02/2022","21:50:00","22:05:00",41,"Snack ",39,4.4,5,"scooter ",1,"No ","Metropolitian ","Fog","Jam ",0
"12/03/2022","23:15:00","23:30:00",38,"Buffet ",34,4.6,23,"motorcycle ",0,"No ","Metropolitian ","Fog","Low ",1
"2/03/2022","20:15:00","20:20:00",26,"Buffet ",31,4.8,15,"motorcycle ",0,"No ","Metropolitian ","Sunny","Jam ",1
"17/03/2022","21:55:00","22:00:00",25,"Snack ",35,5,18,"motorcycle ",1,"No ","Metropolitian ","Windy","Jam ",1
"21/03/2022","12:15:00","12:20:00",23,"Snack ",25,4.7,22,"motorcycle ",1,"No ","Metropolitian ","Cloudy","High ",0
"3/04/2022","12:55:00","13:00:00",22,"Buffet ",29,4.6,19,"scooter ",1,"No ","Metropolitian ","Fog","High ",1
"1/04/2022","17:20:00","17:25:00",39,"Drinks ",39,4.1,13,"motorcycle ",0,"No ","Metropolitian ","Windy","Medium ",1
"23/03/2022","18:15:00","18:30:00",17,"Snack ",33,4.6,14,"motorcycle ",2,"No ","Metropolitian ","Sunny","Medium ",1
"25/03/2022","22:55:00","23:00:00",27,"Meal ",33,5,21,"motorcycle ",0,"No ","Metropolitian ","Sandstorms","Low ",1
"4/04/2022","22:20:00","22:30:00",39,"Meal ",33,3.6,15,"motorcycle ",2,"No ","Metropolitian ","Cloudy","Low ",1
"12/03/2022","21:25:00","21:30:00",50,"Meal ",33,4.7,22,"motorcycle ",0,"No ","Metropolitian ","Cloudy","Jam ",1
"2/03/2022","21:35:00","21:45:00",35,"Buffet ",21,4,1,"electric_scooter ",2,"No ","Metropolitian ","Fog","Jam ",1
"15/02/2022","18:15:00","18:20:00",15,"Meal ",37,4.8,18,"motorcycle ",2,"No ","Urban ","Cloudy","Medium ",0
"19/03/2022","8:50:00","8:55:00",12,"Snack ",26,4.7,19,"scooter ",1,"No ","Urban ","Cloudy","Low ",1
"10/03/2022","0:00:00","0:10:00",37,"Drinks ",23,2.7,5,"scooter ",2,"No ","Urban ","Sunny","Low ",1
"16/03/2022","20:30:00","20:45:00",32,"Drinks ",38,4.3,23,"scooter ",1,"No ","Metropolitian ","Sunny","Jam ",1
"9/03/2022","22:10:00","22:25:00",28,"Buffet ",38,4.5,19,"electric_scooter ",2,"No ","Metropolitian ","Windy","Low ",1
"2/04/2022","23:20:00","23:30:00",20,"Buffet ",33,4.7,18,"scooter ",2,"No ","Metropolitian ","Sandstorms","Low ",0
"6/04/2022","23:35:00","23:40:00",27,"Drinks ",36,4.5,1,"motorcycle ",0,"No ","Metropolitian ","Windy","Low ",1
"2/04/2022","19:40:00","19:50:00",17,"Snack ",27,4.6,9,"scooter ",2,"No ","Metropolitian ","Stormy","Jam ",0
"20/03/2022","21:25:00","21:35:00",39,"Snack ",22,4.4,3,"motorcycle ",1,"No ","Metropolitian ","Fog","Jam ",2
"17/02/2022","22:45:00","22:50:00",11,"Meal ",23,4.7,6,"electric_scooter ",2,"No ","Metropolitian ","Fog","Low ",1
"15/03/2022","8:30:00","8:40:00",33,"Meal ",32,4.1,8,"motorcycle ",0,"No ","Metropolitian ","Windy","Low ",1
"20/03/2022","19:45:00","20:00:00",15,"Buffet ",27,4.9,19,"motorcycle ",2,"No ","Metropolitian ","Sunny","Jam ",1
"12/03/2022","20:25:00","20:35:00",31,"Buffet ",32,3.7,9,"scooter ",1,"No ","Metropolitian ","Sunny","Jam ",0
"5/03/2022","9:55:00","10:10:00",22,"Meal ",32,4.3,19,"motorcycle ",0,"No ","Metropolitian ","Windy","Low ",1
"12/02/2022","21:30:00","21:40:00",20,"Snack ",23,4.8,2,"scooter ",2,"No ","Metropolitian ","Sunny","Jam ",1
"31/03/2022","18:35:00","18:50:00",28,"Drinks ",21,4.5,21,"scooter ",2,"No ","Metropolitian ","Windy","Medium ",1
"5/03/2022","23:10:00","23:25:00",34,"Buffet ",31,4.1,4,"motorcycle ",0,"No ","Metropolitian ","Stormy","Low ",0
"5/03/2022","12:35:00","12:40:00",33,"Drinks ",26,4.7,9,"scooter ",1,"No ","Metropolitian ","Sunny","High ",1
"31/03/2022","22:15:00","22:25:00",23,"Drinks ",32,4.5,13,"motorcycle ",1,"No ","Metropolitian ","Stormy","Low ",0
"15/02/2022","18:15:00","18:20:00",28,"Snack ",33,4.7,4,"motorcycle ",0,"No ","Metropolitian ","Stormy","Medium ",0
"2/03/2022","22:15:00","22:25:00",30,"Snack ",29,4.5,12,"motorcycle ",1,"No ","Metropolitian ","Sunny","Low ",1
"14/03/2022","22:30:00","22:40:00",11,"Drinks ",21,4.7,15,"motorcycle ",2,"No ","Urban ","Windy","Low ",0
"4/03/2022","23:40:00","23:55:00",20,"Meal ",24,4.5,23,"scooter ",2,"No ","Metropolitian ","Fog","Low ",0
"15/03/2022","8:30:00","8:45:00",15,"Drinks ",22,4.2,3,"motorcycle ",0,"No ","Metropolitian ","Windy","Low ",1
"25/03/2022","17:25:00","17:35:00",14,"Snack ",29,4.7,13,"motorcycle ",1,"No ","Metropolitian ","Sunny","Medium ",0
"12/02/2022","20:15:00","20:30:00",27,"Meal ",24,4.8,7,"scooter ",1,"No ","Metropolitian ","Sandstorms","Jam ",1
"2/04/2022","21:55:00","22:05:00",41,"Meal ",36,4.7,5,"motorcycle ",0,"No ","Metropolitian ","Windy","Jam ",0
"18/03/2022","18:00:00","18:05:00",34,"Buffet ",37,4.4,13,"scooter ",2,"No ","Metropolitian ","Sandstorms","Medium ",0
"19/03/2022","22:40:00","22:50:00",10,"Snack ",24,4.9,18,"scooter ",2,"No ","Urban ","Windy","Low ",0
"26/03/2022","11:20:00","11:30:00",38,"Drinks ",31,4.9,6,"scooter ",1,"No ","Metropolitian ","Cloudy","High ",1
"12/02/2022","17:30:00","17:35:00",26,"Snack ",38,4.8,3,"motorcycle ",2,"No ","Metropolitian ","Sandstorms","Medium ",1
"4/03/2022","17:50:00","18:05:00",30,"Drinks ",32,4.6,13,"motorcycle ",0,"No ","Metropolitian ","Windy","Medium ",1
"3/03/2022","17:25:00","17:35:00",26,"Buffet ",23,4.8,19,"motorcycle ",1,"No ","Metropolitian ","Windy","Medium ",1
"13/02/2022","23:35:00","23:40:00",17,"Buffet ",36,4.9,21,"motorcycle ",2,"No ","Urban ","Cloudy","Low ",0
"10/03/2022","21:30:00","21:45:00",36,"Buffet ",35,5,19,"motorcycle ",0,"No ","Metropolitian ","Sandstorms","Jam ",0
"14/02/2022","19:25:00","19:30:00",28,"Meal ",21,4.6,8,"motorcycle ",2,"No ","Metropolitian ","Sandstorms","Jam ",0
"14/03/2022","22:35:00","22:50:00",16,"Snack ",23,4.6,14,"motorcycle ",2,"No ","Metropolitian ","Windy","Low ",1
"26/03/2022","18:55:00","19:00:00",24,"Meal ",24,4.8,13,"motorcycle ",0,"No ","Metropolitian ","Stormy","Medium ",1
"11/02/2022","19:20:00","19:25:00",34,"Buffet ",32,4.6,8,"motorcycle ",0,"No ","Metropolitian ","Stormy","Jam ",1
"12/03/2022","21:55:00","22:10:00",30,"Snack ",35,4.6,17,"scooter ",1,"No ","Metropolitian ","Windy","Jam ",1
"12/02/2022","21:35:00","21:45:00",34,"Meal ",22,4.9,6,"motorcycle ",0,"No ","Metropolitian ","Windy","Jam ",1
"26/03/2022","9:20:00","9:35:00",14,"Buffet ",23,4.8,9,"motorcycle ",0,"No ","Metropolitian ","Sunny","Low ",0
"3/03/2022","21:20:00","21:25:00",25,"Meal ",28,4.8,13,"electric_scooter ",2,"No ","Metropolitian ","Stormy","Jam ",1
"4/04/2022","17:25:00","17:30:00",23,"Meal ",33,4.9,21,"motorcycle ",2,"No ","Metropolitian ","Sandstorms","Medium ",1
"18/03/2022","23:20:00","23:30:00",39,"Drinks ",34,3.5,3,"scooter ",1,"No ","Urban ","Fog","Low ",0
"23/03/2022","23:45:00","0:00:00",21,"Meal ",33,4.6,18,"motorcycle ",0,"No ","Urban ","Stormy","Low ",1
"7/03/2022","23:45:00","0:00:00",20,"Snack ",38,4.9,22,"motorcycle ",2,"No ","Metropolitian ","Stormy","Low ",1
"20/03/2022","20:15:00","20:30:00",44,"Snack ",28,4,3,"motorcycle ",2,"No ","Metropolitian ","Cloudy","Jam ",1
"11/02/2022","19:10:00","19:25:00",16,"Drinks ",25,4.9,23,"motorcycle ",0,"No ","Urban ","Windy","Jam ",1
"13/02/2022","19:35:00","19:40:00",31,"Buffet ",37,5,4,"motorcycle ",0,"No ","Metropolitian ","Sandstorms","Jam ",1
"15/02/2022","18:20:00","18:30:00",32,"Meal ",37,4.6,3,"motorcycle ",0,"No ","Metropolitian ","Windy","Medium ",1
"3/04/2022","14:10:00","14:15:00",34,"Buffet ",31,4,2,"scooter ",2,"No ","Urban ","Sandstorms","High ",0
"4/04/2022","20:35:00","20:50:00",40,"Snack ",22,4.2,13,"motorcycle ",2,"Yes ","Metropolitian ","Fog","Jam ",2
"11/02/2022","17:35:00","17:40:00",15,"Drinks ",26,4.5,2,"scooter ",2,"No ","Metropolitian ","Stormy","Medium ",0
"10/03/2022","19:10:00","19:20:00",24,"Buffet ",27,4.6,9,"scooter ",1,"No ","Metropolitian ","Sunny","Jam ",0
"15/03/2022","20:50:00","20:55:00",40,"Snack ",39,4.1,2,"motorcycle ",0,"No ","Metropolitian ","Sandstorms","Jam ",0
"23/03/2022","23:50:00","0:05:00",14,"Drinks ",27,4.7,17,"motorcycle ",1,"No ","Urban ","Stormy","Low ",1
"1/03/2022","10:00:00","10:10:00",28,"Meal ",35,4.7,18,"scooter ",1,"No ","Metropolitian ","Windy","Low ",0
"13/03/2022","8:15:00","8:30:00",12,"Meal ",20,4.7,23,"motorcycle ",0,"No ","Urban ","Sunny","Low ",0
"6/03/2022","21:50:00","22:05:00",22,"Buffet ",28,4.5,14,"motorcycle ",2,"No ","Metropolitian ","Sandstorms","Jam ",1
"1/04/2022","16:50:00","17:05:00",27,"Meal ",29,4.7,18,"scooter ",2,"No ","Metropolitian ","Sandstorms","Medium ",0
"23/03/2022","22:20:00","22:30:00",15,"Buffet ",29,4.6,9,"scooter ",1,"No ","Metropolitian ","Stormy","Low ",0
"30/03/2022","10:40:00","10:50:00",18,"Snack ",27,4.6,22,"scooter ",2,"No ","Metropolitian ","Fog","Low ",1
"2/03/2022","17:55:00","18:00:00",28,"Buffet ",32,4.5,16,"motorcycle ",2,"No ","Metropolitian ","Stormy","Medium ",0
"14/03/2022","21:55:00","22:10:00",29,"Meal ",37,5,21,"scooter ",2,"No ","Metropolitian ","Windy","Jam ",0
"15/03/2022","14:10:00","14:20:00",39,"Drinks ",34,4.7,19,"motorcycle ",1,"No ","Metropolitian ","Cloudy","High ",2
"10/03/2022","17:15:00","17:25:00",19,"Drinks ",24,4.8,18,"motorcycle ",1,"No ","Metropolitian ","Sunny","Medium ",1
"5/03/2022","9:50:00","9:55:00",14,"Drinks ",25,4.8,16,"motorcycle ",2,"No ","Urban ","Stormy","Low ",1
"15/02/2022","10:50:00","11:05:00",14,"Buffet ",23,4.5,7,"motorcycle ",0,"No ","Metropolitian ","Sunny","Low ",0
"15/02/2022","9:35:00","9:50:00",20,"Drinks ",38,4.5,6,"motorcycle ",0,"No ","Metropolitian ","Fog","Low ",1
"4/03/2022","22:20:00","22:35:00",16,"Meal ",22,4.9,15,"scooter ",1,"No ","Metropolitian ","Stormy","Low ",1
"19/03/2022","10:20:00","10:35:00",19,"Buffet ",35,4.6,1,"motorcycle ",1,"No ","Metropolitian ","Cloudy","Low ",1
"13/03/2022","19:30:00","19:45:00",29,"Drinks ",30,4.9,19,"scooter ",2,"No ","Metropolitian ","Fog","Jam ",1
"25/03/2022","20:45:00","20:55:00",35,"Snack ",37,4.9,4,"motorcycle ",1,"No ","Metropolitian ","Fog","Jam ",1
"29/03/2022","18:10:00","18:15:00",33,"Meal ",39,4.4,3,"motorcycle ",0,"No ","Metropolitian ","Sunny","Medium ",1
"3/03/2022","13:30:00","13:45:00",34,"Snack ",30,4.4,16,"motorcycle ",0,"No ","Metropolitian ","Fog","High ",1
"14/03/2022","17:20:00","17:35:00",37,"Meal ",31,4.7,21,"electric_scooter ",2,"No ","Metropolitian ","Fog","Medium ",2
"23/03/2022","23:15:00","23:30:00",27,"Drinks ",35,4.7,16,"electric_scooter ",2,"No ","Metropolitian ","Cloudy","Low ",1
"16/02/2022","22:10:00","22:25:00",22,"Snack ",39,5,9,"motorcycle ",0,"No ","Metropolitian ","Stormy","Low ",1
"18/03/2022","18:10:00","18:20:00",33,"Meal ",30,4.2,14,"motorcycle ",0,"No ","Metropolitian ","Sandstorms","Medium ",1
"15/03/2022","22:10:00","22:20:00",11,"Drinks ",24,4.9,15,"scooter ",2,"No ","Metropolitian ","Stormy","Low ",0
"9/03/2022","21:00:00","21:05:00",17,"Drinks ",22,4.5,15,"motorcycle ",1,"No ","Metropolitian ","Sunny","Jam ",0
"11/03/2022","9:50:00","10:05:00",22,"Meal ",30,4.6,12,"scooter ",1,"No ","Metropolitian ","Sandstorms","Low ",1
"7/03/2022","10:10:00","10:20:00",22,"Snack ",32,4.8,13,"scooter ",2,"No ","Metropolitian ","Windy","Low ",0
"16/03/2022","17:40:00","17:55:00",16,"Buffet ",31,4.7,14,"scooter ",1,"No ","Metropolitian ","Sunny","Medium ",1
"5/03/2022","16:00:00","16:05:00",37,"Drinks ",32,4.4,18,"motorcycle ",0,"No ","Metropolitian ","Stormy","Medium ",1
"3/03/2022","10:00:00","10:15:00",16,"Meal ",34,4.9,16,"motorcycle ",1,"No ","Urban ","Cloudy","Low ",0
"6/04/2022","23:20:00","23:25:00",27,"Drinks ",35,4.5,3,"motorcycle ",0,"No ","Metropolitian ","Windy","Low ",1
"5/03/2022","8:55:00","9:10:00",21,"Snack ",37,4.9,17,"scooter ",1,"No ","Urban ","Stormy","Low ",0
"24/03/2022","8:55:00","9:00:00",13,"Buffet ",24,4.9,9,"motorcycle ",2,"No ","Metropolitian ","Windy","Low ",0
"11/03/2022","19:40:00","19:50:00",17,"Buffet ",37,4.5,17,"motorcycle ",1,"No ","Metropolitian ","Sunny","Jam ",1
"7/03/2022","10:55:00","11:10:00",16,"Meal ",31,5,19,"electric_scooter ",2,"No ","Urban ","Stormy","Low ",0
"27/03/2022","21:40:00","21:45:00",20,"Buffet ",33,4.8,19,"scooter ",1,"No ","Urban ","Sunny","Jam ",0
"14/02/2022","22:20:00","22:25:00",23,"Snack ",20,4.8,9,"motorcycle ",1,"No ","Metropolitian ","Fog","Low ",1
"20/03/2022","17:25:00","17:40:00",47,"Snack ",38,4.7,2,"motorcycle ",0,"No ","Metropolitian ","Cloudy","Medium ",1
"5/03/2022","23:20:00","23:25:00",16,"Meal ",27,4.6,13,"scooter ",2,"No ","Metropolitian ","Stormy","Low ",1
"9/03/2022","19:35:00","19:40:00",26,"Drinks ",39,4.8,9,"scooter ",1,"No ","Metropolitian ","Sandstorms","Jam ",1
"12/03/2022","22:20:00","22:25:00",42,"Drinks ",33,4,4,"motorcycle ",0,"No ","Metropolitian ","Cloudy","Low ",1
"10/03/2022","17:10:00","17:25:00",49,"Meal ",33,4.6,9,"motorcycle ",0,"No ","Metropolitian ","Fog","Medium ",2
"15/02/2022","18:45:00","19:00:00",19,"Meal ",26,4.8,6,"scooter ",2,"No ","Metropolitian ","Stormy","Medium ",1
"5/03/2022","14:50:00","15:05:00",23,"Buffet ",36,4.6,17,"scooter ",2,"No ","Metropolitian ","Sunny","High ",1
"26/03/2022","9:50:00","10:05:00",29,"Snack ",24,4.2,3,"motorcycle ",0,"No ","Metropolitian ","Windy","Low ",1
"27/03/2022","22:45:00","23:00:00",27,"Drinks ",24,4.8,21,"scooter ",2,"No ","Metropolitian ","Cloudy","Low ",1
"21/03/2022","22:25:00","22:30:00",20,"Snack ",21,5,16,"motorcycle ",0,"No ","Metropolitian ","Fog","Low ",1
"5/03/2022","19:15:00","19:25:00",22,"Snack ",20,4.9,19,"motorcycle ",1,"No ","Metropolitian ","Sunny","Jam ",1
"2/04/2022","18:00:00","18:05:00",33,"Meal ",32,3.5,1,"scooter ",2,"No ","Urban ","Sandstorms","Medium ",1
"12/03/2022","18:15:00","18:25:00",46,"Buffet ",35,5,23,"motorcycle ",0,"Yes ","Metropolitian ","Windy","Medium ",1
"20/03/2022","21:20:00","21:35:00",34,"Snack ",32,4.3,3,"scooter ",2,"No ","Metropolitian ","Stormy","Jam ",0
"15/03/2022","11:30:00","11:45:00",19,"Meal ",24,4.8,15,"scooter ",2,"No ","Metropolitian ","Sunny","High ",0
"26/03/2022","23:45:00","23:50:00",17,"Meal ",27,4.8,22,"electric_scooter ",2,"No ","Urban ","Sunny","Low ",1
"30/03/2022","8:35:00","8:45:00",11,"Buffet ",22,4.7,3,"motorcycle ",1,"No ","Urban ","Cloudy","Low ",0
"16/03/2022","21:15:00","21:30:00",34,"Drinks ",21,4.3,17,"motorcycle ",0,"No ","Metropolitian ","Windy","Jam ",2
"12/02/2022","20:45:00","21:00:00",18,"Snack ",35,4.5,7,"scooter ",1,"No ","Metropolitian ","Sunny","Jam ",0
"9/03/2022","12:55:00","13:00:00",49,"Drinks ",37,4.6,23,"motorcycle ",0,"Yes ","Metropolitian ","Stormy","High ",2
"9/03/2022","17:20:00","17:35:00",16,"Snack ",23,4.9,19,"motorcycle ",1,"No ","Metropolitian ","Cloudy","Medium ",1
"26/03/2022","9:50:00","10:05:00",29,"Snack ",24,4.2,3,"motorcycle ",0,"No ","Metropolitian ","Windy","Low ",1
"21/03/2022","18:10:00","18:20:00",16,"Drinks ",22,4.9,23,"motorcycle ",0,"No ","Metropolitian ","Sunny","Medium ",0
"5/03/2022","14:25:00","14:30:00",45,"Buffet ",39,4.6,23,"motorcycle ",0,"No ","Metropolitian ","Sunny","High ",2
"14/03/2022","19:10:00","19:25:00",49,"Drinks ",34,4.4,16,"scooter ",1,"No ","Metropolitian ","Fog","Jam ",0
"31/03/2022","19:10:00","19:25:00",29,"Meal ",27,4.7,3,"motorcycle ",0,"No ","Metropolitian ","Windy","Jam ",1
"5/03/2022","8:40:00","8:45:00",17,"Meal ",28,4.9,18,"scooter ",1,"No ","Metropolitian ","Sunny","Low ",0
"13/02/2022","11:25:00","11:35:00",30,"Drinks ",32,4.7,5,"motorcycle ",0,"No ","Metropolitian ","Stormy","High ",1
"17/03/2022","20:35:00","20:50:00",35,"Snack ",36,4.1,3,"scooter ",1,"No ","Metropolitian ","Cloudy","Jam ",1
"13/03/2022","20:40:00","20:50:00",39,"Buffet ",30,4.6,15,"motorcycle ",1,"No ","Urban ","Cloudy","Jam ",1
"6/04/2022","22:40:00","22:45:00",24,"Meal ",27,4.6,19,"motorcycle ",0,"No ","Metropolitian ","Cloudy","Low ",0
"10/03/2022","22:40:00","22:50:00",26,"Meal ",36,4.8,15,"scooter ",1,"No ","Metropolitian ","Windy","Low ",1
"13/02/2022","21:30:00","21:40:00",32,"Snack ",23,4.6,7,"motorcycle ",0,"No ","Metropolitian ","Stormy","Jam ",0
"9/03/2022","17:10:00","17:20:00",25,"Snack ",30,4.8,12,"scooter ",1,"No ","Metropolitian ","Windy","Medium ",0
"31/03/2022","21:10:00","21:20:00",32,"Drinks ",39,3.8,9,"electric_scooter ",2,"No ","Metropolitian ","Stormy","Jam ",1
"16/02/2022","23:35:00","23:40:00",33,"Drinks ",31,3.2,11,"motorcycle ",0,"No ","Metropolitian ","Sunny","Low ",1
"12/02/2022","21:35:00","21:50:00",47,"Drinks ",28,4.8,9,"motorcycle ",0,"Yes ","Metropolitian ","Fog","Jam ",1
"30/03/2022","12:00:00","12:15:00",26,"Meal ",29,4.8,9,"motorcycle ",2,"No ","Metropolitian ","Fog","High ",1
"12/03/2022","22:40:00","22:45:00",20,"Snack ",37,5,18,"motorcycle ",1,"No ","Metropolitian ","Windy","Low ",0
"13/02/2022","11:35:00","11:50:00",11,"Buffet ",28,4.7,6,"electric_scooter ",2,"No ","Metropolitian ","Stormy","High ",0
"15/03/2022","9:15:00","9:30:00",19,"Drinks ",37,4.7,23,"motorcycle ",2,"No ","Metropolitian ","Fog","Low ",1
"14/03/2022","22:40:00","22:45:00",25,"Drinks ",30,4.6,18,"motorcycle ",0,"No ","Metropolitian ","Sandstorms","Low ",1
"12/03/2022","19:45:00","19:50:00",28,"Drinks ",39,4.9,22,"electric_scooter ",2,"No ","Urban ","Sunny","Jam ",1
"1/04/2022","13:00:00","13:10:00",15,"Buffet ",23,4.9,18,"electric_scooter ",2,"No ","Metropolitian ","Sandstorms","High ",0
"5/03/2022","15:40:00","15:45:00",11,"Snack ",25,4.6,16,"scooter ",2,"No ","Metropolitian ","Sunny","Medium ",0
"12/03/2022","22:20:00","22:25:00",16,"Snack ",26,4.8,9,"motorcycle ",1,"No ","Metropolitian ","Sandstorms","Low ",1
"3/04/2022","13:45:00","13:50:00",34,"Snack ",26,4.2,8,"scooter ",2,"No ","Metropolitian ","Fog","High ",0
"13/03/2022","12:50:00","13:05:00",22,"Meal ",20,4.9,18,"scooter ",2,"No ","Metropolitian ","Stormy","High ",1
"11/02/2022","23:25:00","23:35:00",21,"Buffet ",26,4.3,2,"motorcycle ",0,"No ","Urban ","Sandstorms","Low ",0
"9/03/2022","17:40:00","17:45:00",22,"Buffet ",21,4.6,21,"motorcycle ",0,"No ","Metropolitian ","Sunny","Medium ",1
"31/03/2022","20:45:00","21:00:00",31,"Drinks ",31,4.9,4,"motorcycle ",0,"No ","Metropolitian ","Sunny","Jam ",1
"16/03/2022","22:20:00","22:25:00",23,"Buffet ",20,4.8,16,"scooter ",2,"No ","Metropolitian ","Fog","Low ",0
"26/03/2022","18:15:00","18:30:00",19,"Snack ",20,4.8,21,"motorcycle ",2,"No ","Urban ","Cloudy","Medium ",0
"9/03/2022","20:00:00","20:05:00",29,"Buffet ",32,5,13,"motorcycle ",1,"No ","Metropolitian ","Sandstorms","Jam ",1
"16/03/2022","19:00:00","19:05:00",15,"Drinks ",26,4.7,16,"motorcycle ",0,"No ","Metropolitian ","Sunny","Medium ",0
"1/04/2022","11:35:00","11:50:00",26,"Meal ",39,4.9,23,"motorcycle ",0,"No ","Metropolitian ","Fog","High ",1
"7/03/2022","23:55:00","0:05:00",23,"Meal ",21,4.7,21,"motorcycle ",0,"No ","Metropolitian ","Fog","Low ",1
"1/03/2022","13:40:00","13:50:00",23,"Drinks ",35,4.6,14,"scooter ",1,"No ","Metropolitian ","Sunny","High ",1
"5/03/2022","12:10:00","12:25:00",34,"Meal ",39,4.1,2,"scooter ",1,"No ","Metropolitian ","Sandstorms","High ",1
"1/03/2022","23:10:00","23:20:00",19,"Buffet ",20,4.9,9,"scooter ",2,"No ","Metropolitian ","Sunny","Low ",1
"9/03/2022","17:15:00","17:30:00",30,"Buffet ",39,4.8,15,"scooter ",2,"No ","Urban ","Sandstorms","Medium ",1
"21/03/2022","11:40:00","11:55:00",32,"Snack ",27,4.9,1,"scooter ",1,"No ","Metropolitian ","Cloudy","High ",0
"1/03/2022","16:00:00","16:15:00",12,"Meal ",29,4.8,12,"motorcycle ",0,"No ","Metropolitian ","Windy","Medium ",0
"17/02/2022","10:25:00","10:30:00",24,"Meal ",37,4.9,19,"motorcycle ",0,"No ","Urban ","Cloudy","Low ",1
"28/03/2022","11:30:00","11:45:00",21,"Snack ",37,4.7,23,"scooter ",2,"No ","Urban ","Sunny","High ",1
"2/03/2022","20:45:00","20:55:00",26,"Buffet ",37,4.6,14,"motorcycle ",2,"No ","Metropolitian ","Sunny","Jam ",1
"16/03/2022","21:20:00","21:25:00",44,"Buffet ",39,5,14,"motorcycle ",1,"No ","Metropolitian ","Cloudy","Jam ",1
"2/04/2022","20:30:00","20:40:00",25,"Snack ",30,5,22,"motorcycle ",2,"No ","Metropolitian ","Sandstorms","Jam ",1
"7/03/2022","15:55:00","16:05:00",25,"Buffet ",21,4.7,23,"motorcycle ",0,"No ","Metropolitian ","Fog","Medium ",1
"18/03/2022","22:20:00","22:30:00",17,"Meal ",27,4.7,17,"motorcycle ",0,"No ","Urban ","Stormy","Low ",0
"15/03/2022","17:35:00","17:40:00",18,"Buffet ",27,4.7,16,"motorcycle ",1,"No ","Metropolitian ","Fog","Medium ",0
"1/03/2022","17:30:00","17:40:00",22,"Snack ",28,5,22,"motorcycle ",0,"No ","Metropolitian ","Windy","Medium ",1
"1/03/2022","20:25:00","20:40:00",30,"Buffet ",32,4.7,17,"electric_scooter ",2,"No ","Urban ","Sandstorms","Jam ",0
"15/02/2022","21:50:00","22:00:00",16,"Buffet ",29,4.9,3,"motorcycle ",0,"No ","Metropolitian ","Windy","Jam ",1
"13/02/2022","19:55:00","20:10:00",42,"Meal ",36,4.2,2,"motorcycle ",0,"No ","Metropolitian ","Windy","Jam ",1
"31/03/2022","17:30:00","17:40:00",26,"Meal ",36,4.9,19,"scooter ",2,"No ","Metropolitian ","Windy","Medium ",1
"13/03/2022","20:50:00","21:05:00",31,"Meal ",36,4.8,21,"motorcycle ",1,"No ","Metropolitian ","Sandstorms","Jam ",1
"5/04/2022","17:50:00","17:55:00",10,"Meal ",26,4.6,19,"scooter ",2,"No ","Urban ","Sunny","Medium ",0
"4/03/2022","18:50:00","19:05:00",35,"Snack ",21,4.7,13,"motorcycle ",0,"No ","Metropolitian ","Fog","Medium ",0
"29/03/2022","18:50:00","18:55:00",20,"Buffet ",36,4.9,23,"scooter ",1,"No ","Metropolitian ","Sandstorms","Medium ",0
"1/04/2022","23:00:00","23:05:00",16,"Buffet ",39,4.6,23,"scooter ",2,"No ","Metropolitian ","Cloudy","Low ",1
"17/03/2022","17:55:00","18:05:00",19,"Drinks ",20,4.8,19,"scooter ",2,"No ","Metropolitian ","Cloudy","Medium ",1
"17/03/2022","18:00:00","18:15:00",26,"Drinks ",37,5,15,"motorcycle ",0,"No ","Metropolitian ","Sandstorms","Medium ",1
"19/03/2022","10:40:00","10:55:00",10,"Snack ",27,5,23,"motorcycle ",1,"No ","Urban ","Cloudy","Low ",1
"2/04/2022","21:25:00","21:40:00",38,"Snack ",39,3.5,3,"scooter ",2,"No ","Metropolitian ","Windy","Jam ",0
"1/03/2022","19:20:00","19:35:00",24,"Meal ",36,4.6,12,"motorcycle ",0,"No ","Metropolitian ","Sunny","Jam ",1
"3/03/2022","18:55:00","19:10:00",30,"Drinks ",31,4.9,13,"electric_scooter ",2,"No ","Metropolitian ","Stormy","Medium ",1
"21/03/2022","20:55:00","21:00:00",29,"Buffet ",24,4.8,1,"scooter ",1,"No ","Metropolitian ","Fog","Jam ",1
"20/03/2022","21:50:00","22:05:00",42,"Buffet ",29,4.7,9,"electric_scooter ",2,"No ","Metropolitian ","Cloudy","Jam ",0
"3/04/2022","12:00:00","12:05:00",32,"Drinks ",22,4.6,13,"motorcycle ",2,"No ","Metropolitian ","Cloudy","High ",1
"20/03/2022","23:25:00","23:30:00",21,"Drinks ",30,4.7,16,"scooter ",2,"No ","Metropolitian ","Sandstorms","Low ",1
"2/04/2022","17:10:00","17:25:00",32,"Meal ",27,4.6,13,"motorcycle ",0,"No ","Metropolitian ","Fog","Medium ",0
"4/04/2022","17:55:00","18:05:00",27,"Buffet ",24,4.5,23,"scooter ",2,"No ","Metropolitian ","Stormy","Medium ",1
"31/03/2022","21:40:00","21:50:00",52,"Meal ",35,4.1,9,"motorcycle ",0,"No ","Metropolitian ","Windy","Jam ",1
"4/04/2022","18:50:00","18:55:00",32,"Buffet ",28,4.1,15,"motorcycle ",0,"No ","Metropolitian ","Stormy","Medium ",2
"16/02/2022","17:35:00","17:45:00",16,"Buffet ",30,4.8,8,"motorcycle ",2,"No ","Metropolitian ","Sunny","Medium ",0
"6/03/2022","18:30:00","18:45:00",40,"Meal ",32,4.8,18,"motorcycle ",0,"No ","Metropolitian ","Stormy","Medium ",1
"7/03/2022","17:20:00","17:30:00",10,"Meal ",25,4.8,18,"motorcycle ",1,"No ","Urban ","Stormy","Medium ",0
"5/03/2022","19:20:00","19:25:00",28,"Buffet ",34,4.6,22,"scooter ",1,"No ","Urban ","Stormy","Jam ",1
"14/03/2022","18:10:00","18:25:00",49,"Buffet ",35,4.8,21,"motorcycle ",0,"Yes ","Metropolitian ","Sandstorms","Medium ",3
"10/03/2022","22:15:00","22:20:00",12,"Meal ",22,4.6,12,"motorcycle ",1,"No ","Metropolitian ","Windy","Low ",1
"23/03/2022","17:35:00","17:45:00",31,"Snack ",36,4.9,8,"motorcycle ",1,"No ","Metropolitian ","Cloudy","Medium ",0
"18/02/2022","20:55:00","21:00:00",18,"Snack ",26,4.7,22,"scooter ",2,"No ","Urban ","Windy","Jam ",0
"14/03/2022","20:30:00","20:35:00",45,"Meal ",28,4.8,18,"motorcycle ",0,"No ","Metropolitian ","Fog","Jam ",1
"2/04/2022","23:15:00","23:20:00",26,"Buffet ",21,4.5,22,"motorcycle ",0,"No ","Metropolitian ","Sunny","Low ",1
"6/04/2022","18:35:00","18:50:00",27,"Snack ",26,4.9,18,"scooter ",1,"No ","Metropolitian ","Cloudy","Medium ",1
"26/03/2022","20:25:00","20:30:00",30,"Drinks ",30,4.8,6,"scooter ",2,"No ","Metropolitian ","Stormy","Jam ",0
"2/04/2022","19:15:00","19:20:00",24,"Meal ",23,4.9,9,"motorcycle ",1,"No ","Metropolitian ","Sunny","Jam ",1
"2/03/2022","20:20:00","20:25:00",18,"Meal ",31,4.6,18,"scooter ",2,"No ","Metropolitian ","Sunny","Jam ",0
"31/03/2022","23:50:00","23:55:00",20,"Buffet ",34,4.9,23,"motorcycle ",0,"No ","Metropolitian ","Sandstorms","Low ",0
"18/03/2022","23:15:00","23:25:00",23,"Drinks ",30,4.7,13,"scooter ",1,"No ","Metropolitian ","Stormy","Low ",0
"11/03/2022","11:00:00","11:05:00",18,"Drinks ",29,4.7,12,"scooter ",2,"No ","Metropolitian ","Stormy","Low ",0
"4/03/2022","23:00:00","23:15:00",31,"Buffet ",38,3.8,6,"motorcycle ",1,"No ","Metropolitian ","Stormy","Low ",0
"3/04/2022","15:25:00","15:40:00",23,"Meal ",37,5,18,"motorcycle ",1,"No ","Metropolitian ","Sunny","Medium ",1
"28/03/2022","9:45:00","10:00:00",24,"Drinks ",34,4.5,1,"motorcycle ",0,"No ","Urban ","Sandstorms","Low ",0
"4/03/2022","23:25:00","23:35:00",23,"Drinks ",22,4.7,19,"motorcycle ",1,"No ","Metropolitian ","Fog","Low ",1
"30/03/2022","18:25:00","18:30:00",28,"Meal ",30,4.6,6,"motorcycle ",0,"No ","Urban ","Sandstorms","Medium ",0
"21/03/2022","8:55:00","9:05:00",15,"Buffet ",36,4.6,17,"scooter ",2,"No ","Metropolitian ","Cloudy","Low ",1
"16/02/2022","21:15:00","21:25:00",44,"Buffet ",29,4.5,7,"motorcycle ",0,"No ","Metropolitian ","Fog","Jam ",2
"26/03/2022","20:50:00","21:00:00",32,"Buffet ",31,4.7,11,"scooter ",2,"No ","Metropolitian ","Sandstorms","Jam ",1
"29/03/2022","23:00:00","23:05:00",25,"Buffet ",32,4.7,13,"motorcycle ",0,"No ","Metropolitian ","Windy","Low ",1
"25/03/2022","18:25:00","18:30:00",24,"Drinks ",27,4.8,15,"motorcycle ",1,"No ","Metropolitian ","Stormy","Medium ",1
"2/04/2022","21:20:00","21:35:00",15,"Meal ",33,4.6,19,"scooter ",2,"No ","Metropolitian ","Sunny","Jam ",0
"12/03/2022","21:40:00","21:55:00",35,"Buffet ",26,4.7,12,"motorcycle ",0,"No ","Metropolitian ","Windy","Jam ",1
"23/03/2022","22:00:00","22:10:00",24,"Buffet ",20,4.7,23,"motorcycle ",2,"No ","Metropolitian ","Sunny","Jam ",1
"21/03/2022","10:35:00","10:45:00",31,"Buffet ",38,4.1,9,"motorcycle ",0,"No ","Metropolitian ","Stormy","Low ",1
"9/03/2022","21:45:00","22:00:00",29,"Drinks ",29,4.5,2,"motorcycle ",0,"No ","Urban ","Stormy","Jam ",1
"9/03/2022","12:00:00","12:15:00",28,"Drinks ",38,4.8,17,"scooter ",1,"No ","Metropolitian ","Cloudy","High ",1
"27/03/2022","22:15:00","22:25:00",18,"Drinks ",23,4.7,13,"motorcycle ",1,"No ","Metropolitian ","Stormy","Low ",1
"2/04/2022","17:55:00","18:00:00",25,"Meal ",23,4.8,9,"scooter ",1,"No ","Metropolitian ","Fog","Medium ",1
"2/04/2022","19:50:00","19:55:00",12,"Snack ",29,4.9,19,"motorcycle ",1,"No ","Urban ","Sunny","Jam ",1
"15/03/2022","22:20:00","22:25:00",29,"Buffet ",24,4.4,19,"motorcycle ",0,"No ","Metropolitian ","Sandstorms","Low ",0
"16/02/2022","20:50:00","20:55:00",31,"Drinks ",38,3.6,20,"electric_scooter ",2,"No ","Metropolitian ","Windy","Jam ",1
"2/04/2022","23:45:00","0:00:00",15,"Drinks ",26,4.7,15,"motorcycle ",0,"No ","Urban ","Sandstorms","Low ",1
"19/03/2022","18:15:00","18:30:00",21,"Buffet ",28,4.9,16,"motorcycle ",0,"No ","Urban ","Sandstorms","Medium ",1
"24/03/2022","18:25:00","18:35:00",26,"Snack ",34,4.7,14,"motorcycle ",0,"No ","Metropolitian ","Fog","Medium ",1
"6/04/2022","18:55:00","19:10:00",18,"Buffet ",30,4.6,15,"motorcycle ",2,"No ","Urban ","Sunny","Medium ",1
"30/03/2022","22:25:00","22:35:00",25,"Drinks ",38,4,12,"motorcycle ",0,"No ","Metropolitian ","Sandstorms","Low ",0
"2/03/2022","22:15:00","22:25:00",31,"Meal ",31,3.9,8,"scooter ",1,"No ","Metropolitian ","Stormy","Low ",1
"13/03/2022","16:35:00","16:50:00",27,"Buffet ",22,4.6,16,"motorcycle ",1,"No ","Metropolitian ","Stormy","Medium ",0
"25/03/2022","23:50:00","0:00:00",37,"Meal ",33,3.9,11,"scooter ",1,"No ","Metropolitian ","Cloudy","Low ",1
"12/02/2022","21:25:00","21:30:00",31,"Drinks ",27,5,2,"motorcycle ",0,"No ","Metropolitian ","Stormy","Jam ",0
"2/04/2022","23:45:00","23:55:00",23,"Buffet ",26,4.6,23,"scooter ",1,"No ","Metropolitian ","Cloudy","Low ",0
"9/03/2022","20:25:00","20:30:00",16,"Meal ",20,4.9,21,"motorcycle ",0,"No ","Metropolitian ","Sandstorms","Jam ",1
"14/02/2022","0:00:00","0:05:00",31,"Buffet ",29,2.6,15,"electric_scooter ",2,"No ","Metropolitian ","Sunny","Low ",1
"3/03/2022","13:20:00","13:35:00",21,"Buffet ",32,4.9,13,"motorcycle ",0,"No ","Metropolitian ","Sunny","High ",0
"5/04/2022","11:40:00","11:45:00",22,"Snack ",26,4.9,22,"scooter ",1,"No ","Metropolitian ","Sandstorms","High ",1
"5/03/2022","13:25:00","13:35:00",32,"Drinks ",36,5,18,"motorcycle ",0,"No ","Metropolitian ","Windy","High ",1
"15/03/2022","10:35:00","10:45:00",16,"Meal ",29,4.5,19,"electric_scooter ",2,"No ","Metropolitian ","Stormy","Low ",1
"12/03/2022","17:15:00","17:30:00",29,"Drinks ",34,4.9,12,"scooter ",1,"No ","Metropolitian ","Stormy","Medium ",1
"3/03/2022","9:30:00","9:40:00",29,"Buffet ",36,4.9,13,"scooter ",1,"No ","Metropolitian ","Windy","Low ",1
"20/03/2022","23:55:00","0:00:00",25,"Snack ",34,4.5,9,"motorcycle ",1,"No ","Metropolitian ","Sunny","Low ",1
"1/03/2022","21:55:00","22:00:00",16,"Buffet ",25,4.7,22,"motorcycle ",1,"No ","Urban ","Windy","Jam ",0
"28/03/2022","11:10:00","11:25:00",23,"Buffet ",26,4.9,18,"motorcycle ",1,"No ","Urban ","Cloudy","High ",0
"5/03/2022","19:25:00","19:30:00",34,"Drinks ",37,4.4,17,"motorcycle ",2,"No ","Metropolitian ","Fog","Jam ",1
"8/03/2022","19:50:00","20:05:00",44,"Buffet ",38,4.9,16,"scooter ",2,"No ","Metropolitian ","Fog","Jam ",2
"4/04/2022","19:00:00","19:05:00",29,"Buffet ",22,4.6,22,"scooter ",2,"No ","Metropolitian ","Windy","Medium ",0
"28/03/2022","19:45:00","20:00:00",28,"Drinks ",31,4.9,15,"motorcycle ",0,"No ","Metropolitian ","Sunny","Jam ",1
"5/04/2022","13:50:00","14:05:00",20,"Snack ",22,4.8,15,"motorcycle ",0,"No ","Urban ","Cloudy","High ",1
"10/03/2022","21:00:00","21:15:00",42,"Snack ",27,4.7,23,"scooter ",2,"No ","Metropolitian ","Cloudy","Jam ",1
"9/03/2022","14:00:00","14:05:00",29,"Meal ",24,4.8,16,"scooter ",1,"No ","Urban ","Windy","High ",1
"29/03/2022","23:00:00","23:15:00",20,"Meal ",36,4.6,21,"scooter ",2,"No ","Metropolitian ","Sandstorms","Low ",1
"3/04/2022","15:25:00","15:35:00",25,"Buffet ",37,4.5,22,"motorcycle ",0,"No ","Metropolitian ","Windy","Medium ",0
"30/03/2022","0:00:00","0:10:00",17,"Meal ",36,4.7,3,"scooter ",1,"No ","Urban ","Sunny","Low ",1
"25/03/2022","21:35:00","21:40:00",36,"Meal ",30,4.9,22,"motorcycle ",0,"No ","Urban ","Stormy","Jam ",1
"11/03/2022","18:40:00","18:50:00",18,"Meal ",28,4.7,23,"motorcycle ",0,"No ","Metropolitian ","Windy","Medium ",1
"2/03/2022","19:00:00","19:05:00",44,"Drinks ",36,4.5,17,"motorcycle ",0,"No ","Metropolitian ","Stormy","Medium ",2
"27/03/2022","22:25:00","22:30:00",43,"Drinks ",35,4.6,3,"motorcycle ",0,"Yes ","Metropolitian ","Cloudy","Low ",2
"19/03/2022","14:25:00","14:30:00",30,"Snack ",30,4.8,23,"electric_scooter ",2,"No ","Metropolitian ","Windy","High ",1
"24/03/2022","17:00:00","17:05:00",16,"Meal ",33,4.9,23,"scooter ",2,"No ","Metropolitian ","Cloudy","Medium ",1
"4/04/2022","20:35:00","20:45:00",36,"Meal ",33,4.7,13,"scooter ",1,"No ","Metropolitian ","Cloudy","Jam ",2
"14/03/2022","22:10:00","22:15:00",23,"Snack ",38,4.6,12,"electric_scooter ",2,"No ","Metropolitian ","Sunny","Low ",1
"1/04/2022","11:20:00","11:30:00",33,"Snack ",29,4.2,15,"scooter ",2,"No ","Metropolitian ","Fog","High ",1
"24/03/2022","23:10:00","23:20:00",23,"Meal ",30,4.9,12,"motorcycle ",0,"No ","Metropolitian ","Sunny","Low ",1
"27/03/2022","23:30:00","23:45:00",42,"Meal ",39,4.3,1,"motorcycle ",0,"No ","Metropolitian ","Cloudy","Low ",1
"6/04/2022","20:10:00","20:20:00",42,"Meal ",31,4.9,19,"motorcycle ",0,"Yes ","Metropolitian ","Cloudy","Jam ",2
"8/03/2022","20:45:00","20:50:00",35,"Meal ",25,4.2,5,"motorcycle ",0,"No ","Metropolitian ","Sandstorms","Jam ",1
"13/03/2022","18:10:00","18:20:00",26,"Snack ",24,4.6,14,"scooter ",1,"No ","Metropolitian ","Stormy","Medium ",1
"11/03/2022","23:30:00","23:35:00",26,"Buffet ",37,4.5,3,"motorcycle ",0,"No ","Urban ","Fog","Low ",1
"16/02/2022","21:50:00","21:55:00",31,"Meal ",24,4.3,2,"scooter ",1,"No ","Metropolitian ","Stormy","Jam ",2
"20/03/2022","21:00:00","21:05:00",47,"Snack ",35,4.1,11,"motorcycle ",2,"No ","Metropolitian ","Cloudy","Jam ",1
"4/04/2022","0:00:00","0:05:00",23,"Drinks ",32,4.8,23,"electric_scooter ",2,"No ","Metropolitian ","Sandstorms","Low ",1
"18/02/2022","21:10:00","21:15:00",14,"Drinks ",25,4.9,8,"electric_scooter ",2,"No ","Metropolitian ","Fog","Jam ",1
"15/02/2022","21:50:00","22:00:00",16,"Buffet ",29,4.9,3,"motorcycle ",0,"No ","Metropolitian ","Windy","Jam ",1
"2/04/2022","19:10:00","19:25:00",28,"Snack ",24,4.8,22,"motorcycle ",2,"No ","Metropolitian ","Stormy","Jam ",1
"12/02/2022","20:15:00","20:25:00",31,"Meal ",31,3.8,17,"motorcycle ",2,"No ","Metropolitian ","Sunny","Jam ",1
"2/03/2022","17:25:00","17:30:00",42,"Meal ",35,4.5,23,"motorcycle ",0,"No ","Metropolitian ","Fog","Medium ",1
"5/04/2022","9:00:00","9:15:00",20,"Buffet ",36,4.3,1,"motorcycle ",0,"No ","Metropolitian ","Stormy","Low ",1
"28/03/2022","17:00:00","17:10:00",26,"Drinks ",39,4.6,16,"scooter ",2,"No ","Metropolitian ","Stormy","Medium ",1
"18/03/2022","19:10:00","19:25:00",19,"Drinks ",26,4.7,18,"motorcycle ",1,"No ","Urban ","Stormy","Jam ",1
"4/03/2022","21:30:00","21:40:00",21,"Snack ",27,4.9,21,"scooter ",2,"No ","Urban ","Stormy","Jam ",0
"21/03/2022","9:50:00","9:55:00",28,"Drinks ",29,4.1,9,"motorcycle ",0,"No ","Metropolitian ","Sandstorms","Low ",1
"6/04/2022","22:25:00","22:40:00",21,"Snack ",37,4.7,17,"scooter ",1,"No ","Metropolitian ","Windy","Low ",1
"8/03/2022","20:10:00","20:20:00",27,"Snack ",32,4.6,22,"motorcycle ",1,"No ","Urban ","Stormy","Jam ",1
"10/03/2022","22:35:00","22:40:00",24,"Snack ",38,4.6,22,"scooter ",2,"No ","Metropolitian ","Sandstorms","Low ",1
"2/03/2022","17:25:00","17:30:00",18,"Buffet ",30,4.8,22,"motorcycle ",2,"No ","Metropolitian ","Sunny","Medium ",1
"10/03/2022","17:55:00","18:05:00",13,"Buffet ",20,4.6,19,"motorcycle ",1,"No ","Metropolitian ","Sunny","Medium ",1
"21/03/2022","19:30:00","19:35:00",31,"Snack ",33,4.1,13,"scooter ",1,"No ","Metropolitian ","Sandstorms","Jam ",1
"17/02/2022","20:55:00","21:05:00",25,"Snack ",20,4.7,3,"scooter ",1,"No ","Metropolitian ","Fog","Jam ",0
"20/03/2022","21:45:00","22:00:00",27,"Buffet ",28,4.5,12,"motorcycle ",0,"No ","Metropolitian ","Stormy","Jam ",1
"13/02/2022","13:25:00","13:30:00",27,"Meal ",39,4.8,2,"electric_scooter ",2,"No ","Metropolitian ","Windy","High ",1
"25/03/2022","23:50:00","0:05:00",36,"Meal ",24,3.3,4,"electric_scooter ",2,"No ","Metropolitian ","Sunny","Low ",2
"17/03/2022","21:25:00","21:30:00",24,"Meal ",22,4.5,3,"scooter ",1,"No ","Urban ","Fog","Jam ",0
"23/03/2022","19:30:00","19:40:00",33,"Drinks ",28,4.1,1,"motorcycle ",2,"No ","Metropolitian ","Fog","Jam ",0
"8/03/2022","22:20:00","22:30:00",24,"Meal ",21,4.7,21,"motorcycle ",0,"No ","Metropolitian ","Fog","Low ",1
"21/03/2022","19:55:00","20:00:00",28,"Snack ",35,4.9,16,"scooter ",2,"No ","Metropolitian ","Stormy","Jam ",1
"10/03/2022","19:45:00","20:00:00",23,"Drinks ",29,4.5,6,"scooter ",2,"No ","Urban ","Sandstorms","Jam ",0
"6/04/2022","20:15:00","20:30:00",44,"Buffet ",32,4.7,15,"scooter ",2,"No ","Metropolitian ","Fog","Jam ",2
"29/03/2022","20:35:00","20:45:00",25,"Drinks ",22,4.8,19,"motorcycle ",0,"No ","Metropolitian ","Sunny","Jam ",1
"17/02/2022","19:20:00","19:25:00",29,"Drinks ",38,4.9,5,"scooter ",2,"No ","Metropolitian ","Fog","Jam ",1
"30/03/2022","9:25:00","9:30:00",21,"Meal ",39,4.9,23,"motorcycle ",0,"No ","Metropolitian ","Fog","Low ",0
"2/04/2022","19:00:00","19:15:00",30,"Meal ",30,4.9,9,"motorcycle ",2,"No ","Metropolitian ","Cloudy","Medium ",0
"8/03/2022","22:10:00","22:15:00",24,"Drinks ",26,4.9,19,"motorcycle ",0,"No ","Urban ","Stormy","Low ",0
"6/03/2022","20:35:00","20:40:00",39,"Drinks ",31,4.1,3,"motorcycle ",1,"No ","Metropolitian ","Stormy","Jam ",0
"9/03/2022","12:30:00","12:45:00",40,"Drinks ",31,4.6,16,"motorcycle ",0,"No ","Urban ","Stormy","High ",1
"4/03/2022","17:10:00","17:15:00",34,"Meal ",21,4.9,17,"motorcycle ",0,"No ","Urban ","Cloudy","Medium ",1
"5/03/2022","23:10:00","23:15:00",17,"Meal ",32,4.5,17,"scooter ",2,"No ","Metropolitian ","Fog","Low ",0
"13/03/2022","21:30:00","21:40:00",19,"Snack ",34,4.7,19,"motorcycle ",1,"No ","Metropolitian ","Sunny","Jam ",1
"29/03/2022","23:30:00","23:45:00",39,"Drinks ",35,4.2,13,"scooter ",1,"No ","Metropolitian ","Cloudy","Low ",2
"4/03/2022","22:00:00","22:05:00",39,"Buffet ",35,4.7,18,"motorcycle ",2,"No ","Metropolitian ","Stormy","Jam ",1
"13/02/2022","15:00:00","15:05:00",33,"Meal ",31,4.8,8,"motorcycle ",0,"No ","Metropolitian ","Stormy","High ",1
"17/03/2022","20:10:00","20:25:00",24,"Snack ",29,4.6,4,"motorcycle ",1,"No ","Metropolitian ","Fog","Jam ",0
"12/03/2022","0:00:00","0:15:00",25,"Drinks ",33,4.8,18,"motorcycle ",0,"No ","Metropolitian ","Sandstorms","Low ",1
"6/03/2022","20:55:00","21:00:00",43,"Buffet ",38,4.7,21,"motorcycle ",0,"No ","Metropolitian ","Fog","Jam ",2
"16/02/2022","20:50:00","21:05:00",18,"Snack ",24,4.6,2,"electric_scooter ",2,"No ","Metropolitian ","Sunny","Jam ",1
"7/03/2022","9:45:00","9:50:00",24,"Drinks ",30,4.8,22,"motorcycle ",1,"No ","Metropolitian ","Sandstorms","Low ",1
"5/03/2022","16:55:00","17:00:00",20,"Meal ",20,4.8,23,"motorcycle ",0,"No ","Metropolitian ","Stormy","Medium ",1
"16/03/2022","22:10:00","22:20:00",25,"Meal ",33,5,18,"motorcycle ",0,"No ","Metropolitian ","Sunny","Low ",1
"10/03/2022","23:55:00","0:00:00",37,"Buffet ",35,4.8,15,"motorcycle ",0,"No ","Metropolitian ","Cloudy","Low ",1
"16/03/2022","17:30:00","17:45:00",27,"Buffet ",37,4.9,12,"scooter ",1,"No ","Metropolitian ","Sandstorms","Medium ",1
"17/03/2022","20:20:00","20:35:00",14,"Snack ",28,4.8,13,"scooter ",2,"No ","Metropolitian ","Windy","Jam ",1
"16/02/2022","19:35:00","19:40:00",42,"Buffet ",39,5,3,"electric_scooter ",2,"No ","Metropolitian ","Fog","Jam ",1
"1/04/2022","18:30:00","18:40:00",25,"Drinks ",21,5,22,"electric_scooter ",2,"No ","Metropolitian ","Stormy","Medium ",1
"13/03/2022","22:00:00","22:05:00",18,"Buffet ",25,5,12,"electric_scooter ",2,"No ","Metropolitian ","Stormy","Jam ",1
"11/02/2022","19:20:00","19:25:00",34,"Buffet ",32,4.6,8,"motorcycle ",0,"No ","Metropolitian ","Stormy","Jam ",1
"16/03/2022","21:55:00","22:05:00",43,"Snack ",34,3.8,2,"scooter ",2,"Yes ","Urban ","Stormy","Jam ",1
"2/04/2022","20:20:00","20:25:00",37,"Snack ",38,3.8,12,"motorcycle ",1,"No ","Metropolitian ","Stormy","Jam ",1
"13/02/2022","20:15:00","20:20:00",33,"Buffet ",37,4.6,9,"scooter ",2,"No ","Metropolitian ","Stormy","Jam ",1
"25/03/2022","22:15:00","22:30:00",22,"Snack ",28,4.6,21,"motorcycle ",0,"No ","Urban ","Cloudy","Low ",1
"4/03/2022","20:10:00","20:15:00",26,"Drinks ",32,4.9,15,"motorcycle ",0,"No ","Metropolitian ","Sunny","Jam ",1
"21/03/2022","11:35:00","11:45:00",37,"Snack ",34,4.3,7,"scooter ",2,"No ","Metropolitian ","Cloudy","High ",0
"11/03/2022","11:50:00","12:05:00",14,"Meal ",26,4.5,19,"electric_scooter ",2,"No ","Metropolitian ","Sunny","High ",0
"26/03/2022","15:10:00","15:15:00",19,"Snack ",22,4.7,22,"scooter ",2,"No ","Urban ","Sunny","Medium ",1
"1/04/2022","13:25:00","13:35:00",19,"Meal ",24,4.8,9,"scooter ",2,"No ","Metropolitian ","Sandstorms","High ",0
"13/03/2022","19:55:00","20:10:00",25,"Drinks ",27,4.8,15,"motorcycle ",0,"No ","Metropolitian ","Fog","Jam ",1
"14/03/2022","20:40:00","20:45:00",35,"Snack ",29,4.9,16,"motorcycle ",0,"No ","Metropolitian ","Fog","Jam ",1
"15/02/2022","19:35:00","19:45:00",26,"Meal ",35,4.9,5,"scooter ",2,"No ","Metropolitian ","Stormy","Jam ",1
"1/04/2022","8:55:00","9:05:00",18,"Snack ",27,4.6,16,"motorcycle ",0,"No ","Urban ","Sunny","Low ",0
"28/03/2022","9:00:00","9:10:00",25,"Snack ",37,4.2,22,"motorcycle ",0,"No ","Metropolitian ","Sandstorms","Low ",0
"5/03/2022","22:45:00","22:50:00",16,"Drinks ",25,4.7,22,"scooter ",2,"No ","Urban ","Stormy","Low ",0
"17/03/2022","10:20:00","10:35:00",23,"Buffet ",23,4.7,16,"motorcycle ",1,"No ","Urban ","Sunny","Low ",1
"13/02/2022","17:15:00","17:20:00",27,"Meal ",35,4.7,6,"motorcycle ",2,"No ","Metropolitian ","Sandstorms","Medium ",1
"8/03/2022","18:15:00","18:25:00",37,"Meal ",26,4.9,9,"motorcycle ",0,"No ","Metropolitian ","Fog","Medium ",1
"15/02/2022","11:15:00","11:20:00",26,"Snack ",31,4.7,4,"electric_scooter ",2,"No ","Metropolitian ","Windy","High ",1
"17/02/2022","20:15:00","20:20:00",36,"Snack ",20,4.4,9,"motorcycle ",0,"No ","Metropolitian ","Fog","Jam ",1
"2/03/2022","21:40:00","21:55:00",45,"Buffet ",33,4.3,9,"scooter ",2,"No ","Metropolitian ","Stormy","Jam ",1
"5/03/2022","10:15:00","10:25:00",10,"Meal ",28,5,19,"electric_scooter ",2,"No ","Metropolitian ","Windy","Low ",1
"11/03/2022","23:30:00","23:45:00",30,"Snack ",35,4,11,"motorcycle ",0,"No ","Metropolitian ","Stormy","Low ",1
"4/03/2022","23:40:00","23:50:00",17,"Snack ",37,4.6,17,"motorcycle ",1,"No ","Metropolitian ","Stormy","Low ",0
"16/02/2022","19:25:00","19:40:00",35,"Buffet ",29,4.9,4,"motorcycle ",1,"No ","Metropolitian ","Fog","Jam ",1
"21/03/2022","14:25:00","14:35:00",27,"Drinks ",34,4.9,14,"motorcycle ",1,"No ","Metropolitian ","Windy","High ",1
"11/02/2022","12:20:00","12:30:00",20,"Snack ",35,4.8,9,"motorcycle ",0,"No ","Metropolitian ","Sunny","High ",0
"17/02/2022","21:45:00","21:50:00",26,"Buffet ",25,5,19,"motorcycle ",0,"No ","Urban ","Fog","Jam ",1
"12/03/2022","17:30:00","17:35:00",21,"Buffet ",39,4.8,12,"motorcycle ",1,"No ","Metropolitian ","Sunny","Medium ",0
"23/03/2022","22:10:00","22:25:00",39,"Meal ",25,2.9,3,"scooter ",1,"No ","Metropolitian ","Sunny","Low ",1
"18/03/2022","21:25:00","21:30:00",28,"Drinks ",35,4.7,3,"scooter ",1,"No ","Metropolitian ","Stormy","Jam ",1
"17/03/2022","20:45:00","20:50:00",29,"Meal ",38,4.8,22,"motorcycle ",1,"No ","Metropolitian ","Cloudy","Jam ",1
"16/03/2022","17:30:00","17:35:00",16,"Buffet ",27,4.6,15,"motorcycle ",2,"No ","Metropolitian ","Sunny","Medium ",0
"19/03/2022","9:50:00","10:05:00",10,"Meal ",26,4.9,1,"scooter ",1,"No ","Metropolitian ","Cloudy","Low ",0
"29/03/2022","21:00:00","21:15:00",45,"Snack ",34,5,4,"motorcycle ",0,"No ","Metropolitian ","Stormy","Jam ",0
"28/03/2022","8:55:00","9:10:00",17,"Drinks ",24,4.6,21,"electric_scooter ",2,"No ","Metropolitian ","Windy","Low ",1
"3/03/2022","18:55:00","19:10:00",30,"Drinks ",31,4.9,13,"electric_scooter ",2,"No ","Metropolitian ","Stormy","Medium ",1
"30/03/2022","23:15:00","23:20:00",18,"Drinks ",22,4.7,9,"electric_scooter ",2,"No ","Metropolitian ","Sunny","Low ",1
"8/03/2022","23:15:00","23:30:00",36,"Snack ",23,3.2,4,"motorcycle ",1,"No ","Metropolitian ","Sunny","Low ",1
"19/03/2022","20:00:00","20:15:00",33,"Buffet ",31,4.1,23,"motorcycle ",1,"No ","Metropolitian ","Sandstorms","Jam ",1
"13/02/2022","22:20:00","22:30:00",24,"Snack ",37,4.9,9,"motorcycle ",1,"No ","Metropolitian ","Sandstorms","Low ",1
"15/03/2022","23:25:00","23:35:00",15,"Meal ",21,4.6,15,"motorcycle ",2,"No ","Urban ","Stormy","Low ",0
"25/03/2022","21:30:00","21:35:00",42,"Drinks ",33,4.4,5,"scooter ",2,"No ","Metropolitian ","Cloudy","Jam ",2
"3/03/2022","18:40:00","18:45:00",14,"Meal ",25,4.7,13,"electric_scooter ",2,"No ","Metropolitian ","Sunny","Medium ",1
"26/03/2022","22:35:00","22:45:00",19,"Meal ",25,4.5,16,"motorcycle ",1,"No ","Metropolitian ","Cloudy","Low ",1
"2/04/2022","22:20:00","22:25:00",34,"Snack ",34,3.8,12,"scooter ",2,"No ","Metropolitian ","Cloudy","Low ",0
"15/03/2022","12:40:00","12:55:00",19,"Snack ",29,4.9,23,"motorcycle ",1,"No ","Metropolitian ","Sunny","High ",1
"28/03/2022","18:40:00","18:50:00",27,"Buffet ",34,4.7,13,"electric_scooter ",2,"No ","Metropolitian ","Stormy","Medium ",0
"3/04/2022","10:45:00","10:50:00",17,"Buffet ",23,4.6,18,"motorcycle ",1,"No ","Metropolitian ","Cloudy","Low ",1
"12/03/2022","21:10:00","21:15:00",17,"Snack ",26,4.6,17,"scooter ",2,"No ","Metropolitian ","Sunny","Jam ",1
"28/03/2022","21:10:00","21:15:00",26,"Buffet ",27,4.6,21,"scooter ",1,"No ","Metropolitian ","Sandstorms","Jam ",1
"31/03/2022","18:25:00","18:40:00",37,"Meal ",28,4.8,3,"motorcycle ",0,"No ","Metropolitian ","Cloudy","Medium ",1
"2/04/2022","17:10:00","17:25:00",32,"Meal ",27,4.6,13,"motorcycle ",0,"No ","Metropolitian ","Fog","Medium ",0
"31/03/2022","23:10:00","23:15:00",28,"Buffet ",38,5,12,"scooter ",1,"No ","Metropolitian ","Fog","Low ",1
"8/03/2022","22:20:00","22:30:00",25,"Buffet ",25,4.6,23,"motorcycle ",0,"No ","Metropolitian ","Sunny","Low ",1
"23/03/2022","18:35:00","18:45:00",10,"Buffet ",26,4.5,23,"scooter ",2,"No ","Metropolitian ","Sunny","Medium ",1
"23/03/2022","19:50:00","19:55:00",20,"Meal ",28,4.9,14,"motorcycle ",1,"No ","Metropolitian ","Stormy","Jam ",0
"13/02/2022","18:35:00","18:50:00",33,"Drinks ",39,4.7,22,"electric_scooter ",2,"No ","Urban ","Windy","Medium ",1
"1/04/2022","22:20:00","22:25:00",20,"Snack ",28,4.8,1,"motorcycle ",0,"No ","Urban ","Cloudy","Low ",1
"17/02/2022","11:10:00","11:15:00",31,"Buffet ",34,4.4,6,"scooter ",1,"No ","Metropolitian ","Fog","High ",1
"25/03/2022","22:35:00","22:50:00",28,"Snack ",25,4.8,23,"scooter ",2,"No ","Metropolitian ","Sunny","Low ",1
"9/03/2022","10:45:00","11:00:00",16,"Meal ",36,5,23,"motorcycle ",2,"No ","Urban ","Cloudy","Low ",0
"2/04/2022","20:25:00","20:30:00",33,"Snack ",31,3.6,1,"scooter ",1,"No ","Metropolitian ","Windy","Jam ",1
"29/03/2022","17:30:00","17:45:00",33,"Snack ",39,3.7,4,"motorcycle ",1,"No ","Metropolitian ","Windy","Medium ",0
"3/03/2022","11:30:00","11:40:00",27,"Meal ",37,4.5,12,"motorcycle ",0,"No ","Metropolitian ","Stormy","High ",0
"1/03/2022","23:10:00","23:15:00",19,"Drinks ",30,4.7,16,"motorcycle ",1,"No ","Urban ","Cloudy","Low ",1
"25/03/2022","18:15:00","18:25:00",20,"Meal ",31,4.9,12,"electric_scooter ",2,"No ","Metropolitian ","Windy","Medium ",1
"17/02/2022","14:00:00","14:15:00",21,"Meal ",20,4.7,3,"motorcycle ",0,"No ","Metropolitian ","Fog","High ",0
"14/03/2022","18:55:00","19:00:00",32,"Buffet ",39,4.1,2,"motorcycle ",0,"No ","Metropolitian ","Windy","Medium ",1
"1/03/2022","15:30:00","15:40:00",39,"Meal ",32,4.6,9,"motorcycle ",0,"No ","Metropolitian ","Windy","Medium ",1
"5/04/2022","22:15:00","22:25:00",22,"Buffet ",29,4.9,21,"motorcycle ",0,"No ","Metropolitian ","Fog","Low ",0
"6/04/2022","18:10:00","18:25:00",27,"Drinks ",22,4.8,21,"scooter ",2,"No ","Metropolitian ","Fog","Medium ",1
"17/02/2022","19:10:00","19:25:00",33,"Buffet ",34,4.4,2,"motorcycle ",0,"No ","Metropolitian ","Fog","Jam ",0
"6/03/2022","19:10:00","19:20:00",48,"Buffet ",38,4.9,19,"motorcycle ",0,"No ","Semi-Urban ","Fog","Jam ",1
"14/03/2022","18:45:00","18:50:00",27,"Snack ",23,4.5,16,"electric_scooter ",2,"No ","Metropolitian ","Sandstorms","Medium ",0
"7/03/2022","23:50:00","0:05:00",18,"Snack ",20,4.8,15,"motorcycle ",0,"No ","Urban ","Stormy","Low ",0
"19/03/2022","22:45:00","22:50:00",24,"Snack ",30,4.9,5,"motorcycle ",2,"No ","Metropolitian ","Stormy","Low ",1
"17/03/2022","17:35:00","17:50:00",24,"Drinks ",25,4.7,22,"scooter ",1,"No ","Urban ","Stormy","Medium ",1
"6/04/2022","20:25:00","20:30:00",30,"Meal ",37,4.5,18,"scooter ",1,"No ","Urban ","Stormy","Jam ",0
"29/03/2022","19:10:00","19:15:00",54,"Snack ",32,4.3,3,"motorcycle ",0,"Yes ","Semi-Urban ","Windy","Jam ",1
"15/02/2022","10:35:00","10:45:00",23,"Snack ",38,4.6,9,"motorcycle ",1,"No ","Metropolitian ","Windy","Low ",1
"18/02/2022","17:20:00","17:30:00",23,"Meal ",20,4.6,3,"motorcycle ",1,"No ","Metropolitian ","Sandstorms","Medium ",1
"29/03/2022","21:25:00","21:40:00",18,"Snack ",21,5,18,"motorcycle ",1,"No ","Metropolitian ","Sunny","Jam ",0
"10/03/2022","17:20:00","17:35:00",39,"Buffet ",38,4.1,3,"electric_scooter ",2,"No ","Urban ","Stormy","Medium ",1
"11/03/2022","23:50:00","0:00:00",21,"Drinks ",29,4.1,3,"motorcycle ",0,"No ","Metropolitian ","Windy","Low ",0
"5/04/2022","21:45:00","21:55:00",27,"Drinks ",26,4.8,22,"scooter ",1,"No ","Metropolitian ","Sandstorms","Jam ",1
"1/03/2022","21:40:00","21:55:00",24,"Snack ",21,4.8,15,"scooter ",2,"No ","Metropolitian ","Fog","Jam ",1
"17/03/2022","10:10:00","10:20:00",24,"Meal ",31,4.8,13,"motorcycle ",2,"No ","Metropolitian ","Stormy","Low ",0
"16/03/2022","22:50:00","22:55:00",17,"Buffet ",24,4.5,17,"motorcycle ",1,"No ","Metropolitian ","Windy","Low ",0
"2/04/2022","21:10:00","21:25:00",18,"Snack ",28,5,21,"scooter ",1,"No ","Metropolitian ","Sandstorms","Jam ",0
"21/03/2022","12:00:00","12:10:00",20,"Drinks ",27,4.8,12,"motorcycle ",1,"No ","Metropolitian ","Fog","High ",0
"17/02/2022","23:55:00","0:00:00",20,"Meal ",34,5,7,"scooter ",1,"No ","Metropolitian ","Stormy","Low ",1
"1/04/2022","13:40:00","13:55:00",48,"Snack ",31,4.8,17,"motorcycle ",0,"No ","Semi-Urban ","Sandstorms","High ",1
"24/03/2022","21:55:00","22:05:00",24,"Meal ",22,5,16,"motorcycle ",0,"No ","Metropolitian ","Cloudy","Jam ",0
"19/03/2022","9:00:00","9:15:00",19,"Buffet ",24,4.5,6,"scooter ",2,"No ","Urban ","Cloudy","Low ",1
"10/03/2022","21:50:00","21:55:00",22,"Buffet ",20,4.7,17,"motorcycle ",1,"No ","Urban ","Sandstorms","Jam ",0
"6/04/2022","17:20:00","17:25:00",30,"Meal ",34,4.9,22,"motorcycle ",1,"No ","Metropolitian ","Fog","Medium ",1
"5/04/2022","9:15:00","9:25:00",23,"Drinks ",36,4.9,15,"motorcycle ",0,"No ","Metropolitian ","Cloudy","Low ",1
"8/03/2022","23:10:00","23:20:00",29,"Snack ",34,4.7,21,"motorcycle ",0,"No ","Metropolitian ","Stormy","Low ",1
"11/02/2022","15:25:00","15:35:00",14,"Drinks ",24,4.6,3,"scooter ",2,"No ","Metropolitian ","Fog","Medium ",1
"11/02/2022","11:45:00","12:00:00",28,"Drinks ",38,4.8,2,"scooter ",1,"No ","Metropolitian ","Stormy","High ",1
"21/03/2022","13:40:00","13:45:00",27,"Drinks ",35,4.6,17,"motorcycle ",2,"No ","Metropolitian ","Fog","High ",0
"28/03/2022","8:15:00","8:25:00",19,"Meal ",22,4.8,13,"motorcycle ",2,"No ","Metropolitian ","Stormy","Low ",0
"12/02/2022","22:50:00","22:55:00",23,"Snack ",26,4.6,23,"motorcycle ",0,"No ","Urban ","Fog","Low ",1
"1/03/2022","15:20:00","15:30:00",14,"Snack ",27,4.7,23,"motorcycle ",0,"No ","Metropolitian ","Stormy","Medium ",0
"11/02/2022","15:00:00","15:10:00",28,"Snack ",21,4.6,15,"scooter ",1,"No ","Urban ","Stormy","High ",1
"28/03/2022","11:55:00","12:10:00",27,"Snack ",21,4.8,9,"motorcycle ",0,"No ","Metropolitian ","Fog","High ",1
"12/03/2022","20:45:00","20:50:00",19,"Drinks ",32,4.9,16,"scooter ",2,"No ","Metropolitian ","Sunny","Jam ",0
"5/03/2022","21:55:00","22:10:00",24,"Buffet ",38,4.6,15,"motorcycle ",0,"No ","Metropolitian ","Sunny","Jam ",1
"11/02/2022","13:00:00","13:10:00",27,"Snack ",34,4.6,8,"motorcycle ",0,"No ","Metropolitian ","Stormy","High ",1
"14/02/2022","21:55:00","22:00:00",36,"Drinks ",21,4.2,8,"motorcycle ",0,"No ","Metropolitian ","Sandstorms","Jam ",1
"17/03/2022","16:00:00","16:10:00",28,"Drinks ",32,4.5,17,"motorcycle ",0,"No ","Metropolitian ","Windy","Medium ",1
"24/03/2022","10:35:00","10:50:00",23,"Snack ",23,4.3,19,"motorcycle ",0,"No ","Metropolitian ","Sandstorms","Low ",1
"4/03/2022","17:20:00","17:35:00",22,"Snack ",32,4.7,21,"scooter ",2,"No ","Metropolitian ","Stormy","Medium ",1
"26/03/2022","21:15:00","21:20:00",28,"Snack ",37,4.9,23,"scooter ",2,"No ","Metropolitian ","Sandstorms","Jam ",1
"4/03/2022","22:40:00","22:45:00",24,"Snack ",32,4.7,17,"motorcycle ",0,"No ","Metropolitian ","Sandstorms","Low ",1
"14/02/2022","19:20:00","19:25:00",39,"Snack ",36,3.7,12,"motorcycle ",1,"No ","Metropolitian ","Stormy","Jam ",1
"3/03/2022","17:55:00","18:05:00",27,"Drinks ",38,4.9,16,"motorcycle ",0,"No ","Urban ","Cloudy","Medium ",0
"12/02/2022","20:25:00","20:35:00",36,"Meal ",33,3.6,18,"electric_scooter ",2,"No ","Metropolitian ","Windy","Jam ",0
"1/04/2022","8:20:00","8:25:00",13,"Meal ",34,4.9,19,"scooter ",1,"No ","Urban ","Sunny","Low ",1
"2/04/2022","18:15:00","18:30:00",27,"Snack ",35,4.5,19,"scooter ",2,"No ","Urban ","Sunny","Medium ",0
"8/03/2022","22:35:00","22:45:00",29,"Buffet ",35,4.8,9,"motorcycle ",1,"No ","Metropolitian ","Windy","Low ",0
"24/03/2022","19:35:00","19:40:00",26,"Drinks ",34,4.7,23,"scooter ",1,"No ","Metropolitian ","Stormy","Jam ",1
"17/03/2022","11:55:00","12:00:00",28,"Buffet ",23,4.7,7,"scooter ",1,"No ","Metropolitian ","Stormy","High ",1
"5/03/2022","8:45:00","8:50:00",20,"Snack ",31,4.5,23,"motorcycle ",0,"No ","Metropolitian ","Sunny","Low ",1
"2/03/2022","20:35:00","20:45:00",23,"Buffet ",26,4.6,12,"motorcycle ",2,"No ","Metropolitian ","Stormy","Jam ",1
"8/03/2022","19:55:00","20:10:00",25,"Snack ",25,4.7,17,"motorcycle ",0,"No ","Metropolitian ","Stormy","Jam ",1
"5/04/2022","19:40:00","19:50:00",32,"Meal ",30,4.8,21,"motorcycle ",1,"No ","Urban ","Stormy","Jam ",1
"3/04/2022","14:10:00","14:20:00",22,"Snack ",29,4.9,17,"electric_scooter ",2,"No ","Urban ","Stormy","High ",1
"4/03/2022","19:25:00","19:35:00",26,"Buffet ",21,4.8,9,"scooter ",2,"No ","Metropolitian ","Sunny","Jam ",0
"3/03/2022","17:40:00","17:50:00",31,"Drinks ",31,4.4,17,"electric_scooter ",2,"No ","Metropolitian ","Windy","Medium ",0
"3/03/2022","9:45:00","10:00:00",25,"Buffet ",34,4.1,3,"motorcycle ",0,"No ","Metropolitian ","Sandstorms","Low ",1
"6/03/2022","20:40:00","20:50:00",29,"Buffet ",23,4.6,23,"scooter ",1,"No ","Metropolitian ","Stormy","Jam ",0
"18/03/2022","23:50:00","0:05:00",26,"Buffet ",32,4.7,3,"motorcycle ",0,"No ","Metropolitian ","Stormy","Low ",1
"17/02/2022","22:20:00","22:30:00",21,"Snack ",33,4.8,18,"motorcycle ",0,"No ","Urban ","Sunny","Low ",1
"1/03/2022","8:10:00","8:25:00",15,"Snack ",27,4.9,16,"scooter ",2,"No ","Urban ","Windy","Low ",1
"4/03/2022","20:00:00","20:10:00",43,"Snack ",34,4.2,4,"scooter ",1,"No ","Metropolitian ","Fog","Jam ",2
"15/02/2022","20:00:00","20:10:00",28,"Buffet ",34,5,16,"motorcycle ",2,"No ","Urban ","Sandstorms","Jam ",1
"29/03/2022","21:15:00","21:20:00",40,"Meal ",28,4.4,9,"scooter ",1,"No ","Metropolitian ","Fog","Jam ",1
"13/03/2022","23:20:00","23:25:00",23,"Buffet ",39,4.8,18,"motorcycle ",1,"No ","Urban ","Stormy","Low ",0
"19/03/2022","21:35:00","21:45:00",31,"Snack ",34,4.6,18,"scooter ",1,"No ","Metropolitian ","Windy","Jam ",1
"11/02/2022","22:10:00","22:25:00",19,"Drinks ",20,4.7,18,"scooter ",2,"No ","Urban ","Fog","Low ",1
"4/04/2022","20:55:00","21:05:00",45,"Meal ",33,4.3,4,"motorcycle ",2,"No ","Metropolitian ","Cloudy","Jam ",2
"13/03/2022","15:45:00","16:00:00",39,"Buffet ",37,4.9,23,"motorcycle ",0,"No ","Urban ","Stormy","Medium ",1
"10/03/2022","22:50:00","23:05:00",21,"Buffet ",39,4.7,18,"motorcycle ",0,"No ","Urban ","Windy","Low ",0
"27/03/2022","17:55:00","18:00:00",32,"Meal ",33,4.2,3,"scooter ",1,"No ","Urban ","Cloudy","Medium ",1
"27/03/2022","21:50:00","22:00:00",30,"Meal ",24,4.7,17,"motorcycle ",1,"No ","Urban ","Fog","Jam ",0
"12/03/2022","22:45:00","22:50:00",22,"Snack ",34,4.7,21,"motorcycle ",0,"No ","Urban ","Sunny","Low ",1
"7/03/2022","10:50:00","10:55:00",12,"Buffet ",30,4.7,21,"electric_scooter ",2,"No ","Metropolitian ","Sunny","Low ",0
"15/02/2022","17:00:00","17:05:00",34,"Snack ",38,4.2,6,"motorcycle ",0,"No ","Metropolitian ","Fog","Medium ",0
"5/03/2022","8:30:00","8:40:00",28,"Snack ",33,4.4,14,"motorcycle ",0,"No ","Metropolitian ","Stormy","Low ",1
"4/03/2022","23:45:00","0:00:00",19,"Drinks ",33,4.5,17,"electric_scooter ",2,"No ","Metropolitian ","Stormy","Low ",1
"4/03/2022","19:55:00","20:00:00",23,"Snack ",31,4.7,18,"motorcycle ",2,"No ","Urban ","Stormy","Jam ",1
"27/03/2022","19:40:00","19:50:00",20,"Buffet ",21,4.7,15,"scooter ",1,"No ","Urban ","Sandstorms","Jam ",1
"4/04/2022","17:35:00","17:50:00",23,"Meal ",36,4.9,22,"scooter ",1,"No ","Metropolitian ","Windy","Medium ",1
"26/03/2022","8:55:00","9:10:00",20,"Drinks ",36,5,23,"motorcycle ",1,"No ","Metropolitian ","Windy","Low ",1
"14/02/2022","22:55:00","23:00:00",40,"Drinks ",24,3.2,14,"motorcycle ",1,"No ","Metropolitian ","Sunny","Low ",2
"10/03/2022","20:25:00","20:30:00",28,"Drinks ",21,5,15,"motorcycle ",0,"No ","Urban ","Sunny","Jam ",1
"12/03/2022","23:30:00","23:45:00",24,"Drinks ",27,4.7,17,"motorcycle ",0,"No ","Metropolitian ","Fog","Low ",0
"13/02/2022","17:00:00","17:15:00",28,"Buffet ",35,4.8,4,"motorcycle ",0,"No ","Metropolitian ","Sunny","Medium ",0
"27/03/2022","20:15:00","20:25:00",37,"Buffet ",33,4.2,7,"scooter ",2,"No ","Metropolitian ","Fog","Jam ",0
"13/03/2022","21:25:00","21:35:00",33,"Buffet ",32,4.2,7,"motorcycle ",1,"No ","Metropolitian ","Cloudy","Jam ",1
"1/04/2022","21:50:00","22:00:00",29,"Drinks ",27,5,15,"motorcycle ",1,"No ","Metropolitian ","Windy","Jam ",1
"6/04/2022","19:20:00","19:30:00",42,"Meal ",36,3.7,2,"scooter ",1,"No ","Metropolitian ","Sandstorms","Jam ",1
"14/02/2022","21:55:00","22:10:00",47,"Buffet ",34,4.4,2,"scooter ",1,"No ","Metropolitian ","Stormy","Jam ",1
"26/03/2022","22:45:00","22:50:00",27,"Drinks ",34,4.8,14,"scooter ",2,"No ","Metropolitian ","Windy","Low ",1
"31/03/2022","22:20:00","22:35:00",24,"Buffet ",22,4.9,21,"motorcycle ",2,"No ","Metropolitian ","Cloudy","Low ",0
"16/02/2022","19:10:00","19:15:00",48,"Meal ",37,4.6,5,"motorcycle ",0,"Yes ","Metropolitian ","Fog","Jam ",1
"11/03/2022","19:15:00","19:20:00",17,"Meal ",28,4.7,19,"motorcycle ",1,"No ","Urban ","Sunny","Jam ",1
"13/03/2022","17:35:00","17:40:00",16,"Buffet ",30,5,9,"motorcycle ",1,"No ","Metropolitian ","Fog","Medium ",1
"10/03/2022","19:10:00","19:20:00",33,"Buffet ",28,4.6,23,"motorcycle ",0,"No ","Metropolitian ","Stormy","Jam ",1
"1/03/2022","10:10:00","10:25:00",13,"Drinks ",21,5,17,"scooter ",1,"No ","Urban ","Windy","Low ",1
"17/02/2022","23:55:00","0:00:00",20,"Meal ",34,5,7,"scooter ",1,"No ","Metropolitian ","Stormy","Low ",1
"1/03/2022","11:30:00","11:45:00",24,"Meal ",26,4.8,21,"scooter ",2,"No ","Metropolitian ","Fog","High ",1
"4/03/2022","20:55:00","21:10:00",17,"Snack ",29,4.7,13,"scooter ",1,"No ","Metropolitian ","Stormy","Jam ",1
"17/02/2022","16:30:00","16:40:00",26,"Meal ",34,4.6,3,"motorcycle ",0,"No ","Metropolitian ","Sunny","Medium ",1
"28/03/2022","17:40:00","17:50:00",29,"Drinks ",35,4.9,18,"motorcycle ",0,"No ","Urban ","Sunny","Medium ",1
"9/03/2022","21:10:00","21:15:00",26,"Meal ",33,4.6,21,"scooter ",1,"No ","Urban ","Stormy","Jam ",1
"5/03/2022","10:35:00","10:40:00",12,"Meal ",23,4.6,19,"motorcycle ",1,"No ","Metropolitian ","Windy","Low ",0
"31/03/2022","23:45:00","23:55:00",19,"Snack ",38,4.7,1,"motorcycle ",1,"No ","Urban ","Sunny","Low ",1
"2/03/2022","21:25:00","21:40:00",43,"Snack ",29,4.8,21,"motorcycle ",0,"No ","Metropolitian ","Stormy","Jam ",2
"30/03/2022","9:50:00","10:00:00",13,"Meal ",28,4.9,22,"motorcycle ",1,"No ","Metropolitian ","Sandstorms","Low ",1
"23/03/2022","17:55:00","18:05:00",43,"Meal ",38,4.9,9,"motorcycle ",0,"No ","Metropolitian ","Cloudy","Medium ",1
"19/03/2022","13:50:00","14:05:00",23,"Drinks ",28,4.5,7,"motorcycle ",0,"No ","Metropolitian ","Windy","High ",1
"9/03/2022","11:00:00","11:15:00",20,"Snack ",23,4.7,19,"motorcycle ",1,"No ","Urban ","Stormy","Low ",1
"5/04/2022","11:25:00","11:40:00",10,"Buffet ",23,4.7,19,"scooter ",1,"No ","Metropolitian ","Sunny","High ",0
"5/04/2022","17:20:00","17:35:00",20,"Snack ",22,4.5,6,"motorcycle ",0,"No ","Metropolitian ","Windy","Medium ",0
"3/03/2022","15:25:00","15:40:00",25,"Snack ",33,4.7,22,"motorcycle ",0,"No ","Metropolitian ","Sunny","Medium ",0
"6/03/2022","23:55:00","0:05:00",19,"Buffet ",28,5,16,"scooter ",2,"No ","Metropolitian ","Stormy","Low ",0
"3/04/2022","12:25:00","12:35:00",29,"Meal ",38,4.8,9,"scooter ",2,"No ","Metropolitian ","Stormy","High ",1
"29/03/2022","22:55:00","23:00:00",38,"Drinks ",39,3.9,11,"motorcycle ",1,"No ","Metropolitian ","Fog","Low ",1
"10/03/2022","21:20:00","21:30:00",43,"Drinks ",33,4.7,19,"motorcycle ",0,"Yes ","Metropolitian ","Cloudy","Jam ",1
"8/03/2022","21:25:00","21:30:00",36,"Snack ",32,3.7,13,"scooter ",1,"No ","Metropolitian ","Windy","Jam ",0
"12/03/2022","20:55:00","21:10:00",42,"Drinks ",38,4.6,18,"scooter ",2,"No ","Metropolitian ","Fog","Jam ",0
"11/02/2022","22:35:00","22:40:00",25,"Meal ",29,4,17,"motorcycle ",0,"No ","Metropolitian ","Stormy","Low ",0
"16/03/2022","17:15:00","17:25:00",15,"Snack ",20,4.8,14,"motorcycle ",1,"No ","Metropolitian ","Sunny","Medium ",0
"30/03/2022","17:25:00","17:35:00",18,"Snack ",31,4.7,13,"motorcycle ",1,"No ","Metropolitian ","Cloudy","Medium ",0
"30/03/2022","19:30:00","19:40:00",34,"Buffet ",31,4.9,3,"electric_scooter ",2,"No ","Metropolitian ","Windy","Jam ",1
"21/03/2022","8:20:00","8:30:00",10,"Snack ",37,4.8,22,"motorcycle ",1,"No ","Metropolitian ","Sunny","Low ",0
"17/02/2022","13:00:00","13:10:00",20,"Drinks ",21,4.6,9,"motorcycle ",0,"No ","Metropolitian ","Fog","High ",1
"24/03/2022","8:35:00","8:45:00",12,"Buffet ",26,4.6,17,"motorcycle ",1,"No ","Urban ","Fog","Low ",1
"29/03/2022","17:15:00","17:25:00",24,"Drinks ",26,4.6,14,"motorcycle ",0,"No ","Metropolitian ","Windy","Medium ",1
"21/03/2022","11:25:00","11:35:00",28,"Meal ",34,5,22,"motorcycle ",0,"No ","Metropolitian ","Sunny","High ",1
"2/04/2022","23:00:00","23:10:00",20,"Drinks ",35,4.9,9,"motorcycle ",2,"No ","Metropolitian ","Windy","Low ",1
"15/02/2022","20:50:00","21:05:00",26,"Snack ",20,4.6,2,"scooter ",2,"No ","Metropolitian ","Stormy","Jam ",0
"30/03/2022","11:50:00","12:05:00",23,"Snack ",30,4.8,17,"scooter ",2,"No ","Metropolitian ","Sunny","High ",1
"3/03/2022","22:35:00","22:40:00",13,"Snack ",28,4.5,2,"electric_scooter ",2,"No ","Urban ","Sandstorms","Low ",1
"19/03/2022","10:00:00","10:10:00",19,"Meal ",35,4.8,3,"electric_scooter ",2,"No ","Metropolitian ","Cloudy","Low ",1
"13/03/2022","8:20:00","8:25:00",16,"Drinks ",27,4.8,23,"motorcycle ",0,"No ","Urban ","Cloudy","Low ",0
"9/03/2022","17:20:00","17:30:00",30,"Snack ",34,4.6,18,"motorcycle ",0,"No ","Urban ","Stormy","Medium ",1
"8/03/2022","23:15:00","23:30:00",21,"Snack ",34,5,17,"motorcycle ",0,"No ","Urban ","Stormy","Low ",1
"24/03/2022","17:55:00","18:00:00",17,"Meal ",36,4.7,16,"motorcycle ",2,"No ","Metropolitian ","Cloudy","Medium ",0
"14/03/2022","17:50:00","17:55:00",15,"Meal ",20,4.9,21,"scooter ",1,"No ","Metropolitian ","Windy","Medium ",1
"6/04/2022","17:15:00","17:25:00",35,"Snack ",31,5,21,"motorcycle ",1,"No ","Metropolitian ","Fog","Medium ",1
"9/03/2022","21:45:00","21:55:00",31,"Buffet ",25,4.2,4,"motorcycle ",2,"No ","Urban ","Stormy","Jam ",1
"14/02/2022","17:45:00","18:00:00",37,"Drinks ",38,4.6,2,"motorcycle ",0,"No ","Metropolitian ","Fog","Medium ",0
"5/04/2022","22:10:00","22:15:00",29,"Snack ",32,4.8,19,"motorcycle ",0,"No ","Urban ","Fog","Low ",1
"5/03/2022","9:00:00","9:10:00",25,"Drinks ",25,4.4,23,"motorcycle ",0,"No ","Metropolitian ","Windy","Low ",1
"23/03/2022","17:20:00","17:30:00",33,"Drinks ",28,5,13,"motorcycle ",0,"No ","Metropolitian ","Windy","Medium ",1
"26/03/2022","23:15:00","23:25:00",25,"Snack ",39,4.8,21,"motorcycle ",0,"No ","Metropolitian ","Cloudy","Low ",1
"15/03/2022","17:30:00","17:45:00",18,"Drinks ",29,4.9,18,"scooter ",2,"No ","Urban ","Cloudy","Medium ",0
"14/03/2022","19:35:00","19:40:00",39,"Meal ",31,3.9,6,"scooter ",2,"Yes ","Metropolitian ","Stormy","Jam ",1
"15/03/2022","16:10:00","16:20:00",21,"Snack ",25,4.8,17,"scooter ",2,"No ","Urban ","Windy","Medium ",1
"11/03/2022","15:30:00","15:40:00",16,"Meal ",35,4.8,12,"scooter ",2,"No ","Metropolitian ","Fog","Medium ",1
"17/02/2022","9:55:00","10:05:00",15,"Snack ",32,4.9,16,"scooter ",2,"No ","Urban ","Cloudy","Low ",0
"5/04/2022","8:30:00","8:40:00",14,"Buffet ",31,4.9,16,"scooter ",2,"No ","Metropolitian ","Sunny","Low ",0
"4/04/2022","18:25:00","18:40:00",39,"Buffet ",38,4.1,8,"scooter ",2,"No ","Metropolitian ","Windy","Medium ",1
"3/04/2022","18:35:00","18:40:00",24,"Drinks ",23,4.7,9,"motorcycle ",0,"No ","Metropolitian ","Sunny","Medium ",1
"27/03/2022","18:35:00","18:45:00",20,"Buffet ",29,4.7,14,"scooter ",2,"No ","Metropolitian ","Sandstorms","Medium ",0
"31/03/2022","17:20:00","17:35:00",48,"Drinks ",31,4.1,5,"motorcycle ",0,"No ","Semi-Urban ","Sandstorms","Medium ",2
"14/03/2022","20:50:00","20:55:00",37,"Buffet ",25,4.9,13,"electric_scooter ",2,"No ","Metropolitian ","Cloudy","Jam ",2
"27/03/2022","22:30:00","22:40:00",25,"Meal ",30,4.8,14,"motorcycle ",1,"No ","Metropolitian ","Windy","Low ",1
"14/03/2022","23:00:00","23:15:00",23,"Meal ",31,4.9,18,"electric_scooter ",2,"No ","Urban ","Sunny","Low ",1
"2/04/2022","23:50:00","0:00:00",17,"Drinks ",24,4.5,22,"scooter ",1,"No ","Urban ","Sandstorms","Low ",0
"14/02/2022","18:10:00","18:25:00",36,"Buffet ",30,4.7,19,"motorcycle ",1,"No ","Urban ","Cloudy","Medium ",2
"13/02/2022","23:45:00","23:55:00",25,"Buffet ",31,4.5,6,"motorcycle ",0,"No ","Metropolitian ","Sandstorms","Low ",0
"19/03/2022","21:30:00","21:40:00",32,"Meal ",39,4.4,5,"motorcycle ",1,"No ","Urban ","Fog","Jam ",1
"14/03/2022","23:00:00","23:15:00",41,"Meal ",29,3.4,11,"motorcycle ",1,"No ","Metropolitian ","Sunny","Low ",1
"9/03/2022","11:45:00","11:50:00",27,"Snack ",25,4.8,14,"motorcycle ",0,"No ","Metropolitian ","Sandstorms","High ",1
"6/04/2022","22:35:00","22:45:00",16,"Buffet ",25,4.6,23,"motorcycle ",1,"No ","Urban ","Sandstorms","Low ",1
"2/04/2022","20:45:00","21:00:00",25,"Buffet ",21,5,23,"electric_scooter ",2,"No ","Metropolitian ","Windy","Jam ",0
"2/04/2022","22:10:00","22:20:00",21,"Snack ",25,4.9,18,"motorcycle ",0,"No ","Metropolitian ","Cloudy","Low ",0
"2/03/2022","17:15:00","17:30:00",30,"Drinks ",36,4.7,18,"motorcycle ",0,"No ","Urban ","Sandstorms","Medium ",1
"17/03/2022","17:10:00","17:25:00",15,"Meal ",33,4.6,21,"motorcycle ",1,"No ","Urban ","Cloudy","Medium ",0
"30/03/2022","18:20:00","18:25:00",21,"Meal ",37,4.8,17,"motorcycle ",1,"No ","Metropolitian ","Sunny","Medium ",1
"18/02/2022","19:10:00","19:25:00",41,"Snack ",23,5,15,"scooter ",1,"Yes ","Urban ","Fog","Jam ",0
"1/03/2022","10:45:00","11:00:00",15,"Snack ",21,5,13,"motorcycle ",2,"No ","Metropolitian ","Sunny","Low ",1
"13/02/2022","10:30:00","10:35:00",27,"Meal ",31,4.8,9,"motorcycle ",0,"No ","Metropolitian ","Stormy","Low ",1
"13/03/2022","8:45:00","9:00:00",23,"Snack ",34,4.7,21,"scooter ",2,"No ","Urban ","Windy","Low ",1
"18/02/2022","18:10:00","18:20:00",32,"Meal ",37,4.3,4,"motorcycle ",0,"No ","Metropolitian ","Stormy","Medium ",0
"6/03/2022","22:25:00","22:40:00",33,"Buffet ",37,3.1,3,"motorcycle ",0,"No ","Metropolitian ","Sunny","Low ",1
"10/03/2022","18:10:00","18:20:00",35,"Meal ",39,4,2,"motorcycle ",0,"No ","Metropolitian ","Sandstorms","Medium ",1
"12/02/2022","20:40:00","20:55:00",19,"Meal ",29,4.8,18,"motorcycle ",2,"No ","Urban ","Sunny","Jam ",0
"10/03/2022","19:10:00","19:20:00",40,"Meal ",33,4.6,19,"motorcycle ",1,"No ","Urban ","Cloudy","Jam ",1
"6/04/2022","17:35:00","17:45:00",16,"Meal ",23,5,21,"scooter ",1,"No ","Metropolitian ","Sunny","Medium ",0
"31/03/2022","19:30:00","19:45:00",28,"Snack ",37,4.7,17,"scooter ",2,"No ","Metropolitian ","Sandstorms","Jam ",0
"2/04/2022","19:30:00","19:40:00",22,"Drinks ",24,4.6,19,"scooter ",2,"No ","Metropolitian ","Sandstorms","Jam ",0
"6/04/2022","22:45:00","22:50:00",20,"Meal ",20,4.9,21,"motorcycle ",0,"No ","Metropolitian ","Sandstorms","Low ",1
"8/03/2022","21:35:00","21:40:00",44,"Buffet ",36,4.6,13,"motorcycle ",0,"No ","Metropolitian ","Sunny","Jam ",1
"12/03/2022","21:20:00","21:35:00",33,"Buffet ",22,4.2,9,"motorcycle ",0,"No ","Metropolitian ","Sunny","Jam ",0
"3/04/2022","8:20:00","8:25:00",17,"Drinks ",26,4.8,9,"scooter ",2,"No ","Metropolitian ","Cloudy","Low ",0
"21/03/2022","16:35:00","16:50:00",29,"Drinks ",20,4.9,6,"motorcycle ",0,"No ","Metropolitian ","Cloudy","Medium ",0
"13/03/2022","15:25:00","15:35:00",39,"Buffet ",33,4.7,23,"motorcycle ",0,"No ","Metropolitian ","Windy","Medium ",1
"31/03/2022","0:00:00","0:05:00",23,"Drinks ",24,4.6,1,"motorcycle ",1,"No ","Urban ","Fog","Low ",0
"26/03/2022","14:10:00","14:25:00",34,"Meal ",30,4.2,2,"motorcycle ",0,"No ","Metropolitian ","Cloudy","High ",1
"27/03/2022","18:40:00","18:45:00",25,"Buffet ",27,4.8,9,"scooter ",2,"No ","Metropolitian ","Sandstorms","Medium ",1
"15/02/2022","17:10:00","17:15:00",23,"Drinks ",25,4.9,3,"motorcycle ",0,"No ","Metropolitian ","Fog","Medium ",1
"14/02/2022","18:10:00","18:25:00",42,"Snack ",30,4.2,8,"motorcycle ",1,"Yes ","Metropolitian ","Stormy","Medium ",2
"17/02/2022","17:20:00","17:25:00",15,"Meal ",33,4.6,23,"electric_scooter ",2,"No ","Urban ","Fog","Medium ",1
"9/03/2022","9:00:00","9:15:00",25,"Meal ",33,4.2,11,"motorcycle ",0,"No ","Metropolitian ","Sandstorms","Low ",0
"2/04/2022","17:45:00","18:00:00",33,"Buffet ",32,3.7,9,"scooter ",2,"No ","Metropolitian ","Stormy","Medium ",2
"11/02/2022","20:50:00","20:55:00",15,"Buffet ",20,4.9,2,"motorcycle ",0,"No ","Metropolitian ","Stormy","Jam ",1
"17/03/2022","22:10:00","22:15:00",16,"Buffet ",32,4.7,18,"motorcycle ",1,"No ","Urban ","Cloudy","Low ",1
"9/03/2022","10:15:00","10:30:00",17,"Snack ",27,4.1,5,"motorcycle ",0,"No ","Metropolitian ","Windy","Low ",1
"17/02/2022","16:30:00","16:40:00",26,"Meal ",34,4.6,3,"motorcycle ",0,"No ","Metropolitian ","Sunny","Medium ",1
"3/04/2022","17:40:00","17:55:00",30,"Snack ",35,4.8,23,"motorcycle ",1,"No ","Urban ","Stormy","Medium ",1
"19/03/2022","19:30:00","19:35:00",48,"Drinks ",35,4.9,18,"motorcycle ",0,"Yes ","Metropolitian ","Sandstorms","Jam ",1
"12/02/2022","23:35:00","23:50:00",21,"Drinks ",22,4.9,6,"motorcycle ",0,"No ","Metropolitian ","Stormy","Low ",0
"17/03/2022","15:30:00","15:40:00",24,"Buffet ",29,4.6,13,"scooter ",2,"No ","Metropolitian ","Windy","Medium ",1
"1/04/2022","21:35:00","21:50:00",10,"Drinks ",20,4.8,17,"scooter ",1,"No ","Urban ","Sunny","Jam ",0
"3/03/2022","23:45:00","0:00:00",15,"Buffet ",29,4.7,23,"scooter ",2,"No ","Metropolitian ","Stormy","Low ",1
"6/03/2022","22:20:00","22:30:00",24,"Snack ",21,4.8,21,"motorcycle ",0,"No ","Metropolitian ","Sunny","Low ",1
"12/03/2022","19:00:00","19:15:00",22,"Drinks ",39,4.6,17,"scooter ",2,"No ","Metropolitian ","Windy","Medium ",0
"4/04/2022","17:10:00","17:20:00",34,"Meal ",26,4.8,9,"motorcycle ",1,"No ","Metropolitian ","Cloudy","Medium ",1
"11/02/2022","10:10:00","10:20:00",16,"Buffet ",27,4.9,7,"motorcycle ",0,"No ","Metropolitian ","Sunny","Low ",0
"10/03/2022","20:45:00","20:50:00",41,"Drinks ",28,4.3,14,"scooter ",2,"No ","Metropolitian ","Fog","Jam ",1
"27/03/2022","22:10:00","22:15:00",20,"Meal ",38,4.7,16,"scooter ",1,"No ","Urban ","Sandstorms","Low ",1
"5/04/2022","23:30:00","23:35:00",20,"Drinks ",38,4.7,22,"scooter ",1,"No ","Metropolitian ","Stormy","Low ",1
"12/02/2022","21:20:00","21:35:00",53,"Drinks ",37,4.5,7,"motorcycle ",0,"Yes ","Metropolitian ","Stormy","Jam ",1
"5/03/2022","18:40:00","18:45:00",19,"Snack ",26,4.6,16,"motorcycle ",1,"No ","Metropolitian ","Stormy","Medium ",1
"28/03/2022","18:00:00","18:05:00",20,"Snack ",27,5,18,"motorcycle ",0,"No ","Metropolitian ","Sunny","Medium ",0
"14/03/2022","19:25:00","19:30:00",17,"Buffet ",27,4.8,15,"electric_scooter ",2,"No ","Metropolitian ","Sunny","Jam ",1
"12/03/2022","23:15:00","23:30:00",31,"Snack ",25,2.9,3,"electric_scooter ",2,"No ","Urban ","Sunny","Low ",1
"11/03/2022","22:30:00","22:45:00",13,"Buffet ",26,4.5,16,"motorcycle ",1,"No ","Metropolitian ","Fog","Low ",1
"15/03/2022","8:35:00","8:40:00",24,"Drinks ",35,4.8,23,"motorcycle ",0,"No ","Metropolitian ","Sunny","Low ",0
"11/03/2022","17:10:00","17:15:00",14,"Drinks ",23,4.7,14,"scooter ",1,"No ","Metropolitian ","Fog","Medium ",1
"2/04/2022","22:00:00","22:15:00",43,"Meal ",20,4,6,"motorcycle ",1,"No ","Metropolitian ","Cloudy","Jam ",3
"3/04/2022","10:35:00","10:45:00",29,"Buffet ",38,5,4,"motorcycle ",0,"No ","Metropolitian ","Sunny","Low ",1
"5/04/2022","9:30:00","9:35:00",26,"Snack ",38,4.6,23,"scooter ",1,"No ","Urban ","Stormy","Low ",1
"2/03/2022","22:50:00","22:55:00",15,"Drinks ",22,4.5,12,"motorcycle ",1,"No ","Metropolitian ","Windy","Low ",0
"14/02/2022","18:15:00","18:25:00",21,"Snack ",22,4.7,16,"motorcycle ",0,"No ","Urban ","Stormy","Medium ",1
"18/02/2022","20:55:00","21:00:00",23,"Snack ",25,4.7,18,"electric_scooter ",2,"No ","Urban ","Stormy","Jam ",0
"3/03/2022","8:40:00","8:50:00",18,"Buffet ",30,4.8,17,"electric_scooter ",2,"No ","Metropolitian ","Stormy","Low ",1
"15/03/2022","21:00:00","21:15:00",26,"Meal ",20,4.7,19,"scooter ",1,"No ","Metropolitian ","Fog","Jam ",1
"8/03/2022","17:35:00","17:45:00",32,"Buffet ",21,4.4,15,"scooter ",2,"No ","Metropolitian ","Fog","Medium ",1
"26/03/2022","15:25:00","15:40:00",16,"Buffet ",34,4.7,12,"motorcycle ",1,"No ","Metropolitian ","Sunny","Medium ",0
"4/03/2022","21:40:00","21:50:00",49,"Meal ",34,4.7,12,"motorcycle ",0,"Yes ","Metropolitian ","Fog","Jam ",1
"17/03/2022","22:30:00","22:40:00",19,"Buffet ",27,5,17,"electric_scooter ",2,"No ","Metropolitian ","Sandstorms","Low ",1
"15/03/2022","12:40:00","12:50:00",33,"Drinks ",22,4.2,5,"motorcycle ",2,"No ","Metropolitian ","Cloudy","High ",1
"4/03/2022","22:25:00","22:35:00",42,"Meal ",21,2.5,3,"motorcycle ",2,"No ","Metropolitian ","Sunny","Low ",1
"6/03/2022","22:35:00","22:50:00",21,"Meal ",28,4.5,9,"motorcycle ",2,"No ","Metropolitian ","Fog","Low ",1
"12/02/2022","19:25:00","19:40:00",41,"Snack ",21,4.7,6,"scooter ",1,"No ","Metropolitian ","Fog","Jam ",2
"28/03/2022","13:55:00","14:10:00",11,"Meal ",28,4.8,18,"motorcycle ",1,"No ","Metropolitian ","Sunny","High ",0
"5/04/2022","10:50:00","11:00:00",10,"Drinks ",23,4.6,15,"motorcycle ",2,"No ","Urban ","Sandstorms","Low ",0
"26/03/2022","13:25:00","13:40:00",28,"Buffet ",20,4.9,17,"scooter ",2,"No ","Metropolitian ","Cloudy","High ",0
"14/03/2022","20:20:00","20:30:00",42,"Meal ",22,4.3,14,"scooter ",1,"No ","Metropolitian ","Fog","Jam ",0
"12/03/2022","21:35:00","21:45:00",31,"Snack ",33,3.9,1,"scooter ",2,"No ","Urban ","Sunny","Jam ",1
"20/03/2022","19:15:00","19:25:00",37,"Drinks ",25,5,1,"motorcycle ",0,"No ","Metropolitian ","Cloudy","Jam ",1
"6/04/2022","17:20:00","17:30:00",30,"Snack ",32,4.9,21,"motorcycle ",1,"No ","Metropolitian ","Sandstorms","Medium ",1
"1/03/2022","23:10:00","23:25:00",23,"Snack ",27,5,22,"scooter ",1,"No ","Urban ","Sunny","Low ",0
"21/03/2022","11:40:00","11:55:00",32,"Snack ",27,4.9,1,"scooter ",1,"No ","Metropolitian ","Cloudy","High ",0
"14/02/2022","19:15:00","19:20:00",21,"Snack ",22,4.8,3,"scooter ",1,"No ","Metropolitian ","Sunny","Jam ",1
"16/02/2022","17:50:00","17:55:00",18,"Drinks ",23,4.8,23,"scooter ",1,"No ","Urban ","Sandstorms","Medium ",1
"18/03/2022","18:15:00","18:30:00",21,"Meal ",39,4.9,5,"motorcycle ",1,"No ","Metropolitian ","Sunny","Medium ",1
"4/04/2022","22:55:00","23:05:00",40,"Snack ",31,4.6,14,"motorcycle ",0,"Yes ","Metropolitian ","Cloudy","Low ",1
"16/02/2022","19:25:00","19:30:00",43,"Drinks ",26,4.9,22,"motorcycle ",0,"No ","Urban ","Fog","Jam ",2
"13/03/2022","9:55:00","10:00:00",16,"Meal ",26,4.9,23,"motorcycle ",2,"No ","Urban ","Sandstorms","Low ",1
"18/02/2022","18:25:00","18:40:00",16,"Drinks ",26,4.9,3,"motorcycle ",2,"No ","Metropolitian ","Stormy","Medium ",0
"16/03/2022","17:35:00","17:45:00",40,"Drinks ",39,4.6,13,"scooter ",1,"No ","Metropolitian ","Fog","Medium ",1
"5/04/2022","17:25:00","17:35:00",27,"Meal ",39,5,22,"motorcycle ",0,"No ","Metropolitian ","Fog","Medium ",1
"26/03/2022","17:55:00","18:10:00",27,"Meal ",26,4.9,16,"scooter ",2,"No ","Urban ","Sandstorms","Medium ",1
"6/04/2022","18:45:00","18:55:00",29,"Drinks ",22,4.7,15,"motorcycle ",1,"No ","Metropolitian ","Stormy","Medium ",0
"17/02/2022","19:20:00","19:35:00",18,"Meal ",33,4.6,18,"motorcycle ",1,"No ","Urban ","Sunny","Jam ",1
"1/04/2022","10:00:00","10:05:00",21,"Drinks ",33,4.7,23,"scooter ",1,"No ","Metropolitian ","Stormy","Low ",1
"7/03/2022","9:50:00","10:05:00",19,"Meal ",23,5,9,"scooter ",2,"No ","Metropolitian ","Sunny","Low ",0
"15/03/2022","18:25:00","18:40:00",39,"Buffet ",38,4.1,5,"motorcycle ",0,"No ","Urban ","Sandstorms","Medium ",0
"5/03/2022","19:15:00","19:30:00",30,"Meal ",34,5,23,"motorcycle ",0,"No ","Metropolitian ","Windy","Jam ",0
"9/03/2022","13:25:00","13:35:00",22,"Snack ",28,4.6,18,"electric_scooter ",2,"No ","Metropolitian ","Cloudy","High ",1
"11/02/2022","20:00:00","20:05:00",17,"Snack ",22,5,7,"scooter ",2,"No ","Metropolitian ","Sunny","Jam ",0
"3/03/2022","13:20:00","13:25:00",12,"Buffet ",23,4.9,23,"motorcycle ",1,"No ","Metropolitian ","Windy","High ",0
"3/03/2022","10:30:00","10:45:00",21,"Snack ",26,4.9,22,"motorcycle ",0,"No ","Urban ","Fog","Low ",0
"24/03/2022","8:50:00","9:05:00",18,"Meal ",22,5,23,"motorcycle ",0,"No ","Metropolitian ","Fog","Low ",1
"12/03/2022","23:00:00","23:10:00",19,"Drinks ",21,5,23,"scooter ",2,"No ","Metropolitian ","Windy","Low ",1
"1/03/2022","16:15:00","16:20:00",18,"Buffet ",31,4.7,2,"motorcycle ",1,"No ","Metropolitian ","Fog","Medium ",1
"12/03/2022","20:55:00","21:05:00",37,"Drinks ",36,4.2,13,"motorcycle ",0,"No ","Metropolitian ","Sunny","Jam ",0
"15/03/2022","8:30:00","8:45:00",15,"Drinks ",22,4.2,3,"motorcycle ",0,"No ","Metropolitian ","Windy","Low ",1
"27/03/2022","21:15:00","21:30:00",16,"Meal ",27,4.9,16,"scooter ",2,"No ","Urban ","Windy","Jam ",1
"30/03/2022","20:55:00","21:10:00",26,"Meal ",35,4.6,12,"motorcycle ",0,"No ","Metropolitian ","Cloudy","Jam ",1
"31/03/2022","22:10:00","22:25:00",40,"Snack ",36,4.8,3,"motorcycle ",0,"No ","Metropolitian ","Fog","Low ",1
"4/04/2022","21:55:00","22:10:00",31,"Meal ",36,4.3,1,"scooter ",1,"No ","Metropolitian ","Windy","Jam ",1
"18/02/2022","22:20:00","22:35:00",27,"Buffet ",36,4.9,7,"motorcycle ",0,"No ","Metropolitian ","Fog","Low ",1
"3/03/2022","8:30:00","8:40:00",16,"Snack ",29,4.9,18,"motorcycle ",0,"No ","Urban ","Sunny","Low ",1
"3/03/2022","9:25:00","9:30:00",16,"Buffet ",20,4.6,16,"scooter ",1,"No ","Metropolitian ","Windy","Low ",1
"10/03/2022","21:15:00","21:30:00",34,"Buffet ",28,4.9,22,"electric_scooter ",2,"No ","Urban ","Cloudy","Jam ",1
"1/03/2022","8:25:00","8:35:00",28,"Drinks ",33,4.5,12,"scooter ",2,"No ","Metropolitian ","Sandstorms","Low ",1
"3/04/2022","21:40:00","21:50:00",23,"Meal ",22,4.7,15,"motorcycle ",0,"No ","Urban ","Windy","Jam ",0
"17/03/2022","19:10:00","19:25:00",10,"Drinks ",22,4.5,3,"scooter ",1,"No ","Urban ","Windy","Jam ",1
"13/03/2022","20:35:00","20:40:00",26,"Snack ",38,4.6,17,"electric_scooter ",2,"No ","Metropolitian ","Fog","Jam ",1
"14/02/2022","18:35:00","18:50:00",25,"Buffet ",26,4.6,6,"motorcycle ",1,"No ","Metropolitian ","Windy","Medium ",1
"14/02/2022","22:40:00","22:45:00",40,"Snack ",35,4.8,23,"motorcycle ",0,"No ","Urban ","Fog","Low ",1
"12/03/2022","21:00:00","21:05:00",27,"Buffet ",38,4.9,21,"motorcycle ",0,"No ","Metropolitian ","Sunny","Jam ",1
"2/03/2022","22:20:00","22:25:00",31,"Buffet ",23,3.3,5,"scooter ",2,"No ","Metropolitian ","Sunny","Low ",1
"2/04/2022","21:40:00","21:55:00",36,"Meal ",22,4.9,23,"motorcycle ",0,"No ","Urban ","Sandstorms","Jam ",2
"11/02/2022","13:55:00","14:05:00",14,"Buffet ",29,4.7,17,"motorcycle ",1,"No ","Urban ","Sandstorms","High ",1
"18/03/2022","18:25:00","18:40:00",44,"Drinks ",33,4.1,3,"motorcycle ",0,"Yes ","Urban ","Sandstorms","Medium ",0
"17/02/2022","20:40:00","20:50:00",31,"Drinks ",25,4.8,2,"motorcycle ",0,"No ","Metropolitian ","Fog","Jam ",1
"8/03/2022","21:30:00","21:40:00",41,"Buffet ",38,4.4,17,"scooter ",2,"No ","Metropolitian ","Sunny","Jam ",1
"15/03/2022","11:55:00","12:10:00",30,"Meal ",23,4.9,19,"motorcycle ",1,"No ","Urban ","Cloudy","High ",1
"4/03/2022","19:55:00","20:00:00",23,"Snack ",31,4.7,18,"motorcycle ",2,"No ","Urban ","Stormy","Jam ",1
"27/03/2022","21:20:00","21:35:00",30,"Drinks ",37,4.9,15,"motorcycle ",0,"No ","Urban ","Sunny","Jam ",1
"18/03/2022","17:55:00","18:00:00",34,"Buffet ",39,4.2,23,"scooter ",2,"No ","Metropolitian ","Windy","Medium ",0
"1/03/2022","13:25:00","13:40:00",30,"Drinks ",30,4.6,21,"motorcycle ",1,"No ","Metropolitian ","Stormy","High ",0
"24/03/2022","11:45:00","12:00:00",20,"Meal ",22,4.5,23,"scooter ",2,"No ","Metropolitian ","Windy","High ",1
"3/03/2022","9:40:00","9:45:00",20,"Snack ",25,4.7,17,"scooter ",1,"No ","Metropolitian ","Sunny","Low ",1
"20/03/2022","19:00:00","19:15:00",30,"Buffet ",36,4.8,3,"motorcycle ",1,"No ","Metropolitian ","Sandstorms","Medium ",1
"29/03/2022","23:00:00","23:05:00",16,"Drinks ",23,4.7,23,"scooter ",1,"No ","Metropolitian ","Windy","Low ",0
"6/04/2022","19:35:00","19:50:00",29,"Meal ",21,4.6,23,"motorcycle ",0,"No ","Metropolitian ","Sandstorms","Jam ",1
"14/03/2022","19:30:00","19:45:00",39,"Buffet ",36,4.1,3,"motorcycle ",1,"No ","Metropolitian ","Cloudy","Jam ",1
"13/03/2022","23:30:00","23:40:00",18,"Drinks ",26,4.6,18,"motorcycle ",2,"No ","Urban ","Cloudy","Low ",1
"28/03/2022","13:30:00","13:35:00",10,"Buffet ",25,4.7,22,"scooter ",1,"No ","Urban ","Sunny","High ",0
"25/03/2022","21:00:00","21:05:00",50,"Snack ",38,4,1,"motorcycle ",0,"Yes ","Metropolitian ","Windy","Jam ",2
"16/02/2022","17:25:00","17:35:00",35,"Buffet ",37,4.1,16,"motorcycle ",1,"No ","Metropolitian ","Windy","Medium ",1
"18/03/2022","17:50:00","18:05:00",17,"Drinks ",20,4.8,4,"scooter ",1,"No ","Metropolitian ","Sandstorms","Medium ",1
"20/03/2022","20:20:00","20:25:00",23,"Buffet ",22,4.8,18,"motorcycle ",1,"No ","Metropolitian ","Sunny","Jam ",1
"9/03/2022","23:30:00","23:45:00",16,"Snack ",20,4.8,21,"electric_scooter ",2,"No ","Metropolitian ","Cloudy","Low ",1
"4/03/2022","17:35:00","17:50:00",13,"Drinks ",23,4.6,23,"scooter ",1,"No ","Metropolitian ","Sunny","Medium ",0
"11/02/2022","21:15:00","21:20:00",17,"Snack ",21,4.7,19,"motorcycle ",1,"No ","Urban ","Sandstorms","Jam ",0
"26/03/2022","11:00:00","11:05:00",17,"Snack ",22,4.8,12,"scooter ",1,"No ","Metropolitian ","Sunny","Low ",1
"13/03/2022","19:15:00","19:20:00",32,"Meal ",39,4.8,15,"electric_scooter ",2,"No ","Metropolitian ","Windy","Jam ",1
"23/03/2022","19:55:00","20:05:00",28,"Snack ",28,4.6,17,"electric_scooter ",2,"No ","Metropolitian ","Sandstorms","Jam ",1
"5/04/2022","9:50:00","10:00:00",12,"Meal ",37,4.9,22,"motorcycle ",2,"No ","Metropolitian ","Sunny","Low ",0
"3/04/2022","23:55:00","0:05:00",19,"Buffet ",38,4.7,22,"motorcycle ",1,"No ","Metropolitian ","Fog","Low ",0
"6/03/2022","19:00:00","19:15:00",31,"Meal ",35,4.1,9,"electric_scooter ",2,"No ","Metropolitian ","Fog","Medium ",1
"9/03/2022","8:40:00","8:55:00",19,"Buffet ",37,4.9,21,"motorcycle ",1,"No ","Metropolitian ","Fog","Low ",0
"19/03/2022","19:20:00","19:25:00",48,"Snack ",36,4.4,1,"motorcycle ",0,"No ","Semi-Urban ","Sandstorms","Jam ",0
"30/03/2022","21:10:00","21:20:00",26,"Buffet ",30,4.5,3,"motorcycle ",1,"No ","Urban ","Stormy","Jam ",1
"5/04/2022","8:25:00","8:30:00",17,"Buffet ",24,4.7,18,"motorcycle ",0,"No ","Urban ","Sunny","Low ",1
"17/02/2022","20:40:00","20:50:00",31,"Drinks ",25,4.8,2,"motorcycle ",0,"No ","Metropolitian ","Fog","Jam ",1
"3/04/2022","23:20:00","23:35:00",15,"Snack ",26,4.5,19,"motorcycle ",0,"No ","Metropolitian ","Cloudy","Low ",1
"8/03/2022","19:20:00","19:30:00",36,"Meal ",29,5,22,"motorcycle ",0,"No ","Metropolitian ","Sandstorms","Jam ",1
"28/03/2022","20:35:00","20:45:00",30,"Buffet ",24,4.8,3,"motorcycle ",1,"No ","Metropolitian ","Fog","Jam ",1
"18/03/2022","21:50:00","22:05:00",44,"Snack ",36,3.6,19,"scooter ",2,"Yes ","Metropolitian ","Stormy","Jam ",1
"18/02/2022","18:00:00","18:10:00",26,"Buffet ",35,4.7,4,"motorcycle ",1,"No ","Metropolitian ","Stormy","Medium ",0
"31/03/2022","21:25:00","21:40:00",36,"Meal ",31,4.8,4,"scooter ",2,"No ","Metropolitian ","Cloudy","Jam ",1
"13/02/2022","13:10:00","13:20:00",34,"Snack ",35,4.1,17,"scooter ",1,"No ","Metropolitian ","Stormy","High ",2
"25/03/2022","22:50:00","23:00:00",20,"Buffet ",30,4.7,9,"motorcycle ",1,"No ","Metropolitian ","Sandstorms","Low ",1
"29/03/2022","21:35:00","21:45:00",38,"Buffet ",33,4.7,5,"scooter ",1,"Yes ","Metropolitian ","Cloudy","Jam ",0
"2/04/2022","18:45:00","18:50:00",27,"Drinks ",36,4.7,19,"scooter ",2,"No ","Metropolitian ","Sunny","Medium ",1
"17/02/2022","22:35:00","22:45:00",11,"Buffet ",23,4.8,5,"motorcycle ",1,"No ","Metropolitian ","Fog","Low ",0
"21/03/2022","21:20:00","21:35:00",35,"Drinks ",30,5,4,"electric_scooter ",2,"No ","Metropolitian ","Fog","Jam ",2
"15/03/2022","18:35:00","18:40:00",25,"Snack ",24,4.8,21,"scooter ",1,"No ","Urban ","Stormy","Medium ",0
"26/03/2022","10:35:00","10:50:00",27,"Snack ",24,4,17,"motorcycle ",0,"No ","Metropolitian ","Stormy","Low ",1
"25/03/2022","23:20:00","23:30:00",23,"Buffet ",23,4.6,16,"motorcycle ",1,"No ","Metropolitian ","Fog","Low ",1
"13/03/2022","13:10:00","13:20:00",23,"Buffet ",30,4.6,23,"electric_scooter ",2,"No ","Metropolitian ","Sunny","High ",1
"18/03/2022","23:50:00","0:05:00",26,"Buffet ",32,4.7,3,"motorcycle ",0,"No ","Metropolitian ","Stormy","Low ",1
"24/03/2022","14:30:00","14:40:00",26,"Buffet ",39,4.9,19,"scooter ",2,"No ","Urban ","Cloudy","High ",1
"24/03/2022","15:00:00","15:10:00",37,"Buffet ",22,4.9,2,"motorcycle ",0,"No ","Metropolitian ","Stormy","High ",0
"16/02/2022","21:50:00","21:55:00",46,"Drinks ",38,4.9,3,"motorcycle ",0,"Yes ","Metropolitian ","Fog","Jam ",3
"6/03/2022","17:25:00","17:30:00",36,"Meal ",38,4.1,3,"motorcycle ",1,"No ","Metropolitian ","Sandstorms","Medium ",0
"2/03/2022","19:40:00","19:50:00",41,"Buffet ",29,4.3,23,"scooter ",1,"No ","Metropolitian ","Fog","Jam ",2
"1/04/2022","21:35:00","21:40:00",27,"Drinks ",23,4.5,5,"motorcycle ",2,"No ","Urban ","Fog","Jam ",1
"4/03/2022","18:45:00","18:50:00",30,"Snack ",37,4.7,15,"scooter ",2,"No ","Metropolitian ","Windy","Medium ",0
"12/02/2022","22:15:00","22:30:00",20,"Drinks ",24,5,19,"scooter ",1,"No ","Urban ","Fog","Low ",1
"10/03/2022","21:35:00","21:45:00",21,"Buffet ",24,4.6,12,"motorcycle ",1,"No ","Metropolitian ","Sunny","Jam ",1
"13/03/2022","23:25:00","23:30:00",15,"Buffet ",21,4.7,15,"motorcycle ",1,"No ","Urban ","Fog","Low ",1
"14/02/2022","20:25:00","20:40:00",15,"Buffet ",23,4.8,4,"electric_scooter ",2,"No ","Metropolitian ","Windy","Jam ",1
"24/03/2022","22:35:00","22:40:00",21,"Drinks ",38,4.5,22,"scooter ",2,"No ","Metropolitian ","Windy","Low ",0
"3/03/2022","21:35:00","21:45:00",27,"Snack ",30,4.7,12,"scooter ",2,"No ","Metropolitian ","Stormy","Jam ",1
"11/03/2022","8:30:00","8:35:00",10,"Snack ",24,4.8,17,"electric_scooter ",2,"No ","Urban ","Cloudy","Low ",0
"5/04/2022","19:10:00","19:20:00",26,"Meal ",39,4.6,22,"motorcycle ",0,"No ","Metropolitian ","Cloudy","Jam ",1
"26/03/2022","8:15:00","8:30:00",10,"Drinks ",26,4.7,18,"electric_scooter ",2,"No ","Urban ","Stormy","Low ",0
"5/03/2022","11:40:00","11:45:00",28,"Snack ",32,4.6,12,"motorcycle ",0,"No ","Metropolitian ","Fog","High ",1
"5/04/2022","16:50:00","17:00:00",10,"Drinks ",26,4.5,16,"motorcycle ",0,"No ","Urban ","Sandstorms","Medium ",1
"17/03/2022","16:40:00","16:45:00",24,"Buffet ",29,4.7,14,"motorcycle ",0,"No ","Metropolitian ","Cloudy","Medium ",1
"6/04/2022","17:45:00","17:55:00",27,"Drinks ",25,4.9,22,"electric_scooter ",2,"No ","Urban ","Sandstorms","Medium ",1
"3/04/2022","11:20:00","11:30:00",21,"Snack ",37,4.7,19,"electric_scooter ",2,"No ","Metropolitian ","Sunny","High ",1
"11/03/2022","16:45:00","16:55:00",27,"Snack ",36,4.9,19,"motorcycle ",0,"No ","Urban ","Sunny","Medium ",1
"2/03/2022","18:40:00","18:50:00",15,"Meal ",28,4.9,17,"motorcycle ",1,"No ","Metropolitian ","Windy","Medium ",1
"13/03/2022","11:55:00","12:10:00",32,"Buffet ",23,4,6,"scooter ",1,"No ","Metropolitian ","Fog","High ",2
"17/03/2022","8:40:00","8:50:00",21,"Drinks ",30,5,15,"motorcycle ",1,"No ","Urban ","Stormy","Low ",0
"15/02/2022","21:25:00","21:35:00",39,"Snack ",38,4.3,9,"scooter ",1,"Yes ","Metropolitian ","Stormy","Jam ",1
"14/03/2022","19:00:00","19:10:00",23,"Meal ",28,4.8,15,"scooter ",1,"No ","Metropolitian ","Sandstorms","Medium ",1
"15/03/2022","16:50:00","17:00:00",24,"Drinks ",37,4.7,16,"motorcycle ",2,"No ","Metropolitian ","Sunny","Medium ",1
"12/02/2022","22:40:00","22:50:00",37,"Meal ",33,4.9,2,"motorcycle ",0,"No ","Metropolitian ","Stormy","Low ",1
"14/03/2022","20:55:00","21:05:00",37,"Meal ",37,4.8,15,"motorcycle ",0,"No ","Urban ","Stormy","Jam ",2
"23/03/2022","22:10:00","22:25:00",39,"Meal ",25,2.9,3,"scooter ",1,"No ","Metropolitian ","Sunny","Low ",1
"27/03/2022","17:40:00","17:45:00",33,"Buffet ",36,3.6,4,"scooter ",2,"No ","Urban ","Stormy","Medium ",0
"20/03/2022","19:25:00","19:35:00",25,"Meal ",21,5,19,"motorcycle ",0,"No ","Metropolitian ","Sandstorms","Jam ",1
"13/02/2022","9:25:00","9:30:00",25,"Buffet ",39,4.8,8,"electric_scooter ",2,"No ","Metropolitian ","Stormy","Low ",1
"24/03/2022","9:40:00","9:55:00",27,"Snack ",32,4.6,21,"electric_scooter ",2,"No ","Metropolitian ","Windy","Low ",1
"27/03/2022","23:10:00","23:15:00",32,"Drinks ",20,3.5,2,"scooter ",2,"No ","Metropolitian ","Sunny","Low ",0
"4/03/2022","23:20:00","23:25:00",41,"Buffet ",29,3.3,2,"scooter ",2,"No ","Metropolitian ","Sunny","Low ",1
"24/03/2022","8:40:00","8:50:00",29,"Meal ",33,4.1,7,"motorcycle ",0,"No ","Metropolitian ","Sandstorms","Low ",1
"20/03/2022","23:40:00","23:55:00",21,"Meal ",30,4.5,18,"motorcycle ",0,"No ","Metropolitian ","Sandstorms","Low ",1
"14/03/2022","20:20:00","20:30:00",42,"Meal ",22,4.3,14,"scooter ",1,"No ","Metropolitian ","Fog","Jam ",0
"21/03/2022","17:55:00","18:05:00",11,"Meal ",27,4.8,23,"motorcycle ",1,"No ","Urban ","Cloudy","Medium ",0
"21/03/2022","12:20:00","12:30:00",29,"Meal ",24,4.5,1,"motorcycle ",2,"No ","Metropolitian ","Stormy","High ",1
"16/03/2022","19:30:00","19:35:00",32,"Snack ",23,4.2,9,"motorcycle ",1,"No ","Metropolitian ","Fog","Jam ",1
"30/03/2022","20:10:00","20:20:00",13,"Meal ",27,4.8,6,"electric_scooter ",2,"No ","Urban ","Sandstorms","Jam ",1
"21/03/2022","20:50:00","21:05:00",34,"Snack ",36,4.9,22,"motorcycle ",0,"No ","Urban ","Cloudy","Jam ",1
"12/03/2022","21:50:00","22:05:00",31,"Snack ",31,4.5,15,"scooter ",1,"No ","Metropolitian ","Sandstorms","Jam ",1
"14/03/2022","23:40:00","23:50:00",43,"Buffet ",37,5,17,"motorcycle ",0,"Yes ","Metropolitian ","Cloudy","Low ",0
"2/03/2022","21:20:00","21:30:00",38,"Buffet ",27,4.7,17,"motorcycle ",0,"No ","Metropolitian ","Sandstorms","Jam ",1
"27/03/2022","21:00:00","21:10:00",19,"Snack ",21,4.6,9,"electric_scooter ",2,"No ","Metropolitian ","Stormy","Jam ",1
"6/03/2022","22:30:00","22:40:00",36,"Buffet ",31,4.5,23,"scooter ",1,"No ","Metropolitian ","Sunny","Low ",1
"24/03/2022","14:10:00","14:15:00",10,"Meal ",28,4.9,15,"electric_scooter ",2,"No ","Urban ","Stormy","High ",1
"7/03/2022","14:10:00","14:25:00",27,"Meal ",34,4.6,17,"motorcycle ",1,"No ","Metropolitian ","Fog","High ",1
"18/02/2022","23:30:00","23:35:00",25,"Drinks ",32,5,17,"motorcycle ",0,"No ","Urban ","Sandstorms","Low ",1
"6/03/2022","23:55:00","0:05:00",16,"Snack ",35,5,21,"scooter ",1,"No ","Metropolitian ","Stormy","Low ",1
"21/03/2022","22:20:00","22:35:00",22,"Meal ",33,4.6,15,"scooter ",1,"No ","Urban ","Stormy","Low ",1
"9/03/2022","9:20:00","9:35:00",21,"Meal ",32,4.7,16,"motorcycle ",1,"No ","Metropolitian ","Stormy","Low ",1
"11/02/2022","20:50:00","21:00:00",31,"Drinks ",33,4.1,3,"electric_scooter ",2,"No ","Urban ","Windy","Jam ",1
"29/03/2022","21:00:00","21:10:00",33,"Meal ",34,4.4,2,"scooter ",2,"No ","Metropolitian ","Stormy","Jam ",1
"3/03/2022","19:35:00","19:45:00",34,"Buffet ",31,4.4,23,"scooter ",1,"No ","Metropolitian ","Sandstorms","Jam ",1
"6/03/2022","18:50:00","19:05:00",43,"Buffet ",35,4.7,23,"motorcycle ",0,"No ","Metropolitian ","Sandstorms","Medium ",2
"7/03/2022","17:15:00","17:25:00",16,"Meal ",35,4.9,12,"electric_scooter ",2,"No ","Metropolitian ","Sunny","Medium ",0
"20/03/2022","23:35:00","23:50:00",25,"Drinks ",38,4.6,15,"scooter ",2,"No ","Metropolitian ","Windy","Low ",1
"1/03/2022","10:00:00","10:15:00",27,"Snack ",20,4.5,22,"motorcycle ",0,"No ","Metropolitian ","Windy","Low ",1
"14/03/2022","19:30:00","19:35:00",24,"Buffet ",37,4.7,19,"electric_scooter ",2,"No ","Metropolitian ","Sunny","Jam ",0
"11/02/2022","11:25:00","11:40:00",34,"Drinks ",37,4.9,9,"motorcycle ",1,"No ","Metropolitian ","Sandstorms","High ",0
"7/03/2022","23:15:00","23:20:00",11,"Meal ",23,4.7,23,"motorcycle ",1,"No ","Metropolitian ","Fog","Low ",1
"20/03/2022","21:20:00","21:35:00",34,"Drinks ",30,4.3,13,"motorcycle ",1,"No ","Metropolitian ","Sandstorms","Jam ",1
"21/03/2022","10:00:00","10:05:00",14,"Drinks ",28,4.6,15,"motorcycle ",2,"No ","Urban ","Fog","Low ",1
"14/03/2022","19:20:00","19:25:00",43,"Buffet ",21,4.9,21,"motorcycle ",0,"No ","Metropolitian ","Fog","Jam ",1
"13/02/2022","8:10:00","8:20:00",18,"Buffet ",25,4.4,5,"motorcycle ",0,"No ","Metropolitian ","Sandstorms","Low ",0
"14/03/2022","22:35:00","22:50:00",25,"Snack ",28,4.9,19,"scooter ",1,"No ","Urban ","Fog","Low ",1
"4/03/2022","21:55:00","22:05:00",23,"Buffet ",23,4.9,9,"motorcycle ",2,"No ","Metropolitian ","Stormy","Jam ",0
"13/02/2022","20:00:00","20:10:00",29,"Drinks ",20,4.7,2,"motorcycle ",2,"No ","Metropolitian ","Stormy","Jam ",1
"21/03/2022","17:35:00","17:50:00",16,"Buffet ",28,4.9,13,"scooter ",2,"No ","Metropolitian ","Sunny","Medium ",1
"14/02/2022","20:15:00","20:20:00",34,"Meal ",29,5,5,"motorcycle ",0,"No ","Metropolitian ","Sandstorms","Jam ",1
"1/03/2022","17:50:00","18:05:00",20,"Drinks ",28,4.7,7,"motorcycle ",0,"No ","Metropolitian ","Stormy","Medium ",1
"28/03/2022","21:00:00","21:15:00",26,"Meal ",20,4.6,17,"motorcycle ",0,"No ","Urban ","Fog","Jam ",0
"1/03/2022","16:15:00","16:20:00",25,"Snack ",34,4.9,23,"scooter ",1,"No ","Metropolitian ","Windy","Medium ",1
"15/03/2022","22:45:00","22:50:00",18,"Meal ",33,4.9,23,"scooter ",1,"No ","Metropolitian ","Fog","Low ",0
"24/03/2022","8:20:00","8:35:00",27,"Meal ",39,4.7,17,"motorcycle ",1,"No ","Metropolitian ","Windy","Low ",1
"19/03/2022","18:45:00","19:00:00",26,"Snack ",35,4.7,5,"motorcycle ",0,"No ","Metropolitian ","Fog","Medium ",1
"15/03/2022","21:10:00","21:20:00",30,"Drinks ",33,4.5,14,"motorcycle ",1,"No ","Metropolitian ","Stormy","Jam ",1
"11/02/2022","10:40:00","10:45:00",20,"Meal ",23,4,1,"motorcycle ",0,"No ","Urban ","Sandstorms","Low ",1
"3/03/2022","19:45:00","19:55:00",17,"Buffet ",28,4.9,15,"scooter ",1,"No ","Metropolitian ","Sandstorms","Jam ",1
"13/03/2022","23:15:00","23:30:00",10,"Buffet ",26,5,19,"electric_scooter ",2,"No ","Urban ","Sandstorms","Low ",0
"28/03/2022","9:45:00","10:00:00",24,"Snack ",28,4.6,14,"motorcycle ",0,"No ","Metropolitian ","Cloudy","Low ",1
"23/03/2022","21:25:00","21:40:00",39,"Meal ",25,4.2,4,"motorcycle ",0,"No ","Metropolitian ","Stormy","Jam ",1
"15/02/2022","11:30:00","11:40:00",25,"Buffet ",20,4.6,8,"scooter ",2,"No ","Metropolitian ","Fog","High ",1
"17/03/2022","16:40:00","16:45:00",30,"Drinks ",36,4.8,19,"motorcycle ",0,"No ","Metropolitian ","Fog","Medium ",1
"28/03/2022","17:00:00","17:15:00",19,"Meal ",30,4.5,6,"electric_scooter ",2,"No ","Urban ","Sunny","Medium ",1
"15/03/2022","8:40:00","8:55:00",27,"Snack ",37,4.8,23,"motorcycle ",1,"No ","Metropolitian ","Sandstorms","Low ",0
"15/03/2022","22:30:00","22:45:00",30,"Meal ",34,4.2,5,"motorcycle ",0,"No ","Metropolitian ","Sandstorms","Low ",1
"18/03/2022","17:30:00","17:45:00",31,"Snack ",36,4.4,15,"motorcycle ",0,"No ","Metropolitian ","Windy","Medium ",0
"4/04/2022","18:30:00","18:35:00",15,"Snack ",26,4.5,16,"motorcycle ",0,"No ","Urban ","Sunny","Medium ",0
"5/03/2022","21:35:00","21:45:00",26,"Drinks ",25,4.8,19,"scooter ",1,"No ","Urban ","Sandstorms","Jam ",0
"25/03/2022","21:25:00","21:40:00",18,"Meal ",25,5,9,"scooter ",1,"No ","Metropolitian ","Stormy","Jam ",1
"16/03/2022","20:20:00","20:25:00",31,"Snack ",22,4.1,4,"motorcycle ",0,"No ","Metropolitian ","Sandstorms","Jam ",1
"13/03/2022","18:10:00","18:25:00",21,"Drinks ",29,4.8,15,"motorcycle ",1,"No ","Metropolitian ","Stormy","Medium ",1
"23/03/2022","19:50:00","20:05:00",37,"Meal ",28,4.8,1,"motorcycle ",0,"No ","Metropolitian ","Fog","Jam ",2
"15/02/2022","16:00:00","16:10:00",16,"Meal ",39,5,17,"scooter ",1,"No ","Urban ","Fog","Medium ",0
"26/03/2022","20:35:00","20:50:00",24,"Snack ",23,4.9,15,"electric_scooter ",2,"No ","Metropolitian ","Windy","Jam ",1
"9/03/2022","20:10:00","20:20:00",39,"Snack ",38,4.7,17,"electric_scooter ",2,"No ","Metropolitian ","Fog","Jam ",1
"17/02/2022","9:50:00","10:00:00",18,"Meal ",23,4.7,4,"motorcycle ",1,"No ","Metropolitian ","Sandstorms","Low ",0
"13/02/2022","14:50:00","15:00:00",21,"Meal ",30,4.8,5,"scooter ",2,"No ","Metropolitian ","Sunny","High ",1
"26/03/2022","11:25:00","11:30:00",15,"Snack ",20,4.8,15,"motorcycle ",2,"No ","Urban ","Sunny","High ",1
"11/02/2022","23:25:00","23:35:00",25,"Drinks ",36,4.5,3,"motorcycle ",0,"No ","Metropolitian ","Sunny","Low ",0
"2/03/2022","22:45:00","22:50:00",18,"Snack ",28,4.6,23,"motorcycle ",1,"No ","Metropolitian ","Stormy","Low ",1
"6/04/2022","18:40:00","18:55:00",41,"Drinks ",37,4.2,3,"scooter ",2,"No ","Metropolitian ","Fog","Medium ",2
"13/02/2022","19:40:00","19:50:00",11,"Buffet ",20,4.6,2,"motorcycle ",1,"No ","Metropolitian ","Windy","Jam ",0
"15/02/2022","17:55:00","18:00:00",29,"Meal ",31,4.6,3,"motorcycle ",1,"No ","Metropolitian ","Windy","Medium ",0
"12/02/2022","19:10:00","19:15:00",45,"Snack ",34,4.8,15,"scooter ",1,"No ","Urban ","Fog","Jam ",2
"6/04/2022","20:40:00","20:45:00",20,"Meal ",28,4.8,18,"scooter ",2,"No ","Metropolitian ","Sunny","Jam ",0
"27/03/2022","17:45:00","18:00:00",34,"Buffet ",36,4.1,11,"motorcycle ",2,"No ","Metropolitian ","Stormy","Medium ",1
"6/04/2022","21:15:00","21:30:00",47,"Meal ",33,4.3,3,"motorcycle ",0,"No ","Metropolitian ","Windy","Jam ",1
"15/03/2022","13:15:00","13:30:00",30,"Buffet ",39,4.6,15,"motorcycle ",0,"No ","Urban ","Cloudy","High ",1
"16/02/2022","21:15:00","21:25:00",30,"Buffet ",36,4.6,3,"scooter ",1,"No ","Metropolitian ","Sunny","Jam ",0
"17/02/2022","10:00:00","10:10:00",13,"Buffet ",28,4.8,21,"motorcycle ",2,"No ","Urban ","Sandstorms","Low ",1
"20/03/2022","19:40:00","19:45:00",53,"Snack ",39,4.5,8,"motorcycle ",0,"No ","Metropolitian ","Fog","Jam ",3
"8/03/2022","19:35:00","19:45:00",11,"Meal ",29,4.6,17,"motorcycle ",2,"No ","Metropolitian ","Sunny","Jam ",1
"3/04/2022","21:30:00","21:35:00",30,"Drinks ",30,4.8,11,"motorcycle ",1,"No ","Metropolitian ","Stormy","Jam ",1
"18/03/2022","19:20:00","19:25:00",26,"Drinks ",36,5,13,"motorcycle ",1,"No ","Metropolitian ","Windy","Jam ",0
"27/03/2022","19:40:00","19:45:00",43,"Buffet ",31,4.4,13,"scooter ",2,"Yes ","Metropolitian ","Windy","Jam ",1
"28/03/2022","8:45:00","9:00:00",23,"Drinks ",23,4.4,5,"motorcycle ",0,"No ","Urban ","Stormy","Low ",1
"3/03/2022","11:50:00","12:05:00",29,"Drinks ",29,4.5,14,"motorcycle ",1,"No ","Metropolitian ","Stormy","High ",1
"13/03/2022","9:15:00","9:25:00",24,"Drinks ",33,4.7,9,"motorcycle ",0,"No ","Metropolitian ","Sunny","Low ",1
"29/03/2022","18:10:00","18:15:00",33,"Meal ",39,4.4,3,"motorcycle ",0,"No ","Metropolitian ","Sunny","Medium ",1
"10/03/2022","23:00:00","23:10:00",27,"Drinks ",37,4.7,23,"scooter ",2,"No ","Metropolitian ","Cloudy","Low ",1
"29/03/2022","23:40:00","23:55:00",20,"Drinks ",23,4.6,21,"scooter ",1,"No ","Metropolitian ","Fog","Low ",0
"1/04/2022","17:25:00","17:30:00",19,"Meal ",24,4.9,23,"motorcycle ",0,"No ","Metropolitian ","Stormy","Medium ",1
"11/02/2022","14:00:00","14:05:00",30,"Snack ",24,4.9,4,"motorcycle ",0,"No ","Metropolitian ","Stormy","High ",0
"12/02/2022","19:20:00","19:30:00",35,"Snack ",36,4.4,4,"scooter ",2,"No ","Metropolitian ","Windy","Jam ",1
"3/03/2022","10:00:00","10:15:00",19,"Meal ",31,4.6,22,"scooter ",1,"No ","Metropolitian ","Stormy","Low ",1
"4/03/2022","22:25:00","22:35:00",42,"Meal ",21,2.5,3,"motorcycle ",2,"No ","Metropolitian ","Sunny","Low ",1
"29/03/2022","21:50:00","22:00:00",44,"Meal ",35,4.8,11,"motorcycle ",0,"No ","Metropolitian ","Windy","Jam ",1
"26/03/2022","19:35:00","19:45:00",36,"Snack ",30,4.6,2,"motorcycle ",0,"No ","Metropolitian ","Stormy","Jam ",1
"3/04/2022","18:20:00","18:25:00",14,"Snack ",27,4.6,17,"motorcycle ",0,"No ","Urban ","Sandstorms","Medium ",0
"5/03/2022","22:10:00","22:15:00",26,"Buffet ",37,4.6,12,"scooter ",1,"No ","Metropolitian ","Windy","Low ",1
"6/04/2022","17:35:00","17:50:00",25,"Meal ",23,5,15,"motorcycle ",2,"No ","Metropolitian ","Stormy","Medium ",0
"18/03/2022","18:45:00","19:00:00",20,"Buffet ",34,4.6,5,"motorcycle ",1,"No ","Metropolitian ","Stormy","Medium ",1
"24/03/2022","23:35:00","23:50:00",27,"Snack ",36,4,17,"motorcycle ",0,"No ","Metropolitian ","Windy","Low ",1
"10/03/2022","20:25:00","20:30:00",45,"Snack ",31,4.8,16,"motorcycle ",1,"No ","Urban ","Fog","Jam ",1
"9/03/2022","12:00:00","12:05:00",21,"Snack ",29,4.7,23,"scooter ",2,"No ","Metropolitian ","Cloudy","High ",0
"15/02/2022","21:40:00","21:45:00",19,"Snack ",26,4.5,5,"scooter ",1,"No ","Urban ","Windy","Jam ",1
"30/03/2022","20:25:00","20:30:00",26,"Snack ",28,4.8,19,"motorcycle ",1,"No ","Metropolitian ","Stormy","Jam ",1
"5/03/2022","19:00:00","19:05:00",16,"Drinks ",38,4.9,13,"motorcycle ",2,"No ","Metropolitian ","Sunny","Medium ",0
"12/03/2022","17:40:00","17:45:00",28,"Drinks ",23,5,17,"scooter ",1,"No ","Metropolitian ","Sandstorms","Medium ",0
"15/03/2022","9:20:00","9:25:00",23,"Buffet ",26,4.2,4,"motorcycle ",0,"No ","Metropolitian ","Windy","Low ",0
"2/04/2022","20:20:00","20:30:00",18,"Meal ",26,4.6,18,"scooter ",2,"No ","Urban ","Stormy","Jam ",1
"14/02/2022","21:30:00","21:40:00",16,"Snack ",23,4.7,6,"motorcycle ",1,"No ","Metropolitian ","Windy","Jam ",0
"6/04/2022","19:55:00","20:10:00",45,"Snack ",31,4.6,22,"motorcycle ",0,"No ","Metropolitian ","Fog","Jam ",1
"10/03/2022","21:40:00","21:45:00",25,"Buffet ",39,4.8,18,"motorcycle ",0,"No ","Urban ","Sunny","Jam ",0
"25/03/2022","23:45:00","0:00:00",10,"Buffet ",22,4.9,16,"electric_scooter ",2,"No ","Metropolitian ","Windy","Low ",0
"20/03/2022","21:35:00","21:40:00",52,"Meal ",31,4.5,3,"motorcycle ",0,"Yes ","Metropolitian ","Fog","Jam ",1
"23/03/2022","22:20:00","22:30:00",15,"Buffet ",29,4.6,9,"scooter ",1,"No ","Metropolitian ","Stormy","Low ",0
"12/02/2022","23:45:00","0:00:00",26,"Buffet ",35,4.8,23,"motorcycle ",0,"No ","Urban ","Windy","Low ",1
"12/03/2022","19:15:00","19:20:00",37,"Buffet ",29,4.7,19,"motorcycle ",0,"No ","Urban ","Windy","Jam ",1
"14/03/2022","20:30:00","20:35:00",30,"Drinks ",25,4.8,17,"motorcycle ",1,"No ","Urban ","Fog","Jam ",1
"18/03/2022","23:20:00","23:35:00",21,"Drinks ",21,4.7,13,"motorcycle ",0,"No ","Metropolitian ","Stormy","Low ",0
"3/03/2022","17:15:00","17:30:00",28,"Buffet ",32,4.6,13,"motorcycle ",1,"No ","Metropolitian ","Stormy","Medium ",0
"11/03/2022","23:25:00","23:30:00",29,"Snack ",30,4.9,22,"scooter ",2,"No ","Urban ","Stormy","Low ",1
"18/03/2022","21:55:00","22:05:00",42,"Drinks ",24,4.4,15,"motorcycle ",1,"No ","Metropolitian ","Fog","Jam ",0
"16/03/2022","18:55:00","19:00:00",15,"Meal ",29,4.8,14,"scooter ",1,"No ","Metropolitian ","Sandstorms","Medium ",1
"17/02/2022","21:20:00","21:25:00",17,"Meal ",21,4.7,16,"motorcycle ",0,"No ","Urban ","Windy","Jam ",0
"13/03/2022","22:15:00","22:25:00",33,"Snack ",36,4.1,13,"motorcycle ",0,"No ","Metropolitian ","Stormy","Low ",1
"4/04/2022","17:10:00","17:20:00",34,"Meal ",26,4.8,9,"motorcycle ",1,"No ","Metropolitian ","Cloudy","Medium ",1
"11/03/2022","22:25:00","22:35:00",10,"Buffet ",24,4.5,5,"electric_scooter ",2,"No ","Urban ","Fog","Low ",1
"17/03/2022","8:40:00","8:50:00",24,"Drinks ",37,4.9,22,"scooter ",2,"No ","Urban ","Stormy","Low ",1
"6/04/2022","17:15:00","17:30:00",16,"Meal ",27,4.6,18,"electric_scooter ",2,"No ","Metropolitian ","Sunny","Medium ",1
"16/02/2022","23:20:00","23:30:00",25,"Meal ",20,5,9,"scooter ",1,"No ","Metropolitian ","Sunny","Low ",1
"6/03/2022","19:35:00","19:40:00",24,"Drinks ",32,4.8,9,"electric_scooter ",2,"No ","Metropolitian ","Sunny","Jam ",1
"15/03/2022","20:15:00","20:25:00",20,"Snack ",39,4.6,22,"motorcycle ",0,"No ","Urban ","Sunny","Jam ",1
"31/03/2022","21:35:00","21:50:00",14,"Drinks ",20,5,23,"scooter ",1,"No ","Metropolitian ","Sunny","Jam ",1
"29/03/2022","21:15:00","21:20:00",38,"Snack ",32,4.9,1,"motorcycle ",0,"No ","Metropolitian ","Windy","Jam ",1
"8/03/2022","19:10:00","19:25:00",51,"Snack ",35,4.2,5,"motorcycle ",0,"No ","Metropolitian ","Sandstorms","Jam ",2
"18/02/2022","22:20:00","22:35:00",27,"Buffet ",36,4.9,7,"motorcycle ",0,"No ","Metropolitian ","Fog","Low ",1
"13/03/2022","17:55:00","18:10:00",29,"Buffet ",38,4.9,22,"electric_scooter ",2,"No ","Metropolitian ","Stormy","Medium ",1
"28/03/2022","18:20:00","18:35:00",18,"Meal ",39,4.9,16,"scooter ",1,"No ","Metropolitian ","Cloudy","Medium ",0
"13/03/2022","19:45:00","19:50:00",10,"Snack ",22,4.7,15,"scooter ",2,"No ","Urban ","Windy","Jam ",1
"6/04/2022","21:45:00","21:50:00",35,"Drinks ",26,4.1,3,"scooter ",2,"No ","Metropolitian ","Fog","Jam ",2
"1/03/2022","19:15:00","19:20:00",29,"Drinks ",20,4.9,23,"motorcycle ",1,"No ","Metropolitian ","Fog","Jam ",1
"30/03/2022","23:00:00","23:05:00",11,"Snack ",22,5,14,"motorcycle ",1,"No ","Metropolitian ","Stormy","Low ",1
"1/03/2022","21:30:00","21:40:00",29,"Meal ",35,4.7,17,"motorcycle ",1,"No ","Metropolitian ","Sandstorms","Jam ",1
"30/03/2022","8:55:00","9:00:00",22,"Snack ",20,4.5,16,"motorcycle ",0,"No ","Metropolitian ","Stormy","Low ",1
"14/02/2022","0:00:00","0:10:00",34,"Snack ",35,3.7,11,"electric_scooter ",2,"No ","Metropolitian ","Stormy","Low ",0
"25/03/2022","18:15:00","18:30:00",30,"Meal ",38,4.7,13,"motorcycle ",1,"No ","Metropolitian ","Fog","Medium ",1
"12/03/2022","18:30:00","18:35:00",22,"Snack ",22,4.7,12,"electric_scooter ",2,"No ","Metropolitian ","Stormy","Medium ",1
"8/03/2022","23:10:00","23:15:00",28,"Buffet ",30,4.8,13,"motorcycle ",0,"No ","Metropolitian ","Sandstorms","Low ",0
"6/03/2022","23:30:00","23:40:00",17,"Meal ",24,4.6,9,"motorcycle ",2,"No ","Metropolitian ","Windy","Low ",1
"13/02/2022","21:20:00","21:30:00",15,"Meal ",23,4.9,9,"scooter ",1,"No ","Metropolitian ","Sunny","Jam ",0
"14/03/2022","23:10:00","23:20:00",28,"Snack ",29,5,22,"electric_scooter ",2,"No ","Metropolitian ","Cloudy","Low ",0
"2/04/2022","22:40:00","22:50:00",40,"Drinks ",37,4.9,13,"motorcycle ",0,"Yes ","Metropolitian ","Fog","Low ",2
"23/03/2022","22:30:00","22:35:00",31,"Buffet ",37,4.1,4,"electric_scooter ",2,"No ","Urban ","Fog","Low ",1
"16/03/2022","20:55:00","21:05:00",20,"Buffet ",28,4.5,15,"scooter ",1,"No ","Metropolitian ","Windy","Jam ",1
"1/04/2022","11:55:00","12:00:00",15,"Drinks ",22,4.7,9,"scooter ",1,"No ","Metropolitian ","Sunny","High ",1
"7/03/2022","20:30:00","20:40:00",28,"Buffet ",30,4.8,18,"scooter ",1,"No ","Metropolitian ","Sandstorms","Jam ",0
"6/04/2022","21:10:00","21:15:00",15,"Buffet ",22,4.7,18,"motorcycle ",2,"No ","Metropolitian ","Stormy","Jam ",0
"20/03/2022","19:00:00","19:05:00",30,"Snack ",35,4.7,3,"motorcycle ",2,"No ","Metropolitian ","Windy","Medium ",1
"3/03/2022","20:25:00","20:40:00",18,"Drinks ",20,4.9,19,"motorcycle ",2,"No ","Urban ","Sandstorms","Jam ",1
"12/03/2022","20:35:00","20:50:00",42,"Drinks ",36,4.2,7,"scooter ",2,"No ","Metropolitian ","Stormy","Jam ",1
"1/04/2022","19:15:00","19:25:00",25,"Meal ",38,4.8,3,"scooter ",1,"No ","Urban ","Fog","Jam ",1
"12/03/2022","20:15:00","20:30:00",30,"Meal ",22,4.8,21,"motorcycle ",0,"No ","Metropolitian ","Windy","Jam ",1
"16/03/2022","20:55:00","21:10:00",31,"Meal ",36,4.1,6,"scooter ",1,"No ","Urban ","Sandstorms","Jam ",1
"11/03/2022","23:35:00","23:40:00",20,"Meal ",38,4.8,21,"motorcycle ",1,"No ","Urban ","Windy","Low ",1
"17/02/2022","11:55:00","12:05:00",15,"Buffet ",38,4.8,16,"electric_scooter ",2,"No ","Urban ","Sunny","High ",0
"11/02/2022","10:35:00","10:40:00",16,"Snack ",34,4.9,4,"scooter ",2,"No ","Metropolitian ","Fog","Low ",0
"16/02/2022","21:50:00","22:05:00",41,"Snack ",39,4.4,5,"scooter ",1,"No ","Metropolitian ","Fog","Jam ",0
"5/04/2022","19:35:00","19:50:00",23,"Meal ",24,4.6,19,"motorcycle ",0,"No ","Metropolitian ","Windy","Jam ",0
"18/02/2022","19:00:00","19:05:00",25,"Drinks ",25,4.5,8,"electric_scooter ",2,"No ","Metropolitian ","Sandstorms","Medium ",1
"16/02/2022","22:40:00","22:55:00",34,"Drinks ",38,3.5,18,"scooter ",1,"No ","Metropolitian ","Stormy","Low ",1
"20/03/2022","21:00:00","21:05:00",47,"Snack ",35,4.1,11,"motorcycle ",2,"No ","Metropolitian ","Cloudy","Jam ",1
"25/03/2022","19:45:00","19:55:00",11,"Buffet ",20,4.7,19,"motorcycle ",1,"No ","Urban ","Sunny","Jam ",1
"15/03/2022","16:25:00","16:30:00",27,"Drinks ",32,4.6,18,"scooter ",1,"No ","Metropolitian ","Sandstorms","Medium ",1
"6/04/2022","23:40:00","23:55:00",27,"Buffet ",21,4.7,23,"scooter ",1,"No ","Urban ","Cloudy","Low ",1
"3/04/2022","21:15:00","21:25:00",31,"Snack ",35,4.4,13,"motorcycle ",1,"No ","Metropolitian ","Cloudy","Jam ",1
"17/02/2022","12:25:00","12:40:00",12,"Drinks ",29,4.8,15,"scooter ",2,"No ","Urban ","Sunny","High ",0
"20/03/2022","23:35:00","23:50:00",21,"Meal ",36,4.8,23,"electric_scooter ",2,"No ","Metropolitian ","Sandstorms","Low ",1
"18/03/2022","19:00:00","19:15:00",22,"Snack ",20,5,6,"motorcycle ",0,"No ","Metropolitian ","Sunny","Medium ",1
"3/04/2022","13:30:00","13:35:00",30,"Meal ",30,4.8,11,"scooter ",1,"No ","Metropolitian ","Sandstorms","High ",0
"15/03/2022","11:45:00","11:50:00",29,"Meal ",23,5,16,"motorcycle ",0,"No ","Metropolitian ","Windy","High ",1
"4/04/2022","17:10:00","17:15:00",42,"Meal ",30,4.3,1,"motorcycle ",0,"No ","Metropolitian ","Sandstorms","Medium ",2
"5/03/2022","10:45:00","10:50:00",23,"Buffet ",36,4.8,23,"motorcycle ",0,"No ","Metropolitian ","Fog","Low ",0
"5/03/2022","9:50:00","10:00:00",27,"Buffet ",37,4.5,16,"scooter ",2,"No ","Metropolitian ","Stormy","Low ",0
"11/03/2022","19:25:00","19:40:00",30,"Meal ",34,4.7,16,"motorcycle ",0,"No ","Metropolitian ","Cloudy","Jam ",1
"15/03/2022","10:00:00","10:10:00",24,"Snack ",22,4.8,23,"motorcycle ",0,"No ","Urban ","Cloudy","Low ",1
"2/04/2022","21:00:00","21:05:00",35,"Snack ",37,4.6,13,"electric_scooter ",2,"No ","Metropolitian ","Fog","Jam ",1
"14/03/2022","23:30:00","23:40:00",21,"Meal ",35,4.8,16,"motorcycle ",1,"No ","Metropolitian ","Stormy","Low ",0
"8/03/2022","17:30:00","17:35:00",33,"Buffet ",39,4.2,9,"scooter ",1,"No ","Metropolitian ","Sandstorms","Medium ",1
"15/02/2022","10:10:00","10:25:00",23,"Meal ",37,5,5,"scooter ",2,"No ","Metropolitian ","Windy","Low ",1
"12/03/2022","20:35:00","20:40:00",34,"Snack ",21,4.8,17,"motorcycle ",0,"No ","Metropolitian ","Sunny","Jam ",1
"17/02/2022","10:20:00","10:25:00",19,"Snack ",36,4.9,8,"electric_scooter ",2,"No ","Metropolitian ","Sunny","Low ",1
"31/03/2022","18:25:00","18:30:00",41,"Meal ",36,4.7,3,"motorcycle ",0,"No ","Metropolitian ","Windy","Medium ",0
"23/03/2022","21:45:00","21:55:00",23,"Buffet ",23,4.8,9,"motorcycle ",1,"No ","Metropolitian ","Sunny","Jam ",1
"13/02/2022","23:00:00","23:05:00",16,"Snack ",31,4.9,4,"scooter ",2,"No ","Metropolitian ","Stormy","Low ",0
"26/03/2022","18:25:00","18:30:00",14,"Buffet ",26,4.7,17,"electric_scooter ",2,"No ","Urban ","Sunny","Medium ",0
"17/02/2022","10:00:00","10:15:00",22,"Buffet ",38,4.1,6,"motorcycle ",0,"No ","Urban ","Sandstorms","Low ",1
"11/02/2022","10:45:00","10:50:00",10,"Snack ",22,4.8,19,"scooter ",1,"No ","Urban ","Stormy","Low ",0
"8/03/2022","18:50:00","18:55:00",26,"Buffet ",20,4.6,22,"electric_scooter ",2,"No ","Metropolitian ","Fog","Medium ",1
"31/03/2022","20:45:00","20:50:00",19,"Drinks ",29,4.7,15,"motorcycle ",0,"No ","Metropolitian ","Sunny","Jam ",1
"20/03/2022","18:20:00","18:35:00",23,"Snack ",31,4.9,23,"motorcycle ",1,"No ","Urban ","Sandstorms","Medium ",1
"17/03/2022","17:00:00","17:10:00",28,"Snack ",28,4.7,8,"scooter ",2,"No ","Metropolitian ","Sandstorms","Medium ",0
"4/04/2022","20:50:00","20:55:00",32,"Drinks ",27,4.8,22,"motorcycle ",0,"No ","Metropolitian ","Windy","Jam ",1
"12/03/2022","20:25:00","20:35:00",40,"Meal ",30,4.6,15,"motorcycle ",0,"No ","Metropolitian ","Fog","Jam ",1
"18/02/2022","18:40:00","18:45:00",30,"Meal ",32,4.9,15,"scooter ",1,"No ","Urban ","Fog","Medium ",0
"2/04/2022","21:00:00","21:05:00",35,"Snack ",20,4.2,6,"electric_scooter ",2,"No ","Metropolitian ","Fog","Jam ",1
"12/02/2022","17:30:00","17:45:00",31,"Snack ",20,4.8,19,"motorcycle ",0,"No ","Urban ","Cloudy","Medium ",1
"21/03/2022","9:20:00","9:30:00",20,"Snack ",38,4.9,12,"motorcycle ",0,"No ","Metropolitian ","Fog","Low ",1
"23/03/2022","17:25:00","17:30:00",28,"Drinks ",37,4.5,23,"scooter ",2,"No ","Metropolitian ","Stormy","Medium ",1
"7/03/2022","10:20:00","10:35:00",16,"Drinks ",27,4.7,19,"scooter ",1,"No ","Metropolitian ","Windy","Low ",0
"14/02/2022","17:15:00","17:25:00",31,"Meal ",26,4.6,2,"motorcycle ",0,"No ","Metropolitian ","Windy","Medium ",1
"29/03/2022","0:00:00","0:05:00",15,"Snack ",21,4.6,16,"motorcycle ",0,"No ","Metropolitian ","Windy","Low ",1
"24/03/2022","19:00:00","19:10:00",20,"Meal ",21,4.9,14,"scooter ",1,"No ","Metropolitian ","Windy","Medium ",1
"13/02/2022","10:30:00","10:40:00",27,"Meal ",34,4.6,15,"motorcycle ",2,"No ","Urban ","Stormy","Low ",0
"5/03/2022","23:50:00","0:00:00",16,"Buffet ",37,4.8,23,"motorcycle ",1,"No ","Metropolitian ","Sunny","Low ",0
"15/02/2022","23:15:00","23:25:00",19,"Meal ",30,5,16,"scooter ",2,"No ","Urban ","Cloudy","Low ",1
"13/02/2022","18:35:00","18:40:00",10,"Meal ",21,4.7,3,"motorcycle ",0,"No ","Metropolitian ","Windy","Medium ",0
"6/04/2022","22:25:00","22:30:00",35,"Buffet ",33,4.2,6,"scooter ",2,"No ","Metropolitian ","Cloudy","Low ",1
"16/03/2022","17:55:00","18:00:00",34,"Snack ",29,4.7,15,"scooter ",1,"No ","Metropolitian ","Fog","Medium ",1
"5/03/2022","10:50:00","11:05:00",22,"Snack ",32,4.7,19,"motorcycle ",0,"No ","Urban ","Stormy","Low ",1
"2/03/2022","17:55:00","18:00:00",22,"Buffet ",39,4.9,19,"electric_scooter ",2,"No ","Metropolitian ","Windy","Medium ",0
"6/04/2022","22:15:00","22:25:00",15,"Meal ",21,4.8,22,"motorcycle ",0,"No ","Metropolitian ","Stormy","Low ",1
"17/03/2022","9:20:00","9:30:00",10,"Drinks ",32,5,16,"electric_scooter ",2,"No ","Urban ","Sunny","Low ",0
"8/03/2022","18:30:00","18:45:00",29,"Snack ",33,4.6,19,"motorcycle ",1,"No ","Metropolitian ","Stormy","Medium ",1
"17/02/2022","11:55:00","12:05:00",15,"Buffet ",38,4.8,16,"electric_scooter ",2,"No ","Urban ","Sunny","High ",0
"14/03/2022","18:25:00","18:40:00",26,"Drinks ",25,4.8,12,"scooter ",1,"No ","Metropolitian ","Windy","Medium ",0
"11/03/2022","19:55:00","20:00:00",39,"Buffet ",22,4.7,23,"motorcycle ",0,"Yes ","Metropolitian ","Stormy","Jam ",0
"21/03/2022","21:55:00","22:05:00",27,"Buffet ",32,4.7,23,"scooter ",2,"No ","Metropolitian ","Sandstorms","Jam ",1
"30/03/2022","8:45:00","8:50:00",16,"Snack ",24,4.8,1,"motorcycle ",2,"No ","Urban ","Fog","Low ",0
"1/03/2022","21:15:00","21:30:00",24,"Drinks ",32,4.6,9,"motorcycle ",0,"No ","Metropolitian ","Sunny","Jam ",1
"3/03/2022","8:55:00","9:10:00",13,"Snack ",35,4.8,12,"scooter ",1,"No ","Metropolitian ","Sunny","Low ",0
"3/04/2022","11:40:00","11:55:00",39,"Snack ",25,4.4,19,"motorcycle ",0,"No ","Urban ","Stormy","High ",1
"14/03/2022","20:35:00","20:50:00",41,"Drinks ",27,4.7,15,"motorcycle ",2,"No ","Metropolitian ","Fog","Jam ",0
"4/04/2022","18:55:00","19:00:00",22,"Buffet ",34,4.9,18,"scooter ",2,"No ","Metropolitian ","Sandstorms","Medium ",1
"5/03/2022","9:45:00","10:00:00",12,"Drinks ",27,4.6,15,"scooter ",2,"No ","Metropolitian ","Sunny","Low ",1
"2/03/2022","23:10:00","23:15:00",16,"Buffet ",23,4.7,15,"scooter ",1,"No ","Urban ","Windy","Low ",0
"18/03/2022","22:55:00","23:05:00",24,"Meal ",25,4.7,15,"scooter ",2,"No ","Urban ","Fog","Low ",1
"17/02/2022","20:45:00","20:55:00",28,"Drinks ",39,4.7,2,"electric_scooter ",2,"No ","Metropolitian ","Fog","Jam ",1
"6/04/2022","23:40:00","23:50:00",23,"Meal ",28,4.7,19,"electric_scooter ",2,"No ","Metropolitian ","Fog","Low ",1
"31/03/2022","17:55:00","18:05:00",26,"Meal ",26,4.8,5,"motorcycle ",2,"No ","Urban ","Cloudy","Medium ",1
"18/02/2022","20:30:00","20:45:00",19,"Drinks ",26,4.8,5,"scooter ",1,"No ","Metropolitian ","Fog","Jam ",1
"3/04/2022","22:25:00","22:40:00",15,"Drinks ",21,4.4,21,"motorcycle ",0,"No ","Metropolitian ","Windy","Low ",0
"26/03/2022","18:10:00","18:15:00",31,"Drinks ",36,4.4,6,"motorcycle ",1,"No ","Urban ","Stormy","Medium ",1
"19/03/2022","8:45:00","8:50:00",14,"Snack ",20,4.8,22,"scooter ",2,"No ","Urban ","Sandstorms","Low ",0
"3/04/2022","14:50:00","15:00:00",33,"Meal ",20,4,15,"scooter ",2,"No ","Metropolitian ","Fog","High ",1
"15/02/2022","9:30:00","9:35:00",22,"Meal ",32,4.9,2,"motorcycle ",0,"No ","Metropolitian ","Stormy","Low ",1
"26/03/2022","18:15:00","18:30:00",19,"Snack ",20,4.8,21,"motorcycle ",2,"No ","Urban ","Cloudy","Medium ",0
"2/04/2022","19:40:00","19:55:00",30,"Meal ",27,4.7,5,"motorcycle ",0,"No ","Metropolitian ","Stormy","Jam ",1
"17/02/2022","16:15:00","16:25:00",31,"Drinks ",35,5,9,"scooter ",2,"No ","Metropolitian ","Stormy","Medium ",1
"5/04/2022","18:20:00","18:25:00",14,"Meal ",28,4.7,16,"motorcycle ",2,"No ","Metropolitian ","Cloudy","Medium ",1
"1/04/2022","17:40:00","17:45:00",15,"Buffet ",27,4.6,21,"scooter ",1,"No ","Metropolitian ","Cloudy","Medium ",1
"11/03/2022","11:25:00","11:40:00",29,"Drinks ",32,4.9,14,"motorcycle ",1,"No ","Metropolitian ","Windy","High ",1
"19/03/2022","12:20:00","12:25:00",26,"Buffet ",23,4.6,11,"scooter ",2,"No ","Metropolitian ","Fog","High ",1
"14/03/2022","21:45:00","21:50:00",25,"Drinks ",39,4.9,13,"electric_scooter ",2,"No ","Metropolitian ","Sandstorms","Jam ",1
"20/03/2022","23:45:00","0:00:00",29,"Buffet ",36,4.9,3,"motorcycle ",1,"No ","Metropolitian ","Fog","Low ",1
"17/03/2022","20:10:00","20:25:00",24,"Snack ",29,4.6,4,"motorcycle ",1,"No ","Metropolitian ","Fog","Jam ",0
"12/02/2022","22:00:00","22:10:00",24,"Meal ",22,4.5,9,"scooter ",1,"No ","Metropolitian ","Sunny","Jam ",1
"5/04/2022","14:30:00","14:35:00",31,"Buffet ",32,4.6,19,"electric_scooter ",2,"No ","Metropolitian ","Sandstorms","High ",1
"1/04/2022","23:00:00","23:15:00",23,"Buffet ",22,5,19,"scooter ",2,"No ","Urban ","Sunny","Low ",0
"7/03/2022","23:55:00","0:10:00",20,"Meal ",39,4.5,23,"motorcycle ",2,"No ","Metropolitian ","Windy","Low ",0
"11/02/2022","21:40:00","21:55:00",32,"Buffet ",28,4.3,8,"scooter ",2,"No ","Metropolitian ","Fog","Jam ",1
"31/03/2022","17:35:00","17:40:00",32,"Meal ",27,4.1,3,"motorcycle ",2,"No ","Metropolitian ","Cloudy","Medium ",0
"18/03/2022","20:25:00","20:40:00",44,"Snack ",32,4.6,19,"scooter ",1,"No ","Semi-Urban ","Fog","Jam ",0
"19/03/2022","20:00:00","20:15:00",33,"Buffet ",31,4.1,23,"motorcycle ",1,"No ","Metropolitian ","Sandstorms","Jam ",1
"1/04/2022","22:45:00","22:55:00",23,"Meal ",33,4.9,23,"motorcycle ",2,"No ","Metropolitian ","Windy","Low ",1
"18/03/2022","23:55:00","0:00:00",28,"Buffet ",28,4.9,11,"motorcycle ",0,"No ","Metropolitian ","Sunny","Low ",1
"5/04/2022","11:25:00","11:35:00",21,"Drinks ",24,4.9,18,"motorcycle ",0,"No ","Metropolitian ","Sandstorms","High ",1
"5/04/2022","23:35:00","23:40:00",28,"Buffet ",35,4.4,17,"motorcycle ",0,"No ","Urban ","Stormy","Low ",1
"27/03/2022","19:55:00","20:10:00",44,"Meal ",33,4.9,1,"motorcycle ",0,"No ","Metropolitian ","Cloudy","Jam ",1
"30/03/2022","18:10:00","18:15:00",24,"Buffet ",26,5,3,"scooter ",2,"No ","Urban ","Windy","Medium ",0
"5/04/2022","20:40:00","20:55:00",11,"Drinks ",27,4.6,19,"motorcycle ",1,"No ","Urban ","Sunny","Jam ",0
"14/03/2022","23:10:00","23:20:00",28,"Meal ",34,4.8,23,"motorcycle ",2,"No ","Metropolitian ","Fog","Low ",0
"5/03/2022","19:30:00","19:45:00",28,"Meal ",37,4.7,9,"motorcycle ",0,"No ","Metropolitian ","Sunny","Jam ",1
"18/02/2022","23:10:00","23:25:00",18,"Buffet ",34,4.7,7,"motorcycle ",1,"No ","Metropolitian ","Fog","Low ",1
"16/02/2022","21:45:00","21:55:00",41,"Snack ",25,4.9,7,"motorcycle ",1,"No ","Metropolitian ","Fog","Jam ",2
"20/03/2022","19:10:00","19:25:00",48,"Meal ",37,4.9,3,"motorcycle ",0,"No ","Metropolitian ","Fog","Jam ",2
"5/04/2022","21:25:00","21:35:00",23,"Buffet ",25,4.6,22,"scooter ",2,"No ","Metropolitian ","Stormy","Jam ",1
"18/02/2022","23:10:00","23:25:00",18,"Buffet ",34,4.7,7,"motorcycle ",1,"No ","Metropolitian ","Fog","Low ",1
"16/02/2022","19:00:00","19:10:00",47,"Buffet ",36,5,5,"motorcycle ",0,"No ","Metropolitian ","Fog","Medium ",0
"2/04/2022","19:25:00","19:35:00",19,"Drinks ",39,4.7,17,"scooter ",1,"No ","Urban ","Sunny","Jam ",1
"17/03/2022","23:55:00","0:05:00",22,"Drinks ",30,4.7,21,"scooter ",1,"No ","Metropolitian ","Stormy","Low ",1
"31/03/2022","17:35:00","17:40:00",16,"Snack ",20,4.8,12,"scooter ",1,"No ","Metropolitian ","Sunny","Medium ",1
"3/04/2022","23:20:00","23:30:00",27,"Snack ",32,5,9,"scooter ",2,"No ","Metropolitian ","Sandstorms","Low ",1
"9/03/2022","8:40:00","8:55:00",15,"Drinks ",36,4.9,18,"motorcycle ",1,"No ","Metropolitian ","Cloudy","Low ",0
"6/04/2022","21:15:00","21:25:00",25,"Meal ",25,4.7,21,"scooter ",1,"No ","Metropolitian ","Windy","Jam ",0
"17/02/2022","8:15:00","8:25:00",14,"Buffet ",28,4.5,9,"motorcycle ",0,"No ","Metropolitian ","Sunny","Low ",1
"29/03/2022","23:10:00","23:20:00",38,"Meal ",34,4.5,5,"electric_scooter ",2,"No ","Metropolitian ","Fog","Low ",1
"14/03/2022","20:20:00","20:30:00",40,"Drinks ",30,3.8,9,"scooter ",2,"No ","Metropolitian ","Sandstorms","Jam ",1
"30/03/2022","9:20:00","9:25:00",22,"Buffet ",23,4.5,23,"motorcycle ",0,"No ","Metropolitian ","Stormy","Low ",1
"1/03/2022","10:50:00","10:55:00",23,"Meal ",27,4.8,22,"scooter ",2,"No ","Metropolitian ","Sunny","Low ",1
"19/03/2022","17:55:00","18:00:00",16,"Drinks ",39,4.9,3,"scooter ",2,"No ","Metropolitian ","Cloudy","Medium ",1
"19/03/2022","0:00:00","0:15:00",28,"Buffet ",37,4.7,3,"electric_scooter ",2,"No ","Metropolitian ","Sandstorms","Low ",1
"21/03/2022","18:00:00","18:15:00",26,"Drinks ",37,4.8,9,"scooter ",2,"No ","Metropolitian ","Sandstorms","Medium ",1
"1/04/2022","9:20:00","9:35:00",24,"Drinks ",39,4.7,9,"scooter ",2,"No ","Metropolitian ","Windy","Low ",0
"15/03/2022","10:20:00","10:35:00",19,"Buffet ",28,4.9,16,"motorcycle ",0,"No ","Metropolitian ","Fog","Low ",1
"10/03/2022","22:10:00","22:15:00",29,"Meal ",22,4.6,21,"motorcycle ",1,"No ","Metropolitian ","Sunny","Low ",0
"2/04/2022","18:35:00","18:50:00",20,"Drinks ",20,4.5,22,"scooter ",1,"No ","Metropolitian ","Windy","Medium ",0
"1/04/2022","23:45:00","23:55:00",19,"Snack ",32,5,21,"motorcycle ",2,"No ","Metropolitian ","Fog","Low ",0
"2/03/2022","20:45:00","21:00:00",42,"Buffet ",39,4.7,15,"motorcycle ",1,"Yes ","Metropolitian ","Fog","Jam ",2
"19/03/2022","11:30:00","11:40:00",18,"Snack ",33,5,8,"scooter ",2,"No ","Metropolitian ","Sunny","High ",1
"13/03/2022","8:25:00","8:30:00",14,"Buffet ",28,4.7,22,"electric_scooter ",2,"No ","Urban ","Stormy","Low ",1
"1/03/2022","13:10:00","13:15:00",21,"Drinks ",29,4.5,23,"motorcycle ",0,"No ","Metropolitian ","Fog","High ",1
"12/02/2022","22:00:00","22:15:00",39,"Snack ",30,4,14,"motorcycle ",1,"No ","Metropolitian ","Fog","Jam ",2
"10/03/2022","17:25:00","17:40:00",31,"Snack ",23,4.3,23,"motorcycle ",2,"No ","Metropolitian ","Fog","Medium ",0
"6/03/2022","19:45:00","19:55:00",34,"Snack ",26,4.4,23,"motorcycle ",1,"No ","Metropolitian ","Sunny","Jam ",1
"2/03/2022","20:40:00","20:50:00",40,"Buffet ",36,4.7,12,"motorcycle ",0,"No ","Metropolitian ","Fog","Jam ",1
"31/03/2022","21:50:00","21:55:00",41,"Buffet ",32,4.9,6,"motorcycle ",1,"No ","Metropolitian ","Fog","Jam ",0
"17/02/2022","17:10:00","17:15:00",22,"Snack ",28,4.9,5,"motorcycle ",0,"No ","Metropolitian ","Sunny","Medium ",1
"4/04/2022","18:00:00","18:05:00",28,"Snack ",32,4.6,18,"motorcycle ",2,"No ","Metropolitian ","Sunny","Medium ",1
"5/04/2022","20:15:00","20:20:00",27,"Buffet ",21,4.8,23,"motorcycle ",1,"No ","Metropolitian ","Windy","Jam ",1
"14/03/2022","20:10:00","20:15:00",15,"Drinks ",29,4.8,19,"scooter ",1,"No ","Metropolitian ","Stormy","Jam ",1
"5/03/2022","9:35:00","9:45:00",24,"Buffet ",31,4.4,15,"motorcycle ",0,"No ","Metropolitian ","Stormy","Low ",0
"26/03/2022","20:20:00","20:25:00",18,"Snack ",20,4.8,17,"scooter ",1,"No ","Urban ","Sandstorms","Jam ",1
"13/03/2022","23:10:00","23:15:00",24,"Snack ",34,4.2,2,"motorcycle ",0,"No ","Urban ","Windy","Low ",0
"10/03/2022","18:40:00","18:50:00",27,"Drinks ",20,4.6,17,"electric_scooter ",2,"No ","Urban ","Sandstorms","Medium ",1
"8/03/2022","19:25:00","19:35:00",47,"Buffet ",28,4.6,13,"motorcycle ",0,"Yes ","Metropolitian ","Sunny","Jam ",1
"11/02/2022","21:00:00","21:05:00",28,"Buffet ",27,4.8,2,"motorcycle ",1,"No ","Metropolitian ","Stormy","Jam ",0
"29/03/2022","22:25:00","22:35:00",18,"Drinks ",25,4.8,1,"scooter ",1,"No ","Urban ","Sandstorms","Low ",0
"18/02/2022","19:35:00","19:50:00",28,"Drinks ",32,4.6,19,"scooter ",2,"No ","Urban ","Sandstorms","Jam ",1
"11/02/2022","19:15:00","19:30:00",43,"Snack ",39,4.2,3,"motorcycle ",0,"No ","Metropolitian ","Windy","Jam ",1
"20/03/2022","19:40:00","19:45:00",33,"Meal ",27,4.2,5,"motorcycle ",1,"No ","Metropolitian ","Fog","Jam ",0
"6/04/2022","23:25:00","23:30:00",12,"Meal ",26,4.7,15,"motorcycle ",2,"No ","Urban ","Stormy","Low ",0
"25/03/2022","22:50:00","23:00:00",20,"Buffet ",31,4.9,9,"electric_scooter ",2,"No ","Metropolitian ","Stormy","Low ",1
"26/03/2022","21:00:00","21:15:00",34,"Meal ",35,4.3,1,"motorcycle ",0,"No ","Urban ","Sandstorms","Jam ",1
"12/02/2022","18:30:00","18:35:00",34,"Drinks ",32,4.6,2,"scooter ",2,"No ","Metropolitian ","Stormy","Medium ",0
"11/02/2022","14:25:00","14:30:00",33,"Meal ",31,4.6,4,"motorcycle ",0,"No ","Metropolitian ","Sandstorms","High ",1
"25/03/2022","21:45:00","21:50:00",34,"Meal ",31,4.2,5,"motorcycle ",2,"No ","Metropolitian ","Sunny","Jam ",0
"6/04/2022","21:10:00","21:15:00",15,"Buffet ",22,4.7,18,"motorcycle ",2,"No ","Metropolitian ","Stormy","Jam ",0
"26/03/2022","22:40:00","22:55:00",18,"Drinks ",23,4.9,23,"motorcycle ",2,"No ","Urban ","Stormy","Low ",1
"17/02/2022","10:35:00","10:40:00",11,"Meal ",21,4.7,16,"scooter ",1,"No ","Urban ","Fog","Low ",0
"12/03/2022","19:40:00","19:55:00",44,"Buffet ",29,4.2,9,"scooter ",2,"No ","Metropolitian ","Cloudy","Jam ",3
"28/03/2022","20:50:00","21:05:00",26,"Snack ",39,4.8,19,"scooter ",2,"No ","Urban ","Stormy","Jam ",0
"17/03/2022","19:00:00","19:05:00",30,"Drinks ",30,4.8,22,"electric_scooter ",2,"No ","Metropolitian ","Sandstorms","Medium ",0
"20/03/2022","21:30:00","21:40:00",45,"Buffet ",30,4.6,5,"motorcycle ",1,"Yes ","Metropolitian ","Fog","Jam ",1
"4/04/2022","20:25:00","20:40:00",43,"Buffet ",35,4.8,1,"motorcycle ",2,"No ","Metropolitian ","Cloudy","Jam ",1
"3/03/2022","16:00:00","16:05:00",21,"Meal ",25,4.9,19,"scooter ",2,"No ","Urban ","Stormy","Medium ",1
"13/02/2022","21:20:00","21:30:00",15,"Meal ",23,4.9,9,"scooter ",1,"No ","Metropolitian ","Sunny","Jam ",0
"13/02/2022","13:25:00","13:40:00",32,"Meal ",34,4.7,19,"motorcycle ",0,"No ","Urban ","Fog","High ",1
"19/03/2022","18:00:00","18:15:00",10,"Buffet ",21,4.7,1,"scooter ",1,"No ","Metropolitian ","Sunny","Medium ",0
"16/02/2022","17:35:00","17:45:00",16,"Drinks ",25,4.8,6,"scooter ",1,"No ","Metropolitian ","Windy","Medium ",1
"26/03/2022","19:20:00","19:25:00",34,"Snack ",33,4.7,4,"motorcycle ",1,"No ","Metropolitian ","Sandstorms","Jam ",1
"14/03/2022","20:55:00","21:00:00",30,"Buffet ",24,4.5,1,"motorcycle ",0,"No ","Urban ","Stormy","Jam ",1
"15/03/2022","17:50:00","18:05:00",18,"Snack ",31,4.7,9,"scooter ",1,"No ","Metropolitian ","Cloudy","Medium ",0
"20/03/2022","22:35:00","22:40:00",28,"Drinks ",35,4.6,14,"motorcycle ",0,"No ","Metropolitian ","Sunny","Low ",1
"28/03/2022","10:10:00","10:25:00",26,"Snack ",35,4.5,23,"scooter ",2,"No ","Metropolitian ","Sandstorms","Low ",0
"17/03/2022","23:35:00","23:50:00",17,"Drinks ",27,4.6,9,"scooter ",2,"No ","Metropolitian ","Stormy","Low ",1
"1/04/2022","23:40:00","23:50:00",19,"Meal ",25,4.6,17,"scooter ",1,"No ","Urban ","Fog","Low ",0
"4/04/2022","23:35:00","23:50:00",17,"Drinks ",38,4.9,17,"scooter ",1,"No ","Metropolitian ","Sandstorms","Low ",0
"20/03/2022","19:00:00","19:15:00",32,"Meal ",36,4.3,6,"scooter ",1,"No ","Urban ","Stormy","Medium ",1
"11/03/2022","8:45:00","9:00:00",26,"Drinks ",36,4.7,15,"scooter ",1,"No ","Metropolitian ","Windy","Low ",1
"2/04/2022","17:45:00","17:55:00",38,"Meal ",36,4.7,11,"motorcycle ",0,"No ","Metropolitian ","Cloudy","Medium ",2
"18/02/2022","21:30:00","21:40:00",17,"Drinks ",22,4.6,5,"scooter ",2,"No ","Metropolitian ","Fog","Jam ",1
"3/03/2022","18:40:00","18:45:00",26,"Drinks ",24,4.9,17,"motorcycle ",0,"No ","Metropolitian ","Fog","Medium ",1
"26/03/2022","16:25:00","16:35:00",26,"Snack ",29,4.7,21,"motorcycle ",1,"No ","Metropolitian ","Stormy","Medium ",1
"21/03/2022","17:30:00","17:35:00",19,"Drinks ",32,4.6,19,"scooter ",1,"No ","Metropolitian ","Cloudy","Medium ",1
"4/04/2022","22:15:00","22:25:00",19,"Snack ",32,4.6,19,"motorcycle ",2,"No ","Metropolitian ","Stormy","Low ",0
"2/04/2022","18:50:00","19:00:00",22,"Snack ",23,4.7,23,"scooter ",1,"No ","Metropolitian ","Sandstorms","Medium ",1
"16/02/2022","17:30:00","17:35:00",28,"Snack ",24,4.7,18,"motorcycle ",1,"No ","Urban ","Sandstorms","Medium ",1
"8/03/2022","20:30:00","20:45:00",39,"Buffet ",33,4.5,23,"scooter ",2,"No ","Metropolitian ","Sandstorms","Jam ",0
"13/02/2022","8:30:00","8:45:00",29,"Buffet ",34,4.3,6,"motorcycle ",0,"No ","Metropolitian ","Sandstorms","Low ",0
"29/03/2022","21:30:00","21:35:00",40,"Snack ",38,4.6,2,"motorcycle ",0,"No ","Metropolitian ","Sunny","Jam ",2
"10/03/2022","20:00:00","20:15:00",49,"Snack ",32,4.5,9,"motorcycle ",0,"Yes ","Metropolitian ","Fog","Jam ",1
"13/03/2022","17:25:00","17:30:00",17,"Snack ",27,4.7,12,"motorcycle ",0,"No ","Metropolitian ","Windy","Medium ",1
"23/03/2022","23:20:00","23:25:00",20,"Buffet ",24,4.6,22,"motorcycle ",0,"No ","Metropolitian ","Fog","Low ",1
"2/04/2022","21:40:00","21:45:00",17,"Snack ",22,4.8,23,"scooter ",1,"No ","Metropolitian ","Sandstorms","Jam ",1
"2/04/2022","17:40:00","17:55:00",27,"Snack ",22,4.9,22,"scooter ",1,"No ","Metropolitian ","Windy","Medium ",1
"14/03/2022","22:45:00","22:55:00",12,"Drinks ",24,4.6,19,"scooter ",2,"No ","Urban ","Sandstorms","Low ",1
"27/03/2022","19:30:00","19:40:00",34,"Drinks ",27,4.2,8,"motorcycle ",0,"No ","Metropolitian ","Windy","Jam ",1
"21/03/2022","22:15:00","22:25:00",14,"Snack ",22,4.7,16,"electric_scooter ",2,"No ","Urban ","Fog","Low ",1
"18/03/2022","20:35:00","20:50:00",33,"Snack ",27,4.4,23,"motorcycle ",2,"No ","Metropolitian ","Cloudy","Jam ",1
"20/03/2022","19:35:00","19:50:00",38,"Meal ",33,4.4,8,"scooter ",2,"No ","Metropolitian ","Sandstorms","Jam ",1
"2/03/2022","20:20:00","20:25:00",43,"Meal ",21,4.7,23,"electric_scooter ",2,"No ","Metropolitian ","Fog","Jam ",1
"2/04/2022","17:35:00","17:40:00",33,"Meal ",33,4.8,22,"motorcycle ",1,"No ","Urban ","Cloudy","Medium ",1
"31/03/2022","18:50:00","19:05:00",23,"Meal ",38,4.8,23,"scooter ",1,"No ","Metropolitian ","Sunny","Medium ",1
"16/03/2022","20:35:00","20:40:00",45,"Buffet ",35,4.9,9,"scooter ",1,"No ","Metropolitian ","Cloudy","Jam ",1
"13/02/2022","23:30:00","23:35:00",14,"Buffet ",28,4.5,7,"motorcycle ",1,"No ","Metropolitian ","Stormy","Low ",0
"3/04/2022","23:15:00","23:20:00",23,"Meal ",36,4.2,19,"motorcycle ",0,"No ","Metropolitian ","Sandstorms","Low ",0
"4/03/2022","22:10:00","22:20:00",23,"Buffet ",30,4.7,19,"motorcycle ",1,"No ","Metropolitian ","Sunny","Low ",0
"15/03/2022","16:50:00","17:05:00",33,"Buffet ",35,4.7,16,"motorcycle ",0,"No ","Metropolitian ","Fog","Medium ",1
"11/02/2022","11:45:00","12:00:00",33,"Meal ",31,4.3,6,"motorcycle ",1,"No ","Urban ","Fog","High ",0
"31/03/2022","22:50:00","23:05:00",11,"Snack ",20,4.7,2,"motorcycle ",2,"No ","Urban ","Sandstorms","Low ",0
"10/03/2022","19:35:00","19:45:00",47,"Meal ",36,5,23,"scooter ",2,"Yes ","Metropolitian ","Cloudy","Jam ",2
"6/04/2022","17:55:00","18:05:00",43,"Drinks ",34,4,6,"electric_scooter ",2,"No ","Metropolitian ","Cloudy","Medium ",1
"14/02/2022","20:10:00","20:25:00",44,"Meal ",31,4,14,"motorcycle ",0,"No ","Metropolitian ","Windy","Jam ",2
"17/03/2022","15:15:00","15:25:00",27,"Drinks ",30,4.7,22,"motorcycle ",1,"No ","Metropolitian ","Windy","Medium ",1
"29/03/2022","0:00:00","0:15:00",39,"Buffet ",31,4.5,3,"scooter ",2,"No ","Metropolitian ","Fog","Low ",1
"17/03/2022","12:25:00","12:30:00",28,"Buffet ",25,4.6,18,"scooter ",1,"No ","Urban ","Stormy","High ",0
"8/03/2022","17:50:00","18:05:00",32,"Meal ",28,4.8,14,"motorcycle ",0,"No ","Metropolitian ","Sunny","Medium ",1
"16/02/2022","21:00:00","21:05:00",35,"Snack ",34,4.7,8,"motorcycle ",0,"No ","Metropolitian ","Windy","Jam ",1
"16/02/2022","18:20:00","18:30:00",30,"Buffet ",38,4.6,3,"motorcycle ",1,"No ","Metropolitian ","Fog","Medium ",0
"3/04/2022","12:10:00","12:20:00",23,"Meal ",24,4.5,18,"motorcycle ",2,"No ","Urban ","Stormy","High ",1
"31/03/2022","17:10:00","17:20:00",35,"Meal ",26,4.3,4,"motorcycle ",1,"No ","Metropolitian ","Cloudy","Medium ",0
"19/03/2022","14:45:00","14:50:00",24,"Snack ",24,4.7,23,"scooter ",2,"No ","Metropolitian ","Cloudy","High ",0
"26/03/2022","16:15:00","16:30:00",28,"Drinks ",39,4.6,17,"scooter ",1,"No ","Metropolitian ","Stormy","Medium ",1
"2/04/2022","22:10:00","22:15:00",21,"Snack ",24,4.9,23,"motorcycle ",1,"No ","Metropolitian ","Cloudy","Low ",1
"3/03/2022","21:55:00","22:10:00",22,"Meal ",37,4.8,9,"motorcycle ",1,"No ","Metropolitian ","Sunny","Jam ",1
"1/03/2022","16:10:00","16:20:00",33,"Drinks ",33,4.1,8,"motorcycle ",1,"No ","Metropolitian ","Sandstorms","Medium ",1
"1/04/2022","9:35:00","9:50:00",23,"Buffet ",31,4.5,16,"motorcycle ",0,"No ","Urban ","Cloudy","Low ",0
"16/02/2022","20:55:00","21:00:00",45,"Snack ",23,4.8,5,"motorcycle ",0,"No ","Metropolitian ","Stormy","Jam ",0
"6/04/2022","23:45:00","0:00:00",16,"Snack ",29,4.6,18,"motorcycle ",0,"No ","Metropolitian ","Stormy","Low ",0
"13/02/2022","21:55:00","22:10:00",30,"Buffet ",34,4.6,15,"motorcycle ",1,"No ","Urban ","Stormy","Jam ",1
"14/02/2022","21:00:00","21:05:00",19,"Snack ",28,4.8,7,"electric_scooter ",2,"No ","Metropolitian ","Sandstorms","Jam ",0
"3/04/2022","21:50:00","21:55:00",27,"Buffet ",38,4.9,15,"electric_scooter ",2,"No ","Urban ","Stormy","Jam ",1
"3/03/2022","9:20:00","9:35:00",19,"Drinks ",21,4.6,23,"motorcycle ",1,"No ","Metropolitian ","Fog","Low ",0
"1/04/2022","8:15:00","8:20:00",17,"Meal ",20,4.7,21,"motorcycle ",0,"No ","Metropolitian ","Fog","Low ",1
"29/03/2022","18:20:00","18:30:00",31,"Buffet ",31,4.9,5,"electric_scooter ",2,"No ","Metropolitian ","Fog","Medium ",0
"17/03/2022","9:15:00","9:20:00",24,"Meal ",38,4.7,21,"motorcycle ",0,"No ","Urban ","Sunny","Low ",1
"2/03/2022","21:50:00","21:55:00",46,"Buffet ",25,4.6,23,"motorcycle ",0,"No ","Metropolitian ","Fog","Jam ",1
"24/03/2022","18:20:00","18:30:00",28,"Meal ",28,4.6,16,"motorcycle ",0,"No ","Metropolitian ","Stormy","Medium ",1
"2/04/2022","21:20:00","21:35:00",34,"Drinks ",27,4.4,5,"motorcycle ",0,"No ","Metropolitian ","Windy","Jam ",0
"14/03/2022","17:55:00","18:05:00",28,"Drinks ",32,4.7,19,"motorcycle ",1,"No ","Urban ","Sandstorms","Medium ",1
"15/02/2022","18:30:00","18:45:00",29,"Buffet ",21,4.7,2,"scooter ",1,"No ","Metropolitian ","Windy","Medium ",1
"15/03/2022","12:10:00","12:15:00",20,"Snack ",27,4.6,9,"scooter ",1,"No ","Metropolitian ","Cloudy","High ",1
"16/02/2022","18:30:00","18:40:00",34,"Buffet ",20,4.7,5,"scooter ",1,"No ","Metropolitian ","Stormy","Medium ",1
"15/02/2022","18:30:00","18:45:00",18,"Snack ",24,4.5,2,"scooter ",2,"No ","Metropolitian ","Sunny","Medium ",0
"3/03/2022","23:45:00","23:50:00",30,"Meal ",30,4.3,19,"motorcycle ",0,"No ","Metropolitian ","Stormy","Low ",1
"14/03/2022","23:20:00","23:30:00",27,"Buffet ",36,4.7,15,"scooter ",1,"No ","Metropolitian ","Sandstorms","Low ",1
"13/03/2022","9:00:00","9:10:00",19,"Buffet ",37,4.7,17,"scooter ",1,"No ","Metropolitian ","Fog","Low ",1
"28/03/2022","20:35:00","20:40:00",29,"Snack ",39,4.6,7,"motorcycle ",1,"No ","Metropolitian ","Sandstorms","Jam ",1
"7/03/2022","13:35:00","13:40:00",26,"Snack ",20,4.7,16,"motorcycle ",0,"No ","Metropolitian ","Sunny","High ",1
"18/03/2022","20:10:00","20:20:00",23,"Snack ",23,4.9,8,"scooter ",1,"No ","Metropolitian ","Sandstorms","Jam ",0
"18/02/2022","22:30:00","22:40:00",22,"Snack ",28,4.5,7,"motorcycle ",0,"No ","Metropolitian ","Sandstorms","Low ",1
"9/03/2022","14:20:00","14:35:00",50,"Drinks ",22,4.5,3,"motorcycle ",0,"Yes ","Urban ","Sunny","High ",1
"7/03/2022","22:45:00","23:00:00",16,"Meal ",28,4.7,9,"scooter ",1,"No ","Metropolitian ","Fog","Low ",0
"18/03/2022","21:15:00","21:25:00",52,"Meal ",36,4.8,12,"motorcycle ",0,"No ","Metropolitian ","Fog","Jam ",0
"2/03/2022","19:20:00","19:25:00",30,"Snack ",36,4.9,14,"motorcycle ",1,"No ","Metropolitian ","Windy","Jam ",0
"9/03/2022","9:55:00","10:05:00",13,"Snack ",27,4.6,16,"motorcycle ",1,"No ","Metropolitian ","Sandstorms","Low ",0
"30/03/2022","8:35:00","8:45:00",19,"Drinks ",33,4.6,2,"electric_scooter ",2,"No ","Urban ","Cloudy","Low ",1
"5/04/2022","11:15:00","11:25:00",32,"Buffet ",30,4.7,17,"motorcycle ",2,"No ","Urban ","Sandstorms","High ",1
"13/03/2022","22:10:00","22:15:00",25,"Drinks ",33,4.6,13,"scooter ",2,"No ","Metropolitian ","Sandstorms","Low ",1
"16/03/2022","18:10:00","18:15:00",19,"Drinks ",38,4.8,21,"motorcycle ",1,"No ","Metropolitian ","Sunny","Medium ",1
"16/02/2022","17:40:00","17:45:00",35,"Snack ",20,4.9,5,"motorcycle ",0,"No ","Metropolitian ","Fog","Medium ",2
"15/03/2022","10:45:00","11:00:00",17,"Buffet ",26,4.6,22,"scooter ",2,"No ","Urban ","Sandstorms","Low ",0
"3/04/2022","8:55:00","9:05:00",29,"Meal ",33,5,3,"motorcycle ",0,"No ","Metropolitian ","Sunny","Low ",1
"17/03/2022","22:25:00","22:30:00",23,"Buffet ",37,4.8,23,"motorcycle ",0,"No ","Metropolitian ","Sunny","Low ",1
"23/03/2022","23:55:00","0:05:00",24,"Meal ",25,5,15,"motorcycle ",0,"No ","Metropolitian ","Stormy","Low ",1
"7/03/2022","21:55:00","22:10:00",34,"Snack ",35,4.7,14,"motorcycle ",1,"No ","Metropolitian ","Stormy","Jam ",0
"18/03/2022","22:20:00","22:35:00",16,"Drinks ",35,4.8,19,"motorcycle ",1,"No ","Urban ","Stormy","Low ",0
"5/04/2022","23:50:00","23:55:00",11,"Drinks ",20,4.7,23,"scooter ",2,"No ","Metropolitian ","Stormy","Low ",0
"23/03/2022","21:10:00","21:15:00",43,"Meal ",28,4.4,6,"motorcycle ",1,"No ","Metropolitian ","Cloudy","Jam ",1
"15/02/2022","22:15:00","22:20:00",18,"Drinks ",29,4.9,5,"motorcycle ",0,"No ","Metropolitian ","Stormy","Low ",1
"16/03/2022","19:25:00","19:40:00",42,"Meal ",25,4.4,23,"electric_scooter ",2,"Yes ","Metropolitian ","Cloudy","Jam ",2
"4/04/2022","20:45:00","20:55:00",44,"Snack ",33,4.2,9,"scooter ",2,"No ","Metropolitian ","Fog","Jam ",2
"18/03/2022","21:45:00","22:00:00",29,"Meal ",27,4.6,7,"motorcycle ",0,"No ","Metropolitian ","Sandstorms","Jam ",1
"20/03/2022","17:25:00","17:35:00",23,"Drinks ",24,4.8,15,"scooter ",1,"No ","Metropolitian ","Sandstorms","Medium ",1
"3/04/2022","12:10:00","12:15:00",49,"Drinks ",36,4,9,"motorcycle ",0,"Yes ","Metropolitian ","Sandstorms","High ",2
"2/04/2022","18:45:00","18:55:00",32,"Buffet ",27,4.8,17,"motorcycle ",2,"No ","Urban ","Fog","Medium ",0
"6/04/2022","22:25:00","22:40:00",35,"Drinks ",30,3.7,3,"scooter ",1,"No ","Urban ","Fog","Low ",0
"28/03/2022","11:20:00","11:30:00",23,"Snack ",27,4.9,15,"motorcycle ",1,"No ","Metropolitian ","Sandstorms","High ",1
"25/03/2022","21:40:00","21:55:00",20,"Snack ",21,4.6,19,"scooter ",1,"No ","Metropolitian ","Sunny","Jam ",0
"4/03/2022","19:40:00","19:55:00",27,"Snack ",32,4.8,22,"scooter ",2,"No ","Metropolitian ","Stormy","Jam ",0
"20/03/2022","22:50:00","22:55:00",19,"Snack ",29,4.9,13,"electric_scooter ",2,"No ","Metropolitian ","Sandstorms","Low ",1
"17/02/2022","23:45:00","23:55:00",25,"Snack ",32,4.3,8,"motorcycle ",0,"No ","Metropolitian ","Sandstorms","Low ",0
"16/03/2022","21:00:00","21:05:00",40,"Snack ",22,4.1,7,"motorcycle ",1,"No ","Metropolitian ","Cloudy","Jam ",1
"31/03/2022","19:40:00","19:45:00",20,"Drinks ",37,4.6,4,"scooter ",1,"No ","Urban ","Sunny","Jam ",1
"5/04/2022","8:15:00","8:25:00",16,"Drinks ",23,4.8,15,"motorcycle ",0,"No ","Urban ","Fog","Low ",1
"11/02/2022","19:30:00","19:40:00",19,"Buffet ",29,4.5,3,"motorcycle ",0,"No ","Metropolitian ","Windy","Jam ",1
"6/04/2022","21:55:00","22:05:00",38,"Drinks ",32,4.2,3,"motorcycle ",0,"No ","Metropolitian ","Windy","Jam ",2
"3/03/2022","11:55:00","12:10:00",28,"Buffet ",33,4.5,17,"scooter ",1,"No ","Metropolitian ","Sandstorms","High ",1
"10/03/2022","20:35:00","20:45:00",42,"Meal ",36,4.2,3,"motorcycle ",0,"No ","Metropolitian ","Windy","Jam ",2
"6/03/2022","19:35:00","19:50:00",35,"Buffet ",34,4.1,8,"electric_scooter ",2,"No ","Metropolitian ","Stormy","Jam ",0
"3/03/2022","17:40:00","17:55:00",34,"Drinks ",39,4.4,15,"motorcycle ",1,"No ","Metropolitian ","Windy","Medium ",1
"12/02/2022","23:25:00","23:30:00",26,"Buffet ",36,4.9,19,"motorcycle ",0,"No ","Urban ","Stormy","Low ",1
"11/02/2022","12:00:00","12:10:00",13,"Meal ",23,4.7,2,"scooter ",1,"No ","Metropolitian ","Windy","High ",1
"24/03/2022","22:20:00","22:35:00",24,"Buffet ",32,4.9,22,"motorcycle ",0,"No ","Urban ","Fog","Low ",1
"27/03/2022","22:20:00","22:25:00",44,"Buffet ",20,3.2,11,"motorcycle ",2,"No ","Metropolitian ","Sunny","Low ",1
"19/03/2022","8:20:00","8:30:00",17,"Snack ",22,4.6,21,"motorcycle ",0,"No ","Urban ","Cloudy","Low ",0
"1/04/2022","9:15:00","9:30:00",16,"Meal ",38,4.6,19,"motorcycle ",2,"No ","Metropolitian ","Cloudy","Low ",0
"1/04/2022","23:15:00","23:30:00",19,"Buffet ",26,4.9,15,"motorcycle ",0,"No ","Urban ","Cloudy","Low ",0
"5/03/2022","18:35:00","18:50:00",25,"Snack ",37,4.8,16,"scooter ",1,"No ","Metropolitian ","Sandstorms","Medium ",0
"3/03/2022","9:30:00","9:40:00",29,"Buffet ",36,4.9,13,"scooter ",1,"No ","Metropolitian ","Windy","Low ",1
"30/03/2022","8:55:00","9:00:00",23,"Meal ",39,4.9,23,"motorcycle ",0,"No ","Metropolitian ","Sunny","Low ",1
"24/03/2022","18:20:00","18:30:00",28,"Meal ",28,4.6,16,"motorcycle ",0,"No ","Metropolitian ","Stormy","Medium ",1
"3/04/2022","13:10:00","13:15:00",12,"Meal ",27,4.7,23,"scooter ",1,"No ","Metropolitian ","Sunny","High ",1
"30/03/2022","12:00:00","12:15:00",26,"Meal ",29,4.8,9,"motorcycle ",2,"No ","Metropolitian ","Fog","High ",1
"3/03/2022","21:30:00","21:45:00",17,"Drinks ",23,4.8,13,"motorcycle ",1,"No ","Metropolitian ","Sunny","Jam ",1
"5/04/2022","19:35:00","19:50:00",23,"Meal ",24,4.6,19,"motorcycle ",0,"No ","Metropolitian ","Windy","Jam ",0
"3/03/2022","17:55:00","18:00:00",24,"Buffet ",25,5,21,"motorcycle ",0,"No ","Urban ","Cloudy","Medium ",1
"13/03/2022","18:35:00","18:50:00",25,"Buffet ",36,4.8,13,"scooter ",1,"No ","Metropolitian ","Sandstorms","Medium ",0
"9/03/2022","18:10:00","18:20:00",27,"Snack ",37,5,22,"motorcycle ",1,"No ","Metropolitian ","Stormy","Medium ",1
"28/03/2022","8:50:00","9:05:00",19,"Snack ",20,4.7,23,"motorcycle ",2,"No ","Metropolitian ","Windy","Low ",1
"3/04/2022","17:50:00","18:05:00",18,"Meal ",30,4.6,23,"scooter ",1,"No ","Metropolitian ","Sunny","Medium ",1
"13/02/2022","21:40:00","21:50:00",14,"Drinks ",29,4.8,3,"scooter ",1,"No ","Metropolitian ","Sunny","Jam ",0
"29/03/2022","23:00:00","23:15:00",26,"Drinks ",28,4.8,12,"scooter ",1,"No ","Metropolitian ","Fog","Low ",0
"18/03/2022","19:00:00","19:15:00",22,"Snack ",20,5,6,"motorcycle ",0,"No ","Metropolitian ","Sunny","Medium ",1
"14/02/2022","18:45:00","19:00:00",17,"Drinks ",21,5,17,"motorcycle ",1,"No ","Urban ","Sunny","Medium ",0
"17/02/2022","8:55:00","9:10:00",26,"Buffet ",25,4.2,4,"motorcycle ",0,"No ","Metropolitian ","Stormy","Low ",1
"25/03/2022","19:40:00","19:50:00",44,"Snack ",25,4.6,9,"electric_scooter ",2,"No ","Metropolitian ","Cloudy","Jam ",2
"2/03/2022","20:40:00","20:50:00",48,"Buffet ",35,4.1,11,"motorcycle ",0,"No ","Metropolitian ","Stormy","Jam ",2
"20/03/2022","21:50:00","21:55:00",26,"Drinks ",34,4.5,9,"motorcycle ",1,"No ","Metropolitian ","Sandstorms","Jam ",1
"17/03/2022","23:35:00","23:45:00",22,"Meal ",31,4.6,6,"motorcycle ",0,"No ","Metropolitian ","Sunny","Low ",0
"30/03/2022","14:15:00","14:25:00",29,"Snack ",24,4.8,8,"scooter ",1,"No ","Metropolitian ","Cloudy","High ",1
"24/03/2022","10:55:00","11:05:00",18,"Buffet ",29,4.8,21,"motorcycle ",2,"No ","Metropolitian ","Cloudy","Low ",1
"15/03/2022","11:35:00","11:40:00",12,"Snack ",27,4.7,21,"scooter ",1,"No ","Metropolitian ","Stormy","High ",0
"8/03/2022","17:40:00","17:50:00",39,"Meal ",30,4.5,12,"motorcycle ",1,"No ","Metropolitian ","Stormy","Medium ",2
"11/02/2022","9:10:00","9:25:00",19,"Meal ",28,5,3,"motorcycle ",2,"No ","Metropolitian ","Sunny","Low ",1
"15/03/2022","15:40:00","15:50:00",22,"Snack ",25,4.8,23,"motorcycle ",0,"No ","Metropolitian ","Sunny","Medium ",1
"29/03/2022","20:55:00","21:05:00",13,"Drinks ",22,4.8,16,"electric_scooter ",2,"No ","Metropolitian ","Sunny","Jam ",0
"14/02/2022","19:00:00","19:05:00",26,"Snack ",26,4.5,1,"electric_scooter ",2,"No ","Urban ","Sandstorms","Medium ",0
"17/02/2022","21:15:00","21:30:00",26,"Buffet ",22,4.8,6,"motorcycle ",2,"No ","Metropolitian ","Sandstorms","Jam ",0
"26/03/2022","22:20:00","22:30:00",17,"Buffet ",33,4.9,22,"scooter ",2,"No ","Metropolitian ","Fog","Low ",0
"14/03/2022","19:25:00","19:35:00",29,"Buffet ",28,4.6,18,"motorcycle ",0,"No ","Metropolitian ","Windy","Jam ",0
"18/03/2022","21:45:00","21:55:00",36,"Buffet ",35,4.2,18,"electric_scooter ",2,"No ","Metropolitian ","Stormy","Jam ",1
"6/04/2022","17:50:00","18:00:00",42,"Drinks ",33,5,21,"motorcycle ",1,"No ","Metropolitian ","Fog","Medium ",3
"14/03/2022","18:25:00","18:40:00",26,"Snack ",21,4.6,19,"motorcycle ",0,"No ","Metropolitian ","Sunny","Medium ",1
"16/03/2022","18:30:00","18:40:00",24,"Buffet ",34,4.7,15,"motorcycle ",2,"No ","Metropolitian ","Windy","Medium ",1
"11/03/2022","21:15:00","21:30:00",27,"Meal ",32,4.7,21,"electric_scooter ",2,"No ","Metropolitian ","Stormy","Jam ",1
"11/03/2022","19:35:00","19:40:00",27,"Meal ",25,4.7,19,"motorcycle ",0,"No ","Urban ","Fog","Jam ",1
"5/04/2022","12:00:00","12:10:00",21,"Drinks ",28,5,19,"motorcycle ",2,"No ","Metropolitian ","Stormy","High ",0
"15/02/2022","12:15:00","12:30:00",38,"Snack ",31,4.8,3,"motorcycle ",1,"No ","Metropolitian ","Fog","High ",1
"9/03/2022","15:20:00","15:25:00",18,"Snack ",21,4.9,16,"motorcycle ",1,"No ","Urban ","Stormy","Medium ",1
"26/03/2022","13:45:00","13:55:00",33,"Buffet ",36,4.7,8,"scooter ",2,"No ","Metropolitian ","Cloudy","High ",0
"19/03/2022","23:25:00","23:35:00",26,"Snack ",34,4.9,3,"scooter ",2,"No ","Metropolitian ","Sandstorms","Low ",1
"26/03/2022","20:15:00","20:25:00",26,"Drinks ",35,4.5,6,"motorcycle ",1,"No ","Urban ","Fog","Jam ",1
"4/04/2022","21:20:00","21:25:00",28,"Snack ",26,4.9,15,"scooter ",1,"No ","Urban ","Stormy","Jam ",1
"3/03/2022","20:00:00","20:05:00",13,"Snack ",27,5,18,"scooter ",2,"No ","Metropolitian ","Stormy","Jam ",1
"8/03/2022","23:25:00","23:30:00",28,"Snack ",35,4.9,17,"electric_scooter ",2,"No ","Metropolitian ","Sunny","Low ",0
"8/03/2022","22:45:00","23:00:00",23,"Meal ",26,4.8,22,"motorcycle ",0,"No ","Metropolitian ","Cloudy","Low ",0
"14/03/2022","21:10:00","21:20:00",22,"Meal ",23,4.6,9,"scooter ",1,"No ","Metropolitian ","Sunny","Jam ",1
"5/04/2022","19:50:00","20:05:00",34,"Drinks ",39,4.8,18,"scooter ",1,"No ","Metropolitian ","Fog","Jam ",1
"13/03/2022","23:25:00","23:35:00",12,"Buffet ",28,5,22,"motorcycle ",1,"No ","Urban ","Windy","Low ",1
"2/03/2022","18:55:00","19:05:00",34,"Drinks ",28,4,11,"motorcycle ",2,"No ","Metropolitian ","Fog","Medium ",0
"11/02/2022","16:00:00","16:05:00",19,"Drinks ",28,5,17,"electric_scooter ",2,"No ","Urban ","Cloudy","Medium ",1
"12/03/2022","22:40:00","22:55:00",18,"Meal ",29,4.8,22,"electric_scooter ",2,"No ","Metropolitian ","Stormy","Low ",0
"11/02/2022","11:45:00","11:50:00",53,"Drinks ",22,4.2,2,"motorcycle ",0,"No ","Metropolitian ","Sunny","High ",3
"20/03/2022","20:15:00","20:30:00",19,"Drinks ",24,5,23,"scooter ",2,"No ","Urban ","Stormy","Jam ",0
"3/03/2022","12:00:00","12:05:00",15,"Snack ",33,4.5,3,"scooter ",1,"No ","Urban ","Sunny","High ",0
"13/02/2022","14:10:00","14:25:00",23,"Snack ",26,5,19,"scooter ",1,"No ","Urban ","Sandstorms","High ",1
"14/02/2022","20:15:00","20:30:00",28,"Drinks ",20,5,7,"motorcycle ",1,"No ","Metropolitian ","Sandstorms","Jam ",0
"3/04/2022","19:50:00","20:00:00",20,"Meal ",21,5,19,"motorcycle ",0,"No ","Metropolitian ","Cloudy","Jam ",0
"11/03/2022","23:20:00","23:35:00",32,"Buffet ",35,4.3,21,"motorcycle ",0,"No ","Metropolitian ","Stormy","Low ",1
"12/02/2022","22:15:00","22:20:00",10,"Drinks ",28,4.9,9,"electric_scooter ",2,"No ","Metropolitian ","Sandstorms","Low ",0
"24/03/2022","18:00:00","18:15:00",25,"Buffet ",23,4.7,16,"motorcycle ",0,"No ","Metropolitian ","Cloudy","Medium ",1
"15/03/2022","23:50:00","0:05:00",15,"Buffet ",22,4,8,"motorcycle ",0,"No ","Metropolitian ","Stormy","Low ",1
"5/04/2022","16:30:00","16:45:00",19,"Buffet ",22,4.6,17,"motorcycle ",0,"No ","Metropolitian ","Sandstorms","Medium ",0
"13/03/2022","18:50:00","19:00:00",23,"Meal ",23,4.8,17,"motorcycle ",0,"No ","Metropolitian ","Cloudy","Medium ",0
"14/02/2022","19:40:00","19:45:00",27,"Meal ",29,4.9,3,"motorcycle ",2,"No ","Metropolitian ","Windy","Jam ",1
"1/03/2022","19:00:00","19:05:00",32,"Drinks ",31,4.8,3,"scooter ",2,"No ","Metropolitian ","Sandstorms","Medium ",1
"19/03/2022","16:10:00","16:20:00",27,"Drinks ",30,4.9,16,"motorcycle ",0,"No ","Urban ","Windy","Medium ",1
"1/04/2022","15:40:00","15:50:00",16,"Buffet ",31,4.5,18,"motorcycle ",1,"No ","Metropolitian ","Cloudy","Medium ",0
"2/04/2022","18:35:00","18:40:00",39,"Buffet ",35,3.5,15,"motorcycle ",2,"No ","Metropolitian ","Stormy","Medium ",2
"9/03/2022","17:35:00","17:50:00",19,"Snack ",27,4.8,18,"scooter ",2,"No ","Urban ","Stormy","Medium ",1
"11/03/2022","8:35:00","8:45:00",29,"Drinks ",34,4.8,21,"motorcycle ",2,"No ","Metropolitian ","Sandstorms","Low ",1
"24/03/2022","22:40:00","22:45:00",21,"Snack ",35,4.8,14,"motorcycle ",0,"No ","Metropolitian ","Fog","Low ",1
"20/03/2022","17:50:00","18:00:00",25,"Buffet ",30,4.9,21,"scooter ",2,"No ","Metropolitian ","Stormy","Medium ",1
"7/03/2022","0:00:00","0:10:00",29,"Buffet ",38,4.9,9,"scooter ",1,"No ","Metropolitian ","Stormy","Low ",0
"1/03/2022","9:45:00","9:55:00",10,"Snack ",37,4.7,19,"scooter ",1,"No ","Metropolitian ","Sunny","Low ",0
"18/02/2022","23:00:00","23:10:00",19,"Snack ",30,4.6,3,"scooter ",2,"No ","Metropolitian ","Fog","Low ",1
"19/03/2022","11:45:00","11:50:00",27,"Snack ",37,4.8,1,"scooter ",1,"No ","Metropolitian ","Fog","High ",1
"14/03/2022","18:25:00","18:30:00",33,"Drinks ",30,4.4,12,"motorcycle ",0,"No ","Metropolitian ","Windy","Medium ",1
"13/02/2022","14:15:00","14:25:00",28,"Drinks ",32,4.9,3,"scooter ",1,"No ","Metropolitian ","Sandstorms","High ",0
"28/03/2022","19:15:00","19:30:00",29,"Snack ",34,4.7,6,"motorcycle ",2,"No ","Metropolitian ","Sandstorms","Jam ",0
"13/03/2022","12:00:00","12:05:00",39,"Snack ",39,4,8,"motorcycle ",0,"No ","Metropolitian ","Sandstorms","High ",1
"14/03/2022","21:35:00","21:40:00",35,"Drinks ",28,4.8,22,"motorcycle ",0,"No ","Metropolitian ","Fog","Jam ",1
"13/02/2022","22:35:00","22:50:00",15,"Snack ",36,4.9,4,"motorcycle ",1,"No ","Metropolitian ","Fog","Low ",0
"25/03/2022","22:10:00","22:25:00",37,"Snack ",35,3.8,8,"motorcycle ",2,"No ","Metropolitian ","Fog","Low ",1
"11/02/2022","22:15:00","22:25:00",19,"Drinks ",21,4.8,19,"motorcycle ",0,"No ","Urban ","Fog","Low ",1
"12/03/2022","21:55:00","22:00:00",47,"Snack ",30,4.6,14,"scooter ",2,"No ","Metropolitian ","Cloudy","Jam ",1
"7/03/2022","16:15:00","16:25:00",18,"Meal ",22,4.9,12,"scooter ",2,"No ","Metropolitian ","Sunny","Medium ",1
"27/03/2022","20:00:00","20:15:00",46,"Snack ",37,5,11,"motorcycle ",0,"Yes ","Metropolitian ","Fog","Jam ",2
"3/03/2022","21:55:00","22:05:00",16,"Snack ",27,4.8,17,"motorcycle ",0,"No ","Urban ","Windy","Jam ",0
"13/02/2022","21:55:00","22:05:00",26,"Drinks ",33,4.8,8,"motorcycle ",1,"No ","Metropolitian ","Stormy","Jam ",1
"19/03/2022","22:30:00","22:35:00",26,"Meal ",22,4.2,11,"motorcycle ",0,"No ","Metropolitian ","Windy","Low ",1
"29/03/2022","19:45:00","19:55:00",27,"Buffet ",21,4.9,13,"motorcycle ",1,"No ","Metropolitian ","Windy","Jam ",1
"1/03/2022","22:00:00","22:05:00",22,"Buffet ",26,5,19,"scooter ",2,"No ","Urban ","Sandstorms","Jam ",1
"29/03/2022","19:55:00","20:10:00",42,"Meal ",35,4.8,13,"scooter ",2,"No ","Metropolitian ","Fog","Jam ",1
"4/04/2022","23:25:00","23:35:00",21,"Snack ",37,4.9,19,"motorcycle ",2,"No ","Urban ","Sunny","Low ",0
"3/04/2022","10:35:00","10:45:00",20,"Meal ",32,4.9,21,"motorcycle ",1,"No ","Metropolitian ","Sandstorms","Low ",1
"8/03/2022","19:45:00","19:55:00",30,"Meal ",22,4.8,16,"motorcycle ",0,"No ","Metropolitian ","Windy","Jam ",1
"18/03/2022","20:55:00","21:00:00",30,"Snack ",29,4.5,2,"scooter ",2,"No ","Urban ","Cloudy","Jam ",1
"27/03/2022","17:40:00","17:45:00",17,"Meal ",24,4.6,15,"scooter ",1,"No ","Metropolitian ","Sunny","Medium ",1
"18/03/2022","19:50:00","19:55:00",44,"Buffet ",28,4.1,12,"scooter ",1,"No ","Metropolitian ","Fog","Jam ",1
"9/03/2022","20:45:00","20:50:00",29,"Buffet ",39,4.8,13,"scooter ",2,"No ","Metropolitian ","Stormy","Jam ",1
"14/03/2022","21:35:00","21:50:00",35,"Snack ",38,4.2,5,"electric_scooter ",2,"No ","Metropolitian ","Fog","Jam ",0
"26/03/2022","21:00:00","21:15:00",53,"Buffet ",26,3.9,8,"motorcycle ",0,"No ","Metropolitian ","Sunny","Jam ",1
"7/03/2022","10:35:00","10:50:00",23,"Drinks ",36,4.3,6,"motorcycle ",0,"No ","Urban ","Sandstorms","Low ",1
"13/03/2022","21:15:00","21:20:00",48,"Snack ",33,4.7,16,"motorcycle ",0,"No ","Metropolitian ","Sandstorms","Jam ",1
"16/03/2022","20:20:00","20:25:00",31,"Snack ",22,4.1,4,"motorcycle ",0,"No ","Metropolitian ","Sandstorms","Jam ",1
"29/03/2022","22:30:00","22:40:00",27,"Meal ",37,4.8,22,"scooter ",2,"No ","Metropolitian ","Sunny","Low ",1
"15/02/2022","23:25:00","23:35:00",16,"Drinks ",20,4.8,4,"motorcycle ",1,"No ","Metropolitian ","Stormy","Low ",0
"19/03/2022","12:00:00","12:15:00",29,"Snack ",21,4.5,6,"scooter ",1,"No ","Metropolitian ","Fog","High ",0
"27/03/2022","22:25:00","22:30:00",23,"Drinks ",29,5,15,"motorcycle ",1,"No ","Urban ","Fog","Low ",1
"31/03/2022","23:10:00","23:15:00",15,"Meal ",28,4.7,17,"motorcycle ",0,"No ","Metropolitian ","Stormy","Low ",0
"13/03/2022","9:30:00","9:35:00",13,"Buffet ",24,4.5,18,"motorcycle ",2,"No ","Metropolitian ","Stormy","Low ",0
"16/02/2022","17:45:00","17:50:00",21,"Meal ",22,5,17,"motorcycle ",0,"No ","Urban ","Sandstorms","Medium ",1
"3/04/2022","11:15:00","11:30:00",23,"Drinks ",23,4.6,23,"motorcycle ",0,"No ","Metropolitian ","Fog","High ",1
"18/03/2022","19:50:00","20:05:00",19,"Snack ",25,4.6,3,"motorcycle ",1,"No ","Metropolitian ","Windy","Jam ",0
"29/03/2022","21:45:00","21:50:00",20,"Snack ",24,4.9,15,"scooter ",2,"No ","Metropolitian ","Windy","Jam ",1
"15/03/2022","20:10:00","20:25:00",20,"Drinks ",21,4.9,22,"scooter ",1,"No ","Urban ","Cloudy","Jam ",0
"20/03/2022","21:15:00","21:20:00",35,"Drinks ",26,4.8,11,"scooter ",1,"No ","Metropolitian ","Cloudy","Jam ",1
"13/02/2022","12:20:00","12:30:00",37,"Meal ",34,4.8,4,"scooter ",2,"No ","Metropolitian ","Stormy","High ",1
"31/03/2022","23:20:00","23:35:00",31,"Meal ",35,3.4,5,"motorcycle ",0,"No ","Metropolitian ","Sunny","Low ",1
"14/03/2022","21:55:00","22:05:00",34,"Buffet ",39,5,9,"motorcycle ",0,"No ","Metropolitian ","Sunny","Jam ",1
"10/03/2022","23:45:00","23:50:00",30,"Meal ",31,4.6,16,"motorcycle ",2,"No ","Urban ","Fog","Low ",1
"24/03/2022","21:00:00","21:05:00",24,"Buffet ",35,5,13,"scooter ",1,"No ","Metropolitian ","Sunny","Jam ",0
"6/04/2022","20:40:00","20:45:00",30,"Snack ",36,4.8,22,"scooter ",1,"No ","Metropolitian ","Windy","Jam ",1
"4/03/2022","20:35:00","20:45:00",24,"Snack ",24,4.7,16,"scooter ",1,"No ","Urban ","Stormy","Jam ",1
"25/03/2022","17:30:00","17:40:00",38,"Meal ",35,4,1,"scooter ",1,"No ","Metropolitian ","Cloudy","Medium ",1
"5/03/2022","20:50:00","21:05:00",26,"Buffet ",30,4.8,16,"motorcycle ",2,"No ","Urban ","Stormy","Jam ",1
"26/03/2022","10:30:00","10:40:00",21,"Meal ",35,4.6,9,"scooter ",1,"No ","Metropolitian ","Windy","Low ",1
"14/03/2022","17:35:00","17:40:00",21,"Snack ",29,4.6,18,"motorcycle ",0,"No ","Metropolitian ","Windy","Medium ",1
"15/02/2022","8:30:00","8:35:00",19,"Drinks ",38,4.9,15,"scooter ",1,"No ","Urban ","Cloudy","Low ",1
"2/04/2022","20:45:00","21:00:00",25,"Buffet ",21,5,23,"electric_scooter ",2,"No ","Metropolitian ","Windy","Jam ",0
"18/02/2022","17:20:00","17:25:00",26,"Buffet ",32,4.7,8,"motorcycle ",2,"No ","Metropolitian ","Fog","Medium ",1
"14/03/2022","18:15:00","18:25:00",20,"Snack ",30,4.9,19,"electric_scooter ",2,"No ","Metropolitian ","Sunny","Medium ",1
"26/03/2022","8:55:00","9:05:00",19,"Snack ",29,5,22,"motorcycle ",1,"No ","Metropolitian ","Sunny","Low ",1
"10/03/2022","22:20:00","22:25:00",20,"Drinks ",20,4.7,13,"motorcycle ",0,"No ","Metropolitian ","Cloudy","Low ",1
"11/02/2022","9:15:00","9:20:00",17,"Buffet ",22,4.6,8,"motorcycle ",1,"No ","Metropolitian ","Stormy","Low ",1
"21/03/2022","8:30:00","8:35:00",13,"Meal ",21,4.8,15,"motorcycle ",2,"No ","Urban ","Sandstorms","Low ",0
"14/02/2022","19:50:00","19:55:00",29,"Snack ",24,4.9,5,"motorcycle ",0,"No ","Metropolitian ","Sandstorms","Jam ",1
"31/03/2022","22:45:00","22:55:00",25,"Buffet ",33,4.9,16,"scooter ",1,"No ","Metropolitian ","Windy","Low ",1
"12/03/2022","19:20:00","19:25:00",40,"Meal ",32,4.7,14,"motorcycle ",0,"No ","Metropolitian ","Sandstorms","Jam ",1
"3/04/2022","17:50:00","18:05:00",18,"Meal ",30,4.6,23,"scooter ",1,"No ","Metropolitian ","Sunny","Medium ",1
"30/03/2022","11:50:00","12:00:00",26,"Snack ",38,4.6,9,"scooter ",2,"No ","Metropolitian ","Stormy","High ",1
"15/03/2022","17:50:00","18:05:00",25,"Buffet ",24,4.6,18,"motorcycle ",1,"No ","Metropolitian ","Sandstorms","Medium ",1
"29/03/2022","17:55:00","18:05:00",35,"Snack ",33,4.3,3,"scooter ",2,"No ","Metropolitian ","Fog","Medium ",1
"3/04/2022","17:25:00","17:35:00",25,"Meal ",34,4.6,21,"scooter ",1,"No ","Metropolitian ","Windy","Medium ",1
"18/03/2022","21:25:00","21:35:00",40,"Snack ",37,4.3,21,"scooter ",2,"No ","Metropolitian ","Stormy","Jam ",1
"10/03/2022","23:25:00","23:40:00",25,"Drinks ",20,4.8,19,"motorcycle ",1,"No ","Metropolitian ","Fog","Low ",1
"16/03/2022","20:50:00","21:05:00",41,"Drinks ",34,4.7,23,"motorcycle ",0,"No ","Metropolitian ","Stormy","Jam ",2
"6/04/2022","21:15:00","21:30:00",17,"Meal ",28,4.9,16,"motorcycle ",0,"No ","Metropolitian ","Sunny","Jam ",0
"18/03/2022","23:30:00","23:45:00",28,"Meal ",34,4.7,11,"motorcycle ",0,"No ","Metropolitian ","Stormy","Low ",1
"17/02/2022","20:50:00","21:00:00",34,"Drinks ",31,4.4,9,"motorcycle ",0,"No ","Metropolitian ","Fog","Jam ",1
"26/03/2022","11:00:00","11:05:00",17,"Snack ",22,4.8,12,"scooter ",1,"No ","Metropolitian ","Sunny","Low ",1
"20/03/2022","20:35:00","20:40:00",36,"Drinks ",34,4.1,6,"motorcycle ",1,"No ","Metropolitian ","Fog","Jam ",1
"6/03/2022","19:55:00","20:00:00",42,"Meal ",28,4.6,16,"motorcycle ",0,"No ","Metropolitian ","Sunny","Jam ",1
"17/03/2022","9:15:00","9:25:00",15,"Buffet ",36,5,6,"scooter ",1,"No ","Metropolitian ","Sunny","Low ",0
"25/03/2022","22:20:00","22:35:00",24,"Buffet ",28,4.9,17,"motorcycle ",1,"No ","Urban ","Cloudy","Low ",1
"7/03/2022","18:40:00","18:55:00",29,"Snack ",37,4.6,16,"motorcycle ",0,"No ","Urban ","Stormy","Medium ",0
"4/04/2022","21:00:00","21:05:00",15,"Meal ",30,5,18,"motorcycle ",1,"No ","Metropolitian ","Sunny","Jam ",1
"3/04/2022","13:55:00","14:00:00",10,"Meal ",29,4.9,18,"motorcycle ",1,"No ","Urban ","Sunny","High ",0
"6/04/2022","19:50:00","19:55:00",46,"Buffet ",30,4.2,3,"motorcycle ",1,"No ","Metropolitian ","Cloudy","Jam ",1
"13/03/2022","10:30:00","10:40:00",19,"Drinks ",23,4.4,5,"motorcycle ",0,"No ","Urban ","Stormy","Low ",1
"12/03/2022","17:30:00","17:40:00",15,"Snack ",28,4.6,17,"scooter ",2,"No ","Metropolitian ","Windy","Medium ",0
"3/04/2022","16:45:00","17:00:00",19,"Meal ",28,4.5,23,"scooter ",2,"No ","Metropolitian ","Cloudy","Medium ",1
"15/02/2022","22:40:00","22:45:00",24,"Buffet ",36,4.6,2,"scooter ",2,"No ","Metropolitian ","Windy","Low ",1
"7/03/2022","20:15:00","20:20:00",38,"Snack ",36,4.3,19,"scooter ",1,"No ","Metropolitian ","Sunny","Jam ",1
"17/02/2022","11:55:00","12:05:00",34,"Meal ",20,4.7,22,"motorcycle ",0,"No ","Urban ","Sandstorms","High ",1
"15/02/2022","21:20:00","21:30:00",41,"Buffet ",39,4.9,8,"motorcycle ",0,"No ","Metropolitian ","Stormy","Jam ",1
"5/03/2022","15:55:00","16:00:00",15,"Meal ",33,4.8,23,"scooter ",2,"No ","Urban ","Sandstorms","Medium ",0
"2/04/2022","21:00:00","21:10:00",39,"Snack ",23,4.1,5,"motorcycle ",0,"Yes ","Metropolitian ","Stormy","Jam ",0
"16/03/2022","17:35:00","17:50:00",29,"Buffet ",35,4.6,23,"motorcycle ",0,"No ","Metropolitian ","Sunny","Medium ",1
"6/04/2022","18:55:00","19:00:00",28,"Buffet ",22,4.9,22,"electric_scooter ",2,"No ","Urban ","Stormy","Medium ",1
"1/03/2022","0:00:00","0:15:00",25,"Buffet ",38,4.6,22,"motorcycle ",2,"No ","Metropolitian ","Windy","Low ",1
"8/03/2022","23:00:00","23:15:00",28,"Meal ",20,4.9,23,"scooter ",1,"No ","Metropolitian ","Sunny","Low ",0
"11/03/2022","11:00:00","11:10:00",19,"Drinks ",20,4.7,18,"motorcycle ",1,"No ","Metropolitian ","Windy","Low ",1
"6/04/2022","20:50:00","20:55:00",33,"Buffet ",27,4.4,4,"motorcycle ",0,"No ","Metropolitian ","Sandstorms","Jam ",1
"3/04/2022","15:50:00","15:55:00",31,"Buffet ",32,4.4,1,"scooter ",2,"No ","Metropolitian ","Windy","Medium ",1
"2/03/2022","21:20:00","21:25:00",38,"Snack ",38,4,7,"motorcycle ",0,"No ","Metropolitian ","Stormy","Jam ",1
"24/03/2022","22:20:00","22:30:00",13,"Snack ",29,4.7,9,"scooter ",2,"No ","Metropolitian ","Windy","Low ",0
"11/03/2022","19:45:00","20:00:00",36,"Snack ",28,4.7,18,"motorcycle ",0,"No ","Urban ","Sandstorms","Jam ",0
"4/03/2022","18:50:00","19:00:00",25,"Buffet ",23,4.9,17,"motorcycle ",0,"No ","Urban ","Sunny","Medium ",1
"4/03/2022","19:50:00","20:00:00",30,"Buffet ",31,4.8,17,"motorcycle ",1,"No ","Metropolitian ","Windy","Jam ",1
"16/02/2022","19:55:00","20:00:00",35,"Snack ",21,4.7,3,"motorcycle ",0,"No ","Metropolitian ","Fog","Jam ",1
"1/04/2022","10:50:00","11:00:00",29,"Buffet ",33,4.6,14,"motorcycle ",0,"No ","Metropolitian ","Fog","Low ",1
"7/03/2022","11:55:00","12:10:00",21,"Snack ",29,4.9,18,"motorcycle ",0,"No ","Urban ","Sandstorms","High ",0
"9/03/2022","22:15:00","22:20:00",19,"Snack ",28,4.6,15,"scooter ",1,"No ","Urban ","Stormy","Low ",1
"6/03/2022","18:55:00","19:00:00",29,"Snack ",28,4.8,15,"motorcycle ",0,"No ","Metropolitian ","Sandstorms","Medium ",1
"24/03/2022","11:20:00","11:25:00",29,"Meal ",23,4.7,6,"motorcycle ",1,"No ","Metropolitian ","Cloudy","High ",1
"26/03/2022","20:25:00","20:40:00",21,"Buffet ",29,4.7,16,"motorcycle ",0,"No ","Metropolitian ","Cloudy","Jam ",0
"5/04/2022","12:10:00","12:25:00",17,"Snack ",22,4.6,22,"motorcycle ",2,"No ","Metropolitian ","Stormy","High ",1
"17/03/2022","15:15:00","15:25:00",27,"Drinks ",30,4.7,22,"motorcycle ",1,"No ","Metropolitian ","Windy","Medium ",1
"11/03/2022","20:00:00","20:15:00",46,"Meal ",34,4,11,"motorcycle ",0,"No ","Metropolitian ","Stormy","Jam ",2
"18/02/2022","18:10:00","18:25:00",33,"Drinks ",35,4.7,16,"motorcycle ",0,"No ","Urban ","Sunny","Medium ",0
"5/03/2022","23:35:00","23:45:00",27,"Drinks ",35,4.5,22,"scooter ",2,"No ","Metropolitian ","Stormy","Low ",0
"13/02/2022","9:30:00","9:35:00",10,"Meal ",36,5,3,"scooter ",2,"No ","Metropolitian ","Sunny","Low ",1
"7/03/2022","22:55:00","23:00:00",17,"Meal ",25,5,22,"motorcycle ",2,"No ","Metropolitian ","Stormy","Low ",1
"3/03/2022","17:45:00","17:55:00",14,"Drinks ",28,4.9,23,"motorcycle ",2,"No ","Metropolitian ","Fog","Medium ",0
"18/02/2022","23:30:00","23:40:00",16,"Meal ",31,4.6,6,"scooter ",2,"No ","Metropolitian ","Sunny","Low ",0
"9/03/2022","21:50:00","22:05:00",29,"Buffet ",22,4.9,19,"motorcycle ",0,"No ","Urban ","Windy","Jam ",0
"19/03/2022","11:45:00","11:50:00",31,"Meal ",33,5,22,"motorcycle ",1,"No ","Metropolitian ","Windy","High ",1
"11/03/2022","14:15:00","14:30:00",16,"Drinks ",20,4.8,9,"motorcycle ",0,"No ","Metropolitian ","Windy","High ",1
"10/03/2022","19:10:00","19:15:00",22,"Buffet ",34,4.7,15,"motorcycle ",2,"No ","Metropolitian ","Sunny","Jam ",1
"27/03/2022","21:50:00","22:00:00",30,"Meal ",24,4.7,17,"motorcycle ",1,"No ","Urban ","Fog","Jam ",0
"6/04/2022","20:30:00","20:35:00",23,"Drinks ",21,4.6,21,"scooter ",1,"No ","Metropolitian ","Stormy","Jam ",0
"11/02/2022","22:40:00","22:45:00",14,"Snack ",28,4.8,4,"motorcycle ",1,"No ","Metropolitian ","Sandstorms","Low ",1
"21/03/2022","10:55:00","11:00:00",23,"Meal ",22,5,23,"electric_scooter ",2,"No ","Metropolitian ","Sunny","Low ",0
"29/03/2022","20:50:00","21:05:00",39,"Buffet ",24,4.6,11,"motorcycle ",0,"No ","Metropolitian ","Stormy","Jam ",1
"11/03/2022","8:30:00","8:35:00",20,"Drinks ",36,4.5,22,"motorcycle ",0,"No ","Metropolitian ","Sandstorms","Low ",1
"13/02/2022","18:00:00","18:05:00",10,"Buffet ",20,4.7,15,"motorcycle ",2,"No ","Urban ","Sunny","Medium ",0
"16/03/2022","21:35:00","21:45:00",35,"Drinks ",31,3.5,1,"motorcycle ",1,"No ","Metropolitian ","Windy","Jam ",1
"23/03/2022","17:30:00","17:40:00",29,"Drinks ",34,4.6,5,"scooter ",2,"No ","Metropolitian ","Sunny","Medium ",0
"14/02/2022","21:40:00","21:45:00",48,"Buffet ",31,4.2,3,"motorcycle ",1,"Yes ","Metropolitian ","Fog","Jam ",1
"13/03/2022","8:45:00","9:00:00",23,"Snack ",34,4.7,21,"scooter ",2,"No ","Urban ","Windy","Low ",1
"6/04/2022","21:10:00","21:15:00",15,"Buffet ",22,4.7,18,"motorcycle ",2,"No ","Metropolitian ","Stormy","Jam ",0
"8/03/2022","21:20:00","21:30:00",45,"Snack ",35,4.1,1,"motorcycle ",0,"No ","Metropolitian ","Windy","Jam ",0
"18/02/2022","20:35:00","20:50:00",42,"Meal ",35,3.8,12,"motorcycle ",1,"No ","Metropolitian ","Stormy","Jam ",0
"6/04/2022","17:45:00","18:00:00",28,"Meal ",22,4.9,18,"scooter ",2,"No ","Metropolitian ","Cloudy","Medium ",0
"14/02/2022","19:50:00","19:55:00",29,"Snack ",24,4.9,5,"motorcycle ",0,"No ","Metropolitian ","Sandstorms","Jam ",1
"2/04/2022","0:00:00","0:10:00",43,"Buffet ",36,4.2,4,"motorcycle ",0,"No ","Metropolitian ","Fog","Low ",0
"15/03/2022","13:00:00","13:10:00",32,"Drinks ",33,4.8,12,"scooter ",1,"No ","Metropolitian ","Fog","High ",0
"15/02/2022","8:50:00","9:00:00",11,"Meal ",22,4.9,15,"motorcycle ",1,"No ","Urban ","Stormy","Low ",1
"13/03/2022","22:30:00","22:35:00",19,"Buffet ",25,4.6,23,"scooter ",1,"No ","Urban ","Windy","Low ",0
"9/03/2022","16:40:00","16:50:00",30,"Drinks ",31,4.6,14,"motorcycle ",0,"No ","Metropolitian ","Windy","Medium ",1
"16/03/2022","20:30:00","20:35:00",24,"Drinks ",24,4.5,1,"motorcycle ",1,"No ","Urban ","Sunny","Jam ",1
"11/03/2022","23:55:00","0:10:00",21,"Buffet ",33,4.8,13,"electric_scooter ",2,"No ","Metropolitian ","Sandstorms","Low ",1
"31/03/2022","20:00:00","20:15:00",42,"Drinks ",30,3.5,9,"scooter ",1,"No ","Metropolitian ","Stormy","Jam ",0
"25/03/2022","22:10:00","22:25:00",24,"Snack ",28,4.7,14,"scooter ",1,"No ","Metropolitian ","Fog","Low ",1
"20/03/2022","22:00:00","22:15:00",15,"Meal ",23,5,23,"scooter ",1,"No ","Urban ","Windy","Jam ",0
"19/03/2022","9:30:00","9:45:00",15,"Meal ",25,4.8,9,"scooter ",1,"No ","Metropolitian ","Stormy","Low ",1
"28/03/2022","19:20:00","19:25:00",25,"Meal ",26,4.5,9,"motorcycle ",0,"No ","Metropolitian ","Cloudy","Jam ",1
"5/03/2022","11:20:00","11:35:00",44,"Drinks ",22,3.5,6,"motorcycle ",0,"Yes ","Metropolitian ","Sunny","High ",1
"29/03/2022","17:55:00","18:05:00",48,"Buffet ",39,4.2,4,"motorcycle ",0,"No ","Metropolitian ","Sandstorms","Medium ",1
"8/03/2022","22:20:00","22:30:00",18,"Snack ",37,4.7,23,"scooter ",1,"No ","Metropolitian ","Sunny","Low ",1
"9/03/2022","8:25:00","8:40:00",28,"Snack ",39,4.7,14,"motorcycle ",0,"No ","Metropolitian ","Fog","Low ",1
"6/04/2022","18:35:00","18:50:00",35,"Meal ",38,3.7,4,"electric_scooter ",2,"No ","Metropolitian ","Sandstorms","Medium ",0
"26/03/2022","19:20:00","19:25:00",31,"Buffet ",34,4.9,3,"scooter ",1,"No ","Metropolitian ","Stormy","Jam ",1
"25/03/2022","20:20:00","20:25:00",37,"Snack ",23,5,4,"motorcycle ",0,"No ","Metropolitian ","Fog","Jam ",1
"21/03/2022","20:15:00","20:30:00",31,"Drinks ",38,4.8,6,"scooter ",1,"No ","Metropolitian ","Cloudy","Jam ",1
"14/03/2022","22:20:00","22:25:00",20,"Buffet ",28,4.7,16,"scooter ",2,"No ","Urban ","Cloudy","Low ",0
"21/03/2022","8:30:00","8:40:00",16,"Snack ",34,4.8,19,"motorcycle ",2,"No ","Metropolitian ","Fog","Low ",1
"20/03/2022","17:15:00","17:20:00",36,"Buffet ",28,4.8,5,"scooter ",1,"No ","Metropolitian ","Cloudy","Medium ",1
"11/02/2022","15:45:00","15:50:00",29,"Drinks ",30,4.6,8,"scooter ",1,"No ","Metropolitian ","Windy","Medium ",0
"14/03/2022","22:50:00","22:55:00",27,"Buffet ",33,4.7,14,"motorcycle ",0,"No ","Metropolitian ","Sandstorms","Low ",1
"11/03/2022","15:20:00","15:30:00",11,"Drinks ",24,4.7,19,"motorcycle ",2,"No ","Urban ","Sunny","Medium ",1
"25/03/2022","19:45:00","19:55:00",11,"Buffet ",20,4.7,19,"motorcycle ",1,"No ","Urban ","Sunny","Jam ",1
"4/03/2022","20:40:00","20:50:00",39,"Drinks ",36,3.7,3,"scooter ",2,"No ","Metropolitian ","Stormy","Jam ",1
"10/03/2022","20:45:00","20:50:00",33,"Snack ",29,5,23,"motorcycle ",2,"No ","Metropolitian ","Fog","Jam ",1
"1/03/2022","20:25:00","20:35:00",27,"Drinks ",38,4.8,12,"motorcycle ",0,"No ","Metropolitian ","Stormy","Jam ",0
"9/03/2022","15:25:00","15:35:00",25,"Buffet ",30,4.8,17,"electric_scooter ",2,"No ","Urban ","Sandstorms","Medium ",1
"3/03/2022","12:40:00","12:45:00",31,"Snack ",34,4.8,13,"motorcycle ",0,"No ","Metropolitian ","Stormy","High ",1
"8/03/2022","23:55:00","0:00:00",35,"Drinks ",23,2.5,2,"scooter ",2,"No ","Metropolitian ","Sunny","Low ",1
"28/03/2022","8:35:00","8:40:00",29,"Snack ",36,5,5,"scooter ",2,"No ","Metropolitian ","Stormy","Low ",0
"2/03/2022","22:45:00","22:50:00",30,"Meal ",24,4.9,17,"motorcycle ",2,"No ","Urban ","Sunny","Low ",1
"20/03/2022","18:00:00","18:10:00",28,"Meal ",26,4.7,18,"motorcycle ",0,"No ","Metropolitian ","Sandstorms","Medium ",1
"27/03/2022","18:50:00","19:05:00",12,"Snack ",24,4.7,23,"motorcycle ",1,"No ","Urban ","Sunny","Medium ",0
"21/03/2022","19:35:00","19:40:00",50,"Snack ",27,3.5,3,"motorcycle ",0,"No ","Urban ","Sunny","Jam ",3
"20/03/2022","18:30:00","18:45:00",32,"Buffet ",21,5,4,"motorcycle ",0,"No ","Metropolitian ","Cloudy","Medium ",1
"9/03/2022","23:00:00","23:10:00",18,"Drinks ",32,4.6,18,"electric_scooter ",2,"No ","Urban ","Sandstorms","Low ",1
"7/03/2022","14:55:00","15:00:00",19,"Snack ",22,4.6,16,"motorcycle ",0,"No ","Metropolitian ","Stormy","High ",1
"4/04/2022","17:30:00","17:35:00",40,"Buffet ",35,4,2,"motorcycle ",0,"No ","Metropolitian ","Windy","Medium ",1
"16/02/2022","21:35:00","21:45:00",25,"Drinks ",26,4.8,18,"motorcycle ",0,"No ","Urban ","Windy","Jam ",1
"1/03/2022","10:00:00","10:15:00",16,"Buffet ",37,4.8,22,"scooter ",1,"No ","Urban ","Fog","Low ",0
"16/02/2022","18:25:00","18:40:00",26,"Buffet ",23,4.9,3,"motorcycle ",1,"No ","Metropolitian ","Stormy","Medium ",1
"26/03/2022","10:15:00","10:30:00",19,"Snack ",24,4.6,19,"motorcycle ",0,"No ","Urban ","Cloudy","Low ",1
"4/03/2022","17:35:00","17:50:00",39,"Meal ",31,5,13,"motorcycle ",0,"No ","Metropolitian ","Fog","Medium ",0
"21/03/2022","17:30:00","17:45:00",19,"Meal ",31,4.6,12,"scooter ",1,"No ","Metropolitian ","Cloudy","Medium ",1
"6/04/2022","17:45:00","17:50:00",42,"Meal ",31,4.2,6,"scooter ",2,"No ","Metropolitian ","Fog","Medium ",1
"12/02/2022","18:30:00","18:35:00",34,"Drinks ",32,4.6,2,"scooter ",2,"No ","Metropolitian ","Stormy","Medium ",0
"13/03/2022","8:55:00","9:10:00",15,"Drinks ",36,4.6,19,"electric_scooter ",2,"No ","Metropolitian ","Cloudy","Low ",0
"30/03/2022","10:20:00","10:30:00",22,"Drinks ",37,4.6,3,"scooter ",2,"No ","Urban ","Sandstorms","Low ",1
"18/02/2022","18:45:00","19:00:00",38,"Drinks ",35,4.1,14,"motorcycle ",2,"No ","Metropolitian ","Fog","Medium ",1
"29/03/2022","19:35:00","19:40:00",32,"Drinks ",24,5,5,"motorcycle ",1,"No ","Metropolitian ","Cloudy","Jam ",1
"28/03/2022","19:50:00","19:55:00",34,"Meal ",27,4.9,6,"motorcycle ",1,"No ","Metropolitian ","Cloudy","Jam ",2
"5/03/2022","10:15:00","10:25:00",21,"Snack ",30,4.7,23,"motorcycle ",1,"No ","Metropolitian ","Sandstorms","Low ",0
"4/03/2022","19:00:00","19:05:00",44,"Drinks ",27,4.6,15,"motorcycle ",0,"No ","Metropolitian ","Stormy","Medium ",1
"5/04/2022","18:10:00","18:15:00",28,"Buffet ",29,4.8,15,"scooter ",1,"No ","Urban ","Windy","Medium ",1
"5/03/2022","21:55:00","22:00:00",23,"Drinks ",28,4.7,18,"scooter ",2,"No ","Metropolitian ","Sunny","Jam ",1
"3/03/2022","23:00:00","23:15:00",13,"Snack ",25,4.7,22,"scooter ",2,"No ","Urban ","Cloudy","Low ",0
"20/03/2022","18:15:00","18:20:00",26,"Meal ",32,4.7,16,"motorcycle ",2,"No ","Metropolitian ","Sunny","Medium ",1
"29/03/2022","18:00:00","18:05:00",24,"Drinks ",21,4.9,13,"electric_scooter ",2,"No ","Metropolitian ","Windy","Medium ",1
"16/03/2022","21:30:00","21:35:00",26,"Buffet ",36,4.5,17,"scooter ",2,"No ","Metropolitian ","Stormy","Jam ",1
"11/02/2022","17:50:00","18:00:00",28,"Drinks ",24,4.7,4,"motorcycle ",0,"No ","Metropolitian ","Sandstorms","Medium ",1
"25/03/2022","20:30:00","20:40:00",25,"Drinks ",39,4.7,17,"motorcycle ",2,"No ","Urban ","Stormy","Jam ",1
"4/04/2022","18:45:00","18:55:00",38,"Drinks ",39,5,19,"scooter ",2,"No ","Metropolitian ","Fog","Medium ",0
"17/02/2022","20:50:00","20:55:00",32,"Buffet ",26,4.9,9,"motorcycle ",1,"No ","Metropolitian ","Fog","Jam ",1
"20/03/2022","20:15:00","20:25:00",19,"Meal ",25,4.9,16,"scooter ",2,"No ","Urban ","Sandstorms","Jam ",1
"24/03/2022","11:50:00","11:55:00",15,"Drinks ",36,4.5,6,"scooter ",2,"No ","Urban ","Sunny","High ",1
"10/03/2022","19:45:00","19:55:00",30,"Drinks ",20,5,15,"motorcycle ",1,"No ","Urban ","Fog","Jam ",1
"18/03/2022","21:15:00","21:25:00",52,"Meal ",36,4.8,12,"motorcycle ",0,"No ","Metropolitian ","Fog","Jam ",0
"15/03/2022","16:00:00","16:15:00",26,"Drinks ",30,4.8,18,"scooter ",1,"No ","Metropolitian ","Sandstorms","Medium ",1
"23/03/2022","23:20:00","23:30:00",14,"Drinks ",29,4.5,1,"motorcycle ",1,"No ","Urban ","Stormy","Low ",0
"25/03/2022","17:20:00","17:25:00",25,"Buffet ",24,4.6,9,"motorcycle ",0,"No ","Metropolitian ","Stormy","Medium ",1
"19/03/2022","13:50:00","13:55:00",30,"Meal ",35,4.6,16,"motorcycle ",0,"No ","Urban ","Fog","High ",1
"8/03/2022","17:45:00","17:55:00",33,"Snack ",35,4.2,5,"scooter ",1,"No ","Metropolitian ","Windy","Medium ",1
"23/03/2022","21:20:00","21:35:00",32,"Drinks ",35,4.4,2,"motorcycle ",1,"No ","Urban ","Windy","Jam ",1
"17/03/2022","20:25:00","20:30:00",27,"Meal ",25,4.7,18,"scooter ",1,"No ","Metropolitian ","Windy","Jam ",1
"16/03/2022","17:10:00","17:25:00",23,"Meal ",30,4.9,9,"motorcycle ",1,"No ","Metropolitian ","Stormy","Medium ",1
"27/03/2022","23:15:00","23:30:00",20,"Snack ",30,4.9,14,"scooter ",2,"No ","Metropolitian ","Windy","Low ",0
"6/04/2022","21:25:00","21:30:00",30,"Meal ",37,5,15,"motorcycle ",0,"No ","Metropolitian ","Sunny","Jam ",0
"16/03/2022","20:10:00","20:20:00",32,"Snack ",26,4.1,13,"motorcycle ",0,"No ","Metropolitian ","Sandstorms","Jam ",0
"16/02/2022","20:00:00","20:10:00",30,"Snack ",26,4.6,4,"motorcycle ",1,"No ","Metropolitian ","Stormy","Jam ",1
"5/03/2022","19:55:00","20:05:00",23,"Buffet ",22,4.5,13,"motorcycle ",1,"No ","Metropolitian ","Windy","Jam ",1
"26/03/2022","8:50:00","9:05:00",26,"Snack ",34,4.6,18,"motorcycle ",0,"No ","Urban ","Cloudy","Low ",1
"25/03/2022","18:20:00","18:30:00",32,"Meal ",32,4.2,13,"motorcycle ",0,"No ","Metropolitian ","Stormy","Medium ",0
"4/03/2022","20:25:00","20:35:00",49,"Drinks ",37,4.1,3,"motorcycle ",1,"No ","Semi-Urban ","Cloudy","Jam ",1
"5/03/2022","13:35:00","13:40:00",32,"Buffet ",30,4,2,"electric_scooter ",2,"No ","Metropolitian ","Stormy","High ",1
"4/03/2022","22:15:00","22:25:00",23,"Drinks ",20,4.6,22,"electric_scooter ",2,"No ","Metropolitian ","Fog","Low ",1
"15/03/2022","23:00:00","23:05:00",26,"Snack ",31,4.7,14,"scooter ",1,"No ","Metropolitian ","Stormy","Low ",1
"13/02/2022","18:45:00","19:00:00",20,"Drinks ",29,4.7,7,"motorcycle ",0,"No ","Metropolitian ","Sunny","Medium ",1
"3/03/2022","19:00:00","19:10:00",27,"Drinks ",35,4.6,18,"scooter ",2,"No ","Metropolitian ","Stormy","Medium ",0
"5/04/2022","10:25:00","10:40:00",22,"Snack ",35,4.7,15,"motorcycle ",0,"No ","Metropolitian ","Sunny","Low ",1
"15/03/2022","23:25:00","23:35:00",15,"Meal ",21,4.6,15,"motorcycle ",2,"No ","Urban ","Stormy","Low ",0
"25/03/2022","20:45:00","21:00:00",53,"Meal ",33,4.6,1,"motorcycle ",0,"No ","Metropolitian ","Fog","Jam ",1
"5/04/2022","19:45:00","19:50:00",33,"Buffet ",37,4.1,6,"motorcycle ",0,"No ","Metropolitian ","Stormy","Jam ",0
"14/03/2022","18:45:00","19:00:00",37,"Buffet ",33,4,13,"motorcycle ",2,"No ","Metropolitian ","Cloudy","Medium ",1
"5/04/2022","19:45:00","19:55:00",30,"Drinks ",37,4.8,21,"motorcycle ",0,"No ","Metropolitian ","Fog","Jam ",0
"2/03/2022","19:35:00","19:40:00",43,"Meal ",35,3.7,1,"scooter ",1,"No ","Metropolitian ","Stormy","Jam ",1
"15/03/2022","8:50:00","9:00:00",20,"Drinks ",28,4.7,22,"motorcycle ",0,"No ","Urban ","Fog","Low ",0
"17/02/2022","17:40:00","17:45:00",37,"Meal ",34,4.2,3,"motorcycle ",0,"No ","Metropolitian ","Stormy","Medium ",1
"13/02/2022","11:45:00","11:55:00",12,"Meal ",25,4.7,15,"motorcycle ",2,"No ","Urban ","Sandstorms","High ",0
"4/03/2022","18:35:00","18:50:00",30,"Meal ",22,4.9,14,"motorcycle ",0,"No ","Metropolitian ","Fog","Medium ",1
"17/03/2022","23:50:00","23:55:00",20,"Buffet ",30,5,13,"motorcycle ",0,"No ","Metropolitian ","Sunny","Low ",1
"24/03/2022","17:10:00","17:15:00",12,"Drinks ",22,4.6,22,"scooter ",1,"No ","Metropolitian ","Fog","Medium ",0
"1/03/2022","9:40:00","9:45:00",19,"Buffet ",25,4.6,18,"motorcycle ",0,"No ","Urban ","Cloudy","Low ",1
"8/03/2022","23:35:00","23:45:00",35,"Drinks ",37,4.9,15,"motorcycle ",0,"No ","Metropolitian ","Cloudy","Low ",0
"10/03/2022","18:15:00","18:25:00",15,"Meal ",29,4.6,21,"scooter ",2,"No ","Metropolitian ","Sunny","Medium ",1
"5/04/2022","13:45:00","13:55:00",37,"Snack ",26,4.1,6,"motorcycle ",0,"No ","Metropolitian ","Windy","High ",1
"18/03/2022","21:55:00","22:10:00",26,"Snack ",22,4.6,4,"scooter ",2,"No ","Metropolitian ","Windy","Jam ",1
"15/03/2022","20:35:00","20:45:00",17,"Snack ",26,4.7,17,"scooter ",2,"No ","Urban ","Sunny","Jam ",0
"5/04/2022","11:00:00","11:15:00",13,"Meal ",21,4.6,22,"scooter ",2,"No ","Urban ","Sandstorms","Low ",1
"16/02/2022","22:40:00","22:55:00",26,"Snack ",28,5,4,"scooter ",2,"No ","Metropolitian ","Sunny","Low ",1
"25/03/2022","22:50:00","22:55:00",13,"Drinks ",24,4.7,9,"electric_scooter ",2,"No ","Metropolitian ","Sandstorms","Low ",1
"25/03/2022","20:55:00","21:10:00",32,"Meal ",38,4.4,5,"motorcycle ",1,"No ","Urban ","Windy","Jam ",1
"16/03/2022","23:15:00","23:30:00",22,"Meal ",35,4.6,16,"motorcycle ",0,"No ","Urban ","Stormy","Low ",1
"30/03/2022","10:55:00","11:00:00",22,"Meal ",21,4.2,9,"motorcycle ",0,"No ","Metropolitian ","Stormy","Low ",1
"9/03/2022","23:20:00","23:30:00",16,"Buffet ",32,4.6,19,"scooter ",2,"No ","Urban ","Fog","Low ",0
"20/03/2022","21:50:00","22:05:00",41,"Snack ",25,4.6,13,"electric_scooter ",2,"Yes ","Metropolitian ","Fog","Jam ",1
"20/03/2022","21:10:00","21:15:00",29,"Drinks ",21,4.9,13,"motorcycle ",0,"No ","Metropolitian ","Stormy","Jam ",1
"25/03/2022","23:40:00","23:55:00",29,"Drinks ",30,4.7,8,"motorcycle ",0,"No ","Metropolitian ","Sunny","Low ",0
"23/03/2022","23:35:00","23:45:00",22,"Drinks ",26,4.6,18,"motorcycle ",0,"No ","Metropolitian ","Cloudy","Low ",0
"17/03/2022","8:55:00","9:00:00",17,"Snack ",28,4.5,23,"motorcycle ",0,"No ","Metropolitian ","Sandstorms","Low ",1
"26/03/2022","15:00:00","15:15:00",33,"Meal ",39,4.6,23,"scooter ",2,"No ","Urban ","Stormy","High ",0
"3/04/2022","21:25:00","21:40:00",16,"Meal ",29,4.9,23,"electric_scooter ",2,"No ","Urban ","Windy","Jam ",0
"11/02/2022","23:30:00","23:40:00",16,"Snack ",36,4.9,8,"motorcycle ",1,"No ","Metropolitian ","Fog","Low ",0
"4/03/2022","20:55:00","21:10:00",35,"Drinks ",36,4.3,2,"scooter ",2,"No ","Urban ","Stormy","Jam ",1
"20/03/2022","21:50:00","22:00:00",35,"Drinks ",22,5,5,"motorcycle ",0,"No ","Metropolitian ","Stormy","Jam ",1
"12/03/2022","21:35:00","21:50:00",25,"Drinks ",20,4.6,9,"motorcycle ",2,"No ","Metropolitian ","Sandstorms","Jam ",1
"15/03/2022","17:25:00","17:40:00",22,"Snack ",20,5,16,"scooter ",1,"No ","Metropolitian ","Sandstorms","Medium ",0
"30/03/2022","18:55:00","19:00:00",22,"Meal ",21,4.6,19,"motorcycle ",0,"No ","Metropolitian ","Stormy","Medium ",1
"15/02/2022","8:25:00","8:40:00",22,"Buffet ",28,4.7,16,"scooter ",2,"No ","Urban ","Sunny","Low ",0
"7/03/2022","14:20:00","14:25:00",43,"Snack ",32,4.3,14,"motorcycle ",0,"No ","Metropolitian ","Stormy","High ",1
"29/03/2022","20:40:00","20:50:00",17,"Buffet ",21,4.5,13,"scooter ",1,"No ","Metropolitian ","Windy","Jam ",1
"28/03/2022","9:30:00","9:40:00",14,"Meal ",22,4.8,9,"motorcycle ",1,"No ","Metropolitian ","Windy","Low ",0
"16/03/2022","18:10:00","18:20:00",40,"Buffet ",31,4.5,14,"motorcycle ",0,"No ","Metropolitian ","Fog","Medium ",2
"1/03/2022","11:40:00","11:45:00",28,"Meal ",39,4.9,13,"electric_scooter ",2,"No ","Metropolitian ","Stormy","High ",1
"28/03/2022","16:50:00","17:00:00",29,"Drinks ",33,5,13,"scooter ",2,"No ","Metropolitian ","Stormy","Medium ",0
"12/03/2022","18:55:00","19:00:00",27,"Buffet ",23,4.5,9,"motorcycle ",0,"No ","Metropolitian ","Windy","Medium ",1
"3/03/2022","19:40:00","19:50:00",30,"Snack ",30,4.8,9,"motorcycle ",2,"No ","Metropolitian ","Sandstorms","Jam ",1
"14/02/2022","17:15:00","17:20:00",24,"Snack ",21,4.6,3,"motorcycle ",1,"No ","Metropolitian ","Stormy","Medium ",0
"27/03/2022","23:30:00","23:35:00",21,"Meal ",34,4.7,13,"motorcycle ",0,"No ","Metropolitian ","Windy","Low ",1
"13/02/2022","18:45:00","18:55:00",15,"Buffet ",39,4.5,6,"motorcycle ",2,"No ","Metropolitian ","Stormy","Medium ",1
"11/03/2022","12:10:00","12:25:00",24,"Meal ",29,5,9,"motorcycle ",0,"No ","Metropolitian ","Windy","High ",0
"5/03/2022","17:00:00","17:15:00",22,"Buffet ",23,4.7,22,"motorcycle ",1,"No ","Urban ","Stormy","Medium ",1
"18/02/2022","23:55:00","0:05:00",17,"Snack ",35,4.7,16,"motorcycle ",1,"No ","Urban ","Sunny","Low ",1
"31/03/2022","17:35:00","17:45:00",42,"Buffet ",34,4.7,6,"motorcycle ",0,"No ","Metropolitian ","Sandstorms","Medium ",1
"29/03/2022","23:20:00","23:35:00",18,"Buffet ",28,4.9,12,"motorcycle ",2,"No ","Metropolitian ","Stormy","Low ",0
"2/03/2022","22:40:00","22:45:00",21,"Snack ",38,5,18,"motorcycle ",0,"No ","Urban ","Sandstorms","Low ",1
"14/03/2022","21:00:00","21:10:00",32,"Buffet ",32,4.2,7,"motorcycle ",1,"No ","Metropolitian ","Sunny","Jam ",1
"16/02/2022","21:15:00","21:30:00",35,"Meal ",31,4.6,7,"scooter ",2,"No ","Metropolitian ","Fog","Jam ",1
"7/03/2022","17:00:00","17:05:00",19,"Drinks ",22,4.9,23,"motorcycle ",0,"No ","Metropolitian ","Sunny","Medium ",0
"3/04/2022","20:45:00","21:00:00",26,"Meal ",21,4.9,17,"scooter ",1,"No ","Urban ","Windy","Jam ",1
"26/03/2022","10:15:00","10:30:00",23,"Snack ",36,4.7,15,"scooter ",2,"No ","Urban ","Sandstorms","Low ",1
"23/03/2022","18:55:00","19:00:00",35,"Buffet ",26,4.6,3,"motorcycle ",0,"No ","Metropolitian ","Sandstorms","Medium ",1
"16/03/2022","22:30:00","22:35:00",44,"Buffet ",39,4.8,16,"motorcycle ",0,"No ","Metropolitian ","Cloudy","Low ",0
"10/03/2022","22:20:00","22:25:00",22,"Meal ",32,4.8,23,"motorcycle ",0,"No ","Metropolitian ","Windy","Low ",0
"26/03/2022","17:10:00","17:20:00",19,"Meal ",33,4.9,9,"scooter ",2,"No ","Metropolitian ","Cloudy","Medium ",1
"30/03/2022","10:40:00","10:55:00",17,"Meal ",25,5,9,"motorcycle ",1,"No ","Metropolitian ","Fog","Low ",1
"15/03/2022","9:50:00","10:05:00",26,"Meal ",36,4.1,2,"motorcycle ",0,"No ","Urban ","Sandstorms","Low ",1
"11/02/2022","18:45:00","19:00:00",32,"Meal ",35,4.1,20,"motorcycle ",1,"No ","Metropolitian ","Sandstorms","Medium ",1
"9/03/2022","16:35:00","16:40:00",30,"Drinks ",33,4.8,16,"motorcycle ",0,"No ","Metropolitian ","Windy","Medium ",1
"4/04/2022","20:40:00","20:55:00",22,"Drinks ",29,4.9,23,"scooter ",2,"No ","Urban ","Sunny","Jam ",1
"6/04/2022","23:10:00","23:15:00",37,"Drinks ",33,4.2,3,"motorcycle ",0,"No ","Metropolitian ","Cloudy","Low ",1
"10/03/2022","19:40:00","19:50:00",22,"Drinks ",26,4.7,22,"scooter ",2,"No ","Metropolitian ","Stormy","Jam ",1
"16/03/2022","19:50:00","20:00:00",42,"Snack ",27,4.7,23,"scooter ",1,"No ","Metropolitian ","Fog","Jam ",1
"4/03/2022","20:00:00","20:05:00",27,"Drinks ",25,4.6,23,"scooter ",2,"No ","Metropolitian ","Stormy","Jam ",1
"30/03/2022","19:40:00","19:50:00",18,"Meal ",27,4.9,19,"scooter ",2,"No ","Metropolitian ","Sunny","Jam ",1
"11/02/2022","10:00:00","10:05:00",17,"Meal ",20,4.6,6,"scooter ",1,"No ","Metropolitian ","Windy","Low ",1
"17/03/2022","17:15:00","17:25:00",26,"Snack ",39,4.9,2,"scooter ",1,"No ","Metropolitian ","Sandstorms","Medium ",0
"11/03/2022","17:35:00","17:50:00",30,"Drinks ",32,4.7,14,"scooter ",1,"No ","Metropolitian ","Sandstorms","Medium ",0
"5/04/2022","13:00:00","13:10:00",32,"Meal ",25,5,23,"motorcycle ",1,"No ","Metropolitian ","Fog","High ",1
"20/03/2022","22:20:00","22:35:00",20,"Buffet ",28,4.7,17,"motorcycle ",1,"No ","Metropolitian ","Cloudy","Low ",1
"5/03/2022","23:30:00","23:45:00",24,"Buffet ",20,4.7,9,"electric_scooter ",2,"No ","Metropolitian ","Stormy","Low ",1
"1/03/2022","20:10:00","20:25:00",26,"Buffet ",20,4.6,22,"motorcycle ",2,"No ","Metropolitian ","Sandstorms","Jam ",1
"4/04/2022","18:15:00","18:30:00",39,"Drinks ",33,5,9,"scooter ",2,"No ","Metropolitian ","Fog","Medium ",2
"3/04/2022","18:00:00","18:05:00",18,"Meal ",26,4.8,22,"scooter ",1,"No ","Metropolitian ","Sunny","Medium ",0
"25/03/2022","19:45:00","19:50:00",32,"Buffet ",36,4.1,4,"scooter ",2,"No ","Metropolitian ","Sunny","Jam ",1
"29/03/2022","19:30:00","19:40:00",34,"Buffet ",35,3.5,21,"scooter ",2,"No ","Urban ","Windy","Jam ",1
"1/03/2022","14:55:00","15:10:00",33,"Meal ",35,4,8,"scooter ",1,"No ","Metropolitian ","Windy","High ",1
"3/03/2022","15:25:00","15:35:00",20,"Drinks ",21,4.6,19,"scooter ",2,"No ","Metropolitian ","Stormy","Medium ",0
"5/04/2022","18:00:00","18:05:00",14,"Drinks ",20,4.8,15,"motorcycle ",1,"No ","Metropolitian ","Sunny","Medium ",1
"17/03/2022","21:25:00","21:30:00",33,"Meal ",25,4.9,13,"motorcycle ",0,"No ","Metropolitian ","Sandstorms","Jam ",0
"18/03/2022","23:50:00","0:05:00",26,"Buffet ",32,4.7,3,"motorcycle ",0,"No ","Metropolitian ","Stormy","Low ",1
"10/03/2022","23:50:00","0:00:00",22,"Snack ",22,4.6,19,"motorcycle ",2,"No ","Urban ","Fog","Low ",1
"17/02/2022","9:15:00","9:20:00",13,"Snack ",26,4.9,6,"electric_scooter ",2,"No ","Metropolitian ","Fog","Low ",1
"11/03/2022","22:50:00","23:00:00",19,"Meal ",26,4.5,13,"scooter ",2,"No ","Metropolitian ","Windy","Low ",0
"26/03/2022","22:15:00","22:20:00",13,"Meal ",29,4.9,14,"electric_scooter ",2,"No ","Metropolitian ","Sandstorms","Low ",1
"5/03/2022","11:35:00","11:45:00",45,"Drinks ",33,4.1,2,"motorcycle ",0,"No ","Metropolitian ","Stormy","High ",1
"19/03/2022","18:40:00","18:45:00",12,"Meal ",28,4.5,3,"motorcycle ",1,"No ","Metropolitian ","Fog","Medium ",0
"31/03/2022","21:40:00","21:55:00",24,"Drinks ",26,4.6,21,"motorcycle ",0,"No ","Metropolitian ","Sunny","Jam ",0
"15/03/2022","9:55:00","10:10:00",25,"Snack ",33,4.9,23,"motorcycle ",1,"No ","Metropolitian ","Sandstorms","Low ",1
"28/03/2022","20:10:00","20:25:00",22,"Drinks ",28,4.6,9,"motorcycle ",0,"No ","Metropolitian ","Stormy","Jam ",1
"3/04/2022","12:10:00","12:20:00",28,"Snack ",30,4.6,23,"motorcycle ",0,"No ","Metropolitian ","Sunny","High ",1
"30/03/2022","11:10:00","11:15:00",19,"Snack ",38,4.6,12,"scooter ",1,"No ","Metropolitian ","Sunny","High ",0
"12/03/2022","22:30:00","22:40:00",18,"Meal ",34,4.8,16,"scooter ",2,"No ","Metropolitian ","Sunny","Low ",1
"29/03/2022","19:35:00","19:40:00",52,"Meal ",35,4.3,1,"motorcycle ",0,"Yes ","Metropolitian ","Sandstorms","Jam ",1
"31/03/2022","17:25:00","17:35:00",33,"Buffet ",34,4.6,1,"motorcycle ",0,"No ","Metropolitian ","Windy","Medium ",0
"25/03/2022","18:10:00","18:25:00",36,"Snack ",31,4.8,9,"motorcycle ",0,"No ","Metropolitian ","Stormy","Medium ",2
"15/02/2022","9:55:00","10:00:00",16,"Snack ",23,4.8,21,"scooter ",1,"No ","Urban ","Windy","Low ",1
"9/03/2022","9:20:00","9:35:00",25,"Snack ",38,4.5,23,"scooter ",1,"No ","Metropolitian ","Windy","Low ",1
"6/03/2022","19:10:00","19:15:00",24,"Snack ",24,4.8,23,"motorcycle ",2,"No ","Metropolitian ","Windy","Jam ",0
"2/03/2022","21:55:00","22:00:00",35,"Meal ",36,4.7,14,"motorcycle ",0,"No ","Metropolitian ","Sandstorms","Jam ",1
"6/03/2022","17:45:00","17:50:00",25,"Drinks ",39,4.6,23,"electric_scooter ",2,"No ","Metropolitian ","Sunny","Medium ",0
"30/03/2022","20:00:00","20:15:00",17,"Drinks ",35,4.6,5,"motorcycle ",1,"No ","Urban ","Sunny","Jam ",1
"13/02/2022","9:55:00","10:00:00",15,"Buffet ",31,4.9,7,"motorcycle ",1,"No ","Metropolitian ","Fog","Low ",1
"12/03/2022","22:20:00","22:30:00",21,"Drinks ",20,4.9,9,"motorcycle ",0,"No ","Metropolitian ","Fog","Low ",0
"1/04/2022","13:45:00","14:00:00",28,"Meal ",37,4.9,23,"motorcycle ",2,"No ","Metropolitian ","Windy","High ",1
"13/02/2022","10:15:00","10:25:00",17,"Meal ",35,4.9,15,"motorcycle ",2,"No ","Urban ","Fog","Low ",0
"20/03/2022","17:50:00","18:00:00",26,"Meal ",20,4.5,3,"scooter ",2,"No ","Urban ","Fog","Medium ",0
"20/03/2022","23:25:00","23:35:00",24,"Drinks ",33,4.9,19,"electric_scooter ",2,"No ","Metropolitian ","Sunny","Low ",1
"10/03/2022","21:00:00","21:05:00",34,"Buffet ",36,4.2,4,"motorcycle ",0,"No ","Metropolitian ","Sunny","Jam ",1
"3/03/2022","21:10:00","21:20:00",27,"Meal ",37,4.7,19,"scooter ",2,"No ","Urban ","Cloudy","Jam ",1
"19/03/2022","18:25:00","18:40:00",20,"Snack ",27,4.6,15,"scooter ",2,"No ","Urban ","Stormy","Medium ",1
"4/03/2022","17:10:00","17:20:00",40,"Snack ",31,4.7,9,"motorcycle ",2,"No ","Metropolitian ","Stormy","Medium ",1
"8/03/2022","18:40:00","18:45:00",27,"Meal ",37,4.9,18,"motorcycle ",2,"No ","Metropolitian ","Sunny","Medium ",1
"2/04/2022","18:45:00","18:55:00",30,"Meal ",24,4.9,12,"electric_scooter ",2,"No ","Metropolitian ","Fog","Medium ",1
"12/03/2022","20:45:00","20:55:00",35,"Buffet ",20,4.6,16,"motorcycle ",0,"No ","Urban ","Windy","Jam ",1
"2/03/2022","17:45:00","17:50:00",30,"Meal ",32,4.5,13,"scooter ",1,"No ","Metropolitian ","Stormy","Medium ",1
"6/03/2022","20:40:00","20:55:00",25,"Meal ",37,4.7,12,"motorcycle ",1,"No ","Metropolitian ","Stormy","Jam ",1
"24/03/2022","21:10:00","21:20:00",21,"Snack ",23,4.5,22,"motorcycle ",1,"No ","Metropolitian ","Windy","Jam ",0
"27/03/2022","22:50:00","23:00:00",36,"Meal ",36,5,8,"motorcycle ",0,"No ","Metropolitian ","Cloudy","Low ",0
"13/03/2022","8:50:00","9:00:00",24,"Drinks ",25,4.1,3,"motorcycle ",0,"No ","Metropolitian ","Sandstorms","Low ",1
"16/02/2022","19:20:00","19:25:00",42,"Meal ",39,4.2,4,"motorcycle ",0,"No ","Metropolitian ","Sunny","Jam ",2
"15/03/2022","17:25:00","17:40:00",23,"Snack ",26,4.6,21,"motorcycle ",1,"No ","Urban ","Stormy","Medium ",1
"15/02/2022","21:40:00","21:50:00",14,"Drinks ",27,4.6,3,"scooter ",2,"No ","Metropolitian ","Sunny","Jam ",1
"25/03/2022","21:25:00","21:30:00",41,"Snack ",34,3.6,1,"motorcycle ",1,"Yes ","Urban ","Stormy","Jam ",1
"21/03/2022","11:55:00","12:10:00",30,"Meal ",34,4.9,3,"motorcycle ",1,"No ","Metropolitian ","Sandstorms","High ",0
"25/03/2022","18:10:00","18:20:00",30,"Drinks ",37,4.9,11,"scooter ",2,"No ","Metropolitian ","Fog","Medium ",0
"21/03/2022","14:35:00","14:50:00",17,"Buffet ",28,4.8,19,"scooter ",2,"No ","Urban ","Sandstorms","High ",1
"13/03/2022","9:45:00","9:55:00",11,"Snack ",29,4.8,16,"motorcycle ",1,"No ","Urban ","Cloudy","Low ",0
"7/03/2022","19:55:00","20:10:00",24,"Drinks ",27,4.5,1,"motorcycle ",0,"No ","Urban ","Stormy","Jam ",1
"1/04/2022","8:55:00","9:05:00",18,"Snack ",27,4.6,16,"motorcycle ",0,"No ","Urban ","Sunny","Low ",0
"13/02/2022","23:40:00","23:50:00",16,"Drinks ",24,4.8,19,"motorcycle ",1,"No ","Urban ","Sunny","Low ",1
"4/04/2022","19:30:00","19:40:00",21,"Snack ",23,4.8,16,"motorcycle ",0,"No ","Metropolitian ","Sunny","Jam ",1
"4/03/2022","21:25:00","21:40:00",29,"Buffet ",27,4.6,21,"motorcycle ",0,"No ","Metropolitian ","Sandstorms","Jam ",1
"17/03/2022","16:40:00","16:45:00",24,"Drinks ",20,4.9,14,"motorcycle ",1,"No ","Metropolitian ","Sandstorms","Medium ",1
"26/03/2022","11:55:00","12:00:00",26,"Snack ",35,4.8,13,"motorcycle ",1,"No ","Metropolitian ","Sandstorms","High ",1
"20/03/2022","22:35:00","22:40:00",29,"Snack ",39,4.8,1,"motorcycle ",1,"No ","Metropolitian ","Sunny","Low ",1
"31/03/2022","18:50:00","19:05:00",47,"Snack ",32,4.6,3,"motorcycle ",0,"No ","Metropolitian ","Windy","Medium ",2
"17/03/2022","8:40:00","8:50:00",19,"Snack ",21,5,23,"motorcycle ",0,"No ","Metropolitian ","Sunny","Low ",1
"7/03/2022","22:25:00","22:40:00",27,"Buffet ",39,4.1,3,"motorcycle ",0,"No ","Urban ","Windy","Low ",1
"31/03/2022","22:10:00","22:20:00",14,"Drinks ",20,4.8,2,"motorcycle ",1,"No ","Urban ","Stormy","Low ",0
"14/03/2022","22:35:00","22:45:00",31,"Buffet ",35,3.1,6,"motorcycle ",0,"No ","Metropolitian ","Sunny","Low ",0
"21/03/2022","23:40:00","23:45:00",21,"Buffet ",26,4.9,14,"scooter ",2,"No ","Metropolitian ","Sunny","Low ",0
"28/03/2022","11:25:00","11:40:00",30,"Buffet ",25,4.8,7,"scooter ",2,"No ","Metropolitian ","Cloudy","High ",1
"5/04/2022","11:20:00","11:35:00",34,"Buffet ",39,4,3,"scooter ",2,"No ","Metropolitian ","Stormy","High ",0
"28/03/2022","10:30:00","10:35:00",19,"Buffet ",30,4.7,21,"scooter ",1,"No ","Urban ","Cloudy","Low ",1
"11/02/2022","20:20:00","20:30:00",27,"Meal ",23,4.6,5,"scooter ",1,"No ","Metropolitian ","Stormy","Jam ",0
"2/03/2022","0:00:00","0:05:00",41,"Drinks ",32,4.8,16,"motorcycle ",0,"No ","Metropolitian ","Stormy","Low ",1
"13/03/2022","15:15:00","15:30:00",33,"Meal ",34,4.9,18,"motorcycle ",0,"No ","Metropolitian ","Cloudy","Medium ",1
"13/02/2022","23:10:00","23:25:00",19,"Buffet ",24,4.5,2,"motorcycle ",0,"No ","Urban ","Sunny","Low ",1
"10/03/2022","21:10:00","21:20:00",35,"Buffet ",36,4.6,16,"scooter ",1,"No ","Urban ","Fog","Jam ",1
"10/03/2022","19:40:00","19:55:00",14,"Drinks ",20,4.6,14,"scooter ",1,"No ","Metropolitian ","Sunny","Jam ",0
"10/03/2022","23:25:00","23:40:00",25,"Drinks ",20,4.8,19,"motorcycle ",1,"No ","Metropolitian ","Fog","Low ",1
"13/02/2022","17:35:00","17:50:00",19,"Meal ",30,4.9,7,"scooter ",1,"No ","Metropolitian ","Fog","Medium ",1
"1/03/2022","14:15:00","14:30:00",27,"Snack ",37,4.9,19,"motorcycle ",1,"No ","Urban ","Sandstorms","High ",1
"11/02/2022","15:55:00","16:10:00",23,"Buffet ",29,4.9,18,"motorcycle ",1,"No ","Urban ","Stormy","Medium ",0
"10/03/2022","21:20:00","21:30:00",38,"Buffet ",30,3.5,2,"scooter ",2,"No ","Metropolitian ","Windy","Jam ",0
"17/02/2022","22:35:00","22:45:00",12,"Snack ",25,4.7,4,"scooter ",1,"No ","Metropolitian ","Sandstorms","Low ",0
"30/03/2022","10:15:00","10:20:00",10,"Meal ",25,4.7,3,"motorcycle ",0,"No ","Urban ","Sunny","Low ",1
"27/03/2022","23:40:00","23:55:00",34,"Snack ",38,3.7,1,"motorcycle ",2,"No ","Urban ","Fog","Low ",0
"29/03/2022","23:25:00","23:30:00",30,"Meal ",24,4.7,4,"electric_scooter ",2,"No ","Metropolitian ","Sunny","Low ",1
"20/03/2022","17:55:00","18:05:00",39,"Meal ",37,4.7,9,"motorcycle ",0,"No ","Metropolitian ","Cloudy","Medium ",2
"4/04/2022","23:55:00","0:00:00",17,"Snack ",26,5,17,"scooter ",2,"No ","Metropolitian ","Windy","Low ",0
"21/03/2022","23:00:00","23:15:00",17,"Buffet ",37,4.9,23,"scooter ",2,"No ","Urban ","Sunny","Low ",0
"1/04/2022","11:20:00","11:30:00",13,"Drinks ",28,4.6,18,"electric_scooter ",2,"No ","Metropolitian ","Sandstorms","High ",1
"12/03/2022","17:15:00","17:20:00",39,"Meal ",36,4.8,21,"motorcycle ",1,"No ","Urban ","Fog","Medium ",1
"25/03/2022","20:55:00","21:00:00",37,"Snack ",36,4.1,3,"scooter ",1,"No ","Metropolitian ","Fog","Jam ",0
"13/03/2022","21:25:00","21:30:00",39,"Buffet ",33,4.9,15,"motorcycle ",1,"No ","Metropolitian ","Fog","Jam ",0
"9/03/2022","15:35:00","15:40:00",27,"Meal ",26,4.5,13,"motorcycle ",0,"No ","Metropolitian ","Fog","Medium ",0
"19/03/2022","11:30:00","11:45:00",22,"Drinks ",30,4.6,16,"electric_scooter ",2,"No ","Urban ","Sunny","High ",1
"23/03/2022","20:50:00","21:00:00",38,"Buffet ",26,4.9,5,"scooter ",1,"No ","Metropolitian ","Fog","Jam ",1
"5/03/2022","9:40:00","9:50:00",16,"Buffet ",23,4.6,23,"motorcycle ",2,"No ","Metropolitian ","Sandstorms","Low ",0
"13/02/2022","8:35:00","8:45:00",10,"Buffet ",20,4.9,21,"scooter ",1,"No ","Urban ","Windy","Low ",0
"31/03/2022","21:00:00","21:10:00",44,"Meal ",23,4.8,9,"motorcycle ",0,"No ","Metropolitian ","Fog","Jam ",1
"30/03/2022","12:40:00","12:45:00",23,"Buffet ",29,4.6,16,"scooter ",1,"No ","Metropolitian ","Windy","High ",0
"13/03/2022","10:35:00","10:40:00",26,"Snack ",38,4,2,"motorcycle ",0,"No ","Metropolitian ","Sandstorms","Low ",0
"12/02/2022","18:35:00","18:50:00",27,"Snack ",27,4.6,5,"scooter ",1,"No ","Metropolitian ","Stormy","Medium ",1
"1/03/2022","22:35:00","22:45:00",28,"Snack ",27,4,2,"motorcycle ",0,"No ","Metropolitian ","Windy","Low ",1
"3/04/2022","12:00:00","12:05:00",29,"Drinks ",33,4.5,7,"scooter ",2,"No ","Metropolitian ","Windy","High ",1
"4/03/2022","17:40:00","17:50:00",40,"Snack ",29,4.5,22,"motorcycle ",0,"No ","Metropolitian ","Fog","Medium ",2
"16/03/2022","22:25:00","22:30:00",32,"Meal ",33,3.1,13,"motorcycle ",0,"No ","Metropolitian ","Sunny","Low ",2
"4/04/2022","23:30:00","23:40:00",17,"Meal ",31,4.9,18,"scooter ",2,"No ","Metropolitian ","Stormy","Low ",1
"3/03/2022","22:25:00","22:40:00",28,"Buffet ",38,5,23,"motorcycle ",0,"No ","Metropolitian ","Fog","Low ",0
"23/03/2022","23:45:00","23:55:00",13,"Buffet ",29,4.5,5,"motorcycle ",1,"No ","Urban ","Sandstorms","Low ",0
"20/03/2022","21:00:00","21:10:00",43,"Snack ",33,4.2,4,"motorcycle ",0,"No ","Metropolitian ","Windy","Jam ",1
"17/02/2022","11:10:00","11:15:00",33,"Meal ",33,4.9,17,"electric_scooter ",2,"No ","Urban ","Sandstorms","High ",1
"11/03/2022","21:50:00","22:05:00",31,"Drinks ",39,4.4,18,"scooter ",2,"No ","Metropolitian ","Fog","Jam ",1
"27/03/2022","20:55:00","21:00:00",16,"Buffet ",29,4.6,18,"motorcycle ",1,"No ","Metropolitian ","Stormy","Jam ",1
"7/03/2022","9:15:00","9:20:00",24,"Buffet ",26,4.1,8,"motorcycle ",0,"No ","Metropolitian ","Stormy","Low ",0
"26/03/2022","12:55:00","13:05:00",30,"Buffet ",36,5,7,"electric_scooter ",2,"No ","Metropolitian ","Cloudy","High ",1
"26/03/2022","17:50:00","18:05:00",20,"Snack ",21,4.6,23,"motorcycle ",0,"No ","Urban ","Windy","Medium ",1
"5/04/2022","23:15:00","23:25:00",23,"Drinks ",30,4.7,18,"motorcycle ",0,"No ","Metropolitian ","Fog","Low ",1
"5/04/2022","9:35:00","9:50:00",10,"Snack ",27,4.5,16,"electric_scooter ",2,"No ","Urban ","Windy","Low ",0
"9/03/2022","22:45:00","22:50:00",13,"Meal ",22,5,9,"scooter ",2,"No ","Metropolitian ","Stormy","Low ",0
"2/03/2022","19:30:00","19:35:00",35,"Buffet ",27,4.4,5,"electric_scooter ",2,"No ","Urban ","Cloudy","Jam ",1
"30/03/2022","20:45:00","20:55:00",14,"Meal ",27,4.6,19,"motorcycle ",1,"No ","Metropolitian ","Stormy","Jam ",1
"15/03/2022","22:15:00","22:30:00",21,"Snack ",33,4.6,9,"motorcycle ",0,"No ","Metropolitian ","Sunny","Low ",1
"2/03/2022","23:15:00","23:20:00",15,"Meal ",24,4.9,13,"scooter ",1,"No ","Metropolitian ","Stormy","Low ",1
"12/03/2022","22:45:00","22:55:00",42,"Buffet ",37,4.3,9,"motorcycle ",0,"No ","Metropolitian ","Cloudy","Low ",1
"14/03/2022","23:45:00","23:50:00",16,"Drinks ",31,4.9,16,"scooter ",2,"No ","Urban ","Stormy","Low ",1
"3/04/2022","18:25:00","18:30:00",16,"Drinks ",20,4.7,23,"motorcycle ",0,"No ","Metropolitian ","Stormy","Medium ",1
"2/04/2022","21:20:00","21:35:00",27,"Drinks ",20,4.7,18,"scooter ",1,"No ","Metropolitian ","Windy","Jam ",1
"6/03/2022","23:00:00","23:10:00",28,"Snack ",39,4.6,9,"scooter ",1,"No ","Metropolitian ","Fog","Low ",1
"13/02/2022","9:35:00","9:45:00",24,"Snack ",20,4.8,6,"motorcycle ",0,"No ","Metropolitian ","Fog","Low ",1
"11/02/2022","8:40:00","8:50:00",16,"Drinks ",31,4.9,4,"scooter ",2,"No ","Metropolitian ","Fog","Low ",1
"28/03/2022","19:10:00","19:15:00",31,"Snack ",38,4.6,6,"motorcycle ",1,"No ","Metropolitian ","Fog","Jam ",1
"19/03/2022","23:00:00","23:15:00",20,"Meal ",39,4.7,22,"scooter ",2,"No ","Urban ","Stormy","Low ",1
"2/04/2022","21:50:00","22:05:00",38,"Snack ",24,4.6,15,"scooter ",1,"No ","Metropolitian ","Fog","Jam ",0
"3/04/2022","11:25:00","11:40:00",32,"Snack ",31,4.9,9,"motorcycle ",1,"No ","Metropolitian ","Fog","High ",1
"8/03/2022","23:40:00","23:45:00",13,"Drinks ",21,4.6,12,"motorcycle ",1,"No ","Metropolitian ","Windy","Low ",0
"12/02/2022","22:30:00","22:35:00",27,"Buffet ",23,4.7,15,"motorcycle ",1,"No ","Urban ","Sunny","Low ",1
"13/03/2022","21:15:00","21:30:00",44,"Drinks ",35,4.8,17,"motorcycle ",0,"No ","Metropolitian ","Stormy","Jam ",1
"5/03/2022","21:20:00","21:35:00",28,"Snack ",22,4.7,21,"motorcycle ",2,"No ","Metropolitian ","Fog","Jam ",1
"5/04/2022","18:55:00","19:10:00",32,"Buffet ",35,4.6,21,"motorcycle ",0,"No ","Metropolitian ","Fog","Medium ",0
"24/03/2022","10:10:00","10:20:00",16,"Buffet ",31,4.7,19,"motorcycle ",1,"No ","Metropolitian ","Cloudy","Low ",0
"11/03/2022","0:00:00","0:15:00",26,"Snack ",24,4.2,13,"motorcycle ",0,"No ","Metropolitian ","Windy","Low ",1
"3/04/2022","10:20:00","10:35:00",21,"Buffet ",34,5,22,"electric_scooter ",2,"No ","Metropolitian ","Stormy","Low ",1
"5/04/2022","20:15:00","20:25:00",27,"Meal ",30,4.9,23,"motorcycle ",2,"No ","Metropolitian ","Windy","Jam ",0
"7/03/2022","9:00:00","9:10:00",29,"Snack ",36,4.7,13,"motorcycle ",0,"No ","Metropolitian ","Sunny","Low ",0
"7/03/2022","10:25:00","10:35:00",26,"Drinks ",38,4.9,15,"scooter ",2,"No ","Urban ","Windy","Low ",1
"1/03/2022","8:35:00","8:40:00",13,"Snack ",20,4.7,14,"motorcycle ",0,"No ","Metropolitian ","Sunny","Low ",1
"2/04/2022","22:20:00","22:35:00",29,"Drinks ",38,4.8,18,"electric_scooter ",2,"No ","Urban ","Cloudy","Low ",1
"5/04/2022","20:35:00","20:50:00",26,"Meal ",35,4.7,15,"motorcycle ",1,"No ","Metropolitian ","Sandstorms","Jam ",0
"12/02/2022","22:45:00","22:55:00",20,"Snack ",39,4.8,6,"motorcycle ",0,"No ","Metropolitian ","Windy","Low ",1
"5/04/2022","19:35:00","19:50:00",32,"Snack ",37,4.4,4,"motorcycle ",2,"No ","Metropolitian ","Sandstorms","Jam ",1
"13/03/2022","11:00:00","11:15:00",16,"Buffet ",28,4.7,15,"motorcycle ",0,"No ","Urban ","Sunny","Low ",0
"14/03/2022","21:55:00","22:00:00",35,"Meal ",25,4.6,21,"scooter ",2,"No ","Metropolitian ","Cloudy","Jam ",1
"29/03/2022","22:50:00","22:55:00",17,"Snack ",34,4.8,9,"scooter ",2,"No ","Metropolitian ","Sunny","Low ",1
"31/03/2022","17:30:00","17:35:00",47,"Meal ",32,4.8,7,"motorcycle ",0,"No ","Metropolitian ","Stormy","Medium ",1
"8/03/2022","23:30:00","23:40:00",19,"Snack ",36,4.8,18,"electric_scooter ",2,"No ","Metropolitian ","Sandstorms","Low ",1
"30/03/2022","23:00:00","23:10:00",17,"Drinks ",25,4.9,15,"motorcycle ",0,"No ","Metropolitian ","Cloudy","Low ",1
"15/03/2022","9:20:00","9:25:00",16,"Snack ",26,4.5,16,"electric_scooter ",2,"No ","Metropolitian ","Sandstorms","Low ",0
"15/02/2022","20:00:00","20:10:00",28,"Buffet ",34,5,16,"motorcycle ",2,"No ","Urban ","Sandstorms","Jam ",1
"16/02/2022","19:40:00","19:50:00",42,"Drinks ",21,5,6,"motorcycle ",0,"No ","Metropolitian ","Stormy","Jam ",1
"6/04/2022","22:30:00","22:45:00",22,"Buffet ",28,4.9,21,"motorcycle ",0,"No ","Metropolitian ","Fog","Low ",1
"16/03/2022","21:10:00","21:15:00",47,"Drinks ",24,4.8,22,"motorcycle ",0,"No ","Urban ","Fog","Jam ",2
"29/03/2022","21:55:00","22:00:00",30,"Meal ",25,5,3,"motorcycle ",0,"No ","Metropolitian ","Sandstorms","Jam ",0
"18/02/2022","19:55:00","20:05:00",37,"Meal ",25,4.6,23,"motorcycle ",2,"No ","Urban ","Cloudy","Jam ",1
"2/04/2022","23:45:00","23:50:00",36,"Meal ",35,4.3,11,"motorcycle ",0,"No ","Metropolitian ","Cloudy","Low ",0
"28/03/2022","16:20:00","16:35:00",31,"Snack ",30,4.8,13,"motorcycle ",0,"No ","Metropolitian ","Fog","Medium ",0
"31/03/2022","19:50:00","20:00:00",16,"Buffet ",22,4.9,18,"motorcycle ",1,"No ","Urban ","Windy","Jam ",1
"30/03/2022","21:25:00","21:40:00",21,"Snack ",27,4.7,1,"scooter ",1,"No ","Urban ","Sandstorms","Jam ",0
"16/03/2022","22:10:00","22:20:00",25,"Meal ",33,5,18,"motorcycle ",0,"No ","Metropolitian ","Sunny","Low ",1
"13/02/2022","10:35:00","10:45:00",13,"Snack ",20,4.9,23,"scooter ",1,"No ","Urban ","Stormy","Low ",1
"18/02/2022","20:35:00","20:45:00",17,"Meal ",22,4.9,19,"motorcycle ",1,"No ","Urban ","Stormy","Jam ",1
"10/03/2022","20:20:00","20:35:00",22,"Drinks ",26,4.6,15,"motorcycle ",0,"No ","Metropolitian ","Sunny","Jam ",1
"15/03/2022","18:35:00","18:45:00",19,"Buffet ",25,4.7,19,"scooter ",1,"No ","Metropolitian ","Sunny","Medium ",1
"2/04/2022","20:10:00","20:25:00",38,"Meal ",28,4.6,2,"motorcycle ",0,"No ","Metropolitian ","Cloudy","Jam ",2
"12/02/2022","19:40:00","19:45:00",33,"Meal ",34,4.5,6,"scooter ",2,"No ","Metropolitian ","Sunny","Jam ",1
"2/03/2022","22:45:00","22:55:00",19,"Drinks ",33,4.7,12,"scooter ",2,"No ","Metropolitian ","Stormy","Low ",0
"6/04/2022","21:10:00","21:15:00",21,"Meal ",26,4.5,6,"motorcycle ",1,"No ","Metropolitian ","Sandstorms","Jam ",0
"12/03/2022","19:15:00","19:30:00",33,"Snack ",30,3.8,4,"scooter ",1,"No ","Metropolitian ","Windy","Jam ",1
"26/03/2022","19:45:00","20:00:00",22,"Buffet ",29,4.7,14,"motorcycle ",0,"No ","Metropolitian ","Cloudy","Jam ",1
"6/04/2022","22:45:00","22:50:00",27,"Snack ",35,5,15,"scooter ",1,"No ","Metropolitian ","Cloudy","Low ",1
"16/03/2022","22:15:00","22:30:00",40,"Buffet ",38,4.8,13,"motorcycle ",0,"No ","Metropolitian ","Fog","Low ",1
"5/03/2022","16:55:00","17:05:00",37,"Buffet ",36,4.3,9,"motorcycle ",0,"No ","Metropolitian ","Stormy","Medium ",2
"1/04/2022","14:15:00","14:20:00",28,"Drinks ",39,4.5,23,"motorcycle ",1,"No ","Metropolitian ","Stormy","High ",1
"12/03/2022","20:50:00","20:55:00",29,"Meal ",20,4.9,23,"motorcycle ",1,"No ","Metropolitian ","Windy","Jam ",1
"26/03/2022","22:00:00","22:05:00",24,"Meal ",28,4.8,17,"scooter ",1,"No ","Metropolitian ","Windy","Jam ",1
"11/02/2022","11:45:00","12:00:00",21,"Drinks ",37,4.5,5,"motorcycle ",0,"No ","Metropolitian ","Sunny","High ",1
"18/02/2022","23:40:00","23:45:00",27,"Meal ",37,4.6,7,"motorcycle ",0,"No ","Metropolitian ","Fog","Low ",1
"5/03/2022","23:30:00","23:40:00",19,"Meal ",29,4.9,22,"motorcycle ",2,"No ","Metropolitian ","Stormy","Low ",1
"12/03/2022","17:35:00","17:50:00",28,"Snack ",28,4.5,14,"motorcycle ",0,"No ","Metropolitian ","Sandstorms","Medium ",1
"4/04/2022","18:45:00","18:50:00",20,"Meal ",29,4.9,19,"scooter ",2,"No ","Metropolitian ","Sandstorms","Medium ",0
"12/02/2022","21:50:00","22:00:00",29,"Drinks ",34,4.7,7,"motorcycle ",0,"No ","Metropolitian ","Sunny","Jam ",1
"8/03/2022","19:10:00","19:25:00",21,"Meal ",20,4.9,23,"motorcycle ",1,"No ","Metropolitian ","Windy","Jam ",0
"1/04/2022","11:30:00","11:40:00",25,"Drinks ",24,4.9,19,"motorcycle ",0,"No ","Metropolitian ","Cloudy","High ",1
"11/02/2022","20:00:00","20:10:00",21,"Drinks ",24,5,8,"scooter ",2,"No ","Metropolitian ","Stormy","Jam ",0
"30/03/2022","11:40:00","11:55:00",25,"Snack ",31,5,15,"motorcycle ",1,"No ","Metropolitian ","Cloudy","High ",1
"19/03/2022","20:50:00","21:00:00",33,"Snack ",37,4.6,12,"motorcycle ",0,"No ","Metropolitian ","Cloudy","Jam ",1
"19/03/2022","18:55:00","19:00:00",17,"Drinks ",25,4.9,2,"motorcycle ",2,"No ","Metropolitian ","Fog","Medium ",1
"5/04/2022","10:00:00","10:10:00",23,"Snack ",25,4.1,6,"motorcycle ",0,"No ","Metropolitian ","Windy","Low ",1
"25/03/2022","19:30:00","19:40:00",39,"Snack ",25,4.3,5,"electric_scooter ",2,"No ","Metropolitian ","Cloudy","Jam ",1
"6/04/2022","21:20:00","21:35:00",36,"Snack ",30,4.7,19,"motorcycle ",1,"No ","Metropolitian ","Cloudy","Jam ",0
"1/03/2022","15:40:00","15:55:00",25,"Meal ",37,4.7,22,"motorcycle ",1,"No ","Metropolitian ","Stormy","Medium ",1
"2/04/2022","0:00:00","0:05:00",41,"Drinks ",22,3.5,11,"scooter ",2,"Yes ","Metropolitian ","Sunny","Low ",1
"25/03/2022","22:15:00","22:25:00",26,"Meal ",32,4.6,18,"motorcycle ",0,"No ","Urban ","Sandstorms","Low ",0
"24/03/2022","9:10:00","9:15:00",15,"Meal ",34,4.9,18,"scooter ",1,"No ","Metropolitian ","Fog","Low ",0
"28/03/2022","11:35:00","11:45:00",25,"Drinks ",22,4.7,23,"scooter ",2,"No ","Metropolitian ","Windy","High ",1
"31/03/2022","17:50:00","18:00:00",35,"Meal ",39,4.8,8,"motorcycle ",0,"No ","Metropolitian ","Fog","Medium ",1
"20/03/2022","20:25:00","20:40:00",36,"Drinks ",35,4.4,3,"scooter ",1,"No ","Metropolitian ","Fog","Jam ",1
"31/03/2022","18:10:00","18:15:00",27,"Drinks ",23,4.5,16,"scooter ",1,"No ","Metropolitian ","Fog","Medium ",1
"12/03/2022","17:25:00","17:30:00",43,"Meal ",33,4.7,15,"motorcycle ",0,"No ","Metropolitian ","Stormy","Medium ",0
"17/03/2022","9:20:00","9:35:00",20,"Buffet ",30,4.8,22,"motorcycle ",1,"No ","Urban ","Windy","Low ",0
"10/03/2022","22:25:00","22:30:00",17,"Snack ",24,4.6,15,"electric_scooter ",2,"No ","Metropolitian ","Sandstorms","Low ",0
"20/03/2022","0:00:00","0:15:00",26,"Drinks ",22,4.9,22,"electric_scooter ",2,"No ","Metropolitian ","Sunny","Low ",1
"3/03/2022","10:40:00","10:55:00",18,"Buffet ",21,4.4,9,"motorcycle ",0,"No ","Metropolitian ","Stormy","Low ",1
"19/03/2022","20:50:00","20:55:00",33,"Meal ",25,4,19,"scooter ",2,"No ","Metropolitian ","Fog","Jam ",1
"11/02/2022","18:25:00","18:30:00",28,"Drinks ",37,4.7,4,"motorcycle ",1,"No ","Metropolitian ","Windy","Medium ",1
"3/03/2022","17:00:00","17:15:00",19,"Meal ",36,5,22,"electric_scooter ",2,"No ","Metropolitian ","Sunny","Medium ",0
"18/03/2022","18:10:00","18:25:00",34,"Snack ",27,5,21,"motorcycle ",0,"No ","Metropolitian ","Sandstorms","Medium ",1
"21/03/2022","9:40:00","9:55:00",15,"Drinks ",34,4.8,17,"scooter ",1,"No ","Metropolitian ","Cloudy","Low ",1
"21/03/2022","19:15:00","19:20:00",28,"Drinks ",20,5,19,"motorcycle ",0,"No ","Metropolitian ","Stormy","Jam ",1
"24/03/2022","12:35:00","12:45:00",16,"Buffet ",25,4.9,15,"motorcycle ",0,"No ","Urban ","Stormy","High ",1
"2/03/2022","20:35:00","20:45:00",23,"Buffet ",26,4.6,12,"motorcycle ",2,"No ","Metropolitian ","Stormy","Jam ",1
"2/03/2022","19:50:00","19:55:00",17,"Meal ",21,4.9,21,"motorcycle ",1,"No ","Metropolitian ","Windy","Jam ",1
"11/02/2022","9:30:00","9:45:00",22,"Snack ",34,4.6,23,"motorcycle ",2,"No ","Urban ","Windy","Low ",1
"27/03/2022","23:15:00","23:30:00",20,"Snack ",30,4.9,14,"scooter ",2,"No ","Metropolitian ","Windy","Low ",0
"23/03/2022","23:00:00","23:10:00",35,"Meal ",32,3.7,6,"scooter ",2,"No ","Metropolitian ","Fog","Low ",1
"4/04/2022","21:25:00","21:30:00",36,"Buffet ",24,4.7,7,"motorcycle ",1,"No ","Metropolitian ","Cloudy","Jam ",1
"5/04/2022","18:45:00","18:55:00",25,"Buffet ",21,4.7,18,"scooter ",1,"No ","Metropolitian ","Sandstorms","Medium ",1
"4/04/2022","20:30:00","20:40:00",27,"Drinks ",21,4.7,18,"scooter ",2,"No ","Metropolitian ","Windy","Jam ",1
"4/03/2022","19:15:00","19:20:00",30,"Meal ",37,4.6,21,"scooter ",2,"No ","Metropolitian ","Sunny","Jam ",1
"9/03/2022","8:25:00","8:30:00",15,"Buffet ",20,4.6,17,"motorcycle ",1,"No ","Metropolitian ","Windy","Low ",1
"15/02/2022","21:30:00","21:45:00",26,"Snack ",37,4.5,6,"motorcycle ",0,"No ","Metropolitian ","Stormy","Jam ",1
"10/03/2022","23:00:00","23:15:00",29,"Drinks ",34,4.6,13,"motorcycle ",0,"No ","Metropolitian ","Windy","Low ",1
"14/02/2022","21:40:00","21:55:00",29,"Snack ",20,4.6,15,"motorcycle ",2,"No ","Urban ","Windy","Jam ",1
"3/04/2022","21:40:00","21:55:00",28,"Buffet ",26,4.9,19,"motorcycle ",0,"No ","Metropolitian ","Stormy","Jam ",1
"13/03/2022","12:50:00","12:55:00",53,"Meal ",25,4.3,9,"motorcycle ",0,"No ","Metropolitian ","Sunny","High ",2
"26/03/2022","21:00:00","21:15:00",32,"Meal ",34,4.1,6,"scooter ",1,"No ","Metropolitian ","Sandstorms","Jam ",1
"1/03/2022","21:25:00","21:40:00",34,"Meal ",28,4,4,"motorcycle ",0,"No ","Metropolitian ","Sandstorms","Jam ",1
"1/04/2022","9:25:00","9:35:00",24,"Snack ",32,4.6,2,"motorcycle ",2,"No ","Urban ","Stormy","Low ",1
"13/02/2022","9:45:00","9:55:00",20,"Drinks ",38,4.4,9,"motorcycle ",0,"No ","Metropolitian ","Sandstorms","Low ",1
"12/03/2022","22:45:00","23:00:00",35,"Snack ",31,5,21,"motorcycle ",0,"No ","Metropolitian ","Fog","Low ",1
"10/03/2022","22:25:00","22:35:00",13,"Buffet ",27,4.7,22,"electric_scooter ",2,"No ","Metropolitian ","Windy","Low ",1
"6/04/2022","17:30:00","17:40:00",25,"Snack ",23,4.9,23,"scooter ",1,"No ","Metropolitian ","Fog","Medium ",0
"16/03/2022","20:10:00","20:15:00",29,"Drinks ",39,4.7,15,"scooter ",2,"No ","Metropolitian ","Stormy","Jam ",1
"15/02/2022","11:20:00","11:25:00",41,"Drinks ",32,4.3,8,"motorcycle ",0,"No ","Metropolitian ","Sandstorms","High ",1
"8/03/2022","20:25:00","20:35:00",11,"Snack ",20,4.9,14,"scooter ",2,"No ","Metropolitian ","Sunny","Jam ",1
"12/02/2022","19:00:00","19:15:00",29,"Snack ",29,4.7,17,"scooter ",2,"No ","Urban ","Cloudy","Medium ",1
"15/02/2022","19:10:00","19:15:00",31,"Drinks ",20,4.9,6,"scooter ",2,"No ","Metropolitian ","Stormy","Jam ",1
"16/02/2022","19:55:00","20:00:00",41,"Snack ",24,4.3,8,"scooter ",2,"Yes ","Metropolitian ","Fog","Jam ",0
"18/02/2022","19:30:00","19:40:00",54,"Snack ",38,4.8,2,"motorcycle ",0,"No ","Metropolitian ","Fog","Jam ",2
"14/03/2022","21:30:00","21:45:00",29,"Meal ",29,5,9,"motorcycle ",0,"No ","Metropolitian ","Sunny","Jam ",1
"16/02/2022","21:00:00","21:15:00",26,"Snack ",24,4.6,3,"scooter ",1,"No ","Metropolitian ","Sandstorms","Jam ",1
"10/03/2022","20:00:00","20:05:00",37,"Drinks ",26,4.8,15,"motorcycle ",0,"No ","Metropolitian ","Cloudy","Jam ",0
"13/02/2022","16:20:00","16:30:00",29,"Drinks ",23,4.7,2,"motorcycle ",0,"No ","Metropolitian ","Stormy","Medium ",1
"5/04/2022","17:40:00","17:45:00",20,"Drinks ",23,4.6,23,"motorcycle ",0,"No ","Urban ","Stormy","Medium ",0
"20/03/2022","21:10:00","21:15:00",29,"Drinks ",21,4.9,13,"motorcycle ",0,"No ","Metropolitian ","Stormy","Jam ",1
"11/03/2022","18:40:00","18:45:00",12,"Buffet ",24,4.8,18,"scooter ",1,"No ","Urban ","Cloudy","Medium ",0
"25/03/2022","18:15:00","18:25:00",26,"Drinks ",32,4.9,16,"scooter ",2,"No ","Metropolitian ","Sunny","Medium ",1
"18/03/2022","17:35:00","17:45:00",32,"Snack ",37,4.6,16,"motorcycle ",1,"No ","Urban ","Cloudy","Medium ",1
"15/03/2022","22:40:00","22:55:00",22,"Snack ",22,4.4,14,"motorcycle ",0,"No ","Metropolitian ","Sandstorms","Low ",1
"12/03/2022","21:20:00","21:30:00",31,"Meal ",36,3.9,4,"scooter ",2,"No ","Metropolitian ","Sandstorms","Jam ",1
"13/02/2022","18:25:00","18:40:00",16,"Meal ",23,4.8,2,"motorcycle ",0,"No ","Metropolitian ","Sunny","Medium ",0
"15/03/2022","23:45:00","0:00:00",18,"Snack ",30,4.7,18,"electric_scooter ",2,"No ","Metropolitian ","Fog","Low ",1
"9/03/2022","17:20:00","17:35:00",26,"Meal ",34,4.5,16,"motorcycle ",0,"No ","Metropolitian ","Cloudy","Medium ",1
"7/03/2022","11:55:00","12:05:00",26,"Drinks ",36,4.6,17,"motorcycle ",0,"No ","Metropolitian ","Fog","High ",1
"4/04/2022","22:10:00","22:25:00",21,"Meal ",26,4.6,22,"motorcycle ",0,"No ","Metropolitian ","Cloudy","Low ",1
"18/03/2022","22:20:00","22:25:00",23,"Snack ",25,4.8,2,"scooter ",2,"No ","Metropolitian ","Fog","Low ",1
"15/03/2022","19:50:00","20:00:00",24,"Meal ",33,4.7,21,"motorcycle ",2,"No ","Metropolitian ","Sunny","Jam ",1
"21/03/2022","11:45:00","11:55:00",25,"Meal ",25,4.5,17,"motorcycle ",0,"No ","Metropolitian ","Cloudy","High ",0
"17/03/2022","14:00:00","14:05:00",38,"Buffet ",39,5,16,"motorcycle ",0,"No ","Metropolitian ","Windy","High ",0
"2/04/2022","21:00:00","21:10:00",39,"Snack ",23,4.1,5,"motorcycle ",0,"Yes ","Metropolitian ","Stormy","Jam ",0
"3/04/2022","21:40:00","21:45:00",26,"Drinks ",39,4.7,18,"scooter ",2,"No ","Metropolitian ","Sandstorms","Jam ",0
"10/03/2022","18:30:00","18:35:00",30,"Buffet ",33,5,17,"scooter ",1,"No ","Metropolitian ","Fog","Medium ",0
"5/03/2022","22:20:00","22:25:00",23,"Buffet ",38,4.1,5,"motorcycle ",0,"No ","Metropolitian ","Sunny","Low ",1
"18/03/2022","21:50:00","22:05:00",35,"Meal ",29,4.3,18,"motorcycle ",0,"No ","Metropolitian ","Windy","Jam ",0
"5/03/2022","9:20:00","9:25:00",15,"Drinks ",34,4.6,19,"scooter ",2,"No ","Metropolitian ","Sunny","Low ",1
"6/03/2022","21:15:00","21:25:00",46,"Snack ",34,4.4,22,"motorcycle ",0,"Yes ","Metropolitian ","Stormy","Jam ",2
"2/04/2022","17:25:00","17:30:00",24,"Buffet ",29,4.8,18,"motorcycle ",0,"No ","Metropolitian ","Sunny","Medium ",1
"12/03/2022","19:55:00","20:10:00",27,"Meal ",33,4.6,15,"motorcycle ",1,"No ","Metropolitian ","Sandstorms","Jam ",1
"6/04/2022","19:00:00","19:10:00",34,"Meal ",34,4.4,18,"scooter ",2,"No ","Urban ","Fog","Medium ",1
"12/03/2022","22:30:00","22:45:00",27,"Buffet ",24,4.8,18,"scooter ",1,"No ","Metropolitian ","Fog","Low ",1
"17/02/2022","17:20:00","17:25:00",36,"Buffet ",32,4.6,6,"motorcycle ",0,"No ","Metropolitian ","Windy","Medium ",1
"21/03/2022","8:35:00","8:40:00",20,"Snack ",39,4.8,18,"scooter ",1,"No ","Metropolitian ","Windy","Low ",1
"26/03/2022","10:45:00","10:50:00",26,"Drinks ",39,4.5,19,"motorcycle ",0,"No ","Metropolitian ","Sandstorms","Low ",1
"3/03/2022","19:30:00","19:45:00",17,"Buffet ",28,4.8,22,"electric_scooter ",2,"No ","Metropolitian ","Windy","Jam ",0
"15/02/2022","10:55:00","11:10:00",10,"Buffet ",30,4.8,5,"motorcycle ",1,"No ","Metropolitian ","Sunny","Low ",1
"16/02/2022","18:45:00","18:50:00",39,"Meal ",32,3.7,15,"motorcycle ",2,"No ","Metropolitian ","Windy","Medium ",2
"6/04/2022","17:30:00","17:45:00",31,"Drinks ",38,4.7,19,"motorcycle ",0,"No ","Urban ","Stormy","Medium ",1
"12/03/2022","18:40:00","18:50:00",22,"Meal ",24,4.6,13,"motorcycle ",1,"No ","Metropolitian ","Sandstorms","Medium ",0
"13/03/2022","12:20:00","12:25:00",15,"Snack ",23,4.5,21,"motorcycle ",0,"No ","Metropolitian ","Stormy","High ",1
"14/02/2022","17:10:00","17:20:00",19,"Buffet ",33,4.8,9,"scooter ",2,"No ","Metropolitian ","Sunny","Medium ",1
"23/03/2022","17:45:00","17:55:00",30,"Snack ",21,4.6,3,"scooter ",2,"No ","Metropolitian ","Fog","Medium ",1
"6/03/2022","19:15:00","19:25:00",24,"Snack ",21,4.7,9,"scooter ",1,"No ","Metropolitian ","Sandstorms","Jam ",1
"8/03/2022","21:45:00","22:00:00",50,"Snack ",36,4.2,7,"motorcycle ",0,"No ","Metropolitian ","Windy","Jam ",1
"18/02/2022","22:55:00","23:10:00",30,"Drinks ",28,4.7,5,"motorcycle ",1,"No ","Metropolitian ","Sandstorms","Low ",1
"18/03/2022","21:00:00","21:05:00",37,"Snack ",39,4.4,17,"scooter ",1,"No ","Metropolitian ","Windy","Jam ",2
"18/03/2022","21:20:00","21:25:00",29,"Snack ",39,4.6,1,"electric_scooter ",2,"No ","Metropolitian ","Sunny","Jam ",1
"18/03/2022","18:35:00","18:45:00",37,"Snack ",27,4.9,18,"motorcycle ",0,"No ","Metropolitian ","Fog","Medium ",0
"1/03/2022","11:40:00","11:45:00",27,"Snack ",22,4.7,9,"scooter ",1,"No ","Metropolitian ","Windy","High ",1
"10/03/2022","20:50:00","21:00:00",43,"Snack ",32,4.4,12,"electric_scooter ",2,"No ","Metropolitian ","Windy","Jam ",1
"31/03/2022","22:20:00","22:30:00",25,"Meal ",33,4.7,18,"electric_scooter ",2,"No ","Metropolitian ","Sandstorms","Low ",0
"30/03/2022","16:30:00","16:35:00",24,"Buffet ",26,4.9,23,"motorcycle ",2,"No ","Metropolitian ","Stormy","Medium ",0
"20/03/2022","19:10:00","19:20:00",26,"Meal ",25,4.8,15,"electric_scooter ",2,"No ","Urban ","Stormy","Jam ",0
"29/03/2022","22:30:00","22:45:00",18,"Buffet ",25,4.6,22,"motorcycle ",0,"No ","Metropolitian ","Sandstorms","Low ",1
"29/03/2022","20:55:00","21:05:00",41,"Snack ",36,3.6,11,"motorcycle ",1,"No ","Metropolitian ","Windy","Jam ",0
"19/03/2022","13:55:00","14:00:00",36,"Snack ",31,4.9,13,"motorcycle ",0,"No ","Metropolitian ","Windy","High ",1
"24/03/2022","12:35:00","12:45:00",39,"Buffet ",34,4.3,7,"motorcycle ",1,"No ","Metropolitian ","Fog","High ",0
"15/02/2022","11:25:00","11:30:00",44,"Buffet ",20,3.9,19,"motorcycle ",0,"Yes ","Metropolitian ","Sunny","High ",1
"16/03/2022","21:40:00","21:55:00",11,"Drinks ",24,4.7,12,"electric_scooter ",2,"No ","Metropolitian ","Sunny","Jam ",0
"5/04/2022","13:15:00","13:30:00",33,"Buffet ",37,4.9,21,"motorcycle ",1,"No ","Metropolitian ","Sandstorms","High ",1
"2/04/2022","19:20:00","19:25:00",29,"Buffet ",39,4.8,11,"scooter ",1,"No ","Metropolitian ","Stormy","Jam ",1
"10/03/2022","22:10:00","22:15:00",17,"Drinks ",38,4.8,15,"scooter ",2,"No ","Urban ","Stormy","Low ",1
"17/02/2022","11:10:00","11:20:00",33,"Snack ",29,4.8,5,"motorcycle ",2,"No ","Metropolitian ","Sandstorms","High ",1
"18/03/2022","19:15:00","19:30:00",36,"Buffet ",37,4.5,23,"scooter ",2,"No ","Metropolitian ","Sandstorms","Jam ",1
"16/03/2022","23:55:00","0:00:00",32,"Buffet ",22,2.7,3,"motorcycle ",1,"No ","Metropolitian ","Sunny","Low ",1
"18/03/2022","21:30:00","21:40:00",44,"Meal ",39,3.8,17,"scooter ",1,"No ","Metropolitian ","Sandstorms","Jam ",0
"17/03/2022","23:25:00","23:30:00",19,"Meal ",34,4.6,6,"scooter ",2,"No ","Metropolitian ","Fog","Low ",0
"9/03/2022","8:25:00","8:40:00",19,"Meal ",37,4.6,22,"scooter ",2,"No ","Metropolitian ","Fog","Low ",0
"8/03/2022","20:25:00","20:35:00",40,"Snack ",38,4.3,4,"motorcycle ",1,"No ","Urban ","Stormy","Jam ",1
"11/02/2022","16:50:00","16:55:00",29,"Snack ",33,4.6,22,"motorcycle ",1,"No ","Urban ","Stormy","Medium ",0
"7/03/2022","8:30:00","8:35:00",18,"Snack ",26,4.8,18,"scooter ",2,"No ","Metropolitian ","Stormy","Low ",0
"24/03/2022","16:45:00","17:00:00",17,"Buffet ",36,4.5,5,"motorcycle ",1,"No ","Urban ","Sunny","Medium ",1
"1/04/2022","9:20:00","9:25:00",15,"Snack ",20,4.7,1,"motorcycle ",1,"No ","Urban ","Stormy","Low ",1
"15/02/2022","11:30:00","11:35:00",36,"Snack ",30,4.9,4,"motorcycle ",0,"No ","Metropolitian ","Windy","High ",1
"26/03/2022","11:15:00","11:30:00",24,"Meal ",39,4.5,22,"motorcycle ",1,"No ","Metropolitian ","Sunny","High ",1
"11/02/2022","9:55:00","10:05:00",17,"Meal ",29,4.9,17,"scooter ",2,"No ","Urban ","Sunny","Low ",1
"3/04/2022","10:50:00","11:05:00",25,"Meal ",35,4.2,18,"motorcycle ",0,"No ","Metropolitian ","Sandstorms","Low ",1
"12/02/2022","20:30:00","20:40:00",41,"Drinks ",37,3.6,13,"scooter ",1,"No ","Metropolitian ","Stormy","Jam ",0
"11/03/2022","19:45:00","19:50:00",24,"Drinks ",30,4.9,15,"motorcycle ",1,"No ","Metropolitian ","Sunny","Jam ",1
"20/03/2022","23:00:00","23:05:00",16,"Buffet ",28,4.8,13,"scooter ",2,"No ","Metropolitian ","Sandstorms","Low ",0
"5/04/2022","11:00:00","11:15:00",19,"Buffet ",25,4.8,23,"motorcycle ",1,"No ","Metropolitian ","Windy","Low ",1
"30/03/2022","18:10:00","18:25:00",28,"Snack ",26,4.8,19,"motorcycle ",0,"No ","Metropolitian ","Stormy","Medium ",1
"5/03/2022","0:00:00","0:15:00",29,"Drinks ",31,4.6,15,"scooter ",2,"No ","Urban ","Stormy","Low ",1
"6/03/2022","18:45:00","19:00:00",43,"Drinks ",38,4.7,15,"motorcycle ",0,"No ","Urban ","Stormy","Medium ",2
"23/03/2022","21:40:00","21:50:00",33,"Meal ",38,3.8,1,"motorcycle ",1,"No ","Metropolitian ","Sunny","Jam ",0
"1/04/2022","9:30:00","9:40:00",21,"Meal ",24,4.1,21,"motorcycle ",0,"No ","Metropolitian ","Stormy","Low ",1
"27/03/2022","18:50:00","19:05:00",29,"Drinks ",24,4.8,1,"motorcycle ",2,"No ","Metropolitian ","Stormy","Medium ",0
"15/02/2022","19:20:00","19:35:00",17,"Meal ",33,4.8,6,"motorcycle ",1,"No ","Metropolitian ","Sunny","Jam ",1
"27/03/2022","19:15:00","19:25:00",45,"Snack ",33,4.2,5,"scooter ",2,"No ","Metropolitian ","Cloudy","Jam ",1
"16/02/2022","23:45:00","23:55:00",23,"Drinks ",25,4.6,4,"motorcycle ",0,"No ","Metropolitian ","Fog","Low ",1
"5/04/2022","19:20:00","19:35:00",15,"Snack ",23,4.8,16,"scooter ",1,"No ","Urban ","Windy","Jam ",1
"14/02/2022","23:15:00","23:30:00",25,"Meal ",34,5,8,"motorcycle ",2,"No ","Metropolitian ","Stormy","Low ",0
"10/03/2022","19:50:00","20:05:00",51,"Buffet ",32,4.6,16,"motorcycle ",0,"Yes ","Metropolitian ","Cloudy","Jam ",2
"14/03/2022","19:35:00","19:50:00",20,"Snack ",33,4.7,18,"scooter ",2,"No ","Urban ","Sunny","Jam ",0
"6/03/2022","19:30:00","19:40:00",39,"Buffet ",22,4.9,15,"motorcycle ",0,"No ","Metropolitian ","Windy","Jam ",2
"15/02/2022","22:15:00","22:20:00",18,"Drinks ",29,4.9,5,"motorcycle ",0,"No ","Metropolitian ","Stormy","Low ",1
"11/03/2022","18:25:00","18:40:00",28,"Drinks ",37,4.7,18,"motorcycle ",0,"No ","Urban ","Stormy","Medium ",1
"13/03/2022","8:40:00","8:55:00",17,"Meal ",20,4.3,22,"motorcycle ",0,"No ","Metropolitian ","Windy","Low ",1
"19/03/2022","18:00:00","18:15:00",20,"Drinks ",24,4.9,19,"scooter ",1,"No ","Urban ","Stormy","Medium ",1
"4/04/2022","22:20:00","22:35:00",23,"Buffet ",36,4.6,23,"scooter ",2,"No ","Metropolitian ","Stormy","Low ",1
"3/03/2022","17:55:00","18:05:00",31,"Drinks ",30,4.7,19,"scooter ",2,"No ","Metropolitian ","Windy","Medium ",1
"18/02/2022","20:30:00","20:35:00",31,"Snack ",37,3.6,14,"scooter ",2,"No ","Metropolitian ","Sandstorms","Jam ",1
"8/03/2022","21:15:00","21:20:00",22,"Buffet ",26,4.9,19,"motorcycle ",1,"No ","Metropolitian ","Sandstorms","Jam ",0
"2/03/2022","18:35:00","18:45:00",34,"Buffet ",33,3.9,1,"scooter ",2,"No ","Urban ","Stormy","Medium ",1
"27/03/2022","19:20:00","19:35:00",24,"Drinks ",28,4.9,17,"scooter ",2,"No ","Metropolitian ","Windy","Jam ",1
"1/04/2022","9:30:00","9:45:00",25,"Drinks ",26,4.5,23,"motorcycle ",0,"No ","Metropolitian ","Sandstorms","Low ",1
"1/04/2022","19:40:00","19:45:00",30,"Buffet ",36,4.7,17,"electric_scooter ",2,"No ","Urban ","Fog","Jam ",0
"11/03/2022","19:15:00","19:25:00",29,"Drinks ",29,4.8,12,"scooter ",1,"No ","Metropolitian ","Cloudy","Jam ",1
"30/03/2022","11:45:00","12:00:00",41,"Buffet ",33,4.1,6,"motorcycle ",0,"No ","Metropolitian ","Stormy","High ",1
"16/03/2022","17:10:00","17:15:00",36,"Snack ",37,4.7,21,"motorcycle ",0,"No ","Metropolitian ","Sunny","Medium ",1
"24/03/2022","23:45:00","0:00:00",15,"Drinks ",30,4.7,16,"motorcycle ",1,"No ","Metropolitian ","Sunny","Low ",0
"15/03/2022","8:10:00","8:15:00",15,"Drinks ",22,4.8,9,"electric_scooter ",2,"No ","Metropolitian ","Sunny","Low ",1
"26/03/2022","8:25:00","8:40:00",17,"Meal ",36,4.6,17,"motorcycle ",1,"No ","Metropolitian ","Cloudy","Low ",1
"23/03/2022","23:55:00","0:00:00",26,"Meal ",23,4.7,13,"electric_scooter ",2,"No ","Metropolitian ","Fog","Low ",0
"16/03/2022","17:15:00","17:20:00",26,"Meal ",29,4.8,17,"scooter ",1,"No ","Urban ","Stormy","Medium ",1
"11/02/2022","10:55:00","11:00:00",15,"Drinks ",31,4.9,2,"electric_scooter ",2,"No ","Metropolitian ","Fog","Low ",1
"24/03/2022","17:45:00","17:50:00",29,"Snack ",35,4.8,9,"scooter ",1,"No ","Metropolitian ","Stormy","Medium ",1
"24/03/2022","22:20:00","22:35:00",24,"Drinks ",29,5,18,"electric_scooter ",2,"No ","Urban ","Sunny","Low ",0
"18/02/2022","22:55:00","23:00:00",40,"Drinks ",37,4.3,6,"motorcycle ",0,"No ","Metropolitian ","Stormy","Low ",0
"17/02/2022","11:30:00","11:35:00",34,"Snack ",22,4.2,3,"motorcycle ",1,"No ","Metropolitian ","Fog","High ",1
"7/03/2022","20:15:00","20:25:00",19,"Snack ",23,4.9,22,"scooter ",1,"No ","Metropolitian ","Sunny","Jam ",1
"4/04/2022","22:20:00","22:30:00",25,"Meal ",21,4.8,23,"motorcycle ",0,"No ","Metropolitian ","Sunny","Low ",1
"15/03/2022","8:40:00","8:45:00",24,"Buffet ",25,4,6,"motorcycle ",0,"No ","Metropolitian ","Stormy","Low ",1
"3/04/2022","16:10:00","16:15:00",17,"Meal ",25,4.6,18,"scooter ",1,"No ","Metropolitian ","Cloudy","Medium ",1
"14/02/2022","19:20:00","19:35:00",49,"Buffet ",37,4,1,"motorcycle ",0,"No ","Semi-Urban ","Stormy","Jam ",3
"29/03/2022","20:55:00","21:00:00",28,"Drinks ",27,4.8,12,"motorcycle ",0,"No ","Metropolitian ","Windy","Jam ",1
"25/03/2022","17:25:00","17:30:00",34,"Meal ",27,4.2,8,"scooter ",2,"No ","Metropolitian ","Fog","Medium ",1
"15/03/2022","18:55:00","19:05:00",23,"Snack ",27,4.7,16,"motorcycle ",1,"No ","Metropolitian ","Sandstorms","Medium ",0
"17/02/2022","10:20:00","10:25:00",28,"Drinks ",30,4.8,8,"electric_scooter ",2,"No ","Metropolitian ","Sandstorms","Low ",1
"31/03/2022","18:40:00","18:50:00",37,"Snack ",26,4.9,3,"motorcycle ",0,"No ","Metropolitian ","Fog","Medium ",1
"12/03/2022","18:55:00","19:05:00",36,"Drinks ",29,4,7,"motorcycle ",0,"No ","Metropolitian ","Windy","Medium ",1
"29/03/2022","23:15:00","23:20:00",25,"Drinks ",38,4.6,19,"motorcycle ",0,"No ","Metropolitian ","Windy","Low ",1
"18/03/2022","17:15:00","17:20:00",39,"Snack ",20,4.2,23,"motorcycle ",0,"No ","Metropolitian ","Windy","Medium ",1
"17/03/2022","14:15:00","14:25:00",30,"Snack ",38,4.8,23,"scooter ",2,"No ","Metropolitian ","Windy","High ",1
"3/04/2022","17:35:00","17:50:00",17,"Snack ",21,4.8,23,"motorcycle ",0,"No ","Urban ","Sunny","Medium ",0
"4/04/2022","23:45:00","23:50:00",12,"Meal ",29,4.8,18,"scooter ",2,"No ","Urban ","Sandstorms","Low ",0
"29/03/2022","17:15:00","17:20:00",38,"Snack ",20,5,7,"electric_scooter ",2,"No ","Metropolitian ","Fog","Medium ",1
"12/02/2022","21:20:00","21:35:00",53,"Drinks ",37,4.5,7,"motorcycle ",0,"Yes ","Metropolitian ","Stormy","Jam ",1
"12/03/2022","23:50:00","0:05:00",36,"Snack ",33,3.6,1,"scooter ",1,"No ","Urban ","Fog","Low ",1
"3/04/2022","19:35:00","19:45:00",12,"Buffet ",23,4.7,23,"scooter ",1,"No ","Metropolitian ","Sandstorms","Jam ",0
"6/04/2022","21:45:00","22:00:00",30,"Buffet ",23,4.6,21,"electric_scooter ",2,"No ","Metropolitian ","Fog","Jam ",0
"2/03/2022","18:20:00","18:25:00",30,"Buffet ",30,4.7,18,"motorcycle ",1,"No ","Urban ","Sandstorms","Medium ",1
"14/03/2022","18:30:00","18:40:00",41,"Meal ",25,5,17,"motorcycle ",0,"No ","Urban ","Cloudy","Medium ",2
"3/03/2022","19:55:00","20:00:00",26,"Buffet ",34,4.6,12,"motorcycle ",0,"No ","Metropolitian ","Fog","Jam ",0
"1/03/2022","22:15:00","22:20:00",14,"Meal ",20,4.9,23,"motorcycle ",2,"No ","Urban ","Fog","Low ",0
"1/03/2022","23:50:00","0:00:00",21,"Snack ",25,4.6,9,"motorcycle ",0,"No ","Metropolitian ","Fog","Low ",1
"24/03/2022","8:35:00","8:40:00",17,"Snack ",35,4.8,17,"scooter ",1,"No ","Metropolitian ","Sunny","Low ",1
"14/03/2022","20:55:00","21:05:00",37,"Meal ",37,4.8,15,"motorcycle ",0,"No ","Urban ","Stormy","Jam ",2
"13/02/2022","16:45:00","16:50:00",10,"Snack ",23,4.9,9,"scooter ",1,"No ","Metropolitian ","Sunny","Medium ",0
"25/03/2022","18:00:00","18:05:00",32,"Buffet ",32,4.2,3,"scooter ",1,"No ","Metropolitian ","Stormy","Medium ",1
"26/03/2022","9:25:00","9:30:00",17,"Drinks ",24,4.4,21,"motorcycle ",0,"No ","Metropolitian ","Windy","Low ",1
"19/03/2022","21:50:00","22:00:00",30,"Drinks ",31,4.9,16,"motorcycle ",0,"No ","Metropolitian ","Cloudy","Jam ",1
"12/02/2022","17:25:00","17:30:00",19,"Snack ",22,4.8,4,"scooter ",1,"No ","Metropolitian ","Stormy","Medium ",1
"28/03/2022","10:10:00","10:15:00",20,"Drinks ",20,4.7,18,"motorcycle ",2,"No ","Urban ","Sunny","Low ",1
"16/03/2022","21:50:00","21:55:00",39,"Meal ",31,4.2,6,"scooter ",1,"No ","Metropolitian ","Cloudy","Jam ",1
"12/02/2022","20:20:00","20:25:00",39,"Buffet ",39,4.3,3,"motorcycle ",0,"No ","Metropolitian ","Sandstorms","Jam ",1
"13/03/2022","17:35:00","17:50:00",32,"Meal ",33,4.9,12,"motorcycle ",0,"No ","Metropolitian ","Windy","Medium ",0
"5/03/2022","20:20:00","20:25:00",13,"Drinks ",21,4.7,9,"scooter ",2,"No ","Metropolitian ","Sunny","Jam ",0
"18/02/2022","22:25:00","22:35:00",17,"Meal ",20,4.7,18,"scooter ",2,"No ","Urban ","Stormy","Low ",1
"26/03/2022","21:55:00","22:00:00",22,"Drinks ",25,4.9,15,"scooter ",2,"No ","Urban ","Windy","Jam ",1
"15/02/2022","10:35:00","10:40:00",21,"Meal ",39,4.7,8,"motorcycle ",1,"No ","Metropolitian ","Stormy","Low ",1
"30/03/2022","10:40:00","10:50:00",27,"Meal ",39,4.6,15,"motorcycle ",0,"No ","Metropolitian ","Fog","Low ",0
"4/03/2022","17:45:00","18:00:00",35,"Meal ",27,5,12,"scooter ",1,"No ","Metropolitian ","Fog","Medium ",1
"28/03/2022","23:00:00","23:10:00",18,"Meal ",24,4.7,22,"motorcycle ",2,"No ","Metropolitian ","Stormy","Low ",0
"6/04/2022","21:15:00","21:20:00",23,"Buffet ",39,4.9,22,"scooter ",2,"No ","Metropolitian ","Sunny","Jam ",0
"3/03/2022","11:45:00","11:55:00",34,"Meal ",35,4.1,3,"motorcycle ",0,"No ","Metropolitian ","Fog","High ",1
"23/03/2022","22:50:00","23:05:00",18,"Drinks ",20,4.6,22,"scooter ",1,"No ","Metropolitian ","Sandstorms","Low ",1
"2/03/2022","21:40:00","21:45:00",23,"Meal ",20,4.6,18,"scooter ",2,"No ","Urban ","Sunny","Jam ",1
"2/04/2022","21:30:00","21:45:00",39,"Buffet ",26,4.6,13,"motorcycle ",1,"No ","Metropolitian ","Fog","Jam ",1
"25/03/2022","22:10:00","22:20:00",34,"Buffet ",34,3.5,5,"electric_scooter ",2,"No ","Metropolitian ","Cloudy","Low ",0
"24/03/2022","16:45:00","16:50:00",15,"Meal ",30,4.7,18,"motorcycle ",1,"No ","Metropolitian ","Cloudy","Medium ",0
"15/03/2022","23:20:00","23:25:00",21,"Buffet ",24,4.7,23,"motorcycle ",0,"No ","Metropolitian ","Fog","Low ",1
"4/03/2022","21:15:00","21:25:00",25,"Snack ",33,4.5,23,"scooter ",2,"No ","Metropolitian ","Sunny","Jam ",1
"3/04/2022","18:55:00","19:10:00",18,"Buffet ",21,4.9,21,"scooter ",1,"No ","Metropolitian ","Sunny","Medium ",1
"19/03/2022","20:40:00","20:50:00",28,"Drinks ",23,4.8,4,"motorcycle ",2,"No ","Metropolitian ","Windy","Jam ",1
"3/04/2022","16:20:00","16:25:00",17,"Snack ",39,4.6,22,"electric_scooter ",2,"No ","Urban ","Cloudy","Medium ",0
"19/03/2022","22:25:00","22:40:00",30,"Meal ",32,4.1,23,"motorcycle ",0,"No ","Metropolitian ","Stormy","Low ",1
"7/03/2022","16:25:00","16:30:00",25,"Drinks ",30,4.9,13,"motorcycle ",0,"No ","Metropolitian ","Sunny","Medium ",1
"9/03/2022","20:35:00","20:45:00",20,"Drinks ",29,4.6,18,"motorcycle ",2,"No ","Metropolitian ","Windy","Jam ",1
"9/03/2022","21:50:00","22:00:00",24,"Buffet ",37,4.9,17,"motorcycle ",0,"No ","Urban ","Sunny","Jam ",0
"28/03/2022","9:55:00","10:05:00",10,"Meal ",24,4.8,9,"scooter ",1,"No ","Metropolitian ","Sandstorms","Low ",1
"19/03/2022","14:00:00","14:05:00",21,"Buffet ",24,4.6,9,"motorcycle ",1,"No ","Metropolitian ","Cloudy","High ",1
"5/04/2022","12:30:00","12:40:00",35,"Buffet ",37,4.3,1,"scooter ",1,"No ","Metropolitian ","Fog","High ",2
"26/03/2022","10:30:00","10:35:00",26,"Drinks ",39,4.5,22,"motorcycle ",0,"No ","Metropolitian ","Sunny","Low ",1
"26/03/2022","9:20:00","9:30:00",27,"Drinks ",32,4.5,16,"motorcycle ",1,"No ","Metropolitian ","Windy","Low ",0
"2/03/2022","17:15:00","17:30:00",20,"Buffet ",28,4.9,12,"electric_scooter ",2,"No ","Metropolitian ","Sandstorms","Medium ",0
"10/03/2022","21:25:00","21:30:00",26,"Snack ",37,4.7,22,"motorcycle ",2,"No ","Metropolitian ","Sunny","Jam ",0
"17/03/2022","11:40:00","11:45:00",26,"Snack ",31,4.6,1,"motorcycle ",0,"No ","Metropolitian ","Fog","High ",1
"10/03/2022","17:25:00","17:40:00",31,"Snack ",23,4.3,23,"motorcycle ",2,"No ","Metropolitian ","Fog","Medium ",0
"5/03/2022","11:00:00","11:15:00",17,"Meal ",32,4.6,16,"motorcycle ",1,"No ","Metropolitian ","Sunny","Low ",1
"15/02/2022","22:15:00","22:25:00",15,"Drinks ",32,5,4,"electric_scooter ",2,"No ","Metropolitian ","Stormy","Low ",1
"3/04/2022","10:45:00","10:50:00",27,"Meal ",32,4.9,23,"motorcycle ",0,"No ","Metropolitian ","Fog","Low ",1
"15/03/2022","19:50:00","20:00:00",28,"Snack ",39,4.6,19,"motorcycle ",1,"No ","Metropolitian ","Windy","Jam ",1
"17/02/2022","8:20:00","8:30:00",16,"Drinks ",31,4.8,3,"scooter ",1,"No ","Metropolitian ","Sandstorms","Low ",0
"26/03/2022","18:10:00","18:20:00",23,"Meal ",23,5,21,"scooter ",2,"No ","Urban ","Stormy","Medium ",1
"8/03/2022","19:20:00","19:25:00",19,"Drinks ",37,4.8,16,"motorcycle ",2,"No ","Urban ","Stormy","Jam ",1
"28/03/2022","12:00:00","12:15:00",32,"Drinks ",36,4.4,2,"scooter ",2,"No ","Metropolitian ","Stormy","High ",1
"14/03/2022","18:25:00","18:40:00",34,"Snack ",36,4.4,23,"scooter ",2,"No ","Metropolitian ","Fog","Medium ",1
"27/03/2022","21:50:00","22:00:00",15,"Drinks ",25,4.6,23,"motorcycle ",1,"No ","Metropolitian ","Stormy","Jam ",0
"31/03/2022","23:55:00","0:05:00",42,"Snack ",31,4.6,6,"motorcycle ",0,"No ","Metropolitian ","Fog","Low ",2
"2/04/2022","17:55:00","18:00:00",24,"Meal ",30,4.6,19,"motorcycle ",2,"No ","Urban ","Stormy","Medium ",1
"29/03/2022","17:25:00","17:30:00",45,"Snack ",33,4.6,6,"motorcycle ",0,"Yes ","Metropolitian ","Cloudy","Medium ",3
"16/03/2022","17:10:00","17:20:00",20,"Snack ",34,4.5,22,"motorcycle ",1,"No ","Metropolitian ","Sandstorms","Medium ",0
"18/03/2022","18:55:00","19:10:00",24,"Buffet ",25,4.8,8,"scooter ",2,"No ","Metropolitian ","Stormy","Medium ",1
"13/02/2022","14:35:00","14:40:00",27,"Snack ",29,4.6,8,"scooter ",1,"No ","Metropolitian ","Fog","High ",1
"15/02/2022","10:50:00","11:00:00",12,"Snack ",25,4.6,2,"scooter ",1,"No ","Metropolitian ","Stormy","Low ",0
"14/02/2022","23:40:00","23:45:00",25,"Drinks ",36,4.8,6,"motorcycle ",1,"No ","Metropolitian ","Windy","Low ",1
"20/03/2022","17:25:00","17:40:00",47,"Snack ",38,4.7,2,"motorcycle ",0,"No ","Metropolitian ","Cloudy","Medium ",1
"11/03/2022","17:35:00","17:50:00",35,"Drinks ",33,4.1,8,"motorcycle ",0,"No ","Metropolitian ","Sandstorms","Medium ",1
"30/03/2022","21:35:00","21:40:00",28,"Buffet ",31,4.5,18,"scooter ",2,"No ","Metropolitian ","Sandstorms","Jam ",1
"3/03/2022","8:20:00","8:35:00",21,"Buffet ",30,4.6,13,"electric_scooter ",2,"No ","Metropolitian ","Windy","Low ",1
"17/02/2022","21:50:00","21:55:00",20,"Drinks ",21,4.7,4,"motorcycle ",0,"No ","Metropolitian ","Fog","Jam ",0
"28/03/2022","18:10:00","18:20:00",16,"Drinks ",38,4.6,22,"scooter ",2,"No ","Metropolitian ","Fog","Medium ",1
"12/03/2022","17:45:00","17:55:00",29,"Buffet ",28,4.7,12,"scooter ",1,"No ","Metropolitian ","Stormy","Medium ",1
"14/02/2022","21:50:00","22:00:00",36,"Meal ",33,4.2,2,"motorcycle ",2,"No ","Metropolitian ","Windy","Jam ",1
"10/03/2022","18:25:00","18:40:00",37,"Drinks ",22,4.8,9,"motorcycle ",2,"No ","Metropolitian ","Fog","Medium ",1
"5/03/2022","8:50:00","9:05:00",16,"Snack ",37,4.6,23,"motorcycle ",1,"No ","Metropolitian ","Sunny","Low ",0
"12/02/2022","22:25:00","22:35:00",21,"Meal ",34,4.6,17,"motorcycle ",0,"No ","Urban ","Stormy","Low ",0
"11/03/2022","12:40:00","12:50:00",31,"Buffet ",22,4.1,13,"motorcycle ",0,"No ","Metropolitian ","Windy","High ",0
"3/03/2022","20:45:00","21:00:00",25,"Snack ",38,4.7,23,"scooter ",1,"No ","Metropolitian ","Fog","Jam ",0
"16/02/2022","22:50:00","22:55:00",15,"Buffet ",22,4.9,9,"motorcycle ",0,"No ","Metropolitian ","Sandstorms","Low ",1
"10/03/2022","20:55:00","21:10:00",36,"Drinks ",39,3.5,5,"motorcycle ",1,"No ","Metropolitian ","Sandstorms","Jam ",1
"4/03/2022","17:40:00","17:55:00",25,"Snack ",29,4.8,13,"electric_scooter ",2,"No ","Metropolitian ","Windy","Medium ",1
"4/04/2022","21:00:00","21:10:00",26,"Drinks ",39,4.9,15,"electric_scooter ",2,"No ","Urban ","Stormy","Jam ",1
"17/03/2022","11:55:00","12:00:00",28,"Buffet ",23,4.7,7,"scooter ",1,"No ","Metropolitian ","Stormy","High ",1
"21/03/2022","8:20:00","8:35:00",21,"Meal ",31,4.9,17,"electric_scooter ",2,"No ","Metropolitian ","Sandstorms","Low ",0
"15/02/2022","17:40:00","17:45:00",28,"Drinks ",33,4.6,9,"scooter ",2,"No ","Metropolitian ","Sandstorms","Medium ",0
"24/03/2022","19:40:00","19:45:00",15,"Meal ",30,4.6,15,"electric_scooter ",2,"No ","Metropolitian ","Sunny","Jam ",1
"2/04/2022","21:25:00","21:40:00",31,"Snack ",36,3.8,15,"scooter ",1,"No ","Metropolitian ","Sandstorms","Jam ",0
"15/02/2022","11:20:00","11:30:00",33,"Buffet ",33,4.7,23,"motorcycle ",2,"No ","Urban ","Stormy","High ",0
"18/03/2022","22:55:00","23:00:00",27,"Buffet ",32,4.7,6,"motorcycle ",0,"No ","Metropolitian ","Windy","Low ",1
"3/03/2022","10:00:00","10:05:00",22,"Meal ",27,4.7,23,"scooter ",1,"No ","Metropolitian ","Sunny","Low ",1
"12/03/2022","20:15:00","20:30:00",39,"Snack ",32,4.9,18,"motorcycle ",0,"No ","Metropolitian ","Stormy","Jam ",1
"1/04/2022","8:40:00","8:50:00",23,"Snack ",33,4.2,23,"motorcycle ",0,"No ","Metropolitian ","Windy","Low ",0
"7/03/2022","17:20:00","17:35:00",17,"Buffet ",31,4.5,6,"scooter ",1,"No ","Urban ","Stormy","Medium ",1
"9/03/2022","19:30:00","19:35:00",25,"Snack ",33,4.5,17,"motorcycle ",1,"No ","Metropolitian ","Sandstorms","Jam ",1
"3/03/2022","10:00:00","10:05:00",26,"Meal ",38,4.6,22,"motorcycle ",1,"No ","Metropolitian ","Stormy","Low ",1
"5/04/2022","16:45:00","16:55:00",20,"Buffet ",24,4.6,22,"motorcycle ",0,"No ","Urban ","Sandstorms","Medium ",0
"24/03/2022","10:00:00","10:05:00",26,"Buffet ",32,4.5,14,"motorcycle ",0,"No ","Metropolitian ","Sunny","Low ",1
"11/02/2022","16:15:00","16:30:00",31,"Meal ",36,5,18,"motorcycle ",0,"No ","Urban ","Sandstorms","Medium ",1
"1/03/2022","14:55:00","15:10:00",33,"Meal ",35,4,8,"scooter ",1,"No ","Metropolitian ","Windy","High ",1
"3/03/2022","18:15:00","18:25:00",15,"Snack ",23,4.5,17,"motorcycle ",1,"No ","Metropolitian ","Fog","Medium ",1
"21/03/2022","13:40:00","13:50:00",19,"Drinks ",35,4.8,22,"scooter ",1,"No ","Metropolitian ","Sunny","High ",1
"4/03/2022","21:40:00","21:45:00",19,"Drinks ",29,4.9,17,"motorcycle ",0,"No ","Metropolitian ","Sunny","Jam ",1
"11/02/2022","22:45:00","22:55:00",10,"Drinks ",25,4.6,15,"motorcycle ",0,"No ","Urban ","Sunny","Low ",1
"8/03/2022","21:35:00","21:45:00",37,"Meal ",28,4.7,12,"motorcycle ",0,"No ","Metropolitian ","Sunny","Jam ",1
"7/03/2022","8:35:00","8:45:00",12,"Buffet ",23,4.9,19,"motorcycle ",0,"No ","Metropolitian ","Sunny","Low ",0
"27/03/2022","18:10:00","18:25:00",26,"Meal ",32,4.5,9,"scooter ",2,"No ","Metropolitian ","Stormy","Medium ",1
"16/03/2022","17:35:00","17:50:00",19,"Drinks ",34,4.6,23,"scooter ",1,"No ","Metropolitian ","Sunny","Medium ",0
"2/04/2022","20:25:00","20:35:00",48,"Snack ",23,4.7,8,"motorcycle ",0,"No ","Metropolitian ","Cloudy","Jam ",1
"26/03/2022","20:45:00","20:55:00",19,"Buffet ",21,4.8,16,"motorcycle ",1,"No ","Urban ","Stormy","Jam ",1
"7/03/2022","17:50:00","17:55:00",28,"Drinks ",34,4.7,15,"scooter ",2,"No ","Metropolitian ","Stormy","Medium ",1
"24/03/2022","17:40:00","17:55:00",16,"Meal ",30,4.8,16,"scooter ",1,"No ","Metropolitian ","Fog","Medium ",0
"3/03/2022","16:30:00","16:35:00",31,"Drinks ",39,4.1,2,"motorcycle ",0,"No ","Metropolitian ","Stormy","Medium ",1
"23/03/2022","18:00:00","18:15:00",36,"Snack ",32,4.2,1,"motorcycle ",0,"No ","Metropolitian ","Windy","Medium ",1
"16/03/2022","18:55:00","19:05:00",26,"Snack ",35,4.7,22,"motorcycle ",2,"No ","Metropolitian ","Sunny","Medium ",1
"2/04/2022","19:45:00","19:50:00",33,"Meal ",25,4.4,1,"motorcycle ",0,"No ","Metropolitian ","Stormy","Jam ",1
"13/03/2022","8:50:00","9:05:00",19,"Snack ",28,4.5,15,"scooter ",2,"No ","Metropolitian ","Windy","Low ",1
"26/03/2022","19:25:00","19:35:00",22,"Buffet ",35,4.8,17,"motorcycle ",0,"No ","Metropolitian ","Sunny","Jam ",1
"6/04/2022","23:00:00","23:15:00",22,"Drinks ",21,4.9,19,"motorcycle ",0,"No ","Metropolitian ","Fog","Low ",1
"8/03/2022","17:20:00","17:30:00",29,"Snack ",28,4.9,23,"scooter ",2,"No ","Urban ","Stormy","Medium ",1
"29/03/2022","22:50:00","23:05:00",23,"Meal ",24,4.5,9,"motorcycle ",0,"No ","Metropolitian ","Cloudy","Low ",1
"26/03/2022","13:30:00","13:45:00",33,"Snack ",33,4.1,2,"scooter ",2,"No ","Metropolitian ","Fog","High ",1
"13/03/2022","21:55:00","22:00:00",36,"Drinks ",28,4.8,16,"motorcycle ",0,"No ","Urban ","Stormy","Jam ",1
"14/03/2022","20:45:00","20:55:00",17,"Buffet ",29,4.7,22,"electric_scooter ",2,"No ","Urban ","Stormy","Jam ",1
"3/03/2022","16:50:00","17:05:00",17,"Snack ",32,4.6,22,"scooter ",2,"No ","Metropolitian ","Fog","Medium ",0
"8/03/2022","17:30:00","17:40:00",30,"Drinks ",21,4.8,23,"motorcycle ",0,"No ","Metropolitian ","Sandstorms","Medium ",0
"3/03/2022","22:10:00","22:20:00",15,"Drinks ",29,4.5,4,"motorcycle ",1,"No ","Urban ","Cloudy","Low ",0
"29/03/2022","0:00:00","0:05:00",20,"Buffet ",23,4.6,6,"motorcycle ",0,"No ","Urban ","Stormy","Low ",1
"15/03/2022","11:40:00","11:50:00",30,"Drinks ",36,4.5,23,"scooter ",2,"No ","Metropolitian ","Cloudy","High ",0
"3/04/2022","20:50:00","21:05:00",25,"Drinks ",24,4.6,23,"motorcycle ",0,"No ","Metropolitian ","Cloudy","Jam ",0
"4/03/2022","21:35:00","21:50:00",43,"Snack ",36,4.4,22,"scooter ",2,"No ","Metropolitian ","Fog","Jam ",1
"24/03/2022","15:30:00","15:40:00",25,"Snack ",39,4.6,12,"scooter ",1,"No ","Metropolitian ","Windy","Medium ",1
"6/03/2022","17:15:00","17:30:00",36,"Buffet ",23,4.7,22,"motorcycle ",0,"No ","Metropolitian ","Stormy","Medium ",2
"19/03/2022","16:50:00","17:05:00",31,"Buffet ",38,4.7,18,"motorcycle ",0,"No ","Metropolitian ","Sandstorms","Medium ",1
"5/03/2022","22:20:00","22:35:00",32,"Buffet ",39,4.1,13,"motorcycle ",0,"No ","Metropolitian ","Stormy","Low ",1
"13/03/2022","10:45:00","11:00:00",25,"Meal ",34,4.4,14,"motorcycle ",0,"No ","Metropolitian ","Sandstorms","Low ",1
"12/03/2022","17:10:00","17:20:00",18,"Buffet ",20,4.9,15,"scooter ",2,"No ","Urban ","Sunny","Medium ",1
"9/03/2022","18:00:00","18:05:00",23,"Meal ",30,4.8,21,"scooter ",2,"No ","Metropolitian ","Sunny","Medium ",1
"31/03/2022","20:30:00","20:40:00",42,"Snack ",39,4.3,11,"scooter ",2,"No ","Metropolitian ","Stormy","Jam ",2
"20/03/2022","22:20:00","22:35:00",37,"Snack ",38,4.1,4,"motorcycle ",0,"No ","Urban ","Cloudy","Low ",1
"6/04/2022","22:25:00","22:40:00",24,"Drinks ",24,4.7,17,"motorcycle ",0,"No ","Metropolitian ","Cloudy","Low ",0
"15/02/2022","20:40:00","20:45:00",26,"Meal ",28,4.7,4,"motorcycle ",0,"No ","Metropolitian ","Fog","Jam ",1
"16/03/2022","19:55:00","20:05:00",20,"Drinks ",22,4.8,17,"motorcycle ",0,"No ","Metropolitian ","Sunny","Jam ",1
"9/03/2022","11:25:00","11:30:00",34,"Drinks ",37,4.2,1,"electric_scooter ",2,"No ","Metropolitian ","Fog","High ",2
"2/04/2022","22:00:00","22:05:00",42,"Snack ",35,3.6,1,"scooter ",2,"No ","Urban ","Windy","Jam ",1
"27/03/2022","19:35:00","19:45:00",40,"Snack ",37,4.3,3,"motorcycle ",2,"No ","Metropolitian ","Stormy","Jam ",1
"30/03/2022","8:10:00","8:20:00",15,"Meal ",38,4.6,23,"scooter ",1,"No ","Metropolitian ","Fog","Low ",0
"7/03/2022","8:10:00","8:25:00",10,"Snack ",22,4.9,18,"scooter ",1,"No ","Urban ","Stormy","Low ",0
"7/03/2022","22:35:00","22:50:00",28,"Buffet ",31,4.8,9,"motorcycle ",0,"No ","Metropolitian ","Fog","Low ",1
"15/03/2022","8:35:00","8:50:00",19,"Meal ",29,4.8,23,"motorcycle ",0,"No ","Metropolitian ","Sunny","Low ",1
"18/03/2022","18:40:00","18:55:00",42,"Drinks ",38,4.4,17,"motorcycle ",1,"No ","Metropolitian ","Fog","Medium ",2
"14/03/2022","19:50:00","19:55:00",38,"Meal ",34,4.4,23,"motorcycle ",1,"No ","Metropolitian ","Stormy","Jam ",1
"3/04/2022","23:40:00","23:55:00",15,"Drinks ",21,4.7,23,"scooter ",1,"No ","Metropolitian ","Windy","Low ",0
"30/03/2022","9:25:00","9:30:00",16,"Meal ",20,4.5,12,"scooter ",1,"No ","Metropolitian ","Stormy","Low ",0
"26/03/2022","8:50:00","9:00:00",29,"Drinks ",39,4.6,6,"motorcycle ",0,"No ","Metropolitian ","Sunny","Low ",1
"8/03/2022","17:15:00","17:25:00",34,"Drinks ",36,3.6,13,"scooter ",1,"No ","Metropolitian ","Stormy","Medium ",1
"2/04/2022","23:30:00","23:40:00",10,"Snack ",29,4.7,18,"motorcycle ",1,"No ","Urban ","Stormy","Low ",0
"9/03/2022","21:35:00","21:45:00",47,"Snack ",34,4.4,3,"motorcycle ",0,"No ","Urban ","Sandstorms","Jam ",0
"5/04/2022","17:15:00","17:20:00",29,"Meal ",30,5,18,"motorcycle ",0,"No ","Metropolitian ","Sandstorms","Medium ",0
"9/03/2022","18:00:00","18:05:00",16,"Meal ",30,4.8,21,"scooter ",1,"No ","Metropolitian ","Fog","Medium ",0
"12/03/2022","19:25:00","19:30:00",30,"Buffet ",35,4.5,18,"motorcycle ",1,"No ","Metropolitian ","Stormy","Jam ",0
"13/03/2022","17:25:00","17:35:00",19,"Drinks ",36,4.7,15,"scooter ",2,"No ","Urban ","Fog","Medium ",0
"1/04/2022","14:50:00","15:05:00",26,"Drinks ",23,4.7,22,"motorcycle ",1,"No ","Metropolitian ","Cloudy","High ",1
"29/03/2022","0:00:00","0:15:00",27,"Drinks ",30,4.6,17,"electric_scooter ",2,"No ","Metropolitian ","Fog","Low ",1
"19/03/2022","8:20:00","8:35:00",21,"Drinks ",27,4.8,9,"motorcycle ",0,"No ","Metropolitian ","Cloudy","Low ",1
"14/02/2022","18:50:00","19:05:00",38,"Snack ",30,4.6,7,"motorcycle ",0,"No ","Metropolitian ","Fog","Medium ",1
"17/02/2022","9:20:00","9:35:00",25,"Buffet ",36,4.6,2,"motorcycle ",0,"No ","Metropolitian ","Fog","Low ",0
"17/03/2022","23:00:00","23:05:00",31,"Buffet ",33,4.2,5,"motorcycle ",0,"No ","Metropolitian ","Sandstorms","Low ",1
"5/04/2022","11:35:00","11:45:00",34,"Snack ",37,4.8,17,"scooter ",2,"No ","Metropolitian ","Sandstorms","High ",1
"4/04/2022","18:40:00","18:55:00",25,"Snack ",21,4.7,19,"motorcycle ",1,"No ","Metropolitian ","Windy","Medium ",0
"1/03/2022","13:30:00","13:40:00",18,"Snack ",26,4.9,17,"scooter ",2,"No ","Metropolitian ","Windy","High ",1
"29/03/2022","23:40:00","23:50:00",25,"Snack ",25,5,4,"scooter ",2,"No ","Urban ","Cloudy","Low ",0
"19/03/2022","18:45:00","19:00:00",26,"Snack ",35,4.7,5,"motorcycle ",0,"No ","Metropolitian ","Fog","Medium ",1
"20/03/2022","22:30:00","22:35:00",24,"Meal ",36,4.8,15,"scooter ",2,"No ","Metropolitian ","Sunny","Low ",1
"4/03/2022","20:20:00","20:35:00",15,"Meal ",21,4.7,16,"scooter ",1,"No ","Metropolitian ","Stormy","Jam ",1
"2/03/2022","19:35:00","19:50:00",19,"Snack ",22,4.9,22,"electric_scooter ",2,"No ","Metropolitian ","Windy","Jam ",0
"14/02/2022","21:20:00","21:35:00",47,"Buffet ",30,4.1,11,"scooter ",2,"No ","Metropolitian ","Fog","Jam ",2
"10/03/2022","23:40:00","23:45:00",24,"Meal ",22,4.9,12,"motorcycle ",2,"No ","Metropolitian ","Cloudy","Low ",1
"5/03/2022","9:35:00","9:40:00",23,"Buffet ",30,4.6,22,"motorcycle ",2,"No ","Urban ","Stormy","Low ",1
"31/03/2022","22:20:00","22:30:00",37,"Meal ",36,4.9,9,"motorcycle ",0,"No ","Metropolitian ","Cloudy","Low ",1
"2/04/2022","22:30:00","22:45:00",37,"Drinks ",36,5,13,"motorcycle ",0,"No ","Metropolitian ","Fog","Low ",1
"14/02/2022","21:25:00","21:40:00",30,"Buffet ",21,4.8,4,"motorcycle ",0,"No ","Metropolitian ","Windy","Jam ",1
"31/03/2022","17:45:00","17:50:00",38,"Snack ",32,4.2,5,"scooter ",2,"No ","Metropolitian ","Windy","Medium ",1
"29/03/2022","18:50:00","18:55:00",42,"Buffet ",22,4.7,1,"motorcycle ",0,"No ","Metropolitian ","Fog","Medium ",1
"1/04/2022","18:45:00","18:55:00",21,"Drinks ",36,5,15,"motorcycle ",0,"No ","Urban ","Sunny","Medium ",1
"1/04/2022","23:45:00","23:55:00",19,"Snack ",32,5,21,"motorcycle ",2,"No ","Metropolitian ","Fog","Low ",0
"15/02/2022","11:20:00","11:30:00",35,"Snack ",30,4.3,9,"scooter ",2,"No ","Metropolitian ","Fog","High ",2
"18/02/2022","17:55:00","18:10:00",34,"Snack ",37,4,18,"motorcycle ",1,"No ","Metropolitian ","Stormy","Medium ",0
"16/03/2022","20:35:00","20:40:00",45,"Buffet ",37,4.6,16,"motorcycle ",0,"No ","Metropolitian ","Fog","Jam ",1
"3/04/2022","23:10:00","23:25:00",34,"Buffet ",37,4.3,1,"motorcycle ",0,"No ","Metropolitian ","Windy","Low ",1
"20/03/2022","17:20:00","17:25:00",34,"Drinks ",33,4.8,8,"scooter ",2,"No ","Metropolitian ","Cloudy","Medium ",0
"19/03/2022","14:50:00","15:05:00",27,"Drinks ",39,4.8,7,"motorcycle ",0,"No ","Metropolitian ","Sunny","High ",1
"13/02/2022","15:15:00","15:30:00",26,"Buffet ",37,4.6,4,"scooter ",2,"No ","Metropolitian ","Stormy","Medium ",1
"11/03/2022","17:35:00","17:50:00",33,"Meal ",36,4.7,15,"scooter ",2,"No ","Metropolitian ","Stormy","Medium ",1
"10/03/2022","18:10:00","18:15:00",29,"Drinks ",33,4.9,17,"motorcycle ",1,"No ","Metropolitian ","Stormy","Medium ",0
"13/03/2022","22:50:00","23:00:00",27,"Snack ",32,4.9,21,"motorcycle ",2,"No ","Urban ","Stormy","Low ",1
"3/04/2022","10:25:00","10:30:00",19,"Buffet ",39,4.9,22,"motorcycle ",2,"No ","Metropolitian ","Fog","Low ",1
"12/03/2022","21:15:00","21:20:00",43,"Snack ",31,4.1,13,"electric_scooter ",2,"No ","Metropolitian ","Fog","Jam ",2
"16/02/2022","18:35:00","18:45:00",14,"Meal ",27,4.6,6,"scooter ",1,"No ","Metropolitian ","Sunny","Medium ",0
"26/03/2022","14:10:00","14:20:00",28,"Meal ",36,4.7,12,"motorcycle ",0,"No ","Metropolitian ","Sunny","High ",1
"4/04/2022","23:00:00","23:15:00",17,"Drinks ",37,4.6,17,"motorcycle ",1,"No ","Urban ","Sandstorms","Low ",1
"21/03/2022","17:45:00","17:55:00",33,"Buffet ",38,4.4,5,"scooter ",1,"No ","Urban ","Stormy","Medium ",1
"13/03/2022","17:10:00","17:25:00",38,"Drinks ",30,4.6,15,"motorcycle ",0,"No ","Metropolitian ","Stormy","Medium ",0
"29/03/2022","22:40:00","22:55:00",34,"Drinks ",29,2.6,3,"scooter ",1,"No ","Metropolitian ","Sunny","Low ",1
"7/03/2022","18:30:00","18:45:00",31,"Drinks ",32,4,5,"electric_scooter ",2,"No ","Metropolitian ","Windy","Medium ",1
"3/03/2022","18:30:00","18:45:00",20,"Drinks ",24,4.7,15,"electric_scooter ",2,"No ","Urban ","Stormy","Medium ",0
"12/02/2022","18:10:00","18:20:00",27,"Drinks ",28,4.6,7,"scooter ",2,"No ","Metropolitian ","Fog","Medium ",1
"6/03/2022","18:10:00","18:25:00",36,"Meal ",36,4.5,5,"scooter ",1,"No ","Urban ","Sandstorms","Medium ",0
"25/03/2022","17:10:00","17:15:00",37,"Drinks ",26,4.4,3,"electric_scooter ",2,"No ","Metropolitian ","Fog","Medium ",2
"3/04/2022","17:20:00","17:35:00",24,"Drinks ",22,4.6,19,"motorcycle ",0,"No ","Metropolitian ","Stormy","Medium ",1
"30/03/2022","21:00:00","21:15:00",31,"Drinks ",31,4.7,6,"motorcycle ",1,"No ","Metropolitian ","Fog","Jam ",1
"5/04/2022","14:55:00","15:00:00",36,"Buffet ",35,4.3,3,"motorcycle ",0,"No ","Metropolitian ","Stormy","High ",1
"18/03/2022","18:55:00","19:00:00",19,"Meal ",29,4.7,4,"scooter ",1,"No ","Metropolitian ","Sandstorms","Medium ",1
"5/04/2022","18:30:00","18:40:00",23,"Drinks ",20,5,15,"scooter ",2,"No ","Metropolitian ","Windy","Medium ",1
"14/02/2022","18:45:00","18:55:00",38,"Snack ",37,4.5,6,"motorcycle ",0,"No ","Metropolitian ","Stormy","Medium ",1
"3/04/2022","12:25:00","12:30:00",25,"Meal ",22,4.8,23,"motorcycle ",2,"No ","Metropolitian ","Sandstorms","High ",1
"28/03/2022","11:50:00","12:00:00",27,"Snack ",21,4.9,21,"electric_scooter ",2,"No ","Urban ","Cloudy","High ",1
"18/02/2022","19:30:00","19:40:00",12,"Meal ",26,4.7,18,"motorcycle ",2,"No ","Urban ","Sunny","Jam ",1
"20/03/2022","18:45:00","18:55:00",18,"Buffet ",28,4.8,19,"scooter ",2,"No ","Metropolitian ","Windy","Medium ",1
"12/02/2022","22:45:00","22:55:00",20,"Snack ",39,4.8,6,"motorcycle ",0,"No ","Metropolitian ","Windy","Low ",1
"16/02/2022","17:10:00","17:20:00",38,"Buffet ",21,4.3,1,"electric_scooter ",2,"No ","Urban ","Cloudy","Medium ",0
"24/03/2022","8:25:00","8:30:00",19,"Drinks ",23,4.9,12,"motorcycle ",1,"No ","Metropolitian ","Sandstorms","Low ",0
"1/04/2022","15:00:00","15:05:00",21,"Buffet ",24,4.7,9,"motorcycle ",0,"No ","Metropolitian ","Sandstorms","High ",0
"16/03/2022","20:25:00","20:40:00",25,"Meal ",32,4.7,12,"scooter ",2,"No ","Metropolitian ","Sunny","Jam ",1
"1/04/2022","8:15:00","8:30:00",29,"Meal ",38,4.6,14,"motorcycle ",0,"No ","Metropolitian ","Sunny","Low ",1
"8/03/2022","18:25:00","18:40:00",29,"Drinks ",39,4.9,15,"scooter ",2,"No ","Metropolitian ","Stormy","Medium ",1
"11/03/2022","8:25:00","8:30:00",26,"Snack ",38,4.8,21,"motorcycle ",0,"No ","Metropolitian ","Sunny","Low ",1
"17/02/2022","15:50:00","16:05:00",25,"Snack ",29,4.9,5,"motorcycle ",0,"No ","Metropolitian ","Sandstorms","Medium ",0
"17/02/2022","15:40:00","15:45:00",26,"Drinks ",32,4.6,2,"motorcycle ",1,"No ","Metropolitian ","Sandstorms","Medium ",0
"3/04/2022","16:00:00","16:15:00",30,"Snack ",34,4.7,4,"motorcycle ",1,"No ","Metropolitian ","Windy","Medium ",1
"2/04/2022","21:10:00","21:20:00",36,"Meal ",36,4.1,4,"electric_scooter ",2,"No ","Metropolitian ","Stormy","Jam ",1
"18/02/2022","19:55:00","20:00:00",42,"Buffet ",39,4.1,12,"motorcycle ",0,"No ","Metropolitian ","Fog","Jam ",1
"12/03/2022","18:40:00","18:50:00",39,"Drinks ",24,4.8,19,"motorcycle ",0,"No ","Metropolitian ","Fog","Medium ",1
"1/03/2022","9:20:00","9:30:00",10,"Buffet ",21,5,16,"scooter ",1,"No ","Metropolitian ","Fog","Low ",0
"29/03/2022","17:15:00","17:30:00",28,"Meal ",22,4.7,3,"scooter ",1,"No ","Urban ","Windy","Medium ",1
"7/03/2022","10:35:00","10:40:00",24,"Meal ",33,4.8,9,"motorcycle ",0,"No ","Metropolitian ","Fog","Low ",1
"20/03/2022","17:35:00","17:40:00",39,"Meal ",30,4.2,1,"motorcycle ",2,"Yes ","Urban ","Cloudy","Medium ",0
"24/03/2022","19:55:00","20:05:00",13,"Drinks ",29,4.6,19,"scooter ",1,"No ","Urban ","Sunny","Jam ",0
"5/04/2022","12:35:00","12:40:00",29,"Snack ",35,4.8,17,"scooter ",1,"No ","Metropolitian ","Fog","High ",0
"31/03/2022","21:15:00","21:20:00",35,"Snack ",33,4.8,1,"electric_scooter ",2,"No ","Metropolitian ","Fog","Jam ",0
"1/04/2022","12:55:00","13:00:00",24,"Drinks ",27,4.6,3,"motorcycle ",0,"No ","Urban ","Windy","High ",1
"15/02/2022","19:35:00","19:40:00",26,"Snack ",39,4.5,9,"motorcycle ",1,"No ","Metropolitian ","Sandstorms","Jam ",0
"19/03/2022","11:35:00","11:40:00",14,"Drinks ",28,4.6,4,"scooter ",2,"No ","Metropolitian ","Sunny","High ",1
"25/03/2022","18:10:00","18:20:00",27,"Buffet ",35,4.7,16,"scooter ",2,"No ","Metropolitian ","Sunny","Medium ",1
"12/03/2022","23:25:00","23:30:00",18,"Drinks ",29,4.7,15,"scooter ",2,"No ","Metropolitian ","Sandstorms","Low ",0
"20/03/2022","23:55:00","0:00:00",25,"Snack ",34,4.5,9,"motorcycle ",1,"No ","Metropolitian ","Sunny","Low ",1
"10/03/2022","19:55:00","20:10:00",39,"Meal ",27,4.2,3,"motorcycle ",0,"No ","Metropolitian ","Windy","Jam ",1
"6/03/2022","23:20:00","23:30:00",22,"Drinks ",29,4.7,15,"motorcycle ",0,"No ","Urban ","Sandstorms","Low ",1
"4/04/2022","18:50:00","18:55:00",32,"Buffet ",28,4.1,15,"motorcycle ",0,"No ","Metropolitian ","Stormy","Medium ",2
"9/03/2022","16:15:00","16:20:00",39,"Drinks ",37,4.8,14,"motorcycle ",0,"No ","Metropolitian ","Sandstorms","Medium ",2
"9/03/2022","9:40:00","9:50:00",16,"Drinks ",21,4.6,23,"scooter ",1,"No ","Metropolitian ","Sandstorms","Low ",0
"29/03/2022","19:40:00","19:50:00",35,"Snack ",36,4.5,6,"scooter ",2,"No ","Metropolitian ","Stormy","Jam ",1
"8/03/2022","20:35:00","20:40:00",54,"Drinks ",34,4.7,13,"motorcycle ",0,"No ","Metropolitian ","Fog","Jam ",1
"26/03/2022","20:10:00","20:25:00",27,"Snack ",27,4.9,19,"motorcycle ",2,"No ","Metropolitian ","Windy","Jam ",1
"15/03/2022","21:45:00","21:50:00",33,"Snack ",33,4.1,3,"scooter ",2,"No ","Metropolitian ","Stormy","Jam ",1
"13/03/2022","9:00:00","9:10:00",19,"Buffet ",37,4.7,17,"scooter ",1,"No ","Metropolitian ","Fog","Low ",1
"6/04/2022","23:10:00","23:15:00",25,"Meal ",33,4.8,21,"scooter ",2,"No ","Urban ","Sunny","Low ",1
"11/03/2022","23:20:00","23:30:00",27,"Snack ",35,4.8,16,"scooter ",2,"No ","Metropolitian ","Sandstorms","Low ",1
"13/02/2022","10:25:00","10:35:00",15,"Snack ",25,4.8,8,"scooter ",2,"No ","Metropolitian ","Stormy","Low ",0
"11/02/2022","9:20:00","9:25:00",21,"Meal ",29,4.4,9,"motorcycle ",0,"No ","Metropolitian ","Windy","Low ",1
"26/03/2022","17:55:00","18:05:00",29,"Buffet ",24,4.5,11,"scooter ",2,"No ","Metropolitian ","Windy","Medium ",0
"23/03/2022","21:45:00","22:00:00",51,"Snack ",34,5,13,"motorcycle ",0,"No ","Metropolitian ","Stormy","Jam ",1
"14/02/2022","21:00:00","21:15:00",31,"Meal ",27,4.1,18,"scooter ",1,"No ","Metropolitian ","Stormy","Jam ",0
"12/03/2022","20:35:00","20:40:00",46,"Buffet ",28,4.6,9,"motorcycle ",0,"No ","Metropolitian ","Fog","Jam ",1
"24/03/2022","12:35:00","12:40:00",29,"Meal ",38,4.9,8,"motorcycle ",0,"No ","Metropolitian ","Sunny","High ",0
"2/04/2022","18:40:00","18:45:00",47,"Meal ",34,4.7,7,"motorcycle ",0,"No ","Metropolitian ","Windy","Medium ",1
"11/03/2022","23:00:00","23:15:00",16,"Buffet ",21,4.7,17,"motorcycle ",1,"No ","Urban ","Sandstorms","Low ",1
"20/03/2022","19:00:00","19:05:00",33,"Snack ",35,4.1,3,"motorcycle ",2,"No ","Metropolitian ","Stormy","Medium ",1
"17/02/2022","11:30:00","11:40:00",27,"Snack ",26,4.9,9,"motorcycle ",0,"No ","Metropolitian ","Sandstorms","High ",1
"26/03/2022","18:35:00","18:45:00",27,"Snack ",23,4.7,21,"motorcycle ",0,"No ","Metropolitian ","Sandstorms","Medium ",0
"10/03/2022","23:55:00","0:00:00",17,"Meal ",30,4.8,17,"scooter ",2,"No ","Urban ","Sandstorms","Low ",0
"11/02/2022","22:00:00","22:10:00",20,"Drinks ",25,4.7,6,"electric_scooter ",2,"No ","Metropolitian ","Sandstorms","Jam ",0
"23/03/2022","23:50:00","0:05:00",18,"Drinks ",27,4.8,14,"motorcycle ",0,"No ","Metropolitian ","Stormy","Low ",0
"19/03/2022","17:15:00","17:20:00",19,"Snack ",36,4.8,1,"electric_scooter ",2,"No ","Metropolitian ","Cloudy","Medium ",0
"26/03/2022","11:30:00","11:40:00",13,"Snack ",29,4.9,15,"electric_scooter ",2,"No ","Urban ","Windy","High ",1
"11/03/2022","16:10:00","16:15:00",27,"Snack ",30,4.8,16,"motorcycle ",1,"No ","Metropolitian ","Windy","Medium ",1
"16/03/2022","20:00:00","20:10:00",49,"Drinks ",32,4.4,5,"scooter ",2,"Yes ","Urban ","Cloudy","Jam ",2
"17/03/2022","23:45:00","23:55:00",16,"Drinks ",27,4.1,4,"motorcycle ",0,"No ","Metropolitian ","Sandstorms","Low ",0
"3/04/2022","11:15:00","11:20:00",32,"Drinks ",31,4.2,17,"scooter ",2,"No ","Urban ","Sandstorms","High ",1
"18/03/2022","18:55:00","19:05:00",30,"Snack ",37,4.9,9,"motorcycle ",0,"No ","Metropolitian ","Sunny","Medium ",1
"23/03/2022","20:35:00","20:50:00",26,"Drinks ",30,4.6,12,"scooter ",2,"No ","Metropolitian ","Sandstorms","Jam ",0
"29/03/2022","17:55:00","18:00:00",27,"Drinks ",25,4.6,23,"scooter ",1,"No ","Metropolitian ","Sandstorms","Medium ",1
"3/03/2022","21:45:00","21:50:00",49,"Meal ",34,4.7,14,"motorcycle ",0,"Yes ","Metropolitian ","Sandstorms","Jam ",1
"4/03/2022","20:20:00","20:30:00",20,"Buffet ",36,4.8,18,"scooter ",1,"No ","Urban ","Stormy","Jam ",1
"11/03/2022","14:20:00","14:35:00",24,"Meal ",37,4.7,15,"scooter ",1,"No ","Metropolitian ","Sunny","High ",1
"1/03/2022","22:30:00","22:45:00",29,"Meal ",37,4.8,18,"motorcycle ",0,"No ","Metropolitian ","Stormy","Low ",1
"14/02/2022","19:50:00","19:55:00",29,"Snack ",24,4.9,5,"motorcycle ",0,"No ","Metropolitian ","Sandstorms","Jam ",1
"24/03/2022","9:25:00","9:30:00",26,"Drinks ",37,4.7,23,"scooter ",1,"No ","Urban ","Stormy","Low ",1
"5/04/2022","12:00:00","12:10:00",22,"Buffet ",28,4.9,16,"motorcycle ",0,"No ","Metropolitian ","Stormy","High ",1
"18/02/2022","17:35:00","17:40:00",24,"Meal ",36,4.8,9,"scooter ",1,"No ","Metropolitian ","Sandstorms","Medium ",1
"1/03/2022","22:15:00","22:30:00",16,"Meal ",33,4.6,23,"scooter ",1,"No ","Metropolitian ","Fog","Low ",1
"18/03/2022","22:25:00","22:40:00",19,"Drinks ",23,4.7,21,"motorcycle ",0,"No ","Urban ","Stormy","Low ",0
"24/03/2022","21:50:00","21:55:00",30,"Meal ",36,4.5,7,"scooter ",1,"No ","Metropolitian ","Cloudy","Jam ",1
"5/04/2022","20:35:00","20:50:00",26,"Meal ",35,4.7,15,"motorcycle ",1,"No ","Metropolitian ","Sandstorms","Jam ",0
"14/02/2022","18:40:00","18:50:00",36,"Snack ",35,4.2,6,"scooter ",1,"No ","Urban ","Stormy","Medium ",1
"28/03/2022","8:10:00","8:25:00",25,"Buffet ",36,4.9,9,"motorcycle ",0,"No ","Metropolitian ","Sunny","Low ",1
"27/03/2022","23:55:00","0:10:00",35,"Snack ",36,4.8,13,"motorcycle ",0,"No ","Metropolitian ","Fog","Low ",1
"3/03/2022","13:40:00","13:55:00",29,"Snack ",34,4.8,17,"scooter ",2,"No ","Metropolitian ","Stormy","High ",1
"12/02/2022","21:00:00","21:10:00",38,"Snack ",38,4.5,2,"motorcycle ",1,"No ","Metropolitian ","Stormy","Jam ",2
"5/04/2022","12:15:00","12:25:00",34,"Buffet ",39,4.9,18,"motorcycle ",1,"No ","Metropolitian ","Cloudy","High ",1
"3/03/2022","0:00:00","0:05:00",22,"Buffet ",33,4.7,16,"motorcycle ",0,"No ","Metropolitian ","Stormy","Low ",1
"24/03/2022","9:20:00","9:30:00",18,"Meal ",20,4.9,16,"electric_scooter ",2,"No ","Metropolitian ","Sunny","Low ",0
"13/02/2022","20:35:00","20:40:00",31,"Meal ",28,5,4,"motorcycle ",2,"No ","Metropolitian ","Stormy","Jam ",0
"12/02/2022","19:40:00","19:55:00",25,"Buffet ",20,4.5,7,"motorcycle ",0,"No ","Metropolitian ","Sandstorms","Jam ",1
"27/03/2022","19:25:00","19:30:00",18,"Meal ",22,4.6,12,"electric_scooter ",2,"No ","Metropolitian ","Windy","Jam ",0
"11/03/2022","17:40:00","17:55:00",29,"Buffet ",24,4.6,14,"scooter ",1,"No ","Metropolitian ","Sandstorms","Medium ",1
"15/02/2022","23:15:00","23:25:00",28,"Buffet ",25,4.3,9,"motorcycle ",0,"No ","Metropolitian ","Windy","Low ",0
"14/02/2022","23:15:00","23:30:00",20,"Buffet ",25,4.5,6,"motorcycle ",0,"No ","Metropolitian ","Sandstorms","Low ",1
"11/02/2022","23:35:00","23:50:00",23,"Meal ",37,4.6,17,"scooter ",1,"No ","Urban ","Windy","Low ",1
"5/03/2022","21:50:00","22:00:00",21,"Drinks ",27,5,9,"motorcycle ",2,"No ","Metropolitian ","Windy","Jam ",0
"28/03/2022","22:30:00","22:40:00",26,"Drinks ",39,4.6,16,"motorcycle ",0,"No ","Urban ","Cloudy","Low ",1
"18/03/2022","19:30:00","19:45:00",16,"Drinks ",25,4.9,5,"motorcycle ",0,"No ","Metropolitian ","Sunny","Jam ",1
"20/03/2022","19:40:00","19:45:00",33,"Meal ",27,4.2,5,"motorcycle ",1,"No ","Metropolitian ","Fog","Jam ",0
"12/03/2022","19:20:00","19:30:00",32,"Drinks ",23,4.2,7,"motorcycle ",1,"No ","Metropolitian ","Cloudy","Jam ",1
"25/03/2022","17:50:00","17:55:00",29,"Buffet ",30,4.9,9,"electric_scooter ",2,"No ","Metropolitian ","Stormy","Medium ",1
"18/02/2022","17:30:00","17:40:00",26,"Drinks ",20,4.9,6,"scooter ",2,"No ","Metropolitian ","Fog","Medium ",1
"19/03/2022","11:35:00","11:40:00",41,"Meal ",34,4.7,17,"motorcycle ",0,"No ","Urban ","Stormy","High ",1
"21/03/2022","20:40:00","20:55:00",35,"Snack ",26,4.7,3,"motorcycle ",0,"No ","Metropolitian ","Windy","Jam ",1
"3/03/2022","14:30:00","14:45:00",45,"Buffet ",20,4.1,3,"motorcycle ",0,"Yes ","Urban ","Sunny","High ",1
"17/03/2022","20:50:00","20:55:00",15,"Meal ",36,4.9,4,"motorcycle ",2,"No ","Metropolitian ","Sunny","Jam ",0
"25/03/2022","21:45:00","22:00:00",28,"Snack ",23,4.5,6,"scooter ",2,"No ","Urban ","Windy","Jam ",0
"3/04/2022","11:55:00","12:05:00",45,"Meal ",28,3.9,1,"motorcycle ",0,"No ","Urban ","Sunny","High ",1
"18/02/2022","22:50:00","23:00:00",28,"Drinks ",34,4.7,23,"motorcycle ",0,"No ","Urban ","Sunny","Low ",0
"5/04/2022","8:45:00","8:50:00",20,"Snack ",22,4.8,18,"motorcycle ",1,"No ","Urban ","Sunny","Low ",1
"5/03/2022","9:35:00","9:50:00",12,"Drinks ",35,4.9,15,"scooter ",1,"No ","Metropolitian ","Sunny","Low ",1
"1/03/2022","22:00:00","22:10:00",30,"Snack ",38,4.6,23,"motorcycle ",0,"No ","Metropolitian ","Sandstorms","Jam ",0
"8/03/2022","18:00:00","18:05:00",35,"Meal ",23,4.7,15,"motorcycle ",0,"No ","Urban ","Stormy","Medium ",1
"11/02/2022","19:40:00","19:55:00",34,"Snack ",31,4.7,2,"motorcycle ",0,"No ","Metropolitian ","Sandstorms","Jam ",0
"12/03/2022","19:00:00","19:10:00",20,"Buffet ",27,4.9,16,"motorcycle ",2,"No ","Metropolitian ","Sandstorms","Medium ",0
"29/03/2022","20:00:00","20:10:00",30,"Meal ",32,4.6,2,"motorcycle ",0,"No ","Metropolitian ","Sunny","Jam ",0
"26/03/2022","10:15:00","10:30:00",21,"Meal ",33,4.9,23,"electric_scooter ",2,"No ","Urban ","Windy","Low ",0
"18/02/2022","22:45:00","23:00:00",41,"Drinks ",38,4,15,"motorcycle ",0,"No ","Metropolitian ","Sandstorms","Low ",1
"30/03/2022","19:25:00","19:35:00",27,"Snack ",21,5,12,"motorcycle ",0,"No ","Metropolitian ","Fog","Jam ",1
"7/03/2022","13:15:00","13:30:00",46,"Snack ",20,4.1,8,"motorcycle ",0,"No ","Metropolitian ","Sunny","High ",3
"8/03/2022","18:15:00","18:30:00",35,"Drinks ",38,4.1,3,"scooter ",2,"No ","Metropolitian ","Fog","Medium ",1
"4/03/2022","18:25:00","18:35:00",24,"Snack ",33,4.7,17,"scooter ",2,"No ","Metropolitian ","Sandstorms","Medium ",0
"18/03/2022","19:30:00","19:45:00",42,"Buffet ",36,4.7,21,"motorcycle ",2,"No ","Metropolitian ","Fog","Jam ",2
"10/03/2022","19:00:00","19:15:00",32,"Drinks ",38,4,7,"scooter ",1,"No ","Metropolitian ","Fog","Medium ",1
"18/02/2022","17:40:00","17:55:00",30,"Drinks ",36,4.7,6,"electric_scooter ",2,"No ","Metropolitian ","Fog","Medium ",1
"9/03/2022","11:50:00","11:55:00",21,"Snack ",20,4.5,16,"electric_scooter ",2,"No ","Metropolitian ","Stormy","High ",0
"9/03/2022","8:30:00","8:35:00",23,"Meal ",36,4.9,14,"motorcycle ",0,"No ","Metropolitian ","Sunny","Low ",1
"5/03/2022","9:20:00","9:25:00",27,"Meal ",30,4.5,9,"motorcycle ",1,"No ","Metropolitian ","Stormy","Low ",1
"12/02/2022","18:20:00","18:30:00",17,"Drinks ",26,4.6,23,"scooter ",1,"No ","Urban ","Windy","Medium ",1
"18/02/2022","23:00:00","23:15:00",29,"Drinks ",26,4.9,9,"scooter ",2,"No ","Metropolitian ","Sandstorms","Low ",1
"9/03/2022","11:45:00","12:00:00",27,"Snack ",31,4.6,16,"scooter ",1,"No ","Metropolitian ","Fog","High ",0
"31/03/2022","18:25:00","18:30:00",32,"Buffet ",32,4.9,13,"scooter ",1,"No ","Metropolitian ","Cloudy","Medium ",1
"27/03/2022","17:25:00","17:35:00",37,"Snack ",35,5,9,"motorcycle ",0,"No ","Metropolitian ","Fog","Medium ",1
"8/03/2022","19:35:00","19:45:00",11,"Meal ",29,4.6,17,"motorcycle ",2,"No ","Metropolitian ","Sunny","Jam ",1
"24/03/2022","21:35:00","21:50:00",33,"Drinks ",30,4.9,15,"motorcycle ",1,"No ","Urban ","Fog","Jam ",1
"29/03/2022","23:50:00","23:55:00",37,"Meal ",38,3.8,13,"motorcycle ",2,"No ","Metropolitian ","Cloudy","Low ",2
"25/03/2022","20:45:00","21:00:00",27,"Buffet ",27,4.8,14,"electric_scooter ",2,"No ","Metropolitian ","Windy","Jam ",0
"18/03/2022","17:25:00","17:35:00",16,"Drinks ",20,4.6,3,"motorcycle ",1,"No ","Metropolitian ","Stormy","Medium ",0
"1/03/2022","23:55:00","0:00:00",28,"Drinks ",32,4.8,19,"scooter ",2,"No ","Metropolitian ","Sandstorms","Low ",1
"3/03/2022","10:55:00","11:05:00",12,"Meal ",23,4.7,23,"motorcycle ",1,"No ","Urban ","Fog","Low ",1
"11/02/2022","19:20:00","19:30:00",47,"Buffet ",33,4.4,8,"motorcycle ",0,"No ","Metropolitian ","Stormy","Jam ",1
"15/02/2022","21:35:00","21:45:00",17,"Buffet ",21,4.9,15,"motorcycle ",2,"No ","Urban ","Sunny","Jam ",0
"6/04/2022","22:45:00","22:50:00",20,"Meal ",20,4.9,21,"motorcycle ",0,"No ","Metropolitian ","Sandstorms","Low ",1
"11/03/2022","15:35:00","15:40:00",25,"Drinks ",26,4.8,15,"motorcycle ",1,"No ","Metropolitian ","Sandstorms","Medium ",1
"21/03/2022","21:40:00","21:55:00",29,"Snack ",36,4.6,11,"scooter ",1,"No ","Metropolitian ","Windy","Jam ",1
"17/02/2022","10:00:00","10:10:00",15,"Drinks ",21,4.8,16,"scooter ",2,"No ","Urban ","Cloudy","Low ",1
"2/04/2022","20:00:00","20:05:00",26,"Drinks ",27,4.9,9,"motorcycle ",0,"No ","Metropolitian ","Windy","Jam ",1
"15/02/2022","14:40:00","14:45:00",10,"Snack ",26,4.7,23,"motorcycle ",1,"No ","Urban ","Windy","High ",0
"14/03/2022","20:25:00","20:40:00",23,"Buffet ",20,4.6,9,"scooter ",1,"No ","Metropolitian ","Windy","Jam ",1
"2/04/2022","23:20:00","23:35:00",19,"Drinks ",37,4.7,19,"motorcycle ",2,"No ","Metropolitian ","Windy","Low ",0
"9/03/2022","11:00:00","11:15:00",25,"Meal ",39,5,19,"motorcycle ",1,"No ","Metropolitian ","Stormy","Low ",1
"6/04/2022","22:00:00","22:10:00",46,"Buffet ",31,4.1,2,"electric_scooter ",2,"No ","Metropolitian ","Cloudy","Jam ",1
"16/03/2022","19:10:00","19:25:00",37,"Buffet ",37,4.6,16,"scooter ",1,"No ","Metropolitian ","Fog","Jam ",1
"26/03/2022","20:20:00","20:25:00",34,"Drinks ",37,4.7,7,"scooter ",2,"No ","Metropolitian ","Windy","Jam ",1
"27/03/2022","19:10:00","19:15:00",39,"Buffet ",38,4.1,11,"scooter ",2,"No ","Metropolitian ","Windy","Jam ",1
"1/03/2022","10:15:00","10:30:00",12,"Snack ",25,4.6,22,"motorcycle ",0,"No ","Metropolitian ","Sunny","Low ",0
"12/03/2022","21:55:00","22:10:00",39,"Buffet ",26,5,23,"motorcycle ",0,"No ","Metropolitian ","Cloudy","Jam ",1
"6/04/2022","21:50:00","21:55:00",54,"Snack ",31,4.9,15,"motorcycle ",0,"No ","Metropolitian ","Fog","Jam ",0
"17/03/2022","20:55:00","21:10:00",25,"Drinks ",30,4.9,21,"scooter ",2,"No ","Metropolitian ","Cloudy","Jam ",1
"23/03/2022","23:55:00","0:00:00",26,"Meal ",23,4.7,13,"electric_scooter ",2,"No ","Metropolitian ","Fog","Low ",0
"31/03/2022","21:10:00","21:15:00",44,"Buffet ",39,4.9,13,"motorcycle ",0,"No ","Metropolitian ","Windy","Jam ",1
"7/03/2022","13:50:00","14:00:00",29,"Meal ",31,4.6,23,"scooter ",1,"No ","Metropolitian ","Windy","High ",1
"26/03/2022","10:40:00","10:45:00",28,"Buffet ",35,4.6,22,"motorcycle ",0,"No ","Urban ","Cloudy","Low ",1
"28/03/2022","10:40:00","10:50:00",20,"Drinks ",37,5,22,"scooter ",2,"No ","Metropolitian ","Stormy","Low ",1
"27/03/2022","17:35:00","17:50:00",35,"Buffet ",31,4.8,8,"motorcycle ",0,"No ","Metropolitian ","Cloudy","Medium ",1
"4/04/2022","19:15:00","19:30:00",44,"Buffet ",32,4,15,"motorcycle ",0,"No ","Metropolitian ","Sandstorms","Jam ",2
"19/03/2022","13:30:00","13:40:00",16,"Meal ",20,4.9,8,"motorcycle ",1,"No ","Metropolitian ","Sunny","High ",1
"19/03/2022","17:55:00","18:05:00",29,"Snack ",35,4.9,6,"motorcycle ",1,"No ","Metropolitian ","Windy","Medium ",1
"17/02/2022","20:40:00","20:45:00",28,"Snack ",36,4.8,5,"motorcycle ",0,"No ","Metropolitian ","Fog","Jam ",0
"15/03/2022","12:30:00","12:45:00",30,"Meal ",24,5,16,"scooter ",1,"No ","Metropolitian ","Cloudy","High ",1
"28/03/2022","23:10:00","23:15:00",24,"Meal ",29,4.5,17,"motorcycle ",0,"No ","Metropolitian ","Cloudy","Low ",1
"6/03/2022","18:35:00","18:40:00",37,"Meal ",36,3.6,3,"motorcycle ",2,"No ","Metropolitian ","Stormy","Medium ",0
"15/03/2022","11:25:00","11:40:00",30,"Drinks ",36,4.9,9,"scooter ",2,"No ","Metropolitian ","Windy","High ",1
"1/03/2022","0:00:00","0:15:00",11,"Drinks ",34,4.9,22,"electric_scooter ",2,"No ","Metropolitian ","Sunny","Low ",1
"6/03/2022","19:20:00","19:35:00",54,"Meal ",31,4.7,14,"motorcycle ",0,"No ","Metropolitian ","Sunny","Jam ",1
"19/03/2022","10:35:00","10:40:00",20,"Drinks ",31,4.3,6,"motorcycle ",0,"No ","Urban ","Sandstorms","Low ",1
"2/03/2022","20:25:00","20:30:00",49,"Snack ",38,4.8,14,"motorcycle ",1,"No ","Metropolitian ","Stormy","Jam ",3
"3/03/2022","14:35:00","14:40:00",17,"Meal ",30,4.5,22,"scooter ",2,"No ","Metropolitian ","Sunny","High ",0
"13/02/2022","19:25:00","19:35:00",15,"Buffet ",26,4.6,8,"scooter ",1,"No ","Metropolitian ","Sandstorms","Jam ",1
"31/03/2022","22:15:00","22:20:00",22,"Buffet ",36,5,18,"motorcycle ",0,"No ","Metropolitian ","Sunny","Low ",0
"26/03/2022","18:15:00","18:30:00",24,"Drinks ",20,4.5,12,"motorcycle ",2,"No ","Metropolitian ","Sandstorms","Medium ",1
"28/03/2022","21:55:00","22:10:00",27,"Drinks ",27,4.7,18,"motorcycle ",1,"No ","Metropolitian ","Windy","Jam ",0
"15/03/2022","20:55:00","21:05:00",18,"Meal ",20,4.7,23,"electric_scooter ",2,"No ","Urban ","Sandstorms","Jam ",1
"19/03/2022","10:20:00","10:35:00",19,"Buffet ",35,4.6,1,"motorcycle ",1,"No ","Metropolitian ","Cloudy","Low ",1
"29/03/2022","21:30:00","21:45:00",46,"Meal ",36,4.8,3,"motorcycle ",1,"No ","Metropolitian ","Cloudy","Jam ",1
"23/03/2022","18:50:00","19:05:00",37,"Snack ",35,4.8,1,"motorcycle ",1,"No ","Metropolitian ","Cloudy","Medium ",1
"11/03/2022","8:10:00","8:20:00",25,"Drinks ",30,5,14,"scooter ",1,"No ","Metropolitian ","Sandstorms","Low ",0
"4/03/2022","21:10:00","21:25:00",30,"Snack ",39,4.9,23,"motorcycle ",0,"No ","Metropolitian ","Sunny","Jam ",1
"5/04/2022","18:30:00","18:40:00",31,"Snack ",33,4,3,"scooter ",2,"No ","Metropolitian ","Sandstorms","Medium ",0
"13/03/2022","8:20:00","8:25:00",12,"Drinks ",25,4.5,21,"scooter ",2,"No ","Metropolitian ","Stormy","Low ",1
"21/03/2022","10:35:00","10:50:00",16,"Meal ",24,4.7,18,"scooter ",1,"No ","Urban ","Fog","Low ",0
"11/03/2022","16:20:00","16:25:00",17,"Meal ",27,4.9,12,"motorcycle ",1,"No ","Metropolitian ","Cloudy","Medium ",1
"11/03/2022","21:25:00","21:40:00",27,"Drinks ",34,4.7,15,"scooter ",1,"No ","Metropolitian ","Stormy","Jam ",0
"2/03/2022","18:35:00","18:45:00",41,"Drinks ",31,4.3,23,"scooter ",1,"Yes ","Metropolitian ","Fog","Medium ",1
"4/04/2022","22:55:00","23:05:00",36,"Buffet ",34,4,13,"motorcycle ",0,"No ","Metropolitian ","Cloudy","Low ",1
"17/02/2022","9:10:00","9:15:00",22,"Drinks ",25,5,19,"electric_scooter ",2,"No ","Urban ","Sunny","Low ",1
"17/02/2022","10:25:00","10:30:00",11,"Snack ",39,5,2,"electric_scooter ",2,"No ","Metropolitian ","Sandstorms","Low ",0
"6/03/2022","23:55:00","0:10:00",21,"Snack ",25,4.9,16,"motorcycle ",1,"No ","Urban ","Stormy","Low ",0
"19/03/2022","23:25:00","23:40:00",25,"Meal ",20,4.3,13,"motorcycle ",0,"No ","Metropolitian ","Windy","Low ",0
"27/03/2022","23:45:00","23:55:00",21,"Buffet ",27,4.9,12,"motorcycle ",0,"No ","Metropolitian ","Sunny","Low ",1
"18/02/2022","22:20:00","22:25:00",21,"Meal ",22,4.9,2,"motorcycle ",0,"No ","Metropolitian ","Fog","Low ",0
"31/03/2022","17:35:00","17:40:00",32,"Snack ",34,3.5,6,"motorcycle ",2,"No ","Metropolitian ","Windy","Medium ",1
"12/03/2022","22:50:00","22:55:00",27,"Drinks ",24,4.6,16,"scooter ",1,"No ","Metropolitian ","Cloudy","Low ",0
"21/03/2022","12:35:00","12:50:00",29,"Buffet ",38,5,5,"electric_scooter ",2,"No ","Metropolitian ","Stormy","High ",0
"8/03/2022","20:45:00","20:50:00",33,"Snack ",28,4.1,1,"scooter ",2,"No ","Metropolitian ","Fog","Jam ",1
"15/02/2022","21:30:00","21:35:00",24,"Snack ",29,4.8,9,"scooter ",1,"No ","Metropolitian ","Stormy","Jam ",1
"24/03/2022","21:10:00","21:20:00",28,"Meal ",32,4.5,23,"motorcycle ",1,"No ","Metropolitian ","Stormy","Jam ",1
"5/03/2022","23:30:00","23:45:00",19,"Buffet ",20,4.7,23,"motorcycle ",0,"No ","Metropolitian ","Stormy","Low ",1
"4/03/2022","23:50:00","0:05:00",37,"Snack ",39,4.3,21,"electric_scooter ",2,"No ","Metropolitian ","Fog","Low ",1
"30/03/2022","12:00:00","12:15:00",26,"Meal ",29,4.8,9,"motorcycle ",2,"No ","Metropolitian ","Fog","High ",1
"20/03/2022","23:45:00","23:50:00",39,"Snack ",38,4.3,5,"motorcycle ",2,"No ","Metropolitian ","Fog","Low ",2
"8/03/2022","20:45:00","20:50:00",35,"Meal ",25,4.2,5,"motorcycle ",0,"No ","Metropolitian ","Sandstorms","Jam ",1
"29/03/2022","0:00:00","0:05:00",20,"Buffet ",23,4.6,6,"motorcycle ",0,"No ","Urban ","Stormy","Low ",1
"18/03/2022","21:15:00","21:30:00",43,"Drinks ",24,4.7,22,"motorcycle ",0,"No ","Metropolitian ","Cloudy","Jam ",0
"19/03/2022","21:55:00","22:10:00",39,"Drinks ",39,4.7,22,"electric_scooter ",2,"No ","Metropolitian ","Fog","Jam ",2
"26/03/2022","15:30:00","15:45:00",33,"Buffet ",38,5,22,"motorcycle ",2,"No ","Urban ","Sandstorms","Medium ",1
"15/02/2022","12:50:00","12:55:00",16,"Meal ",28,4.8,5,"motorcycle ",1,"No ","Metropolitian ","Sunny","High ",1
"17/03/2022","23:45:00","23:55:00",27,"Snack ",38,4.9,9,"scooter ",2,"No ","Metropolitian ","Windy","Low ",0
"4/04/2022","19:50:00","20:00:00",34,"Drinks ",25,4,2,"scooter ",1,"No ","Metropolitian ","Cloudy","Jam ",1
"1/03/2022","18:25:00","18:40:00",22,"Meal ",22,4.6,21,"scooter ",2,"No ","Urban ","Stormy","Medium ",1
"1/03/2022","23:10:00","23:20:00",19,"Buffet ",20,4.9,9,"scooter ",2,"No ","Metropolitian ","Sunny","Low ",1
"2/03/2022","19:20:00","19:25:00",18,"Drinks ",22,4.8,21,"motorcycle ",1,"No ","Metropolitian ","Stormy","Jam ",0
"21/03/2022","19:50:00","19:55:00",37,"Snack ",35,4.2,13,"motorcycle ",0,"No ","Metropolitian ","Sandstorms","Jam ",1
"1/03/2022","10:40:00","10:45:00",10,"Buffet ",28,4.9,15,"motorcycle ",2,"No ","Urban ","Sandstorms","Low ",1
"7/03/2022","8:10:00","8:25:00",13,"Drinks ",33,5,15,"scooter ",1,"No ","Urban ","Stormy","Low ",0
"13/02/2022","10:55:00","11:05:00",16,"Snack ",37,5,7,"motorcycle ",1,"No ","Metropolitian ","Sunny","Low ",1
"4/03/2022","17:50:00","18:00:00",24,"Meal ",32,4.7,21,"scooter ",1,"No ","Metropolitian ","Sunny","Medium ",1
"20/03/2022","19:40:00","19:45:00",29,"Buffet ",26,4.6,6,"motorcycle ",2,"No ","Metropolitian ","Sandstorms","Jam ",1
"1/04/2022","23:00:00","23:15:00",18,"Snack ",28,4.9,22,"electric_scooter ",2,"No ","Metropolitian ","Sandstorms","Low ",0
"4/04/2022","22:30:00","22:45:00",23,"Buffet ",27,4.8,18,"motorcycle ",1,"No ","Metropolitian ","Cloudy","Low ",1
"27/03/2022","23:45:00","0:00:00",33,"Meal ",31,3.5,8,"electric_scooter ",2,"No ","Metropolitian ","Cloudy","Low ",1
"26/03/2022","23:30:00","23:45:00",20,"Buffet ",38,4.7,17,"scooter ",2,"No ","Metropolitian ","Sandstorms","Low ",0
"3/04/2022","11:35:00","11:40:00",32,"Meal ",36,4.2,15,"motorcycle ",0,"No ","Metropolitian ","Cloudy","High ",1
"2/03/2022","21:40:00","21:50:00",47,"Meal ",23,4.7,12,"motorcycle ",0,"No ","Metropolitian ","Fog","Jam ",2
"13/02/2022","9:50:00","10:00:00",17,"Buffet ",28,5,16,"electric_scooter ",2,"No ","Urban ","Stormy","Low ",1
"3/03/2022","10:10:00","10:25:00",22,"Buffet ",27,4.5,9,"motorcycle ",0,"No ","Metropolitian ","Windy","Low ",0
"12/03/2022","22:25:00","22:40:00",22,"Snack ",30,4.9,17,"scooter ",2,"No ","Metropolitian ","Stormy","Low ",0
"18/03/2022","20:50:00","21:05:00",31,"Drinks ",27,4.9,21,"motorcycle ",1,"No ","Metropolitian ","Cloudy","Jam ",1
"17/03/2022","22:40:00","22:50:00",24,"Buffet ",21,4.8,15,"scooter ",2,"No ","Metropolitian ","Sunny","Low ",1
"2/04/2022","17:30:00","17:35:00",35,"Buffet ",36,4.3,16,"scooter ",2,"No ","Urban ","Sandstorms","Medium ",1
"13/02/2022","19:00:00","19:15:00",14,"Meal ",25,4.7,3,"scooter ",1,"No ","Metropolitian ","Fog","Medium ",0
"4/04/2022","20:35:00","20:45:00",48,"Buffet ",39,4.1,3,"motorcycle ",2,"No ","Semi-Urban ","Cloudy","Jam ",1
"4/03/2022","17:50:00","18:00:00",30,"Snack ",24,4.6,15,"motorcycle ",0,"No ","Metropolitian ","Stormy","Medium ",0
"14/02/2022","19:30:00","19:45:00",30,"Drinks ",36,4.7,3,"motorcycle ",1,"No ","Metropolitian ","Sandstorms","Jam ",1
"13/02/2022","13:00:00","13:10:00",28,"Drinks ",29,5,9,"scooter ",2,"No ","Metropolitian ","Fog","High ",1
"19/03/2022","8:45:00","8:50:00",13,"Snack ",24,4.6,23,"motorcycle ",0,"No ","Urban ","Sunny","Low ",0
"3/03/2022","8:25:00","8:40:00",23,"Meal ",31,4.8,23,"scooter ",2,"No ","Urban ","Stormy","Low ",0
"4/04/2022","21:20:00","21:30:00",40,"Drinks ",32,3.9,1,"motorcycle ",2,"No ","Metropolitian ","Windy","Jam ",1
"11/03/2022","14:35:00","14:40:00",33,"Drinks ",37,4,6,"scooter ",1,"No ","Metropolitian ","Windy","High ",0
"17/02/2022","16:40:00","16:50:00",27,"Drinks ",23,4.7,5,"scooter ",1,"No ","Metropolitian ","Windy","Medium ",1
"13/03/2022","23:45:00","23:50:00",25,"Buffet ",31,4.5,21,"motorcycle ",0,"No ","Metropolitian ","Cloudy","Low ",1
"2/03/2022","19:40:00","19:50:00",41,"Buffet ",21,5,23,"scooter ",1,"No ","Metropolitian ","Fog","Jam ",1
"17/02/2022","19:50:00","20:00:00",13,"Buffet ",27,4.7,16,"motorcycle ",1,"No ","Urban ","Windy","Jam ",1
"26/03/2022","11:15:00","11:30:00",32,"Buffet ",33,5,15,"motorcycle ",0,"No ","Urban ","Fog","High ",1
"5/03/2022","20:45:00","20:55:00",26,"Drinks ",37,4.9,23,"motorcycle ",0,"No ","Metropolitian ","Sunny","Jam ",1
"30/03/2022","16:20:00","16:35:00",15,"Meal ",30,4.7,17,"motorcycle ",1,"No ","Metropolitian ","Cloudy","Medium ",1
"17/02/2022","18:25:00","18:40:00",29,"Snack ",30,4.6,6,"motorcycle ",1,"No ","Metropolitian ","Stormy","Medium ",1
"2/03/2022","17:25:00","17:30:00",18,"Buffet ",30,4.8,22,"motorcycle ",2,"No ","Metropolitian ","Sunny","Medium ",1
"27/03/2022","20:50:00","21:00:00",26,"Snack ",24,5,13,"scooter ",2,"No ","Metropolitian ","Windy","Jam ",1
"9/03/2022","9:20:00","9:35:00",29,"Meal ",26,4.4,3,"motorcycle ",0,"No ","Urban ","Stormy","Low ",1
"24/03/2022","22:10:00","22:15:00",28,"Drinks ",31,4.5,13,"motorcycle ",1,"No ","Metropolitian ","Sandstorms","Low ",1
"12/02/2022","21:30:00","21:45:00",15,"Snack ",22,4.6,17,"motorcycle ",0,"No ","Urban ","Sunny","Jam ",0
"9/03/2022","22:25:00","22:30:00",27,"Snack ",33,4.8,14,"motorcycle ",1,"No ","Metropolitian ","Windy","Low ",1
"5/03/2022","14:45:00","14:55:00",18,"Meal ",38,4.8,19,"electric_scooter ",2,"No ","Urban ","Stormy","High ",0
"19/03/2022","9:20:00","9:30:00",11,"Drinks ",27,4.6,23,"scooter ",2,"No ","Metropolitian ","Fog","Low ",0
"11/02/2022","11:15:00","11:30:00",27,"Meal ",30,4.7,8,"motorcycle ",1,"No ","Metropolitian ","Windy","High ",1
"6/04/2022","22:00:00","22:05:00",36,"Snack ",28,5,17,"motorcycle ",0,"No ","Metropolitian ","Windy","Jam ",0
"31/03/2022","22:00:00","22:05:00",52,"Buffet ",37,4.8,3,"motorcycle ",0,"No ","Metropolitian ","Fog","Jam ",1
"3/04/2022","18:50:00","18:55:00",26,"Drinks ",32,4.5,19,"motorcycle ",1,"No ","Metropolitian ","Sandstorms","Medium ",0
"8/03/2022","21:55:00","22:10:00",25,"Meal ",21,4.5,22,"scooter ",2,"No ","Metropolitian ","Sandstorms","Jam ",0
"2/03/2022","23:45:00","0:00:00",23,"Snack ",20,4.6,12,"motorcycle ",1,"No ","Metropolitian ","Fog","Low ",1
"3/03/2022","19:10:00","19:20:00",33,"Drinks ",31,4,5,"motorcycle ",1,"No ","Metropolitian ","Sandstorms","Jam ",0
"2/04/2022","18:45:00","18:55:00",32,"Buffet ",27,4.8,17,"motorcycle ",2,"No ","Urban ","Fog","Medium ",0
"11/03/2022","16:35:00","16:50:00",28,"Meal ",39,4.8,23,"scooter ",2,"No ","Metropolitian ","Windy","Medium ",1
"16/02/2022","18:50:00","19:00:00",36,"Snack ",27,5,5,"scooter ",2,"No ","Metropolitian ","Stormy","Medium ",1
"4/03/2022","17:30:00","17:40:00",28,"Snack ",37,5,17,"motorcycle ",0,"No ","Metropolitian ","Sunny","Medium ",1
"18/03/2022","23:00:00","23:05:00",39,"Buffet ",33,4.1,12,"motorcycle ",0,"No ","Metropolitian ","Fog","Low ",0
"6/04/2022","17:45:00","18:00:00",35,"Snack ",24,4.4,1,"motorcycle ",0,"No ","Metropolitian ","Sandstorms","Medium ",0
"24/03/2022","19:30:00","19:40:00",16,"Meal ",21,4.9,23,"scooter ",1,"No ","Metropolitian ","Sunny","Jam ",1
"20/03/2022","17:35:00","17:50:00",25,"Buffet ",20,4.8,21,"motorcycle ",0,"No ","Metropolitian ","Sunny","Medium ",1
"1/03/2022","12:00:00","12:10:00",34,"Drinks ",28,4,4,"motorcycle ",2,"No ","Urban ","Fog","High ",1
"6/04/2022","20:35:00","20:40:00",22,"Meal ",20,4.6,23,"motorcycle ",2,"No ","Urban ","Sandstorms","Jam ",1
"29/03/2022","18:50:00","19:05:00",26,"Drinks ",35,4.7,6,"scooter ",1,"No ","Urban ","Sunny","Medium ",1
"17/02/2022","18:50:00","19:00:00",11,"Snack ",27,4.7,4,"motorcycle ",1,"No ","Metropolitian ","Fog","Medium ",0
"13/02/2022","11:50:00","12:05:00",28,"Buffet ",39,4.5,1,"scooter ",1,"No ","Urban ","Cloudy","High ",1
"9/03/2022","18:35:00","18:45:00",18,"Drinks ",30,4.6,19,"scooter ",1,"No ","Metropolitian ","Cloudy","Medium ",1
"29/03/2022","19:40:00","19:45:00",18,"Meal ",28,4.9,22,"scooter ",1,"No ","Metropolitian ","Windy","Jam ",1
"13/03/2022","23:10:00","23:25:00",21,"Meal ",35,4.8,17,"motorcycle ",1,"No ","Urban ","Windy","Low ",1
"9/03/2022","14:30:00","14:35:00",31,"Drinks ",35,4.7,15,"motorcycle ",0,"No ","Urban ","Windy","High ",1
"30/03/2022","20:35:00","20:50:00",29,"Meal ",24,4.9,11,"motorcycle ",2,"No ","Metropolitian ","Stormy","Jam ",1
"17/03/2022","13:15:00","13:20:00",12,"Snack ",29,4.6,13,"scooter ",1,"No ","Metropolitian ","Windy","High ",0
"4/03/2022","18:35:00","18:50:00",38,"Meal ",22,4.8,22,"motorcycle ",0,"No ","Urban ","Sandstorms","Medium ",2
"15/03/2022","22:25:00","22:40:00",14,"Buffet ",23,4.6,14,"motorcycle ",1,"No ","Metropolitian ","Stormy","Low ",0
"30/03/2022","16:40:00","16:50:00",27,"Snack ",37,4.8,16,"motorcycle ",0,"No ","Metropolitian ","Sunny","Medium ",1
"9/03/2022","16:50:00","17:00:00",32,"Snack ",38,4.3,13,"motorcycle ",0,"No ","Metropolitian ","Sandstorms","Medium ",1
"3/04/2022","14:25:00","14:40:00",30,"Snack ",39,4.6,18,"scooter ",1,"No ","Urban ","Sandstorms","High ",1
"13/02/2022","10:40:00","10:55:00",12,"Buffet ",27,4.6,6,"scooter ",1,"No ","Metropolitian ","Windy","Low ",1
"17/03/2022","18:10:00","18:20:00",16,"Snack ",20,4.9,15,"motorcycle ",1,"No ","Metropolitian ","Fog","Medium ",1
"7/03/2022","18:00:00","18:15:00",22,"Buffet ",30,4.9,15,"motorcycle ",0,"No ","Urban ","Stormy","Medium ",0
"3/03/2022","21:35:00","21:40:00",23,"Snack ",26,5,14,"scooter ",1,"No ","Metropolitian ","Windy","Jam ",1
"3/03/2022","17:40:00","17:50:00",27,"Meal ",28,4.6,22,"motorcycle ",2,"No ","Urban ","Stormy","Medium ",0
"17/03/2022","11:55:00","12:10:00",14,"Drinks ",21,4.5,1,"motorcycle ",2,"No ","Urban ","Stormy","High ",0
"5/03/2022","17:25:00","17:30:00",19,"Snack ",34,5,21,"electric_scooter ",2,"No ","Urban ","Sandstorms","Medium ",0
"25/03/2022","19:30:00","19:35:00",37,"Buffet ",27,4.9,9,"motorcycle ",0,"No ","Metropolitian ","Windy","Jam ",1
"2/04/2022","21:55:00","22:05:00",41,"Meal ",39,4.1,13,"scooter ",2,"No ","Metropolitian ","Windy","Jam ",0
"10/03/2022","18:25:00","18:40:00",12,"Meal ",25,4.6,23,"scooter ",2,"No ","Metropolitian ","Sunny","Medium ",0
"26/03/2022","23:15:00","23:25:00",27,"Buffet ",33,5,19,"motorcycle ",0,"No ","Urban ","Fog","Low ",0
"18/03/2022","23:45:00","23:50:00",28,"Buffet ",30,4.6,7,"motorcycle ",1,"No ","Metropolitian ","Fog","Low ",1
"4/04/2022","20:25:00","20:40:00",36,"Meal ",38,4.6,17,"motorcycle ",0,"No ","Metropolitian ","Windy","Jam ",1
"19/03/2022","10:00:00","10:10:00",20,"Meal ",39,4.8,17,"motorcycle ",0,"No ","Urban ","Cloudy","Low ",1
"17/03/2022","11:10:00","11:25:00",33,"Meal ",38,4.4,21,"scooter ",1,"No ","Metropolitian ","Windy","High ",1
"7/03/2022","14:55:00","15:00:00",19,"Snack ",22,4.6,16,"motorcycle ",0,"No ","Metropolitian ","Stormy","High ",1
"17/03/2022","11:25:00","11:35:00",30,"Meal ",33,4.7,15,"motorcycle ",2,"No ","Metropolitian ","Stormy","High ",1
"15/03/2022","10:25:00","10:30:00",12,"Snack ",25,5,22,"motorcycle ",1,"No ","Urban ","Cloudy","Low ",0
"11/02/2022","23:55:00","0:10:00",18,"Buffet ",26,4.9,2,"motorcycle ",2,"No ","Metropolitian ","Sunny","Low ",1
"25/03/2022","19:45:00","20:00:00",31,"Drinks ",38,4.2,5,"scooter ",2,"No ","Metropolitian ","Sunny","Jam ",1
"4/03/2022","17:10:00","17:20:00",26,"Drinks ",20,4.7,9,"scooter ",1,"No ","Metropolitian ","Fog","Medium ",1
"1/03/2022","23:00:00","23:10:00",10,"Snack ",26,4.9,23,"motorcycle ",1,"No ","Metropolitian ","Fog","Low ",0
"13/03/2022","22:15:00","22:30:00",19,"Drinks ",28,4.5,14,"motorcycle ",0,"No ","Metropolitian ","Fog","Low ",0
"15/03/2022","10:55:00","11:10:00",16,"Meal ",39,5,9,"electric_scooter ",2,"No ","Metropolitian ","Fog","Low ",1
"20/03/2022","19:25:00","19:35:00",25,"Meal ",21,5,19,"motorcycle ",0,"No ","Metropolitian ","Sandstorms","Jam ",1
"8/03/2022","22:35:00","22:50:00",21,"Meal ",29,4.7,13,"motorcycle ",0,"No ","Metropolitian ","Sunny","Low ",1
"25/03/2022","18:20:00","18:30:00",16,"Snack ",30,4.6,21,"motorcycle ",1,"No ","Metropolitian ","Sunny","Medium ",1
"8/03/2022","20:35:00","20:45:00",29,"Snack ",32,4.7,13,"scooter ",2,"No ","Metropolitian ","Sandstorms","Jam ",1
"25/03/2022","21:15:00","21:25:00",33,"Meal ",34,4.3,1,"motorcycle ",2,"No ","Metropolitian ","Windy","Jam ",1
"4/03/2022","22:15:00","22:30:00",28,"Buffet ",25,4.7,21,"electric_scooter ",2,"No ","Urban ","Stormy","Low ",0
"20/03/2022","19:10:00","19:25:00",22,"Snack ",25,4.8,19,"motorcycle ",1,"No ","Metropolitian ","Windy","Jam ",1
"18/02/2022","19:20:00","19:30:00",22,"Buffet ",39,5,3,"scooter ",2,"No ","Metropolitian ","Sunny","Jam ",0
"30/03/2022","10:50:00","11:00:00",20,"Snack ",20,4.4,17,"motorcycle ",0,"No ","Metropolitian ","Stormy","Low ",0
"11/03/2022","10:00:00","10:15:00",20,"Drinks ",34,4.7,13,"motorcycle ",0,"No ","Metropolitian ","Fog","Low ",1
"4/04/2022","17:35:00","17:50:00",23,"Meal ",36,4.9,22,"scooter ",1,"No ","Metropolitian ","Windy","Medium ",1
"5/04/2022","23:50:00","23:55:00",11,"Drinks ",20,4.7,23,"scooter ",2,"No ","Metropolitian ","Stormy","Low ",0
"19/03/2022","8:35:00","8:50:00",26,"Meal ",33,4.9,3,"scooter ",1,"No ","Metropolitian ","Windy","Low ",1
"5/03/2022","17:55:00","18:05:00",19,"Meal ",25,4.9,15,"motorcycle ",0,"No ","Urban ","Stormy","Medium ",1
"15/02/2022","14:35:00","14:45:00",33,"Snack ",26,4.7,4,"motorcycle ",0,"No ","Metropolitian ","Stormy","High ",1
"21/03/2022","18:45:00","18:50:00",27,"Meal ",33,4.8,21,"motorcycle ",0,"No ","Metropolitian ","Sunny","Medium ",1
"4/04/2022","17:45:00","18:00:00",39,"Meal ",30,4.3,13,"scooter ",1,"No ","Metropolitian ","Fog","Medium ",1
"11/03/2022","0:00:00","0:10:00",16,"Buffet ",27,4.8,14,"motorcycle ",0,"No ","Metropolitian ","Fog","Low ",1
"15/02/2022","23:40:00","23:55:00",15,"Buffet ",26,4.8,3,"motorcycle ",1,"No ","Metropolitian ","Stormy","Low ",0
"1/03/2022","11:25:00","11:35:00",31,"Drinks ",23,4.3,14,"motorcycle ",1,"No ","Metropolitian ","Fog","High ",1
"30/03/2022","11:20:00","11:35:00",23,"Drinks ",39,4.7,18,"motorcycle ",2,"No ","Metropolitian ","Sunny","High ",1
"23/03/2022","18:30:00","18:35:00",27,"Snack ",39,4.8,16,"scooter ",2,"No ","Metropolitian ","Sandstorms","Medium ",0
"4/04/2022","21:15:00","21:25:00",30,"Snack ",38,4.9,4,"scooter ",2,"No ","Metropolitian ","Stormy","Jam ",1
"12/02/2022","21:20:00","21:35:00",28,"Drinks ",27,4.6,6,"scooter ",2,"No ","Metropolitian ","Windy","Jam ",0
"30/03/2022","21:20:00","21:30:00",47,"Meal ",31,4.6,7,"motorcycle ",0,"No ","Metropolitian ","Sandstorms","Jam ",0
"19/03/2022","16:15:00","16:25:00",29,"Buffet ",23,4.7,9,"motorcycle ",0,"No ","Metropolitian ","Windy","Medium ",1
"12/03/2022","22:15:00","22:30:00",22,"Buffet ",26,4.7,17,"motorcycle ",0,"No ","Urban ","Sunny","Low ",0
"6/04/2022","23:10:00","23:15:00",37,"Drinks ",33,4.2,3,"motorcycle ",0,"No ","Metropolitian ","Cloudy","Low ",1
"19/03/2022","11:45:00","12:00:00",27,"Snack ",34,4.5,3,"scooter ",1,"No ","Urban ","Fog","High ",0
"16/03/2022","22:40:00","22:50:00",19,"Snack ",31,4.9,12,"scooter ",1,"No ","Metropolitian ","Windy","Low ",1
"7/03/2022","21:25:00","21:40:00",26,"Buffet ",39,5,21,"motorcycle ",0,"No ","Metropolitian ","Sunny","Jam ",0
"13/02/2022","10:25:00","10:40:00",25,"Meal ",20,4.1,15,"motorcycle ",0,"No ","Metropolitian ","Sandstorms","Low ",1
"10/03/2022","18:25:00","18:40:00",29,"Buffet ",29,4.6,16,"scooter ",1,"No ","Metropolitian ","Fog","Medium ",1
"15/02/2022","10:50:00","11:00:00",21,"Snack ",31,4.3,8,"motorcycle ",0,"No ","Metropolitian ","Sandstorms","Low ",1
"7/03/2022","20:00:00","20:15:00",23,"Buffet ",23,4.8,18,"motorcycle ",1,"No ","Metropolitian ","Sunny","Jam ",1
"24/03/2022","11:30:00","11:35:00",17,"Snack ",23,4.8,23,"motorcycle ",2,"No ","Metropolitian ","Sandstorms","High ",1
"14/03/2022","17:15:00","17:25:00",32,"Meal ",21,4.7,15,"electric_scooter ",2,"No ","Metropolitian ","Fog","Medium ",0
"18/02/2022","20:55:00","21:10:00",23,"Meal ",24,4.6,7,"scooter ",1,"No ","Metropolitian ","Fog","Jam ",1
"7/03/2022","8:25:00","8:40:00",28,"Snack ",33,4.3,15,"motorcycle ",0,"No ","Metropolitian ","Sandstorms","Low ",1
"8/03/2022","20:55:00","21:00:00",49,"Meal ",36,4.8,9,"motorcycle ",2,"Yes ","Metropolitian ","Sunny","Jam ",1
"11/03/2022","13:10:00","13:25:00",22,"Snack ",23,4.7,18,"scooter ",1,"No ","Metropolitian ","Sandstorms","High ",1
"15/03/2022","9:50:00","10:05:00",18,"Drinks ",21,4.9,9,"motorcycle ",0,"No ","Metropolitian ","Fog","Low ",0
"14/02/2022","22:40:00","22:55:00",17,"Buffet ",26,4.6,2,"motorcycle ",1,"No ","Metropolitian ","Sandstorms","Low ",0
"6/03/2022","22:10:00","22:15:00",20,"Meal ",23,4.7,18,"scooter ",2,"No ","Metropolitian ","Fog","Low ",1
"24/03/2022","23:55:00","0:10:00",10,"Buffet ",28,4.7,17,"electric_scooter ",2,"No ","Metropolitian ","Cloudy","Low ",0
"4/04/2022","22:20:00","22:30:00",21,"Snack ",34,4.6,22,"scooter ",2,"No ","Metropolitian ","Windy","Low ",1
"17/03/2022","14:55:00","15:10:00",25,"Meal ",33,4.8,6,"scooter ",2,"No ","Metropolitian ","Cloudy","High ",1
"12/03/2022","19:35:00","19:45:00",39,"Buffet ",36,4,6,"scooter ",1,"No ","Metropolitian ","Fog","Jam ",1
"15/02/2022","15:20:00","15:25:00",12,"Meal ",20,4.7,8,"scooter ",1,"No ","Metropolitian ","Sunny","Medium ",0
"11/02/2022","9:40:00","9:45:00",15,"Snack ",25,4.8,7,"scooter ",2,"No ","Metropolitian ","Fog","Low ",0
"24/03/2022","17:45:00","17:50:00",29,"Snack ",35,4.8,9,"scooter ",1,"No ","Metropolitian ","Stormy","Medium ",1
"2/04/2022","18:35:00","18:40:00",25,"Buffet ",38,4.6,18,"motorcycle ",1,"No ","Urban ","Sandstorms","Medium ",1
"26/03/2022","12:50:00","12:55:00",15,"Snack ",21,4.7,21,"motorcycle ",0,"No ","Urban ","Windy","High ",1
"5/03/2022","10:15:00","10:25:00",18,"Meal ",28,4.9,18,"motorcycle ",2,"No ","Metropolitian ","Stormy","Low ",1
"12/03/2022","23:20:00","23:25:00",25,"Snack ",31,5,12,"motorcycle ",1,"No ","Metropolitian ","Cloudy","Low ",1
"11/03/2022","23:25:00","23:30:00",29,"Snack ",30,4.9,22,"scooter ",2,"No ","Urban ","Stormy","Low ",1
"7/03/2022","14:45:00","15:00:00",33,"Buffet ",33,4.9,22,"motorcycle ",2,"No ","Metropolitian ","Windy","High ",1
"11/03/2022","22:35:00","22:50:00",23,"Meal ",20,4.2,3,"motorcycle ",0,"No ","Urban ","Stormy","Low ",1
"15/02/2022","22:50:00","23:05:00",18,"Snack ",33,4.8,8,"motorcycle ",1,"No ","Metropolitian ","Stormy","Low ",1
"28/03/2022","10:25:00","10:40:00",17,"Drinks ",28,5,12,"scooter ",2,"No ","Metropolitian ","Stormy","Low ",0
"26/03/2022","18:15:00","18:30:00",24,"Drinks ",20,4.5,12,"motorcycle ",2,"No ","Metropolitian ","Sandstorms","Medium ",1
"14/03/2022","21:10:00","21:15:00",34,"Buffet ",36,4.1,3,"scooter ",2,"No ","Metropolitian ","Sunny","Jam ",1
"15/02/2022","18:10:00","18:20:00",14,"Snack ",27,4.9,7,"scooter ",1,"No ","Metropolitian ","Fog","Medium ",0
"13/02/2022","9:25:00","9:40:00",24,"Drinks ",33,4.4,9,"motorcycle ",0,"No ","Metropolitian ","Windy","Low ",1
"29/03/2022","0:00:00","0:10:00",37,"Meal ",33,3.8,8,"scooter ",2,"No ","Metropolitian ","Fog","Low ",0
"3/04/2022","16:10:00","16:15:00",22,"Meal ",25,5,19,"scooter ",2,"No ","Metropolitian ","Sandstorms","Medium ",1
"12/03/2022","22:55:00","23:00:00",22,"Buffet ",21,4.9,17,"motorcycle ",2,"No ","Urban ","Cloudy","Low ",0
"6/03/2022","21:50:00","22:00:00",35,"Snack ",32,4,2,"scooter ",1,"No ","Metropolitian ","Sunny","Jam ",1
"16/03/2022","18:50:00","19:05:00",31,"Meal ",28,4.8,15,"motorcycle ",0,"No ","Metropolitian ","Stormy","Medium ",1
"14/03/2022","20:45:00","21:00:00",39,"Buffet ",33,4.8,21,"electric_scooter ",2,"No ","Urban ","Fog","Jam ",2
"17/03/2022","23:25:00","23:30:00",18,"Snack ",35,4.7,2,"scooter ",2,"No ","Metropolitian ","Sunny","Low ",0
"9/03/2022","19:55:00","20:10:00",28,"Meal ",31,4.9,18,"motorcycle ",0,"No ","Metropolitian ","Cloudy","Jam ",1
"23/03/2022","22:20:00","22:25:00",42,"Meal ",32,4.8,18,"motorcycle ",0,"No ","Urban ","Fog","Low ",1
"14/03/2022","23:15:00","23:25:00",28,"Meal ",32,4.8,22,"motorcycle ",1,"No ","Metropolitian ","Fog","Low ",1
"26/03/2022","15:55:00","16:00:00",32,"Meal ",30,5,2,"motorcycle ",1,"No ","Metropolitian ","Sandstorms","Medium ",1
"13/02/2022","23:20:00","23:30:00",22,"Drinks ",35,4.8,4,"electric_scooter ",2,"No ","Metropolitian ","Windy","Low ",1
"5/03/2022","14:45:00","14:55:00",30,"Snack ",33,4.5,4,"motorcycle ",2,"No ","Urban ","Stormy","High ",1
"16/02/2022","22:55:00","23:10:00",21,"Buffet ",34,4.9,16,"motorcycle ",0,"No ","Urban ","Windy","Low ",1
"12/03/2022","17:45:00","17:55:00",26,"Drinks ",34,4.9,23,"scooter ",1,"No ","Metropolitian ","Sunny","Medium ",1
"15/02/2022","21:10:00","21:20:00",23,"Drinks ",33,4.5,8,"motorcycle ",0,"No ","Metropolitian ","Sunny","Jam ",1
"12/03/2022","19:35:00","19:45:00",28,"Buffet ",25,4.6,19,"motorcycle ",0,"No ","Metropolitian ","Sandstorms","Jam ",0
"30/03/2022","22:10:00","22:25:00",13,"Meal ",38,4.8,23,"motorcycle ",2,"No ","Metropolitian ","Sunny","Low ",0
"13/02/2022","19:10:00","19:15:00",30,"Snack ",30,4.7,9,"motorcycle ",0,"No ","Metropolitian ","Windy","Jam ",1
"24/03/2022","22:50:00","23:05:00",26,"Meal ",31,4.7,19,"motorcycle ",0,"No ","Metropolitian ","Fog","Low ",1
"29/03/2022","19:50:00","20:05:00",49,"Snack ",24,4.6,1,"motorcycle ",0,"No ","Urban ","Cloudy","Jam ",1
"28/03/2022","9:50:00","10:00:00",13,"Drinks ",28,5,15,"motorcycle ",1,"No ","Urban ","Cloudy","Low ",1
"21/03/2022","19:45:00","19:50:00",33,"Drinks ",27,4.7,8,"motorcycle ",0,"No ","Metropolitian ","Windy","Jam ",1
"4/03/2022","23:40:00","23:55:00",27,"Snack ",24,4.9,18,"scooter ",2,"No ","Metropolitian ","Fog","Low ",1
"4/03/2022","20:45:00","21:00:00",26,"Snack ",34,4.6,21,"scooter ",1,"No ","Metropolitian ","Sunny","Jam ",0
"6/04/2022","23:50:00","23:55:00",15,"Buffet ",35,5,23,"scooter ",2,"No ","Metropolitian ","Sandstorms","Low ",1
"18/03/2022","19:20:00","19:25:00",26,"Drinks ",36,5,13,"motorcycle ",1,"No ","Metropolitian ","Windy","Jam ",0
"21/03/2022","9:25:00","9:35:00",24,"Snack ",39,4.8,22,"motorcycle ",0,"No ","Urban ","Fog","Low ",1
"25/03/2022","19:45:00","19:50:00",26,"Buffet ",25,4.8,17,"scooter ",2,"No ","Metropolitian ","Windy","Jam ",1
"6/04/2022","0:00:00","0:05:00",39,"Meal ",30,4.4,3,"motorcycle ",1,"No ","Metropolitian ","Fog","Low ",2
"15/03/2022","12:45:00","12:50:00",29,"Meal ",31,5,23,"electric_scooter ",2,"No ","Metropolitian ","Stormy","High ",1
"3/04/2022","18:00:00","18:05:00",29,"Snack ",38,4.5,21,"motorcycle ",0,"No ","Urban ","Fog","Medium ",1
"2/03/2022","19:00:00","19:05:00",44,"Drinks ",36,4.5,17,"motorcycle ",0,"No ","Metropolitian ","Stormy","Medium ",2
"1/03/2022","19:35:00","19:40:00",33,"Buffet ",34,4.8,21,"scooter ",1,"No ","Urban ","Fog","Jam ",1
"4/03/2022","19:55:00","20:05:00",43,"Buffet ",33,4.3,1,"scooter ",1,"No ","Urban ","Stormy","Jam ",0
"20/03/2022","20:00:00","20:05:00",40,"Drinks ",23,4.3,4,"scooter ",2,"No ","Metropolitian ","Cloudy","Jam ",2
"15/02/2022","20:00:00","20:10:00",22,"Snack ",22,4.9,7,"motorcycle ",2,"No ","Metropolitian ","Windy","Jam ",1
"20/03/2022","18:50:00","19:00:00",20,"Meal ",20,4.6,21,"motorcycle ",0,"No ","Metropolitian ","Stormy","Medium ",1
"3/04/2022","17:35:00","17:50:00",17,"Snack ",21,4.8,23,"motorcycle ",0,"No ","Urban ","Sunny","Medium ",0
"12/03/2022","23:00:00","23:15:00",26,"Drinks ",34,4.7,13,"scooter ",2,"No ","Metropolitian ","Sunny","Low ",1
"13/02/2022","21:55:00","22:05:00",29,"Snack ",20,4.5,5,"motorcycle ",2,"No ","Urban ","Sandstorms","Jam ",1
"7/03/2022","8:30:00","8:35:00",19,"Buffet ",28,4.8,22,"motorcycle ",0,"No ","Urban ","Stormy","Low ",0
"25/03/2022","19:30:00","19:40:00",40,"Drinks ",33,4.9,3,"motorcycle ",1,"No ","Metropolitian ","Fog","Jam ",0
"7/03/2022","17:00:00","17:05:00",27,"Drinks ",22,4.6,18,"motorcycle ",2,"No ","Metropolitian ","Stormy","Medium ",1
"18/02/2022","23:10:00","23:15:00",27,"Drinks ",30,4.6,7,"motorcycle ",1,"No ","Metropolitian ","Stormy","Low ",0
"19/03/2022","17:40:00","17:50:00",12,"Snack ",27,4.9,18,"motorcycle ",2,"No ","Urban ","Fog","Medium ",0
"30/03/2022","9:45:00","9:55:00",10,"Buffet ",28,4.9,6,"motorcycle ",2,"No ","Urban ","Fog","Low ",1
"18/03/2022","23:55:00","0:05:00",20,"Buffet ",24,4.8,3,"motorcycle ",0,"No ","Metropolitian ","Cloudy","Low ",1
"3/04/2022","8:15:00","8:30:00",19,"Buffet ",38,4.9,9,"motorcycle ",1,"No ","Metropolitian ","Sunny","Low ",0
"14/03/2022","18:15:00","18:20:00",39,"Snack ",20,4.5,23,"motorcycle ",0,"No ","Metropolitian ","Fog","Medium ",1
"18/02/2022","20:10:00","20:20:00",39,"Buffet ",30,4.2,8,"scooter ",2,"No ","Metropolitian ","Stormy","Jam ",0
"10/03/2022","17:40:00","17:55:00",29,"Meal ",29,4.7,19,"scooter ",1,"No ","Urban ","Cloudy","Medium ",1
"23/03/2022","18:30:00","18:45:00",18,"Drinks ",28,4.8,16,"motorcycle ",0,"No ","Urban ","Sunny","Medium ",1
"2/03/2022","22:25:00","22:30:00",16,"Meal ",23,4.8,18,"scooter ",2,"No ","Urban ","Sandstorms","Low ",0
"16/03/2022","17:15:00","17:30:00",15,"Drinks ",26,4.6,18,"scooter ",2,"No ","Metropolitian ","Windy","Medium ",1
"12/02/2022","19:30:00","19:35:00",23,"Buffet ",21,4.8,22,"motorcycle ",2,"No ","Urban ","Sunny","Jam ",1
"31/03/2022","20:50:00","21:05:00",49,"Meal ",20,4.5,9,"motorcycle ",0,"No ","Metropolitian ","Fog","Jam ",1
"28/03/2022","17:45:00","18:00:00",25,"Drinks ",22,4.9,19,"motorcycle ",2,"No ","Metropolitian ","Stormy","Medium ",1
"14/03/2022","20:10:00","20:15:00",44,"Drinks ",31,3.8,7,"motorcycle ",1,"No ","Metropolitian ","Sandstorms","Jam ",1
"15/03/2022","9:30:00","9:35:00",23,"Drinks ",34,4.7,23,"scooter ",1,"No ","Metropolitian ","Stormy","Low ",1
"15/02/2022","11:50:00","12:00:00",29,"Drinks ",25,4.9,5,"scooter ",2,"No ","Metropolitian ","Stormy","High ",1
"23/03/2022","19:30:00","19:35:00",34,"Buffet ",28,4.6,3,"scooter ",1,"No ","Metropolitian ","Cloudy","Jam ",1
"9/03/2022","8:20:00","8:30:00",23,"Drinks ",22,4.2,5,"motorcycle ",0,"No ","Metropolitian ","Sandstorms","Low ",1
"26/03/2022","13:55:00","14:10:00",29,"Buffet ",35,4.9,4,"scooter ",2,"No ","Metropolitian ","Cloudy","High ",0
"17/03/2022","23:30:00","23:40:00",26,"Buffet ",25,4,2,"motorcycle ",0,"No ","Metropolitian ","Sandstorms","Low ",0
"3/03/2022","11:45:00","11:55:00",34,"Meal ",35,4.1,3,"motorcycle ",0,"No ","Metropolitian ","Fog","High ",1
"2/03/2022","21:55:00","22:00:00",46,"Drinks ",39,4.7,13,"motorcycle ",0,"Yes ","Metropolitian ","Fog","Jam ",3
"6/04/2022","21:50:00","21:55:00",25,"Buffet ",28,4.9,15,"scooter ",2,"No ","Urban ","Stormy","Jam ",1
"7/03/2022","16:35:00","16:50:00",16,"Meal ",31,4.9,14,"motorcycle ",1,"No ","Metropolitian ","Fog","Medium ",1
"10/03/2022","18:30:00","18:45:00",30,"Meal ",35,4.6,16,"motorcycle ",0,"No ","Metropolitian ","Sandstorms","Medium ",1
"9/03/2022","20:00:00","20:05:00",47,"Snack ",38,4.9,13,"motorcycle ",0,"No ","Metropolitian ","Windy","Jam ",1
"8/03/2022","17:55:00","18:10:00",38,"Snack ",25,4.9,22,"motorcycle ",0,"No ","Urban ","Stormy","Medium ",1
"11/03/2022","21:15:00","21:30:00",20,"Meal ",22,4.7,9,"scooter ",2,"No ","Metropolitian ","Stormy","Jam ",0
"25/03/2022","20:15:00","20:30:00",38,"Meal ",39,4.2,3,"scooter ",2,"No ","Metropolitian ","Sandstorms","Jam ",1
"26/03/2022","8:35:00","8:50:00",29,"Snack ",20,4.2,7,"motorcycle ",0,"No ","Metropolitian ","Stormy","Low ",1
"28/03/2022","22:30:00","22:40:00",13,"Snack ",20,4.5,23,"scooter ",2,"No ","Metropolitian ","Windy","Low ",1
"19/03/2022","16:00:00","16:10:00",39,"Buffet ",31,4.3,3,"motorcycle ",0,"No ","Urban ","Sandstorms","Medium ",1
"6/04/2022","0:00:00","0:05:00",29,"Drinks ",37,4.5,15,"motorcycle ",1,"No ","Urban ","Cloudy","Low ",1
"1/04/2022","11:35:00","11:40:00",31,"Drinks ",26,4.1,9,"scooter ",2,"No ","Metropolitian ","Fog","High ",1
"5/04/2022","13:50:00","14:05:00",20,"Snack ",22,4.8,15,"motorcycle ",0,"No ","Urban ","Cloudy","High ",1
"12/03/2022","17:45:00","17:55:00",38,"Drinks ",22,4.7,22,"motorcycle ",0,"No ","Metropolitian ","Cloudy","Medium ",1
"15/03/2022","11:55:00","12:10:00",14,"Snack ",28,4.9,18,"scooter ",2,"No ","Metropolitian ","Sunny","High ",0
"8/03/2022","19:20:00","19:25:00",39,"Meal ",27,4.8,15,"motorcycle ",1,"No ","Metropolitian ","Sunny","Jam ",1
"31/03/2022","18:00:00","18:10:00",49,"Meal ",33,4.9,8,"motorcycle ",0,"No ","Metropolitian ","Sandstorms","Medium ",1
"1/03/2022","13:00:00","13:15:00",15,"Snack ",22,4.8,13,"scooter ",1,"No ","Metropolitian ","Stormy","High ",1
"11/03/2022","10:30:00","10:35:00",17,"Meal ",30,4.5,5,"scooter ",2,"No ","Urban ","Cloudy","Low ",1
"17/03/2022","19:45:00","20:00:00",24,"Drinks ",24,4.5,14,"scooter ",1,"No ","Metropolitian ","Sandstorms","Jam ",1
"9/03/2022","13:55:00","14:10:00",27,"Meal ",25,5,21,"motorcycle ",2,"No ","Metropolitian ","Sandstorms","High ",1
"20/03/2022","21:20:00","21:25:00",31,"Meal ",22,4,11,"scooter ",1,"No ","Metropolitian ","Fog","Jam ",1
"29/03/2022","19:40:00","19:45:00",35,"Buffet ",34,4.1,3,"scooter ",1,"No ","Metropolitian ","Stormy","Jam ",1
"26/03/2022","20:00:00","20:15:00",28,"Meal ",31,4.6,23,"motorcycle ",0,"No ","Metropolitian ","Fog","Jam ",1
"5/03/2022","17:00:00","17:10:00",17,"Meal ",21,4.9,22,"motorcycle ",0,"No ","Metropolitian ","Stormy","Medium ",1
"15/03/2022","14:45:00","14:50:00",11,"Buffet ",28,4.6,13,"motorcycle ",1,"No ","Metropolitian ","Sandstorms","High ",0
"16/02/2022","20:20:00","20:35:00",35,"Buffet ",28,4.7,7,"motorcycle ",0,"No ","Metropolitian ","Windy","Jam ",0
"9/03/2022","21:10:00","21:20:00",21,"Meal ",21,4.6,22,"scooter ",2,"No ","Metropolitian ","Fog","Jam ",0
"6/04/2022","23:35:00","23:45:00",36,"Buffet ",33,3.8,2,"scooter ",1,"No ","Metropolitian ","Cloudy","Low ",1
"6/04/2022","20:55:00","21:00:00",32,"Meal ",25,4.1,3,"motorcycle ",2,"No ","Metropolitian ","Fog","Jam ",1
"8/03/2022","19:00:00","19:10:00",25,"Drinks ",30,4.5,2,"scooter ",2,"No ","Urban ","Stormy","Medium ",1
"8/03/2022","20:30:00","20:35:00",30,"Meal ",32,4.7,13,"scooter ",1,"No ","Metropolitian ","Stormy","Jam ",0
"20/03/2022","21:20:00","21:35:00",44,"Buffet ",33,4.2,1,"scooter ",1,"No ","Metropolitian ","Cloudy","Jam ",1
"9/03/2022","12:00:00","12:15:00",35,"Buffet ",24,4.4,21,"motorcycle ",0,"No ","Metropolitian ","Stormy","High ",1
"1/04/2022","10:25:00","10:40:00",24,"Buffet ",34,4.9,23,"motorcycle ",0,"No ","Metropolitian ","Fog","Low ",0
"16/02/2022","19:55:00","20:05:00",39,"Snack ",37,4.2,1,"scooter ",2,"No ","Urban ","Stormy","Jam ",0
"17/02/2022","11:40:00","11:45:00",32,"Buffet ",33,5,4,"scooter ",2,"No ","Metropolitian ","Sandstorms","High ",0
"25/03/2022","22:55:00","23:00:00",31,"Snack ",34,4.5,2,"scooter ",2,"No ","Urban ","Fog","Low ",1
"13/03/2022","17:00:00","17:15:00",24,"Drinks ",26,5,23,"scooter ",2,"No ","Metropolitian ","Windy","Medium ",1
"27/03/2022","22:35:00","22:40:00",18,"Meal ",30,4.8,18,"scooter ",1,"No ","Metropolitian ","Sandstorms","Low ",0
"7/03/2022","9:30:00","9:35:00",20,"Meal ",32,4.8,23,"scooter ",2,"No ","Metropolitian ","Stormy","Low ",1
"8/03/2022","17:15:00","17:25:00",15,"Drinks ",22,4.6,22,"electric_scooter ",2,"No ","Urban ","Stormy","Medium ",1
"3/03/2022","21:30:00","21:40:00",24,"Drinks ",25,4.7,21,"scooter ",2,"No ","Urban ","Windy","Jam ",1
"17/02/2022","20:00:00","20:10:00",19,"Snack ",38,4.6,15,"electric_scooter ",2,"No ","Urban ","Sunny","Jam ",0
"13/03/2022","13:45:00","13:55:00",17,"Drinks ",21,5,9,"scooter ",1,"No ","Metropolitian ","Sandstorms","High ",1
"18/03/2022","18:55:00","19:00:00",19,"Meal ",29,4.7,4,"scooter ",1,"No ","Metropolitian ","Sandstorms","Medium ",1
"25/03/2022","22:30:00","22:45:00",19,"Drinks ",20,4.5,23,"motorcycle ",0,"No ","Metropolitian ","Sandstorms","Low ",1
"4/03/2022","17:25:00","17:40:00",38,"Meal ",35,4.1,7,"motorcycle ",0,"No ","Metropolitian ","Stormy","Medium ",2
"7/03/2022","15:50:00","16:05:00",29,"Drinks ",20,4.6,17,"scooter ",2,"No ","Metropolitian ","Stormy","Medium ",0
"12/03/2022","21:35:00","21:40:00",36,"Drinks ",33,4.2,5,"scooter ",2,"No ","Metropolitian ","Sandstorms","Jam ",1
"6/04/2022","20:00:00","20:05:00",47,"Snack ",38,4.9,17,"scooter ",2,"Yes ","Metropolitian ","Fog","Jam ",1
"30/03/2022","22:35:00","22:45:00",22,"Meal ",33,5,17,"motorcycle ",2,"No ","Metropolitian ","Stormy","Low ",0
"27/03/2022","20:10:00","20:25:00",36,"Drinks ",24,4.3,2,"motorcycle ",0,"No ","Urban ","Windy","Jam ",1
"6/03/2022","19:35:00","19:50:00",35,"Buffet ",34,4.1,8,"electric_scooter ",2,"No ","Metropolitian ","Stormy","Jam ",0
"1/03/2022","18:25:00","18:35:00",22,"Drinks ",25,5,17,"motorcycle ",1,"No ","Metropolitian ","Stormy","Medium ",1
"2/03/2022","17:25:00","17:30:00",18,"Buffet ",30,4.8,22,"motorcycle ",2,"No ","Metropolitian ","Sunny","Medium ",1
"19/03/2022","9:40:00","9:50:00",15,"Meal ",28,4.4,6,"motorcycle ",0,"No ","Urban ","Sandstorms","Low ",1
"21/03/2022","22:25:00","22:30:00",15,"Drinks ",28,4.6,19,"motorcycle ",2,"No ","Metropolitian ","Windy","Low ",1
"16/02/2022","23:25:00","23:30:00",28,"Snack ",39,4.8,6,"motorcycle ",0,"No ","Metropolitian ","Windy","Low ",1
"1/04/2022","10:35:00","10:40:00",17,"Snack ",20,4.7,9,"motorcycle ",1,"No ","Metropolitian ","Windy","Low ",1
"9/03/2022","12:00:00","12:10:00",33,"Meal ",38,4,11,"scooter ",1,"No ","Metropolitian ","Sandstorms","High ",2
"12/02/2022","21:35:00","21:40:00",52,"Snack ",34,4.9,9,"motorcycle ",0,"Yes ","Metropolitian ","Fog","Jam ",0
"11/03/2022","22:30:00","22:45:00",13,"Buffet ",26,4.5,16,"motorcycle ",1,"No ","Metropolitian ","Fog","Low ",1
"5/04/2022","20:50:00","20:55:00",19,"Snack ",36,4.8,16,"motorcycle ",1,"No ","Metropolitian ","Sunny","Jam ",1
"16/03/2022","17:50:00","18:05:00",41,"Buffet ",37,4.7,12,"scooter ",2,"No ","Metropolitian ","Cloudy","Medium ",2
"18/03/2022","21:25:00","21:30:00",27,"Meal ",22,4.6,7,"scooter ",1,"No ","Metropolitian ","Stormy","Jam ",1
"14/02/2022","21:25:00","21:40:00",48,"Meal ",21,4.8,21,"motorcycle ",0,"No ","Semi-Urban ","Fog","Jam ",2
"19/03/2022","14:00:00","14:05:00",31,"Snack ",32,5,14,"scooter ",1,"No ","Metropolitian ","Windy","High ",1
"24/03/2022","8:50:00","8:55:00",16,"Drinks ",28,4.8,19,"scooter ",1,"No ","Metropolitian ","Sandstorms","Low ",0
"13/03/2022","10:25:00","10:30:00",25,"Drinks ",33,4.3,6,"motorcycle ",0,"No ","Urban ","Sandstorms","Low ",1
"3/04/2022","18:50:00","19:00:00",27,"Meal ",26,4.9,19,"motorcycle ",0,"No ","Metropolitian ","Stormy","Medium ",1
"16/03/2022","21:25:00","21:30:00",44,"Snack ",34,4.6,17,"electric_scooter ",2,"No ","Metropolitian ","Cloudy","Jam ",2
"5/04/2022","11:20:00","11:30:00",17,"Snack ",24,4.9,18,"electric_scooter ",2,"No ","Metropolitian ","Sunny","High ",1
"25/03/2022","20:45:00","21:00:00",31,"Drinks ",28,4.6,9,"scooter ",1,"No ","Metropolitian ","Cloudy","Jam ",1
"25/03/2022","19:30:00","19:45:00",36,"Snack ",24,4.4,8,"motorcycle ",0,"No ","Metropolitian ","Stormy","Jam ",1
"18/03/2022","20:25:00","20:35:00",21,"Buffet ",35,4.7,15,"motorcycle ",1,"No ","Urban ","Sunny","Jam ",0
"13/03/2022","22:30:00","22:35:00",27,"Snack ",30,4.9,22,"motorcycle ",1,"No ","Urban ","Windy","Low ",1
"19/03/2022","14:25:00","14:30:00",27,"Buffet ",32,4.7,14,"motorcycle ",1,"No ","Metropolitian ","Windy","High ",0
"30/03/2022","23:35:00","23:40:00",28,"Meal ",39,4.6,21,"motorcycle ",0,"No ","Metropolitian ","Fog","Low ",1
"24/03/2022","19:20:00","19:30:00",26,"Meal ",23,4.5,13,"scooter ",1,"No ","Metropolitian ","Cloudy","Jam ",1
"31/03/2022","19:55:00","20:05:00",15,"Buffet ",21,4.7,21,"scooter ",1,"No ","Metropolitian ","Sunny","Jam ",0
"6/04/2022","22:50:00","23:00:00",37,"Snack ",37,3.5,6,"scooter ",2,"No ","Metropolitian ","Cloudy","Low ",0
"11/02/2022","11:45:00","12:00:00",21,"Drinks ",37,4.5,5,"motorcycle ",0,"No ","Metropolitian ","Sunny","High ",1
"3/04/2022","18:55:00","19:10:00",18,"Buffet ",21,4.9,21,"scooter ",1,"No ","Metropolitian ","Sunny","Medium ",1
"28/03/2022","22:20:00","22:30:00",16,"Meal ",23,4.7,22,"scooter ",2,"No ","Metropolitian ","Cloudy","Low ",0
"5/04/2022","9:10:00","9:15:00",19,"Snack ",32,4.9,16,"motorcycle ",1,"No ","Metropolitian ","Cloudy","Low ",1
"3/04/2022","15:45:00","16:00:00",28,"Meal ",37,4.9,19,"motorcycle ",0,"No ","Metropolitian ","Cloudy","Medium ",1
"19/03/2022","8:35:00","8:50:00",21,"Snack ",37,4.9,12,"motorcycle ",1,"No ","Metropolitian ","Stormy","Low ",0
"2/03/2022","22:25:00","22:30:00",18,"Drinks ",24,4.7,18,"motorcycle ",1,"No ","Urban ","Windy","Low ",0
"31/03/2022","23:10:00","23:20:00",26,"Meal ",22,4.7,4,"motorcycle ",0,"No ","Urban ","Sunny","Low ",1
"2/04/2022","23:40:00","23:45:00",16,"Meal ",39,4.6,19,"motorcycle ",1,"No ","Metropolitian ","Sunny","Low ",1
"13/03/2022","11:00:00","11:15:00",17,"Drinks ",20,4.2,8,"motorcycle ",0,"No ","Metropolitian ","Stormy","Low ",0
"29/03/2022","19:10:00","19:15:00",17,"Snack ",24,4.7,15,"scooter ",1,"No ","Metropolitian ","Windy","Jam ",0
"5/04/2022","19:10:00","19:15:00",49,"Snack ",37,4.1,2,"motorcycle ",0,"No ","Metropolitian ","Stormy","Jam ",3
"15/02/2022","10:50:00","10:55:00",13,"Buffet ",20,4.8,7,"scooter ",2,"No ","Metropolitian ","Stormy","Low ",1
"1/03/2022","8:45:00","8:50:00",13,"Drinks ",37,5,17,"scooter ",2,"No ","Urban ","Sunny","Low ",1
"31/03/2022","22:45:00","22:50:00",21,"Drinks ",24,4.5,22,"motorcycle ",0,"No ","Metropolitian ","Cloudy","Low ",0
"16/03/2022","19:55:00","20:00:00",39,"Meal ",34,4.3,5,"motorcycle ",0,"No ","Urban ","Sunny","Jam ",1
"16/02/2022","22:50:00","22:55:00",42,"Meal ",35,4.1,3,"motorcycle ",0,"No ","Urban ","Cloudy","Low ",1
"7/03/2022","23:20:00","23:25:00",24,"Drinks ",22,4.2,13,"motorcycle ",0,"No ","Metropolitian ","Sandstorms","Low ",1
"31/03/2022","19:40:00","19:50:00",46,"Drinks ",34,4.6,13,"motorcycle ",0,"No ","Metropolitian ","Fog","Jam ",2
"1/04/2022","17:50:00","18:05:00",27,"Meal ",39,4.9,16,"motorcycle ",0,"No ","Urban ","Sunny","Medium ",0
"16/03/2022","18:40:00","18:50:00",34,"Drinks ",23,4.2,3,"motorcycle ",0,"No ","Metropolitian ","Windy","Medium ",0
"18/02/2022","23:40:00","23:55:00",22,"Meal ",29,4.6,4,"motorcycle ",0,"No ","Metropolitian ","Stormy","Low ",0
"16/02/2022","21:50:00","22:05:00",35,"Snack ",39,4.8,8,"motorcycle ",0,"No ","Metropolitian ","Sandstorms","Jam ",1
"17/03/2022","22:15:00","22:30:00",28,"Snack ",22,4.3,8,"motorcycle ",0,"No ","Metropolitian ","Windy","Low ",0
"15/03/2022","20:55:00","21:05:00",39,"Snack ",39,5,9,"electric_scooter ",2,"No ","Metropolitian ","Fog","Jam ",1
"14/03/2022","19:55:00","20:05:00",54,"Snack ",35,4,7,"motorcycle ",0,"No ","Metropolitian ","Windy","Jam ",0
"24/03/2022","22:10:00","22:15:00",15,"Snack ",29,4.8,16,"scooter ",1,"No ","Urban ","Windy","Low ",0
"21/03/2022","23:40:00","23:50:00",15,"Snack ",22,4.6,12,"scooter ",2,"No ","Metropolitian ","Windy","Low ",1
"2/03/2022","18:50:00","18:55:00",41,"Drinks ",34,5,9,"motorcycle ",0,"No ","Metropolitian ","Stormy","Medium ",0
"3/04/2022","10:45:00","10:50:00",27,"Meal ",32,4.9,23,"motorcycle ",0,"No ","Metropolitian ","Fog","Low ",1
"21/03/2022","11:55:00","12:10:00",16,"Meal ",20,4.8,21,"motorcycle ",0,"No ","Metropolitian ","Stormy","High ",0
"16/02/2022","17:25:00","17:40:00",13,"Meal ",22,4.6,3,"motorcycle ",2,"No ","Metropolitian ","Sunny","Medium ",0
"13/02/2022","10:00:00","10:05:00",15,"Snack ",29,4.3,5,"motorcycle ",0,"No ","Urban ","Sandstorms","Low ",0
"30/03/2022","19:25:00","19:35:00",19,"Snack ",25,4.8,3,"motorcycle ",1,"No ","Urban ","Stormy","Jam ",1
"28/03/2022","10:45:00","10:55:00",18,"Drinks ",30,4.9,17,"scooter ",2,"No ","Metropolitian ","Fog","Low ",1
"21/03/2022","9:40:00","9:50:00",17,"Buffet ",24,4.8,15,"scooter ",2,"No ","Metropolitian ","Windy","Low ",0
"21/03/2022","12:45:00","12:55:00",23,"Drinks ",24,4.8,15,"scooter ",1,"No ","Metropolitian ","Windy","High ",1
"14/02/2022","21:55:00","22:10:00",47,"Buffet ",34,4.4,2,"scooter ",1,"No ","Metropolitian ","Stormy","Jam ",1
"6/03/2022","17:15:00","17:30:00",39,"Buffet ",36,4.3,3,"motorcycle ",0,"No ","Urban ","Stormy","Medium ",1
"21/03/2022","18:50:00","19:05:00",10,"Snack ",26,4.8,15,"motorcycle ",1,"No ","Urban ","Fog","Medium ",1
"30/03/2022","18:20:00","18:35:00",28,"Snack ",39,4.9,13,"motorcycle ",0,"No ","Metropolitian ","Sunny","Medium ",0
"15/02/2022","23:25:00","23:35:00",16,"Drinks ",20,4.8,4,"motorcycle ",1,"No ","Metropolitian ","Stormy","Low ",0
"23/03/2022","22:20:00","22:25:00",20,"Buffet ",35,4.9,18,"motorcycle ",0,"No ","Metropolitian ","Sandstorms","Low ",1
"15/02/2022","21:45:00","21:50:00",27,"Snack ",21,4.9,2,"electric_scooter ",2,"No ","Metropolitian ","Stormy","Jam ",1
"23/03/2022","22:50:00","23:05:00",25,"Meal ",34,4.7,23,"motorcycle ",0,"No ","Metropolitian ","Sunny","Low ",0
"26/03/2022","8:15:00","8:20:00",18,"Buffet ",35,4.7,18,"scooter ",1,"No ","Metropolitian ","Fog","Low ",1
"16/02/2022","18:45:00","18:55:00",39,"Buffet ",30,4.4,9,"scooter ",1,"No ","Metropolitian ","Stormy","Medium ",2
"25/03/2022","19:45:00","19:55:00",47,"Buffet ",30,4,5,"motorcycle ",0,"Yes ","Semi-Urban ","Stormy","Jam ",1
"27/03/2022","17:30:00","17:35:00",36,"Buffet ",20,4.4,6,"motorcycle ",0,"No ","Metropolitian ","Windy","Medium ",0
"25/03/2022","19:30:00","19:35:00",37,"Buffet ",27,4.9,9,"motorcycle ",0,"No ","Metropolitian ","Windy","Jam ",1
"14/03/2022","20:55:00","21:00:00",22,"Meal ",21,5,14,"motorcycle ",0,"No ","Metropolitian ","Sunny","Jam ",1
"16/02/2022","22:00:00","22:05:00",41,"Drinks ",30,4.2,9,"motorcycle ",2,"No ","Metropolitian ","Stormy","Jam ",2
"3/03/2022","20:00:00","20:05:00",21,"Meal ",35,4.9,17,"scooter ",2,"No ","Metropolitian ","Sunny","Jam ",0
"12/02/2022","19:15:00","19:20:00",22,"Snack ",22,4.7,6,"motorcycle ",1,"No ","Metropolitian ","Sandstorms","Jam ",0
"24/03/2022","14:35:00","14:40:00",31,"Snack ",33,4.1,8,"motorcycle ",0,"No ","Metropolitian ","Sandstorms","High ",1
"6/04/2022","23:40:00","23:50:00",20,"Buffet ",24,4.7,19,"motorcycle ",0,"No ","Metropolitian ","Cloudy","Low ",1
"12/02/2022","23:00:00","23:05:00",32,"Meal ",36,3.3,18,"motorcycle ",0,"No ","Metropolitian ","Sunny","Low ",1
"14/03/2022","17:15:00","17:25:00",32,"Meal ",21,4.7,15,"electric_scooter ",2,"No ","Metropolitian ","Fog","Medium ",0
"15/03/2022","16:10:00","16:20:00",22,"Snack ",28,4.8,9,"motorcycle ",0,"No ","Metropolitian ","Stormy","Medium ",0
"1/03/2022","11:40:00","11:55:00",29,"Snack ",27,4.9,17,"motorcycle ",0,"No ","Metropolitian ","Sandstorms","High ",1
"2/03/2022","23:25:00","23:30:00",23,"Snack ",25,4.6,15,"motorcycle ",0,"No ","Urban ","Sandstorms","Low ",1
"13/02/2022","9:35:00","9:40:00",19,"Snack ",39,5,5,"scooter ",1,"No ","Metropolitian ","Stormy","Low ",0
"16/03/2022","18:20:00","18:30:00",42,"Buffet ",26,4.9,19,"motorcycle ",0,"No ","Urban ","Fog","Medium ",1
"13/03/2022","9:20:00","9:35:00",26,"Snack ",36,4.5,4,"motorcycle ",0,"No ","Urban ","Fog","Low ",1
"26/03/2022","8:30:00","8:40:00",12,"Meal ",26,4.5,18,"scooter ",2,"No ","Metropolitian ","Stormy","Low ",1
"3/03/2022","9:35:00","9:50:00",18,"Snack ",28,4.8,13,"scooter ",1,"No ","Metropolitian ","Windy","Low ",1
"1/04/2022","11:30:00","11:35:00",47,"Meal ",23,3.5,3,"motorcycle ",0,"No ","Metropolitian ","Sunny","High ",1
"24/03/2022","11:00:00","11:15:00",19,"Snack ",20,4.7,21,"motorcycle ",1,"No ","Metropolitian ","Cloudy","Low ",0
"11/03/2022","13:55:00","14:05:00",54,"Meal ",27,4.4,3,"motorcycle ",0,"Yes ","Urban ","Sunny","High ",2
"6/03/2022","23:20:00","23:25:00",17,"Buffet ",33,4.8,15,"electric_scooter ",2,"No ","Metropolitian ","Stormy","Low ",1
"5/04/2022","8:25:00","8:35:00",18,"Snack ",31,4.7,16,"scooter ",1,"No ","Urban ","Sunny","Low ",1
"5/04/2022","21:15:00","21:20:00",20,"Buffet ",30,4.8,22,"electric_scooter ",2,"No ","Metropolitian ","Sunny","Jam ",1
"16/03/2022","20:20:00","20:35:00",38,"Buffet ",26,4.7,18,"scooter ",2,"No ","Metropolitian ","Cloudy","Jam ",0
"5/03/2022","18:55:00","19:10:00",23,"Meal ",22,4.9,21,"motorcycle ",0,"No ","Metropolitian ","Sunny","Medium ",0
"16/02/2022","0:00:00","0:15:00",20,"Buffet ",39,4.8,16,"motorcycle ",0,"No ","Urban ","Windy","Low ",1
"21/03/2022","21:25:00","21:30:00",34,"Drinks ",38,4.3,11,"electric_scooter ",2,"No ","Metropolitian ","Fog","Jam ",1
"14/03/2022","17:40:00","17:45:00",26,"Drinks ",33,4.5,21,"scooter ",2,"No ","Metropolitian ","Sunny","Medium ",1
"3/03/2022","14:40:00","14:55:00",19,"Buffet ",28,4.8,12,"scooter ",1,"No ","Metropolitian ","Stormy","High ",1
"14/02/2022","23:35:00","23:45:00",21,"Snack ",35,4.9,21,"motorcycle ",0,"No ","Urban ","Sandstorms","Low ",1
"24/03/2022","15:55:00","16:00:00",34,"Snack ",34,4.6,13,"scooter ",2,"No ","Metropolitian ","Sandstorms","Medium ",1
"4/04/2022","19:30:00","19:35:00",44,"Meal ",37,4.1,7,"scooter ",1,"No ","Metropolitian ","Fog","Jam ",1
"13/02/2022","9:40:00","9:45:00",19,"Buffet ",27,4.9,2,"scooter ",1,"No ","Metropolitian ","Sandstorms","Low ",0
"23/03/2022","21:40:00","21:55:00",28,"Buffet ",21,4.8,17,"motorcycle ",2,"No ","Metropolitian ","Windy","Jam ",1
"13/02/2022","14:45:00","15:00:00",32,"Drinks ",30,4.2,7,"motorcycle ",0,"No ","Metropolitian ","Fog","High ",1
"1/03/2022","13:10:00","13:20:00",34,"Buffet ",28,4.4,14,"motorcycle ",1,"No ","Metropolitian ","Stormy","High ",1
"21/03/2022","13:20:00","13:30:00",19,"Buffet ",25,4.8,18,"motorcycle ",1,"No ","Urban ","Sandstorms","High ",1
"11/03/2022","0:00:00","0:05:00",15,"Drinks ",38,4.6,12,"electric_scooter ",2,"No ","Metropolitian ","Fog","Low ",1
"18/02/2022","18:55:00","19:05:00",32,"Snack ",34,4.4,6,"scooter ",1,"No ","Urban ","Fog","Medium ",0
"17/02/2022","19:20:00","19:25:00",29,"Drinks ",38,4.9,5,"scooter ",2,"No ","Metropolitian ","Fog","Jam ",1
"27/03/2022","19:40:00","19:55:00",44,"Drinks ",37,4.4,4,"scooter ",1,"No ","Metropolitian ","Fog","Jam ",2
"4/03/2022","22:20:00","22:35:00",14,"Buffet ",24,4.7,13,"motorcycle ",1,"No ","Metropolitian ","Windy","Low ",0
"6/03/2022","22:50:00","22:55:00",18,"Drinks ",37,4.9,22,"scooter ",2,"No ","Metropolitian ","Sandstorms","Low ",1
"2/03/2022","19:30:00","19:45:00",20,"Drinks ",21,4.7,19,"scooter ",1,"No ","Metropolitian ","Sandstorms","Jam ",0
"16/03/2022","23:40:00","23:50:00",26,"Snack ",35,4.6,19,"motorcycle ",0,"No ","Urban ","Stormy","Low ",1
"21/03/2022","21:50:00","22:05:00",29,"Snack ",27,4.9,16,"scooter ",2,"No ","Urban ","Cloudy","Jam ",1
"12/02/2022","20:20:00","20:35:00",29,"Drinks ",35,4.6,5,"scooter ",2,"No ","Metropolitian ","Stormy","Jam ",1
"25/03/2022","23:10:00","23:25:00",21,"Buffet ",35,4.7,18,"motorcycle ",0,"No ","Metropolitian ","Stormy","Low ",1
"20/03/2022","18:30:00","18:45:00",19,"Buffet ",27,4.7,22,"motorcycle ",0,"No ","Urban ","Sunny","Medium ",0
"6/03/2022","23:55:00","0:00:00",21,"Buffet ",30,4.9,14,"motorcycle ",0,"No ","Metropolitian ","Stormy","Low ",1
"25/03/2022","18:15:00","18:30:00",31,"Drinks ",25,4.9,16,"motorcycle ",1,"No ","Urban ","Cloudy","Medium ",1
"7/03/2022","19:20:00","19:35:00",11,"Meal ",25,4.5,19,"motorcycle ",1,"No ","Metropolitian ","Windy","Jam ",0
"2/04/2022","17:55:00","18:05:00",25,"Drinks ",35,4.9,18,"motorcycle ",1,"No ","Metropolitian ","Sunny","Medium ",0
"8/03/2022","22:20:00","22:35:00",37,"Meal ",31,3.7,6,"motorcycle ",2,"No ","Metropolitian ","Fog","Low ",0
"14/02/2022","20:20:00","20:25:00",37,"Drinks ",20,4.6,3,"motorcycle ",0,"No ","Metropolitian ","Stormy","Jam ",1
"4/04/2022","22:50:00","23:00:00",17,"Meal ",24,4.9,23,"motorcycle ",0,"No ","Metropolitian ","Stormy","Low ",1
"21/03/2022","22:35:00","22:50:00",23,"Snack ",21,4.5,21,"motorcycle ",0,"No ","Metropolitian ","Windy","Low ",1
"31/03/2022","21:55:00","22:05:00",36,"Snack ",38,4.3,8,"electric_scooter ",2,"No ","Metropolitian ","Cloudy","Jam ",0
"8/03/2022","19:50:00","19:55:00",48,"Snack ",25,4.7,16,"motorcycle ",0,"No ","Metropolitian ","Fog","Jam ",1
"17/03/2022","18:40:00","18:55:00",24,"Drinks ",37,4.9,23,"motorcycle ",0,"No ","Metropolitian ","Sunny","Medium ",1
"12/02/2022","19:50:00","19:55:00",25,"Meal ",25,4.8,22,"motorcycle ",0,"No ","Urban ","Windy","Jam ",1
"10/03/2022","20:25:00","20:30:00",45,"Snack ",31,4.8,16,"motorcycle ",1,"No ","Urban ","Fog","Jam ",1
"12/03/2022","17:10:00","17:15:00",21,"Snack ",36,4.6,19,"scooter ",2,"No ","Metropolitian ","Sunny","Medium ",1
"16/02/2022","21:00:00","21:05:00",35,"Snack ",34,4.7,8,"motorcycle ",0,"No ","Metropolitian ","Windy","Jam ",1
"11/03/2022","17:20:00","17:35:00",14,"Meal ",24,4.8,22,"scooter ",1,"No ","Metropolitian ","Sunny","Medium ",0
"9/03/2022","9:15:00","9:20:00",26,"Drinks ",31,4.9,21,"motorcycle ",0,"No ","Metropolitian ","Sunny","Low ",0
"3/03/2022","19:35:00","19:40:00",21,"Snack ",30,4.6,16,"motorcycle ",1,"No ","Metropolitian ","Sunny","Jam ",1
"9/03/2022","22:15:00","22:20:00",16,"Snack ",21,4.6,22,"scooter ",1,"No ","Urban ","Stormy","Low ",0
"1/04/2022","19:40:00","19:50:00",50,"Buffet ",21,3.7,12,"motorcycle ",0,"No ","Metropolitian ","Sunny","Jam ",3
"11/03/2022","9:00:00","9:05:00",20,"Snack ",31,4.8,16,"scooter ",2,"No ","Metropolitian ","Windy","Low ",1
"28/03/2022","9:30:00","9:40:00",19,"Meal ",31,4.9,14,"motorcycle ",1,"No ","Metropolitian ","Cloudy","Low ",0
"3/03/2022","20:45:00","21:00:00",25,"Snack ",38,4.7,23,"scooter ",1,"No ","Metropolitian ","Fog","Jam ",0
"12/02/2022","17:45:00","17:55:00",35,"Meal ",21,4.2,3,"motorcycle ",0,"No ","Metropolitian ","Sandstorms","Medium ",0
"18/03/2022","17:40:00","17:45:00",38,"Meal ",32,4.3,19,"motorcycle ",2,"No ","Metropolitian ","Fog","Medium ",1
"2/03/2022","23:55:00","0:10:00",26,"Meal ",31,4.6,16,"motorcycle ",0,"No ","Metropolitian ","Sunny","Low ",1
"2/03/2022","19:40:00","19:50:00",41,"Buffet ",21,5,23,"scooter ",1,"No ","Metropolitian ","Fog","Jam ",1
"13/02/2022","9:35:00","9:50:00",18,"Snack ",24,4.9,3,"motorcycle ",1,"No ","Metropolitian ","Sunny","Low ",1
"14/03/2022","18:25:00","18:40:00",22,"Buffet ",33,4.7,16,"motorcycle ",1,"No ","Metropolitian ","Sandstorms","Medium ",1
"24/03/2022","15:35:00","15:50:00",20,"Meal ",30,4.5,1,"motorcycle ",0,"No ","Urban ","Sunny","Medium ",1
"16/03/2022","18:40:00","18:45:00",20,"Meal ",28,4.7,15,"motorcycle ",0,"No ","Metropolitian ","Sandstorms","Medium ",0
"17/03/2022","8:25:00","8:30:00",18,"Meal ",35,4.9,18,"scooter ",2,"No ","Metropolitian ","Cloudy","Low ",1
"5/04/2022","18:30:00","18:40:00",18,"Snack ",30,4.8,21,"motorcycle ",2,"No ","Metropolitian ","Fog","Medium ",0
"7/03/2022","11:45:00","11:50:00",27,"Snack ",28,4.9,23,"motorcycle ",0,"No ","Metropolitian ","Sunny","High ",1
"24/03/2022","15:50:00","16:05:00",23,"Drinks ",20,4.6,19,"motorcycle ",0,"No ","Urban ","Cloudy","Medium ",1
"1/04/2022","17:35:00","17:50:00",23,"Snack ",26,4.6,21,"motorcycle ",1,"No ","Metropolitian ","Sandstorms","Medium ",1
"7/03/2022","8:10:00","8:20:00",17,"Buffet ",21,5,16,"scooter ",1,"No ","Urban ","Sandstorms","Low ",1
"1/03/2022","23:10:00","23:15:00",19,"Drinks ",30,4.7,16,"motorcycle ",1,"No ","Urban ","Cloudy","Low ",1
"17/03/2022","18:40:00","18:50:00",15,"Meal ",35,4.6,1,"scooter ",2,"No ","Metropolitian ","Fog","Medium ",0
"11/03/2022","9:15:00","9:30:00",24,"Drinks ",35,4.6,21,"scooter ",2,"No ","Metropolitian ","Stormy","Low ",1
"29/03/2022","20:40:00","20:55:00",40,"Buffet ",26,5,11,"motorcycle ",0,"No ","Metropolitian ","Fog","Jam ",2
"31/03/2022","21:55:00","22:10:00",42,"Meal ",33,3.5,13,"motorcycle ",1,"No ","Metropolitian ","Stormy","Jam ",1
"11/03/2022","12:10:00","12:25:00",34,"Buffet ",34,5,23,"motorcycle ",1,"No ","Metropolitian ","Stormy","High ",1
"18/02/2022","20:10:00","20:15:00",38,"Drinks ",31,4.4,9,"scooter ",1,"No ","Metropolitian ","Fog","Jam ",2
"25/03/2022","23:40:00","23:55:00",26,"Snack ",34,4.5,22,"scooter ",2,"No ","Metropolitian ","Fog","Low ",0
"3/04/2022","13:15:00","13:30:00",34,"Snack ",36,4.6,15,"motorcycle ",2,"No ","Metropolitian ","Stormy","High ",1
"7/03/2022","17:00:00","17:05:00",27,"Drinks ",22,4.6,18,"motorcycle ",2,"No ","Metropolitian ","Stormy","Medium ",1
"6/03/2022","17:50:00","18:05:00",34,"Drinks ",25,4.3,2,"motorcycle ",2,"No ","Urban ","Stormy","Medium ",1
"15/03/2022","12:30:00","12:45:00",30,"Meal ",24,5,16,"scooter ",1,"No ","Metropolitian ","Cloudy","High ",1
"17/02/2022","9:50:00","9:55:00",17,"Drinks ",23,4.8,3,"scooter ",2,"No ","Metropolitian ","Sandstorms","Low ",0
"10/03/2022","23:40:00","23:50:00",29,"Buffet ",39,4.7,9,"motorcycle ",1,"No ","Metropolitian ","Cloudy","Low ",1
"1/03/2022","15:25:00","15:30:00",16,"Buffet ",39,4.9,21,"scooter ",1,"No ","Metropolitian ","Stormy","Medium ",0
"12/03/2022","18:40:00","18:50:00",22,"Meal ",24,4.6,13,"motorcycle ",1,"No ","Metropolitian ","Sandstorms","Medium ",0
"14/03/2022","23:55:00","0:00:00",19,"Buffet ",36,4.6,9,"electric_scooter ",2,"No ","Metropolitian ","Sandstorms","Low ",1
"12/03/2022","23:45:00","23:50:00",31,"Meal ",31,3.4,3,"motorcycle ",0,"No ","Urban ","Sunny","Low ",1
"3/04/2022","18:20:00","18:35:00",17,"Drinks ",32,4.9,23,"scooter ",1,"No ","Metropolitian ","Sunny","Medium ",1
"16/03/2022","19:00:00","19:10:00",20,"Drinks ",22,4.5,23,"motorcycle ",0,"No ","Metropolitian ","Sunny","Medium ",1
"30/03/2022","11:35:00","11:40:00",46,"Snack ",33,4.4,3,"motorcycle ",0,"Yes ","Metropolitian ","Sandstorms","High ",2
"15/02/2022","15:45:00","15:55:00",16,"Snack ",22,4.5,6,"motorcycle ",0,"No ","Urban ","Windy","Medium ",1
"16/03/2022","18:55:00","19:00:00",15,"Meal ",29,4.8,14,"scooter ",1,"No ","Metropolitian ","Sandstorms","Medium ",1
"5/03/2022","16:40:00","16:50:00",15,"Snack ",21,5,17,"motorcycle ",0,"No ","Urban ","Stormy","Medium ",0
"21/03/2022","8:30:00","8:40:00",16,"Snack ",34,4.8,19,"motorcycle ",2,"No ","Metropolitian ","Fog","Low ",1
"7/03/2022","16:15:00","16:30:00",19,"Buffet ",31,4.6,23,"motorcycle ",1,"No ","Urban ","Stormy","Medium ",0
"17/03/2022","10:50:00","10:55:00",25,"Drinks ",34,4.9,14,"scooter ",1,"No ","Metropolitian ","Sandstorms","Low ",1
"19/03/2022","11:30:00","11:45:00",31,"Snack ",29,4.4,2,"motorcycle ",2,"No ","Urban ","Fog","High ",1
"15/03/2022","11:45:00","12:00:00",24,"Drinks ",21,4.8,23,"electric_scooter ",2,"No ","Metropolitian ","Cloudy","High ",1
"2/04/2022","20:50:00","21:05:00",36,"Meal ",24,4.4,12,"motorcycle ",0,"No ","Metropolitian ","Sandstorms","Jam ",0
"1/03/2022","23:30:00","23:45:00",15,"Meal ",21,4.8,16,"motorcycle ",1,"No ","Metropolitian ","Fog","Low ",1
"24/03/2022","11:15:00","11:30:00",27,"Snack ",34,4.7,23,"motorcycle ",1,"No ","Metropolitian ","Stormy","High ",1
"17/02/2022","9:15:00","9:20:00",13,"Snack ",26,4.9,6,"electric_scooter ",2,"No ","Metropolitian ","Fog","Low ",1
"1/03/2022","16:15:00","16:30:00",28,"Meal ",31,4.7,9,"motorcycle ",1,"No ","Metropolitian ","Sandstorms","Medium ",1
"13/03/2022","9:10:00","9:25:00",23,"Buffet ",25,5,13,"motorcycle ",1,"No ","Metropolitian ","Sunny","Low ",0
"29/03/2022","21:20:00","21:25:00",35,"Snack ",31,4.1,19,"motorcycle ",2,"No ","Urban ","Fog","Jam ",1
"23/03/2022","21:00:00","21:10:00",23,"Snack ",35,4.7,18,"scooter ",1,"No ","Metropolitian ","Sunny","Jam ",0
"12/03/2022","20:50:00","20:55:00",44,"Snack ",39,4.8,12,"motorcycle ",0,"Yes ","Metropolitian ","Fog","Jam ",1
"30/03/2022","19:15:00","19:30:00",24,"Snack ",25,4.5,19,"motorcycle ",0,"No ","Metropolitian ","Stormy","Jam ",1
"6/03/2022","21:20:00","21:35:00",22,"Buffet ",38,4.9,9,"scooter ",2,"No ","Metropolitian ","Sunny","Jam ",1
"1/03/2022","15:20:00","15:35:00",26,"Drinks ",30,4.7,21,"motorcycle ",0,"No ","Metropolitian ","Fog","Medium ",0
"4/04/2022","22:40:00","22:45:00",29,"Snack ",24,4.9,21,"scooter ",1,"No ","Urban ","Sunny","Low ",1
"5/03/2022","18:30:00","18:45:00",21,"Snack ",20,4.6,23,"motorcycle ",0,"No ","Metropolitian ","Sunny","Medium ",1
"31/03/2022","17:10:00","17:20:00",36,"Snack ",36,4.8,2,"motorcycle ",0,"No ","Urban ","Cloudy","Medium ",1
"2/03/2022","22:50:00","23:00:00",18,"Buffet ",25,4.7,16,"motorcycle ",1,"No ","Metropolitian ","Stormy","Low ",0
"3/03/2022","15:35:00","15:45:00",28,"Drinks ",22,4.6,15,"scooter ",2,"No ","Metropolitian ","Windy","Medium ",1
"10/03/2022","18:10:00","18:15:00",30,"Drinks ",38,4.8,14,"motorcycle ",0,"No ","Metropolitian ","Windy","Medium ",1
"16/02/2022","21:25:00","21:30:00",43,"Snack ",37,5,6,"scooter ",1,"No ","Metropolitian ","Stormy","Jam ",1
"20/03/2022","20:15:00","20:25:00",39,"Drinks ",35,4.9,22,"motorcycle ",1,"No ","Urban ","Cloudy","Jam ",0
"21/03/2022","21:35:00","21:40:00",29,"Drinks ",26,5,4,"motorcycle ",0,"No ","Metropolitian ","Cloudy","Jam ",1
"26/03/2022","23:25:00","23:40:00",17,"Snack ",38,4.7,18,"motorcycle ",1,"No ","Urban ","Fog","Low ",1
"15/03/2022","17:10:00","17:25:00",22,"Snack ",31,4.9,12,"scooter ",1,"No ","Metropolitian ","Sunny","Medium ",1
"10/03/2022","22:00:00","22:15:00",40,"Meal ",37,4.8,19,"motorcycle ",0,"No ","Metropolitian ","Fog","Jam ",1
"15/03/2022","13:00:00","13:10:00",32,"Drinks ",33,4.8,12,"scooter ",1,"No ","Metropolitian ","Fog","High ",0
"4/04/2022","23:40:00","23:50:00",24,"Snack ",28,4.7,21,"motorcycle ",0,"No ","Metropolitian ","Stormy","Low ",1
"4/04/2022","18:30:00","18:45:00",33,"Buffet ",28,4.8,22,"motorcycle ",0,"No ","Metropolitian ","Sandstorms","Medium ",0
"24/03/2022","9:55:00","10:00:00",14,"Buffet ",28,4.6,22,"electric_scooter ",2,"No ","Metropolitian ","Windy","Low ",1
"2/03/2022","22:40:00","22:50:00",19,"Buffet ",34,4.7,23,"motorcycle ",1,"No ","Metropolitian ","Stormy","Low ",1
"2/03/2022","21:20:00","21:30:00",37,"Buffet ",33,4.7,9,"motorcycle ",0,"No ","Metropolitian ","Windy","Jam ",2
"23/03/2022","19:20:00","19:35:00",53,"Drinks ",37,4.9,3,"motorcycle ",0,"Yes ","Metropolitian ","Sandstorms","Jam ",3
"5/03/2022","21:10:00","21:20:00",22,"Meal ",20,4.7,13,"motorcycle ",0,"No ","Metropolitian ","Fog","Jam ",1
"6/03/2022","22:00:00","22:10:00",48,"Buffet ",21,5,12,"motorcycle ",0,"No ","Metropolitian ","Fog","Jam ",1
"4/03/2022","23:20:00","23:25:00",15,"Snack ",28,4.6,17,"scooter ",1,"No ","Urban ","Stormy","Low ",1
"7/03/2022","17:55:00","18:10:00",17,"Drinks ",35,4.5,5,"motorcycle ",2,"No ","Urban ","Stormy","Medium ",0
"29/03/2022","20:35:00","20:45:00",25,"Drinks ",22,4.8,19,"motorcycle ",0,"No ","Metropolitian ","Sunny","Jam ",1
"10/03/2022","21:35:00","21:45:00",33,"Meal ",30,4.9,18,"motorcycle ",0,"No ","Metropolitian ","Sunny","Jam ",1
"19/03/2022","11:20:00","11:25:00",30,"Buffet ",27,4.7,22,"electric_scooter ",2,"No ","Metropolitian ","Fog","High ",1
"15/03/2022","11:20:00","11:30:00",39,"Meal ",38,4.7,19,"scooter ",1,"Yes ","Metropolitian ","Fog","High ",2
"1/04/2022","18:45:00","19:00:00",27,"Buffet ",37,4.7,9,"motorcycle ",0,"No ","Metropolitian ","Cloudy","Medium ",1
"6/04/2022","18:50:00","18:55:00",17,"Drinks ",27,4.7,16,"scooter ",1,"No ","Metropolitian ","Sunny","Medium ",1
"6/03/2022","22:15:00","22:25:00",23,"Meal ",35,4.7,22,"motorcycle ",0,"No ","Metropolitian ","Stormy","Low ",0
"12/02/2022","18:55:00","19:10:00",18,"Snack ",29,4.6,19,"scooter ",1,"No ","Urban ","Stormy","Medium ",1
"9/03/2022","10:20:00","10:30:00",10,"Snack ",30,4.7,17,"electric_scooter ",2,"No ","Urban ","Sunny","Low ",0
"23/03/2022","22:00:00","22:15:00",35,"Snack ",37,4.1,7,"scooter ",2,"No ","Metropolitian ","Sandstorms","Jam ",1
"28/03/2022","10:10:00","10:15:00",34,"Buffet ",30,4.1,4,"motorcycle ",0,"No ","Urban ","Sandstorms","Low ",0
"29/03/2022","21:30:00","21:45:00",46,"Meal ",36,4.8,3,"motorcycle ",1,"No ","Metropolitian ","Cloudy","Jam ",1
"2/04/2022","21:50:00","21:55:00",27,"Snack ",35,5,9,"motorcycle ",1,"No ","Metropolitian ","Windy","Jam ",0
"26/03/2022","21:55:00","22:00:00",24,"Drinks ",39,4.8,18,"motorcycle ",0,"No ","Metropolitian ","Sunny","Jam ",1
"14/03/2022","17:45:00","17:50:00",23,"Snack ",29,4.7,16,"scooter ",2,"No ","Metropolitian ","Windy","Medium ",0
"30/03/2022","19:50:00","19:55:00",26,"Meal ",26,4.9,17,"motorcycle ",0,"No ","Metropolitian ","Cloudy","Jam ",0
"1/03/2022","12:50:00","13:05:00",15,"Drinks ",21,4.6,15,"scooter ",2,"No ","Metropolitian ","Sunny","High ",0
"6/03/2022","0:00:00","0:10:00",44,"Snack ",32,4.8,16,"motorcycle ",0,"No ","Metropolitian ","Fog","Low ",2
"7/03/2022","19:50:00","20:05:00",34,"Drinks ",28,4.3,9,"scooter ",1,"No ","Metropolitian ","Fog","Jam ",1
"18/03/2022","19:40:00","19:45:00",28,"Snack ",26,4.7,9,"electric_scooter ",2,"No ","Metropolitian ","Sandstorms","Jam ",1
"1/04/2022","10:40:00","10:50:00",16,"Buffet ",22,4.9,18,"scooter ",2,"No ","Urban ","Stormy","Low ",0
"2/04/2022","17:45:00","17:55:00",45,"Buffet ",38,4.7,5,"motorcycle ",0,"No ","Metropolitian ","Windy","Medium ",0
"31/03/2022","22:30:00","22:45:00",42,"Drinks ",34,4.7,4,"motorcycle ",0,"No ","Metropolitian ","Fog","Low ",1
"1/03/2022","9:00:00","9:05:00",23,"Buffet ",28,4.9,9,"motorcycle ",1,"No ","Metropolitian ","Sunny","Low ",1
"23/03/2022","0:00:00","0:15:00",21,"Buffet ",23,4.8,19,"motorcycle ",2,"No ","Metropolitian ","Cloudy","Low ",0
"3/03/2022","17:55:00","18:00:00",24,"Buffet ",25,5,21,"motorcycle ",0,"No ","Urban ","Cloudy","Medium ",1
"12/03/2022","20:30:00","20:40:00",22,"Meal ",29,4.7,18,"scooter ",2,"No ","Urban ","Sandstorms","Jam ",0
"26/03/2022","23:45:00","23:50:00",16,"Meal ",23,4.8,17,"motorcycle ",1,"No ","Urban ","Cloudy","Low ",0
"23/03/2022","23:35:00","23:50:00",19,"Meal ",32,4.8,22,"motorcycle ",2,"No ","Metropolitian ","Stormy","Low ",1
"28/03/2022","16:25:00","16:40:00",19,"Drinks ",36,4.6,17,"motorcycle ",1,"No ","Metropolitian ","Sunny","Medium ",1
"13/03/2022","14:55:00","15:10:00",26,"Snack ",33,4.9,16,"scooter ",2,"No ","Metropolitian ","Sandstorms","High ",1
"28/03/2022","12:10:00","12:20:00",20,"Meal ",26,4.9,22,"motorcycle ",1,"No ","Metropolitian ","Sandstorms","High ",1
"14/03/2022","22:30:00","22:45:00",17,"Drinks ",29,4.9,21,"scooter ",1,"No ","Metropolitian ","Windy","Low ",0
"18/03/2022","21:20:00","21:30:00",35,"Drinks ",29,4.6,18,"motorcycle ",1,"No ","Metropolitian ","Fog","Jam ",1
"17/03/2022","11:00:00","11:05:00",24,"Buffet ",37,4.6,16,"scooter ",2,"No ","Metropolitian ","Windy","Low ",1
"14/02/2022","17:30:00","17:45:00",34,"Buffet ",28,4.9,7,"motorcycle ",2,"No ","Metropolitian ","Fog","Medium ",1
"3/03/2022","22:30:00","22:35:00",26,"Meal ",35,4.4,23,"motorcycle ",0,"No ","Metropolitian ","Windy","Low ",0
"14/02/2022","21:50:00","22:05:00",27,"Buffet ",38,4.7,5,"motorcycle ",2,"No ","Metropolitian ","Stormy","Jam ",0
"28/03/2022","9:30:00","9:40:00",26,"Drinks ",32,4.9,22,"electric_scooter ",2,"No ","Metropolitian ","Stormy","Low ",1
"14/02/2022","21:35:00","21:40:00",43,"Buffet ",38,4.8,8,"motorcycle ",0,"No ","Metropolitian ","Sunny","Jam ",0
"14/02/2022","22:55:00","23:00:00",17,"Drinks ",31,5,2,"scooter ",1,"No ","Metropolitian ","Sandstorms","Low ",0
"17/03/2022","9:15:00","9:20:00",25,"Meal ",30,4,7,"motorcycle ",0,"No ","Metropolitian ","Stormy","Low ",0
"16/02/2022","20:45:00","20:55:00",33,"Drinks ",22,4.1,15,"motorcycle ",0,"No ","Metropolitian ","Sandstorms","Jam ",0
"20/03/2022","0:00:00","0:15:00",39,"Snack ",35,4.3,7,"motorcycle ",0,"No ","Metropolitian ","Cloudy","Low ",1
"21/03/2022","21:55:00","22:10:00",35,"Drinks ",38,4,7,"scooter ",2,"No ","Metropolitian ","Fog","Jam ",1
"6/03/2022","21:10:00","21:15:00",46,"Drinks ",38,4.6,16,"motorcycle ",0,"No ","Metropolitian ","Fog","Jam ",2
"21/03/2022","15:30:00","15:40:00",23,"Meal ",25,4.5,4,"motorcycle ",2,"No ","Urban ","Sandstorms","Medium ",0
"4/03/2022","23:20:00","23:35:00",42,"Drinks ",39,4.9,9,"motorcycle ",0,"Yes ","Metropolitian ","Stormy","Low ",2
"29/03/2022","22:55:00","23:05:00",18,"Snack ",31,4.8,22,"electric_scooter ",2,"No ","Metropolitian ","Windy","Low ",0
"17/02/2022","23:00:00","23:10:00",24,"Drinks ",39,4.6,2,"scooter ",1,"No ","Metropolitian ","Windy","Low ",1
"28/03/2022","21:15:00","21:20:00",29,"Drinks ",34,4.8,1,"motorcycle ",0,"No ","Metropolitian ","Sunny","Jam ",1
"15/02/2022","19:55:00","20:00:00",39,"Buffet ",31,4.2,3,"motorcycle ",0,"No ","Urban ","Windy","Jam ",0
"2/03/2022","23:45:00","23:50:00",30,"Meal ",37,4.9,18,"scooter ",2,"No ","Metropolitian ","Stormy","Low ",1
"17/03/2022","18:20:00","18:25:00",15,"Drinks ",22,4.6,7,"electric_scooter ",2,"No ","Metropolitian ","Cloudy","Medium ",0
"3/04/2022","11:20:00","11:35:00",13,"Buffet ",28,4.5,17,"scooter ",1,"No ","Urban ","Windy","High ",1
"2/03/2022","21:35:00","21:40:00",35,"Meal ",33,5,18,"scooter ",1,"No ","Metropolitian ","Fog","Jam ",1
"18/02/2022","22:15:00","22:30:00",27,"Buffet ",35,4.7,2,"motorcycle ",1,"No ","Metropolitian ","Stormy","Low ",0
"13/03/2022","10:30:00","10:40:00",21,"Drinks ",38,4.8,16,"scooter ",1,"No ","Urban ","Windy","Low ",0
"5/04/2022","13:40:00","13:45:00",26,"Snack ",39,5,22,"motorcycle ",0,"No ","Metropolitian ","Cloudy","High ",1
"3/03/2022","17:15:00","17:30:00",28,"Buffet ",32,4.6,13,"motorcycle ",1,"No ","Metropolitian ","Stormy","Medium ",0
"2/03/2022","23:45:00","0:00:00",11,"Buffet ",28,4.5,4,"motorcycle ",1,"No ","Urban ","Stormy","Low ",0
"1/04/2022","20:30:00","20:45:00",15,"Buffet ",23,4.6,23,"motorcycle ",2,"No ","Metropolitian ","Windy","Jam ",1
"24/03/2022","11:20:00","11:30:00",23,"Drinks ",28,4.5,5,"scooter ",2,"No ","Urban ","Sandstorms","High ",1
"23/03/2022","18:35:00","18:45:00",20,"Snack ",24,4.5,19,"scooter ",1,"No ","Metropolitian ","Stormy","Medium ",1
"15/03/2022","19:10:00","19:25:00",37,"Buffet ",32,4.7,21,"motorcycle ",2,"No ","Urban ","Cloudy","Jam ",0
"13/03/2022","17:10:00","17:15:00",17,"Drinks ",28,4.6,18,"scooter ",1,"No ","Metropolitian ","Fog","Medium ",1
"15/02/2022","20:10:00","20:20:00",28,"Meal ",32,4.8,3,"motorcycle ",0,"No ","Metropolitian ","Stormy","Jam ",1
"26/03/2022","21:30:00","21:35:00",26,"Meal ",34,4.7,21,"motorcycle ",0,"No ","Metropolitian ","Sunny","Jam ",1
"16/03/2022","21:45:00","21:50:00",53,"Buffet ",36,4.9,21,"motorcycle ",0,"No ","Urban ","Cloudy","Jam ",1
"19/03/2022","14:55:00","15:00:00",30,"Buffet ",28,4.7,18,"motorcycle ",0,"No ","Metropolitian ","Stormy","High ",1
"29/03/2022","23:20:00","23:35:00",27,"Snack ",36,4.6,16,"scooter ",2,"No ","Metropolitian ","Stormy","Low ",0
"4/04/2022","20:15:00","20:30:00",31,"Meal ",22,4.4,1,"motorcycle ",2,"No ","Metropolitian ","Cloudy","Jam ",1
"5/04/2022","23:40:00","23:45:00",24,"Drinks ",32,4.7,18,"motorcycle ",0,"No ","Metropolitian ","Sunny","Low ",1
"11/02/2022","23:15:00","23:20:00",23,"Buffet ",30,4.7,19,"scooter ",1,"No ","Urban ","Windy","Low ",0
"15/03/2022","10:00:00","10:05:00",19,"Meal ",25,4.1,5,"motorcycle ",0,"No ","Metropolitian ","Windy","Low ",1
"29/03/2022","21:30:00","21:45:00",46,"Meal ",36,4.8,3,"motorcycle ",1,"No ","Metropolitian ","Cloudy","Jam ",1
"3/03/2022","15:55:00","16:10:00",25,"Drinks ",39,5,15,"motorcycle ",0,"No ","Metropolitian ","Stormy","Medium ",0
"15/03/2022","11:10:00","11:15:00",30,"Buffet ",33,5,21,"scooter ",1,"No ","Metropolitian ","Windy","High ",1
"14/03/2022","22:15:00","22:25:00",23,"Drinks ",24,4.7,19,"motorcycle ",0,"No ","Urban ","Fog","Low ",0
"15/02/2022","20:20:00","20:35:00",27,"Snack ",36,4.8,2,"motorcycle ",1,"No ","Metropolitian ","Fog","Jam ",0
"1/03/2022","21:15:00","21:25:00",37,"Snack ",23,5,22,"motorcycle ",0,"No ","Metropolitian ","Stormy","Jam ",1
"23/03/2022","17:10:00","17:15:00",37,"Meal ",23,4.9,5,"motorcycle ",1,"No ","Metropolitian ","Fog","Medium ",2
"8/03/2022","19:20:00","19:25:00",36,"Buffet ",23,4.1,4,"motorcycle ",0,"No ","Metropolitian ","Sandstorms","Jam ",2
"19/03/2022","17:30:00","17:40:00",33,"Snack ",33,4.2,4,"scooter ",2,"No ","Urban ","Windy","Medium ",0
"19/03/2022","18:20:00","18:25:00",27,"Snack ",36,4.5,3,"motorcycle ",0,"No ","Metropolitian ","Fog","Medium ",1
"17/03/2022","11:25:00","11:35:00",34,"Snack ",22,4.6,23,"scooter ",1,"No ","Metropolitian ","Fog","High ",2
"23/03/2022","19:20:00","19:25:00",42,"Drinks ",35,4.1,2,"motorcycle ",0,"No ","Metropolitian ","Stormy","Jam ",0
"25/03/2022","19:30:00","19:40:00",40,"Drinks ",33,4.9,3,"motorcycle ",1,"No ","Metropolitian ","Fog","Jam ",0
"11/02/2022","17:30:00","17:35:00",28,"Drinks ",32,4.8,4,"scooter ",2,"No ","Metropolitian ","Stormy","Medium ",0
"15/03/2022","22:15:00","22:30:00",17,"Buffet ",27,4.7,15,"scooter ",1,"No ","Metropolitian ","Sunny","Low ",0
"23/03/2022","20:35:00","20:40:00",29,"Drinks ",35,4.6,5,"scooter ",2,"No ","Metropolitian ","Windy","Jam ",1
"3/03/2022","18:35:00","18:40:00",38,"Meal ",33,4.2,5,"motorcycle ",0,"No ","Urban ","Sandstorms","Medium ",2
"5/04/2022","15:10:00","15:15:00",30,"Snack ",34,4.7,17,"motorcycle ",2,"No ","Metropolitian ","Windy","Medium ",1
"26/03/2022","19:10:00","19:15:00",37,"Snack ",37,4.4,4,"motorcycle ",1,"No ","Metropolitian ","Fog","Jam ",2
"2/04/2022","17:45:00","17:50:00",12,"Meal ",20,4.8,21,"motorcycle ",2,"No ","Urban ","Sunny","Medium ",0
"15/03/2022","20:50:00","20:55:00",28,"Snack ",28,4.8,15,"motorcycle ",0,"No ","Urban ","Windy","Jam ",1
"8/03/2022","22:10:00","22:20:00",23,"Meal ",30,4.6,19,"scooter ",2,"No ","Urban ","Sandstorms","Low ",1
"3/03/2022","17:50:00","18:05:00",16,"Snack ",21,5,16,"scooter ",1,"No ","Metropolitian ","Fog","Medium ",1
"26/03/2022","17:50:00","17:55:00",29,"Snack ",33,4.8,7,"motorcycle ",1,"No ","Metropolitian ","Windy","Medium ",1
"9/03/2022","8:35:00","8:50:00",25,"Meal ",31,4.7,16,"motorcycle ",1,"No ","Urban ","Sandstorms","Low ",0
"14/02/2022","20:55:00","21:00:00",41,"Snack ",24,5,8,"scooter ",1,"No ","Metropolitian ","Stormy","Jam ",2
"27/03/2022","21:50:00","22:00:00",15,"Drinks ",25,4.6,23,"motorcycle ",1,"No ","Metropolitian ","Stormy","Jam ",0
"27/03/2022","20:55:00","21:10:00",16,"Drinks ",21,4.9,15,"motorcycle ",0,"No ","Urban ","Sunny","Jam ",0
"15/03/2022","9:30:00","9:40:00",18,"Buffet ",25,4.8,18,"motorcycle ",0,"No ","Metropolitian ","Fog","Low ",1
"14/02/2022","23:25:00","23:35:00",15,"Buffet ",20,4.9,9,"scooter ",1,"No ","Metropolitian ","Windy","Low ",1
"7/03/2022","11:00:00","11:15:00",20,"Meal ",26,4.6,23,"motorcycle ",0,"No ","Metropolitian ","Sunny","Low ",0
"12/03/2022","19:55:00","20:10:00",38,"Drinks ",32,3.7,1,"electric_scooter ",2,"No ","Metropolitian ","Stormy","Jam ",2
"9/03/2022","20:00:00","20:10:00",22,"Buffet ",29,4.8,21,"motorcycle ",0,"No ","Metropolitian ","Fog","Jam ",1
"21/03/2022","10:55:00","11:10:00",12,"Drinks ",35,4.9,15,"scooter ",2,"No ","Urban ","Sunny","Low ",0
"11/03/2022","17:40:00","17:55:00",26,"Buffet ",22,4.8,13,"electric_scooter ",2,"No ","Metropolitian ","Windy","Medium ",1
"12/03/2022","20:40:00","20:45:00",28,"Drinks ",25,4.8,21,"motorcycle ",2,"No ","Metropolitian ","Windy","Jam ",1
"18/03/2022","20:40:00","20:45:00",31,"Drinks ",32,3.9,2,"motorcycle ",1,"No ","Urban ","Stormy","Jam ",1
"18/03/2022","20:55:00","21:05:00",31,"Snack ",35,3.7,16,"scooter ",2,"No ","Metropolitian ","Stormy","Jam ",0
"19/03/2022","22:10:00","22:20:00",17,"Meal ",21,4.6,23,"motorcycle ",2,"No ","Metropolitian ","Fog","Low ",0
"18/03/2022","17:15:00","17:25:00",21,"Snack ",33,4.9,19,"scooter ",1,"No ","Urban ","Sandstorms","Medium ",0
"26/03/2022","11:50:00","12:05:00",41,"Drinks ",37,4.9,4,"motorcycle ",0,"No ","Metropolitian ","Stormy","High ",0
"8/03/2022","21:20:00","21:25:00",48,"Meal ",20,5,14,"motorcycle ",0,"No ","Metropolitian ","Cloudy","Jam ",0
"1/03/2022","20:40:00","20:45:00",37,"Snack ",23,4.6,4,"motorcycle ",0,"No ","Metropolitian ","Windy","Jam ",2
"11/03/2022","11:25:00","11:30:00",33,"Drinks ",38,5,23,"scooter ",1,"No ","Metropolitian ","Stormy","High ",1
"4/03/2022","19:10:00","19:25:00",34,"Buffet ",25,4.1,5,"motorcycle ",0,"No ","Urban ","Sandstorms","Jam ",1
"24/03/2022","8:40:00","8:45:00",24,"Snack ",32,4.3,23,"motorcycle ",0,"No ","Metropolitian ","Stormy","Low ",1
"6/03/2022","18:00:00","18:05:00",17,"Buffet ",23,5,16,"scooter ",2,"No ","Metropolitian ","Stormy","Medium ",0
"4/03/2022","18:30:00","18:35:00",36,"Drinks ",24,4,5,"motorcycle ",1,"No ","Urban ","Cloudy","Medium ",1
"15/03/2022","22:55:00","23:10:00",28,"Snack ",28,4.1,1,"motorcycle ",0,"No ","Urban ","Windy","Low ",1
"12/02/2022","19:20:00","19:35:00",50,"Snack ",39,4.9,15,"motorcycle ",0,"Yes ","Semi-Urban ","Windy","Jam ",0
"8/03/2022","18:35:00","18:40:00",27,"Meal ",32,4.6,23,"motorcycle ",1,"No ","Metropolitian ","Stormy","Medium ",1
"21/03/2022","8:55:00","9:05:00",15,"Buffet ",36,4.6,17,"scooter ",2,"No ","Metropolitian ","Cloudy","Low ",1
"27/03/2022","22:55:00","23:10:00",21,"Drinks ",30,4.9,23,"scooter ",1,"No ","Metropolitian ","Stormy","Low ",1
"15/02/2022","12:45:00","13:00:00",35,"Buffet ",27,4.6,6,"motorcycle ",0,"No ","Metropolitian ","Stormy","High ",1
"13/03/2022","13:00:00","13:15:00",31,"Buffet ",37,4.9,17,"scooter ",1,"No ","Metropolitian ","Windy","High ",1
"4/04/2022","21:00:00","21:15:00",28,"Buffet ",32,4.5,21,"scooter ",1,"No ","Urban ","Windy","Jam ",1
"15/03/2022","8:30:00","8:40:00",19,"Snack ",23,4.7,17,"electric_scooter ",2,"No ","Urban ","Windy","Low ",1
"4/03/2022","23:40:00","23:45:00",21,"Snack ",27,4.6,9,"motorcycle ",0,"No ","Metropolitian ","Sunny","Low ",1
"24/03/2022","9:25:00","9:40:00",16,"Meal ",34,4.7,15,"motorcycle ",1,"No ","Metropolitian ","Sunny","Low ",0
"17/02/2022","22:00:00","22:05:00",26,"Meal ",35,4.8,9,"motorcycle ",0,"No ","Metropolitian ","Fog","Jam ",0
"1/04/2022","20:20:00","20:25:00",40,"Snack ",35,4.8,14,"motorcycle ",0,"No ","Metropolitian ","Stormy","Jam ",2
"20/03/2022","20:30:00","20:35:00",52,"Drinks ",30,4.8,2,"motorcycle ",0,"No ","Metropolitian ","Stormy","Jam ",0
"17/03/2022","19:35:00","19:40:00",37,"Buffet ",39,4.1,2,"motorcycle ",2,"No ","Metropolitian ","Fog","Jam ",1
"13/03/2022","8:50:00","8:55:00",17,"Snack ",35,4.8,22,"motorcycle ",1,"No ","Metropolitian ","Fog","Low ",1
"2/04/2022","19:20:00","19:25:00",37,"Meal ",38,4.7,15,"scooter ",2,"No ","Metropolitian ","Fog","Jam ",1
"18/03/2022","21:55:00","22:10:00",26,"Snack ",22,4.6,4,"scooter ",2,"No ","Metropolitian ","Windy","Jam ",1
"16/02/2022","23:40:00","23:45:00",15,"Meal ",29,4.5,3,"electric_scooter ",2,"No ","Metropolitian ","Stormy","Low ",0
"15/02/2022","18:20:00","18:35:00",20,"Buffet ",20,4.7,3,"scooter ",1,"No ","Metropolitian ","Sandstorms","Medium ",0
"18/02/2022","23:20:00","23:35:00",39,"Meal ",33,4.2,4,"electric_scooter ",2,"No ","Urban ","Fog","Low ",1
"21/03/2022","11:55:00","12:10:00",27,"Meal ",37,4.5,16,"motorcycle ",2,"No ","Metropolitian ","Fog","High ",1
"16/03/2022","20:45:00","20:50:00",25,"Buffet ",24,4.7,13,"motorcycle ",0,"No ","Metropolitian ","Windy","Jam ",1
"6/03/2022","21:45:00","21:50:00",25,"Meal ",28,4.6,19,"motorcycle ",0,"No ","Metropolitian ","Windy","Jam ",1
"24/03/2022","21:15:00","21:30:00",26,"Buffet ",36,4.6,21,"motorcycle ",0,"No ","Metropolitian ","Sunny","Jam ",1
"2/04/2022","18:35:00","18:45:00",21,"Drinks ",26,4.8,18,"scooter ",2,"No ","Metropolitian ","Sandstorms","Medium ",1
"4/03/2022","20:10:00","20:20:00",19,"Meal ",24,4.6,17,"scooter ",1,"No ","Metropolitian ","Sandstorms","Jam ",1
"19/03/2022","22:10:00","22:20:00",29,"Meal ",35,4.7,4,"motorcycle ",0,"No ","Metropolitian ","Sunny","Low ",1
"3/04/2022","23:30:00","23:35:00",19,"Meal ",27,4.8,21,"scooter ",2,"No ","Urban ","Sunny","Low ",1
"9/03/2022","23:25:00","23:40:00",22,"Buffet ",22,4.3,15,"motorcycle ",0,"No ","Metropolitian ","Sandstorms","Low ",0
"31/03/2022","19:50:00","19:55:00",31,"Snack ",25,4.1,5,"electric_scooter ",2,"No ","Metropolitian ","Cloudy","Jam ",0
"14/02/2022","19:55:00","20:10:00",19,"Buffet ",25,4.6,6,"motorcycle ",2,"No ","Metropolitian ","Sandstorms","Jam ",1
"7/03/2022","20:10:00","20:25:00",27,"Meal ",34,4.9,16,"scooter ",2,"No ","Urban ","Stormy","Jam ",1
"13/03/2022","14:20:00","14:25:00",24,"Drinks ",25,4.9,18,"motorcycle ",0,"No ","Metropolitian ","Sandstorms","High ",0
"6/03/2022","23:20:00","23:30:00",41,"Drinks ",37,5,18,"motorcycle ",0,"No ","Metropolitian ","Fog","Low ",1
"28/03/2022","21:45:00","22:00:00",18,"Buffet ",29,4.7,22,"motorcycle ",0,"No ","Metropolitian ","Windy","Jam ",1
"29/03/2022","20:40:00","20:55:00",40,"Buffet ",26,5,11,"motorcycle ",0,"No ","Metropolitian ","Fog","Jam ",2
"13/02/2022","19:55:00","20:10:00",10,"Drinks ",29,4.8,15,"scooter ",1,"No ","Urban ","Sunny","Jam ",0
"17/02/2022","16:25:00","16:40:00",29,"Drinks ",29,4.7,9,"scooter ",1,"No ","Metropolitian ","Stormy","Medium ",1
"17/03/2022","8:35:00","8:50:00",16,"Snack ",28,5,23,"motorcycle ",1,"No ","Metropolitian ","Sandstorms","Low ",1
"28/03/2022","11:50:00","12:05:00",30,"Snack ",30,4.6,17,"electric_scooter ",2,"No ","Urban ","Fog","High ",1
"5/04/2022","12:15:00","12:20:00",14,"Buffet ",20,4.9,17,"motorcycle ",1,"No ","Metropolitian ","Stormy","High ",0
"26/03/2022","12:00:00","12:15:00",21,"Buffet ",24,4.6,14,"scooter ",2,"No ","Metropolitian ","Cloudy","High ",1
"6/03/2022","19:45:00","20:00:00",41,"Drinks ",37,5,17,"electric_scooter ",2,"No ","Urban ","Stormy","Jam ",0
"19/03/2022","14:25:00","14:30:00",30,"Snack ",30,4.8,23,"electric_scooter ",2,"No ","Metropolitian ","Windy","High ",1
"25/03/2022","20:25:00","20:30:00",44,"Meal ",34,4.8,2,"motorcycle ",0,"No ","Metropolitian ","Sunny","Jam ",0
"11/03/2022","21:00:00","21:15:00",32,"Drinks ",24,4.7,19,"scooter ",2,"No ","Metropolitian ","Cloudy","Jam ",1
"5/04/2022","19:35:00","19:40:00",34,"Drinks ",27,4.7,18,"motorcycle ",1,"No ","Urban ","Cloudy","Jam ",0
"11/02/2022","19:15:00","19:25:00",33,"Meal ",31,4.9,16,"motorcycle ",0,"No ","Urban ","Sandstorms","Jam ",0
"4/04/2022","17:25:00","17:35:00",35,"Drinks ",36,4.1,3,"motorcycle ",2,"No ","Metropolitian ","Stormy","Medium ",1
"19/03/2022","17:20:00","17:35:00",24,"Meal ",34,4.9,3,"motorcycle ",1,"No ","Metropolitian ","Sunny","Medium ",1
"10/03/2022","19:55:00","20:05:00",53,"Snack ",38,4.9,14,"motorcycle ",0,"Yes ","Metropolitian ","Stormy","Jam ",1
"24/03/2022","23:25:00","23:40:00",24,"Drinks ",28,4.9,13,"scooter ",2,"No ","Metropolitian ","Sunny","Low ",1
"7/03/2022","9:40:00","9:45:00",14,"Meal ",28,4.8,23,"electric_scooter ",2,"No ","Metropolitian ","Fog","Low ",0
"16/03/2022","22:15:00","22:25:00",44,"Snack ",39,4.4,12,"motorcycle ",0,"No ","Metropolitian ","Cloudy","Low ",1
"5/04/2022","14:55:00","15:00:00",36,"Buffet ",35,4.3,3,"motorcycle ",0,"No ","Metropolitian ","Stormy","High ",1
"2/04/2022","18:55:00","19:10:00",19,"Buffet ",23,4.7,18,"motorcycle ",2,"No ","Metropolitian ","Sunny","Medium ",1
"7/03/2022","18:10:00","18:25:00",17,"Buffet ",31,4.9,23,"scooter ",2,"No ","Metropolitian ","Sunny","Medium ",0
"3/03/2022","23:45:00","0:00:00",14,"Drinks ",20,4.9,22,"scooter ",1,"No ","Metropolitian ","Windy","Low ",0
"17/02/2022","20:00:00","20:05:00",27,"Meal ",39,4.7,2,"motorcycle ",2,"No ","Metropolitian ","Stormy","Jam ",1
"8/03/2022","23:55:00","0:10:00",26,"Snack ",32,4.6,13,"scooter ",2,"No ","Metropolitian ","Cloudy","Low ",0
"17/03/2022","9:35:00","9:50:00",19,"Meal ",35,4.8,23,"motorcycle ",1,"No ","Metropolitian ","Sunny","Low ",1
"16/02/2022","23:10:00","23:20:00",44,"Drinks ",36,4,10,"motorcycle ",0,"Yes ","Metropolitian ","Stormy","Low ",1
"3/04/2022","11:00:00","11:15:00",21,"Meal ",38,4.5,19,"scooter ",1,"No ","Metropolitian ","Windy","Low ",0
"21/03/2022","20:30:00","20:45:00",37,"Buffet ",31,4.2,1,"scooter ",2,"No ","Metropolitian ","Cloudy","Jam ",1
"17/03/2022","15:55:00","16:00:00",34,"Buffet ",32,4.7,9,"motorcycle ",0,"No ","Metropolitian ","Windy","Medium ",2
"30/03/2022","18:40:00","18:50:00",29,"Drinks ",32,4.8,3,"motorcycle ",0,"No ","Metropolitian ","Stormy","Medium ",0
"8/03/2022","19:45:00","19:50:00",28,"Meal ",24,4.9,22,"motorcycle ",0,"No ","Metropolitian ","Stormy","Jam ",0
"24/03/2022","21:40:00","21:50:00",30,"Meal ",37,4.6,7,"scooter ",1,"No ","Metropolitian ","Sandstorms","Jam ",1
"5/04/2022","20:50:00","20:55:00",19,"Snack ",36,4.8,16,"motorcycle ",1,"No ","Metropolitian ","Sunny","Jam ",1
"19/03/2022","19:10:00","19:20:00",30,"Drinks ",29,5,9,"motorcycle ",0,"No ","Metropolitian ","Sandstorms","Jam ",1
"15/03/2022","9:25:00","9:30:00",17,"Drinks ",25,4.8,22,"motorcycle ",0,"No ","Metropolitian ","Cloudy","Low ",0
"16/03/2022","22:25:00","22:30:00",24,"Snack ",39,4.5,5,"scooter ",1,"No ","Urban ","Sunny","Low ",1
"9/03/2022","10:25:00","10:40:00",17,"Meal ",39,4.6,19,"motorcycle ",1,"No ","Metropolitian ","Fog","Low ",1
"26/03/2022","10:40:00","10:55:00",22,"Meal ",34,4.5,21,"scooter ",1,"No ","Metropolitian ","Windy","Low ",1
"7/03/2022","8:35:00","8:45:00",21,"Snack ",30,4.8,9,"motorcycle ",1,"No ","Metropolitian ","Sandstorms","Low ",1
"25/03/2022","23:35:00","23:50:00",10,"Meal ",27,4.8,16,"motorcycle ",1,"No ","Urban ","Sandstorms","Low ",0
"11/03/2022","22:50:00","23:05:00",26,"Meal ",35,4.7,15,"motorcycle ",0,"No ","Metropolitian ","Cloudy","Low ",1
"5/04/2022","19:45:00","20:00:00",17,"Snack ",38,4.7,15,"scooter ",1,"No ","Metropolitian ","Sunny","Jam ",0
"14/03/2022","20:25:00","20:30:00",22,"Meal ",23,4.7,9,"scooter ",1,"No ","Metropolitian ","Stormy","Jam ",1
"17/02/2022","11:45:00","11:50:00",20,"Drinks ",29,4.9,8,"scooter ",2,"No ","Metropolitian ","Fog","High ",1
"14/02/2022","21:50:00","22:05:00",36,"Buffet ",34,3.9,3,"scooter ",1,"No ","Urban ","Windy","Jam ",1
"20/03/2022","22:10:00","22:20:00",23,"Snack ",33,4.8,21,"scooter ",1,"No ","Metropolitian ","Sunny","Low ",1
"16/03/2022","21:35:00","21:45:00",31,"Meal ",22,4.3,9,"motorcycle ",0,"No ","Metropolitian ","Stormy","Jam ",1
"2/03/2022","21:20:00","21:25:00",28,"Snack ",36,4.5,18,"scooter ",2,"No ","Metropolitian ","Windy","Jam ",0
"2/04/2022","17:20:00","17:25:00",31,"Drinks ",32,4.3,12,"motorcycle ",0,"No ","Metropolitian ","Sunny","Medium ",1
"16/03/2022","17:30:00","17:35:00",41,"Snack ",36,4.3,23,"motorcycle ",1,"No ","Metropolitian ","Cloudy","Medium ",2
"16/02/2022","20:40:00","20:50:00",48,"Snack ",38,4.6,21,"scooter ",2,"No ","Semi-Urban ","Fog","Jam ",1
"19/03/2022","23:15:00","23:20:00",27,"Drinks ",30,4.6,23,"scooter ",1,"No ","Urban ","Windy","Low ",0
"1/03/2022","15:15:00","15:20:00",15,"Buffet ",30,4.9,16,"scooter ",2,"No ","Urban ","Sunny","Medium ",0
"7/03/2022","22:10:00","22:25:00",26,"Meal ",35,4.9,14,"motorcycle ",2,"No ","Metropolitian ","Sandstorms","Low ",1
"27/03/2022","18:20:00","18:35:00",31,"Meal ",29,4.8,2,"motorcycle ",1,"No ","Metropolitian ","Fog","Medium ",1
"17/02/2022","11:45:00","12:00:00",33,"Meal ",20,4.8,15,"scooter ",2,"No ","Urban ","Cloudy","High ",1
"23/03/2022","19:25:00","19:35:00",25,"Meal ",24,4.8,14,"electric_scooter ",2,"No ","Metropolitian ","Windy","Jam ",0
"3/04/2022","11:40:00","11:55:00",39,"Snack ",25,4.4,19,"motorcycle ",0,"No ","Urban ","Stormy","High ",1
"21/03/2022","12:25:00","12:30:00",33,"Meal ",33,4.7,7,"motorcycle ",0,"No ","Metropolitian ","Fog","High ",2
"25/03/2022","18:20:00","18:25:00",15,"Drinks ",28,4.5,19,"scooter ",2,"No ","Metropolitian ","Sunny","Medium ",1
"20/03/2022","18:10:00","18:15:00",19,"Buffet ",27,4.7,15,"motorcycle ",1,"No ","Metropolitian ","Stormy","Medium ",1
"25/03/2022","19:20:00","19:25:00",25,"Snack ",23,5,15,"motorcycle ",2,"No ","Urban ","Windy","Jam ",0
"14/03/2022","21:15:00","21:20:00",43,"Snack ",37,4.2,1,"motorcycle ",1,"No ","Metropolitian ","Fog","Jam ",0
"4/04/2022","23:45:00","0:00:00",12,"Snack ",25,4.5,19,"motorcycle ",1,"No ","Urban ","Stormy","Low ",0
"4/04/2022","18:10:00","18:20:00",36,"Meal ",35,4.9,1,"motorcycle ",0,"No ","Metropolitian ","Windy","Medium ",1
"14/02/2022","23:00:00","23:15:00",44,"Drinks ",27,2.5,19,"motorcycle ",1,"No ","Metropolitian ","Sunny","Low ",2
"28/03/2022","21:50:00","22:05:00",20,"Buffet ",21,5,21,"motorcycle ",2,"No ","Metropolitian ","Windy","Jam ",0
"25/03/2022","21:20:00","21:35:00",16,"Meal ",24,4.7,17,"scooter ",2,"No ","Metropolitian ","Windy","Jam ",1
"15/03/2022","10:35:00","10:50:00",29,"Snack ",27,4.4,13,"motorcycle ",0,"No ","Metropolitian ","Stormy","Low ",1
"19/03/2022","23:20:00","23:35:00",17,"Meal ",28,4.7,9,"scooter ",2,"No ","Metropolitian ","Cloudy","Low ",0
"20/03/2022","23:50:00","23:55:00",28,"Drinks ",21,4.8,18,"electric_scooter ",2,"No ","Urban ","Sunny","Low ",1
"31/03/2022","23:15:00","23:30:00",43,"Buffet ",37,5,11,"motorcycle ",0,"No ","Metropolitian ","Cloudy","Low ",1
"11/03/2022","13:20:00","13:35:00",13,"Snack ",23,4.7,17,"scooter ",1,"No ","Metropolitian ","Stormy","High ",0
"11/03/2022","21:50:00","22:05:00",31,"Snack ",30,4.4,23,"motorcycle ",0,"No ","Metropolitian ","Windy","Jam ",1
"11/02/2022","9:55:00","10:05:00",25,"Drinks ",39,4.6,8,"scooter ",2,"No ","Metropolitian ","Windy","Low ",1
"15/03/2022","18:25:00","18:30:00",28,"Drinks ",39,4.7,9,"motorcycle ",0,"No ","Metropolitian ","Cloudy","Medium ",1
"23/03/2022","19:40:00","19:55:00",40,"Buffet ",33,4.8,23,"motorcycle ",2,"No ","Urban ","Fog","Jam ",1
"16/02/2022","19:35:00","19:40:00",42,"Buffet ",39,5,3,"electric_scooter ",2,"No ","Metropolitian ","Fog","Jam ",1
"29/03/2022","20:30:00","20:35:00",34,"Drinks ",30,3.5,6,"scooter ",1,"No ","Metropolitian ","Sandstorms","Jam ",1
"11/03/2022","0:00:00","0:15:00",16,"Snack ",26,4.8,16,"scooter ",2,"No ","Metropolitian ","Stormy","Low ",1
"11/02/2022","22:00:00","22:05:00",47,"Drinks ",28,4.5,1,"motorcycle ",0,"No ","Semi-Urban ","Sunny","Jam ",2
"12/02/2022","17:55:00","18:05:00",25,"Drinks ",21,5,9,"scooter ",2,"No ","Metropolitian ","Sandstorms","Medium ",0
"11/02/2022","11:40:00","11:45:00",37,"Buffet ",34,5,4,"motorcycle ",0,"No ","Metropolitian ","Stormy","High ",2
"3/03/2022","13:10:00","13:20:00",17,"Snack ",26,4.9,19,"motorcycle ",1,"No ","Metropolitian ","Sunny","High ",0
"4/03/2022","21:30:00","21:45:00",37,"Buffet ",32,4.1,9,"scooter ",1,"No ","Metropolitian ","Sandstorms","Jam ",1
"16/02/2022","17:10:00","17:25:00",41,"Snack ",38,5,6,"scooter ",2,"No ","Metropolitian ","Stormy","Medium ",0
"25/03/2022","20:10:00","20:25:00",30,"Meal ",29,4.5,1,"motorcycle ",0,"No ","Metropolitian ","Sandstorms","Jam ",1
"5/03/2022","21:10:00","21:20:00",22,"Meal ",20,4.7,13,"motorcycle ",0,"No ","Metropolitian ","Fog","Jam ",1
"6/04/2022","23:20:00","23:25:00",35,"Snack ",21,2.7,5,"scooter ",1,"No ","Metropolitian ","Sunny","Low ",0
"13/03/2022","21:35:00","21:45:00",27,"Buffet ",24,4.8,19,"electric_scooter ",2,"No ","Metropolitian ","Cloudy","Jam ",1
"29/03/2022","23:50:00","0:00:00",21,"Snack ",30,4.6,19,"motorcycle ",0,"No ","Metropolitian ","Sunny","Low ",1
"29/03/2022","20:10:00","20:15:00",25,"Meal ",26,4.7,9,"motorcycle ",0,"No ","Metropolitian ","Stormy","Jam ",1
"19/03/2022","16:10:00","16:20:00",13,"Meal ",26,4.9,5,"motorcycle ",0,"No ","Metropolitian ","Sandstorms","Medium ",1
"7/03/2022","8:45:00","9:00:00",15,"Drinks ",22,4.6,23,"scooter ",1,"No ","Urban ","Sandstorms","Low ",1
"13/02/2022","22:15:00","22:30:00",28,"Buffet ",29,4.1,18,"motorcycle ",0,"No ","Metropolitian ","Stormy","Low ",1
"23/03/2022","23:45:00","0:00:00",13,"Drinks ",22,4.8,14,"scooter ",2,"No ","Metropolitian ","Stormy","Low ",0
"5/03/2022","23:25:00","23:30:00",21,"Meal ",33,4.6,16,"motorcycle ",0,"No ","Urban ","Stormy","Low ",1
"4/03/2022","17:35:00","17:45:00",35,"Buffet ",22,4.7,16,"scooter ",1,"No ","Metropolitian ","Fog","Medium ",0
"28/03/2022","11:40:00","11:45:00",34,"Snack ",23,4.8,3,"scooter ",2,"No ","Metropolitian ","Fog","High ",0
"14/03/2022","18:10:00","18:25:00",23,"Drinks ",25,4.9,9,"electric_scooter ",2,"No ","Metropolitian ","Stormy","Medium ",1
"24/03/2022","8:35:00","8:40:00",15,"Buffet ",33,4.8,18,"scooter ",1,"No ","Metropolitian ","Sunny","Low ",1
"9/03/2022","8:30:00","8:35:00",23,"Meal ",36,4.9,14,"motorcycle ",0,"No ","Metropolitian ","Sunny","Low ",1
"18/03/2022","23:55:00","0:10:00",24,"Drinks ",28,4.6,17,"motorcycle ",0,"No ","Urban ","Stormy","Low ",0
"20/03/2022","21:55:00","22:00:00",31,"Snack ",31,3.8,8,"scooter ",2,"No ","Metropolitian ","Sunny","Jam ",1
"17/03/2022","17:55:00","18:00:00",29,"Meal ",28,4.7,15,"motorcycle ",1,"No ","Metropolitian ","Windy","Medium ",1
"29/03/2022","20:50:00","21:00:00",20,"Drinks ",24,4.9,3,"scooter ",2,"No ","Urban ","Sandstorms","Jam ",0
"17/03/2022","23:35:00","23:40:00",24,"Buffet ",22,4.9,12,"electric_scooter ",2,"No ","Metropolitian ","Sunny","Low ",1
"8/03/2022","22:15:00","22:20:00",18,"Snack ",21,4.5,21,"electric_scooter ",2,"No ","Metropolitian ","Windy","Low ",1
"6/03/2022","23:50:00","0:05:00",11,"Meal ",28,4.6,23,"motorcycle ",2,"No ","Urban ","Stormy","Low ",1
"17/03/2022","23:25:00","23:40:00",19,"Buffet ",30,4.7,19,"motorcycle ",2,"No ","Urban ","Cloudy","Low ",0
"18/03/2022","22:40:00","22:50:00",37,"Meal ",36,4.6,23,"motorcycle ",0,"No ","Metropolitian ","Cloudy","Low ",1
"21/03/2022","8:25:00","8:35:00",21,"Drinks ",36,4.9,23,"motorcycle ",0,"No ","Metropolitian ","Sunny","Low ",0
"19/03/2022","23:15:00","23:20:00",20,"Meal ",29,4.2,6,"motorcycle ",0,"No ","Metropolitian ","Stormy","Low ",1
"26/03/2022","17:15:00","17:20:00",23,"Buffet ",30,4.8,17,"scooter ",2,"No ","Urban ","Sunny","Medium ",0
"12/03/2022","21:20:00","21:30:00",31,"Meal ",36,3.9,4,"scooter ",2,"No ","Metropolitian ","Sandstorms","Jam ",1
"28/03/2022","18:00:00","18:05:00",28,"Buffet ",30,4.9,19,"motorcycle ",1,"No ","Metropolitian ","Stormy","Medium ",0
"25/03/2022","19:30:00","19:35:00",38,"Snack ",25,4,1,"electric_scooter ",2,"No ","Metropolitian ","Cloudy","Jam ",1
"17/03/2022","16:20:00","16:35:00",15,"Buffet ",30,4.9,23,"scooter ",1,"No ","Metropolitian ","Fog","Medium ",1
"23/03/2022","23:55:00","0:10:00",26,"Meal ",31,4.8,17,"scooter ",1,"No ","Metropolitian ","Fog","Low ",1
"2/03/2022","23:20:00","23:30:00",37,"Meal ",32,4.9,14,"motorcycle ",0,"No ","Metropolitian ","Stormy","Low ",2
"4/04/2022","21:30:00","21:35:00",39,"Meal ",31,4.4,4,"motorcycle ",0,"No ","Metropolitian ","Sandstorms","Jam ",1
"23/03/2022","20:15:00","20:30:00",38,"Buffet ",37,4.7,1,"motorcycle ",0,"No ","Metropolitian ","Sandstorms","Jam ",1
"2/04/2022","22:25:00","22:30:00",33,"Snack ",21,3.5,2,"motorcycle ",1,"No ","Metropolitian ","Sunny","Low ",1
"12/02/2022","23:25:00","23:35:00",41,"Meal ",31,4.1,18,"motorcycle ",0,"No ","Metropolitian ","Fog","Low ",1
"12/03/2022","18:20:00","18:30:00",31,"Snack ",29,4.3,1,"motorcycle ",0,"No ","Urban ","Stormy","Medium ",1
"1/03/2022","10:10:00","10:25:00",13,"Drinks ",21,5,17,"scooter ",1,"No ","Urban ","Windy","Low ",1
"21/03/2022","8:35:00","8:50:00",18,"Snack ",25,5,16,"scooter ",1,"No ","Urban ","Sandstorms","Low ",1
"3/04/2022","17:45:00","17:55:00",30,"Snack ",30,4.5,13,"motorcycle ",1,"No ","Metropolitian ","Stormy","Medium ",1
"15/02/2022","18:45:00","18:50:00",29,"Meal ",28,5,3,"motorcycle ",0,"No ","Metropolitian ","Stormy","Medium ",0
"29/03/2022","22:50:00","23:05:00",25,"Drinks ",23,4.8,4,"motorcycle ",1,"No ","Urban ","Cloudy","Low ",1
"14/03/2022","20:30:00","20:35:00",19,"Buffet ",29,4.6,21,"scooter ",2,"No ","Metropolitian ","Sunny","Jam ",0
"23/03/2022","20:25:00","20:40:00",30,"Meal ",26,4.7,13,"motorcycle ",0,"No ","Metropolitian ","Sunny","Jam ",1
"3/03/2022","10:00:00","10:10:00",14,"Meal ",21,4.9,19,"scooter ",1,"No ","Metropolitian ","Fog","Low ",0
"8/03/2022","23:35:00","23:45:00",26,"Snack ",39,4.7,23,"scooter ",2,"No ","Metropolitian ","Stormy","Low ",1
"2/03/2022","21:15:00","21:20:00",43,"Drinks ",35,4.9,18,"motorcycle ",0,"No ","Metropolitian ","Fog","Jam ",3
"30/03/2022","16:45:00","16:50:00",28,"Meal ",22,4.6,17,"scooter ",1,"No ","Metropolitian ","Sandstorms","Medium ",1
"25/03/2022","23:40:00","23:55:00",22,"Meal ",20,5,13,"motorcycle ",0,"No ","Metropolitian ","Fog","Low ",0
"21/03/2022","18:20:00","18:30:00",23,"Buffet ",31,4.9,18,"motorcycle ",0,"No ","Metropolitian ","Sunny","Medium ",1
"13/03/2022","21:15:00","21:25:00",39,"Buffet ",39,5,19,"electric_scooter ",2,"No ","Metropolitian ","Fog","Jam ",1
"15/03/2022","0:00:00","0:15:00",19,"Meal ",32,4.9,21,"scooter ",1,"No ","Urban ","Cloudy","Low ",1
"8/03/2022","17:30:00","17:40:00",30,"Drinks ",21,4.8,23,"motorcycle ",0,"No ","Metropolitian ","Sandstorms","Medium ",0
"4/04/2022","20:20:00","20:35:00",31,"Buffet ",33,3.5,13,"motorcycle ",2,"No ","Metropolitian ","Sandstorms","Jam ",1
"19/03/2022","14:10:00","14:20:00",27,"Snack ",29,4.8,3,"motorcycle ",0,"No ","Metropolitian ","Sandstorms","High ",1
"5/03/2022","19:25:00","19:35:00",12,"Snack ",26,4.7,16,"scooter ",2,"No ","Metropolitian ","Stormy","Jam ",0
"15/02/2022","22:15:00","22:25:00",15,"Drinks ",32,5,4,"electric_scooter ",2,"No ","Metropolitian ","Stormy","Low ",1
"24/03/2022","9:35:00","9:50:00",25,"Meal ",34,4.6,17,"motorcycle ",0,"No ","Urban ","Fog","Low ",1
"20/03/2022","17:50:00","18:00:00",30,"Meal ",37,4.6,9,"scooter ",2,"No ","Metropolitian ","Stormy","Medium ",1
"6/03/2022","21:20:00","21:35:00",21,"Buffet ",26,4.7,22,"motorcycle ",2,"No ","Metropolitian ","Sandstorms","Jam ",1
"26/03/2022","20:25:00","20:35:00",27,"Buffet ",24,4.6,22,"motorcycle ",2,"No ","Metropolitian ","Fog","Jam ",1
"14/03/2022","21:45:00","21:50:00",45,"Meal ",33,4.8,21,"motorcycle ",1,"No ","Urban ","Fog","Jam ",1
"29/03/2022","17:50:00","18:05:00",38,"Snack ",37,4.7,11,"electric_scooter ",2,"No ","Metropolitian ","Cloudy","Medium ",1
"9/03/2022","22:40:00","22:55:00",13,"Snack ",24,4.9,9,"scooter ",2,"No ","Metropolitian ","Stormy","Low ",0
"18/03/2022","18:20:00","18:30:00",26,"Snack ",28,4.5,11,"motorcycle ",2,"No ","Metropolitian ","Sandstorms","Medium ",1
"31/03/2022","21:10:00","21:25:00",15,"Drinks ",22,5,3,"motorcycle ",2,"No ","Urban ","Sunny","Jam ",1
"28/03/2022","10:55:00","11:00:00",22,"Buffet ",23,4.6,19,"motorcycle ",0,"No ","Metropolitian ","Fog","Low ",1
"4/04/2022","21:35:00","21:45:00",26,"Buffet ",26,4.7,22,"motorcycle ",1,"No ","Metropolitian ","Stormy","Jam ",1
"30/03/2022","14:00:00","14:05:00",26,"Snack ",30,4.5,1,"motorcycle ",1,"No ","Urban ","Fog","High ",0
"30/03/2022","23:50:00","23:55:00",16,"Drinks ",22,4.8,4,"motorcycle ",1,"No ","Urban ","Fog","Low ",0
"15/02/2022","9:40:00","9:45:00",24,"Snack ",26,4.4,6,"motorcycle ",0,"No ","Metropolitian ","Sandstorms","Low ",0
"5/03/2022","17:35:00","17:50:00",29,"Snack ",21,4.5,17,"scooter ",1,"No ","Metropolitian ","Stormy","Medium ",0
"29/03/2022","18:50:00","18:55:00",42,"Buffet ",22,4.7,1,"motorcycle ",0,"No ","Metropolitian ","Fog","Medium ",1
"7/03/2022","12:40:00","12:55:00",37,"Buffet ",33,4.8,15,"motorcycle ",0,"No ","Urban ","Stormy","High ",1
"3/04/2022","8:20:00","8:25:00",17,"Drinks ",26,4.8,9,"scooter ",2,"No ","Metropolitian ","Cloudy","Low ",0
"27/03/2022","22:00:00","22:15:00",25,"Meal ",37,5,15,"motorcycle ",1,"No ","Urban ","Sandstorms","Jam ",0
"21/03/2022","10:15:00","10:20:00",19,"Snack ",22,4.6,21,"scooter ",2,"No ","Metropolitian ","Windy","Low ",1
"19/03/2022","18:30:00","18:40:00",17,"Buffet ",36,4.7,7,"electric_scooter ",2,"No ","Metropolitian ","Fog","Medium ",1
"1/04/2022","11:35:00","11:50:00",26,"Meal ",39,4.9,23,"motorcycle ",0,"No ","Metropolitian ","Fog","High ",1
"15/02/2022","11:00:00","11:10:00",21,"Buffet ",39,4.6,9,"scooter ",1,"No ","Metropolitian ","Sandstorms","Low ",1
"15/03/2022","21:55:00","22:10:00",33,"Meal ",35,4.3,23,"motorcycle ",0,"No ","Metropolitian ","Cloudy","Jam ",1
"26/03/2022","20:45:00","20:50:00",23,"Snack ",28,4.8,23,"electric_scooter ",2,"No ","Urban ","Cloudy","Jam ",0
"2/03/2022","22:10:00","22:25:00",24,"Snack ",32,4.5,22,"motorcycle ",0,"No ","Metropolitian ","Stormy","Low ",0
"12/02/2022","20:30:00","20:35:00",13,"Snack ",26,4.6,4,"scooter ",1,"No ","Metropolitian ","Sunny","Jam ",0
"8/03/2022","21:10:00","21:25:00",32,"Buffet ",35,3.7,1,"scooter ",1,"No ","Metropolitian ","Stormy","Jam ",1
"4/04/2022","18:00:00","18:10:00",39,"Buffet ",35,4.6,1,"motorcycle ",0,"No ","Metropolitian ","Fog","Medium ",1
"14/03/2022","20:40:00","20:55:00",35,"Drinks ",37,3.6,1,"scooter ",1,"No ","Metropolitian ","Windy","Jam ",0
"24/03/2022","22:20:00","22:35:00",24,"Drinks ",29,5,18,"electric_scooter ",2,"No ","Urban ","Sunny","Low ",0
"26/03/2022","10:00:00","10:05:00",16,"Drinks ",36,4.6,17,"electric_scooter ",2,"No ","Urban ","Cloudy","Low ",0
"11/03/2022","18:20:00","18:30:00",23,"Buffet ",29,4.9,14,"scooter ",1,"No ","Metropolitian ","Sandstorms","Medium ",1
"30/03/2022","8:30:00","8:35:00",17,"Drinks ",30,4.9,13,"electric_scooter ",2,"No ","Metropolitian ","Fog","Low ",1
"1/04/2022","10:15:00","10:20:00",19,"Buffet ",30,4.6,18,"motorcycle ",1,"No ","Metropolitian ","Fog","Low ",0
"21/03/2022","8:40:00","8:45:00",28,"Meal ",32,5,16,"motorcycle ",0,"No ","Metropolitian ","Sunny","Low ",0
"31/03/2022","20:45:00","20:50:00",33,"Drinks ",37,4.1,3,"motorcycle ",1,"No ","Metropolitian ","Sandstorms","Jam ",2
"10/03/2022","0:00:00","0:15:00",27,"Drinks ",21,4.7,18,"motorcycle ",2,"No ","Metropolitian ","Fog","Low ",1
"18/03/2022","22:25:00","22:35:00",13,"Drinks ",21,4.8,11,"motorcycle ",1,"No ","Metropolitian ","Stormy","Low ",0
"6/03/2022","22:45:00","22:50:00",24,"Drinks ",24,4.5,23,"motorcycle ",0,"No ","Metropolitian ","Fog","Low ",0
"6/04/2022","21:30:00","21:35:00",46,"Drinks ",31,4.2,4,"motorcycle ",0,"No ","Metropolitian ","Windy","Jam ",3
"25/03/2022","19:30:00","19:35:00",37,"Snack ",26,4.8,2,"motorcycle ",0,"No ","Metropolitian ","Cloudy","Jam ",1
"25/03/2022","21:55:00","22:05:00",17,"Drinks ",27,4.6,23,"electric_scooter ",2,"No ","Metropolitian ","Windy","Jam ",1
"13/03/2022","15:35:00","15:50:00",15,"Meal ",26,4.8,23,"electric_scooter ",2,"No ","Metropolitian ","Cloudy","Medium ",1
"26/03/2022","9:00:00","9:10:00",24,"Meal ",39,4.1,15,"motorcycle ",0,"No ","Metropolitian ","Stormy","Low ",0
"3/03/2022","15:00:00","15:05:00",34,"Meal ",35,4,5,"scooter ",1,"No ","Urban ","Fog","High ",1
"1/04/2022","20:45:00","20:50:00",23,"Drinks ",21,4.8,18,"motorcycle ",2,"No ","Metropolitian ","Fog","Jam ",0
"2/04/2022","20:25:00","20:30:00",33,"Snack ",31,3.6,1,"scooter ",1,"No ","Metropolitian ","Windy","Jam ",1
"6/03/2022","22:45:00","23:00:00",24,"Meal ",24,4.6,17,"motorcycle ",1,"No ","Metropolitian ","Fog","Low ",1
"3/03/2022","19:15:00","19:25:00",26,"Meal ",38,4.8,23,"electric_scooter ",2,"No ","Metropolitian ","Stormy","Jam ",0
"9/03/2022","23:10:00","23:20:00",15,"Buffet ",26,5,9,"scooter ",1,"No ","Metropolitian ","Sandstorms","Low ",0
"18/02/2022","18:20:00","18:35:00",12,"Snack ",22,4.7,23,"motorcycle ",2,"No ","Urban ","Sunny","Medium ",0
"15/02/2022","23:25:00","23:30:00",20,"Buffet ",35,4.1,17,"motorcycle ",0,"No ","Metropolitian ","Windy","Low ",1
"30/03/2022","10:30:00","10:35:00",17,"Snack ",22,4.9,23,"motorcycle ",2,"No ","Metropolitian ","Sunny","Low ",1
"30/03/2022","18:40:00","18:50:00",25,"Snack ",36,4.5,3,"motorcycle ",0,"No ","Urban ","Windy","Medium ",1
"15/02/2022","22:25:00","22:40:00",25,"Buffet ",30,4.6,5,"motorcycle ",0,"No ","Metropolitian ","Stormy","Low ",1
"29/03/2022","22:00:00","22:15:00",18,"Buffet ",32,4.7,22,"scooter ",2,"No ","Metropolitian ","Sunny","Jam ",1
"11/03/2022","18:00:00","18:05:00",25,"Drinks ",31,4.7,16,"scooter ",2,"No ","Urban ","Sandstorms","Medium ",1
"10/03/2022","20:15:00","20:20:00",36,"Meal ",28,4.4,16,"motorcycle ",0,"No ","Metropolitian ","Windy","Jam ",1
"7/03/2022","9:10:00","9:25:00",25,"Drinks ",38,4.6,23,"motorcycle ",0,"No ","Metropolitian ","Fog","Low ",1
"6/04/2022","18:20:00","18:25:00",37,"Meal ",28,4.7,19,"motorcycle ",0,"No ","Metropolitian ","Stormy","Medium ",1
"30/03/2022","19:55:00","20:00:00",26,"Drinks ",20,4.5,9,"motorcycle ",0,"No ","Metropolitian ","Stormy","Jam ",1
"17/03/2022","18:15:00","18:25:00",34,"Drinks ",37,4.2,5,"scooter ",1,"No ","Metropolitian ","Stormy","Medium ",2
"16/02/2022","21:50:00","22:00:00",20,"Snack ",22,4.6,5,"motorcycle ",1,"No ","Metropolitian ","Stormy","Jam ",1
"19/03/2022","18:25:00","18:30:00",27,"Buffet ",26,4.6,23,"motorcycle ",0,"No ","Urban ","Cloudy","Medium ",1
"4/04/2022","20:00:00","20:10:00",27,"Snack ",26,4.9,16,"motorcycle ",0,"No ","Metropolitian ","Windy","Jam ",1
"11/02/2022","11:40:00","11:45:00",37,"Buffet ",34,5,4,"motorcycle ",0,"No ","Metropolitian ","Stormy","High ",2
"2/03/2022","21:20:00","21:25:00",23,"Snack ",26,4.6,12,"scooter ",2,"No ","Metropolitian ","Sandstorms","Jam ",1
"30/03/2022","14:30:00","14:35:00",38,"Snack ",30,4.3,11,"motorcycle ",2,"No ","Metropolitian ","Cloudy","High ",1
"13/03/2022","11:00:00","11:10:00",29,"Drinks ",35,5,15,"motorcycle ",0,"No ","Metropolitian ","Sunny","Low ",1
"17/03/2022","16:00:00","16:15:00",19,"Meal ",31,4.6,22,"motorcycle ",2,"No ","Metropolitian ","Cloudy","Medium ",1
"10/03/2022","20:35:00","20:45:00",42,"Meal ",36,4.2,3,"motorcycle ",0,"No ","Metropolitian ","Windy","Jam ",2
"15/03/2022","20:40:00","20:55:00",27,"Meal ",32,4.8,23,"motorcycle ",1,"No ","Metropolitian ","Stormy","Jam ",0
"15/03/2022","10:50:00","11:00:00",23,"Drinks ",38,4.6,18,"motorcycle ",0,"No ","Urban ","Cloudy","Low ",0
"3/04/2022","8:40:00","8:55:00",12,"Snack ",23,4.8,23,"scooter ",1,"No ","Metropolitian ","Cloudy","Low ",0
"11/03/2022","20:50:00","20:55:00",18,"Meal ",22,4.7,18,"electric_scooter ",2,"No ","Metropolitian ","Stormy","Jam ",1
"3/03/2022","0:00:00","0:10:00",28,"Meal ",35,4.7,18,"scooter ",1,"No ","Metropolitian ","Sandstorms","Low ",1
"11/03/2022","20:45:00","21:00:00",49,"Buffet ",24,4.1,7,"motorcycle ",0,"No ","Metropolitian ","Sunny","Jam ",2
"28/03/2022","21:50:00","22:05:00",31,"Buffet ",28,4.3,5,"motorcycle ",1,"No ","Metropolitian ","Cloudy","Jam ",1
"6/04/2022","18:30:00","18:40:00",23,"Meal ",23,4.7,18,"scooter ",1,"No ","Metropolitian ","Windy","Medium ",1
"23/03/2022","20:45:00","20:50:00",24,"Meal ",35,4.7,12,"motorcycle ",2,"No ","Metropolitian ","Sunny","Jam ",1
"20/03/2022","18:00:00","18:05:00",33,"Snack ",32,4.2,8,"motorcycle ",0,"No ","Metropolitian ","Stormy","Medium ",1
"27/03/2022","17:40:00","17:45:00",23,"Snack ",28,4.9,19,"scooter ",1,"No ","Urban ","Sandstorms","Medium ",1
"3/04/2022","18:50:00","19:00:00",32,"Buffet ",32,4.2,1,"motorcycle ",0,"No ","Metropolitian ","Sandstorms","Medium ",1
"3/03/2022","17:40:00","17:50:00",17,"Buffet ",33,4.7,18,"scooter ",2,"No ","Metropolitian ","Fog","Medium ",1
"23/03/2022","18:45:00","19:00:00",36,"Snack ",31,4,2,"motorcycle ",0,"No ","Metropolitian ","Sandstorms","Medium ",1
"1/04/2022","23:20:00","23:25:00",17,"Buffet ",36,4.6,9,"scooter ",2,"No ","Metropolitian ","Fog","Low ",1
"1/04/2022","11:40:00","11:50:00",18,"Snack ",27,4.8,23,"motorcycle ",1,"No ","Metropolitian ","Stormy","High ",0
"23/03/2022","19:40:00","19:45:00",37,"Drinks ",27,4.6,3,"electric_scooter ",2,"No ","Metropolitian ","Fog","Jam ",2
"31/03/2022","20:30:00","20:45:00",27,"Meal ",29,5,18,"motorcycle ",1,"No ","Urban ","Windy","Jam ",0
"21/03/2022","9:10:00","9:25:00",22,"Buffet ",32,4.7,23,"scooter ",2,"No ","Metropolitian ","Windy","Low ",0
"24/03/2022","21:55:00","22:00:00",33,"Buffet ",35,4.2,3,"scooter ",1,"No ","Metropolitian ","Stormy","Jam ",1
"9/03/2022","21:35:00","21:50:00",28,"Drinks ",32,4.6,9,"motorcycle ",1,"No ","Metropolitian ","Windy","Jam ",1
"21/03/2022","22:55:00","23:10:00",30,"Meal ",30,4.4,7,"motorcycle ",0,"No ","Metropolitian ","Stormy","Low ",1
"13/02/2022","16:30:00","16:45:00",18,"Buffet ",34,4.6,9,"electric_scooter ",2,"No ","Metropolitian ","Stormy","Medium ",1
"24/03/2022","21:35:00","21:50:00",25,"Drinks ",31,5,23,"scooter ",1,"No ","Urban ","Cloudy","Jam ",1
"15/03/2022","9:35:00","9:45:00",20,"Meal ",32,4.6,12,"scooter ",2,"No ","Metropolitian ","Sandstorms","Low ",1
"15/03/2022","12:00:00","12:05:00",33,"Snack ",31,4.6,21,"motorcycle ",0,"No ","Metropolitian ","Sandstorms","High ",1
"29/03/2022","18:00:00","18:15:00",30,"Buffet ",23,4.7,6,"motorcycle ",0,"No ","Metropolitian ","Cloudy","Medium ",1
"21/03/2022","10:00:00","10:05:00",16,"Meal ",24,5,18,"motorcycle ",0,"No ","Urban ","Sunny","Low ",1
"12/02/2022","23:35:00","23:50:00",35,"Buffet ",32,4,5,"motorcycle ",0,"No ","Urban ","Cloudy","Low ",1
"4/04/2022","18:35:00","18:40:00",20,"Meal ",29,4.9,19,"motorcycle ",0,"No ","Metropolitian ","Stormy","Medium ",1
"18/02/2022","20:20:00","20:25:00",16,"Buffet ",26,4.7,2,"electric_scooter ",2,"No ","Metropolitian ","Sandstorms","Jam ",1
"8/03/2022","17:10:00","17:25:00",41,"Meal ",30,4.4,18,"motorcycle ",0,"No ","Metropolitian ","Sandstorms","Medium ",1
"8/03/2022","21:15:00","21:20:00",40,"Snack ",21,4.4,23,"motorcycle ",1,"Yes ","Metropolitian ","Fog","Jam ",1
"4/04/2022","17:25:00","17:30:00",23,"Meal ",33,4.9,21,"motorcycle ",2,"No ","Metropolitian ","Sandstorms","Medium ",1
"13/03/2022","12:20:00","12:35:00",29,"Meal ",21,4.7,19,"motorcycle ",1,"No ","Metropolitian ","Windy","High ",1
"24/03/2022","16:25:00","16:30:00",29,"Meal ",36,4.6,8,"motorcycle ",0,"No ","Metropolitian ","Stormy","Medium ",1
"1/04/2022","12:00:00","12:10:00",27,"Meal ",24,4.8,18,"motorcycle ",1,"No ","Metropolitian ","Windy","High ",0
"8/03/2022","22:30:00","22:45:00",29,"Buffet ",34,4.5,9,"motorcycle ",0,"No ","Metropolitian ","Sunny","Low ",1
"15/03/2022","17:25:00","17:40:00",26,"Buffet ",24,4.5,1,"scooter ",2,"No ","Urban ","Stormy","Medium ",1
"7/03/2022","9:55:00","10:05:00",29,"Buffet ",26,4.2,11,"motorcycle ",0,"No ","Metropolitian ","Stormy","Low ",1
"5/04/2022","9:25:00","9:35:00",20,"Drinks ",39,4.4,17,"motorcycle ",0,"No ","Urban ","Stormy","Low ",1
"4/03/2022","23:55:00","0:00:00",19,"Snack ",27,4.7,12,"electric_scooter ",2,"No ","Metropolitian ","Sandstorms","Low ",1
"1/04/2022","9:15:00","9:25:00",12,"Snack ",28,4.7,19,"scooter ",1,"No ","Metropolitian ","Fog","Low ",1
"5/03/2022","16:45:00","16:55:00",38,"Meal ",33,5,14,"motorcycle ",0,"No ","Metropolitian ","Stormy","Medium ",1
"6/04/2022","21:55:00","22:05:00",44,"Meal ",32,4.3,3,"motorcycle ",1,"Yes ","Metropolitian ","Windy","Jam ",0
"13/02/2022","22:30:00","22:40:00",20,"Meal ",37,4.5,6,"motorcycle ",1,"No ","Urban ","Windy","Low ",0
"29/03/2022","23:35:00","23:40:00",17,"Meal ",30,4.7,4,"scooter ",2,"No ","Urban ","Sunny","Low ",1
"18/03/2022","21:45:00","21:50:00",37,"Meal ",27,5,21,"motorcycle ",2,"No ","Metropolitian ","Fog","Jam ",1
"23/03/2022","19:55:00","20:00:00",33,"Snack ",23,4.6,2,"motorcycle ",0,"No ","Metropolitian ","Sunny","Jam ",2
"17/02/2022","10:00:00","10:15:00",12,"Drinks ",29,5,21,"motorcycle ",2,"No ","Urban ","Stormy","Low ",0
"17/02/2022","10:25:00","10:40:00",21,"Drinks ",32,4.1,19,"motorcycle ",0,"No ","Metropolitian ","Sandstorms","Low ",0
"26/03/2022","20:25:00","20:40:00",14,"Drinks ",20,4.8,18,"scooter ",1,"No ","Metropolitian ","Sandstorms","Jam ",0
"3/04/2022","18:50:00","19:00:00",28,"Meal ",24,4.6,22,"electric_scooter ",2,"No ","Metropolitian ","Windy","Medium ",1
"29/03/2022","22:30:00","22:45:00",25,"Drinks ",30,4.8,4,"motorcycle ",0,"No ","Urban ","Sunny","Low ",1
"17/03/2022","19:00:00","19:15:00",37,"Snack ",39,4.4,17,"motorcycle ",0,"No ","Metropolitian ","Sandstorms","Medium ",2
"31/03/2022","18:35:00","18:40:00",18,"Drinks ",27,4.8,13,"electric_scooter ",2,"No ","Metropolitian ","Stormy","Medium ",0
"14/03/2022","20:25:00","20:40:00",23,"Buffet ",20,4.6,9,"scooter ",1,"No ","Metropolitian ","Windy","Jam ",1
"27/03/2022","20:10:00","20:20:00",20,"Snack ",21,4.9,19,"motorcycle ",1,"No ","Urban ","Windy","Jam ",0
"10/03/2022","23:25:00","23:35:00",15,"Snack ",31,5,19,"motorcycle ",1,"No ","Metropolitian ","Sunny","Low ",1
"10/03/2022","21:55:00","22:10:00",35,"Drinks ",22,5,16,"motorcycle ",1,"No ","Urban ","Cloudy","Jam ",0
"13/02/2022","23:30:00","23:45:00",26,"Buffet ",33,4,2,"motorcycle ",0,"No ","Urban ","Stormy","Low ",1
"2/03/2022","22:15:00","22:30:00",20,"Drinks ",28,4.7,18,"motorcycle ",0,"No ","Metropolitian ","Stormy","Low ",0
"13/03/2022","12:35:00","12:50:00",16,"Snack ",23,4.6,16,"scooter ",2,"No ","Metropolitian ","Sunny","High ",0
"8/03/2022","23:15:00","23:30:00",39,"Drinks ",34,4.7,14,"motorcycle ",0,"No ","Metropolitian ","Fog","Low ",1
"7/03/2022","14:45:00","15:00:00",33,"Buffet ",33,4.9,22,"motorcycle ",2,"No ","Metropolitian ","Windy","High ",1
"25/03/2022","21:55:00","22:00:00",43,"Snack ",38,4.4,2,"motorcycle ",1,"No ","Metropolitian ","Windy","Jam ",1
"23/03/2022","17:40:00","17:45:00",26,"Snack ",39,4.9,16,"scooter ",1,"No ","Metropolitian ","Windy","Medium ",1
"31/03/2022","21:40:00","21:55:00",27,"Buffet ",35,4.8,1,"electric_scooter ",2,"No ","Urban ","Sandstorms","Jam ",1
"3/04/2022","10:00:00","10:05:00",11,"Buffet ",24,4.7,18,"scooter ",1,"No ","Urban ","Fog","Low ",0
"4/03/2022","17:40:00","17:45:00",33,"Drinks ",20,4.9,23,"motorcycle ",0,"No ","Urban ","Stormy","Medium ",0
"3/04/2022","11:55:00","12:00:00",25,"Meal ",27,4.6,23,"scooter ",1,"No ","Metropolitian ","Windy","High ",1
"9/03/2022","18:10:00","18:20:00",27,"Snack ",37,5,22,"motorcycle ",1,"No ","Metropolitian ","Stormy","Medium ",1
"9/03/2022","11:55:00","12:05:00",23,"Buffet ",29,4.8,21,"motorcycle ",0,"No ","Metropolitian ","Sandstorms","High ",1
"14/03/2022","23:00:00","23:15:00",22,"Snack ",27,4.9,22,"motorcycle ",0,"No ","Metropolitian ","Cloudy","Low ",1
"4/03/2022","19:50:00","19:55:00",27,"Buffet ",30,4.6,16,"motorcycle ",1,"No ","Metropolitian ","Sunny","Jam ",1
"16/03/2022","20:15:00","20:20:00",23,"Drinks ",22,4.8,16,"scooter ",2,"No ","Metropolitian ","Stormy","Jam ",1
"13/02/2022","20:45:00","20:50:00",16,"Buffet ",29,5,16,"motorcycle ",1,"No ","Urban ","Sunny","Jam ",1
"7/03/2022","19:10:00","19:15:00",34,"Buffet ",38,4.4,2,"motorcycle ",1,"No ","Urban ","Stormy","Jam ",1
"31/03/2022","17:45:00","17:50:00",43,"Drinks ",34,4.1,8,"motorcycle ",0,"No ","Metropolitian ","Sandstorms","Medium ",2
"10/03/2022","22:00:00","22:15:00",37,"Meal ",32,3.9,11,"scooter ",2,"No ","Metropolitian ","Stormy","Jam ",0
"4/04/2022","18:35:00","18:50:00",30,"Snack ",38,4.6,5,"motorcycle ",0,"No ","Metropolitian ","Sunny","Medium ",1
"31/03/2022","21:30:00","21:40:00",28,"Drinks ",23,4.9,22,"motorcycle ",1,"No ","Metropolitian ","Sandstorms","Jam ",1
"1/03/2022","17:20:00","17:25:00",17,"Meal ",39,4.7,19,"scooter ",2,"No ","Metropolitian ","Fog","Medium ",0
"2/04/2022","17:50:00","17:55:00",19,"Drinks ",32,4.8,18,"motorcycle ",1,"No ","Metropolitian ","Sunny","Medium ",1
"12/02/2022","17:25:00","17:40:00",34,"Buffet ",34,4.7,3,"scooter ",2,"No ","Metropolitian ","Fog","Medium ",1
"10/03/2022","19:10:00","19:20:00",33,"Buffet ",28,4.6,23,"motorcycle ",0,"No ","Metropolitian ","Stormy","Jam ",1
"12/02/2022","17:55:00","18:05:00",30,"Meal ",32,4.7,17,"scooter ",1,"No ","Urban ","Cloudy","Medium ",1
"18/02/2022","17:45:00","18:00:00",27,"Meal ",27,4.7,17,"electric_scooter ",2,"No ","Urban ","Sandstorms","Medium ",1
"2/03/2022","22:35:00","22:50:00",18,"Drinks ",32,4.8,9,"motorcycle ",2,"No ","Metropolitian ","Sunny","Low ",1
"15/03/2022","9:55:00","10:05:00",14,"Drinks ",29,4.7,21,"scooter ",2,"No ","Metropolitian ","Cloudy","Low ",0
"12/03/2022","22:00:00","22:05:00",20,"Buffet ",27,5,23,"scooter ",2,"No ","Metropolitian ","Sunny","Jam ",1
"3/04/2022","23:20:00","23:25:00",14,"Drinks ",22,4.7,18,"motorcycle ",1,"No ","Metropolitian ","Cloudy","Low ",0
"11/03/2022","8:25:00","8:30:00",24,"Meal ",37,5,9,"motorcycle ",0,"No ","Metropolitian ","Sunny","Low ",1
"13/03/2022","22:10:00","22:15:00",25,"Drinks ",33,4.6,13,"scooter ",2,"No ","Metropolitian ","Sandstorms","Low ",1
"6/03/2022","19:45:00","19:55:00",37,"Buffet ",20,4.3,19,"scooter ",1,"No ","Metropolitian ","Sunny","Jam ",1
"24/03/2022","8:55:00","9:00:00",18,"Drinks ",39,4.5,17,"scooter ",2,"No ","Metropolitian ","Fog","Low ",0
"4/04/2022","22:15:00","22:30:00",11,"Snack ",29,4.7,22,"scooter ",2,"No ","Metropolitian ","Sandstorms","Low ",0
"4/04/2022","21:10:00","21:15:00",34,"Snack ",28,4.6,9,"motorcycle ",0,"No ","Metropolitian ","Sandstorms","Jam ",1
"14/02/2022","20:50:00","20:55:00",21,"Buffet ",23,4.6,5,"electric_scooter ",2,"No ","Metropolitian ","Sunny","Jam ",0
"20/03/2022","23:20:00","23:30:00",29,"Drinks ",20,4.7,7,"motorcycle ",1,"No ","Metropolitian ","Fog","Low ",1
"2/03/2022","22:55:00","23:00:00",19,"Meal ",22,4.9,13,"motorcycle ",0,"No ","Metropolitian ","Windy","Low ",1
"5/03/2022","14:20:00","14:35:00",25,"Drinks ",22,4.8,13,"motorcycle ",0,"No ","Metropolitian ","Sunny","High ",0
"5/04/2022","12:45:00","12:50:00",32,"Buffet ",30,4.4,2,"scooter ",2,"No ","Metropolitian ","Stormy","High ",1
"21/03/2022","23:45:00","23:50:00",27,"Drinks ",38,4.5,4,"motorcycle ",0,"No ","Urban ","Stormy","Low ",1
"14/03/2022","21:15:00","21:20:00",43,"Snack ",37,4.2,1,"motorcycle ",1,"No ","Metropolitian ","Fog","Jam ",0
"20/03/2022","21:35:00","21:45:00",30,"Meal ",32,4.9,5,"motorcycle ",2,"No ","Metropolitian ","Sunny","Jam ",1
"14/02/2022","23:20:00","23:30:00",39,"Drinks ",31,4.4,3,"scooter ",1,"No ","Urban ","Fog","Low ",0
"18/02/2022","17:35:00","17:45:00",41,"Buffet ",34,4.2,2,"motorcycle ",0,"No ","Metropolitian ","Fog","Medium ",2
"2/03/2022","22:45:00","22:50:00",28,"Snack ",34,4.9,15,"scooter ",1,"No ","Urban ","Windy","Low ",1
"16/03/2022","22:50:00","23:05:00",27,"Snack ",21,4.9,19,"scooter ",1,"No ","Urban ","Fog","Low ",1
"20/03/2022","21:10:00","21:20:00",30,"Buffet ",29,4.9,22,"scooter ",1,"No ","Urban ","Cloudy","Jam ",0
"3/03/2022","11:40:00","11:45:00",21,"Snack ",23,4.8,21,"scooter ",2,"No ","Metropolitian ","Fog","High ",1
"4/04/2022","21:00:00","21:10:00",42,"Snack ",33,4.6,17,"electric_scooter ",2,"No ","Urban ","Fog","Jam ",2
"18/03/2022","21:55:00","22:10:00",42,"Drinks ",34,4.7,23,"motorcycle ",1,"Yes ","Metropolitian ","Fog","Jam ",2
"21/03/2022","10:55:00","11:10:00",27,"Drinks ",30,4.8,12,"scooter ",1,"No ","Metropolitian ","Windy","Low ",1
"27/03/2022","22:45:00","22:55:00",22,"Meal ",39,4.9,13,"motorcycle ",0,"No ","Metropolitian ","Stormy","Low ",1
"19/03/2022","15:25:00","15:35:00",15,"Meal ",38,4.7,19,"scooter ",1,"No ","Urban ","Cloudy","Medium ",0
"12/02/2022","17:50:00","18:00:00",21,"Buffet ",30,5,23,"motorcycle ",2,"No ","Urban ","Stormy","Medium ",0
"2/03/2022","17:10:00","17:25:00",30,"Meal ",35,4.8,21,"motorcycle ",1,"No ","Metropolitian ","Windy","Medium ",1
"9/03/2022","23:40:00","23:45:00",16,"Drinks ",22,4.6,9,"scooter ",2,"No ","Metropolitian ","Cloudy","Low ",0
"2/04/2022","22:30:00","22:45:00",13,"Meal ",22,4.5,23,"motorcycle ",2,"No ","Metropolitian ","Sandstorms","Low ",1
"9/03/2022","11:50:00","12:05:00",28,"Buffet ",22,5,16,"motorcycle ",0,"No ","Urban ","Stormy","High ",1
"11/03/2022","19:50:00","20:05:00",44,"Snack ",36,4.6,16,"motorcycle ",0,"Yes ","Metropolitian ","Sandstorms","Jam ",1
"15/02/2022","8:20:00","8:35:00",12,"Drinks ",29,4.8,7,"motorcycle ",1,"No ","Metropolitian ","Stormy","Low ",1
"5/03/2022","20:35:00","20:50:00",30,"Drinks ",30,4.6,23,"motorcycle ",0,"No ","Urban ","Stormy","Jam ",1
"2/04/2022","23:55:00","0:05:00",21,"Drinks ",21,4.5,9,"motorcycle ",1,"No ","Metropolitian ","Cloudy","Low ",1
"12/03/2022","17:30:00","17:35:00",40,"Buffet ",29,4.6,12,"motorcycle ",0,"No ","Metropolitian ","Fog","Medium ",1
"9/03/2022","10:25:00","10:35:00",17,"Snack ",22,4.6,19,"scooter ",2,"No ","Metropolitian ","Cloudy","Low ",0
"23/03/2022","18:00:00","18:15:00",21,"Meal ",38,4.6,23,"scooter ",2,"No ","Metropolitian ","Sunny","Medium ",1
"21/03/2022","15:50:00","16:00:00",25,"Snack ",28,4.8,14,"motorcycle ",0,"No ","Metropolitian ","Sandstorms","Medium ",1
"6/04/2022","18:20:00","18:25:00",32,"Meal ",35,5,23,"scooter ",2,"No ","Urban ","Fog","Medium ",1
"26/03/2022","9:10:00","9:25:00",11,"Drinks ",28,4.9,22,"scooter ",2,"No ","Urban ","Windy","Low ",0
"31/03/2022","23:30:00","23:35:00",16,"Snack ",25,4.5,3,"scooter ",1,"No ","Urban ","Sandstorms","Low ",0
"17/02/2022","8:55:00","9:10:00",18,"Buffet ",35,4.6,19,"scooter ",2,"No ","Urban ","Fog","Low ",0
"20/03/2022","18:20:00","18:30:00",38,"Snack ",39,4.2,3,"motorcycle ",1,"No ","Metropolitian ","Stormy","Medium ",1
"13/03/2022","15:15:00","15:20:00",19,"Meal ",23,4.8,17,"electric_scooter ",2,"No ","Metropolitian ","Fog","Medium ",1
"5/04/2022","11:20:00","11:35:00",20,"Drinks ",25,4.8,22,"electric_scooter ",2,"No ","Metropolitian ","Sandstorms","High ",1
"1/03/2022","11:00:00","11:15:00",20,"Meal ",30,4.7,23,"motorcycle ",2,"No ","Metropolitian ","Stormy","Low ",0
"28/03/2022","17:50:00","18:05:00",27,"Buffet ",33,4.5,12,"motorcycle ",1,"No ","Metropolitian ","Stormy","Medium ",1
"20/03/2022","23:25:00","23:35:00",29,"Meal ",28,5,11,"motorcycle ",2,"No ","Metropolitian ","Fog","Low ",1
"11/03/2022","22:00:00","22:05:00",24,"Meal ",21,4.9,22,"motorcycle ",1,"No ","Urban ","Fog","Jam ",1
"12/02/2022","21:20:00","21:35:00",53,"Drinks ",37,4.5,7,"motorcycle ",0,"Yes ","Metropolitian ","Stormy","Jam ",1
"10/03/2022","19:30:00","19:35:00",48,"Buffet ",34,5,13,"motorcycle ",0,"No ","Metropolitian ","Fog","Jam ",1
"29/03/2022","20:55:00","21:05:00",13,"Drinks ",22,4.8,16,"electric_scooter ",2,"No ","Metropolitian ","Sunny","Jam ",0
"27/03/2022","18:30:00","18:35:00",19,"Snack ",31,4.5,9,"scooter ",2,"No ","Metropolitian ","Sunny","Medium ",1
"29/03/2022","23:50:00","0:05:00",16,"Drinks ",28,5,1,"electric_scooter ",2,"No ","Urban ","Windy","Low ",1
"4/04/2022","17:45:00","17:50:00",15,"Snack ",27,4.9,23,"scooter ",1,"No ","Metropolitian ","Windy","Medium ",1
"26/03/2022","10:45:00","11:00:00",18,"Buffet ",37,4.6,13,"scooter ",2,"No ","Metropolitian ","Cloudy","Low ",0
"12/03/2022","20:40:00","20:55:00",32,"Buffet ",28,4.4,9,"motorcycle ",1,"No ","Metropolitian ","Fog","Jam ",0
"28/03/2022","10:40:00","10:55:00",23,"Meal ",28,4.8,19,"electric_scooter ",2,"No ","Metropolitian ","Sunny","Low ",1
"30/03/2022","21:30:00","21:35:00",45,"Meal ",21,3.7,13,"motorcycle ",0,"No ","Metropolitian ","Sunny","Jam ",1
"12/03/2022","18:25:00","18:35:00",37,"Snack ",23,4.9,15,"motorcycle ",0,"No ","Metropolitian ","Fog","Medium ",1
"4/04/2022","18:45:00","18:55:00",38,"Meal ",36,4.5,3,"motorcycle ",0,"No ","Metropolitian ","Fog","Medium ",1
"29/03/2022","17:20:00","17:30:00",20,"Snack ",20,4.6,3,"electric_scooter ",2,"No ","Urban ","Sandstorms","Medium ",1
"17/03/2022","14:50:00","15:00:00",31,"Drinks ",31,4,13,"motorcycle ",0,"No ","Metropolitian ","Fog","High ",1
"21/03/2022","10:25:00","10:30:00",25,"Drinks ",37,4.2,15,"motorcycle ",0,"No ","Metropolitian ","Windy","Low ",0
"1/03/2022","20:00:00","20:10:00",26,"Snack ",20,4.9,22,"motorcycle ",0,"No ","Urban ","Cloudy","Jam ",1
"13/03/2022","16:45:00","17:00:00",26,"Meal ",39,5,17,"scooter ",1,"No ","Urban ","Stormy","Medium ",1
"17/03/2022","13:40:00","13:50:00",34,"Meal ",35,4.9,23,"motorcycle ",0,"No ","Metropolitian ","Stormy","High ",1
"15/03/2022","21:40:00","21:45:00",26,"Meal ",20,4.8,13,"motorcycle ",0,"No ","Metropolitian ","Windy","Jam ",0
"16/02/2022","21:15:00","21:25:00",44,"Snack ",38,4.1,20,"electric_scooter ",2,"No ","Metropolitian ","Stormy","Jam ",1
"16/03/2022","19:35:00","19:50:00",29,"Snack ",23,4.8,14,"electric_scooter ",2,"No ","Metropolitian ","Stormy","Jam ",1
"31/03/2022","17:50:00","18:00:00",27,"Buffet ",36,4.9,21,"motorcycle ",1,"No ","Metropolitian ","Windy","Medium ",1
"15/02/2022","23:20:00","23:35:00",16,"Buffet ",32,4.9,8,"scooter ",1,"No ","Metropolitian ","Sunny","Low ",1
"25/03/2022","18:25:00","18:40:00",29,"Snack ",29,4.6,19,"motorcycle ",1,"No ","Urban ","Fog","Medium ",1
"6/04/2022","23:50:00","0:00:00",24,"Snack ",37,4.6,15,"motorcycle ",0,"No ","Metropolitian ","Sandstorms","Low ",1
"17/02/2022","23:30:00","23:35:00",27,"Meal ",32,4.6,8,"motorcycle ",2,"No ","Metropolitian ","Stormy","Low ",1
"14/03/2022","18:10:00","18:20:00",35,"Buffet ",25,4.8,14,"motorcycle ",0,"No ","Metropolitian ","Cloudy","Medium ",1
"16/02/2022","19:35:00","19:40:00",43,"Meal ",38,4.2,3,"electric_scooter ",2,"No ","Metropolitian ","Windy","Jam ",2
"3/04/2022","13:55:00","14:00:00",10,"Meal ",29,4.9,18,"motorcycle ",1,"No ","Urban ","Sunny","High ",0
"16/02/2022","20:45:00","21:00:00",36,"Snack ",22,4.6,4,"scooter ",2,"No ","Metropolitian ","Fog","Jam ",1
"21/03/2022","22:30:00","22:40:00",22,"Buffet ",34,4.8,9,"electric_scooter ",2,"No ","Metropolitian ","Windy","Low ",0
"24/03/2022","19:55:00","20:00:00",23,"Drinks ",39,4.5,17,"motorcycle ",0,"No ","Metropolitian ","Sunny","Jam ",1
"13/02/2022","19:30:00","19:40:00",26,"Drinks ",30,4.6,2,"motorcycle ",2,"No ","Metropolitian ","Fog","Jam ",1
"21/03/2022","17:55:00","18:10:00",27,"Drinks ",28,4.9,17,"electric_scooter ",2,"No ","Urban ","Sandstorms","Medium ",1
"25/03/2022","21:35:00","21:50:00",12,"Snack ",29,4.7,9,"scooter ",2,"No ","Metropolitian ","Sunny","Jam ",1
"21/03/2022","18:20:00","18:35:00",17,"Buffet ",38,4.9,23,"electric_scooter ",2,"No ","Metropolitian ","Fog","Medium ",0
"2/04/2022","18:50:00","19:00:00",16,"Meal ",23,4.8,18,"motorcycle ",0,"No ","Metropolitian ","Sunny","Medium ",0
"4/03/2022","19:40:00","19:50:00",35,"Drinks ",22,4.7,19,"motorcycle ",0,"No ","Metropolitian ","Fog","Jam ",1
"13/02/2022","15:25:00","15:35:00",19,"Drinks ",35,4.9,9,"scooter ",2,"No ","Metropolitian ","Fog","Medium ",1
"3/04/2022","14:55:00","15:10:00",18,"Meal ",28,4.6,23,"scooter ",1,"No ","Metropolitian ","Stormy","High ",1
"14/03/2022","23:30:00","23:45:00",16,"Meal ",26,5,13,"motorcycle ",1,"No ","Metropolitian ","Stormy","Low ",0
"30/03/2022","11:25:00","11:35:00",45,"Drinks ",32,4.2,1,"motorcycle ",0,"No ","Metropolitian ","Stormy","High ",2
"13/03/2022","18:50:00","18:55:00",18,"Meal ",20,4.8,19,"motorcycle ",0,"No ","Urban ","Sandstorms","Medium ",1
"10/03/2022","18:35:00","18:50:00",36,"Drinks ",38,3.6,5,"scooter ",1,"No ","Metropolitian ","Stormy","Medium ",1
"28/03/2022","8:45:00","8:50:00",20,"Buffet ",20,4.9,15,"electric_scooter ",2,"No ","Urban ","Sunny","Low ",0
"18/03/2022","17:50:00","17:55:00",22,"Drinks ",34,4.6,8,"electric_scooter ",2,"No ","Metropolitian ","Stormy","Medium ",1
"30/03/2022","20:35:00","20:40:00",17,"Drinks ",20,4.7,5,"motorcycle ",1,"No ","Urban ","Sunny","Jam ",0
"2/03/2022","23:40:00","23:45:00",25,"Snack ",37,4.8,13,"scooter ",2,"No ","Metropolitian ","Sandstorms","Low ",1
"10/03/2022","21:25:00","21:40:00",38,"Drinks ",30,3.8,9,"motorcycle ",1,"No ","Metropolitian ","Windy","Jam ",1
"27/03/2022","17:55:00","18:05:00",37,"Buffet ",33,5,2,"motorcycle ",0,"No ","Metropolitian ","Windy","Medium ",1
"9/03/2022","20:20:00","20:35:00",29,"Buffet ",39,4.9,23,"electric_scooter ",2,"No ","Metropolitian ","Stormy","Jam ",0
"17/03/2022","19:55:00","20:05:00",16,"Meal ",27,4.8,15,"scooter ",1,"No ","Urban ","Stormy","Jam ",0
"29/03/2022","20:35:00","20:50:00",25,"Meal ",21,4.7,17,"motorcycle ",1,"No ","Metropolitian ","Stormy","Jam ",0
"11/03/2022","21:15:00","21:20:00",26,"Snack ",35,4.5,6,"electric_scooter ",2,"No ","Urban ","Stormy","Jam ",1
"11/03/2022","11:15:00","11:30:00",22,"Snack ",21,4.7,18,"motorcycle ",2,"No ","Metropolitian ","Windy","High ",1
"19/03/2022","13:50:00","14:00:00",26,"Snack ",36,4.8,13,"scooter ",2,"No ","Metropolitian ","Fog","High ",1
"16/03/2022","17:25:00","17:40:00",11,"Buffet ",26,4.7,13,"scooter ",1,"No ","Metropolitian ","Sunny","Medium ",1
"28/03/2022","10:20:00","10:35:00",25,"Drinks ",32,4.5,16,"scooter ",2,"No ","Metropolitian ","Stormy","Low ",0
"15/02/2022","21:40:00","21:50:00",14,"Drinks ",27,4.6,3,"scooter ",2,"No ","Metropolitian ","Sunny","Jam ",1
"6/04/2022","21:25:00","21:40:00",35,"Snack ",29,4.9,21,"scooter ",2,"No ","Metropolitian ","Cloudy","Jam ",1
"28/03/2022","21:10:00","21:20:00",44,"Drinks ",32,4.9,21,"motorcycle ",0,"No ","Urban ","Stormy","Jam ",3
"28/03/2022","9:15:00","9:25:00",14,"Buffet ",36,5,16,"scooter ",1,"No ","Metropolitian ","Sunny","Low ",0
"6/03/2022","19:30:00","19:35:00",29,"Drinks ",22,4.6,9,"motorcycle ",1,"No ","Metropolitian ","Sandstorms","Jam ",1
"21/03/2022","17:55:00","18:00:00",30,"Drinks ",31,4.8,4,"motorcycle ",1,"No ","Metropolitian ","Sandstorms","Medium ",1
"26/03/2022","11:30:00","11:40:00",28,"Drinks ",35,4.6,14,"scooter ",2,"No ","Metropolitian ","Cloudy","High ",1
"8/03/2022","23:25:00","23:40:00",43,"Snack ",26,3.5,9,"scooter ",2,"Yes ","Metropolitian ","Sunny","Low ",1
"16/03/2022","19:20:00","19:25:00",16,"Buffet ",22,4.7,22,"electric_scooter ",2,"No ","Urban ","Windy","Jam ",0
"16/02/2022","20:50:00","20:55:00",40,"Buffet ",24,4.8,8,"electric_scooter ",2,"No ","Metropolitian ","Fog","Jam ",1
"28/03/2022","22:55:00","23:05:00",13,"Snack ",25,4.8,23,"scooter ",1,"No ","Metropolitian ","Windy","Low ",0
"21/03/2022","18:20:00","18:35:00",29,"Meal ",21,4.8,3,"scooter ",2,"No ","Metropolitian ","Sandstorms","Medium ",1
"9/03/2022","15:15:00","15:30:00",14,"Snack ",29,4.6,21,"motorcycle ",1,"No ","Metropolitian ","Sunny","Medium ",0
"2/04/2022","17:15:00","17:25:00",33,"Meal ",27,4.8,1,"scooter ",2,"No ","Metropolitian ","Fog","Medium ",1
"29/03/2022","22:50:00","22:55:00",23,"Meal ",34,4.8,1,"motorcycle ",1,"No ","Urban ","Sandstorms","Low ",0
"4/03/2022","21:30:00","21:45:00",35,"Drinks ",39,4.1,13,"motorcycle ",1,"No ","Metropolitian ","Sandstorms","Jam ",1
"13/03/2022","15:25:00","15:40:00",15,"Meal ",38,4.6,16,"motorcycle ",2,"No ","Urban ","Cloudy","Medium ",1
"3/04/2022","11:20:00","11:25:00",35,"Drinks ",34,4.4,15,"motorcycle ",1,"No ","Metropolitian ","Cloudy","High ",0
"6/03/2022","17:15:00","17:25:00",20,"Snack ",37,4.8,19,"scooter ",2,"No ","Metropolitian ","Stormy","Medium ",0
"1/03/2022","23:55:00","0:00:00",28,"Drinks ",32,4.8,19,"scooter ",2,"No ","Metropolitian ","Sandstorms","Low ",1
"15/03/2022","19:00:00","19:05:00",18,"Meal ",35,4.7,17,"scooter ",2,"No ","Urban ","Sunny","Medium ",0
"13/03/2022","13:35:00","13:40:00",46,"Buffet ",30,4.3,19,"motorcycle ",0,"No ","Metropolitian ","Windy","High ",0
"11/03/2022","19:15:00","19:25:00",37,"Meal ",30,4.6,21,"motorcycle ",0,"No ","Metropolitian ","Stormy","Jam ",0
"16/02/2022","21:45:00","21:55:00",43,"Meal ",36,3.6,12,"motorcycle ",2,"No ","Metropolitian ","Sandstorms","Jam ",1
"4/03/2022","22:20:00","22:30:00",35,"Meal ",28,2.7,5,"scooter ",1,"No ","Metropolitian ","Sunny","Low ",1
"12/02/2022","20:35:00","20:40:00",11,"Meal ",22,4.6,16,"scooter ",1,"No ","Urban ","Sunny","Jam ",0
"9/03/2022","23:55:00","0:00:00",15,"Meal ",37,4.8,23,"electric_scooter ",2,"No ","Urban ","Fog","Low ",0
"19/03/2022","11:15:00","11:30:00",25,"Buffet ",23,4.8,23,"electric_scooter ",2,"No ","Metropolitian ","Sandstorms","High ",0
"2/04/2022","23:55:00","0:05:00",21,"Drinks ",21,4.5,9,"motorcycle ",1,"No ","Metropolitian ","Cloudy","Low ",1
"13/03/2022","23:20:00","23:25:00",25,"Buffet ",31,4.3,22,"motorcycle ",0,"No ","Metropolitian ","Sandstorms","Low ",1
"27/03/2022","20:10:00","20:25:00",54,"Meal ",31,4.9,15,"motorcycle ",0,"No ","Semi-Urban ","Cloudy","Jam ",1
"5/03/2022","20:50:00","21:05:00",30,"Buffet ",35,4.7,19,"motorcycle ",0,"No ","Metropolitian ","Windy","Jam ",1
"17/03/2022","18:50:00","19:00:00",26,"Snack ",21,4.9,9,"scooter ",1,"No ","Metropolitian ","Windy","Medium ",1
"5/04/2022","21:50:00","22:00:00",27,"Drinks ",39,4.8,21,"electric_scooter ",2,"No ","Metropolitian ","Cloudy","Jam ",1
"3/04/2022","10:40:00","10:45:00",24,"Drinks ",30,4.7,21,"scooter ",1,"No ","Metropolitian ","Stormy","Low ",1
"16/02/2022","19:55:00","20:05:00",39,"Snack ",37,4.2,1,"scooter ",2,"No ","Urban ","Stormy","Jam ",0
"28/03/2022","20:40:00","20:45:00",37,"Snack ",27,4.1,8,"motorcycle ",0,"No ","Metropolitian ","Stormy","Jam ",1
"16/02/2022","19:45:00","19:50:00",37,"Drinks ",32,4.9,22,"motorcycle ",1,"No ","Urban ","Fog","Jam ",1
"14/02/2022","17:25:00","17:35:00",24,"Meal ",30,4.7,15,"motorcycle ",2,"No ","Urban ","Sandstorms","Medium ",0
"15/03/2022","12:00:00","12:05:00",44,"Buffet ",34,4.9,22,"motorcycle ",0,"Yes ","Metropolitian ","Windy","High ",3
"6/03/2022","18:50:00","18:55:00",18,"Drinks ",23,4.8,12,"motorcycle ",1,"No ","Metropolitian ","Windy","Medium ",0
"10/03/2022","23:35:00","23:40:00",21,"Meal ",32,4.7,21,"scooter ",2,"No ","Metropolitian ","Windy","Low ",0
"3/04/2022","19:25:00","19:35:00",15,"Meal ",31,4.8,21,"scooter ",2,"No ","Metropolitian ","Sunny","Jam ",1
"2/04/2022","20:55:00","21:10:00",45,"Drinks ",35,5,9,"motorcycle ",0,"No ","Metropolitian ","Cloudy","Jam ",0
"20/03/2022","18:20:00","18:30:00",46,"Snack ",31,4,11,"motorcycle ",0,"No ","Metropolitian ","Stormy","Medium ",1
"30/03/2022","15:15:00","15:20:00",17,"Snack ",28,4.8,5,"scooter ",1,"No ","Urban ","Cloudy","Medium ",1
"27/03/2022","19:15:00","19:30:00",13,"Meal ",29,4.8,15,"scooter ",1,"No ","Metropolitian ","Sunny","Jam ",0
"18/03/2022","22:40:00","22:45:00",24,"Drinks ",23,4.6,4,"motorcycle ",0,"No ","Metropolitian ","Sunny","Low ",1
"15/03/2022","8:45:00","9:00:00",28,"Drinks ",20,4.2,2,"motorcycle ",0,"No ","Urban ","Stormy","Low ",1
"1/04/2022","19:30:00","19:40:00",13,"Drinks ",26,4.7,18,"electric_scooter ",2,"No ","Metropolitian ","Stormy","Jam ",0
"18/03/2022","22:10:00","22:15:00",21,"Drinks ",30,4.9,8,"motorcycle ",0,"No ","Metropolitian ","Sandstorms","Low ",1
"27/03/2022","23:30:00","23:45:00",22,"Snack ",23,4.6,14,"motorcycle ",2,"No ","Metropolitian ","Fog","Low ",1
"23/03/2022","19:55:00","20:00:00",44,"Drinks ",27,4.7,2,"motorcycle ",0,"No ","Metropolitian ","Cloudy","Jam ",1
"2/04/2022","17:40:00","17:50:00",34,"Snack ",34,3.9,15,"scooter ",2,"No ","Metropolitian ","Sandstorms","Medium ",0
"3/04/2022","23:20:00","23:30:00",15,"Buffet ",24,4.2,16,"motorcycle ",0,"No ","Urban ","Windy","Low ",0
"17/03/2022","23:25:00","23:35:00",16,"Drinks ",26,4.9,9,"scooter ",2,"No ","Metropolitian ","Stormy","Low ",0
"27/03/2022","20:10:00","20:25:00",31,"Drinks ",27,4.6,3,"scooter ",2,"No ","Metropolitian ","Fog","Jam ",0
"17/02/2022","22:45:00","23:00:00",19,"Snack ",39,4.8,2,"scooter ",1,"No ","Metropolitian ","Sunny","Low ",1
"18/03/2022","23:55:00","0:10:00",24,"Drinks ",28,4.6,17,"motorcycle ",0,"No ","Urban ","Stormy","Low ",0
"21/03/2022","9:35:00","9:40:00",21,"Drinks ",32,4.9,16,"motorcycle ",0,"No ","Urban ","Fog","Low ",1
"26/03/2022","8:35:00","8:50:00",29,"Snack ",20,4.2,7,"motorcycle ",0,"No ","Metropolitian ","Stormy","Low ",1
"11/02/2022","17:10:00","17:15:00",22,"Buffet ",38,4.8,6,"electric_scooter ",2,"No ","Metropolitian ","Sunny","Medium ",0
"29/03/2022","22:55:00","23:05:00",25,"Buffet ",28,4.5,9,"motorcycle ",1,"No ","Metropolitian ","Cloudy","Low ",1
"11/03/2022","21:40:00","21:55:00",26,"Drinks ",38,4.9,17,"motorcycle ",0,"No ","Metropolitian ","Fog","Jam ",1
"1/04/2022","8:55:00","9:10:00",26,"Meal ",33,4.6,23,"electric_scooter ",2,"No ","Metropolitian ","Stormy","Low ",1
"11/02/2022","14:10:00","14:25:00",34,"Snack ",20,4.2,6,"scooter ",1,"No ","Metropolitian ","Fog","High ",0
"16/03/2022","21:50:00","22:05:00",25,"Meal ",22,4.8,19,"electric_scooter ",2,"No ","Metropolitian ","Stormy","Jam ",1
"31/03/2022","22:55:00","23:10:00",20,"Buffet ",22,4.7,18,"motorcycle ",0,"No ","Metropolitian ","Windy","Low ",1
"18/02/2022","19:35:00","19:50:00",37,"Snack ",39,4.4,8,"motorcycle ",0,"No ","Metropolitian ","Sandstorms","Jam ",1
"15/03/2022","8:55:00","9:10:00",17,"Buffet ",39,4.6,21,"scooter ",2,"No ","Urban ","Cloudy","Low ",0
"12/03/2022","22:30:00","22:40:00",22,"Meal ",31,4.6,16,"scooter ",1,"No ","Metropolitian ","Stormy","Low ",0
"13/02/2022","15:10:00","15:25:00",21,"Snack ",22,4.8,5,"scooter ",2,"No ","Metropolitian ","Windy","Medium ",1
"17/02/2022","22:20:00","22:30:00",10,"Meal ",28,4.6,8,"scooter ",2,"No ","Metropolitian ","Stormy","Low ",1
"12/02/2022","18:25:00","18:40:00",19,"Drinks ",26,4.9,3,"scooter ",2,"No ","Metropolitian ","Sandstorms","Medium ",0
"16/03/2022","23:25:00","23:30:00",26,"Snack ",38,4.6,23,"motorcycle ",1,"No ","Metropolitian ","Sunny","Low ",0
"28/03/2022","17:45:00","17:55:00",28,"Buffet ",31,4.7,17,"motorcycle ",0,"No ","Metropolitian ","Cloudy","Medium ",1
"14/02/2022","18:00:00","18:05:00",24,"Drinks ",23,4.9,5,"scooter ",1,"No ","Metropolitian ","Stormy","Medium ",1
"17/03/2022","0:00:00","0:05:00",24,"Meal ",34,4.9,21,"motorcycle ",0,"No ","Urban ","Fog","Low ",0
"7/03/2022","21:20:00","21:35:00",25,"Meal ",31,4.5,1,"motorcycle ",0,"No ","Urban ","Stormy","Jam ",1
"31/03/2022","18:10:00","18:25:00",25,"Buffet ",38,4.9,17,"electric_scooter ",2,"No ","Metropolitian ","Sunny","Medium ",1
"5/04/2022","22:20:00","22:35:00",16,"Drinks ",35,4.8,21,"motorcycle ",1,"No ","Metropolitian ","Fog","Low ",1
"29/03/2022","21:40:00","21:45:00",46,"Buffet ",39,4.7,7,"motorcycle ",0,"No ","Metropolitian ","Stormy","Jam ",2
"21/03/2022","13:30:00","13:40:00",18,"Buffet ",27,4.7,23,"scooter ",1,"No ","Metropolitian ","Sunny","High ",1
"1/04/2022","11:45:00","11:50:00",27,"Drinks ",33,4.8,9,"scooter ",1,"No ","Metropolitian ","Cloudy","High ",1
"29/03/2022","23:00:00","23:10:00",23,"Snack ",27,4.7,13,"motorcycle ",2,"No ","Metropolitian ","Fog","Low ",0
"2/04/2022","21:15:00","21:25:00",39,"Meal ",34,4.4,19,"scooter ",2,"No ","Urban ","Sandstorms","Jam ",2
"8/03/2022","18:25:00","18:40:00",27,"Meal ",20,4.5,13,"motorcycle ",1,"No ","Metropolitian ","Sandstorms","Medium ",0
"24/03/2022","23:25:00","23:35:00",29,"Meal ",38,4.9,16,"scooter ",1,"No ","Urban ","Sandstorms","Low ",1
"4/04/2022","17:25:00","17:35:00",35,"Drinks ",36,4.1,3,"motorcycle ",2,"No ","Metropolitian ","Stormy","Medium ",1
"18/03/2022","18:30:00","18:45:00",27,"Buffet ",28,4.7,7,"motorcycle ",0,"No ","Metropolitian ","Windy","Medium ",0
"18/02/2022","0:00:00","0:15:00",24,"Buffet ",22,4.6,6,"motorcycle ",0,"No ","Metropolitian ","Fog","Low ",1
"3/03/2022","14:45:00","14:50:00",39,"Meal ",33,4.1,3,"motorcycle ",1,"No ","Metropolitian ","Fog","High ",2
"16/03/2022","20:20:00","20:25:00",31,"Snack ",22,4.1,4,"motorcycle ",0,"No ","Metropolitian ","Sandstorms","Jam ",1
"25/03/2022","20:50:00","20:55:00",37,"Meal ",35,4.9,13,"scooter ",2,"No ","Metropolitian ","Cloudy","Jam ",1
"1/04/2022","20:45:00","20:50:00",42,"Drinks ",24,4.2,13,"motorcycle ",0,"No ","Metropolitian ","Sunny","Jam ",2
"14/03/2022","19:25:00","19:35:00",30,"Snack ",25,4.8,21,"motorcycle ",0,"No ","Metropolitian ","Sunny","Jam ",1
"17/02/2022","19:55:00","20:00:00",30,"Drinks ",30,4.8,3,"motorcycle ",0,"No ","Metropolitian ","Fog","Jam ",0
"3/04/2022","17:35:00","17:50:00",34,"Buffet ",32,4.7,23,"scooter ",1,"No ","Urban ","Sandstorms","Medium ",1
"13/03/2022","8:50:00","9:05:00",18,"Meal ",37,5,19,"motorcycle ",1,"No ","Urban ","Fog","Low ",0
"4/04/2022","21:40:00","21:55:00",41,"Meal ",33,4.7,13,"motorcycle ",0,"No ","Metropolitian ","Stormy","Jam ",2
"9/03/2022","23:10:00","23:20:00",15,"Buffet ",26,5,9,"scooter ",1,"No ","Metropolitian ","Sandstorms","Low ",0
"1/04/2022","14:55:00","15:10:00",31,"Drinks ",37,5,15,"motorcycle ",0,"No ","Urban ","Sandstorms","High ",0
"28/03/2022","15:35:00","15:40:00",24,"Drinks ",34,4.6,18,"electric_scooter ",2,"No ","Metropolitian ","Sunny","Medium ",1
"30/03/2022","17:55:00","18:05:00",26,"Buffet ",24,4.6,9,"motorcycle ",0,"No ","Metropolitian ","Fog","Medium ",1
"31/03/2022","22:55:00","23:00:00",21,"Meal ",30,4.6,23,"motorcycle ",1,"No ","Metropolitian ","Sandstorms","Low ",1
"13/03/2022","9:15:00","9:30:00",20,"Meal ",26,4.7,21,"scooter ",1,"No ","Metropolitian ","Sunny","Low ",1
"31/03/2022","21:00:00","21:05:00",26,"Drinks ",25,4.8,19,"motorcycle ",0,"No ","Metropolitian ","Sandstorms","Jam ",1
"18/03/2022","23:50:00","0:00:00",17,"Buffet ",26,4.9,2,"motorcycle ",0,"No ","Metropolitian ","Stormy","Low ",0
"27/03/2022","18:10:00","18:20:00",33,"Snack ",30,4.6,13,"motorcycle ",0,"No ","Metropolitian ","Windy","Medium ",0
"5/03/2022","17:35:00","17:50:00",29,"Snack ",21,4.5,17,"scooter ",1,"No ","Metropolitian ","Stormy","Medium ",0
"21/03/2022","18:25:00","18:40:00",19,"Drinks ",35,4.8,13,"scooter ",1,"No ","Metropolitian ","Cloudy","Medium ",0
"24/03/2022","19:40:00","19:50:00",31,"Buffet ",28,4.3,11,"motorcycle ",0,"No ","Metropolitian ","Windy","Jam ",0
"27/03/2022","17:25:00","17:30:00",37,"Snack ",23,4.4,11,"motorcycle ",0,"No ","Metropolitian ","Stormy","Medium ",1
"6/04/2022","19:30:00","19:45:00",26,"Buffet ",21,4.7,17,"motorcycle ",1,"No ","Metropolitian ","Windy","Jam ",1
"18/02/2022","18:25:00","18:40:00",25,"Meal ",26,4.8,18,"electric_scooter ",2,"No ","Urban ","Windy","Medium ",1
"15/02/2022","11:45:00","12:00:00",27,"Buffet ",25,4.5,5,"motorcycle ",2,"No ","Metropolitian ","Fog","High ",1
"23/03/2022","17:25:00","17:35:00",23,"Buffet ",23,4.8,22,"motorcycle ",0,"No ","Metropolitian ","Sandstorms","Medium ",1
"18/02/2022","20:50:00","21:05:00",29,"Snack ",24,4.6,15,"scooter ",1,"No ","Urban ","Stormy","Jam ",1
"31/03/2022","18:45:00","18:50:00",35,"Meal ",36,4.8,4,"motorcycle ",1,"No ","Urban ","Fog","Medium ",1
"15/02/2022","17:30:00","17:40:00",18,"Buffet ",36,4.8,7,"electric_scooter ",2,"No ","Metropolitian ","Fog","Medium ",1
"26/03/2022","16:20:00","16:25:00",26,"Drinks ",38,4.8,17,"motorcycle ",0,"No ","Metropolitian ","Fog","Medium ",1
"17/02/2022","8:40:00","8:50:00",15,"Buffet ",24,4.3,2,"motorcycle ",0,"No ","Metropolitian ","Fog","Low ",0
"3/03/2022","20:45:00","20:50:00",16,"Snack ",37,4.6,18,"motorcycle ",2,"No ","Metropolitian ","Sunny","Jam ",1
"12/03/2022","20:00:00","20:05:00",44,"Drinks ",34,4,1,"motorcycle ",0,"No ","Urban ","Sandstorms","Jam ",1
"3/03/2022","22:00:00","22:05:00",33,"Buffet ",30,4.2,8,"motorcycle ",0,"No ","Metropolitian ","Fog","Jam ",2
"16/03/2022","19:55:00","20:10:00",49,"Buffet ",37,4.7,19,"scooter ",1,"No ","Metropolitian ","Cloudy","Jam ",2
"2/03/2022","21:25:00","21:30:00",22,"Meal ",24,4.9,18,"electric_scooter ",2,"No ","Metropolitian ","Sunny","Jam ",0
"25/03/2022","23:45:00","23:55:00",21,"Meal ",20,4.8,16,"motorcycle ",0,"No ","Metropolitian ","Cloudy","Low ",1
"7/03/2022","21:10:00","21:15:00",38,"Buffet ",39,4.6,15,"motorcycle ",0,"No ","Metropolitian ","Stormy","Jam ",0
"9/03/2022","18:00:00","18:05:00",23,"Meal ",30,4.8,21,"scooter ",2,"No ","Metropolitian ","Sunny","Medium ",1
"6/03/2022","19:10:00","19:15:00",26,"Meal ",25,4.8,19,"motorcycle ",1,"No ","Urban ","Stormy","Jam ",0
"29/03/2022","19:45:00","20:00:00",51,"Meal ",38,4.9,9,"motorcycle ",0,"Yes ","Metropolitian ","Windy","Jam ",2
"10/03/2022","21:50:00","21:55:00",22,"Buffet ",20,4.7,17,"motorcycle ",1,"No ","Urban ","Sandstorms","Jam ",0
"3/04/2022","9:45:00","9:50:00",24,"Meal ",27,4.2,19,"motorcycle ",0,"No ","Metropolitian ","Sandstorms","Low ",1
"24/03/2022","22:25:00","22:30:00",28,"Snack ",37,4.6,23,"motorcycle ",2,"No ","Metropolitian ","Windy","Low ",1
"30/03/2022","17:10:00","17:15:00",11,"Snack ",21,4.7,21,"motorcycle ",0,"No ","Metropolitian ","Windy","Medium ",1
"27/03/2022","19:35:00","19:45:00",40,"Snack ",37,4.3,3,"motorcycle ",2,"No ","Metropolitian ","Stormy","Jam ",1
"2/04/2022","23:45:00","23:55:00",23,"Buffet ",26,4.6,23,"scooter ",1,"No ","Metropolitian ","Cloudy","Low ",0
"2/03/2022","20:20:00","20:25:00",37,"Drinks ",35,4.4,23,"motorcycle ",2,"No ","Metropolitian ","Sandstorms","Jam ",0
"13/02/2022","20:25:00","20:35:00",29,"Snack ",24,4.6,4,"motorcycle ",0,"No ","Metropolitian ","Stormy","Jam ",0
"26/03/2022","19:35:00","19:45:00",25,"Snack ",35,4.6,17,"motorcycle ",1,"No ","Metropolitian ","Fog","Jam ",1
"11/03/2022","18:20:00","18:30:00",21,"Meal ",27,4.6,18,"scooter ",2,"No ","Metropolitian ","Windy","Medium ",1
"16/03/2022","17:25:00","17:35:00",34,"Buffet ",39,4.5,22,"scooter ",2,"No ","Metropolitian ","Sandstorms","Medium ",1
"12/02/2022","21:15:00","21:20:00",15,"Drinks ",32,5,18,"scooter ",1,"No ","Urban ","Sunny","Jam ",1
"3/03/2022","19:55:00","20:05:00",35,"Buffet ",36,4.3,19,"motorcycle ",0,"No ","Metropolitian ","Stormy","Jam ",2
"26/03/2022","22:55:00","23:10:00",15,"Buffet ",30,4.8,12,"motorcycle ",1,"No ","Metropolitian ","Fog","Low ",0
"4/03/2022","23:20:00","23:25:00",15,"Drinks ",22,4.7,12,"motorcycle ",0,"No ","Metropolitian ","Stormy","Low ",0
"16/03/2022","20:45:00","20:50:00",31,"Buffet ",21,4.1,7,"motorcycle ",1,"No ","Metropolitian ","Fog","Jam ",0
"5/04/2022","21:10:00","21:15:00",15,"Meal ",30,4.6,17,"motorcycle ",1,"No ","Metropolitian ","Sunny","Jam ",0
"25/03/2022","22:15:00","22:20:00",16,"Meal ",34,4.9,15,"scooter ",2,"No ","Urban ","Sandstorms","Low ",1
"9/03/2022","9:35:00","9:40:00",21,"Meal ",22,4.7,12,"motorcycle ",0,"No ","Metropolitian ","Fog","Low ",0
"23/03/2022","22:20:00","22:25:00",16,"Meal ",27,4.6,9,"motorcycle ",0,"No ","Metropolitian ","Sandstorms","Low ",1
"24/03/2022","17:55:00","18:10:00",25,"Snack ",34,4.5,4,"motorcycle ",0,"No ","Urban ","Cloudy","Medium ",1
"19/03/2022","20:50:00","21:00:00",23,"Drinks ",39,5,3,"motorcycle ",0,"No ","Metropolitian ","Sunny","Jam ",1
"15/03/2022","20:25:00","20:30:00",20,"Meal ",39,4.7,14,"motorcycle ",0,"No ","Metropolitian ","Sunny","Jam ",1
"28/03/2022","18:20:00","18:35:00",18,"Meal ",39,4.9,16,"scooter ",1,"No ","Metropolitian ","Cloudy","Medium ",0
"9/03/2022","12:40:00","12:55:00",26,"Drinks ",26,4.9,9,"motorcycle ",0,"No ","Metropolitian ","Sandstorms","High ",1
"7/03/2022","17:10:00","17:20:00",24,"Meal ",25,4.7,23,"motorcycle ",0,"No ","Metropolitian ","Stormy","Medium ",1
"3/04/2022","18:25:00","18:35:00",39,"Meal ",32,4,2,"motorcycle ",0,"No ","Metropolitian ","Sandstorms","Medium ",2
"20/03/2022","21:20:00","21:25:00",39,"Buffet ",25,4.4,6,"scooter ",1,"No ","Urban ","Cloudy","Jam ",1
"13/02/2022","19:15:00","19:20:00",18,"Buffet ",20,4.6,4,"electric_scooter ",2,"No ","Metropolitian ","Sandstorms","Jam ",0
"4/03/2022","21:10:00","21:25:00",30,"Snack ",39,4.9,23,"motorcycle ",0,"No ","Metropolitian ","Sunny","Jam ",1
"21/03/2022","13:55:00","14:05:00",49,"Snack ",20,4.4,6,"motorcycle ",0,"No ","Metropolitian ","Sunny","High ",2
"11/02/2022","10:20:00","10:35:00",29,"Buffet ",34,4.6,5,"motorcycle ",0,"No ","Metropolitian ","Stormy","Low ",1
"24/03/2022","18:30:00","18:40:00",31,"Meal ",38,4.4,5,"motorcycle ",0,"No ","Metropolitian ","Stormy","Medium ",1
"26/03/2022","9:15:00","9:25:00",18,"Drinks ",35,4.9,19,"motorcycle ",2,"No ","Metropolitian ","Cloudy","Low ",1
"3/03/2022","17:20:00","17:25:00",25,"Buffet ",27,4.8,17,"motorcycle ",1,"No ","Metropolitian ","Stormy","Medium ",1
"17/02/2022","22:40:00","22:55:00",15,"Drinks ",36,4.7,5,"scooter ",1,"No ","Metropolitian ","Stormy","Low ",1
"2/03/2022","19:50:00","20:00:00",27,"Snack ",25,5,16,"scooter ",1,"No ","Urban ","Stormy","Jam ",1
"4/03/2022","23:50:00","0:05:00",37,"Snack ",39,4.3,21,"electric_scooter ",2,"No ","Metropolitian ","Fog","Low ",1
"24/03/2022","14:25:00","14:30:00",14,"Meal ",26,4.8,23,"motorcycle ",2,"No ","Metropolitian ","Sandstorms","High ",0
"21/03/2022","11:30:00","11:45:00",16,"Buffet ",24,4.7,22,"motorcycle ",0,"No ","Urban ","Sandstorms","High ",1
"3/04/2022","10:25:00","10:35:00",16,"Drinks ",28,4.6,21,"scooter ",1,"No ","Urban ","Sandstorms","Low ",1
"1/04/2022","12:00:00","12:05:00",49,"Meal ",37,4.6,13,"motorcycle ",0,"No ","Metropolitian ","Windy","High ",3
"11/03/2022","10:25:00","10:30:00",24,"Snack ",33,4.8,23,"scooter ",1,"No ","Metropolitian ","Sandstorms","Low ",1
"7/03/2022","19:20:00","19:35:00",11,"Meal ",25,4.5,19,"motorcycle ",1,"No ","Metropolitian ","Windy","Jam ",0
"15/03/2022","23:10:00","23:20:00",18,"Snack ",23,4.6,23,"scooter ",1,"No ","Urban ","Fog","Low ",0
"16/03/2022","18:40:00","18:45:00",22,"Meal ",38,4.6,15,"motorcycle ",1,"No ","Urban ","Windy","Medium ",1
"24/03/2022","23:35:00","23:45:00",28,"Drinks ",29,4.1,3,"motorcycle ",0,"No ","Urban ","Windy","Low ",0
"18/03/2022","19:45:00","19:50:00",37,"Drinks ",29,4.9,23,"scooter ",1,"No ","Metropolitian ","Fog","Jam ",1
"6/03/2022","18:20:00","18:35:00",31,"Meal ",32,3.9,8,"scooter ",1,"No ","Metropolitian ","Sandstorms","Medium ",1
"24/03/2022","17:55:00","18:00:00",17,"Meal ",36,4.7,16,"motorcycle ",2,"No ","Metropolitian ","Cloudy","Medium ",0
"14/03/2022","21:00:00","21:15:00",40,"Drinks ",34,4.6,15,"motorcycle ",0,"No ","Metropolitian ","Fog","Jam ",2
"5/04/2022","9:50:00","9:55:00",20,"Drinks ",38,4.5,3,"motorcycle ",0,"No ","Metropolitian ","Fog","Low ",1
"11/03/2022","20:25:00","20:30:00",21,"Snack ",25,4.5,12,"scooter ",1,"No ","Metropolitian ","Stormy","Jam ",0
"19/03/2022","17:15:00","17:20:00",22,"Meal ",29,4.6,3,"electric_scooter ",2,"No ","Metropolitian ","Sandstorms","Medium ",1
"5/04/2022","23:55:00","0:00:00",13,"Buffet ",26,4.9,15,"motorcycle ",1,"No ","Metropolitian ","Cloudy","Low ",0
"15/02/2022","20:00:00","20:10:00",28,"Buffet ",34,5,16,"motorcycle ",2,"No ","Urban ","Sandstorms","Jam ",1
"4/04/2022","18:15:00","18:25:00",37,"Meal ",27,4.4,6,"motorcycle ",0,"No ","Metropolitian ","Sandstorms","Medium ",1
"4/04/2022","20:45:00","21:00:00",25,"Meal ",23,4.9,21,"scooter ",1,"No ","Metropolitian ","Windy","Jam ",1
"14/02/2022","19:10:00","19:20:00",49,"Snack ",39,4.1,3,"motorcycle ",0,"No ","Semi-Urban ","Windy","Jam ",3
"24/03/2022","20:15:00","20:25:00",26,"Buffet ",29,4.5,2,"motorcycle ",0,"No ","Urban ","Fog","Jam ",1
"25/03/2022","22:50:00","23:00:00",20,"Buffet ",30,4.7,9,"motorcycle ",1,"No ","Metropolitian ","Sandstorms","Low ",1
"27/03/2022","22:45:00","22:55:00",21,"Snack ",33,4.7,21,"scooter ",1,"No ","Urban ","Sandstorms","Low ",0
"6/03/2022","23:10:00","23:15:00",26,"Buffet ",24,4.7,17,"scooter ",1,"No ","Urban ","Sandstorms","Low ",1
"4/03/2022","20:20:00","20:25:00",20,"Snack ",20,4.8,22,"motorcycle ",2,"No ","Metropolitian ","Sunny","Jam ",0
"15/02/2022","21:45:00","22:00:00",34,"Meal ",39,4.3,6,"motorcycle ",1,"No ","Metropolitian ","Stormy","Jam ",0
"4/03/2022","18:40:00","18:50:00",28,"Snack ",24,4.8,12,"motorcycle ",1,"No ","Metropolitian ","Fog","Medium ",1
"13/02/2022","19:20:00","19:30:00",23,"Meal ",27,4.6,15,"motorcycle ",1,"No ","Urban ","Stormy","Jam ",1
"1/03/2022","21:15:00","21:30:00",30,"Drinks ",31,4.8,23,"motorcycle ",0,"No ","Metropolitian ","Windy","Jam ",1
"16/03/2022","21:40:00","21:55:00",28,"Buffet ",23,4.6,14,"scooter ",1,"No ","Metropolitian ","Windy","Jam ",1
"1/04/2022","14:45:00","14:55:00",32,"Drinks ",26,4.2,6,"motorcycle ",0,"No ","Metropolitian ","Sandstorms","High ",1
"6/03/2022","17:35:00","17:40:00",26,"Buffet ",28,4.9,15,"motorcycle ",0,"No ","Metropolitian ","Windy","Medium ",1
"28/03/2022","18:55:00","19:10:00",20,"Drinks ",21,4.6,23,"motorcycle ",1,"No ","Urban ","Stormy","Medium ",0
"3/04/2022","17:40:00","17:55:00",30,"Snack ",35,4.8,23,"motorcycle ",1,"No ","Urban ","Stormy","Medium ",1
"26/03/2022","8:35:00","8:50:00",18,"Drinks ",29,4.9,16,"motorcycle ",1,"No ","Metropolitian ","Fog","Low ",1
"24/03/2022","10:30:00","10:35:00",10,"Snack ",22,4.8,22,"scooter ",2,"No ","Metropolitian ","Fog","Low ",1
"10/03/2022","23:45:00","23:50:00",20,"Drinks ",29,4.8,21,"scooter ",1,"No ","Metropolitian ","Fog","Low ",0
"9/03/2022","10:15:00","10:20:00",19,"Meal ",29,4.6,13,"motorcycle ",0,"No ","Metropolitian ","Fog","Low ",1
"9/03/2022","14:55:00","15:00:00",27,"Snack ",39,4.7,23,"motorcycle ",1,"No ","Metropolitian ","Stormy","High ",1
"7/03/2022","17:15:00","17:25:00",29,"Buffet ",30,4.7,23,"motorcycle ",0,"No ","Metropolitian ","Windy","Medium ",0
"8/03/2022","20:20:00","20:30:00",29,"Snack ",29,4.9,19,"motorcycle ",1,"No ","Urban ","Sandstorms","Jam ",1
"27/03/2022","21:40:00","21:55:00",43,"Snack ",21,4.8,5,"motorcycle ",2,"No ","Metropolitian ","Cloudy","Jam ",1
"15/03/2022","9:50:00","10:05:00",18,"Drinks ",21,4.9,9,"motorcycle ",0,"No ","Metropolitian ","Fog","Low ",0
"10/03/2022","20:25:00","20:35:00",33,"Buffet ",36,3.9,7,"motorcycle ",1,"No ","Metropolitian ","Stormy","Jam ",0
"1/04/2022","14:40:00","14:45:00",32,"Snack ",34,4.6,15,"scooter ",1,"No ","Metropolitian ","Windy","High ",1
"23/03/2022","0:00:00","0:10:00",20,"Meal ",26,4.9,15,"scooter ",2,"No ","Urban ","Fog","Low ",1
"2/03/2022","17:40:00","17:45:00",17,"Buffet ",26,5,22,"motorcycle ",0,"No ","Urban ","Sunny","Medium ",0
"31/03/2022","23:55:00","0:05:00",26,"Buffet ",36,4.7,12,"motorcycle ",1,"No ","Metropolitian ","Sunny","Low ",1
"4/04/2022","21:20:00","21:35:00",42,"Buffet ",28,5,16,"electric_scooter ",2,"No ","Metropolitian ","Cloudy","Jam ",0
"19/03/2022","23:15:00","23:25:00",18,"Snack ",34,4.7,23,"motorcycle ",1,"No ","Urban ","Cloudy","Low ",0
"7/03/2022","10:40:00","10:50:00",26,"Drinks ",38,5,14,"scooter ",2,"No ","Metropolitian ","Stormy","Low ",1
"14/03/2022","23:20:00","23:35:00",22,"Meal ",25,4.6,22,"motorcycle ",0,"No ","Metropolitian ","Sunny","Low ",1
"2/04/2022","20:45:00","21:00:00",48,"Meal ",28,4.8,15,"motorcycle ",0,"No ","Metropolitian ","Cloudy","Jam ",2
"19/03/2022","20:15:00","20:25:00",15,"Buffet ",30,4.9,17,"scooter ",1,"No ","Urban ","Sunny","Jam ",0
"4/03/2022","20:35:00","20:40:00",22,"Drinks ",24,4.9,21,"motorcycle ",0,"No ","Metropolitian ","Sunny","Jam ",0
"23/03/2022","19:40:00","19:50:00",38,"Snack ",36,4.9,5,"motorcycle ",0,"No ","Metropolitian ","Windy","Jam ",1
"25/03/2022","18:55:00","19:00:00",30,"Buffet ",22,4.6,5,"motorcycle ",1,"No ","Metropolitian ","Cloudy","Medium ",1
"21/03/2022","13:10:00","13:25:00",13,"Snack ",29,4.9,19,"scooter ",2,"No ","Metropolitian ","Sunny","High ",1
"3/04/2022","9:50:00","10:05:00",19,"Meal ",36,5,18,"motorcycle ",1,"No ","Metropolitian ","Fog","Low ",0
"18/02/2022","23:35:00","23:40:00",43,"Snack ",24,2.9,15,"motorcycle ",1,"No ","Metropolitian ","Fog","Low ",1
"4/03/2022","0:00:00","0:05:00",29,"Buffet ",39,4.8,21,"motorcycle ",0,"No ","Metropolitian ","Windy","Low ",0
"11/02/2022","0:00:00","0:10:00",11,"Drinks ",36,4.9,23,"motorcycle ",1,"No ","Urban ","Sunny","Low ",0
"4/03/2022","21:00:00","21:15:00",40,"Meal ",37,4.1,2,"motorcycle ",1,"No ","Metropolitian ","Stormy","Jam ",1
"27/03/2022","22:10:00","22:25:00",22,"Snack ",33,4.7,23,"motorcycle ",0,"No ","Metropolitian ","Sunny","Low ",1
"1/04/2022","10:50:00","11:05:00",23,"Buffet ",35,4.7,18,"motorcycle ",1,"No ","Metropolitian ","Windy","Low ",1
"29/03/2022","23:45:00","23:55:00",23,"Drinks ",26,4.7,12,"motorcycle ",0,"No ","Metropolitian ","Stormy","Low ",1
"6/04/2022","18:40:00","18:55:00",25,"Snack ",26,4.6,15,"scooter ",2,"No ","Urban ","Cloudy","Medium ",0
"20/03/2022","21:50:00","22:05:00",42,"Buffet ",29,4.7,9,"electric_scooter ",2,"No ","Metropolitian ","Cloudy","Jam ",0
"27/03/2022","17:40:00","17:55:00",28,"Drinks ",30,4.5,9,"motorcycle ",0,"No ","Metropolitian ","Sunny","Medium ",1
"17/03/2022","21:25:00","21:30:00",34,"Buffet ",31,4.7,15,"motorcycle ",0,"No ","Metropolitian ","Cloudy","Jam ",1
"3/04/2022","21:10:00","21:20:00",27,"Snack ",39,4.6,15,"motorcycle ",1,"No ","Urban ","Sandstorms","Jam ",0
"30/03/2022","22:45:00","22:55:00",28,"Snack ",38,4.1,13,"motorcycle ",0,"No ","Metropolitian ","Windy","Low ",1
"19/03/2022","10:20:00","10:35:00",14,"Meal ",21,4.9,7,"scooter ",1,"No ","Metropolitian ","Sandstorms","Low ",1
"16/03/2022","18:40:00","18:50:00",37,"Meal ",31,4.7,13,"scooter ",2,"No ","Metropolitian ","Cloudy","Medium ",2
"27/03/2022","20:40:00","20:45:00",24,"Drinks ",24,4.7,18,"scooter ",1,"No ","Metropolitian ","Sandstorms","Jam ",1
"24/03/2022","8:50:00","9:05:00",11,"Snack ",27,4.7,22,"scooter ",1,"No ","Urban ","Stormy","Low ",0
"15/03/2022","18:45:00","18:55:00",26,"Buffet ",39,4.5,15,"motorcycle ",0,"No ","Metropolitian ","Windy","Medium ",0
"4/04/2022","20:00:00","20:05:00",27,"Meal ",22,4.6,23,"electric_scooter ",2,"No ","Metropolitian ","Stormy","Jam ",0
"17/03/2022","21:40:00","21:45:00",26,"Drinks ",27,4.7,8,"motorcycle ",0,"No ","Metropolitian ","Fog","Jam ",0
"14/02/2022","21:10:00","21:15:00",41,"Drinks ",32,4.5,6,"motorcycle ",0,"No ","Metropolitian ","Fog","Jam ",1
"9/03/2022","22:00:00","22:10:00",33,"Snack ",34,4.7,23,"scooter ",2,"No ","Metropolitian ","Cloudy","Jam ",1
"3/03/2022","8:35:00","8:45:00",24,"Buffet ",21,5,22,"electric_scooter ",2,"No ","Metropolitian ","Sunny","Low ",1
"18/03/2022","18:00:00","18:05:00",18,"Buffet ",35,4.6,2,"scooter ",1,"No ","Metropolitian ","Sunny","Medium ",1
"29/03/2022","19:45:00","19:55:00",40,"Buffet ",31,4,1,"motorcycle ",2,"No ","Metropolitian ","Cloudy","Jam ",1
"13/03/2022","19:25:00","19:30:00",41,"Drinks ",23,3.8,1,"motorcycle ",0,"Yes ","Metropolitian ","Sunny","Jam ",2
"14/03/2022","20:50:00","21:05:00",35,"Snack ",33,4.4,23,"motorcycle ",1,"No ","Metropolitian ","Fog","Jam ",1
"19/03/2022","17:50:00","17:55:00",36,"Buffet ",36,4.6,17,"motorcycle ",0,"No ","Metropolitian ","Windy","Medium ",1
"16/02/2022","17:50:00","18:00:00",27,"Buffet ",21,4.9,2,"motorcycle ",2,"No ","Metropolitian ","Stormy","Medium ",1
"26/03/2022","11:45:00","11:55:00",31,"Buffet ",36,4,3,"motorcycle ",0,"No ","Metropolitian ","Stormy","High ",1
"6/03/2022","20:15:00","20:25:00",27,"Snack ",35,4.7,23,"scooter ",2,"No ","Metropolitian ","Windy","Jam ",1
"28/03/2022","22:55:00","23:05:00",10,"Snack ",29,4.8,9,"scooter ",2,"No ","Metropolitian ","Sandstorms","Low ",0
"5/04/2022","21:50:00","22:05:00",25,"Meal ",38,4.6,15,"motorcycle ",2,"No ","Metropolitian ","Windy","Jam ",0
"11/02/2022","18:25:00","18:30:00",28,"Drinks ",37,4.7,4,"motorcycle ",1,"No ","Metropolitian ","Windy","Medium ",1
"27/03/2022","22:20:00","22:25:00",21,"Meal ",20,4.7,17,"motorcycle ",2,"No ","Metropolitian ","Fog","Low ",0
"26/03/2022","21:00:00","21:05:00",16,"Meal ",37,4.6,23,"scooter ",1,"No ","Metropolitian ","Sunny","Jam ",1
"9/03/2022","9:00:00","9:15:00",25,"Meal ",33,4.2,11,"motorcycle ",0,"No ","Metropolitian ","Sandstorms","Low ",0
"5/03/2022","12:45:00","12:55:00",49,"Buffet ",30,4.2,2,"motorcycle ",0,"Yes ","Metropolitian ","Stormy","High ",3
"17/03/2022","11:20:00","11:30:00",18,"Buffet ",33,4.8,5,"motorcycle ",1,"No ","Metropolitian ","Sunny","High ",1
"2/04/2022","22:10:00","22:25:00",18,"Meal ",22,4.7,9,"scooter ",2,"No ","Metropolitian ","Sandstorms","Low ",1
"17/03/2022","11:30:00","11:35:00",32,"Snack ",32,4.7,14,"electric_scooter ",2,"No ","Metropolitian ","Fog","High ",1
"13/03/2022","8:15:00","8:30:00",18,"Meal ",22,4.9,19,"scooter ",1,"No ","Metropolitian ","Windy","Low ",0
"4/04/2022","21:25:00","21:30:00",27,"Buffet ",21,5,22,"scooter ",1,"No ","Metropolitian ","Sandstorms","Jam ",0
"20/03/2022","17:50:00","17:55:00",30,"Meal ",39,4.8,5,"scooter ",1,"No ","Metropolitian ","Windy","Medium ",0
"13/03/2022","20:45:00","20:55:00",17,"Drinks ",21,4.8,23,"scooter ",2,"No ","Metropolitian ","Sandstorms","Jam ",1
"5/04/2022","17:25:00","17:35:00",20,"Meal ",27,4.9,16,"scooter ",1,"No ","Metropolitian ","Stormy","Medium ",0
"20/03/2022","18:10:00","18:25:00",24,"Meal ",36,4.8,19,"scooter ",1,"No ","Metropolitian ","Stormy","Medium ",1
"31/03/2022","22:50:00","22:55:00",26,"Buffet ",36,5,23,"motorcycle ",0,"No ","Metropolitian ","Sandstorms","Low ",0
"8/03/2022","17:25:00","17:40:00",30,"Meal ",34,4.7,23,"scooter ",2,"No ","Metropolitian ","Sandstorms","Medium ",1
"16/03/2022","18:00:00","18:05:00",32,"Snack ",24,4.8,16,"scooter ",1,"No ","Urban ","Cloudy","Medium ",1
"21/03/2022","16:45:00","17:00:00",14,"Snack ",24,4.7,17,"scooter ",1,"No ","Urban ","Sunny","Medium ",1
"12/02/2022","19:25:00","19:40:00",41,"Snack ",21,4.7,6,"scooter ",1,"No ","Metropolitian ","Fog","Jam ",2
"11/02/2022","10:25:00","10:35:00",28,"Buffet ",29,4,12,"motorcycle ",0,"No ","Metropolitian ","Windy","Low ",1
"17/03/2022","23:55:00","0:05:00",22,"Drinks ",30,4.7,21,"scooter ",1,"No ","Metropolitian ","Stormy","Low ",1
"19/03/2022","23:25:00","23:35:00",26,"Snack ",34,4.9,3,"scooter ",2,"No ","Metropolitian ","Sandstorms","Low ",1
"24/03/2022","23:45:00","23:50:00",13,"Drinks ",27,4.8,15,"motorcycle ",1,"No ","Urban ","Windy","Low ",0
"12/02/2022","17:45:00","17:50:00",27,"Drinks ",38,4.9,19,"scooter ",1,"No ","Urban ","Sandstorms","Medium ",0
"8/03/2022","23:55:00","0:10:00",16,"Buffet ",25,4.7,16,"motorcycle ",0,"No ","Metropolitian ","Sandstorms","Low ",0
"5/03/2022","12:10:00","12:20:00",27,"Drinks ",32,5,17,"scooter ",2,"No ","Metropolitian ","Fog","High ",1
"12/02/2022","17:50:00","18:05:00",26,"Drinks ",35,4.9,5,"scooter ",1,"No ","Metropolitian ","Stormy","Medium ",1
"1/03/2022","10:15:00","10:30:00",11,"Drinks ",27,4.7,22,"motorcycle ",0,"No ","Metropolitian ","Sunny","Low ",1
"15/03/2022","21:40:00","21:50:00",23,"Meal ",21,4.7,16,"scooter ",2,"No ","Metropolitian ","Stormy","Jam ",1
"26/03/2022","20:35:00","20:45:00",28,"Snack ",31,4.6,9,"motorcycle ",1,"No ","Metropolitian ","Fog","Jam ",1
"18/03/2022","23:35:00","23:50:00",37,"Meal ",30,3.9,21,"scooter ",2,"No ","Metropolitian ","Cloudy","Low ",1
"31/03/2022","21:55:00","22:05:00",36,"Snack ",38,4.3,8,"electric_scooter ",2,"No ","Metropolitian ","Cloudy","Jam ",0
"19/03/2022","15:45:00","16:00:00",27,"Drinks ",39,4.7,3,"motorcycle ",0,"No ","Metropolitian ","Cloudy","Medium ",1
"5/03/2022","15:40:00","15:55:00",38,"Meal ",36,5,23,"motorcycle ",0,"No ","Metropolitian ","Stormy","Medium ",1
"3/03/2022","0:00:00","0:05:00",11,"Buffet ",27,4.7,15,"scooter ",2,"No ","Metropolitian ","Fog","Low ",0
"19/03/2022","17:30:00","17:40:00",14,"Drinks ",29,4.7,9,"scooter ",2,"No ","Metropolitian ","Fog","Medium ",0
"9/03/2022","19:10:00","19:20:00",33,"Snack ",35,4.3,18,"scooter ",2,"No ","Metropolitian ","Windy","Jam ",1
"5/03/2022","19:40:00","19:50:00",34,"Drinks ",32,5,13,"motorcycle ",1,"No ","Metropolitian ","Stormy","Jam ",1
"5/03/2022","20:25:00","20:40:00",33,"Meal ",38,4.7,13,"scooter ",1,"No ","Metropolitian ","Stormy","Jam ",1
"11/02/2022","19:10:00","19:25:00",32,"Buffet ",22,4.3,4,"motorcycle ",1,"No ","Metropolitian ","Fog","Jam ",1
"2/04/2022","18:10:00","18:20:00",40,"Meal ",38,5,11,"motorcycle ",0,"No ","Metropolitian ","Stormy","Medium ",1
"14/02/2022","21:25:00","21:35:00",20,"Buffet ",23,4.7,2,"motorcycle ",1,"No ","Metropolitian ","Stormy","Jam ",1
"12/02/2022","21:35:00","21:50:00",53,"Buffet ",34,5,2,"motorcycle ",0,"Yes ","Metropolitian ","Stormy","Jam ",3
"6/03/2022","17:50:00","17:55:00",29,"Meal ",26,4.8,9,"scooter ",2,"No ","Metropolitian ","Sunny","Medium ",1
"4/03/2022","23:50:00","0:05:00",20,"Meal ",32,4.8,18,"scooter ",1,"No ","Metropolitian ","Sandstorms","Low ",1
"6/04/2022","20:15:00","20:30:00",49,"Drinks ",34,4.4,1,"scooter ",1,"No ","Metropolitian ","Cloudy","Jam ",0
"16/03/2022","18:15:00","18:20:00",17,"Meal ",21,4.6,9,"electric_scooter ",2,"No ","Metropolitian ","Stormy","Medium ",1
"3/03/2022","20:55:00","21:10:00",28,"Snack ",34,4.7,9,"motorcycle ",2,"No ","Metropolitian ","Windy","Jam ",1
"5/03/2022","13:55:00","14:05:00",31,"Snack ",32,4.8,23,"motorcycle ",0,"No ","Metropolitian ","Sunny","High ",1
"17/02/2022","19:55:00","20:05:00",29,"Meal ",34,4.9,4,"motorcycle ",0,"No ","Metropolitian ","Sandstorms","Jam ",1
"14/03/2022","18:30:00","18:40:00",49,"Snack ",36,4.9,17,"motorcycle ",0,"No ","Metropolitian ","Stormy","Medium ",0
"11/02/2022","20:50:00","21:00:00",21,"Buffet ",26,4.6,21,"motorcycle ",1,"No ","Urban ","Stormy","Jam ",0
"19/03/2022","11:10:00","11:15:00",27,"Snack ",29,4.7,21,"scooter ",2,"No ","Urban ","Cloudy","High ",1
"3/04/2022","17:35:00","17:40:00",19,"Drinks ",38,4.9,19,"scooter ",1,"No ","Metropolitian ","Fog","Medium ",0
"15/03/2022","18:20:00","18:35:00",25,"Snack ",24,5,16,"scooter ",2,"No ","Urban ","Stormy","Medium ",0
"13/03/2022","19:25:00","19:35:00",39,"Drinks ",35,4.9,17,"motorcycle ",0,"No ","Metropolitian ","Stormy","Jam ",1
"20/03/2022","18:50:00","18:55:00",46,"Snack ",37,4.6,13,"motorcycle ",0,"No ","Metropolitian ","Fog","Medium ",1
"4/03/2022","23:25:00","23:30:00",24,"Meal ",21,5,22,"motorcycle ",0,"No ","Urban ","Stormy","Low ",0
"19/03/2022","17:20:00","17:35:00",24,"Meal ",34,4.9,3,"motorcycle ",1,"No ","Metropolitian ","Sunny","Medium ",1
"19/03/2022","0:00:00","0:05:00",17,"Drinks ",30,4.6,7,"scooter ",2,"No ","Metropolitian ","Cloudy","Low ",0
"12/03/2022","21:50:00","22:00:00",16,"Meal ",24,4.7,18,"motorcycle ",2,"No ","Urban ","Sunny","Jam ",1
"15/02/2022","20:00:00","20:10:00",28,"Buffet ",34,5,16,"motorcycle ",2,"No ","Urban ","Sandstorms","Jam ",1
"3/04/2022","9:50:00","9:55:00",14,"Meal ",21,4.9,22,"scooter ",2,"No ","Metropolitian ","Stormy","Low ",0
"20/03/2022","23:00:00","23:10:00",22,"Buffet ",21,4.7,21,"scooter ",1,"No ","Metropolitian ","Cloudy","Low ",1
"30/03/2022","17:30:00","17:35:00",28,"Drinks ",32,4.8,19,"motorcycle ",0,"No ","Metropolitian ","Sandstorms","Medium ",1
"13/02/2022","15:25:00","15:35:00",16,"Drinks ",34,4.7,8,"motorcycle ",1,"No ","Metropolitian ","Stormy","Medium ",1
"8/03/2022","21:35:00","21:40:00",44,"Buffet ",36,4.6,13,"motorcycle ",0,"No ","Metropolitian ","Sunny","Jam ",1
"14/02/2022","21:40:00","21:50:00",34,"Buffet ",23,4.8,2,"motorcycle ",0,"No ","Metropolitian ","Stormy","Jam ",1
"7/03/2022","17:35:00","17:45:00",15,"Snack ",24,4.8,17,"scooter ",2,"No ","Urban ","Stormy","Medium ",0
"5/04/2022","18:00:00","18:15:00",33,"Snack ",33,4.2,3,"motorcycle ",2,"No ","Metropolitian ","Stormy","Medium ",1
"15/02/2022","19:40:00","19:45:00",20,"Buffet ",20,5,9,"electric_scooter ",2,"No ","Metropolitian ","Windy","Jam ",1
"2/03/2022","22:45:00","22:55:00",19,"Drinks ",33,4.7,12,"scooter ",2,"No ","Metropolitian ","Stormy","Low ",0
"20/03/2022","17:20:00","17:25:00",44,"Snack ",38,4.8,22,"motorcycle ",0,"Yes ","Urban ","Stormy","Medium ",1
"18/02/2022","20:40:00","20:50:00",33,"Meal ",38,4.3,6,"scooter ",2,"No ","Metropolitian ","Fog","Jam ",1
"10/03/2022","22:40:00","22:45:00",25,"Snack ",36,5,22,"motorcycle ",0,"No ","Urban ","Sandstorms","Low ",0
"4/03/2022","18:00:00","18:10:00",25,"Buffet ",29,4.8,16,"motorcycle ",0,"No ","Metropolitian ","Stormy","Medium ",0
"4/04/2022","17:10:00","17:15:00",25,"Meal ",32,4.6,15,"motorcycle ",2,"No ","Urban ","Sandstorms","Medium ",0
"23/03/2022","21:30:00","21:35:00",54,"Buffet ",34,4.6,2,"motorcycle ",0,"No ","Metropolitian ","Fog","Jam ",1
"4/04/2022","20:25:00","20:30:00",46,"Drinks ",33,4.8,3,"motorcycle ",0,"No ","Metropolitian ","Fog","Jam ",3
"14/02/2022","18:45:00","19:00:00",15,"Meal ",24,4.6,4,"motorcycle ",1,"No ","Metropolitian ","Sunny","Medium ",0
"17/02/2022","20:55:00","21:00:00",33,"Snack ",39,4.7,23,"electric_scooter ",2,"No ","Urban ","Stormy","Jam ",1
"18/02/2022","22:10:00","22:20:00",21,"Meal ",39,4.6,4,"scooter ",2,"No ","Metropolitian ","Fog","Low ",1
"31/03/2022","20:30:00","20:40:00",42,"Drinks ",27,4.4,11,"motorcycle ",1,"No ","Metropolitian ","Cloudy","Jam ",2
"3/03/2022","20:40:00","20:50:00",28,"Buffet ",33,4.7,18,"scooter ",2,"No ","Metropolitian ","Fog","Jam ",1
"5/03/2022","8:20:00","8:25:00",16,"Meal ",26,4.7,18,"scooter ",2,"No ","Urban ","Stormy","Low ",0
"6/04/2022","23:45:00","23:55:00",21,"Buffet ",30,4.9,23,"motorcycle ",0,"No ","Metropolitian ","Stormy","Low ",1
"18/03/2022","23:10:00","23:15:00",10,"Drinks ",26,4.9,11,"scooter ",2,"No ","Metropolitian ","Windy","Low ",1
"15/03/2022","19:20:00","19:25:00",26,"Buffet ",32,5,9,"scooter ",2,"No ","Metropolitian ","Sandstorms","Jam ",1
"17/03/2022","20:50:00","20:55:00",25,"Buffet ",39,5,16,"motorcycle ",2,"No ","Metropolitian ","Stormy","Jam ",1
"7/03/2022","20:00:00","20:15:00",29,"Buffet ",21,4.9,14,"motorcycle ",1,"No ","Metropolitian ","Fog","Jam ",0
"23/03/2022","23:50:00","0:05:00",24,"Meal ",29,4.6,23,"motorcycle ",2,"No ","Metropolitian ","Fog","Low ",0
"3/03/2022","10:30:00","10:45:00",21,"Snack ",26,4.9,22,"motorcycle ",0,"No ","Urban ","Fog","Low ",0
"30/03/2022","19:10:00","19:20:00",27,"Buffet ",32,5,22,"electric_scooter ",2,"No ","Metropolitian ","Stormy","Jam ",1
"6/04/2022","22:40:00","22:45:00",24,"Meal ",27,4.6,19,"motorcycle ",0,"No ","Metropolitian ","Cloudy","Low ",0
"20/03/2022","18:50:00","19:00:00",20,"Meal ",20,4.6,21,"motorcycle ",0,"No ","Metropolitian ","Stormy","Medium ",1
"28/03/2022","17:45:00","18:00:00",19,"Buffet ",35,4.7,23,"scooter ",1,"No ","Urban ","Cloudy","Medium ",1
"12/03/2022","20:35:00","20:50:00",47,"Drinks ",36,5,18,"motorcycle ",0,"Yes ","Urban ","Stormy","Jam ",2
"1/03/2022","10:55:00","11:10:00",22,"Snack ",30,4.5,6,"motorcycle ",0,"No ","Urban ","Cloudy","Low ",1
"11/03/2022","23:25:00","23:30:00",23,"Meal ",31,5,21,"scooter ",1,"No ","Metropolitian ","Stormy","Low ",1
"3/04/2022","8:10:00","8:20:00",21,"Drinks ",33,4.7,21,"motorcycle ",0,"No ","Metropolitian ","Cloudy","Low ",1
"3/03/2022","21:15:00","21:30:00",31,"Snack ",33,4.8,19,"scooter ",1,"No ","Metropolitian ","Stormy","Jam ",1
"12/03/2022","22:15:00","22:30:00",20,"Snack ",38,4.8,16,"motorcycle ",0,"No ","Metropolitian ","Windy","Low ",1
"1/03/2022","21:55:00","22:00:00",13,"Drinks ",23,4.6,13,"motorcycle ",1,"No ","Metropolitian ","Stormy","Jam ",1
"8/03/2022","22:20:00","22:30:00",25,"Buffet ",25,4.6,23,"motorcycle ",0,"No ","Metropolitian ","Sunny","Low ",1
"16/03/2022","21:30:00","21:35:00",24,"Meal ",37,4.7,16,"electric_scooter ",2,"No ","Metropolitian ","Sunny","Jam ",1
"27/03/2022","0:00:00","0:15:00",23,"Drinks ",37,4.6,15,"electric_scooter ",2,"No ","Metropolitian ","Stormy","Low ",0
"15/03/2022","17:25:00","17:35:00",25,"Snack ",36,4.7,21,"motorcycle ",0,"No ","Metropolitian ","Fog","Medium ",1
"24/03/2022","10:25:00","10:40:00",16,"Snack ",34,5,13,"motorcycle ",2,"No ","Metropolitian ","Sunny","Low ",0
"5/03/2022","20:50:00","21:05:00",19,"Buffet ",20,4.9,23,"motorcycle ",0,"No ","Metropolitian ","Stormy","Jam ",0
"4/03/2022","20:20:00","20:25:00",22,"Snack ",34,4.7,22,"scooter ",2,"No ","Metropolitian ","Sunny","Jam ",1
"13/03/2022","11:30:00","11:45:00",26,"Buffet ",20,5,16,"scooter ",1,"No ","Metropolitian ","Fog","High ",1
"28/03/2022","22:45:00","23:00:00",18,"Buffet ",38,4.8,12,"scooter ",2,"No ","Metropolitian ","Stormy","Low ",1
"19/03/2022","20:20:00","20:35:00",40,"Drinks ",38,4.3,5,"motorcycle ",0,"No ","Metropolitian ","Windy","Jam ",0
"4/04/2022","21:40:00","21:45:00",42,"Meal ",30,3.7,13,"motorcycle ",2,"No ","Metropolitian ","Stormy","Jam ",2
"26/03/2022","17:30:00","17:40:00",17,"Snack ",21,4.6,23,"motorcycle ",0,"No ","Metropolitian ","Sunny","Medium ",1
"13/02/2022","21:50:00","21:55:00",19,"Drinks ",36,4.7,5,"scooter ",2,"No ","Metropolitian ","Sunny","Jam ",1
"17/02/2022","15:40:00","15:55:00",22,"Meal ",26,4.7,3,"motorcycle ",0,"No ","Metropolitian ","Stormy","Medium ",1
"17/02/2022","15:50:00","16:05:00",25,"Snack ",29,4.9,5,"motorcycle ",0,"No ","Metropolitian ","Sandstorms","Medium ",0
"12/02/2022","21:25:00","21:35:00",48,"Drinks ",27,4.8,7,"motorcycle ",0,"No ","Metropolitian ","Stormy","Jam ",1
"17/03/2022","9:45:00","9:55:00",13,"Buffet ",26,4.9,18,"motorcycle ",1,"No ","Urban ","Cloudy","Low ",0
"13/03/2022","13:00:00","13:05:00",27,"Buffet ",39,4.8,23,"electric_scooter ",2,"No ","Urban ","Windy","High ",1
"7/03/2022","23:45:00","0:00:00",20,"Snack ",38,4.9,22,"motorcycle ",2,"No ","Metropolitian ","Stormy","Low ",1
"1/03/2022","13:55:00","14:05:00",28,"Buffet ",21,4.8,21,"motorcycle ",0,"No ","Metropolitian ","Fog","High ",1
"5/04/2022","20:45:00","20:55:00",30,"Buffet ",37,5,21,"electric_scooter ",2,"No ","Metropolitian ","Cloudy","Jam ",1
"15/02/2022","18:45:00","18:50:00",20,"Snack ",23,4.5,4,"motorcycle ",0,"No ","Metropolitian ","Stormy","Medium ",1
"7/03/2022","18:15:00","18:30:00",20,"Buffet ",25,4.9,9,"motorcycle ",0,"No ","Metropolitian ","Sunny","Medium ",0
"24/03/2022","8:55:00","9:10:00",18,"Snack ",27,4.6,19,"electric_scooter ",2,"No ","Urban ","Cloudy","Low ",1
"17/02/2022","17:40:00","17:50:00",13,"Buffet ",21,4.5,3,"motorcycle ",1,"No ","Urban ","Cloudy","Medium ",1
"14/03/2022","18:25:00","18:40:00",34,"Snack ",36,4.4,23,"scooter ",2,"No ","Metropolitian ","Fog","Medium ",1
"6/04/2022","17:25:00","17:30:00",38,"Snack ",29,4.8,19,"motorcycle ",0,"No ","Metropolitian ","Windy","Medium ",1
"31/03/2022","20:25:00","20:30:00",25,"Buffet ",33,4.9,14,"electric_scooter ",2,"No ","Metropolitian ","Sandstorms","Jam ",0
"15/03/2022","0:00:00","0:10:00",25,"Snack ",33,4.6,9,"motorcycle ",0,"No ","Metropolitian ","Sunny","Low ",1
"12/03/2022","21:00:00","21:10:00",37,"Buffet ",24,4.9,18,"motorcycle ",0,"No ","Metropolitian ","Fog","Jam ",1
"28/03/2022","20:15:00","20:20:00",36,"Buffet ",23,4.4,3,"motorcycle ",0,"No ","Urban ","Sandstorms","Jam ",1
"7/03/2022","10:10:00","10:25:00",23,"Meal ",22,4.3,15,"motorcycle ",0,"No ","Metropolitian ","Stormy","Low ",1
"15/02/2022","19:30:00","19:40:00",28,"Drinks ",24,5,2,"motorcycle ",0,"No ","Metropolitian ","Windy","Jam ",1
"1/03/2022","18:40:00","18:50:00",19,"Drinks ",26,4.8,13,"scooter ",1,"No ","Metropolitian ","Sunny","Medium ",1
"28/03/2022","21:45:00","21:50:00",29,"Meal ",35,5,9,"scooter ",2,"No ","Metropolitian ","Stormy","Jam ",1
"20/03/2022","18:20:00","18:35:00",29,"Meal ",27,4.6,13,"scooter ",2,"No ","Metropolitian ","Cloudy","Medium ",0
"9/03/2022","23:35:00","23:50:00",19,"Meal ",37,4.6,19,"motorcycle ",2,"No ","Metropolitian ","Fog","Low ",1
"19/03/2022","17:30:00","17:40:00",16,"Drinks ",21,4.7,3,"scooter ",1,"No ","Metropolitian ","Fog","Medium ",0
"29/03/2022","21:55:00","22:00:00",41,"Drinks ",37,3.7,6,"motorcycle ",1,"No ","Metropolitian ","Sandstorms","Jam ",2
"14/03/2022","19:40:00","19:55:00",35,"Snack ",34,4.4,23,"motorcycle ",0,"No ","Metropolitian ","Stormy","Jam ",1
"2/03/2022","17:30:00","17:40:00",26,"Drinks ",22,4.9,14,"scooter ",2,"No ","Metropolitian ","Windy","Medium ",1
"4/03/2022","23:35:00","23:50:00",23,"Meal ",34,4.8,22,"electric_scooter ",2,"No ","Urban ","Stormy","Low ",1
"5/04/2022","19:15:00","19:25:00",22,"Drinks ",22,4.7,22,"electric_scooter ",2,"No ","Metropolitian ","Fog","Jam ",0
"19/03/2022","18:20:00","18:35:00",19,"Meal ",27,4.7,3,"motorcycle ",0,"No ","Metropolitian ","Stormy","Medium ",1
"4/04/2022","23:45:00","23:50:00",28,"Meal ",26,4.8,19,"motorcycle ",1,"No ","Metropolitian ","Cloudy","Low ",1
"6/03/2022","23:45:00","23:50:00",42,"Buffet ",21,3.4,7,"scooter ",1,"No ","Metropolitian ","Sunny","Low ",2
"30/03/2022","12:00:00","12:15:00",32,"Buffet ",20,4,1,"scooter ",1,"No ","Metropolitian ","Cloudy","High ",1
"15/03/2022","21:00:00","21:15:00",23,"Buffet ",39,4.9,12,"motorcycle ",0,"No ","Metropolitian ","Sunny","Jam ",1
"26/03/2022","23:20:00","23:30:00",27,"Meal ",35,4.3,18,"motorcycle ",0,"No ","Metropolitian ","Sandstorms","Low ",1
"3/03/2022","21:30:00","21:45:00",15,"Buffet ",32,4.9,18,"electric_scooter ",2,"No ","Metropolitian ","Sunny","Jam ",0
"1/03/2022","17:45:00","17:55:00",31,"Buffet ",34,4,8,"scooter ",1,"No ","Metropolitian ","Stormy","Medium ",1
"4/03/2022","20:25:00","20:30:00",41,"Snack ",31,4.5,23,"scooter ",1,"No ","Metropolitian ","Sandstorms","Jam ",1
"6/04/2022","17:15:00","17:20:00",31,"Meal ",24,4,1,"scooter ",2,"No ","Metropolitian ","Cloudy","Medium ",1
"17/02/2022","10:40:00","10:45:00",25,"Meal ",38,4.6,15,"scooter ",2,"No ","Urban ","Windy","Low ",1
"3/03/2022","18:25:00","18:35:00",16,"Meal ",24,4.7,17,"electric_scooter ",2,"No ","Urban ","Cloudy","Medium ",1
"25/03/2022","19:00:00","19:05:00",21,"Buffet ",26,4.5,22,"motorcycle ",2,"No ","Metropolitian ","Sandstorms","Medium ",0
"4/03/2022","21:15:00","21:30:00",34,"Meal ",34,3.9,6,"scooter ",1,"No ","Metropolitian ","Stormy","Jam ",0
"3/03/2022","21:40:00","21:45:00",28,"Snack ",39,4.8,12,"motorcycle ",0,"No ","Metropolitian ","Sunny","Jam ",0
"15/02/2022","22:35:00","22:50:00",12,"Snack ",25,4.9,21,"scooter ",2,"No ","Urban ","Cloudy","Low ",0
"28/03/2022","8:45:00","9:00:00",15,"Drinks ",23,4.6,14,"scooter ",2,"No ","Metropolitian ","Fog","Low ",1
"4/03/2022","19:50:00","20:00:00",15,"Drinks ",27,4.8,15,"scooter ",2,"No ","Urban ","Stormy","Jam ",0
"1/04/2022","19:15:00","19:20:00",29,"Meal ",24,4.6,1,"motorcycle ",0,"No ","Urban ","Fog","Jam ",1
"12/03/2022","18:30:00","18:35:00",21,"Buffet ",21,4.5,4,"motorcycle ",1,"No ","Urban ","Windy","Medium ",0
"3/03/2022","21:20:00","21:35:00",30,"Snack ",29,4.6,23,"scooter ",1,"No ","Metropolitian ","Fog","Jam ",1
"2/03/2022","18:40:00","18:45:00",25,"Snack ",32,5,19,"scooter ",1,"No ","Metropolitian ","Sandstorms","Medium ",1
"11/03/2022","17:30:00","17:35:00",11,"Snack ",22,4.7,19,"motorcycle ",0,"No ","Metropolitian ","Sandstorms","Medium ",1
"4/04/2022","18:35:00","18:50:00",30,"Snack ",38,4.6,5,"motorcycle ",0,"No ","Metropolitian ","Sunny","Medium ",1
"14/03/2022","19:40:00","19:55:00",35,"Snack ",34,4.4,23,"motorcycle ",0,"No ","Metropolitian ","Stormy","Jam ",1
"3/04/2022","21:25:00","21:30:00",31,"Snack ",32,4,4,"motorcycle ",1,"No ","Metropolitian ","Sandstorms","Jam ",1
"25/03/2022","18:45:00","18:50:00",39,"Meal ",21,4.8,3,"electric_scooter ",2,"No ","Metropolitian ","Fog","Medium ",1
"4/03/2022","21:55:00","22:10:00",29,"Drinks ",32,4.7,21,"motorcycle ",1,"No ","Metropolitian ","Sunny","Jam ",1
"30/03/2022","18:15:00","18:30:00",17,"Snack ",36,4.9,2,"scooter ",2,"No ","Urban ","Cloudy","Medium ",1
"19/03/2022","10:35:00","10:50:00",26,"Drinks ",30,4.2,6,"motorcycle ",0,"No ","Metropolitian ","Stormy","Low ",1
"4/03/2022","21:40:00","21:50:00",44,"Meal ",36,4.8,13,"motorcycle ",0,"No ","Metropolitian ","Stormy","Jam ",1
"29/03/2022","17:55:00","18:05:00",35,"Snack ",33,4.3,3,"scooter ",2,"No ","Metropolitian ","Fog","Medium ",1
"15/02/2022","21:40:00","21:45:00",19,"Snack ",26,4.5,5,"scooter ",1,"No ","Urban ","Windy","Jam ",1
"13/03/2022","10:20:00","10:35:00",18,"Snack ",28,4.7,23,"motorcycle ",1,"No ","Metropolitian ","Windy","Low ",1
"28/03/2022","16:20:00","16:35:00",31,"Snack ",30,4.8,13,"motorcycle ",0,"No ","Metropolitian ","Fog","Medium ",0
"17/03/2022","16:00:00","16:05:00",26,"Buffet ",38,4.8,6,"motorcycle ",0,"No ","Metropolitian ","Stormy","Medium ",0
"2/04/2022","22:20:00","22:35:00",16,"Buffet ",34,4.8,21,"motorcycle ",1,"No ","Metropolitian ","Windy","Low ",0
"6/03/2022","20:10:00","20:15:00",44,"Snack ",21,4.6,21,"scooter ",1,"No ","Metropolitian ","Sunny","Jam ",1
"1/04/2022","12:10:00","12:15:00",33,"Drinks ",36,4.3,7,"motorcycle ",1,"No ","Metropolitian ","Fog","High ",1
"3/03/2022","17:00:00","17:10:00",28,"Buffet ",33,4.8,18,"scooter ",1,"No ","Urban ","Windy","Medium ",0
"18/03/2022","19:40:00","19:50:00",42,"Snack ",35,4.9,18,"electric_scooter ",2,"No ","Metropolitian ","Cloudy","Jam ",2
"25/03/2022","17:55:00","18:10:00",30,"Drinks ",33,4.8,4,"scooter ",2,"No ","Metropolitian ","Stormy","Medium ",1
"14/03/2022","21:50:00","21:55:00",28,"Drinks ",25,4.9,19,"electric_scooter ",2,"No ","Metropolitian ","Sandstorms","Jam ",1
"2/04/2022","19:50:00","20:00:00",36,"Snack ",26,4.8,11,"motorcycle ",1,"No ","Metropolitian ","Fog","Jam ",2
"18/03/2022","23:55:00","0:05:00",20,"Buffet ",24,4.8,3,"motorcycle ",0,"No ","Metropolitian ","Cloudy","Low ",1
"1/04/2022","22:40:00","22:55:00",15,"Drinks ",37,4.7,22,"motorcycle ",1,"No ","Metropolitian ","Cloudy","Low ",1
"1/04/2022","10:00:00","10:15:00",26,"Snack ",21,4.4,9,"motorcycle ",0,"No ","Metropolitian ","Sandstorms","Low ",1
"10/03/2022","22:10:00","22:25:00",22,"Meal ",23,5,19,"motorcycle ",1,"No ","Metropolitian ","Fog","Low ",1
"27/03/2022","21:45:00","21:55:00",43,"Meal ",29,4.8,1,"motorcycle ",0,"No ","Metropolitian ","Cloudy","Jam ",2
"5/04/2022","10:50:00","11:00:00",27,"Buffet ",35,4.9,18,"scooter ",1,"No ","Metropolitian ","Sandstorms","Low ",1
"6/03/2022","21:55:00","22:10:00",16,"Drinks ",26,4.7,16,"scooter ",2,"No ","Urban ","Stormy","Jam ",0
"3/03/2022","9:40:00","9:45:00",24,"Snack ",26,4.5,15,"motorcycle ",0,"No ","Metropolitian ","Fog","Low ",1
"20/03/2022","17:30:00","17:45:00",24,"Drinks ",28,4.8,12,"motorcycle ",0,"No ","Metropolitian ","Windy","Medium ",0
"5/03/2022","9:55:00","10:05:00",25,"Snack ",35,4.6,14,"motorcycle ",0,"No ","Metropolitian ","Sunny","Low ",0
"9/03/2022","12:30:00","12:35:00",28,"Snack ",31,4.6,16,"motorcycle ",0,"No ","Metropolitian ","Sunny","High ",1
"18/02/2022","20:35:00","20:50:00",42,"Meal ",35,3.8,12,"motorcycle ",1,"No ","Metropolitian ","Stormy","Jam ",0
"30/03/2022","22:25:00","22:40:00",18,"Buffet ",27,4.7,3,"motorcycle ",1,"No ","Urban ","Sandstorms","Low ",1
"17/02/2022","22:40:00","22:55:00",25,"Snack ",34,4.9,2,"motorcycle ",1,"No ","Metropolitian ","Stormy","Low ",1
"20/03/2022","21:55:00","22:10:00",37,"Buffet ",29,4.8,3,"motorcycle ",0,"No ","Metropolitian ","Fog","Jam ",1
"11/02/2022","10:40:00","10:55:00",14,"Meal ",20,4.6,4,"motorcycle ",0,"No ","Metropolitian ","Sunny","Low ",0
"15/03/2022","17:20:00","17:35:00",26,"Meal ",24,4.9,23,"motorcycle ",0,"No ","Metropolitian ","Cloudy","Medium ",1
"30/03/2022","10:25:00","10:30:00",18,"Snack ",37,4.9,15,"scooter ",2,"No ","Metropolitian ","Fog","Low ",1
"12/02/2022","21:55:00","22:00:00",42,"Meal ",26,4.9,8,"motorcycle ",0,"No ","Metropolitian ","Stormy","Jam ",2
"13/02/2022","11:50:00","12:05:00",33,"Buffet ",21,4.6,7,"motorcycle ",2,"No ","Metropolitian ","Fog","High ",0
"14/02/2022","22:10:00","22:25:00",24,"Snack ",28,4.8,23,"motorcycle ",0,"No ","Urban ","Sandstorms","Low ",0
"23/03/2022","23:55:00","0:10:00",16,"Drinks ",36,4.9,19,"scooter ",2,"No ","Urban ","Sandstorms","Low ",1
"12/03/2022","18:40:00","18:50:00",24,"Buffet ",21,4.5,3,"motorcycle ",1,"No ","Urban ","Sandstorms","Medium ",0
"26/03/2022","22:30:00","22:45:00",22,"Buffet ",38,4.5,23,"motorcycle ",0,"No ","Metropolitian ","Stormy","Low ",1
"25/03/2022","19:20:00","19:25:00",25,"Snack ",23,5,15,"motorcycle ",2,"No ","Urban ","Windy","Jam ",0
"14/03/2022","20:50:00","20:55:00",46,"Snack ",32,5,23,"scooter ",2,"No ","Urban ","Fog","Jam ",2
"10/03/2022","22:25:00","22:30:00",31,"Drinks ",39,3.6,13,"motorcycle ",1,"No ","Metropolitian ","Cloudy","Low ",1
"28/03/2022","20:40:00","20:50:00",49,"Meal ",23,3.6,6,"motorcycle ",0,"No ","Metropolitian ","Sunny","Jam ",1
"1/03/2022","22:55:00","23:00:00",28,"Meal ",38,5,19,"motorcycle ",0,"No ","Metropolitian ","Fog","Low ",0
"17/02/2022","9:30:00","9:40:00",28,"Meal ",33,4.8,3,"scooter ",1,"No ","Metropolitian ","Stormy","Low ",1
"3/04/2022","18:50:00","19:00:00",28,"Meal ",24,4.6,22,"electric_scooter ",2,"No ","Metropolitian ","Windy","Medium ",1
"6/04/2022","20:10:00","20:15:00",31,"Drinks ",28,5,18,"motorcycle ",0,"No ","Metropolitian ","Sunny","Jam ",1
"10/03/2022","21:40:00","21:55:00",11,"Buffet ",25,4.8,16,"scooter ",1,"No ","Urban ","Sunny","Jam ",1
"6/04/2022","0:00:00","0:10:00",19,"Drinks ",37,4.9,16,"electric_scooter ",2,"No ","Metropolitian ","Sandstorms","Low ",1
"19/03/2022","18:15:00","18:30:00",21,"Buffet ",28,4.9,16,"motorcycle ",0,"No ","Urban ","Sandstorms","Medium ",1
"18/03/2022","17:20:00","17:35:00",34,"Buffet ",25,4.5,17,"motorcycle ",0,"No ","Metropolitian ","Fog","Medium ",1
"6/03/2022","19:20:00","19:30:00",17,"Buffet ",28,4.6,18,"scooter ",1,"No ","Metropolitian ","Windy","Jam ",1
"6/04/2022","19:55:00","20:00:00",40,"Buffet ",28,5,16,"scooter ",2,"No ","Metropolitian ","Fog","Jam ",2
"25/03/2022","22:40:00","22:45:00",38,"Buffet ",24,3.4,4,"scooter ",1,"No ","Metropolitian ","Sunny","Low ",1
"13/03/2022","21:25:00","21:30:00",39,"Buffet ",33,4.9,15,"motorcycle ",1,"No ","Metropolitian ","Fog","Jam ",0
"23/03/2022","22:20:00","22:25:00",23,"Buffet ",36,4.9,22,"motorcycle ",0,"No ","Metropolitian ","Windy","Low ",1
"13/02/2022","18:40:00","18:50:00",31,"Snack ",34,4.7,9,"motorcycle ",0,"No ","Metropolitian ","Sandstorms","Medium ",1
"25/03/2022","20:55:00","21:00:00",45,"Buffet ",28,4.8,4,"motorcycle ",0,"Yes ","Metropolitian ","Cloudy","Jam ",3
"18/03/2022","19:40:00","19:50:00",42,"Snack ",35,4.9,18,"electric_scooter ",2,"No ","Metropolitian ","Cloudy","Jam ",2
"17/03/2022","18:55:00","19:05:00",24,"Drinks ",23,5,15,"motorcycle ",0,"No ","Metropolitian ","Cloudy","Medium ",1
"13/02/2022","11:50:00","12:00:00",21,"Snack ",27,4.9,9,"motorcycle ",1,"No ","Metropolitian ","Fog","High ",1
"13/03/2022","19:55:00","20:10:00",26,"Meal ",24,4.7,15,"motorcycle ",0,"No ","Metropolitian ","Cloudy","Jam ",1
"13/02/2022","21:55:00","22:10:00",30,"Buffet ",34,4.6,15,"motorcycle ",1,"No ","Urban ","Stormy","Jam ",1
"16/03/2022","22:00:00","22:05:00",45,"Meal ",27,4.8,14,"motorcycle ",0,"Yes ","Metropolitian ","Cloudy","Jam ",0
"29/03/2022","17:45:00","17:55:00",31,"Buffet ",30,5,8,"motorcycle ",1,"No ","Metropolitian ","Cloudy","Medium ",1
"3/04/2022","22:25:00","22:40:00",15,"Drinks ",21,4.4,21,"motorcycle ",0,"No ","Metropolitian ","Windy","Low ",0
"5/03/2022","21:50:00","22:05:00",28,"Snack ",32,4.7,19,"motorcycle ",0,"No ","Metropolitian ","Sunny","Jam ",1
"4/03/2022","23:10:00","23:20:00",18,"Buffet ",28,4.7,21,"motorcycle ",0,"No ","Metropolitian ","Sandstorms","Low ",1
"17/03/2022","19:20:00","19:30:00",34,"Meal ",31,4.1,3,"motorcycle ",0,"No ","Metropolitian ","Windy","Jam ",1
"17/02/2022","20:30:00","20:35:00",33,"Meal ",38,4.7,5,"scooter ",1,"No ","Metropolitian ","Fog","Jam ",1
"1/04/2022","8:15:00","8:25:00",25,"Meal ",30,4.5,22,"scooter ",2,"No ","Metropolitian ","Windy","Low ",0
"2/04/2022","21:00:00","21:05:00",54,"Meal ",39,4.4,7,"motorcycle ",0,"No ","Metropolitian ","Sandstorms","Jam ",1
"4/03/2022","19:35:00","19:40:00",42,"Snack ",34,4.7,12,"motorcycle ",0,"No ","Metropolitian ","Fog","Jam ",2
"29/03/2022","18:55:00","19:00:00",22,"Drinks ",35,4.8,15,"motorcycle ",1,"No ","Metropolitian ","Sandstorms","Medium ",1
"3/04/2022","9:20:00","9:30:00",10,"Drinks ",25,4.9,22,"motorcycle ",1,"No ","Metropolitian ","Fog","Low ",0
"19/03/2022","16:55:00","17:05:00",17,"Meal ",22,4.9,3,"motorcycle ",1,"No ","Metropolitian ","Cloudy","Medium ",0
"17/02/2022","18:45:00","19:00:00",10,"Meal ",24,4.6,16,"motorcycle ",1,"No ","Urban ","Cloudy","Medium ",1
"16/03/2022","20:55:00","21:10:00",49,"Snack ",39,4.2,6,"scooter ",1,"No ","Metropolitian ","Cloudy","Jam ",1
"9/03/2022","21:45:00","22:00:00",29,"Drinks ",29,4.5,2,"motorcycle ",0,"No ","Urban ","Stormy","Jam ",1
"14/02/2022","19:00:00","19:05:00",34,"Buffet ",23,4.6,9,"scooter ",2,"No ","Metropolitian ","Stormy","Medium ",1
"18/03/2022","17:55:00","18:05:00",36,"Drinks ",21,4.7,23,"motorcycle ",0,"No ","Metropolitian ","Fog","Medium ",1
"3/04/2022","20:35:00","20:45:00",25,"Snack ",21,5,22,"motorcycle ",0,"No ","Metropolitian ","Fog","Jam ",0
"5/04/2022","9:35:00","9:40:00",24,"Drinks ",20,4.8,15,"motorcycle ",0,"No ","Metropolitian ","Cloudy","Low ",1
"16/02/2022","17:50:00","17:55:00",20,"Meal ",31,4.7,15,"scooter ",1,"No ","Urban ","Sandstorms","Medium ",1
"17/03/2022","15:10:00","15:25:00",31,"Drinks ",34,5,16,"scooter ",1,"No ","Metropolitian ","Windy","Medium ",0
"16/02/2022","21:15:00","21:20:00",35,"Meal ",24,4.6,9,"motorcycle ",0,"No ","Metropolitian ","Fog","Jam ",1
"29/03/2022","20:30:00","20:45:00",25,"Snack ",23,4.5,6,"electric_scooter ",2,"No ","Urban ","Sandstorms","Jam ",0
"8/03/2022","23:25:00","23:35:00",10,"Snack ",24,5,22,"motorcycle ",2,"No ","Urban ","Stormy","Low ",0
"2/03/2022","19:40:00","19:50:00",42,"Drinks ",38,4.1,2,"motorcycle ",0,"No ","Urban ","Sandstorms","Jam ",1
"11/03/2022","21:45:00","21:55:00",26,"Buffet ",35,4.6,13,"motorcycle ",1,"No ","Metropolitian ","Stormy","Jam ",1
"10/03/2022","21:40:00","21:55:00",18,"Snack ",29,4.9,18,"scooter ",2,"No ","Metropolitian ","Stormy","Jam ",0
"5/04/2022","18:30:00","18:35:00",16,"Meal ",35,4.6,21,"scooter ",1,"No ","Metropolitian ","Fog","Medium ",1
"2/03/2022","20:20:00","20:25:00",33,"Drinks ",29,4.9,17,"motorcycle ",0,"No ","Metropolitian ","Windy","Jam ",1
"24/03/2022","14:40:00","14:45:00",32,"Snack ",38,5,5,"motorcycle ",1,"No ","Metropolitian ","Cloudy","High ",1
"1/04/2022","17:25:00","17:30:00",19,"Meal ",24,4.9,23,"motorcycle ",0,"No ","Metropolitian ","Stormy","Medium ",1
"18/02/2022","23:40:00","23:55:00",21,"Drinks ",22,4.6,7,"motorcycle ",0,"No ","Metropolitian ","Fog","Low ",1
"24/03/2022","14:40:00","14:45:00",32,"Snack ",38,5,5,"motorcycle ",1,"No ","Metropolitian ","Cloudy","High ",1
"13/02/2022","9:35:00","9:45:00",24,"Snack ",20,4.8,6,"motorcycle ",0,"No ","Metropolitian ","Fog","Low ",1
"24/03/2022","23:35:00","23:50:00",13,"Meal ",25,4.5,16,"motorcycle ",1,"No ","Metropolitian ","Windy","Low ",0
"9/03/2022","8:10:00","8:25:00",25,"Snack ",25,4.5,16,"motorcycle ",0,"No ","Metropolitian ","Windy","Low ",1
"16/02/2022","17:25:00","17:30:00",33,"Snack ",21,5,2,"scooter ",2,"No ","Metropolitian ","Stormy","Medium ",1
"14/02/2022","17:40:00","17:55:00",39,"Meal ",39,4.1,11,"motorcycle ",0,"No ","Metropolitian ","Stormy","Medium ",2
"23/03/2022","0:00:00","0:15:00",30,"Buffet ",35,5,9,"scooter ",2,"No ","Metropolitian ","Cloudy","Low ",1
"13/02/2022","12:10:00","12:20:00",46,"Meal ",32,4.2,5,"motorcycle ",0,"No ","Metropolitian ","Sandstorms","High ",1
"15/03/2022","10:15:00","10:25:00",22,"Drinks ",29,4.7,12,"motorcycle ",1,"No ","Metropolitian ","Sunny","Low ",0
"14/03/2022","18:35:00","18:50:00",26,"Drinks ",21,4.6,18,"scooter ",2,"No ","Metropolitian ","Stormy","Medium ",1
"7/03/2022","23:35:00","23:50:00",28,"Snack ",39,4,11,"motorcycle ",0,"No ","Metropolitian ","Windy","Low ",1
"4/04/2022","20:20:00","20:35:00",27,"Snack ",24,4.7,23,"motorcycle ",0,"No ","Metropolitian ","Stormy","Jam ",1
"30/03/2022","16:40:00","16:45:00",28,"Meal ",29,4.8,15,"motorcycle ",2,"No ","Metropolitian ","Sandstorms","Medium ",0
"6/03/2022","20:45:00","20:50:00",27,"Buffet ",34,4.6,16,"motorcycle ",2,"No ","Metropolitian ","Stormy","Jam ",1
"18/03/2022","21:55:00","22:10:00",40,"Buffet ",37,4.4,17,"motorcycle ",0,"No ","Metropolitian ","Stormy","Jam ",1
"13/03/2022","17:00:00","17:05:00",16,"Snack ",30,4.7,22,"scooter ",1,"No ","Metropolitian ","Cloudy","Medium ",0
"24/03/2022","20:20:00","20:30:00",24,"Snack ",33,4.7,17,"scooter ",1,"No ","Metropolitian ","Sunny","Jam ",1
"25/03/2022","20:50:00","20:55:00",35,"Meal ",34,4.1,8,"motorcycle ",1,"No ","Metropolitian ","Stormy","Jam ",1
"16/03/2022","20:15:00","20:20:00",36,"Drinks ",26,4.8,13,"electric_scooter ",2,"No ","Metropolitian ","Cloudy","Jam ",0
"19/03/2022","9:00:00","9:05:00",13,"Meal ",30,4.9,12,"scooter ",2,"No ","Metropolitian ","Sunny","Low ",0
"30/03/2022","21:35:00","21:40:00",31,"Snack ",34,4,3,"motorcycle ",1,"No ","Metropolitian ","Windy","Jam ",0
"27/03/2022","19:20:00","19:25:00",48,"Buffet ",33,4.2,7,"motorcycle ",0,"Yes ","Metropolitian ","Windy","Jam ",1
"19/03/2022","21:45:00","21:50:00",25,"Meal ",26,4.9,18,"scooter ",1,"No ","Metropolitian ","Stormy","Jam ",0
"2/03/2022","23:15:00","23:25:00",24,"Drinks ",25,4.7,19,"motorcycle ",0,"No ","Metropolitian ","Fog","Low ",0
"11/02/2022","17:20:00","17:25:00",16,"Buffet ",27,4.6,3,"motorcycle ",0,"No ","Metropolitian ","Sunny","Medium ",0
"11/02/2022","10:40:00","10:50:00",25,"Meal ",34,4.6,6,"scooter ",2,"No ","Metropolitian ","Stormy","Low ",1
"17/03/2022","11:40:00","11:55:00",25,"Snack ",36,4.9,18,"motorcycle ",0,"No ","Urban ","Cloudy","High ",0
"12/03/2022","21:50:00","22:05:00",24,"Snack ",38,4.9,21,"scooter ",1,"No ","Metropolitian ","Sunny","Jam ",1
"30/03/2022","21:30:00","21:40:00",32,"Drinks ",30,4,7,"scooter ",1,"No ","Metropolitian ","Stormy","Jam ",0
"24/03/2022","21:00:00","21:05:00",30,"Buffet ",21,4.7,13,"scooter ",1,"No ","Metropolitian ","Cloudy","Jam ",1
"1/03/2022","19:30:00","19:35:00",49,"Meal ",34,4,3,"motorcycle ",0,"No ","Metropolitian ","Stormy","Jam ",1
"24/03/2022","12:50:00","12:55:00",31,"Meal ",36,4.1,11,"motorcycle ",1,"No ","Metropolitian ","Cloudy","High ",1
"1/04/2022","20:30:00","20:40:00",17,"Drinks ",28,5,19,"scooter ",2,"No ","Metropolitian ","Sunny","Jam ",1
"20/03/2022","22:00:00","22:10:00",15,"Drinks ",20,4.8,14,"scooter ",2,"No ","Metropolitian ","Sunny","Jam ",0
"7/03/2022","20:10:00","20:15:00",28,"Meal ",39,4.5,16,"motorcycle ",0,"No ","Metropolitian ","Sunny","Jam ",0
"2/04/2022","22:40:00","22:50:00",26,"Buffet ",39,4.6,23,"motorcycle ",0,"No ","Metropolitian ","Windy","Low ",1
"11/02/2022","11:50:00","12:00:00",20,"Buffet ",32,4.8,7,"motorcycle ",0,"No ","Metropolitian ","Sunny","High ",0
"13/02/2022","22:35:00","22:40:00",13,"Buffet ",26,5,23,"motorcycle ",2,"No ","Urban ","Cloudy","Low ",1
"24/03/2022","18:40:00","18:45:00",11,"Meal ",26,4.7,19,"motorcycle ",0,"No ","Urban ","Stormy","Medium ",0
"26/03/2022","12:45:00","12:55:00",24,"Drinks ",24,4.8,17,"motorcycle ",0,"No ","Metropolitian ","Stormy","High ",1
"4/04/2022","19:10:00","19:25:00",42,"Buffet ",22,4.3,13,"electric_scooter ",2,"No ","Metropolitian ","Cloudy","Jam ",2
"6/03/2022","20:50:00","20:55:00",43,"Meal ",22,4.2,3,"scooter ",1,"Yes ","Metropolitian ","Fog","Jam ",1
"6/04/2022","17:40:00","17:55:00",37,"Meal ",35,4.4,5,"scooter ",2,"No ","Metropolitian ","Windy","Medium ",1
"25/03/2022","22:20:00","22:30:00",33,"Snack ",35,3.5,13,"scooter ",2,"No ","Metropolitian ","Fog","Low ",1
"2/03/2022","20:00:00","20:10:00",27,"Snack ",22,5,22,"scooter ",2,"No ","Urban ","Windy","Jam ",1
"25/03/2022","21:30:00","21:45:00",17,"Snack ",22,4.7,23,"scooter ",1,"No ","Metropolitian ","Sandstorms","Jam ",1
"16/02/2022","19:55:00","20:00:00",35,"Meal ",34,4.4,6,"scooter ",2,"No ","Metropolitian ","Windy","Jam ",1
"4/04/2022","19:40:00","19:50:00",26,"Meal ",22,5,16,"motorcycle ",2,"No ","Urban ","Sandstorms","Jam ",0
"21/03/2022","15:00:00","15:15:00",15,"Snack ",23,4.9,19,"motorcycle ",2,"No ","Metropolitian ","Windy","High ",0
"27/03/2022","19:40:00","19:50:00",39,"Snack ",21,4.8,19,"motorcycle ",0,"No ","Urban ","Stormy","Jam ",0
"14/03/2022","22:30:00","22:35:00",22,"Meal ",28,4.6,15,"motorcycle ",0,"No ","Metropolitian ","Stormy","Low ",1
"2/03/2022","0:00:00","0:15:00",15,"Drinks ",34,4.5,5,"scooter ",1,"No ","Urban ","Stormy","Low ",1
"14/03/2022","19:50:00","20:05:00",43,"Drinks ",31,4.4,12,"scooter ",1,"No ","Metropolitian ","Fog","Jam ",1
"17/03/2022","10:50:00","11:05:00",19,"Buffet ",25,4.8,19,"scooter ",2,"No ","Urban ","Windy","Low ",1
"13/03/2022","13:00:00","13:05:00",27,"Buffet ",39,4.8,23,"electric_scooter ",2,"No ","Urban ","Windy","High ",1
"6/03/2022","22:55:00","23:10:00",34,"Buffet ",36,3.5,1,"scooter ",2,"No ","Metropolitian ","Sunny","Low ",1
"26/03/2022","8:50:00","9:00:00",21,"Meal ",24,4,19,"motorcycle ",0,"No ","Metropolitian ","Sandstorms","Low ",0
"13/03/2022","8:35:00","8:50:00",29,"Drinks ",20,4.2,2,"motorcycle ",0,"No ","Metropolitian ","Sandstorms","Low ",0
"26/03/2022","23:30:00","23:45:00",12,"Buffet ",21,4.7,23,"scooter ",1,"No ","Urban ","Fog","Low ",1
"5/03/2022","22:15:00","22:30:00",22,"Buffet ",24,4.8,13,"motorcycle ",1,"No ","Metropolitian ","Sunny","Low ",1
"14/03/2022","21:35:00","21:40:00",35,"Drinks ",28,4.8,22,"motorcycle ",0,"No ","Metropolitian ","Fog","Jam ",1
"29/03/2022","19:35:00","19:45:00",35,"Buffet ",31,4.6,3,"motorcycle ",0,"No ","Metropolitian ","Windy","Jam ",1
"6/03/2022","22:30:00","22:40:00",22,"Drinks ",24,4.6,23,"motorcycle ",2,"No ","Metropolitian ","Fog","Low ",1
"11/03/2022","11:35:00","11:40:00",11,"Meal ",26,4.5,22,"motorcycle ",2,"No ","Metropolitian ","Sandstorms","High ",0
"29/03/2022","21:10:00","21:25:00",33,"Drinks ",22,5,13,"scooter ",2,"No ","Metropolitian ","Cloudy","Jam ",1
"6/03/2022","21:00:00","21:15:00",28,"Drinks ",29,4.7,9,"motorcycle ",2,"No ","Metropolitian ","Sandstorms","Jam ",0
"16/02/2022","21:25:00","21:40:00",44,"Buffet ",34,5,5,"scooter ",2,"Yes ","Metropolitian ","Stormy","Jam ",1
"5/04/2022","20:40:00","20:55:00",42,"Drinks ",30,4.2,6,"motorcycle ",0,"No ","Metropolitian ","Stormy","Jam ",1
"14/03/2022","20:10:00","20:15:00",44,"Drinks ",31,3.8,7,"motorcycle ",1,"No ","Metropolitian ","Sandstorms","Jam ",1
"9/03/2022","11:35:00","11:45:00",31,"Meal ",32,4,5,"motorcycle ",0,"No ","Metropolitian ","Fog","High ",1
"28/03/2022","10:55:00","11:05:00",10,"Drinks ",31,4.7,23,"motorcycle ",1,"No ","Urban ","Sunny","Low ",0
"28/03/2022","19:00:00","19:15:00",17,"Snack ",29,4.8,15,"motorcycle ",2,"No ","Urban ","Sunny","Medium ",0
"28/03/2022","23:50:00","0:00:00",15,"Snack ",34,4.7,23,"scooter ",1,"No ","Urban ","Fog","Low ",0
"25/03/2022","0:00:00","0:05:00",34,"Drinks ",39,4.4,7,"motorcycle ",1,"No ","Metropolitian ","Fog","Low ",1
"14/02/2022","23:10:00","23:20:00",35,"Meal ",20,3.1,12,"motorcycle ",1,"No ","Metropolitian ","Sunny","Low ",0
"7/03/2022","12:15:00","12:20:00",18,"Meal ",29,4.6,21,"scooter ",1,"No ","Metropolitian ","Sandstorms","High ",1
"10/03/2022","22:00:00","22:15:00",38,"Buffet ",26,4.2,3,"motorcycle ",1,"No ","Urban ","Cloudy","Jam ",1
"25/03/2022","21:20:00","21:30:00",42,"Buffet ",32,3.9,2,"motorcycle ",2,"Yes ","Metropolitian ","Stormy","Jam ",0
"12/03/2022","22:35:00","22:45:00",16,"Drinks ",36,4.9,22,"scooter ",2,"No ","Urban ","Windy","Low ",1
"24/03/2022","22:25:00","22:35:00",18,"Buffet ",23,4.6,23,"motorcycle ",0,"No ","Metropolitian ","Sunny","Low ",1
"31/03/2022","17:35:00","17:50:00",21,"Buffet ",27,4.6,2,"electric_scooter ",2,"No ","Urban ","Stormy","Medium ",0
"12/02/2022","20:35:00","20:50:00",40,"Drinks ",24,4.2,2,"scooter ",1,"No ","Metropolitian ","Fog","Jam ",1
"24/03/2022","18:45:00","18:55:00",34,"Meal ",38,4.7,3,"scooter ",1,"No ","Metropolitian ","Windy","Medium ",1
"5/04/2022","8:30:00","8:40:00",11,"Drinks ",23,5,15,"motorcycle ",1,"No ","Urban ","Sandstorms","Low ",0
"4/04/2022","19:35:00","19:40:00",33,"Snack ",21,4.6,17,"motorcycle ",0,"No ","Metropolitian ","Windy","Jam ",1
"3/04/2022","8:50:00","8:55:00",15,"Drinks ",25,4.6,23,"motorcycle ",2,"No ","Metropolitian ","Sandstorms","Low ",0
"25/03/2022","23:15:00","23:25:00",22,"Snack ",22,5,17,"motorcycle ",0,"No ","Urban ","Fog","Low ",1
"5/04/2022","17:45:00","18:00:00",25,"Buffet ",20,4.9,15,"scooter ",2,"No ","Metropolitian ","Sandstorms","Medium ",1
"2/04/2022","18:00:00","18:15:00",28,"Snack ",26,5,9,"scooter ",1,"No ","Metropolitian ","Stormy","Medium ",1
"2/03/2022","17:15:00","17:30:00",26,"Snack ",29,4.9,21,"scooter ",1,"No ","Metropolitian ","Stormy","Medium ",1
"3/04/2022","11:10:00","11:15:00",22,"Buffet ",26,4.8,17,"motorcycle ",2,"No ","Urban ","Sandstorms","High ",1
"13/03/2022","23:50:00","23:55:00",19,"Snack ",35,4.8,23,"motorcycle ",2,"No ","Metropolitian ","Sunny","Low ",1
"9/03/2022","12:55:00","13:00:00",11,"Buffet ",26,4.9,17,"scooter ",1,"No ","Urban ","Stormy","High ",1
"18/03/2022","17:10:00","17:15:00",28,"Buffet ",21,4.7,8,"motorcycle ",2,"No ","Metropolitian ","Sandstorms","Medium ",1
"6/04/2022","19:50:00","20:00:00",43,"Drinks ",28,4.1,4,"scooter ",2,"No ","Metropolitian ","Cloudy","Jam ",2
"23/03/2022","18:35:00","18:50:00",24,"Buffet ",28,5,9,"scooter ",1,"No ","Metropolitian ","Sandstorms","Medium ",1
"17/03/2022","11:25:00","11:30:00",18,"Meal ",21,4.9,23,"scooter ",2,"No ","Urban ","Sunny","High ",1
"21/03/2022","9:40:00","9:50:00",28,"Buffet ",37,4.3,6,"motorcycle ",0,"No ","Urban ","Sandstorms","Low ",1
"6/03/2022","18:55:00","19:00:00",29,"Snack ",28,4.8,15,"motorcycle ",0,"No ","Metropolitian ","Sandstorms","Medium ",1
"11/02/2022","19:10:00","19:25:00",16,"Drinks ",25,4.9,23,"motorcycle ",0,"No ","Urban ","Windy","Jam ",1
"21/03/2022","14:45:00","15:00:00",21,"Meal ",27,4.9,19,"scooter ",1,"No ","Urban ","Stormy","High ",0
"2/03/2022","20:30:00","20:35:00",29,"Meal ",26,4.8,23,"scooter ",2,"No ","Urban ","Windy","Jam ",0
"13/02/2022","22:15:00","22:20:00",29,"Snack ",31,4.8,6,"motorcycle ",1,"No ","Metropolitian ","Windy","Low ",1
"3/04/2022","22:20:00","22:25:00",20,"Drinks ",24,4.9,23,"motorcycle ",0,"No ","Metropolitian ","Cloudy","Low ",1
"7/03/2022","13:10:00","13:15:00",31,"Buffet ",32,4.7,9,"scooter ",2,"No ","Metropolitian ","Stormy","High ",1
"14/03/2022","18:25:00","18:30:00",40,"Buffet ",31,4.9,16,"motorcycle ",1,"No ","Metropolitian ","Cloudy","Medium ",0
"29/03/2022","18:20:00","18:30:00",20,"Snack ",34,4.8,9,"scooter ",2,"No ","Metropolitian ","Windy","Medium ",1
"30/03/2022","8:10:00","8:20:00",25,"Meal ",34,4.5,23,"scooter ",1,"No ","Metropolitian ","Windy","Low ",0
"28/03/2022","22:20:00","22:35:00",21,"Buffet ",39,4.8,22,"scooter ",2,"No ","Urban ","Windy","Low ",1
"5/04/2022","18:50:00","18:55:00",12,"Drinks ",26,4.8,22,"motorcycle ",0,"No ","Metropolitian ","Windy","Medium ",0
"24/03/2022","21:10:00","21:15:00",21,"Buffet ",28,5,16,"motorcycle ",2,"No ","Urban ","Fog","Jam ",1
"20/03/2022","17:10:00","17:15:00",39,"Meal ",24,4.1,2,"motorcycle ",0,"No ","Metropolitian ","Windy","Medium ",1
"15/02/2022","21:10:00","21:20:00",39,"Buffet ",27,4.9,6,"motorcycle ",0,"No ","Metropolitian ","Stormy","Jam ",1
"25/03/2022","23:10:00","23:15:00",22,"Buffet ",21,4.7,21,"motorcycle ",0,"No ","Urban ","Fog","Low ",0
"23/03/2022","22:00:00","22:10:00",24,"Buffet ",20,4.7,23,"motorcycle ",2,"No ","Metropolitian ","Sunny","Jam ",1
"23/03/2022","19:15:00","19:25:00",25,"Meal ",29,4.9,9,"motorcycle ",1,"No ","Metropolitian ","Sandstorms","Jam ",1
"4/04/2022","19:00:00","19:05:00",20,"Buffet ",29,4.6,16,"motorcycle ",1,"No ","Metropolitian ","Sandstorms","Medium ",0
"10/03/2022","17:15:00","17:20:00",38,"Drinks ",32,3.9,6,"electric_scooter ",2,"No ","Urban ","Sandstorms","Medium ",2
"24/03/2022","20:20:00","20:30:00",24,"Snack ",33,4.7,17,"scooter ",1,"No ","Metropolitian ","Sunny","Jam ",1
"13/02/2022","17:10:00","17:20:00",17,"Snack ",29,4.6,4,"motorcycle ",0,"No ","Metropolitian ","Sandstorms","Medium ",0
"3/03/2022","16:50:00","16:55:00",27,"Buffet ",31,4.7,19,"scooter ",1,"No ","Metropolitian ","Sandstorms","Medium ",1
"8/03/2022","20:15:00","20:20:00",26,"Snack ",22,4.8,21,"scooter ",2,"No ","Urban ","Stormy","Jam ",1
"11/03/2022","11:10:00","11:15:00",27,"Drinks ",23,4.6,18,"motorcycle ",0,"No ","Metropolitian ","Fog","High ",1
"11/02/2022","9:10:00","9:25:00",20,"Snack ",27,4,1,"motorcycle ",0,"No ","Urban ","Sandstorms","Low ",0
"15/03/2022","9:25:00","9:30:00",17,"Drinks ",25,4.8,22,"motorcycle ",0,"No ","Metropolitian ","Cloudy","Low ",0
"31/03/2022","21:15:00","21:20:00",21,"Drinks ",37,4.8,2,"scooter ",2,"No ","Urban ","Sunny","Jam ",0
"28/03/2022","18:30:00","18:40:00",32,"Buffet ",33,4.6,6,"motorcycle ",1,"No ","Metropolitian ","Windy","Medium ",0
"9/03/2022","16:25:00","16:35:00",30,"Snack ",38,5,23,"motorcycle ",0,"No ","Metropolitian ","Windy","Medium ",0
"1/04/2022","8:30:00","8:35:00",11,"Buffet ",22,4.7,6,"scooter ",1,"No ","Urban ","Sandstorms","Low ",1
"5/04/2022","12:50:00","12:55:00",23,"Buffet ",24,4.7,17,"motorcycle ",1,"No ","Urban ","Fog","High ",1
"10/03/2022","23:35:00","23:40:00",21,"Meal ",32,4.7,21,"scooter ",2,"No ","Metropolitian ","Windy","Low ",0
"11/03/2022","20:15:00","20:30:00",38,"Snack ",26,4.8,23,"motorcycle ",0,"No ","Metropolitian ","Windy","Jam ",1
"17/03/2022","18:25:00","18:30:00",15,"Snack ",32,4.6,5,"electric_scooter ",2,"No ","Metropolitian ","Cloudy","Medium ",0
"11/03/2022","13:10:00","13:15:00",13,"Drinks ",25,4.7,23,"motorcycle ",1,"No ","Metropolitian ","Sunny","High ",0
"29/03/2022","17:25:00","17:35:00",37,"Buffet ",37,4.7,13,"scooter ",2,"No ","Metropolitian ","Fog","Medium ",1
"30/03/2022","17:30:00","17:35:00",23,"Drinks ",24,4.8,3,"scooter ",2,"No ","Urban ","Sandstorms","Medium ",1
"2/04/2022","18:10:00","18:15:00",19,"Snack ",22,4.5,22,"scooter ",1,"No ","Urban ","Sandstorms","Medium ",1
"1/03/2022","11:00:00","11:10:00",19,"Meal ",23,4.9,13,"motorcycle ",1,"No ","Metropolitian ","Stormy","Low ",0
"5/04/2022","8:30:00","8:35:00",12,"Snack ",21,4.6,19,"scooter ",2,"No ","Urban ","Sandstorms","Low ",0
"5/03/2022","20:45:00","20:55:00",26,"Drinks ",37,4.9,23,"motorcycle ",0,"No ","Metropolitian ","Sunny","Jam ",1
"31/03/2022","19:15:00","19:30:00",38,"Buffet ",34,3.8,8,"scooter ",1,"No ","Metropolitian ","Sandstorms","Jam ",1
"11/03/2022","12:30:00","12:45:00",18,"Meal ",23,4.8,23,"electric_scooter ",2,"No ","Urban ","Sandstorms","High ",1
"4/04/2022","20:35:00","20:50:00",40,"Snack ",22,4.2,13,"motorcycle ",2,"Yes ","Metropolitian ","Fog","Jam ",2
"10/03/2022","19:50:00","20:00:00",32,"Snack ",33,3.7,8,"scooter ",1,"No ","Metropolitian ","Sandstorms","Jam ",1
"6/03/2022","18:50:00","19:00:00",34,"Meal ",27,4.8,9,"motorcycle ",0,"No ","Metropolitian ","Sunny","Medium ",2
"14/03/2022","21:30:00","21:40:00",17,"Snack ",20,4.6,9,"motorcycle ",0,"No ","Metropolitian ","Sunny","Jam ",1
"25/03/2022","17:35:00","17:45:00",34,"Drinks ",27,4.6,16,"motorcycle ",0,"No ","Urban ","Cloudy","Medium ",1
"30/03/2022","9:50:00","10:00:00",15,"Snack ",29,4.9,22,"scooter ",1,"No ","Metropolitian ","Stormy","Low ",1
"14/02/2022","18:10:00","18:15:00",21,"Buffet ",32,4.9,9,"scooter ",2,"No ","Metropolitian ","Stormy","Medium ",0
"31/03/2022","17:15:00","17:25:00",16,"Snack ",20,4.6,21,"scooter ",2,"No ","Metropolitian ","Sunny","Medium ",0
"16/02/2022","22:15:00","22:25:00",37,"Snack ",38,4.8,9,"motorcycle ",0,"No ","Metropolitian ","Stormy","Low ",1
"19/03/2022","10:15:00","10:25:00",15,"Drinks ",36,5,6,"scooter ",1,"No ","Metropolitian ","Sunny","Low ",1
"10/03/2022","21:35:00","21:50:00",20,"Meal ",20,4.9,13,"motorcycle ",1,"No ","Metropolitian ","Windy","Jam ",0
"6/04/2022","21:30:00","21:35:00",46,"Drinks ",31,4.2,4,"motorcycle ",0,"No ","Metropolitian ","Windy","Jam ",3
"17/03/2022","13:55:00","14:00:00",15,"Buffet ",36,4.7,17,"scooter ",1,"No ","Urban ","Sunny","High ",1
"17/02/2022","14:25:00","14:30:00",18,"Meal ",24,4.8,16,"scooter ",1,"No ","Urban ","Windy","High ",0
"14/02/2022","17:10:00","17:15:00",20,"Snack ",20,4.8,17,"scooter ",2,"No ","Urban ","Windy","Medium ",1
"17/03/2022","9:35:00","9:50:00",19,"Meal ",35,4.8,23,"motorcycle ",1,"No ","Metropolitian ","Sunny","Low ",1
"8/03/2022","22:15:00","22:30:00",20,"Snack ",38,4.9,12,"motorcycle ",0,"No ","Metropolitian ","Windy","Low ",1
"20/03/2022","18:40:00","18:50:00",39,"Snack ",33,4.2,3,"motorcycle ",2,"Yes ","Metropolitian ","Sandstorms","Medium ",1
"11/02/2022","13:15:00","13:25:00",28,"Snack ",25,4.8,6,"motorcycle ",1,"No ","Metropolitian ","Windy","High ",1
"21/03/2022","11:30:00","11:40:00",24,"Drinks ",32,4.6,19,"motorcycle ",1,"No ","Metropolitian ","Sunny","High ",1
"9/03/2022","22:25:00","22:30:00",27,"Snack ",33,4.8,14,"motorcycle ",1,"No ","Metropolitian ","Windy","Low ",1
"15/03/2022","9:35:00","9:40:00",20,"Snack ",36,4.7,18,"scooter ",2,"No ","Metropolitian ","Windy","Low ",1
"17/02/2022","15:40:00","15:45:00",16,"Buffet ",34,4.7,23,"scooter ",1,"No ","Urban ","Cloudy","Medium ",1
"8/03/2022","20:50:00","21:05:00",48,"Buffet ",30,5,13,"motorcycle ",0,"Yes ","Metropolitian ","Fog","Jam ",2
"13/02/2022","20:15:00","20:20:00",33,"Buffet ",37,4.6,9,"scooter ",2,"No ","Metropolitian ","Stormy","Jam ",1
"16/03/2022","21:35:00","21:45:00",27,"Drinks ",22,4.6,21,"scooter ",1,"No ","Metropolitian ","Windy","Jam ",0
"1/04/2022","16:55:00","17:00:00",23,"Snack ",28,4.6,19,"motorcycle ",2,"No ","Metropolitian ","Sandstorms","Medium ",0
"6/04/2022","22:40:00","22:45:00",19,"Snack ",37,4.7,19,"scooter ",2,"No ","Metropolitian ","Sandstorms","Low ",0
"15/03/2022","8:10:00","8:15:00",13,"Drinks ",26,4.8,15,"scooter ",1,"No ","Urban ","Fog","Low ",0
"7/03/2022","13:20:00","13:25:00",26,"Snack ",33,4.8,19,"motorcycle ",1,"No ","Urban ","Stormy","High ",1
"21/03/2022","8:25:00","8:40:00",15,"Meal ",33,4.7,22,"motorcycle ",1,"No ","Metropolitian ","Cloudy","Low ",1
"5/03/2022","17:55:00","18:05:00",19,"Snack ",34,4.5,23,"scooter ",1,"No ","Metropolitian ","Fog","Medium ",0
"24/03/2022","21:30:00","21:45:00",29,"Buffet ",27,4.7,2,"motorcycle ",1,"No ","Metropolitian ","Windy","Jam ",0
"14/03/2022","19:20:00","19:35:00",17,"Meal ",26,4.7,19,"electric_scooter ",2,"No ","Urban ","Sandstorms","Jam ",1
"8/03/2022","20:20:00","20:30:00",29,"Snack ",29,4.9,19,"motorcycle ",1,"No ","Urban ","Sandstorms","Jam ",1
"31/03/2022","21:35:00","21:50:00",19,"Meal ",27,4.6,9,"motorcycle ",1,"No ","Metropolitian ","Windy","Jam ",0
"20/03/2022","20:20:00","20:25:00",21,"Drinks ",25,4.9,23,"motorcycle ",1,"No ","Urban ","Stormy","Jam ",0
"17/02/2022","18:10:00","18:20:00",27,"Snack ",21,4.6,3,"electric_scooter ",2,"No ","Metropolitian ","Windy","Medium ",1
"11/02/2022","21:10:00","21:25:00",30,"Buffet ",26,4.6,4,"electric_scooter ",2,"No ","Metropolitian ","Fog","Jam ",0
"31/03/2022","20:30:00","20:45:00",27,"Meal ",29,5,18,"motorcycle ",1,"No ","Urban ","Windy","Jam ",0
"23/03/2022","23:30:00","23:45:00",25,"Drinks ",25,4.6,9,"scooter ",2,"No ","Metropolitian ","Fog","Low ",1
"27/03/2022","17:40:00","17:45:00",40,"Snack ",38,5,7,"motorcycle ",0,"No ","Metropolitian ","Stormy","Medium ",2
"12/03/2022","20:40:00","20:55:00",29,"Buffet ",39,4.8,14,"scooter ",1,"No ","Metropolitian ","Windy","Jam ",1
"3/03/2022","13:35:00","13:50:00",26,"Snack ",31,5,15,"electric_scooter ",2,"No ","Metropolitian ","Stormy","High ",1
"16/02/2022","23:55:00","0:05:00",37,"Snack ",35,4.2,7,"motorcycle ",0,"No ","Metropolitian ","Stormy","Low ",2
"5/03/2022","22:35:00","22:45:00",19,"Drinks ",39,4.9,9,"motorcycle ",1,"No ","Metropolitian ","Fog","Low ",0
"6/04/2022","23:40:00","23:50:00",18,"Buffet ",32,4.6,23,"motorcycle ",1,"No ","Urban ","Stormy","Low ",0
"6/04/2022","21:55:00","22:00:00",18,"Buffet ",28,4.6,22,"scooter ",1,"No ","Metropolitian ","Sunny","Jam ",1
"2/03/2022","19:40:00","19:45:00",49,"Drinks ",39,4.9,18,"scooter ",2,"No ","Metropolitian ","Stormy","Jam ",0
"9/03/2022","14:55:00","15:00:00",32,"Buffet ",34,4.9,13,"motorcycle ",1,"No ","Metropolitian ","Stormy","High ",1
"26/03/2022","17:10:00","17:20:00",19,"Meal ",33,4.9,9,"scooter ",2,"No ","Metropolitian ","Cloudy","Medium ",1
"1/03/2022","22:15:00","22:20:00",20,"Snack ",34,4.6,17,"motorcycle ",0,"No ","Metropolitian ","Stormy","Low ",1
"30/03/2022","19:40:00","19:50:00",18,"Meal ",27,4.9,19,"scooter ",2,"No ","Metropolitian ","Sunny","Jam ",1
"17/03/2022","20:30:00","20:35:00",16,"Buffet ",38,4.6,13,"motorcycle ",1,"No ","Metropolitian ","Sunny","Jam ",0
"16/03/2022","22:55:00","23:05:00",23,"Buffet ",35,4.7,17,"motorcycle ",2,"No ","Metropolitian ","Windy","Low ",1
"23/03/2022","22:50:00","23:05:00",25,"Meal ",34,4.7,23,"motorcycle ",0,"No ","Metropolitian ","Sunny","Low ",0
"5/04/2022","18:35:00","18:45:00",24,"Meal ",25,4.7,22,"motorcycle ",0,"No ","Metropolitian ","Cloudy","Medium ",0
"15/02/2022","22:10:00","22:20:00",24,"Buffet ",39,4.5,1,"scooter ",1,"No ","Urban ","Stormy","Low ",1
"15/02/2022","10:50:00","11:00:00",17,"Snack ",22,4.8,6,"motorcycle ",1,"No ","Metropolitian ","Sunny","Low ",1
"29/03/2022","18:45:00","18:50:00",26,"Buffet ",23,4.6,21,"motorcycle ",0,"No ","Metropolitian ","Sunny","Medium ",0
"11/02/2022","10:10:00","10:15:00",24,"Drinks ",21,4.8,6,"motorcycle ",0,"No ","Metropolitian ","Stormy","Low ",1
"11/02/2022","20:30:00","20:45:00",25,"Drinks ",39,4.5,7,"scooter ",2,"No ","Metropolitian ","Sandstorms","Jam ",1
"8/03/2022","17:20:00","17:35:00",25,"Drinks ",22,4.6,18,"motorcycle ",1,"No ","Metropolitian ","Windy","Medium ",1
"19/03/2022","21:55:00","22:05:00",28,"Snack ",33,4.6,21,"motorcycle ",1,"No ","Urban ","Fog","Jam ",0
"15/03/2022","17:25:00","17:30:00",34,"Meal ",39,4,7,"scooter ",1,"No ","Metropolitian ","Windy","Medium ",1
"31/03/2022","17:40:00","17:55:00",33,"Buffet ",33,4.2,6,"scooter ",1,"No ","Metropolitian ","Fog","Medium ",0
"1/04/2022","11:55:00","12:10:00",28,"Drinks ",23,4.9,9,"motorcycle ",0,"No ","Metropolitian ","Stormy","High ",0
"15/03/2022","10:00:00","10:10:00",13,"Meal ",21,4.9,17,"motorcycle ",0,"No ","Urban ","Sunny","Low ",0
"18/02/2022","22:35:00","22:40:00",23,"Drinks ",38,4.8,5,"motorcycle ",0,"No ","Metropolitian ","Sunny","Low ",0
"15/03/2022","9:50:00","10:05:00",18,"Drinks ",21,4.9,9,"motorcycle ",0,"No ","Metropolitian ","Fog","Low ",0
"2/03/2022","22:00:00","22:15:00",34,"Buffet ",25,5,21,"scooter ",1,"No ","Metropolitian ","Fog","Jam ",1
"23/03/2022","17:15:00","17:20:00",41,"Drinks ",32,4.9,8,"motorcycle ",0,"No ","Metropolitian ","Cloudy","Medium ",0
"13/02/2022","16:20:00","16:25:00",19,"Meal ",28,4.8,7,"scooter ",1,"No ","Metropolitian ","Fog","Medium ",0
"1/04/2022","23:00:00","23:15:00",23,"Buffet ",22,5,19,"scooter ",2,"No ","Urban ","Sunny","Low ",0
"11/02/2022","18:35:00","18:50:00",17,"Meal ",30,4.7,2,"scooter ",1,"No ","Metropolitian ","Stormy","Medium ",0
"17/02/2022","18:45:00","18:55:00",34,"Meal ",36,4.2,2,"motorcycle ",2,"No ","Metropolitian ","Sandstorms","Medium ",1
"14/03/2022","19:50:00","20:00:00",48,"Buffet ",21,4.5,23,"motorcycle ",0,"No ","Metropolitian ","Fog","Jam ",1
"3/03/2022","10:20:00","10:30:00",21,"Drinks ",35,4.5,17,"scooter ",2,"No ","Metropolitian ","Sandstorms","Low ",0
"11/03/2022","8:15:00","8:25:00",29,"Meal ",35,4.6,22,"scooter ",1,"No ","Metropolitian ","Stormy","Low ",0
"15/03/2022","21:45:00","22:00:00",26,"Meal ",27,4.5,3,"scooter ",1,"No ","Urban ","Fog","Jam ",0
"17/03/2022","23:35:00","23:45:00",15,"Snack ",29,4,13,"motorcycle ",0,"No ","Metropolitian ","Windy","Low ",1
"4/03/2022","20:40:00","20:50:00",35,"Snack ",30,4.1,6,"scooter ",2,"No ","Metropolitian ","Stormy","Jam ",1
"16/02/2022","19:25:00","19:40:00",35,"Buffet ",29,4.9,4,"motorcycle ",1,"No ","Metropolitian ","Fog","Jam ",1
"2/04/2022","23:00:00","23:05:00",29,"Buffet ",23,4.8,6,"motorcycle ",0,"No ","Metropolitian ","Sunny","Low ",1
"8/03/2022","17:40:00","17:55:00",24,"Meal ",24,4.9,19,"scooter ",2,"No ","Metropolitian ","Stormy","Medium ",0
"18/03/2022","21:50:00","22:05:00",32,"Snack ",38,3.5,18,"motorcycle ",1,"No ","Metropolitian ","Stormy","Jam ",1
"13/02/2022","19:45:00","19:50:00",21,"Drinks ",27,4.5,4,"scooter ",1,"No ","Metropolitian ","Sandstorms","Jam ",1
"7/03/2022","11:35:00","11:40:00",34,"Drinks ",34,4.8,22,"motorcycle ",0,"No ","Metropolitian ","Fog","High ",1
"9/03/2022","23:20:00","23:25:00",19,"Meal ",33,4.7,14,"motorcycle ",1,"No ","Metropolitian ","Cloudy","Low ",0
"13/03/2022","19:50:00","19:55:00",34,"Snack ",35,4.9,9,"scooter ",1,"No ","Metropolitian ","Cloudy","Jam ",1
"28/03/2022","17:40:00","17:45:00",27,"Drinks ",23,4.7,23,"motorcycle ",1,"No ","Metropolitian ","Windy","Medium ",1
"5/04/2022","16:30:00","16:40:00",34,"Buffet ",32,4.4,1,"motorcycle ",0,"No ","Metropolitian ","Fog","Medium ",0
"28/03/2022","19:10:00","19:15:00",31,"Snack ",38,4.6,6,"motorcycle ",1,"No ","Metropolitian ","Fog","Jam ",1
"1/03/2022","23:10:00","23:25:00",22,"Buffet ",32,4.8,22,"scooter ",1,"No ","Urban ","Sandstorms","Low ",0
"2/03/2022","19:35:00","19:50:00",17,"Snack ",29,4.9,21,"motorcycle ",2,"No ","Metropolitian ","Sandstorms","Jam ",1
"26/03/2022","16:50:00","16:55:00",15,"Buffet ",20,5,23,"scooter ",2,"No ","Metropolitian ","Fog","Medium ",1
"5/03/2022","9:25:00","9:30:00",15,"Snack ",38,4.9,18,"motorcycle ",1,"No ","Metropolitian ","Sunny","Low ",0
"10/03/2022","17:40:00","17:50:00",28,"Snack ",26,4.8,21,"motorcycle ",0,"No ","Urban ","Sunny","Medium ",1
"11/03/2022","11:35:00","11:45:00",20,"Buffet ",32,4.9,19,"motorcycle ",0,"No ","Metropolitian ","Sunny","High ",1
"11/02/2022","18:35:00","18:45:00",22,"Buffet ",36,5,6,"motorcycle ",0,"No ","Metropolitian ","Sunny","Medium ",1
"6/03/2022","19:15:00","19:30:00",38,"Snack ",29,4.9,23,"motorcycle ",1,"No ","Metropolitian ","Sunny","Jam ",1
"28/03/2022","8:55:00","9:05:00",18,"Snack ",32,4.6,18,"motorcycle ",1,"No ","Metropolitian ","Fog","Low ",1
"20/03/2022","22:50:00","22:55:00",34,"Meal ",36,3.3,13,"motorcycle ",0,"No ","Metropolitian ","Sunny","Low ",2
"5/04/2022","15:10:00","15:15:00",30,"Snack ",34,4.7,17,"motorcycle ",2,"No ","Metropolitian ","Windy","Medium ",1
"19/03/2022","19:55:00","20:10:00",27,"Meal ",34,5,16,"motorcycle ",0,"No ","Urban ","Sunny","Jam ",1
"9/03/2022","23:40:00","23:55:00",16,"Snack ",21,4.9,18,"motorcycle ",1,"No ","Metropolitian ","Sunny","Low ",0
"13/03/2022","22:20:00","22:25:00",27,"Buffet ",31,4,1,"motorcycle ",0,"No ","Metropolitian ","Stormy","Low ",1
"6/04/2022","23:50:00","23:55:00",15,"Buffet ",35,5,23,"scooter ",2,"No ","Metropolitian ","Sandstorms","Low ",1
"21/03/2022","8:30:00","8:45:00",26,"Buffet ",31,5,23,"motorcycle ",0,"No ","Metropolitian ","Sunny","Low ",1
"26/03/2022","21:50:00","21:55:00",23,"Buffet ",21,4.6,16,"scooter ",1,"No ","Metropolitian ","Windy","Jam ",1
"1/03/2022","16:15:00","16:25:00",11,"Drinks ",23,4.6,17,"motorcycle ",1,"No ","Urban ","Sunny","Medium ",0
"19/03/2022","10:25:00","10:40:00",22,"Drinks ",29,4.3,9,"motorcycle ",0,"No ","Metropolitian ","Stormy","Low ",1
"12/02/2022","22:25:00","22:30:00",25,"Snack ",31,4.7,5,"scooter ",2,"No ","Metropolitian ","Windy","Low ",1
"24/03/2022","10:10:00","10:15:00",22,"Meal ",27,4.4,12,"motorcycle ",0,"No ","Metropolitian ","Windy","Low ",1
"18/03/2022","21:45:00","21:50:00",22,"Drinks ",21,4.7,8,"motorcycle ",1,"No ","Metropolitian ","Stormy","Jam ",1
"30/03/2022","18:10:00","18:20:00",15,"Drinks ",29,4.6,13,"scooter ",2,"No ","Metropolitian ","Fog","Medium ",0
"1/03/2022","23:45:00","0:00:00",23,"Meal ",39,4.6,21,"motorcycle ",0,"No ","Metropolitian ","Sunny","Low ",1
"5/04/2022","9:55:00","10:10:00",26,"Drinks ",32,4.8,23,"motorcycle ",0,"No ","Metropolitian ","Sunny","Low ",1
"3/04/2022","21:10:00","21:15:00",26,"Drinks ",38,4.6,21,"motorcycle ",0,"No ","Metropolitian ","Fog","Jam ",1
"18/03/2022","20:45:00","20:55:00",43,"Meal ",37,4.7,18,"motorcycle ",0,"Yes ","Metropolitian ","Fog","Jam ",1
"29/03/2022","22:30:00","22:45:00",27,"Snack ",30,4.9,3,"motorcycle ",0,"No ","Urban ","Windy","Low ",1
"24/03/2022","13:20:00","13:30:00",20,"Meal ",21,4.7,15,"motorcycle ",1,"No ","Urban ","Stormy","High ",1
"25/03/2022","22:20:00","22:30:00",27,"Buffet ",31,4.6,23,"scooter ",1,"No ","Urban ","Sunny","Low ",0
"5/04/2022","13:10:00","13:20:00",27,"Meal ",34,4.5,6,"motorcycle ",1,"No ","Metropolitian ","Windy","High ",1
"24/03/2022","19:40:00","19:50:00",31,"Buffet ",28,4.3,11,"motorcycle ",0,"No ","Metropolitian ","Windy","Jam ",0
"13/02/2022","12:00:00","12:10:00",30,"Drinks ",36,4.7,2,"motorcycle ",1,"No ","Metropolitian ","Stormy","High ",1
"2/04/2022","23:55:00","0:00:00",27,"Meal ",34,4.8,18,"electric_scooter ",2,"No ","Metropolitian ","Stormy","Low ",1
"8/03/2022","23:50:00","23:55:00",20,"Buffet ",36,4.5,1,"motorcycle ",0,"No ","Urban ","Stormy","Low ",1
"11/03/2022","10:55:00","11:10:00",28,"Meal ",22,4.3,6,"motorcycle ",0,"No ","Urban ","Sandstorms","Low ",1
"30/03/2022","18:40:00","18:55:00",14,"Meal ",20,4.5,1,"motorcycle ",2,"No ","Urban ","Fog","Medium ",0
"16/03/2022","23:50:00","0:00:00",29,"Buffet ",34,5,9,"scooter ",1,"No ","Metropolitian ","Sunny","Low ",1
"24/03/2022","10:25:00","10:30:00",19,"Drinks ",28,4.6,21,"scooter ",1,"No ","Metropolitian ","Fog","Low ",1
"11/02/2022","17:25:00","17:40:00",22,"Buffet ",26,4.8,4,"electric_scooter ",2,"No ","Metropolitian ","Sandstorms","Medium ",0
"7/03/2022","9:55:00","10:10:00",19,"Drinks ",27,4.8,21,"scooter ",1,"No ","Metropolitian ","Stormy","Low ",0
"14/03/2022","20:15:00","20:20:00",51,"Meal ",38,4,4,"motorcycle ",0,"No ","Metropolitian ","Stormy","Jam ",1
"1/03/2022","21:35:00","21:45:00",25,"Drinks ",24,4.9,21,"scooter ",1,"No ","Metropolitian ","Sandstorms","Jam ",0
"23/03/2022","19:55:00","20:10:00",45,"Buffet ",39,4.8,11,"motorcycle ",0,"No ","Metropolitian ","Windy","Jam ",1
"6/04/2022","22:35:00","22:50:00",13,"Meal ",24,4.5,3,"electric_scooter ",2,"No ","Metropolitian ","Stormy","Low ",0
"5/04/2022","11:20:00","11:30:00",26,"Snack ",30,4.6,18,"motorcycle ",0,"No ","Metropolitian ","Cloudy","High ",1
"8/03/2022","18:55:00","19:00:00",40,"Meal ",33,4.6,21,"electric_scooter ",2,"No ","Metropolitian ","Fog","Medium ",0
"14/02/2022","17:40:00","17:55:00",38,"Drinks ",35,3.6,2,"scooter ",1,"No ","Urban ","Sandstorms","Medium ",0
"1/03/2022","9:45:00","9:50:00",21,"Meal ",26,4.2,4,"motorcycle ",0,"No ","Metropolitian ","Stormy","Low ",1
"27/03/2022","18:30:00","18:35:00",31,"Buffet ",34,4.2,13,"motorcycle ",1,"No ","Metropolitian ","Cloudy","Medium ",0
"11/02/2022","11:00:00","11:05:00",17,"Snack ",36,4.7,3,"scooter ",1,"No ","Metropolitian ","Stormy","Low ",1
"23/03/2022","22:30:00","22:35:00",31,"Buffet ",37,4.1,4,"electric_scooter ",2,"No ","Urban ","Fog","Low ",1
"3/04/2022","11:10:00","11:15:00",14,"Buffet ",23,5,23,"scooter ",2,"No ","Urban ","Sunny","High ",0
"24/03/2022","9:45:00","10:00:00",16,"Buffet ",29,4.6,16,"motorcycle ",0,"No ","Urban ","Cloudy","Low ",0
"19/03/2022","9:30:00","9:35:00",18,"Buffet ",38,4.6,9,"scooter ",2,"No ","Metropolitian ","Fog","Low ",1
"20/03/2022","21:35:00","21:40:00",52,"Meal ",31,4.5,3,"motorcycle ",0,"Yes ","Metropolitian ","Fog","Jam ",1
"29/03/2022","19:55:00","20:10:00",40,"Snack ",35,4.6,3,"motorcycle ",0,"No ","Metropolitian ","Cloudy","Jam ",2
"26/03/2022","11:10:00","11:20:00",34,"Meal ",32,4.6,2,"motorcycle ",0,"No ","Metropolitian ","Fog","High ",1
"9/03/2022","12:55:00","13:05:00",22,"Snack ",32,4.6,15,"scooter ",1,"No ","Metropolitian ","Sunny","High ",0
"13/03/2022","15:40:00","15:55:00",15,"Meal ",37,4.9,23,"motorcycle ",1,"No ","Metropolitian ","Cloudy","Medium ",1
"24/03/2022","18:25:00","18:35:00",31,"Drinks ",35,5,8,"motorcycle ",0,"No ","Metropolitian ","Sandstorms","Medium ",1
"3/04/2022","8:40:00","8:45:00",18,"Meal ",24,4,4,"motorcycle ",0,"No ","Urban ","Sandstorms","Low ",1
"11/02/2022","21:00:00","21:15:00",26,"Drinks ",35,4.7,2,"motorcycle ",2,"No ","Metropolitian ","Stormy","Jam ",1
"11/03/2022","22:15:00","22:20:00",28,"Drinks ",35,4.9,23,"motorcycle ",0,"No ","Metropolitian ","Fog","Low ",0
"12/03/2022","22:15:00","22:20:00",15,"Drinks ",22,4.7,13,"scooter ",1,"No ","Metropolitian ","Windy","Low ",1
"9/03/2022","21:10:00","21:15:00",26,"Meal ",26,4.8,23,"scooter ",2,"No ","Metropolitian ","Windy","Jam ",1
"10/03/2022","22:45:00","23:00:00",18,"Snack ",24,4.6,9,"scooter ",1,"No ","Metropolitian ","Windy","Low ",1
"9/03/2022","8:45:00","9:00:00",26,"Snack ",24,4.1,3,"motorcycle ",0,"No ","Metropolitian ","Sandstorms","Low ",1
"15/03/2022","17:20:00","17:35:00",25,"Meal ",23,4.7,18,"motorcycle ",0,"No ","Metropolitian ","Windy","Medium ",1
"9/03/2022","18:25:00","18:35:00",25,"Snack ",30,4.8,23,"motorcycle ",2,"No ","Metropolitian ","Windy","Medium ",0
"26/03/2022","16:10:00","16:20:00",25,"Drinks ",32,4.6,9,"motorcycle ",0,"No ","Metropolitian ","Stormy","Medium ",1
"14/03/2022","23:45:00","0:00:00",25,"Buffet ",29,5,22,"scooter ",1,"No ","Urban ","Sunny","Low ",1
"16/02/2022","20:20:00","20:35:00",38,"Buffet ",34,4.7,2,"electric_scooter ",2,"No ","Metropolitian ","Stormy","Jam ",2
"9/03/2022","17:10:00","17:15:00",24,"Drinks ",26,4.6,23,"motorcycle ",1,"No ","Metropolitian ","Sandstorms","Medium ",1
"5/03/2022","18:45:00","18:50:00",28,"Buffet ",27,4.5,16,"motorcycle ",0,"No ","Metropolitian ","Stormy","Medium ",1
"3/03/2022","20:15:00","20:20:00",31,"Drinks ",37,4.6,21,"scooter ",1,"No ","Metropolitian ","Stormy","Jam ",1
"9/03/2022","11:40:00","11:55:00",35,"Meal ",37,5,21,"motorcycle ",0,"No ","Metropolitian ","Stormy","High ",1
"9/03/2022","18:15:00","18:25:00",21,"Drinks ",31,4.6,23,"motorcycle ",0,"No ","Metropolitian ","Sunny","Medium ",1
"12/03/2022","23:45:00","23:55:00",27,"Snack ",28,4.9,18,"motorcycle ",0,"No ","Metropolitian ","Sunny","Low ",1
"1/04/2022","21:45:00","22:00:00",25,"Buffet ",35,4.9,9,"motorcycle ",1,"No ","Metropolitian ","Windy","Jam ",1
"5/04/2022","18:30:00","18:35:00",20,"Drinks ",26,4.7,23,"electric_scooter ",2,"No ","Metropolitian ","Sandstorms","Medium ",0
"20/03/2022","18:00:00","18:10:00",44,"Drinks ",37,4.1,7,"scooter ",2,"No ","Metropolitian ","Cloudy","Medium ",2
"13/02/2022","23:50:00","0:05:00",20,"Snack ",29,4.9,9,"motorcycle ",0,"No ","Metropolitian ","Fog","Low ",1
"6/04/2022","19:30:00","19:40:00",40,"Drinks ",29,5,17,"electric_scooter ",2,"No ","Metropolitian ","Fog","Jam ",1
"1/04/2022","19:00:00","19:05:00",23,"Meal ",33,4.7,9,"scooter ",2,"No ","Metropolitian ","Sunny","Medium ",1
"12/03/2022","20:15:00","20:30:00",39,"Snack ",32,4.9,18,"motorcycle ",0,"No ","Metropolitian ","Stormy","Jam ",1
"2/04/2022","18:20:00","18:25:00",18,"Snack ",28,4.7,23,"motorcycle ",2,"No ","Metropolitian ","Windy","Medium ",0
"14/02/2022","18:30:00","18:35:00",21,"Snack ",39,4.7,23,"motorcycle ",1,"No ","Urban ","Windy","Medium ",1
"11/03/2022","10:20:00","10:25:00",17,"Buffet ",21,4.8,18,"motorcycle ",1,"No ","Metropolitian ","Stormy","Low ",1
"3/03/2022","17:20:00","17:30:00",24,"Drinks ",20,4.9,18,"electric_scooter ",2,"No ","Urban ","Sandstorms","Medium ",0
"1/04/2022","17:20:00","17:35:00",15,"Snack ",21,5,9,"motorcycle ",0,"No ","Metropolitian ","Sandstorms","Medium ",1
"3/04/2022","23:30:00","23:35:00",34,"Drinks ",32,4.2,3,"motorcycle ",0,"No ","Metropolitian ","Sandstorms","Low ",2
"18/03/2022","22:00:00","22:15:00",39,"Meal ",34,3.8,12,"motorcycle ",1,"No ","Metropolitian ","Sandstorms","Jam ",1
"14/02/2022","20:35:00","20:40:00",21,"Buffet ",27,4.9,5,"motorcycle ",1,"No ","Metropolitian ","Sunny","Jam ",0
"29/03/2022","17:40:00","17:55:00",23,"Snack ",29,5,23,"scooter ",2,"No ","Metropolitian ","Sandstorms","Medium ",1
"24/03/2022","8:40:00","8:45:00",24,"Snack ",32,4.3,23,"motorcycle ",0,"No ","Metropolitian ","Stormy","Low ",1
"30/03/2022","21:45:00","21:50:00",19,"Drinks ",28,4.8,1,"scooter ",1,"No ","Urban ","Sunny","Jam ",1
"17/02/2022","10:50:00","10:55:00",15,"Meal ",20,4.6,2,"motorcycle ",1,"No ","Metropolitian ","Fog","Low ",1
"14/03/2022","21:40:00","21:55:00",37,"Drinks ",37,4,6,"scooter ",2,"No ","Metropolitian ","Cloudy","Jam ",2
"5/03/2022","21:10:00","21:15:00",30,"Meal ",37,4.6,18,"electric_scooter ",2,"No ","Metropolitian ","Sunny","Jam ",1
"13/03/2022","22:30:00","22:35:00",19,"Buffet ",25,4.6,23,"scooter ",1,"No ","Urban ","Windy","Low ",0
"13/03/2022","9:20:00","9:25:00",22,"Buffet ",26,4.2,8,"motorcycle ",0,"No ","Metropolitian ","Stormy","Low ",0
"1/04/2022","13:30:00","13:45:00",42,"Buffet ",21,3.5,15,"motorcycle ",0,"No ","Metropolitian ","Sunny","High ",2
"14/02/2022","20:25:00","20:35:00",40,"Drinks ",24,4.3,9,"motorcycle ",1,"No ","Metropolitian ","Fog","Jam ",1
"2/04/2022","20:35:00","20:40:00",47,"Drinks ",37,4.2,3,"scooter ",2,"Yes ","Metropolitian ","Cloudy","Jam ",2
"5/04/2022","21:50:00","21:55:00",39,"Drinks ",24,5,19,"motorcycle ",0,"No ","Metropolitian ","Stormy","Jam ",1
"5/03/2022","10:15:00","10:30:00",28,"Meal ",33,4.5,23,"motorcycle ",0,"No ","Metropolitian ","Sunny","Low ",1
"14/02/2022","19:20:00","19:35:00",44,"Buffet ",27,4.4,2,"scooter ",2,"No ","Urban ","Fog","Jam ",1
"4/04/2022","18:10:00","18:20:00",25,"Meal ",30,4.9,16,"scooter ",2,"No ","Urban ","Sandstorms","Medium ",1
"16/03/2022","0:00:00","0:15:00",27,"Buffet ",31,4.9,9,"motorcycle ",1,"No ","Metropolitian ","Fog","Low ",0
"6/03/2022","22:15:00","22:25:00",27,"Snack ",22,4.9,17,"scooter ",2,"No ","Metropolitian ","Sunny","Low ",0
"16/03/2022","18:40:00","18:50:00",48,"Drinks ",31,4,6,"motorcycle ",0,"No ","Metropolitian ","Sandstorms","Medium ",1
"7/03/2022","21:10:00","21:20:00",20,"Meal ",25,4.6,16,"motorcycle ",1,"No ","Metropolitian ","Sandstorms","Jam ",0
"15/03/2022","11:10:00","11:15:00",12,"Drinks ",21,4.7,22,"electric_scooter ",2,"No ","Metropolitian ","Windy","High ",1
"2/04/2022","18:40:00","18:50:00",37,"Drinks ",28,4,13,"electric_scooter ",2,"No ","Metropolitian ","Cloudy","Medium ",1
"6/04/2022","22:10:00","22:20:00",23,"Meal ",28,4.5,6,"motorcycle ",0,"No ","Metropolitian ","Stormy","Low ",0
"5/03/2022","9:15:00","9:25:00",26,"Snack ",32,4.5,22,"motorcycle ",0,"No ","Metropolitian ","Sunny","Low ",0
"6/03/2022","21:35:00","21:50:00",41,"Snack ",21,5,16,"scooter ",2,"No ","Metropolitian ","Sunny","Jam ",2
"11/02/2022","18:00:00","18:15:00",25,"Drinks ",20,4.8,3,"scooter ",2,"No ","Metropolitian ","Stormy","Medium ",1
"4/04/2022","18:15:00","18:25:00",37,"Meal ",27,4.4,6,"motorcycle ",0,"No ","Metropolitian ","Sandstorms","Medium ",1
"16/02/2022","22:30:00","22:40:00",31,"Snack ",23,2.8,15,"motorcycle ",2,"No ","Metropolitian ","Sunny","Low ",1
"12/02/2022","23:35:00","23:45:00",38,"Meal ",36,3.6,18,"scooter ",2,"No ","Metropolitian ","Stormy","Low ",2
"24/03/2022","19:40:00","19:45:00",35,"Drinks ",38,4.6,2,"motorcycle ",0,"No ","Metropolitian ","Windy","Jam ",1
"1/04/2022","9:35:00","9:45:00",27,"Drinks ",22,4.3,9,"motorcycle ",0,"No ","Metropolitian ","Windy","Low ",0
"20/03/2022","18:00:00","18:10:00",45,"Buffet ",36,4.7,5,"motorcycle ",0,"No ","Metropolitian ","Windy","Medium ",1
"24/03/2022","22:20:00","22:25:00",17,"Drinks ",20,4.2,18,"motorcycle ",0,"No ","Metropolitian ","Sandstorms","Low ",1
"5/03/2022","21:40:00","21:55:00",26,"Snack ",24,4.6,22,"scooter ",2,"No ","Metropolitian ","Sunny","Jam ",0
"15/02/2022","19:55:00","20:05:00",28,"Meal ",33,4.9,18,"motorcycle ",1,"No ","Urban ","Stormy","Jam ",1
"19/03/2022","13:35:00","13:45:00",30,"Snack ",28,4.7,13,"motorcycle ",2,"No ","Metropolitian ","Fog","High ",1
"6/03/2022","19:50:00","20:00:00",29,"Meal ",32,4.6,9,"motorcycle ",1,"No ","Metropolitian ","Stormy","Jam ",1
"9/03/2022","20:40:00","20:55:00",27,"Buffet ",35,4.9,18,"motorcycle ",1,"No ","Metropolitian ","Sandstorms","Jam ",1
"18/03/2022","19:10:00","19:20:00",21,"Drinks ",26,4.5,1,"scooter ",1,"No ","Metropolitian ","Sunny","Jam ",1
"21/03/2022","9:40:00","9:50:00",29,"Buffet ",24,4.3,13,"motorcycle ",0,"No ","Metropolitian ","Sandstorms","Low ",1
"5/03/2022","15:00:00","15:10:00",36,"Snack ",38,4.4,15,"scooter ",2,"No ","Metropolitian ","Fog","High ",1
"25/03/2022","21:20:00","21:25:00",25,"Buffet ",21,4.5,4,"motorcycle ",1,"No ","Urban ","Sandstorms","Jam ",1
"2/04/2022","17:25:00","17:40:00",46,"Buffet ",36,4.1,1,"motorcycle ",0,"No ","Metropolitian ","Sandstorms","Medium ",0
"4/03/2022","23:30:00","23:35:00",10,"Buffet ",21,5,16,"scooter ",2,"No ","Urban ","Stormy","Low ",0
"8/03/2022","22:20:00","22:30:00",25,"Drinks ",38,4.6,13,"scooter ",2,"No ","Metropolitian ","Fog","Low ",1
"3/03/2022","21:15:00","21:30:00",31,"Snack ",33,4.8,19,"scooter ",1,"No ","Metropolitian ","Stormy","Jam ",1
"3/03/2022","18:30:00","18:45:00",26,"Snack ",35,4.9,19,"motorcycle ",0,"No ","Metropolitian ","Stormy","Medium ",1
"13/03/2022","11:20:00","11:30:00",20,"Meal ",26,4.7,23,"scooter ",1,"No ","Metropolitian ","Stormy","High ",1
"17/02/2022","21:25:00","21:35:00",32,"Meal ",37,4.7,9,"scooter ",2,"No ","Metropolitian ","Sandstorms","Jam ",1
"11/03/2022","13:45:00","13:50:00",51,"Snack ",26,3.7,7,"motorcycle ",0,"No ","Metropolitian ","Sunny","High ",3
"26/03/2022","21:20:00","21:30:00",27,"Meal ",20,4.9,18,"motorcycle ",1,"No ","Metropolitian ","Stormy","Jam ",1
"18/03/2022","17:35:00","17:45:00",38,"Buffet ",24,4.1,18,"scooter ",2,"No ","Metropolitian ","Cloudy","Medium ",2
"6/04/2022","18:30:00","18:45:00",39,"Meal ",35,4.5,6,"motorcycle ",2,"No ","Metropolitian ","Windy","Medium ",2
"26/03/2022","18:45:00","19:00:00",21,"Drinks ",22,4.5,12,"scooter ",1,"No ","Metropolitian ","Sandstorms","Medium ",0
"10/03/2022","20:55:00","21:00:00",21,"Drinks ",21,4.7,9,"motorcycle ",1,"No ","Metropolitian ","Sandstorms","Jam ",0
"16/02/2022","21:35:00","21:40:00",39,"Drinks ",30,4.2,6,"motorcycle ",0,"No ","Metropolitian ","Sunny","Jam ",0
"1/04/2022","23:55:00","0:00:00",24,"Snack ",39,4.6,22,"motorcycle ",1,"No ","Urban ","Stormy","Low ",0
"7/03/2022","9:35:00","9:45:00",23,"Meal ",34,4.9,17,"motorcycle ",2,"No ","Metropolitian ","Stormy","Low ",1
"25/03/2022","22:40:00","22:55:00",15,"Buffet ",33,4.9,23,"motorcycle ",1,"No ","Urban ","Stormy","Low ",1
"25/03/2022","18:10:00","18:25:00",20,"Snack ",28,4.9,22,"motorcycle ",0,"No ","Metropolitian ","Windy","Medium ",1
"31/03/2022","21:10:00","21:20:00",17,"Buffet ",22,4.5,16,"motorcycle ",1,"No ","Metropolitian ","Windy","Jam ",1
"1/03/2022","9:25:00","9:40:00",18,"Meal ",27,5,22,"scooter ",1,"No ","Metropolitian ","Sunny","Low ",0
"13/02/2022","10:00:00","10:05:00",17,"Drinks ",26,4.9,6,"motorcycle ",0,"No ","Metropolitian ","Sunny","Low ",1
"26/03/2022","16:15:00","16:25:00",18,"Buffet ",29,4.8,18,"motorcycle ",0,"No ","Urban ","Stormy","Medium ",0
"4/03/2022","23:45:00","0:00:00",19,"Drinks ",33,4.5,17,"electric_scooter ",2,"No ","Metropolitian ","Stormy","Low ",1
"2/03/2022","18:30:00","18:40:00",27,"Buffet ",36,4.5,18,"electric_scooter ",2,"No ","Metropolitian ","Sandstorms","Medium ",1
"24/03/2022","14:30:00","14:40:00",27,"Drinks ",35,5,15,"motorcycle ",1,"No ","Metropolitian ","Stormy","High ",1
"1/03/2022","12:00:00","12:15:00",44,"Meal ",27,3.9,13,"motorcycle ",0,"No ","Metropolitian ","Sunny","High ",3
"15/03/2022","8:20:00","8:35:00",29,"Snack ",31,4.6,19,"scooter ",2,"No ","Metropolitian ","Windy","Low ",1
"16/03/2022","17:40:00","17:55:00",37,"Buffet ",35,4.1,4,"scooter ",2,"No ","Metropolitian ","Stormy","Medium ",1
"7/03/2022","10:20:00","10:30:00",25,"Snack ",34,4.1,8,"motorcycle ",0,"No ","Metropolitian ","Sandstorms","Low ",0
"20/03/2022","18:30:00","18:35:00",33,"Buffet ",39,4.3,2,"scooter ",1,"No ","Urban ","Sandstorms","Medium ",1
"18/03/2022","22:00:00","22:05:00",31,"Buffet ",35,3.5,9,"motorcycle ",1,"No ","Metropolitian ","Windy","Jam ",1
"1/03/2022","11:30:00","11:45:00",24,"Meal ",26,4.8,21,"scooter ",2,"No ","Metropolitian ","Fog","High ",1
"16/02/2022","21:20:00","21:35:00",33,"Drinks ",24,4.3,5,"motorcycle ",2,"No ","Metropolitian ","Fog","Jam ",1
"29/03/2022","20:30:00","20:45:00",25,"Buffet ",25,4.7,2,"motorcycle ",1,"No ","Urban ","Stormy","Jam ",0
"4/03/2022","20:55:00","21:10:00",24,"Meal ",22,4.6,15,"motorcycle ",0,"No ","Urban ","Stormy","Jam ",1
"11/02/2022","21:15:00","21:20:00",32,"Snack ",35,4.7,7,"motorcycle ",1,"No ","Metropolitian ","Sandstorms","Jam ",0
"2/03/2022","21:45:00","22:00:00",22,"Snack ",20,4.5,6,"electric_scooter ",2,"No ","Urban ","Windy","Jam ",1
"28/03/2022","18:40:00","18:50:00",27,"Buffet ",34,4.7,13,"electric_scooter ",2,"No ","Metropolitian ","Stormy","Medium ",0
"14/03/2022","19:55:00","20:10:00",50,"Meal ",34,4.8,14,"motorcycle ",0,"Yes ","Metropolitian ","Windy","Jam ",3
"24/03/2022","17:50:00","18:05:00",39,"Drinks ",39,4.2,2,"motorcycle ",0,"No ","Metropolitian ","Stormy","Medium ",1
"11/03/2022","11:40:00","11:50:00",31,"Snack ",23,4.6,16,"scooter ",2,"No ","Metropolitian ","Cloudy","High ",1
"12/02/2022","21:25:00","21:40:00",40,"Buffet ",20,5,2,"scooter ",2,"No ","Metropolitian ","Stormy","Jam ",1
"8/03/2022","20:30:00","20:35:00",50,"Snack ",38,5,17,"motorcycle ",0,"No ","Metropolitian ","Fog","Jam ",1
"18/03/2022","19:15:00","19:30:00",28,"Buffet ",36,4.7,17,"motorcycle ",1,"No ","Urban ","Sandstorms","Jam ",1
"13/02/2022","11:50:00","12:00:00",21,"Snack ",27,4.9,9,"motorcycle ",1,"No ","Metropolitian ","Fog","High ",1
"7/03/2022","16:55:00","17:10:00",27,"Snack ",26,5,16,"motorcycle ",2,"No ","Metropolitian ","Windy","Medium ",1
"16/03/2022","22:25:00","22:40:00",37,"Snack ",39,4.3,23,"motorcycle ",0,"No ","Metropolitian ","Cloudy","Low ",1
"4/03/2022","19:50:00","20:05:00",45,"Snack ",25,4.8,14,"motorcycle ",0,"No ","Metropolitian ","Stormy","Jam ",0
"1/03/2022","14:50:00","14:55:00",13,"Meal ",22,4.6,23,"scooter ",1,"No ","Urban ","Windy","High ",0
"23/03/2022","19:15:00","19:25:00",25,"Meal ",29,4.9,9,"motorcycle ",1,"No ","Metropolitian ","Sandstorms","Jam ",1
"13/02/2022","14:50:00","15:05:00",28,"Snack ",31,4.9,2,"motorcycle ",0,"No ","Metropolitian ","Sunny","High ",0
"18/03/2022","21:40:00","21:50:00",40,"Snack ",33,4.6,18,"motorcycle ",0,"No ","Metropolitian ","Cloudy","Jam ",1
"6/03/2022","20:50:00","21:05:00",24,"Meal ",25,4.8,18,"motorcycle ",0,"No ","Metropolitian ","Sunny","Jam ",1
"7/03/2022","20:50:00","20:55:00",25,"Meal ",37,4.8,17,"motorcycle ",0,"No ","Metropolitian ","Sunny","Jam ",0
"29/03/2022","20:25:00","20:30:00",43,"Snack ",32,4.3,4,"scooter ",2,"No ","Metropolitian ","Sandstorms","Jam ",1
"18/02/2022","17:35:00","17:50:00",31,"Drinks ",24,4.6,7,"scooter ",1,"No ","Metropolitian ","Fog","Medium ",0
"26/03/2022","10:40:00","10:50:00",21,"Drinks ",33,4.4,23,"motorcycle ",0,"No ","Metropolitian ","Stormy","Low ",0
"4/03/2022","23:20:00","23:30:00",23,"Buffet ",26,4.6,18,"motorcycle ",0,"No ","Metropolitian ","Sandstorms","Low ",1
"14/03/2022","18:25:00","18:35:00",39,"Meal ",35,4.7,21,"motorcycle ",0,"No ","Metropolitian ","Cloudy","Medium ",1
"7/03/2022","13:15:00","13:30:00",34,"Meal ",36,4.7,18,"scooter ",2,"No ","Metropolitian ","Stormy","High ",1
"17/03/2022","23:10:00","23:25:00",18,"Snack ",39,4.6,9,"motorcycle ",1,"No ","Metropolitian ","Fog","Low ",1
"24/03/2022","10:00:00","10:05:00",26,"Buffet ",32,4.5,14,"motorcycle ",0,"No ","Metropolitian ","Sunny","Low ",1
"11/03/2022","18:55:00","19:05:00",28,"Buffet ",21,4.9,23,"motorcycle ",1,"No ","Metropolitian ","Sandstorms","Medium ",0
"5/03/2022","23:50:00","0:00:00",16,"Buffet ",37,4.8,23,"motorcycle ",1,"No ","Metropolitian ","Sunny","Low ",0
"11/03/2022","20:40:00","20:45:00",20,"Meal ",24,4.6,22,"electric_scooter ",2,"No ","Metropolitian ","Stormy","Jam ",1
"13/02/2022","23:20:00","23:25:00",17,"Buffet ",22,4.6,5,"scooter ",1,"No ","Metropolitian ","Windy","Low ",1
"1/03/2022","8:55:00","9:00:00",26,"Meal ",39,4.6,19,"scooter ",1,"No ","Urban ","Windy","Low ",0
"1/03/2022","22:35:00","22:45:00",11,"Snack ",21,5,18,"motorcycle ",0,"No ","Metropolitian ","Sunny","Low ",0
"14/03/2022","21:00:00","21:10:00",42,"Snack ",23,4.7,23,"motorcycle ",0,"No ","Metropolitian ","Fog","Jam ",1
"31/03/2022","19:55:00","20:00:00",36,"Drinks ",32,3.6,5,"scooter ",2,"No ","Metropolitian ","Windy","Jam ",1
"5/03/2022","23:55:00","0:10:00",19,"Buffet ",20,4.6,9,"scooter ",1,"No ","Metropolitian ","Stormy","Low ",1
"13/03/2022","15:50:00","16:00:00",17,"Meal ",28,5,23,"scooter ",2,"No ","Urban ","Fog","Medium ",1
"23/03/2022","22:55:00","23:05:00",17,"Buffet ",28,4.6,23,"scooter ",1,"No ","Metropolitian ","Windy","Low ",1
"8/03/2022","22:50:00","22:55:00",29,"Snack ",39,4.9,23,"motorcycle ",1,"No ","Metropolitian ","Sunny","Low ",1
"5/03/2022","12:40:00","12:45:00",20,"Meal ",25,4.6,17,"scooter ",2,"No ","Urban ","Sandstorms","High ",1
"18/02/2022","20:30:00","20:40:00",37,"Drinks ",35,4.3,7,"motorcycle ",0,"No ","Metropolitian ","Fog","Jam ",2
"1/04/2022","22:55:00","23:05:00",15,"Drinks ",35,4.8,9,"scooter ",2,"No ","Metropolitian ","Fog","Low ",0
"1/04/2022","18:45:00","18:55:00",16,"Meal ",26,4.8,23,"motorcycle ",0,"No ","Metropolitian ","Sandstorms","Medium ",1
"11/03/2022","22:50:00","23:05:00",26,"Meal ",35,4.7,15,"motorcycle ",0,"No ","Metropolitian ","Cloudy","Low ",1
"12/03/2022","18:50:00","18:55:00",35,"Buffet ",23,4.2,6,"motorcycle ",0,"No ","Urban ","Stormy","Medium ",1
"11/03/2022","17:35:00","17:45:00",21,"Meal ",32,4.6,23,"motorcycle ",1,"No ","Metropolitian ","Sunny","Medium ",0
"30/03/2022","14:15:00","14:25:00",33,"Buffet ",33,4,6,"motorcycle ",2,"No ","Metropolitian ","Sandstorms","High ",1
"9/03/2022","21:00:00","21:10:00",19,"Drinks ",24,4.9,16,"motorcycle ",2,"No ","Urban ","Sunny","Jam ",1
"7/03/2022","18:40:00","18:45:00",26,"Buffet ",35,4.7,14,"scooter ",2,"No ","Metropolitian ","Sandstorms","Medium ",1
"14/03/2022","21:45:00","21:55:00",38,"Buffet ",22,4.6,18,"scooter ",1,"No ","Metropolitian ","Cloudy","Jam ",0
"17/03/2022","23:50:00","23:55:00",21,"Meal ",20,4.5,1,"motorcycle ",0,"No ","Metropolitian ","Cloudy","Low ",0
"8/03/2022","20:30:00","20:45:00",48,"Drinks ",32,4,11,"motorcycle ",1,"No ","Metropolitian ","Fog","Jam ",2
"14/03/2022","19:50:00","19:55:00",25,"Drinks ",29,4.6,13,"motorcycle ",1,"No ","Metropolitian ","Stormy","Jam ",1
"17/02/2022","15:15:00","15:25:00",14,"Snack ",28,4.6,19,"motorcycle ",1,"No ","Urban ","Cloudy","Medium ",1
"30/03/2022","21:35:00","21:40:00",28,"Drinks ",26,4.7,23,"scooter ",1,"No ","Metropolitian ","Cloudy","Jam ",1
"13/02/2022","10:55:00","11:10:00",18,"Drinks ",20,4.8,3,"motorcycle ",0,"No ","Metropolitian ","Fog","Low ",1
"10/03/2022","19:25:00","19:35:00",16,"Buffet ",23,4.7,23,"motorcycle ",2,"No ","Urban ","Sandstorms","Jam ",1
"15/02/2022","21:10:00","21:20:00",28,"Snack ",25,5,7,"motorcycle ",1,"No ","Metropolitian ","Stormy","Jam ",1
"24/03/2022","8:25:00","8:30:00",11,"Snack ",22,4.9,19,"motorcycle ",1,"No ","Metropolitian ","Cloudy","Low ",0
"25/03/2022","21:50:00","21:55:00",38,"Snack ",29,4.3,11,"motorcycle ",0,"No ","Metropolitian ","Sandstorms","Jam ",1
"16/03/2022","20:55:00","21:10:00",49,"Snack ",39,4.2,6,"scooter ",1,"No ","Metropolitian ","Cloudy","Jam ",1
"9/03/2022","10:55:00","11:10:00",18,"Drinks ",22,5,17,"scooter ",1,"No ","Urban ","Cloudy","Low ",0
"7/03/2022","10:00:00","10:05:00",19,"Meal ",30,4.8,12,"electric_scooter ",2,"No ","Metropolitian ","Sunny","Low ",1
"26/03/2022","20:50:00","21:05:00",29,"Drinks ",28,4.6,13,"electric_scooter ",2,"No ","Metropolitian ","Fog","Jam ",1
"3/04/2022","10:40:00","10:45:00",15,"Drinks ",28,4.8,21,"electric_scooter ",2,"No ","Metropolitian ","Stormy","Low ",0
"28/03/2022","17:20:00","17:35:00",24,"Meal ",25,4.6,16,"motorcycle ",2,"No ","Urban ","Stormy","Medium ",1
"14/02/2022","23:25:00","23:35:00",23,"Buffet ",24,4.6,8,"motorcycle ",0,"No ","Metropolitian ","Stormy","Low ",0
"14/02/2022","21:10:00","21:20:00",15,"Meal ",26,4.8,5,"motorcycle ",1,"No ","Metropolitian ","Sunny","Jam ",0
"23/03/2022","21:50:00","21:55:00",41,"Drinks ",23,4.8,8,"scooter ",2,"Yes ","Metropolitian ","Fog","Jam ",1
"12/02/2022","17:20:00","17:35:00",48,"Buffet ",34,4.4,3,"motorcycle ",0,"No ","Urban ","Sandstorms","Medium ",1
"7/03/2022","23:50:00","23:55:00",11,"Snack ",34,4.7,23,"scooter ",1,"No ","Metropolitian ","Sunny","Low ",0
"16/02/2022","17:50:00","18:00:00",27,"Buffet ",21,4.9,2,"motorcycle ",2,"No ","Metropolitian ","Stormy","Medium ",1
"5/04/2022","19:10:00","19:20:00",26,"Drinks ",31,4.7,16,"scooter ",2,"No ","Metropolitian ","Windy","Jam ",1
"4/03/2022","18:40:00","18:45:00",36,"Snack ",28,4.8,23,"motorcycle ",0,"No ","Metropolitian ","Fog","Medium ",0
"13/02/2022","9:50:00","10:00:00",17,"Buffet ",28,5,16,"electric_scooter ",2,"No ","Urban ","Stormy","Low ",1
"1/03/2022","13:10:00","13:20:00",34,"Buffet ",28,4.4,14,"motorcycle ",1,"No ","Metropolitian ","Stormy","High ",1
"28/03/2022","10:00:00","10:10:00",15,"Meal ",23,4.9,12,"electric_scooter ",2,"No ","Metropolitian ","Cloudy","Low ",0
"13/02/2022","9:30:00","9:35:00",24,"Snack ",32,4.8,22,"scooter ",1,"No ","Urban ","Sandstorms","Low ",0
"23/03/2022","20:45:00","21:00:00",16,"Meal ",29,4.8,12,"motorcycle ",0,"No ","Metropolitian ","Sunny","Jam ",1
"13/02/2022","23:35:00","23:40:00",23,"Drinks ",24,4.9,6,"motorcycle ",1,"No ","Metropolitian ","Sunny","Low ",0
"3/04/2022","14:40:00","14:45:00",29,"Meal ",36,4.6,2,"motorcycle ",1,"No ","Metropolitian ","Sandstorms","High ",1
"19/03/2022","11:00:00","11:15:00",12,"Drinks ",27,4.6,17,"scooter ",2,"No ","Metropolitian ","Stormy","Low ",0
"31/03/2022","19:15:00","19:30:00",38,"Buffet ",34,3.8,8,"scooter ",1,"No ","Metropolitian ","Sandstorms","Jam ",1
"14/02/2022","23:50:00","23:55:00",18,"Buffet ",27,4.9,3,"electric_scooter ",2,"No ","Metropolitian ","Windy","Low ",0
"19/03/2022","21:50:00","22:00:00",30,"Drinks ",31,4.9,16,"motorcycle ",0,"No ","Metropolitian ","Cloudy","Jam ",1
"13/03/2022","21:40:00","21:50:00",28,"Snack ",24,4.8,17,"scooter ",2,"No ","Metropolitian ","Fog","Jam ",1
"30/03/2022","8:10:00","8:20:00",19,"Snack ",21,4.8,19,"scooter ",1,"No ","Metropolitian ","Windy","Low ",1
"18/02/2022","23:55:00","0:00:00",21,"Snack ",32,4.6,3,"scooter ",1,"No ","Metropolitian ","Stormy","Low ",0
"27/03/2022","20:50:00","21:05:00",32,"Drinks ",33,3.6,13,"scooter ",2,"No ","Metropolitian ","Sunny","Jam ",0
"18/02/2022","21:10:00","21:15:00",40,"Buffet ",38,4,14,"motorcycle ",0,"No ","Metropolitian ","Fog","Jam ",2
"9/03/2022","9:40:00","9:55:00",26,"Meal ",32,4.6,17,"motorcycle ",1,"No ","Metropolitian ","Windy","Low ",0
"11/03/2022","8:45:00","9:00:00",17,"Meal ",23,4.9,19,"scooter ",1,"No ","Urban ","Fog","Low ",0
"6/03/2022","22:55:00","23:10:00",23,"Snack ",36,5,13,"motorcycle ",0,"No ","Metropolitian ","Sunny","Low ",0
"20/03/2022","17:15:00","17:20:00",28,"Meal ",33,4.8,23,"electric_scooter ",2,"No ","Urban ","Sunny","Medium ",1
"23/03/2022","23:20:00","23:30:00",14,"Drinks ",29,4.5,1,"motorcycle ",1,"No ","Urban ","Stormy","Low ",0
"16/02/2022","21:25:00","21:30:00",43,"Buffet ",22,5,8,"motorcycle ",0,"No ","Metropolitian ","Fog","Jam ",0
"6/04/2022","23:00:00","23:10:00",17,"Meal ",24,4.9,15,"scooter ",2,"No ","Urban ","Windy","Low ",1
"17/02/2022","10:35:00","10:40:00",11,"Meal ",21,4.7,16,"scooter ",1,"No ","Urban ","Fog","Low ",0
"25/03/2022","22:30:00","22:35:00",11,"Snack ",24,4.8,23,"scooter ",2,"No ","Urban ","Stormy","Low ",0
"14/03/2022","20:00:00","20:15:00",31,"Drinks ",27,5,18,"scooter ",2,"No ","Metropolitian ","Cloudy","Jam ",1
"1/03/2022","8:25:00","8:35:00",15,"Snack ",36,4.9,23,"electric_scooter ",2,"No ","Metropolitian ","Stormy","Low ",1
"4/03/2022","20:55:00","21:00:00",32,"Snack ",32,3.9,6,"motorcycle ",2,"No ","Metropolitian ","Stormy","Jam ",0
"6/04/2022","17:20:00","17:30:00",32,"Drinks ",39,4.2,3,"electric_scooter ",2,"No ","Metropolitian ","Fog","Medium ",1
"28/03/2022","10:50:00","10:55:00",21,"Snack ",38,4.5,15,"scooter ",1,"No ","Metropolitian ","Stormy","Low ",0
"14/02/2022","17:20:00","17:30:00",28,"Meal ",39,4.9,8,"scooter ",1,"No ","Metropolitian ","Sandstorms","Medium ",1
"1/04/2022","10:35:00","10:50:00",26,"Drinks ",36,4.9,23,"scooter ",1,"No ","Metropolitian ","Sandstorms","Low ",1
"9/03/2022","20:00:00","20:05:00",46,"Drinks ",35,4.7,13,"motorcycle ",0,"Yes ","Metropolitian ","Sandstorms","Jam ",1
"16/02/2022","20:50:00","21:05:00",30,"Buffet ",20,4.9,2,"motorcycle ",0,"No ","Metropolitian ","Stormy","Jam ",1
"1/04/2022","21:00:00","21:05:00",28,"Meal ",32,4.9,17,"scooter ",1,"No ","Urban ","Stormy","Jam ",1
"1/04/2022","13:40:00","13:45:00",23,"Buffet ",39,4.8,23,"motorcycle ",0,"No ","Metropolitian ","Sunny","High ",1
"2/03/2022","19:35:00","19:50:00",40,"Snack ",37,3.5,1,"scooter ",2,"No ","Metropolitian ","Stormy","Jam ",2
"11/02/2022","15:15:00","15:30:00",13,"Buffet ",25,5,17,"motorcycle ",0,"No ","Urban ","Windy","Medium ",1
"28/03/2022","23:15:00","23:30:00",23,"Drinks ",37,4.9,12,"motorcycle ",2,"No ","Metropolitian ","Sandstorms","Low ",1
"2/04/2022","17:20:00","17:30:00",34,"Meal ",33,4.3,13,"motorcycle ",1,"No ","Metropolitian ","Cloudy","Medium ",1
"3/04/2022","23:20:00","23:25:00",27,"Buffet ",38,4,23,"motorcycle ",0,"No ","Metropolitian ","Stormy","Low ",1
"4/04/2022","21:25:00","21:35:00",42,"Drinks ",21,4.7,2,"scooter ",1,"No ","Metropolitian ","Fog","Jam ",1
"30/03/2022","23:35:00","23:50:00",13,"Drinks ",26,4.7,13,"motorcycle ",1,"No ","Metropolitian ","Windy","Low ",0
"4/03/2022","20:45:00","20:55:00",28,"Meal ",22,4.7,21,"scooter ",2,"No ","Metropolitian ","Stormy","Jam ",1
"16/02/2022","22:40:00","22:55:00",16,"Snack ",26,4.6,22,"scooter ",1,"No ","Urban ","Stormy","Low ",0
"16/03/2022","20:35:00","20:50:00",39,"Drinks ",34,4.6,23,"motorcycle ",0,"No ","Metropolitian ","Windy","Jam ",2
"29/03/2022","22:25:00","22:30:00",24,"Drinks ",30,4.7,17,"motorcycle ",0,"No ","Metropolitian ","Windy","Low ",1
"2/03/2022","20:25:00","20:30:00",53,"Snack ",30,4.2,2,"motorcycle ",0,"Yes ","Metropolitian ","Stormy","Jam ",3
"8/03/2022","23:25:00","23:30:00",16,"Drinks ",30,4.8,14,"motorcycle ",1,"No ","Metropolitian ","Stormy","Low ",1
"29/03/2022","22:35:00","22:50:00",13,"Snack ",21,4.8,16,"electric_scooter ",2,"No ","Metropolitian ","Stormy","Low ",0
"3/03/2022","22:00:00","22:15:00",29,"Buffet ",31,4.7,23,"scooter ",2,"No ","Metropolitian ","Windy","Jam ",1
"29/03/2022","20:25:00","20:40:00",44,"Buffet ",34,4.5,11,"motorcycle ",0,"No ","Metropolitian ","Cloudy","Jam ",1
"2/03/2022","18:50:00","18:55:00",38,"Snack ",36,4.7,21,"scooter ",2,"No ","Metropolitian ","Stormy","Medium ",1
"5/03/2022","15:25:00","15:40:00",26,"Meal ",39,4.7,21,"scooter ",2,"No ","Urban ","Stormy","Medium ",1
"16/03/2022","21:55:00","22:05:00",39,"Drinks ",39,4.4,3,"motorcycle ",0,"No ","Urban ","Sunny","Jam ",0
"15/03/2022","0:00:00","0:15:00",19,"Buffet ",36,4.6,14,"motorcycle ",1,"No ","Metropolitian ","Cloudy","Low ",0
"15/03/2022","8:50:00","9:05:00",14,"Snack ",28,4.8,16,"scooter ",1,"No ","Urban ","Fog","Low ",1
"14/03/2022","18:55:00","19:05:00",25,"Drinks ",30,4.8,9,"motorcycle ",2,"No ","Metropolitian ","Sandstorms","Medium ",1
"11/02/2022","9:10:00","9:25:00",20,"Snack ",27,4,1,"motorcycle ",0,"No ","Urban ","Sandstorms","Low ",0
"4/03/2022","19:30:00","19:45:00",42,"Meal ",34,4.2,13,"scooter ",2,"No ","Metropolitian ","Stormy","Jam ",1
"5/04/2022","9:00:00","9:15:00",20,"Meal ",33,4.8,16,"motorcycle ",0,"No ","Metropolitian ","Sunny","Low ",0
"24/03/2022","19:30:00","19:40:00",16,"Meal ",21,4.9,23,"scooter ",1,"No ","Metropolitian ","Sunny","Jam ",1
"13/03/2022","21:30:00","21:40:00",37,"Meal ",35,4.9,13,"motorcycle ",0,"No ","Metropolitian ","Windy","Jam ",1
"16/03/2022","23:45:00","23:55:00",36,"Snack ",32,3.5,3,"motorcycle ",1,"No ","Metropolitian ","Cloudy","Low ",2
"13/03/2022","23:45:00","0:00:00",12,"Snack ",21,4.8,23,"motorcycle ",0,"No ","Urban ","Sunny","Low ",0
"16/02/2022","23:00:00","23:05:00",37,"Meal ",35,4.2,2,"motorcycle ",0,"No ","Metropolitian ","Stormy","Low ",1
"18/03/2022","19:15:00","19:25:00",29,"Snack ",33,4.9,11,"electric_scooter ",2,"No ","Metropolitian ","Sunny","Jam ",1
"23/03/2022","18:00:00","18:05:00",34,"Drinks ",38,3.9,3,"scooter ",2,"No ","Metropolitian ","Windy","Medium ",1
"6/04/2022","20:20:00","20:35:00",42,"Buffet ",30,4.8,16,"scooter ",2,"No ","Metropolitian ","Fog","Jam ",2
"16/03/2022","21:40:00","21:45:00",46,"Snack ",33,4.3,15,"electric_scooter ",2,"No ","Metropolitian ","Cloudy","Jam ",2
"13/02/2022","17:40:00","17:55:00",31,"Meal ",36,4.2,2,"motorcycle ",0,"No ","Metropolitian ","Stormy","Medium ",0
"9/03/2022","12:45:00","12:55:00",29,"Meal ",30,5,13,"scooter ",2,"No ","Metropolitian ","Cloudy","High ",1
"3/03/2022","22:30:00","22:35:00",28,"Meal ",30,4.7,18,"scooter ",2,"No ","Urban ","Stormy","Low ",0
"27/03/2022","22:25:00","22:30:00",22,"Buffet ",37,4.8,17,"motorcycle ",0,"No ","Urban ","Sandstorms","Low ",0
"14/02/2022","20:20:00","20:30:00",45,"Drinks ",33,5,19,"scooter ",1,"Yes ","Urban ","Fog","Jam ",0
"14/03/2022","18:15:00","18:25:00",21,"Meal ",24,4.9,13,"motorcycle ",0,"No ","Metropolitian ","Sunny","Medium ",1
"2/04/2022","19:10:00","19:25:00",43,"Meal ",32,3.8,15,"scooter ",1,"Yes ","Metropolitian ","Stormy","Jam ",1
"26/03/2022","10:25:00","10:30:00",11,"Snack ",32,4.7,22,"motorcycle ",1,"No ","Metropolitian ","Sunny","Low ",0
"14/03/2022","20:00:00","20:10:00",21,"Snack ",23,4.7,21,"motorcycle ",1,"No ","Metropolitian ","Sunny","Jam ",0
"7/03/2022","11:55:00","12:05:00",40,"Buffet ",20,3.8,6,"motorcycle ",0,"No ","Metropolitian ","Sunny","High ",2
"24/03/2022","10:20:00","10:25:00",12,"Meal ",25,4.7,23,"motorcycle ",1,"No ","Urban ","Sandstorms","Low ",0
"6/03/2022","18:30:00","18:40:00",26,"Snack ",24,4.6,14,"motorcycle ",1,"No ","Metropolitian ","Sandstorms","Medium ",1
"28/03/2022","18:20:00","18:25:00",16,"Buffet ",36,4.5,9,"motorcycle ",2,"No ","Metropolitian ","Fog","Medium ",1
"21/03/2022","13:30:00","13:35:00",22,"Buffet ",28,4.6,17,"motorcycle ",1,"No ","Metropolitian ","Stormy","High ",0
"25/03/2022","20:10:00","20:25:00",39,"Snack ",23,4.2,11,"motorcycle ",1,"No ","Metropolitian ","Fog","Jam ",2
"23/03/2022","17:50:00","18:05:00",37,"Buffet ",22,4.9,18,"motorcycle ",0,"No ","Urban ","Fog","Medium ",1
"29/03/2022","22:50:00","23:00:00",16,"Meal ",24,4.9,23,"motorcycle ",0,"No ","Metropolitian ","Stormy","Low ",1
"17/03/2022","10:10:00","10:20:00",25,"Snack ",35,4.9,22,"scooter ",1,"No ","Urban ","Sandstorms","Low ",1
"2/03/2022","22:30:00","22:40:00",21,"Buffet ",20,4.8,12,"scooter ",1,"No ","Metropolitian ","Fog","Low ",1
"1/04/2022","17:50:00","18:05:00",27,"Meal ",39,4.9,16,"motorcycle ",0,"No ","Urban ","Sunny","Medium ",0
"18/03/2022","20:30:00","20:45:00",22,"Snack ",27,4.8,3,"scooter ",2,"No ","Metropolitian ","Sunny","Jam ",1
"25/03/2022","19:15:00","19:30:00",34,"Meal ",34,4.6,16,"motorcycle ",0,"No ","Urban ","Sunny","Jam ",1
"13/03/2022","19:40:00","19:45:00",19,"Drinks ",35,4.5,6,"scooter ",1,"No ","Urban ","Sunny","Jam ",1
"4/04/2022","19:00:00","19:15:00",39,"Drinks ",24,4.4,13,"scooter ",1,"No ","Metropolitian ","Fog","Medium ",1
"5/03/2022","22:10:00","22:20:00",21,"Buffet ",21,4.2,13,"motorcycle ",0,"No ","Metropolitian ","Windy","Low ",1
"6/04/2022","23:45:00","0:00:00",16,"Snack ",29,4.6,18,"motorcycle ",0,"No ","Metropolitian ","Stormy","Low ",0
"18/03/2022","20:10:00","20:25:00",36,"Snack ",30,4.8,21,"scooter ",1,"No ","Metropolitian ","Fog","Jam ",1
"1/04/2022","9:35:00","9:45:00",27,"Drinks ",22,4.3,9,"motorcycle ",0,"No ","Metropolitian ","Windy","Low ",0
"21/03/2022","16:30:00","16:40:00",34,"Meal ",30,4.1,9,"electric_scooter ",2,"No ","Metropolitian ","Stormy","Medium ",1
"12/03/2022","19:45:00","19:50:00",28,"Drinks ",39,4.9,22,"electric_scooter ",2,"No ","Urban ","Sunny","Jam ",1
"2/03/2022","20:30:00","20:35:00",31,"Meal ",37,4.5,19,"motorcycle ",2,"No ","Metropolitian ","Sandstorms","Jam ",1
"25/03/2022","22:55:00","23:05:00",20,"Snack ",23,4.8,17,"motorcycle ",0,"No ","Metropolitian ","Windy","Low ",1
"19/03/2022","23:50:00","0:05:00",18,"Buffet ",27,4.8,13,"scooter ",1,"No ","Metropolitian ","Stormy","Low ",0
"27/03/2022","23:35:00","23:45:00",32,"Snack ",34,3.7,8,"scooter ",1,"No ","Metropolitian ","Fog","Low ",0
"23/03/2022","17:15:00","17:20:00",18,"Drinks ",28,4.9,15,"scooter ",2,"No ","Urban ","Sunny","Medium ",1
"3/04/2022","8:15:00","8:30:00",19,"Buffet ",38,4.9,9,"motorcycle ",1,"No ","Metropolitian ","Sunny","Low ",0
"23/03/2022","17:35:00","17:50:00",38,"Meal ",30,4.8,2,"scooter ",2,"No ","Metropolitian ","Fog","Medium ",1
"6/04/2022","21:45:00","22:00:00",45,"Buffet ",35,4.4,1,"motorcycle ",1,"No ","Metropolitian ","Fog","Jam ",1
"23/03/2022","19:40:00","19:45:00",40,"Snack ",33,4.7,9,"motorcycle ",1,"No ","Metropolitian ","Fog","Jam ",1
"27/03/2022","18:40:00","18:45:00",35,"Snack ",21,5,15,"scooter ",2,"No ","Urban ","Cloudy","Medium ",1
"20/03/2022","17:40:00","17:45:00",46,"Buffet ",30,4.8,1,"motorcycle ",0,"No ","Metropolitian ","Cloudy","Medium ",2
"14/02/2022","21:15:00","21:25:00",18,"Meal ",20,4.6,17,"scooter ",1,"No ","Urban ","Sandstorms","Jam ",0
"24/03/2022","16:15:00","16:30:00",30,"Buffet ",38,5,2,"motorcycle ",0,"No ","Metropolitian ","Cloudy","Medium ",1
"19/03/2022","15:35:00","15:40:00",23,"Snack ",20,4.7,1,"motorcycle ",0,"No ","Metropolitian ","Cloudy","Medium ",1
"5/04/2022","23:45:00","23:55:00",17,"Snack ",39,4.6,15,"scooter ",2,"No ","Urban ","Cloudy","Low ",0
"6/03/2022","21:00:00","21:05:00",39,"Meal ",23,5,23,"scooter ",1,"No ","Metropolitian ","Sunny","Jam ",0
"15/03/2022","14:40:00","14:55:00",33,"Snack ",31,4.4,22,"motorcycle ",1,"No ","Metropolitian ","Cloudy","High ",0
"27/03/2022","0:00:00","0:10:00",20,"Buffet ",38,4.7,17,"scooter ",2,"No ","Urban ","Sunny","Low ",1
"2/04/2022","22:45:00","22:50:00",43,"Buffet ",26,2.8,12,"motorcycle ",2,"No ","Metropolitian ","Sunny","Low ",0
"1/04/2022","17:45:00","17:55:00",17,"Drinks ",25,4.7,4,"motorcycle ",0,"No ","Urban ","Sunny","Medium ",1
"27/03/2022","22:30:00","22:40:00",37,"Drinks ",36,5,7,"motorcycle ",0,"No ","Metropolitian ","Fog","Low ",2
"23/03/2022","17:15:00","17:20:00",42,"Snack ",39,4.7,3,"electric_scooter ",2,"No ","Metropolitian ","Cloudy","Medium ",1
"31/03/2022","23:30:00","23:45:00",21,"Drinks ",31,4.7,18,"motorcycle ",0,"No ","Metropolitian ","Sandstorms","Low ",1
"21/03/2022","10:25:00","10:35:00",18,"Buffet ",27,5,13,"motorcycle ",1,"No ","Metropolitian ","Cloudy","Low ",1
"4/04/2022","23:55:00","0:05:00",17,"Buffet ",31,4.6,22,"scooter ",1,"No ","Urban ","Sandstorms","Low ",1
"17/02/2022","22:40:00","22:55:00",14,"Drinks ",23,4.8,4,"motorcycle ",1,"No ","Metropolitian ","Sandstorms","Low ",0
"18/02/2022","22:25:00","22:35:00",17,"Meal ",20,4.7,18,"scooter ",2,"No ","Urban ","Stormy","Low ",1
"1/04/2022","22:00:00","22:05:00",33,"Snack ",28,4.4,3,"motorcycle ",1,"No ","Metropolitian ","Fog","Jam ",0
"2/03/2022","23:30:00","23:35:00",18,"Snack ",26,4.7,19,"scooter ",1,"No ","Urban ","Sandstorms","Low ",0
"31/03/2022","22:45:00","22:55:00",18,"Drinks ",34,4.6,22,"motorcycle ",2,"No ","Metropolitian ","Stormy","Low ",1
"13/02/2022","9:30:00","9:35:00",10,"Meal ",36,5,3,"scooter ",2,"No ","Metropolitian ","Sunny","Low ",1
"21/03/2022","15:30:00","15:40:00",16,"Meal ",35,4.9,22,"motorcycle ",1,"No ","Metropolitian ","Fog","Medium ",1
"18/03/2022","21:35:00","21:40:00",22,"Snack ",38,5,6,"scooter ",1,"No ","Metropolitian ","Sunny","Jam ",0
"29/03/2022","21:00:00","21:05:00",17,"Snack ",22,4.7,1,"motorcycle ",1,"No ","Urban ","Stormy","Jam ",1
"5/03/2022","11:40:00","11:45:00",32,"Drinks ",38,4.4,12,"scooter ",2,"No ","Metropolitian ","Windy","High ",0
"13/03/2022","23:40:00","23:55:00",12,"Snack ",24,4.9,23,"scooter ",1,"No ","Urban ","Windy","Low ",0
"15/03/2022","17:25:00","17:40:00",26,"Buffet ",24,4.5,1,"scooter ",2,"No ","Urban ","Stormy","Medium ",1
"6/03/2022","21:35:00","21:50:00",38,"Meal ",23,4.7,17,"electric_scooter ",2,"No ","Metropolitian ","Sunny","Jam ",1
"10/03/2022","23:25:00","23:30:00",25,"Drinks ",32,5,14,"motorcycle ",1,"No ","Metropolitian ","Cloudy","Low ",1
"14/03/2022","23:00:00","23:10:00",15,"Drinks ",29,4.8,23,"motorcycle ",0,"No ","Metropolitian ","Stormy","Low ",0
"21/03/2022","11:25:00","11:35:00",25,"Buffet ",38,4.6,22,"scooter ",1,"No ","Metropolitian ","Stormy","High ",1
"5/04/2022","18:20:00","18:30:00",11,"Buffet ",25,4.9,18,"electric_scooter ",2,"No ","Metropolitian ","Fog","Medium ",0
"4/03/2022","19:20:00","19:30:00",16,"Meal ",26,4.8,15,"scooter ",1,"No ","Metropolitian ","Stormy","Jam ",0
"15/02/2022","9:30:00","9:35:00",22,"Meal ",32,4.9,2,"motorcycle ",0,"No ","Metropolitian ","Stormy","Low ",1
"31/03/2022","21:30:00","21:35:00",17,"Drinks ",34,4.8,15,"scooter ",1,"No ","Metropolitian ","Sunny","Jam ",1
"30/03/2022","8:15:00","8:30:00",29,"Meal ",31,4.9,6,"motorcycle ",1,"No ","Metropolitian ","Sandstorms","Low ",1
"24/03/2022","11:45:00","11:55:00",29,"Buffet ",35,5,3,"scooter ",1,"No ","Metropolitian ","Cloudy","High ",1
"18/02/2022","20:40:00","20:50:00",33,"Meal ",38,4.3,6,"scooter ",2,"No ","Metropolitian ","Fog","Jam ",1
"20/03/2022","19:25:00","19:35:00",44,"Buffet ",33,4.4,3,"motorcycle ",0,"No ","Urban ","Stormy","Jam ",1
"3/03/2022","20:40:00","20:50:00",35,"Buffet ",22,5,21,"motorcycle ",0,"No ","Metropolitian ","Windy","Jam ",1
"4/03/2022","19:50:00","20:00:00",30,"Buffet ",31,4.8,17,"motorcycle ",1,"No ","Metropolitian ","Windy","Jam ",1
"8/03/2022","18:10:00","18:25:00",44,"Meal ",34,4.7,13,"motorcycle ",0,"No ","Metropolitian ","Sandstorms","Medium ",2
"5/04/2022","15:10:00","15:20:00",22,"Buffet ",29,4.8,15,"motorcycle ",2,"No ","Metropolitian ","Sandstorms","Medium ",1
"1/03/2022","18:40:00","18:50:00",33,"Buffet ",30,5,13,"motorcycle ",0,"No ","Metropolitian ","Stormy","Medium ",1
"24/03/2022","8:45:00","8:50:00",15,"Snack ",20,4.5,3,"scooter ",1,"No ","Urban ","Sandstorms","Low ",0
"11/02/2022","19:25:00","19:35:00",31,"Snack ",23,4,13,"scooter ",2,"No ","Metropolitian ","Stormy","Jam ",1
"27/03/2022","19:40:00","19:55:00",52,"Meal ",38,4.7,19,"motorcycle ",0,"No ","Semi-Urban ","Cloudy","Jam ",3
"11/03/2022","10:20:00","10:25:00",16,"Drinks ",27,4.1,3,"motorcycle ",0,"No ","Metropolitian ","Stormy","Low ",0
"20/03/2022","21:30:00","21:40:00",26,"Snack ",24,4.5,22,"scooter ",1,"No ","Metropolitian ","Stormy","Jam ",1
"17/02/2022","21:35:00","21:40:00",28,"Snack ",21,4.7,5,"motorcycle ",0,"No ","Metropolitian ","Fog","Jam ",1
"16/03/2022","23:00:00","23:05:00",17,"Meal ",34,4.5,19,"scooter ",2,"No ","Metropolitian ","Stormy","Low ",0
"1/03/2022","9:35:00","9:50:00",28,"Buffet ",32,4.5,14,"motorcycle ",0,"No ","Metropolitian ","Stormy","Low ",0
"26/03/2022","21:55:00","22:10:00",19,"Buffet ",37,4.6,14,"motorcycle ",1,"No ","Metropolitian ","Sunny","Jam ",0
"24/03/2022","17:20:00","17:35:00",11,"Drinks ",26,4.6,15,"scooter ",2,"No ","Urban ","Fog","Medium ",1
"18/02/2022","18:30:00","18:35:00",36,"Buffet ",30,4.3,9,"motorcycle ",0,"No ","Metropolitian ","Fog","Medium ",1
"6/04/2022","17:20:00","17:35:00",36,"Snack ",34,4.6,22,"motorcycle ",0,"No ","Metropolitian ","Cloudy","Medium ",1
"12/02/2022","19:15:00","19:30:00",41,"Buffet ",33,3.6,14,"scooter ",2,"No ","Metropolitian ","Sandstorms","Jam ",1
"9/03/2022","22:00:00","22:10:00",33,"Snack ",34,4.7,23,"scooter ",2,"No ","Metropolitian ","Cloudy","Jam ",1
"1/04/2022","17:55:00","18:00:00",25,"Snack ",35,4.6,19,"motorcycle ",2,"No ","Metropolitian ","Sandstorms","Medium ",1
"18/03/2022","17:35:00","17:50:00",19,"Drinks ",25,4.6,17,"motorcycle ",1,"No ","Urban ","Sandstorms","Medium ",0
"11/03/2022","9:40:00","9:45:00",16,"Meal ",25,4.5,3,"electric_scooter ",2,"No ","Urban ","Stormy","Low ",1
"14/03/2022","19:35:00","19:45:00",53,"Drinks ",36,4.5,1,"motorcycle ",0,"No ","Semi-Urban ","Fog","Jam ",0
"14/03/2022","23:15:00","23:30:00",36,"Drinks ",34,3.5,3,"motorcycle ",2,"No ","Urban ","Fog","Low ",2
"9/03/2022","9:40:00","9:45:00",16,"Drinks ",24,4.5,23,"motorcycle ",0,"No ","Metropolitian ","Windy","Low ",0
"4/03/2022","23:50:00","0:00:00",26,"Drinks ",24,4.5,2,"motorcycle ",0,"No ","Urban ","Stormy","Low ",0
"6/04/2022","18:30:00","18:45:00",36,"Drinks ",36,5,18,"scooter ",1,"No ","Metropolitian ","Cloudy","Medium ",1
"31/03/2022","17:25:00","17:35:00",32,"Drinks ",27,4.1,7,"scooter ",1,"No ","Metropolitian ","Fog","Medium ",1
"14/03/2022","19:30:00","19:35:00",38,"Snack ",34,4.8,15,"motorcycle ",0,"No ","Urban ","Stormy","Jam ",1
"3/04/2022","10:20:00","10:25:00",29,"Drinks ",36,4.6,17,"scooter ",1,"No ","Urban ","Stormy","Low ",0
"11/03/2022","21:25:00","21:30:00",28,"Buffet ",22,4.5,21,"motorcycle ",0,"No ","Metropolitian ","Fog","Jam ",1
"25/03/2022","23:10:00","23:25:00",14,"Buffet ",20,4.9,16,"motorcycle ",1,"No ","Metropolitian ","Sandstorms","Low ",1
"12/03/2022","20:45:00","20:50:00",19,"Drinks ",32,4.9,16,"scooter ",2,"No ","Metropolitian ","Sunny","Jam ",0
"28/03/2022","8:20:00","8:35:00",18,"Meal ",26,5,17,"motorcycle ",0,"No ","Urban ","Cloudy","Low ",1
"19/03/2022","17:40:00","17:50:00",19,"Drinks ",20,4.9,3,"electric_scooter ",2,"No ","Metropolitian ","Fog","Medium ",1
"8/03/2022","22:50:00","23:05:00",21,"Buffet ",21,4.5,17,"scooter ",1,"No ","Metropolitian ","Fog","Low ",1
"14/03/2022","23:35:00","23:45:00",22,"Meal ",33,4.7,12,"motorcycle ",0,"No ","Metropolitian ","Stormy","Low ",0
"5/03/2022","10:50:00","10:55:00",21,"Drinks ",32,4.8,16,"motorcycle ",1,"No ","Metropolitian ","Windy","Low ",1
"21/03/2022","11:45:00","11:55:00",17,"Snack ",28,4.7,17,"electric_scooter ",2,"No ","Metropolitian ","Sunny","High ",0
"9/03/2022","21:10:00","21:20:00",17,"Buffet ",22,4.7,14,"motorcycle ",0,"No ","Metropolitian ","Windy","Jam ",1
"13/03/2022","17:15:00","17:25:00",16,"Drinks ",32,4.7,21,"scooter ",1,"No ","Metropolitian ","Fog","Medium ",1
"13/03/2022","10:20:00","10:25:00",23,"Snack ",23,4.7,22,"motorcycle ",0,"No ","Urban ","Cloudy","Low ",1
"6/03/2022","22:00:00","22:05:00",36,"Buffet ",27,4.7,15,"motorcycle ",1,"No ","Metropolitian ","Fog","Jam ",0
"24/03/2022","14:25:00","14:40:00",15,"Buffet ",27,4.7,22,"motorcycle ",1,"No ","Urban ","Sunny","High ",0
"28/03/2022","10:25:00","10:40:00",10,"Snack ",22,4.9,22,"motorcycle ",0,"No ","Urban ","Sunny","Low ",1
"9/03/2022","19:15:00","19:25:00",33,"Snack ",30,4.2,11,"scooter ",1,"No ","Metropolitian ","Cloudy","Jam ",1
"17/03/2022","9:25:00","9:35:00",22,"Drinks ",34,4.7,12,"scooter ",2,"No ","Metropolitian ","Windy","Low ",1
"17/03/2022","20:45:00","20:55:00",30,"Snack ",35,4.5,18,"motorcycle ",1,"No ","Metropolitian ","Stormy","Jam ",1
"12/03/2022","22:15:00","22:20:00",24,"Buffet ",34,4.9,15,"scooter ",1,"No ","Metropolitian ","Stormy","Low ",1
"16/03/2022","19:30:00","19:35:00",32,"Snack ",23,4.2,9,"motorcycle ",1,"No ","Metropolitian ","Fog","Jam ",1
"20/03/2022","22:10:00","22:20:00",26,"Buffet ",32,4.8,14,"electric_scooter ",2,"No ","Metropolitian ","Fog","Low ",1
"19/03/2022","21:10:00","21:15:00",27,"Buffet ",35,4.5,11,"electric_scooter ",2,"No ","Metropolitian ","Fog","Jam ",1
"27/03/2022","18:30:00","18:45:00",33,"Buffet ",35,4.9,18,"motorcycle ",0,"No ","Urban ","Stormy","Medium ",1
"16/03/2022","17:25:00","17:40:00",37,"Buffet ",39,4.5,23,"scooter ",2,"No ","Metropolitian ","Stormy","Medium ",1
"6/04/2022","20:10:00","20:15:00",31,"Drinks ",28,5,18,"motorcycle ",0,"No ","Metropolitian ","Sunny","Jam ",1
"26/03/2022","9:20:00","9:25:00",15,"Buffet ",28,4.9,16,"scooter ",1,"No ","Metropolitian ","Fog","Low ",0
"12/02/2022","21:20:00","21:35:00",53,"Drinks ",37,4.5,7,"motorcycle ",0,"Yes ","Metropolitian ","Stormy","Jam ",1
"20/03/2022","20:40:00","20:45:00",50,"Buffet ",31,4.5,5,"motorcycle ",0,"No ","Urban ","Cloudy","Jam ",1
"23/03/2022","23:40:00","23:55:00",19,"Meal ",20,4.8,14,"scooter ",2,"No ","Metropolitian ","Sandstorms","Low ",1
"1/04/2022","8:30:00","8:45:00",22,"Meal ",33,4.9,23,"scooter ",2,"No ","Metropolitian ","Windy","Low ",1
"2/03/2022","17:30:00","17:45:00",14,"Buffet ",24,4.8,18,"motorcycle ",1,"No ","Urban ","Sunny","Medium ",1
"18/03/2022","22:45:00","22:50:00",22,"Snack ",37,4.8,3,"scooter ",2,"No ","Metropolitian ","Windy","Low ",0
"13/02/2022","17:35:00","17:45:00",17,"Meal ",36,5,5,"motorcycle ",2,"No ","Metropolitian ","Stormy","Medium ",0
"3/04/2022","17:20:00","17:30:00",34,"Meal ",35,5,8,"motorcycle ",1,"No ","Metropolitian ","Windy","Medium ",1
"27/03/2022","21:00:00","21:05:00",37,"Snack ",34,4.1,11,"motorcycle ",0,"No ","Metropolitian ","Sandstorms","Jam ",1
"13/03/2022","15:45:00","16:00:00",39,"Buffet ",37,4.9,23,"motorcycle ",0,"No ","Urban ","Stormy","Medium ",1
"4/04/2022","23:20:00","23:35:00",28,"Drinks ",37,4.5,23,"motorcycle ",2,"No ","Metropolitian ","Fog","Low ",1
"14/02/2022","21:00:00","21:05:00",53,"Drinks ",33,4.6,23,"motorcycle ",0,"Yes ","Urban ","Fog","Jam ",1
"4/03/2022","18:40:00","18:50:00",28,"Snack ",24,4.8,12,"motorcycle ",1,"No ","Metropolitian ","Fog","Medium ",1
"2/03/2022","21:20:00","21:30:00",31,"Meal ",27,4.6,13,"motorcycle ",0,"No ","Metropolitian ","Sandstorms","Jam ",1
"5/03/2022","17:55:00","18:10:00",17,"Drinks ",34,4.9,15,"motorcycle ",1,"No ","Metropolitian ","Sunny","Medium ",0
"2/03/2022","19:15:00","19:20:00",24,"Snack ",22,4.7,23,"motorcycle ",0,"No ","Metropolitian ","Sunny","Jam ",0
"3/04/2022","20:10:00","20:20:00",53,"Snack ",27,3.7,2,"motorcycle ",0,"No ","Urban ","Sunny","Jam ",3
"1/04/2022","19:15:00","19:30:00",25,"Snack ",33,4.6,23,"scooter ",1,"No ","Metropolitian ","Fog","Jam ",1
"3/04/2022","20:55:00","21:05:00",37,"Drinks ",35,5,11,"scooter ",1,"No ","Metropolitian ","Fog","Jam ",1
"14/03/2022","18:55:00","19:10:00",27,"Meal ",33,4.9,9,"scooter ",2,"No ","Metropolitian ","Windy","Medium ",1
"13/02/2022","11:55:00","12:10:00",16,"Buffet ",26,4.5,7,"scooter ",2,"No ","Metropolitian ","Sandstorms","High ",0
"12/03/2022","22:45:00","22:55:00",29,"Snack ",37,4.6,19,"scooter ",1,"No ","Urban ","Sunny","Low ",1
"16/03/2022","21:50:00","21:55:00",39,"Meal ",31,4.2,6,"scooter ",1,"No ","Metropolitian ","Cloudy","Jam ",1
"19/03/2022","10:00:00","10:15:00",19,"Buffet ",32,4.8,7,"electric_scooter ",2,"No ","Metropolitian ","Cloudy","Low ",1
"1/03/2022","14:40:00","14:45:00",15,"Buffet ",23,4.9,19,"scooter ",1,"No ","Urban ","Stormy","High ",1
"2/03/2022","17:40:00","17:50:00",18,"Buffet ",22,4.6,17,"electric_scooter ",2,"No ","Metropolitian ","Windy","Medium ",1
"13/02/2022","22:00:00","22:10:00",27,"Buffet ",27,4.8,9,"motorcycle ",2,"No ","Metropolitian ","Stormy","Jam ",0
"25/03/2022","19:35:00","19:40:00",46,"Buffet ",33,4.9,8,"motorcycle ",0,"No ","Metropolitian ","Stormy","Jam ",0
"7/03/2022","14:50:00","15:00:00",34,"Snack ",37,4.7,22,"motorcycle ",2,"No ","Metropolitian ","Fog","High ",1
"16/03/2022","19:00:00","19:05:00",37,"Meal ",37,4.4,16,"motorcycle ",0,"No ","Metropolitian ","Sandstorms","Medium ",1
"8/03/2022","0:00:00","0:15:00",15,"Snack ",37,5,19,"scooter ",2,"No ","Metropolitian ","Sunny","Low ",0
"17/02/2022","9:25:00","9:40:00",21,"Snack ",35,4,11,"motorcycle ",0,"No ","Metropolitian ","Sandstorms","Low ",1
"1/04/2022","8:45:00","9:00:00",13,"Drinks ",39,4.8,9,"scooter ",1,"No ","Metropolitian ","Sunny","Low ",1
"3/03/2022","11:50:00","11:55:00",34,"Meal ",39,4.7,21,"scooter ",1,"No ","Metropolitian ","Sandstorms","High ",0
"12/02/2022","23:20:00","23:35:00",31,"Drinks ",35,4.5,6,"electric_scooter ",2,"No ","Metropolitian ","Stormy","Low ",0
"30/03/2022","22:50:00","23:00:00",17,"Drinks ",21,4.8,21,"scooter ",2,"No ","Metropolitian ","Windy","Low ",0
"3/03/2022","11:50:00","12:00:00",18,"Drinks ",28,4.8,19,"motorcycle ",0,"No ","Metropolitian ","Sandstorms","High ",1
"1/04/2022","21:50:00","22:05:00",32,"Buffet ",32,4.1,6,"motorcycle ",1,"No ","Metropolitian ","Windy","Jam ",0
"2/03/2022","20:50:00","21:05:00",54,"Buffet ",34,4.6,18,"motorcycle ",0,"Yes ","Metropolitian ","Stormy","Jam ",2
"19/03/2022","9:35:00","9:40:00",19,"Buffet ",26,4.5,4,"motorcycle ",0,"No ","Urban ","Stormy","Low ",0
"5/04/2022","19:10:00","19:15:00",20,"Snack ",29,4.7,15,"motorcycle ",0,"No ","Urban ","Windy","Jam ",1
"3/03/2022","10:55:00","11:10:00",23,"Meal ",27,4.1,11,"motorcycle ",0,"No ","Metropolitian ","Sandstorms","Low ",1
"14/02/2022","20:40:00","20:45:00",37,"Buffet ",36,4.7,9,"scooter ",2,"No ","Metropolitian ","Fog","Jam ",0
"11/03/2022","17:55:00","18:10:00",23,"Snack ",26,4.8,21,"scooter ",2,"No ","Metropolitian ","Stormy","Medium ",1
"18/02/2022","18:30:00","18:45:00",23,"Buffet ",38,4.9,15,"motorcycle ",2,"No ","Urban ","Windy","Medium ",1
"10/03/2022","19:30:00","19:45:00",33,"Meal ",36,4.4,13,"motorcycle ",2,"No ","Metropolitian ","Stormy","Jam ",1
"6/03/2022","22:50:00","23:05:00",24,"Buffet ",36,4.7,16,"scooter ",1,"No ","Urban ","Stormy","Low ",1
"18/03/2022","21:40:00","21:50:00",44,"Drinks ",30,4.9,12,"motorcycle ",0,"No ","Metropolitian ","Stormy","Jam ",1
"15/02/2022","8:20:00","8:35:00",14,"Snack ",20,4.5,8,"motorcycle ",1,"No ","Metropolitian ","Stormy","Low ",0
"10/03/2022","23:25:00","23:30:00",23,"Buffet ",21,4.5,12,"scooter ",1,"No ","Metropolitian ","Fog","Low ",1
"14/03/2022","18:25:00","18:35:00",39,"Meal ",35,4.7,21,"motorcycle ",0,"No ","Metropolitian ","Cloudy","Medium ",1
"24/03/2022","20:10:00","20:15:00",15,"Meal ",31,4.7,19,"electric_scooter ",2,"No ","Urban ","Sunny","Jam ",1
"5/03/2022","12:40:00","12:50:00",46,"Drinks ",37,4.7,12,"motorcycle ",0,"Yes ","Metropolitian ","Windy","High ",1
"26/03/2022","12:00:00","12:15:00",28,"Meal ",39,4.7,23,"motorcycle ",0,"No ","Metropolitian ","Cloudy","High ",0
"28/03/2022","10:55:00","11:10:00",27,"Buffet ",39,4.9,9,"scooter ",1,"No ","Metropolitian ","Stormy","Low ",1
"4/03/2022","19:45:00","19:55:00",28,"Meal ",38,5,23,"motorcycle ",1,"No ","Metropolitian ","Stormy","Jam ",0
"29/03/2022","18:15:00","18:25:00",32,"Snack ",37,4.6,13,"motorcycle ",1,"No ","Metropolitian ","Cloudy","Medium ",1
"13/03/2022","16:40:00","16:45:00",17,"Drinks ",38,4.9,18,"scooter ",1,"No ","Urban ","Fog","Medium ",1
"4/04/2022","18:50:00","19:05:00",33,"Meal ",39,4,11,"scooter ",1,"No ","Metropolitian ","Cloudy","Medium ",1
"1/03/2022","22:50:00","23:00:00",19,"Meal ",37,4.8,16,"scooter ",2,"No ","Metropolitian ","Sunny","Low ",0
"11/02/2022","10:30:00","10:35:00",17,"Meal ",36,4.8,22,"scooter ",2,"No ","Urban ","Fog","Low ",1
"5/03/2022","11:30:00","11:45:00",37,"Meal ",38,4.3,17,"scooter ",2,"No ","Metropolitian ","Fog","High ",1
"11/03/2022","8:35:00","8:40:00",23,"Buffet ",28,4,6,"motorcycle ",0,"No ","Metropolitian ","Sandstorms","Low ",0
"7/03/2022","13:30:00","13:45:00",21,"Drinks ",36,4.8,9,"motorcycle ",0,"No ","Metropolitian ","Sunny","High ",0
"6/03/2022","20:15:00","20:30:00",23,"Drinks ",27,4.8,18,"scooter ",1,"No ","Metropolitian ","Stormy","Jam ",0
"21/03/2022","19:25:00","19:40:00",38,"Buffet ",32,4.7,18,"motorcycle ",1,"No ","Urban ","Fog","Jam ",0
"29/03/2022","20:25:00","20:40:00",44,"Buffet ",34,4.5,11,"motorcycle ",0,"No ","Metropolitian ","Cloudy","Jam ",1
"6/04/2022","22:40:00","22:45:00",19,"Drinks ",21,4.7,19,"motorcycle ",1,"No ","Urban ","Sandstorms","Low ",1
"25/03/2022","20:50:00","21:05:00",26,"Buffet ",28,4.8,13,"motorcycle ",0,"No ","Metropolitian ","Windy","Jam ",1
"17/02/2022","20:30:00","20:35:00",33,"Meal ",38,4.7,5,"scooter ",1,"No ","Metropolitian ","Fog","Jam ",1
"13/03/2022","21:00:00","21:05:00",27,"Meal ",36,4.6,16,"scooter ",2,"No ","Metropolitian ","Fog","Jam ",1
"5/03/2022","19:20:00","19:35:00",37,"Snack ",33,4.3,14,"electric_scooter ",2,"No ","Metropolitian ","Fog","Jam ",0
"25/03/2022","23:15:00","23:20:00",44,"Buffet ",38,4.4,1,"motorcycle ",0,"No ","Metropolitian ","Cloudy","Low ",3
"8/03/2022","23:10:00","23:15:00",18,"Drinks ",27,4.6,16,"scooter ",2,"No ","Metropolitian ","Windy","Low ",0
"15/02/2022","18:15:00","18:25:00",30,"Drinks ",30,4.5,4,"electric_scooter ",2,"No ","Urban ","Windy","Medium ",0
"19/03/2022","10:35:00","10:40:00",27,"Meal ",38,4.2,13,"motorcycle ",0,"No ","Metropolitian ","Sandstorms","Low ",1
"21/03/2022","17:40:00","17:45:00",28,"Meal ",24,5,23,"motorcycle ",0,"No ","Metropolitian ","Cloudy","Medium ",1
"12/02/2022","20:15:00","20:30:00",28,"Drinks ",38,5,16,"electric_scooter ",2,"No ","Urban ","Sunny","Jam ",1
"18/03/2022","19:45:00","19:55:00",43,"Buffet ",31,4.7,23,"motorcycle ",0,"No ","Metropolitian ","Cloudy","Jam ",0
"17/02/2022","9:10:00","9:25:00",22,"Drinks ",20,4.4,3,"motorcycle ",0,"No ","Metropolitian ","Sandstorms","Low ",1
"30/03/2022","10:30:00","10:35:00",26,"Buffet ",29,4.2,23,"motorcycle ",0,"No ","Urban ","Sandstorms","Low ",1
"3/03/2022","11:10:00","11:15:00",25,"Meal ",30,4.9,15,"motorcycle ",1,"No ","Metropolitian ","Windy","High ",1
"6/04/2022","18:55:00","19:00:00",13,"Meal ",28,4.5,5,"motorcycle ",2,"No ","Metropolitian ","Sunny","Medium ",0
"6/04/2022","21:15:00","21:30:00",17,"Meal ",28,4.9,16,"motorcycle ",0,"No ","Metropolitian ","Sunny","Jam ",0
"5/03/2022","15:00:00","15:05:00",24,"Drinks ",27,5,21,"motorcycle ",0,"No ","Metropolitian ","Fog","High ",0
"15/03/2022","14:35:00","14:50:00",38,"Snack ",38,4.9,18,"motorcycle ",1,"No ","Metropolitian ","Fog","High ",0
"11/02/2022","10:40:00","10:50:00",17,"Snack ",28,5,18,"scooter ",1,"No ","Urban ","Cloudy","Low ",1
"3/04/2022","10:25:00","10:35:00",16,"Drinks ",28,4.6,21,"scooter ",1,"No ","Urban ","Sandstorms","Low ",1
"5/03/2022","11:50:00","11:55:00",26,"Buffet ",21,4.6,17,"motorcycle ",0,"No ","Metropolitian ","Stormy","High ",1
"29/03/2022","18:55:00","19:10:00",35,"Meal ",25,4.6,8,"motorcycle ",1,"No ","Metropolitian ","Cloudy","Medium ",1
"20/03/2022","21:15:00","21:25:00",27,"Drinks ",35,4.8,21,"scooter ",2,"No ","Metropolitian ","Stormy","Jam ",1
"5/03/2022","16:40:00","16:50:00",36,"Snack ",38,4.3,18,"motorcycle ",0,"No ","Metropolitian ","Sunny","Medium ",1
"1/03/2022","18:25:00","18:40:00",31,"Drinks ",32,5,13,"scooter ",2,"No ","Metropolitian ","Stormy","Medium ",1
"11/02/2022","13:40:00","13:45:00",32,"Drinks ",33,4.8,9,"scooter ",1,"No ","Metropolitian ","Windy","High ",0
"26/03/2022","9:10:00","9:20:00",23,"Snack ",26,4.8,19,"scooter ",2,"No ","Metropolitian ","Sunny","Low ",1
"2/03/2022","17:30:00","17:45:00",24,"Buffet ",23,4.9,15,"motorcycle ",0,"No ","Urban ","Stormy","Medium ",0
"2/03/2022","18:35:00","18:50:00",32,"Meal ",37,4.6,19,"motorcycle ",0,"No ","Metropolitian ","Stormy","Medium ",0
"4/03/2022","21:25:00","21:40:00",42,"Buffet ",32,4.7,14,"motorcycle ",0,"Yes ","Metropolitian ","Sandstorms","Jam ",2
"31/03/2022","21:35:00","21:50:00",35,"Snack ",36,3.7,3,"scooter ",2,"No ","Metropolitian ","Sandstorms","Jam ",1
"8/03/2022","20:55:00","21:00:00",49,"Meal ",36,4.8,9,"motorcycle ",2,"Yes ","Metropolitian ","Sunny","Jam ",1
"19/03/2022","8:35:00","8:45:00",26,"Drinks ",33,4.6,15,"scooter ",1,"No ","Metropolitian ","Sandstorms","Low ",0
"31/03/2022","17:50:00","17:55:00",47,"Snack ",30,4.1,5,"motorcycle ",0,"No ","Metropolitian ","Stormy","Medium ",1
"3/03/2022","10:35:00","10:50:00",19,"Drinks ",37,4.7,22,"motorcycle ",1,"No ","Metropolitian ","Fog","Low ",0
"26/03/2022","10:25:00","10:35:00",29,"Meal ",22,4.2,1,"motorcycle ",0,"No ","Urban ","Sandstorms","Low ",0
"10/03/2022","18:25:00","18:40:00",44,"Buffet ",31,4.8,12,"motorcycle ",0,"No ","Metropolitian ","Windy","Medium ",1
"30/03/2022","18:50:00","19:05:00",12,"Snack ",29,4.5,13,"scooter ",2,"No ","Metropolitian ","Sunny","Medium ",1
"5/03/2022","10:20:00","10:30:00",15,"Buffet ",24,4.9,9,"motorcycle ",1,"No ","Metropolitian ","Sunny","Low ",1
"21/03/2022","10:45:00","11:00:00",26,"Drinks ",36,4.1,17,"motorcycle ",0,"No ","Metropolitian ","Stormy","Low ",0
"30/03/2022","22:25:00","22:40:00",15,"Drinks ",29,4.2,23,"motorcycle ",0,"No ","Metropolitian ","Stormy","Low ",1
"18/02/2022","0:00:00","0:15:00",23,"Snack ",22,4.5,3,"motorcycle ",0,"No ","Metropolitian ","Fog","Low ",1
"28/03/2022","20:35:00","20:40:00",29,"Snack ",39,4.6,7,"motorcycle ",1,"No ","Metropolitian ","Sandstorms","Jam ",1
"4/03/2022","23:45:00","0:00:00",13,"Meal ",22,4.9,19,"electric_scooter ",2,"No ","Metropolitian ","Stormy","Low ",1
"12/02/2022","20:35:00","20:45:00",30,"Snack ",23,4.6,8,"motorcycle ",0,"No ","Metropolitian ","Sandstorms","Jam ",1
"21/03/2022","23:00:00","23:15:00",19,"Meal ",36,4.7,16,"motorcycle ",2,"No ","Urban ","Cloudy","Low ",1
"4/04/2022","19:45:00","19:55:00",37,"Buffet ",23,4,2,"scooter ",1,"No ","Metropolitian ","Fog","Jam ",1
"2/03/2022","17:10:00","17:25:00",34,"Buffet ",33,4.9,15,"scooter ",2,"No ","Metropolitian ","Fog","Medium ",1
"25/03/2022","20:40:00","20:50:00",39,"Drinks ",22,4.1,3,"scooter ",2,"No ","Metropolitian ","Fog","Jam ",1
"16/03/2022","17:45:00","18:00:00",19,"Snack ",29,4.8,19,"motorcycle ",1,"No ","Urban ","Stormy","Medium ",1
"7/03/2022","22:35:00","22:50:00",28,"Buffet ",31,4.8,9,"motorcycle ",0,"No ","Metropolitian ","Fog","Low ",1
"12/02/2022","22:15:00","22:30:00",20,"Drinks ",24,5,19,"scooter ",1,"No ","Urban ","Fog","Low ",1
"13/03/2022","15:10:00","15:25:00",29,"Buffet ",20,4.5,17,"scooter ",1,"No ","Metropolitian ","Windy","Medium ",1
"13/03/2022","18:10:00","18:15:00",24,"Snack ",31,4.8,12,"motorcycle ",0,"No ","Metropolitian ","Sunny","Medium ",1
"8/03/2022","17:40:00","17:50:00",39,"Meal ",30,4.5,12,"motorcycle ",1,"No ","Metropolitian ","Stormy","Medium ",2
"15/03/2022","13:25:00","13:35:00",17,"Meal ",29,4.7,9,"scooter ",2,"No ","Metropolitian ","Windy","High ",0
"20/03/2022","18:55:00","19:05:00",26,"Buffet ",20,4.7,23,"motorcycle ",0,"No ","Urban ","Sunny","Medium ",1
"24/03/2022","21:25:00","21:30:00",32,"Snack ",28,4,3,"motorcycle ",1,"No ","Metropolitian ","Cloudy","Jam ",0
"8/03/2022","22:55:00","23:00:00",15,"Meal ",35,4.6,15,"motorcycle ",2,"No ","Metropolitian ","Stormy","Low ",1
"7/03/2022","16:55:00","17:05:00",27,"Meal ",35,4.9,17,"motorcycle ",0,"No ","Metropolitian ","Fog","Medium ",1
"3/04/2022","14:00:00","14:10:00",32,"Drinks ",25,4.7,12,"motorcycle ",0,"No ","Metropolitian ","Windy","High ",1
"5/03/2022","11:50:00","11:55:00",26,"Buffet ",21,4.6,17,"motorcycle ",0,"No ","Metropolitian ","Stormy","High ",1
"5/03/2022","8:40:00","8:45:00",17,"Meal ",28,4.9,18,"scooter ",1,"No ","Metropolitian ","Sunny","Low ",0
"12/03/2022","18:40:00","18:50:00",13,"Meal ",28,4.7,22,"motorcycle ",1,"No ","Metropolitian ","Sunny","Medium ",0
"28/03/2022","22:30:00","22:40:00",13,"Snack ",20,4.5,23,"scooter ",2,"No ","Metropolitian ","Windy","Low ",1
"15/02/2022","9:10:00","9:20:00",17,"Snack ",28,4.6,2,"motorcycle ",0,"No ","Metropolitian ","Fog","Low ",0
"18/02/2022","20:00:00","20:05:00",26,"Drinks ",28,4.8,2,"motorcycle ",0,"No ","Metropolitian ","Sandstorms","Jam ",1
"26/03/2022","17:15:00","17:25:00",27,"Drinks ",39,4.6,18,"motorcycle ",0,"No ","Urban ","Stormy","Medium ",1
"9/03/2022","8:30:00","8:40:00",23,"Buffet ",39,4.9,14,"motorcycle ",1,"No ","Metropolitian ","Stormy","Low ",1
"29/03/2022","22:20:00","22:35:00",23,"Buffet ",25,4.6,22,"motorcycle ",0,"No ","Metropolitian ","Fog","Low ",1
"4/03/2022","19:50:00","19:55:00",27,"Snack ",31,4.6,21,"motorcycle ",2,"No ","Metropolitian ","Stormy","Jam ",0
"9/03/2022","10:40:00","10:55:00",28,"Snack ",32,4.7,18,"motorcycle ",2,"No ","Metropolitian ","Sandstorms","Low ",1
"1/03/2022","10:15:00","10:30:00",11,"Drinks ",27,4.7,22,"motorcycle ",0,"No ","Metropolitian ","Sunny","Low ",1
"17/02/2022","11:15:00","11:30:00",36,"Meal ",33,4.7,18,"motorcycle ",0,"No ","Urban ","Windy","High ",1
"11/02/2022","12:00:00","12:10:00",48,"Drinks ",31,4.4,2,"motorcycle ",0,"No ","Metropolitian ","Windy","High ",2
"10/03/2022","23:55:00","0:00:00",38,"Meal ",34,4.3,6,"motorcycle ",0,"No ","Urban ","Fog","Low ",2
"5/03/2022","14:50:00","15:05:00",33,"Buffet ",22,4.6,19,"electric_scooter ",2,"No ","Urban ","Stormy","High ",1
"18/02/2022","22:25:00","22:30:00",19,"Snack ",25,4.7,6,"scooter ",1,"No ","Metropolitian ","Sandstorms","Low ",1
"12/02/2022","22:00:00","22:15:00",20,"Buffet ",37,4.8,15,"scooter ",1,"No ","Urban ","Sunny","Jam ",0
"31/03/2022","22:10:00","22:15:00",27,"Buffet ",39,4.7,1,"scooter ",1,"No ","Urban ","Fog","Low ",0
"14/03/2022","22:30:00","22:35:00",29,"Buffet ",21,4.5,21,"scooter ",2,"No ","Metropolitian ","Fog","Low ",1
"5/03/2022","22:15:00","22:30:00",22,"Buffet ",24,4.8,13,"motorcycle ",1,"No ","Metropolitian ","Sunny","Low ",1
"25/03/2022","17:55:00","18:10:00",43,"Buffet ",34,4.6,2,"scooter ",2,"No ","Metropolitian ","Fog","Medium ",1
"11/03/2022","12:40:00","12:50:00",10,"Buffet ",24,4.6,23,"motorcycle ",1,"No ","Metropolitian ","Sunny","High ",0
"21/03/2022","22:30:00","22:40:00",22,"Buffet ",34,4.8,9,"electric_scooter ",2,"No ","Metropolitian ","Windy","Low ",0
"24/03/2022","22:25:00","22:40:00",31,"Drinks ",36,4.1,6,"motorcycle ",0,"No ","Metropolitian ","Sandstorms","Low ",1
"3/04/2022","11:55:00","12:05:00",31,"Buffet ",34,5,13,"scooter ",2,"No ","Metropolitian ","Stormy","High ",1
"20/03/2022","21:00:00","21:15:00",43,"Meal ",34,4.4,6,"motorcycle ",0,"No ","Urban ","Sandstorms","Jam ",1
"20/03/2022","22:50:00","22:55:00",20,"Drinks ",25,4.8,17,"scooter ",2,"No ","Metropolitian ","Cloudy","Low ",0
"18/02/2022","21:10:00","21:15:00",27,"Meal ",21,4.5,4,"motorcycle ",0,"No ","Metropolitian ","Sandstorms","Jam ",1
"11/02/2022","14:10:00","14:25:00",35,"Drinks ",31,4.7,6,"motorcycle ",0,"No ","Metropolitian ","Sandstorms","High ",1
"19/03/2022","21:50:00","22:00:00",30,"Drinks ",31,4.9,16,"motorcycle ",0,"No ","Metropolitian ","Cloudy","Jam ",1
"3/03/2022","23:35:00","23:45:00",21,"Meal ",34,4.8,14,"motorcycle ",0,"No ","Metropolitian ","Fog","Low ",1
"5/03/2022","20:45:00","21:00:00",29,"Drinks ",26,4.7,23,"motorcycle ",1,"No ","Metropolitian ","Sunny","Jam ",1
"17/02/2022","21:15:00","21:25:00",17,"Drinks ",35,4.7,6,"electric_scooter ",2,"No ","Metropolitian ","Sandstorms","Jam ",1
"14/03/2022","18:00:00","18:10:00",31,"Snack ",26,4.1,3,"motorcycle ",1,"No ","Metropolitian ","Cloudy","Medium ",1
"2/03/2022","19:35:00","19:45:00",46,"Drinks ",37,4.9,9,"motorcycle ",0,"Yes ","Metropolitian ","Fog","Jam ",1
"23/03/2022","23:30:00","23:35:00",37,"Meal ",36,3.5,6,"scooter ",2,"No ","Metropolitian ","Cloudy","Low ",2
"11/03/2022","22:50:00","23:05:00",26,"Meal ",35,4.7,15,"motorcycle ",0,"No ","Metropolitian ","Cloudy","Low ",1
"15/02/2022","11:50:00","12:05:00",30,"Buffet ",33,4.7,7,"motorcycle ",0,"No ","Metropolitian ","Stormy","High ",1
"19/03/2022","9:30:00","9:40:00",28,"Snack ",36,4.8,21,"motorcycle ",2,"No ","Urban ","Sandstorms","Low ",1
"12/02/2022","18:25:00","18:40:00",26,"Buffet ",28,4.8,17,"motorcycle ",0,"No ","Urban ","Windy","Medium ",0
"16/03/2022","17:50:00","18:05:00",30,"Drinks ",33,4.8,12,"electric_scooter ",2,"No ","Metropolitian ","Fog","Medium ",1
"3/04/2022","10:40:00","10:45:00",25,"Meal ",33,4.7,9,"electric_scooter ",2,"No ","Metropolitian ","Sandstorms","Low ",1
"17/03/2022","8:50:00","9:00:00",22,"Snack ",22,5,19,"motorcycle ",0,"No ","Urban ","Fog","Low ",1
"1/04/2022","8:45:00","8:55:00",26,"Buffet ",21,4.3,9,"motorcycle ",0,"No ","Metropolitian ","Sandstorms","Low ",1
"1/04/2022","18:00:00","18:15:00",18,"Snack ",27,4.5,9,"scooter ",1,"No ","Metropolitian ","Fog","Medium ",1
"1/03/2022","16:10:00","16:25:00",18,"Drinks ",35,4.7,3,"scooter ",1,"No ","Metropolitian ","Stormy","Medium ",1
"17/02/2022","13:50:00","14:05:00",22,"Snack ",28,4.8,16,"motorcycle ",0,"No ","Urban ","Cloudy","High ",1
"1/03/2022","18:10:00","18:15:00",24,"Snack ",26,5,21,"motorcycle ",0,"No ","Metropolitian ","Fog","Medium ",0
"21/03/2022","21:00:00","21:10:00",28,"Buffet ",39,4.6,9,"motorcycle ",0,"No ","Metropolitian ","Fog","Jam ",1
"5/04/2022","0:00:00","0:10:00",19,"Buffet ",20,5,17,"scooter ",1,"No ","Metropolitian ","Sunny","Low ",1
"17/02/2022","11:10:00","11:15:00",31,"Buffet ",34,4.4,6,"scooter ",1,"No ","Metropolitian ","Fog","High ",1
"14/02/2022","18:35:00","18:45:00",21,"Meal ",20,4.6,7,"motorcycle ",0,"No ","Metropolitian ","Windy","Medium ",0
"31/03/2022","21:40:00","21:45:00",37,"Buffet ",22,4,23,"motorcycle ",0,"No ","Urban ","Sandstorms","Jam ",1
"30/03/2022","22:45:00","23:00:00",24,"Buffet ",34,4.3,21,"motorcycle ",0,"No ","Metropolitian ","Sandstorms","Low ",1
"8/03/2022","21:35:00","21:50:00",25,"Snack ",35,4.8,9,"motorcycle ",0,"No ","Metropolitian ","Sunny","Jam ",0
"25/03/2022","20:10:00","20:20:00",46,"Snack ",36,4.9,17,"motorcycle ",0,"No ","Urban ","Fog","Jam ",3
"13/03/2022","16:40:00","16:45:00",20,"Meal ",28,4.8,22,"motorcycle ",0,"No ","Metropolitian ","Stormy","Medium ",1
"31/03/2022","20:35:00","20:45:00",51,"Buffet ",34,4.8,4,"motorcycle ",0,"No ","Metropolitian ","Fog","Jam ",1
"16/02/2022","21:50:00","22:05:00",41,"Snack ",39,4.4,5,"scooter ",1,"No ","Metropolitian ","Fog","Jam ",0
"11/03/2022","18:35:00","18:45:00",25,"Meal ",38,4.9,19,"motorcycle ",1,"No ","Urban ","Stormy","Medium ",1
"31/03/2022","21:20:00","21:30:00",25,"Buffet ",21,4.7,13,"motorcycle ",0,"No ","Metropolitian ","Windy","Jam ",1
"19/03/2022","23:25:00","23:35:00",29,"Meal ",38,4.7,7,"motorcycle ",0,"No ","Metropolitian ","Cloudy","Low ",1
"16/02/2022","18:15:00","18:25:00",34,"Buffet ",36,4.8,23,"scooter ",1,"No ","Urban ","Fog","Medium ",1
"5/03/2022","14:20:00","14:30:00",33,"Drinks ",36,4.6,14,"scooter ",1,"No ","Metropolitian ","Stormy","High ",1
"16/02/2022","23:40:00","23:55:00",14,"Buffet ",24,4.8,23,"scooter ",2,"No ","Urban ","Stormy","Low ",1
"2/03/2022","23:45:00","23:50:00",23,"Snack ",23,4.6,15,"motorcycle ",0,"No ","Metropolitian ","Fog","Low ",1
"13/02/2022","13:30:00","13:45:00",31,"Meal ",29,4,14,"motorcycle ",1,"No ","Metropolitian ","Fog","High ",1
"1/04/2022","22:35:00","22:50:00",15,"Drinks ",31,4.7,23,"scooter ",1,"No ","Urban ","Fog","Low ",0
"25/03/2022","22:20:00","22:25:00",18,"Buffet ",35,4.6,15,"motorcycle ",2,"No ","Metropolitian ","Sunny","Low ",0
"2/03/2022","23:25:00","23:40:00",24,"Drinks ",38,4.8,23,"motorcycle ",0,"No ","Metropolitian ","Sunny","Low ",1
"12/02/2022","23:10:00","23:20:00",19,"Buffet ",39,4.5,6,"scooter ",2,"No ","Metropolitian ","Sunny","Low ",0
"11/02/2022","19:15:00","19:20:00",29,"Buffet ",37,4.7,6,"motorcycle ",2,"No ","Metropolitian ","Windy","Jam ",1
"17/02/2022","10:55:00","11:05:00",25,"Buffet ",24,4.2,3,"motorcycle ",0,"No ","Metropolitian ","Stormy","Low ",1
"1/04/2022","12:10:00","12:25:00",27,"Meal ",34,4.6,23,"motorcycle ",0,"No ","Metropolitian ","Cloudy","High ",1
"28/03/2022","11:55:00","12:00:00",27,"Snack ",38,4.6,9,"motorcycle ",0,"No ","Metropolitian ","Cloudy","High ",1
"10/03/2022","21:50:00","22:05:00",51,"Buffet ",33,4.3,14,"motorcycle ",0,"No ","Metropolitian ","Windy","Jam ",0
"21/03/2022","20:35:00","20:45:00",11,"Snack ",22,4.9,18,"scooter ",2,"No ","Urban ","Sunny","Jam ",0
"4/03/2022","17:15:00","17:30:00",42,"Drinks ",35,4,3,"scooter ",1,"No ","Metropolitian ","Stormy","Medium ",1
"2/04/2022","20:50:00","21:05:00",36,"Meal ",24,4.4,12,"motorcycle ",0,"No ","Metropolitian ","Sandstorms","Jam ",0
"11/03/2022","11:35:00","11:50:00",22,"Snack ",23,4.9,17,"scooter ",2,"No ","Metropolitian ","Stormy","High ",0
"8/03/2022","17:15:00","17:20:00",26,"Buffet ",32,4.7,19,"motorcycle ",2,"No ","Metropolitian ","Stormy","Medium ",1
"5/03/2022","20:10:00","20:25:00",21,"Snack ",39,4.7,15,"scooter ",2,"No ","Urban ","Stormy","Jam ",1
"23/03/2022","17:15:00","17:20:00",26,"Buffet ",26,4.9,19,"motorcycle ",1,"No ","Metropolitian ","Windy","Medium ",1
"14/03/2022","21:55:00","22:10:00",18,"Buffet ",29,4.7,13,"motorcycle ",2,"No ","Metropolitian ","Stormy","Jam ",1
"16/03/2022","17:15:00","17:20:00",26,"Meal ",29,4.8,17,"scooter ",1,"No ","Urban ","Stormy","Medium ",1
"20/03/2022","21:20:00","21:35:00",34,"Snack ",32,4.3,3,"scooter ",2,"No ","Metropolitian ","Stormy","Jam ",0
"31/03/2022","23:50:00","23:55:00",24,"Drinks ",27,5,9,"motorcycle ",0,"No ","Metropolitian ","Sandstorms","Low ",1
"16/03/2022","22:10:00","22:20:00",29,"Drinks ",36,4.7,17,"motorcycle ",1,"No ","Metropolitian ","Cloudy","Low ",1
"30/03/2022","20:15:00","20:25:00",46,"Snack ",37,4.8,11,"motorcycle ",0,"No ","Metropolitian ","Windy","Jam ",1
"17/02/2022","11:10:00","11:20:00",25,"Meal ",33,4.9,6,"motorcycle ",0,"No ","Metropolitian ","Fog","High ",1
"11/03/2022","8:45:00","8:55:00",28,"Snack ",38,4.3,23,"motorcycle ",0,"No ","Metropolitian ","Sandstorms","Low ",0
"26/03/2022","10:35:00","10:50:00",16,"Drinks ",21,4.7,9,"motorcycle ",2,"No ","Metropolitian ","Cloudy","Low ",0
"25/03/2022","17:45:00","17:55:00",42,"Buffet ",34,4.6,3,"motorcycle ",0,"Yes ","Metropolitian ","Fog","Medium ",0
"13/03/2022","23:20:00","23:35:00",18,"Meal ",37,4.8,13,"scooter ",1,"No ","Metropolitian ","Sunny","Low ",1
"28/03/2022","18:55:00","19:10:00",29,"Meal ",33,4.5,7,"motorcycle ",0,"No ","Metropolitian ","Fog","Medium ",1
"2/04/2022","21:35:00","21:40:00",45,"Meal ",28,4.7,13,"motorcycle ",0,"No ","Metropolitian ","Cloudy","Jam ",2
"3/04/2022","10:35:00","10:45:00",15,"Snack ",28,4.5,21,"scooter ",1,"No ","Metropolitian ","Fog","Low ",1
"13/02/2022","16:50:00","17:05:00",28,"Drinks ",36,4.6,5,"motorcycle ",1,"No ","Metropolitian ","Windy","Medium ",0
"23/03/2022","18:45:00","18:50:00",28,"Meal ",25,4.6,14,"motorcycle ",1,"No ","Metropolitian ","Sandstorms","Medium ",1
"13/03/2022","14:50:00","14:55:00",28,"Buffet ",34,4.8,23,"motorcycle ",0,"No ","Metropolitian ","Fog","High ",1
"30/03/2022","14:35:00","14:50:00",26,"Buffet ",28,4.8,16,"electric_scooter ",2,"No ","Metropolitian ","Windy","High ",1
"2/03/2022","22:10:00","22:25:00",11,"Meal ",23,4.7,17,"motorcycle ",1,"No ","Urban ","Stormy","Low ",1
"1/03/2022","10:40:00","10:55:00",13,"Drinks ",39,4.7,9,"scooter ",1,"No ","Metropolitian ","Sunny","Low ",0
"29/03/2022","19:10:00","19:15:00",54,"Snack ",32,4.3,3,"motorcycle ",0,"Yes ","Semi-Urban ","Windy","Jam ",1
"19/03/2022","20:50:00","21:00:00",33,"Snack ",37,4.6,12,"motorcycle ",0,"No ","Metropolitian ","Cloudy","Jam ",1
"2/03/2022","20:45:00","20:50:00",30,"Buffet ",23,4.5,16,"motorcycle ",0,"No ","Metropolitian ","Windy","Jam ",1
"31/03/2022","20:25:00","20:30:00",36,"Meal ",27,4.2,3,"scooter ",2,"No ","Metropolitian ","Fog","Jam ",2
"19/03/2022","11:30:00","11:40:00",18,"Snack ",33,5,8,"scooter ",2,"No ","Metropolitian ","Sunny","High ",1
"27/03/2022","23:20:00","23:35:00",11,"Drinks ",28,4.7,17,"motorcycle ",2,"No ","Urban ","Stormy","Low ",0
"28/03/2022","17:10:00","17:25:00",28,"Drinks ",26,4.7,19,"motorcycle ",0,"No ","Metropolitian ","Fog","Medium ",0
"25/03/2022","19:25:00","19:30:00",38,"Snack ",29,4.6,8,"motorcycle ",0,"No ","Metropolitian ","Sandstorms","Jam ",1
"25/03/2022","21:00:00","21:15:00",25,"Meal ",20,4.9,23,"scooter ",1,"No ","Metropolitian ","Stormy","Jam ",1
"20/03/2022","23:50:00","23:55:00",28,"Drinks ",21,4.8,18,"electric_scooter ",2,"No ","Urban ","Sunny","Low ",1
"3/04/2022","14:40:00","14:45:00",23,"Drinks ",39,4.7,22,"motorcycle ",2,"No ","Metropolitian ","Sunny","High ",0
"4/03/2022","23:30:00","23:45:00",18,"Drinks ",34,4.8,21,"scooter ",2,"No ","Metropolitian ","Windy","Low ",0
"19/03/2022","18:10:00","18:15:00",17,"Drinks ",20,4.6,3,"motorcycle ",0,"No ","Metropolitian ","Stormy","Medium ",1
"11/02/2022","22:25:00","22:40:00",20,"Buffet ",37,4.7,8,"motorcycle ",0,"No ","Metropolitian ","Fog","Low ",1
"26/03/2022","11:30:00","11:45:00",32,"Buffet ",39,4.1,9,"motorcycle ",1,"No ","Metropolitian ","Cloudy","High ",0
"1/04/2022","20:15:00","20:30:00",27,"Snack ",30,5,9,"motorcycle ",2,"No ","Metropolitian ","Windy","Jam ",0
"15/02/2022","15:45:00","15:55:00",16,"Snack ",33,4.9,2,"scooter ",2,"No ","Metropolitian ","Fog","Medium ",0
"21/03/2022","22:35:00","22:50:00",23,"Snack ",21,4.5,21,"motorcycle ",0,"No ","Metropolitian ","Windy","Low ",1
"30/03/2022","23:55:00","0:05:00",16,"Drinks ",30,5,3,"scooter ",2,"No ","Urban ","Cloudy","Low ",1
"19/03/2022","8:40:00","8:55:00",19,"Drinks ",26,4.7,15,"motorcycle ",0,"No ","Metropolitian ","Cloudy","Low ",0
"4/03/2022","23:30:00","23:45:00",21,"Meal ",21,4.7,15,"motorcycle ",0,"No ","Metropolitian ","Fog","Low ",1
"25/03/2022","21:25:00","21:35:00",36,"Snack ",39,3.9,8,"motorcycle ",2,"No ","Metropolitian ","Sandstorms","Jam ",2
"19/03/2022","19:50:00","19:55:00",30,"Buffet ",25,4.7,12,"scooter ",2,"No ","Metropolitian ","Fog","Jam ",1
"6/04/2022","17:15:00","17:20:00",39,"Drinks ",28,4.2,2,"motorcycle ",2,"No ","Metropolitian ","Fog","Medium ",1
"4/04/2022","17:45:00","18:00:00",36,"Drinks ",27,4.1,1,"motorcycle ",2,"No ","Metropolitian ","Fog","Medium ",0
"17/02/2022","17:10:00","17:15:00",18,"Snack ",34,4.7,15,"motorcycle ",1,"No ","Urban ","Fog","Medium ",0
"30/03/2022","21:50:00","22:05:00",14,"Drinks ",28,4.8,16,"electric_scooter ",2,"No ","Metropolitian ","Sandstorms","Jam ",1
"13/02/2022","9:45:00","10:00:00",28,"Meal ",24,4.2,4,"motorcycle ",0,"No ","Metropolitian ","Windy","Low ",1
"17/03/2022","23:15:00","23:30:00",15,"Drinks ",21,4.8,21,"motorcycle ",1,"No ","Urban ","Sunny","Low ",0
"19/03/2022","19:35:00","19:40:00",27,"Meal ",25,5,13,"motorcycle ",0,"No ","Metropolitian ","Stormy","Jam ",1
"3/04/2022","8:55:00","9:00:00",18,"Drinks ",32,4.8,9,"scooter ",2,"No ","Metropolitian ","Fog","Low ",1
"19/03/2022","19:15:00","19:30:00",32,"Buffet ",31,4.3,12,"motorcycle ",1,"No ","Metropolitian ","Fog","Jam ",1
"5/03/2022","21:25:00","21:35:00",29,"Buffet ",37,4.8,15,"motorcycle ",0,"No ","Metropolitian ","Sunny","Jam ",1
"25/03/2022","22:30:00","22:40:00",15,"Buffet ",23,5,22,"motorcycle ",2,"No ","Metropolitian ","Stormy","Low ",1
"26/03/2022","19:30:00","19:45:00",35,"Buffet ",32,4.4,1,"electric_scooter ",2,"No ","Metropolitian ","Cloudy","Jam ",0
"14/03/2022","21:30:00","21:45:00",38,"Meal ",33,4.8,13,"scooter ",2,"No ","Metropolitian ","Fog","Jam ",1
"15/02/2022","11:55:00","12:00:00",28,"Drinks ",24,4.8,9,"motorcycle ",1,"No ","Metropolitian ","Sandstorms","High ",1
"31/03/2022","23:15:00","23:25:00",29,"Meal ",31,4.7,4,"scooter ",2,"No ","Metropolitian ","Windy","Low ",0
"13/02/2022","8:40:00","8:55:00",13,"Meal ",26,5,15,"motorcycle ",0,"No ","Urban ","Sunny","Low ",0
"5/03/2022","21:35:00","21:45:00",30,"Drinks ",35,4.7,23,"motorcycle ",1,"No ","Metropolitian ","Windy","Jam ",1
"17/02/2022","22:55:00","23:00:00",14,"Drinks ",24,4.8,5,"scooter ",2,"No ","Metropolitian ","Fog","Low ",0
"5/04/2022","13:15:00","13:30:00",36,"Drinks ",27,5,16,"motorcycle ",0,"No ","Urban ","Sandstorms","High ",1
"3/04/2022","11:35:00","11:40:00",27,"Meal ",25,5,9,"motorcycle ",0,"No ","Metropolitian ","Sandstorms","High ",0
"15/03/2022","20:45:00","21:00:00",32,"Meal ",31,4.6,19,"scooter ",1,"No ","Metropolitian ","Fog","Jam ",1
"3/03/2022","17:20:00","17:25:00",21,"Snack ",25,4.7,17,"motorcycle ",0,"No ","Metropolitian ","Sunny","Medium ",1
"4/04/2022","23:50:00","0:05:00",35,"Buffet ",36,3.9,3,"electric_scooter ",2,"No ","Metropolitian ","Cloudy","Low ",1
"17/02/2022","9:50:00","10:00:00",18,"Meal ",23,4.7,4,"motorcycle ",1,"No ","Metropolitian ","Sandstorms","Low ",0
"11/03/2022","9:40:00","9:55:00",12,"Drinks ",27,4.8,22,"scooter ",1,"No ","Urban ","Sandstorms","Low ",1
"2/03/2022","21:45:00","21:50:00",43,"Buffet ",25,4.9,19,"motorcycle ",0,"No ","Metropolitian ","Fog","Jam ",2
"8/03/2022","18:35:00","18:50:00",20,"Snack ",21,4.7,23,"motorcycle ",0,"No ","Metropolitian ","Sandstorms","Medium ",1
"13/03/2022","18:40:00","18:55:00",21,"Drinks ",24,4.5,13,"motorcycle ",0,"No ","Metropolitian ","Stormy","Medium ",1
"12/03/2022","23:45:00","0:00:00",24,"Buffet ",36,4.6,14,"motorcycle ",0,"No ","Metropolitian ","Stormy","Low ",1
"29/03/2022","23:45:00","23:55:00",21,"Drinks ",26,4.6,14,"motorcycle ",0,"No ","Metropolitian ","Fog","Low ",1
"23/03/2022","20:40:00","20:50:00",37,"Meal ",33,4.1,8,"electric_scooter ",2,"No ","Metropolitian ","Fog","Jam ",1
"14/03/2022","22:15:00","22:25:00",37,"Meal ",36,4.2,5,"motorcycle ",1,"No ","Metropolitian ","Fog","Low ",1
"5/04/2022","18:10:00","18:20:00",22,"Buffet ",26,4.8,19,"motorcycle ",0,"No ","Metropolitian ","Cloudy","Medium ",1
"6/03/2022","20:20:00","20:30:00",32,"Meal ",38,3.5,3,"scooter ",2,"No ","Metropolitian ","Windy","Jam ",2
"23/03/2022","22:10:00","22:20:00",21,"Buffet ",39,4.8,13,"motorcycle ",1,"No ","Metropolitian ","Sandstorms","Low ",1
"13/02/2022","15:00:00","15:05:00",33,"Meal ",31,4.8,8,"motorcycle ",0,"No ","Metropolitian ","Stormy","High ",1
"30/03/2022","14:40:00","14:55:00",27,"Buffet ",32,5,14,"scooter ",1,"No ","Metropolitian ","Windy","High ",1
"16/03/2022","22:40:00","22:55:00",21,"Buffet ",24,4.6,19,"motorcycle ",0,"No ","Urban ","Sandstorms","Low ",0
"28/03/2022","11:50:00","11:55:00",33,"Meal ",38,4.2,2,"electric_scooter ",2,"No ","Metropolitian ","Cloudy","High ",1
"10/03/2022","20:00:00","20:15:00",35,"Meal ",23,5,16,"scooter ",2,"No ","Metropolitian ","Fog","Jam ",1
"14/03/2022","22:20:00","22:35:00",16,"Meal ",25,4.7,23,"scooter ",2,"No ","Metropolitian ","Sandstorms","Low ",1
"18/03/2022","17:50:00","17:55:00",30,"Snack ",36,4.9,23,"motorcycle ",0,"No ","Metropolitian ","Sandstorms","Medium ",1
"9/03/2022","14:00:00","14:05:00",34,"Drinks ",30,4.4,23,"motorcycle ",1,"No ","Metropolitian ","Windy","High ",1
"1/03/2022","16:00:00","16:05:00",30,"Buffet ",32,4.8,23,"motorcycle ",0,"No ","Metropolitian ","Sandstorms","Medium ",1
"14/02/2022","20:00:00","20:10:00",41,"Meal ",22,4,12,"motorcycle ",1,"No ","Metropolitian ","Stormy","Jam ",1
"4/03/2022","23:55:00","0:10:00",32,"Buffet ",33,4.5,18,"motorcycle ",2,"No ","Metropolitian ","Stormy","Low ",1
"28/03/2022","17:30:00","17:40:00",15,"Buffet ",23,4.7,15,"motorcycle ",0,"No ","Metropolitian ","Stormy","Medium ",0
"18/03/2022","20:35:00","20:40:00",52,"Snack ",30,4.6,15,"motorcycle ",0,"Yes ","Urban ","Windy","Jam ",2
"13/03/2022","17:00:00","17:05:00",31,"Snack ",34,4,3,"scooter ",1,"No ","Urban ","Sandstorms","Medium ",1
"7/03/2022","8:15:00","8:30:00",15,"Meal ",21,5,15,"motorcycle ",0,"No ","Metropolitian ","Sunny","Low ",0
"1/04/2022","19:45:00","20:00:00",16,"Drinks ",22,4.7,22,"motorcycle ",1,"No ","Metropolitian ","Sunny","Jam ",0
"25/03/2022","22:35:00","22:50:00",27,"Meal ",30,4.6,23,"scooter ",1,"No ","Metropolitian ","Fog","Low ",1
"12/03/2022","21:25:00","21:35:00",41,"Meal ",38,4.9,23,"motorcycle ",0,"No ","Metropolitian ","Fog","Jam ",2
"29/03/2022","20:50:00","20:55:00",46,"Snack ",38,4.3,9,"motorcycle ",0,"No ","Metropolitian ","Windy","Jam ",1
"3/03/2022","11:35:00","11:40:00",38,"Snack ",21,4.7,13,"motorcycle ",0,"No ","Metropolitian ","Stormy","High ",2
"13/03/2022","22:10:00","22:20:00",18,"Meal ",39,4.5,23,"scooter ",1,"No ","Metropolitian ","Cloudy","Low ",1
"15/02/2022","19:55:00","20:00:00",39,"Buffet ",31,4.2,3,"motorcycle ",0,"No ","Urban ","Windy","Jam ",0
"14/03/2022","23:00:00","23:10:00",24,"Drinks ",30,4.7,17,"motorcycle ",0,"No ","Metropolitian ","Windy","Low ",1
"9/03/2022","22:00:00","22:05:00",23,"Drinks ",24,4.8,23,"scooter ",2,"No ","Metropolitian ","Fog","Jam ",1
"14/02/2022","18:55:00","19:00:00",30,"Buffet ",35,5,3,"motorcycle ",0,"No ","Metropolitian ","Windy","Medium ",1
"6/04/2022","23:10:00","23:20:00",23,"Meal ",22,4.7,18,"scooter ",2,"No ","Urban ","Cloudy","Low ",1
"12/02/2022","0:00:00","0:10:00",21,"Buffet ",21,5,7,"motorcycle ",0,"No ","Metropolitian ","Stormy","Low ",1
"13/03/2022","23:40:00","23:55:00",15,"Meal ",26,4.6,23,"scooter ",1,"No ","Metropolitian ","Stormy","Low ",1
"18/03/2022","21:55:00","22:10:00",42,"Drinks ",34,4.7,23,"motorcycle ",1,"Yes ","Metropolitian ","Fog","Jam ",2
"11/03/2022","10:40:00","10:45:00",28,"Meal ",39,4.9,21,"motorcycle ",0,"No ","Metropolitian ","Fog","Low ",0
"6/03/2022","21:40:00","21:55:00",17,"Drinks ",24,5,19,"scooter ",2,"No ","Metropolitian ","Sandstorms","Jam ",1
"3/04/2022","16:30:00","16:35:00",17,"Snack ",34,5,23,"electric_scooter ",2,"No ","Metropolitian ","Fog","Medium ",1
"19/03/2022","18:45:00","18:50:00",18,"Snack ",38,4.7,15,"motorcycle ",1,"No ","Urban ","Cloudy","Medium ",1
"30/03/2022","8:50:00","9:00:00",18,"Meal ",29,4.9,23,"scooter ",1,"No ","Metropolitian ","Sunny","Low ",1
"3/03/2022","10:55:00","11:00:00",31,"Snack ",32,4,9,"motorcycle ",0,"No ","Metropolitian ","Stormy","Low ",1
"2/04/2022","21:50:00","21:55:00",27,"Snack ",35,5,9,"motorcycle ",1,"No ","Metropolitian ","Windy","Jam ",0
"4/03/2022","22:35:00","22:40:00",15,"Snack ",32,4.5,18,"scooter ",2,"No ","Metropolitian ","Windy","Low ",0
"5/04/2022","18:35:00","18:45:00",36,"Buffet ",35,4.7,15,"motorcycle ",0,"No ","Urban ","Windy","Medium ",1
"26/03/2022","17:40:00","17:50:00",34,"Meal ",31,4.4,3,"electric_scooter ",2,"No ","Metropolitian ","Windy","Medium ",0
"13/03/2022","19:25:00","19:40:00",23,"Drinks ",23,4.8,19,"scooter ",2,"No ","Urban ","Sandstorms","Jam ",0
"1/04/2022","18:30:00","18:45:00",33,"Buffet ",36,4.2,13,"motorcycle ",0,"No ","Metropolitian ","Cloudy","Medium ",1
"23/03/2022","21:00:00","21:15:00",33,"Buffet ",25,4.7,7,"motorcycle ",0,"No ","Metropolitian ","Sandstorms","Jam ",1
"25/03/2022","20:20:00","20:35:00",33,"Meal ",30,3.7,8,"scooter ",2,"No ","Metropolitian ","Sandstorms","Jam ",1
"5/03/2022","23:50:00","0:00:00",17,"Buffet ",29,4.3,6,"motorcycle ",0,"No ","Urban ","Stormy","Low ",0
"31/03/2022","19:30:00","19:45:00",25,"Drinks ",36,4.6,16,"motorcycle ",1,"No ","Metropolitian ","Stormy","Jam ",1
"23/03/2022","17:40:00","17:45:00",27,"Meal ",26,4.9,23,"electric_scooter ",2,"No ","Metropolitian ","Fog","Medium ",1
"4/03/2022","19:55:00","20:05:00",29,"Meal ",30,4.8,14,"motorcycle ",1,"No ","Metropolitian ","Sandstorms","Jam ",1
"3/03/2022","15:55:00","16:05:00",25,"Drinks ",20,4.8,17,"electric_scooter ",2,"No ","Urban ","Windy","Medium ",1
"15/02/2022","8:30:00","8:40:00",20,"Snack ",38,4.8,2,"scooter ",2,"No ","Metropolitian ","Windy","Low ",1
"12/03/2022","23:20:00","23:30:00",38,"Drinks ",35,4.3,17,"scooter ",1,"No ","Metropolitian ","Cloudy","Low ",0
"7/03/2022","13:15:00","13:30:00",34,"Meal ",36,4.7,18,"scooter ",2,"No ","Metropolitian ","Stormy","High ",1
"16/02/2022","22:00:00","22:05:00",41,"Drinks ",30,4.2,9,"motorcycle ",2,"No ","Metropolitian ","Stormy","Jam ",2
"12/03/2022","20:50:00","21:05:00",34,"Drinks ",27,4.2,3,"electric_scooter ",2,"No ","Metropolitian ","Fog","Jam ",1
"29/03/2022","21:00:00","21:15:00",41,"Buffet ",26,4.7,13,"motorcycle ",0,"No ","Metropolitian ","Cloudy","Jam ",1
"25/03/2022","17:20:00","17:30:00",41,"Snack ",37,4.9,5,"motorcycle ",0,"No ","Metropolitian ","Fog","Medium ",1
"6/03/2022","17:40:00","17:45:00",39,"Drinks ",37,4.1,1,"electric_scooter ",2,"No ","Metropolitian ","Sandstorms","Medium ",2
"16/03/2022","18:00:00","18:15:00",18,"Meal ",25,4.6,15,"scooter ",2,"No ","Urban ","Stormy","Medium ",0
"29/03/2022","21:50:00","22:05:00",22,"Buffet ",23,4.7,18,"scooter ",1,"No ","Metropolitian ","Windy","Jam ",1
"18/03/2022","19:00:00","19:15:00",20,"Buffet ",20,4.8,1,"motorcycle ",0,"No ","Metropolitian ","Windy","Medium ",1
"21/03/2022","15:00:00","15:15:00",16,"Drinks ",36,4.6,22,"scooter ",2,"No ","Metropolitian ","Sunny","High ",1
"21/03/2022","10:30:00","10:35:00",17,"Buffet ",23,5,22,"scooter ",1,"No ","Urban ","Sunny","Low ",0
"14/03/2022","17:15:00","17:25:00",15,"Drinks ",26,4.7,23,"scooter ",1,"No ","Metropolitian ","Sunny","Medium ",0
"4/04/2022","20:25:00","20:35:00",41,"Snack ",27,4.7,14,"motorcycle ",0,"No ","Metropolitian ","Fog","Jam ",1
"18/02/2022","18:30:00","18:45:00",22,"Meal ",31,4.6,9,"scooter ",1,"No ","Metropolitian ","Sandstorms","Medium ",1
"20/03/2022","18:30:00","18:45:00",32,"Buffet ",21,5,4,"motorcycle ",0,"No ","Metropolitian ","Cloudy","Medium ",1
"31/03/2022","19:30:00","19:45:00",49,"Meal ",30,4.4,13,"scooter ",2,"No ","Metropolitian ","Cloudy","Jam ",2
"13/03/2022","10:25:00","10:30:00",18,"Snack ",35,4.8,14,"electric_scooter ",2,"No ","Metropolitian ","Fog","Low ",0
"24/03/2022","13:55:00","14:10:00",28,"Meal ",26,4.7,15,"electric_scooter ",2,"No ","Metropolitian ","Sandstorms","High ",1
"11/02/2022","12:00:00","12:10:00",37,"Buffet ",26,4.8,21,"motorcycle ",0,"No ","Urban ","Stormy","High ",1
"8/03/2022","20:30:00","20:35:00",30,"Meal ",32,4.7,13,"scooter ",1,"No ","Metropolitian ","Stormy","Jam ",0
"18/03/2022","17:40:00","17:55:00",39,"Meal ",29,4,18,"scooter ",2,"Yes ","Metropolitian ","Fog","Medium ",1
"31/03/2022","21:15:00","21:30:00",45,"Drinks ",34,4.9,6,"motorcycle ",0,"Yes ","Metropolitian ","Sandstorms","Jam ",1
"5/04/2022","8:40:00","8:55:00",14,"Drinks ",29,4.6,19,"scooter ",1,"No ","Metropolitian ","Cloudy","Low ",0
"28/03/2022","21:15:00","21:30:00",37,"Snack ",31,4.2,6,"scooter ",1,"No ","Urban ","Cloudy","Jam ",1
"6/03/2022","23:30:00","23:40:00",40,"Drinks ",21,2.9,1,"scooter ",1,"No ","Metropolitian ","Sunny","Low ",0
"6/04/2022","20:30:00","20:35:00",28,"Snack ",25,4.9,22,"scooter ",2,"No ","Metropolitian ","Windy","Jam ",1
"12/03/2022","17:10:00","17:15:00",39,"Meal ",38,4.3,13,"motorcycle ",0,"No ","Metropolitian ","Sunny","Medium ",0
"20/03/2022","19:20:00","19:35:00",21,"Buffet ",33,4.7,23,"motorcycle ",2,"No ","Metropolitian ","Sunny","Jam ",1
"6/04/2022","19:55:00","20:05:00",26,"Meal ",24,4.8,19,"motorcycle ",1,"No ","Metropolitian ","Windy","Jam ",1
"4/04/2022","23:40:00","23:50:00",40,"Snack ",34,4.3,16,"motorcycle ",0,"No ","Urban ","Fog","Low ",1
"1/04/2022","23:50:00","0:05:00",13,"Meal ",32,4.9,23,"electric_scooter ",2,"No ","Metropolitian ","Sunny","Low ",0
"17/02/2022","22:15:00","22:25:00",18,"Buffet ",36,4.6,3,"motorcycle ",1,"No ","Metropolitian ","Stormy","Low ",1
"12/03/2022","23:55:00","0:10:00",26,"Buffet ",31,4.6,14,"motorcycle ",0,"No ","Metropolitian ","Windy","Low ",1
"4/04/2022","20:30:00","20:45:00",42,"Buffet ",38,4.7,11,"scooter ",2,"Yes ","Metropolitian ","Fog","Jam ",1
"2/04/2022","21:40:00","21:45:00",15,"Buffet ",26,4.8,22,"scooter ",2,"No ","Metropolitian ","Stormy","Jam ",0
"21/03/2022","22:15:00","22:20:00",15,"Drinks ",39,4.6,12,"scooter ",2,"No ","Metropolitian ","Fog","Low ",0
"12/03/2022","18:30:00","18:45:00",29,"Drinks ",25,4.6,13,"motorcycle ",0,"No ","Metropolitian ","Sandstorms","Medium ",0
"10/03/2022","17:55:00","18:05:00",13,"Buffet ",20,4.6,19,"motorcycle ",1,"No ","Metropolitian ","Sunny","Medium ",1
"10/03/2022","18:40:00","18:55:00",19,"Snack ",22,4.9,23,"scooter ",1,"No ","Metropolitian ","Windy","Medium ",1
"25/03/2022","22:30:00","22:40:00",15,"Buffet ",23,5,22,"motorcycle ",2,"No ","Metropolitian ","Stormy","Low ",1
"24/03/2022","11:15:00","11:25:00",32,"Meal ",32,4.7,15,"scooter ",1,"No ","Urban ","Windy","High ",1
"5/03/2022","23:40:00","23:45:00",11,"Drinks ",23,4.8,22,"scooter ",2,"No ","Urban ","Stormy","Low ",1
"19/03/2022","17:35:00","17:45:00",34,"Snack ",36,5,22,"scooter ",2,"No ","Metropolitian ","Windy","Medium ",1
"11/03/2022","17:55:00","18:10:00",23,"Snack ",26,4.8,21,"scooter ",2,"No ","Metropolitian ","Stormy","Medium ",1
"5/03/2022","23:40:00","23:55:00",26,"Meal ",38,4.9,22,"motorcycle ",2,"No ","Urban ","Stormy","Low ",1
"1/03/2022","18:10:00","18:20:00",26,"Drinks ",34,4.8,22,"scooter ",1,"No ","Urban ","Sandstorms","Medium ",1
"6/03/2022","18:35:00","18:45:00",34,"Buffet ",35,3.5,3,"motorcycle ",1,"No ","Metropolitian ","Sandstorms","Medium ",1
"26/03/2022","11:30:00","11:45:00",39,"Buffet ",35,4.6,19,"motorcycle ",0,"No ","Urban ","Stormy","High ",2
"21/03/2022","9:50:00","9:55:00",22,"Buffet ",26,4.5,9,"motorcycle ",0,"No ","Metropolitian ","Windy","Low ",1
"1/04/2022","14:20:00","14:35:00",24,"Snack ",34,4.7,23,"motorcycle ",0,"No ","Metropolitian ","Sunny","High ",0
"26/03/2022","22:10:00","22:15:00",28,"Meal ",38,4.9,23,"motorcycle ",1,"No ","Metropolitian ","Windy","Low ",1
"11/03/2022","8:45:00","8:50:00",11,"Drinks ",27,4.8,18,"motorcycle ",2,"No ","Metropolitian ","Cloudy","Low ",0
"23/03/2022","17:55:00","18:05:00",37,"Drinks ",32,4.1,3,"motorcycle ",0,"No ","Metropolitian ","Sunny","Medium ",1
"18/03/2022","21:50:00","21:55:00",34,"Drinks ",35,3.5,3,"motorcycle ",1,"No ","Urban ","Windy","Jam ",1
"25/03/2022","20:30:00","20:45:00",54,"Buffet ",37,4.6,3,"motorcycle ",0,"Yes ","Metropolitian ","Cloudy","Jam ",1
"17/02/2022","20:55:00","21:05:00",25,"Snack ",20,4.7,3,"scooter ",1,"No ","Metropolitian ","Fog","Jam ",0
"15/02/2022","20:15:00","20:30:00",15,"Snack ",39,4.6,4,"scooter ",2,"No ","Metropolitian ","Sunny","Jam ",0
"29/03/2022","18:00:00","18:05:00",24,"Drinks ",21,4.9,13,"electric_scooter ",2,"No ","Metropolitian ","Windy","Medium ",1
"21/03/2022","18:35:00","18:45:00",27,"Snack ",30,4.6,23,"motorcycle ",0,"No ","Metropolitian ","Stormy","Medium ",1
"2/03/2022","21:00:00","21:10:00",44,"Drinks ",23,5,17,"scooter ",2,"No ","Metropolitian ","Fog","Jam ",1
"14/03/2022","22:50:00","22:55:00",34,"Buffet ",25,2.6,7,"scooter ",2,"No ","Metropolitian ","Sunny","Low ",1
"13/02/2022","0:00:00","0:15:00",23,"Buffet ",37,4.7,18,"electric_scooter ",2,"No ","Urban ","Sandstorms","Low ",1
"16/02/2022","17:30:00","17:45:00",29,"Meal ",24,4.7,17,"scooter ",1,"No ","Urban ","Fog","Medium ",0
"6/03/2022","19:10:00","19:20:00",24,"Snack ",22,4.9,18,"motorcycle ",1,"No ","Urban ","Stormy","Jam ",1
"5/03/2022","12:55:00","13:00:00",32,"Snack ",35,4.4,9,"motorcycle ",0,"No ","Metropolitian ","Sunny","High ",1
"6/04/2022","17:15:00","17:25:00",39,"Snack ",32,4.5,1,"motorcycle ",0,"No ","Metropolitian ","Cloudy","Medium ",1
"18/02/2022","22:35:00","22:40:00",38,"Drinks ",33,4.7,3,"motorcycle ",0,"No ","Metropolitian ","Fog","Low ",1
"23/03/2022","19:00:00","19:10:00",33,"Meal ",32,5,7,"scooter ",1,"No ","Metropolitian ","Cloudy","Medium ",0
"30/03/2022","8:55:00","9:05:00",22,"Drinks ",24,5,23,"scooter ",2,"No ","Metropolitian ","Sunny","Low ",1
"14/02/2022","21:40:00","21:50:00",34,"Buffet ",23,4.8,2,"motorcycle ",0,"No ","Metropolitian ","Stormy","Jam ",1
"17/03/2022","22:40:00","22:45:00",11,"Drinks ",21,4.6,23,"electric_scooter ",2,"No ","Metropolitian ","Cloudy","Low ",1
"16/02/2022","19:40:00","19:55:00",46,"Buffet ",32,4.9,9,"motorcycle ",0,"No ","Metropolitian ","Stormy","Jam ",1
"5/04/2022","11:55:00","12:10:00",14,"Drinks ",26,4.7,16,"scooter ",2,"No ","Urban ","Sandstorms","High ",1
"12/02/2022","17:45:00","17:55:00",26,"Meal ",25,5,3,"scooter ",1,"No ","Metropolitian ","Sandstorms","Medium ",1
"5/03/2022","21:50:00","22:05:00",28,"Snack ",35,4.6,14,"electric_scooter ",2,"No ","Metropolitian ","Stormy","Jam ",1
"27/03/2022","18:15:00","18:30:00",24,"Buffet ",25,4.8,9,"motorcycle ",0,"No ","Metropolitian ","Stormy","Medium ",0
"16/03/2022","17:20:00","17:35:00",18,"Buffet ",20,4.6,19,"scooter ",2,"No ","Metropolitian ","Sandstorms","Medium ",1
"6/03/2022","19:00:00","19:10:00",24,"Drinks ",20,4.7,16,"motorcycle ",1,"No ","Urban ","Stormy","Medium ",1
"13/03/2022","22:15:00","22:30:00",16,"Buffet ",27,4.8,18,"motorcycle ",1,"No ","Metropolitian ","Sandstorms","Low ",0
"5/04/2022","17:35:00","17:50:00",21,"Drinks ",37,5,23,"motorcycle ",0,"No ","Metropolitian ","Sunny","Medium ",1
"15/03/2022","19:40:00","19:45:00",27,"Drinks ",31,4.8,23,"scooter ",1,"No ","Urban ","Sandstorms","Jam ",1
"8/03/2022","20:10:00","20:20:00",19,"Meal ",21,4.5,9,"electric_scooter ",2,"No ","Metropolitian ","Sandstorms","Jam ",0
"26/03/2022","9:55:00","10:05:00",21,"Snack ",27,4.6,18,"motorcycle ",0,"No ","Urban ","Cloudy","Low ",0
"9/03/2022","17:20:00","17:35:00",16,"Snack ",23,4.9,19,"motorcycle ",1,"No ","Metropolitian ","Cloudy","Medium ",1
"6/04/2022","22:10:00","22:20:00",14,"Snack ",29,4.9,22,"scooter ",1,"No ","Metropolitian ","Sandstorms","Low ",0
"14/02/2022","21:15:00","21:20:00",21,"Drinks ",26,4.9,17,"scooter ",2,"No ","Urban ","Sandstorms","Jam ",1
"23/03/2022","21:55:00","22:10:00",33,"Drinks ",21,4.4,8,"motorcycle ",1,"No ","Metropolitian ","Fog","Jam ",1
"30/03/2022","11:25:00","11:40:00",25,"Buffet ",27,4.8,14,"electric_scooter ",2,"No ","Metropolitian ","Cloudy","High ",0
"15/03/2022","17:50:00","18:00:00",19,"Meal ",30,4.9,19,"motorcycle ",1,"No ","Urban ","Fog","Medium ",0
"23/03/2022","23:30:00","23:45:00",14,"Buffet ",29,4.5,23,"scooter ",2,"No ","Metropolitian ","Windy","Low ",0
"12/02/2022","23:30:00","23:35:00",39,"Buffet ",31,3.5,11,"scooter ",1,"No ","Metropolitian ","Stormy","Low ",1
"5/04/2022","19:10:00","19:15:00",20,"Snack ",29,4.7,15,"motorcycle ",0,"No ","Urban ","Windy","Jam ",1
"30/03/2022","22:00:00","22:15:00",10,"Drinks ",20,4.6,21,"motorcycle ",2,"No ","Metropolitian ","Sunny","Jam ",0
"30/03/2022","12:20:00","12:35:00",12,"Meal ",23,4.8,4,"scooter ",2,"No ","Urban ","Stormy","High ",0
"13/03/2022","20:10:00","20:25:00",27,"Meal ",28,4.9,21,"motorcycle ",1,"No ","Metropolitian ","Cloudy","Jam ",1
"27/03/2022","23:20:00","23:35:00",11,"Drinks ",28,4.7,17,"motorcycle ",2,"No ","Urban ","Stormy","Low ",0
"18/02/2022","20:30:00","20:35:00",31,"Snack ",37,3.6,14,"scooter ",2,"No ","Metropolitian ","Sandstorms","Jam ",1
"14/02/2022","23:25:00","23:35:00",22,"Meal ",27,5,4,"motorcycle ",0,"No ","Metropolitian ","Stormy","Low ",1
"18/02/2022","21:25:00","21:30:00",42,"Snack ",39,5,9,"scooter ",2,"No ","Metropolitian ","Sandstorms","Jam ",2
"4/03/2022","19:10:00","19:20:00",19,"Snack ",28,4.6,12,"scooter ",1,"No ","Metropolitian ","Stormy","Jam ",0
"2/04/2022","19:40:00","19:50:00",31,"Drinks ",26,4.1,6,"motorcycle ",2,"No ","Metropolitian ","Fog","Jam ",0
"31/03/2022","21:00:00","21:10:00",20,"Snack ",20,4.6,13,"scooter ",1,"No ","Metropolitian ","Stormy","Jam ",0
"16/02/2022","20:40:00","20:55:00",35,"Snack ",32,4.7,7,"scooter ",1,"No ","Metropolitian ","Stormy","Jam ",1
"16/03/2022","18:10:00","18:25:00",34,"Drinks ",31,4,6,"motorcycle ",0,"No ","Metropolitian ","Sunny","Medium ",0
"25/03/2022","21:10:00","21:20:00",23,"Drinks ",24,4.7,16,"scooter ",1,"No ","Urban ","Sunny","Jam ",1
"4/04/2022","23:20:00","23:25:00",23,"Buffet ",37,4.7,9,"motorcycle ",0,"No ","Metropolitian ","Windy","Low ",1
"11/03/2022","23:25:00","23:35:00",19,"Buffet ",37,4.8,18,"scooter ",2,"No ","Urban ","Fog","Low ",1
"3/03/2022","11:10:00","11:15:00",29,"Meal ",35,4.9,18,"scooter ",2,"No ","Metropolitian ","Stormy","High ",1
"8/03/2022","17:25:00","17:40:00",39,"Meal ",32,4.2,3,"motorcycle ",1,"No ","Urban ","Stormy","Medium ",0
"15/03/2022","17:45:00","18:00:00",38,"Buffet ",37,4.1,7,"motorcycle ",0,"No ","Metropolitian ","Windy","Medium ",1
"11/02/2022","14:45:00","14:55:00",25,"Snack ",33,4.9,7,"motorcycle ",1,"No ","Metropolitian ","Windy","High ",1
"5/04/2022","20:15:00","20:20:00",32,"Drinks ",36,4.1,3,"scooter ",2,"No ","Metropolitian ","Windy","Jam ",1
"11/02/2022","23:55:00","0:00:00",19,"Snack ",20,4.7,9,"motorcycle ",1,"No ","Metropolitian ","Sandstorms","Low ",1
"3/03/2022","0:00:00","0:10:00",17,"Meal ",37,5,18,"scooter ",1,"No ","Urban ","Sunny","Low ",1
"14/02/2022","19:30:00","19:45:00",45,"Snack ",37,4.2,8,"motorcycle ",1,"No ","Metropolitian ","Fog","Jam ",1
"14/03/2022","21:10:00","21:15:00",42,"Drinks ",38,4.8,23,"motorcycle ",0,"No ","Metropolitian ","Fog","Jam ",2
"23/03/2022","21:50:00","22:00:00",35,"Drinks ",34,4.5,1,"scooter ",2,"No ","Metropolitian ","Sandstorms","Jam ",2
"15/03/2022","12:00:00","12:10:00",39,"Meal ",20,4.4,14,"motorcycle ",0,"No ","Metropolitian ","Stormy","High ",1
"20/03/2022","18:15:00","18:25:00",34,"Buffet ",32,3.7,6,"electric_scooter ",2,"No ","Urban ","Windy","Medium ",1
"11/02/2022","17:40:00","17:55:00",33,"Snack ",33,4.3,6,"motorcycle ",0,"No ","Metropolitian ","Stormy","Medium ",1
"16/03/2022","17:10:00","17:15:00",33,"Buffet ",21,4.9,15,"motorcycle ",0,"No ","Metropolitian ","Windy","Medium ",2
"16/03/2022","22:00:00","22:15:00",25,"Buffet ",20,4.5,1,"scooter ",2,"No ","Urban ","Sandstorms","Jam ",1
"3/04/2022","23:35:00","23:45:00",18,"Buffet ",36,4.7,21,"scooter ",1,"No ","Metropolitian ","Fog","Low ",1
"7/03/2022","17:50:00","17:55:00",24,"Buffet ",33,4.5,23,"motorcycle ",0,"No ","Metropolitian ","Sunny","Medium ",1
"7/03/2022","10:45:00","10:55:00",24,"Meal ",36,4.5,13,"motorcycle ",1,"No ","Metropolitian ","Stormy","Low ",1
"10/03/2022","18:10:00","18:20:00",27,"Meal ",23,4.7,23,"motorcycle ",2,"No ","Metropolitian ","Windy","Medium ",1
"15/03/2022","10:30:00","10:35:00",24,"Drinks ",39,4.5,6,"motorcycle ",0,"No ","Urban ","Cloudy","Low ",0
"16/03/2022","17:30:00","17:35:00",16,"Buffet ",27,4.6,15,"motorcycle ",2,"No ","Metropolitian ","Sunny","Medium ",0
"28/03/2022","23:45:00","23:55:00",18,"Snack ",38,4.7,15,"motorcycle ",1,"No ","Metropolitian ","Fog","Low ",1
"12/03/2022","23:10:00","23:25:00",24,"Drinks ",20,5,16,"motorcycle ",0,"No ","Urban ","Sandstorms","Low ",1
"1/03/2022","15:00:00","15:15:00",18,"Snack ",32,4.7,19,"motorcycle ",1,"No ","Urban ","Sunny","High ",0
"15/03/2022","14:20:00","14:30:00",31,"Snack ",24,4.2,6,"motorcycle ",0,"No ","Urban ","Stormy","High ",1
"28/03/2022","20:10:00","20:15:00",10,"Drinks ",21,4.7,21,"scooter ",2,"No ","Urban ","Windy","Jam ",1
"12/02/2022","20:15:00","20:25:00",15,"Snack ",28,4.6,22,"scooter ",1,"No ","Urban ","Windy","Jam ",0
"12/02/2022","18:20:00","18:30:00",21,"Buffet ",38,4.8,4,"motorcycle ",1,"No ","Metropolitian ","Sunny","Medium ",1
"5/04/2022","22:25:00","22:40:00",11,"Snack ",22,4.5,18,"motorcycle ",1,"No ","Urban ","Stormy","Low ",1
"29/03/2022","17:15:00","17:25:00",22,"Buffet ",25,4.6,12,"motorcycle ",1,"No ","Metropolitian ","Stormy","Medium ",0
"5/04/2022","8:35:00","8:40:00",11,"Buffet ",29,4.7,19,"scooter ",1,"No ","Metropolitian ","Sandstorms","Low ",0
"23/03/2022","21:15:00","21:20:00",36,"Snack ",25,4.3,8,"electric_scooter ",2,"No ","Metropolitian ","Fog","Jam ",0
"11/03/2022","10:45:00","10:55:00",12,"Meal ",28,4.9,19,"motorcycle ",2,"No ","Urban ","Sandstorms","Low ",0
"17/02/2022","22:45:00","22:55:00",24,"Meal ",30,4.2,4,"motorcycle ",0,"No ","Metropolitian ","Stormy","Low ",1
"26/03/2022","20:40:00","20:50:00",21,"Meal ",37,4.5,17,"motorcycle ",0,"No ","Metropolitian ","Sunny","Jam ",1
"9/03/2022","12:45:00","12:55:00",29,"Meal ",30,5,13,"scooter ",2,"No ","Metropolitian ","Cloudy","High ",1
"4/04/2022","23:35:00","23:50:00",22,"Snack ",35,4.5,1,"motorcycle ",2,"No ","Metropolitian ","Stormy","Low ",0
"16/02/2022","19:35:00","19:40:00",36,"Meal ",37,4.5,2,"scooter ",2,"No ","Metropolitian ","Windy","Jam ",1
"9/03/2022","14:10:00","14:15:00",33,"Buffet ",30,4.6,13,"motorcycle ",2,"No ","Metropolitian ","Windy","High ",2
"28/03/2022","10:30:00","10:45:00",21,"Drinks ",31,5,19,"scooter ",1,"No ","Urban ","Stormy","Low ",1
"7/03/2022","18:35:00","18:40:00",24,"Drinks ",28,4.6,15,"motorcycle ",1,"No ","Metropolitian ","Sandstorms","Medium ",0
"13/02/2022","17:30:00","17:35:00",33,"Drinks ",39,4.4,2,"scooter ",2,"No ","Metropolitian ","Windy","Medium ",1
"3/04/2022","13:45:00","13:50:00",31,"Meal ",24,4.9,18,"motorcycle ",0,"No ","Urban ","Sandstorms","High ",0
"11/02/2022","9:30:00","9:40:00",11,"Drinks ",20,4.5,5,"scooter ",2,"No ","Metropolitian ","Sandstorms","Low ",0
"16/03/2022","22:40:00","22:50:00",29,"Drinks ",38,4.7,23,"scooter ",1,"No ","Metropolitian ","Windy","Low ",0
"18/02/2022","20:20:00","20:25:00",28,"Buffet ",23,4.6,18,"motorcycle ",1,"No ","Urban ","Windy","Jam ",1
"12/02/2022","20:30:00","20:40:00",41,"Drinks ",37,3.6,13,"scooter ",1,"No ","Metropolitian ","Stormy","Jam ",0
"11/02/2022","16:50:00","17:00:00",29,"Meal ",26,4.8,23,"motorcycle ",0,"No ","Urban ","Cloudy","Medium ",1
"12/02/2022","17:20:00","17:35:00",26,"Snack ",22,4.8,3,"motorcycle ",2,"No ","Metropolitian ","Fog","Medium ",1
"30/03/2022","20:00:00","20:15:00",17,"Drinks ",35,4.6,5,"motorcycle ",1,"No ","Urban ","Sunny","Jam ",1
"16/03/2022","18:55:00","19:00:00",36,"Snack ",33,5,9,"motorcycle ",0,"No ","Metropolitian ","Windy","Medium ",1
"17/03/2022","19:25:00","19:35:00",33,"Snack ",31,4.6,22,"motorcycle ",1,"No ","Metropolitian ","Windy","Jam ",1
"19/03/2022","10:20:00","10:30:00",20,"Buffet ",27,5,3,"motorcycle ",1,"No ","Metropolitian ","Sunny","Low ",1
"31/03/2022","17:55:00","18:05:00",16,"Buffet ",22,4.7,19,"scooter ",1,"No ","Metropolitian ","Windy","Medium ",0
"11/02/2022","21:50:00","21:55:00",31,"Snack ",31,5,22,"electric_scooter ",2,"No ","Urban ","Cloudy","Jam ",0
"11/02/2022","17:15:00","17:25:00",12,"Snack ",25,5,4,"electric_scooter ",2,"No ","Metropolitian ","Stormy","Medium ",0
"29/03/2022","23:45:00","23:55:00",25,"Buffet ",21,4.8,18,"scooter ",2,"No ","Metropolitian ","Cloudy","Low ",0
"18/02/2022","22:35:00","22:45:00",24,"Buffet ",20,4.7,9,"motorcycle ",0,"No ","Metropolitian ","Stormy","Low ",0
"15/02/2022","17:40:00","17:50:00",23,"Drinks ",25,4.6,7,"motorcycle ",0,"No ","Metropolitian ","Stormy","Medium ",0
"9/03/2022","8:25:00","8:30:00",15,"Buffet ",20,4.6,17,"motorcycle ",1,"No ","Metropolitian ","Windy","Low ",1
"30/03/2022","14:35:00","14:40:00",28,"Meal ",38,4.7,23,"motorcycle ",0,"No ","Metropolitian ","Fog","High ",1
"31/03/2022","17:55:00","18:10:00",30,"Buffet ",35,4.7,7,"motorcycle ",2,"No ","Metropolitian ","Stormy","Medium ",1
"25/03/2022","20:25:00","20:35:00",25,"Snack ",32,4.6,18,"scooter ",1,"No ","Metropolitian ","Sandstorms","Jam ",1
"17/02/2022","8:35:00","8:40:00",20,"Meal ",37,4.7,4,"motorcycle ",0,"No ","Metropolitian ","Fog","Low ",0
"6/03/2022","22:40:00","22:55:00",21,"Meal ",26,4.7,15,"motorcycle ",0,"No ","Metropolitian ","Fog","Low ",1
"2/04/2022","20:00:00","20:05:00",41,"Snack ",35,4.9,11,"scooter ",2,"No ","Metropolitian ","Fog","Jam ",2
"4/04/2022","23:30:00","23:45:00",35,"Snack ",35,4.3,16,"motorcycle ",1,"No ","Urban ","Cloudy","Low ",0
"14/02/2022","21:15:00","21:25:00",18,"Meal ",20,4.6,17,"scooter ",1,"No ","Urban ","Sandstorms","Jam ",0
"24/03/2022","11:40:00","11:45:00",33,"Buffet ",37,5,5,"scooter ",1,"No ","Metropolitian ","Fog","High ",1
"9/03/2022","12:00:00","12:15:00",31,"Buffet ",29,4.6,19,"motorcycle ",0,"No ","Metropolitian ","Sandstorms","High ",0
"3/03/2022","10:20:00","10:25:00",24,"Meal ",33,4.7,9,"scooter ",2,"No ","Metropolitian ","Stormy","Low ",0
"13/03/2022","8:35:00","8:45:00",23,"Meal ",29,4.3,16,"motorcycle ",0,"No ","Metropolitian ","Windy","Low ",0
"13/03/2022","23:55:00","0:10:00",21,"Buffet ",37,4.1,1,"motorcycle ",0,"No ","Urban ","Windy","Low ",1
"3/03/2022","13:35:00","13:50:00",26,"Meal ",35,4.7,23,"motorcycle ",0,"No ","Metropolitian ","Sunny","High ",1
"3/04/2022","9:20:00","9:35:00",21,"Meal ",23,4.3,16,"motorcycle ",0,"No ","Urban ","Stormy","Low ",1
"18/03/2022","18:45:00","18:55:00",29,"Buffet ",22,4.9,7,"scooter ",2,"No ","Metropolitian ","Sandstorms","Medium ",1
"23/03/2022","23:00:00","23:10:00",35,"Meal ",32,3.7,6,"scooter ",2,"No ","Metropolitian ","Fog","Low ",1
"6/04/2022","20:35:00","20:40:00",16,"Meal ",22,4.7,15,"electric_scooter ",2,"No ","Metropolitian ","Stormy","Jam ",0
"20/03/2022","21:50:00","22:00:00",35,"Drinks ",22,5,5,"motorcycle ",0,"No ","Metropolitian ","Stormy","Jam ",1
"1/04/2022","18:35:00","18:40:00",28,"Meal ",22,4.6,18,"motorcycle ",0,"No ","Metropolitian ","Sandstorms","Medium ",1
"1/04/2022","17:40:00","17:45:00",15,"Buffet ",27,4.6,21,"scooter ",1,"No ","Metropolitian ","Cloudy","Medium ",1
"1/03/2022","20:40:00","20:45:00",37,"Snack ",23,4.6,4,"motorcycle ",0,"No ","Metropolitian ","Windy","Jam ",2
"23/03/2022","17:40:00","17:45:00",43,"Buffet ",31,4.6,7,"motorcycle ",0,"No ","Metropolitian ","Sandstorms","Medium ",0
"13/03/2022","18:30:00","18:45:00",27,"Meal ",32,5,23,"motorcycle ",1,"No ","Metropolitian ","Windy","Medium ",1
"7/03/2022","16:55:00","17:10:00",27,"Snack ",26,5,16,"motorcycle ",2,"No ","Metropolitian ","Windy","Medium ",1
"18/03/2022","19:40:00","19:50:00",43,"Drinks ",38,4.3,23,"motorcycle ",2,"Yes ","Metropolitian ","Stormy","Jam ",2
"20/03/2022","18:10:00","18:15:00",46,"Meal ",38,4.2,11,"motorcycle ",0,"Yes ","Metropolitian ","Sandstorms","Medium ",1
"28/03/2022","10:10:00","10:15:00",11,"Buffet ",36,5,23,"scooter ",1,"No ","Urban ","Sunny","Low ",0
"11/02/2022","21:55:00","22:00:00",27,"Meal ",38,4.5,6,"scooter ",2,"No ","Urban ","Fog","Jam ",1
"23/03/2022","20:10:00","20:20:00",29,"Meal ",32,4.8,8,"scooter ",1,"No ","Metropolitian ","Sunny","Jam ",1
"10/03/2022","18:45:00","18:55:00",33,"Meal ",25,5,16,"motorcycle ",0,"No ","Urban ","Sandstorms","Medium ",1
"16/02/2022","20:50:00","21:00:00",22,"Drinks ",28,4.7,6,"motorcycle ",2,"No ","Metropolitian ","Stormy","Jam ",1
"6/03/2022","21:25:00","21:35:00",35,"Meal ",22,4.2,2,"motorcycle ",0,"No ","Metropolitian ","Windy","Jam ",1
"23/03/2022","22:50:00","23:00:00",24,"Meal ",36,4.6,23,"scooter ",1,"No ","Metropolitian ","Windy","Low ",1
"8/03/2022","23:00:00","23:15:00",28,"Meal ",20,4.9,23,"scooter ",1,"No ","Metropolitian ","Sunny","Low ",0
"13/02/2022","23:20:00","23:25:00",17,"Buffet ",22,4.6,5,"scooter ",1,"No ","Metropolitian ","Windy","Low ",1
"10/03/2022","21:25:00","21:40:00",29,"Meal ",20,4.7,22,"motorcycle ",1,"No ","Metropolitian ","Sandstorms","Jam ",1
"26/03/2022","17:35:00","17:50:00",26,"Snack ",32,4.9,15,"scooter ",2,"No ","Metropolitian ","Sandstorms","Medium ",0
"8/03/2022","21:40:00","21:55:00",36,"Meal ",39,4.8,22,"electric_scooter ",2,"No ","Urban ","Stormy","Jam ",1
"13/03/2022","11:35:00","11:50:00",48,"Drinks ",33,4.3,9,"motorcycle ",0,"No ","Metropolitian ","Stormy","High ",1
"10/03/2022","18:30:00","18:45:00",19,"Meal ",27,4.9,17,"motorcycle ",0,"No ","Metropolitian ","Sunny","Medium ",1
"1/03/2022","18:30:00","18:45:00",16,"Snack ",33,4.8,17,"scooter ",1,"No ","Metropolitian ","Stormy","Medium ",0
"17/03/2022","8:50:00","9:05:00",28,"Drinks ",24,4.5,9,"motorcycle ",0,"No ","Metropolitian ","Sandstorms","Low ",0
"6/03/2022","20:30:00","20:40:00",27,"Snack ",20,4.7,22,"motorcycle ",0,"No ","Metropolitian ","Sunny","Jam ",1
"14/02/2022","22:15:00","22:25:00",21,"Meal ",34,4.8,16,"electric_scooter ",2,"No ","Urban ","Stormy","Low ",1
"19/03/2022","9:45:00","10:00:00",24,"Meal ",26,4.4,7,"motorcycle ",0,"No ","Metropolitian ","Sandstorms","Low ",1
"26/03/2022","8:50:00","9:00:00",21,"Meal ",24,4,19,"motorcycle ",0,"No ","Metropolitian ","Sandstorms","Low ",0
"10/03/2022","22:35:00","22:40:00",25,"Snack ",39,4.9,15,"motorcycle ",1,"No ","Metropolitian ","Stormy","Low ",0
"23/03/2022","18:00:00","18:15:00",36,"Snack ",32,4.2,1,"motorcycle ",0,"No ","Metropolitian ","Windy","Medium ",1
"24/03/2022","23:50:00","0:00:00",12,"Snack ",30,4.9,21,"motorcycle ",1,"No ","Urban ","Sunny","Low ",0
"16/02/2022","23:25:00","23:40:00",20,"Meal ",24,4.6,2,"motorcycle ",0,"No ","Metropolitian ","Sunny","Low ",1
"9/03/2022","10:40:00","10:55:00",16,"Buffet ",25,4.5,5,"motorcycle ",0,"No ","Urban ","Cloudy","Low ",0
"14/03/2022","20:35:00","20:50:00",43,"Drinks ",35,3.7,5,"scooter ",2,"No ","Urban ","Windy","Jam ",1
"3/04/2022","20:50:00","21:00:00",21,"Drinks ",20,4.8,23,"motorcycle ",0,"No ","Metropolitian ","Windy","Jam ",1
"7/03/2022","9:45:00","10:00:00",17,"Meal ",22,5,17,"motorcycle ",0,"No ","Metropolitian ","Sunny","Low ",1
"17/03/2022","11:40:00","11:55:00",25,"Snack ",36,4.9,18,"motorcycle ",0,"No ","Urban ","Cloudy","High ",0
"2/03/2022","18:35:00","18:45:00",34,"Buffet ",33,3.9,1,"scooter ",2,"No ","Urban ","Stormy","Medium ",1
"13/03/2022","9:20:00","9:25:00",25,"Meal ",28,4.2,1,"motorcycle ",0,"No ","Urban ","Stormy","Low ",0
"11/02/2022","20:20:00","20:25:00",30,"Meal ",32,4.7,5,"scooter ",2,"No ","Metropolitian ","Sandstorms","Jam ",1
"14/03/2022","23:45:00","23:50:00",21,"Meal ",27,4.8,15,"motorcycle ",0,"No ","Metropolitian ","Cloudy","Low ",0
"3/04/2022","18:40:00","18:55:00",23,"Buffet ",24,4.8,21,"motorcycle ",1,"No ","Metropolitian ","Sandstorms","Medium ",1
"28/03/2022","20:25:00","20:40:00",30,"Snack ",35,4.6,3,"motorcycle ",1,"No ","Metropolitian ","Fog","Jam ",0
"7/03/2022","9:00:00","9:10:00",29,"Snack ",36,4.7,13,"motorcycle ",0,"No ","Metropolitian ","Sunny","Low ",0
"4/03/2022","21:25:00","21:40:00",31,"Buffet ",28,4,5,"scooter ",1,"No ","Urban ","Stormy","Jam ",1
"18/02/2022","18:50:00","19:00:00",35,"Buffet ",35,4.8,21,"scooter ",1,"No ","Urban ","Cloudy","Medium ",0
"21/03/2022","20:45:00","21:00:00",27,"Drinks ",31,4.7,23,"motorcycle ",1,"No ","Metropolitian ","Cloudy","Jam ",1
"21/03/2022","9:10:00","9:15:00",21,"Snack ",30,4.6,17,"motorcycle ",0,"No ","Urban ","Fog","Low ",1
"24/03/2022","8:20:00","8:25:00",15,"Buffet ",24,4.6,23,"motorcycle ",2,"No ","Metropolitian ","Fog","Low ",0
"6/04/2022","23:40:00","23:45:00",26,"Snack ",34,4.8,22,"motorcycle ",0,"No ","Urban ","Sunny","Low ",1
"11/03/2022","12:55:00","13:10:00",16,"Meal ",32,4.7,9,"scooter ",2,"No ","Metropolitian ","Sunny","High ",0
"5/04/2022","21:10:00","21:15:00",29,"Buffet ",25,4.9,18,"scooter ",1,"No ","Metropolitian ","Windy","Jam ",0
"6/04/2022","19:20:00","19:30:00",50,"Meal ",32,4.7,17,"motorcycle ",0,"No ","Metropolitian ","Cloudy","Jam ",1
"19/03/2022","9:25:00","9:35:00",28,"Buffet ",37,4.6,7,"motorcycle ",0,"No ","Metropolitian ","Sunny","Low ",1
"23/03/2022","20:00:00","20:05:00",24,"Snack ",21,4.8,12,"scooter ",2,"No ","Metropolitian ","Windy","Jam ",1
"14/03/2022","20:25:00","20:30:00",50,"Drinks ",32,4.1,6,"motorcycle ",0,"No ","Metropolitian ","Windy","Jam ",1
"20/03/2022","19:20:00","19:35:00",28,"Drinks ",28,4.9,22,"scooter ",2,"No ","Urban ","Stormy","Jam ",1
"14/03/2022","23:45:00","23:55:00",15,"Snack ",39,4.8,22,"motorcycle ",2,"No ","Metropolitian ","Stormy","Low ",1
"23/03/2022","22:15:00","22:30:00",29,"Snack ",34,4.6,6,"motorcycle ",1,"No ","Metropolitian ","Cloudy","Low ",1
"3/03/2022","23:40:00","23:55:00",16,"Buffet ",24,4.6,12,"electric_scooter ",2,"No ","Metropolitian ","Fog","Low ",1
"3/03/2022","11:50:00","11:55:00",26,"Drinks ",25,4.7,12,"electric_scooter ",2,"No ","Metropolitian ","Windy","High ",0
"27/03/2022","18:30:00","18:40:00",36,"Snack ",34,4.2,4,"scooter ",2,"No ","Metropolitian ","Stormy","Medium ",1
"1/03/2022","13:15:00","13:30:00",43,"Buffet ",25,4.2,11,"motorcycle ",0,"No ","Metropolitian ","Sunny","High ",1
"29/03/2022","19:55:00","20:10:00",42,"Meal ",35,4.8,13,"scooter ",2,"No ","Metropolitian ","Fog","Jam ",1
"17/03/2022","21:50:00","21:55:00",13,"Drinks ",26,4.6,19,"scooter ",2,"No ","Urban ","Sunny","Jam ",0
"5/04/2022","22:10:00","22:25:00",18,"Drinks ",29,4.8,23,"motorcycle ",1,"No ","Metropolitian ","Sandstorms","Low ",0
"6/04/2022","17:55:00","18:00:00",20,"Buffet ",36,4.7,17,"scooter ",2,"No ","Metropolitian ","Sunny","Medium ",0
"5/03/2022","23:30:00","23:35:00",14,"Buffet ",21,4.9,21,"scooter ",1,"No ","Urban ","Stormy","Low ",1
"9/03/2022","14:10:00","14:15:00",33,"Buffet ",36,4.8,13,"scooter ",1,"No ","Metropolitian ","Windy","High ",1
"17/02/2022","12:00:00","12:10:00",23,"Meal ",38,5,6,"motorcycle ",0,"No ","Metropolitian ","Fog","High ",1
"3/04/2022","9:50:00","9:55:00",16,"Meal ",33,4.8,23,"motorcycle ",2,"No ","Metropolitian ","Sunny","Low ",1
"19/03/2022","18:10:00","18:25:00",21,"Drinks ",21,4.5,9,"electric_scooter ",2,"No ","Metropolitian ","Stormy","Medium ",0
"13/02/2022","20:40:00","20:55:00",40,"Meal ",33,4.2,4,"motorcycle ",0,"No ","Metropolitian ","Windy","Jam ",1
"4/04/2022","22:50:00","22:55:00",18,"Meal ",33,4.9,22,"electric_scooter ",2,"No ","Metropolitian ","Stormy","Low ",1
"5/04/2022","17:15:00","17:20:00",29,"Meal ",30,5,18,"motorcycle ",0,"No ","Metropolitian ","Sandstorms","Medium ",0
"14/03/2022","21:35:00","21:45:00",26,"Drinks ",27,4.9,19,"motorcycle ",0,"No ","Metropolitian ","Stormy","Jam ",0
"13/02/2022","18:45:00","18:50:00",28,"Buffet ",28,4.9,9,"motorcycle ",1,"No ","Metropolitian ","Sandstorms","Medium ",1
"16/02/2022","22:10:00","22:25:00",17,"Snack ",23,4.7,7,"motorcycle ",0,"No ","Metropolitian ","Sandstorms","Low ",1
"12/03/2022","21:25:00","21:40:00",28,"Buffet ",22,4.6,16,"scooter ",2,"No ","Metropolitian ","Stormy","Jam ",1
"21/03/2022","22:35:00","22:50:00",19,"Snack ",23,4.7,14,"electric_scooter ",2,"No ","Metropolitian ","Sunny","Low ",1
"13/02/2022","18:40:00","18:45:00",27,"Buffet ",37,4.8,23,"motorcycle ",0,"No ","Urban ","Windy","Medium ",1
"25/03/2022","21:20:00","21:30:00",18,"Meal ",22,4.9,17,"motorcycle ",1,"No ","Urban ","Windy","Jam ",1
"18/02/2022","19:10:00","19:15:00",36,"Buffet ",35,4.3,8,"motorcycle ",0,"No ","Metropolitian ","Fog","Jam ",1
"2/03/2022","19:40:00","19:50:00",41,"Buffet ",29,4.3,23,"scooter ",1,"No ","Metropolitian ","Fog","Jam ",2
"5/03/2022","22:25:00","22:40:00",28,"Meal ",30,5,19,"motorcycle ",0,"No ","Urban ","Stormy","Low ",1
"18/02/2022","21:50:00","21:55:00",39,"Buffet ",39,4.2,5,"scooter ",1,"No ","Urban ","Fog","Jam ",1
"30/03/2022","21:30:00","21:40:00",32,"Drinks ",30,4,7,"scooter ",1,"No ","Metropolitian ","Stormy","Jam ",0
"13/03/2022","18:40:00","18:50:00",31,"Meal ",33,4.1,8,"motorcycle ",2,"No ","Metropolitian ","Sandstorms","Medium ",0
"6/04/2022","21:25:00","21:30:00",46,"Drinks ",28,4.6,16,"motorcycle ",0,"No ","Urban ","Fog","Jam ",2
"7/03/2022","13:15:00","13:25:00",24,"Meal ",23,5,23,"motorcycle ",0,"No ","Metropolitian ","Fog","High ",1
"17/03/2022","20:50:00","20:55:00",15,"Meal ",36,4.9,4,"motorcycle ",2,"No ","Metropolitian ","Sunny","Jam ",0
"2/03/2022","23:40:00","23:45:00",23,"Drinks ",27,4.5,18,"motorcycle ",0,"No ","Metropolitian ","Stormy","Low ",1
"26/03/2022","8:40:00","8:50:00",14,"Buffet ",26,4.6,23,"motorcycle ",1,"No ","Metropolitian ","Cloudy","Low ",0
"3/03/2022","23:10:00","23:15:00",21,"Drinks ",39,4.8,15,"motorcycle ",1,"No ","Metropolitian ","Stormy","Low ",1
"14/03/2022","21:15:00","21:25:00",43,"Snack ",39,4.9,18,"motorcycle ",0,"No ","Urban ","Windy","Jam ",2
"13/03/2022","17:40:00","17:45:00",33,"Buffet ",38,4.8,23,"motorcycle ",2,"No ","Metropolitian ","Stormy","Medium ",0
"3/03/2022","10:45:00","11:00:00",24,"Drinks ",21,4.8,19,"motorcycle ",0,"No ","Metropolitian ","Fog","Low ",1
"1/03/2022","19:00:00","19:10:00",18,"Drinks ",26,4.9,15,"scooter ",1,"No ","Metropolitian ","Sunny","Medium ",1
"20/03/2022","19:35:00","19:40:00",30,"Meal ",25,4.5,4,"scooter ",1,"No ","Urban ","Fog","Jam ",1
"4/04/2022","17:25:00","17:35:00",26,"Snack ",22,4.8,19,"motorcycle ",1,"No ","Metropolitian ","Windy","Medium ",1
"14/02/2022","22:55:00","23:10:00",23,"Snack ",27,4.5,5,"motorcycle ",0,"No ","Metropolitian ","Stormy","Low ",0
"24/03/2022","9:55:00","10:05:00",23,"Meal ",29,4.5,14,"motorcycle ",0,"No ","Metropolitian ","Fog","Low ",0
"4/03/2022","22:15:00","22:20:00",21,"Snack ",37,4.9,18,"scooter ",1,"No ","Metropolitian ","Windy","Low ",1
"31/03/2022","17:55:00","18:05:00",27,"Drinks ",20,4.9,1,"electric_scooter ",2,"No ","Urban ","Cloudy","Medium ",1
"25/03/2022","22:55:00","23:10:00",23,"Meal ",29,4.7,23,"motorcycle ",0,"No ","Metropolitian ","Windy","Low ",1
"15/02/2022","20:30:00","20:40:00",26,"Buffet ",32,5,5,"scooter ",2,"No ","Metropolitian ","Windy","Jam ",1
"5/04/2022","12:35:00","12:40:00",30,"Drinks ",30,4.7,17,"motorcycle ",0,"No ","Metropolitian ","Cloudy","High ",1
"25/03/2022","17:40:00","17:50:00",38,"Meal ",24,4.7,1,"motorcycle ",0,"No ","Metropolitian ","Fog","Medium ",1
"4/03/2022","20:50:00","21:05:00",14,"Drinks ",20,4.9,23,"electric_scooter ",2,"No ","Metropolitian ","Sunny","Jam ",0
"6/04/2022","23:35:00","23:40:00",23,"Meal ",37,4.5,17,"motorcycle ",1,"No ","Urban ","Windy","Low ",1
"11/03/2022","9:10:00","9:20:00",16,"Meal ",20,4.6,23,"motorcycle ",1,"No ","Metropolitian ","Sandstorms","Low ",0
"26/03/2022","23:30:00","23:45:00",16,"Meal ",26,4.9,19,"scooter ",1,"No ","Metropolitian ","Windy","Low ",1
"5/03/2022","8:20:00","8:30:00",13,"Snack ",26,4.8,15,"motorcycle ",1,"No ","Metropolitian ","Sandstorms","Low ",0
"15/03/2022","11:30:00","11:45:00",34,"Meal ",31,4.2,11,"motorcycle ",1,"No ","Metropolitian ","Cloudy","High ",1
"6/04/2022","22:35:00","22:40:00",39,"Drinks ",26,2.9,4,"scooter ",1,"No ","Urban ","Sunny","Low ",2
"26/03/2022","12:00:00","12:15:00",10,"Buffet ",21,4.6,17,"motorcycle ",1,"No ","Metropolitian ","Windy","High ",1
"3/04/2022","14:55:00","15:00:00",33,"Meal ",39,4.1,13,"motorcycle ",1,"No ","Metropolitian ","Stormy","High ",1
"16/03/2022","18:30:00","18:40:00",37,"Drinks ",30,4.5,3,"scooter ",2,"No ","Urban ","Windy","Medium ",1
"10/03/2022","20:55:00","21:10:00",47,"Meal ",35,4.7,23,"scooter ",1,"No ","Metropolitian ","Cloudy","Jam ",1
"26/03/2022","8:20:00","8:25:00",24,"Drinks ",20,4.3,16,"motorcycle ",0,"No ","Metropolitian ","Stormy","Low ",1
"5/04/2022","8:45:00","9:00:00",16,"Buffet ",33,4.6,15,"scooter ",2,"No ","Metropolitian ","Fog","Low ",0
"29/03/2022","23:25:00","23:30:00",30,"Meal ",24,4.7,4,"electric_scooter ",2,"No ","Metropolitian ","Sunny","Low ",1
"18/03/2022","19:00:00","19:10:00",29,"Snack ",26,5,23,"scooter ",1,"No ","Urban ","Cloudy","Medium ",1
"30/03/2022","10:55:00","11:05:00",22,"Meal ",36,4.9,12,"motorcycle ",1,"No ","Metropolitian ","Stormy","Low ",0
"29/03/2022","18:10:00","18:25:00",32,"Buffet ",23,4.1,11,"motorcycle ",2,"No ","Metropolitian ","Cloudy","Medium ",0
"24/03/2022","18:25:00","18:40:00",25,"Snack ",37,4.7,18,"electric_scooter ",2,"No ","Metropolitian ","Stormy","Medium ",1
"23/03/2022","18:30:00","18:35:00",17,"Buffet ",22,4.9,17,"motorcycle ",2,"No ","Urban ","Sunny","Medium ",0
"11/02/2022","17:10:00","17:25:00",21,"Meal ",24,4.6,6,"motorcycle ",0,"No ","Metropolitian ","Fog","Medium ",0
"17/03/2022","15:35:00","15:45:00",16,"Buffet ",35,4.6,4,"scooter ",2,"No ","Metropolitian ","Fog","Medium ",0
"13/03/2022","22:40:00","22:50:00",17,"Meal ",36,4.9,21,"scooter ",2,"No ","Urban ","Sunny","Low ",0
"17/03/2022","17:20:00","17:35:00",28,"Buffet ",24,4.5,18,"scooter ",2,"No ","Metropolitian ","Stormy","Medium ",1
"26/03/2022","17:20:00","17:25:00",28,"Snack ",28,4.8,23,"scooter ",2,"No ","Metropolitian ","Stormy","Medium ",1
"18/03/2022","21:15:00","21:25:00",18,"Meal ",29,4.6,4,"scooter ",2,"No ","Metropolitian ","Windy","Jam ",1
"10/03/2022","21:30:00","21:45:00",40,"Snack ",34,3.6,8,"scooter ",1,"No ","Metropolitian ","Windy","Jam ",1
"1/04/2022","23:00:00","23:05:00",16,"Buffet ",39,4.6,23,"scooter ",2,"No ","Metropolitian ","Cloudy","Low ",1
"24/03/2022","8:50:00","9:00:00",14,"Drinks ",22,4.7,22,"motorcycle ",1,"No ","Urban ","Cloudy","Low ",1
"17/02/2022","21:25:00","21:35:00",34,"Snack ",34,4.7,4,"motorcycle ",1,"No ","Metropolitian ","Fog","Jam ",1
"16/02/2022","21:30:00","21:40:00",32,"Buffet ",29,4.3,5,"motorcycle ",0,"No ","Metropolitian ","Stormy","Jam ",0
"20/03/2022","23:45:00","0:00:00",28,"Snack ",33,4.6,14,"scooter ",1,"No ","Metropolitian ","Windy","Low ",0
"23/03/2022","17:55:00","18:05:00",37,"Drinks ",32,4.1,3,"motorcycle ",0,"No ","Metropolitian ","Sunny","Medium ",1
"4/03/2022","17:35:00","17:50:00",29,"Drinks ",28,4.7,23,"motorcycle ",2,"No ","Urban ","Fog","Medium ",1
"1/04/2022","20:35:00","20:40:00",18,"Snack ",20,4.5,9,"scooter ",2,"No ","Metropolitian ","Stormy","Jam ",1
"7/03/2022","18:55:00","19:05:00",12,"Drinks ",25,4.7,16,"motorcycle ",0,"No ","Urban ","Stormy","Medium ",0
"21/03/2022","22:20:00","22:25:00",16,"Meal ",22,5,21,"motorcycle ",1,"No ","Urban ","Sunny","Low ",1
"15/02/2022","19:45:00","19:55:00",42,"Buffet ",35,4.6,2,"motorcycle ",0,"No ","Metropolitian ","Sandstorms","Jam ",1
"25/03/2022","22:55:00","23:10:00",26,"Buffet ",34,4.7,22,"motorcycle ",1,"No ","Metropolitian ","Fog","Low ",1
"17/03/2022","14:25:00","14:35:00",18,"Buffet ",39,4.8,23,"motorcycle ",1,"No ","Urban ","Sunny","High ",0
"23/03/2022","20:15:00","20:30:00",21,"Buffet ",35,4.8,21,"electric_scooter ",2,"No ","Urban ","Sunny","Jam ",1
"23/03/2022","20:50:00","20:55:00",18,"Snack ",27,5,23,"scooter ",2,"No ","Metropolitian ","Stormy","Jam ",0
"6/04/2022","21:50:00","21:55:00",31,"Snack ",20,4.1,3,"electric_scooter ",2,"No ","Metropolitian ","Fog","Jam ",1
"16/03/2022","19:15:00","19:25:00",42,"Meal ",30,3.7,3,"scooter ",2,"No ","Metropolitian ","Sandstorms","Jam ",0
"14/02/2022","18:50:00","19:05:00",38,"Snack ",30,4.6,7,"motorcycle ",0,"No ","Metropolitian ","Fog","Medium ",1
"25/03/2022","18:25:00","18:30:00",17,"Meal ",27,4.9,21,"scooter ",1,"No ","Metropolitian ","Stormy","Medium ",1
"6/04/2022","20:20:00","20:35:00",32,"Meal ",28,4.3,19,"motorcycle ",0,"No ","Urban ","Stormy","Jam ",1
"11/03/2022","18:30:00","18:35:00",24,"Meal ",38,4.8,22,"motorcycle ",0,"No ","Urban ","Sunny","Medium ",0
"10/03/2022","21:15:00","21:20:00",29,"Meal ",29,4.9,12,"motorcycle ",0,"No ","Metropolitian ","Sandstorms","Jam ",0
"14/03/2022","23:10:00","23:25:00",44,"Drinks ",32,4,8,"motorcycle ",0,"No ","Metropolitian ","Fog","Low ",1
"1/03/2022","11:55:00","12:10:00",47,"Snack ",20,3.8,17,"motorcycle ",0,"No ","Metropolitian ","Sunny","High ",2
"17/02/2022","20:00:00","20:05:00",27,"Meal ",39,4.7,2,"motorcycle ",2,"No ","Metropolitian ","Stormy","Jam ",1
"11/02/2022","21:10:00","21:25:00",11,"Snack ",24,5,3,"electric_scooter ",2,"No ","Metropolitian ","Stormy","Jam ",0
"1/04/2022","9:35:00","9:45:00",27,"Drinks ",22,4.3,9,"motorcycle ",0,"No ","Metropolitian ","Windy","Low ",0
"19/03/2022","14:55:00","15:00:00",25,"Buffet ",29,4.8,21,"electric_scooter ",2,"No ","Metropolitian ","Stormy","High ",0
"18/02/2022","17:20:00","17:25:00",26,"Buffet ",32,4.7,8,"motorcycle ",2,"No ","Metropolitian ","Fog","Medium ",1
"1/03/2022","23:55:00","0:10:00",15,"Buffet ",22,5,15,"scooter ",2,"No ","Urban ","Stormy","Low ",1
"28/03/2022","19:50:00","20:05:00",47,"Buffet ",38,4.3,6,"motorcycle ",0,"No ","Metropolitian ","Sandstorms","Jam ",3
"4/03/2022","22:00:00","22:05:00",37,"Meal ",31,4.3,18,"motorcycle ",2,"No ","Metropolitian ","Fog","Jam ",1
"6/04/2022","21:50:00","22:00:00",15,"Meal ",35,4.9,16,"motorcycle ",1,"No ","Urban ","Sunny","Jam ",1
"17/02/2022","9:50:00","10:05:00",21,"Buffet ",27,4.1,10,"motorcycle ",0,"No ","Metropolitian ","Sandstorms","Low ",0
"13/02/2022","11:40:00","11:55:00",28,"Buffet ",36,4.6,7,"motorcycle ",2,"No ","Metropolitian ","Windy","High ",1
"6/03/2022","20:15:00","20:25:00",36,"Buffet ",22,4,4,"motorcycle ",0,"No ","Metropolitian ","Sandstorms","Jam ",1
"23/03/2022","17:15:00","17:25:00",29,"Snack ",22,4.8,17,"motorcycle ",0,"No ","Urban ","Sunny","Medium ",1
"14/02/2022","22:30:00","22:45:00",10,"Meal ",24,4.9,4,"electric_scooter ",2,"No ","Metropolitian ","Stormy","Low ",0
"7/03/2022","21:50:00","22:05:00",24,"Buffet ",23,5,17,"motorcycle ",0,"No ","Urban ","Stormy","Jam ",1
"21/03/2022","19:00:00","19:05:00",27,"Drinks ",28,5,18,"motorcycle ",0,"No ","Metropolitian ","Fog","Medium ",1
"1/03/2022","15:45:00","15:55:00",28,"Drinks ",20,5,14,"scooter ",1,"No ","Metropolitian ","Windy","Medium ",1
"21/03/2022","10:50:00","10:55:00",13,"Snack ",24,4.6,22,"scooter ",1,"No ","Urban ","Cloudy","Low ",1
"27/03/2022","21:40:00","21:45:00",20,"Buffet ",29,5,9,"scooter ",2,"No ","Metropolitian ","Stormy","Jam ",0
"5/03/2022","21:10:00","21:20:00",18,"Meal ",22,4.9,21,"scooter ",1,"No ","Metropolitian ","Windy","Jam ",0
"2/03/2022","19:30:00","19:35:00",42,"Snack ",24,4.9,18,"scooter ",2,"No ","Urban ","Cloudy","Jam ",1
"11/03/2022","23:30:00","23:45:00",25,"Snack ",37,4.7,18,"motorcycle ",2,"No ","Metropolitian ","Stormy","Low ",1
"1/04/2022","10:40:00","10:45:00",17,"Drinks ",35,4.5,2,"motorcycle ",1,"No ","Urban ","Fog","Low ",1
"19/03/2022","19:15:00","19:30:00",26,"Buffet ",34,4.8,2,"scooter ",1,"No ","Metropolitian ","Windy","Jam ",1
"13/02/2022","12:00:00","12:10:00",27,"Meal ",30,4.6,7,"scooter ",1,"No ","Metropolitian ","Sandstorms","High ",1
"19/03/2022","9:30:00","9:40:00",20,"Snack ",34,4.2,3,"motorcycle ",0,"No ","Metropolitian ","Windy","Low ",1
"1/03/2022","23:00:00","23:05:00",15,"Buffet ",27,4.7,13,"scooter ",1,"No ","Metropolitian ","Stormy","Low ",1
"16/03/2022","21:20:00","21:35:00",41,"Snack ",36,4.5,16,"motorcycle ",1,"Yes ","Metropolitian ","Windy","Jam ",1
"1/03/2022","16:30:00","16:40:00",15,"Snack ",34,4.7,21,"motorcycle ",2,"No ","Metropolitian ","Fog","Medium ",0
"14/02/2022","21:20:00","21:30:00",39,"Snack ",28,4.9,4,"motorcycle ",0,"No ","Metropolitian ","Stormy","Jam ",1
"13/02/2022","11:00:00","11:15:00",23,"Meal ",37,4,12,"motorcycle ",0,"No ","Metropolitian ","Stormy","Low ",1
"25/03/2022","18:45:00","18:50:00",49,"Snack ",32,4.7,18,"motorcycle ",0,"No ","Semi-Urban ","Windy","Medium ",1
"9/03/2022","16:40:00","16:55:00",19,"Snack ",28,4.6,15,"scooter ",1,"No ","Metropolitian ","Fog","Medium ",1
"11/02/2022","11:00:00","11:05:00",17,"Snack ",36,4.7,3,"scooter ",1,"No ","Metropolitian ","Stormy","Low ",1
"14/02/2022","23:55:00","0:10:00",26,"Snack ",39,4.7,6,"scooter ",1,"No ","Metropolitian ","Sandstorms","Low ",0
"14/03/2022","23:50:00","0:05:00",36,"Snack ",35,3.5,7,"motorcycle ",1,"No ","Metropolitian ","Fog","Low ",0
"25/03/2022","20:25:00","20:40:00",38,"Meal ",23,4.9,1,"motorcycle ",0,"No ","Metropolitian ","Cloudy","Jam ",1
"10/03/2022","22:45:00","23:00:00",36,"Buffet ",34,4.4,14,"motorcycle ",0,"No ","Metropolitian ","Cloudy","Low ",2
"15/03/2022","15:40:00","15:55:00",29,"Meal ",36,4.7,23,"motorcycle ",1,"No ","Metropolitian ","Windy","Medium ",1
"3/04/2022","14:30:00","14:40:00",27,"Snack ",37,5,21,"motorcycle ",0,"No ","Metropolitian ","Cloudy","High ",1
"4/04/2022","21:45:00","21:55:00",25,"Snack ",31,4.6,23,"motorcycle ",1,"No ","Metropolitian ","Sunny","Jam ",1
"7/03/2022","13:55:00","14:00:00",13,"Snack ",29,4.7,21,"scooter ",1,"No ","Urban ","Stormy","High ",1
"15/03/2022","21:10:00","21:20:00",30,"Drinks ",33,4.5,14,"motorcycle ",1,"No ","Metropolitian ","Stormy","Jam ",1
"5/03/2022","23:55:00","0:10:00",29,"Buffet ",37,4.5,14,"motorcycle ",2,"No ","Metropolitian ","Windy","Low ",1
"18/03/2022","18:10:00","18:25:00",16,"Buffet ",22,5,23,"motorcycle ",1,"No ","Urban ","Windy","Medium ",0
"13/03/2022","15:00:00","15:05:00",20,"Snack ",35,4.8,16,"motorcycle ",0,"No ","Urban ","Sunny","High ",0
"3/04/2022","21:30:00","21:45:00",29,"Snack ",27,4.7,5,"motorcycle ",0,"No ","Metropolitian ","Fog","Jam ",1
"20/03/2022","19:30:00","19:35:00",22,"Drinks ",24,4.9,23,"motorcycle ",1,"No ","Metropolitian ","Windy","Jam ",0
"27/03/2022","21:40:00","21:55:00",51,"Meal ",39,5,8,"motorcycle ",0,"Yes ","Metropolitian ","Fog","Jam ",3
"1/03/2022","8:40:00","8:50:00",15,"Drinks ",27,4.9,22,"scooter ",2,"No ","Urban ","Windy","Low ",1
"17/03/2022","10:10:00","10:15:00",24,"Meal ",22,5,21,"motorcycle ",0,"No ","Metropolitian ","Fog","Low ",1
"13/03/2022","12:35:00","12:50:00",28,"Buffet ",34,4.8,16,"electric_scooter ",2,"No ","Metropolitian ","Sandstorms","High ",1
"4/04/2022","20:00:00","20:10:00",22,"Meal ",37,4.6,23,"scooter ",2,"No ","Urban ","Sunny","Jam ",1
"15/03/2022","22:45:00","22:55:00",12,"Snack ",27,4.9,17,"motorcycle ",1,"No ","Urban ","Sandstorms","Low ",1
"15/02/2022","10:30:00","10:40:00",22,"Drinks ",27,4.8,2,"motorcycle ",0,"No ","Metropolitian ","Fog","Low ",1
"4/03/2022","18:20:00","18:35:00",29,"Meal ",25,4.5,12,"scooter ",2,"No ","Metropolitian ","Fog","Medium ",1
"13/03/2022","17:30:00","17:40:00",28,"Snack ",34,5,19,"motorcycle ",0,"No ","Urban ","Sandstorms","Medium ",1
"16/03/2022","20:25:00","20:35:00",29,"Drinks ",23,4.6,9,"motorcycle ",1,"No ","Metropolitian ","Sandstorms","Jam ",1
"12/03/2022","19:15:00","19:20:00",15,"Meal ",20,4.6,13,"scooter ",2,"No ","Metropolitian ","Stormy","Jam ",0
"26/03/2022","20:40:00","20:55:00",33,"Drinks ",35,4.9,1,"motorcycle ",1,"No ","Metropolitian ","Sandstorms","Jam ",1
"18/03/2022","23:40:00","23:50:00",42,"Drinks ",38,4.9,15,"motorcycle ",0,"No ","Metropolitian ","Cloudy","Low ",1
"5/03/2022","17:50:00","17:55:00",21,"Meal ",23,4.8,23,"electric_scooter ",2,"No ","Metropolitian ","Sunny","Medium ",1
"4/04/2022","19:10:00","19:20:00",44,"Snack ",34,4.5,17,"scooter ",2,"No ","Urban ","Windy","Jam ",1
"16/02/2022","20:40:00","20:45:00",27,"Drinks ",23,4.9,17,"motorcycle ",1,"No ","Urban ","Windy","Jam ",1
"26/03/2022","21:50:00","22:00:00",28,"Buffet ",39,4.7,16,"electric_scooter ",2,"No ","Metropolitian ","Stormy","Jam ",1
"8/03/2022","17:10:00","17:25:00",32,"Meal ",21,4.5,14,"motorcycle ",0,"No ","Metropolitian ","Sunny","Medium ",1
"3/04/2022","19:15:00","19:30:00",30,"Snack ",33,4.6,4,"electric_scooter ",2,"No ","Metropolitian ","Windy","Jam ",1
"7/03/2022","12:00:00","12:15:00",25,"Drinks ",36,4.7,15,"electric_scooter ",2,"No ","Metropolitian ","Stormy","High ",1
"17/03/2022","21:35:00","21:45:00",34,"Meal ",37,4.1,2,"scooter ",2,"No ","Metropolitian ","Fog","Jam ",1
"7/03/2022","13:40:00","13:55:00",23,"Buffet ",29,4.8,19,"scooter ",1,"No ","Urban ","Stormy","High ",1
"31/03/2022","19:10:00","19:15:00",52,"Snack ",32,4.6,2,"motorcycle ",0,"No ","Metropolitian ","Fog","Jam ",1
"14/02/2022","23:25:00","23:30:00",38,"Drinks ",36,3.8,17,"motorcycle ",1,"No ","Metropolitian ","Fog","Low ",1
"24/03/2022","10:10:00","10:25:00",25,"Snack ",34,4.4,12,"motorcycle ",0,"No ","Metropolitian ","Sandstorms","Low ",1
"7/03/2022","9:25:00","9:30:00",25,"Drinks ",34,4.8,23,"motorcycle ",0,"No ","Metropolitian ","Fog","Low ",1
"10/03/2022","19:00:00","19:15:00",42,"Meal ",30,5,21,"electric_scooter ",2,"No ","Metropolitian ","Cloudy","Medium ",2
"16/02/2022","23:55:00","0:05:00",18,"Snack ",32,4.8,7,"motorcycle ",1,"No ","Metropolitian ","Sandstorms","Low ",0
"3/03/2022","12:30:00","12:35:00",15,"Buffet ",21,4.8,21,"scooter ",1,"No ","Urban ","Sunny","High ",0
"17/02/2022","19:40:00","19:50:00",29,"Buffet ",34,4.7,18,"motorcycle ",2,"No ","Urban ","Fog","Jam ",1
"16/02/2022","21:00:00","21:05:00",39,"Drinks ",39,4,6,"motorcycle ",1,"No ","Urban ","Cloudy","Jam ",2
"5/04/2022","16:30:00","16:40:00",32,"Buffet ",35,4,5,"motorcycle ",1,"No ","Urban ","Stormy","Medium ",1
"1/03/2022","17:50:00","18:05:00",20,"Drinks ",28,4.7,7,"motorcycle ",0,"No ","Metropolitian ","Stormy","Medium ",1
"31/03/2022","19:55:00","20:00:00",36,"Drinks ",32,3.6,5,"scooter ",2,"No ","Metropolitian ","Windy","Jam ",1
"3/04/2022","10:40:00","10:55:00",32,"Meal ",30,4.2,15,"motorcycle ",0,"No ","Urban ","Windy","Low ",1
"15/02/2022","9:40:00","9:45:00",27,"Meal ",34,4,17,"motorcycle ",0,"No ","Metropolitian ","Sandstorms","Low ",1
"3/04/2022","18:40:00","18:50:00",25,"Drinks ",25,4.9,9,"motorcycle ",0,"No ","Metropolitian ","Cloudy","Medium ",1
"1/04/2022","9:45:00","9:50:00",16,"Buffet ",26,4.8,1,"scooter ",2,"No ","Urban ","Cloudy","Low ",1
"28/03/2022","22:45:00","22:55:00",17,"Snack ",20,4.9,21,"motorcycle ",1,"No ","Metropolitian ","Cloudy","Low ",1
"5/03/2022","21:45:00","21:50:00",41,"Drinks ",25,3.5,3,"motorcycle ",0,"No ","Metropolitian ","Sunny","Jam ",1
"3/03/2022","11:15:00","11:30:00",26,"Snack ",25,5,19,"motorcycle ",0,"No ","Urban ","Cloudy","High ",1
"26/03/2022","9:40:00","9:45:00",32,"Buffet ",34,4.3,2,"motorcycle ",0,"No ","Urban ","Windy","Low ",1
"11/03/2022","18:10:00","18:25:00",18,"Drinks ",37,5,22,"scooter ",2,"No ","Metropolitian ","Fog","Medium ",0
"3/04/2022","18:15:00","18:25:00",39,"Buffet ",30,5,13,"motorcycle ",0,"No ","Metropolitian ","Stormy","Medium ",1
"18/02/2022","22:45:00","22:50:00",15,"Buffet ",32,4.7,7,"scooter ",2,"No ","Metropolitian ","Stormy","Low ",0
"17/02/2022","8:45:00","8:55:00",21,"Snack ",34,4.8,3,"electric_scooter ",2,"No ","Metropolitian ","Sandstorms","Low ",1
"13/02/2022","21:45:00","21:50:00",21,"Buffet ",23,4.7,6,"scooter ",2,"No ","Metropolitian ","Fog","Jam ",0
"25/03/2022","20:10:00","20:25:00",31,"Drinks ",26,4.6,19,"motorcycle ",1,"No ","Urban ","Cloudy","Jam ",2
"14/03/2022","17:30:00","17:45:00",34,"Buffet ",32,4.2,8,"scooter ",1,"No ","Metropolitian ","Windy","Medium ",1
"2/04/2022","18:50:00","19:00:00",31,"Snack ",23,4.7,3,"scooter ",2,"No ","Metropolitian ","Fog","Medium ",1
"18/03/2022","17:40:00","17:55:00",39,"Meal ",29,4,18,"scooter ",2,"Yes ","Metropolitian ","Fog","Medium ",1
"18/03/2022","0:00:00","0:05:00",17,"Snack ",29,4.8,3,"motorcycle ",2,"No ","Metropolitian ","Windy","Low ",1
"3/03/2022","12:45:00","13:00:00",33,"Snack ",34,4.8,22,"motorcycle ",0,"No ","Metropolitian ","Stormy","High ",0
"31/03/2022","19:10:00","19:25:00",21,"Drinks ",25,4.8,22,"motorcycle ",0,"No ","Metropolitian ","Sunny","Jam ",0
"7/03/2022","20:50:00","20:55:00",25,"Meal ",37,4.8,17,"motorcycle ",0,"No ","Metropolitian ","Sunny","Jam ",0
"12/03/2022","21:30:00","21:40:00",42,"Snack ",20,4.6,21,"motorcycle ",2,"No ","Metropolitian ","Fog","Jam ",2
"5/04/2022","23:25:00","23:35:00",18,"Buffet ",25,4.6,18,"motorcycle ",0,"No ","Metropolitian ","Cloudy","Low ",0
"18/02/2022","20:00:00","20:15:00",38,"Meal ",33,4.8,8,"scooter ",2,"No ","Metropolitian ","Fog","Jam ",1
"5/04/2022","9:10:00","9:20:00",19,"Drinks ",34,4.9,16,"scooter ",2,"No ","Urban ","Fog","Low ",1
"17/02/2022","20:35:00","20:50:00",30,"Drinks ",31,5,5,"motorcycle ",1,"No ","Metropolitian ","Fog","Jam ",1
"2/04/2022","19:55:00","20:10:00",36,"Snack ",34,4.2,7,"motorcycle ",0,"No ","Metropolitian ","Sunny","Jam ",1
"3/03/2022","18:15:00","18:30:00",19,"Buffet ",33,4.9,21,"scooter ",2,"No ","Metropolitian ","Stormy","Medium ",0
"9/03/2022","21:30:00","21:35:00",24,"Snack ",22,4.9,21,"motorcycle ",0,"No ","Metropolitian ","Cloudy","Jam ",0
"28/03/2022","17:10:00","17:25:00",28,"Drinks ",26,4.7,19,"motorcycle ",0,"No ","Metropolitian ","Fog","Medium ",0
"23/03/2022","20:10:00","20:20:00",34,"Drinks ",30,3.9,9,"motorcycle ",1,"No ","Metropolitian ","Windy","Jam ",0
"31/03/2022","23:25:00","23:30:00",43,"Buffet ",35,4,19,"motorcycle ",0,"No ","Urban ","Fog","Low ",2
"14/02/2022","23:00:00","23:15:00",44,"Drinks ",27,2.5,19,"motorcycle ",1,"No ","Metropolitian ","Sunny","Low ",2
"15/02/2022","12:45:00","13:00:00",35,"Buffet ",27,4.6,6,"motorcycle ",0,"No ","Metropolitian ","Stormy","High ",1
"30/03/2022","9:30:00","9:35:00",23,"Meal ",22,4.8,17,"motorcycle ",0,"No ","Metropolitian ","Cloudy","Low ",0
"11/03/2022","13:00:00","13:05:00",22,"Buffet ",20,4.6,23,"scooter ",2,"No ","Metropolitian ","Cloudy","High ",0
"1/04/2022","12:20:00","12:35:00",13,"Snack ",27,4.7,3,"scooter ",1,"No ","Urban ","Sandstorms","High ",1
"3/04/2022","21:45:00","21:55:00",21,"Meal ",20,4.7,23,"scooter ",1,"No ","Metropolitian ","Sandstorms","Jam ",1
"17/02/2022","11:10:00","11:20:00",33,"Snack ",29,4.8,5,"motorcycle ",2,"No ","Metropolitian ","Sandstorms","High ",1
"20/03/2022","18:10:00","18:20:00",44,"Snack ",31,4.4,4,"motorcycle ",0,"No ","Urban ","Windy","Medium ",1
"10/03/2022","17:25:00","17:30:00",29,"Snack ",22,4.8,14,"scooter ",1,"No ","Metropolitian ","Stormy","Medium ",0
"2/03/2022","19:00:00","19:15:00",19,"Drinks ",22,4.9,23,"scooter ",1,"No ","Metropolitian ","Sandstorms","Medium ",1
"5/04/2022","18:10:00","18:20:00",31,"Snack ",36,4.4,5,"motorcycle ",2,"No ","Metropolitian ","Stormy","Medium ",1
"2/03/2022","20:45:00","21:00:00",42,"Buffet ",39,4.7,15,"motorcycle ",1,"Yes ","Metropolitian ","Fog","Jam ",2
"19/03/2022","10:30:00","10:35:00",29,"Snack ",34,4.9,13,"scooter ",2,"No ","Metropolitian ","Windy","Low ",1
"14/02/2022","17:45:00","18:00:00",39,"Meal ",36,4.4,7,"motorcycle ",1,"No ","Metropolitian ","Windy","Medium ",2
"16/03/2022","20:45:00","20:50:00",32,"Buffet ",30,4.2,5,"motorcycle ",1,"No ","Metropolitian ","Stormy","Jam ",1
"15/03/2022","10:10:00","10:20:00",28,"Snack ",37,4.5,16,"motorcycle ",0,"No ","Metropolitian ","Sandstorms","Low ",0
"20/03/2022","19:55:00","20:00:00",53,"Meal ",33,4.3,6,"motorcycle ",0,"No ","Semi-Urban ","Sandstorms","Jam ",3
"7/03/2022","19:30:00","19:35:00",25,"Snack ",27,4.6,18,"motorcycle ",2,"No ","Metropolitian ","Windy","Jam ",1
"13/02/2022","21:10:00","21:20:00",13,"Drinks ",26,4.9,7,"motorcycle ",1,"No ","Metropolitian ","Windy","Jam ",1
"27/03/2022","22:30:00","22:35:00",20,"Drinks ",28,4.7,15,"motorcycle ",2,"No ","Urban ","Fog","Low ",0
"18/02/2022","23:45:00","23:50:00",38,"Drinks ",29,2.7,14,"scooter ",2,"No ","Metropolitian ","Sandstorms","Low ",2
"28/03/2022","15:00:00","15:05:00",36,"Meal ",37,4.2,5,"motorcycle ",2,"No ","Metropolitian ","Fog","High ",1
"27/03/2022","19:10:00","19:20:00",42,"Drinks ",31,4.8,11,"motorcycle ",0,"No ","Metropolitian ","Cloudy","Jam ",0
"17/02/2022","22:45:00","23:00:00",12,"Buffet ",29,4.6,4,"motorcycle ",1,"No ","Metropolitian ","Fog","Low ",0
"24/03/2022","14:10:00","14:20:00",24,"Meal ",25,4.7,21,"motorcycle ",0,"No ","Urban ","Fog","High ",0
"26/03/2022","21:55:00","22:10:00",34,"Meal ",25,4.1,5,"motorcycle ",0,"No ","Metropolitian ","Sandstorms","Jam ",1
"18/02/2022","23:10:00","23:15:00",37,"Buffet ",39,3.6,13,"motorcycle ",2,"No ","Metropolitian ","Fog","Low ",2
"2/03/2022","17:20:00","17:25:00",31,"Snack ",21,4.2,4,"motorcycle ",0,"No ","Metropolitian ","Stormy","Medium ",1
"2/03/2022","23:55:00","0:10:00",26,"Meal ",31,4.6,16,"motorcycle ",0,"No ","Metropolitian ","Sunny","Low ",1
"31/03/2022","22:30:00","22:45:00",42,"Drinks ",34,4.7,4,"motorcycle ",0,"No ","Metropolitian ","Fog","Low ",1
"17/02/2022","17:40:00","17:50:00",13,"Buffet ",21,4.5,3,"motorcycle ",1,"No ","Urban ","Cloudy","Medium ",1
"15/02/2022","17:10:00","17:25:00",19,"Drinks ",29,4.8,5,"scooter ",2,"No ","Metropolitian ","Sunny","Medium ",1
"18/02/2022","19:30:00","19:40:00",46,"Snack ",37,4.8,18,"motorcycle ",0,"No ","Urban ","Cloudy","Jam ",0
"4/03/2022","23:50:00","0:00:00",44,"Meal ",35,4.2,13,"motorcycle ",0,"No ","Metropolitian ","Fog","Low ",2
"20/03/2022","20:35:00","20:50:00",23,"Meal ",37,5,15,"motorcycle ",1,"No ","Urban ","Sunny","Jam ",1
"6/04/2022","23:45:00","23:55:00",21,"Buffet ",30,4.9,23,"motorcycle ",0,"No ","Metropolitian ","Stormy","Low ",1
"29/03/2022","23:40:00","23:50:00",14,"Meal ",29,4.9,14,"motorcycle ",1,"No ","Metropolitian ","Stormy","Low ",0
"12/03/2022","20:30:00","20:40:00",40,"Buffet ",35,4.1,4,"motorcycle ",0,"No ","Metropolitian ","Stormy","Jam ",1
"19/03/2022","8:35:00","8:50:00",21,"Snack ",37,4.9,12,"motorcycle ",1,"No ","Metropolitian ","Stormy","Low ",0
"15/02/2022","11:15:00","11:20:00",22,"Snack ",29,4.5,6,"scooter ",1,"No ","Metropolitian ","Fog","High ",0
"3/03/2022","17:50:00","18:05:00",14,"Buffet ",24,5,18,"scooter ",2,"No ","Metropolitian ","Fog","Medium ",1
"13/03/2022","20:20:00","20:35:00",20,"Snack ",37,4.5,2,"electric_scooter ",2,"No ","Urban ","Sunny","Jam ",1
"8/03/2022","20:00:00","20:05:00",43,"Snack ",25,4.8,23,"motorcycle ",1,"No ","Metropolitian ","Sunny","Jam ",2
"17/02/2022","22:20:00","22:30:00",10,"Snack ",24,4.9,23,"scooter ",2,"No ","Urban ","Stormy","Low ",1
"11/03/2022","11:50:00","12:05:00",14,"Meal ",26,4.5,19,"electric_scooter ",2,"No ","Metropolitian ","Sunny","High ",0
"23/03/2022","22:55:00","23:00:00",39,"Snack ",32,3.8,7,"motorcycle ",1,"No ","Metropolitian ","Fog","Low ",2
"21/03/2022","20:20:00","20:25:00",40,"Snack ",39,4.8,5,"motorcycle ",0,"No ","Metropolitian ","Sandstorms","Jam ",1
"29/03/2022","17:25:00","17:35:00",37,"Buffet ",37,4.7,13,"scooter ",2,"No ","Metropolitian ","Fog","Medium ",1
"11/02/2022","8:45:00","9:00:00",16,"Buffet ",28,4.7,2,"motorcycle ",2,"No ","Metropolitian ","Stormy","Low ",0
"16/02/2022","20:20:00","20:25:00",28,"Meal ",39,4.9,3,"scooter ",1,"No ","Metropolitian ","Sandstorms","Jam ",0
"4/04/2022","17:35:00","17:50:00",35,"Meal ",31,4.3,3,"scooter ",2,"No ","Metropolitian ","Cloudy","Medium ",0
"3/04/2022","10:35:00","10:45:00",29,"Buffet ",38,5,4,"motorcycle ",0,"No ","Metropolitian ","Sunny","Low ",1
"17/03/2022","17:15:00","17:30:00",18,"Meal ",32,4.7,22,"scooter ",1,"No ","Urban ","Cloudy","Medium ",0
"8/03/2022","23:20:00","23:25:00",17,"Snack ",23,4.5,9,"motorcycle ",1,"No ","Metropolitian ","Stormy","Low ",0
"1/04/2022","8:25:00","8:40:00",29,"Meal ",37,4.4,12,"motorcycle ",0,"No ","Metropolitian ","Sandstorms","Low ",1
"15/03/2022","22:30:00","22:45:00",19,"Buffet ",31,4.8,19,"motorcycle ",1,"No ","Metropolitian ","Cloudy","Low ",1
"1/03/2022","19:40:00","19:45:00",26,"Snack ",29,4.7,14,"motorcycle ",0,"No ","Metropolitian ","Sandstorms","Jam ",1
"15/03/2022","8:15:00","8:25:00",20,"Buffet ",23,4.9,19,"scooter ",2,"No ","Metropolitian ","Sunny","Low ",0
"18/03/2022","19:20:00","19:35:00",54,"Snack ",37,4.6,23,"motorcycle ",0,"Yes ","Semi-Urban ","Cloudy","Jam ",0
"1/04/2022","17:20:00","17:25:00",39,"Drinks ",39,4.1,13,"motorcycle ",0,"No ","Metropolitian ","Windy","Medium ",1
"24/03/2022","23:25:00","23:35:00",20,"Drinks ",26,4.5,16,"motorcycle ",0,"No ","Metropolitian ","Fog","Low ",0
"30/03/2022","11:30:00","11:45:00",38,"Drinks ",22,5,4,"motorcycle ",0,"No ","Metropolitian ","Stormy","High ",2
"6/03/2022","23:55:00","0:00:00",21,"Buffet ",30,4.9,14,"motorcycle ",0,"No ","Metropolitian ","Stormy","Low ",1
"1/03/2022","20:50:00","21:05:00",13,"Buffet ",28,5,9,"electric_scooter ",2,"No ","Metropolitian ","Windy","Jam ",0
"11/02/2022","22:45:00","22:50:00",19,"Meal ",21,4.9,8,"electric_scooter ",2,"No ","Metropolitian ","Stormy","Low ",1
"12/02/2022","17:55:00","18:05:00",25,"Meal ",32,4.7,2,"motorcycle ",1,"No ","Metropolitian ","Windy","Medium ",0
"14/03/2022","17:35:00","17:40:00",26,"Drinks ",34,4.9,21,"motorcycle ",1,"No ","Metropolitian ","Sunny","Medium ",1
"28/03/2022","20:35:00","20:40:00",29,"Snack ",39,4.6,7,"motorcycle ",1,"No ","Metropolitian ","Sandstorms","Jam ",1
"23/03/2022","20:45:00","20:55:00",27,"Meal ",20,4.9,19,"motorcycle ",1,"No ","Metropolitian ","Sandstorms","Jam ",1
"5/04/2022","17:30:00","17:45:00",23,"Buffet ",28,4.8,23,"scooter ",2,"No ","Metropolitian ","Sandstorms","Medium ",0
"31/03/2022","21:40:00","21:45:00",43,"Meal ",39,4.4,8,"scooter ",1,"No ","Metropolitian ","Fog","Jam ",2
"17/02/2022","20:50:00","21:05:00",24,"Buffet ",20,4.7,3,"motorcycle ",2,"No ","Metropolitian ","Fog","Jam ",1
"27/03/2022","18:15:00","18:30:00",40,"Snack ",32,4,5,"motorcycle ",0,"No ","Urban ","Windy","Medium ",1
"18/03/2022","20:15:00","20:30:00",15,"Meal ",25,4.7,7,"scooter ",1,"No ","Metropolitian ","Sandstorms","Jam ",1
"16/03/2022","20:35:00","20:50:00",54,"Snack ",31,4.7,17,"motorcycle ",0,"Yes ","Metropolitian ","Fog","Jam ",2
"12/03/2022","23:50:00","23:55:00",17,"Buffet ",37,4.9,21,"motorcycle ",2,"No ","Metropolitian ","Stormy","Low ",0
"5/04/2022","11:55:00","12:00:00",27,"Buffet ",31,5,23,"motorcycle ",0,"No ","Metropolitian ","Sunny","High ",1
"13/03/2022","22:15:00","22:20:00",12,"Buffet ",23,4.8,19,"scooter ",2,"No ","Urban ","Fog","Low ",0
"3/03/2022","8:10:00","8:15:00",25,"Meal ",34,4.6,21,"motorcycle ",0,"No ","Urban ","Sunny","Low ",0
"7/03/2022","19:25:00","19:30:00",23,"Buffet ",21,4.9,16,"scooter ",1,"No ","Urban ","Stormy","Jam ",1
"24/03/2022","15:00:00","15:05:00",30,"Snack ",34,4.8,4,"motorcycle ",1,"No ","Metropolitian ","Windy","High ",1
"27/03/2022","23:20:00","23:35:00",16,"Buffet ",35,4.9,19,"electric_scooter ",2,"No ","Urban ","Windy","Low ",0
"20/03/2022","21:30:00","21:35:00",46,"Drinks ",30,4.2,7,"scooter ",1,"Yes ","Metropolitian ","Fog","Jam ",3
"3/04/2022","12:25:00","12:40:00",27,"Snack ",32,4.6,22,"scooter ",1,"No ","Metropolitian ","Stormy","High ",1
"17/02/2022","14:00:00","14:15:00",25,"Snack ",29,4.7,17,"scooter ",1,"No ","Urban ","Fog","High ",1
"6/03/2022","0:00:00","0:10:00",31,"Buffet ",31,4.3,6,"scooter ",1,"No ","Urban ","Sandstorms","Low ",1
"29/03/2022","22:35:00","22:50:00",13,"Snack ",21,4.8,16,"electric_scooter ",2,"No ","Metropolitian ","Stormy","Low ",0
"9/03/2022","9:25:00","9:35:00",13,"Buffet ",27,4.9,13,"scooter ",1,"No ","Metropolitian ","Windy","Low ",1
"18/02/2022","22:35:00","22:50:00",18,"Drinks ",39,4.6,3,"scooter ",1,"No ","Metropolitian ","Stormy","Low ",0
"15/02/2022","15:35:00","15:40:00",18,"Meal ",38,4.9,3,"scooter ",1,"No ","Metropolitian ","Stormy","Medium ",1
"7/03/2022","13:55:00","14:00:00",46,"Drinks ",26,4.5,3,"motorcycle ",0,"No ","Urban ","Stormy","High ",1
"2/04/2022","21:40:00","21:45:00",15,"Buffet ",26,4.8,22,"scooter ",2,"No ","Metropolitian ","Stormy","Jam ",0
"7/03/2022","21:15:00","21:30:00",29,"Drinks ",22,4.6,14,"motorcycle ",0,"No ","Metropolitian ","Sunny","Jam ",1
"24/03/2022","11:45:00","12:00:00",34,"Meal ",26,4.3,3,"motorcycle ",1,"No ","Metropolitian ","Cloudy","High ",1
"17/02/2022","11:10:00","11:15:00",31,"Buffet ",34,4.4,6,"scooter ",1,"No ","Metropolitian ","Fog","High ",1
"31/03/2022","22:00:00","22:05:00",41,"Buffet ",36,4.6,7,"motorcycle ",2,"No ","Metropolitian ","Cloudy","Jam ",0
"12/03/2022","18:10:00","18:25:00",36,"Snack ",33,5,21,"motorcycle ",2,"No ","Metropolitian ","Fog","Medium ",1
"20/03/2022","22:10:00","22:20:00",26,"Buffet ",32,4.8,14,"electric_scooter ",2,"No ","Metropolitian ","Fog","Low ",1
"11/03/2022","23:45:00","23:50:00",15,"Drinks ",25,4.8,12,"motorcycle ",1,"No ","Metropolitian ","Sandstorms","Low ",0
"11/03/2022","14:25:00","14:40:00",22,"Buffet ",25,4.7,16,"scooter ",2,"No ","Metropolitian ","Fog","High ",1
"5/03/2022","21:40:00","21:45:00",21,"Meal ",29,4.5,16,"motorcycle ",2,"No ","Metropolitian ","Sunny","Jam ",1
"19/03/2022","18:55:00","19:05:00",35,"Drinks ",33,4.2,3,"motorcycle ",0,"No ","Urban ","Windy","Medium ",1
"21/03/2022","20:55:00","21:00:00",37,"Drinks ",30,4.4,9,"scooter ",2,"No ","Metropolitian ","Cloudy","Jam ",1
"14/03/2022","23:10:00","23:15:00",22,"Snack ",26,4.6,18,"scooter ",2,"No ","Urban ","Cloudy","Low ",0
"30/03/2022","17:55:00","18:10:00",26,"Buffet ",29,4.8,15,"scooter ",1,"No ","Metropolitian ","Windy","Medium ",0
"12/02/2022","22:50:00","22:55:00",23,"Snack ",26,4.6,23,"motorcycle ",0,"No ","Urban ","Fog","Low ",1
"9/03/2022","20:40:00","20:45:00",13,"Drinks ",29,4.8,17,"scooter ",2,"No ","Urban ","Sandstorms","Jam ",1
"23/03/2022","19:00:00","19:05:00",19,"Buffet ",23,4.5,14,"scooter ",2,"No ","Metropolitian ","Sunny","Medium ",1
"30/03/2022","9:25:00","9:40:00",27,"Meal ",35,4.7,9,"motorcycle ",1,"No ","Metropolitian ","Windy","Low ",1
"4/04/2022","23:40:00","23:50:00",29,"Drinks ",36,4.7,22,"electric_scooter ",2,"No ","Metropolitian ","Sandstorms","Low ",0
"6/04/2022","21:50:00","22:00:00",40,"Meal ",33,3.8,1,"motorcycle ",1,"No ","Urban ","Sandstorms","Jam ",0
"16/02/2022","19:15:00","19:20:00",41,"Snack ",39,3.9,20,"motorcycle ",1,"No ","Metropolitian ","Windy","Jam ",0
"1/03/2022","18:45:00","18:55:00",19,"Drinks ",35,4.8,18,"scooter ",1,"No ","Metropolitian ","Sunny","Medium ",0
"13/03/2022","22:45:00","23:00:00",27,"Meal ",35,4.6,17,"scooter ",1,"No ","Metropolitian ","Windy","Low ",0
"31/03/2022","23:40:00","23:45:00",30,"Meal ",35,4.8,1,"motorcycle ",0,"No ","Metropolitian ","Sunny","Low ",1
"2/03/2022","0:00:00","0:05:00",41,"Drinks ",32,4.8,16,"motorcycle ",0,"No ","Metropolitian ","Stormy","Low ",1
"15/03/2022","11:55:00","12:10:00",28,"Drinks ",38,4.9,17,"scooter ",1,"No ","Metropolitian ","Sandstorms","High ",1
"3/03/2022","11:35:00","11:45:00",28,"Drinks ",38,4.9,17,"motorcycle ",2,"No ","Metropolitian ","Sandstorms","High ",1
"5/03/2022","13:45:00","13:50:00",26,"Buffet ",30,4.7,13,"motorcycle ",1,"No ","Metropolitian ","Fog","High ",0
"5/03/2022","10:15:00","10:25:00",18,"Meal ",28,4.9,18,"motorcycle ",2,"No ","Metropolitian ","Stormy","Low ",1
"13/03/2022","8:35:00","8:45:00",19,"Drinks ",21,4.9,23,"electric_scooter ",2,"No ","Metropolitian ","Sunny","Low ",0
"17/03/2022","11:50:00","12:05:00",20,"Buffet ",39,4.9,3,"scooter ",1,"No ","Metropolitian ","Sunny","High ",0
"1/04/2022","13:55:00","14:10:00",25,"Drinks ",33,4.5,19,"motorcycle ",1,"No ","Metropolitian ","Fog","High ",0
"4/04/2022","20:15:00","20:30:00",28,"Snack ",35,4.9,23,"scooter ",2,"No ","Metropolitian ","Sandstorms","Jam ",1
"3/03/2022","10:35:00","10:45:00",24,"Meal ",26,5,21,"motorcycle ",0,"No ","Metropolitian ","Stormy","Low ",0
"6/04/2022","21:50:00","21:55:00",43,"Drinks ",21,4.9,17,"motorcycle ",0,"Yes ","Urban ","Cloudy","Jam ",1
"3/03/2022","14:20:00","14:35:00",20,"Snack ",27,4.8,16,"scooter ",2,"No ","Metropolitian ","Windy","High ",0
"5/04/2022","22:55:00","23:10:00",19,"Drinks ",26,4.6,21,"scooter ",2,"No ","Metropolitian ","Cloudy","Low ",1
"17/02/2022","11:15:00","11:30:00",36,"Meal ",33,4.7,18,"motorcycle ",0,"No ","Urban ","Windy","High ",1
"14/03/2022","23:00:00","23:05:00",22,"Meal ",21,4.7,16,"motorcycle ",0,"No ","Metropolitian ","Stormy","Low ",0
"7/03/2022","18:00:00","18:10:00",24,"Drinks ",25,4.8,23,"scooter ",1,"No ","Metropolitian ","Windy","Medium ",1
"7/03/2022","10:50:00","10:55:00",21,"Buffet ",28,4.8,17,"scooter ",1,"No ","Metropolitian ","Sunny","Low ",1
"11/02/2022","10:35:00","10:50:00",11,"Meal ",37,4.9,8,"scooter ",1,"No ","Metropolitian ","Sunny","Low ",0
"7/03/2022","21:00:00","21:05:00",30,"Snack ",39,4.6,19,"motorcycle ",0,"No ","Metropolitian ","Windy","Jam ",0
"7/03/2022","10:10:00","10:25:00",23,"Meal ",22,4.3,15,"motorcycle ",0,"No ","Metropolitian ","Stormy","Low ",1
"23/03/2022","23:50:00","23:55:00",20,"Buffet ",22,4.6,14,"motorcycle ",1,"No ","Metropolitian ","Fog","Low ",1
"5/04/2022","21:10:00","21:15:00",15,"Meal ",30,4.6,17,"motorcycle ",1,"No ","Metropolitian ","Sunny","Jam ",0
"7/03/2022","10:55:00","11:05:00",23,"Meal ",32,4.8,21,"motorcycle ",0,"No ","Urban ","Sunny","Low ",1
"9/03/2022","19:55:00","20:10:00",27,"Drinks ",27,4.8,23,"motorcycle ",0,"No ","Metropolitian ","Cloudy","Jam ",1
"27/03/2022","19:50:00","19:55:00",29,"Snack ",21,4.8,8,"motorcycle ",0,"No ","Metropolitian ","Stormy","Jam ",1
"10/03/2022","17:50:00","18:00:00",27,"Snack ",22,4.7,21,"motorcycle ",2,"No ","Metropolitian ","Windy","Medium ",1
"13/02/2022","9:20:00","9:30:00",15,"Snack ",23,4.7,4,"motorcycle ",0,"No ","Metropolitian ","Stormy","Low ",1
"11/02/2022","18:25:00","18:35:00",39,"Drinks ",33,4.1,17,"motorcycle ",0,"No ","Metropolitian ","Windy","Medium ",1
"20/03/2022","18:25:00","18:35:00",22,"Meal ",34,5,9,"scooter ",2,"No ","Metropolitian ","Stormy","Medium ",1
"29/03/2022","19:15:00","19:25:00",21,"Meal ",21,4.9,19,"electric_scooter ",2,"No ","Metropolitian ","Sandstorms","Jam ",1
"17/03/2022","10:35:00","10:40:00",25,"Drinks ",39,4.8,2,"motorcycle ",2,"No ","Metropolitian ","Stormy","Low ",0
"18/03/2022","22:30:00","22:40:00",22,"Drinks ",21,5,8,"motorcycle ",0,"No ","Metropolitian ","Cloudy","Low ",0
"17/03/2022","23:45:00","0:00:00",18,"Buffet ",21,4.5,13,"motorcycle ",2,"No ","Metropolitian ","Fog","Low ",0
"28/03/2022","22:20:00","22:25:00",20,"Drinks ",22,4.5,12,"motorcycle ",0,"No ","Metropolitian ","Cloudy","Low ",1
"3/04/2022","13:50:00","14:00:00",26,"Drinks ",32,5,19,"scooter ",1,"No ","Metropolitian ","Stormy","High ",0
"29/03/2022","22:15:00","22:25:00",16,"Buffet ",29,4.6,18,"motorcycle ",0,"No ","Metropolitian ","Stormy","Low ",1
"3/03/2022","14:30:00","14:45:00",25,"Meal ",21,4.7,15,"scooter ",2,"No ","Metropolitian ","Stormy","High ",1
"24/03/2022","21:55:00","22:00:00",29,"Snack ",21,4.9,4,"scooter ",2,"No ","Metropolitian ","Cloudy","Jam ",0
"3/04/2022","19:10:00","19:20:00",21,"Drinks ",39,4.6,23,"motorcycle ",0,"No ","Metropolitian ","Sunny","Jam ",1
"9/03/2022","11:25:00","11:30:00",33,"Meal ",38,4.3,19,"electric_scooter ",2,"No ","Metropolitian ","Stormy","High ",1
"1/03/2022","8:40:00","8:45:00",22,"Snack ",21,4.4,3,"motorcycle ",0,"No ","Urban ","Stormy","Low ",0
"8/03/2022","22:25:00","22:30:00",25,"Drinks ",25,4.7,16,"scooter ",2,"No ","Metropolitian ","Fog","Low ",1
"14/03/2022","22:00:00","22:15:00",26,"Snack ",21,4.9,12,"scooter ",1,"No ","Metropolitian ","Windy","Jam ",1
"21/03/2022","21:15:00","21:30:00",33,"Meal ",32,5,3,"motorcycle ",1,"No ","Metropolitian ","Cloudy","Jam ",1
"16/02/2022","19:35:00","19:50:00",16,"Buffet ",28,4.7,5,"scooter ",1,"No ","Metropolitian ","Sandstorms","Jam ",0
"17/02/2022","23:00:00","23:05:00",28,"Buffet ",39,5,9,"motorcycle ",0,"No ","Metropolitian ","Sandstorms","Low ",0
"3/03/2022","20:50:00","21:00:00",22,"Meal ",21,4.9,23,"motorcycle ",0,"No ","Metropolitian ","Windy","Jam ",0
"21/03/2022","19:55:00","20:10:00",25,"Meal ",29,4.9,16,"scooter ",1,"No ","Metropolitian ","Cloudy","Jam ",1
"8/03/2022","20:55:00","21:10:00",37,"Snack ",32,4.3,2,"motorcycle ",0,"No ","Urban ","Stormy","Jam ",1
"6/04/2022","18:40:00","18:55:00",41,"Drinks ",37,4.2,3,"scooter ",2,"No ","Metropolitian ","Fog","Medium ",2
"13/03/2022","18:25:00","18:40:00",16,"Buffet ",25,4.7,12,"electric_scooter ",2,"No ","Metropolitian ","Cloudy","Medium ",0
"20/03/2022","20:10:00","20:20:00",35,"Snack ",29,5,7,"motorcycle ",1,"No ","Metropolitian ","Cloudy","Jam ",1
"2/03/2022","20:00:00","20:10:00",25,"Buffet ",33,4.8,13,"scooter ",1,"No ","Metropolitian ","Sandstorms","Jam ",1
"2/03/2022","18:20:00","18:30:00",21,"Snack ",23,4.5,23,"motorcycle ",0,"No ","Metropolitian ","Stormy","Medium ",1
"20/03/2022","19:40:00","19:45:00",29,"Buffet ",26,4.6,6,"motorcycle ",2,"No ","Metropolitian ","Sandstorms","Jam ",1
"28/03/2022","8:35:00","8:50:00",34,"Meal ",38,4.2,3,"motorcycle ",0,"No ","Metropolitian ","Windy","Low ",1
"10/03/2022","18:20:00","18:25:00",16,"Buffet ",26,5,23,"motorcycle ",1,"No ","Metropolitian ","Sunny","Medium ",1
"16/03/2022","23:20:00","23:25:00",18,"Buffet ",29,4.9,15,"electric_scooter ",2,"No ","Metropolitian ","Sandstorms","Low ",1
"16/02/2022","23:25:00","23:30:00",20,"Snack ",28,4.8,8,"motorcycle ",0,"No ","Metropolitian ","Fog","Low ",1
"27/03/2022","17:55:00","18:00:00",39,"Meal ",23,4.6,23,"motorcycle ",0,"No ","Urban ","Cloudy","Medium ",1
"31/03/2022","19:30:00","19:45:00",25,"Drinks ",36,4.6,16,"motorcycle ",1,"No ","Metropolitian ","Stormy","Jam ",1
"6/04/2022","20:20:00","20:25:00",26,"Buffet ",35,4.7,21,"motorcycle ",1,"No ","Urban ","Sandstorms","Jam ",1
"13/03/2022","21:10:00","21:25:00",19,"Snack ",37,4.9,16,"electric_scooter ",2,"No ","Urban ","Sunny","Jam ",1
"19/03/2022","22:10:00","22:15:00",17,"Buffet ",21,4.5,5,"scooter ",2,"No ","Urban ","Cloudy","Low ",0
"9/03/2022","14:45:00","15:00:00",28,"Meal ",27,4.5,14,"motorcycle ",0,"No ","Metropolitian ","Stormy","High ",1
"12/03/2022","19:40:00","19:55:00",36,"Drinks ",22,4.1,5,"motorcycle ",0,"No ","Urban ","Stormy","Jam ",1
"27/03/2022","22:50:00","23:00:00",30,"Drinks ",33,4.6,2,"scooter ",1,"No ","Metropolitian ","Cloudy","Low ",0
"14/03/2022","18:35:00","18:45:00",33,"Snack ",39,3.6,3,"motorcycle ",1,"No ","Metropolitian ","Windy","Medium ",1
"2/03/2022","22:40:00","22:45:00",28,"Meal ",33,4.9,18,"electric_scooter ",2,"No ","Urban ","Windy","Low ",1
"9/03/2022","18:55:00","19:10:00",22,"Snack ",36,4.7,21,"motorcycle ",0,"No ","Metropolitian ","Sunny","Medium ",1
"2/03/2022","23:35:00","23:50:00",21,"Drinks ",20,5,17,"motorcycle ",1,"No ","Metropolitian ","Fog","Low ",1
"21/03/2022","21:20:00","21:35:00",35,"Drinks ",30,5,4,"electric_scooter ",2,"No ","Metropolitian ","Fog","Jam ",2
"11/02/2022","8:40:00","8:50:00",25,"Meal ",34,4.6,19,"motorcycle ",1,"No ","Urban ","Stormy","Low ",1
"29/03/2022","22:45:00","22:55:00",14,"Buffet ",23,4.8,13,"motorcycle ",1,"No ","Metropolitian ","Stormy","Low ",0
"27/03/2022","19:20:00","19:30:00",28,"Meal ",23,4.6,21,"scooter ",2,"No ","Metropolitian ","Stormy","Jam ",0
"21/03/2022","10:50:00","11:05:00",27,"Drinks ",32,4.6,21,"motorcycle ",1,"No ","Metropolitian ","Stormy","Low ",1
"26/03/2022","20:20:00","20:25:00",18,"Snack ",20,4.8,17,"scooter ",1,"No ","Urban ","Sandstorms","Jam ",1
"4/04/2022","20:20:00","20:30:00",53,"Meal ",33,4.3,11,"motorcycle ",0,"No ","Metropolitian ","Windy","Jam ",3
"4/03/2022","22:50:00","23:00:00",23,"Buffet ",28,4.8,16,"scooter ",2,"No ","Metropolitian ","Fog","Low ",0
"24/03/2022","8:15:00","8:20:00",21,"Buffet ",26,5,19,"motorcycle ",0,"No ","Metropolitian ","Fog","Low ",1
"11/03/2022","8:55:00","9:05:00",29,"Meal ",35,4.9,18,"scooter ",2,"No ","Metropolitian ","Sandstorms","Low ",0
"11/03/2022","20:40:00","20:45:00",32,"Buffet ",34,4.3,13,"scooter ",1,"No ","Metropolitian ","Fog","Jam ",1
"2/03/2022","22:45:00","23:00:00",16,"Drinks ",29,4.6,15,"motorcycle ",0,"No ","Urban ","Windy","Low ",1
"21/03/2022","8:35:00","8:40:00",27,"Drinks ",37,5,16,"motorcycle ",2,"No ","Urban ","Stormy","Low ",1
"24/03/2022","9:00:00","9:15:00",20,"Snack ",35,4.6,23,"scooter ",1,"No ","Metropolitian ","Sandstorms","Low ",1
"3/03/2022","23:25:00","23:35:00",23,"Buffet ",24,5,14,"motorcycle ",0,"No ","Metropolitian ","Fog","Low ",0
"9/03/2022","17:30:00","17:35:00",26,"Buffet ",24,4.7,23,"scooter ",2,"No ","Metropolitian ","Windy","Medium ",1
"6/04/2022","20:35:00","20:40:00",22,"Meal ",20,4.6,23,"motorcycle ",2,"No ","Urban ","Sandstorms","Jam ",1
"30/03/2022","11:30:00","11:45:00",38,"Drinks ",22,5,4,"motorcycle ",0,"No ","Metropolitian ","Stormy","High ",2
"18/03/2022","22:25:00","22:40:00",34,"Drinks ",31,3.4,21,"motorcycle ",0,"No ","Metropolitian ","Sunny","Low ",1
"11/03/2022","17:40:00","17:55:00",26,"Buffet ",22,4.8,13,"electric_scooter ",2,"No ","Metropolitian ","Windy","Medium ",1
"24/03/2022","9:15:00","9:25:00",21,"Buffet ",20,4.8,22,"motorcycle ",0,"No ","Urban ","Cloudy","Low ",0
"15/03/2022","23:50:00","0:05:00",15,"Buffet ",22,4,8,"motorcycle ",0,"No ","Metropolitian ","Stormy","Low ",1
"1/03/2022","18:50:00","19:00:00",34,"Drinks ",30,4.9,23,"electric_scooter ",2,"No ","Metropolitian ","Sandstorms","Medium ",1
"2/04/2022","19:15:00","19:20:00",31,"Meal ",22,4.6,11,"scooter ",1,"No ","Metropolitian ","Fog","Jam ",1
"26/03/2022","21:20:00","21:30:00",31,"Drinks ",38,5,2,"motorcycle ",1,"No ","Metropolitian ","Stormy","Jam ",1
"4/04/2022","17:35:00","17:50:00",23,"Meal ",36,4.9,22,"scooter ",1,"No ","Metropolitian ","Windy","Medium ",1
"6/03/2022","21:15:00","21:25:00",37,"Buffet ",23,5,12,"motorcycle ",0,"No ","Metropolitian ","Windy","Jam ",0
"10/03/2022","17:35:00","17:40:00",39,"Snack ",31,4.7,21,"motorcycle ",0,"No ","Metropolitian ","Cloudy","Medium ",1
"11/03/2022","20:35:00","20:50:00",20,"Snack ",29,4.6,13,"motorcycle ",1,"No ","Metropolitian ","Windy","Jam ",1
"27/03/2022","17:45:00","18:00:00",21,"Snack ",37,5,19,"scooter ",2,"No ","Urban ","Stormy","Medium ",0
"11/02/2022","8:25:00","8:35:00",23,"Meal ",34,4.5,3,"motorcycle ",0,"No ","Metropolitian ","Fog","Low ",0
"17/03/2022","11:40:00","11:55:00",30,"Buffet ",32,4.6,13,"motorcycle ",1,"No ","Metropolitian ","Windy","High ",1
"9/03/2022","10:40:00","10:50:00",19,"Buffet ",35,4.9,19,"scooter ",1,"No ","Metropolitian ","Sunny","Low ",1
"15/02/2022","19:45:00","19:55:00",20,"Drinks ",38,4.8,5,"scooter ",1,"No ","Metropolitian ","Sunny","Jam ",1
"16/03/2022","17:40:00","17:55:00",32,"Drinks ",28,4.3,18,"motorcycle ",1,"No ","Metropolitian ","Cloudy","Medium ",1
"17/03/2022","14:30:00","14:35:00",27,"Buffet ",25,4.8,6,"motorcycle ",2,"No ","Metropolitian ","Stormy","High ",1
"9/03/2022","19:25:00","19:40:00",12,"Buffet ",23,4.6,21,"scooter ",1,"No ","Urban ","Sunny","Jam ",0
"7/03/2022","21:20:00","21:30:00",18,"Meal ",25,4.9,22,"motorcycle ",0,"No ","Metropolitian ","Windy","Jam ",1
"21/03/2022","19:10:00","19:25:00",25,"Drinks ",31,4.6,9,"motorcycle ",2,"No ","Metropolitian ","Windy","Jam ",1
"19/03/2022","9:10:00","9:15:00",10,"Meal ",24,4.5,21,"motorcycle ",2,"No ","Metropolitian ","Stormy","Low ",0
"14/03/2022","21:15:00","21:30:00",18,"Drinks ",29,4.8,21,"motorcycle ",2,"No ","Metropolitian ","Windy","Jam ",1
"3/04/2022","19:50:00","19:55:00",29,"Meal ",35,4.9,5,"scooter ",2,"No ","Metropolitian ","Cloudy","Jam ",1
"18/02/2022","21:30:00","21:35:00",43,"Buffet ",34,4.4,6,"scooter ",1,"No ","Metropolitian ","Fog","Jam ",1
"11/03/2022","17:10:00","17:15:00",24,"Snack ",29,4.7,18,"scooter ",1,"No ","Metropolitian ","Windy","Medium ",1
"25/03/2022","23:20:00","23:35:00",21,"Snack ",28,4.7,16,"scooter ",2,"No ","Metropolitian ","Cloudy","Low ",1
"12/02/2022","17:45:00","18:00:00",20,"Drinks ",28,4.7,9,"motorcycle ",0,"No ","Metropolitian ","Stormy","Medium ",0
"5/03/2022","20:30:00","20:45:00",21,"Meal ",32,5,23,"electric_scooter ",2,"No ","Metropolitian ","Sunny","Jam ",0
"25/03/2022","21:30:00","21:35:00",31,"Drinks ",39,4.5,13,"electric_scooter ",2,"No ","Metropolitian ","Sunny","Jam ",1
"6/03/2022","21:30:00","21:35:00",38,"Meal ",25,4.7,19,"motorcycle ",0,"No ","Metropolitian ","Windy","Jam ",2
"6/03/2022","19:10:00","19:25:00",38,"Buffet ",30,4.2,5,"scooter ",2,"No ","Urban ","Stormy","Jam ",1
"28/03/2022","14:20:00","14:30:00",31,"Drinks ",36,4.8,13,"motorcycle ",0,"No ","Metropolitian ","Fog","High ",1
"16/02/2022","22:45:00","22:55:00",19,"Drinks ",27,4.6,18,"motorcycle ",0,"No ","Urban ","Windy","Low ",1
"13/03/2022","19:25:00","19:35:00",17,"Snack ",21,4.6,23,"motorcycle ",2,"No ","Urban ","Sunny","Jam ",0
"3/03/2022","15:30:00","15:35:00",33,"Snack ",39,4.6,22,"motorcycle ",0,"No ","Urban ","Stormy","Medium ",0
"7/03/2022","20:30:00","20:45:00",28,"Meal ",38,4.8,17,"motorcycle ",0,"No ","Urban ","Stormy","Jam ",0
"12/03/2022","23:00:00","23:10:00",41,"Buffet ",37,4.9,14,"motorcycle ",0,"No ","Metropolitian ","Cloudy","Low ",2
"31/03/2022","20:25:00","20:30:00",36,"Meal ",27,4.2,3,"scooter ",2,"No ","Metropolitian ","Fog","Jam ",2
"10/03/2022","17:20:00","17:30:00",17,"Buffet ",20,4.8,21,"motorcycle ",0,"No ","Metropolitian ","Sunny","Medium ",1
"19/03/2022","18:40:00","18:45:00",14,"Snack ",26,4.6,18,"electric_scooter ",2,"No ","Urban ","Sunny","Medium ",0
"23/03/2022","20:40:00","20:55:00",24,"Snack ",23,4.9,23,"scooter ",1,"No ","Metropolitian ","Stormy","Jam ",1
"18/03/2022","22:40:00","22:50:00",23,"Buffet ",33,4.7,7,"scooter ",1,"No ","Metropolitian ","Stormy","Low ",1
"5/03/2022","13:55:00","14:10:00",38,"Meal ",29,4.4,14,"motorcycle ",0,"No ","Metropolitian ","Stormy","High ",1
"1/03/2022","18:10:00","18:20:00",30,"Drinks ",36,4.6,9,"motorcycle ",0,"No ","Metropolitian ","Stormy","Medium ",0
"8/03/2022","19:20:00","19:35:00",21,"Buffet ",20,4.8,23,"motorcycle ",1,"No ","Urban ","Stormy","Jam ",0
"19/03/2022","15:20:00","15:35:00",24,"Snack ",26,4.8,15,"motorcycle ",0,"No ","Urban ","Windy","Medium ",1
"11/03/2022","8:40:00","8:50:00",22,"Buffet ",33,4.7,21,"scooter ",1,"No ","Metropolitian ","Stormy","Low ",1
"2/03/2022","23:45:00","23:50:00",23,"Snack ",23,4.6,15,"motorcycle ",0,"No ","Metropolitian ","Fog","Low ",1
"13/03/2022","8:15:00","8:20:00",19,"Snack ",28,4.6,13,"motorcycle ",0,"No ","Metropolitian ","Fog","Low ",0
"21/03/2022","22:40:00","22:50:00",24,"Buffet ",39,4.2,6,"motorcycle ",0,"No ","Urban ","Sandstorms","Low ",1
"23/03/2022","17:10:00","17:20:00",35,"Snack ",22,4.4,9,"scooter ",2,"No ","Metropolitian ","Cloudy","Medium ",1
"16/03/2022","19:55:00","20:10:00",46,"Meal ",36,4,1,"motorcycle ",0,"No ","Metropolitian ","Stormy","Jam ",1
"1/03/2022","17:15:00","17:25:00",34,"Drinks ",36,4,15,"motorcycle ",0,"No ","Metropolitian ","Fog","Medium ",1
"8/03/2022","23:25:00","23:30:00",28,"Snack ",28,4.6,19,"motorcycle ",1,"No ","Metropolitian ","Cloudy","Low ",0
"26/03/2022","12:50:00","12:55:00",15,"Snack ",21,4.7,21,"motorcycle ",0,"No ","Urban ","Windy","High ",1
"11/02/2022","8:10:00","8:20:00",34,"Buffet ",32,4.3,3,"motorcycle ",0,"No ","Metropolitian ","Stormy","Low ",2
"13/03/2022","23:10:00","23:25:00",20,"Meal ",34,4.6,22,"motorcycle ",0,"No ","Urban ","Fog","Low ",0
"18/03/2022","22:15:00","22:25:00",25,"Meal ",27,4.6,7,"motorcycle ",1,"No ","Metropolitian ","Sunny","Low ",1
"21/03/2022","11:20:00","11:30:00",48,"Meal ",37,4.6,11,"motorcycle ",0,"No ","Metropolitian ","Windy","High ",1
"19/03/2022","18:00:00","18:10:00",28,"Drinks ",29,4.8,1,"scooter ",2,"No ","Metropolitian ","Sandstorms","Medium ",0
"9/03/2022","13:10:00","13:25:00",33,"Buffet ",36,4.2,9,"scooter ",1,"No ","Metropolitian ","Stormy","High ",1
"28/03/2022","21:15:00","21:20:00",29,"Drinks ",34,4.8,1,"motorcycle ",0,"No ","Metropolitian ","Sunny","Jam ",1
"19/03/2022","9:10:00","9:15:00",24,"Meal ",39,4.8,21,"motorcycle ",0,"No ","Urban ","Sunny","Low ",1
"30/03/2022","19:40:00","19:45:00",16,"Snack ",27,4.9,2,"scooter ",1,"No ","Urban ","Stormy","Jam ",0
"23/03/2022","23:30:00","23:35:00",25,"Meal ",20,4.9,14,"scooter ",2,"No ","Metropolitian ","Cloudy","Low ",1
"25/03/2022","22:45:00","22:50:00",21,"Snack ",25,4.6,17,"motorcycle ",0,"No ","Urban ","Sunny","Low ",1
"5/04/2022","21:40:00","21:55:00",31,"Buffet ",26,4.2,4,"motorcycle ",1,"No ","Metropolitian ","Cloudy","Jam ",1
"26/03/2022","17:50:00","18:05:00",22,"Snack ",26,4.8,22,"motorcycle ",0,"No ","Urban ","Cloudy","Medium ",1
"16/02/2022","20:00:00","20:15:00",26,"Snack ",25,4.7,5,"electric_scooter ",2,"No ","Metropolitian ","Stormy","Jam ",0
"30/03/2022","11:25:00","11:40:00",24,"Buffet ",32,4.9,12,"scooter ",1,"No ","Metropolitian ","Sunny","High ",1
"5/03/2022","20:00:00","20:05:00",31,"Drinks ",32,4.1,6,"scooter ",1,"No ","Metropolitian ","Stormy","Jam ",0
"10/03/2022","23:20:00","23:30:00",17,"Buffet ",32,4.7,13,"motorcycle ",1,"No ","Metropolitian ","Windy","Low ",0
"21/03/2022","9:20:00","9:25:00",17,"Drinks ",22,4.7,23,"motorcycle ",0,"No ","Metropolitian ","Fog","Low ",1
"15/03/2022","17:35:00","17:45:00",22,"Meal ",37,4.5,1,"scooter ",1,"No ","Urban ","Sunny","Medium ",0
"24/03/2022","18:10:00","18:20:00",24,"Meal ",24,5,14,"scooter ",1,"No ","Metropolitian ","Windy","Medium ",1
"13/03/2022","18:00:00","18:05:00",28,"Snack ",27,4.6,21,"motorcycle ",0,"No ","Urban ","Sandstorms","Medium ",0
"17/03/2022","22:35:00","22:40:00",19,"Drinks ",32,4.7,11,"scooter ",2,"No ","Metropolitian ","Cloudy","Low ",0
"18/02/2022","23:00:00","23:05:00",26,"Meal ",31,4.8,4,"motorcycle ",1,"No ","Metropolitian ","Sandstorms","Low ",1
"1/04/2022","11:00:00","11:15:00",16,"Meal ",34,4.7,1,"scooter ",1,"No ","Urban ","Fog","Low ",1
"15/02/2022","15:00:00","15:10:00",24,"Buffet ",20,4.5,8,"motorcycle ",0,"No ","Metropolitian ","Fog","High ",0
"6/03/2022","23:25:00","23:35:00",40,"Meal ",21,3.4,3,"motorcycle ",1,"No ","Metropolitian ","Sunny","Low ",2
"29/03/2022","23:35:00","23:50:00",17,"Meal ",24,4.6,3,"scooter ",1,"No ","Urban ","Sandstorms","Low ",1
"3/03/2022","22:35:00","22:50:00",22,"Snack ",35,4.9,9,"electric_scooter ",2,"No ","Metropolitian ","Sandstorms","Low ",0
"12/03/2022","23:15:00","23:30:00",38,"Buffet ",34,4.6,23,"motorcycle ",0,"No ","Metropolitian ","Fog","Low ",1
"19/03/2022","23:15:00","23:25:00",16,"Buffet ",25,4.6,22,"motorcycle ",0,"No ","Metropolitian ","Sunny","Low ",0
"14/02/2022","19:50:00","19:55:00",29,"Snack ",24,4.9,5,"motorcycle ",0,"No ","Metropolitian ","Sandstorms","Jam ",1
"28/03/2022","8:10:00","8:25:00",16,"Meal ",20,5,21,"motorcycle ",1,"No ","Metropolitian ","Sunny","Low ",1
"29/03/2022","23:00:00","23:05:00",20,"Snack ",24,4.9,21,"motorcycle ",0,"No ","Metropolitian ","Cloudy","Low ",1
"21/03/2022","17:45:00","17:50:00",19,"Snack ",34,4.5,9,"scooter ",1,"No ","Metropolitian ","Cloudy","Medium ",1
"28/03/2022","15:00:00","15:15:00",14,"Meal ",20,4.9,13,"scooter ",2,"No ","Metropolitian ","Sandstorms","High ",1
"10/03/2022","22:55:00","23:10:00",21,"Snack ",34,4.7,17,"motorcycle ",0,"No ","Metropolitian ","Stormy","Low ",0
"11/02/2022","11:30:00","11:45:00",18,"Drinks ",24,4.9,5,"motorcycle ",0,"No ","Metropolitian ","Stormy","High ",1
"20/03/2022","21:20:00","21:25:00",39,"Buffet ",25,4.4,6,"scooter ",1,"No ","Urban ","Cloudy","Jam ",1
"31/03/2022","19:20:00","19:35:00",31,"Snack ",25,5,1,"motorcycle ",0,"No ","Metropolitian ","Windy","Jam ",1
"8/03/2022","18:40:00","18:55:00",27,"Drinks ",22,4.6,18,"motorcycle ",2,"No ","Urban ","Stormy","Medium ",1
"6/03/2022","23:40:00","23:55:00",12,"Buffet ",23,4.6,17,"motorcycle ",1,"No ","Metropolitian ","Stormy","Low ",0
"6/03/2022","18:00:00","18:10:00",25,"Snack ",34,4.7,17,"motorcycle ",2,"No ","Urban ","Stormy","Medium ",1
"26/03/2022","23:15:00","23:30:00",25,"Meal ",37,4,13,"motorcycle ",0,"No ","Metropolitian ","Stormy","Low ",1
"1/03/2022","15:45:00","15:55:00",29,"Meal ",33,4.7,19,"motorcycle ",1,"No ","Metropolitian ","Windy","Medium ",1
"15/02/2022","21:40:00","21:50:00",27,"Drinks ",37,4.9,2,"scooter ",2,"No ","Metropolitian ","Stormy","Jam ",1
"18/03/2022","19:55:00","20:05:00",43,"Drinks ",28,4.7,19,"motorcycle ",0,"No ","Urban ","Cloudy","Jam ",2
"6/03/2022","21:55:00","22:05:00",18,"Meal ",21,4.8,15,"scooter ",2,"No ","Metropolitian ","Windy","Jam ",1
"5/03/2022","17:20:00","17:35:00",26,"Meal ",22,5,15,"motorcycle ",0,"No ","Metropolitian ","Sandstorms","Medium ",0
"9/03/2022","20:55:00","21:00:00",34,"Drinks ",25,4.2,8,"motorcycle ",2,"No ","Metropolitian ","Fog","Jam ",2
"19/03/2022","20:35:00","20:50:00",31,"Meal ",21,4.7,9,"motorcycle ",0,"No ","Metropolitian ","Stormy","Jam ",1
"12/02/2022","23:55:00","0:05:00",25,"Drinks ",38,4.8,5,"scooter ",2,"No ","Metropolitian ","Windy","Low ",1
"5/04/2022","23:15:00","23:25:00",26,"Meal ",38,5,17,"scooter ",1,"No ","Metropolitian ","Stormy","Low ",1
"10/03/2022","23:45:00","0:00:00",23,"Meal ",32,4.8,22,"electric_scooter ",2,"No ","Metropolitian ","Sunny","Low ",1
"19/03/2022","12:30:00","12:45:00",30,"Snack ",30,4.5,4,"motorcycle ",0,"No ","Metropolitian ","Windy","High ",0
"5/04/2022","11:45:00","11:50:00",31,"Buffet ",28,4.7,18,"motorcycle ",1,"No ","Metropolitian ","Fog","High ",1
"14/02/2022","22:45:00","23:00:00",25,"Snack ",31,4.6,9,"motorcycle ",1,"No ","Metropolitian ","Stormy","Low ",1
"20/03/2022","20:15:00","20:25:00",41,"Buffet ",34,4.4,1,"motorcycle ",1,"Yes ","Urban ","Windy","Jam ",0
"17/02/2022","17:15:00","17:25:00",31,"Meal ",34,4.8,6,"motorcycle ",0,"No ","Metropolitian ","Sandstorms","Medium ",1
"12/02/2022","21:30:00","21:45:00",27,"Drinks ",29,4.6,2,"motorcycle ",2,"No ","Metropolitian ","Sandstorms","Jam ",1
"10/03/2022","18:40:00","18:45:00",15,"Meal ",24,4.8,15,"motorcycle ",2,"No ","Metropolitian ","Sandstorms","Medium ",0
"11/03/2022","17:10:00","17:25:00",17,"Buffet ",29,4.6,23,"motorcycle ",0,"No ","Metropolitian ","Windy","Medium ",1
"2/04/2022","17:30:00","17:35:00",35,"Buffet ",36,4.3,16,"scooter ",2,"No ","Urban ","Sandstorms","Medium ",1
"9/03/2022","21:20:00","21:25:00",18,"Drinks ",29,5,22,"electric_scooter ",2,"No ","Metropolitian ","Windy","Jam ",1
"27/03/2022","18:45:00","19:00:00",26,"Meal ",39,4.7,21,"motorcycle ",1,"No ","Urban ","Windy","Medium ",0
"18/03/2022","20:45:00","20:50:00",18,"Meal ",25,4.5,2,"motorcycle ",1,"No ","Metropolitian ","Stormy","Jam ",1
"15/02/2022","9:15:00","9:20:00",19,"Meal ",25,5,7,"scooter ",1,"No ","Metropolitian ","Windy","Low ",0
"18/03/2022","23:00:00","23:15:00",20,"Snack ",34,4.6,8,"motorcycle ",0,"No ","Metropolitian ","Sandstorms","Low ",0
"14/02/2022","18:30:00","18:35:00",21,"Snack ",39,4.7,23,"motorcycle ",1,"No ","Urban ","Windy","Medium ",1
"19/03/2022","20:30:00","20:40:00",13,"Snack ",23,4.7,12,"motorcycle ",1,"No ","Metropolitian ","Sunny","Jam ",0
"30/03/2022","14:15:00","14:30:00",53,"Drinks ",21,3.5,9,"motorcycle ",0,"No ","Metropolitian ","Sunny","High ",1
"25/03/2022","19:30:00","19:45:00",44,"Drinks ",27,5,4,"scooter ",2,"No ","Metropolitian ","Fog","Jam ",1
"20/03/2022","18:10:00","18:25:00",36,"Buffet ",38,4.9,9,"electric_scooter ",2,"No ","Metropolitian ","Fog","Medium ",1
"17/03/2022","8:30:00","8:35:00",21,"Buffet ",25,4.8,12,"motorcycle ",0,"No ","Metropolitian ","Fog","Low ",1
"5/04/2022","22:40:00","22:50:00",26,"Drinks ",33,4.9,19,"motorcycle ",1,"No ","Metropolitian ","Windy","Low ",1
"18/02/2022","22:55:00","23:05:00",23,"Meal ",35,4.9,9,"scooter ",2,"No ","Metropolitian ","Sunny","Low ",0
"2/03/2022","18:50:00","19:00:00",31,"Buffet ",34,4.9,23,"scooter ",1,"No ","Metropolitian ","Stormy","Medium ",1
"1/04/2022","8:10:00","8:15:00",29,"Buffet ",26,4.2,14,"motorcycle ",0,"No ","Metropolitian ","Sandstorms","Low ",1
"6/03/2022","22:30:00","22:45:00",22,"Meal ",28,4.6,22,"motorcycle ",0,"No ","Metropolitian ","Sunny","Low ",1
"18/02/2022","18:25:00","18:35:00",25,"Snack ",23,4.9,9,"scooter ",1,"No ","Metropolitian ","Fog","Medium ",1
"4/03/2022","22:20:00","22:25:00",19,"Drinks ",24,4.9,17,"motorcycle ",2,"No ","Metropolitian ","Stormy","Low ",1
"19/03/2022","8:10:00","8:15:00",13,"Meal ",26,4.8,23,"scooter ",2,"No ","Urban ","Fog","Low ",1
"23/03/2022","17:55:00","18:00:00",25,"Meal ",31,4.9,16,"motorcycle ",0,"No ","Metropolitian ","Sunny","Medium ",1
"14/02/2022","22:55:00","23:10:00",23,"Snack ",27,4.5,5,"motorcycle ",0,"No ","Metropolitian ","Stormy","Low ",0
"17/02/2022","16:35:00","16:40:00",21,"Snack ",29,4.6,8,"motorcycle ",0,"No ","Metropolitian ","Sunny","Medium ",1
"13/02/2022","21:35:00","21:50:00",23,"Drinks ",24,4.9,9,"motorcycle ",1,"No ","Metropolitian ","Stormy","Jam ",1
"20/03/2022","19:30:00","19:45:00",32,"Drinks ",33,3.6,5,"scooter ",2,"No ","Metropolitian ","Stormy","Jam ",1
"3/03/2022","19:45:00","19:55:00",17,"Buffet ",28,4.9,15,"scooter ",1,"No ","Metropolitian ","Sandstorms","Jam ",1
"14/02/2022","22:45:00","22:50:00",23,"Snack ",35,4.6,7,"motorcycle ",1,"No ","Metropolitian ","Sunny","Low ",1
"12/02/2022","21:25:00","21:35:00",48,"Drinks ",27,4.8,7,"motorcycle ",0,"No ","Metropolitian ","Stormy","Jam ",1
"8/03/2022","18:20:00","18:35:00",35,"Meal ",27,4.7,22,"motorcycle ",0,"No ","Urban ","Stormy","Medium ",1
"12/03/2022","17:20:00","17:30:00",26,"Drinks ",39,4.9,23,"motorcycle ",1,"No ","Metropolitian ","Sunny","Medium ",1
"18/03/2022","20:00:00","20:10:00",37,"Drinks ",27,5,21,"motorcycle ",0,"No ","Urban ","Cloudy","Jam ",1
"13/02/2022","22:50:00","23:00:00",21,"Meal ",38,4.9,5,"electric_scooter ",2,"No ","Metropolitian ","Stormy","Low ",1
"18/02/2022","18:30:00","18:35:00",36,"Buffet ",36,4.8,4,"motorcycle ",0,"No ","Metropolitian ","Sandstorms","Medium ",1
"18/03/2022","18:45:00","18:50:00",16,"Meal ",27,4.7,9,"motorcycle ",2,"No ","Metropolitian ","Windy","Medium ",1
"20/03/2022","17:15:00","17:20:00",23,"Snack ",34,4.9,19,"scooter ",2,"No ","Urban ","Windy","Medium ",0
"7/03/2022","20:30:00","20:40:00",23,"Snack ",30,4.5,15,"scooter ",1,"No ","Metropolitian ","Sunny","Jam ",1
"6/03/2022","21:15:00","21:25:00",46,"Meal ",35,4.2,1,"motorcycle ",0,"No ","Metropolitian ","Stormy","Jam ",2
"19/03/2022","17:25:00","17:30:00",26,"Buffet ",32,4.8,23,"motorcycle ",0,"No ","Urban ","Stormy","Medium ",1
"16/03/2022","18:35:00","18:45:00",26,"Meal ",37,4.7,15,"motorcycle ",1,"No ","Urban ","Stormy","Medium ",1
"16/02/2022","18:35:00","18:45:00",14,"Meal ",27,4.6,6,"scooter ",1,"No ","Metropolitian ","Sunny","Medium ",0
"26/03/2022","9:55:00","10:05:00",29,"Buffet ",31,4.8,6,"motorcycle ",0,"No ","Metropolitian ","Sunny","Low ",1
"6/04/2022","18:40:00","18:55:00",41,"Drinks ",37,4.2,3,"scooter ",2,"No ","Metropolitian ","Fog","Medium ",2
"5/04/2022","11:55:00","12:10:00",10,"Meal ",21,4.6,19,"motorcycle ",1,"No ","Urban ","Sunny","High ",0
"2/03/2022","19:45:00","19:55:00",39,"Snack ",27,4.9,19,"motorcycle ",0,"No ","Metropolitian ","Windy","Jam ",1
"9/03/2022","15:35:00","15:45:00",19,"Meal ",24,4.8,19,"motorcycle ",1,"No ","Urban ","Cloudy","Medium ",0
"30/03/2022","23:50:00","0:00:00",15,"Snack ",22,4.9,22,"scooter ",2,"No ","Metropolitian ","Fog","Low ",0
"6/03/2022","20:45:00","20:55:00",32,"Buffet ",23,4.1,5,"motorcycle ",0,"No ","Metropolitian ","Sunny","Jam ",0
"11/03/2022","12:45:00","12:55:00",26,"Meal ",32,4.9,13,"motorcycle ",0,"No ","Metropolitian ","Sunny","High ",1
"5/04/2022","15:00:00","15:15:00",28,"Drinks ",22,4.6,15,"motorcycle ",0,"No ","Metropolitian ","Stormy","High ",1
"14/02/2022","17:30:00","17:45:00",34,"Snack ",36,4.8,23,"motorcycle ",0,"No ","Urban ","Sandstorms","Medium ",0
"18/02/2022","19:35:00","19:50:00",26,"Buffet ",21,4.6,21,"motorcycle ",0,"No ","Urban ","Windy","Jam ",1
"12/02/2022","21:00:00","21:10:00",33,"Snack ",27,4,16,"motorcycle ",2,"No ","Metropolitian ","Fog","Jam ",1
"13/02/2022","15:35:00","15:40:00",16,"Drinks ",35,5,23,"electric_scooter ",2,"No ","Urban ","Fog","Medium ",1
"5/04/2022","19:00:00","19:05:00",25,"Snack ",39,5,23,"scooter ",2,"No ","Urban ","Sandstorms","Medium ",1
"18/03/2022","22:10:00","22:15:00",26,"Drinks ",25,4.5,5,"scooter ",1,"No ","Metropolitian ","Cloudy","Low ",1
"21/03/2022","14:50:00","15:05:00",22,"Meal ",35,5,18,"scooter ",2,"No ","Urban ","Sunny","High ",1
"1/04/2022","23:20:00","23:25:00",14,"Drinks ",26,4.6,21,"scooter ",2,"No ","Metropolitian ","Sandstorms","Low ",0
"21/03/2022","10:30:00","10:35:00",15,"Drinks ",29,4.9,16,"motorcycle ",0,"No ","Urban ","Fog","Low ",1
"15/03/2022","18:45:00","18:55:00",18,"Drinks ",39,4.9,14,"scooter ",2,"No ","Metropolitian ","Cloudy","Medium ",1
"14/02/2022","18:35:00","18:40:00",13,"Snack ",22,5,9,"motorcycle ",1,"No ","Metropolitian ","Sunny","Medium ",1
"1/03/2022","23:20:00","23:25:00",26,"Meal ",22,4.2,1,"motorcycle ",0,"No ","Metropolitian ","Stormy","Low ",1
"10/03/2022","23:55:00","0:10:00",27,"Meal ",33,4.9,23,"scooter ",1,"No ","Metropolitian ","Sandstorms","Low ",0
"28/03/2022","9:25:00","9:30:00",16,"Meal ",31,4.8,9,"scooter ",2,"No ","Metropolitian ","Stormy","Low ",1
"9/03/2022","23:20:00","23:25:00",19,"Meal ",33,4.7,14,"motorcycle ",1,"No ","Metropolitian ","Cloudy","Low ",0
"21/03/2022","9:00:00","9:15:00",18,"Drinks ",21,4.8,23,"scooter ",1,"No ","Metropolitian ","Windy","Low ",1
"13/03/2022","8:10:00","8:20:00",17,"Buffet ",21,4.8,22,"motorcycle ",2,"No ","Urban ","Sandstorms","Low ",1
"21/03/2022","10:35:00","10:50:00",12,"Buffet ",26,4.6,21,"motorcycle ",0,"No ","Urban ","Sunny","Low ",0
"21/03/2022","11:35:00","11:45:00",36,"Snack ",31,4.1,9,"motorcycle ",1,"No ","Metropolitian ","Fog","High ",1
"13/02/2022","20:20:00","20:35:00",38,"Snack ",32,4.8,6,"motorcycle ",0,"No ","Metropolitian ","Sandstorms","Jam ",1
"18/03/2022","19:20:00","19:30:00",24,"Meal ",22,4.8,2,"scooter ",2,"No ","Metropolitian ","Stormy","Jam ",1
"11/02/2022","12:00:00","12:10:00",28,"Buffet ",39,4.6,4,"scooter ",2,"No ","Metropolitian ","Stormy","High ",1
"3/04/2022","8:25:00","8:40:00",22,"Drinks ",38,4.9,17,"motorcycle ",1,"No ","Urban ","Stormy","Low ",0
"4/03/2022","23:50:00","23:55:00",18,"Buffet ",25,4.6,23,"scooter ",1,"No ","Metropolitian ","Sandstorms","Low ",0
"25/03/2022","19:20:00","19:35:00",27,"Meal ",29,4.8,21,"scooter ",2,"No ","Urban ","Stormy","Jam ",0
"5/04/2022","13:40:00","13:45:00",26,"Snack ",31,4.8,23,"motorcycle ",1,"No ","Metropolitian ","Stormy","High ",0
"3/03/2022","11:50:00","12:00:00",35,"Meal ",35,4.8,14,"scooter ",2,"No ","Metropolitian ","Stormy","High ",0
"29/03/2022","22:55:00","23:05:00",25,"Buffet ",28,4.5,9,"motorcycle ",1,"No ","Metropolitian ","Cloudy","Low ",1
"30/03/2022","8:55:00","9:05:00",15,"Drinks ",21,4.1,15,"motorcycle ",0,"No ","Metropolitian ","Sandstorms","Low ",1
"5/04/2022","17:35:00","17:45:00",21,"Snack ",38,4.7,19,"motorcycle ",0,"No ","Urban ","Sunny","Medium ",0
"19/03/2022","8:35:00","8:50:00",23,"Snack ",26,4.9,1,"motorcycle ",0,"No ","Metropolitian ","Fog","Low ",1
"16/03/2022","19:30:00","19:35:00",30,"Meal ",22,4.6,22,"motorcycle ",0,"No ","Metropolitian ","Windy","Jam ",1
"16/03/2022","22:10:00","22:15:00",29,"Drinks ",39,4.8,17,"motorcycle ",0,"No ","Metropolitian ","Windy","Low ",1
"3/04/2022","18:40:00","18:50:00",25,"Drinks ",25,4.9,9,"motorcycle ",0,"No ","Metropolitian ","Cloudy","Medium ",1
"27/03/2022","23:45:00","23:55:00",21,"Buffet ",27,4.9,12,"motorcycle ",0,"No ","Metropolitian ","Sunny","Low ",1
"23/03/2022","20:15:00","20:30:00",38,"Meal ",26,4.3,4,"scooter ",2,"No ","Metropolitian ","Cloudy","Jam ",1
"11/02/2022","17:50:00","18:00:00",16,"Buffet ",30,4.7,6,"scooter ",1,"No ","Metropolitian ","Stormy","Medium ",1
"2/04/2022","23:00:00","23:05:00",39,"Meal ",30,4.1,1,"motorcycle ",2,"No ","Metropolitian ","Fog","Low ",2
"19/03/2022","8:25:00","8:40:00",10,"Drinks ",27,4.6,16,"motorcycle ",2,"No ","Urban ","Cloudy","Low ",1
"1/03/2022","18:15:00","18:20:00",28,"Drinks ",27,4.8,23,"motorcycle ",0,"No ","Metropolitian ","Windy","Medium ",1
"26/03/2022","19:45:00","20:00:00",20,"Snack ",27,4.9,19,"motorcycle ",0,"No ","Metropolitian ","Cloudy","Jam ",1
"5/04/2022","20:20:00","20:25:00",26,"Snack ",35,5,21,"scooter ",1,"No ","Metropolitian ","Cloudy","Jam ",1
"11/03/2022","18:40:00","18:45:00",16,"Snack ",23,4.7,23,"scooter ",2,"No ","Metropolitian ","Cloudy","Medium ",0
"23/03/2022","23:55:00","0:05:00",15,"Meal ",34,4.9,15,"scooter ",2,"No ","Metropolitian ","Sunny","Low ",1
"12/03/2022","22:15:00","22:30:00",22,"Buffet ",26,4.7,17,"motorcycle ",0,"No ","Urban ","Sunny","Low ",0
"29/03/2022","18:20:00","18:35:00",32,"Drinks ",21,4.1,2,"scooter ",2,"No ","Metropolitian ","Fog","Medium ",2
"19/03/2022","19:15:00","19:20:00",16,"Snack ",22,4.8,16,"motorcycle ",0,"No ","Metropolitian ","Sandstorms","Jam ",0
"23/03/2022","21:50:00","22:00:00",41,"Buffet ",26,4.3,1,"motorcycle ",1,"No ","Metropolitian ","Cloudy","Jam ",2
"10/03/2022","17:40:00","17:50:00",21,"Buffet ",33,4.7,18,"scooter ",2,"No ","Urban ","Sunny","Medium ",1
"26/03/2022","12:00:00","12:15:00",33,"Meal ",38,4.2,7,"scooter ",1,"No ","Metropolitian ","Fog","High ",1
"18/02/2022","22:40:00","22:55:00",24,"Snack ",20,4.7,9,"motorcycle ",0,"No ","Metropolitian ","Fog","Low ",1
"31/03/2022","23:35:00","23:45:00",29,"Drinks ",35,4.9,8,"electric_scooter ",2,"No ","Metropolitian ","Cloudy","Low ",1
"17/03/2022","11:35:00","11:40:00",28,"Drinks ",39,4.6,16,"motorcycle ",1,"No ","Urban ","Sandstorms","High ",1
"18/03/2022","21:45:00","21:50:00",22,"Drinks ",21,4.7,8,"motorcycle ",1,"No ","Metropolitian ","Stormy","Jam ",1
"11/02/2022","19:25:00","19:35:00",23,"Buffet ",27,4.7,9,"scooter ",1,"No ","Metropolitian ","Stormy","Jam ",1
"1/04/2022","20:20:00","20:30:00",20,"Drinks ",29,4.6,22,"scooter ",2,"No ","Metropolitian ","Cloudy","Jam ",1
"6/03/2022","18:00:00","18:15:00",25,"Drinks ",28,4.7,16,"motorcycle ",1,"No ","Urban ","Stormy","Medium ",1
"4/04/2022","19:45:00","20:00:00",47,"Drinks ",21,4.7,15,"motorcycle ",0,"No ","Metropolitian ","Cloudy","Jam ",0
"10/03/2022","22:50:00","22:55:00",38,"Snack ",39,4.6,17,"motorcycle ",0,"No ","Urban ","Cloudy","Low ",0
"8/03/2022","21:35:00","21:45:00",35,"Snack ",32,3.5,5,"scooter ",1,"No ","Urban ","Stormy","Jam ",0
"26/03/2022","16:40:00","16:55:00",29,"Drinks ",35,4.9,9,"motorcycle ",1,"No ","Metropolitian ","Windy","Medium ",0
"18/03/2022","20:40:00","20:45:00",48,"Meal ",30,4.8,19,"motorcycle ",0,"No ","Metropolitian ","Fog","Jam ",1
"1/03/2022","22:45:00","23:00:00",15,"Meal ",32,4.7,16,"motorcycle ",2,"No ","Metropolitian ","Sunny","Low ",1
"14/02/2022","20:20:00","20:25:00",34,"Drinks ",26,4.4,9,"motorcycle ",0,"No ","Metropolitian ","Stormy","Jam ",1
"6/04/2022","22:40:00","22:45:00",26,"Snack ",28,4.7,23,"motorcycle ",2,"No ","Metropolitian ","Fog","Low ",1
"4/04/2022","17:20:00","17:25:00",17,"Drinks ",24,4.7,21,"electric_scooter ",2,"No ","Metropolitian ","Sunny","Medium ",0
"30/03/2022","10:55:00","11:10:00",12,"Drinks ",20,4.7,18,"scooter ",1,"No ","Metropolitian ","Cloudy","Low ",0
"29/03/2022","19:40:00","19:45:00",35,"Buffet ",34,4.1,3,"scooter ",1,"No ","Metropolitian ","Stormy","Jam ",1
"15/02/2022","22:25:00","22:30:00",10,"Meal ",20,4.6,5,"motorcycle ",1,"No ","Metropolitian ","Fog","Low ",0
"16/02/2022","22:15:00","22:20:00",26,"Snack ",35,4.6,3,"motorcycle ",0,"No ","Metropolitian ","Sandstorms","Low ",0
"7/03/2022","22:00:00","22:10:00",28,"Meal ",23,4.9,21,"motorcycle ",0,"No ","Metropolitian ","Fog","Jam ",1
"5/03/2022","21:45:00","21:50:00",23,"Meal ",35,4.8,23,"scooter ",1,"No ","Metropolitian ","Sunny","Jam ",1
"5/04/2022","9:20:00","9:25:00",11,"Snack ",28,4.7,18,"scooter ",1,"No ","Metropolitian ","Windy","Low ",0
"15/02/2022","18:30:00","18:45:00",18,"Drinks ",21,5,5,"motorcycle ",0,"No ","Metropolitian ","Stormy","Medium ",1
"12/02/2022","17:20:00","17:35:00",26,"Drinks ",25,4.8,19,"motorcycle ",1,"No ","Urban ","Stormy","Medium ",1
"16/03/2022","20:40:00","20:45:00",25,"Buffet ",32,4.6,23,"scooter ",2,"No ","Metropolitian ","Sandstorms","Jam ",1
"30/03/2022","19:45:00","20:00:00",18,"Drinks ",23,4.8,16,"motorcycle ",1,"No ","Metropolitian ","Sunny","Jam ",1
"3/03/2022","21:40:00","21:50:00",16,"Meal ",28,4.8,17,"scooter ",2,"No ","Metropolitian ","Sandstorms","Jam ",1
"26/03/2022","18:20:00","18:25:00",15,"Meal ",24,4.6,22,"motorcycle ",2,"No ","Urban ","Cloudy","Medium ",1
"17/03/2022","17:15:00","17:25:00",17,"Drinks ",29,5,15,"motorcycle ",2,"No ","Urban ","Fog","Medium ",1
"21/03/2022","8:40:00","8:50:00",19,"Meal ",36,4.8,9,"motorcycle ",2,"No ","Metropolitian ","Fog","Low ",1
"12/02/2022","19:15:00","19:20:00",22,"Snack ",22,4.7,6,"motorcycle ",1,"No ","Metropolitian ","Sandstorms","Jam ",0
"4/03/2022","23:40:00","23:45:00",21,"Snack ",27,4.6,9,"motorcycle ",0,"No ","Metropolitian ","Sunny","Low ",1
"15/02/2022","18:30:00","18:40:00",29,"Buffet ",38,4.6,4,"scooter ",1,"No ","Metropolitian ","Sandstorms","Medium ",1
"17/03/2022","14:00:00","14:10:00",23,"Meal ",22,4.7,16,"electric_scooter ",2,"No ","Urban ","Fog","High ",0
"15/02/2022","19:55:00","20:05:00",26,"Drinks ",32,4.8,9,"motorcycle ",0,"No ","Metropolitian ","Sunny","Jam ",1
"1/03/2022","20:15:00","20:20:00",31,"Buffet ",25,4.1,3,"scooter ",2,"No ","Urban ","Cloudy","Jam ",0
"27/03/2022","21:45:00","21:55:00",38,"Buffet ",35,4.5,7,"motorcycle ",1,"No ","Metropolitian ","Stormy","Jam ",2
"10/03/2022","19:15:00","19:20:00",39,"Snack ",26,4.1,8,"electric_scooter ",2,"No ","Metropolitian ","Fog","Jam ",1
"20/03/2022","21:35:00","21:50:00",18,"Meal ",24,4.8,17,"scooter ",2,"No ","Urban ","Sunny","Jam ",1
"8/03/2022","18:00:00","18:05:00",18,"Snack ",27,5,22,"motorcycle ",0,"No ","Urban ","Sandstorms","Medium ",1
"3/03/2022","8:45:00","8:55:00",13,"Drinks ",21,5,23,"scooter ",1,"No ","Metropolitian ","Sandstorms","Low ",0
"30/03/2022","22:20:00","22:30:00",26,"Drinks ",39,4.6,6,"electric_scooter ",2,"No ","Urban ","Windy","Low ",1
"14/02/2022","18:45:00","19:00:00",39,"Buffet ",39,4.6,5,"motorcycle ",1,"No ","Metropolitian ","Stormy","Medium ",2
"16/02/2022","19:45:00","19:55:00",27,"Drinks ",22,4.9,3,"scooter ",1,"No ","Metropolitian ","Stormy","Jam ",1
"9/03/2022","22:50:00","23:00:00",27,"Meal ",39,4.6,21,"motorcycle ",1,"No ","Urban ","Windy","Low ",0
"25/03/2022","22:45:00","22:50:00",25,"Meal ",23,4.9,17,"motorcycle ",0,"No ","Urban ","Sunny","Low ",0
"7/03/2022","19:00:00","19:10:00",26,"Buffet ",30,4.6,23,"motorcycle ",0,"No ","Metropolitian ","Sunny","Medium ",1
"14/03/2022","19:55:00","20:10:00",43,"Buffet ",39,4,7,"motorcycle ",1,"No ","Metropolitian ","Cloudy","Jam ",3
"13/02/2022","17:35:00","17:50:00",19,"Meal ",30,4.9,7,"scooter ",1,"No ","Metropolitian ","Fog","Medium ",1
"10/03/2022","20:35:00","20:45:00",43,"Meal ",22,4.9,16,"motorcycle ",2,"No ","Urban ","Fog","Jam ",1
"5/04/2022","9:15:00","9:25:00",20,"Meal ",38,4.8,23,"motorcycle ",0,"No ","Urban ","Fog","Low ",1
"16/03/2022","17:50:00","18:05:00",30,"Drinks ",33,4.8,12,"electric_scooter ",2,"No ","Metropolitian ","Fog","Medium ",1
"30/03/2022","19:10:00","19:15:00",29,"Drinks ",20,4.8,3,"motorcycle ",0,"No ","Metropolitian ","Fog","Jam ",1
"5/03/2022","22:20:00","22:25:00",23,"Buffet ",38,4.1,5,"motorcycle ",0,"No ","Metropolitian ","Sunny","Low ",1
"13/03/2022","8:55:00","9:05:00",20,"Meal ",33,4.8,13,"scooter ",2,"No ","Metropolitian ","Windy","Low ",1
"29/03/2022","21:30:00","21:45:00",48,"Snack ",33,4.9,9,"motorcycle ",0,"No ","Metropolitian ","Fog","Jam ",3
"11/03/2022","9:50:00","10:05:00",22,"Meal ",30,4.6,12,"scooter ",1,"No ","Metropolitian ","Sandstorms","Low ",1
"29/03/2022","23:10:00","23:25:00",39,"Buffet ",36,4.6,5,"motorcycle ",0,"No ","Metropolitian ","Fog","Low ",0
"10/03/2022","19:15:00","19:20:00",36,"Buffet ",36,4.1,4,"scooter ",1,"No ","Urban ","Cloudy","Jam ",0
"18/02/2022","19:00:00","19:10:00",40,"Drinks ",32,4.8,21,"motorcycle ",0,"Yes ","Urban ","Windy","Medium ",1
"23/03/2022","17:35:00","17:40:00",31,"Buffet ",33,4.2,5,"scooter ",2,"No ","Metropolitian ","Windy","Medium ",1
"13/02/2022","8:10:00","8:20:00",13,"Meal ",21,4.7,2,"scooter ",2,"No ","Metropolitian ","Stormy","Low ",1
"2/03/2022","18:10:00","18:15:00",17,"Snack ",32,4.9,9,"scooter ",1,"No ","Metropolitian ","Sunny","Medium ",1
"5/03/2022","8:55:00","9:10:00",21,"Snack ",37,4.9,17,"scooter ",1,"No ","Urban ","Stormy","Low ",0
"3/04/2022","19:30:00","19:35:00",29,"Snack ",36,4.9,8,"scooter ",1,"No ","Metropolitian ","Sandstorms","Jam ",0
"6/04/2022","22:10:00","22:15:00",20,"Drinks ",32,4.7,18,"motorcycle ",0,"No ","Metropolitian ","Sunny","Low ",1
"21/03/2022","17:10:00","17:15:00",24,"Snack ",22,4.8,23,"motorcycle ",1,"No ","Metropolitian ","Windy","Medium ",1
"2/03/2022","19:25:00","19:40:00",31,"Snack ",38,4.3,17,"scooter ",2,"No ","Metropolitian ","Sunny","Jam ",0
"13/03/2022","13:45:00","13:50:00",31,"Snack ",33,4.9,12,"scooter ",1,"No ","Metropolitian ","Fog","High ",1
"1/03/2022","21:25:00","21:30:00",20,"Meal ",33,4.7,14,"motorcycle ",0,"No ","Metropolitian ","Sunny","Jam ",1
"1/04/2022","14:20:00","14:35:00",24,"Snack ",34,4.7,23,"motorcycle ",0,"No ","Metropolitian ","Sunny","High ",0
"1/03/2022","13:55:00","14:05:00",38,"Meal ",35,4.2,5,"scooter ",2,"No ","Metropolitian ","Stormy","High ",1
"12/03/2022","19:25:00","19:35:00",24,"Drinks ",25,4.6,16,"scooter ",2,"No ","Metropolitian ","Windy","Jam ",1
"5/03/2022","8:35:00","8:40:00",29,"Snack ",37,4.7,13,"scooter ",1,"No ","Metropolitian ","Sunny","Low ",1
"11/03/2022","11:15:00","11:25:00",20,"Drinks ",28,4.9,14,"scooter ",2,"No ","Metropolitian ","Fog","High ",1
"2/03/2022","23:15:00","23:25:00",36,"Drinks ",30,3.7,6,"motorcycle ",1,"No ","Metropolitian ","Stormy","Low ",1
"15/03/2022","16:00:00","16:15:00",26,"Drinks ",30,4.8,18,"scooter ",1,"No ","Metropolitian ","Sandstorms","Medium ",1
"10/03/2022","18:00:00","18:05:00",27,"Buffet ",26,4.8,14,"motorcycle ",0,"No ","Metropolitian ","Stormy","Medium ",0
"18/03/2022","19:40:00","19:50:00",29,"Meal ",36,4.7,4,"scooter ",1,"No ","Metropolitian ","Sandstorms","Jam ",0
"1/03/2022","15:00:00","15:10:00",16,"Drinks ",23,4.6,15,"motorcycle ",2,"No ","Urban ","Sunny","High ",0
"3/04/2022","21:55:00","22:05:00",26,"Meal ",34,4.8,21,"motorcycle ",2,"No ","Metropolitian ","Windy","Jam ",1
"6/04/2022","23:10:00","23:25:00",36,"Drinks ",39,5,16,"motorcycle ",0,"No ","Urban ","Cloudy","Low ",0
"5/03/2022","9:50:00","10:05:00",17,"Buffet ",24,4.9,13,"scooter ",2,"No ","Metropolitian ","Windy","Low ",0
"4/04/2022","21:55:00","22:05:00",41,"Buffet ",35,4.5,14,"scooter ",1,"No ","Metropolitian ","Windy","Jam ",2
"17/03/2022","11:55:00","12:00:00",29,"Drinks ",32,4.9,5,"scooter ",1,"No ","Metropolitian ","Sandstorms","High ",1
"9/03/2022","11:25:00","11:30:00",18,"Meal ",26,4.7,21,"scooter ",1,"No ","Metropolitian ","Sandstorms","High ",0
"10/03/2022","19:00:00","19:10:00",26,"Snack ",32,4.5,5,"scooter ",2,"No ","Urban ","Sandstorms","Medium ",1
"28/03/2022","21:55:00","22:10:00",27,"Drinks ",27,4.7,18,"motorcycle ",1,"No ","Metropolitian ","Windy","Jam ",0
"11/02/2022","18:20:00","18:25:00",19,"Snack ",34,4.9,2,"scooter ",2,"No ","Metropolitian ","Stormy","Medium ",0
"11/03/2022","21:00:00","21:15:00",32,"Drinks ",24,4.7,19,"scooter ",2,"No ","Metropolitian ","Cloudy","Jam ",1
"15/03/2022","22:15:00","22:30:00",17,"Buffet ",27,4.7,15,"scooter ",1,"No ","Metropolitian ","Sunny","Low ",0
"2/03/2022","22:45:00","22:50:00",30,"Meal ",24,4.9,17,"motorcycle ",2,"No ","Urban ","Sunny","Low ",1
"15/03/2022","21:10:00","21:15:00",31,"Snack ",25,4.9,23,"motorcycle ",0,"No ","Metropolitian ","Sandstorms","Jam ",1
"13/02/2022","22:40:00","22:50:00",23,"Snack ",39,4.7,7,"motorcycle ",0,"No ","Metropolitian ","Fog","Low ",0
"23/03/2022","21:25:00","21:40:00",40,"Buffet ",34,4.9,18,"motorcycle ",1,"No ","Urban ","Fog","Jam ",1
"4/04/2022","22:55:00","23:05:00",42,"Meal ",34,4.2,3,"motorcycle ",0,"No ","Metropolitian ","Fog","Low ",1
"24/03/2022","11:30:00","11:45:00",24,"Buffet ",28,4.9,14,"motorcycle ",0,"No ","Metropolitian ","Fog","High ",0
"23/03/2022","23:20:00","23:30:00",14,"Drinks ",29,4.5,1,"motorcycle ",1,"No ","Urban ","Stormy","Low ",0
"28/03/2022","11:35:00","11:45:00",25,"Drinks ",22,4.7,23,"scooter ",2,"No ","Metropolitian ","Windy","High ",1
"28/03/2022","17:20:00","17:30:00",19,"Snack ",28,4.8,12,"motorcycle ",0,"No ","Metropolitian ","Sunny","Medium ",1
"6/04/2022","21:45:00","22:00:00",45,"Buffet ",35,4.4,1,"motorcycle ",1,"No ","Metropolitian ","Fog","Jam ",1
"2/04/2022","17:20:00","17:35:00",18,"Buffet ",21,4.5,23,"scooter ",1,"No ","Metropolitian ","Sandstorms","Medium ",1
"14/02/2022","20:20:00","20:30:00",31,"Meal ",35,4.2,7,"scooter ",1,"No ","Metropolitian ","Sunny","Jam ",0
"15/02/2022","16:15:00","16:20:00",10,"Buffet ",21,4.6,16,"motorcycle ",1,"No ","Urban ","Cloudy","Medium ",0
"16/03/2022","21:15:00","21:20:00",44,"Drinks ",34,3.5,7,"scooter ",1,"No ","Metropolitian ","Windy","Jam ",1
"28/03/2022","10:25:00","10:30:00",19,"Drinks ",25,4.8,18,"scooter ",2,"No ","Metropolitian ","Stormy","Low ",1
"13/03/2022","9:10:00","9:20:00",27,"Buffet ",30,4.9,19,"scooter ",1,"No ","Metropolitian ","Sandstorms","Low ",1
"18/02/2022","18:10:00","18:15:00",37,"Buffet ",31,4.5,3,"motorcycle ",0,"No ","Metropolitian ","Fog","Medium ",1
"18/02/2022","19:25:00","19:35:00",33,"Snack ",38,4.5,3,"motorcycle ",1,"No ","Metropolitian ","Stormy","Jam ",0
"15/03/2022","8:10:00","8:15:00",13,"Drinks ",26,4.8,15,"scooter ",1,"No ","Urban ","Fog","Low ",0
"7/03/2022","23:40:00","23:50:00",21,"Drinks ",32,4.9,12,"motorcycle ",0,"No ","Metropolitian ","Sunny","Low ",1
"5/03/2022","9:10:00","9:20:00",18,"Drinks ",24,4.5,2,"scooter ",1,"No ","Urban ","Sandstorms","Low ",0
"30/03/2022","23:35:00","23:50:00",13,"Drinks ",26,4.7,13,"motorcycle ",1,"No ","Metropolitian ","Windy","Low ",0
"17/03/2022","23:55:00","0:05:00",12,"Drinks ",24,4.6,13,"scooter ",1,"No ","Metropolitian ","Fog","Low ",0
"17/03/2022","20:35:00","20:45:00",16,"Snack ",29,5,4,"scooter ",1,"No ","Metropolitian ","Sunny","Jam ",0
"12/03/2022","18:15:00","18:30:00",22,"Snack ",33,4.9,19,"motorcycle ",2,"No ","Metropolitian ","Stormy","Medium ",1
"11/02/2022","10:55:00","11:05:00",15,"Buffet ",28,4.9,23,"motorcycle ",1,"No ","Urban ","Fog","Low ",1
"17/02/2022","20:15:00","20:20:00",36,"Snack ",20,4.4,9,"motorcycle ",0,"No ","Metropolitian ","Fog","Jam ",1
"23/03/2022","20:20:00","20:35:00",37,"Buffet ",20,4.9,19,"motorcycle ",0,"No ","Urban ","Fog","Jam ",1
"20/03/2022","20:00:00","20:05:00",40,"Drinks ",23,4.3,4,"scooter ",2,"No ","Metropolitian ","Cloudy","Jam ",2
"9/03/2022","18:30:00","18:45:00",25,"Meal ",27,5,18,"motorcycle ",0,"No ","Metropolitian ","Sandstorms","Medium ",1
"5/03/2022","20:10:00","20:25:00",30,"Meal ",35,4.5,19,"scooter ",1,"No ","Metropolitian ","Windy","Jam ",0
"4/04/2022","18:50:00","18:55:00",37,"Buffet ",34,3.6,11,"scooter ",2,"No ","Metropolitian ","Stormy","Medium ",1
"3/03/2022","16:25:00","16:35:00",15,"Meal ",27,4.6,22,"motorcycle ",0,"No ","Urban ","Sandstorms","Medium ",1
"17/02/2022","19:45:00","19:50:00",26,"Buffet ",22,4.5,7,"motorcycle ",1,"No ","Metropolitian ","Fog","Jam ",1
"18/03/2022","17:50:00","18:05:00",30,"Drinks ",20,4.6,12,"motorcycle ",0,"No ","Metropolitian ","Stormy","Medium ",1
"11/03/2022","12:40:00","12:50:00",10,"Buffet ",24,4.6,23,"motorcycle ",1,"No ","Metropolitian ","Sunny","High ",0
"3/03/2022","10:40:00","10:45:00",16,"Snack ",20,4.1,3,"motorcycle ",0,"No ","Metropolitian ","Stormy","Low ",1
"10/03/2022","21:25:00","21:30:00",19,"Snack ",28,4.9,18,"scooter ",2,"No ","Metropolitian ","Sunny","Jam ",0
"1/03/2022","23:20:00","23:25:00",26,"Meal ",22,4.2,1,"motorcycle ",0,"No ","Metropolitian ","Stormy","Low ",1
"30/03/2022","12:15:00","12:30:00",18,"Snack ",29,4.6,6,"motorcycle ",2,"No ","Urban ","Sunny","High ",1
"2/03/2022","17:40:00","17:45:00",25,"Drinks ",30,4.5,23,"scooter ",1,"No ","Metropolitian ","Sunny","Medium ",1
"11/03/2022","9:30:00","9:40:00",32,"Buffet ",32,4.3,3,"motorcycle ",0,"No ","Urban ","Sandstorms","Low ",1
"25/03/2022","20:20:00","20:25:00",51,"Meal ",31,4.5,8,"motorcycle ",0,"No ","Metropolitian ","Cloudy","Jam ",3
"12/02/2022","19:45:00","19:50:00",38,"Drinks ",37,4.3,7,"scooter ",2,"No ","Metropolitian ","Stormy","Jam ",1
"20/03/2022","0:00:00","0:15:00",19,"Drinks ",32,4.8,9,"motorcycle ",2,"No ","Metropolitian ","Sunny","Low ",1
"12/03/2022","21:50:00","22:00:00",20,"Buffet ",22,4.8,16,"scooter ",2,"No ","Urban ","Sunny","Jam ",1
"5/03/2022","17:40:00","17:45:00",32,"Meal ",30,4.8,13,"scooter ",2,"No ","Metropolitian ","Stormy","Medium ",1
"18/03/2022","23:25:00","23:35:00",22,"Buffet ",36,4.7,23,"scooter ",2,"No ","Urban ","Stormy","Low ",1
"2/03/2022","17:15:00","17:30:00",28,"Buffet ",24,4.6,16,"motorcycle ",2,"No ","Metropolitian ","Windy","Medium ",0
"3/04/2022","13:10:00","13:15:00",12,"Meal ",27,4.7,23,"scooter ",1,"No ","Metropolitian ","Sunny","High ",1
"6/04/2022","19:20:00","19:25:00",47,"Meal ",30,4.2,5,"scooter ",1,"No ","Metropolitian ","Fog","Jam ",2
"29/03/2022","20:50:00","21:00:00",23,"Snack ",29,4.9,15,"scooter ",2,"No ","Metropolitian ","Stormy","Jam ",1
"3/03/2022","8:45:00","8:55:00",19,"Buffet ",31,4.6,19,"scooter ",2,"No ","Urban ","Cloudy","Low ",1
"18/02/2022","17:45:00","17:50:00",27,"Buffet ",28,4.6,9,"electric_scooter ",2,"No ","Metropolitian ","Stormy","Medium ",0
"24/03/2022","20:25:00","20:35:00",31,"Snack ",35,4.6,11,"scooter ",1,"No ","Metropolitian ","Windy","Jam ",1
"1/03/2022","16:35:00","16:40:00",13,"Meal ",25,4.6,6,"motorcycle ",2,"No ","Metropolitian ","Fog","Medium ",1
"15/03/2022","18:30:00","18:40:00",30,"Drinks ",33,4.5,5,"motorcycle ",0,"No ","Urban ","Sandstorms","Medium ",1
"14/02/2022","19:40:00","19:55:00",29,"Meal ",36,4.6,8,"scooter ",1,"No ","Metropolitian ","Sandstorms","Jam ",1
"29/03/2022","21:20:00","21:25:00",23,"Meal ",25,4.5,23,"motorcycle ",2,"No ","Metropolitian ","Stormy","Jam ",1
"5/04/2022","19:00:00","19:10:00",16,"Meal ",32,4.7,18,"electric_scooter ",2,"No ","Urban ","Cloudy","Medium ",1
"13/03/2022","9:45:00","9:50:00",26,"Meal ",30,4.8,22,"scooter ",2,"No ","Metropolitian ","Windy","Low ",1
"26/03/2022","8:15:00","8:25:00",20,"Drinks ",36,4.7,22,"scooter ",2,"No ","Urban ","Stormy","Low ",1
"3/03/2022","21:35:00","21:45:00",12,"Meal ",23,4.7,16,"electric_scooter ",2,"No ","Metropolitian ","Windy","Jam ",0
"3/03/2022","11:00:00","11:15:00",22,"Snack ",27,4.9,18,"scooter ",1,"No ","Metropolitian ","Sunny","Low ",1
"11/03/2022","20:20:00","20:30:00",39,"Snack ",30,4.6,21,"motorcycle ",0,"No ","Urban ","Windy","Jam ",1
"3/04/2022","21:40:00","21:50:00",23,"Meal ",22,4.7,15,"motorcycle ",0,"No ","Urban ","Windy","Jam ",0
"16/03/2022","23:50:00","0:05:00",43,"Snack ",32,4.6,15,"motorcycle ",0,"No ","Metropolitian ","Fog","Low ",1
"29/03/2022","17:50:00","17:55:00",36,"Buffet ",38,4.3,13,"motorcycle ",1,"No ","Metropolitian ","Fog","Medium ",0
"2/04/2022","20:50:00","21:00:00",38,"Snack ",24,4.9,9,"motorcycle ",0,"No ","Metropolitian ","Fog","Jam ",1
"17/02/2022","11:15:00","11:20:00",16,"Snack ",28,4.8,8,"scooter ",2,"No ","Metropolitian ","Fog","High ",1
"12/03/2022","18:00:00","18:05:00",20,"Drinks ",21,4.9,16,"motorcycle ",0,"No ","Metropolitian ","Stormy","Medium ",1
"23/03/2022","22:55:00","23:10:00",27,"Meal ",39,4.9,14,"motorcycle ",1,"No ","Metropolitian ","Windy","Low ",1
"31/03/2022","17:50:00","17:55:00",47,"Snack ",30,4.1,5,"motorcycle ",0,"No ","Metropolitian ","Stormy","Medium ",1
"20/03/2022","20:35:00","20:50:00",41,"Snack ",31,4.1,3,"motorcycle ",1,"No ","Metropolitian ","Windy","Jam ",1
"14/02/2022","19:10:00","19:25:00",37,"Drinks ",39,4.7,2,"motorcycle ",0,"No ","Metropolitian ","Stormy","Jam ",1
"4/04/2022","19:55:00","20:05:00",48,"Drinks ",30,4.4,1,"scooter ",1,"No ","Metropolitian ","Cloudy","Jam ",0
"13/02/2022","18:00:00","18:15:00",26,"Meal ",21,4.9,17,"scooter ",1,"No ","Urban ","Sandstorms","Medium ",1
"11/02/2022","10:55:00","11:10:00",19,"Meal ",31,4.7,23,"motorcycle ",1,"No ","Urban ","Fog","Low ",1
"7/03/2022","22:40:00","22:55:00",29,"Buffet ",39,4.8,14,"motorcycle ",2,"No ","Metropolitian ","Windy","Low ",1
"5/04/2022","8:45:00","8:55:00",23,"Snack ",38,4.8,19,"scooter ",1,"No ","Metropolitian ","Sandstorms","Low ",1
"1/04/2022","19:20:00","19:25:00",25,"Snack ",35,4.8,23,"scooter ",1,"No ","Metropolitian ","Cloudy","Jam ",1
"9/03/2022","21:10:00","21:15:00",26,"Meal ",33,4.6,21,"scooter ",1,"No ","Urban ","Stormy","Jam ",1
"18/03/2022","23:45:00","23:50:00",28,"Buffet ",30,4.6,7,"motorcycle ",1,"No ","Metropolitian ","Fog","Low ",1
"4/04/2022","22:50:00","22:55:00",24,"Drinks ",30,4.9,21,"motorcycle ",0,"No ","Metropolitian ","Sunny","Low ",1
"15/03/2022","22:10:00","22:15:00",19,"Meal ",31,4.6,23,"scooter ",1,"No ","Metropolitian ","Cloudy","Low ",1
"17/02/2022","15:40:00","15:45:00",16,"Buffet ",34,4.7,23,"scooter ",1,"No ","Urban ","Cloudy","Medium ",1
"15/02/2022","12:45:00","13:00:00",26,"Meal ",28,4.5,6,"scooter ",2,"No ","Urban ","Fog","High ",0
"12/02/2022","20:20:00","20:35:00",36,"Meal ",23,4.6,6,"motorcycle ",0,"No ","Metropolitian ","Windy","Jam ",2
"17/03/2022","9:30:00","9:40:00",18,"Drinks ",28,4.5,14,"motorcycle ",0,"No ","Metropolitian ","Sandstorms","Low ",1
"6/03/2022","19:25:00","19:30:00",27,"Buffet ",25,4.7,23,"motorcycle ",0,"No ","Metropolitian ","Windy","Jam ",1
"1/03/2022","13:55:00","14:10:00",47,"Buffet ",27,4.4,16,"motorcycle ",0,"No ","Metropolitian ","Sunny","High ",1
"27/03/2022","21:40:00","21:50:00",33,"Drinks ",36,3.5,7,"scooter ",1,"No ","Metropolitian ","Windy","Jam ",1
"15/03/2022","22:20:00","22:25:00",26,"Meal ",39,4.6,21,"scooter ",1,"No ","Urban ","Stormy","Low ",1
"19/03/2022","20:50:00","20:55:00",33,"Meal ",25,4,19,"scooter ",2,"No ","Metropolitian ","Fog","Jam ",1
"18/02/2022","18:45:00","19:00:00",17,"Snack ",27,4.5,2,"motorcycle ",2,"No ","Urban ","Sandstorms","Medium ",1
"2/03/2022","23:25:00","23:35:00",21,"Meal ",26,4.7,23,"motorcycle ",2,"No ","Metropolitian ","Fog","Low ",1
"26/03/2022","21:50:00","21:55:00",23,"Buffet ",21,4.6,16,"scooter ",1,"No ","Metropolitian ","Windy","Jam ",1
"30/03/2022","21:35:00","21:50:00",28,"Snack ",25,5,9,"motorcycle ",0,"No ","Metropolitian ","Cloudy","Jam ",1
"25/03/2022","22:15:00","22:20:00",23,"Buffet ",27,4.7,14,"motorcycle ",0,"No ","Metropolitian ","Stormy","Low ",1
"4/03/2022","23:20:00","23:35:00",18,"Buffet ",24,4.5,5,"motorcycle ",0,"No ","Urban ","Stormy","Low ",1
"17/03/2022","11:30:00","11:40:00",26,"Buffet ",25,4.6,15,"scooter ",2,"No ","Urban ","Sandstorms","High ",1
"20/03/2022","20:00:00","20:15:00",46,"Drinks ",36,4.8,22,"motorcycle ",0,"Yes ","Urban ","Fog","Jam ",1
"21/03/2022","21:50:00","21:55:00",32,"Meal ",29,5,2,"motorcycle ",0,"No ","Metropolitian ","Windy","Jam ",1
"13/02/2022","12:40:00","12:45:00",19,"Buffet ",30,4.6,7,"scooter ",2,"No ","Metropolitian ","Sunny","High ",1
"24/03/2022","11:45:00","12:00:00",38,"Buffet ",38,4.9,16,"scooter ",2,"No ","Urban ","Cloudy","High ",1
"28/03/2022","9:00:00","9:05:00",17,"Meal ",34,4.5,16,"scooter ",1,"No ","Metropolitian ","Fog","Low ",1
"29/03/2022","17:40:00","17:55:00",42,"Meal ",36,4.4,2,"scooter ",2,"No ","Metropolitian ","Cloudy","Medium ",1
"21/03/2022","18:20:00","18:25:00",12,"Buffet ",29,4.7,22,"motorcycle ",2,"No ","Urban ","Fog","Medium ",0
"9/03/2022","22:00:00","22:15:00",24,"Buffet ",23,4.8,19,"motorcycle ",1,"No ","Metropolitian ","Fog","Jam ",0
"14/03/2022","17:45:00","17:55:00",37,"Meal ",33,3.9,7,"motorcycle ",2,"No ","Metropolitian ","Windy","Medium ",2
"4/03/2022","17:45:00","18:00:00",27,"Buffet ",31,4.6,21,"motorcycle ",2,"No ","Metropolitian ","Sunny","Medium ",0
"16/02/2022","22:40:00","22:50:00",20,"Snack ",21,4.9,5,"motorcycle ",0,"No ","Metropolitian ","Sandstorms","Low ",1
"19/03/2022","17:15:00","17:30:00",21,"Buffet ",29,4.7,13,"motorcycle ",0,"No ","Metropolitian ","Fog","Medium ",0
"2/03/2022","17:55:00","18:00:00",28,"Buffet ",32,4.5,16,"motorcycle ",2,"No ","Metropolitian ","Stormy","Medium ",0
"30/03/2022","8:10:00","8:15:00",34,"Snack ",34,4.3,4,"motorcycle ",0,"No ","Metropolitian ","Sandstorms","Low ",1
"11/03/2022","19:55:00","20:05:00",28,"Drinks ",37,4.5,2,"scooter ",2,"No ","Urban ","Fog","Jam ",0
"21/03/2022","13:25:00","13:35:00",49,"Meal ",36,5,19,"motorcycle ",0,"No ","Urban ","Windy","High ",0
"1/04/2022","10:10:00","10:20:00",10,"Meal ",26,4.9,19,"motorcycle ",2,"No ","Metropolitian ","Sandstorms","Low ",0
"14/03/2022","18:45:00","18:50:00",23,"Drinks ",27,4.6,19,"motorcycle ",2,"No ","Metropolitian ","Sandstorms","Medium ",1
"23/03/2022","17:35:00","17:45:00",47,"Meal ",32,4.7,5,"motorcycle ",0,"No ","Metropolitian ","Cloudy","Medium ",3
"15/02/2022","15:45:00","15:55:00",16,"Snack ",22,4.5,6,"motorcycle ",0,"No ","Urban ","Windy","Medium ",1
"24/03/2022","9:55:00","10:10:00",32,"Drinks ",39,4.2,2,"motorcycle ",0,"No ","Urban ","Stormy","Low ",1
"5/03/2022","21:40:00","21:55:00",26,"Snack ",24,4.6,22,"scooter ",2,"No ","Metropolitian ","Sunny","Jam ",0
"13/02/2022","10:30:00","10:40:00",27,"Meal ",34,4.6,15,"motorcycle ",2,"No ","Urban ","Stormy","Low ",0
"26/03/2022","22:35:00","22:45:00",24,"Meal ",23,5,22,"scooter ",2,"No ","Urban ","Sunny","Low ",1
"6/04/2022","21:15:00","21:25:00",25,"Meal ",25,4.7,21,"scooter ",1,"No ","Metropolitian ","Windy","Jam ",0
"4/03/2022","18:35:00","18:50:00",38,"Meal ",22,4.8,22,"motorcycle ",0,"No ","Urban ","Sandstorms","Medium ",2
"5/04/2022","13:55:00","14:10:00",17,"Meal ",29,4.5,16,"motorcycle ",0,"No ","Urban ","Windy","High ",0
"2/04/2022","19:15:00","19:25:00",33,"Snack ",27,4.7,1,"motorcycle ",0,"No ","Metropolitian ","Sandstorms","Jam ",1
"4/03/2022","18:50:00","19:00:00",27,"Meal ",32,5,19,"motorcycle ",2,"No ","Metropolitian ","Sunny","Medium ",1
"8/03/2022","22:25:00","22:35:00",26,"Snack ",30,4.8,16,"motorcycle ",0,"No ","Metropolitian ","Sunny","Low ",1
"4/04/2022","23:20:00","23:25:00",33,"Meal ",36,3.7,12,"scooter ",2,"No ","Metropolitian ","Fog","Low ",1
"12/02/2022","22:15:00","22:30:00",17,"Meal ",30,4.8,3,"scooter ",1,"No ","Metropolitian ","Stormy","Low ",0
"10/03/2022","20:15:00","20:25:00",22,"Meal ",24,4.6,23,"scooter ",2,"No ","Metropolitian ","Windy","Jam ",1
"9/03/2022","11:20:00","11:30:00",28,"Meal ",31,4.6,17,"motorcycle ",1,"No ","Metropolitian ","Stormy","High ",0
"11/02/2022","19:25:00","19:30:00",31,"Drinks ",34,4.1,16,"motorcycle ",1,"No ","Metropolitian ","Stormy","Jam ",1
"5/03/2022","14:30:00","14:45:00",29,"Drinks ",23,4.5,9,"motorcycle ",1,"No ","Metropolitian ","Fog","High ",1
"10/03/2022","23:50:00","0:05:00",23,"Drinks ",36,4.8,15,"motorcycle ",0,"No ","Urban ","Windy","Low ",1
"4/03/2022","23:25:00","23:30:00",20,"Meal ",26,4.9,14,"motorcycle ",0,"No ","Metropolitian ","Stormy","Low ",1
"31/03/2022","18:10:00","18:15:00",42,"Snack ",38,4.4,2,"scooter ",1,"No ","Urban ","Fog","Medium ",0
"17/02/2022","18:20:00","18:25:00",36,"Buffet ",38,4.2,2,"motorcycle ",0,"No ","Metropolitian ","Stormy","Medium ",1
"24/03/2022","20:45:00","20:55:00",33,"Snack ",21,4.6,1,"electric_scooter ",2,"No ","Metropolitian ","Fog","Jam ",0
"3/04/2022","8:55:00","9:05:00",12,"Meal ",24,5,23,"scooter ",2,"No ","Metropolitian ","Windy","Low ",0
"8/03/2022","22:20:00","22:30:00",18,"Snack ",37,4.7,23,"scooter ",1,"No ","Metropolitian ","Sunny","Low ",1
"3/04/2022","22:30:00","22:35:00",16,"Snack ",23,4.9,9,"scooter ",2,"No ","Metropolitian ","Stormy","Low ",0
"24/03/2022","17:45:00","17:55:00",23,"Drinks ",22,4.8,17,"scooter ",2,"No ","Metropolitian ","Stormy","Medium ",0
"18/02/2022","23:10:00","23:15:00",19,"Buffet ",22,4.9,16,"motorcycle ",0,"No ","Urban ","Sandstorms","Low ",0
"11/02/2022","18:40:00","18:50:00",39,"Drinks ",31,5,6,"motorcycle ",0,"No ","Metropolitian ","Windy","Medium ",1
"17/03/2022","16:40:00","16:45:00",27,"Snack ",32,5,15,"motorcycle ",0,"No ","Metropolitian ","Stormy","Medium ",1
"29/03/2022","17:15:00","17:25:00",30,"Snack ",20,4.9,4,"motorcycle ",0,"No ","Metropolitian ","Windy","Medium ",1
"14/02/2022","21:20:00","21:35:00",47,"Buffet ",30,4.1,11,"scooter ",2,"No ","Metropolitian ","Fog","Jam ",2
"12/03/2022","22:35:00","22:40:00",24,"Buffet ",22,4.6,18,"motorcycle ",0,"No ","Metropolitian ","Fog","Low ",0
"1/03/2022","18:00:00","18:05:00",29,"Drinks ",20,4.9,19,"motorcycle ",0,"No ","Metropolitian ","Stormy","Medium ",1
"18/02/2022","19:50:00","19:55:00",38,"Meal ",25,5,9,"motorcycle ",1,"No ","Metropolitian ","Sandstorms","Jam ",2
"25/03/2022","22:30:00","22:45:00",29,"Buffet ",24,4.6,7,"scooter ",1,"No ","Metropolitian ","Sunny","Low ",0
"31/03/2022","22:55:00","23:05:00",27,"Snack ",35,4.5,6,"electric_scooter ",2,"No ","Urban ","Windy","Low ",0
"27/03/2022","21:50:00","21:55:00",20,"Drinks ",20,4.9,16,"scooter ",1,"No ","Metropolitian ","Windy","Jam ",1
"26/03/2022","20:30:00","20:35:00",23,"Meal ",26,4.6,12,"scooter ",2,"No ","Metropolitian ","Cloudy","Jam ",1
"12/03/2022","22:10:00","22:15:00",16,"Meal ",28,4.8,21,"motorcycle ",0,"No ","Metropolitian ","Sandstorms","Low ",1
"20/03/2022","17:30:00","17:35:00",24,"Meal ",35,4.9,23,"scooter ",1,"No ","Metropolitian ","Sunny","Medium ",1
"1/03/2022","9:45:00","9:50:00",21,"Meal ",26,4.2,4,"motorcycle ",0,"No ","Metropolitian ","Stormy","Low ",1
"6/04/2022","19:25:00","19:40:00",38,"Buffet ",33,5,18,"motorcycle ",0,"No ","Metropolitian ","Windy","Jam ",1
"5/03/2022","11:45:00","12:00:00",30,"Meal ",38,4.8,18,"motorcycle ",1,"No ","Metropolitian ","Stormy","High ",1
"17/02/2022","14:15:00","14:20:00",28,"Buffet ",25,4.8,19,"motorcycle ",0,"No ","Urban ","Stormy","High ",0
"11/03/2022","10:00:00","10:10:00",17,"Meal ",34,4.9,18,"motorcycle ",2,"No ","Metropolitian ","Fog","Low ",1
"18/02/2022","20:55:00","21:00:00",18,"Snack ",26,4.7,22,"scooter ",2,"No ","Urban ","Windy","Jam ",0
"13/03/2022","10:35:00","10:45:00",19,"Meal ",34,4.7,12,"motorcycle ",2,"No ","Metropolitian ","Cloudy","Low ",0
"2/04/2022","21:10:00","21:15:00",44,"Meal ",37,4.5,6,"scooter ",2,"Yes ","Metropolitian ","Sandstorms","Jam ",1
"13/03/2022","19:40:00","19:55:00",18,"Drinks ",27,4.8,23,"scooter ",1,"No ","Metropolitian ","Sandstorms","Jam ",1
"23/03/2022","19:25:00","19:30:00",26,"Buffet ",33,4.7,16,"scooter ",1,"No ","Metropolitian ","Sunny","Jam ",0
"27/03/2022","23:15:00","23:30:00",20,"Snack ",30,4.9,14,"scooter ",2,"No ","Metropolitian ","Windy","Low ",0
"27/03/2022","21:50:00","22:00:00",15,"Drinks ",25,4.6,23,"motorcycle ",1,"No ","Metropolitian ","Stormy","Jam ",0
"17/03/2022","23:40:00","23:55:00",16,"Meal ",26,4.1,11,"motorcycle ",0,"No ","Metropolitian ","Stormy","Low ",0
"26/03/2022","11:50:00","12:00:00",27,"Buffet ",39,4.7,18,"scooter ",1,"No ","Metropolitian ","Stormy","High ",1
"10/03/2022","18:55:00","19:05:00",38,"Meal ",31,4.4,12,"motorcycle ",1,"No ","Metropolitian ","Fog","Medium ",1
"5/03/2022","19:50:00","20:00:00",28,"Buffet ",33,4.7,16,"scooter ",2,"No ","Urban ","Stormy","Jam ",1
"15/02/2022","9:40:00","9:45:00",24,"Buffet ",20,4.5,6,"motorcycle ",0,"No ","Metropolitian ","Fog","Low ",1
"7/03/2022","14:40:00","14:45:00",12,"Meal ",27,4.9,23,"motorcycle ",1,"No ","Urban ","Stormy","High ",0
"23/03/2022","18:30:00","18:45:00",18,"Drinks ",28,4.8,16,"motorcycle ",0,"No ","Urban ","Sunny","Medium ",1
"1/03/2022","13:40:00","13:50:00",23,"Drinks ",35,4.6,14,"scooter ",1,"No ","Metropolitian ","Sunny","High ",1
"14/02/2022","20:55:00","21:00:00",15,"Drinks ",21,4.7,21,"motorcycle ",1,"No ","Urban ","Sunny","Jam ",0
"26/03/2022","23:35:00","23:50:00",19,"Snack ",21,4.8,18,"scooter ",2,"No ","Metropolitian ","Fog","Low ",0
"25/03/2022","17:40:00","17:50:00",40,"Meal ",37,4.7,5,"scooter ",1,"No ","Metropolitian ","Fog","Medium ",1
"29/03/2022","18:10:00","18:15:00",30,"Meal ",25,4.6,3,"motorcycle ",2,"No ","Metropolitian ","Fog","Medium ",1
"17/02/2022","19:00:00","19:15:00",16,"Snack ",38,4.9,8,"scooter ",1,"No ","Metropolitian ","Fog","Medium ",0
"1/04/2022","21:00:00","21:15:00",32,"Drinks ",36,4.3,9,"electric_scooter ",2,"No ","Metropolitian ","Sandstorms","Jam ",0
"2/04/2022","20:40:00","20:50:00",19,"Meal ",20,4.7,22,"scooter ",2,"No ","Metropolitian ","Windy","Jam ",1
"9/03/2022","19:40:00","19:45:00",44,"Drinks ",23,4.3,16,"motorcycle ",0,"No ","Metropolitian ","Sunny","Jam ",0
"29/03/2022","20:55:00","21:05:00",13,"Drinks ",22,4.8,16,"electric_scooter ",2,"No ","Metropolitian ","Sunny","Jam ",0
"19/03/2022","20:35:00","20:45:00",27,"Meal ",34,4.5,3,"electric_scooter ",2,"No ","Urban ","Cloudy","Jam ",0
"3/04/2022","18:00:00","18:10:00",19,"Meal ",39,4.6,18,"motorcycle ",1,"No ","Urban ","Fog","Medium ",1
"7/03/2022","22:25:00","22:30:00",25,"Meal ",39,4.8,14,"motorcycle ",0,"No ","Metropolitian ","Fog","Low ",1
"4/03/2022","18:10:00","18:15:00",30,"Snack ",29,4.8,19,"motorcycle ",0,"No ","Metropolitian ","Stormy","Medium ",0
"5/04/2022","12:15:00","12:20:00",14,"Buffet ",20,4.9,17,"motorcycle ",1,"No ","Metropolitian ","Stormy","High ",0
"6/03/2022","21:35:00","21:50:00",28,"Drinks ",21,4.9,14,"motorcycle ",0,"No ","Metropolitian ","Sandstorms","Jam ",0
"23/03/2022","20:10:00","20:25:00",39,"Buffet ",29,4.4,5,"motorcycle ",0,"No ","Metropolitian ","Stormy","Jam ",1
"18/02/2022","20:30:00","20:35:00",31,"Snack ",37,3.6,14,"scooter ",2,"No ","Metropolitian ","Sandstorms","Jam ",1
"28/03/2022","8:35:00","8:45:00",26,"Drinks ",38,4.9,19,"scooter ",1,"No ","Metropolitian ","Sandstorms","Low ",1
"3/04/2022","10:10:00","10:25:00",21,"Buffet ",29,4.2,21,"motorcycle ",0,"No ","Metropolitian ","Windy","Low ",1
"10/03/2022","18:50:00","18:55:00",36,"Buffet ",34,4.3,4,"scooter ",1,"No ","Urban ","Stormy","Medium ",1
"7/03/2022","17:40:00","17:55:00",32,"Meal ",34,4,4,"scooter ",1,"No ","Urban ","Stormy","Medium ",1
"18/02/2022","17:55:00","18:10:00",42,"Meal ",38,4.7,2,"scooter ",1,"No ","Metropolitian ","Fog","Medium ",2
"11/03/2022","20:55:00","21:10:00",33,"Buffet ",31,4.8,17,"motorcycle ",0,"No ","Metropolitian ","Cloudy","Jam ",2
"15/03/2022","8:20:00","8:25:00",11,"Meal ",23,4.7,14,"motorcycle ",1,"No ","Metropolitian ","Sandstorms","Low ",0
"17/03/2022","23:35:00","23:45:00",22,"Buffet ",35,4.7,15,"motorcycle ",0,"No ","Metropolitian ","Cloudy","Low ",1
"10/03/2022","20:45:00","20:50:00",33,"Meal ",35,4.3,15,"motorcycle ",0,"No ","Metropolitian ","Sunny","Jam ",1
"9/03/2022","23:00:00","23:10:00",18,"Drinks ",32,4.6,18,"electric_scooter ",2,"No ","Urban ","Sandstorms","Low ",1
"25/03/2022","23:55:00","0:00:00",39,"Snack ",38,3.9,13,"motorcycle ",2,"No ","Metropolitian ","Fog","Low ",1
"15/02/2022","21:40:00","21:45:00",19,"Snack ",26,4.5,5,"scooter ",1,"No ","Urban ","Windy","Jam ",1
"13/02/2022","11:40:00","11:45:00",23,"Meal ",24,4.8,23,"motorcycle ",0,"No ","Urban ","Cloudy","High ",1
"6/03/2022","19:25:00","19:35:00",38,"Meal ",39,4.8,15,"motorcycle ",0,"No ","Metropolitian ","Stormy","Jam ",1
"4/04/2022","21:10:00","21:15:00",34,"Snack ",28,4.6,9,"motorcycle ",0,"No ","Metropolitian ","Sandstorms","Jam ",1
"27/03/2022","19:00:00","19:05:00",28,"Meal ",27,4.7,21,"motorcycle ",0,"No ","Metropolitian ","Stormy","Medium ",1
"1/03/2022","8:40:00","8:50:00",15,"Drinks ",27,4.9,22,"scooter ",2,"No ","Urban ","Windy","Low ",1
"3/03/2022","11:15:00","11:20:00",27,"Meal ",38,4.5,13,"motorcycle ",1,"No ","Metropolitian ","Stormy","High ",0
"23/03/2022","22:15:00","22:30:00",24,"Snack ",25,4.9,22,"motorcycle ",0,"No ","Urban ","Cloudy","Low ",0
"27/03/2022","19:40:00","19:50:00",49,"Buffet ",35,4.6,22,"motorcycle ",0,"No ","Urban ","Cloudy","Jam ",0
"6/04/2022","18:55:00","19:00:00",13,"Meal ",28,4.5,5,"motorcycle ",2,"No ","Metropolitian ","Sunny","Medium ",0
"12/02/2022","20:45:00","21:00:00",22,"Snack ",24,4.9,16,"scooter ",2,"No ","Urban ","Sunny","Jam ",1
"25/03/2022","17:45:00","17:55:00",27,"Drinks ",33,4.8,17,"scooter ",2,"No ","Metropolitian ","Sandstorms","Medium ",1
"17/03/2022","8:50:00","8:55:00",31,"Meal ",38,4.3,3,"motorcycle ",0,"No ","Urban ","Sandstorms","Low ",1
"8/03/2022","18:15:00","18:30:00",35,"Drinks ",38,4.1,3,"scooter ",2,"No ","Metropolitian ","Fog","Medium ",1
"13/02/2022","12:55:00","13:00:00",48,"Drinks ",23,4.1,1,"motorcycle ",0,"No ","Semi-Urban ","Sunny","High ",0
"16/03/2022","21:25:00","21:35:00",16,"Drinks ",27,4.7,21,"motorcycle ",2,"No ","Urban ","Windy","Jam ",1
"5/04/2022","23:55:00","0:00:00",21,"Buffet ",31,4.8,18,"motorcycle ",0,"No ","Metropolitian ","Cloudy","Low ",1
"16/02/2022","0:00:00","0:10:00",27,"Meal ",21,4.8,2,"motorcycle ",2,"No ","Metropolitian ","Sunny","Low ",0
"3/04/2022","9:15:00","9:30:00",16,"Drinks ",35,4.6,21,"electric_scooter ",2,"No ","Urban ","Cloudy","Low ",0
"11/02/2022","9:25:00","9:30:00",13,"Drinks ",32,5,19,"motorcycle ",1,"No ","Urban ","Sunny","Low ",0
"4/04/2022","23:25:00","23:30:00",25,"Buffet ",37,4.9,18,"electric_scooter ",2,"No ","Metropolitian ","Sunny","Low ",1
"20/03/2022","19:30:00","19:45:00",28,"Meal ",25,4.9,21,"electric_scooter ",2,"No ","Metropolitian ","Sandstorms","Jam ",1
"28/03/2022","21:30:00","21:40:00",27,"Meal ",32,4.6,21,"scooter ",1,"No ","Urban ","Windy","Jam ",1
"7/03/2022","18:45:00","18:55:00",28,"Drinks ",28,4.7,17,"motorcycle ",0,"No ","Urban ","Stormy","Medium ",1
"13/03/2022","18:55:00","19:00:00",13,"Meal ",20,4.8,9,"motorcycle ",1,"No ","Metropolitian ","Cloudy","Medium ",1
"24/03/2022","14:35:00","14:40:00",28,"Buffet ",29,4.6,23,"motorcycle ",2,"No ","Metropolitian ","Fog","High ",1
"6/03/2022","19:55:00","20:10:00",16,"Drinks ",30,4.7,21,"motorcycle ",1,"No ","Metropolitian ","Sunny","Jam ",0
"29/03/2022","21:55:00","22:05:00",51,"Drinks ",32,4.9,4,"motorcycle ",0,"Yes ","Metropolitian ","Fog","Jam ",0
"25/03/2022","19:45:00","20:00:00",29,"Snack ",21,4.9,2,"motorcycle ",0,"No ","Metropolitian ","Sandstorms","Jam ",1
"10/03/2022","21:00:00","21:05:00",35,"Drinks ",31,4.2,5,"scooter ",1,"No ","Urban ","Cloudy","Jam ",1
"9/03/2022","23:35:00","23:40:00",14,"Drinks ",29,4.5,3,"electric_scooter ",2,"No ","Urban ","Sandstorms","Low ",0
"5/03/2022","21:20:00","21:35:00",15,"Snack ",38,4.8,17,"electric_scooter ",2,"No ","Metropolitian ","Sunny","Jam ",1
"16/03/2022","23:40:00","23:50:00",23,"Meal ",30,4.8,13,"scooter ",1,"No ","Metropolitian ","Sandstorms","Low ",1
"3/04/2022","23:00:00","23:10:00",24,"Buffet ",30,4.7,23,"scooter ",2,"No ","Metropolitian ","Stormy","Low ",0
"15/03/2022","10:55:00","11:10:00",14,"Buffet ",22,4.8,13,"motorcycle ",1,"No ","Metropolitian ","Windy","Low ",0
"3/04/2022","14:45:00","14:55:00",12,"Buffet ",28,4.8,23,"scooter ",2,"No ","Metropolitian ","Sunny","High ",0
"14/02/2022","19:30:00","19:45:00",31,"Meal ",21,4.6,6,"motorcycle ",1,"No ","Metropolitian ","Stormy","Jam ",1
"16/03/2022","20:40:00","20:45:00",16,"Buffet ",26,4.7,13,"motorcycle ",1,"No ","Metropolitian ","Stormy","Jam ",1
"7/03/2022","17:20:00","17:30:00",10,"Meal ",25,4.8,18,"motorcycle ",1,"No ","Urban ","Stormy","Medium ",0
"17/02/2022","21:30:00","21:40:00",32,"Drinks ",37,4.2,8,"motorcycle ",0,"No ","Metropolitian ","Fog","Jam ",1
"18/03/2022","18:25:00","18:40:00",39,"Meal ",39,4.2,12,"motorcycle ",0,"No ","Metropolitian ","Sandstorms","Medium ",1
"13/02/2022","10:45:00","10:55:00",27,"Meal ",31,5,8,"scooter ",2,"No ","Metropolitian ","Stormy","Low ",1
"4/04/2022","18:35:00","18:45:00",22,"Meal ",34,4.8,21,"scooter ",1,"No ","Metropolitian ","Windy","Medium ",0
"31/03/2022","20:30:00","20:40:00",41,"Drinks ",30,4.7,13,"motorcycle ",1,"No ","Metropolitian ","Fog","Jam ",0
"21/03/2022","19:30:00","19:40:00",29,"Meal ",28,4.6,7,"electric_scooter ",2,"No ","Metropolitian ","Fog","Jam ",0
"11/02/2022","17:45:00","17:50:00",29,"Meal ",25,4.8,2,"scooter ",1,"No ","Metropolitian ","Stormy","Medium ",0
"4/03/2022","17:45:00","17:55:00",39,"Meal ",36,4.7,21,"scooter ",1,"No ","Urban ","Cloudy","Medium ",1
"8/03/2022","22:25:00","22:30:00",25,"Drinks ",25,4.7,16,"scooter ",2,"No ","Metropolitian ","Fog","Low ",1
"2/04/2022","19:45:00","19:50:00",33,"Drinks ",35,3.5,3,"motorcycle ",1,"No ","Metropolitian ","Windy","Jam ",0
"10/03/2022","21:45:00","21:55:00",36,"Buffet ",36,5,9,"motorcycle ",0,"No ","Metropolitian ","Sunny","Jam ",1
"2/03/2022","23:55:00","0:00:00",23,"Snack ",23,4.9,15,"motorcycle ",0,"No ","Urban ","Sunny","Low ",0
"12/02/2022","23:45:00","23:50:00",25,"Snack ",33,4.7,21,"motorcycle ",0,"No ","Urban ","Windy","Low ",1
"1/04/2022","17:40:00","17:55:00",27,"Snack ",35,4.7,22,"motorcycle ",0,"No ","Urban ","Windy","Medium ",0
"11/03/2022","8:25:00","8:30:00",15,"Buffet ",31,4.8,18,"electric_scooter ",2,"No ","Urban ","Sunny","Low ",1
"12/03/2022","18:40:00","18:55:00",17,"Snack ",37,4.5,22,"electric_scooter ",2,"No ","Metropolitian ","Sunny","Medium ",1
"31/03/2022","19:15:00","19:30:00",35,"Snack ",39,4.3,1,"motorcycle ",0,"No ","Metropolitian ","Windy","Jam ",1
"15/03/2022","9:30:00","9:40:00",22,"Buffet ",21,4.4,9,"motorcycle ",0,"No ","Metropolitian ","Stormy","Low ",0
"10/03/2022","20:55:00","21:05:00",27,"Meal ",28,4.6,21,"scooter ",2,"No ","Metropolitian ","Windy","Jam ",0
"5/04/2022","19:15:00","19:20:00",23,"Drinks ",26,4.8,19,"motorcycle ",0,"No ","Urban ","Fog","Jam ",1
"12/02/2022","18:30:00","18:40:00",11,"Buffet ",24,4.9,6,"scooter ",2,"No ","Metropolitian ","Sunny","Medium ",0
"1/04/2022","9:55:00","10:10:00",13,"Snack ",27,4.8,21,"motorcycle ",2,"No ","Metropolitian ","Fog","Low ",1
"31/03/2022","23:00:00","23:15:00",15,"Drinks ",32,5,16,"motorcycle ",2,"No ","Metropolitian ","Sandstorms","Low ",1
"12/03/2022","23:45:00","23:50:00",31,"Meal ",31,3.4,3,"motorcycle ",0,"No ","Urban ","Sunny","Low ",1
"12/02/2022","23:45:00","23:55:00",29,"Drinks ",30,4.5,2,"motorcycle ",1,"No ","Metropolitian ","Stormy","Low ",1
"23/03/2022","17:10:00","17:15:00",35,"Snack ",22,4.1,7,"electric_scooter ",2,"No ","Metropolitian ","Cloudy","Medium ",1
"29/03/2022","22:25:00","22:30:00",21,"Snack ",30,5,18,"motorcycle ",0,"No ","Metropolitian ","Windy","Low ",1
"2/03/2022","18:15:00","18:30:00",23,"Snack ",22,4.6,23,"motorcycle ",0,"No ","Urban ","Stormy","Medium ",1
"1/04/2022","11:15:00","11:25:00",11,"Buffet ",29,4.8,19,"motorcycle ",1,"No ","Metropolitian ","Stormy","High ",1
"12/02/2022","18:15:00","18:20:00",37,"Snack ",29,4,2,"scooter ",1,"No ","Urban ","Fog","Medium ",0
"2/03/2022","17:55:00","18:05:00",11,"Meal ",25,4.7,22,"motorcycle ",2,"No ","Metropolitian ","Sunny","Medium ",1
"5/04/2022","8:55:00","9:10:00",10,"Drinks ",39,4.8,16,"electric_scooter ",2,"No ","Urban ","Sunny","Low ",0
"2/03/2022","23:20:00","23:30:00",22,"Snack ",24,5,22,"motorcycle ",0,"No ","Metropolitian ","Stormy","Low ",1
"5/04/2022","23:50:00","0:00:00",21,"Buffet ",31,4.8,15,"electric_scooter ",2,"No ","Metropolitian ","Stormy","Low ",1
"28/03/2022","9:10:00","9:20:00",26,"Drinks ",37,4.6,23,"motorcycle ",2,"No ","Metropolitian ","Sandstorms","Low ",1
"21/03/2022","18:45:00","19:00:00",10,"Meal ",29,4.9,15,"motorcycle ",2,"No ","Metropolitian ","Cloudy","Medium ",0
"13/03/2022","18:50:00","19:05:00",29,"Buffet ",22,4.6,15,"scooter ",1,"No ","Metropolitian ","Sandstorms","Medium ",1
"25/03/2022","23:50:00","0:00:00",29,"Drinks ",23,4.9,23,"motorcycle ",1,"No ","Urban ","Sunny","Low ",1
"18/03/2022","23:20:00","23:35:00",25,"Buffet ",35,5,1,"motorcycle ",0,"No ","Metropolitian ","Stormy","Low ",1
"2/04/2022","20:25:00","20:35:00",23,"Meal ",28,4.6,21,"scooter ",2,"No ","Metropolitian ","Sunny","Jam ",1
"5/03/2022","23:50:00","23:55:00",27,"Snack ",30,4.9,18,"motorcycle ",0,"No ","Urban ","Stormy","Low ",1
"4/04/2022","22:55:00","23:10:00",28,"Buffet ",26,4.9,18,"scooter ",1,"No ","Metropolitian ","Fog","Low ",0
"14/03/2022","17:40:00","17:45:00",26,"Drinks ",33,4.5,21,"scooter ",2,"No ","Metropolitian ","Sunny","Medium ",1
"1/03/2022","20:50:00","21:05:00",13,"Buffet ",28,5,9,"electric_scooter ",2,"No ","Metropolitian ","Windy","Jam ",0
"3/03/2022","19:35:00","19:40:00",21,"Snack ",30,4.6,16,"motorcycle ",1,"No ","Metropolitian ","Sunny","Jam ",1
"26/03/2022","21:35:00","21:40:00",43,"Snack ",32,4.3,3,"motorcycle ",0,"Yes ","Metropolitian ","Windy","Jam ",1
"25/03/2022","21:55:00","22:05:00",43,"Snack ",29,5,9,"scooter ",1,"No ","Metropolitian ","Cloudy","Jam ",1
"9/03/2022","21:10:00","21:20:00",23,"Snack ",25,4.8,18,"motorcycle ",2,"No ","Urban ","Fog","Jam ",1
"5/04/2022","23:50:00","0:05:00",19,"Drinks ",31,4.6,19,"electric_scooter ",2,"No ","Metropolitian ","Cloudy","Low ",0
"24/03/2022","8:40:00","8:45:00",24,"Snack ",32,4.3,23,"motorcycle ",0,"No ","Metropolitian ","Stormy","Low ",1
"4/04/2022","21:15:00","21:25:00",30,"Snack ",38,4.9,4,"scooter ",2,"No ","Metropolitian ","Stormy","Jam ",1
"15/03/2022","12:15:00","12:20:00",33,"Buffet ",27,4.1,9,"scooter ",2,"No ","Metropolitian ","Fog","High ",1
"15/02/2022","21:45:00","21:50:00",11,"Buffet ",22,4.5,6,"scooter ",2,"No ","Metropolitian ","Sunny","Jam ",1
"24/03/2022","22:20:00","22:25:00",17,"Drinks ",20,4.2,18,"motorcycle ",0,"No ","Metropolitian ","Sandstorms","Low ",1
"26/03/2022","20:50:00","21:00:00",30,"Drinks ",31,4.7,5,"electric_scooter ",2,"No ","Metropolitian ","Sandstorms","Jam ",1
"30/03/2022","16:25:00","16:35:00",34,"Meal ",39,4.7,11,"motorcycle ",1,"No ","Metropolitian ","Sandstorms","Medium ",0
"6/03/2022","21:50:00","21:55:00",17,"Drinks ",21,5,23,"motorcycle ",2,"No ","Urban ","Stormy","Jam ",0
"6/03/2022","17:40:00","17:55:00",26,"Drinks ",28,4.9,21,"scooter ",1,"No ","Metropolitian ","Windy","Medium ",1
"21/03/2022","8:15:00","8:30:00",18,"Buffet ",33,4.7,13,"motorcycle ",1,"No ","Metropolitian ","Cloudy","Low ",0
"15/02/2022","21:10:00","21:25:00",21,"Snack ",33,4.6,7,"scooter ",1,"No ","Metropolitian ","Sunny","Jam ",0
"3/04/2022","20:35:00","20:50:00",43,"Meal ",30,4.2,2,"motorcycle ",0,"No ","Metropolitian ","Stormy","Jam ",1
"28/03/2022","20:40:00","20:50:00",29,"Drinks ",39,4.6,4,"motorcycle ",1,"No ","Metropolitian ","Stormy","Jam ",1
"8/03/2022","23:30:00","23:35:00",24,"Meal ",24,5,21,"motorcycle ",0,"No ","Metropolitian ","Sunny","Low ",1
"20/03/2022","18:50:00","19:00:00",20,"Meal ",37,4.8,15,"motorcycle ",2,"No ","Metropolitian ","Sandstorms","Medium ",1
"15/03/2022","22:25:00","22:40:00",17,"Drinks ",27,4.6,15,"scooter ",2,"No ","Urban ","Fog","Low ",1
"14/02/2022","20:40:00","20:45:00",47,"Meal ",24,4.7,9,"motorcycle ",0,"No ","Metropolitian ","Stormy","Jam ",0
"14/03/2022","18:25:00","18:30:00",49,"Drinks ",39,4.7,13,"motorcycle ",0,"No ","Metropolitian ","Sandstorms","Medium ",2
"16/03/2022","20:30:00","20:45:00",51,"Buffet ",34,4.4,23,"motorcycle ",0,"No ","Metropolitian ","Stormy","Jam ",1
"26/03/2022","20:15:00","20:30:00",17,"Drinks ",24,4.7,21,"motorcycle ",0,"No ","Urban ","Sandstorms","Jam ",0
"14/03/2022","20:10:00","20:15:00",44,"Drinks ",31,3.8,7,"motorcycle ",1,"No ","Metropolitian ","Sandstorms","Jam ",1
"19/03/2022","22:30:00","22:35:00",18,"Meal ",26,5,11,"scooter ",1,"No ","Metropolitian ","Stormy","Low ",1
"18/02/2022","18:40:00","18:45:00",34,"Snack ",32,3.8,18,"motorcycle ",1,"No ","Metropolitian ","Fog","Medium ",1
"17/02/2022","19:20:00","19:25:00",10,"Buffet ",23,4.9,3,"electric_scooter ",2,"No ","Metropolitian ","Fog","Jam ",0
"5/04/2022","9:15:00","9:30:00",13,"Drinks ",23,5,23,"motorcycle ",0,"No ","Urban ","Sunny","Low ",1
"12/03/2022","18:00:00","18:10:00",24,"Meal ",34,5,21,"motorcycle ",1,"No ","Metropolitian ","Stormy","Medium ",0
"2/04/2022","21:25:00","21:40:00",28,"Snack ",29,4.9,23,"motorcycle ",1,"No ","Metropolitian ","Stormy","Jam ",1
"28/03/2022","13:30:00","13:35:00",27,"Meal ",37,4.6,18,"motorcycle ",0,"No ","Metropolitian ","Fog","High ",1
"5/03/2022","22:35:00","22:40:00",22,"Drinks ",36,4.1,3,"motorcycle ",0,"No ","Urban ","Sandstorms","Low ",1
"10/03/2022","17:15:00","17:30:00",12,"Meal ",22,5,13,"scooter ",1,"No ","Metropolitian ","Sunny","Medium ",0
"9/03/2022","20:40:00","20:55:00",35,"Snack ",32,5,17,"motorcycle ",2,"No ","Metropolitian ","Cloudy","Jam ",1
"3/03/2022","22:40:00","22:55:00",20,"Buffet ",26,4.7,16,"scooter ",2,"No ","Urban ","Sunny","Low ",1
"11/02/2022","19:10:00","19:15:00",26,"Buffet ",23,4.9,3,"scooter ",1,"No ","Metropolitian ","Stormy","Jam ",0
"3/04/2022","9:20:00","9:25:00",15,"Meal ",29,4.5,18,"motorcycle ",1,"No ","Urban ","Sandstorms","Low ",0
"15/03/2022","23:40:00","23:55:00",10,"Drinks ",28,4.6,23,"motorcycle ",1,"No ","Urban ","Cloudy","Low ",1
"9/03/2022","14:10:00","14:15:00",33,"Buffet ",36,4.8,13,"scooter ",1,"No ","Metropolitian ","Windy","High ",1
"17/03/2022","23:45:00","23:50:00",16,"Drinks ",26,4.6,5,"motorcycle ",0,"No ","Metropolitian ","Cloudy","Low ",0
"2/04/2022","20:10:00","20:15:00",29,"Drinks ",32,5,22,"scooter ",1,"No ","Urban ","Sandstorms","Jam ",1
"1/03/2022","18:40:00","18:50:00",19,"Buffet ",31,4.5,6,"electric_scooter ",2,"No ","Metropolitian ","Fog","Medium ",1
"30/03/2022","11:55:00","12:00:00",12,"Snack ",20,4.7,6,"motorcycle ",2,"No ","Urban ","Sunny","High ",0
"4/04/2022","22:25:00","22:30:00",21,"Snack ",32,4.6,18,"motorcycle ",1,"No ","Metropolitian ","Windy","Low ",1
"15/02/2022","15:30:00","15:35:00",31,"Meal ",34,4.2,4,"scooter ",2,"No ","Metropolitian ","Sandstorms","Medium ",0
"1/03/2022","12:20:00","12:30:00",15,"Snack ",22,4.8,19,"scooter ",2,"No ","Metropolitian ","Stormy","High ",0
"12/03/2022","22:00:00","22:05:00",48,"Snack ",30,4.6,15,"motorcycle ",1,"No ","Metropolitian ","Cloudy","Jam ",2
"11/02/2022","23:10:00","23:20:00",26,"Meal ",31,5,4,"motorcycle ",2,"No ","Metropolitian ","Stormy","Low ",1
"17/02/2022","19:40:00","19:45:00",23,"Drinks ",25,4.8,4,"electric_scooter ",2,"No ","Metropolitian ","Fog","Jam ",1
"20/03/2022","18:55:00","19:00:00",26,"Snack ",27,4.9,22,"scooter ",2,"No ","Metropolitian ","Cloudy","Medium ",0
"10/03/2022","22:25:00","22:35:00",28,"Meal ",21,4.8,17,"scooter ",2,"No ","Metropolitian ","Cloudy","Low ",1
"27/03/2022","21:10:00","21:20:00",28,"Snack ",31,4.7,14,"electric_scooter ",2,"No ","Metropolitian ","Sunny","Jam ",1
"30/03/2022","19:55:00","20:10:00",22,"Buffet ",29,4.9,15,"motorcycle ",1,"No ","Metropolitian ","Cloudy","Jam ",1
"7/03/2022","22:35:00","22:45:00",19,"Snack ",24,4.6,17,"motorcycle ",0,"No ","Metropolitian ","Sunny","Low ",1
"2/03/2022","19:30:00","19:35:00",42,"Snack ",31,4.9,21,"motorcycle ",0,"No ","Metropolitian ","Stormy","Jam ",1
"14/02/2022","18:30:00","18:35:00",24,"Drinks ",22,4.8,5,"motorcycle ",0,"No ","Metropolitian ","Sunny","Medium ",1
"27/03/2022","23:15:00","23:20:00",24,"Buffet ",36,4.9,13,"electric_scooter ",2,"No ","Metropolitian ","Sandstorms","Low ",0
"9/03/2022","22:40:00","22:45:00",30,"Snack ",36,4.5,3,"motorcycle ",0,"No ","Urban ","Stormy","Low ",1
"12/02/2022","23:25:00","23:30:00",27,"Drinks ",38,4.9,3,"motorcycle ",0,"No ","Metropolitian ","Sunny","Low ",0
"8/03/2022","18:40:00","18:50:00",41,"Snack ",26,4.8,23,"motorcycle ",0,"Yes ","Metropolitian ","Cloudy","Medium ",0
"16/03/2022","21:35:00","21:45:00",35,"Drinks ",31,3.5,1,"motorcycle ",1,"No ","Metropolitian ","Windy","Jam ",1
"14/03/2022","22:20:00","22:30:00",40,"Meal ",22,3.1,11,"scooter ",1,"No ","Metropolitian ","Sunny","Low ",1
"5/04/2022","8:40:00","8:45:00",27,"Snack ",33,4.3,1,"motorcycle ",0,"No ","Metropolitian ","Windy","Low ",0
"18/02/2022","21:40:00","21:50:00",18,"Buffet ",24,5,9,"scooter ",1,"No ","Metropolitian ","Sandstorms","Jam ",0
"30/03/2022","20:00:00","20:05:00",24,"Snack ",28,4.8,9,"motorcycle ",0,"No ","Metropolitian ","Windy","Jam ",1
"12/03/2022","20:00:00","20:05:00",54,"Snack ",36,4.9,12,"motorcycle ",0,"No ","Metropolitian ","Cloudy","Jam ",0
"6/03/2022","22:40:00","22:55:00",26,"Snack ",21,4.8,16,"electric_scooter ",2,"No ","Metropolitian ","Sunny","Low ",1
"3/04/2022","19:15:00","19:30:00",28,"Buffet ",39,4.5,23,"scooter ",1,"No ","Metropolitian ","Cloudy","Jam ",1
"13/02/2022","9:25:00","9:35:00",25,"Buffet ",38,5,16,"motorcycle ",1,"No ","Urban ","Sandstorms","Low ",1
"6/03/2022","22:45:00","22:50:00",17,"Buffet ",27,4.9,9,"motorcycle ",1,"No ","Metropolitian ","Windy","Low ",1
"5/03/2022","21:00:00","21:05:00",23,"Drinks ",24,4.8,18,"scooter ",2,"No ","Metropolitian ","Windy","Jam ",0
"19/03/2022","22:10:00","22:25:00",11,"Snack ",26,4.7,18,"scooter ",2,"No ","Urban ","Cloudy","Low ",0
"14/03/2022","22:10:00","22:15:00",38,"Meal ",25,3.2,3,"scooter ",2,"No ","Metropolitian ","Sunny","Low ",1
"2/03/2022","23:40:00","23:55:00",40,"Drinks ",36,4.8,16,"motorcycle ",0,"No ","Urban ","Cloudy","Low ",2
"25/03/2022","0:00:00","0:10:00",26,"Meal ",30,4.6,15,"scooter ",2,"No ","Metropolitian ","Windy","Low ",1
"6/04/2022","20:55:00","21:00:00",38,"Meal ",24,4,3,"motorcycle ",2,"No ","Metropolitian ","Fog","Jam ",2
"18/03/2022","23:40:00","23:50:00",21,"Meal ",31,4.9,2,"scooter ",1,"No ","Metropolitian ","Sandstorms","Low ",1
"19/03/2022","12:45:00","12:55:00",34,"Drinks ",24,4.7,17,"motorcycle ",1,"No ","Metropolitian ","Cloudy","High ",1
"28/03/2022","11:20:00","11:35:00",48,"Meal ",36,4.4,13,"motorcycle ",0,"No ","Metropolitian ","Sandstorms","High ",1
"17/03/2022","21:55:00","22:10:00",32,"Drinks ",30,4.2,19,"scooter ",2,"No ","Metropolitian ","Stormy","Jam ",0
"4/03/2022","18:50:00","19:05:00",19,"Buffet ",23,4.9,19,"motorcycle ",1,"No ","Metropolitian ","Sunny","Medium ",1
"15/03/2022","9:55:00","10:00:00",23,"Snack ",34,4.5,5,"scooter ",1,"No ","Urban ","Stormy","Low ",1
"20/03/2022","18:55:00","19:00:00",26,"Snack ",27,4.9,22,"scooter ",2,"No ","Metropolitian ","Cloudy","Medium ",0
"11/03/2022","21:35:00","21:50:00",19,"Meal ",25,4.6,14,"scooter ",2,"No ","Metropolitian ","Sunny","Jam ",0
"27/03/2022","22:30:00","22:40:00",25,"Meal ",30,4.8,14,"motorcycle ",1,"No ","Metropolitian ","Windy","Low ",1
"1/03/2022","19:50:00","20:05:00",10,"Snack ",21,4.8,15,"scooter ",2,"No ","Urban ","Sandstorms","Jam ",0
"19/03/2022","23:00:00","23:15:00",20,"Meal ",39,4.7,22,"scooter ",2,"No ","Urban ","Stormy","Low ",1
"17/02/2022","11:15:00","11:20:00",16,"Snack ",28,4.8,8,"scooter ",2,"No ","Metropolitian ","Fog","High ",1
"21/03/2022","14:10:00","14:15:00",33,"Buffet ",26,4.7,8,"motorcycle ",1,"No ","Metropolitian ","Fog","High ",1
"27/03/2022","23:45:00","0:00:00",27,"Meal ",32,4.8,19,"scooter ",1,"No ","Urban ","Sandstorms","Low ",1
"13/02/2022","16:50:00","16:55:00",29,"Snack ",37,4.9,7,"motorcycle ",0,"No ","Metropolitian ","Stormy","Medium ",1
"2/04/2022","18:40:00","18:45:00",28,"Meal ",28,4.8,23,"motorcycle ",1,"No ","Metropolitian ","Sandstorms","Medium ",1
"11/02/2022","20:45:00","20:50:00",22,"Meal ",30,4.8,3,"motorcycle ",0,"No ","Metropolitian ","Sunny","Jam ",0
"13/02/2022","13:00:00","13:10:00",25,"Buffet ",32,4.5,6,"scooter ",2,"No ","Metropolitian ","Stormy","High ",1
"29/03/2022","23:00:00","23:10:00",22,"Meal ",23,4.8,16,"motorcycle ",0,"No ","Metropolitian ","Sandstorms","Low ",0
"29/03/2022","20:20:00","20:30:00",34,"Meal ",24,4.6,3,"motorcycle ",0,"No ","Urban ","Windy","Jam ",1
"18/03/2022","21:15:00","21:20:00",15,"Buffet ",27,5,3,"scooter ",1,"No ","Metropolitian ","Sunny","Jam ",1
"4/03/2022","20:40:00","20:50:00",44,"Snack ",38,4.5,22,"motorcycle ",2,"No ","Metropolitian ","Sandstorms","Jam ",1
"6/03/2022","17:20:00","17:35:00",32,"Snack ",37,4.6,18,"motorcycle ",0,"No ","Urban ","Stormy","Medium ",1
"26/03/2022","21:35:00","21:45:00",26,"Buffet ",21,4.9,12,"motorcycle ",0,"No ","Metropolitian ","Fog","Jam ",1
"3/04/2022","11:10:00","11:15:00",32,"Buffet ",21,4.2,18,"motorcycle ",0,"No ","Urban ","Stormy","High ",1
"12/03/2022","23:10:00","23:20:00",31,"Buffet ",39,3,4,"motorcycle ",0,"No ","Metropolitian ","Sunny","Low ",1
"14/02/2022","17:10:00","17:20:00",20,"Buffet ",22,4.6,8,"scooter ",2,"No ","Metropolitian ","Windy","Medium ",1
"11/03/2022","12:15:00","12:25:00",30,"Meal ",34,4.9,17,"motorcycle ",1,"No ","Metropolitian ","Stormy","High ",1
"1/03/2022","17:35:00","17:50:00",14,"Buffet ",28,4.8,15,"scooter ",2,"No ","Urban ","Cloudy","Medium ",0
"16/03/2022","17:15:00","17:25:00",21,"Snack ",36,4.7,21,"electric_scooter ",2,"No ","Metropolitian ","Sandstorms","Medium ",1
"16/03/2022","18:40:00","18:55:00",22,"Drinks ",25,4.6,16,"motorcycle ",0,"No ","Metropolitian ","Stormy","Medium ",1
"4/03/2022","22:10:00","22:20:00",21,"Buffet ",37,4.7,14,"motorcycle ",1,"No ","Metropolitian ","Stormy","Low ",1
"19/03/2022","23:30:00","23:35:00",21,"Snack ",35,4.8,15,"scooter ",2,"No ","Metropolitian ","Sandstorms","Low ",0
"2/03/2022","22:45:00","23:00:00",15,"Buffet ",24,4.7,23,"scooter ",2,"No ","Metropolitian ","Sandstorms","Low ",0
"12/02/2022","22:40:00","22:55:00",41,"Meal ",32,4,14,"motorcycle ",0,"No ","Metropolitian ","Stormy","Low ",2
"24/03/2022","8:45:00","8:50:00",27,"Buffet ",35,4.8,17,"motorcycle ",0,"No ","Metropolitian ","Cloudy","Low ",1
"4/03/2022","22:50:00","23:05:00",15,"Meal ",21,4.7,23,"scooter ",2,"No ","Metropolitian ","Sandstorms","Low ",0
"15/03/2022","21:50:00","22:05:00",14,"Drinks ",27,4.7,16,"motorcycle ",2,"No ","Urban ","Windy","Jam ",1
"28/03/2022","10:35:00","10:50:00",15,"Buffet ",23,4.9,15,"electric_scooter ",2,"No ","Metropolitian ","Sandstorms","Low ",0
"11/03/2022","8:10:00","8:20:00",21,"Snack ",30,4.3,2,"motorcycle ",0,"No ","Urban ","Sandstorms","Low ",1
"10/03/2022","17:40:00","17:45:00",35,"Meal ",30,4.1,9,"scooter ",2,"No ","Metropolitian ","Fog","Medium ",0
"1/04/2022","16:55:00","17:10:00",18,"Drinks ",20,4.7,3,"electric_scooter ",2,"No ","Urban ","Cloudy","Medium ",0
"15/03/2022","22:25:00","22:40:00",17,"Drinks ",27,4.6,15,"scooter ",2,"No ","Urban ","Fog","Low ",1
"30/03/2022","11:50:00","12:00:00",26,"Snack ",38,4.6,9,"scooter ",2,"No ","Metropolitian ","Stormy","High ",1
"6/03/2022","21:35:00","21:40:00",41,"Snack ",37,4.4,22,"scooter ",2,"No ","Metropolitian ","Stormy","Jam ",1
"7/03/2022","19:45:00","19:50:00",25,"Snack ",39,4.8,21,"motorcycle ",0,"No ","Metropolitian ","Sunny","Jam ",0
"17/03/2022","9:20:00","9:35:00",20,"Buffet ",30,4.8,22,"motorcycle ",1,"No ","Urban ","Windy","Low ",0
"20/03/2022","21:25:00","21:40:00",19,"Snack ",33,4.8,14,"motorcycle ",2,"No ","Metropolitian ","Sunny","Jam ",0
"12/02/2022","22:55:00","23:00:00",27,"Snack ",34,4.7,5,"motorcycle ",0,"No ","Metropolitian ","Sunny","Low ",0
"12/03/2022","20:55:00","21:00:00",25,"Buffet ",22,4.5,21,"motorcycle ",0,"No ","Metropolitian ","Sunny","Jam ",1
"4/04/2022","20:00:00","20:10:00",20,"Snack ",22,4.8,18,"motorcycle ",0,"No ","Metropolitian ","Sunny","Jam ",0
"4/03/2022","20:25:00","20:30:00",54,"Snack ",32,4.3,6,"motorcycle ",0,"No ","Semi-Urban ","Sandstorms","Jam ",0
"23/03/2022","22:45:00","23:00:00",12,"Buffet ",23,5,15,"electric_scooter ",2,"No ","Urban ","Windy","Low ",0
"11/03/2022","21:15:00","21:30:00",21,"Snack ",24,5,15,"electric_scooter ",2,"No ","Metropolitian ","Sandstorms","Jam ",0
"25/03/2022","21:25:00","21:35:00",51,"Meal ",31,4.5,2,"motorcycle ",0,"No ","Metropolitian ","Fog","Jam ",1
"31/03/2022","20:45:00","20:55:00",43,"Snack ",32,4.8,5,"motorcycle ",0,"No ","Metropolitian ","Sandstorms","Jam ",1
"9/03/2022","19:10:00","19:20:00",33,"Drinks ",36,4.4,13,"scooter ",2,"No ","Metropolitian ","Stormy","Jam ",1
"5/04/2022","11:40:00","11:45:00",16,"Buffet ",24,4.9,19,"motorcycle ",2,"No ","Metropolitian ","Sunny","High ",0
"29/03/2022","18:00:00","18:15:00",36,"Snack ",23,4.7,11,"scooter ",1,"No ","Metropolitian ","Fog","Medium ",0
"23/03/2022","21:00:00","21:10:00",26,"Drinks ",36,4.6,18,"scooter ",1,"No ","Metropolitian ","Windy","Jam ",1
"26/03/2022","23:50:00","0:05:00",23,"Snack ",31,4.9,23,"scooter ",1,"No ","Metropolitian ","Windy","Low ",1
"25/03/2022","22:20:00","22:30:00",27,"Buffet ",31,4.6,23,"scooter ",1,"No ","Urban ","Sunny","Low ",0
"5/03/2022","16:40:00","16:50:00",15,"Snack ",21,5,17,"motorcycle ",0,"No ","Urban ","Stormy","Medium ",0
"24/03/2022","23:20:00","23:25:00",21,"Snack ",37,4.8,23,"scooter ",1,"No ","Metropolitian ","Windy","Low ",0
"1/04/2022","16:55:00","17:00:00",23,"Meal ",21,4.7,18,"motorcycle ",0,"No ","Metropolitian ","Windy","Medium ",1
"17/03/2022","15:15:00","15:25:00",27,"Drinks ",30,4.7,22,"motorcycle ",1,"No ","Metropolitian ","Windy","Medium ",1
"15/02/2022","20:45:00","20:55:00",28,"Snack ",28,4.7,7,"motorcycle ",0,"No ","Metropolitian ","Fog","Jam ",1
"4/03/2022","22:45:00","22:50:00",22,"Meal ",34,4.5,3,"motorcycle ",0,"No ","Urban ","Stormy","Low ",0
"15/03/2022","18:20:00","18:30:00",30,"Meal ",35,4.9,12,"scooter ",1,"No ","Metropolitian ","Windy","Medium ",0
"1/04/2022","18:00:00","18:15:00",17,"Snack ",29,4.8,19,"motorcycle ",1,"No ","Metropolitian ","Fog","Medium ",1
"27/03/2022","22:10:00","22:20:00",37,"Snack ",34,3.9,3,"electric_scooter ",2,"No ","Metropolitian ","Fog","Low ",2
"13/02/2022","22:15:00","22:25:00",29,"Drinks ",32,4.6,5,"motorcycle ",0,"No ","Metropolitian ","Fog","Low ",1
"31/03/2022","17:30:00","17:35:00",44,"Buffet ",39,4.2,13,"electric_scooter ",2,"No ","Metropolitian ","Fog","Medium ",2
"4/03/2022","19:10:00","19:15:00",42,"Drinks ",33,4.1,9,"motorcycle ",1,"No ","Metropolitian ","Sandstorms","Jam ",1
"11/02/2022","12:10:00","12:20:00",28,"Meal ",21,4.7,21,"scooter ",1,"No ","Urban ","Windy","High ",1
"29/03/2022","20:00:00","20:05:00",24,"Snack ",25,4.9,19,"scooter ",2,"No ","Metropolitian ","Sunny","Jam ",1
"15/03/2022","20:30:00","20:35:00",32,"Buffet ",34,4,11,"motorcycle ",2,"No ","Metropolitian ","Windy","Jam ",1
"27/03/2022","18:20:00","18:25:00",20,"Meal ",25,4.7,23,"motorcycle ",0,"No ","Urban ","Stormy","Medium ",0
"18/02/2022","17:35:00","17:40:00",24,"Meal ",36,4.8,9,"scooter ",1,"No ","Metropolitian ","Sandstorms","Medium ",1
"16/02/2022","22:15:00","22:30:00",28,"Buffet ",38,5,3,"scooter ",2,"No ","Metropolitian ","Sandstorms","Low ",1
"1/04/2022","9:10:00","9:15:00",27,"Meal ",36,4.6,19,"scooter ",1,"No ","Metropolitian ","Windy","Low ",1
"3/03/2022","19:35:00","19:50:00",39,"Meal ",37,4.7,16,"motorcycle ",0,"No ","Urban ","Stormy","Jam ",1
"16/02/2022","17:35:00","17:45:00",21,"Snack ",36,4.7,5,"scooter ",1,"No ","Metropolitian ","Sandstorms","Medium ",1
"11/03/2022","12:00:00","12:05:00",19,"Meal ",20,4.9,23,"scooter ",2,"No ","Metropolitian ","Sunny","High ",1
"15/02/2022","22:25:00","22:40:00",16,"Buffet ",20,4.2,2,"motorcycle ",0,"No ","Metropolitian ","Stormy","Low ",1
"3/04/2022","14:45:00","15:00:00",19,"Snack ",24,4.9,21,"electric_scooter ",2,"No ","Metropolitian ","Sunny","High ",1
"3/04/2022","13:45:00","13:55:00",33,"Drinks ",39,5,6,"scooter ",2,"No ","Metropolitian ","Stormy","High ",1
"6/03/2022","21:45:00","21:55:00",44,"Drinks ",34,4.9,16,"electric_scooter ",2,"No ","Metropolitian ","Fog","Jam ",3
"2/03/2022","20:30:00","20:35:00",41,"Snack ",30,4.4,9,"scooter ",2,"No ","Metropolitian ","Sandstorms","Jam ",1
"10/03/2022","18:10:00","18:15:00",30,"Drinks ",38,4.8,14,"motorcycle ",0,"No ","Metropolitian ","Windy","Medium ",1
"17/03/2022","10:55:00","11:10:00",17,"Drinks ",33,5,14,"scooter ",1,"No ","Metropolitian ","Fog","Low ",1
"17/03/2022","12:35:00","12:45:00",27,"Snack ",38,4.5,3,"motorcycle ",0,"No ","Urban ","Fog","High ",1
"26/03/2022","16:50:00","16:55:00",15,"Buffet ",20,5,23,"scooter ",2,"No ","Metropolitian ","Fog","Medium ",1
"29/03/2022","17:20:00","17:35:00",31,"Drinks ",32,4.4,7,"electric_scooter ",2,"No ","Metropolitian ","Cloudy","Medium ",1
"2/04/2022","22:45:00","22:55:00",24,"Meal ",21,4.6,17,"motorcycle ",0,"No ","Urban ","Windy","Low ",1
"11/02/2022","10:30:00","10:40:00",19,"Drinks ",34,4.9,17,"scooter ",2,"No ","Urban ","Sunny","Low ",0
"25/03/2022","21:40:00","21:50:00",22,"Drinks ",28,4.6,18,"motorcycle ",1,"No ","Urban ","Stormy","Jam ",1
"8/03/2022","22:10:00","22:15:00",22,"Buffet ",37,4.8,15,"scooter ",1,"No ","Metropolitian ","Stormy","Low ",1
"14/02/2022","18:30:00","18:40:00",31,"Buffet ",35,4.2,4,"motorcycle ",1,"No ","Metropolitian ","Stormy","Medium ",1
"1/04/2022","22:35:00","22:50:00",18,"Snack ",25,4.6,9,"scooter ",1,"No ","Metropolitian ","Stormy","Low ",1
"28/03/2022","10:20:00","10:35:00",20,"Snack ",31,4.6,15,"scooter ",2,"No ","Metropolitian ","Stormy","Low ",0
"28/03/2022","10:00:00","10:10:00",17,"Snack ",28,4.6,19,"motorcycle ",1,"No ","Metropolitian ","Windy","Low ",1
"3/04/2022","11:35:00","11:40:00",32,"Snack ",26,4.1,14,"motorcycle ",0,"No ","Metropolitian ","Stormy","High ",1
"3/04/2022","18:10:00","18:20:00",19,"Drinks ",21,4.6,16,"scooter ",2,"No ","Urban ","Cloudy","Medium ",1
"18/02/2022","19:45:00","19:55:00",40,"Snack ",38,4.1,13,"motorcycle ",0,"No ","Metropolitian ","Sandstorms","Jam ",1
"27/03/2022","21:30:00","21:40:00",41,"Meal ",33,3.7,13,"motorcycle ",1,"No ","Metropolitian ","Sandstorms","Jam ",0
"3/03/2022","22:10:00","22:25:00",17,"Snack ",32,4.7,9,"motorcycle ",1,"No ","Metropolitian ","Fog","Low ",1
"6/03/2022","21:20:00","21:35:00",45,"Buffet ",32,4.9,23,"motorcycle ",0,"No ","Metropolitian ","Sunny","Jam ",2
"17/02/2022","10:10:00","10:20:00",29,"Drinks ",36,4.6,4,"motorcycle ",0,"No ","Metropolitian ","Sunny","Low ",1
"29/03/2022","22:25:00","22:30:00",24,"Snack ",30,4.9,4,"motorcycle ",0,"No ","Urban ","Stormy","Low ",1
"18/03/2022","23:40:00","23:50:00",20,"Meal ",34,4.8,18,"motorcycle ",1,"No ","Urban ","Stormy","Low ",1
"30/03/2022","10:40:00","10:50:00",21,"Snack ",38,4.3,22,"motorcycle ",0,"No ","Urban ","Sandstorms","Low ",0
"3/04/2022","22:15:00","22:25:00",18,"Drinks ",34,4.9,23,"electric_scooter ",2,"No ","Metropolitian ","Fog","Low ",1
"5/03/2022","8:10:00","8:20:00",34,"Meal ",35,4.1,2,"motorcycle ",0,"No ","Urban ","Sandstorms","Low ",1
"17/03/2022","13:15:00","13:25:00",41,"Drinks ",26,3.8,15,"motorcycle ",0,"No ","Metropolitian ","Sunny","High ",0
"10/03/2022","20:40:00","20:50:00",25,"Drinks ",34,4.7,18,"motorcycle ",1,"No ","Metropolitian ","Stormy","Jam ",1
"16/02/2022","19:55:00","20:00:00",37,"Meal ",33,4.5,3,"scooter ",1,"No ","Metropolitian ","Sandstorms","Jam ",1
"19/03/2022","20:10:00","20:15:00",14,"Drinks ",21,4.6,19,"motorcycle ",1,"No ","Metropolitian ","Stormy","Jam ",0
"29/03/2022","19:20:00","19:30:00",41,"Meal ",23,4.6,3,"motorcycle ",0,"No ","Metropolitian ","Fog","Jam ",2
"9/03/2022","10:25:00","10:35:00",11,"Drinks ",21,4.7,22,"motorcycle ",2,"No ","Urban ","Sandstorms","Low ",0
"1/04/2022","22:25:00","22:35:00",23,"Meal ",34,4.6,21,"scooter ",2,"No ","Metropolitian ","Sandstorms","Low ",0
"26/03/2022","20:20:00","20:35:00",16,"Buffet ",20,4.7,18,"scooter ",2,"No ","Urban ","Sandstorms","Jam ",0
"28/03/2022","21:50:00","22:05:00",31,"Buffet ",28,4.3,5,"motorcycle ",1,"No ","Metropolitian ","Cloudy","Jam ",1
"5/03/2022","20:15:00","20:30:00",27,"Drinks ",34,4.9,14,"scooter ",1,"No ","Metropolitian ","Sunny","Jam ",1
"14/02/2022","17:30:00","17:45:00",34,"Buffet ",28,4.9,7,"motorcycle ",2,"No ","Metropolitian ","Fog","Medium ",1
"16/03/2022","22:50:00","23:00:00",27,"Meal ",31,4.7,17,"scooter ",2,"No ","Metropolitian ","Sunny","Low ",0
"18/02/2022","17:25:00","17:40:00",17,"Meal ",29,4.9,7,"motorcycle ",0,"No ","Metropolitian ","Sandstorms","Medium ",1
"6/04/2022","20:55:00","21:10:00",32,"Snack ",22,4.9,18,"motorcycle ",0,"No ","Metropolitian ","Sandstorms","Jam ",1
"1/04/2022","19:25:00","19:35:00",11,"Buffet ",24,5,18,"scooter ",2,"No ","Urban ","Stormy","Jam ",0
"18/03/2022","20:10:00","20:25:00",36,"Snack ",30,4.8,21,"scooter ",1,"No ","Metropolitian ","Fog","Jam ",1
"26/03/2022","22:40:00","22:55:00",17,"Buffet ",26,4.9,19,"scooter ",2,"No ","Urban ","Sunny","Low ",1
"12/02/2022","20:35:00","20:50:00",40,"Drinks ",24,4.2,2,"scooter ",1,"No ","Metropolitian ","Fog","Jam ",1
"7/03/2022","15:00:00","15:10:00",26,"Drinks ",28,4.7,13,"electric_scooter ",2,"No ","Metropolitian ","Sunny","High ",1
"6/03/2022","21:35:00","21:40:00",36,"Drinks ",26,4.4,16,"motorcycle ",0,"No ","Metropolitian ","Stormy","Jam ",1
"9/03/2022","18:35:00","18:40:00",25,"Buffet ",26,4.9,23,"motorcycle ",0,"No ","Metropolitian ","Cloudy","Medium ",1
"11/03/2022","9:55:00","10:05:00",24,"Meal ",36,4.7,23,"motorcycle ",2,"No ","Metropolitian ","Stormy","Low ",1
"1/04/2022","21:20:00","21:30:00",28,"Meal ",30,4.8,19,"scooter ",1,"No ","Metropolitian ","Windy","Jam ",0
"21/03/2022","22:55:00","23:05:00",18,"Meal ",36,4.8,17,"scooter ",2,"No ","Metropolitian ","Fog","Low ",0
"13/03/2022","8:30:00","8:40:00",23,"Snack ",22,5,15,"motorcycle ",1,"No ","Metropolitian ","Sunny","Low ",1
"4/04/2022","22:00:00","22:10:00",47,"Snack ",36,4.2,9,"motorcycle ",0,"Yes ","Metropolitian ","Sandstorms","Jam ",2
"29/03/2022","17:10:00","17:20:00",40,"Drinks ",38,4.1,7,"motorcycle ",0,"No ","Metropolitian ","Sandstorms","Medium ",2
"4/04/2022","21:10:00","21:15:00",29,"Drinks ",21,4.8,23,"motorcycle ",0,"No ","Metropolitian ","Windy","Jam ",1
"18/02/2022","18:50:00","19:00:00",43,"Buffet ",21,4.6,2,"motorcycle ",0,"No ","Metropolitian ","Sandstorms","Medium ",1
"19/03/2022","11:00:00","11:10:00",29,"Drinks ",35,4.7,18,"motorcycle ",0,"No ","Urban ","Cloudy","Low ",1
"26/03/2022","8:55:00","9:05:00",17,"Snack ",29,4.6,21,"motorcycle ",1,"No ","Metropolitian ","Fog","Low ",0
"4/04/2022","20:40:00","20:45:00",27,"Drinks ",28,4.8,18,"motorcycle ",0,"No ","Metropolitian ","Stormy","Jam ",1
"2/04/2022","20:00:00","20:15:00",51,"Meal ",33,4.3,3,"motorcycle ",0,"No ","Metropolitian ","Sandstorms","Jam ",2
"29/03/2022","20:10:00","20:15:00",47,"Snack ",33,4.6,13,"motorcycle ",0,"No ","Metropolitian ","Sandstorms","Jam ",2
"26/03/2022","10:50:00","11:05:00",25,"Meal ",33,4.8,9,"motorcycle ",2,"No ","Metropolitian ","Sandstorms","Low ",1
"21/03/2022","14:25:00","14:30:00",30,"Snack ",30,4.6,19,"motorcycle ",2,"No ","Urban ","Windy","High ",1
"9/03/2022","9:55:00","10:05:00",19,"Buffet ",22,4.5,15,"motorcycle ",0,"No ","Metropolitian ","Fog","Low ",0
"15/02/2022","21:20:00","21:25:00",52,"Buffet ",21,3.9,10,"motorcycle ",0,"Yes ","Metropolitian ","Sunny","Jam ",3
"12/03/2022","22:40:00","22:45:00",22,"Meal ",20,4.8,22,"motorcycle ",0,"No ","Urban ","Cloudy","Low ",1
"13/03/2022","13:45:00","13:50:00",31,"Snack ",33,4.9,12,"scooter ",1,"No ","Metropolitian ","Fog","High ",1
"11/02/2022","8:55:00","9:00:00",17,"Meal ",22,4.9,3,"scooter ",2,"No ","Metropolitian ","Windy","Low ",0
"3/03/2022","20:45:00","21:00:00",29,"Buffet ",27,5,12,"motorcycle ",2,"No ","Metropolitian ","Stormy","Jam ",1
"13/03/2022","22:10:00","22:20:00",20,"Buffet ",37,4.6,21,"motorcycle ",0,"No ","Metropolitian ","Sunny","Low ",1
"13/02/2022","12:35:00","12:50:00",39,"Meal ",36,4.3,3,"scooter ",2,"No ","Urban ","Cloudy","High ",2
"9/03/2022","16:20:00","16:35:00",12,"Meal ",23,4.6,13,"motorcycle ",1,"No ","Metropolitian ","Cloudy","Medium ",0
"7/03/2022","0:00:00","0:10:00",29,"Buffet ",38,4.9,9,"scooter ",1,"No ","Metropolitian ","Stormy","Low ",0
"5/03/2022","13:00:00","13:05:00",18,"Buffet ",32,4.8,15,"motorcycle ",2,"No ","Urban ","Sandstorms","High ",1
"13/03/2022","12:50:00","12:55:00",29,"Snack ",37,5,16,"electric_scooter ",2,"No ","Metropolitian ","Cloudy","High ",1
"14/02/2022","23:50:00","23:55:00",18,"Buffet ",27,4.9,3,"electric_scooter ",2,"No ","Metropolitian ","Windy","Low ",0
"30/03/2022","22:55:00","23:05:00",19,"Snack ",32,4.6,14,"motorcycle ",1,"No ","Metropolitian ","Cloudy","Low ",0
"14/02/2022","19:30:00","19:45:00",30,"Drinks ",36,4.7,3,"motorcycle ",1,"No ","Metropolitian ","Sandstorms","Jam ",1
"21/03/2022","12:15:00","12:20:00",23,"Snack ",25,4.7,22,"motorcycle ",1,"No ","Metropolitian ","Cloudy","High ",0
"26/03/2022","10:25:00","10:35:00",27,"Meal ",39,4.7,19,"scooter ",1,"No ","Metropolitian ","Windy","Low ",1
"16/03/2022","18:50:00","18:55:00",18,"Buffet ",38,4.9,17,"motorcycle ",2,"No ","Metropolitian ","Sunny","Medium ",1
"12/02/2022","17:25:00","17:35:00",27,"Drinks ",20,4.8,2,"scooter ",1,"No ","Metropolitian ","Fog","Medium ",0
"24/03/2022","12:35:00","12:40:00",27,"Meal ",36,4.9,18,"motorcycle ",1,"No ","Metropolitian ","Sandstorms","High ",1
"13/02/2022","15:15:00","15:30:00",26,"Buffet ",37,4.6,4,"scooter ",2,"No ","Metropolitian ","Stormy","Medium ",1
"4/04/2022","21:35:00","21:40:00",16,"Buffet ",26,4.7,19,"electric_scooter ",2,"No ","Metropolitian ","Sandstorms","Jam ",0
"18/03/2022","21:10:00","21:15:00",25,"Meal ",26,4.9,13,"motorcycle ",0,"No ","Metropolitian ","Stormy","Jam ",0
"31/03/2022","19:15:00","19:30:00",35,"Snack ",39,4.3,1,"motorcycle ",0,"No ","Metropolitian ","Windy","Jam ",1
"17/02/2022","11:55:00","12:05:00",27,"Buffet ",20,4.7,7,"motorcycle ",0,"No ","Metropolitian ","Fog","High ",1
"6/04/2022","20:15:00","20:25:00",21,"Meal ",23,4.6,23,"motorcycle ",1,"No ","Urban ","Sandstorms","Jam ",1
"15/02/2022","22:10:00","22:15:00",30,"Snack ",34,4.2,7,"motorcycle ",0,"No ","Metropolitian ","Stormy","Low ",0
"30/03/2022","19:35:00","19:45:00",23,"Snack ",28,4.9,14,"scooter ",1,"No ","Metropolitian ","Cloudy","Jam ",0
"2/03/2022","20:40:00","20:50:00",40,"Buffet ",36,4.7,12,"motorcycle ",0,"No ","Metropolitian ","Fog","Jam ",1
"25/03/2022","21:30:00","21:45:00",30,"Buffet ",24,4.5,6,"scooter ",2,"No ","Metropolitian ","Cloudy","Jam ",0
"11/03/2022","20:00:00","20:05:00",24,"Drinks ",23,4.5,21,"electric_scooter ",2,"No ","Metropolitian ","Cloudy","Jam ",1
"29/03/2022","18:35:00","18:45:00",25,"Buffet ",30,4.8,5,"scooter ",2,"No ","Urban ","Stormy","Medium ",1
"2/04/2022","17:30:00","17:35:00",13,"Snack ",21,4.7,22,"scooter ",2,"No ","Metropolitian ","Sunny","Medium ",0
"19/03/2022","11:30:00","11:45:00",29,"Buffet ",37,5,6,"motorcycle ",1,"No ","Metropolitian ","Windy","High ",1
"5/03/2022","13:55:00","14:10:00",38,"Meal ",29,4.4,14,"motorcycle ",0,"No ","Metropolitian ","Stormy","High ",1
"18/02/2022","21:25:00","21:40:00",32,"Buffet ",34,4.2,8,"motorcycle ",1,"No ","Metropolitian ","Sandstorms","Jam ",1
"14/03/2022","21:35:00","21:50:00",26,"Snack ",20,4.7,19,"motorcycle ",0,"No ","Urban ","Sandstorms","Jam ",1
"24/03/2022","23:00:00","23:10:00",11,"Buffet ",29,4.9,22,"motorcycle ",1,"No ","Metropolitian ","Cloudy","Low ",0
"20/03/2022","20:50:00","21:00:00",20,"Buffet ",26,4.6,17,"motorcycle ",1,"No ","Metropolitian ","Stormy","Jam ",1
"12/03/2022","18:55:00","19:00:00",33,"Snack ",21,4.5,5,"motorcycle ",0,"No ","Urban ","Cloudy","Medium ",2
"14/03/2022","23:55:00","0:05:00",23,"Snack ",33,5,12,"motorcycle ",0,"No ","Metropolitian ","Stormy","Low ",0
"3/03/2022","19:15:00","19:25:00",15,"Meal ",29,4.7,18,"scooter ",1,"No ","Urban ","Sandstorms","Jam ",1
"12/02/2022","20:55:00","21:05:00",34,"Meal ",31,3.7,18,"scooter ",1,"No ","Metropolitian ","Stormy","Jam ",1
"4/04/2022","21:00:00","21:15:00",18,"Drinks ",23,4.6,22,"motorcycle ",1,"No ","Metropolitian ","Sandstorms","Jam ",0
"8/03/2022","22:15:00","22:25:00",23,"Meal ",29,5,18,"motorcycle ",0,"No ","Urban ","Stormy","Low ",1
"11/02/2022","22:50:00","22:55:00",16,"Buffet ",29,4.7,2,"scooter ",2,"No ","Metropolitian ","Stormy","Low ",0
"13/03/2022","13:45:00","13:50:00",31,"Snack ",33,4.9,12,"scooter ",1,"No ","Metropolitian ","Fog","High ",1
"3/03/2022","11:00:00","11:15:00",22,"Snack ",27,4.9,18,"scooter ",1,"No ","Metropolitian ","Sunny","Low ",1
"11/03/2022","20:50:00","20:55:00",28,"Drinks ",33,4.6,23,"motorcycle ",0,"No ","Metropolitian ","Fog","Jam ",1
"12/03/2022","18:20:00","18:25:00",19,"Drinks ",22,4.9,15,"electric_scooter ",2,"No ","Metropolitian ","Sunny","Medium ",1
"23/03/2022","17:25:00","17:40:00",31,"Snack ",36,4.9,9,"motorcycle ",0,"No ","Metropolitian ","Sandstorms","Medium ",1
"3/04/2022","16:10:00","16:15:00",16,"Drinks ",33,4.6,23,"motorcycle ",1,"No ","Urban ","Sunny","Medium ",0
"14/03/2022","21:25:00","21:40:00",47,"Drinks ",34,5,18,"motorcycle ",2,"Yes ","Metropolitian ","Cloudy","Jam ",3
"17/03/2022","11:30:00","11:35:00",20,"Snack ",20,4.6,9,"motorcycle ",2,"No ","Metropolitian ","Cloudy","High ",0
"30/03/2022","8:25:00","8:30:00",15,"Meal ",24,4.7,16,"motorcycle ",0,"No ","Metropolitian ","Fog","Low ",1
"31/03/2022","17:35:00","17:50:00",21,"Buffet ",27,4.6,2,"electric_scooter ",2,"No ","Urban ","Stormy","Medium ",0
"7/03/2022","9:55:00","10:10:00",19,"Drinks ",27,4.8,21,"scooter ",1,"No ","Metropolitian ","Stormy","Low ",0
"30/03/2022","11:40:00","11:55:00",25,"Snack ",31,5,15,"motorcycle ",1,"No ","Metropolitian ","Cloudy","High ",1
"14/03/2022","18:55:00","19:10:00",41,"Meal ",35,4.4,12,"motorcycle ",0,"No ","Metropolitian ","Sandstorms","Medium ",2
"19/03/2022","9:45:00","9:50:00",20,"Buffet ",32,4,6,"motorcycle ",0,"No ","Metropolitian ","Sandstorms","Low ",1
"1/04/2022","10:40:00","10:45:00",15,"Drinks ",35,4.8,2,"scooter ",2,"No ","Urban ","Cloudy","Low ",1
"23/03/2022","19:35:00","19:50:00",31,"Drinks ",34,4.4,13,"electric_scooter ",2,"No ","Metropolitian ","Sunny","Jam ",1
"4/03/2022","19:30:00","19:35:00",38,"Snack ",37,4.3,13,"motorcycle ",1,"No ","Metropolitian ","Sandstorms","Jam ",1
"2/03/2022","23:20:00","23:25:00",22,"Buffet ",37,4.6,19,"scooter ",2,"No ","Metropolitian ","Windy","Low ",1
"16/03/2022","18:35:00","18:40:00",34,"Meal ",29,5,9,"motorcycle ",0,"No ","Metropolitian ","Stormy","Medium ",1
"24/03/2022","21:30:00","21:35:00",20,"Snack ",21,4.6,15,"scooter ",1,"No ","Metropolitian ","Stormy","Jam ",0
"27/03/2022","19:15:00","19:20:00",38,"Buffet ",38,4.6,23,"motorcycle ",0,"No ","Urban ","Sunny","Jam ",1
"3/03/2022","11:45:00","11:50:00",25,"Snack ",31,4.9,21,"motorcycle ",1,"No ","Urban ","Fog","High ",1
"20/03/2022","21:20:00","21:25:00",45,"Meal ",35,4.7,18,"motorcycle ",2,"No ","Urban ","Cloudy","Jam ",1
"26/03/2022","11:00:00","11:10:00",26,"Meal ",30,4.5,4,"motorcycle ",0,"No ","Urban ","Fog","Low ",1
"15/03/2022","19:15:00","19:25:00",46,"Meal ",35,4.3,4,"motorcycle ",0,"Yes ","Semi-Urban ","Stormy","Jam ",0
"5/03/2022","19:55:00","20:00:00",33,"Meal ",28,4.9,13,"scooter ",2,"No ","Metropolitian ","Sunny","Jam ",2
"20/03/2022","17:20:00","17:25:00",17,"Meal ",28,4.9,17,"motorcycle ",0,"No ","Urban ","Sunny","Medium ",1
"14/03/2022","22:55:00","23:05:00",21,"Buffet ",34,4.6,22,"motorcycle ",1,"No ","Urban ","Windy","Low ",0
"13/03/2022","11:00:00","11:10:00",29,"Drinks ",35,5,15,"motorcycle ",0,"No ","Metropolitian ","Sunny","Low ",1
"2/03/2022","20:30:00","20:35:00",44,"Buffet ",31,3.9,6,"motorcycle ",1,"No ","Metropolitian ","Sandstorms","Jam ",1
"21/03/2022","17:25:00","17:35:00",26,"Snack ",36,5,19,"motorcycle ",0,"No ","Metropolitian ","Windy","Medium ",1
"3/03/2022","20:15:00","20:20:00",30,"Snack ",38,4.7,23,"electric_scooter ",2,"No ","Urban ","Stormy","Jam ",1
"4/04/2022","19:40:00","19:55:00",46,"Meal ",32,4.7,1,"motorcycle ",0,"No ","Metropolitian ","Cloudy","Jam ",3
"24/03/2022","20:35:00","20:40:00",30,"Buffet ",30,4.9,2,"scooter ",2,"No ","Metropolitian ","Windy","Jam ",0
"17/03/2022","16:50:00","17:05:00",16,"Buffet ",39,4.9,14,"motorcycle ",1,"No ","Metropolitian ","Fog","Medium ",1
"12/03/2022","23:35:00","23:40:00",33,"Snack ",34,3.8,1,"motorcycle ",1,"No ","Urban ","Fog","Low ",1
"18/03/2022","19:00:00","19:10:00",26,"Snack ",33,4.5,2,"motorcycle ",2,"No ","Metropolitian ","Windy","Medium ",1
"5/04/2022","22:45:00","23:00:00",19,"Drinks ",21,4.7,21,"motorcycle ",2,"No ","Metropolitian ","Stormy","Low ",1
"8/03/2022","20:35:00","20:50:00",40,"Drinks ",30,4.8,13,"motorcycle ",0,"No ","Metropolitian ","Sandstorms","Jam ",2
"29/03/2022","20:55:00","21:05:00",41,"Snack ",36,3.6,11,"motorcycle ",1,"No ","Metropolitian ","Windy","Jam ",0
"30/03/2022","14:50:00","14:55:00",17,"Drinks ",25,4.8,18,"scooter ",1,"No ","Metropolitian ","Stormy","High ",0
"1/03/2022","12:10:00","12:15:00",27,"Drinks ",32,4.7,12,"motorcycle ",2,"No ","Metropolitian ","Sandstorms","High ",0
"12/02/2022","18:50:00","18:55:00",29,"Snack ",29,4.9,4,"motorcycle ",0,"No ","Metropolitian ","Windy","Medium ",0
"1/04/2022","10:25:00","10:40:00",15,"Buffet ",33,4.7,23,"motorcycle ",1,"No ","Urban ","Fog","Low ",0
"25/03/2022","23:40:00","23:50:00",19,"Drinks ",30,4.5,6,"motorcycle ",1,"No ","Urban ","Sandstorms","Low ",0
"11/02/2022","15:45:00","16:00:00",21,"Meal ",22,4.5,2,"motorcycle ",0,"No ","Urban ","Sunny","Medium ",1
"8/03/2022","18:15:00","18:25:00",37,"Meal ",26,4.9,9,"motorcycle ",0,"No ","Metropolitian ","Fog","Medium ",1
"18/02/2022","18:10:00","18:25:00",39,"Drinks ",30,4.5,2,"scooter ",2,"No ","Metropolitian ","Sandstorms","Medium ",1
"17/03/2022","18:10:00","18:15:00",16,"Meal ",24,4.9,11,"electric_scooter ",2,"No ","Metropolitian ","Sunny","Medium ",0
"31/03/2022","22:30:00","22:35:00",27,"Meal ",32,4.8,23,"motorcycle ",1,"No ","Metropolitian ","Cloudy","Low ",1
"13/03/2022","20:15:00","20:25:00",11,"Meal ",22,4.7,16,"scooter ",1,"No ","Metropolitian ","Stormy","Jam ",1
"6/04/2022","20:15:00","20:25:00",19,"Buffet ",23,4.6,15,"motorcycle ",1,"No ","Metropolitian ","Stormy","Jam ",1
"11/03/2022","18:50:00","19:05:00",15,"Drinks ",23,4.8,21,"motorcycle ",0,"No ","Urban ","Stormy","Medium ",0
"31/03/2022","0:00:00","0:15:00",19,"Buffet ",32,4.7,19,"motorcycle ",1,"No ","Metropolitian ","Sandstorms","Low ",1
"19/03/2022","9:35:00","9:40:00",23,"Buffet ",25,4.2,9,"motorcycle ",0,"No ","Metropolitian ","Sandstorms","Low ",1
"26/03/2022","10:25:00","10:30:00",16,"Drinks ",21,4.9,17,"motorcycle ",1,"No ","Metropolitian ","Cloudy","Low ",0
"17/03/2022","21:50:00","22:00:00",41,"Drinks ",21,3.7,13,"motorcycle ",0,"Yes ","Metropolitian ","Sunny","Jam ",1
"29/03/2022","18:50:00","18:55:00",20,"Buffet ",36,4.9,23,"scooter ",1,"No ","Metropolitian ","Sandstorms","Medium ",0
"25/03/2022","20:50:00","21:05:00",24,"Snack ",28,4.6,23,"electric_scooter ",2,"No ","Metropolitian ","Windy","Jam ",1
"11/02/2022","23:15:00","23:30:00",27,"Buffet ",39,4.2,9,"motorcycle ",0,"No ","Metropolitian ","Stormy","Low ",1
"18/03/2022","17:35:00","17:45:00",34,"Drinks ",32,3.7,22,"scooter ",1,"No ","Metropolitian ","Sandstorms","Medium ",1
"20/03/2022","22:45:00","22:50:00",16,"Meal ",22,4.9,17,"motorcycle ",0,"No ","Urban ","Windy","Low ",1
"9/03/2022","19:30:00","19:35:00",33,"Meal ",38,4.2,8,"motorcycle ",0,"No ","Metropolitian ","Cloudy","Jam ",0
"15/02/2022","0:00:00","0:10:00",22,"Drinks ",35,4.8,4,"scooter ",2,"No ","Metropolitian ","Stormy","Low ",0
"1/03/2022","15:00:00","15:15:00",18,"Snack ",32,4.7,19,"motorcycle ",1,"No ","Urban ","Sunny","High ",0
"15/03/2022","11:10:00","11:15:00",12,"Drinks ",21,4.7,22,"electric_scooter ",2,"No ","Metropolitian ","Windy","High ",1
"11/03/2022","15:40:00","15:45:00",22,"Meal ",29,4.8,16,"motorcycle ",0,"No ","Metropolitian ","Cloudy","Medium ",1
"16/02/2022","17:10:00","17:15:00",44,"Snack ",38,4.9,7,"electric_scooter ",2,"No ","Metropolitian ","Stormy","Medium ",1
"7/03/2022","8:10:00","8:25:00",10,"Snack ",22,4.9,18,"scooter ",1,"No ","Urban ","Stormy","Low ",0
"6/04/2022","19:30:00","19:35:00",19,"Drinks ",32,4.7,15,"scooter ",2,"No ","Urban ","Sunny","Jam ",1
"20/03/2022","17:50:00","17:55:00",21,"Buffet ",31,4.9,17,"scooter ",2,"No ","Metropolitian ","Sandstorms","Medium ",0
"2/04/2022","19:55:00","20:00:00",27,"Snack ",27,4.8,9,"motorcycle ",1,"No ","Metropolitian ","Windy","Jam ",1
"4/04/2022","19:40:00","19:55:00",34,"Drinks ",26,4.6,22,"motorcycle ",0,"No ","Metropolitian ","Windy","Jam ",0
"7/03/2022","21:10:00","21:25:00",33,"Buffet ",35,4.8,21,"scooter ",2,"No ","Metropolitian ","Windy","Jam ",0
"20/03/2022","22:30:00","22:35:00",20,"Buffet ",29,4.7,23,"motorcycle ",0,"No ","Metropolitian ","Cloudy","Low ",0
"6/03/2022","18:55:00","19:05:00",17,"Drinks ",21,5,13,"motorcycle ",1,"No ","Metropolitian ","Stormy","Medium ",1
"8/03/2022","22:35:00","22:45:00",21,"Drinks ",30,4.9,19,"motorcycle ",1,"No ","Urban ","Stormy","Low ",1
"29/03/2022","21:00:00","21:15:00",41,"Buffet ",26,4.7,13,"motorcycle ",0,"No ","Metropolitian ","Cloudy","Jam ",1
"13/03/2022","9:50:00","9:55:00",28,"Meal ",30,5,13,"motorcycle ",0,"No ","Metropolitian ","Sunny","Low ",1
"9/03/2022","20:20:00","20:25:00",17,"Snack ",27,4.5,23,"motorcycle ",0,"No ","Metropolitian ","Sandstorms","Jam ",1
"3/03/2022","14:35:00","14:45:00",23,"Snack ",35,4.6,15,"motorcycle ",1,"No ","Metropolitian ","Sunny","High ",1
"27/03/2022","22:25:00","22:30:00",22,"Buffet ",37,4.8,17,"motorcycle ",0,"No ","Urban ","Sandstorms","Low ",0
"21/03/2022","10:00:00","10:05:00",24,"Drinks ",33,4.3,13,"motorcycle ",0,"No ","Metropolitian ","Windy","Low ",1
"14/02/2022","21:45:00","22:00:00",35,"Buffet ",35,4.3,5,"motorcycle ",1,"No ","Metropolitian ","Windy","Jam ",1
"26/03/2022","19:00:00","19:10:00",20,"Meal ",22,4.8,17,"scooter ",1,"No ","Metropolitian ","Stormy","Medium ",0
"3/03/2022","20:50:00","20:55:00",29,"Buffet ",32,4.7,17,"scooter ",1,"No ","Metropolitian ","Fog","Jam ",1
"14/02/2022","22:00:00","22:15:00",18,"Buffet ",25,4.8,9,"scooter ",2,"No ","Metropolitian ","Sunny","Jam ",1
"2/04/2022","19:50:00","20:05:00",16,"Drinks ",22,4.9,15,"motorcycle ",2,"No ","Urban ","Sandstorms","Jam ",1
"30/03/2022","19:10:00","19:20:00",32,"Snack ",25,4.3,4,"motorcycle ",0,"No ","Metropolitian ","Stormy","Jam ",0
"21/03/2022","22:45:00","23:00:00",19,"Buffet ",23,4.6,22,"motorcycle ",0,"No ","Metropolitian ","Fog","Low ",1
"23/03/2022","22:50:00","23:05:00",29,"Snack ",36,4.7,3,"motorcycle ",0,"No ","Metropolitian ","Sandstorms","Low ",0
"10/03/2022","20:25:00","20:35:00",47,"Snack ",39,4.4,23,"motorcycle ",0,"No ","Metropolitian ","Stormy","Jam ",1
"15/02/2022","23:45:00","23:55:00",24,"Buffet ",35,4.6,3,"motorcycle ",1,"No ","Metropolitian ","Sandstorms","Low ",1
"14/02/2022","18:50:00","19:05:00",16,"Drinks ",26,4.8,4,"motorcycle ",1,"No ","Metropolitian ","Sunny","Medium ",0
"5/03/2022","20:40:00","20:45:00",33,"Drinks ",21,5,12,"motorcycle ",0,"No ","Metropolitian ","Stormy","Jam ",0
"13/03/2022","18:55:00","19:05:00",29,"Drinks ",38,5,21,"motorcycle ",2,"No ","Metropolitian ","Windy","Medium ",0
"26/03/2022","10:35:00","10:45:00",28,"Snack ",35,4,17,"motorcycle ",0,"No ","Metropolitian ","Sandstorms","Low ",1
"20/03/2022","23:55:00","0:10:00",13,"Meal ",20,4.9,18,"scooter ",1,"No ","Metropolitian ","Windy","Low ",0
"20/03/2022","21:15:00","21:20:00",19,"Buffet ",29,4.6,23,"motorcycle ",1,"No ","Metropolitian ","Sandstorms","Jam ",1
"23/03/2022","22:40:00","22:50:00",22,"Drinks ",27,4.5,5,"motorcycle ",0,"No ","Urban ","Cloudy","Low ",1
"24/03/2022","17:20:00","17:30:00",26,"Snack ",38,4.9,17,"motorcycle ",0,"No ","Metropolitian ","Cloudy","Medium ",1
"25/03/2022","19:10:00","19:15:00",25,"Snack ",39,4.9,19,"motorcycle ",0,"No ","Metropolitian ","Sunny","Jam ",0
"11/03/2022","20:15:00","20:30:00",38,"Snack ",26,4.8,23,"motorcycle ",0,"No ","Metropolitian ","Windy","Jam ",1
"16/03/2022","21:50:00","22:05:00",25,"Meal ",22,4.8,19,"electric_scooter ",2,"No ","Metropolitian ","Stormy","Jam ",1
"15/02/2022","18:55:00","19:05:00",29,"Snack ",26,4.8,16,"scooter ",2,"No ","Urban ","Sandstorms","Medium ",1
"19/03/2022","20:25:00","20:30:00",35,"Drinks ",24,4.1,4,"motorcycle ",0,"No ","Urban ","Stormy","Jam ",1
"5/03/2022","23:10:00","23:15:00",24,"Snack ",31,4.7,23,"electric_scooter ",2,"No ","Metropolitian ","Sandstorms","Low ",0
"2/04/2022","18:35:00","18:45:00",38,"Snack ",33,4.4,8,"motorcycle ",0,"No ","Metropolitian ","Sunny","Medium ",1
"5/04/2022","9:15:00","9:25:00",20,"Meal ",38,4.8,23,"motorcycle ",0,"No ","Urban ","Fog","Low ",1
"14/03/2022","20:55:00","21:05:00",37,"Meal ",37,4.8,15,"motorcycle ",0,"No ","Urban ","Stormy","Jam ",2
"18/03/2022","22:25:00","22:35:00",33,"Buffet ",36,4.2,23,"electric_scooter ",2,"No ","Metropolitian ","Cloudy","Low ",0
"27/03/2022","19:00:00","19:10:00",38,"Drinks ",28,4.1,3,"scooter ",1,"No ","Urban ","Cloudy","Medium ",1
"8/03/2022","19:55:00","20:00:00",44,"Buffet ",23,4.9,22,"motorcycle ",1,"Yes ","Metropolitian ","Cloudy","Jam ",0
"24/03/2022","12:15:00","12:20:00",28,"Buffet ",34,4.7,12,"scooter ",2,"No ","Metropolitian ","Sandstorms","High ",1
"2/04/2022","21:40:00","21:45:00",12,"Snack ",26,4.7,17,"scooter ",2,"No ","Urban ","Sunny","Jam ",0
"4/03/2022","19:55:00","20:05:00",28,"Drinks ",23,4.7,9,"motorcycle ",0,"No ","Metropolitian ","Windy","Jam ",1
"2/04/2022","22:45:00","23:00:00",26,"Meal ",31,4.6,18,"motorcycle ",1,"No ","Metropolitian ","Sunny","Low ",1
"4/03/2022","17:55:00","18:10:00",26,"Snack ",27,4.8,14,"motorcycle ",1,"No ","Metropolitian ","Stormy","Medium ",1
"29/03/2022","19:45:00","20:00:00",23,"Buffet ",35,4.5,17,"scooter ",2,"No ","Metropolitian ","Sunny","Jam ",0
"9/03/2022","19:35:00","19:40:00",26,"Buffet ",32,4.7,15,"scooter ",2,"No ","Metropolitian ","Stormy","Jam ",1
"21/03/2022","17:20:00","17:35:00",25,"Snack ",26,4.6,23,"motorcycle ",0,"No ","Metropolitian ","Fog","Medium ",1
"8/03/2022","0:00:00","0:15:00",15,"Snack ",37,5,19,"scooter ",2,"No ","Metropolitian ","Sunny","Low ",0
"15/02/2022","20:30:00","20:45:00",37,"Buffet ",37,4.3,8,"scooter ",1,"No ","Metropolitian ","Fog","Jam ",0
"7/03/2022","19:10:00","19:15:00",20,"Drinks ",24,4.9,16,"motorcycle ",0,"No ","Urban ","Stormy","Jam ",1
"15/02/2022","23:30:00","23:45:00",10,"Buffet ",23,4.8,6,"scooter ",2,"No ","Metropolitian ","Windy","Low ",0
"1/03/2022","18:10:00","18:20:00",23,"Meal ",28,5,21,"motorcycle ",0,"No ","Metropolitian ","Windy","Medium ",0
"18/03/2022","19:35:00","19:50:00",47,"Buffet ",21,4.9,17,"motorcycle ",0,"No ","Urban ","Cloudy","Jam ",2
"7/03/2022","21:15:00","21:25:00",14,"Snack ",24,4.9,21,"motorcycle ",1,"No ","Metropolitian ","Windy","Jam ",0
"4/03/2022","17:45:00","18:00:00",38,"Drinks ",34,4.8,17,"motorcycle ",0,"No ","Metropolitian ","Windy","Medium ",1
"24/03/2022","22:00:00","22:10:00",31,"Buffet ",39,4.3,7,"motorcycle ",0,"No ","Metropolitian ","Stormy","Jam ",1
"17/03/2022","11:50:00","12:05:00",20,"Buffet ",39,4.9,3,"scooter ",1,"No ","Metropolitian ","Sunny","High ",0
"24/03/2022","11:00:00","11:10:00",20,"Drinks ",22,4.1,9,"motorcycle ",0,"No ","Metropolitian ","Sandstorms","Low ",1
"6/03/2022","18:15:00","18:25:00",35,"Snack ",34,3.8,1,"electric_scooter ",2,"No ","Urban ","Stormy","Medium ",1
"25/03/2022","21:35:00","21:45:00",43,"Meal ",37,3.5,3,"motorcycle ",1,"No ","Metropolitian ","Windy","Jam ",2
"8/03/2022","20:15:00","20:20:00",25,"Buffet ",25,4.6,9,"motorcycle ",1,"No ","Metropolitian ","Stormy","Jam ",1
"8/03/2022","23:55:00","0:05:00",35,"Meal ",37,4.3,12,"electric_scooter ",2,"No ","Metropolitian ","Fog","Low ",1
"26/03/2022","16:15:00","16:30:00",28,"Drinks ",39,4.6,17,"scooter ",1,"No ","Metropolitian ","Stormy","Medium ",1
"6/04/2022","19:10:00","19:25:00",22,"Snack ",24,4.7,18,"scooter ",2,"No ","Metropolitian ","Windy","Jam ",1
"11/03/2022","10:50:00","10:55:00",24,"Buffet ",25,4.7,12,"motorcycle ",0,"No ","Metropolitian ","Fog","Low ",1
"17/02/2022","14:45:00","14:50:00",22,"Snack ",23,4.5,5,"scooter ",2,"No ","Urban ","Fog","High ",1
"25/03/2022","19:55:00","20:10:00",19,"Drinks ",23,4.5,23,"scooter ",1,"No ","Metropolitian ","Stormy","Jam ",1
"14/03/2022","18:00:00","18:15:00",35,"Meal ",34,3.5,6,"electric_scooter ",2,"No ","Metropolitian ","Stormy","Medium ",0
"24/03/2022","20:40:00","20:45:00",25,"Drinks ",31,4.7,19,"motorcycle ",1,"No ","Metropolitian ","Sandstorms","Jam ",1
"16/02/2022","21:35:00","21:45:00",48,"Meal ",34,4.7,8,"scooter ",2,"No ","Metropolitian ","Stormy","Jam ",0
"6/03/2022","20:15:00","20:25:00",27,"Snack ",35,4.7,23,"scooter ",2,"No ","Metropolitian ","Windy","Jam ",1
"30/03/2022","22:40:00","22:50:00",22,"Snack ",38,4.6,18,"motorcycle ",1,"No ","Metropolitian ","Sandstorms","Low ",1
"31/03/2022","20:45:00","21:00:00",29,"Drinks ",27,4.7,4,"scooter ",2,"No ","Metropolitian ","Sandstorms","Jam ",1
"29/03/2022","18:25:00","18:35:00",37,"Drinks ",20,4,2,"scooter ",2,"No ","Metropolitian ","Cloudy","Medium ",0
"6/04/2022","21:25:00","21:30:00",46,"Drinks ",28,4.6,16,"motorcycle ",0,"No ","Urban ","Fog","Jam ",2
"28/03/2022","10:20:00","10:25:00",23,"Buffet ",33,4.7,9,"motorcycle ",2,"No ","Metropolitian ","Windy","Low ",1
"16/02/2022","19:45:00","19:55:00",17,"Snack ",26,4.9,2,"scooter ",2,"No ","Metropolitian ","Sandstorms","Jam ",0
"29/03/2022","19:35:00","19:40:00",47,"Meal ",31,4.7,5,"scooter ",2,"No ","Metropolitian ","Cloudy","Jam ",2
"27/03/2022","19:55:00","20:05:00",41,"Meal ",35,4.9,1,"motorcycle ",0,"No ","Metropolitian ","Cloudy","Jam ",1
"4/03/2022","17:10:00","17:15:00",34,"Meal ",21,4.9,17,"motorcycle ",0,"No ","Urban ","Cloudy","Medium ",1
"6/04/2022","20:45:00","20:50:00",28,"Meal ",23,4.8,22,"scooter ",2,"No ","Urban ","Stormy","Jam ",1
"8/03/2022","19:20:00","19:30:00",36,"Meal ",29,5,22,"motorcycle ",0,"No ","Metropolitian ","Sandstorms","Jam ",1
"25/03/2022","21:00:00","21:05:00",50,"Snack ",38,4,1,"motorcycle ",0,"Yes ","Metropolitian ","Windy","Jam ",2
"13/03/2022","19:55:00","20:00:00",32,"Snack ",33,4.2,4,"motorcycle ",0,"No ","Urban ","Stormy","Jam ",1
"30/03/2022","17:35:00","17:45:00",15,"Buffet ",24,4.8,18,"electric_scooter ",2,"No ","Metropolitian ","Cloudy","Medium ",1
"14/03/2022","21:15:00","21:25:00",49,"Drinks ",31,4.9,18,"motorcycle ",0,"No ","Semi-Urban ","Cloudy","Jam ",3
"2/04/2022","22:35:00","22:40:00",34,"Snack ",31,4.2,8,"scooter ",1,"No ","Metropolitian ","Fog","Low ",0
"23/03/2022","17:15:00","17:20:00",41,"Drinks ",32,4.9,8,"motorcycle ",0,"No ","Metropolitian ","Cloudy","Medium ",0
"2/04/2022","21:20:00","21:35:00",34,"Drinks ",27,4.4,5,"motorcycle ",0,"No ","Metropolitian ","Windy","Jam ",0
"12/02/2022","19:40:00","19:45:00",33,"Meal ",34,4.5,6,"scooter ",2,"No ","Metropolitian ","Sunny","Jam ",1
"18/02/2022","21:45:00","21:50:00",31,"Drinks ",22,5,5,"motorcycle ",0,"No ","Metropolitian ","Windy","Jam ",0
"3/03/2022","11:30:00","11:40:00",14,"Buffet ",28,4.9,19,"scooter ",2,"No ","Urban ","Windy","High ",1
"15/03/2022","11:40:00","11:50:00",30,"Drinks ",36,4.5,23,"scooter ",2,"No ","Metropolitian ","Cloudy","High ",0
"15/02/2022","20:55:00","21:10:00",30,"Meal ",29,4.8,3,"motorcycle ",2,"No ","Metropolitian ","Stormy","Jam ",0
"6/04/2022","18:55:00","19:05:00",32,"Snack ",21,4.3,18,"motorcycle ",0,"No ","Urban ","Sandstorms","Medium ",1
"4/04/2022","17:50:00","17:55:00",32,"Snack ",32,5,15,"motorcycle ",0,"No ","Urban ","Sandstorms","Medium ",0
"17/03/2022","19:10:00","19:15:00",37,"Buffet ",33,4,1,"scooter ",2,"No ","Urban ","Fog","Jam ",0
"3/04/2022","21:40:00","21:45:00",30,"Buffet ",33,4.6,22,"motorcycle ",0,"No ","Urban ","Fog","Jam ",1
"29/03/2022","21:40:00","21:45:00",30,"Meal ",33,5,13,"scooter ",2,"No ","Metropolitian ","Stormy","Jam ",1
"1/03/2022","23:35:00","23:40:00",29,"Drinks ",35,5,21,"motorcycle ",2,"No ","Metropolitian ","Windy","Low ",1
"3/03/2022","8:55:00","9:00:00",11,"Snack ",25,4.6,15,"scooter ",1,"No ","Metropolitian ","Stormy","Low ",1
"1/03/2022","20:25:00","20:40:00",10,"Snack ",25,4.8,18,"electric_scooter ",2,"No ","Metropolitian ","Sandstorms","Jam ",0
"1/04/2022","22:35:00","22:40:00",22,"Drinks ",38,5,9,"motorcycle ",2,"No ","Metropolitian ","Sandstorms","Low ",0
"26/03/2022","14:10:00","14:25:00",25,"Drinks ",22,4.5,22,"motorcycle ",0,"No ","Metropolitian ","Cloudy","High ",0
"13/03/2022","8:25:00","8:40:00",34,"Meal ",34,4.2,6,"motorcycle ",0,"No ","Urban ","Windy","Low ",1
"29/03/2022","19:50:00","20:05:00",14,"Snack ",27,4.7,15,"motorcycle ",1,"No ","Metropolitian ","Sunny","Jam ",0
"6/03/2022","17:40:00","17:45:00",26,"Snack ",29,4.6,12,"motorcycle ",0,"No ","Metropolitian ","Stormy","Medium ",0
"14/03/2022","20:35:00","20:40:00",39,"Buffet ",34,4.1,9,"motorcycle ",0,"No ","Metropolitian ","Windy","Jam ",1
"7/03/2022","9:20:00","9:25:00",26,"Buffet ",30,4.9,17,"scooter ",1,"No ","Metropolitian ","Stormy","Low ",1
"5/03/2022","9:35:00","9:40:00",22,"Meal ",20,4.9,14,"motorcycle ",0,"No ","Metropolitian ","Stormy","Low ",1
"21/03/2022","22:00:00","22:15:00",34,"Drinks ",36,4.8,3,"motorcycle ",2,"No ","Metropolitian ","Stormy","Jam ",2
"21/03/2022","11:40:00","11:45:00",30,"Drinks ",23,4.7,2,"scooter ",2,"No ","Metropolitian ","Cloudy","High ",1
"11/03/2022","17:00:00","17:15:00",27,"Buffet ",26,4.7,15,"motorcycle ",0,"No ","Metropolitian ","Cloudy","Medium ",1
"24/03/2022","9:45:00","9:55:00",28,"Buffet ",28,4.2,23,"motorcycle ",0,"No ","Metropolitian ","Stormy","Low ",1
"4/04/2022","17:10:00","17:15:00",25,"Meal ",32,4.6,15,"motorcycle ",2,"No ","Urban ","Sandstorms","Medium ",0
"25/03/2022","22:15:00","22:30:00",17,"Snack ",27,4.9,9,"scooter ",2,"No ","Metropolitian ","Sandstorms","Low ",1
"12/02/2022","23:30:00","23:45:00",37,"Buffet ",36,4,4,"motorcycle ",0,"No ","Urban ","Fog","Low ",1
"7/03/2022","14:50:00","14:55:00",28,"Snack ",23,4.7,9,"motorcycle ",0,"No ","Metropolitian ","Fog","High ",1
"11/02/2022","12:00:00","12:15:00",27,"Meal ",31,4.7,23,"motorcycle ",1,"No ","Urban ","Fog","High ",1
"12/02/2022","22:35:00","22:50:00",21,"Buffet ",35,4.5,4,"motorcycle ",1,"No ","Metropolitian ","Sunny","Low ",0
"31/03/2022","18:50:00","19:05:00",47,"Snack ",32,4.6,3,"motorcycle ",0,"No ","Metropolitian ","Windy","Medium ",2
"23/03/2022","20:00:00","20:05:00",31,"Snack ",31,4.2,11,"scooter ",1,"No ","Metropolitian ","Sandstorms","Jam ",1
"30/03/2022","22:40:00","22:50:00",22,"Snack ",38,4.6,18,"motorcycle ",1,"No ","Metropolitian ","Sandstorms","Low ",1
"15/02/2022","10:35:00","10:45:00",23,"Snack ",37,4.6,6,"motorcycle ",1,"No ","Metropolitian ","Windy","Low ",1
"8/03/2022","17:25:00","17:35:00",43,"Buffet ",37,4.9,23,"scooter ",2,"No ","Metropolitian ","Sunny","Medium ",3
"13/03/2022","12:55:00","13:05:00",26,"Drinks ",39,4.8,23,"motorcycle ",1,"No ","Metropolitian ","Fog","High ",1
"5/04/2022","8:55:00","9:10:00",10,"Drinks ",39,4.8,16,"electric_scooter ",2,"No ","Urban ","Sunny","Low ",0
"6/04/2022","23:00:00","23:15:00",22,"Drinks ",21,4.9,19,"motorcycle ",0,"No ","Metropolitian ","Fog","Low ",1
"18/02/2022","19:20:00","19:35:00",32,"Meal ",26,4.1,10,"scooter ",1,"No ","Metropolitian ","Fog","Jam ",1
"10/03/2022","17:40:00","17:45:00",18,"Buffet ",35,4.6,22,"motorcycle ",1,"No ","Urban ","Sunny","Medium ",1
"17/02/2022","17:45:00","18:00:00",23,"Snack ",27,4.7,22,"motorcycle ",0,"No ","Urban ","Windy","Medium ",0
"12/02/2022","21:30:00","21:45:00",31,"Snack ",21,4.8,9,"motorcycle ",0,"No ","Metropolitian ","Windy","Jam ",1
"2/04/2022","19:50:00","20:00:00",36,"Snack ",26,4.8,11,"motorcycle ",1,"No ","Metropolitian ","Fog","Jam ",2
"1/04/2022","21:10:00","21:20:00",21,"Buffet ",20,4.6,17,"motorcycle ",2,"No ","Urban ","Fog","Jam ",0
"11/03/2022","9:10:00","9:15:00",26,"Drinks ",22,4.1,3,"motorcycle ",0,"No ","Metropolitian ","Sandstorms","Low ",1
"5/03/2022","18:00:00","18:15:00",21,"Buffet ",35,4.9,23,"scooter ",1,"No ","Metropolitian ","Stormy","Medium ",1
"10/03/2022","19:40:00","19:50:00",13,"Buffet ",24,4.7,18,"motorcycle ",1,"No ","Metropolitian ","Sunny","Jam ",0
"10/03/2022","21:15:00","21:25:00",35,"Buffet ",33,4.7,17,"motorcycle ",0,"No ","Metropolitian ","Sunny","Jam ",1
"11/03/2022","23:30:00","23:35:00",26,"Buffet ",37,4.5,3,"motorcycle ",0,"No ","Urban ","Fog","Low ",1
"10/03/2022","19:45:00","19:50:00",46,"Snack ",25,4.6,22,"motorcycle ",0,"No ","Metropolitian ","Fog","Jam ",0
"31/03/2022","23:15:00","23:30:00",43,"Buffet ",37,5,11,"motorcycle ",0,"No ","Metropolitian ","Cloudy","Low ",1
"18/02/2022","18:20:00","18:30:00",28,"Meal ",24,4.7,18,"scooter ",2,"No ","Urban ","Cloudy","Medium ",1
"27/03/2022","21:45:00","22:00:00",18,"Meal ",28,4.9,17,"scooter ",1,"No ","Metropolitian ","Stormy","Jam ",1
"19/03/2022","13:55:00","14:05:00",14,"Drinks ",27,4.8,12,"electric_scooter ",2,"No ","Metropolitian ","Sandstorms","High ",0
"14/03/2022","19:30:00","19:45:00",44,"Buffet ",34,4.1,9,"electric_scooter ",2,"No ","Metropolitian ","Windy","Jam ",1
"1/04/2022","9:15:00","9:25:00",29,"Buffet ",37,5,4,"scooter ",2,"No ","Metropolitian ","Stormy","Low ",0
"8/03/2022","20:20:00","20:30:00",44,"Snack ",24,4.9,15,"scooter ",2,"Yes ","Metropolitian ","Sunny","Jam ",2
"18/02/2022","22:45:00","22:55:00",36,"Snack ",36,4.3,9,"scooter ",2,"No ","Metropolitian ","Fog","Low ",1
"11/02/2022","10:50:00","11:00:00",19,"Buffet ",37,4.8,2,"motorcycle ",2,"No ","Metropolitian ","Stormy","Low ",0
"28/03/2022","8:35:00","8:45:00",27,"Snack ",33,4.7,16,"motorcycle ",0,"No ","Metropolitian ","Stormy","Low ",1
"15/03/2022","10:20:00","10:35:00",23,"Buffet ",20,4.6,14,"motorcycle ",0,"No ","Metropolitian ","Cloudy","Low ",0
"5/04/2022","19:10:00","19:25:00",31,"Buffet ",37,4.9,18,"scooter ",2,"No ","Urban ","Stormy","Jam ",1
"6/04/2022","20:00:00","20:15:00",47,"Buffet ",30,4.9,17,"scooter ",2,"No ","Metropolitian ","Fog","Jam ",1
"30/03/2022","20:30:00","20:40:00",24,"Drinks ",25,4.6,13,"motorcycle ",1,"No ","Metropolitian ","Cloudy","Jam ",0
"1/03/2022","20:00:00","20:15:00",26,"Drinks ",35,4.9,15,"scooter ",2,"No ","Urban ","Sandstorms","Jam ",1
"15/03/2022","19:35:00","19:45:00",20,"Drinks ",35,4.9,23,"motorcycle ",0,"No ","Metropolitian ","Sunny","Jam ",1
"10/03/2022","19:20:00","19:30:00",40,"Snack ",34,3.8,1,"electric_scooter ",2,"No ","Metropolitian ","Stormy","Jam ",1
"21/03/2022","15:40:00","15:55:00",15,"Drinks ",35,4.7,17,"scooter ",1,"No ","Urban ","Fog","Medium ",1
"2/04/2022","23:55:00","0:10:00",19,"Buffet ",28,4.5,23,"motorcycle ",0,"No ","Urban ","Windy","Low ",1
"17/03/2022","11:45:00","11:55:00",32,"Meal ",30,4.1,12,"motorcycle ",0,"No ","Metropolitian ","Fog","High ",0
"8/03/2022","23:35:00","23:45:00",35,"Drinks ",37,4.9,15,"motorcycle ",0,"No ","Metropolitian ","Cloudy","Low ",0
"7/03/2022","17:50:00","18:00:00",29,"Snack ",22,4.9,18,"scooter ",1,"No ","Metropolitian ","Stormy","Medium ",0
"8/03/2022","23:15:00","23:25:00",25,"Snack ",26,4.7,22,"scooter ",1,"No ","Urban ","Sandstorms","Low ",1
"13/03/2022","17:20:00","17:35:00",29,"Drinks ",34,4.6,17,"scooter ",2,"No ","Metropolitian ","Stormy","Medium ",1
"7/03/2022","9:30:00","9:35:00",23,"Snack ",32,4.9,16,"motorcycle ",0,"No ","Urban ","Sunny","Low ",1
"1/04/2022","11:20:00","11:30:00",27,"Drinks ",21,4.5,9,"motorcycle ",0,"No ","Metropolitian ","Sandstorms","High ",1
"11/03/2022","17:20:00","17:25:00",24,"Buffet ",24,4.9,14,"motorcycle ",0,"No ","Metropolitian ","Sunny","Medium ",1
"9/03/2022","18:10:00","18:25:00",31,"Buffet ",36,4.8,23,"scooter ",2,"No ","Metropolitian ","Sandstorms","Medium ",1
"8/03/2022","19:45:00","19:50:00",36,"Meal ",20,4.1,1,"scooter ",1,"No ","Urban ","Stormy","Jam ",0
"5/03/2022","16:50:00","17:00:00",15,"Drinks ",21,4.9,9,"motorcycle ",1,"No ","Metropolitian ","Fog","Medium ",0
"4/04/2022","17:10:00","17:25:00",42,"Buffet ",21,4.8,14,"motorcycle ",0,"No ","Metropolitian ","Cloudy","Medium ",1
"3/04/2022","21:55:00","22:05:00",40,"Snack ",21,4.2,16,"motorcycle ",0,"No ","Urban ","Sunny","Jam ",1
"17/03/2022","11:30:00","11:35:00",20,"Snack ",20,4.6,9,"motorcycle ",2,"No ","Metropolitian ","Cloudy","High ",0
"4/03/2022","17:40:00","17:45:00",16,"Meal ",34,4.5,5,"motorcycle ",1,"No ","Urban ","Sunny","Medium ",1
"10/03/2022","19:50:00","20:00:00",32,"Snack ",33,3.7,8,"scooter ",1,"No ","Metropolitian ","Sandstorms","Jam ",1
"14/02/2022","19:40:00","19:45:00",19,"Snack ",24,4.8,21,"scooter ",1,"No ","Urban ","Sandstorms","Jam ",1
"24/03/2022","8:20:00","8:25:00",27,"Drinks ",32,4.7,13,"motorcycle ",1,"No ","Metropolitian ","Sandstorms","Low ",1
"28/03/2022","11:55:00","12:00:00",31,"Drinks ",35,4.7,13,"scooter ",2,"No ","Metropolitian ","Stormy","High ",1
"3/04/2022","17:20:00","17:30:00",24,"Snack ",22,4.6,21,"motorcycle ",2,"No ","Metropolitian ","Stormy","Medium ",1
"30/03/2022","11:10:00","11:25:00",37,"Meal ",26,4.3,3,"motorcycle ",0,"No ","Metropolitian ","Stormy","High ",1
"19/03/2022","20:50:00","21:05:00",18,"Drinks ",37,4.8,18,"scooter ",1,"No ","Urban ","Sunny","Jam ",0
"13/02/2022","22:15:00","22:30:00",18,"Drinks ",24,4.6,5,"motorcycle ",2,"No ","Metropolitian ","Stormy","Low ",1
"5/03/2022","18:10:00","18:20:00",21,"Drinks ",21,4.8,16,"motorcycle ",0,"No ","Urban ","Stormy","Medium ",1
"4/04/2022","20:40:00","20:55:00",26,"Buffet ",27,4.9,19,"motorcycle ",1,"No ","Metropolitian ","Windy","Jam ",1
"3/03/2022","10:25:00","10:30:00",16,"Meal ",32,4.9,9,"motorcycle ",2,"No ","Metropolitian ","Sunny","Low ",0
"18/02/2022","0:00:00","0:05:00",10,"Drinks ",27,5,22,"motorcycle ",2,"No ","Urban ","Stormy","Low ",1
"10/03/2022","22:00:00","22:05:00",36,"Snack ",37,4.9,23,"motorcycle ",1,"No ","Metropolitian ","Fog","Jam ",2
"29/03/2022","19:30:00","19:35:00",40,"Meal ",28,4,8,"scooter ",1,"No ","Metropolitian ","Cloudy","Jam ",0
"25/03/2022","19:55:00","20:10:00",19,"Drinks ",23,4.5,23,"scooter ",1,"No ","Metropolitian ","Stormy","Jam ",1
"21/03/2022","14:50:00","15:05:00",22,"Buffet ",27,4.7,22,"motorcycle ",0,"No ","Metropolitian ","Windy","High ",1
"18/02/2022","18:40:00","18:45:00",30,"Meal ",32,4.9,15,"scooter ",1,"No ","Urban ","Fog","Medium ",0
"25/03/2022","19:40:00","19:55:00",48,"Buffet ",26,4.9,3,"motorcycle ",0,"No ","Metropolitian ","Fog","Jam ",1
"9/03/2022","23:40:00","23:50:00",19,"Buffet ",29,5,21,"motorcycle ",2,"No ","Urban ","Stormy","Low ",1
"4/03/2022","22:35:00","22:50:00",19,"Buffet ",35,4.9,23,"motorcycle ",2,"No ","Urban ","Stormy","Low ",1
"5/03/2022","22:00:00","22:10:00",30,"Snack ",30,4.7,21,"motorcycle ",2,"No ","Metropolitian ","Windy","Jam ",0
"10/03/2022","22:00:00","22:10:00",51,"Buffet ",36,4.3,18,"motorcycle ",0,"No ","Metropolitian ","Sandstorms","Jam ",1
"26/03/2022","8:40:00","8:50:00",30,"Meal ",30,4.1,13,"motorcycle ",0,"No ","Metropolitian ","Sandstorms","Low ",1
"10/03/2022","20:55:00","21:10:00",36,"Drinks ",39,3.5,5,"motorcycle ",1,"No ","Metropolitian ","Sandstorms","Jam ",1
"20/03/2022","18:15:00","18:20:00",30,"Drinks ",22,4.7,2,"motorcycle ",0,"No ","Metropolitian ","Stormy","Medium ",1
"20/03/2022","20:15:00","20:20:00",28,"Snack ",33,4.5,14,"electric_scooter ",2,"No ","Metropolitian ","Sandstorms","Jam ",1
"18/03/2022","18:50:00","19:05:00",16,"Snack ",25,4.5,5,"scooter ",2,"No ","Urban ","Sandstorms","Medium ",0
"21/03/2022","9:20:00","9:30:00",13,"Meal ",24,4.8,16,"motorcycle ",1,"No ","Urban ","Cloudy","Low ",1
"4/04/2022","20:15:00","20:30:00",37,"Buffet ",20,4.6,13,"motorcycle ",0,"No ","Metropolitian ","Cloudy","Jam ",1
"15/02/2022","21:00:00","21:10:00",33,"Buffet ",22,4.6,9,"motorcycle ",0,"No ","Metropolitian ","Windy","Jam ",1
"18/02/2022","18:15:00","18:25:00",19,"Buffet ",29,4.6,9,"scooter ",1,"No ","Metropolitian ","Sandstorms","Medium ",1
"25/03/2022","21:20:00","21:35:00",45,"Snack ",37,4.9,3,"motorcycle ",0,"No ","Metropolitian ","Cloudy","Jam ",1
"3/03/2022","10:30:00","10:45:00",21,"Snack ",26,4.9,22,"motorcycle ",0,"No ","Urban ","Fog","Low ",0
"6/03/2022","17:20:00","17:30:00",44,"Meal ",30,4.6,12,"scooter ",1,"Yes ","Metropolitian ","Sunny","Medium ",0
"6/03/2022","22:30:00","22:35:00",38,"Meal ",30,4.3,1,"motorcycle ",0,"No ","Urban ","Sandstorms","Low ",1
"25/03/2022","20:15:00","20:20:00",43,"Drinks ",38,4.3,3,"motorcycle ",0,"Yes ","Metropolitian ","Sunny","Jam ",1
"30/03/2022","20:55:00","21:00:00",32,"Meal ",23,4.1,3,"electric_scooter ",2,"No ","Metropolitian ","Fog","Jam ",1
"12/03/2022","20:25:00","20:35:00",40,"Meal ",30,4.6,15,"motorcycle ",0,"No ","Metropolitian ","Fog","Jam ",1
"5/03/2022","17:35:00","17:45:00",13,"Buffet ",29,4.9,17,"motorcycle ",1,"No ","Metropolitian ","Stormy","Medium ",1
"5/03/2022","10:25:00","10:35:00",17,"Meal ",21,4.6,23,"scooter ",1,"No ","Metropolitian ","Stormy","Low ",1
"30/03/2022","10:30:00","10:40:00",22,"Snack ",22,4.2,13,"motorcycle ",0,"No ","Metropolitian ","Windy","Low ",1
"7/03/2022","15:15:00","15:30:00",20,"Meal ",26,4.8,21,"motorcycle ",1,"No ","Urban ","Stormy","Medium ",0
"10/03/2022","22:25:00","22:30:00",17,"Snack ",24,4.6,15,"electric_scooter ",2,"No ","Metropolitian ","Sandstorms","Low ",0
"11/02/2022","14:30:00","14:40:00",24,"Snack ",28,4.6,8,"scooter ",1,"No ","Metropolitian ","Stormy","High ",1
"15/03/2022","11:50:00","12:05:00",32,"Buffet ",32,4.6,23,"scooter ",1,"No ","Metropolitian ","Cloudy","High ",1
"31/03/2022","23:50:00","0:00:00",27,"Buffet ",34,4.6,23,"motorcycle ",0,"No ","Metropolitian ","Stormy","Low ",1
"9/03/2022","16:10:00","16:15:00",21,"Snack ",27,4.7,16,"motorcycle ",0,"No ","Metropolitian ","Sunny","Medium ",0
"4/04/2022","23:55:00","0:00:00",34,"Buffet ",37,3.8,5,"motorcycle ",1,"No ","Metropolitian ","Fog","Low ",0
"4/03/2022","21:55:00","22:05:00",28,"Drinks ",36,4.7,22,"scooter ",2,"No ","Metropolitian ","Windy","Jam ",1
"17/03/2022","15:45:00","16:00:00",16,"Snack ",35,4.7,23,"electric_scooter ",2,"No ","Metropolitian ","Fog","Medium ",1
"14/03/2022","23:00:00","23:15:00",22,"Snack ",27,4.9,22,"motorcycle ",0,"No ","Metropolitian ","Cloudy","Low ",1
"9/03/2022","19:15:00","19:25:00",33,"Snack ",30,4.2,11,"scooter ",1,"No ","Metropolitian ","Cloudy","Jam ",1
"28/03/2022","17:40:00","17:55:00",19,"Buffet ",36,4.7,12,"motorcycle ",1,"No ","Metropolitian ","Sunny","Medium ",1
"13/03/2022","21:45:00","21:55:00",24,"Meal ",38,4.6,16,"motorcycle ",0,"No ","Urban ","Sunny","Jam ",0
"11/02/2022","8:55:00","9:05:00",15,"Meal ",23,5,4,"electric_scooter ",2,"No ","Metropolitian ","Sunny","Low ",1
"29/03/2022","22:00:00","22:15:00",27,"Meal ",20,4.5,23,"motorcycle ",0,"No ","Metropolitian ","Stormy","Jam ",1
"15/03/2022","11:45:00","12:00:00",17,"Buffet ",28,5,14,"motorcycle ",1,"No ","Metropolitian ","Stormy","High ",0
"26/03/2022","23:45:00","23:50:00",16,"Meal ",23,4.8,17,"motorcycle ",1,"No ","Urban ","Cloudy","Low ",0
"4/03/2022","17:25:00","17:30:00",15,"Meal ",27,4.6,16,"scooter ",1,"No ","Metropolitian ","Sunny","Medium ",1
"17/02/2022","19:50:00","19:55:00",27,"Buffet ",36,4.9,8,"scooter ",1,"No ","Metropolitian ","Fog","Jam ",0
"7/03/2022","10:55:00","11:10:00",13,"Drinks ",24,4.8,15,"scooter ",1,"No ","Urban ","Sandstorms","Low ",0
"14/03/2022","20:40:00","20:50:00",48,"Drinks ",37,4.9,21,"motorcycle ",2,"No ","Metropolitian ","Fog","Jam ",1
"15/03/2022","10:50:00","11:05:00",15,"Snack ",27,4.7,19,"scooter ",1,"No ","Urban ","Sunny","Low ",1
"11/03/2022","9:00:00","9:05:00",11,"Drinks ",35,4.9,15,"scooter ",2,"No ","Metropolitian ","Sunny","Low ",0
"2/03/2022","19:15:00","19:25:00",31,"Drinks ",26,4.6,23,"scooter ",2,"No ","Metropolitian ","Stormy","Jam ",1
"27/03/2022","18:15:00","18:20:00",31,"Meal ",34,3.9,5,"scooter ",1,"No ","Metropolitian ","Sandstorms","Medium ",1
"1/04/2022","10:25:00","10:40:00",17,"Snack ",30,4.6,6,"scooter ",1,"No ","Urban ","Cloudy","Low ",1
"28/03/2022","22:20:00","22:35:00",17,"Buffet ",37,4.7,18,"scooter ",2,"No ","Metropolitian ","Sunny","Low ",0
"15/03/2022","22:50:00","22:55:00",28,"Buffet ",36,4.7,19,"motorcycle ",2,"No ","Urban ","Sandstorms","Low ",1
"24/03/2022","19:20:00","19:25:00",26,"Buffet ",27,4.6,9,"motorcycle ",0,"No ","Metropolitian ","Cloudy","Jam ",1
"9/03/2022","15:00:00","15:15:00",23,"Buffet ",24,4.9,13,"motorcycle ",1,"No ","Metropolitian ","Fog","High ",1
"9/03/2022","10:45:00","10:55:00",19,"Drinks ",21,4.6,17,"motorcycle ",0,"No ","Metropolitian ","Fog","Low ",0
"18/02/2022","23:45:00","23:50:00",28,"Buffet ",37,4.9,19,"motorcycle ",0,"No ","Urban ","Windy","Low ",0
"12/02/2022","23:55:00","0:05:00",18,"Drinks ",23,4.9,3,"scooter ",2,"No ","Metropolitian ","Stormy","Low ",1
"24/03/2022","18:45:00","18:50:00",22,"Snack ",33,4.7,15,"motorcycle ",0,"No ","Metropolitian ","Sunny","Medium ",0
"26/03/2022","12:10:00","12:20:00",32,"Snack ",30,4.2,6,"motorcycle ",0,"No ","Metropolitian ","Fog","High ",1
"19/03/2022","17:20:00","17:25:00",26,"Drinks ",30,4.7,5,"motorcycle ",0,"No ","Metropolitian ","Cloudy","Medium ",0
"20/03/2022","22:45:00","22:55:00",28,"Buffet ",24,4.7,22,"electric_scooter ",2,"No ","Urban ","Cloudy","Low ",1
"21/03/2022","17:35:00","17:45:00",25,"Drinks ",37,4.5,19,"motorcycle ",0,"No ","Metropolitian ","Cloudy","Medium ",1
"14/02/2022","17:15:00","17:30:00",18,"Drinks ",28,4.9,4,"scooter ",1,"No ","Metropolitian ","Sandstorms","Medium ",1
"2/03/2022","17:45:00","17:55:00",27,"Drinks ",39,4.9,17,"scooter ",2,"No ","Metropolitian ","Stormy","Medium ",1
"17/03/2022","23:55:00","0:05:00",12,"Drinks ",24,4.6,13,"scooter ",1,"No ","Metropolitian ","Fog","Low ",0
"15/02/2022","8:30:00","8:45:00",28,"Buffet ",36,4.9,9,"scooter ",2,"No ","Metropolitian ","Sandstorms","Low ",0
"4/04/2022","21:30:00","21:35:00",39,"Meal ",31,4.4,4,"motorcycle ",0,"No ","Metropolitian ","Sandstorms","Jam ",1
"25/03/2022","17:35:00","17:45:00",12,"Drinks ",21,4.8,16,"scooter ",1,"No ","Urban ","Sunny","Medium ",1
"29/03/2022","21:20:00","21:30:00",25,"Snack ",22,4.9,9,"motorcycle ",0,"No ","Metropolitian ","Stormy","Jam ",0
"5/04/2022","13:50:00","14:00:00",26,"Drinks ",33,4.6,15,"motorcycle ",2,"No ","Urban ","Stormy","High ",1
"21/03/2022","11:30:00","11:35:00",34,"Snack ",35,4,9,"motorcycle ",1,"No ","Metropolitian ","Windy","High ",2
"16/02/2022","19:35:00","19:45:00",36,"Buffet ",37,3.7,14,"scooter ",2,"No ","Metropolitian ","Stormy","Jam ",0
"17/02/2022","21:10:00","21:20:00",31,"Drinks ",30,4,16,"scooter ",1,"No ","Metropolitian ","Fog","Jam ",1
"3/04/2022","10:35:00","10:45:00",15,"Snack ",20,4.8,19,"motorcycle ",2,"No ","Metropolitian ","Windy","Low ",1
"18/02/2022","22:50:00","23:05:00",21,"Snack ",21,4.6,23,"scooter ",1,"No ","Urban ","Fog","Low ",1
"30/03/2022","15:40:00","15:50:00",38,"Drinks ",37,4.9,3,"motorcycle ",0,"No ","Metropolitian ","Sandstorms","Medium ",1
"29/03/2022","22:45:00","22:55:00",14,"Buffet ",23,4.8,13,"motorcycle ",1,"No ","Metropolitian ","Stormy","Low ",0
"2/03/2022","17:25:00","17:30:00",38,"Buffet ",38,4.6,23,"motorcycle ",0,"No ","Metropolitian ","Stormy","Medium ",0
"4/04/2022","20:50:00","21:05:00",15,"Drinks ",25,5,9,"scooter ",2,"No ","Metropolitian ","Sunny","Jam ",1
"17/02/2022","9:20:00","9:30:00",24,"Drinks ",38,4.5,5,"motorcycle ",0,"No ","Urban ","Cloudy","Low ",1
"15/02/2022","22:40:00","22:55:00",17,"Buffet ",24,4.7,3,"motorcycle ",1,"No ","Metropolitian ","Sandstorms","Low ",0
"4/04/2022","22:50:00","23:05:00",26,"Snack ",24,4.9,17,"electric_scooter ",2,"No ","Urban ","Fog","Low ",1
"20/03/2022","20:50:00","21:00:00",29,"Buffet ",32,4.9,6,"electric_scooter ",2,"No ","Metropolitian ","Sunny","Jam ",0
"11/03/2022","22:35:00","22:50:00",23,"Meal ",20,4.2,3,"motorcycle ",0,"No ","Urban ","Stormy","Low ",1
"3/03/2022","22:40:00","22:55:00",10,"Buffet ",25,4.6,18,"motorcycle ",1,"No ","Urban ","Cloudy","Low ",0
"3/03/2022","18:25:00","18:40:00",22,"Snack ",35,4.9,16,"motorcycle ",0,"No ","Metropolitian ","Sunny","Medium ",1
"29/03/2022","22:00:00","22:15:00",36,"Snack ",21,4.7,3,"motorcycle ",0,"No ","Metropolitian ","Windy","Jam ",1
"13/03/2022","18:40:00","18:50:00",30,"Buffet ",31,4.6,19,"motorcycle ",1,"No ","Metropolitian ","Stormy","Medium ",1
"4/03/2022","17:10:00","17:15:00",34,"Meal ",21,4.9,17,"motorcycle ",0,"No ","Urban ","Cloudy","Medium ",1
"5/03/2022","19:40:00","19:45:00",20,"Snack ",22,4.9,16,"motorcycle ",1,"No ","Metropolitian ","Fog","Jam ",0
"9/03/2022","15:30:00","15:45:00",32,"Buffet ",39,5,21,"motorcycle ",1,"No ","Urban ","Windy","Medium ",0
"21/03/2022","12:35:00","12:40:00",25,"Meal ",26,4.5,15,"motorcycle ",1,"No ","Metropolitian ","Cloudy","High ",1
"4/04/2022","19:00:00","19:05:00",37,"Buffet ",28,4.3,15,"motorcycle ",2,"No ","Metropolitian ","Fog","Medium ",1
"21/03/2022","9:00:00","9:15:00",25,"Drinks ",32,4.7,23,"motorcycle ",0,"No ","Metropolitian ","Sunny","Low ",1
"28/03/2022","9:55:00","10:00:00",18,"Meal ",25,4.6,12,"motorcycle ",0,"No ","Metropolitian ","Fog","Low ",1
"15/03/2022","16:35:00","16:40:00",19,"Snack ",37,4.9,13,"scooter ",1,"No ","Metropolitian ","Cloudy","Medium ",1
"20/03/2022","18:45:00","18:50:00",26,"Meal ",37,4.9,22,"scooter ",2,"No ","Urban ","Sandstorms","Medium ",1
"10/03/2022","17:40:00","17:50:00",21,"Buffet ",33,4.7,18,"scooter ",2,"No ","Urban ","Sunny","Medium ",1
"20/03/2022","21:45:00","21:50:00",32,"Buffet ",28,4.6,6,"electric_scooter ",2,"No ","Metropolitian ","Fog","Jam ",1
"14/03/2022","18:55:00","19:05:00",23,"Snack ",29,4.7,16,"scooter ",2,"No ","Metropolitian ","Sandstorms","Medium ",1
"25/03/2022","23:30:00","23:45:00",30,"Drinks ",39,4.8,7,"scooter ",1,"No ","Metropolitian ","Cloudy","Low ",0
"5/03/2022","18:50:00","18:55:00",21,"Drinks ",24,4.8,12,"motorcycle ",0,"No ","Metropolitian ","Fog","Medium ",0
"15/02/2022","15:35:00","15:50:00",15,"Meal ",31,4.7,23,"scooter ",1,"No ","Urban ","Sunny","Medium ",1
"12/03/2022","17:55:00","18:05:00",35,"Snack ",30,4.9,22,"motorcycle ",0,"No ","Metropolitian ","Windy","Medium ",1
"14/02/2022","23:15:00","23:30:00",44,"Meal ",35,4,18,"motorcycle ",0,"No ","Metropolitian ","Fog","Low ",3
"3/03/2022","11:20:00","11:30:00",35,"Meal ",31,4.6,13,"motorcycle ",0,"No ","Metropolitian ","Stormy","High ",0
"4/03/2022","23:55:00","0:00:00",19,"Snack ",27,4.7,12,"electric_scooter ",2,"No ","Metropolitian ","Sandstorms","Low ",1
"8/03/2022","18:00:00","18:10:00",39,"Snack ",33,4.6,17,"motorcycle ",2,"No ","Urban ","Stormy","Medium ",1
"14/02/2022","21:50:00","21:55:00",43,"Buffet ",32,4.4,7,"motorcycle ",1,"No ","Metropolitian ","Stormy","Jam ",1
"14/02/2022","17:55:00","18:05:00",25,"Drinks ",37,4.9,2,"scooter ",1,"No ","Metropolitian ","Stormy","Medium ",1
"28/03/2022","10:35:00","10:45:00",15,"Drinks ",28,4.8,19,"scooter ",2,"No ","Urban ","Sunny","Low ",1
"16/03/2022","23:40:00","23:45:00",25,"Drinks ",31,4.8,22,"scooter ",2,"No ","Urban ","Cloudy","Low ",1
"14/02/2022","19:45:00","19:55:00",37,"Snack ",26,4.7,7,"scooter ",1,"No ","Metropolitian ","Stormy","Jam ",2
"30/03/2022","15:45:00","16:00:00",22,"Meal ",22,4.6,1,"motorcycle ",0,"No ","Urban ","Fog","Medium ",1
"4/04/2022","19:30:00","19:45:00",30,"Snack ",23,4.6,23,"motorcycle ",0,"No ","Metropolitian ","Windy","Jam ",1
"19/03/2022","22:10:00","22:25:00",31,"Meal ",37,4.3,11,"motorcycle ",0,"No ","Metropolitian ","Stormy","Low ",0
"4/03/2022","17:40:00","17:45:00",38,"Meal ",33,3.8,13,"motorcycle ",1,"No ","Metropolitian ","Sandstorms","Medium ",1
"20/03/2022","23:00:00","23:10:00",22,"Buffet ",21,4.7,21,"scooter ",1,"No ","Metropolitian ","Cloudy","Low ",1
"1/04/2022","23:35:00","23:40:00",28,"Snack ",26,4,23,"motorcycle ",0,"No ","Metropolitian ","Sandstorms","Low ",1
"3/04/2022","8:25:00","8:35:00",17,"Meal ",22,4.5,23,"motorcycle ",1,"No ","Metropolitian ","Cloudy","Low ",1
"5/03/2022","20:40:00","20:55:00",27,"Meal ",27,4.7,18,"scooter ",2,"No ","Metropolitian ","Windy","Jam ",0
"15/02/2022","18:30:00","18:35:00",10,"Meal ",21,4.9,15,"motorcycle ",1,"No ","Urban ","Sunny","Medium ",1
"16/02/2022","20:25:00","20:35:00",51,"Drinks ",30,4.7,18,"motorcycle ",0,"Yes ","Urban ","Stormy","Jam ",2
"9/03/2022","10:35:00","10:40:00",13,"Drinks ",20,4.9,15,"motorcycle ",1,"No ","Metropolitian ","Fog","Low ",0
"19/03/2022","18:35:00","18:40:00",29,"Buffet ",23,4.8,16,"motorcycle ",0,"No ","Urban ","Fog","Medium ",1
"15/03/2022","8:20:00","8:35:00",23,"Buffet ",24,4.9,9,"motorcycle ",0,"No ","Metropolitian ","Cloudy","Low ",1
"1/04/2022","15:00:00","15:05:00",21,"Buffet ",24,4.7,9,"motorcycle ",0,"No ","Metropolitian ","Sandstorms","High ",0
"16/03/2022","23:50:00","0:05:00",43,"Snack ",32,4.6,15,"motorcycle ",0,"No ","Metropolitian ","Fog","Low ",1
"11/02/2022","11:10:00","11:25:00",25,"Meal ",20,4.7,2,"scooter ",2,"No ","Metropolitian ","Stormy","High ",1
"27/03/2022","23:30:00","23:45:00",42,"Meal ",39,4.3,1,"motorcycle ",0,"No ","Metropolitian ","Cloudy","Low ",1
"3/03/2022","8:15:00","8:30:00",25,"Snack ",33,4.9,23,"motorcycle ",1,"No ","Metropolitian ","Windy","Low ",1
"13/02/2022","9:25:00","9:35:00",25,"Buffet ",38,5,16,"motorcycle ",1,"No ","Urban ","Sandstorms","Low ",1
"17/02/2022","11:25:00","11:30:00",33,"Drinks ",37,4.7,6,"motorcycle ",0,"No ","Metropolitian ","Sandstorms","High ",1
"14/03/2022","19:50:00","19:55:00",38,"Meal ",34,4.4,23,"motorcycle ",1,"No ","Metropolitian ","Stormy","Jam ",1
"2/04/2022","18:50:00","19:00:00",16,"Meal ",23,4.8,18,"motorcycle ",0,"No ","Metropolitian ","Sunny","Medium ",0
"5/04/2022","12:00:00","12:10:00",31,"Drinks ",35,5,15,"motorcycle ",1,"No ","Metropolitian ","Stormy","High ",1
"19/03/2022","16:10:00","16:15:00",22,"Drinks ",29,5,23,"motorcycle ",0,"No ","Urban ","Sunny","Medium ",1
"19/03/2022","8:50:00","9:05:00",19,"Drinks ",26,5,3,"motorcycle ",2,"No ","Metropolitian ","Cloudy","Low ",1
"7/03/2022","10:35:00","10:50:00",23,"Drinks ",36,4.3,6,"motorcycle ",0,"No ","Urban ","Sandstorms","Low ",1
"3/03/2022","20:10:00","20:20:00",19,"Buffet ",37,4.7,16,"scooter ",1,"No ","Metropolitian ","Sunny","Jam ",0
"21/03/2022","22:30:00","22:40:00",23,"Drinks ",38,4.1,9,"motorcycle ",0,"No ","Metropolitian ","Windy","Low ",1
"7/03/2022","10:40:00","10:50:00",15,"Meal ",23,4.8,19,"scooter ",1,"No ","Metropolitian ","Stormy","Low ",1
"5/03/2022","9:00:00","9:10:00",25,"Drinks ",25,4.4,23,"motorcycle ",0,"No ","Metropolitian ","Windy","Low ",1
"12/03/2022","20:40:00","20:45:00",41,"Drinks ",35,3.6,5,"scooter ",2,"No ","Metropolitian ","Sandstorms","Jam ",1
"10/03/2022","18:40:00","18:45:00",31,"Drinks ",24,4.7,16,"motorcycle ",0,"No ","Metropolitian ","Sandstorms","Medium ",0
"24/03/2022","18:25:00","18:40:00",25,"Snack ",37,4.7,18,"electric_scooter ",2,"No ","Metropolitian ","Stormy","Medium ",1
"1/04/2022","23:15:00","23:30:00",14,"Snack ",25,4.8,23,"scooter ",1,"No ","Metropolitian ","Stormy","Low ",0
"16/03/2022","17:35:00","17:45:00",43,"Buffet ",33,4.9,16,"motorcycle ",1,"No ","Metropolitian ","Fog","Medium ",1
"14/02/2022","23:50:00","23:55:00",18,"Buffet ",27,4.9,3,"electric_scooter ",2,"No ","Metropolitian ","Windy","Low ",0
"11/02/2022","18:45:00","18:50:00",18,"Meal ",28,4.9,8,"motorcycle ",2,"No ","Metropolitian ","Sunny","Medium ",1
"21/03/2022","19:30:00","19:40:00",34,"Meal ",38,4.8,3,"scooter ",1,"No ","Metropolitian ","Cloudy","Jam ",1
"12/03/2022","20:55:00","21:05:00",37,"Drinks ",36,4.2,13,"motorcycle ",0,"No ","Metropolitian ","Sunny","Jam ",0
"26/03/2022","19:35:00","19:45:00",20,"Buffet ",35,4.7,15,"motorcycle ",2,"No ","Urban ","Sunny","Jam ",0
"13/03/2022","13:10:00","13:20:00",19,"Meal ",37,4.7,14,"scooter ",2,"No ","Metropolitian ","Sunny","High ",0
"20/03/2022","21:35:00","21:45:00",19,"Meal ",24,4.6,23,"electric_scooter ",2,"No ","Urban ","Windy","Jam ",0
"8/03/2022","19:45:00","19:55:00",36,"Drinks ",30,4.2,2,"motorcycle ",2,"No ","Urban ","Stormy","Jam ",1
"19/03/2022","0:00:00","0:10:00",15,"Snack ",38,4.9,11,"scooter ",1,"No ","Metropolitian ","Fog","Low ",1
"4/03/2022","0:00:00","0:05:00",28,"Snack ",33,4.7,16,"motorcycle ",0,"No ","Urban ","Stormy","Low ",1
"11/02/2022","13:45:00","13:55:00",32,"Meal ",22,4,12,"motorcycle ",1,"No ","Metropolitian ","Fog","High ",1
"20/03/2022","0:00:00","0:15:00",27,"Snack ",36,4.9,23,"scooter ",1,"No ","Metropolitian ","Stormy","Low ",1
"2/04/2022","21:40:00","21:45:00",15,"Buffet ",26,4.8,22,"scooter ",2,"No ","Metropolitian ","Stormy","Jam ",0
"21/03/2022","11:55:00","12:10:00",16,"Meal ",20,4.8,21,"motorcycle ",0,"No ","Metropolitian ","Stormy","High ",0
"7/03/2022","12:50:00","13:05:00",30,"Snack ",35,4.9,13,"motorcycle ",2,"No ","Metropolitian ","Windy","High ",1
"12/03/2022","19:30:00","19:35:00",26,"Meal ",23,5,15,"motorcycle ",0,"No ","Metropolitian ","Stormy","Jam ",0
"6/04/2022","19:10:00","19:20:00",39,"Drinks ",37,3.8,2,"scooter ",2,"No ","Metropolitian ","Stormy","Jam ",1
"30/03/2022","15:55:00","16:10:00",14,"Snack ",28,4.6,15,"motorcycle ",0,"No ","Metropolitian ","Windy","Medium ",0
"17/02/2022","11:50:00","12:00:00",25,"Meal ",23,4.7,3,"scooter ",1,"No ","Metropolitian ","Sandstorms","High ",0
"26/03/2022","10:40:00","10:45:00",17,"Snack ",37,4.6,14,"motorcycle ",1,"No ","Metropolitian ","Cloudy","Low ",0
"6/04/2022","19:10:00","19:25:00",22,"Buffet ",25,4.8,23,"motorcycle ",1,"No ","Metropolitian ","Sunny","Jam ",1
"2/04/2022","22:30:00","22:35:00",27,"Drinks ",30,4.7,18,"scooter ",1,"No ","Metropolitian ","Sandstorms","Low ",1
"26/03/2022","20:10:00","20:25:00",22,"Buffet ",28,4.7,13,"motorcycle ",0,"No ","Metropolitian ","Fog","Jam ",1
"14/02/2022","19:00:00","19:05:00",39,"Meal ",23,5,8,"motorcycle ",1,"No ","Metropolitian ","Stormy","Medium ",1
"2/04/2022","23:00:00","23:10:00",34,"Snack ",20,2.6,5,"scooter ",2,"No ","Urban ","Sunny","Low ",1
"17/02/2022","0:00:00","0:15:00",13,"Meal ",27,4.7,17,"scooter ",2,"No ","Urban ","Windy","Low ",0
"16/03/2022","17:10:00","17:25:00",33,"Snack ",29,4.6,15,"motorcycle ",0,"No ","Urban ","Windy","Medium ",1
"13/02/2022","10:45:00","10:55:00",16,"Drinks ",24,4.1,3,"motorcycle ",0,"No ","Urban ","Sandstorms","Low ",0
"13/03/2022","18:40:00","18:50:00",13,"Snack ",24,4.8,12,"motorcycle ",2,"No ","Metropolitian ","Sunny","Medium ",0
"18/03/2022","20:55:00","21:00:00",30,"Snack ",29,4.5,2,"scooter ",2,"No ","Urban ","Cloudy","Jam ",1
"29/03/2022","0:00:00","0:10:00",27,"Snack ",26,4.9,6,"motorcycle ",0,"No ","Urban ","Sunny","Low ",1
"18/03/2022","20:00:00","20:15:00",47,"Drinks ",31,4.7,17,"electric_scooter ",2,"Yes ","Metropolitian ","Cloudy","Jam ",1
"3/03/2022","11:10:00","11:20:00",24,"Meal ",22,4.9,23,"motorcycle ",1,"No ","Metropolitian ","Sandstorms","High ",1
"15/03/2022","23:40:00","23:45:00",24,"Meal ",24,4.5,16,"motorcycle ",0,"No ","Metropolitian ","Fog","Low ",0
"15/03/2022","18:30:00","18:40:00",18,"Drinks ",26,5,14,"motorcycle ",1,"No ","Metropolitian ","Fog","Medium ",0
"28/03/2022","22:25:00","22:40:00",29,"Meal ",30,4.5,9,"motorcycle ",0,"No ","Metropolitian ","Stormy","Low ",0
"14/02/2022","22:10:00","22:15:00",19,"Buffet ",27,4.8,6,"scooter ",2,"No ","Metropolitian ","Stormy","Low ",0
"13/03/2022","10:35:00","10:50:00",14,"Buffet ",28,4.6,14,"motorcycle ",1,"No ","Metropolitian ","Stormy","Low ",1
"11/03/2022","22:35:00","22:50:00",23,"Meal ",20,4.2,3,"motorcycle ",0,"No ","Urban ","Stormy","Low ",1
"24/03/2022","23:00:00","23:05:00",24,"Meal ",33,4.8,23,"motorcycle ",0,"No ","Metropolitian ","Sunny","Low ",1
"13/03/2022","19:45:00","20:00:00",42,"Drinks ",29,4.1,5,"motorcycle ",0,"No ","Metropolitian ","Sunny","Jam ",1
"6/04/2022","23:50:00","0:00:00",29,"Meal ",36,4.7,22,"motorcycle ",0,"No ","Metropolitian ","Sunny","Low ",1
"4/04/2022","20:10:00","20:15:00",48,"Buffet ",31,4.8,2,"motorcycle ",0,"No ","Metropolitian ","Cloudy","Jam ",1
"15/03/2022","10:35:00","10:45:00",16,"Meal ",29,4.5,19,"electric_scooter ",2,"No ","Metropolitian ","Stormy","Low ",1
"14/02/2022","20:30:00","20:35:00",20,"Meal ",23,4.5,6,"scooter ",1,"No ","Metropolitian ","Windy","Jam ",1
"23/03/2022","20:50:00","21:00:00",38,"Buffet ",26,4.9,5,"scooter ",1,"No ","Metropolitian ","Fog","Jam ",1
"2/03/2022","20:20:00","20:30:00",33,"Drinks ",27,4,2,"scooter ",1,"No ","Urban ","Cloudy","Jam ",0
"1/04/2022","13:20:00","13:30:00",26,"Snack ",28,4.7,23,"motorcycle ",2,"No ","Metropolitian ","Cloudy","High ",1
"4/03/2022","17:10:00","17:25:00",27,"Meal ",37,4.6,17,"scooter ",2,"No ","Urban ","Stormy","Medium ",0
"1/04/2022","19:00:00","19:15:00",29,"Snack ",34,4.6,12,"motorcycle ",1,"No ","Metropolitian ","Windy","Medium ",1
"18/02/2022","21:30:00","21:40:00",17,"Drinks ",22,4.6,5,"scooter ",2,"No ","Metropolitian ","Fog","Jam ",1
"1/03/2022","11:45:00","12:00:00",44,"Drinks ",39,5,15,"motorcycle ",0,"Yes ","Metropolitian ","Sandstorms","High ",1
"15/03/2022","19:15:00","19:30:00",43,"Meal ",37,4,5,"motorcycle ",0,"No ","Metropolitian ","Windy","Jam ",0
"10/03/2022","19:30:00","19:40:00",37,"Buffet ",27,4.3,13,"scooter ",1,"No ","Metropolitian ","Fog","Jam ",1
"1/04/2022","14:40:00","14:45:00",38,"Drinks ",25,4,15,"motorcycle ",0,"No ","Metropolitian ","Stormy","High ",2
"26/03/2022","22:45:00","22:50:00",24,"Meal ",34,4.6,14,"motorcycle ",1,"No ","Metropolitian ","Stormy","Low ",1
"10/03/2022","18:20:00","18:25:00",26,"Buffet ",24,4.8,18,"scooter ",1,"No ","Urban ","Sandstorms","Medium ",0
"18/03/2022","0:00:00","0:15:00",21,"Snack ",29,4.7,11,"motorcycle ",0,"No ","Metropolitian ","Fog","Low ",0
"3/04/2022","21:45:00","21:55:00",21,"Snack ",20,4.6,23,"motorcycle ",0,"No ","Metropolitian ","Sandstorms","Jam ",1
"17/03/2022","18:35:00","18:50:00",16,"Snack ",37,4.5,14,"electric_scooter ",2,"No ","Metropolitian ","Cloudy","Medium ",1
"12/02/2022","20:00:00","20:15:00",38,"Snack ",32,3.7,15,"motorcycle ",2,"No ","Metropolitian ","Stormy","Jam ",2
"13/03/2022","9:15:00","9:30:00",19,"Buffet ",39,4.9,23,"motorcycle ",1,"No ","Metropolitian ","Fog","Low ",1
"4/03/2022","21:45:00","21:50:00",37,"Buffet ",38,4.8,22,"electric_scooter ",2,"No ","Metropolitian ","Sandstorms","Jam ",0
"20/03/2022","21:15:00","21:20:00",33,"Drinks ",26,5,9,"motorcycle ",0,"No ","Metropolitian ","Windy","Jam ",1
"30/03/2022","22:55:00","23:00:00",23,"Buffet ",38,4.8,21,"scooter ",1,"No ","Metropolitian ","Stormy","Low ",1
"11/03/2022","8:10:00","8:25:00",10,"Snack ",21,4.8,21,"motorcycle ",1,"No ","Urban ","Sandstorms","Low ",0
"20/03/2022","20:45:00","21:00:00",46,"Meal ",36,4.6,2,"motorcycle ",1,"No ","Metropolitian ","Fog","Jam ",0
"1/04/2022","10:20:00","10:35:00",23,"Drinks ",23,4.1,23,"motorcycle ",0,"No ","Metropolitian ","Windy","Low ",0
"2/04/2022","23:00:00","23:15:00",23,"Snack ",22,4.9,15,"motorcycle ",0,"No ","Urban ","Cloudy","Low ",0
"15/02/2022","22:45:00","22:50:00",14,"Snack ",38,4.9,23,"scooter ",2,"No ","Urban ","Sunny","Low ",1
"13/02/2022","12:50:00","13:00:00",16,"Drinks ",30,4.6,7,"scooter ",2,"No ","Metropolitian ","Sunny","High ",0
"9/03/2022","9:40:00","9:50:00",23,"Buffet ",31,4.3,18,"motorcycle ",0,"No ","Metropolitian ","Sandstorms","Low ",1
"21/03/2022","17:50:00","17:55:00",29,"Buffet ",33,4.9,3,"scooter ",2,"No ","Metropolitian ","Sandstorms","Medium ",1
"7/03/2022","19:30:00","19:35:00",25,"Snack ",27,4.6,18,"motorcycle ",2,"No ","Metropolitian ","Windy","Jam ",1
"11/03/2022","17:30:00","17:45:00",25,"Meal ",34,4.9,13,"motorcycle ",0,"No ","Metropolitian ","Cloudy","Medium ",0
"27/03/2022","19:45:00","19:50:00",33,"Buffet ",22,4,5,"scooter ",2,"No ","Metropolitian ","Cloudy","Jam ",1
"3/03/2022","11:50:00","12:00:00",35,"Meal ",35,4.8,14,"scooter ",2,"No ","Metropolitian ","Stormy","High ",0
"9/03/2022","12:45:00","12:50:00",31,"Buffet ",20,4.8,17,"electric_scooter ",2,"No ","Metropolitian ","Cloudy","High ",1
"5/03/2022","23:45:00","23:55:00",18,"Buffet ",21,4.8,22,"motorcycle ",2,"No ","Metropolitian ","Sunny","Low ",0
"5/03/2022","17:55:00","18:05:00",19,"Meal ",25,4.9,15,"motorcycle ",0,"No ","Urban ","Stormy","Medium ",1
"12/03/2022","21:55:00","22:10:00",51,"Meal ",31,4.9,22,"motorcycle ",0,"Yes ","Metropolitian ","Fog","Jam ",2
"1/04/2022","18:30:00","18:45:00",33,"Buffet ",36,4.2,13,"motorcycle ",0,"No ","Metropolitian ","Cloudy","Medium ",1
"25/03/2022","23:00:00","23:10:00",32,"Snack ",37,4.2,2,"scooter ",2,"No ","Urban ","Cloudy","Low ",1
"19/03/2022","19:30:00","19:45:00",21,"Snack ",20,4.7,13,"motorcycle ",0,"No ","Metropolitian ","Stormy","Jam ",0
"11/02/2022","19:55:00","20:00:00",20,"Snack ",33,4.9,5,"electric_scooter ",2,"No ","Metropolitian ","Sunny","Jam ",1
"25/03/2022","21:50:00","22:00:00",19,"Snack ",25,4.7,9,"motorcycle ",0,"No ","Metropolitian ","Sunny","Jam ",0
"10/03/2022","19:30:00","19:35:00",33,"Drinks ",23,4.6,12,"motorcycle ",0,"No ","Metropolitian ","Sandstorms","Jam ",1
"5/04/2022","8:55:00","9:00:00",28,"Drinks ",23,4.1,5,"motorcycle ",0,"No ","Metropolitian ","Sandstorms","Low ",1
"16/02/2022","20:15:00","20:30:00",28,"Snack ",23,4.9,7,"motorcycle ",1,"No ","Metropolitian ","Windy","Jam ",1
"20/03/2022","19:50:00","20:00:00",39,"Snack ",37,3.9,13,"motorcycle ",1,"No ","Metropolitian ","Stormy","Jam ",0
"12/02/2022","19:50:00","19:55:00",36,"Buffet ",38,4.1,12,"motorcycle ",0,"No ","Metropolitian ","Sandstorms","Jam ",0
"27/03/2022","23:30:00","23:40:00",31,"Meal ",28,3.5,7,"motorcycle ",1,"No ","Metropolitian ","Sunny","Low ",1
"2/03/2022","17:35:00","17:40:00",40,"Buffet ",34,5,12,"motorcycle ",0,"No ","Metropolitian ","Stormy","Medium ",1
"19/03/2022","9:30:00","9:40:00",20,"Snack ",34,4.2,3,"motorcycle ",0,"No ","Metropolitian ","Windy","Low ",1
"19/03/2022","12:00:00","12:05:00",27,"Snack ",34,4.9,12,"motorcycle ",0,"No ","Metropolitian ","Sunny","High ",0
"14/02/2022","20:25:00","20:30:00",41,"Drinks ",33,4.3,5,"motorcycle ",0,"No ","Metropolitian ","Stormy","Jam ",1
"5/03/2022","23:50:00","0:00:00",21,"Buffet ",31,4.5,17,"electric_scooter ",2,"No ","Metropolitian ","Stormy","Low ",0
"1/03/2022","15:25:00","15:30:00",16,"Buffet ",39,4.9,21,"scooter ",1,"No ","Metropolitian ","Stormy","Medium ",0
"24/03/2022","20:15:00","20:25:00",38,"Snack ",39,4.9,2,"motorcycle ",1,"No ","Metropolitian ","Cloudy","Jam ",1
"17/02/2022","11:10:00","11:15:00",33,"Meal ",33,4.9,17,"electric_scooter ",2,"No ","Urban ","Sandstorms","High ",1
"5/04/2022","23:55:00","0:10:00",18,"Snack ",20,4.5,6,"motorcycle ",2,"No ","Metropolitian ","Sandstorms","Low ",0
"18/03/2022","19:35:00","19:40:00",25,"Snack ",25,5,1,"motorcycle ",2,"No ","Metropolitian ","Stormy","Jam ",1
"18/02/2022","21:35:00","21:50:00",19,"Drinks ",25,4.5,8,"scooter ",1,"No ","Metropolitian ","Stormy","Jam ",0
"18/03/2022","22:30:00","22:40:00",22,"Drinks ",21,5,8,"motorcycle ",0,"No ","Metropolitian ","Cloudy","Low ",0
"25/03/2022","17:20:00","17:25:00",18,"Meal ",24,5,9,"motorcycle ",2,"No ","Metropolitian ","Stormy","Medium ",1
"31/03/2022","23:40:00","23:50:00",20,"Buffet ",37,5,23,"motorcycle ",0,"No ","Metropolitian ","Windy","Low ",1
"11/02/2022","21:15:00","21:30:00",26,"Snack ",29,5,6,"electric_scooter ",2,"No ","Metropolitian ","Stormy","Jam ",0
"4/03/2022","17:20:00","17:35:00",27,"Meal ",29,4.5,1,"scooter ",2,"No ","Urban ","Windy","Medium ",1
"21/03/2022","21:50:00","22:00:00",29,"Snack ",36,4.8,11,"motorcycle ",2,"No ","Metropolitian ","Fog","Jam ",1
"6/03/2022","17:20:00","17:35:00",37,"Snack ",24,4.7,22,"motorcycle ",1,"No ","Metropolitian ","Sunny","Medium ",0
"2/04/2022","17:30:00","17:40:00",34,"Drinks ",29,4,7,"scooter ",1,"No ","Metropolitian ","Cloudy","Medium ",0
"8/03/2022","22:10:00","22:20:00",19,"Buffet ",36,4.8,18,"motorcycle ",2,"No ","Urban ","Stormy","Low ",1
"1/03/2022","17:25:00","17:35:00",29,"Meal ",30,4.9,23,"motorcycle ",0,"No ","Urban ","Windy","Medium ",0
"16/02/2022","22:10:00","22:25:00",22,"Snack ",39,5,9,"motorcycle ",0,"No ","Metropolitian ","Stormy","Low ",1
"29/03/2022","22:50:00","23:05:00",23,"Meal ",24,4.5,9,"motorcycle ",0,"No ","Metropolitian ","Cloudy","Low ",1
"23/03/2022","18:35:00","18:40:00",12,"Drinks ",29,4.9,17,"electric_scooter ",2,"No ","Urban ","Sunny","Medium ",1
"7/03/2022","21:45:00","21:50:00",33,"Meal ",34,4.8,16,"scooter ",1,"No ","Metropolitian ","Windy","Jam ",1
"15/03/2022","11:25:00","11:40:00",26,"Meal ",27,4.8,14,"motorcycle ",1,"No ","Metropolitian ","Windy","High ",1
"16/03/2022","20:35:00","20:50:00",31,"Buffet ",39,4.4,16,"motorcycle ",0,"No ","Metropolitian ","Sunny","Jam ",1
"3/04/2022","23:50:00","23:55:00",17,"Meal ",29,4.9,9,"scooter ",2,"No ","Metropolitian ","Windy","Low ",1
"5/04/2022","16:35:00","16:45:00",25,"Snack ",30,4.9,21,"motorcycle ",0,"No ","Metropolitian ","Stormy","Medium ",1
"13/02/2022","15:25:00","15:35:00",19,"Drinks ",35,4.9,9,"scooter ",2,"No ","Metropolitian ","Fog","Medium ",1
"3/04/2022","17:25:00","17:30:00",23,"Drinks ",28,4.7,19,"scooter ",1,"No ","Urban ","Windy","Medium ",1
"31/03/2022","18:40:00","18:55:00",13,"Buffet ",28,4.9,16,"scooter ",2,"No ","Urban ","Sunny","Medium ",0
"6/04/2022","18:40:00","18:55:00",17,"Snack ",21,4.8,21,"electric_scooter ",2,"No ","Metropolitian ","Sunny","Medium ",0
"25/03/2022","21:15:00","21:20:00",36,"Snack ",34,5,11,"motorcycle ",0,"No ","Metropolitian ","Windy","Jam ",1
"1/03/2022","19:30:00","19:40:00",35,"Drinks ",35,4.2,13,"motorcycle ",2,"No ","Metropolitian ","Stormy","Jam ",1
"2/04/2022","19:15:00","19:20:00",23,"Drinks ",25,4.6,23,"electric_scooter ",2,"No ","Metropolitian ","Windy","Jam ",1
"8/03/2022","19:20:00","19:25:00",17,"Meal ",22,4.7,23,"motorcycle ",1,"No ","Urban ","Stormy","Jam ",0
"10/03/2022","21:10:00","21:20:00",35,"Buffet ",36,4.6,16,"scooter ",1,"No ","Urban ","Fog","Jam ",1
"17/02/2022","8:45:00","8:55:00",16,"Buffet ",25,5,2,"scooter ",2,"No ","Metropolitian ","Sunny","Low ",1
"17/03/2022","22:40:00","22:45:00",23,"Meal ",27,4.7,5,"motorcycle ",2,"No ","Metropolitian ","Sunny","Low ",0
"17/03/2022","23:35:00","23:40:00",24,"Buffet ",22,4.9,12,"electric_scooter ",2,"No ","Metropolitian ","Sunny","Low ",1
"20/03/2022","22:10:00","22:20:00",23,"Snack ",33,4.8,21,"scooter ",1,"No ","Metropolitian ","Sunny","Low ",1
"1/03/2022","14:40:00","14:45:00",15,"Buffet ",23,4.9,19,"scooter ",1,"No ","Urban ","Stormy","High ",1
"20/03/2022","21:00:00","21:15:00",29,"Snack ",27,4.7,1,"motorcycle ",1,"No ","Metropolitian ","Stormy","Jam ",1
"21/03/2022","10:30:00","10:45:00",23,"Snack ",37,4.5,22,"motorcycle ",0,"No ","Metropolitian ","Sandstorms","Low ",0
"15/03/2022","20:20:00","20:25:00",27,"Buffet ",32,4.7,21,"motorcycle ",1,"No ","Metropolitian ","Cloudy","Jam ",1
"21/03/2022","21:45:00","22:00:00",31,"Drinks ",33,4.7,13,"scooter ",2,"No ","Metropolitian ","Sandstorms","Jam ",1
"17/03/2022","10:00:00","10:05:00",11,"Meal ",28,4.6,4,"motorcycle ",1,"No ","Metropolitian ","Stormy","Low ",0
"3/04/2022","8:50:00","8:55:00",15,"Drinks ",25,4.6,23,"motorcycle ",2,"No ","Metropolitian ","Sandstorms","Low ",0
"13/02/2022","17:20:00","17:30:00",18,"Meal ",20,4.8,22,"motorcycle ",1,"No ","Urban ","Fog","Medium ",1
"11/02/2022","16:55:00","17:10:00",19,"Snack ",37,4.8,4,"motorcycle ",1,"No ","Metropolitian ","Sunny","Medium ",0
"2/04/2022","22:20:00","22:30:00",16,"Buffet ",35,4.8,23,"scooter ",1,"No ","Metropolitian ","Windy","Low ",1
"13/02/2022","11:40:00","11:50:00",28,"Snack ",23,4.6,3,"motorcycle ",0,"No ","Metropolitian ","Fog","High ",1
"13/02/2022","8:20:00","8:35:00",21,"Snack ",24,4.8,5,"motorcycle ",0,"No ","Metropolitian ","Fog","Low ",1
"30/03/2022","11:25:00","11:40:00",28,"Drinks ",36,4.8,23,"scooter ",1,"No ","Metropolitian ","Stormy","High ",1
"17/02/2022","10:35:00","10:40:00",11,"Meal ",21,4.7,16,"scooter ",1,"No ","Urban ","Fog","Low ",0
"7/03/2022","11:00:00","11:10:00",17,"Snack ",21,4.8,9,"motorcycle ",0,"No ","Metropolitian ","Sunny","Low ",0
"1/03/2022","18:10:00","18:20:00",16,"Snack ",24,5,18,"motorcycle ",1,"No ","Metropolitian ","Sunny","Medium ",1
"10/03/2022","19:30:00","19:40:00",34,"Snack ",23,4.3,19,"motorcycle ",1,"No ","Metropolitian ","Fog","Jam ",1
"15/03/2022","8:45:00","8:55:00",28,"Snack ",36,4.6,23,"scooter ",1,"No ","Urban ","Windy","Low ",1
"12/03/2022","21:20:00","21:30:00",28,"Drinks ",37,4.9,18,"scooter ",2,"No ","Metropolitian ","Windy","Jam ",0
"6/03/2022","18:35:00","18:50:00",27,"Snack ",29,4.9,22,"motorcycle ",1,"No ","Metropolitian ","Windy","Medium ",1
"4/04/2022","17:25:00","17:40:00",36,"Drinks ",32,4.7,21,"motorcycle ",0,"No ","Metropolitian ","Fog","Medium ",0
"9/03/2022","20:35:00","20:40:00",45,"Meal ",33,4,8,"motorcycle ",0,"No ","Metropolitian ","Stormy","Jam ",1
"18/03/2022","19:50:00","19:55:00",44,"Buffet ",34,4.6,19,"motorcycle ",1,"No ","Urban ","Fog","Jam ",1
"14/03/2022","17:55:00","18:05:00",27,"Meal ",23,4.6,17,"scooter ",1,"No ","Urban ","Fog","Medium ",0
"24/03/2022","8:10:00","8:25:00",21,"Buffet ",38,4.8,19,"motorcycle ",0,"No ","Metropolitian ","Cloudy","Low ",1
"18/02/2022","17:40:00","17:50:00",33,"Buffet ",27,4.6,4,"scooter ",1,"No ","Metropolitian ","Fog","Medium ",0
"14/02/2022","17:15:00","17:30:00",21,"Snack ",20,4.7,15,"motorcycle ",0,"No ","Urban ","Windy","Medium ",1
"10/03/2022","18:40:00","18:55:00",38,"Meal ",34,3.7,13,"scooter ",2,"No ","Metropolitian ","Stormy","Medium ",1
"13/03/2022","8:30:00","8:40:00",23,"Snack ",22,5,15,"motorcycle ",1,"No ","Metropolitian ","Sunny","Low ",1
"5/03/2022","10:10:00","10:25:00",18,"Drinks ",29,4.9,22,"motorcycle ",0,"No ","Urban ","Stormy","Low ",1
"16/02/2022","23:20:00","23:30:00",21,"Snack ",21,4.9,23,"motorcycle ",0,"No ","Urban ","Cloudy","Low ",0
"15/03/2022","14:30:00","14:35:00",16,"Drinks ",30,4.7,16,"scooter ",1,"No ","Urban ","Sunny","High ",0
"7/03/2022","13:20:00","13:25:00",30,"Buffet ",38,4.7,16,"motorcycle ",1,"No ","Metropolitian ","Stormy","High ",1
"7/03/2022","21:10:00","21:20:00",33,"Drinks ",28,4.9,13,"scooter ",2,"No ","Metropolitian ","Sunny","Jam ",0
"4/04/2022","21:55:00","22:00:00",41,"Snack ",22,4.6,9,"electric_scooter ",2,"No ","Metropolitian ","Fog","Jam ",1
"18/02/2022","19:35:00","19:50:00",26,"Buffet ",25,4.7,6,"scooter ",1,"No ","Metropolitian ","Sandstorms","Jam ",0
"2/04/2022","22:55:00","23:05:00",24,"Buffet ",20,4.8,15,"motorcycle ",0,"No ","Urban ","Sunny","Low ",1
"9/03/2022","18:30:00","18:45:00",25,"Meal ",27,5,18,"motorcycle ",0,"No ","Metropolitian ","Sandstorms","Medium ",1
"19/03/2022","19:30:00","19:35:00",11,"Meal ",23,4.8,8,"motorcycle ",1,"No ","Metropolitian ","Sunny","Jam ",1
"23/03/2022","17:50:00","18:00:00",31,"Drinks ",21,5,1,"motorcycle ",1,"No ","Metropolitian ","Fog","Medium ",1
"14/03/2022","21:30:00","21:40:00",35,"Buffet ",31,3.5,11,"scooter ",2,"No ","Metropolitian ","Sandstorms","Jam ",2
"12/03/2022","23:25:00","23:30:00",20,"Drinks ",29,4.9,15,"motorcycle ",0,"No ","Metropolitian ","Sandstorms","Low ",0
"12/02/2022","0:00:00","0:10:00",21,"Buffet ",21,5,7,"motorcycle ",0,"No ","Metropolitian ","Stormy","Low ",1
"11/03/2022","20:20:00","20:30:00",36,"Drinks ",35,4.8,23,"motorcycle ",1,"No ","Metropolitian ","Fog","Jam ",1
"20/03/2022","21:30:00","21:35:00",38,"Drinks ",37,4.3,1,"scooter ",2,"No ","Metropolitian ","Stormy","Jam ",1
"12/03/2022","21:15:00","21:25:00",16,"Drinks ",24,4.8,22,"motorcycle ",2,"No ","Metropolitian ","Sunny","Jam ",0
"5/04/2022","11:20:00","11:30:00",17,"Snack ",27,4.5,17,"electric_scooter ",2,"No ","Urban ","Sunny","High ",1
"30/03/2022","16:15:00","16:25:00",34,"Buffet ",36,4.9,3,"motorcycle ",0,"No ","Urban ","Windy","Medium ",2
"2/04/2022","17:55:00","18:10:00",32,"Snack ",20,4.4,3,"scooter ",1,"No ","Metropolitian ","Cloudy","Medium ",0
"3/04/2022","19:35:00","19:50:00",26,"Meal ",29,4.8,23,"scooter ",2,"No ","Metropolitian ","Sandstorms","Jam ",1
"2/04/2022","18:20:00","18:35:00",27,"Snack ",27,4.5,9,"motorcycle ",0,"No ","Metropolitian ","Sunny","Medium ",0
"6/04/2022","17:10:00","17:15:00",38,"Drinks ",23,4.1,5,"motorcycle ",0,"No ","Metropolitian ","Sandstorms","Medium ",0
"6/03/2022","0:00:00","0:15:00",24,"Meal ",39,4.6,19,"motorcycle ",2,"No ","Metropolitian ","Sandstorms","Low ",1
"13/02/2022","23:25:00","23:35:00",21,"Drinks ",26,4.1,18,"motorcycle ",0,"No ","Metropolitian ","Stormy","Low ",0
"11/03/2022","9:30:00","9:35:00",33,"Buffet ",34,4,5,"motorcycle ",0,"No ","Metropolitian ","Windy","Low ",1
"14/03/2022","17:15:00","17:30:00",16,"Meal ",29,4.5,3,"motorcycle ",2,"No ","Urban ","Sandstorms","Medium ",0
"18/02/2022","23:15:00","23:25:00",24,"Buffet ",25,4.6,4,"motorcycle ",0,"No ","Metropolitian ","Stormy","Low ",0
"31/03/2022","19:30:00","19:40:00",38,"Drinks ",32,3.8,22,"scooter ",2,"No ","Urban ","Stormy","Jam ",1
"18/02/2022","21:45:00","21:55:00",25,"Drinks ",24,4.9,7,"electric_scooter ",2,"No ","Metropolitian ","Stormy","Jam ",0
"1/03/2022","14:15:00","14:20:00",32,"Meal ",24,4.3,18,"motorcycle ",1,"No ","Metropolitian ","Fog","High ",1
"18/03/2022","17:30:00","17:35:00",23,"Meal ",31,4.5,2,"electric_scooter ",2,"No ","Metropolitian ","Stormy","Medium ",1
"21/03/2022","18:20:00","18:35:00",29,"Meal ",21,4.8,3,"scooter ",2,"No ","Metropolitian ","Sandstorms","Medium ",1
"14/03/2022","19:10:00","19:20:00",44,"Buffet ",35,4.1,6,"motorcycle ",0,"No ","Metropolitian ","Sunny","Jam ",1
"15/02/2022","9:40:00","9:45:00",15,"Snack ",21,4.8,3,"scooter ",1,"No ","Metropolitian ","Windy","Low ",1
"18/02/2022","20:55:00","21:10:00",38,"Buffet ",20,5,4,"scooter ",1,"No ","Metropolitian ","Fog","Jam ",1
"2/03/2022","19:45:00","20:00:00",35,"Buffet ",28,4.7,12,"motorcycle ",0,"No ","Metropolitian ","Fog","Jam ",1
"8/03/2022","17:40:00","17:55:00",41,"Drinks ",32,4.9,21,"scooter ",2,"No ","Urban ","Stormy","Medium ",1
"25/03/2022","19:35:00","19:50:00",42,"Drinks ",31,4.9,1,"scooter ",1,"No ","Metropolitian ","Cloudy","Jam ",1
"14/02/2022","23:45:00","0:00:00",23,"Meal ",21,4.9,2,"motorcycle ",0,"No ","Metropolitian ","Sandstorms","Low ",1
"6/04/2022","19:40:00","19:55:00",19,"Buffet ",24,5,16,"motorcycle ",2,"No ","Metropolitian ","Windy","Jam ",1
"6/04/2022","23:40:00","23:45:00",26,"Snack ",34,4.8,22,"motorcycle ",0,"No ","Urban ","Sunny","Low ",1
"2/03/2022","23:30:00","23:35:00",18,"Snack ",27,4.9,17,"motorcycle ",0,"No ","Urban ","Windy","Low ",1
"14/03/2022","22:50:00","23:05:00",28,"Drinks ",27,4.8,9,"motorcycle ",1,"No ","Metropolitian ","Fog","Low ",1
"11/02/2022","9:20:00","9:25:00",17,"Buffet ",27,4.8,6,"scooter ",1,"No ","Metropolitian ","Fog","Low ",0
"16/03/2022","18:00:00","18:15:00",35,"Snack ",24,4.3,12,"motorcycle ",1,"No ","Metropolitian ","Fog","Medium ",1
"9/03/2022","20:55:00","21:10:00",11,"Meal ",25,4.5,1,"motorcycle ",1,"No ","Urban ","Sandstorms","Jam ",1
"11/02/2022","11:40:00","11:55:00",18,"Meal ",26,4.8,16,"scooter ",1,"No ","Urban ","Windy","High ",1
"9/03/2022","9:15:00","9:30:00",16,"Drinks ",37,4.6,16,"scooter ",1,"No ","Urban ","Stormy","Low ",1
"30/03/2022","20:30:00","20:45:00",34,"Buffet ",39,4.6,1,"motorcycle ",2,"No ","Urban ","Windy","Jam ",2
"8/03/2022","20:25:00","20:35:00",40,"Snack ",38,4.3,4,"motorcycle ",1,"No ","Urban ","Stormy","Jam ",1
"1/04/2022","23:50:00","0:00:00",15,"Snack ",28,4.6,21,"scooter ",2,"No ","Metropolitian ","Fog","Low ",1
"20/03/2022","19:30:00","19:40:00",44,"Buffet ",35,4.7,1,"motorcycle ",0,"No ","Metropolitian ","Cloudy","Jam ",1
"10/03/2022","17:20:00","17:35:00",32,"Buffet ",35,5,13,"scooter ",2,"No ","Metropolitian ","Cloudy","Medium ",1
"9/03/2022","19:55:00","20:10:00",17,"Drinks ",22,4.8,15,"scooter ",2,"No ","Metropolitian ","Sunny","Jam ",1
"21/03/2022","11:35:00","11:45:00",35,"Meal ",32,4.4,3,"scooter ",1,"No ","Metropolitian ","Cloudy","High ",0
"30/03/2022","20:20:00","20:25:00",34,"Snack ",31,4.3,2,"scooter ",1,"No ","Metropolitian ","Fog","Jam ",0
"15/02/2022","13:25:00","13:35:00",12,"Buffet ",28,4.9,22,"electric_scooter ",2,"No ","Urban ","Sandstorms","High ",0
"28/03/2022","17:50:00","17:55:00",29,"Drinks ",22,4.9,3,"electric_scooter ",2,"No ","Metropolitian ","Sandstorms","Medium ",1
"30/03/2022","12:40:00","12:45:00",23,"Buffet ",29,4.6,16,"scooter ",1,"No ","Metropolitian ","Windy","High ",0
"15/02/2022","23:40:00","23:45:00",17,"Drinks ",21,5,8,"scooter ",2,"No ","Metropolitian ","Sunny","Low ",1
"14/03/2022","17:25:00","17:35:00",29,"Snack ",21,4.8,13,"motorcycle ",2,"No ","Metropolitian ","Sandstorms","Medium ",1
"18/03/2022","20:50:00","21:05:00",31,"Drinks ",27,4.9,21,"motorcycle ",1,"No ","Metropolitian ","Cloudy","Jam ",1
"25/03/2022","21:55:00","22:05:00",17,"Drinks ",27,4.6,23,"electric_scooter ",2,"No ","Metropolitian ","Windy","Jam ",1
"1/04/2022","9:45:00","9:55:00",19,"Snack ",26,4.7,21,"electric_scooter ",2,"No ","Metropolitian ","Stormy","Low ",0
"6/04/2022","23:35:00","23:45:00",36,"Buffet ",33,3.8,2,"scooter ",1,"No ","Metropolitian ","Cloudy","Low ",1
"4/04/2022","22:15:00","22:25:00",13,"Buffet ",27,4.9,23,"scooter ",1,"No ","Metropolitian ","Sandstorms","Low ",1
"5/04/2022","12:15:00","12:20:00",14,"Buffet ",20,4.9,17,"motorcycle ",1,"No ","Metropolitian ","Stormy","High ",0
"6/03/2022","20:15:00","20:25:00",34,"Snack ",34,3.8,1,"motorcycle ",1,"No ","Urban ","Stormy","Jam ",1
"26/03/2022","13:45:00","13:50:00",33,"Drinks ",34,4.1,3,"motorcycle ",0,"No ","Metropolitian ","Windy","High ",1
"26/03/2022","19:30:00","19:35:00",34,"Snack ",21,4.4,5,"scooter ",1,"No ","Metropolitian ","Fog","Jam ",0
"13/03/2022","17:55:00","18:00:00",20,"Meal ",22,4.8,15,"motorcycle ",1,"No ","Metropolitian ","Windy","Medium ",1
"26/03/2022","23:40:00","23:50:00",23,"Snack ",22,4.7,17,"motorcycle ",0,"No ","Urban ","Cloudy","Low ",1
"11/02/2022","13:50:00","14:05:00",39,"Snack ",32,5,9,"scooter ",2,"No ","Metropolitian ","Fog","High ",2
"5/03/2022","12:45:00","13:00:00",20,"Buffet ",35,4.8,19,"motorcycle ",0,"No ","Metropolitian ","Sunny","High ",1
"15/02/2022","13:55:00","14:05:00",38,"Drinks ",33,4,13,"electric_scooter ",2,"No ","Metropolitian ","Fog","High ",1
"1/03/2022","12:00:00","12:15:00",24,"Snack ",25,4.8,16,"motorcycle ",1,"No ","Metropolitian ","Fog","High ",1
"31/03/2022","19:55:00","20:05:00",12,"Drinks ",29,4.7,17,"scooter ",2,"No ","Metropolitian ","Sunny","Jam ",1
"4/03/2022","21:35:00","21:40:00",19,"Meal ",34,4.7,15,"scooter ",2,"No ","Urban ","Stormy","Jam ",1
"28/03/2022","9:40:00","9:55:00",16,"Buffet ",26,4.8,17,"scooter ",2,"No ","Urban ","Sunny","Low ",1
"20/03/2022","21:40:00","21:55:00",40,"Drinks ",38,4.8,9,"motorcycle ",0,"Yes ","Metropolitian ","Cloudy","Jam ",1
"7/03/2022","16:25:00","16:35:00",19,"Meal ",37,4.6,16,"scooter ",1,"No ","Urban ","Stormy","Medium ",1
"18/02/2022","21:40:00","21:50:00",29,"Snack ",23,4.9,5,"motorcycle ",0,"No ","Metropolitian ","Fog","Jam ",1
"6/04/2022","19:00:00","19:10:00",28,"Snack ",22,4.6,18,"electric_scooter ",2,"No ","Metropolitian ","Fog","Medium ",1
"8/03/2022","21:20:00","21:30:00",37,"Meal ",32,3.7,13,"motorcycle ",1,"No ","Metropolitian ","Sandstorms","Jam ",1
"29/03/2022","18:30:00","18:45:00",22,"Meal ",23,4.8,9,"motorcycle ",0,"No ","Metropolitian ","Sunny","Medium ",1
"14/03/2022","19:15:00","19:25:00",50,"Snack ",31,4.7,21,"motorcycle ",0,"No ","Semi-Urban ","Cloudy","Jam ",2
"5/03/2022","11:35:00","11:40:00",26,"Buffet ",28,4.7,13,"scooter ",1,"No ","Metropolitian ","Sandstorms","High ",1
"9/03/2022","22:40:00","22:55:00",13,"Snack ",24,4.9,9,"scooter ",2,"No ","Metropolitian ","Stormy","Low ",0
"19/03/2022","9:30:00","9:45:00",26,"Meal ",33,4.7,8,"electric_scooter ",2,"No ","Metropolitian ","Stormy","Low ",1
"4/04/2022","18:35:00","18:50:00",17,"Snack ",24,4.9,22,"scooter ",2,"No ","Metropolitian ","Stormy","Medium ",1
"15/03/2022","12:45:00","12:50:00",36,"Snack ",39,4,3,"motorcycle ",0,"No ","Metropolitian ","Sandstorms","High ",0
"11/03/2022","17:30:00","17:45:00",25,"Meal ",34,4.9,13,"motorcycle ",0,"No ","Metropolitian ","Cloudy","Medium ",0
"16/02/2022","21:30:00","21:40:00",26,"Snack ",21,4.7,8,"motorcycle ",2,"No ","Metropolitian ","Stormy","Jam ",0
"2/03/2022","22:40:00","22:55:00",28,"Meal ",22,4.6,23,"motorcycle ",1,"No ","Metropolitian ","Sunny","Low ",1
"17/02/2022","12:55:00","13:00:00",21,"Meal ",24,4.9,23,"scooter ",1,"No ","Urban ","Stormy","High ",1
"21/03/2022","22:55:00","23:05:00",18,"Meal ",36,4.8,17,"scooter ",2,"No ","Metropolitian ","Fog","Low ",0
"16/03/2022","18:15:00","18:20:00",17,"Meal ",21,4.6,9,"electric_scooter ",2,"No ","Metropolitian ","Stormy","Medium ",1
"21/03/2022","12:20:00","12:30:00",26,"Meal ",25,4.5,16,"scooter ",2,"No ","Metropolitian ","Sandstorms","High ",1
"12/02/2022","23:40:00","23:50:00",25,"Drinks ",39,5,8,"motorcycle ",0,"No ","Metropolitian ","Stormy","Low ",1
"2/03/2022","22:55:00","23:05:00",26,"Snack ",34,4.9,13,"scooter ",2,"No ","Metropolitian ","Sunny","Low ",1
"5/04/2022","10:20:00","10:25:00",21,"Snack ",20,4.8,17,"motorcycle ",1,"No ","Urban ","Sunny","Low ",0
"3/04/2022","18:30:00","18:35:00",17,"Drinks ",34,4.9,23,"scooter ",1,"No ","Urban ","Cloudy","Medium ",0
"2/03/2022","19:20:00","19:25:00",30,"Snack ",36,4.9,14,"motorcycle ",1,"No ","Metropolitian ","Windy","Jam ",0
"31/03/2022","17:20:00","17:35:00",48,"Drinks ",31,4.1,5,"motorcycle ",0,"No ","Semi-Urban ","Sandstorms","Medium ",2
"1/03/2022","18:40:00","18:50:00",25,"Snack ",24,4.6,23,"motorcycle ",0,"No ","Urban ","Sandstorms","Medium ",1
"5/04/2022","14:50:00","14:55:00",20,"Meal ",29,4.7,22,"motorcycle ",0,"No ","Metropolitian ","Fog","High ",1
"2/04/2022","23:50:00","23:55:00",19,"Snack ",34,4.6,23,"scooter ",2,"No ","Metropolitian ","Sunny","Low ",0
"13/02/2022","16:25:00","16:30:00",18,"Buffet ",22,4.6,21,"electric_scooter ",2,"No ","Urban ","Fog","Medium ",1
"3/04/2022","20:15:00","20:20:00",25,"Drinks ",33,4.7,19,"motorcycle ",1,"No ","Metropolitian ","Cloudy","Jam ",1
"2/03/2022","23:55:00","0:00:00",26,"Snack ",38,5,19,"motorcycle ",0,"No ","Metropolitian ","Sunny","Low ",1
"5/04/2022","22:35:00","22:50:00",21,"Meal ",39,4.7,23,"electric_scooter ",2,"No ","Urban ","Windy","Low ",1
"5/04/2022","19:15:00","19:25:00",22,"Drinks ",22,4.7,22,"electric_scooter ",2,"No ","Metropolitian ","Fog","Jam ",0
"17/02/2022","22:30:00","22:35:00",18,"Drinks ",38,4.8,23,"motorcycle ",1,"No ","Urban ","Fog","Low ",0
"3/04/2022","9:45:00","10:00:00",10,"Buffet ",24,4.8,17,"scooter ",2,"No ","Urban ","Stormy","Low ",0
"23/03/2022","20:20:00","20:25:00",38,"Drinks ",35,3.5,1,"scooter ",2,"No ","Metropolitian ","Windy","Jam ",2
"5/04/2022","11:00:00","11:10:00",18,"Snack ",38,4.7,17,"scooter ",1,"No ","Metropolitian ","Cloudy","Low ",0
"25/03/2022","22:10:00","22:15:00",20,"Drinks ",28,5,22,"motorcycle ",0,"No ","Metropolitian ","Sandstorms","Low ",1
"27/03/2022","19:25:00","19:40:00",32,"Buffet ",39,4.3,1,"scooter ",2,"No ","Metropolitian ","Sandstorms","Jam ",1
"27/03/2022","18:10:00","18:15:00",39,"Buffet ",21,5,8,"electric_scooter ",2,"No ","Metropolitian ","Cloudy","Medium ",2
"2/04/2022","20:50:00","21:00:00",38,"Drinks ",23,4.6,4,"motorcycle ",1,"No ","Metropolitian ","Fog","Jam ",1
"16/03/2022","19:30:00","19:40:00",39,"Snack ",35,3.6,5,"scooter ",2,"No ","Metropolitian ","Sandstorms","Jam ",2
"13/03/2022","9:55:00","10:10:00",27,"Buffet ",32,4.9,21,"motorcycle ",0,"No ","Metropolitian ","Sunny","Low ",1
"3/04/2022","19:25:00","19:35:00",18,"Meal ",25,4.9,23,"scooter ",1,"No ","Metropolitian ","Sandstorms","Jam ",1
"16/03/2022","17:30:00","17:40:00",39,"Drinks ",32,4.9,23,"electric_scooter ",2,"No ","Metropolitian ","Cloudy","Medium ",2
"16/03/2022","19:50:00","20:00:00",41,"Buffet ",32,4.1,4,"motorcycle ",1,"No ","Metropolitian ","Fog","Jam ",1
"20/03/2022","22:35:00","22:50:00",40,"Snack ",35,4.6,6,"motorcycle ",0,"No ","Metropolitian ","Fog","Low ",0
"15/03/2022","9:20:00","9:35:00",18,"Snack ",20,4.8,13,"motorcycle ",1,"No ","Metropolitian ","Cloudy","Low ",0
"27/03/2022","17:35:00","17:50:00",36,"Meal ",38,4,6,"scooter ",2,"No ","Metropolitian ","Fog","Medium ",1
"5/04/2022","20:40:00","20:55:00",31,"Snack ",34,4.8,15,"scooter ",2,"No ","Urban ","Stormy","Jam ",1
"6/03/2022","18:35:00","18:45:00",34,"Buffet ",35,3.5,3,"motorcycle ",1,"No ","Metropolitian ","Sandstorms","Medium ",1
"5/04/2022","20:35:00","20:40:00",25,"Meal ",22,4.8,17,"scooter ",1,"No ","Metropolitian ","Sandstorms","Jam ",1
"16/02/2022","18:10:00","18:25:00",26,"Snack ",27,4.9,3,"scooter ",1,"No ","Metropolitian ","Stormy","Medium ",1
"23/03/2022","19:40:00","19:55:00",40,"Buffet ",33,4.8,23,"motorcycle ",2,"No ","Urban ","Fog","Jam ",1
"5/03/2022","11:10:00","11:20:00",41,"Meal ",31,4.8,16,"motorcycle ",0,"No ","Metropolitian ","Sandstorms","High ",0
"7/03/2022","14:30:00","14:40:00",21,"Buffet ",36,4.7,23,"motorcycle ",0,"No ","Metropolitian ","Sunny","High ",0
"14/02/2022","19:45:00","20:00:00",39,"Meal ",31,4.8,7,"motorcycle ",0,"No ","Metropolitian ","Sandstorms","Jam ",1
"30/03/2022","11:55:00","12:00:00",14,"Snack ",27,4.7,12,"scooter ",2,"No ","Metropolitian ","Windy","High ",1
"3/03/2022","11:35:00","11:50:00",25,"Buffet ",28,4.8,16,"motorcycle ",1,"No ","Metropolitian ","Windy","High ",1
"6/04/2022","22:55:00","23:05:00",20,"Buffet ",35,5,18,"motorcycle ",0,"No ","Metropolitian ","Sandstorms","Low ",0
"20/03/2022","23:00:00","23:15:00",23,"Meal ",26,4.6,16,"motorcycle ",0,"No ","Metropolitian ","Fog","Low ",1
"15/03/2022","18:25:00","18:30:00",28,"Drinks ",39,4.7,9,"motorcycle ",0,"No ","Metropolitian ","Cloudy","Medium ",1
"2/04/2022","17:40:00","17:45:00",33,"Snack ",34,4.6,1,"electric_scooter ",2,"No ","Metropolitian ","Fog","Medium ",2
"12/02/2022","18:30:00","18:45:00",19,"Drinks ",22,4.8,5,"scooter ",1,"No ","Metropolitian ","Stormy","Medium ",0
"4/03/2022","20:50:00","21:05:00",44,"Meal ",39,4.1,7,"motorcycle ",0,"No ","Metropolitian ","Sunny","Jam ",1
"19/03/2022","10:00:00","10:10:00",19,"Meal ",35,4.8,3,"electric_scooter ",2,"No ","Metropolitian ","Cloudy","Low ",1
"15/03/2022","0:00:00","0:10:00",18,"Meal ",29,4.8,16,"scooter ",1,"No ","Metropolitian ","Fog","Low ",1
"3/04/2022","19:55:00","20:10:00",24,"Buffet ",24,4.9,22,"electric_scooter ",2,"No ","Metropolitian ","Stormy","Jam ",0
"18/02/2022","17:30:00","17:40:00",26,"Drinks ",20,4.9,6,"scooter ",2,"No ","Metropolitian ","Fog","Medium ",1
"10/03/2022","21:50:00","21:55:00",38,"Buffet ",27,4.7,13,"motorcycle ",0,"No ","Metropolitian ","Windy","Jam ",0
"12/02/2022","17:20:00","17:25:00",37,"Meal ",31,4.7,3,"motorcycle ",0,"No ","Metropolitian ","Stormy","Medium ",0
"25/03/2022","19:10:00","19:20:00",16,"Meal ",27,4.8,13,"electric_scooter ",2,"No ","Metropolitian ","Sunny","Jam ",1
"28/03/2022","15:10:00","15:15:00",26,"Drinks ",27,4.6,18,"motorcycle ",0,"No ","Metropolitian ","Fog","Medium ",1
"31/03/2022","17:45:00","17:50:00",30,"Buffet ",26,4.7,13,"motorcycle ",0,"No ","Metropolitian ","Cloudy","Medium ",1
"6/04/2022","17:35:00","17:40:00",25,"Meal ",25,4.6,15,"motorcycle ",0,"No ","Metropolitian ","Sunny","Medium ",0
"10/03/2022","21:10:00","21:20:00",37,"Snack ",30,3.6,5,"scooter ",2,"No ","Metropolitian ","Sandstorms","Jam ",2
"3/03/2022","21:20:00","21:25:00",30,"Buffet ",37,5,21,"scooter ",1,"No ","Metropolitian ","Stormy","Jam ",1
"8/03/2022","22:50:00","23:05:00",25,"Meal ",25,4.7,17,"scooter ",2,"No ","Metropolitian ","Fog","Low ",1
"16/02/2022","18:35:00","18:40:00",43,"Buffet ",31,4.7,4,"motorcycle ",0,"No ","Metropolitian ","Fog","Medium ",0
"17/03/2022","23:15:00","23:20:00",27,"Meal ",35,4.8,13,"motorcycle ",0,"No ","Metropolitian ","Sunny","Low ",1
"14/03/2022","21:25:00","21:35:00",18,"Buffet ",28,4.9,21,"motorcycle ",1,"No ","Metropolitian ","Windy","Jam ",1
"18/02/2022","22:50:00","22:55:00",27,"Drinks ",33,4.8,7,"motorcycle ",0,"No ","Metropolitian ","Fog","Low ",1
"19/03/2022","21:35:00","21:45:00",49,"Snack ",33,4.2,14,"motorcycle ",0,"Yes ","Metropolitian ","Windy","Jam ",1
"12/02/2022","22:30:00","22:35:00",21,"Drinks ",24,5,5,"motorcycle ",0,"No ","Metropolitian ","Stormy","Low ",1
"26/03/2022","16:00:00","16:10:00",16,"Buffet ",33,4.8,13,"scooter ",2,"No ","Metropolitian ","Fog","Medium ",1
"25/03/2022","18:25:00","18:40:00",29,"Snack ",31,4.8,5,"motorcycle ",0,"No ","Metropolitian ","Sunny","Medium ",0
"1/04/2022","15:40:00","15:50:00",18,"Drinks ",27,4.7,23,"scooter ",1,"No ","Metropolitian ","Sunny","Medium ",0
"5/03/2022","14:20:00","14:30:00",31,"Meal ",36,4.4,9,"scooter ",2,"No ","Metropolitian ","Sunny","High ",1
"25/03/2022","23:10:00","23:20:00",19,"Meal ",29,4.7,17,"motorcycle ",0,"No ","Metropolitian ","Sandstorms","Low ",0
"4/03/2022","18:20:00","18:25:00",19,"Meal ",21,4.9,15,"motorcycle ",1,"No ","Metropolitian ","Stormy","Medium ",1
"24/03/2022","12:45:00","12:55:00",33,"Drinks ",34,4.2,3,"scooter ",2,"No ","Metropolitian ","Fog","High ",0
"4/04/2022","22:00:00","22:10:00",41,"Snack ",30,3.9,12,"motorcycle ",1,"Yes ","Metropolitian ","Sandstorms","Jam ",1
"31/03/2022","23:15:00","23:25:00",18,"Meal ",21,4.9,13,"motorcycle ",0,"No ","Metropolitian ","Sandstorms","Low ",1
"5/03/2022","22:45:00","22:55:00",19,"Snack ",36,4.8,15,"scooter ",2,"No ","Metropolitian ","Stormy","Low ",1
"24/03/2022","8:40:00","8:50:00",21,"Snack ",27,5,16,"scooter ",1,"No ","Urban ","Sunny","Low ",0
"19/03/2022","20:55:00","21:00:00",18,"Meal ",20,4.8,4,"scooter ",2,"No ","Metropolitian ","Sunny","Jam ",1
"12/02/2022","20:25:00","20:30:00",34,"Meal ",20,4.6,3,"scooter ",2,"No ","Metropolitian ","Stormy","Jam ",0
"18/03/2022","18:25:00","18:40:00",33,"Snack ",36,4.7,21,"motorcycle ",0,"No ","Metropolitian ","Sandstorms","Medium ",1
"8/03/2022","20:00:00","20:15:00",31,"Drinks ",31,4.3,19,"motorcycle ",0,"No ","Metropolitian ","Sunny","Jam ",1
"17/02/2022","15:20:00","15:35:00",19,"Meal ",34,4.8,23,"scooter ",2,"No ","Urban ","Fog","Medium ",1
"27/03/2022","22:45:00","22:55:00",19,"Buffet ",33,4.7,23,"scooter ",2,"No ","Metropolitian ","Stormy","Low ",0
"21/03/2022","22:30:00","22:40:00",22,"Buffet ",34,4.8,9,"electric_scooter ",2,"No ","Metropolitian ","Windy","Low ",0
"14/02/2022","20:35:00","20:50:00",36,"Buffet ",28,4.9,3,"motorcycle ",0,"No ","Metropolitian ","Stormy","Jam ",1
"13/02/2022","11:40:00","11:55:00",28,"Buffet ",36,4.6,7,"motorcycle ",2,"No ","Metropolitian ","Windy","High ",1
"19/03/2022","11:55:00","12:10:00",24,"Buffet ",25,4.5,3,"motorcycle ",1,"No ","Metropolitian ","Stormy","High ",1
"5/03/2022","8:25:00","8:40:00",25,"Drinks ",35,4.7,15,"motorcycle ",1,"No ","Urban ","Sandstorms","Low ",0
"1/04/2022","18:35:00","18:40:00",18,"Meal ",38,4.6,9,"motorcycle ",1,"No ","Metropolitian ","Sunny","Medium ",0
"2/03/2022","21:40:00","21:50:00",43,"Buffet ",36,4.1,8,"motorcycle ",0,"No ","Metropolitian ","Sandstorms","Jam ",0
"6/04/2022","21:40:00","21:55:00",12,"Meal ",28,4.8,17,"motorcycle ",1,"No ","Metropolitian ","Sunny","Jam ",1
"15/03/2022","17:20:00","17:25:00",28,"Snack ",22,4.8,17,"scooter ",2,"No ","Urban ","Sandstorms","Medium ",1
"31/03/2022","20:35:00","20:45:00",24,"Drinks ",23,4.7,9,"scooter ",1,"No ","Metropolitian ","Sandstorms","Jam ",1
"20/03/2022","17:35:00","17:45:00",33,"Meal ",35,4.2,5,"motorcycle ",1,"No ","Urban ","Fog","Medium ",1
"6/03/2022","21:20:00","21:30:00",25,"Drinks ",20,4.8,9,"motorcycle ",0,"No ","Metropolitian ","Stormy","Jam ",1
"14/02/2022","20:25:00","20:30:00",41,"Drinks ",33,4.3,5,"motorcycle ",0,"No ","Metropolitian ","Stormy","Jam ",1
"17/02/2022","20:15:00","20:25:00",30,"Snack ",33,4.9,18,"motorcycle ",1,"No ","Urban ","Fog","Jam ",0
"17/02/2022","22:50:00","23:05:00",27,"Drinks ",35,4.7,7,"motorcycle ",2,"No ","Metropolitian ","Stormy","Low ",1
"26/03/2022","23:50:00","0:05:00",29,"Snack ",33,4.7,17,"scooter ",1,"No ","Urban ","Windy","Low ",1
"8/03/2022","20:30:00","20:40:00",49,"Meal ",36,4.1,1,"scooter ",1,"No ","Metropolitian ","Fog","Jam ",0
"20/03/2022","22:55:00","23:05:00",19,"Buffet ",20,5,15,"motorcycle ",0,"No ","Metropolitian ","Sandstorms","Low ",1
"18/02/2022","18:10:00","18:15:00",37,"Buffet ",31,4.5,3,"motorcycle ",0,"No ","Metropolitian ","Fog","Medium ",1
"6/03/2022","18:45:00","18:50:00",39,"Snack ",35,4.7,17,"scooter ",2,"No ","Metropolitian ","Fog","Medium ",1
"16/03/2022","21:10:00","21:15:00",47,"Drinks ",24,4.8,22,"motorcycle ",0,"No ","Urban ","Fog","Jam ",2
"12/03/2022","22:25:00","22:35:00",20,"Buffet ",28,4.9,21,"motorcycle ",0,"No ","Metropolitian ","Stormy","Low ",0
"26/03/2022","17:50:00","17:55:00",29,"Snack ",33,4.8,7,"motorcycle ",1,"No ","Metropolitian ","Windy","Medium ",1
"9/03/2022","8:25:00","8:30:00",16,"Snack ",39,4.7,12,"electric_scooter ",2,"No ","Metropolitian ","Fog","Low ",1
"11/03/2022","8:15:00","8:20:00",15,"Buffet ",24,4.6,21,"scooter ",2,"No ","Metropolitian ","Windy","Low ",1
"21/03/2022","8:20:00","8:30:00",25,"Buffet ",32,5,13,"electric_scooter ",2,"No ","Metropolitian ","Windy","Low ",1
"19/03/2022","20:10:00","20:20:00",25,"Snack ",34,4.5,6,"motorcycle ",0,"No ","Metropolitian ","Sunny","Jam ",1
"2/03/2022","20:20:00","20:25:00",18,"Meal ",31,4.6,18,"scooter ",2,"No ","Metropolitian ","Sunny","Jam ",0
"12/03/2022","20:40:00","20:50:00",20,"Meal ",33,4.6,18,"scooter ",1,"No ","Metropolitian ","Sunny","Jam ",1
"5/03/2022","20:25:00","20:40:00",33,"Meal ",38,4.7,13,"scooter ",1,"No ","Metropolitian ","Stormy","Jam ",1
"15/03/2022","19:15:00","19:30:00",27,"Meal ",22,4.7,18,"motorcycle ",0,"No ","Metropolitian ","Fog","Jam ",0
"30/03/2022","19:55:00","20:10:00",31,"Meal ",37,4.8,4,"scooter ",1,"No ","Urban ","Sandstorms","Jam ",1
"24/03/2022","20:40:00","20:50:00",36,"Buffet ",29,4,8,"motorcycle ",0,"No ","Metropolitian ","Sandstorms","Jam ",2
"14/03/2022","21:20:00","21:35:00",34,"Drinks ",38,4.3,16,"scooter ",2,"No ","Metropolitian ","Sandstorms","Jam ",0
"7/03/2022","19:50:00","20:00:00",46,"Snack ",28,3.8,1,"motorcycle ",0,"Yes ","Metropolitian ","Sunny","Jam ",1
"7/03/2022","20:50:00","20:55:00",26,"Buffet ",34,4.8,23,"motorcycle ",0,"No ","Metropolitian ","Fog","Jam ",1
"4/04/2022","22:55:00","23:05:00",36,"Buffet ",34,4,13,"motorcycle ",0,"No ","Metropolitian ","Cloudy","Low ",1
"23/03/2022","23:50:00","0:05:00",18,"Drinks ",27,4.8,14,"motorcycle ",0,"No ","Metropolitian ","Stormy","Low ",0
"19/03/2022","23:25:00","23:40:00",12,"Drinks ",24,4.6,23,"scooter ",1,"No ","Urban ","Stormy","Low ",0
"25/03/2022","21:10:00","21:25:00",17,"Meal ",23,4.9,15,"scooter ",1,"No ","Metropolitian ","Windy","Jam ",0
"29/03/2022","23:45:00","23:55:00",43,"Snack ",31,4.8,9,"motorcycle ",0,"Yes ","Metropolitian ","Cloudy","Low ",0
"19/03/2022","21:20:00","21:35:00",15,"Buffet ",25,4.9,22,"motorcycle ",1,"No ","Metropolitian ","Sandstorms","Jam ",0
"13/03/2022","15:00:00","15:10:00",21,"Buffet ",39,4.7,14,"motorcycle ",0,"No ","Metropolitian ","Sunny","High ",1
"28/03/2022","23:40:00","23:50:00",26,"Snack ",37,4.7,17,"motorcycle ",0,"No ","Metropolitian ","Fog","Low ",0
"17/02/2022","20:20:00","20:35:00",17,"Drinks ",22,4.8,6,"scooter ",2,"No ","Metropolitian ","Sandstorms","Jam ",1
"13/02/2022","9:20:00","9:35:00",10,"Drinks ",36,4.8,6,"scooter ",1,"No ","Metropolitian ","Sunny","Low ",0
"31/03/2022","21:25:00","21:35:00",18,"Snack ",29,4.6,17,"scooter ",1,"No ","Metropolitian ","Sunny","Jam ",1
"4/03/2022","23:25:00","23:35:00",23,"Drinks ",22,4.7,19,"motorcycle ",1,"No ","Metropolitian ","Fog","Low ",1
"1/04/2022","21:45:00","22:00:00",46,"Snack ",34,4.2,7,"motorcycle ",0,"No ","Metropolitian ","Windy","Jam ",1
"5/03/2022","20:10:00","20:25:00",29,"Snack ",22,4.7,13,"motorcycle ",1,"No ","Metropolitian ","Windy","Jam ",0
"16/03/2022","17:55:00","18:05:00",23,"Snack ",25,4.9,14,"motorcycle ",0,"No ","Metropolitian ","Sunny","Medium ",1
"26/03/2022","13:45:00","14:00:00",23,"Buffet ",24,4.8,9,"motorcycle ",0,"No ","Metropolitian ","Windy","High ",1
"15/02/2022","8:25:00","8:30:00",23,"Drinks ",38,4.8,22,"scooter ",1,"No ","Urban ","Sandstorms","Low ",1
"10/03/2022","19:50:00","20:05:00",22,"Meal ",37,4.9,21,"motorcycle ",1,"No ","Metropolitian ","Sunny","Jam ",0
"13/03/2022","12:40:00","12:55:00",39,"Meal ",36,4.4,15,"scooter ",2,"No ","Metropolitian ","Cloudy","High ",1
"16/02/2022","21:20:00","21:25:00",25,"Buffet ",31,4.9,21,"scooter ",2,"No ","Urban ","Sunny","Jam ",0
"5/03/2022","23:15:00","23:25:00",16,"Drinks ",38,4.5,5,"scooter ",1,"No ","Urban ","Stormy","Low ",1
"14/02/2022","22:00:00","22:05:00",39,"Meal ",30,3.5,18,"electric_scooter ",2,"No ","Metropolitian ","Sandstorms","Jam ",1
"1/04/2022","17:25:00","17:35:00",25,"Meal ",34,4.6,22,"motorcycle ",1,"No ","Urban ","Stormy","Medium ",0
"25/03/2022","22:15:00","22:20:00",21,"Drinks ",39,4.7,23,"motorcycle ",1,"No ","Metropolitian ","Windy","Low ",1
"17/03/2022","13:55:00","14:00:00",15,"Buffet ",36,4.7,17,"scooter ",1,"No ","Urban ","Sunny","High ",1
"29/03/2022","21:20:00","21:25:00",23,"Meal ",25,4.5,23,"motorcycle ",2,"No ","Metropolitian ","Stormy","Jam ",1
"19/03/2022","18:35:00","18:40:00",23,"Meal ",22,4.8,17,"motorcycle ",1,"No ","Urban ","Windy","Medium ",0
"24/03/2022","9:45:00","10:00:00",16,"Buffet ",29,4.6,16,"motorcycle ",0,"No ","Urban ","Cloudy","Low ",0
"2/04/2022","20:40:00","20:45:00",38,"Buffet ",25,4.1,13,"scooter ",2,"No ","Metropolitian ","Cloudy","Jam ",1
"5/04/2022","23:40:00","23:55:00",19,"Meal ",25,4.7,21,"scooter ",1,"No ","Metropolitian ","Stormy","Low ",1
"12/02/2022","22:50:00","22:55:00",23,"Snack ",26,4.6,23,"motorcycle ",0,"No ","Urban ","Fog","Low ",1
"6/03/2022","22:35:00","22:40:00",27,"Drinks ",34,4.9,21,"scooter ",1,"No ","Metropolitian ","Sunny","Low ",1
"6/04/2022","20:00:00","20:05:00",25,"Snack ",28,4.6,17,"scooter ",2,"No ","Urban ","Sandstorms","Jam ",1
"16/02/2022","19:55:00","20:00:00",39,"Drinks ",35,4.6,19,"scooter ",2,"No ","Urban ","Cloudy","Jam ",1
"3/03/2022","17:25:00","17:30:00",32,"Drinks ",35,4.3,9,"motorcycle ",0,"No ","Metropolitian ","Sandstorms","Medium ",1
"16/03/2022","22:15:00","22:20:00",32,"Meal ",39,3.5,5,"motorcycle ",2,"No ","Urban ","Cloudy","Low ",0
"23/03/2022","19:35:00","19:50:00",34,"Buffet ",36,3.6,3,"motorcycle ",2,"No ","Urban ","Windy","Jam ",0
"23/03/2022","22:00:00","22:15:00",39,"Meal ",24,4.2,3,"scooter ",2,"No ","Urban ","Fog","Jam ",2
"6/03/2022","19:10:00","19:25:00",43,"Meal ",26,4.7,23,"motorcycle ",0,"No ","Metropolitian ","Fog","Jam ",1
"12/03/2022","18:40:00","18:50:00",39,"Drinks ",24,4.8,19,"motorcycle ",0,"No ","Metropolitian ","Fog","Medium ",1
"5/03/2022","11:55:00","12:05:00",25,"Buffet ",21,4.6,22,"motorcycle ",0,"No ","Metropolitian ","Sunny","High ",0
"17/03/2022","20:35:00","20:45:00",36,"Meal ",27,4.9,19,"motorcycle ",0,"No ","Metropolitian ","Stormy","Jam ",1
"25/03/2022","17:55:00","18:00:00",40,"Meal ",32,4,5,"electric_scooter ",2,"No ","Urban ","Cloudy","Medium ",2
"12/03/2022","22:20:00","22:25:00",26,"Drinks ",32,4.6,13,"motorcycle ",1,"No ","Metropolitian ","Stormy","Low ",0
"1/04/2022","10:00:00","10:15:00",15,"Snack ",21,4.3,16,"motorcycle ",0,"No ","Urban ","Stormy","Low ",0
"12/02/2022","18:30:00","18:35:00",32,"Drinks ",29,4.9,21,"motorcycle ",0,"No ","Urban ","Cloudy","Medium ",0
"12/03/2022","22:55:00","23:05:00",20,"Meal ",37,4.7,19,"motorcycle ",0,"No ","Metropolitian ","Sandstorms","Low ",1
"3/03/2022","11:55:00","12:10:00",31,"Meal ",37,4.3,14,"scooter ",1,"No ","Metropolitian ","Stormy","High ",1
"14/03/2022","17:15:00","17:20:00",32,"Meal ",26,4.8,23,"motorcycle ",2,"No ","Metropolitian ","Fog","Medium ",2
"1/03/2022","18:30:00","18:45:00",16,"Snack ",33,4.8,17,"scooter ",1,"No ","Metropolitian ","Stormy","Medium ",0
"15/03/2022","14:10:00","14:25:00",33,"Meal ",38,4.7,17,"motorcycle ",0,"No ","Urban ","Windy","High ",1
"6/03/2022","20:20:00","20:30:00",27,"Buffet ",33,4.8,19,"electric_scooter ",2,"No ","Metropolitian ","Stormy","Jam ",1
"31/03/2022","17:55:00","18:05:00",36,"Drinks ",36,3.8,9,"motorcycle ",1,"No ","Metropolitian ","Sandstorms","Medium ",2
"12/03/2022","19:00:00","19:05:00",37,"Snack ",26,4,3,"motorcycle ",2,"No ","Metropolitian ","Fog","Medium ",1
"28/03/2022","15:00:00","15:05:00",20,"Meal ",21,4.9,9,"motorcycle ",0,"No ","Metropolitian ","Cloudy","High ",1
"26/03/2022","23:20:00","23:25:00",23,"Drinks ",22,4.5,4,"motorcycle ",0,"No ","Urban ","Sandstorms","Low ",0
"24/03/2022","8:25:00","8:40:00",25,"Meal ",37,4.6,16,"scooter ",2,"No ","Metropolitian ","Sandstorms","Low ",1
"12/02/2022","17:45:00","17:55:00",32,"Snack ",24,4.7,8,"scooter ",1,"No ","Metropolitian ","Fog","Medium ",1
"27/03/2022","23:20:00","23:35:00",15,"Meal ",39,4.8,13,"motorcycle ",2,"No ","Metropolitian ","Windy","Low ",1
"9/03/2022","11:00:00","11:05:00",15,"Drinks ",25,4.9,17,"scooter ",2,"No ","Urban ","Sunny","Low ",0
"17/03/2022","23:45:00","0:00:00",16,"Buffet ",26,4.9,2,"scooter ",1,"No ","Metropolitian ","Sandstorms","Low ",0
"6/04/2022","18:40:00","18:55:00",25,"Snack ",26,4.6,15,"scooter ",2,"No ","Urban ","Cloudy","Medium ",0
"14/03/2022","19:45:00","19:50:00",15,"Meal ",27,4.5,3,"scooter ",2,"No ","Urban ","Windy","Jam ",1
"21/03/2022","17:30:00","17:35:00",22,"Drinks ",25,4.5,3,"electric_scooter ",2,"No ","Urban ","Sandstorms","Medium ",1
"18/02/2022","22:20:00","22:25:00",11,"Buffet ",29,4.7,3,"scooter ",2,"No ","Metropolitian ","Fog","Low ",1
"7/03/2022","17:35:00","17:50:00",34,"Snack ",31,4.6,12,"motorcycle ",0,"No ","Metropolitian ","Sunny","Medium ",1
"24/03/2022","10:45:00","10:50:00",19,"Snack ",21,4.1,13,"motorcycle ",0,"No ","Metropolitian ","Stormy","Low ",0
"14/03/2022","23:30:00","23:45:00",41,"Snack ",35,4.8,9,"motorcycle ",0,"No ","Metropolitian ","Fog","Low ",0
"8/03/2022","17:30:00","17:40:00",30,"Drinks ",21,4.8,23,"motorcycle ",0,"No ","Metropolitian ","Sandstorms","Medium ",0
"6/03/2022","20:10:00","20:20:00",37,"Drinks ",39,4.8,18,"motorcycle ",2,"No ","Metropolitian ","Sunny","Jam ",2
"3/04/2022","12:40:00","12:50:00",34,"Buffet ",32,4,5,"motorcycle ",2,"No ","Metropolitian ","Sandstorms","High ",1
"26/03/2022","22:00:00","22:10:00",31,"Meal ",32,4.6,9,"electric_scooter ",2,"No ","Metropolitian ","Windy","Jam ",1
"31/03/2022","19:10:00","19:25:00",21,"Drinks ",25,4.8,22,"motorcycle ",0,"No ","Metropolitian ","Sunny","Jam ",0
"1/03/2022","11:35:00","11:40:00",31,"Drinks ",38,4.9,17,"scooter ",2,"No ","Metropolitian ","Windy","High ",1
"27/03/2022","18:30:00","18:35:00",26,"Buffet ",27,4.7,21,"motorcycle ",0,"No ","Urban ","Windy","Medium ",1
"10/03/2022","21:35:00","21:45:00",33,"Meal ",30,4.9,18,"motorcycle ",0,"No ","Metropolitian ","Sunny","Jam ",1
"13/02/2022","22:10:00","22:15:00",20,"Snack ",34,4.6,2,"scooter ",1,"No ","Metropolitian ","Stormy","Low ",1
"8/03/2022","20:40:00","20:55:00",34,"Buffet ",38,3.8,6,"motorcycle ",1,"No ","Metropolitian ","Sunny","Jam ",1
"3/04/2022","23:10:00","23:15:00",13,"Snack ",28,4.8,19,"scooter ",2,"No ","Urban ","Cloudy","Low ",0
"13/02/2022","9:50:00","10:00:00",12,"Meal ",20,4.7,19,"scooter ",2,"No ","Urban ","Sandstorms","Low ",0
"1/03/2022","10:35:00","10:45:00",19,"Drinks ",29,4.7,16,"scooter ",2,"No ","Metropolitian ","Sunny","Low ",1
"2/04/2022","17:50:00","17:55:00",20,"Meal ",25,4.9,22,"scooter ",1,"No ","Metropolitian ","Stormy","Medium ",1
"4/04/2022","18:55:00","19:05:00",44,"Snack ",20,5,15,"motorcycle ",0,"Yes ","Semi-Urban ","Fog","Medium ",1
"4/04/2022","23:50:00","23:55:00",15,"Drinks ",24,5,22,"scooter ",1,"No ","Metropolitian ","Windy","Low ",0
"30/03/2022","14:00:00","14:10:00",27,"Snack ",30,4.8,23,"motorcycle ",2,"No ","Metropolitian ","Sandstorms","High ",1
"11/03/2022","20:40:00","20:45:00",20,"Meal ",24,4.6,22,"electric_scooter ",2,"No ","Metropolitian ","Stormy","Jam ",1
"4/04/2022","23:35:00","23:45:00",16,"Meal ",33,4.7,21,"motorcycle ",1,"No ","Metropolitian ","Stormy","Low ",0
"4/03/2022","22:40:00","22:45:00",28,"Buffet ",37,4.6,12,"scooter ",2,"No ","Metropolitian ","Windy","Low ",1
"14/03/2022","23:25:00","23:40:00",24,"Drinks ",21,4.6,18,"motorcycle ",0,"No ","Urban ","Cloudy","Low ",1
"12/02/2022","22:30:00","22:35:00",27,"Buffet ",23,4.7,15,"motorcycle ",1,"No ","Urban ","Sunny","Low ",1
"28/03/2022","18:40:00","18:50:00",27,"Buffet ",34,4.7,13,"electric_scooter ",2,"No ","Metropolitian ","Stormy","Medium ",0
"2/04/2022","23:55:00","0:05:00",28,"Snack ",30,4.6,21,"motorcycle ",2,"No ","Metropolitian ","Sunny","Low ",1
"24/03/2022","8:55:00","9:00:00",13,"Buffet ",24,4.9,9,"motorcycle ",2,"No ","Metropolitian ","Windy","Low ",0
"16/03/2022","20:40:00","20:45:00",25,"Buffet ",32,4.6,23,"scooter ",2,"No ","Metropolitian ","Sandstorms","Jam ",1
"14/02/2022","21:20:00","21:25:00",20,"Drinks ",34,4.7,2,"motorcycle ",1,"No ","Metropolitian ","Sunny","Jam ",1
"4/04/2022","17:50:00","17:55:00",36,"Meal ",25,4.8,12,"motorcycle ",1,"No ","Metropolitian ","Cloudy","Medium ",1
"18/03/2022","22:10:00","22:15:00",17,"Buffet ",33,5,7,"motorcycle ",1,"No ","Metropolitian ","Stormy","Low ",0
"16/03/2022","21:10:00","21:15:00",34,"Snack ",21,4.1,8,"motorcycle ",0,"No ","Metropolitian ","Stormy","Jam ",0
"5/03/2022","20:45:00","21:00:00",17,"Drinks ",24,4.9,18,"motorcycle ",0,"No ","Urban ","Stormy","Jam ",1
"1/03/2022","19:40:00","19:50:00",18,"Meal ",24,4.8,13,"scooter ",2,"No ","Metropolitian ","Windy","Jam ",1
"21/03/2022","19:45:00","19:50:00",33,"Drinks ",27,4.7,8,"motorcycle ",0,"No ","Metropolitian ","Windy","Jam ",1
"7/03/2022","14:45:00","14:55:00",30,"Meal ",34,4.8,19,"scooter ",2,"No ","Metropolitian ","Sandstorms","High ",1
"16/02/2022","21:55:00","22:05:00",39,"Buffet ",22,4.8,2,"motorcycle ",0,"No ","Metropolitian ","Fog","Jam ",1
"10/03/2022","21:10:00","21:25:00",24,"Snack ",27,4.9,15,"motorcycle ",1,"No ","Urban ","Sunny","Jam ",1
"30/03/2022","19:45:00","19:50:00",29,"Buffet ",36,4.9,2,"motorcycle ",2,"No ","Metropolitian ","Windy","Jam ",1
"1/04/2022","21:15:00","21:25:00",23,"Snack ",27,4.7,23,"motorcycle ",1,"No ","Metropolitian ","Sandstorms","Jam ",0
"25/03/2022","19:00:00","19:05:00",21,"Buffet ",26,4.5,22,"motorcycle ",2,"No ","Metropolitian ","Sandstorms","Medium ",0
"7/03/2022","22:25:00","22:40:00",25,"Drinks ",36,4.7,9,"scooter ",2,"No ","Metropolitian ","Windy","Low ",1
"4/03/2022","22:50:00","23:05:00",22,"Meal ",32,5,9,"scooter ",1,"No ","Metropolitian ","Windy","Low ",0
"11/02/2022","18:55:00","19:05:00",23,"Buffet ",38,5,7,"scooter ",1,"No ","Metropolitian ","Sunny","Medium ",0
"13/02/2022","19:50:00","20:00:00",19,"Drinks ",33,4.6,8,"scooter ",1,"No ","Metropolitian ","Sunny","Jam ",1
"14/02/2022","17:35:00","17:45:00",32,"Meal ",26,4.8,6,"motorcycle ",0,"No ","Metropolitian ","Fog","Medium ",1
"18/03/2022","23:00:00","23:10:00",13,"Buffet ",20,4.7,2,"motorcycle ",2,"No ","Metropolitian ","Windy","Low ",0
"7/03/2022","19:15:00","19:30:00",13,"Drinks ",28,4.5,4,"scooter ",1,"No ","Urban ","Stormy","Jam ",0
"11/03/2022","8:10:00","8:20:00",16,"Drinks ",25,4.6,15,"motorcycle ",0,"No ","Metropolitian ","Sunny","Low ",1
"4/04/2022","19:10:00","19:25:00",53,"Snack ",32,4.7,5,"motorcycle ",0,"Yes ","Metropolitian ","Cloudy","Jam ",1
"23/03/2022","18:30:00","18:40:00",20,"Snack ",23,4.9,22,"scooter ",2,"No ","Urban ","Stormy","Medium ",0
"4/04/2022","20:50:00","21:00:00",44,"Drinks ",37,4.6,3,"motorcycle ",0,"No ","Metropolitian ","Stormy","Jam ",1
"16/03/2022","23:55:00","0:10:00",29,"Drinks ",37,5,18,"motorcycle ",1,"No ","Urban ","Windy","Low ",0
"26/03/2022","17:15:00","17:25:00",27,"Drinks ",39,4.6,18,"motorcycle ",0,"No ","Urban ","Stormy","Medium ",1
"26/03/2022","8:55:00","9:05:00",18,"Drinks ",28,4.7,19,"scooter ",2,"No ","Metropolitian ","Fog","Low ",1
"15/02/2022","17:15:00","17:30:00",28,"Snack ",23,4.9,8,"motorcycle ",0,"No ","Metropolitian ","Fog","Medium ",1
"24/03/2022","20:25:00","20:35:00",10,"Snack ",27,4.7,14,"electric_scooter ",2,"No ","Metropolitian ","Sunny","Jam ",0
"7/03/2022","20:25:00","20:40:00",29,"Buffet ",24,4.5,14,"motorcycle ",0,"No ","Metropolitian ","Sunny","Jam ",0
"14/02/2022","19:20:00","19:35:00",49,"Buffet ",37,4,1,"motorcycle ",0,"No ","Semi-Urban ","Stormy","Jam ",3
"19/03/2022","10:20:00","10:35:00",19,"Buffet ",35,4.6,1,"motorcycle ",1,"No ","Metropolitian ","Cloudy","Low ",1
"7/03/2022","20:20:00","20:25:00",26,"Drinks ",26,4.8,19,"motorcycle ",2,"No ","Urban ","Sandstorms","Jam ",1
"24/03/2022","11:35:00","11:40:00",29,"Snack ",28,4.7,6,"electric_scooter ",2,"No ","Metropolitian ","Fog","High ",1
"6/03/2022","18:45:00","18:50:00",39,"Snack ",35,4.7,17,"scooter ",2,"No ","Metropolitian ","Fog","Medium ",1
"19/03/2022","21:35:00","21:45:00",31,"Snack ",34,4.6,18,"scooter ",1,"No ","Metropolitian ","Windy","Jam ",1
"6/04/2022","17:15:00","17:20:00",47,"Meal ",36,4.1,3,"motorcycle ",0,"No ","Metropolitian ","Sandstorms","Medium ",1
"13/03/2022","21:15:00","21:30:00",44,"Drinks ",35,4.8,17,"motorcycle ",0,"No ","Metropolitian ","Stormy","Jam ",1
"23/03/2022","20:15:00","20:30:00",38,"Meal ",26,4.3,4,"scooter ",2,"No ","Metropolitian ","Cloudy","Jam ",1
"3/04/2022","22:35:00","22:50:00",19,"Drinks ",32,4.9,23,"scooter ",1,"No ","Metropolitian ","Fog","Low ",0
"1/03/2022","21:55:00","22:10:00",33,"Buffet ",37,4.4,16,"motorcycle ",0,"No ","Metropolitian ","Stormy","Jam ",1
"15/03/2022","16:55:00","17:00:00",13,"Buffet ",24,4.8,16,"motorcycle ",0,"No ","Urban ","Stormy","Medium ",0
"13/03/2022","22:35:00","22:50:00",19,"Buffet ",34,4.8,15,"scooter ",2,"No ","Metropolitian ","Fog","Low ",0
"25/03/2022","19:35:00","19:45:00",29,"Snack ",38,4.8,8,"electric_scooter ",2,"No ","Metropolitian ","Windy","Jam ",1
"15/02/2022","11:55:00","12:00:00",20,"Meal ",27,5,2,"scooter ",1,"No ","Metropolitian ","Stormy","High ",1
"2/03/2022","18:30:00","18:35:00",24,"Meal ",37,5,17,"scooter ",2,"No ","Urban ","Windy","Medium ",1
"13/03/2022","18:35:00","18:50:00",25,"Buffet ",36,4.8,13,"scooter ",1,"No ","Metropolitian ","Sandstorms","Medium ",0
"14/03/2022","21:15:00","21:30:00",36,"Snack ",23,4.6,15,"motorcycle ",1,"No ","Urban ","Cloudy","Jam ",1
"11/03/2022","12:45:00","12:55:00",10,"Snack ",27,4.7,16,"scooter ",2,"No ","Metropolitian ","Sunny","High ",0
"17/02/2022","17:45:00","18:00:00",23,"Snack ",27,4.7,22,"motorcycle ",0,"No ","Urban ","Windy","Medium ",0
"10/03/2022","20:55:00","21:05:00",48,"Meal ",33,4.8,17,"motorcycle ",0,"Yes ","Metropolitian ","Cloudy","Jam ",2
"28/03/2022","15:55:00","16:00:00",29,"Meal ",33,4.6,5,"motorcycle ",2,"No ","Metropolitian ","Stormy","Medium ",1
"4/04/2022","21:40:00","21:55:00",38,"Snack ",39,4.7,23,"motorcycle ",0,"No ","Urban ","Sandstorms","Jam ",0
"11/03/2022","19:35:00","19:45:00",21,"Drinks ",23,4.8,15,"motorcycle ",0,"No ","Metropolitian ","Fog","Jam ",1
"11/02/2022","10:40:00","10:50:00",17,"Snack ",28,5,18,"scooter ",1,"No ","Urban ","Cloudy","Low ",1
"6/04/2022","22:10:00","22:25:00",23,"Meal ",27,4.5,3,"motorcycle ",0,"No ","Metropolitian ","Cloudy","Low ",0
"1/04/2022","23:25:00","23:35:00",20,"Drinks ",25,4.2,18,"motorcycle ",0,"No ","Metropolitian ","Stormy","Low ",1
"5/04/2022","22:15:00","22:30:00",20,"Snack ",25,4.9,19,"motorcycle ",2,"No ","Metropolitian ","Sunny","Low ",0
"4/03/2022","19:35:00","19:50:00",20,"Snack ",27,4.7,23,"scooter ",2,"No ","Metropolitian ","Stormy","Jam ",1
"3/04/2022","22:15:00","22:25:00",29,"Meal ",22,4.1,5,"motorcycle ",0,"No ","Urban ","Stormy","Low ",1
"6/03/2022","21:00:00","21:05:00",39,"Meal ",23,5,23,"scooter ",1,"No ","Metropolitian ","Sunny","Jam ",0
"15/03/2022","9:30:00","9:45:00",15,"Drinks ",36,4.6,23,"scooter ",2,"No ","Metropolitian ","Cloudy","Low ",0
"14/03/2022","17:30:00","17:35:00",20,"Snack ",24,4.7,16,"motorcycle ",0,"No ","Metropolitian ","Sunny","Medium ",1
"3/04/2022","12:35:00","12:45:00",34,"Snack ",31,4.9,22,"motorcycle ",0,"No ","Urban ","Sandstorms","High ",1
"31/03/2022","23:30:00","23:35:00",21,"Drinks ",27,4.6,23,"motorcycle ",0,"No ","Metropolitian ","Sunny","Low ",1
"18/03/2022","18:10:00","18:20:00",34,"Snack ",32,4.9,21,"motorcycle ",0,"No ","Metropolitian ","Sunny","Medium ",1
"20/03/2022","18:45:00","19:00:00",24,"Snack ",31,4.8,14,"scooter ",1,"No ","Metropolitian ","Stormy","Medium ",1
"19/03/2022","22:30:00","22:35:00",23,"Snack ",34,4.5,19,"motorcycle ",0,"No ","Metropolitian ","Cloudy","Low ",0
"2/03/2022","18:20:00","18:25:00",30,"Buffet ",30,4.7,18,"motorcycle ",1,"No ","Urban ","Sandstorms","Medium ",1
"11/02/2022","15:25:00","15:40:00",34,"Drinks ",30,4.2,2,"motorcycle ",0,"No ","Metropolitian ","Windy","Medium ",0
"3/03/2022","10:55:00","11:05:00",16,"Drinks ",21,4.7,14,"motorcycle ",2,"No ","Metropolitian ","Sandstorms","Low ",1
"13/03/2022","17:50:00","18:05:00",12,"Meal ",25,4.6,22,"scooter ",1,"No ","Urban ","Fog","Medium ",1
"6/03/2022","22:35:00","22:50:00",27,"Buffet ",29,4.8,21,"motorcycle ",1,"No ","Metropolitian ","Sunny","Low ",1
"2/03/2022","20:40:00","20:50:00",17,"Buffet ",23,4.5,18,"scooter ",1,"No ","Metropolitian ","Stormy","Jam ",0
"29/03/2022","18:40:00","18:55:00",15,"Meal ",28,4.8,12,"scooter ",1,"No ","Metropolitian ","Sunny","Medium ",0
"25/03/2022","23:50:00","0:00:00",37,"Meal ",33,3.9,11,"scooter ",1,"No ","Metropolitian ","Cloudy","Low ",1
"30/03/2022","14:15:00","14:25:00",23,"Drinks ",23,4.6,17,"motorcycle ",1,"No ","Metropolitian ","Fog","High ",1
"25/03/2022","23:40:00","23:50:00",19,"Drinks ",30,4.5,6,"motorcycle ",1,"No ","Urban ","Sandstorms","Low ",0
"12/02/2022","23:20:00","23:35:00",31,"Drinks ",35,4.5,6,"electric_scooter ",2,"No ","Metropolitian ","Stormy","Low ",0
"12/03/2022","22:25:00","22:30:00",37,"Buffet ",22,3.1,8,"scooter ",2,"No ","Metropolitian ","Sunny","Low ",1
"23/03/2022","18:50:00","19:05:00",38,"Buffet ",33,3.6,2,"motorcycle ",2,"No ","Urban ","Windy","Medium ",2
"3/03/2022","8:10:00","8:15:00",17,"Meal ",21,4.8,13,"motorcycle ",1,"No ","Metropolitian ","Windy","Low ",1
"16/03/2022","18:10:00","18:25:00",28,"Drinks ",22,4.8,9,"motorcycle ",0,"No ","Metropolitian ","Sunny","Medium ",1
"17/03/2022","16:50:00","17:00:00",28,"Drinks ",32,4.9,9,"motorcycle ",2,"No ","Metropolitian ","Sandstorms","Medium ",1
"20/03/2022","23:00:00","23:15:00",23,"Meal ",26,4.6,16,"motorcycle ",0,"No ","Metropolitian ","Fog","Low ",1
"3/04/2022","10:25:00","10:30:00",12,"Meal ",25,4.6,23,"motorcycle ",1,"No ","Urban ","Sandstorms","Low ",0
"13/03/2022","19:55:00","20:10:00",24,"Meal ",24,4.7,12,"motorcycle ",0,"No ","Metropolitian ","Cloudy","Jam ",0
"9/03/2022","21:40:00","21:50:00",34,"Meal ",37,4.6,17,"motorcycle ",2,"No ","Metropolitian ","Fog","Jam ",0
"21/03/2022","8:35:00","8:40:00",20,"Buffet ",32,4.2,23,"motorcycle ",0,"No ","Metropolitian ","Sandstorms","Low ",1
"4/03/2022","23:20:00","23:35:00",18,"Buffet ",24,4.5,5,"motorcycle ",0,"No ","Urban ","Stormy","Low ",1
"15/03/2022","20:45:00","20:50:00",24,"Snack ",23,4.9,22,"scooter ",1,"No ","Urban ","Fog","Jam ",1
"14/03/2022","17:45:00","17:50:00",23,"Snack ",29,4.7,16,"scooter ",2,"No ","Metropolitian ","Windy","Medium ",0
"11/03/2022","20:20:00","20:30:00",36,"Drinks ",35,4.8,23,"motorcycle ",1,"No ","Metropolitian ","Fog","Jam ",1
"14/03/2022","20:20:00","20:30:00",40,"Drinks ",30,3.8,9,"scooter ",2,"No ","Metropolitian ","Sandstorms","Jam ",1
"9/03/2022","20:20:00","20:30:00",20,"Meal ",22,4.7,19,"motorcycle ",0,"No ","Metropolitian ","Sandstorms","Jam ",1
"21/03/2022","19:30:00","19:40:00",22,"Drinks ",20,4.7,15,"motorcycle ",2,"No ","Metropolitian ","Windy","Jam ",0
"1/04/2022","13:40:00","13:55:00",27,"Drinks ",26,4.9,16,"motorcycle ",0,"No ","Urban ","Fog","High ",0
"5/03/2022","20:15:00","20:30:00",31,"Snack ",33,4.2,8,"motorcycle ",1,"No ","Metropolitian ","Stormy","Jam ",0
"5/04/2022","10:40:00","10:55:00",25,"Snack ",26,4.3,2,"motorcycle ",0,"No ","Metropolitian ","Sandstorms","Low ",1
"16/03/2022","17:10:00","17:15:00",35,"Drinks ",31,3.7,1,"motorcycle ",1,"No ","Metropolitian ","Sandstorms","Medium ",0
"6/04/2022","23:50:00","0:00:00",14,"Buffet ",29,4.8,23,"motorcycle ",2,"No ","Urban ","Windy","Low ",1
"17/03/2022","23:45:00","0:00:00",18,"Buffet ",32,4.9,17,"scooter ",2,"No ","Metropolitian ","Fog","Low ",1
"5/04/2022","18:20:00","18:25:00",14,"Meal ",28,4.7,16,"motorcycle ",2,"No ","Metropolitian ","Cloudy","Medium ",1
"16/02/2022","21:30:00","21:35:00",29,"Meal ",33,4.6,7,"scooter ",2,"No ","Metropolitian ","Stormy","Jam ",1
"4/03/2022","19:55:00","20:05:00",29,"Meal ",30,4.8,14,"motorcycle ",1,"No ","Metropolitian ","Sandstorms","Jam ",1
"6/04/2022","20:55:00","21:05:00",48,"Meal ",31,5,17,"scooter ",1,"No ","Metropolitian ","Cloudy","Jam ",3
"24/03/2022","11:25:00","11:35:00",24,"Meal ",20,4.6,9,"motorcycle ",0,"No ","Metropolitian ","Fog","High ",1
"18/03/2022","19:35:00","19:50:00",37,"Drinks ",25,4.6,23,"scooter ",1,"No ","Metropolitian ","Cloudy","Jam ",2
"19/03/2022","16:50:00","17:05:00",26,"Drinks ",33,4.5,9,"electric_scooter ",2,"No ","Metropolitian ","Sandstorms","Medium ",1
"2/03/2022","18:30:00","18:45:00",30,"Snack ",25,4.9,12,"motorcycle ",0,"No ","Metropolitian ","Stormy","Medium ",1
"24/03/2022","19:30:00","19:40:00",30,"Buffet ",32,4.8,7,"motorcycle ",1,"No ","Metropolitian ","Windy","Jam ",1
"20/03/2022","18:10:00","18:15:00",34,"Snack ",24,4.9,6,"motorcycle ",1,"No ","Metropolitian ","Fog","Medium ",1
"24/03/2022","20:10:00","20:15:00",28,"Drinks ",39,4.6,18,"motorcycle ",0,"No ","Urban ","Cloudy","Jam ",1
"16/02/2022","20:45:00","20:50:00",35,"Meal ",36,4.3,6,"motorcycle ",0,"No ","Metropolitian ","Windy","Jam ",1
"30/03/2022","22:00:00","22:10:00",17,"Buffet ",23,4.9,19,"scooter ",1,"No ","Metropolitian ","Sunny","Jam ",0
"31/03/2022","20:45:00","21:00:00",19,"Meal ",22,4.8,23,"motorcycle ",1,"No ","Metropolitian ","Sandstorms","Jam ",1
"27/03/2022","18:30:00","18:45:00",28,"Drinks ",33,4.7,16,"motorcycle ",2,"No ","Urban ","Sunny","Medium ",1
"28/03/2022","11:00:00","11:05:00",12,"Buffet ",24,4.5,13,"motorcycle ",1,"No ","Metropolitian ","Fog","Low ",0
"3/03/2022","10:00:00","10:15:00",16,"Meal ",34,4.9,16,"motorcycle ",1,"No ","Urban ","Cloudy","Low ",0
"6/04/2022","22:55:00","23:05:00",26,"Drinks ",29,4.9,16,"scooter ",1,"No ","Metropolitian ","Cloudy","Low ",0
"5/04/2022","21:35:00","21:45:00",23,"Drinks ",37,4.7,16,"motorcycle ",1,"No ","Metropolitian ","Sunny","Jam ",1
"10/03/2022","19:00:00","19:15:00",43,"Buffet ",38,4.4,4,"motorcycle ",1,"Yes ","Urban ","Cloudy","Medium ",1
"17/03/2022","11:55:00","12:05:00",27,"Snack ",32,4.5,13,"scooter ",2,"No ","Metropolitian ","Sandstorms","High ",1
"23/03/2022","18:35:00","18:50:00",26,"Drinks ",20,4.8,16,"motorcycle ",2,"No ","Metropolitian ","Windy","Medium ",1
"6/04/2022","22:55:00","23:10:00",15,"Meal ",26,4.9,23,"motorcycle ",0,"No ","Urban ","Stormy","Low ",0
"18/02/2022","20:35:00","20:40:00",27,"Meal ",34,4.8,2,"motorcycle ",1,"No ","Metropolitian ","Fog","Jam ",1
"3/04/2022","21:15:00","21:25:00",28,"Snack ",37,4.5,18,"scooter ",2,"No ","Metropolitian ","Fog","Jam ",0
"4/04/2022","22:15:00","22:30:00",11,"Snack ",29,4.7,22,"scooter ",2,"No ","Metropolitian ","Sandstorms","Low ",0
"6/03/2022","21:45:00","21:50:00",28,"Meal ",32,4.7,12,"motorcycle ",1,"No ","Metropolitian ","Sunny","Jam ",1
"4/04/2022","18:40:00","18:50:00",21,"Buffet ",21,4.7,18,"motorcycle ",2,"No ","Metropolitian ","Windy","Medium ",1
"17/02/2022","8:20:00","8:30:00",16,"Drinks ",31,4.8,3,"scooter ",1,"No ","Metropolitian ","Sandstorms","Low ",0
"11/02/2022","11:00:00","11:15:00",20,"Meal ",27,4.1,19,"motorcycle ",0,"No ","Metropolitian ","Sandstorms","Low ",1
"3/04/2022","9:10:00","9:20:00",15,"Drinks ",31,4.7,22,"motorcycle ",1,"No ","Metropolitian ","Fog","Low ",1
"1/03/2022","21:55:00","22:05:00",28,"Drinks ",26,4.5,16,"motorcycle ",0,"No ","Metropolitian ","Fog","Jam ",0
"6/04/2022","21:00:00","21:10:00",37,"Meal ",25,4.9,17,"motorcycle ",0,"No ","Metropolitian ","Fog","Jam ",0
"18/02/2022","20:25:00","20:40:00",15,"Meal ",28,4.9,15,"motorcycle ",0,"No ","Urban ","Sunny","Jam ",0
"4/03/2022","19:50:00","20:00:00",40,"Meal ",32,4.2,11,"scooter ",1,"No ","Metropolitian ","Stormy","Jam ",0
"11/02/2022","23:50:00","0:05:00",17,"Meal ",28,5,2,"motorcycle ",0,"No ","Metropolitian ","Sunny","Low ",0
"4/03/2022","21:40:00","21:50:00",44,"Meal ",36,4.8,13,"motorcycle ",0,"No ","Metropolitian ","Stormy","Jam ",1
"3/04/2022","15:25:00","15:35:00",19,"Meal ",21,4.5,21,"motorcycle ",0,"No ","Metropolitian ","Sunny","Medium ",1
"23/03/2022","20:45:00","20:55:00",27,"Meal ",35,4.6,17,"motorcycle ",1,"No ","Metropolitian ","Sandstorms","Jam ",1
"14/03/2022","23:55:00","0:10:00",24,"Buffet ",27,4.5,19,"motorcycle ",0,"No ","Metropolitian ","Sandstorms","Low ",1
"19/03/2022","14:25:00","14:30:00",27,"Buffet ",32,4.7,14,"motorcycle ",1,"No ","Metropolitian ","Windy","High ",0
"15/02/2022","9:20:00","9:25:00",15,"Buffet ",27,4.7,23,"motorcycle ",0,"No ","Urban ","Cloudy","Low ",1
"9/03/2022","10:50:00","10:55:00",29,"Meal ",38,4.7,19,"motorcycle ",0,"No ","Metropolitian ","Cloudy","Low ",1
"1/04/2022","19:40:00","19:50:00",50,"Buffet ",21,3.7,12,"motorcycle ",0,"No ","Metropolitian ","Sunny","Jam ",3
"2/04/2022","19:15:00","19:20:00",24,"Meal ",23,4.9,9,"motorcycle ",1,"No ","Metropolitian ","Sunny","Jam ",1
"10/03/2022","23:40:00","23:45:00",41,"Drinks ",23,3.5,4,"scooter ",2,"No ","Metropolitian ","Sunny","Low ",1
"5/04/2022","18:40:00","18:55:00",28,"Meal ",20,4.6,21,"motorcycle ",0,"No ","Urban ","Fog","Medium ",1
"10/03/2022","19:20:00","19:35:00",35,"Buffet ",27,4.8,13,"motorcycle ",0,"No ","Metropolitian ","Windy","Jam ",1
"13/03/2022","8:55:00","9:10:00",28,"Buffet ",30,5,13,"electric_scooter ",2,"No ","Metropolitian ","Windy","Low ",1
"16/02/2022","22:15:00","22:30:00",26,"Meal ",26,4.6,8,"motorcycle ",1,"No ","Metropolitian ","Fog","Low ",1
"28/03/2022","9:55:00","10:10:00",23,"Drinks ",26,4,4,"motorcycle ",0,"No ","Urban ","Windy","Low ",0
"30/03/2022","19:00:00","19:10:00",26,"Buffet ",22,5,23,"scooter ",2,"No ","Metropolitian ","Windy","Medium ",1
"11/03/2022","21:45:00","21:55:00",33,"Snack ",30,4.9,19,"electric_scooter ",2,"No ","Metropolitian ","Windy","Jam ",1
"1/03/2022","13:15:00","13:25:00",28,"Drinks ",30,4.9,18,"electric_scooter ",2,"No ","Metropolitian ","Windy","High ",1
"5/04/2022","11:35:00","11:45:00",34,"Snack ",37,4.8,17,"scooter ",2,"No ","Metropolitian ","Sandstorms","High ",1
"14/03/2022","23:00:00","23:15:00",19,"Snack ",35,4.9,9,"scooter ",1,"No ","Metropolitian ","Sunny","Low ",0
"31/03/2022","22:35:00","22:40:00",24,"Snack ",29,4.5,12,"motorcycle ",0,"No ","Metropolitian ","Cloudy","Low ",1
"31/03/2022","17:55:00","18:10:00",35,"Buffet ",38,4.7,4,"motorcycle ",0,"No ","Metropolitian ","Cloudy","Medium ",1
"18/02/2022","22:20:00","22:35:00",27,"Buffet ",36,4.9,7,"motorcycle ",0,"No ","Metropolitian ","Fog","Low ",1
"13/03/2022","8:10:00","8:15:00",17,"Drinks ",35,4.6,21,"scooter ",2,"No ","Urban ","Fog","Low ",1
"20/03/2022","17:35:00","17:50:00",42,"Buffet ",35,4.9,15,"electric_scooter ",2,"No ","Urban ","Cloudy","Medium ",1
"18/02/2022","17:55:00","18:00:00",18,"Meal ",24,4.8,4,"scooter ",1,"No ","Metropolitian ","Sandstorms","Medium ",1
"15/03/2022","20:20:00","20:25:00",31,"Drinks ",37,4.4,23,"motorcycle ",0,"No ","Metropolitian ","Fog","Jam ",0
"9/03/2022","8:50:00","9:05:00",15,"Meal ",21,5,12,"scooter ",1,"No ","Metropolitian ","Stormy","Low ",1
"17/03/2022","18:15:00","18:25:00",31,"Snack ",32,4.7,23,"motorcycle ",1,"No ","Urban ","Stormy","Medium ",0
"15/02/2022","13:50:00","14:05:00",40,"Meal ",36,4.2,2,"motorcycle ",0,"No ","Metropolitian ","Windy","High ",2
"12/02/2022","23:40:00","23:55:00",18,"Buffet ",22,4.5,1,"motorcycle ",0,"No ","Urban ","Windy","Low ",0
"16/03/2022","22:00:00","22:15:00",25,"Buffet ",20,4.5,1,"scooter ",2,"No ","Urban ","Sandstorms","Jam ",1
"14/03/2022","19:55:00","20:05:00",49,"Buffet ",32,5,14,"motorcycle ",0,"No ","Metropolitian ","Fog","Jam ",0
"4/03/2022","19:40:00","19:55:00",44,"Drinks ",20,4,3,"scooter ",1,"No ","Metropolitian ","Fog","Jam ",1
"1/03/2022","10:35:00","10:40:00",22,"Buffet ",26,4.8,13,"scooter ",1,"No ","Metropolitian ","Sunny","Low ",1
"4/03/2022","23:50:00","0:05:00",37,"Snack ",39,4.3,21,"electric_scooter ",2,"No ","Metropolitian ","Fog","Low ",1
"1/04/2022","13:00:00","13:05:00",27,"Buffet ",21,4.5,23,"motorcycle ",1,"No ","Metropolitian ","Windy","High ",1
"24/03/2022","20:00:00","20:15:00",37,"Snack ",31,4.6,11,"motorcycle ",0,"No ","Metropolitian ","Sandstorms","Jam ",0
"5/04/2022","21:15:00","21:25:00",30,"Meal ",38,4.9,22,"motorcycle ",0,"No ","Metropolitian ","Cloudy","Jam ",0
"13/02/2022","21:40:00","21:55:00",38,"Meal ",23,4.3,4,"motorcycle ",0,"No ","Metropolitian ","Sandstorms","Jam ",2
"5/03/2022","23:50:00","0:00:00",17,"Buffet ",29,4.3,6,"motorcycle ",0,"No ","Urban ","Stormy","Low ",0
"2/03/2022","17:15:00","17:30:00",20,"Meal ",28,4.7,19,"motorcycle ",0,"No ","Metropolitian ","Stormy","Medium ",1
"4/04/2022","19:00:00","19:15:00",39,"Drinks ",24,4.4,13,"scooter ",1,"No ","Metropolitian ","Fog","Medium ",1
"5/04/2022","17:10:00","17:20:00",29,"Buffet ",29,4.9,23,"motorcycle ",0,"No ","Metropolitian ","Fog","Medium ",0
"18/02/2022","20:25:00","20:40:00",43,"Snack ",34,4.5,2,"motorcycle ",0,"No ","Metropolitian ","Sandstorms","Jam ",2
"17/02/2022","11:50:00","12:00:00",31,"Snack ",34,4.7,4,"motorcycle ",0,"No ","Metropolitian ","Sandstorms","High ",1
"1/03/2022","0:00:00","0:15:00",25,"Buffet ",38,4.6,22,"motorcycle ",2,"No ","Metropolitian ","Windy","Low ",1
"17/02/2022","20:30:00","20:35:00",33,"Meal ",38,4.7,5,"scooter ",1,"No ","Metropolitian ","Fog","Jam ",1
"11/03/2022","11:10:00","11:25:00",10,"Buffet ",26,4.7,16,"motorcycle ",1,"No ","Urban ","Sunny","High ",0
"4/03/2022","18:30:00","18:35:00",36,"Meal ",31,4.3,23,"motorcycle ",0,"No ","Metropolitian ","Windy","Medium ",1
"30/03/2022","18:35:00","18:45:00",24,"Snack ",26,4.8,16,"motorcycle ",0,"No ","Metropolitian ","Sunny","Medium ",0
"10/03/2022","22:00:00","22:05:00",36,"Snack ",37,4.9,23,"motorcycle ",1,"No ","Metropolitian ","Fog","Jam ",2
"2/03/2022","0:00:00","0:15:00",28,"Drinks ",38,4.7,17,"motorcycle ",2,"No ","Urban ","Cloudy","Low ",1
"11/02/2022","9:55:00","10:00:00",24,"Drinks ",28,4.4,7,"motorcycle ",0,"No ","Metropolitian ","Sandstorms","Low ",1
"13/03/2022","18:25:00","18:40:00",25,"Buffet ",35,4.8,17,"motorcycle ",0,"No ","Metropolitian ","Stormy","Medium ",0
"1/04/2022","9:20:00","9:25:00",18,"Meal ",35,4.9,19,"scooter ",1,"No ","Metropolitian ","Cloudy","Low ",1
"11/02/2022","16:10:00","16:25:00",15,"Meal ",33,4.7,18,"scooter ",2,"No ","Urban ","Fog","Medium ",0
"7/03/2022","13:15:00","13:25:00",24,"Meal ",23,5,23,"motorcycle ",0,"No ","Metropolitian ","Fog","High ",1
"12/02/2022","17:55:00","18:05:00",25,"Drinks ",21,5,9,"scooter ",2,"No ","Metropolitian ","Sandstorms","Medium ",0
"5/03/2022","20:25:00","20:40:00",30,"Meal ",39,4.9,17,"scooter ",2,"No ","Metropolitian ","Stormy","Jam ",0
"31/03/2022","21:15:00","21:30:00",20,"Meal ",27,4.5,12,"scooter ",2,"No ","Metropolitian ","Sandstorms","Jam ",1
"19/03/2022","13:30:00","13:40:00",23,"Drinks ",31,4.7,16,"motorcycle ",0,"No ","Urban ","Sunny","High ",1
"14/03/2022","21:55:00","22:05:00",48,"Drinks ",39,4.1,3,"scooter ",1,"No ","Metropolitian ","Cloudy","Jam ",1
"13/02/2022","12:00:00","12:10:00",48,"Buffet ",31,4.3,2,"motorcycle ",0,"Yes ","Metropolitian ","Windy","High ",1
"25/03/2022","21:30:00","21:35:00",31,"Drinks ",39,4.5,13,"electric_scooter ",2,"No ","Metropolitian ","Sunny","Jam ",1
"15/03/2022","19:30:00","19:35:00",30,"Snack ",23,4.7,23,"motorcycle ",0,"No ","Metropolitian ","Sandstorms","Jam ",1
"15/03/2022","8:10:00","8:15:00",15,"Drinks ",22,4.8,9,"electric_scooter ",2,"No ","Metropolitian ","Sunny","Low ",1
"28/03/2022","10:20:00","10:25:00",15,"Drinks ",20,4.8,15,"scooter ",1,"No ","Urban ","Windy","Low ",1
"28/03/2022","21:55:00","22:05:00",32,"Meal ",30,4.9,19,"scooter ",2,"No ","Urban ","Stormy","Jam ",1
"2/03/2022","23:35:00","23:40:00",19,"Drinks ",29,4.8,22,"motorcycle ",0,"No ","Metropolitian ","Stormy","Low ",1
"27/03/2022","23:30:00","23:45:00",20,"Snack ",20,4.5,19,"motorcycle ",0,"No ","Metropolitian ","Sunny","Low ",1
"17/03/2022","19:20:00","19:35:00",21,"Meal ",20,5,6,"motorcycle ",0,"No ","Metropolitian ","Cloudy","Jam ",0
"11/02/2022","21:30:00","21:40:00",22,"Drinks ",21,4.8,16,"scooter ",2,"No ","Urban ","Sandstorms","Jam ",1
"16/02/2022","23:35:00","23:40:00",31,"Drinks ",30,4.4,5,"motorcycle ",2,"No ","Metropolitian ","Fog","Low ",1
"18/03/2022","20:35:00","20:40:00",44,"Meal ",39,5,18,"scooter ",2,"No ","Metropolitian ","Cloudy","Jam ",2
"15/02/2022","20:45:00","20:55:00",28,"Snack ",28,4.7,7,"motorcycle ",0,"No ","Metropolitian ","Fog","Jam ",1
"7/03/2022","22:15:00","22:30:00",13,"Meal ",22,4.5,4,"motorcycle ",1,"No ","Urban ","Stormy","Low ",1
"24/03/2022","18:25:00","18:35:00",13,"Meal ",28,4.8,14,"scooter ",2,"No ","Metropolitian ","Sunny","Medium ",1
"18/03/2022","21:55:00","22:05:00",43,"Snack ",31,4,15,"motorcycle ",1,"Yes ","Metropolitian ","Cloudy","Jam ",1
"6/03/2022","23:10:00","23:15:00",21,"Snack ",24,4.7,21,"motorcycle ",0,"No ","Metropolitian ","Windy","Low ",1
"30/03/2022","23:55:00","0:05:00",11,"Buffet ",23,5,21,"motorcycle ",1,"No ","Metropolitian ","Fog","Low ",1
"14/02/2022","23:25:00","23:35:00",22,"Meal ",27,5,4,"motorcycle ",0,"No ","Metropolitian ","Stormy","Low ",1
"5/03/2022","20:10:00","20:25:00",30,"Meal ",35,4.5,19,"scooter ",1,"No ","Metropolitian ","Windy","Jam ",0
"5/03/2022","10:25:00","10:40:00",10,"Snack ",35,4.7,18,"scooter ",2,"No ","Metropolitian ","Sunny","Low ",0
"21/03/2022","17:15:00","17:20:00",25,"Snack ",29,5,13,"scooter ",2,"No ","Metropolitian ","Stormy","Medium ",1
"2/04/2022","19:00:00","19:15:00",28,"Snack ",27,4.6,23,"motorcycle ",1,"No ","Metropolitian ","Cloudy","Medium ",1
"10/03/2022","19:25:00","19:35:00",16,"Buffet ",23,4.7,23,"motorcycle ",2,"No ","Urban ","Sandstorms","Jam ",1
"26/03/2022","22:35:00","22:40:00",22,"Drinks ",26,4,22,"motorcycle ",0,"No ","Metropolitian ","Stormy","Low ",1
"2/03/2022","21:30:00","21:45:00",43,"Drinks ",35,4.9,14,"scooter ",2,"No ","Metropolitian ","Fog","Jam ",1
"26/03/2022","20:50:00","21:05:00",34,"Drinks ",30,4.9,7,"motorcycle ",0,"No ","Metropolitian ","Fog","Jam ",0
"6/04/2022","20:40:00","20:55:00",32,"Snack ",21,4,3,"motorcycle ",0,"No ","Metropolitian ","Stormy","Jam ",0
"15/03/2022","18:20:00","18:30:00",15,"Buffet ",29,4.8,15,"motorcycle ",1,"No ","Metropolitian ","Sunny","Medium ",0
"6/04/2022","21:55:00","22:00:00",28,"Meal ",21,4.8,19,"motorcycle ",0,"No ","Metropolitian ","Stormy","Jam ",1
"4/03/2022","19:50:00","20:05:00",45,"Snack ",25,4.8,14,"motorcycle ",0,"No ","Metropolitian ","Stormy","Jam ",0
"20/03/2022","23:00:00","23:10:00",16,"Meal ",36,4.8,21,"scooter ",2,"No ","Urban ","Stormy","Low ",1
"13/03/2022","9:30:00","9:40:00",19,"Drinks ",23,4.7,21,"scooter ",1,"No ","Urban ","Stormy","Low ",1
"3/03/2022","8:20:00","8:35:00",21,"Buffet ",30,4.6,13,"electric_scooter ",2,"No ","Metropolitian ","Windy","Low ",1
"1/03/2022","18:45:00","18:55:00",32,"Drinks ",38,4.7,23,"motorcycle ",0,"No ","Metropolitian ","Stormy","Medium ",1
"11/03/2022","11:10:00","11:25:00",10,"Buffet ",26,4.7,16,"motorcycle ",1,"No ","Urban ","Sunny","High ",0
"13/03/2022","22:45:00","23:00:00",15,"Snack ",27,4.8,13,"scooter ",2,"No ","Metropolitian ","Windy","Low ",0
"4/03/2022","17:45:00","18:00:00",40,"Snack ",35,5,23,"motorcycle ",1,"No ","Metropolitian ","Fog","Medium ",1
"18/03/2022","19:20:00","19:25:00",41,"Snack ",35,4.1,13,"motorcycle ",0,"No ","Metropolitian ","Sandstorms","Jam ",1
"11/03/2022","13:10:00","13:20:00",23,"Meal ",24,4.8,21,"motorcycle ",1,"No ","Metropolitian ","Sandstorms","High ",0
"31/03/2022","17:55:00","18:10:00",15,"Buffet ",23,4.6,23,"electric_scooter ",2,"No ","Metropolitian ","Windy","Medium ",0
"24/03/2022","19:30:00","19:35:00",39,"Buffet ",34,4.3,13,"motorcycle ",1,"No ","Metropolitian ","Fog","Jam ",1
"12/03/2022","18:35:00","18:45:00",23,"Snack ",26,4.7,23,"scooter ",1,"No ","Metropolitian ","Sandstorms","Medium ",1
"12/03/2022","18:00:00","18:10:00",24,"Meal ",34,5,21,"motorcycle ",1,"No ","Metropolitian ","Stormy","Medium ",0
"23/03/2022","19:20:00","19:25:00",42,"Drinks ",35,4.1,2,"motorcycle ",0,"No ","Metropolitian ","Stormy","Jam ",0
"16/03/2022","22:25:00","22:30:00",32,"Meal ",33,3.1,13,"motorcycle ",0,"No ","Metropolitian ","Sunny","Low ",2
"18/02/2022","20:10:00","20:15:00",20,"Drinks ",25,4.5,7,"scooter ",2,"No ","Metropolitian ","Fog","Jam ",1
"19/03/2022","18:10:00","18:25:00",22,"Drinks ",22,4.9,15,"electric_scooter ",2,"No ","Urban ","Sandstorms","Medium ",1
"3/04/2022","16:45:00","16:55:00",15,"Drinks ",22,4.8,22,"motorcycle ",0,"No ","Metropolitian ","Sunny","Medium ",0
"3/03/2022","15:00:00","15:05:00",34,"Meal ",35,4,5,"scooter ",1,"No ","Urban ","Fog","High ",1
"14/02/2022","17:20:00","17:25:00",26,"Snack ",24,4.6,5,"scooter ",2,"No ","Metropolitian ","Stormy","Medium ",1
"5/03/2022","11:00:00","11:15:00",18,"Snack ",28,4.8,17,"scooter ",1,"No ","Metropolitian ","Sunny","Low ",1
"12/02/2022","17:45:00","18:00:00",30,"Snack ",24,4.7,16,"motorcycle ",0,"No ","Urban ","Fog","Medium ",1
"1/03/2022","22:45:00","22:55:00",18,"Drinks ",37,4.8,9,"motorcycle ",1,"No ","Metropolitian ","Fog","Low ",1
"4/03/2022","17:40:00","17:50:00",18,"Meal ",31,4.6,14,"motorcycle ",1,"No ","Metropolitian ","Sunny","Medium ",0
"24/03/2022","21:10:00","21:25:00",24,"Drinks ",24,4.9,18,"motorcycle ",2,"No ","Metropolitian ","Cloudy","Jam ",1
"3/04/2022","18:00:00","18:05:00",29,"Snack ",38,4.5,21,"motorcycle ",0,"No ","Urban ","Fog","Medium ",1
"13/03/2022","14:50:00","15:00:00",24,"Drinks ",21,4.5,14,"motorcycle ",0,"No ","Metropolitian ","Stormy","High ",0
"4/03/2022","22:45:00","22:50:00",17,"Meal ",25,4.6,14,"motorcycle ",0,"No ","Metropolitian ","Sandstorms","Low ",1
"25/03/2022","17:10:00","17:25:00",36,"Meal ",32,4.7,5,"motorcycle ",0,"No ","Metropolitian ","Cloudy","Medium ",2
"4/04/2022","20:10:00","20:20:00",42,"Meal ",29,4.7,22,"motorcycle ",0,"No ","Metropolitian ","Fog","Jam ",0
"26/03/2022","23:55:00","0:10:00",19,"Meal ",28,4.2,23,"motorcycle ",0,"No ","Metropolitian ","Stormy","Low ",1
"2/03/2022","20:40:00","20:50:00",33,"Buffet ",28,4.8,13,"scooter ",2,"No ","Metropolitian ","Fog","Jam ",0
"24/03/2022","8:50:00","8:55:00",20,"Meal ",31,4.6,19,"scooter ",1,"No ","Urban ","Stormy","Low ",1
"13/03/2022","23:40:00","23:45:00",12,"Meal ",25,4.8,23,"motorcycle ",1,"No ","Metropolitian ","Sandstorms","Low ",1
"27/03/2022","21:55:00","22:10:00",43,"Buffet ",35,3.9,5,"motorcycle ",1,"No ","Metropolitian ","Stormy","Jam ",1
"24/03/2022","20:45:00","21:00:00",39,"Meal ",32,4.3,3,"electric_scooter ",2,"No ","Urban ","Fog","Jam ",1
"1/04/2022","21:25:00","21:35:00",34,"Snack ",31,4.4,8,"scooter ",2,"No ","Metropolitian ","Sandstorms","Jam ",1
"26/03/2022","16:20:00","16:30:00",19,"Drinks ",30,4.5,1,"scooter ",2,"No ","Urban ","Fog","Medium ",0
"1/03/2022","14:15:00","14:25:00",19,"Drinks ",39,4.8,22,"scooter ",1,"No ","Metropolitian ","Sunny","High ",1
"29/03/2022","18:35:00","18:50:00",22,"Drinks ",21,4.6,18,"motorcycle ",1,"No ","Metropolitian ","Windy","Medium ",1
"14/03/2022","20:20:00","20:30:00",42,"Meal ",39,4.7,9,"motorcycle ",0,"No ","Metropolitian ","Stormy","Jam ",2
"11/03/2022","9:40:00","9:45:00",16,"Meal ",25,4.5,3,"electric_scooter ",2,"No ","Urban ","Stormy","Low ",1
"15/02/2022","8:25:00","8:40:00",22,"Buffet ",28,4.7,16,"scooter ",2,"No ","Urban ","Sunny","Low ",0
"18/03/2022","20:55:00","21:00:00",30,"Snack ",29,4.5,2,"scooter ",2,"No ","Urban ","Cloudy","Jam ",1
"16/03/2022","21:15:00","21:20:00",26,"Meal ",24,4.9,17,"motorcycle ",0,"No ","Metropolitian ","Sandstorms","Jam ",0
"2/04/2022","18:40:00","18:45:00",47,"Meal ",34,4.7,7,"motorcycle ",0,"No ","Metropolitian ","Windy","Medium ",1
"10/03/2022","19:15:00","19:25:00",15,"Snack ",21,4.7,21,"motorcycle ",1,"No ","Urban ","Sunny","Jam ",1
"27/03/2022","18:40:00","18:55:00",37,"Buffet ",31,4.4,9,"motorcycle ",2,"No ","Metropolitian ","Windy","Medium ",1
"2/04/2022","18:20:00","18:30:00",16,"Buffet ",30,4.8,18,"scooter ",1,"No ","Urban ","Sunny","Medium ",0
"1/03/2022","10:10:00","10:25:00",13,"Drinks ",21,5,17,"scooter ",1,"No ","Urban ","Windy","Low ",1
"30/03/2022","8:50:00","9:00:00",18,"Meal ",29,4.9,23,"scooter ",1,"No ","Metropolitian ","Sunny","Low ",1
"1/03/2022","14:55:00","15:00:00",13,"Drinks ",27,5,21,"motorcycle ",1,"No ","Urban ","Stormy","High ",1
"4/04/2022","19:45:00","19:50:00",17,"Snack ",20,4.6,22,"motorcycle ",1,"No ","Metropolitian ","Sunny","Jam ",1
"15/03/2022","20:45:00","20:55:00",25,"Buffet ",22,4.7,23,"electric_scooter ",2,"No ","Metropolitian ","Windy","Jam ",1
"4/03/2022","22:55:00","23:05:00",36,"Buffet ",33,5,19,"motorcycle ",0,"No ","Metropolitian ","Fog","Low ",1
"5/03/2022","15:30:00","15:45:00",15,"Snack ",21,4.8,16,"motorcycle ",0,"No ","Metropolitian ","Stormy","Medium ",1
"15/02/2022","23:10:00","23:15:00",11,"Drinks ",27,4.5,2,"scooter ",1,"No ","Metropolitian ","Sandstorms","Low ",0
"6/04/2022","17:10:00","17:25:00",22,"Drinks ",21,4.8,17,"motorcycle ",0,"No ","Metropolitian ","Windy","Medium ",0
"27/03/2022","23:15:00","23:30:00",37,"Snack ",32,4.1,6,"motorcycle ",0,"No ","Urban ","Cloudy","Low ",1
"2/04/2022","19:35:00","19:40:00",26,"Buffet ",30,4.9,19,"scooter ",2,"No ","Metropolitian ","Windy","Jam ",1
"25/03/2022","17:40:00","17:50:00",28,"Meal ",38,4.9,16,"motorcycle ",0,"No ","Metropolitian ","Sunny","Medium ",0
"8/03/2022","17:15:00","17:30:00",36,"Drinks ",37,4.9,19,"motorcycle ",0,"No ","Metropolitian ","Sunny","Medium ",1
"3/03/2022","10:55:00","11:05:00",16,"Drinks ",21,4.7,14,"motorcycle ",2,"No ","Metropolitian ","Sandstorms","Low ",1
"12/03/2022","22:00:00","22:15:00",20,"Buffet ",21,4.6,18,"motorcycle ",2,"No ","Urban ","Stormy","Jam ",1
"3/03/2022","11:10:00","11:20:00",25,"Buffet ",22,5,15,"motorcycle ",0,"No ","Metropolitian ","Fog","High ",1
"10/03/2022","20:35:00","20:40:00",29,"Meal ",22,5,9,"scooter ",1,"No ","Metropolitian ","Sandstorms","Jam ",0
"25/03/2022","22:55:00","23:10:00",23,"Meal ",29,4.7,23,"motorcycle ",0,"No ","Metropolitian ","Windy","Low ",1
"25/03/2022","17:45:00","18:00:00",34,"Snack ",34,4.7,3,"motorcycle ",0,"No ","Metropolitian ","Stormy","Medium ",1
"27/03/2022","20:55:00","21:10:00",48,"Meal ",33,4.8,3,"motorcycle ",0,"Yes ","Metropolitian ","Windy","Jam ",3
"13/03/2022","14:35:00","14:40:00",34,"Meal ",32,4.1,4,"electric_scooter ",2,"No ","Metropolitian ","Windy","High ",2
"29/03/2022","19:35:00","19:40:00",47,"Meal ",31,4.7,5,"scooter ",2,"No ","Metropolitian ","Cloudy","Jam ",2
"11/02/2022","18:30:00","18:45:00",26,"Drinks ",26,4.9,2,"scooter ",2,"No ","Metropolitian ","Stormy","Medium ",1
"15/03/2022","19:30:00","19:35:00",16,"Buffet ",36,4.8,12,"electric_scooter ",2,"No ","Metropolitian ","Sunny","Jam ",1
"24/03/2022","10:35:00","10:50:00",10,"Buffet ",20,4.5,22,"motorcycle ",0,"No ","Metropolitian ","Sunny","Low ",1
"1/03/2022","9:15:00","9:20:00",22,"Meal ",37,4.9,22,"motorcycle ",0,"No ","Metropolitian ","Fog","Low ",1
"15/02/2022","11:00:00","11:05:00",11,"Buffet ",31,4.8,17,"scooter ",1,"No ","Urban ","Sunny","Low ",0
"24/03/2022","8:45:00","9:00:00",22,"Drinks ",39,4.5,17,"scooter ",2,"No ","Metropolitian ","Stormy","Low ",1
"8/03/2022","23:30:00","23:40:00",34,"Snack ",29,2.5,8,"motorcycle ",1,"No ","Metropolitian ","Sunny","Low ",0
"2/03/2022","20:35:00","20:50:00",15,"Meal ",22,4.6,21,"motorcycle ",2,"No ","Metropolitian ","Sunny","Jam ",1
"31/03/2022","21:50:00","21:55:00",44,"Meal ",38,3.5,22,"scooter ",1,"No ","Urban ","Stormy","Jam ",1
"1/03/2022","10:55:00","11:00:00",17,"Snack ",35,5,15,"motorcycle ",2,"No ","Metropolitian ","Stormy","Low ",1
"3/04/2022","18:30:00","18:45:00",17,"Meal ",26,4.8,18,"motorcycle ",2,"No ","Metropolitian ","Sunny","Medium ",0
"11/02/2022","11:45:00","12:00:00",27,"Snack ",32,4.6,5,"scooter ",1,"No ","Metropolitian ","Sandstorms","High ",1
"2/03/2022","17:55:00","18:10:00",39,"Meal ",35,4.3,15,"motorcycle ",0,"No ","Metropolitian ","Sunny","Medium ",1
"3/03/2022","19:50:00","20:00:00",27,"Meal ",26,4.8,16,"scooter ",2,"No ","Metropolitian ","Fog","Jam ",1
"15/02/2022","11:50:00","12:00:00",29,"Drinks ",25,4.9,5,"scooter ",2,"No ","Metropolitian ","Stormy","High ",1
"29/03/2022","21:25:00","21:40:00",44,"Drinks ",34,4.6,13,"motorcycle ",0,"No ","Metropolitian ","Sandstorms","Jam ",0
"2/03/2022","20:45:00","20:55:00",26,"Buffet ",37,4.6,14,"motorcycle ",2,"No ","Metropolitian ","Sunny","Jam ",1
"31/03/2022","17:50:00","18:05:00",36,"Drinks ",36,4.2,21,"scooter ",1,"No ","Urban ","Windy","Medium ",1
"3/04/2022","17:20:00","17:35:00",17,"Buffet ",22,4.7,22,"scooter ",2,"No ","Metropolitian ","Sunny","Medium ",1
"18/03/2022","21:10:00","21:25:00",42,"Buffet ",25,4.7,16,"electric_scooter ",2,"No ","Metropolitian ","Cloudy","Jam ",1
"5/03/2022","21:35:00","21:50:00",33,"Snack ",38,4.6,16,"motorcycle ",1,"No ","Urban ","Stormy","Jam ",1
"14/02/2022","21:15:00","21:20:00",32,"Snack ",20,4.8,4,"scooter ",1,"No ","Metropolitian ","Fog","Jam ",1
"15/03/2022","9:20:00","9:35:00",18,"Snack ",20,4.8,13,"motorcycle ",1,"No ","Metropolitian ","Cloudy","Low ",0
"13/02/2022","9:25:00","9:40:00",28,"Meal ",34,4.9,3,"scooter ",2,"No ","Metropolitian ","Sandstorms","Low ",1
"21/03/2022","11:10:00","11:15:00",28,"Snack ",39,4.7,13,"motorcycle ",2,"No ","Metropolitian ","Stormy","High ",1
"25/03/2022","18:40:00","18:45:00",32,"Drinks ",37,4.4,6,"electric_scooter ",2,"No ","Urban ","Fog","Medium ",0
"26/03/2022","18:50:00","19:00:00",11,"Drinks ",29,4.5,23,"scooter ",2,"No ","Metropolitian ","Sunny","Medium ",0
"3/04/2022","8:30:00","8:45:00",15,"Snack ",25,4.7,18,"scooter ",2,"No ","Metropolitian ","Windy","Low ",0
"6/03/2022","20:50:00","21:05:00",22,"Snack ",20,4.5,22,"scooter ",1,"No ","Metropolitian ","Sunny","Jam ",0
"12/02/2022","19:20:00","19:25:00",37,"Buffet ",29,4.8,6,"motorcycle ",0,"No ","Metropolitian ","Stormy","Jam ",1
"8/03/2022","18:55:00","19:05:00",17,"Snack ",27,4.7,22,"scooter ",1,"No ","Urban ","Stormy","Medium ",0
"9/03/2022","14:25:00","14:30:00",38,"Meal ",23,4.1,1,"motorcycle ",0,"No ","Metropolitian ","Windy","High ",1
"23/03/2022","22:45:00","22:50:00",10,"Snack ",21,4.6,21,"scooter ",2,"No ","Urban ","Sandstorms","Low ",0
"11/02/2022","19:25:00","19:30:00",30,"Snack ",35,5,4,"electric_scooter ",2,"No ","Metropolitian ","Fog","Jam ",1
"15/03/2022","9:50:00","10:05:00",29,"Buffet ",37,5,19,"motorcycle ",0,"No ","Urban ","Fog","Low ",1
"14/03/2022","18:50:00","19:05:00",26,"Meal ",20,5,17,"scooter ",1,"No ","Urban ","Windy","Medium ",1
"19/03/2022","16:45:00","16:55:00",14,"Buffet ",27,4.8,3,"scooter ",1,"No ","Metropolitian ","Cloudy","Medium ",1
"6/03/2022","18:50:00","19:00:00",37,"Meal ",20,4.9,9,"motorcycle ",0,"No ","Metropolitian ","Fog","Medium ",2
"23/03/2022","18:15:00","18:20:00",36,"Snack ",30,4.3,13,"electric_scooter ",2,"No ","Metropolitian ","Fog","Medium ",1
"2/03/2022","19:20:00","19:25:00",20,"Snack ",27,4.5,23,"scooter ",2,"No ","Metropolitian ","Stormy","Jam ",1
"11/03/2022","11:15:00","11:25:00",27,"Drinks ",28,4.6,15,"electric_scooter ",2,"No ","Urban ","Windy","High ",1
"6/03/2022","19:00:00","19:10:00",43,"Drinks ",32,4.6,21,"motorcycle ",2,"No ","Urban ","Stormy","Medium ",2
"8/03/2022","22:40:00","22:45:00",27,"Meal ",32,4.6,21,"motorcycle ",1,"No ","Urban ","Stormy","Low ",0
"13/02/2022","22:30:00","22:45:00",15,"Drinks ",30,4.5,7,"motorcycle ",1,"No ","Metropolitian ","Stormy","Low ",0
"28/03/2022","16:55:00","17:05:00",11,"Meal ",27,4.6,21,"scooter ",2,"No ","Metropolitian ","Cloudy","Medium ",1
"26/03/2022","8:30:00","8:40:00",12,"Meal ",26,4.5,18,"scooter ",2,"No ","Metropolitian ","Stormy","Low ",1
"17/03/2022","11:50:00","11:55:00",38,"Drinks ",31,4.3,19,"motorcycle ",0,"No ","Metropolitian ","Stormy","High ",1
"28/03/2022","18:40:00","18:45:00",30,"Buffet ",30,4.5,8,"motorcycle ",0,"No ","Metropolitian ","Fog","Medium ",1
"9/03/2022","8:25:00","8:30:00",26,"Buffet ",22,4.4,23,"motorcycle ",0,"No ","Metropolitian ","Stormy","Low ",1
"29/03/2022","18:50:00","18:55:00",25,"Buffet ",21,4.8,23,"scooter ",1,"No ","Urban ","Fog","Medium ",1
"17/02/2022","14:45:00","14:50:00",11,"Meal ",28,5,19,"scooter ",1,"No ","Urban ","Stormy","High ",0
"1/03/2022","23:10:00","23:15:00",19,"Drinks ",30,4.7,16,"motorcycle ",1,"No ","Urban ","Cloudy","Low ",1
"24/03/2022","17:50:00","18:05:00",28,"Meal ",24,4.5,3,"scooter ",2,"No ","Urban ","Sandstorms","Medium ",0
"29/03/2022","22:10:00","22:20:00",15,"Snack ",31,4.7,6,"motorcycle ",1,"No ","Urban ","Stormy","Low ",1
"28/03/2022","23:20:00","23:35:00",15,"Buffet ",25,4.8,15,"scooter ",2,"No ","Metropolitian ","Sandstorms","Low ",1
"17/02/2022","19:25:00","19:35:00",24,"Snack ",22,5,5,"scooter ",2,"No ","Metropolitian ","Fog","Jam ",1
"12/02/2022","20:15:00","20:25:00",23,"Buffet ",33,4.9,7,"motorcycle ",1,"No ","Metropolitian ","Sunny","Jam ",0
"31/03/2022","23:00:00","23:15:00",29,"Meal ",31,4.6,7,"scooter ",1,"No ","Metropolitian ","Fog","Low ",1
"7/03/2022","13:35:00","13:50:00",21,"Drinks ",29,5,13,"motorcycle ",2,"No ","Metropolitian ","Sunny","High ",1
"25/03/2022","20:00:00","20:05:00",41,"Buffet ",39,4.7,1,"scooter ",1,"No ","Metropolitian ","Fog","Jam ",2
"17/03/2022","23:10:00","23:20:00",20,"Buffet ",37,4.8,22,"motorcycle ",2,"No ","Urban ","Sandstorms","Low ",1
"15/03/2022","20:30:00","20:35:00",31,"Buffet ",30,4.7,18,"motorcycle ",2,"No ","Metropolitian ","Fog","Jam ",1
"29/03/2022","22:20:00","22:35:00",20,"Buffet ",36,4.7,6,"scooter ",2,"No ","Urban ","Windy","Low ",1
"5/03/2022","8:40:00","8:45:00",17,"Meal ",28,4.9,18,"scooter ",1,"No ","Metropolitian ","Sunny","Low ",0
"18/02/2022","23:00:00","23:15:00",15,"Snack ",29,4.8,6,"scooter ",1,"No ","Metropolitian ","Windy","Low ",0
"25/03/2022","23:15:00","23:30:00",14,"Snack ",29,4.7,22,"scooter ",2,"No ","Metropolitian ","Sandstorms","Low ",1
"1/03/2022","9:35:00","9:45:00",26,"Drinks ",30,4.6,22,"motorcycle ",0,"No ","Metropolitian ","Sunny","Low ",0
"10/03/2022","19:40:00","19:50:00",35,"Snack ",38,4.4,6,"motorcycle ",2,"No ","Urban ","Fog","Jam ",1
"8/03/2022","21:35:00","21:50:00",39,"Drinks ",31,3.5,2,"scooter ",2,"Yes ","Metropolitian ","Stormy","Jam ",1
"14/03/2022","23:40:00","23:50:00",18,"Buffet ",28,4.5,2,"motorcycle ",1,"No ","Urban ","Windy","Low ",0
"30/03/2022","13:25:00","13:40:00",26,"Drinks ",24,4.5,9,"electric_scooter ",2,"No ","Metropolitian ","Fog","High ",1
"11/02/2022","16:55:00","17:00:00",34,"Meal ",38,4.8,9,"motorcycle ",1,"No ","Metropolitian ","Stormy","Medium ",0
"9/03/2022","21:40:00","21:55:00",32,"Meal ",28,4.6,17,"scooter ",2,"No ","Metropolitian ","Fog","Jam ",1
"12/02/2022","23:45:00","23:50:00",25,"Snack ",33,4.7,21,"motorcycle ",0,"No ","Urban ","Windy","Low ",1
"16/02/2022","23:15:00","23:25:00",22,"Meal ",33,4.5,9,"motorcycle ",0,"No ","Metropolitian ","Stormy","Low ",1
"15/02/2022","17:10:00","17:15:00",27,"Meal ",32,4.9,2,"motorcycle ",2,"No ","Metropolitian ","Windy","Medium ",0
"31/03/2022","22:15:00","22:25:00",22,"Meal ",27,4.8,12,"scooter ",1,"No ","Metropolitian ","Cloudy","Low ",1
"6/03/2022","22:25:00","22:40:00",36,"Snack ",35,3.8,6,"scooter ",2,"No ","Metropolitian ","Sunny","Low ",0
"17/03/2022","8:25:00","8:40:00",21,"Buffet ",33,4.6,6,"motorcycle ",1,"No ","Metropolitian ","Sandstorms","Low ",0
"12/02/2022","19:35:00","19:50:00",46,"Snack ",27,4.6,4,"motorcycle ",0,"Yes ","Metropolitian ","Fog","Jam ",1
"4/03/2022","19:30:00","19:35:00",19,"Drinks ",38,4.9,18,"motorcycle ",1,"No ","Metropolitian ","Sunny","Jam ",1
"8/03/2022","18:50:00","19:05:00",39,"Meal ",23,5,16,"motorcycle ",0,"No ","Metropolitian ","Fog","Medium ",1
"12/02/2022","18:35:00","18:40:00",26,"Meal ",20,4.6,3,"motorcycle ",0,"No ","Metropolitian ","Windy","Medium ",0
"19/03/2022","22:55:00","23:05:00",27,"Snack ",31,4.7,22,"motorcycle ",0,"No ","Urban ","Sunny","Low ",1
"4/04/2022","19:45:00","19:50:00",22,"Buffet ",20,4.6,19,"electric_scooter ",2,"No ","Metropolitian ","Stormy","Jam ",0
"4/03/2022","19:40:00","19:55:00",41,"Buffet ",38,3.8,2,"scooter ",2,"No ","Metropolitian ","Stormy","Jam ",1
"1/03/2022","20:10:00","20:25:00",12,"Buffet ",26,4.5,21,"scooter ",2,"No ","Metropolitian ","Stormy","Jam ",0
"26/03/2022","20:15:00","20:30:00",14,"Snack ",28,4.6,17,"electric_scooter ",2,"No ","Urban ","Stormy","Jam ",1
"15/03/2022","20:55:00","21:10:00",30,"Drinks ",24,4.7,18,"motorcycle ",0,"No ","Metropolitian ","Sandstorms","Jam ",0
"1/03/2022","22:20:00","22:30:00",17,"Drinks ",21,4.8,12,"electric_scooter ",2,"No ","Metropolitian ","Sunny","Low ",0
"5/03/2022","12:10:00","12:15:00",26,"Drinks ",36,4.8,9,"motorcycle ",2,"No ","Metropolitian ","Stormy","High ",1
"21/03/2022","13:20:00","13:35:00",27,"Meal ",32,4.9,22,"motorcycle ",1,"No ","Metropolitian ","Cloudy","High ",1
"13/02/2022","8:10:00","8:25:00",14,"Snack ",29,4.9,6,"electric_scooter ",2,"No ","Metropolitian ","Sandstorms","Low ",0
"3/04/2022","20:55:00","21:05:00",37,"Drinks ",35,5,11,"scooter ",1,"No ","Metropolitian ","Fog","Jam ",1
"17/03/2022","19:10:00","19:15:00",33,"Buffet ",34,4.2,5,"motorcycle ",0,"No ","Metropolitian ","Fog","Jam ",1
"4/03/2022","20:55:00","21:10:00",27,"Drinks ",22,4.6,12,"electric_scooter ",2,"No ","Metropolitian ","Sandstorms","Jam ",1
"28/03/2022","21:55:00","22:05:00",32,"Meal ",30,4.9,19,"scooter ",2,"No ","Urban ","Stormy","Jam ",1
"8/03/2022","22:35:00","22:50:00",27,"Buffet ",28,4.9,16,"scooter ",1,"No ","Metropolitian ","Fog","Low ",1
"16/03/2022","23:30:00","23:35:00",26,"Meal ",24,4.7,17,"motorcycle ",0,"No ","Metropolitian ","Sunny","Low ",1
"11/02/2022","23:35:00","23:40:00",18,"Meal ",26,4.7,18,"motorcycle ",1,"No ","Urban ","Stormy","Low ",0
"23/03/2022","19:35:00","19:50:00",37,"Meal ",32,4.4,11,"motorcycle ",0,"No ","Metropolitian ","Stormy","Jam ",1
"1/03/2022","0:00:00","0:05:00",18,"Drinks ",20,5,12,"electric_scooter ",2,"No ","Metropolitian ","Sunny","Low ",1
"7/03/2022","8:25:00","8:30:00",19,"Buffet ",28,5,22,"motorcycle ",1,"No ","Metropolitian ","Fog","Low ",0
"3/04/2022","19:50:00","19:55:00",22,"Snack ",24,4.5,23,"scooter ",2,"No ","Metropolitian ","Stormy","Jam ",1
"25/03/2022","22:50:00","23:00:00",20,"Buffet ",30,4.7,9,"motorcycle ",1,"No ","Metropolitian ","Sandstorms","Low ",1
"4/04/2022","19:15:00","19:30:00",44,"Buffet ",32,4,15,"motorcycle ",0,"No ","Metropolitian ","Sandstorms","Jam ",2
"18/02/2022","17:55:00","18:00:00",40,"Snack ",34,4.4,9,"motorcycle ",2,"No ","Metropolitian ","Sandstorms","Medium ",1
"12/02/2022","18:45:00","18:50:00",36,"Meal ",24,4.6,2,"motorcycle ",1,"No ","Metropolitian ","Stormy","Medium ",0
"19/03/2022","11:25:00","11:35:00",16,"Drinks ",39,4.7,16,"motorcycle ",1,"No ","Metropolitian ","Sunny","High ",0
"29/03/2022","19:50:00","19:55:00",35,"Buffet ",32,4.3,22,"motorcycle ",2,"No ","Urban ","Stormy","Jam ",1
"20/03/2022","20:25:00","20:35:00",40,"Drinks ",30,3.5,8,"scooter ",2,"No ","Metropolitian ","Stormy","Jam ",2
"7/03/2022","21:20:00","21:25:00",19,"Drinks ",25,4.9,22,"motorcycle ",1,"No ","Urban ","Stormy","Jam ",1
"23/03/2022","21:15:00","21:30:00",20,"Buffet ",20,4.9,18,"motorcycle ",1,"No ","Metropolitian ","Windy","Jam ",1
"11/03/2022","20:35:00","20:45:00",32,"Snack ",37,5,23,"motorcycle ",1,"No ","Metropolitian ","Sandstorms","Jam ",1
"1/04/2022","8:35:00","8:50:00",28,"Meal ",30,4.6,22,"scooter ",1,"No ","Metropolitian ","Stormy","Low ",1
"20/03/2022","20:35:00","20:50:00",39,"Meal ",39,3.8,8,"scooter ",1,"No ","Metropolitian ","Stormy","Jam ",1
"9/03/2022","14:55:00","15:05:00",36,"Snack ",33,5,16,"scooter ",1,"No ","Metropolitian ","Fog","High ",1
"19/03/2022","10:40:00","10:45:00",19,"Buffet ",34,4.7,17,"scooter ",1,"No ","Urban ","Fog","Low ",1
"21/03/2022","21:15:00","21:20:00",53,"Buffet ",29,4.5,5,"motorcycle ",0,"Yes ","Urban ","Sunny","Jam ",0
"1/03/2022","14:00:00","14:10:00",30,"Meal ",33,4.7,21,"motorcycle ",0,"No ","Metropolitian ","Stormy","High ",1
"5/04/2022","11:20:00","11:30:00",17,"Snack ",27,4.5,17,"electric_scooter ",2,"No ","Urban ","Sunny","High ",1
"5/03/2022","18:20:00","18:30:00",16,"Snack ",20,4.6,15,"motorcycle ",1,"No ","Urban ","Stormy","Medium ",1
"12/03/2022","23:55:00","0:10:00",12,"Buffet ",29,4.8,23,"scooter ",1,"No ","Urban ","Windy","Low ",1
"23/03/2022","20:40:00","20:55:00",38,"Buffet ",29,4.6,2,"motorcycle ",0,"No ","Metropolitian ","Windy","Jam ",2
"3/04/2022","11:10:00","11:25:00",25,"Buffet ",39,4.9,18,"scooter ",1,"No ","Metropolitian ","Windy","High ",1
"15/03/2022","10:40:00","10:55:00",27,"Snack ",36,4.6,16,"motorcycle ",0,"No ","Metropolitian ","Sunny","Low ",1
"3/03/2022","9:20:00","9:30:00",16,"Buffet ",37,4.9,19,"scooter ",1,"No ","Urban ","Fog","Low ",1
"29/03/2022","19:10:00","19:15:00",54,"Snack ",32,4.3,3,"motorcycle ",0,"Yes ","Semi-Urban ","Windy","Jam ",1
"24/03/2022","14:15:00","14:30:00",40,"Drinks ",23,3.9,2,"motorcycle ",0,"No ","Metropolitian ","Sunny","High ",1
"10/03/2022","17:10:00","17:15:00",17,"Snack ",21,4.6,19,"scooter ",1,"No ","Urban ","Sunny","Medium ",0
"26/03/2022","9:30:00","9:45:00",11,"Snack ",36,4.8,19,"motorcycle ",1,"No ","Urban ","Sunny","Low ",1
"31/03/2022","21:35:00","21:45:00",46,"Snack ",33,4.6,9,"motorcycle ",1,"No ","Metropolitian ","Fog","Jam ",2
"3/04/2022","22:00:00","22:05:00",49,"Meal ",39,4.9,2,"motorcycle ",0,"No ","Metropolitian ","Stormy","Jam ",1
"13/02/2022","16:50:00","17:05:00",17,"Buffet ",29,4.9,8,"scooter ",2,"No ","Metropolitian ","Stormy","Medium ",1
"26/03/2022","15:25:00","15:35:00",23,"Buffet ",21,4.6,23,"motorcycle ",1,"No ","Urban ","Stormy","Medium ",0
"6/04/2022","19:35:00","19:40:00",44,"Snack ",20,4.2,5,"motorcycle ",1,"Yes ","Metropolitian ","Cloudy","Jam ",1
"24/03/2022","21:50:00","22:05:00",37,"Snack ",26,4.7,1,"motorcycle ",0,"No ","Metropolitian ","Sandstorms","Jam ",0
"6/04/2022","20:00:00","20:05:00",25,"Snack ",28,4.6,17,"scooter ",2,"No ","Urban ","Sandstorms","Jam ",1
"3/04/2022","9:10:00","9:20:00",23,"Drinks ",33,4.2,15,"motorcycle ",0,"No ","Urban ","Stormy","Low ",0
"14/02/2022","17:10:00","17:20:00",19,"Buffet ",33,4.8,9,"scooter ",2,"No ","Metropolitian ","Sunny","Medium ",1
"13/02/2022","9:10:00","9:25:00",26,"Snack ",38,4.8,3,"electric_scooter ",2,"No ","Metropolitian ","Windy","Low ",1
"6/03/2022","18:15:00","18:25:00",35,"Snack ",34,3.8,1,"electric_scooter ",2,"No ","Urban ","Stormy","Medium ",1
"17/03/2022","11:40:00","11:55:00",25,"Buffet ",31,4.7,7,"motorcycle ",1,"No ","Metropolitian ","Fog","High ",1
"30/03/2022","17:10:00","17:15:00",11,"Snack ",21,4.7,21,"motorcycle ",0,"No ","Metropolitian ","Windy","Medium ",1
"27/03/2022","20:30:00","20:45:00",47,"Snack ",38,4.9,18,"motorcycle ",0,"Yes ","Semi-Urban ","Cloudy","Jam ",1
"14/03/2022","23:55:00","0:10:00",24,"Buffet ",27,4.5,19,"motorcycle ",0,"No ","Metropolitian ","Sandstorms","Low ",1
"28/03/2022","18:00:00","18:15:00",30,"Meal ",30,4.7,9,"motorcycle ",2,"No ","Metropolitian ","Sandstorms","Medium ",1
"14/02/2022","20:40:00","20:45:00",47,"Meal ",24,4.7,9,"motorcycle ",0,"No ","Metropolitian ","Stormy","Jam ",0
"8/03/2022","23:40:00","23:45:00",21,"Meal ",36,4.7,9,"motorcycle ",0,"No ","Metropolitian ","Windy","Low ",1
"24/03/2022","18:35:00","18:40:00",29,"Meal ",26,4.6,5,"motorcycle ",0,"No ","Metropolitian ","Windy","Medium ",1
"16/03/2022","20:50:00","20:55:00",49,"Meal ",34,4.6,12,"scooter ",2,"Yes ","Metropolitian ","Fog","Jam ",2
"16/03/2022","21:35:00","21:45:00",35,"Drinks ",31,3.5,1,"motorcycle ",1,"No ","Metropolitian ","Windy","Jam ",1
"16/03/2022","18:35:00","18:45:00",23,"Drinks ",39,4.8,9,"scooter ",2,"No ","Metropolitian ","Windy","Medium ",0
"16/02/2022","17:45:00","17:50:00",21,"Meal ",22,5,17,"motorcycle ",0,"No ","Urban ","Sandstorms","Medium ",1
"19/03/2022","11:45:00","12:00:00",27,"Snack ",34,4.5,3,"scooter ",1,"No ","Urban ","Fog","High ",0
"25/03/2022","23:50:00","0:00:00",37,"Meal ",33,3.9,11,"scooter ",1,"No ","Metropolitian ","Cloudy","Low ",1
"12/03/2022","19:35:00","19:45:00",27,"Meal ",29,5,18,"scooter ",1,"No ","Metropolitian ","Stormy","Jam ",1
"9/03/2022","18:00:00","18:15:00",30,"Snack ",34,4.7,9,"motorcycle ",1,"No ","Metropolitian ","Windy","Medium ",1
"11/03/2022","10:00:00","10:10:00",31,"Drinks ",37,4,2,"motorcycle ",0,"No ","Metropolitian ","Stormy","Low ",1
"18/02/2022","22:30:00","22:40:00",15,"Buffet ",24,4.8,6,"scooter ",1,"No ","Metropolitian ","Sandstorms","Low ",1
"5/03/2022","9:50:00","10:05:00",15,"Drinks ",30,4.8,16,"scooter ",2,"No ","Metropolitian ","Fog","Low ",0
"1/03/2022","21:20:00","21:30:00",17,"Snack ",23,4.6,15,"scooter ",2,"No ","Urban ","Sunny","Jam ",0
"13/03/2022","9:40:00","9:50:00",12,"Meal ",25,4.5,9,"scooter ",2,"No ","Metropolitian ","Sandstorms","Low ",1
"14/03/2022","20:15:00","20:25:00",31,"Snack ",23,4.1,3,"motorcycle ",0,"No ","Metropolitian ","Windy","Jam ",1
"2/03/2022","23:25:00","23:30:00",23,"Snack ",25,4.6,15,"motorcycle ",0,"No ","Urban ","Sandstorms","Low ",1
"1/03/2022","18:30:00","18:45:00",16,"Snack ",33,4.8,17,"scooter ",1,"No ","Metropolitian ","Stormy","Medium ",0
"14/03/2022","20:35:00","20:50:00",39,"Meal ",25,4.7,22,"motorcycle ",0,"No ","Metropolitian ","Sandstorms","Jam ",1
"4/03/2022","19:00:00","19:10:00",37,"Snack ",28,4.6,9,"scooter ",2,"No ","Metropolitian ","Fog","Medium ",2
"1/04/2022","8:25:00","8:35:00",15,"Snack ",34,4.7,21,"electric_scooter ",2,"No ","Metropolitian ","Cloudy","Low ",0
"7/03/2022","11:30:00","11:35:00",33,"Drinks ",30,4.8,12,"scooter ",2,"No ","Metropolitian ","Fog","High ",1
"3/04/2022","23:15:00","23:20:00",23,"Meal ",36,4.2,19,"motorcycle ",0,"No ","Metropolitian ","Sandstorms","Low ",0
"1/04/2022","18:45:00","19:00:00",27,"Buffet ",37,4.7,9,"motorcycle ",0,"No ","Metropolitian ","Cloudy","Medium ",1
"21/03/2022","17:25:00","17:40:00",16,"Buffet ",21,4.6,17,"motorcycle ",0,"No ","Urban ","Sunny","Medium ",0
"31/03/2022","23:20:00","23:30:00",29,"Meal ",23,4.9,8,"motorcycle ",1,"No ","Metropolitian ","Cloudy","Low ",1
"4/04/2022","17:30:00","17:45:00",40,"Meal ",33,4.5,15,"motorcycle ",0,"No ","Metropolitian ","Fog","Medium ",1
"10/03/2022","19:55:00","20:05:00",23,"Meal ",22,5,17,"electric_scooter ",2,"No ","Urban ","Stormy","Jam ",0
"5/04/2022","11:25:00","11:40:00",10,"Buffet ",23,4.7,19,"scooter ",1,"No ","Metropolitian ","Sunny","High ",0
"23/03/2022","22:55:00","23:05:00",17,"Buffet ",28,4.6,23,"scooter ",1,"No ","Metropolitian ","Windy","Low ",1
"23/03/2022","21:20:00","21:30:00",50,"Meal ",31,4.2,3,"motorcycle ",0,"No ","Metropolitian ","Sandstorms","Jam ",1
"11/02/2022","11:30:00","11:40:00",32,"Snack ",31,4.9,9,"scooter ",2,"No ","Metropolitian ","Stormy","High ",1
"3/03/2022","14:10:00","14:15:00",23,"Buffet ",26,4.7,17,"scooter ",1,"No ","Metropolitian ","Windy","High ",1
"3/04/2022","18:50:00","19:00:00",32,"Buffet ",32,4.2,1,"motorcycle ",0,"No ","Metropolitian ","Sandstorms","Medium ",1
"2/03/2022","19:00:00","19:05:00",27,"Snack ",32,4.9,19,"electric_scooter ",2,"No ","Metropolitian ","Windy","Medium ",0
"1/03/2022","22:30:00","22:45:00",29,"Meal ",37,4.8,18,"motorcycle ",0,"No ","Metropolitian ","Stormy","Low ",1
"18/02/2022","17:15:00","17:20:00",39,"Buffet ",20,4,18,"scooter ",2,"No ","Metropolitian ","Sandstorms","Medium ",1
"28/03/2022","9:30:00","9:40:00",25,"Meal ",36,4.6,14,"motorcycle ",0,"No ","Metropolitian ","Sunny","Low ",0
"7/03/2022","20:00:00","20:10:00",28,"Buffet ",33,4.9,12,"motorcycle ",1,"No ","Metropolitian ","Sunny","Jam ",1
"20/03/2022","21:35:00","21:50:00",31,"Snack ",20,4.2,13,"motorcycle ",2,"No ","Metropolitian ","Cloudy","Jam ",1
"25/03/2022","17:30:00","17:35:00",20,"Snack ",29,4.6,22,"motorcycle ",2,"No ","Metropolitian ","Sandstorms","Medium ",0
"2/04/2022","18:00:00","18:15:00",37,"Drinks ",34,3.6,5,"electric_scooter ",2,"No ","Metropolitian ","Sandstorms","Medium ",1
"5/03/2022","18:45:00","18:50:00",26,"Snack ",31,4.6,17,"motorcycle ",0,"No ","Urban ","Sandstorms","Medium ",1
"27/03/2022","17:50:00","18:05:00",21,"Drinks ",22,4.7,15,"electric_scooter ",2,"No ","Metropolitian ","Sandstorms","Medium ",1
"30/03/2022","9:25:00","9:35:00",22,"Drinks ",25,4.9,17,"motorcycle ",0,"No ","Metropolitian ","Fog","Low ",1
"30/03/2022","15:35:00","15:50:00",33,"Buffet ",32,4.9,9,"motorcycle ",1,"No ","Metropolitian ","Stormy","Medium ",0
"11/02/2022","13:15:00","13:25:00",32,"Drinks ",32,4.3,8,"scooter ",2,"No ","Metropolitian ","Sandstorms","High ",1
"10/03/2022","18:00:00","18:05:00",40,"Meal ",35,4.1,4,"motorcycle ",0,"No ","Metropolitian ","Sandstorms","Medium ",1
"2/03/2022","19:10:00","19:15:00",41,"Meal ",31,4.2,13,"motorcycle ",0,"No ","Metropolitian ","Sandstorms","Jam ",1
"31/03/2022","23:35:00","23:50:00",22,"Snack ",22,4.7,23,"motorcycle ",0,"No ","Metropolitian ","Stormy","Low ",0
"3/04/2022","11:10:00","11:15:00",27,"Snack ",25,4.7,18,"motorcycle ",2,"No ","Urban ","Fog","High ",1
"30/03/2022","19:20:00","19:25:00",15,"Meal ",23,4.9,22,"electric_scooter ",2,"No ","Metropolitian ","Sunny","Jam ",1
"4/04/2022","18:50:00","18:55:00",32,"Buffet ",39,4.3,6,"scooter ",2,"No ","Metropolitian ","Windy","Medium ",0
"10/03/2022","23:20:00","23:25:00",19,"Buffet ",25,4.9,21,"motorcycle ",0,"No ","Urban ","Stormy","Low ",1
"21/03/2022","11:50:00","12:05:00",28,"Drinks ",36,4.8,15,"motorcycle ",1,"No ","Urban ","Windy","High ",0
"17/02/2022","11:45:00","11:55:00",17,"Meal ",24,4.6,2,"electric_scooter ",2,"No ","Metropolitian ","Sandstorms","High ",1
"20/03/2022","17:45:00","17:50:00",37,"Drinks ",36,4.3,3,"scooter ",1,"No ","Metropolitian ","Stormy","Medium ",1
"28/03/2022","11:00:00","11:05:00",12,"Buffet ",24,4.5,13,"motorcycle ",1,"No ","Metropolitian ","Fog","Low ",0
"17/03/2022","18:55:00","19:05:00",24,"Drinks ",23,5,15,"motorcycle ",0,"No ","Metropolitian ","Cloudy","Medium ",1
"4/03/2022","18:50:00","19:00:00",48,"Meal ",38,4.2,11,"motorcycle ",0,"No ","Metropolitian ","Stormy","Medium ",1
"1/03/2022","20:45:00","20:50:00",33,"Drinks ",31,4,2,"electric_scooter ",2,"No ","Metropolitian ","Windy","Jam ",1
"6/03/2022","20:35:00","20:50:00",21,"Drinks ",26,4.8,9,"motorcycle ",0,"No ","Metropolitian ","Sunny","Jam ",1
"28/03/2022","11:45:00","12:00:00",16,"Snack ",23,4.7,15,"motorcycle ",1,"No ","Urban ","Sunny","High ",1
"4/04/2022","21:40:00","21:55:00",20,"Buffet ",24,4.6,9,"electric_scooter ",2,"No ","Metropolitian ","Stormy","Jam ",1
"13/03/2022","10:00:00","10:05:00",29,"Drinks ",29,4.2,6,"motorcycle ",0,"No ","Metropolitian ","Sandstorms","Low ",0
"6/04/2022","18:45:00","18:50:00",25,"Meal ",34,4.9,19,"electric_scooter ",2,"No ","Metropolitian ","Sunny","Medium ",1
"3/03/2022","21:45:00","22:00:00",38,"Buffet ",30,4.6,23,"electric_scooter ",2,"No ","Metropolitian ","Stormy","Jam ",2
"21/03/2022","21:35:00","21:45:00",12,"Meal ",28,4.5,5,"scooter ",1,"No ","Urban ","Stormy","Jam ",0
"6/03/2022","22:50:00","23:00:00",24,"Snack ",34,4.7,22,"scooter ",1,"No ","Urban ","Stormy","Low ",1
"30/03/2022","21:00:00","21:05:00",23,"Meal ",30,4.7,6,"scooter ",1,"No ","Urban ","Sunny","Jam ",0
"25/03/2022","18:45:00","18:55:00",33,"Drinks ",28,4.8,1,"motorcycle ",0,"No ","Metropolitian ","Cloudy","Medium ",1
"4/04/2022","21:40:00","21:45:00",42,"Meal ",30,3.7,13,"motorcycle ",2,"No ","Metropolitian ","Stormy","Jam ",2
"23/03/2022","22:50:00","23:05:00",18,"Drinks ",20,4.6,22,"scooter ",1,"No ","Metropolitian ","Sandstorms","Low ",1
"18/02/2022","17:20:00","17:35:00",21,"Drinks ",32,4.9,3,"scooter ",2,"No ","Metropolitian ","Stormy","Medium ",0
"2/03/2022","18:20:00","18:30:00",20,"Snack ",20,4.7,23,"motorcycle ",1,"No ","Metropolitian ","Sandstorms","Medium ",1
"21/03/2022","10:15:00","10:30:00",17,"Snack ",27,4.9,16,"motorcycle ",1,"No ","Metropolitian ","Fog","Low ",0
"24/03/2022","13:15:00","13:20:00",25,"Drinks ",30,5,17,"motorcycle ",1,"No ","Urban ","Cloudy","High ",1
"21/03/2022","11:40:00","11:55:00",11,"Meal ",25,4.6,12,"scooter ",1,"No ","Metropolitian ","Sunny","High ",0
"17/03/2022","18:10:00","18:15:00",25,"Snack ",26,4.6,19,"motorcycle ",1,"No ","Metropolitian ","Stormy","Medium ",1
"16/03/2022","18:00:00","18:15:00",18,"Meal ",25,4.6,15,"scooter ",2,"No ","Urban ","Stormy","Medium ",0
"26/03/2022","9:20:00","9:35:00",18,"Buffet ",29,4.6,18,"electric_scooter ",2,"No ","Metropolitian ","Sandstorms","Low ",1
"5/04/2022","15:40:00","15:50:00",23,"Drinks ",22,4.8,16,"motorcycle ",0,"No ","Urban ","Sandstorms","Medium ",1
"2/04/2022","19:10:00","19:25:00",28,"Snack ",24,4.8,22,"motorcycle ",2,"No ","Metropolitian ","Stormy","Jam ",1
"23/03/2022","21:25:00","21:40:00",29,"Snack ",20,4.8,2,"scooter ",2,"No ","Metropolitian ","Windy","Jam ",1
"17/02/2022","22:00:00","22:05:00",26,"Meal ",35,4.8,9,"motorcycle ",0,"No ","Metropolitian ","Fog","Jam ",0
"4/03/2022","23:50:00","0:05:00",20,"Meal ",32,4.8,18,"scooter ",1,"No ","Metropolitian ","Sandstorms","Low ",1
"10/03/2022","20:15:00","20:20:00",44,"Drinks ",20,4.5,19,"motorcycle ",0,"No ","Metropolitian ","Cloudy","Jam ",1
"6/03/2022","21:55:00","22:05:00",29,"Buffet ",28,4.6,22,"scooter ",1,"No ","Urban ","Stormy","Jam ",1
"20/03/2022","20:10:00","20:15:00",39,"Snack ",27,5,11,"motorcycle ",0,"No ","Metropolitian ","Sandstorms","Jam ",1
"11/03/2022","15:00:00","15:10:00",25,"Buffet ",30,4.7,9,"scooter ",1,"No ","Metropolitian ","Sandstorms","High ",1
"4/04/2022","19:10:00","19:25:00",35,"Drinks ",23,4.6,16,"scooter ",1,"No ","Metropolitian ","Cloudy","Jam ",0
"12/03/2022","23:00:00","23:10:00",19,"Drinks ",21,5,23,"scooter ",2,"No ","Metropolitian ","Windy","Low ",1
"1/04/2022","17:15:00","17:25:00",25,"Buffet ",29,5,23,"scooter ",2,"No ","Metropolitian ","Windy","Medium ",0
"4/04/2022","19:25:00","19:30:00",31,"Snack ",29,4.4,3,"scooter ",1,"No ","Metropolitian ","Cloudy","Jam ",1
"28/03/2022","22:15:00","22:30:00",28,"Buffet ",36,4.9,12,"motorcycle ",0,"No ","Metropolitian ","Sunny","Low ",1
"5/04/2022","12:00:00","12:10:00",21,"Drinks ",28,5,19,"motorcycle ",2,"No ","Metropolitian ","Stormy","High ",0
"4/04/2022","23:35:00","23:45:00",26,"Meal ",37,4.6,23,"scooter ",2,"No ","Metropolitian ","Cloudy","Low ",0
"1/04/2022","9:20:00","9:35:00",23,"Drinks ",22,4.1,23,"motorcycle ",0,"No ","Metropolitian ","Sandstorms","Low ",1
"21/03/2022","9:40:00","9:50:00",17,"Buffet ",20,5,18,"motorcycle ",1,"No ","Urban ","Sunny","Low ",0
"5/04/2022","8:35:00","8:50:00",17,"Buffet ",29,4.9,16,"electric_scooter ",2,"No ","Metropolitian ","Sandstorms","Low ",1
"3/03/2022","17:20:00","17:25:00",21,"Snack ",25,4.7,17,"motorcycle ",0,"No ","Metropolitian ","Sunny","Medium ",1
"5/04/2022","14:15:00","14:20:00",49,"Drinks ",39,5,16,"motorcycle ",0,"No ","Metropolitian ","Sandstorms","High ",1
"5/04/2022","17:40:00","17:55:00",22,"Snack ",23,4.6,19,"electric_scooter ",2,"No ","Metropolitian ","Windy","Medium ",1
"4/04/2022","19:40:00","19:50:00",21,"Buffet ",26,4.7,16,"motorcycle ",1,"No ","Metropolitian ","Stormy","Jam ",0
"23/03/2022","19:40:00","19:50:00",33,"Meal ",24,4.2,4,"motorcycle ",0,"No ","Urban ","Sandstorms","Jam ",1
"3/03/2022","19:10:00","19:20:00",23,"Buffet ",24,4.7,21,"motorcycle ",0,"No ","Metropolitian ","Sandstorms","Jam ",1
"6/04/2022","22:35:00","22:50:00",42,"Drinks ",24,2.6,2,"motorcycle ",1,"Yes ","Metropolitian ","Sunny","Low ",1
"30/03/2022","9:10:00","9:25:00",14,"Meal ",32,5,21,"motorcycle ",2,"No ","Metropolitian ","Sunny","Low ",1
"11/02/2022","21:35:00","21:40:00",32,"Meal ",22,4,16,"motorcycle ",0,"No ","Metropolitian ","Sandstorms","Jam ",2
"5/03/2022","9:45:00","9:50:00",19,"Buffet ",22,4.6,22,"scooter ",2,"No ","Metropolitian ","Stormy","Low ",0
"18/03/2022","19:00:00","19:10:00",31,"Meal ",23,4,17,"electric_scooter ",2,"No ","Metropolitian ","Cloudy","Medium ",1
"6/03/2022","22:10:00","22:15:00",27,"Buffet ",31,4.6,18,"scooter ",2,"No ","Metropolitian ","Fog","Low ",1
"13/02/2022","21:40:00","21:50:00",32,"Drinks ",38,5,4,"motorcycle ",0,"No ","Metropolitian ","Stormy","Jam ",1
"4/03/2022","23:30:00","23:45:00",18,"Drinks ",34,4.8,21,"scooter ",2,"No ","Metropolitian ","Windy","Low ",0
"12/02/2022","21:35:00","21:40:00",19,"Snack ",26,4.8,18,"scooter ",1,"No ","Urban ","Sunny","Jam ",0
"14/02/2022","18:55:00","19:05:00",37,"Meal ",20,4.8,5,"motorcycle ",0,"No ","Metropolitian ","Stormy","Medium ",0
"28/03/2022","19:35:00","19:50:00",10,"Drinks ",29,4.9,22,"scooter ",2,"No ","Metropolitian ","Sunny","Jam ",0
"20/03/2022","20:35:00","20:50:00",48,"Buffet ",35,4.8,11,"motorcycle ",1,"No ","Metropolitian ","Fog","Jam ",0
"20/03/2022","23:45:00","23:55:00",39,"Snack ",29,2.6,1,"electric_scooter ",2,"No ","Metropolitian ","Sunny","Low ",2
"5/03/2022","9:35:00","9:50:00",26,"Drinks ",39,4.4,2,"motorcycle ",0,"No ","Urban ","Stormy","Low ",1
"17/03/2022","19:15:00","19:30:00",26,"Buffet ",38,4.8,15,"scooter ",2,"No ","Urban ","Fog","Jam ",0
"5/03/2022","9:55:00","10:05:00",25,"Meal ",35,4.8,23,"electric_scooter ",2,"No ","Metropolitian ","Stormy","Low ",1
"1/04/2022","11:10:00","11:20:00",11,"Buffet ",29,4.5,18,"motorcycle ",1,"No ","Urban ","Sunny","High ",0
"8/03/2022","22:00:00","22:15:00",49,"Buffet ",30,4.1,9,"scooter ",1,"No ","Metropolitian ","Sunny","Jam ",1
"13/03/2022","16:45:00","16:50:00",28,"Buffet ",27,4.9,21,"motorcycle ",2,"No ","Metropolitian ","Sandstorms","Medium ",0
"8/03/2022","23:35:00","23:45:00",24,"Snack ",24,5,16,"scooter ",1,"No ","Urban ","Sandstorms","Low ",1
"20/03/2022","18:50:00","19:00:00",20,"Meal ",20,4.6,21,"motorcycle ",0,"No ","Metropolitian ","Stormy","Medium ",1
"4/03/2022","19:40:00","19:55:00",32,"Buffet ",30,3.5,2,"motorcycle ",1,"No ","Metropolitian ","Stormy","Jam ",0
"11/02/2022","9:00:00","9:10:00",23,"Meal ",29,4.1,13,"motorcycle ",0,"No ","Metropolitian ","Sandstorms","Low ",1
"3/04/2022","12:40:00","12:50:00",37,"Meal ",32,4.6,14,"scooter ",1,"No ","Metropolitian ","Cloudy","High ",0
"19/03/2022","11:40:00","11:50:00",35,"Drinks ",38,4.9,12,"motorcycle ",1,"No ","Metropolitian ","Fog","High ",1
"15/03/2022","18:15:00","18:25:00",26,"Buffet ",31,4.5,9,"motorcycle ",2,"No ","Metropolitian ","Windy","Medium ",1
"2/03/2022","22:30:00","22:45:00",26,"Snack ",27,4.8,13,"motorcycle ",1,"No ","Metropolitian ","Fog","Low ",1
"23/03/2022","20:45:00","20:55:00",27,"Meal ",35,4.6,17,"motorcycle ",1,"No ","Metropolitian ","Sandstorms","Jam ",1
"26/03/2022","22:10:00","22:25:00",26,"Snack ",37,4.7,22,"motorcycle ",0,"No ","Metropolitian ","Cloudy","Low ",0
"5/04/2022","23:40:00","23:55:00",16,"Drinks ",25,4.9,21,"motorcycle ",0,"No ","Metropolitian ","Cloudy","Low ",1
"28/03/2022","0:00:00","0:10:00",18,"Buffet ",35,4.9,22,"motorcycle ",1,"No ","Metropolitian ","Cloudy","Low ",0
"28/03/2022","23:45:00","23:55:00",18,"Snack ",38,4.7,15,"motorcycle ",1,"No ","Metropolitian ","Fog","Low ",1
"24/03/2022","8:40:00","8:50:00",13,"Drinks ",36,5,15,"motorcycle ",1,"No ","Metropolitian ","Sunny","Low ",0
"17/02/2022","11:35:00","11:50:00",25,"Buffet ",27,4.7,4,"motorcycle ",0,"No ","Metropolitian ","Sandstorms","High ",1
"15/03/2022","20:40:00","20:50:00",42,"Meal ",37,4.1,8,"motorcycle ",0,"No ","Metropolitian ","Stormy","Jam ",1
"2/04/2022","21:20:00","21:35:00",32,"Drinks ",27,4.9,19,"motorcycle ",2,"No ","Urban ","Cloudy","Jam ",1
"31/03/2022","21:50:00","21:55:00",44,"Meal ",38,3.5,22,"scooter ",1,"No ","Urban ","Stormy","Jam ",1
"14/03/2022","22:50:00","22:55:00",28,"Buffet ",29,4.8,23,"scooter ",1,"No ","Urban ","Cloudy","Low ",1
"23/03/2022","23:35:00","23:45:00",22,"Drinks ",26,4.6,18,"motorcycle ",0,"No ","Metropolitian ","Cloudy","Low ",0
"21/03/2022","12:10:00","12:20:00",33,"Snack ",34,4.6,21,"motorcycle ",0,"No ","Urban ","Cloudy","High ",1
"5/04/2022","23:20:00","23:25:00",24,"Snack ",31,4.5,3,"motorcycle ",0,"No ","Metropolitian ","Sandstorms","Low ",1
"24/03/2022","10:15:00","10:25:00",25,"Drinks ",37,4.8,13,"scooter ",1,"No ","Metropolitian ","Stormy","Low ",1
"18/03/2022","17:50:00","18:05:00",17,"Snack ",28,4.6,13,"scooter ",2,"No ","Metropolitian ","Sunny","Medium ",0
"25/03/2022","17:25:00","17:30:00",39,"Drinks ",27,5,1,"scooter ",2,"No ","Metropolitian ","Cloudy","Medium ",1
"25/03/2022","19:20:00","19:35:00",34,"Snack ",29,4.6,1,"motorcycle ",0,"No ","Metropolitian ","Windy","Jam ",0
"16/02/2022","21:35:00","21:45:00",15,"Meal ",24,4.5,5,"motorcycle ",2,"No ","Urban ","Windy","Jam ",1
"28/03/2022","18:30:00","18:40:00",32,"Buffet ",33,4.6,6,"motorcycle ",1,"No ","Metropolitian ","Windy","Medium ",0
"6/03/2022","21:35:00","21:45:00",38,"Drinks ",25,4.8,16,"scooter ",1,"No ","Metropolitian ","Fog","Jam ",1
"7/03/2022","20:10:00","20:15:00",28,"Meal ",39,4.5,16,"motorcycle ",0,"No ","Metropolitian ","Sunny","Jam ",0
"21/03/2022","20:55:00","21:00:00",26,"Snack ",20,4.7,23,"motorcycle ",0,"No ","Metropolitian ","Stormy","Jam ",1
"17/03/2022","21:50:00","22:00:00",41,"Drinks ",21,3.7,13,"motorcycle ",0,"Yes ","Metropolitian ","Sunny","Jam ",1
"21/03/2022","19:15:00","19:25:00",34,"Snack ",31,4.4,9,"electric_scooter ",2,"No ","Metropolitian ","Windy","Jam ",1
"17/03/2022","19:20:00","19:30:00",25,"Snack ",39,4.8,23,"motorcycle ",0,"No ","Metropolitian ","Cloudy","Jam ",1
"26/03/2022","20:45:00","20:50:00",23,"Snack ",28,4.8,23,"electric_scooter ",2,"No ","Urban ","Cloudy","Jam ",0
"25/03/2022","0:00:00","0:05:00",18,"Meal ",28,4.9,22,"motorcycle ",0,"No ","Metropolitian ","Sandstorms","Low ",1
"31/03/2022","21:10:00","21:25:00",39,"Drinks ",37,3.8,5,"scooter ",2,"No ","Metropolitian ","Sandstorms","Jam ",2
"17/02/2022","19:50:00","19:55:00",27,"Buffet ",36,4.9,8,"scooter ",1,"No ","Metropolitian ","Fog","Jam ",0
"11/02/2022","17:25:00","17:40:00",22,"Buffet ",26,4.8,4,"electric_scooter ",2,"No ","Metropolitian ","Sandstorms","Medium ",0
"17/03/2022","22:00:00","22:10:00",23,"Meal ",28,4.9,15,"motorcycle ",0,"No ","Metropolitian ","Fog","Jam ",1
"2/04/2022","23:40:00","23:50:00",24,"Drinks ",30,4.8,22,"scooter ",1,"No ","Metropolitian ","Sunny","Low ",0
"5/04/2022","11:15:00","11:25:00",13,"Buffet ",27,4.8,19,"electric_scooter ",2,"No ","Urban ","Sandstorms","High ",1
"13/03/2022","15:10:00","15:15:00",22,"Buffet ",27,4.6,23,"motorcycle ",0,"No ","Metropolitian ","Sunny","Medium ",0
"7/03/2022","10:15:00","10:30:00",19,"Buffet ",25,4.6,21,"motorcycle ",0,"No ","Urban ","Stormy","Low ",1
"3/04/2022","18:45:00","18:55:00",17,"Drinks ",28,4.7,9,"motorcycle ",0,"No ","Metropolitian ","Sandstorms","Medium ",0
"5/03/2022","10:30:00","10:35:00",29,"Meal ",31,4.6,16,"motorcycle ",2,"No ","Urban ","Stormy","Low ",1
"3/04/2022","18:00:00","18:05:00",29,"Snack ",38,4.5,21,"motorcycle ",0,"No ","Urban ","Fog","Medium ",1
"30/03/2022","22:25:00","22:30:00",16,"Drinks ",38,4.8,5,"motorcycle ",1,"No ","Urban ","Fog","Low ",0
"23/03/2022","23:15:00","23:20:00",19,"Meal ",34,4.7,21,"scooter ",2,"No ","Urban ","Stormy","Low ",1
"12/03/2022","17:50:00","18:05:00",37,"Buffet ",33,4.8,23,"scooter ",2,"No ","Metropolitian ","Cloudy","Medium ",0
"10/03/2022","20:15:00","20:30:00",49,"Buffet ",34,4,3,"electric_scooter ",2,"No ","Semi-Urban ","Cloudy","Jam ",0
"27/03/2022","23:50:00","0:00:00",24,"Buffet ",33,5,22,"motorcycle ",0,"No ","Metropolitian ","Stormy","Low ",0
"25/03/2022","17:25:00","17:35:00",39,"Snack ",36,4.1,1,"scooter ",2,"No ","Metropolitian ","Stormy","Medium ",1
"2/04/2022","22:55:00","23:05:00",20,"Drinks ",27,4.8,16,"motorcycle ",2,"No ","Urban ","Cloudy","Low ",1
"16/02/2022","21:25:00","21:40:00",44,"Buffet ",34,5,5,"scooter ",2,"Yes ","Metropolitian ","Stormy","Jam ",1
"2/03/2022","21:00:00","21:05:00",43,"Meal ",29,4.4,13,"scooter ",2,"No ","Metropolitian ","Fog","Jam ",1
"2/03/2022","19:30:00","19:45:00",20,"Drinks ",21,4.7,19,"scooter ",1,"No ","Metropolitian ","Sandstorms","Jam ",0
"6/03/2022","22:35:00","22:50:00",27,"Buffet ",29,4.8,21,"motorcycle ",1,"No ","Metropolitian ","Sunny","Low ",1
"4/03/2022","17:50:00","18:00:00",27,"Meal ",32,4.5,3,"scooter ",1,"No ","Urban ","Sunny","Medium ",1
"16/03/2022","20:00:00","20:10:00",49,"Drinks ",32,4.4,5,"scooter ",2,"Yes ","Urban ","Cloudy","Jam ",2
"21/03/2022","17:45:00","18:00:00",19,"Meal ",33,4.6,16,"scooter ",2,"No ","Metropolitian ","Fog","Medium ",0
"31/03/2022","21:35:00","21:40:00",17,"Drinks ",26,4.9,19,"scooter ",2,"No ","Metropolitian ","Sandstorms","Jam ",1
"23/03/2022","23:20:00","23:25:00",23,"Buffet ",37,4.5,22,"motorcycle ",0,"No ","Metropolitian ","Stormy","Low ",0
"7/03/2022","21:50:00","21:55:00",35,"Meal ",36,4.2,9,"motorcycle ",0,"No ","Metropolitian ","Sandstorms","Jam ",1
"11/02/2022","18:00:00","18:05:00",13,"Meal ",20,4.5,9,"motorcycle ",2,"No ","Metropolitian ","Fog","Medium ",0
"4/04/2022","21:25:00","21:30:00",42,"Meal ",26,4,3,"scooter ",1,"Yes ","Urban ","Cloudy","Jam ",1
"1/04/2022","22:40:00","22:45:00",19,"Meal ",29,4.7,17,"scooter ",1,"No ","Urban ","Sandstorms","Low ",0
"19/03/2022","23:15:00","23:30:00",19,"Meal ",29,4.9,1,"scooter ",2,"No ","Metropolitian ","Windy","Low ",1
"15/03/2022","10:55:00","11:05:00",27,"Buffet ",32,4.8,23,"scooter ",2,"No ","Metropolitian ","Sandstorms","Low ",1
"31/03/2022","20:10:00","20:15:00",47,"Buffet ",32,4.8,4,"motorcycle ",1,"No ","Metropolitian ","Cloudy","Jam ",2
"4/04/2022","22:10:00","22:25:00",19,"Drinks ",27,4.5,9,"scooter ",1,"No ","Metropolitian ","Stormy","Low ",1
"9/03/2022","15:25:00","15:35:00",25,"Buffet ",30,4.8,17,"electric_scooter ",2,"No ","Urban ","Sandstorms","Medium ",1
"31/03/2022","18:00:00","18:10:00",41,"Snack ",21,5,1,"motorcycle ",0,"No ","Metropolitian ","Fog","Medium ",1
"11/02/2022","18:30:00","18:45:00",19,"Snack ",22,4.9,7,"motorcycle ",1,"No ","Metropolitian ","Fog","Medium ",1
"24/03/2022","0:00:00","0:05:00",22,"Snack ",39,4.3,22,"motorcycle ",0,"No ","Metropolitian ","Windy","Low ",1
"11/03/2022","22:40:00","22:45:00",31,"Meal ",31,4.3,15,"motorcycle ",0,"No ","Metropolitian ","Stormy","Low ",1
"7/03/2022","14:20:00","14:35:00",26,"Meal ",31,4.9,18,"motorcycle ",1,"No ","Metropolitian ","Stormy","High ",0
"13/02/2022","11:55:00","12:00:00",25,"Buffet ",27,4.6,4,"motorcycle ",2,"No ","Metropolitian ","Stormy","High ",1
"3/03/2022","21:45:00","22:00:00",38,"Buffet ",30,4.6,23,"electric_scooter ",2,"No ","Metropolitian ","Stormy","Jam ",2
"16/03/2022","18:15:00","18:30:00",11,"Buffet ",25,4.7,21,"motorcycle ",1,"No ","Metropolitian ","Sunny","Medium ",1
"6/03/2022","21:40:00","21:55:00",47,"Snack ",37,4,3,"motorcycle ",1,"No ","Metropolitian ","Sunny","Jam ",3
"4/03/2022","18:20:00","18:25:00",19,"Meal ",21,4.9,15,"motorcycle ",1,"No ","Metropolitian ","Stormy","Medium ",1
"12/03/2022","17:30:00","17:35:00",17,"Buffet ",22,4.5,23,"motorcycle ",0,"No ","Metropolitian ","Sunny","Medium ",0
"29/03/2022","18:20:00","18:30:00",31,"Buffet ",31,4.9,5,"electric_scooter ",2,"No ","Metropolitian ","Fog","Medium ",0
"5/04/2022","10:45:00","10:50:00",24,"Buffet ",33,4.8,22,"motorcycle ",0,"No ","Metropolitian ","Cloudy","Low ",0
"18/03/2022","19:30:00","19:40:00",38,"Drinks ",39,4.2,13,"motorcycle ",0,"No ","Metropolitian ","Sunny","Jam ",2
"13/02/2022","15:40:00","15:45:00",21,"Drinks ",34,4.6,9,"motorcycle ",1,"No ","Metropolitian ","Sunny","Medium ",1
"13/03/2022","9:30:00","9:35:00",13,"Buffet ",24,4.5,18,"motorcycle ",2,"No ","Metropolitian ","Stormy","Low ",0
"8/03/2022","18:55:00","19:05:00",17,"Snack ",27,4.7,22,"scooter ",1,"No ","Urban ","Stormy","Medium ",0
"7/03/2022","11:00:00","11:15:00",19,"Meal ",28,4.9,21,"scooter ",1,"No ","Urban ","Sandstorms","Low ",1
"16/03/2022","23:15:00","23:30:00",22,"Meal ",35,4.6,16,"motorcycle ",0,"No ","Urban ","Stormy","Low ",1
"28/03/2022","20:50:00","21:00:00",25,"Buffet ",36,4.6,13,"motorcycle ",1,"No ","Metropolitian ","Sandstorms","Jam ",1
"24/03/2022","12:00:00","12:05:00",28,"Drinks ",38,4.8,14,"motorcycle ",1,"No ","Metropolitian ","Cloudy","High ",1
"20/03/2022","19:10:00","19:15:00",41,"Meal ",38,4.3,3,"motorcycle ",2,"No ","Urban ","Sandstorms","Jam ",2
"16/03/2022","23:35:00","23:50:00",27,"Meal ",36,4.6,19,"scooter ",2,"No ","Metropolitian ","Cloudy","Low ",1
"21/03/2022","18:20:00","18:35:00",29,"Meal ",21,4.8,3,"scooter ",2,"No ","Metropolitian ","Sandstorms","Medium ",1
"16/03/2022","17:45:00","18:00:00",17,"Snack ",26,4.8,21,"scooter ",1,"No ","Metropolitian ","Stormy","Medium ",1
"7/03/2022","23:15:00","23:20:00",18,"Buffet ",38,4.8,9,"scooter ",2,"No ","Metropolitian ","Sunny","Low ",0
"12/02/2022","18:45:00","18:55:00",24,"Meal ",33,4.8,8,"motorcycle ",1,"No ","Metropolitian ","Sunny","Medium ",1
"24/03/2022","23:35:00","23:40:00",29,"Drinks ",31,4.5,8,"scooter ",2,"No ","Metropolitian ","Stormy","Low ",1
"16/02/2022","21:50:00","22:00:00",42,"Buffet ",26,4.8,4,"motorcycle ",1,"No ","Metropolitian ","Stormy","Jam ",0
"1/04/2022","23:45:00","23:50:00",22,"Snack ",37,4.4,23,"motorcycle ",0,"No ","Metropolitian ","Sandstorms","Low ",0
"31/03/2022","23:55:00","0:05:00",42,"Snack ",31,4.6,6,"motorcycle ",0,"No ","Metropolitian ","Fog","Low ",2
"12/03/2022","22:25:00","22:35:00",20,"Buffet ",28,4.9,21,"motorcycle ",0,"No ","Metropolitian ","Stormy","Low ",0
"11/03/2022","18:00:00","18:15:00",18,"Snack ",31,4.8,16,"scooter ",1,"No ","Urban ","Sunny","Medium ",0
"26/03/2022","11:10:00","11:25:00",33,"Meal ",21,4.3,7,"motorcycle ",1,"No ","Metropolitian ","Fog","High ",1
"17/03/2022","9:15:00","9:25:00",22,"Snack ",37,4.9,19,"motorcycle ",0,"No ","Urban ","Sunny","Low ",1
"4/04/2022","17:35:00","17:40:00",32,"Snack ",38,3.7,3,"electric_scooter ",2,"No ","Metropolitian ","Windy","Medium ",1
"3/03/2022","22:10:00","22:15:00",16,"Snack ",26,4.8,19,"motorcycle ",2,"No ","Metropolitian ","Sandstorms","Low ",0
"14/02/2022","22:30:00","22:45:00",10,"Meal ",24,4.9,4,"electric_scooter ",2,"No ","Metropolitian ","Stormy","Low ",0
"18/02/2022","23:00:00","23:05:00",26,"Snack ",29,5,9,"scooter ",2,"No ","Metropolitian ","Stormy","Low ",0
"18/03/2022","18:35:00","18:50:00",45,"Snack ",35,4.3,18,"motorcycle ",0,"No ","Metropolitian ","Stormy","Medium ",0
"29/03/2022","23:00:00","23:15:00",26,"Drinks ",28,4.8,12,"scooter ",1,"No ","Metropolitian ","Fog","Low ",0
"13/03/2022","13:10:00","13:20:00",23,"Buffet ",30,4.6,23,"electric_scooter ",2,"No ","Metropolitian ","Sunny","High ",1
"11/03/2022","22:45:00","22:50:00",12,"Buffet ",33,4.9,17,"motorcycle ",1,"No ","Metropolitian ","Sunny","Low ",0
"20/03/2022","19:45:00","19:50:00",42,"Snack ",31,4.3,6,"motorcycle ",1,"No ","Metropolitian ","Fog","Jam ",1
"9/03/2022","20:20:00","20:25:00",21,"Meal ",36,4.9,22,"scooter ",1,"No ","Metropolitian ","Sunny","Jam ",0
"20/03/2022","19:15:00","19:25:00",42,"Buffet ",37,4.7,6,"motorcycle ",0,"No ","Metropolitian ","Stormy","Jam ",2
"26/03/2022","13:15:00","13:30:00",36,"Meal ",37,4.7,1,"motorcycle ",0,"No ","Metropolitian ","Sandstorms","High ",1
"26/03/2022","17:25:00","17:35:00",29,"Snack ",38,4.9,9,"motorcycle ",1,"No ","Metropolitian ","Windy","Medium ",0
"16/02/2022","0:00:00","0:10:00",29,"Drinks ",31,4.9,3,"motorcycle ",2,"No ","Metropolitian ","Windy","Low ",1
"11/02/2022","17:35:00","17:40:00",30,"Buffet ",30,4.6,4,"motorcycle ",0,"No ","Metropolitian ","Windy","Medium ",1
"14/03/2022","18:25:00","18:40:00",22,"Buffet ",33,4.7,16,"motorcycle ",1,"No ","Metropolitian ","Sandstorms","Medium ",1
"8/03/2022","20:45:00","20:55:00",48,"Drinks ",34,4.9,23,"motorcycle ",0,"No ","Metropolitian ","Sandstorms","Jam ",1
"12/03/2022","20:20:00","20:35:00",32,"Buffet ",30,3.7,13,"scooter ",2,"No ","Metropolitian ","Sandstorms","Jam ",1
"17/03/2022","21:20:00","21:30:00",22,"Drinks ",22,4.7,3,"scooter ",2,"No ","Metropolitian ","Fog","Jam ",0
"11/03/2022","17:40:00","17:55:00",18,"Buffet ",31,4.9,23,"motorcycle ",1,"No ","Metropolitian ","Cloudy","Medium ",1
"19/03/2022","10:40:00","10:50:00",17,"Buffet ",31,4.9,23,"scooter ",1,"No ","Urban ","Sunny","Low ",1
"1/03/2022","8:15:00","8:20:00",16,"Snack ",26,4.9,16,"scooter ",2,"No ","Urban ","Stormy","Low ",0
"12/02/2022","19:50:00","20:00:00",20,"Meal ",20,4.6,6,"scooter ",2,"No ","Metropolitian ","Stormy","Jam ",1
"13/02/2022","20:35:00","20:45:00",32,"Drinks ",35,4.3,3,"scooter ",2,"No ","Metropolitian ","Windy","Jam ",1
"12/03/2022","22:00:00","22:15:00",20,"Buffet ",21,4.6,18,"motorcycle ",2,"No ","Urban ","Stormy","Jam ",1
"2/04/2022","20:35:00","20:45:00",38,"Snack ",37,4.6,21,"motorcycle ",1,"No ","Urban ","Cloudy","Jam ",0
"12/02/2022","20:15:00","20:20:00",23,"Meal ",29,4.5,2,"motorcycle ",0,"No ","Metropolitian ","Sunny","Jam ",1
"30/03/2022","9:15:00","9:30:00",20,"Meal ",31,4.7,19,"motorcycle ",0,"No ","Metropolitian ","Fog","Low ",0
"2/04/2022","20:00:00","20:15:00",33,"Snack ",36,4.5,11,"motorcycle ",1,"No ","Metropolitian ","Sunny","Jam ",1
"1/03/2022","18:25:00","18:40:00",31,"Drinks ",32,5,13,"scooter ",2,"No ","Metropolitian ","Stormy","Medium ",1
"16/02/2022","17:55:00","18:05:00",29,"Snack ",21,4.8,7,"scooter ",2,"No ","Metropolitian ","Windy","Medium ",0
"27/03/2022","19:35:00","19:40:00",28,"Drinks ",39,4.5,16,"motorcycle ",2,"No ","Metropolitian ","Sandstorms","Jam ",1
"3/03/2022","21:15:00","21:25:00",25,"Drinks ",36,4.7,22,"scooter ",1,"No ","Metropolitian ","Sandstorms","Jam ",1
"11/02/2022","8:10:00","8:20:00",27,"Drinks ",22,4.3,6,"motorcycle ",0,"No ","Urban ","Windy","Low ",0
"28/03/2022","17:20:00","17:30:00",20,"Buffet ",35,4.8,23,"electric_scooter ",2,"No ","Metropolitian ","Sunny","Medium ",1
"18/03/2022","23:25:00","23:35:00",20,"Buffet ",21,4.8,9,"motorcycle ",0,"No ","Metropolitian ","Stormy","Low ",1
"30/03/2022","11:00:00","11:05:00",23,"Drinks ",30,4.1,17,"motorcycle ",0,"No ","Urban ","Stormy","Low ",1
"23/03/2022","21:45:00","21:55:00",46,"Meal ",38,4,8,"scooter ",1,"No ","Metropolitian ","Fog","Jam ",2
"15/03/2022","22:35:00","22:40:00",14,"Meal ",22,5,18,"scooter ",2,"No ","Urban ","Sandstorms","Low ",1
"16/02/2022","22:30:00","22:40:00",31,"Snack ",23,2.8,15,"motorcycle ",2,"No ","Metropolitian ","Sunny","Low ",1
"21/03/2022","11:45:00","11:55:00",25,"Buffet ",27,4.6,23,"motorcycle ",0,"No ","Metropolitian ","Windy","High ",1
"10/03/2022","18:30:00","18:45:00",38,"Buffet ",37,4.1,1,"motorcycle ",0,"No ","Metropolitian ","Sunny","Medium ",2
"12/02/2022","22:35:00","22:50:00",24,"Buffet ",35,4.8,18,"electric_scooter ",2,"No ","Urban ","Windy","Low ",0
"13/02/2022","8:25:00","8:35:00",15,"Drinks ",27,4.5,8,"motorcycle ",0,"No ","Metropolitian ","Fog","Low ",0
"5/03/2022","11:35:00","11:40:00",16,"Snack ",20,4.9,23,"motorcycle ",0,"No ","Metropolitian ","Windy","High ",1
"30/03/2022","18:30:00","18:45:00",15,"Drinks ",20,4.8,6,"scooter ",2,"No ","Urban ","Fog","Medium ",1
"3/04/2022","23:15:00","23:30:00",20,"Buffet ",28,4.2,9,"motorcycle ",0,"No ","Metropolitian ","Sandstorms","Low ",0
"14/03/2022","20:55:00","21:05:00",32,"Meal ",22,4,5,"motorcycle ",0,"No ","Metropolitian ","Stormy","Jam ",1
"28/03/2022","9:55:00","10:10:00",23,"Drinks ",26,4,4,"motorcycle ",0,"No ","Urban ","Windy","Low ",0
"11/03/2022","9:50:00","10:00:00",20,"Buffet ",30,4.6,21,"motorcycle ",0,"No ","Urban ","Fog","Low ",0
"5/03/2022","23:20:00","23:30:00",12,"Buffet ",21,4.6,22,"motorcycle ",0,"No ","Urban ","Stormy","Low ",0
"16/03/2022","19:10:00","19:15:00",39,"Snack ",38,3.7,4,"scooter ",1,"No ","Metropolitian ","Sandstorms","Jam ",1
"16/02/2022","20:00:00","20:10:00",42,"Buffet ",29,5,18,"motorcycle ",1,"No ","Urban ","Cloudy","Jam ",2
"31/03/2022","17:45:00","17:55:00",24,"Drinks ",20,4.9,17,"motorcycle ",2,"No ","Metropolitian ","Windy","Medium ",1
"11/02/2022","10:55:00","11:10:00",22,"Drinks ",36,4.7,8,"motorcycle ",1,"No ","Metropolitian ","Stormy","Low ",0
"30/03/2022","10:10:00","10:20:00",17,"Meal ",20,4.5,12,"motorcycle ",0,"No ","Metropolitian ","Cloudy","Low ",1
"1/04/2022","22:10:00","22:15:00",14,"Meal ",20,4.9,17,"motorcycle ",1,"No ","Urban ","Sandstorms","Low ",0
"1/04/2022","9:45:00","9:50:00",31,"Meal ",32,4.2,15,"motorcycle ",0,"No ","Metropolitian ","Windy","Low ",0
"13/03/2022","19:25:00","19:40:00",14,"Meal ",26,4.6,18,"scooter ",2,"No ","Urban ","Windy","Jam ",1
"27/03/2022","18:00:00","18:05:00",20,"Meal ",23,4.9,18,"scooter ",2,"No ","Metropolitian ","Stormy","Medium ",1
"10/03/2022","17:30:00","17:35:00",32,"Buffet ",34,4.2,6,"scooter ",2,"No ","Urban ","Windy","Medium ",1
"24/03/2022","17:40:00","17:55:00",24,"Buffet ",27,4.7,9,"motorcycle ",0,"No ","Metropolitian ","Cloudy","Medium ",1
"19/03/2022","20:10:00","20:15:00",28,"Snack ",24,5,17,"motorcycle ",0,"No ","Metropolitian ","Fog","Jam ",0
"25/03/2022","22:30:00","22:45:00",29,"Buffet ",24,4.6,7,"scooter ",1,"No ","Metropolitian ","Sunny","Low ",0
"11/02/2022","18:35:00","18:45:00",19,"Buffet ",36,4.7,17,"electric_scooter ",2,"No ","Urban ","Cloudy","Medium ",1
"6/04/2022","20:40:00","20:50:00",38,"Meal ",24,4.4,4,"motorcycle ",1,"No ","Metropolitian ","Cloudy","Jam ",2
"24/03/2022","21:50:00","22:05:00",22,"Snack ",33,4.8,15,"motorcycle ",1,"No ","Urban ","Sunny","Jam ",1
"30/03/2022","19:30:00","19:35:00",27,"Buffet ",21,4.9,13,"motorcycle ",2,"No ","Metropolitian ","Stormy","Jam ",1
"29/03/2022","20:50:00","21:00:00",23,"Snack ",29,4.9,15,"scooter ",2,"No ","Metropolitian ","Stormy","Jam ",1
"5/03/2022","10:45:00","10:50:00",23,"Buffet ",36,4.8,23,"motorcycle ",0,"No ","Metropolitian ","Fog","Low ",0
"28/03/2022","9:00:00","9:05:00",27,"Meal ",38,4,22,"motorcycle ",0,"No ","Metropolitian ","Sandstorms","Low ",1
"3/04/2022","15:20:00","15:35:00",25,"Snack ",36,4.6,21,"motorcycle ",0,"No ","Urban ","Cloudy","Medium ",1
"6/04/2022","17:15:00","17:25:00",35,"Snack ",31,5,21,"motorcycle ",1,"No ","Metropolitian ","Fog","Medium ",1
"1/03/2022","20:30:00","20:40:00",12,"Snack ",24,4.6,15,"motorcycle ",2,"No ","Metropolitian ","Sunny","Jam ",0
"12/03/2022","20:15:00","20:30:00",30,"Meal ",22,4.8,21,"motorcycle ",0,"No ","Metropolitian ","Windy","Jam ",1
"5/03/2022","23:45:00","23:55:00",18,"Buffet ",21,4.8,22,"motorcycle ",2,"No ","Metropolitian ","Sunny","Low ",0
"25/03/2022","21:20:00","21:35:00",45,"Snack ",37,4.9,3,"motorcycle ",0,"No ","Metropolitian ","Cloudy","Jam ",1
"17/03/2022","8:35:00","8:40:00",24,"Buffet ",39,4.5,13,"motorcycle ",1,"No ","Metropolitian ","Sandstorms","Low ",1
"3/04/2022","0:00:00","0:10:00",12,"Meal ",27,4.8,19,"motorcycle ",1,"No ","Urban ","Cloudy","Low ",1
"27/03/2022","21:00:00","21:15:00",24,"Meal ",20,4.8,13,"electric_scooter ",2,"No ","Metropolitian ","Windy","Jam ",1
"20/03/2022","19:45:00","19:50:00",33,"Buffet ",24,4.6,9,"electric_scooter ",2,"No ","Metropolitian ","Fog","Jam ",1
"2/03/2022","19:10:00","19:15:00",32,"Buffet ",20,4.9,22,"scooter ",2,"No ","Metropolitian ","Fog","Jam ",0
"31/03/2022","21:30:00","21:40:00",22,"Snack ",23,4.8,12,"scooter ",1,"No ","Metropolitian ","Sandstorms","Jam ",1
"4/03/2022","17:25:00","17:30:00",47,"Meal ",36,4.1,8,"motorcycle ",0,"Yes ","Metropolitian ","Windy","Medium ",1
"6/03/2022","19:30:00","19:35:00",29,"Drinks ",22,4.6,9,"motorcycle ",1,"No ","Metropolitian ","Sandstorms","Jam ",1
"16/03/2022","20:35:00","20:50:00",31,"Buffet ",39,4.4,16,"motorcycle ",0,"No ","Metropolitian ","Sunny","Jam ",1
"6/04/2022","23:45:00","0:00:00",10,"Snack ",29,4.9,19,"motorcycle ",1,"No ","Urban ","Stormy","Low ",1
"24/03/2022","11:50:00","11:55:00",19,"Drinks ",24,4.7,17,"motorcycle ",1,"No ","Metropolitian ","Stormy","High ",1
"15/03/2022","17:40:00","17:55:00",25,"Snack ",27,5,15,"scooter ",2,"No ","Metropolitian ","Stormy","Medium ",1
"18/02/2022","23:25:00","23:35:00",24,"Buffet ",29,4.8,5,"scooter ",2,"No ","Metropolitian ","Sandstorms","Low ",1
"26/03/2022","18:15:00","18:20:00",25,"Drinks ",38,4.6,23,"motorcycle ",0,"No ","Metropolitian ","Cloudy","Medium ",1
"15/03/2022","17:25:00","17:40:00",22,"Snack ",20,5,16,"scooter ",1,"No ","Metropolitian ","Sandstorms","Medium ",0
"3/03/2022","11:10:00","11:20:00",24,"Meal ",22,4.9,23,"motorcycle ",1,"No ","Metropolitian ","Sandstorms","High ",1
"16/02/2022","22:55:00","23:00:00",19,"Buffet ",20,4.9,19,"motorcycle ",2,"No ","Urban ","Stormy","Low ",0
"9/03/2022","11:35:00","11:40:00",28,"Drinks ",36,4.8,17,"motorcycle ",2,"No ","Metropolitian ","Stormy","High ",1
"11/02/2022","17:50:00","17:55:00",30,"Meal ",32,4.7,3,"motorcycle ",1,"No ","Metropolitian ","Windy","Medium ",0
"3/03/2022","15:35:00","15:45:00",21,"Drinks ",37,4.8,16,"motorcycle ",1,"No ","Metropolitian ","Sunny","Medium ",0
"16/03/2022","20:50:00","21:05:00",41,"Drinks ",34,4.7,23,"motorcycle ",0,"No ","Metropolitian ","Stormy","Jam ",2
"10/03/2022","22:10:00","22:20:00",36,"Drinks ",39,3.6,11,"motorcycle ",1,"No ","Metropolitian ","Fog","Low ",1
"7/03/2022","10:45:00","10:55:00",12,"Meal ",28,4.6,17,"scooter ",2,"No ","Urban ","Sandstorms","Low ",0
"7/03/2022","19:25:00","19:40:00",30,"Drinks ",28,4.9,19,"scooter ",2,"No ","Metropolitian ","Fog","Jam ",1
"8/03/2022","19:20:00","19:25:00",49,"Drinks ",31,4.9,9,"scooter ",2,"No ","Metropolitian ","Cloudy","Jam ",0
"17/03/2022","12:55:00","13:05:00",32,"Meal ",38,4.6,14,"scooter ",1,"No ","Metropolitian ","Fog","High ",0
"5/03/2022","17:25:00","17:40:00",32,"Snack ",34,4.8,15,"motorcycle ",0,"No ","Metropolitian ","Stormy","Medium ",1
"12/02/2022","23:40:00","23:55:00",27,"Meal ",39,4.8,8,"electric_scooter ",2,"No ","Metropolitian ","Sandstorms","Low ",1
"17/03/2022","18:25:00","18:35:00",25,"Buffet ",31,4.9,17,"scooter ",2,"No ","Metropolitian ","Sandstorms","Medium ",1
"17/03/2022","10:20:00","10:35:00",23,"Buffet ",23,4.7,16,"motorcycle ",1,"No ","Urban ","Sunny","Low ",1
"3/03/2022","17:20:00","17:25:00",21,"Snack ",25,4.7,17,"motorcycle ",0,"No ","Metropolitian ","Sunny","Medium ",1
"13/03/2022","19:35:00","19:45:00",16,"Drinks ",24,4.6,22,"scooter ",1,"No ","Metropolitian ","Sunny","Jam ",1
"4/04/2022","22:55:00","23:00:00",38,"Buffet ",39,3.6,11,"motorcycle ",1,"No ","Metropolitian ","Fog","Low ",1
"15/03/2022","10:50:00","11:05:00",15,"Snack ",27,4.7,19,"scooter ",1,"No ","Urban ","Sunny","Low ",1
"12/02/2022","18:10:00","18:15:00",17,"Buffet ",24,4.9,8,"electric_scooter ",2,"No ","Metropolitian ","Sunny","Medium ",0
"6/03/2022","22:55:00","23:10:00",23,"Snack ",36,5,13,"motorcycle ",0,"No ","Metropolitian ","Sunny","Low ",0
"3/03/2022","23:25:00","23:35:00",23,"Buffet ",24,5,14,"motorcycle ",0,"No ","Metropolitian ","Fog","Low ",0
"12/03/2022","17:50:00","17:55:00",26,"Buffet ",34,4.9,21,"scooter ",2,"No ","Urban ","Sunny","Medium ",0
"3/04/2022","18:10:00","18:15:00",13,"Drinks ",24,4.8,19,"scooter ",2,"No ","Metropolitian ","Fog","Medium ",1
"6/03/2022","23:40:00","23:55:00",24,"Snack ",37,4.5,5,"scooter ",1,"No ","Urban ","Stormy","Low ",0
"23/03/2022","21:25:00","21:40:00",33,"Meal ",29,4.2,2,"motorcycle ",2,"No ","Metropolitian ","Cloudy","Jam ",0
"18/03/2022","18:45:00","18:50:00",37,"Meal ",33,3.8,1,"motorcycle ",1,"No ","Urban ","Stormy","Medium ",2
"24/03/2022","8:25:00","8:40:00",25,"Meal ",37,4.6,16,"scooter ",2,"No ","Metropolitian ","Sandstorms","Low ",1
"26/03/2022","8:10:00","8:20:00",16,"Drinks ",34,4.9,12,"electric_scooter ",2,"No ","Metropolitian ","Sunny","Low ",1
"8/03/2022","23:10:00","23:15:00",18,"Drinks ",27,4.6,16,"scooter ",2,"No ","Metropolitian ","Windy","Low ",0
"10/03/2022","20:30:00","20:35:00",36,"Meal ",20,4.6,13,"scooter ",2,"No ","Metropolitian ","Cloudy","Jam ",1
"5/03/2022","10:15:00","10:30:00",29,"Drinks ",33,4.1,13,"motorcycle ",0,"No ","Metropolitian ","Windy","Low ",1
"4/03/2022","18:20:00","18:25:00",39,"Snack ",23,4.6,15,"motorcycle ",0,"No ","Urban ","Fog","Medium ",1
"19/03/2022","14:10:00","14:20:00",27,"Snack ",29,4.8,3,"motorcycle ",0,"No ","Metropolitian ","Sandstorms","High ",1
"12/03/2022","23:00:00","23:15:00",26,"Drinks ",34,4.7,13,"scooter ",2,"No ","Metropolitian ","Sunny","Low ",1
"28/03/2022","19:55:00","20:05:00",44,"Snack ",36,4,8,"motorcycle ",0,"Yes ","Metropolitian ","Sandstorms","Jam ",2
"2/04/2022","20:55:00","21:10:00",33,"Buffet ",23,4,11,"motorcycle ",0,"No ","Metropolitian ","Windy","Jam ",1
"28/03/2022","10:20:00","10:25:00",15,"Drinks ",20,4.8,15,"scooter ",1,"No ","Urban ","Windy","Low ",1
"16/02/2022","18:20:00","18:30:00",30,"Buffet ",38,4.6,3,"motorcycle ",1,"No ","Metropolitian ","Fog","Medium ",0
"18/03/2022","19:40:00","19:55:00",38,"Buffet ",23,4.9,21,"motorcycle ",0,"No ","Metropolitian ","Fog","Jam ",2
"4/04/2022","17:45:00","18:00:00",25,"Drinks ",29,4.7,22,"scooter ",1,"No ","Metropolitian ","Fog","Medium ",1
"4/03/2022","20:00:00","20:15:00",27,"Drinks ",35,4.5,17,"scooter ",2,"No ","Metropolitian ","Stormy","Jam ",1
"4/03/2022","17:20:00","17:25:00",40,"Drinks ",31,5,16,"scooter ",1,"Yes ","Metropolitian ","Stormy","Medium ",1
"3/03/2022","12:45:00","12:50:00",37,"Snack ",22,5,18,"motorcycle ",0,"No ","Metropolitian ","Stormy","High ",0
"28/03/2022","8:55:00","9:00:00",15,"Meal ",31,4.7,14,"motorcycle ",1,"No ","Metropolitian ","Fog","Low ",0
"4/03/2022","19:40:00","19:55:00",27,"Snack ",32,4.8,22,"scooter ",2,"No ","Metropolitian ","Stormy","Jam ",0
"15/03/2022","21:10:00","21:15:00",23,"Drinks ",34,4.6,23,"electric_scooter ",2,"No ","Urban ","Sunny","Jam ",1
"14/03/2022","19:55:00","20:10:00",31,"Snack ",24,4.7,12,"motorcycle ",1,"No ","Metropolitian ","Cloudy","Jam ",1
"25/03/2022","17:35:00","17:50:00",37,"Drinks ",39,3.7,4,"motorcycle ",1,"No ","Metropolitian ","Windy","Medium ",1
"31/03/2022","22:10:00","22:25:00",12,"Meal ",25,4.9,15,"scooter ",2,"No ","Urban ","Sandstorms","Low ",0
"21/03/2022","8:30:00","8:35:00",15,"Drinks ",32,5,16,"motorcycle ",1,"No ","Metropolitian ","Cloudy","Low ",1
"13/03/2022","17:20:00","17:25:00",31,"Meal ",39,4.4,12,"motorcycle ",0,"No ","Metropolitian ","Sandstorms","Medium ",1
"12/03/2022","17:20:00","17:35:00",36,"Buffet ",25,4.6,21,"motorcycle ",0,"No ","Metropolitian ","Fog","Medium ",0
"6/03/2022","21:55:00","22:05:00",48,"Drinks ",38,4.7,9,"motorcycle ",0,"No ","Metropolitian ","Fog","Jam ",2
"17/03/2022","12:20:00","12:35:00",34,"Snack ",34,4,9,"motorcycle ",1,"No ","Metropolitian ","Sandstorms","High ",0
"13/03/2022","9:20:00","9:30:00",26,"Meal ",27,4.2,8,"motorcycle ",0,"No ","Metropolitian ","Sandstorms","Low ",1
"1/03/2022","9:00:00","9:05:00",16,"Snack ",21,4.6,22,"motorcycle ",2,"No ","Urban ","Stormy","Low ",0
"18/02/2022","21:25:00","21:40:00",43,"Snack ",29,4.9,5,"scooter ",2,"No ","Metropolitian ","Sandstorms","Jam ",1
"8/03/2022","21:50:00","21:55:00",21,"Meal ",23,4.8,16,"electric_scooter ",2,"No ","Urban ","Stormy","Jam ",1
"7/03/2022","17:45:00","17:55:00",25,"Snack ",39,4.7,17,"scooter ",1,"No ","Urban ","Stormy","Medium ",0
"1/03/2022","8:40:00","8:50:00",15,"Drinks ",27,4.9,22,"scooter ",2,"No ","Urban ","Windy","Low ",1
"31/03/2022","22:45:00","22:50:00",16,"Meal ",26,4.6,3,"motorcycle ",1,"No ","Urban ","Sandstorms","Low ",1
"25/03/2022","19:10:00","19:20:00",37,"Buffet ",24,4.2,13,"electric_scooter ",2,"No ","Metropolitian ","Fog","Jam ",1
"30/03/2022","17:30:00","17:35:00",28,"Drinks ",32,4.8,19,"motorcycle ",0,"No ","Metropolitian ","Sandstorms","Medium ",1
"18/02/2022","17:40:00","17:50:00",33,"Buffet ",27,4.6,4,"scooter ",1,"No ","Metropolitian ","Fog","Medium ",0
"5/04/2022","23:35:00","23:40:00",17,"Drinks ",20,5,23,"motorcycle ",1,"No ","Metropolitian ","Fog","Low ",0
"2/03/2022","22:30:00","22:35:00",24,"Buffet ",32,4.9,13,"scooter ",2,"No ","Metropolitian ","Stormy","Low ",0
"7/03/2022","19:40:00","19:55:00",28,"Buffet ",35,4.8,23,"motorcycle ",0,"No ","Metropolitian ","Sunny","Jam ",1
"13/03/2022","9:50:00","10:00:00",27,"Buffet ",35,4.2,3,"motorcycle ",0,"No ","Urban ","Stormy","Low ",1
"1/03/2022","21:45:00","22:00:00",15,"Drinks ",28,4.8,17,"scooter ",1,"No ","Urban ","Sandstorms","Jam ",1
"24/03/2022","10:55:00","11:00:00",15,"Snack ",23,5,13,"motorcycle ",1,"No ","Metropolitian ","Sunny","Low ",1
"14/02/2022","18:30:00","18:35:00",24,"Drinks ",22,4.8,5,"motorcycle ",0,"No ","Metropolitian ","Sunny","Medium ",1
"28/03/2022","23:10:00","23:15:00",24,"Meal ",29,4.5,17,"motorcycle ",0,"No ","Metropolitian ","Cloudy","Low ",1
"3/04/2022","21:55:00","22:05:00",22,"Buffet ",27,4.7,18,"motorcycle ",1,"No ","Urban ","Windy","Jam ",1
"13/03/2022","10:45:00","10:55:00",18,"Snack ",26,4.4,21,"motorcycle ",0,"No ","Metropolitian ","Sandstorms","Low ",1
"9/03/2022","23:35:00","23:50:00",18,"Snack ",34,4.9,18,"motorcycle ",1,"No ","Metropolitian ","Sunny","Low ",0
"15/03/2022","12:00:00","12:05:00",31,"Buffet ",31,4.9,16,"motorcycle ",0,"No ","Metropolitian ","Fog","High ",1
"14/02/2022","22:10:00","22:15:00",21,"Meal ",39,4.7,21,"scooter ",2,"No ","Urban ","Sunny","Low ",0
"18/02/2022","20:25:00","20:35:00",41,"Snack ",20,4.3,2,"scooter ",2,"No ","Metropolitian ","Fog","Jam ",0
"11/02/2022","8:35:00","8:45:00",16,"Snack ",39,4.9,19,"motorcycle ",1,"No ","Urban ","Sunny","Low ",0
"27/03/2022","23:55:00","0:10:00",34,"Meal ",20,3.2,6,"scooter ",2,"No ","Urban ","Sunny","Low ",1
"3/04/2022","22:20:00","22:25:00",20,"Snack ",32,4.9,23,"scooter ",2,"No ","Urban ","Windy","Low ",1
"1/03/2022","9:50:00","10:05:00",17,"Drinks ",22,4.9,15,"motorcycle ",2,"No ","Urban ","Sandstorms","Low ",1
"2/04/2022","21:20:00","21:25:00",54,"Meal ",32,4.1,9,"motorcycle ",0,"Yes ","Metropolitian ","Sandstorms","Jam ",1
"11/03/2022","12:50:00","12:55:00",27,"Buffet ",38,4.7,19,"scooter ",2,"No ","Metropolitian ","Stormy","High ",1
"23/03/2022","19:20:00","19:35:00",53,"Drinks ",37,4.9,3,"motorcycle ",0,"Yes ","Metropolitian ","Sandstorms","Jam ",3
"5/04/2022","10:45:00","10:50:00",17,"Buffet ",36,4.8,22,"motorcycle ",1,"No ","Urban ","Fog","Low ",1
"10/03/2022","23:55:00","0:00:00",31,"Drinks ",30,3.2,3,"motorcycle ",0,"No ","Metropolitian ","Sunny","Low ",1
"15/02/2022","10:35:00","10:40:00",18,"Snack ",22,4.6,23,"motorcycle ",0,"No ","Urban ","Fog","Low ",1
"4/04/2022","23:45:00","23:55:00",23,"Buffet ",35,4.5,21,"motorcycle ",0,"No ","Metropolitian ","Stormy","Low ",1
"1/03/2022","18:15:00","18:20:00",36,"Drinks ",33,4.8,6,"motorcycle ",0,"No ","Metropolitian ","Windy","Medium ",2
"18/03/2022","22:45:00","23:00:00",19,"Drinks ",27,4.6,17,"scooter ",2,"No ","Urban ","Sandstorms","Low ",1
"6/04/2022","18:25:00","18:30:00",24,"Buffet ",27,4.5,16,"motorcycle ",1,"No ","Urban ","Sandstorms","Medium ",1
"25/03/2022","23:15:00","23:30:00",24,"Meal ",33,4.6,12,"scooter ",1,"No ","Metropolitian ","Windy","Low ",1
"16/02/2022","20:50:00","21:05:00",18,"Snack ",24,4.6,2,"electric_scooter ",2,"No ","Metropolitian ","Sunny","Jam ",1
"6/04/2022","18:20:00","18:30:00",26,"Buffet ",22,4.8,17,"motorcycle ",0,"No ","Metropolitian ","Sunny","Medium ",0
"23/03/2022","17:25:00","17:35:00",37,"Snack ",32,4.2,5,"motorcycle ",0,"No ","Metropolitian ","Sandstorms","Medium ",1
"29/03/2022","17:35:00","17:45:00",34,"Snack ",32,3.9,4,"scooter ",2,"No ","Metropolitian ","Windy","Medium ",0
"2/03/2022","22:15:00","22:25:00",25,"Buffet ",30,4.9,19,"scooter ",1,"No ","Metropolitian ","Stormy","Low ",1
"15/03/2022","10:00:00","10:15:00",16,"Snack ",21,4.2,6,"motorcycle ",0,"No ","Metropolitian ","Sandstorms","Low ",0
"9/03/2022","21:30:00","21:35:00",24,"Snack ",22,4.9,21,"motorcycle ",0,"No ","Metropolitian ","Cloudy","Jam ",0
"17/03/2022","20:45:00","20:50:00",29,"Meal ",38,4.8,22,"motorcycle ",1,"No ","Metropolitian ","Cloudy","Jam ",1
"12/02/2022","21:30:00","21:40:00",21,"Buffet ",29,4.6,5,"electric_scooter ",2,"No ","Metropolitian ","Sunny","Jam ",1
"17/03/2022","16:40:00","16:55:00",17,"Buffet ",20,4.8,18,"motorcycle ",0,"No ","Metropolitian ","Windy","Medium ",1
"16/02/2022","18:10:00","18:20:00",15,"Meal ",23,4.7,19,"motorcycle ",2,"No ","Urban ","Sunny","Medium ",0
"28/03/2022","22:45:00","23:00:00",18,"Buffet ",31,4.5,23,"electric_scooter ",2,"No ","Metropolitian ","Fog","Low ",0
"5/04/2022","13:45:00","13:55:00",37,"Snack ",26,4.1,6,"motorcycle ",0,"No ","Metropolitian ","Windy","High ",1
"26/03/2022","8:55:00","9:05:00",18,"Drinks ",28,4.7,19,"scooter ",2,"No ","Metropolitian ","Fog","Low ",1
"24/03/2022","8:45:00","9:00:00",10,"Drinks ",20,4.8,18,"scooter ",1,"No ","Urban ","Fog","Low ",1
"10/03/2022","17:20:00","17:35:00",24,"Meal ",37,4.8,17,"electric_scooter ",2,"No ","Metropolitian ","Sunny","Medium ",1
"2/04/2022","22:55:00","23:00:00",28,"Drinks ",37,4.8,18,"scooter ",2,"No ","Metropolitian ","Windy","Low ",0
"1/04/2022","14:40:00","14:45:00",38,"Drinks ",25,4,15,"motorcycle ",0,"No ","Metropolitian ","Stormy","High ",2
"6/04/2022","22:15:00","22:30:00",31,"Drinks ",25,2.7,3,"motorcycle ",2,"No ","Metropolitian ","Sunny","Low ",1
"13/03/2022","17:00:00","17:05:00",16,"Snack ",30,4.7,22,"scooter ",1,"No ","Metropolitian ","Cloudy","Medium ",0
"9/03/2022","19:35:00","19:40:00",26,"Drinks ",39,4.8,9,"scooter ",1,"No ","Metropolitian ","Sandstorms","Jam ",1
"10/03/2022","17:20:00","17:35:00",31,"Buffet ",33,4.2,7,"motorcycle ",0,"No ","Metropolitian ","Windy","Medium ",1
"14/02/2022","21:15:00","21:20:00",21,"Drinks ",26,4.9,17,"scooter ",2,"No ","Urban ","Sandstorms","Jam ",1
"18/03/2022","21:45:00","22:00:00",22,"Buffet ",26,4.9,5,"scooter ",2,"No ","Metropolitian ","Stormy","Jam ",1
"3/03/2022","19:40:00","19:45:00",30,"Drinks ",37,4.7,21,"electric_scooter ",2,"No ","Metropolitian ","Stormy","Jam ",1
"18/03/2022","18:35:00","18:50:00",24,"Meal ",26,4.9,8,"scooter ",2,"No ","Metropolitian ","Stormy","Medium ",0
"16/02/2022","18:10:00","18:25:00",26,"Snack ",27,4.9,3,"scooter ",1,"No ","Metropolitian ","Stormy","Medium ",1
"1/04/2022","10:50:00","10:55:00",18,"Snack ",34,4.8,19,"motorcycle ",1,"No ","Metropolitian ","Sunny","Low ",1
"5/03/2022","21:55:00","22:05:00",33,"Meal ",30,4.4,16,"scooter ",2,"No ","Metropolitian ","Windy","Jam ",1
"31/03/2022","21:40:00","21:45:00",44,"Meal ",20,4.7,7,"motorcycle ",1,"Yes ","Metropolitian ","Cloudy","Jam ",1
"9/03/2022","11:30:00","11:40:00",24,"Snack ",29,5,18,"scooter ",2,"No ","Urban ","Stormy","High ",1
"26/03/2022","17:45:00","18:00:00",18,"Drinks ",34,4.7,19,"scooter ",2,"No ","Metropolitian ","Cloudy","Medium ",0
"7/03/2022","18:15:00","18:30:00",33,"Snack ",36,4.1,3,"motorcycle ",0,"No ","Metropolitian ","Windy","Medium ",1
"3/03/2022","11:10:00","11:25:00",21,"Snack ",29,5,17,"motorcycle ",2,"No ","Metropolitian ","Fog","High ",0
"4/03/2022","18:20:00","18:30:00",43,"Buffet ",20,4.6,21,"motorcycle ",0,"No ","Metropolitian ","Fog","Medium ",2
"2/03/2022","20:40:00","20:50:00",33,"Buffet ",28,4.8,13,"scooter ",2,"No ","Metropolitian ","Fog","Jam ",0
"1/03/2022","22:55:00","23:10:00",29,"Snack ",37,4.5,19,"motorcycle ",0,"No ","Metropolitian ","Fog","Low ",1
"7/03/2022","10:30:00","10:45:00",19,"Snack ",22,4.2,4,"motorcycle ",0,"No ","Metropolitian ","Sandstorms","Low ",0
"13/02/2022","21:35:00","21:40:00",12,"Buffet ",23,4.9,2,"scooter ",1,"No ","Metropolitian ","Stormy","Jam ",1
"28/03/2022","19:40:00","19:45:00",28,"Buffet ",32,4.5,2,"motorcycle ",1,"No ","Urban ","Stormy","Jam ",0
"3/03/2022","12:35:00","12:45:00",29,"Meal ",31,4.8,15,"motorcycle ",0,"No ","Metropolitian ","Sunny","High ",1
"12/03/2022","22:45:00","22:55:00",29,"Snack ",36,4.9,22,"motorcycle ",2,"No ","Metropolitian ","Fog","Low ",1
"8/03/2022","17:10:00","17:20:00",44,"Buffet ",22,4.5,13,"motorcycle ",0,"No ","Metropolitian ","Sunny","Medium ",1
"4/03/2022","18:50:00","19:00:00",48,"Meal ",38,4.2,11,"motorcycle ",0,"No ","Metropolitian ","Stormy","Medium ",1
"17/03/2022","10:35:00","10:45:00",21,"Snack ",38,4.6,12,"motorcycle ",1,"No ","Metropolitian ","Sandstorms","Low ",1
"18/02/2022","17:15:00","17:20:00",29,"Buffet ",28,4.8,7,"motorcycle ",1,"No ","Metropolitian ","Fog","Medium ",1
"20/03/2022","20:15:00","20:25:00",19,"Meal ",25,4.9,16,"scooter ",2,"No ","Urban ","Sandstorms","Jam ",1
"10/03/2022","22:45:00","23:00:00",18,"Snack ",24,4.6,9,"scooter ",1,"No ","Metropolitian ","Windy","Low ",1
"10/03/2022","23:30:00","23:35:00",15,"Buffet ",24,4.6,19,"motorcycle ",0,"No ","Urban ","Sandstorms","Low ",0
"24/03/2022","15:35:00","15:50:00",20,"Meal ",30,4.5,1,"motorcycle ",0,"No ","Urban ","Sunny","Medium ",1
"18/03/2022","20:30:00","20:45:00",20,"Buffet ",26,4.7,16,"scooter ",1,"No ","Urban ","Stormy","Jam ",1
"6/04/2022","21:55:00","22:05:00",44,"Meal ",32,4.3,3,"motorcycle ",1,"Yes ","Metropolitian ","Windy","Jam ",0
"20/03/2022","19:00:00","19:10:00",35,"Snack ",24,4.9,9,"motorcycle ",2,"No ","Metropolitian ","Fog","Medium ",0
"28/03/2022","19:30:00","19:35:00",34,"Snack ",37,4.1,6,"scooter ",1,"No ","Metropolitian ","Windy","Jam ",0
"10/03/2022","19:25:00","19:35:00",16,"Buffet ",23,4.7,23,"motorcycle ",2,"No ","Urban ","Sandstorms","Jam ",1
"27/03/2022","19:10:00","19:25:00",22,"Meal ",36,4.8,12,"scooter ",1,"No ","Metropolitian ","Sunny","Jam ",1
"29/03/2022","23:40:00","23:50:00",14,"Meal ",29,4.9,14,"motorcycle ",1,"No ","Metropolitian ","Stormy","Low ",0
"30/03/2022","8:35:00","8:45:00",23,"Snack ",26,4.8,16,"scooter ",1,"No ","Metropolitian ","Sunny","Low ",1
"4/04/2022","23:10:00","23:15:00",28,"Buffet ",31,4.7,16,"motorcycle ",0,"No ","Urban ","Sandstorms","Low ",1
"1/03/2022","20:30:00","20:45:00",38,"Meal ",35,4.2,2,"electric_scooter ",2,"No ","Metropolitian ","Fog","Jam ",2
"2/04/2022","19:35:00","19:50:00",39,"Snack ",20,4.6,6,"motorcycle ",0,"No ","Metropolitian ","Stormy","Jam ",1
"18/03/2022","17:50:00","18:05:00",23,"Meal ",30,4.8,6,"motorcycle ",1,"No ","Metropolitian ","Sunny","Medium ",1
"7/03/2022","12:40:00","12:50:00",32,"Meal ",34,4,5,"scooter ",1,"No ","Urban ","Stormy","High ",1
"27/03/2022","18:40:00","18:50:00",43,"Meal ",31,4.4,13,"motorcycle ",0,"No ","Metropolitian ","Sandstorms","Medium ",1
"2/03/2022","18:30:00","18:35:00",39,"Meal ",30,3.7,11,"scooter ",1,"No ","Metropolitian ","Sandstorms","Medium ",0
"4/03/2022","22:55:00","23:10:00",22,"Snack ",27,4.5,12,"motorcycle ",0,"No ","Metropolitian ","Sunny","Low ",0
"4/03/2022","17:15:00","17:20:00",42,"Meal ",38,4.8,13,"motorcycle ",0,"No ","Metropolitian ","Fog","Medium ",0
"3/03/2022","9:45:00","10:00:00",25,"Buffet ",34,4.1,3,"motorcycle ",0,"No ","Metropolitian ","Sandstorms","Low ",1
"21/03/2022","14:15:00","14:30:00",28,"Buffet ",35,4.5,21,"motorcycle ",0,"No ","Metropolitian ","Fog","High ",0
"20/03/2022","19:40:00","19:45:00",24,"Snack ",33,4.9,18,"electric_scooter ",2,"No ","Metropolitian ","Sunny","Jam ",0
"15/02/2022","21:40:00","21:50:00",25,"Snack ",34,4.8,2,"electric_scooter ",2,"No ","Metropolitian ","Sandstorms","Jam ",1
"24/03/2022","21:10:00","21:20:00",28,"Meal ",32,4.5,23,"motorcycle ",1,"No ","Metropolitian ","Stormy","Jam ",1
"26/03/2022","17:55:00","18:10:00",34,"Meal ",37,4.1,5,"scooter ",1,"No ","Metropolitian ","Windy","Medium ",0
"13/03/2022","9:30:00","9:45:00",25,"Snack ",32,4.7,21,"electric_scooter ",2,"No ","Urban ","Windy","Low ",1
"8/03/2022","19:35:00","19:40:00",30,"Snack ",24,4.7,16,"scooter ",2,"No ","Metropolitian ","Fog","Jam ",1
"21/03/2022","16:40:00","16:50:00",24,"Drinks ",28,5,23,"motorcycle ",0,"No ","Metropolitian ","Cloudy","Medium ",0
"26/03/2022","23:55:00","0:10:00",19,"Snack ",25,4.8,15,"scooter ",1,"No ","Urban ","Cloudy","Low ",1
"11/02/2022","18:00:00","18:15:00",25,"Drinks ",20,4.8,3,"scooter ",2,"No ","Metropolitian ","Stormy","Medium ",1
"29/03/2022","22:15:00","22:25:00",29,"Buffet ",38,4.9,3,"motorcycle ",2,"No ","Metropolitian ","Fog","Low ",1
"6/04/2022","18:45:00","19:00:00",24,"Buffet ",30,5,19,"motorcycle ",1,"No ","Urban ","Sandstorms","Medium ",1
"18/02/2022","17:15:00","17:30:00",31,"Snack ",36,4.9,9,"electric_scooter ",2,"No ","Metropolitian ","Sandstorms","Medium ",1
"15/03/2022","9:15:00","9:30:00",29,"Buffet ",36,4.7,16,"electric_scooter ",2,"No ","Metropolitian ","Sandstorms","Low ",1
"15/03/2022","20:20:00","20:35:00",10,"Meal ",21,4.7,21,"motorcycle ",2,"No ","Urban ","Sunny","Jam ",0
"13/02/2022","20:20:00","20:35:00",25,"Snack ",33,4.6,9,"scooter ",2,"No ","Metropolitian ","Stormy","Jam ",1
"13/03/2022","12:50:00","13:05:00",20,"Snack ",38,4.5,19,"scooter ",1,"No ","Metropolitian ","Sunny","High ",0
"4/04/2022","18:50:00","19:00:00",25,"Buffet ",35,4.6,9,"scooter ",1,"No ","Metropolitian ","Windy","Medium ",1
"12/02/2022","17:50:00","18:00:00",21,"Buffet ",30,5,23,"motorcycle ",2,"No ","Urban ","Stormy","Medium ",0
"7/03/2022","15:25:00","15:40:00",26,"Snack ",25,4.9,19,"scooter ",2,"No ","Metropolitian ","Windy","Medium ",1
"21/03/2022","8:50:00","9:00:00",16,"Drinks ",22,4.6,23,"motorcycle ",0,"No ","Metropolitian ","Sunny","Low ",1
"29/03/2022","17:10:00","17:15:00",32,"Snack ",34,5,5,"scooter ",2,"No ","Metropolitian ","Fog","Medium ",0
"26/03/2022","10:25:00","10:30:00",17,"Snack ",31,4.9,18,"scooter ",2,"No ","Urban ","Sunny","Low ",1
"19/03/2022","15:10:00","15:20:00",24,"Drinks ",26,4.9,9,"motorcycle ",0,"No ","Metropolitian ","Fog","Medium ",1
"17/02/2022","18:35:00","18:50:00",17,"Drinks ",35,4.9,19,"scooter ",1,"No ","Urban ","Sunny","Medium ",1
"3/04/2022","17:35:00","17:40:00",18,"Meal ",36,4.9,23,"electric_scooter ",2,"No ","Metropolitian ","Cloudy","Medium ",1
"2/04/2022","18:45:00","18:50:00",27,"Drinks ",26,4.7,18,"scooter ",2,"No ","Urban ","Fog","Medium ",1
"13/02/2022","11:25:00","11:40:00",34,"Buffet ",23,4.8,7,"motorcycle ",0,"No ","Metropolitian ","Stormy","High ",1
"16/03/2022","20:40:00","20:45:00",44,"Meal ",36,4,2,"motorcycle ",0,"No ","Metropolitian ","Sunny","Jam ",3
"26/03/2022","13:00:00","13:10:00",28,"Drinks ",36,4.9,17,"scooter ",2,"No ","Metropolitian ","Windy","High ",0
"12/02/2022","20:35:00","20:40:00",28,"Snack ",36,4.6,4,"motorcycle ",1,"No ","Metropolitian ","Sunny","Jam ",1
"5/03/2022","9:20:00","9:25:00",19,"Snack ",27,4.4,15,"motorcycle ",0,"No ","Metropolitian ","Sunny","Low ",1
"26/03/2022","22:30:00","22:35:00",19,"Meal ",24,4.9,19,"scooter ",1,"No ","Urban ","Windy","Low ",1
"16/02/2022","23:45:00","0:00:00",18,"Buffet ",27,5,8,"scooter ",2,"No ","Metropolitian ","Stormy","Low ",1
"3/04/2022","18:55:00","19:05:00",16,"Snack ",24,4.8,22,"scooter ",2,"No ","Metropolitian ","Fog","Medium ",0
"13/03/2022","12:55:00","13:00:00",24,"Snack ",29,4.6,15,"motorcycle ",0,"No ","Metropolitian ","Fog","High ",1
"11/02/2022","13:15:00","13:25:00",28,"Snack ",25,4.8,6,"motorcycle ",1,"No ","Metropolitian ","Windy","High ",1
"18/02/2022","22:35:00","22:50:00",25,"Buffet ",34,4.9,4,"motorcycle ",2,"No ","Metropolitian ","Sunny","Low ",0
"24/03/2022","15:50:00","15:55:00",29,"Drinks ",33,4.7,5,"motorcycle ",0,"No ","Metropolitian ","Windy","Medium ",1
"31/03/2022","17:50:00","18:00:00",48,"Buffet ",36,4.3,5,"motorcycle ",0,"No ","Metropolitian ","Stormy","Medium ",2
"3/03/2022","15:10:00","15:15:00",17,"Meal ",35,4.7,16,"motorcycle ",2,"No ","Metropolitian ","Stormy","Medium ",1
"11/03/2022","12:55:00","13:10:00",32,"Buffet ",31,4.7,23,"motorcycle ",0,"No ","Metropolitian ","Stormy","High ",1
"27/03/2022","18:15:00","18:20:00",39,"Snack ",25,4.4,3,"scooter ",2,"No ","Metropolitian ","Cloudy","Medium ",1
"7/03/2022","11:30:00","11:35:00",20,"Drinks ",27,4.7,22,"scooter ",1,"No ","Metropolitian ","Fog","High ",1
"6/04/2022","18:40:00","18:55:00",26,"Meal ",22,4.5,3,"scooter ",2,"No ","Metropolitian ","Cloudy","Medium ",1
"1/03/2022","12:00:00","12:10:00",46,"Snack ",22,4.1,18,"motorcycle ",0,"No ","Metropolitian ","Sunny","High ",2
"14/02/2022","21:25:00","21:35:00",33,"Meal ",39,4.4,6,"motorcycle ",0,"No ","Metropolitian ","Sunny","Jam ",1
"9/03/2022","10:15:00","10:30:00",17,"Snack ",27,4.1,5,"motorcycle ",0,"No ","Metropolitian ","Windy","Low ",1
"6/04/2022","21:25:00","21:40:00",20,"Buffet ",22,4.7,17,"scooter ",2,"No ","Urban ","Sunny","Jam ",1
"15/02/2022","19:20:00","19:30:00",27,"Snack ",34,5,9,"motorcycle ",1,"No ","Metropolitian ","Fog","Jam ",1
"4/04/2022","19:50:00","20:00:00",26,"Buffet ",24,4.9,19,"scooter ",2,"No ","Metropolitian ","Sandstorms","Jam ",1
"13/02/2022","16:20:00","16:30:00",34,"Buffet ",34,4.4,3,"scooter ",1,"No ","Urban ","Stormy","Medium ",0
"7/03/2022","20:35:00","20:45:00",31,"Buffet ",30,5,23,"motorcycle ",0,"No ","Metropolitian ","Sunny","Jam ",1
"11/03/2022","15:00:00","15:10:00",23,"Meal ",21,4.9,15,"motorcycle ",1,"No ","Metropolitian ","Cloudy","High ",1
"18/03/2022","19:25:00","19:35:00",31,"Snack ",28,4.6,18,"scooter ",2,"No ","Metropolitian ","Fog","Jam ",1
"6/04/2022","18:45:00","18:50:00",43,"Drinks ",33,4.1,5,"scooter ",2,"No ","Metropolitian ","Cloudy","Medium ",1
"5/03/2022","23:40:00","23:55:00",11,"Snack ",23,4.7,18,"scooter ",2,"No ","Urban ","Sandstorms","Low ",0
"29/03/2022","20:35:00","20:45:00",25,"Drinks ",22,4.8,19,"motorcycle ",0,"No ","Metropolitian ","Sunny","Jam ",1
"11/02/2022","14:45:00","15:00:00",27,"Snack ",38,4.9,8,"scooter ",1,"No ","Metropolitian ","Stormy","High ",1
"17/02/2022","21:35:00","21:40:00",32,"Snack ",37,4.6,15,"scooter ",1,"No ","Urban ","Fog","Jam ",1
"13/02/2022","22:10:00","22:25:00",20,"Drinks ",26,4.5,8,"motorcycle ",0,"No ","Metropolitian ","Stormy","Low ",1
"14/02/2022","23:30:00","23:45:00",20,"Buffet ",30,4.5,8,"scooter ",2,"No ","Metropolitian ","Sunny","Low ",1
"28/03/2022","9:15:00","9:30:00",22,"Drinks ",31,4.9,9,"motorcycle ",1,"No ","Metropolitian ","Windy","Low ",1
"5/03/2022","22:25:00","22:35:00",19,"Meal ",33,4.9,18,"motorcycle ",2,"No ","Metropolitian ","Sunny","Low ",1
"2/03/2022","21:35:00","21:45:00",38,"Snack ",31,4.4,16,"motorcycle ",1,"No ","Metropolitian ","Stormy","Jam ",2
"3/04/2022","11:35:00","11:40:00",16,"Drinks ",28,4.8,19,"motorcycle ",0,"No ","Metropolitian ","Stormy","High ",1
"2/03/2022","19:25:00","19:35:00",41,"Meal ",25,4.6,16,"scooter ",2,"No ","Metropolitian ","Fog","Jam ",0
"13/02/2022","8:25:00","8:40:00",11,"Meal ",29,4.9,3,"scooter ",2,"No ","Metropolitian ","Windy","Low ",0
"14/03/2022","22:40:00","22:50:00",29,"Buffet ",22,4.9,16,"motorcycle ",1,"No ","Urban ","Fog","Low ",0
"2/04/2022","23:15:00","23:20:00",28,"Meal ",37,4.6,21,"motorcycle ",0,"No ","Metropolitian ","Windy","Low ",1
"29/03/2022","22:50:00","23:05:00",21,"Snack ",29,4.9,1,"motorcycle ",0,"No ","Urban ","Cloudy","Low ",0
"31/03/2022","23:15:00","23:25:00",21,"Drinks ",23,4.9,15,"motorcycle ",0,"No ","Metropolitian ","Sunny","Low ",1
"21/03/2022","20:30:00","20:40:00",35,"Buffet ",35,4.3,6,"motorcycle ",0,"No ","Metropolitian ","Windy","Jam ",1
"30/03/2022","22:25:00","22:30:00",16,"Drinks ",38,4.8,5,"motorcycle ",1,"No ","Urban ","Fog","Low ",0
"21/03/2022","10:45:00","11:00:00",19,"Snack ",25,4.8,9,"scooter ",1,"No ","Metropolitian ","Sandstorms","Low ",1
"1/04/2022","10:40:00","10:45:00",15,"Buffet ",24,4.5,21,"scooter ",1,"No ","Metropolitian ","Fog","Low ",1
"4/04/2022","19:40:00","19:50:00",21,"Buffet ",26,4.7,16,"motorcycle ",1,"No ","Metropolitian ","Stormy","Jam ",0
"25/03/2022","21:40:00","21:55:00",27,"Buffet ",39,4.6,19,"motorcycle ",1,"No ","Metropolitian ","Stormy","Jam ",0
"26/03/2022","8:35:00","8:50:00",18,"Drinks ",29,4.9,16,"motorcycle ",1,"No ","Metropolitian ","Fog","Low ",1
"24/03/2022","11:40:00","11:45:00",22,"Meal ",39,4.7,16,"scooter ",1,"No ","Metropolitian ","Sunny","High ",0
"13/03/2022","20:00:00","20:05:00",34,"Snack ",36,4.1,2,"motorcycle ",0,"No ","Metropolitian ","Cloudy","Jam ",2
"10/03/2022","17:30:00","17:35:00",38,"Snack ",38,4.3,23,"scooter ",1,"No ","Metropolitian ","Windy","Medium ",2
"12/03/2022","20:15:00","20:30:00",37,"Meal ",25,4.6,13,"motorcycle ",0,"No ","Metropolitian ","Fog","Jam ",2
"28/03/2022","9:35:00","9:45:00",15,"Buffet ",37,4.6,16,"scooter ",1,"No ","Urban ","Cloudy","Low ",1
"6/04/2022","23:10:00","23:25:00",28,"Snack ",34,4.8,23,"motorcycle ",2,"No ","Metropolitian ","Sunny","Low ",1
"20/03/2022","23:35:00","23:40:00",17,"Buffet ",37,4.8,18,"motorcycle ",1,"No ","Urban ","Stormy","Low ",1
"7/03/2022","10:10:00","10:20:00",22,"Snack ",32,4.8,13,"scooter ",2,"No ","Metropolitian ","Windy","Low ",0
"16/03/2022","21:50:00","22:05:00",25,"Meal ",22,4.8,19,"electric_scooter ",2,"No ","Metropolitian ","Stormy","Jam ",1
"19/03/2022","9:50:00","10:05:00",18,"Meal ",34,4.9,7,"motorcycle ",2,"No ","Metropolitian ","Fog","Low ",1
"1/03/2022","22:20:00","22:35:00",21,"Meal ",29,4.5,18,"motorcycle ",0,"No ","Metropolitian ","Stormy","Low ",0
"10/03/2022","18:20:00","18:30:00",28,"Buffet ",27,4.9,13,"motorcycle ",2,"No ","Metropolitian ","Sandstorms","Medium ",1
"14/02/2022","21:30:00","21:40:00",48,"Drinks ",34,4.2,4,"scooter ",2,"No ","Metropolitian ","Fog","Jam ",1
"5/04/2022","14:30:00","14:45:00",39,"Buffet ",38,4.9,23,"motorcycle ",1,"No ","Metropolitian ","Cloudy","High ",1
"27/03/2022","22:30:00","22:45:00",27,"Meal ",35,5,9,"scooter ",1,"No ","Metropolitian ","Stormy","Low ",1
"30/03/2022","8:35:00","8:40:00",29,"Buffet ",21,4.5,5,"motorcycle ",0,"No ","Metropolitian ","Windy","Low ",1
"27/03/2022","21:55:00","22:00:00",30,"Buffet ",24,4.8,11,"motorcycle ",0,"No ","Metropolitian ","Stormy","Jam ",0
"16/03/2022","21:50:00","21:55:00",41,"Meal ",36,3.6,7,"motorcycle ",1,"No ","Metropolitian ","Sandstorms","Jam ",2
"14/03/2022","21:50:00","22:00:00",27,"Snack ",31,4.7,14,"scooter ",2,"No ","Metropolitian ","Sunny","Jam ",0
"11/02/2022","16:10:00","16:15:00",27,"Snack ",30,4.8,21,"motorcycle ",0,"No ","Urban ","Fog","Medium ",1
"1/04/2022","19:30:00","19:45:00",33,"Meal ",25,4.8,7,"scooter ",2,"No ","Metropolitian ","Fog","Jam ",0
"4/04/2022","17:50:00","17:55:00",32,"Snack ",32,5,15,"motorcycle ",0,"No ","Urban ","Sandstorms","Medium ",0
"9/03/2022","9:45:00","10:00:00",16,"Drinks ",25,5,16,"motorcycle ",1,"No ","Metropolitian ","Windy","Low ",0
"8/03/2022","22:45:00","22:55:00",28,"Buffet ",35,4.6,23,"scooter ",2,"No ","Metropolitian ","Stormy","Low ",0
"20/03/2022","20:35:00","20:45:00",26,"Buffet ",21,4.5,18,"motorcycle ",2,"No ","Metropolitian ","Windy","Jam ",1
"2/04/2022","23:00:00","23:15:00",15,"Buffet ",22,4.7,9,"scooter ",2,"No ","Metropolitian ","Sandstorms","Low ",1
"8/03/2022","18:00:00","18:15:00",27,"Meal ",39,4.6,23,"scooter ",1,"No ","Metropolitian ","Sandstorms","Medium ",0
"2/03/2022","20:20:00","20:25:00",49,"Meal ",32,4.1,6,"motorcycle ",1,"No ","Metropolitian ","Stormy","Jam ",1
"11/03/2022","18:35:00","18:50:00",25,"Buffet ",38,5,17,"motorcycle ",0,"No ","Metropolitian ","Stormy","Medium ",1
"23/03/2022","21:10:00","21:20:00",20,"Meal ",25,5,17,"scooter ",2,"No ","Metropolitian ","Sunny","Jam ",1
"17/02/2022","9:15:00","9:20:00",24,"Buffet ",36,5,4,"motorcycle ",1,"No ","Metropolitian ","Stormy","Low ",1
"7/03/2022","17:30:00","17:45:00",15,"Meal ",20,4.7,22,"motorcycle ",0,"No ","Urban ","Stormy","Medium ",0
"23/03/2022","20:50:00","21:05:00",43,"Snack ",33,4.3,5,"motorcycle ",1,"No ","Metropolitian ","Cloudy","Jam ",2
"6/03/2022","18:30:00","18:35:00",21,"Drinks ",34,4.8,17,"scooter ",1,"No ","Metropolitian ","Stormy","Medium ",1
"1/03/2022","11:50:00","11:55:00",20,"Meal ",20,5,22,"motorcycle ",1,"No ","Metropolitian ","Windy","High ",1
"8/03/2022","19:10:00","19:25:00",21,"Meal ",20,4.9,23,"motorcycle ",1,"No ","Metropolitian ","Windy","Jam ",0
"11/03/2022","20:45:00","20:50:00",16,"Buffet ",31,4.6,23,"scooter ",2,"No ","Metropolitian ","Sunny","Jam ",0
"6/04/2022","18:15:00","18:25:00",10,"Drinks ",21,4.9,23,"scooter ",2,"No ","Urban ","Sunny","Medium ",0
"29/03/2022","21:30:00","21:35:00",41,"Buffet ",33,4.6,13,"motorcycle ",0,"No ","Metropolitian ","Cloudy","Jam ",1
"14/02/2022","19:25:00","19:40:00",25,"Drinks ",20,4.6,3,"motorcycle ",2,"No ","Metropolitian ","Stormy","Jam ",1
"4/03/2022","23:30:00","23:45:00",19,"Snack ",21,4.8,9,"motorcycle ",0,"No ","Metropolitian ","Windy","Low ",0
"21/03/2022","8:50:00","9:00:00",15,"Meal ",21,4.7,12,"scooter ",1,"No ","Metropolitian ","Fog","Low ",0
"2/04/2022","18:10:00","18:20:00",18,"Drinks ",20,4.5,9,"scooter ",1,"No ","Metropolitian ","Windy","Medium ",1
"4/04/2022","20:50:00","21:05:00",15,"Drinks ",25,5,9,"scooter ",2,"No ","Metropolitian ","Sunny","Jam ",1
"13/03/2022","22:40:00","22:50:00",25,"Drinks ",34,4.8,9,"motorcycle ",1,"No ","Metropolitian ","Sandstorms","Low ",0
"5/03/2022","11:25:00","11:30:00",22,"Snack ",23,4.6,23,"motorcycle ",2,"No ","Metropolitian ","Sunny","High ",1
"23/03/2022","22:15:00","22:30:00",29,"Snack ",34,4.6,6,"motorcycle ",1,"No ","Metropolitian ","Cloudy","Low ",1
"17/03/2022","9:30:00","9:45:00",11,"Buffet ",29,4.6,17,"scooter ",1,"No ","Urban ","Stormy","Low ",0
"4/03/2022","0:00:00","0:05:00",27,"Drinks ",32,4.9,18,"motorcycle ",0,"No ","Metropolitian ","Sandstorms","Low ",1
"15/03/2022","20:55:00","21:00:00",30,"Snack ",27,4.5,15,"scooter ",2,"No ","Metropolitian ","Fog","Jam ",1
"7/03/2022","21:10:00","21:25:00",15,"Drinks ",25,4.5,4,"scooter ",1,"No ","Urban ","Stormy","Jam ",1
"5/03/2022","9:15:00","9:20:00",22,"Meal ",34,5,13,"motorcycle ",0,"No ","Metropolitian ","Sunny","Low ",1
"28/03/2022","18:50:00","19:05:00",26,"Buffet ",33,4.6,9,"motorcycle ",1,"No ","Metropolitian ","Stormy","Medium ",0
"27/03/2022","18:30:00","18:35:00",28,"Meal ",31,4.8,18,"motorcycle ",1,"No ","Metropolitian ","Sunny","Medium ",1
"5/04/2022","11:15:00","11:30:00",19,"Snack ",20,4.7,21,"electric_scooter ",2,"No ","Metropolitian ","Sunny","High ",1
"28/03/2022","17:30:00","17:40:00",21,"Snack ",38,5,23,"scooter ",2,"No ","Metropolitian ","Sunny","Medium ",1
"27/03/2022","20:10:00","20:15:00",40,"Meal ",20,4.8,2,"motorcycle ",0,"No ","Metropolitian ","Cloudy","Jam ",1
"10/03/2022","22:15:00","22:25:00",32,"Drinks ",32,3.5,11,"motorcycle ",1,"No ","Metropolitian ","Cloudy","Low ",1
"18/02/2022","17:25:00","17:40:00",33,"Buffet ",33,4.4,6,"motorcycle ",1,"No ","Metropolitian ","Sandstorms","Medium ",1
"3/03/2022","14:35:00","14:45:00",23,"Snack ",35,4.6,15,"motorcycle ",1,"No ","Metropolitian ","Sunny","High ",1
"8/03/2022","19:10:00","19:25:00",35,"Drinks ",22,4.7,22,"motorcycle ",0,"No ","Metropolitian ","Fog","Jam ",1
"27/03/2022","22:30:00","22:40:00",10,"Meal ",26,4.9,23,"motorcycle ",1,"No ","Metropolitian ","Sandstorms","Low ",0
"3/03/2022","8:45:00","8:55:00",20,"Snack ",21,4.9,13,"motorcycle ",2,"No ","Metropolitian ","Sunny","Low ",1
"5/03/2022","19:30:00","19:45:00",37,"Snack ",34,4.7,15,"motorcycle ",2,"No ","Metropolitian ","Fog","Jam ",1
"17/02/2022","14:30:00","14:35:00",33,"Drinks ",32,5,9,"motorcycle ",0,"No ","Metropolitian ","Sandstorms","High ",1
"16/02/2022","22:55:00","23:10:00",22,"Drinks ",21,4.7,8,"motorcycle ",0,"No ","Metropolitian ","Stormy","Low ",0
"2/03/2022","19:25:00","19:35:00",40,"Snack ",34,5,18,"scooter ",1,"No ","Metropolitian ","Fog","Jam ",0
"6/04/2022","17:20:00","17:30:00",41,"Buffet ",36,4.4,3,"motorcycle ",2,"No ","Metropolitian ","Fog","Medium ",1
"2/04/2022","19:55:00","20:05:00",47,"Drinks ",39,4.8,1,"motorcycle ",0,"No ","Metropolitian ","Cloudy","Jam ",3
"7/03/2022","23:20:00","23:25:00",24,"Drinks ",22,4.2,13,"motorcycle ",0,"No ","Metropolitian ","Sandstorms","Low ",1
"25/03/2022","20:30:00","20:35:00",33,"Buffet ",29,4,1,"scooter ",2,"No ","Metropolitian ","Fog","Jam ",1
"3/03/2022","11:40:00","11:45:00",30,"Drinks ",28,4.6,21,"electric_scooter ",2,"No ","Metropolitian ","Fog","High ",1
"26/03/2022","20:40:00","20:55:00",19,"Meal ",23,4.8,23,"scooter ",1,"No ","Urban ","Windy","Jam ",0
"2/03/2022","19:20:00","19:25:00",39,"Meal ",39,4.4,13,"scooter ",1,"No ","Metropolitian ","Stormy","Jam ",1
"26/03/2022","9:25:00","9:35:00",29,"Snack ",32,4.8,2,"scooter ",1,"No ","Metropolitian ","Windy","Low ",0
"3/04/2022","11:20:00","11:25:00",10,"Snack ",28,4.7,16,"motorcycle ",1,"No ","Urban ","Sunny","High ",1
"1/04/2022","19:45:00","20:00:00",14,"Drinks ",28,4.9,22,"scooter ",2,"No ","Metropolitian ","Windy","Jam ",1
"15/03/2022","22:10:00","22:20:00",12,"Meal ",33,4.8,18,"scooter ",2,"No ","Metropolitian ","Sunny","Low ",1
"20/03/2022","20:15:00","20:30:00",22,"Buffet ",24,4.6,23,"motorcycle ",2,"No ","Metropolitian ","Stormy","Jam ",1
"10/03/2022","22:00:00","22:10:00",51,"Buffet ",36,4.3,18,"motorcycle ",0,"No ","Metropolitian ","Sandstorms","Jam ",1
"4/04/2022","20:15:00","20:30:00",53,"Snack ",37,4.8,8,"motorcycle ",0,"Yes ","Metropolitian ","Stormy","Jam ",3
"3/03/2022","9:35:00","9:50:00",18,"Snack ",28,4.8,13,"scooter ",1,"No ","Metropolitian ","Windy","Low ",1
"3/03/2022","8:30:00","8:40:00",23,"Snack ",35,4.5,3,"motorcycle ",0,"No ","Urban ","Fog","Low ",0
"16/03/2022","23:35:00","23:40:00",37,"Buffet ",34,4.3,18,"scooter ",1,"No ","Metropolitian ","Cloudy","Low ",0
"14/03/2022","17:30:00","17:45:00",34,"Buffet ",32,4.2,8,"scooter ",1,"No ","Metropolitian ","Windy","Medium ",1
"26/03/2022","11:25:00","11:30:00",15,"Snack ",20,4.8,15,"motorcycle ",2,"No ","Urban ","Sunny","High ",1
"5/04/2022","18:45:00","18:55:00",25,"Buffet ",21,4.7,18,"scooter ",1,"No ","Metropolitian ","Sandstorms","Medium ",1
"19/03/2022","23:55:00","0:05:00",17,"Snack ",23,4.1,2,"motorcycle ",0,"No ","Metropolitian ","Sandstorms","Low ",1
"3/03/2022","10:55:00","11:10:00",23,"Meal ",27,4.1,11,"motorcycle ",0,"No ","Metropolitian ","Sandstorms","Low ",1
"26/03/2022","16:40:00","16:45:00",14,"Snack ",20,5,9,"motorcycle ",1,"No ","Metropolitian ","Fog","Medium ",1
"1/04/2022","11:00:00","11:10:00",22,"Meal ",35,4.5,21,"motorcycle ",0,"No ","Metropolitian ","Stormy","Low ",0
"10/03/2022","20:25:00","20:35:00",22,"Drinks ",20,4.6,23,"motorcycle ",1,"No ","Metropolitian ","Sunny","Jam ",1
"5/04/2022","10:35:00","10:40:00",22,"Drinks ",31,4.7,19,"scooter ",1,"No ","Metropolitian ","Sandstorms","Low ",1
"12/03/2022","22:30:00","22:40:00",22,"Meal ",31,4.6,16,"scooter ",1,"No ","Metropolitian ","Stormy","Low ",0
"9/03/2022","8:55:00","9:00:00",11,"Snack ",28,4.6,23,"motorcycle ",2,"No ","Metropolitian ","Stormy","Low ",0
"31/03/2022","22:20:00","22:30:00",29,"Drinks ",37,4.9,13,"electric_scooter ",2,"No ","Metropolitian ","Sunny","Low ",1
"4/03/2022","21:30:00","21:45:00",42,"Meal ",35,4,3,"motorcycle ",0,"No ","Urban ","Stormy","Jam ",1
"5/04/2022","11:35:00","11:45:00",29,"Snack ",38,4.6,17,"motorcycle ",0,"No ","Metropolitian ","Sunny","High ",1
"25/03/2022","19:55:00","20:05:00",52,"Drinks ",31,4.5,9,"motorcycle ",0,"No ","Metropolitian ","Fog","Jam ",0
"6/03/2022","20:40:00","20:55:00",30,"Meal ",34,4.7,18,"scooter ",1,"No ","Metropolitian ","Sandstorms","Jam ",1
"1/04/2022","13:25:00","13:40:00",23,"Meal ",29,4.5,22,"motorcycle ",1,"No ","Metropolitian ","Windy","High ",1
"3/03/2022","22:30:00","22:35:00",18,"Meal ",31,5,18,"electric_scooter ",2,"No ","Urban ","Cloudy","Low ",1
"16/03/2022","20:50:00","20:55:00",44,"Snack ",30,4.1,2,"scooter ",2,"No ","Metropolitian ","Sandstorms","Jam ",0
"1/03/2022","16:25:00","16:30:00",21,"Snack ",22,5,4,"scooter ",2,"No ","Metropolitian ","Sandstorms","Medium ",1
"19/03/2022","20:20:00","20:30:00",44,"Drinks ",32,4.1,18,"motorcycle ",0,"No ","Metropolitian ","Windy","Jam ",2
"17/03/2022","22:40:00","22:50:00",11,"Snack ",25,4.7,19,"motorcycle ",1,"No ","Urban ","Fog","Low ",0
"5/03/2022","11:40:00","11:50:00",31,"Drinks ",37,4.7,15,"scooter ",2,"No ","Metropolitian ","Windy","High ",1
"12/03/2022","21:00:00","21:15:00",28,"Buffet ",21,4.7,23,"motorcycle ",2,"No ","Metropolitian ","Sandstorms","Jam ",1
"25/03/2022","17:15:00","17:20:00",27,"Buffet ",23,4.6,17,"motorcycle ",0,"No ","Metropolitian ","Windy","Medium ",1
"6/04/2022","22:00:00","22:15:00",15,"Drinks ",25,4.9,19,"electric_scooter ",2,"No ","Metropolitian ","Stormy","Jam ",0
"18/03/2022","23:55:00","0:00:00",28,"Buffet ",28,4.9,11,"motorcycle ",0,"No ","Metropolitian ","Sunny","Low ",1
"23/03/2022","17:35:00","17:40:00",22,"Buffet ",20,4.8,23,"motorcycle ",1,"No ","Metropolitian ","Sandstorms","Medium ",1
"18/03/2022","19:35:00","19:45:00",27,"Drinks ",35,5,1,"electric_scooter ",2,"No ","Metropolitian ","Windy","Jam ",1
"15/03/2022","23:25:00","23:30:00",28,"Drinks ",37,4.8,22,"motorcycle ",0,"No ","Metropolitian ","Sunny","Low ",1
"4/03/2022","19:35:00","19:40:00",43,"Meal ",26,4.7,23,"motorcycle ",0,"No ","Metropolitian ","Stormy","Jam ",1
"14/02/2022","18:15:00","18:30:00",27,"Drinks ",22,4.6,21,"scooter ",1,"No ","Urban ","Cloudy","Medium ",1
"26/03/2022","22:40:00","22:55:00",14,"Buffet ",22,4.7,21,"scooter ",1,"No ","Urban ","Windy","Low ",1
"11/02/2022","22:40:00","22:45:00",15,"Snack ",28,4.9,15,"scooter ",2,"No ","Urban ","Stormy","Low ",0
"17/02/2022","21:45:00","21:50:00",12,"Drinks ",29,4.6,16,"scooter ",1,"No ","Urban ","Sunny","Jam ",0
"8/03/2022","20:35:00","20:45:00",29,"Drinks ",27,4.8,23,"motorcycle ",0,"No ","Metropolitian ","Sandstorms","Jam ",1
"13/02/2022","12:30:00","12:35:00",26,"Snack ",33,4.7,8,"scooter ",2,"No ","Metropolitian ","Fog","High ",1
"25/03/2022","18:15:00","18:30:00",40,"Buffet ",35,4.5,13,"motorcycle ",0,"No ","Metropolitian ","Cloudy","Medium ",1
"28/03/2022","8:25:00","8:30:00",15,"Buffet ",29,5,22,"motorcycle ",0,"No ","Urban ","Fog","Low ",1
"1/04/2022","20:50:00","20:55:00",14,"Snack ",28,4.7,18,"motorcycle ",2,"No ","Urban ","Windy","Jam ",0
"4/03/2022","22:50:00","23:00:00",23,"Buffet ",28,4.8,16,"scooter ",2,"No ","Metropolitian ","Fog","Low ",0
"1/04/2022","10:35:00","10:50:00",13,"Buffet ",39,4.8,6,"scooter ",1,"No ","Urban ","Sunny","Low ",1
"14/02/2022","19:20:00","19:35:00",41,"Snack ",34,4.3,3,"scooter ",2,"No ","Urban ","Stormy","Jam ",1
"18/03/2022","17:50:00","18:05:00",43,"Meal ",30,4.8,14,"motorcycle ",0,"No ","Metropolitian ","Fog","Medium ",2
"24/03/2022","21:30:00","21:35:00",22,"Meal ",29,4.7,22,"motorcycle ",0,"No ","Urban ","Windy","Jam ",1
"30/03/2022","23:50:00","0:00:00",16,"Snack ",38,4.7,4,"motorcycle ",1,"No ","Urban ","Fog","Low ",1
"6/03/2022","22:45:00","23:00:00",25,"Meal ",39,4.9,16,"electric_scooter ",2,"No ","Metropolitian ","Stormy","Low ",1
"18/03/2022","21:40:00","21:50:00",40,"Snack ",20,5,17,"scooter ",1,"Yes ","Metropolitian ","Fog","Jam ",2
"9/03/2022","10:40:00","10:45:00",15,"Drinks ",32,4.7,22,"scooter ",1,"No ","Metropolitian ","Cloudy","Low ",1
"31/03/2022","20:25:00","20:30:00",21,"Meal ",34,4.9,13,"scooter ",2,"No ","Metropolitian ","Sunny","Jam ",0
"11/03/2022","17:35:00","17:45:00",14,"Meal ",29,4.7,18,"motorcycle ",0,"No ","Metropolitian ","Sandstorms","Medium ",1
"11/03/2022","16:35:00","16:50:00",28,"Meal ",39,4.8,23,"scooter ",2,"No ","Metropolitian ","Windy","Medium ",1
"14/03/2022","23:10:00","23:25:00",44,"Drinks ",32,4,8,"motorcycle ",0,"No ","Metropolitian ","Fog","Low ",1
"13/03/2022","19:15:00","19:25:00",28,"Drinks ",29,4.9,23,"motorcycle ",0,"No ","Metropolitian ","Cloudy","Jam ",0
"24/03/2022","21:00:00","21:15:00",25,"Snack ",29,5,19,"motorcycle ",0,"No ","Urban ","Fog","Jam ",1
"17/03/2022","22:50:00","22:55:00",10,"Snack ",22,4.8,17,"motorcycle ",1,"No ","Urban ","Stormy","Low ",1
"6/03/2022","23:25:00","23:35:00",27,"Buffet ",24,4.5,6,"scooter ",1,"No ","Urban ","Sandstorms","Low ",1
"9/03/2022","21:00:00","21:15:00",29,"Snack ",20,4.5,14,"motorcycle ",1,"No ","Metropolitian ","Fog","Jam ",1
"12/02/2022","17:45:00","17:55:00",35,"Meal ",21,4.2,3,"motorcycle ",0,"No ","Metropolitian ","Sandstorms","Medium ",0
"16/02/2022","20:20:00","20:35:00",35,"Buffet ",28,4.7,7,"motorcycle ",0,"No ","Metropolitian ","Windy","Jam ",0
"14/03/2022","20:20:00","20:30:00",40,"Drinks ",30,3.8,9,"scooter ",2,"No ","Metropolitian ","Sandstorms","Jam ",1
"5/04/2022","16:00:00","16:15:00",34,"Buffet ",34,4.4,3,"scooter ",2,"No ","Metropolitian ","Sandstorms","Medium ",0
"10/03/2022","20:00:00","20:10:00",22,"Buffet ",21,5,22,"motorcycle ",0,"No ","Metropolitian ","Sunny","Jam ",1
"16/03/2022","19:15:00","19:25:00",27,"Drinks ",24,4.8,18,"motorcycle ",1,"No ","Urban ","Stormy","Jam ",1
"6/04/2022","18:40:00","18:55:00",39,"Snack ",26,4.6,19,"motorcycle ",0,"No ","Urban ","Fog","Medium ",2
"18/03/2022","22:15:00","22:30:00",39,"Meal ",34,3.8,19,"scooter ",1,"No ","Metropolitian ","Cloudy","Low ",1
"10/03/2022","23:10:00","23:15:00",24,"Snack ",21,4.7,23,"motorcycle ",0,"No ","Metropolitian ","Windy","Low ",1
"26/03/2022","17:55:00","18:10:00",34,"Meal ",37,4.1,5,"scooter ",1,"No ","Metropolitian ","Windy","Medium ",0
"2/03/2022","19:45:00","19:50:00",28,"Snack ",25,4.6,9,"motorcycle ",0,"No ","Metropolitian ","Windy","Jam ",0
"4/04/2022","17:15:00","17:30:00",16,"Drinks ",23,4.5,23,"scooter ",2,"No ","Urban ","Windy","Medium ",1
"13/03/2022","9:55:00","10:00:00",28,"Snack ",27,4.2,5,"motorcycle ",0,"No ","Urban ","Sandstorms","Low ",1
"8/03/2022","21:00:00","21:05:00",42,"Drinks ",38,4.7,22,"motorcycle ",0,"Yes ","Metropolitian ","Sunny","Jam ",2
"2/04/2022","20:35:00","20:50:00",36,"Drinks ",30,4,15,"motorcycle ",0,"No ","Metropolitian ","Sunny","Jam ",1
"4/04/2022","22:40:00","22:55:00",23,"Meal ",34,4.8,23,"motorcycle ",0,"No ","Metropolitian ","Stormy","Low ",0
"1/04/2022","22:30:00","22:45:00",22,"Drinks ",25,4.8,18,"motorcycle ",1,"No ","Metropolitian ","Sunny","Low ",0
"5/03/2022","20:15:00","20:30:00",31,"Snack ",33,4.2,8,"motorcycle ",1,"No ","Metropolitian ","Stormy","Jam ",0
"3/03/2022","18:20:00","18:35:00",15,"Buffet ",33,4.8,22,"scooter ",1,"No ","Metropolitian ","Sunny","Medium ",1
"18/03/2022","18:10:00","18:15:00",35,"Meal ",35,4.6,19,"motorcycle ",0,"No ","Metropolitian ","Fog","Medium ",1
"12/02/2022","17:25:00","17:30:00",34,"Buffet ",39,4.9,4,"motorcycle ",0,"No ","Metropolitian ","Stormy","Medium ",1
"9/03/2022","19:50:00","19:55:00",41,"Snack ",33,4.2,2,"motorcycle ",0,"No ","Metropolitian ","Windy","Jam ",0
"29/03/2022","22:55:00","23:05:00",11,"Snack ",26,4.9,19,"motorcycle ",2,"No ","Metropolitian ","Stormy","Low ",1
"12/03/2022","22:20:00","22:35:00",25,"Snack ",20,4.5,17,"scooter ",1,"No ","Metropolitian ","Fog","Low ",1
"14/03/2022","20:30:00","20:35:00",38,"Drinks ",25,4.3,6,"scooter ",1,"No ","Urban ","Cloudy","Jam ",1
"16/02/2022","23:15:00","23:25:00",22,"Meal ",33,4.5,9,"motorcycle ",0,"No ","Metropolitian ","Stormy","Low ",1
"23/03/2022","17:20:00","17:30:00",33,"Drinks ",28,5,13,"motorcycle ",0,"No ","Metropolitian ","Windy","Medium ",1
"11/02/2022","22:45:00","22:50:00",19,"Meal ",21,4.9,8,"electric_scooter ",2,"No ","Metropolitian ","Stormy","Low ",1
"14/02/2022","22:15:00","22:20:00",11,"Meal ",29,4.8,17,"scooter ",1,"No ","Urban ","Sandstorms","Low ",0
"2/04/2022","0:00:00","0:10:00",25,"Meal ",30,4.6,23,"motorcycle ",0,"No ","Metropolitian ","Sandstorms","Low ",1
"2/03/2022","18:35:00","18:45:00",34,"Buffet ",33,3.9,1,"scooter ",2,"No ","Urban ","Stormy","Medium ",1
"2/03/2022","0:00:00","0:15:00",28,"Drinks ",38,4.7,17,"motorcycle ",2,"No ","Urban ","Cloudy","Low ",1
"1/03/2022","14:55:00","15:10:00",33,"Meal ",35,4,8,"scooter ",1,"No ","Metropolitian ","Windy","High ",1
"31/03/2022","19:40:00","19:55:00",32,"Drinks ",31,4.5,3,"motorcycle ",1,"No ","Metropolitian ","Windy","Jam ",1
"14/03/2022","20:40:00","20:45:00",29,"Drinks ",26,4.9,16,"scooter ",1,"No ","Metropolitian ","Stormy","Jam ",1
"3/04/2022","20:15:00","20:25:00",35,"Meal ",36,4.7,8,"motorcycle ",0,"No ","Metropolitian ","Stormy","Jam ",0
"20/03/2022","23:50:00","0:00:00",21,"Drinks ",31,4.8,19,"motorcycle ",2,"No ","Metropolitian ","Sandstorms","Low ",0
"15/02/2022","11:40:00","11:55:00",25,"Meal ",28,4.7,8,"scooter ",1,"No ","Metropolitian ","Stormy","High ",0
"5/03/2022","12:55:00","13:10:00",39,"Buffet ",33,4.9,12,"motorcycle ",1,"No ","Metropolitian ","Sunny","High ",1
"3/04/2022","12:10:00","12:15:00",28,"Meal ",23,5,23,"scooter ",2,"No ","Metropolitian ","Sandstorms","High ",1
"15/02/2022","21:10:00","21:20:00",19,"Meal ",28,4.8,3,"motorcycle ",0,"No ","Metropolitian ","Sandstorms","Jam ",0
"17/02/2022","18:25:00","18:40:00",29,"Snack ",30,4.6,6,"motorcycle ",1,"No ","Metropolitian ","Stormy","Medium ",1
"31/03/2022","22:10:00","22:20:00",14,"Drinks ",20,4.8,2,"motorcycle ",1,"No ","Urban ","Stormy","Low ",0
"13/03/2022","18:40:00","18:50:00",30,"Buffet ",31,4.6,19,"motorcycle ",1,"No ","Metropolitian ","Stormy","Medium ",1
"17/03/2022","22:20:00","22:25:00",29,"Drinks ",39,5,13,"motorcycle ",0,"No ","Metropolitian ","Sunny","Low ",1
"16/03/2022","18:35:00","18:40:00",42,"Meal ",35,4.6,17,"motorcycle ",1,"No ","Metropolitian ","Fog","Medium ",1
"28/03/2022","23:15:00","23:25:00",14,"Snack ",20,4.8,13,"scooter ",2,"No ","Metropolitian ","Stormy","Low ",0
"1/04/2022","15:25:00","15:40:00",11,"Drinks ",29,4.6,18,"motorcycle ",1,"No ","Urban ","Sunny","Medium ",0
"14/02/2022","18:35:00","18:40:00",13,"Snack ",22,5,9,"motorcycle ",1,"No ","Metropolitian ","Sunny","Medium ",1
"5/03/2022","9:15:00","9:30:00",12,"Meal ",27,4.8,22,"motorcycle ",1,"No ","Metropolitian ","Stormy","Low ",1
"6/04/2022","18:20:00","18:35:00",27,"Drinks ",26,4.9,23,"motorcycle ",0,"No ","Metropolitian ","Sunny","Medium ",1
"3/04/2022","18:55:00","19:00:00",27,"Snack ",21,4.7,15,"motorcycle ",0,"No ","Urban ","Fog","Medium ",1
"30/03/2022","8:25:00","8:30:00",15,"Meal ",24,4.7,16,"motorcycle ",0,"No ","Metropolitian ","Fog","Low ",1
"19/03/2022","22:25:00","22:40:00",25,"Buffet ",31,4.5,12,"motorcycle ",0,"No ","Metropolitian ","Windy","Low ",0
"30/03/2022","22:15:00","22:30:00",21,"Drinks ",22,4.2,15,"motorcycle ",0,"No ","Metropolitian ","Sandstorms","Low ",0
"17/02/2022","10:00:00","10:15:00",14,"Snack ",20,4.5,7,"scooter ",1,"No ","Metropolitian ","Windy","Low ",1
"15/03/2022","8:30:00","8:45:00",27,"Drinks ",31,4.4,1,"motorcycle ",0,"No ","Urban ","Windy","Low ",1
"1/04/2022","23:40:00","23:55:00",16,"Drinks ",24,4.9,17,"scooter ",2,"No ","Urban ","Sunny","Low ",1
"15/03/2022","22:55:00","23:10:00",13,"Snack ",25,4.7,18,"motorcycle ",1,"No ","Metropolitian ","Windy","Low ",1
"31/03/2022","21:45:00","22:00:00",24,"Meal ",24,4.5,23,"electric_scooter ",2,"No ","Metropolitian ","Stormy","Jam ",0
"15/02/2022","21:00:00","21:05:00",33,"Snack ",33,4.3,6,"scooter ",2,"No ","Metropolitian ","Stormy","Jam ",1
"29/03/2022","22:50:00","22:55:00",21,"Meal ",25,4.8,12,"motorcycle ",0,"No ","Metropolitian ","Cloudy","Low ",0
"24/03/2022","9:10:00","9:20:00",22,"Buffet ",39,4.6,19,"scooter ",1,"No ","Metropolitian ","Stormy","Low ",1
"14/02/2022","23:10:00","23:20:00",27,"Snack ",29,4.7,6,"motorcycle ",1,"No ","Metropolitian ","Stormy","Low ",1
"28/03/2022","11:40:00","11:50:00",30,"Buffet ",36,4.6,3,"motorcycle ",1,"No ","Metropolitian ","Sandstorms","High ",0
"3/04/2022","21:40:00","21:45:00",30,"Buffet ",33,4.6,22,"motorcycle ",0,"No ","Urban ","Fog","Jam ",1
"15/02/2022","16:30:00","16:35:00",34,"Drinks ",34,5,9,"motorcycle ",0,"No ","Metropolitian ","Stormy","Medium ",1
"23/03/2022","21:10:00","21:15:00",20,"Buffet ",28,4.6,23,"scooter ",2,"No ","Metropolitian ","Sandstorms","Jam ",0
"1/03/2022","9:55:00","10:05:00",10,"Drinks ",21,4.8,23,"scooter ",2,"No ","Metropolitian ","Fog","Low ",1
"4/03/2022","19:50:00","19:55:00",27,"Snack ",31,4.6,21,"motorcycle ",2,"No ","Metropolitian ","Stormy","Jam ",0
"20/03/2022","20:15:00","20:25:00",43,"Drinks ",26,4.7,4,"scooter ",2,"No ","Metropolitian ","Cloudy","Jam ",0
"12/03/2022","19:55:00","20:10:00",40,"Snack ",34,5,21,"scooter ",2,"No ","Urban ","Fog","Jam ",1
"28/03/2022","15:20:00","15:35:00",26,"Snack ",29,4.8,12,"motorcycle ",0,"No ","Metropolitian ","Fog","Medium ",1
"9/03/2022","8:35:00","8:50:00",16,"Meal ",22,4.9,21,"scooter ",2,"No ","Metropolitian ","Fog","Low ",0
"4/03/2022","19:30:00","19:35:00",53,"Meal ",34,4,3,"motorcycle ",0,"No ","Metropolitian ","Stormy","Jam ",1
"16/02/2022","19:50:00","19:55:00",46,"Meal ",37,4.2,4,"motorcycle ",1,"No ","Metropolitian ","Stormy","Jam ",2
"17/03/2022","9:15:00","9:20:00",16,"Drinks ",25,4.7,15,"motorcycle ",2,"No ","Urban ","Sandstorms","Low ",0
"1/04/2022","9:55:00","10:10:00",16,"Meal ",27,4.8,3,"scooter ",2,"No ","Urban ","Stormy","Low ",1
"13/03/2022","11:55:00","12:05:00",12,"Meal ",24,5,22,"scooter ",2,"No ","Metropolitian ","Windy","High ",0
"16/03/2022","23:20:00","23:30:00",19,"Drinks ",25,4.7,21,"scooter ",1,"No ","Urban ","Windy","Low ",0
"31/03/2022","23:40:00","23:50:00",16,"Drinks ",22,4.9,21,"motorcycle ",0,"No ","Urban ","Sandstorms","Low ",0
"11/03/2022","21:20:00","21:30:00",26,"Buffet ",22,4.8,15,"motorcycle ",0,"No ","Urban ","Cloudy","Jam ",1
"11/02/2022","10:10:00","10:25:00",27,"Drinks ",35,5,2,"motorcycle ",1,"No ","Metropolitian ","Stormy","Low ",1
"13/03/2022","18:25:00","18:35:00",16,"Buffet ",31,4.7,18,"scooter ",2,"No ","Metropolitian ","Fog","Medium ",1
"30/03/2022","11:20:00","11:30:00",26,"Buffet ",30,4.9,14,"motorcycle ",1,"No ","Metropolitian ","Sandstorms","High ",1
"26/03/2022","23:30:00","23:35:00",20,"Drinks ",35,4.6,23,"motorcycle ",0,"No ","Metropolitian ","Fog","Low ",1
"11/03/2022","15:55:00","16:05:00",23,"Drinks ",28,4.7,23,"scooter ",2,"No ","Metropolitian ","Windy","Medium ",1
"10/03/2022","18:50:00","19:00:00",42,"Buffet ",33,4.5,17,"motorcycle ",0,"No ","Metropolitian ","Cloudy","Medium ",1
"20/03/2022","17:35:00","17:50:00",30,"Snack ",38,4.5,1,"scooter ",1,"No ","Metropolitian ","Stormy","Medium ",1
"16/02/2022","21:30:00","21:45:00",36,"Buffet ",39,4.2,3,"motorcycle ",1,"No ","Urban ","Sandstorms","Jam ",2
"1/04/2022","23:15:00","23:30:00",14,"Snack ",25,4.8,23,"scooter ",1,"No ","Metropolitian ","Stormy","Low ",0
"8/03/2022","19:55:00","20:10:00",43,"Meal ",37,5,12,"electric_scooter ",2,"No ","Metropolitian ","Sunny","Jam ",1
"16/02/2022","23:25:00","23:40:00",19,"Snack ",29,4.6,9,"motorcycle ",1,"No ","Metropolitian ","Sandstorms","Low ",0
"29/03/2022","19:45:00","19:55:00",48,"Meal ",38,4.9,3,"scooter ",2,"No ","Metropolitian ","Cloudy","Jam ",1
"8/03/2022","17:25:00","17:40:00",30,"Meal ",34,4.7,23,"scooter ",2,"No ","Metropolitian ","Sandstorms","Medium ",1
"2/04/2022","19:20:00","19:35:00",49,"Meal ",28,4.7,5,"motorcycle ",0,"Yes ","Metropolitian ","Cloudy","Jam ",1
"20/03/2022","23:35:00","23:50:00",27,"Snack ",39,4.8,13,"motorcycle ",2,"No ","Metropolitian ","Sandstorms","Low ",1
"23/03/2022","23:55:00","0:10:00",17,"Snack ",24,4.6,15,"motorcycle ",0,"No ","Metropolitian ","Sandstorms","Low ",0
"7/03/2022","21:20:00","21:25:00",16,"Buffet ",35,4.6,17,"scooter ",2,"No ","Metropolitian ","Sunny","Jam ",0
"9/03/2022","15:20:00","15:25:00",26,"Drinks ",38,4.7,17,"motorcycle ",0,"No ","Metropolitian ","Sunny","Medium ",1
"13/03/2022","20:00:00","20:15:00",31,"Drinks ",38,4.3,6,"motorcycle ",1,"No ","Urban ","Sandstorms","Jam ",1
"4/04/2022","19:45:00","19:50:00",22,"Buffet ",20,4.6,19,"electric_scooter ",2,"No ","Metropolitian ","Stormy","Jam ",0
"26/03/2022","9:25:00","9:30:00",29,"Drinks ",32,4.8,3,"motorcycle ",0,"No ","Metropolitian ","Sunny","Low ",1
"13/03/2022","9:00:00","9:10:00",19,"Snack ",26,4.9,21,"scooter ",1,"No ","Metropolitian ","Fog","Low ",0
"3/04/2022","13:40:00","13:45:00",21,"Snack ",20,4.6,18,"electric_scooter ",2,"No ","Metropolitian ","Stormy","High ",0
"26/03/2022","22:15:00","22:30:00",15,"Meal ",22,4.6,13,"motorcycle ",1,"No ","Metropolitian ","Windy","Low ",1
"26/03/2022","14:40:00","14:45:00",17,"Drinks ",20,4.7,19,"scooter ",2,"No ","Metropolitian ","Sunny","High ",0
"9/03/2022","17:40:00","17:45:00",29,"Meal ",30,4.7,18,"motorcycle ",0,"No ","Metropolitian ","Sandstorms","Medium ",1
"6/03/2022","22:55:00","23:10:00",23,"Snack ",36,5,13,"motorcycle ",0,"No ","Metropolitian ","Sunny","Low ",0
"14/02/2022","19:25:00","19:30:00",31,"Snack ",28,4.2,6,"motorcycle ",1,"No ","Metropolitian ","Stormy","Jam ",0
"16/02/2022","19:20:00","19:30:00",33,"Buffet ",31,4.5,7,"motorcycle ",1,"No ","Metropolitian ","Windy","Jam ",1
"24/03/2022","20:50:00","21:00:00",22,"Drinks ",26,4.9,18,"scooter ",1,"No ","Urban ","Sandstorms","Jam ",1
"3/04/2022","11:20:00","11:25:00",35,"Drinks ",34,4.4,15,"motorcycle ",1,"No ","Metropolitian ","Cloudy","High ",0
"14/02/2022","19:55:00","20:00:00",27,"Snack ",24,4.8,5,"scooter ",1,"No ","Metropolitian ","Stormy","Jam ",0
"9/03/2022","9:10:00","9:20:00",15,"Drinks ",28,4.9,18,"motorcycle ",2,"No ","Urban ","Stormy","Low ",1
"19/03/2022","17:15:00","17:30:00",33,"Snack ",33,4.7,17,"motorcycle ",0,"No ","Metropolitian ","Sandstorms","Medium ",1
"26/03/2022","11:35:00","11:45:00",27,"Meal ",32,4.6,18,"motorcycle ",0,"No ","Metropolitian ","Sunny","High ",1
"23/03/2022","20:20:00","20:25:00",44,"Snack ",39,3.8,1,"motorcycle ",1,"No ","Metropolitian ","Windy","Jam ",2
"2/03/2022","19:10:00","19:20:00",40,"Drinks ",34,4.2,7,"scooter ",1,"No ","Metropolitian ","Stormy","Jam ",2
"12/02/2022","19:30:00","19:35:00",27,"Snack ",30,4.8,6,"motorcycle ",1,"No ","Metropolitian ","Stormy","Jam ",0
"18/03/2022","22:20:00","22:30:00",17,"Meal ",27,4.7,17,"motorcycle ",0,"No ","Urban ","Stormy","Low ",0
"20/03/2022","19:00:00","19:15:00",32,"Meal ",36,4.3,6,"scooter ",1,"No ","Urban ","Stormy","Medium ",1
"21/03/2022","9:10:00","9:25:00",13,"Drinks ",23,4.9,21,"scooter ",1,"No ","Metropolitian ","Cloudy","Low ",1
"14/02/2022","17:35:00","17:45:00",32,"Meal ",26,4.8,6,"motorcycle ",0,"No ","Metropolitian ","Fog","Medium ",1
"12/03/2022","19:20:00","19:25:00",40,"Meal ",32,4.7,14,"motorcycle ",0,"No ","Metropolitian ","Sandstorms","Jam ",1
"20/03/2022","21:40:00","21:50:00",20,"Meal ",22,4.9,21,"motorcycle ",1,"No ","Urban ","Sandstorms","Jam ",1
"30/03/2022","18:40:00","18:45:00",12,"Meal ",26,4.6,15,"scooter ",1,"No ","Metropolitian ","Sunny","Medium ",1
"9/03/2022","18:10:00","18:20:00",28,"Meal ",23,4.8,21,"motorcycle ",0,"No ","Metropolitian ","Sandstorms","Medium ",1
"1/03/2022","23:50:00","0:00:00",18,"Drinks ",31,4.7,18,"scooter ",1,"No ","Urban ","Cloudy","Low ",1
"29/03/2022","19:40:00","19:55:00",41,"Meal ",37,3.8,6,"scooter ",2,"No ","Metropolitian ","Sandstorms","Jam ",0
"25/03/2022","20:15:00","20:30:00",25,"Meal ",21,4.5,2,"scooter ",2,"No ","Urban ","Stormy","Jam ",1
"6/04/2022","18:55:00","19:00:00",19,"Meal ",22,4.6,22,"motorcycle ",2,"No ","Metropolitian ","Sunny","Medium ",1
"13/02/2022","22:55:00","23:00:00",28,"Meal ",35,4.7,3,"motorcycle ",0,"No ","Metropolitian ","Stormy","Low ",0
"12/02/2022","18:00:00","18:15:00",30,"Buffet ",31,4.5,3,"scooter ",2,"No ","Metropolitian ","Windy","Medium ",1
"28/03/2022","21:00:00","21:10:00",32,"Snack ",36,4,3,"scooter ",2,"No ","Metropolitian ","Stormy","Jam ",1
"26/03/2022","13:00:00","13:05:00",19,"Buffet ",33,4.8,9,"motorcycle ",1,"No ","Metropolitian ","Sunny","High ",1
"15/03/2022","11:55:00","12:10:00",34,"Drinks ",34,4.7,14,"electric_scooter ",2,"No ","Metropolitian ","Stormy","High ",1
"5/03/2022","23:10:00","23:25:00",33,"Meal ",30,4.3,16,"motorcycle ",0,"No ","Metropolitian ","Sunny","Low ",1
"18/02/2022","22:25:00","22:30:00",20,"Buffet ",35,4.9,7,"scooter ",2,"No ","Metropolitian ","Fog","Low ",1
"13/02/2022","18:10:00","18:25:00",12,"Drinks ",29,4.6,6,"motorcycle ",0,"No ","Metropolitian ","Sandstorms","Medium ",0
"18/03/2022","23:25:00","23:40:00",25,"Meal ",24,4.9,11,"motorcycle ",0,"No ","Metropolitian ","Sunny","Low ",0
"13/03/2022","19:15:00","19:30:00",42,"Snack ",36,4,3,"motorcycle ",0,"Yes ","Metropolitian ","Sandstorms","Jam ",0
"13/02/2022","9:00:00","9:05:00",26,"Meal ",31,4.1,13,"motorcycle ",0,"No ","Metropolitian ","Sandstorms","Low ",1
"19/03/2022","19:55:00","20:05:00",15,"Meal ",23,4.8,4,"electric_scooter ",2,"No ","Metropolitian ","Sunny","Jam ",1
"12/03/2022","17:15:00","17:25:00",30,"Meal ",22,4.6,19,"motorcycle ",0,"No ","Metropolitian ","Stormy","Medium ",1
"13/02/2022","20:50:00","20:55:00",23,"Snack ",26,4.8,16,"motorcycle ",0,"No ","Urban ","Fog","Jam ",0
"15/03/2022","9:15:00","9:30:00",26,"Buffet ",23,4.1,4,"motorcycle ",0,"No ","Metropolitian ","Windy","Low ",1
"4/03/2022","19:40:00","19:50:00",26,"Snack ",22,4.7,17,"scooter ",2,"No ","Urban ","Stormy","Jam ",1
"27/03/2022","20:00:00","20:10:00",17,"Drinks ",26,4.8,16,"motorcycle ",1,"No ","Metropolitian ","Stormy","Jam ",0
"9/03/2022","20:00:00","20:15:00",32,"Drinks ",37,4.4,15,"scooter ",1,"No ","Metropolitian ","Stormy","Jam ",1
"14/02/2022","19:25:00","19:30:00",39,"Buffet ",37,3.9,14,"scooter ",2,"No ","Metropolitian ","Sandstorms","Jam ",1
"15/02/2022","14:55:00","15:10:00",31,"Meal ",36,4.3,7,"scooter ",1,"No ","Metropolitian ","Windy","High ",0
"6/04/2022","22:15:00","22:20:00",23,"Snack ",37,5,19,"motorcycle ",0,"No ","Urban ","Sandstorms","Low ",1
"27/03/2022","18:20:00","18:25:00",20,"Meal ",25,4.7,23,"motorcycle ",0,"No ","Urban ","Stormy","Medium ",0
"15/03/2022","9:55:00","10:05:00",14,"Drinks ",29,4.7,21,"scooter ",2,"No ","Metropolitian ","Cloudy","Low ",0
"9/03/2022","9:55:00","10:10:00",23,"Buffet ",37,4.7,16,"motorcycle ",0,"No ","Urban ","Stormy","Low ",1
"4/04/2022","20:40:00","20:55:00",26,"Buffet ",27,4.9,19,"motorcycle ",1,"No ","Metropolitian ","Windy","Jam ",1
"10/03/2022","20:55:00","21:00:00",21,"Drinks ",21,4.7,9,"motorcycle ",1,"No ","Metropolitian ","Sandstorms","Jam ",0
"5/03/2022","22:50:00","22:55:00",15,"Meal ",27,4.8,23,"motorcycle ",0,"No ","Urban ","Stormy","Low ",0
"10/03/2022","17:20:00","17:35:00",32,"Buffet ",35,5,13,"scooter ",2,"No ","Metropolitian ","Cloudy","Medium ",1
"17/03/2022","23:30:00","23:45:00",19,"Meal ",39,4.9,16,"motorcycle ",2,"No ","Metropolitian ","Sunny","Low ",1
"20/03/2022","20:30:00","20:45:00",48,"Drinks ",36,4.4,5,"motorcycle ",0,"Yes ","Metropolitian ","Stormy","Jam ",1
"15/02/2022","22:00:00","22:05:00",20,"Meal ",26,4.8,4,"motorcycle ",2,"No ","Metropolitian ","Sandstorms","Jam ",1
"5/03/2022","23:35:00","23:45:00",27,"Drinks ",35,4.5,22,"scooter ",2,"No ","Metropolitian ","Stormy","Low ",0
"18/02/2022","23:00:00","23:05:00",26,"Snack ",22,4.8,2,"electric_scooter ",2,"No ","Metropolitian ","Stormy","Low ",0
"4/03/2022","23:25:00","23:40:00",38,"Snack ",39,3.6,3,"scooter ",2,"No ","Metropolitian ","Stormy","Low ",2
"24/03/2022","11:35:00","11:50:00",15,"Buffet ",20,4.8,19,"motorcycle ",0,"No ","Urban ","Windy","High ",1
"9/03/2022","20:00:00","20:15:00",21,"Drinks ",24,5,14,"scooter ",1,"No ","Metropolitian ","Cloudy","Jam ",0
"10/03/2022","20:45:00","21:00:00",39,"Meal ",27,5,14,"scooter ",2,"No ","Metropolitian ","Fog","Jam ",2
"2/04/2022","23:20:00","23:35:00",36,"Meal ",36,4.3,6,"motorcycle ",0,"No ","Metropolitian ","Cloudy","Low ",1
"19/03/2022","14:45:00","14:50:00",23,"Buffet ",36,4.8,8,"scooter ",2,"No ","Metropolitian ","Sunny","High ",1
"11/02/2022","10:35:00","10:45:00",30,"Drinks ",31,4.4,7,"motorcycle ",0,"No ","Metropolitian ","Sandstorms","Low ",0
"17/02/2022","9:25:00","9:40:00",16,"Drinks ",21,4.6,19,"scooter ",2,"No ","Urban ","Sandstorms","Low ",1
"17/02/2022","9:55:00","10:10:00",13,"Meal ",25,4.5,3,"electric_scooter ",2,"No ","Urban ","Sandstorms","Low ",0
"4/03/2022","22:50:00","23:00:00",23,"Buffet ",28,4.8,16,"scooter ",2,"No ","Metropolitian ","Fog","Low ",0
"16/02/2022","19:35:00","19:45:00",49,"Drinks ",28,4.7,22,"motorcycle ",0,"Yes ","Semi-Urban ","Cloudy","Jam ",1
"6/03/2022","20:15:00","20:25:00",27,"Snack ",35,4.7,23,"scooter ",2,"No ","Metropolitian ","Windy","Jam ",1
"17/03/2022","23:40:00","23:50:00",15,"Snack ",36,4.7,16,"scooter ",1,"No ","Metropolitian ","Sunny","Low ",1
"31/03/2022","22:50:00","23:05:00",24,"Snack ",25,5,22,"motorcycle ",0,"No ","Metropolitian ","Sandstorms","Low ",1
"3/03/2022","9:30:00","9:45:00",20,"Snack ",32,4.9,16,"motorcycle ",0,"No ","Urban ","Cloudy","Low ",0
"15/03/2022","19:00:00","19:05:00",16,"Buffet ",36,4.6,21,"motorcycle ",2,"No ","Metropolitian ","Fog","Medium ",0
"16/03/2022","20:15:00","20:20:00",17,"Snack ",20,4.7,23,"scooter ",1,"No ","Urban ","Sandstorms","Jam ",0
"30/03/2022","22:15:00","22:20:00",17,"Buffet ",31,4.7,13,"scooter ",2,"No ","Metropolitian ","Sunny","Low ",0
"9/03/2022","9:45:00","9:55:00",13,"Snack ",22,4.8,17,"scooter ",1,"No ","Metropolitian ","Fog","Low ",0
"3/03/2022","0:00:00","0:10:00",20,"Snack ",39,4.2,8,"motorcycle ",0,"No ","Metropolitian ","Sandstorms","Low ",0
"30/03/2022","9:55:00","10:00:00",23,"Drinks ",28,4.5,16,"motorcycle ",0,"No ","Metropolitian ","Windy","Low ",1
"4/03/2022","19:35:00","19:40:00",42,"Snack ",34,4.7,12,"motorcycle ",0,"No ","Metropolitian ","Fog","Jam ",2
"12/02/2022","17:25:00","17:35:00",39,"Drinks ",20,4.9,9,"motorcycle ",0,"No ","Metropolitian ","Stormy","Medium ",1
"19/03/2022","12:35:00","12:45:00",28,"Drinks ",34,4.7,3,"electric_scooter ",2,"No ","Metropolitian ","Windy","High ",1
"1/04/2022","19:45:00","20:00:00",14,"Drinks ",28,4.9,22,"scooter ",2,"No ","Metropolitian ","Windy","Jam ",1
"19/03/2022","11:55:00","12:05:00",30,"Drinks ",37,5,22,"motorcycle ",1,"No ","Metropolitian ","Stormy","High ",1
"18/03/2022","20:45:00","20:55:00",31,"Meal ",39,3.6,17,"scooter ",2,"No ","Metropolitian ","Sandstorms","Jam ",0
"1/04/2022","12:30:00","12:45:00",28,"Snack ",39,4.8,19,"motorcycle ",0,"No ","Metropolitian ","Cloudy","High ",1
"9/03/2022","15:45:00","15:55:00",14,"Drinks ",24,4.8,15,"scooter ",2,"No ","Urban ","Cloudy","Medium ",0
"3/04/2022","8:50:00","8:55:00",24,"Meal ",30,4.4,9,"motorcycle ",0,"No ","Metropolitian ","Sandstorms","Low ",1
"3/04/2022","21:50:00","21:55:00",27,"Buffet ",38,4.9,15,"electric_scooter ",2,"No ","Urban ","Stormy","Jam ",1
"2/04/2022","18:40:00","18:45:00",28,"Meal ",28,4.8,23,"motorcycle ",1,"No ","Metropolitian ","Sandstorms","Medium ",1
"15/02/2022","11:20:00","11:30:00",25,"Drinks ",27,4.8,18,"scooter ",1,"No ","Urban ","Cloudy","High ",1
"30/03/2022","8:55:00","9:00:00",22,"Snack ",20,4.5,16,"motorcycle ",0,"No ","Metropolitian ","Stormy","Low ",1
"17/03/2022","18:30:00","18:40:00",19,"Drinks ",31,4.9,5,"electric_scooter ",2,"No ","Metropolitian ","Cloudy","Medium ",0
"20/03/2022","22:50:00","22:55:00",20,"Drinks ",25,4.8,17,"scooter ",2,"No ","Metropolitian ","Cloudy","Low ",0
"8/03/2022","21:10:00","21:20:00",36,"Buffet ",20,4.7,23,"motorcycle ",1,"No ","Metropolitian ","Fog","Jam ",2
"13/02/2022","11:45:00","11:55:00",21,"Meal ",21,4.7,3,"motorcycle ",1,"No ","Metropolitian ","Fog","High ",1
"6/04/2022","19:10:00","19:15:00",34,"Drinks ",33,3.5,6,"scooter ",1,"No ","Metropolitian ","Sunny","Jam ",1
"5/04/2022","0:00:00","0:10:00",19,"Buffet ",20,5,17,"scooter ",1,"No ","Metropolitian ","Sunny","Low ",1
"17/03/2022","8:45:00","9:00:00",23,"Meal ",23,4.2,1,"motorcycle ",0,"No ","Urban ","Windy","Low ",1
"21/03/2022","13:20:00","13:30:00",11,"Snack ",25,4.6,14,"scooter ",1,"No ","Metropolitian ","Windy","High ",1
"1/04/2022","18:55:00","19:00:00",29,"Drinks ",36,4.7,9,"scooter ",1,"No ","Metropolitian ","Windy","Medium ",0
"15/02/2022","19:30:00","19:45:00",30,"Snack ",29,4.7,6,"motorcycle ",1,"No ","Metropolitian ","Stormy","Jam ",1
"15/03/2022","18:15:00","18:25:00",26,"Buffet ",31,4.5,9,"motorcycle ",2,"No ","Metropolitian ","Windy","Medium ",1
"16/03/2022","22:25:00","22:30:00",11,"Meal ",24,4.6,17,"electric_scooter ",2,"No ","Urban ","Sandstorms","Low ",1
"3/03/2022","22:10:00","22:15:00",16,"Snack ",26,4.8,19,"motorcycle ",2,"No ","Metropolitian ","Sandstorms","Low ",0
"2/03/2022","20:55:00","21:10:00",31,"Meal ",28,4.1,3,"motorcycle ",0,"No ","Metropolitian ","Windy","Jam ",1
"20/03/2022","18:35:00","18:50:00",32,"Meal ",24,4.7,3,"scooter ",2,"No ","Metropolitian ","Fog","Medium ",1
"2/04/2022","18:50:00","19:05:00",27,"Drinks ",20,5,23,"motorcycle ",1,"No ","Metropolitian ","Cloudy","Medium ",1
"7/03/2022","23:30:00","23:45:00",19,"Drinks ",34,4.9,16,"motorcycle ",1,"No ","Metropolitian ","Fog","Low ",0
"26/03/2022","17:50:00","18:05:00",22,"Snack ",26,4.8,22,"motorcycle ",0,"No ","Urban ","Cloudy","Medium ",1
"10/03/2022","17:10:00","17:15:00",18,"Buffet ",21,4.5,22,"motorcycle ",2,"No ","Metropolitian ","Sandstorms","Medium ",1
"2/03/2022","22:35:00","22:50:00",32,"Snack ",39,3.5,3,"scooter ",2,"No ","Urban ","Cloudy","Low ",1
"6/03/2022","21:50:00","21:55:00",40,"Meal ",36,4.6,15,"electric_scooter ",2,"No ","Metropolitian ","Sunny","Jam ",1
"6/04/2022","18:55:00","19:05:00",32,"Snack ",21,4.3,18,"motorcycle ",0,"No ","Urban ","Sandstorms","Medium ",1
"13/03/2022","8:20:00","8:30:00",19,"Buffet ",34,4.7,18,"scooter ",2,"No ","Metropolitian ","Fog","Low ",0
"26/03/2022","9:50:00","10:05:00",14,"Meal ",25,4.9,23,"scooter ",1,"No ","Urban ","Cloudy","Low ",0
"30/03/2022","22:10:00","22:20:00",18,"Buffet ",27,4.6,14,"scooter ",1,"No ","Metropolitian ","Fog","Low ",1
"14/03/2022","19:20:00","19:35:00",19,"Buffet ",25,4.7,17,"scooter ",2,"No ","Metropolitian ","Sandstorms","Jam ",1
"7/03/2022","11:20:00","11:25:00",22,"Snack ",25,4.9,18,"electric_scooter ",2,"No ","Urban ","Sandstorms","High ",1
"15/02/2022","17:40:00","17:50:00",15,"Meal ",27,4.6,5,"scooter ",1,"No ","Metropolitian ","Fog","Medium ",0
"6/03/2022","18:35:00","18:40:00",14,"Snack ",29,4.6,22,"scooter ",1,"No ","Urban ","Stormy","Medium ",1
"21/03/2022","11:30:00","11:45:00",39,"Buffet ",33,4.3,13,"motorcycle ",0,"No ","Metropolitian ","Sandstorms","High ",1
"3/03/2022","22:15:00","22:30:00",16,"Meal ",25,4.7,23,"motorcycle ",0,"No ","Urban ","Fog","Low ",1
"27/03/2022","20:10:00","20:25:00",54,"Meal ",31,4.9,15,"motorcycle ",0,"No ","Semi-Urban ","Cloudy","Jam ",1
"7/03/2022","12:50:00","13:05:00",30,"Snack ",35,4.9,13,"motorcycle ",2,"No ","Metropolitian ","Windy","High ",1
"25/03/2022","22:55:00","23:10:00",27,"Snack ",36,5,12,"scooter ",2,"No ","Metropolitian ","Windy","Low ",0
"10/03/2022","21:15:00","21:30:00",36,"Snack ",29,4.8,19,"motorcycle ",0,"No ","Metropolitian ","Cloudy","Jam ",1
"24/03/2022","22:35:00","22:40:00",15,"Drinks ",20,4.6,16,"electric_scooter ",2,"No ","Urban ","Fog","Low ",0
"1/04/2022","12:10:00","12:20:00",30,"Meal ",31,5,12,"scooter ",2,"No ","Metropolitian ","Sandstorms","High ",1
"27/03/2022","17:45:00","18:00:00",21,"Snack ",37,5,19,"scooter ",2,"No ","Urban ","Stormy","Medium ",0
"8/03/2022","20:55:00","21:10:00",32,"Drinks ",31,4.5,21,"scooter ",1,"No ","Metropolitian ","Stormy","Jam ",1
"27/03/2022","22:55:00","23:05:00",23,"Buffet ",29,4.9,16,"motorcycle ",0,"No ","Metropolitian ","Fog","Low ",0
"25/03/2022","23:10:00","23:15:00",20,"Drinks ",34,4.9,9,"motorcycle ",2,"No ","Metropolitian ","Windy","Low ",1
"28/03/2022","11:40:00","11:45:00",12,"Buffet ",29,4.9,13,"scooter ",1,"No ","Metropolitian ","Sunny","High ",0
"1/03/2022","23:20:00","23:30:00",16,"Snack ",22,4.2,4,"motorcycle ",0,"No ","Urban ","Stormy","Low ",1
"17/03/2022","11:40:00","11:45:00",32,"Buffet ",37,4.1,23,"motorcycle ",1,"No ","Metropolitian ","Cloudy","High ",1
"15/03/2022","9:25:00","9:35:00",29,"Meal ",30,4.7,23,"motorcycle ",0,"No ","Urban ","Sunny","Low ",0
"21/03/2022","10:25:00","10:40:00",19,"Drinks ",21,4.6,16,"motorcycle ",0,"No ","Urban ","Sunny","Low ",0
"1/03/2022","11:35:00","11:40:00",30,"Snack ",32,4.8,22,"motorcycle ",0,"No ","Metropolitian ","Windy","High ",1
"15/03/2022","9:30:00","9:45:00",23,"Drinks ",37,4,2,"motorcycle ",0,"No ","Urban ","Sandstorms","Low ",0
"11/03/2022","10:35:00","10:40:00",26,"Drinks ",38,4.7,22,"electric_scooter ",2,"No ","Metropolitian ","Stormy","Low ",1
"2/03/2022","20:00:00","20:05:00",33,"Meal ",21,4.3,13,"motorcycle ",0,"No ","Metropolitian ","Sandstorms","Jam ",0
"14/02/2022","17:30:00","17:45:00",27,"Snack ",33,4.8,4,"scooter ",2,"No ","Metropolitian ","Sunny","Medium ",0
"25/03/2022","19:15:00","19:25:00",41,"Meal ",35,4.2,8,"motorcycle ",1,"No ","Metropolitian ","Stormy","Jam ",1
"2/04/2022","18:40:00","18:50:00",43,"Buffet ",35,4.3,8,"electric_scooter ",2,"No ","Metropolitian ","Fog","Medium ",2
"15/02/2022","19:25:00","19:30:00",11,"Meal ",20,4.9,22,"scooter ",2,"No ","Urban ","Sunny","Jam ",0
"3/04/2022","15:45:00","15:50:00",15,"Drinks ",28,4.5,17,"electric_scooter ",2,"No ","Urban ","Cloudy","Medium ",1
"17/02/2022","18:20:00","18:35:00",31,"Snack ",37,4.1,10,"motorcycle ",0,"No ","Metropolitian ","Stormy","Medium ",1
"3/03/2022","18:20:00","18:35:00",32,"Meal ",34,4.6,21,"motorcycle ",0,"No ","Metropolitian ","Stormy","Medium ",1
"6/03/2022","22:30:00","22:35:00",12,"Buffet ",26,4.8,18,"scooter ",1,"No ","Metropolitian ","Sandstorms","Low ",1
"6/03/2022","20:40:00","20:55:00",40,"Snack ",34,4.1,3,"motorcycle ",2,"No ","Urban ","Stormy","Jam ",1
"21/03/2022","12:55:00","13:00:00",27,"Buffet ",28,4.8,17,"motorcycle ",2,"No ","Metropolitian ","Sandstorms","High ",1
"4/04/2022","19:25:00","19:40:00",24,"Buffet ",21,4.8,22,"electric_scooter ",2,"No ","Urban ","Stormy","Jam ",1
"25/03/2022","18:25:00","18:35:00",20,"Buffet ",32,4.5,23,"scooter ",1,"No ","Metropolitian ","Sandstorms","Medium ",1
"27/03/2022","21:15:00","21:20:00",36,"Buffet ",39,3.9,9,"electric_scooter ",2,"No ","Metropolitian ","Sandstorms","Jam ",2
"5/04/2022","23:20:00","23:25:00",24,"Snack ",31,4.5,3,"motorcycle ",0,"No ","Metropolitian ","Sandstorms","Low ",1
"29/03/2022","18:45:00","18:55:00",16,"Meal ",26,4.5,17,"motorcycle ",1,"No ","Metropolitian ","Sunny","Medium ",0
"3/04/2022","21:15:00","21:30:00",11,"Snack ",29,4.8,19,"motorcycle ",1,"No ","Urban ","Sunny","Jam ",1
"8/03/2022","23:50:00","23:55:00",26,"Meal ",21,5,23,"motorcycle ",0,"No ","Metropolitian ","Sunny","Low ",1
"9/03/2022","9:30:00","9:45:00",20,"Snack ",26,4.7,13,"motorcycle ",0,"No ","Metropolitian ","Cloudy","Low ",0
"19/03/2022","9:45:00","9:50:00",20,"Buffet ",32,4,6,"motorcycle ",0,"No ","Metropolitian ","Sandstorms","Low ",1
"12/02/2022","21:10:00","21:15:00",42,"Meal ",39,4.7,6,"motorcycle ",1,"No ","Metropolitian ","Fog","Jam ",1
"5/04/2022","11:00:00","11:05:00",17,"Meal ",23,4.6,22,"scooter ",2,"No ","Metropolitian ","Sandstorms","Low ",1
"2/04/2022","20:00:00","20:10:00",37,"Buffet ",29,4.2,13,"scooter ",1,"No ","Metropolitian ","Fog","Jam ",1
"13/02/2022","8:55:00","9:00:00",33,"Buffet ",31,4.1,17,"motorcycle ",0,"No ","Metropolitian ","Windy","Low ",1
"30/03/2022","13:00:00","13:15:00",18,"Buffet ",21,4.8,22,"motorcycle ",1,"No ","Metropolitian ","Windy","High ",1
"19/03/2022","10:00:00","10:15:00",13,"Buffet ",21,4.7,22,"scooter ",2,"No ","Urban ","Windy","Low ",0
"3/04/2022","12:35:00","12:50:00",33,"Drinks ",26,4.3,15,"scooter ",2,"No ","Metropolitian ","Fog","High ",1
"5/04/2022","19:25:00","19:30:00",33,"Buffet ",39,4.1,1,"scooter ",1,"No ","Metropolitian ","Sandstorms","Jam ",1
"5/03/2022","23:00:00","23:05:00",19,"Buffet ",22,4.6,13,"motorcycle ",1,"No ","Metropolitian ","Windy","Low ",1
"16/02/2022","22:40:00","22:55:00",28,"Buffet ",39,4.8,6,"scooter ",1,"No ","Metropolitian ","Windy","Low ",1
"13/03/2022","8:30:00","8:45:00",25,"Buffet ",36,4.5,16,"scooter ",1,"No ","Metropolitian ","Sandstorms","Low ",1
"20/03/2022","19:45:00","19:55:00",36,"Buffet ",29,4.6,1,"motorcycle ",0,"No ","Metropolitian ","Fog","Jam ",1
"15/02/2022","23:50:00","0:05:00",30,"Meal ",34,4.1,19,"motorcycle ",0,"No ","Metropolitian ","Windy","Low ",1
"2/04/2022","17:45:00","17:50:00",33,"Buffet ",36,4.6,16,"motorcycle ",0,"No ","Urban ","Stormy","Medium ",1
"18/03/2022","21:55:00","22:10:00",31,"Meal ",22,4.1,16,"motorcycle ",0,"No ","Metropolitian ","Stormy","Jam ",0
"28/03/2022","21:40:00","21:55:00",44,"Meal ",38,4.8,3,"motorcycle ",0,"No ","Metropolitian ","Sandstorms","Jam ",3
"3/04/2022","11:40:00","11:55:00",37,"Drinks ",28,4.3,14,"motorcycle ",0,"No ","Metropolitian ","Stormy","High ",0
"17/02/2022","8:20:00","8:25:00",20,"Snack ",33,4.8,2,"scooter ",2,"No ","Metropolitian ","Stormy","Low ",1
"17/03/2022","20:25:00","20:40:00",29,"Buffet ",39,4.5,18,"scooter ",2,"No ","Metropolitian ","Windy","Jam ",1
"28/03/2022","11:25:00","11:35:00",17,"Meal ",21,4.8,16,"electric_scooter ",2,"No ","Metropolitian ","Sandstorms","High ",1
"1/03/2022","9:50:00","9:55:00",11,"Drinks ",20,5,15,"motorcycle ",1,"No ","Metropolitian ","Sandstorms","Low ",0
"20/03/2022","22:20:00","22:30:00",42,"Meal ",39,4.2,1,"motorcycle ",0,"No ","Metropolitian ","Fog","Low ",1
"24/03/2022","19:50:00","20:00:00",25,"Snack ",31,4.5,23,"electric_scooter ",2,"No ","Metropolitian ","Cloudy","Jam ",1
"10/03/2022","23:35:00","23:40:00",34,"Meal ",34,3.3,3,"motorcycle ",0,"No ","Metropolitian ","Sunny","Low ",1
"26/03/2022","20:30:00","20:35:00",23,"Meal ",26,4.6,12,"scooter ",2,"No ","Metropolitian ","Cloudy","Jam ",1
"1/03/2022","22:20:00","22:35:00",21,"Meal ",38,4.5,18,"motorcycle ",0,"No ","Metropolitian ","Windy","Low ",1
"3/03/2022","22:45:00","22:55:00",19,"Buffet ",23,4.8,19,"motorcycle ",0,"No ","Metropolitian ","Sunny","Low ",0
"20/03/2022","17:35:00","17:50:00",42,"Buffet ",35,4.9,15,"electric_scooter ",2,"No ","Urban ","Cloudy","Medium ",1
"19/03/2022","20:00:00","20:15:00",38,"Drinks ",31,4.8,9,"motorcycle ",0,"No ","Metropolitian ","Windy","Jam ",1
"18/03/2022","18:40:00","18:50:00",30,"Snack ",22,4.8,17,"motorcycle ",0,"No ","Metropolitian ","Fog","Medium ",1
"26/03/2022","10:25:00","10:35:00",16,"Meal ",30,4.7,18,"scooter ",2,"No ","Urban ","Cloudy","Low ",1
"8/03/2022","20:35:00","20:40:00",40,"Meal ",26,4.9,15,"scooter ",2,"No ","Urban ","Stormy","Jam ",1
"5/03/2022","8:30:00","8:45:00",12,"Buffet ",21,4.9,23,"motorcycle ",1,"No ","Metropolitian ","Sunny","Low ",0
"3/04/2022","11:10:00","11:15:00",22,"Buffet ",26,4.8,17,"motorcycle ",2,"No ","Urban ","Sandstorms","High ",1
"2/04/2022","19:50:00","19:55:00",22,"Meal ",23,4.7,18,"motorcycle ",2,"No ","Urban ","Windy","Jam ",1
"5/03/2022","19:15:00","19:20:00",27,"Buffet ",32,4.8,18,"motorcycle ",0,"No ","Metropolitian ","Sunny","Jam ",1
"30/03/2022","20:30:00","20:35:00",11,"Buffet ",27,4.6,2,"electric_scooter ",2,"No ","Urban ","Windy","Jam ",0
"11/02/2022","8:55:00","9:00:00",17,"Meal ",22,4.9,3,"scooter ",2,"No ","Metropolitian ","Windy","Low ",0
"15/03/2022","10:00:00","10:10:00",13,"Meal ",21,4.9,17,"motorcycle ",0,"No ","Urban ","Sunny","Low ",0
"21/03/2022","10:10:00","10:20:00",29,"Meal ",34,4.7,9,"motorcycle ",1,"No ","Metropolitian ","Sandstorms","Low ",1
"6/03/2022","21:25:00","21:40:00",38,"Drinks ",32,3.8,5,"motorcycle ",1,"No ","Metropolitian ","Stormy","Jam ",0
"16/03/2022","17:35:00","17:45:00",40,"Drinks ",39,4.6,13,"scooter ",1,"No ","Metropolitian ","Fog","Medium ",1
"2/03/2022","19:50:00","20:00:00",25,"Snack ",21,4.9,22,"motorcycle ",2,"No ","Metropolitian ","Stormy","Jam ",1
"4/04/2022","17:25:00","17:30:00",23,"Meal ",33,4.9,21,"motorcycle ",2,"No ","Metropolitian ","Sandstorms","Medium ",1
"21/03/2022","9:15:00","9:30:00",16,"Drinks ",27,4.7,22,"scooter ",2,"No ","Metropolitian ","Windy","Low ",1
"12/02/2022","19:50:00","20:05:00",35,"Drinks ",33,3.5,14,"motorcycle ",1,"No ","Metropolitian ","Sandstorms","Jam ",2
"2/03/2022","23:10:00","23:15:00",16,"Buffet ",23,4.7,15,"scooter ",1,"No ","Urban ","Windy","Low ",0
"15/02/2022","17:50:00","17:55:00",17,"Meal ",21,4.9,18,"motorcycle ",0,"No ","Urban ","Sunny","Medium ",1
"16/03/2022","21:25:00","21:35:00",46,"Buffet ",23,4.9,21,"motorcycle ",0,"No ","Metropolitian ","Cloudy","Jam ",2
"17/02/2022","11:40:00","11:45:00",26,"Drinks ",28,4.7,4,"motorcycle ",2,"No ","Metropolitian ","Fog","High ",1
"20/03/2022","17:20:00","17:35:00",31,"Drinks ",34,3.5,3,"motorcycle ",1,"No ","Metropolitian ","Stormy","Medium ",1
"17/03/2022","11:20:00","11:35:00",29,"Snack ",37,4.6,16,"motorcycle ",0,"No ","Urban ","Sunny","High ",1
"17/02/2022","20:40:00","20:45:00",28,"Snack ",36,4.8,5,"motorcycle ",0,"No ","Metropolitian ","Fog","Jam ",0
"23/03/2022","20:00:00","20:05:00",54,"Drinks ",38,4.6,2,"motorcycle ",0,"Yes ","Metropolitian ","Sandstorms","Jam ",3
"6/04/2022","17:40:00","17:50:00",38,"Buffet ",35,3.5,5,"motorcycle ",1,"No ","Metropolitian ","Stormy","Medium ",1
"17/03/2022","15:20:00","15:25:00",22,"Snack ",20,4.9,17,"motorcycle ",0,"No ","Urban ","Fog","Medium ",0
"11/02/2022","11:00:00","11:15:00",24,"Meal ",20,4.8,9,"motorcycle ",2,"No ","Metropolitian ","Sunny","Low ",1
"4/04/2022","21:35:00","21:45:00",46,"Buffet ",22,4.8,8,"motorcycle ",0,"No ","Metropolitian ","Cloudy","Jam ",2
"6/04/2022","23:25:00","23:30:00",21,"Buffet ",27,4.9,19,"motorcycle ",0,"No ","Metropolitian ","Stormy","Low ",1
"26/03/2022","14:25:00","14:35:00",34,"Meal ",29,4.1,3,"motorcycle ",2,"No ","Metropolitian ","Fog","High ",1
"7/03/2022","0:00:00","0:05:00",19,"Drinks ",28,4.9,14,"electric_scooter ",2,"No ","Metropolitian ","Stormy","Low ",1
"30/03/2022","11:50:00","12:00:00",32,"Snack ",31,4.8,9,"motorcycle ",2,"No ","Metropolitian ","Sandstorms","High ",0
"2/04/2022","19:30:00","19:35:00",13,"Drinks ",27,4.6,21,"motorcycle ",2,"No ","Metropolitian ","Sunny","Jam ",0
"29/03/2022","22:00:00","22:05:00",39,"Meal ",26,4.2,4,"motorcycle ",0,"Yes ","Metropolitian ","Sandstorms","Jam ",1
"1/03/2022","13:15:00","13:25:00",28,"Drinks ",30,4.9,18,"electric_scooter ",2,"No ","Metropolitian ","Windy","High ",1
"18/03/2022","19:30:00","19:45:00",48,"Drinks ",30,4.3,15,"motorcycle ",0,"Yes ","Metropolitian ","Sandstorms","Jam ",0
"17/02/2022","21:35:00","21:50:00",37,"Buffet ",22,4.2,2,"motorcycle ",0,"No ","Metropolitian ","Sandstorms","Jam ",0
"26/03/2022","9:50:00","9:55:00",24,"Meal ",36,4.9,14,"motorcycle ",0,"No ","Metropolitian ","Sunny","Low ",0
"2/03/2022","23:55:00","0:00:00",42,"Buffet ",30,4.9,15,"motorcycle ",0,"No ","Metropolitian ","Fog","Low ",2
"13/03/2022","12:40:00","12:55:00",39,"Meal ",36,4.4,15,"scooter ",2,"No ","Metropolitian ","Cloudy","High ",1
"13/02/2022","14:25:00","14:35:00",34,"Buffet ",38,5,5,"motorcycle ",0,"No ","Metropolitian ","Stormy","High ",0
"28/03/2022","11:50:00","11:55:00",27,"Buffet ",23,4.8,16,"motorcycle ",0,"No ","Urban ","Windy","High ",1
"13/02/2022","8:15:00","8:25:00",10,"Meal ",20,4.7,2,"motorcycle ",1,"No ","Metropolitian ","Stormy","Low ",0
"13/03/2022","19:45:00","19:50:00",23,"Meal ",26,4.7,22,"scooter ",1,"No ","Urban ","Stormy","Jam ",0
"8/03/2022","21:10:00","21:20:00",32,"Buffet ",23,4.6,16,"motorcycle ",0,"No ","Metropolitian ","Windy","Jam ",1
"4/04/2022","0:00:00","0:10:00",22,"Buffet ",35,4.8,23,"scooter ",2,"No ","Metropolitian ","Sandstorms","Low ",1
"8/03/2022","17:45:00","18:00:00",27,"Meal ",20,4.7,16,"scooter ",2,"No ","Metropolitian ","Sunny","Medium ",1
"12/02/2022","21:35:00","21:40:00",45,"Buffet ",27,4.8,6,"motorcycle ",0,"No ","Metropolitian ","Stormy","Jam ",1
"5/04/2022","16:15:00","16:25:00",27,"Snack ",20,4.8,21,"motorcycle ",2,"No ","Metropolitian ","Stormy","Medium ",1
"8/03/2022","20:45:00","20:50:00",37,"Meal ",31,4.1,13,"motorcycle ",1,"No ","Metropolitian ","Windy","Jam ",1
"16/03/2022","18:15:00","18:20:00",17,"Meal ",21,4.6,9,"electric_scooter ",2,"No ","Metropolitian ","Stormy","Medium ",1
"3/04/2022","19:00:00","19:15:00",15,"Drinks ",36,4.6,19,"electric_scooter ",2,"No ","Metropolitian ","Fog","Medium ",1
"7/03/2022","23:40:00","23:50:00",21,"Drinks ",32,4.9,12,"motorcycle ",0,"No ","Metropolitian ","Sunny","Low ",1
"17/02/2022","12:00:00","12:05:00",29,"Drinks ",32,4.7,6,"electric_scooter ",2,"No ","Metropolitian ","Fog","High ",1
"9/03/2022","15:55:00","16:05:00",27,"Buffet ",34,4.6,19,"motorcycle ",0,"No ","Metropolitian ","Cloudy","Medium ",1
"11/02/2022","23:25:00","23:30:00",20,"Buffet ",37,4.7,8,"scooter ",2,"No ","Metropolitian ","Sandstorms","Low ",0
"18/03/2022","17:20:00","17:30:00",33,"Buffet ",39,5,9,"motorcycle ",0,"No ","Metropolitian ","Windy","Medium ",1
"26/03/2022","11:10:00","11:20:00",19,"Meal ",39,4.9,16,"motorcycle ",1,"No ","Urban ","Sunny","High ",1
"28/03/2022","8:40:00","8:50:00",23,"Buffet ",33,4.7,14,"motorcycle ",0,"No ","Metropolitian ","Stormy","Low ",1
"12/03/2022","20:40:00","20:50:00",20,"Meal ",33,4.6,18,"scooter ",1,"No ","Metropolitian ","Sunny","Jam ",1
"3/04/2022","0:00:00","0:05:00",24,"Drinks ",35,4.2,18,"motorcycle ",0,"No ","Urban ","Windy","Low ",0
"17/02/2022","20:40:00","20:45:00",28,"Snack ",36,4.8,5,"motorcycle ",0,"No ","Metropolitian ","Fog","Jam ",0
"13/02/2022","13:40:00","13:45:00",24,"Meal ",28,4.7,15,"motorcycle ",0,"No ","Urban ","Fog","High ",1
"4/04/2022","19:00:00","19:05:00",29,"Buffet ",22,4.6,22,"scooter ",2,"No ","Metropolitian ","Windy","Medium ",0
"1/04/2022","18:55:00","19:00:00",28,"Drinks ",38,4.9,18,"motorcycle ",2,"No ","Metropolitian ","Windy","Medium ",1
"5/03/2022","23:40:00","23:55:00",13,"Snack ",23,5,15,"motorcycle ",1,"No ","Metropolitian ","Stormy","Low ",0
"5/03/2022","21:55:00","22:05:00",26,"Drinks ",39,4.5,17,"scooter ",2,"No ","Metropolitian ","Stormy","Jam ",1
"11/03/2022","19:00:00","19:10:00",31,"Drinks ",34,4.2,6,"motorcycle ",0,"No ","Metropolitian ","Cloudy","Medium ",1
"7/03/2022","8:10:00","8:15:00",16,"Buffet ",25,4.5,6,"motorcycle ",0,"No ","Urban ","Stormy","Low ",0
"12/03/2022","20:35:00","20:50:00",47,"Drinks ",36,5,18,"motorcycle ",0,"Yes ","Urban ","Stormy","Jam ",2
"9/03/2022","17:20:00","17:35:00",28,"Buffet ",35,5,16,"motorcycle ",0,"No ","Metropolitian ","Sandstorms","Medium ",1
"27/03/2022","20:50:00","21:00:00",26,"Snack ",24,5,13,"scooter ",2,"No ","Metropolitian ","Windy","Jam ",1
"28/03/2022","19:50:00","19:55:00",34,"Meal ",27,4.9,6,"motorcycle ",1,"No ","Metropolitian ","Cloudy","Jam ",2
"29/03/2022","18:55:00","19:10:00",25,"Meal ",35,4.7,6,"motorcycle ",0,"No ","Urban ","Sunny","Medium ",1
"18/02/2022","22:00:00","22:10:00",28,"Snack ",30,4.8,4,"scooter ",2,"No ","Metropolitian ","Fog","Jam ",1
"6/03/2022","17:25:00","17:40:00",21,"Drinks ",35,4.8,23,"scooter ",1,"No ","Urban ","Stormy","Medium ",1
"3/04/2022","11:10:00","11:25:00",27,"Meal ",20,4.7,19,"motorcycle ",0,"No ","Metropolitian ","Cloudy","High ",0
"14/03/2022","18:20:00","18:35:00",25,"Buffet ",22,4.8,17,"scooter ",2,"No ","Urban ","Sandstorms","Medium ",1
"23/03/2022","23:30:00","23:35:00",37,"Meal ",36,3.5,6,"scooter ",2,"No ","Metropolitian ","Cloudy","Low ",2
"20/03/2022","23:20:00","23:25:00",43,"Drinks ",29,3.4,3,"motorcycle ",1,"No ","Metropolitian ","Sunny","Low ",1
"17/03/2022","17:35:00","17:45:00",21,"Snack ",23,4.8,7,"motorcycle ",0,"No ","Metropolitian ","Sunny","Medium ",0
"2/03/2022","20:55:00","21:10:00",31,"Meal ",28,4.1,3,"motorcycle ",0,"No ","Metropolitian ","Windy","Jam ",1
"12/02/2022","23:45:00","23:55:00",27,"Meal ",31,4.6,8,"scooter ",2,"No ","Metropolitian ","Stormy","Low ",0
"13/03/2022","20:20:00","20:25:00",27,"Drinks ",35,5,22,"motorcycle ",0,"No ","Metropolitian ","Fog","Jam ",1
"5/03/2022","15:20:00","15:25:00",27,"Snack ",26,4.6,21,"electric_scooter ",2,"No ","Metropolitian ","Sunny","Medium ",1
"5/04/2022","21:45:00","21:50:00",32,"Drinks ",32,4.8,16,"motorcycle ",1,"No ","Metropolitian ","Sandstorms","Jam ",1
"9/03/2022","9:15:00","9:25:00",18,"Drinks ",21,4.6,17,"scooter ",1,"No ","Urban ","Stormy","Low ",1
"5/04/2022","22:20:00","22:30:00",19,"Buffet ",34,5,23,"scooter ",2,"No ","Metropolitian ","Sunny","Low ",1
"21/03/2022","13:15:00","13:25:00",43,"Drinks ",37,4.1,7,"motorcycle ",0,"No ","Metropolitian ","Stormy","High ",2
"5/03/2022","12:35:00","12:50:00",12,"Buffet ",25,4.9,9,"electric_scooter ",2,"No ","Metropolitian ","Sunny","High ",1
"24/03/2022","9:45:00","10:00:00",16,"Buffet ",29,4.6,16,"motorcycle ",0,"No ","Urban ","Cloudy","Low ",0
"12/03/2022","0:00:00","0:15:00",21,"Drinks ",21,4.8,9,"motorcycle ",0,"No ","Metropolitian ","Windy","Low ",0
"18/03/2022","19:10:00","19:25:00",40,"Buffet ",30,4.1,23,"scooter ",1,"No ","Metropolitian ","Cloudy","Jam ",1
"26/03/2022","14:20:00","14:35:00",22,"Drinks ",36,5,16,"electric_scooter ",2,"No ","Metropolitian ","Sunny","High ",1
"12/02/2022","23:30:00","23:35:00",25,"Buffet ",37,5,18,"scooter ",1,"No ","Urban ","Cloudy","Low ",1
"1/04/2022","20:45:00","20:50:00",32,"Buffet ",22,4.3,13,"electric_scooter ",2,"No ","Metropolitian ","Cloudy","Jam ",1
"8/03/2022","20:50:00","21:05:00",48,"Buffet ",30,5,13,"motorcycle ",0,"Yes ","Metropolitian ","Fog","Jam ",2
"6/03/2022","18:30:00","18:35:00",28,"Buffet ",26,4.8,9,"scooter ",2,"No ","Metropolitian ","Fog","Medium ",1
"11/02/2022","20:45:00","20:50:00",14,"Buffet ",25,4.8,22,"scooter ",2,"No ","Urban ","Sandstorms","Jam ",0
"2/03/2022","21:25:00","21:40:00",28,"Snack ",32,4.9,15,"motorcycle ",0,"No ","Urban ","Sunny","Jam ",0
"19/03/2022","17:50:00","18:00:00",19,"Drinks ",28,4.7,15,"motorcycle ",1,"No ","Urban ","Fog","Medium ",0
"17/02/2022","21:20:00","21:30:00",26,"Drinks ",28,4.8,7,"motorcycle ",0,"No ","Metropolitian ","Sandstorms","Jam ",1
"31/03/2022","18:30:00","18:45:00",38,"Drinks ",39,4.8,1,"motorcycle ",0,"No ","Metropolitian ","Fog","Medium ",1
"27/03/2022","19:15:00","19:20:00",20,"Meal ",21,4.9,21,"motorcycle ",1,"No ","Metropolitian ","Sunny","Jam ",1
"18/02/2022","17:20:00","17:30:00",23,"Meal ",20,4.6,3,"motorcycle ",1,"No ","Metropolitian ","Sandstorms","Medium ",1
"28/03/2022","22:15:00","22:30:00",11,"Buffet ",26,4.7,23,"motorcycle ",1,"No ","Metropolitian ","Fog","Low ",0
"10/03/2022","21:15:00","21:30:00",44,"Meal ",34,3.5,13,"scooter ",2,"No ","Metropolitian ","Windy","Jam ",2
"10/03/2022","21:15:00","21:20:00",21,"Snack ",28,4.7,21,"scooter ",2,"No ","Metropolitian ","Stormy","Jam ",1
"2/03/2022","23:40:00","23:45:00",23,"Drinks ",27,4.5,18,"motorcycle ",0,"No ","Metropolitian ","Stormy","Low ",1
"20/03/2022","20:45:00","21:00:00",41,"Buffet ",34,4,3,"motorcycle ",0,"No ","Metropolitian ","Sunny","Jam ",2
"4/03/2022","20:50:00","21:00:00",46,"Drinks ",37,4,6,"motorcycle ",0,"No ","Metropolitian ","Windy","Jam ",2
"3/03/2022","20:50:00","21:00:00",20,"Meal ",24,4.7,21,"motorcycle ",1,"No ","Metropolitian ","Fog","Jam ",1
"14/03/2022","23:00:00","23:10:00",26,"Snack ",39,4.6,21,"scooter ",2,"No ","Metropolitian ","Cloudy","Low ",1
"19/03/2022","10:20:00","10:25:00",13,"Meal ",24,4.8,23,"scooter ",2,"No ","Urban ","Windy","Low ",0
"4/04/2022","20:20:00","20:35:00",25,"Drinks ",32,4.7,18,"scooter ",2,"No ","Metropolitian ","Sandstorms","Jam ",1
"9/03/2022","16:30:00","16:35:00",23,"Meal ",39,5,22,"scooter ",2,"No ","Metropolitian ","Sunny","Medium ",1
"11/02/2022","19:40:00","19:55:00",28,"Meal ",24,4.9,5,"scooter ",2,"No ","Metropolitian ","Sandstorms","Jam ",1
"2/03/2022","17:10:00","17:15:00",22,"Drinks ",27,4.6,15,"motorcycle ",1,"No ","Metropolitian ","Windy","Medium ",1
"18/02/2022","18:15:00","18:25:00",32,"Snack ",29,5,22,"motorcycle ",0,"No ","Urban ","Fog","Medium ",1
"4/04/2022","23:30:00","23:45:00",26,"Snack ",33,4.7,23,"motorcycle ",2,"No ","Metropolitian ","Fog","Low ",1
"14/02/2022","22:15:00","22:25:00",28,"Snack ",31,4.7,8,"motorcycle ",0,"No ","Metropolitian ","Sunny","Low ",1
"28/03/2022","10:15:00","10:25:00",18,"Snack ",22,4.5,1,"scooter ",2,"No ","Urban ","Fog","Low ",0
"13/03/2022","12:25:00","12:35:00",32,"Meal ",37,4.1,13,"scooter ",2,"No ","Metropolitian ","Sandstorms","High ",0
"4/04/2022","17:20:00","17:35:00",27,"Snack ",21,4.8,22,"motorcycle ",1,"No ","Metropolitian ","Windy","Medium ",1
"4/04/2022","22:50:00","23:05:00",23,"Meal ",25,4.7,19,"motorcycle ",0,"No ","Metropolitian ","Sunny","Low ",1
"23/03/2022","21:25:00","21:30:00",38,"Drinks ",26,4.3,3,"electric_scooter ",2,"No ","Metropolitian ","Fog","Jam ",1
"16/02/2022","0:00:00","0:15:00",20,"Buffet ",39,4.8,16,"motorcycle ",0,"No ","Urban ","Windy","Low ",1
"9/03/2022","22:30:00","22:40:00",16,"Buffet ",30,5,18,"scooter ",1,"No ","Urban ","Cloudy","Low ",0
"18/03/2022","19:00:00","19:15:00",22,"Snack ",20,5,6,"motorcycle ",0,"No ","Metropolitian ","Sunny","Medium ",1
"18/02/2022","17:35:00","17:50:00",17,"Snack ",27,4.8,2,"scooter ",2,"No ","Metropolitian ","Stormy","Medium ",0
"21/03/2022","12:00:00","12:15:00",13,"Buffet ",22,4.5,4,"scooter ",2,"No ","Urban ","Stormy","High ",0
"6/04/2022","19:25:00","19:30:00",48,"Drinks ",38,4.9,19,"motorcycle ",0,"No ","Metropolitian ","Cloudy","Jam ",1
"25/03/2022","17:25:00","17:30:00",39,"Drinks ",27,5,1,"scooter ",2,"No ","Metropolitian ","Cloudy","Medium ",1
"10/03/2022","22:35:00","22:50:00",18,"Snack ",28,4.6,18,"scooter ",2,"No ","Urban ","Stormy","Low ",1
"21/03/2022","9:10:00","9:15:00",17,"Buffet ",34,4.6,14,"motorcycle ",1,"No ","Metropolitian ","Fog","Low ",1
"16/02/2022","21:20:00","21:35:00",33,"Drinks ",24,4.3,5,"motorcycle ",2,"No ","Metropolitian ","Fog","Jam ",1
"18/03/2022","17:25:00","17:40:00",24,"Drinks ",39,4.8,15,"motorcycle ",1,"No ","Urban ","Windy","Medium ",1
"31/03/2022","20:55:00","21:00:00",36,"Meal ",27,4.8,8,"scooter ",2,"No ","Metropolitian ","Cloudy","Jam ",2
"31/03/2022","22:25:00","22:40:00",26,"Buffet ",22,4.8,5,"motorcycle ",0,"No ","Urban ","Sunny","Low ",0
"5/04/2022","21:45:00","21:50:00",14,"Snack ",26,4.6,19,"scooter ",1,"No ","Urban ","Sunny","Jam ",1
"29/03/2022","18:15:00","18:30:00",33,"Buffet ",32,4.1,1,"motorcycle ",0,"No ","Metropolitian ","Sandstorms","Medium ",1
"21/03/2022","19:55:00","20:10:00",25,"Meal ",29,4.9,16,"scooter ",1,"No ","Metropolitian ","Cloudy","Jam ",1
"10/03/2022","18:25:00","18:35:00",24,"Buffet ",27,4.9,23,"electric_scooter ",2,"No ","Metropolitian ","Windy","Medium ",1
"7/03/2022","9:45:00","9:50:00",25,"Meal ",30,4.7,18,"scooter ",2,"No ","Metropolitian ","Windy","Low ",0
"5/04/2022","23:35:00","23:40:00",16,"Meal ",25,4.1,3,"motorcycle ",0,"No ","Metropolitian ","Windy","Low ",0
"16/02/2022","19:00:00","19:05:00",17,"Snack ",20,4.6,2,"electric_scooter ",2,"No ","Metropolitian ","Sunny","Medium ",1
"3/03/2022","17:45:00","18:00:00",17,"Drinks ",24,4.7,15,"motorcycle ",0,"No ","Urban ","Stormy","Medium ",0
"16/02/2022","22:00:00","22:05:00",41,"Drinks ",30,4.2,9,"motorcycle ",2,"No ","Metropolitian ","Stormy","Jam ",2
"28/03/2022","9:30:00","9:40:00",25,"Meal ",36,4.6,14,"motorcycle ",0,"No ","Metropolitian ","Sunny","Low ",0
"7/03/2022","21:25:00","21:35:00",21,"Meal ",21,4.5,5,"motorcycle ",0,"No ","Urban ","Stormy","Jam ",1
"20/03/2022","23:40:00","23:45:00",23,"Drinks ",30,4.7,22,"scooter ",2,"No ","Metropolitian ","Sunny","Low ",1
"16/03/2022","21:35:00","21:45:00",35,"Drinks ",31,3.5,1,"motorcycle ",1,"No ","Metropolitian ","Windy","Jam ",1
"5/04/2022","11:10:00","11:25:00",22,"Buffet ",26,4.6,21,"scooter ",1,"No ","Metropolitian ","Sandstorms","High ",1
"17/03/2022","23:30:00","23:35:00",18,"Snack ",22,4.3,1,"motorcycle ",0,"No ","Urban ","Stormy","Low ",0
"12/03/2022","17:10:00","17:25:00",30,"Drinks ",36,4.7,23,"motorcycle ",0,"No ","Metropolitian ","Windy","Medium ",1
"28/03/2022","23:30:00","23:35:00",14,"Snack ",23,4.7,22,"electric_scooter ",2,"No ","Metropolitian ","Stormy","Low ",0
"19/03/2022","10:00:00","10:15:00",10,"Meal ",26,4.7,15,"scooter ",2,"No ","Metropolitian ","Sandstorms","Low ",0
"7/03/2022","20:30:00","20:40:00",28,"Buffet ",30,4.8,18,"scooter ",1,"No ","Metropolitian ","Sandstorms","Jam ",0
"29/03/2022","21:00:00","21:05:00",17,"Snack ",22,4.7,1,"motorcycle ",1,"No ","Urban ","Stormy","Jam ",1
"1/03/2022","11:30:00","11:35:00",27,"Snack ",30,4.9,12,"motorcycle ",0,"No ","Metropolitian ","Stormy","High ",0
"8/03/2022","22:25:00","22:40:00",30,"Buffet ",33,4.7,23,"scooter ",2,"No ","Metropolitian ","Sunny","Low ",1
"20/03/2022","19:25:00","19:35:00",24,"Meal ",26,5,14,"scooter ",2,"No ","Metropolitian ","Stormy","Jam ",0
"1/03/2022","14:55:00","15:00:00",13,"Drinks ",27,5,21,"motorcycle ",1,"No ","Urban ","Stormy","High ",1
"16/03/2022","17:30:00","17:35:00",16,"Buffet ",27,4.6,15,"motorcycle ",2,"No ","Metropolitian ","Sunny","Medium ",0
"5/03/2022","20:30:00","20:45:00",20,"Buffet ",29,4.8,15,"scooter ",2,"No ","Metropolitian ","Sunny","Jam ",0
"12/03/2022","20:55:00","21:00:00",33,"Snack ",21,4.1,5,"motorcycle ",0,"No ","Urban ","Windy","Jam ",1
"14/02/2022","17:15:00","17:25:00",22,"Meal ",35,5,5,"scooter ",2,"No ","Metropolitian ","Windy","Medium ",0
"7/03/2022","23:45:00","23:55:00",17,"Snack ",27,4.7,21,"scooter ",2,"No ","Urban ","Stormy","Low ",0
"13/03/2022","10:20:00","10:30:00",20,"Meal ",32,4.9,23,"motorcycle ",0,"No ","Metropolitian ","Fog","Low ",1
"26/03/2022","22:30:00","22:35:00",19,"Meal ",24,4.9,19,"scooter ",1,"No ","Urban ","Windy","Low ",1
"2/04/2022","22:25:00","22:40:00",11,"Buffet ",25,4.6,16,"scooter ",1,"No ","Urban ","Stormy","Low ",0
"30/03/2022","23:00:00","23:05:00",22,"Meal ",33,4.8,17,"motorcycle ",1,"No ","Metropolitian ","Windy","Low ",0
"12/02/2022","23:55:00","0:00:00",26,"Meal ",38,5,9,"motorcycle ",0,"No ","Metropolitian ","Sandstorms","Low ",1
"26/03/2022","11:10:00","11:15:00",32,"Meal ",37,4.2,13,"scooter ",1,"No ","Metropolitian ","Sandstorms","High ",0
"4/04/2022","20:10:00","20:15:00",28,"Snack ",38,4.9,15,"motorcycle ",2,"No ","Metropolitian ","Windy","Jam ",1
"1/04/2022","22:00:00","22:05:00",25,"Drinks ",37,4.9,22,"motorcycle ",2,"No ","Metropolitian ","Fog","Jam ",0
"21/03/2022","17:45:00","17:50:00",26,"Meal ",26,5,13,"motorcycle ",0,"No ","Metropolitian ","Cloudy","Medium ",1
"12/02/2022","20:55:00","21:05:00",34,"Drinks ",26,4.7,5,"motorcycle ",0,"No ","Metropolitian ","Sandstorms","Jam ",1
"19/03/2022","19:30:00","19:40:00",45,"Drinks ",21,4.1,2,"motorcycle ",0,"No ","Urban ","Sunny","Jam ",2
"17/03/2022","22:35:00","22:45:00",18,"Drinks ",34,4.8,23,"scooter ",2,"No ","Metropolitian ","Cloudy","Low ",1
"13/02/2022","23:50:00","0:05:00",13,"Snack ",20,4.6,9,"electric_scooter ",2,"No ","Metropolitian ","Fog","Low ",0
"14/03/2022","17:35:00","17:45:00",17,"Meal ",35,4.9,18,"scooter ",1,"No ","Metropolitian ","Sunny","Medium ",1
"29/03/2022","18:45:00","18:50:00",15,"Buffet ",21,4.5,18,"scooter ",1,"No ","Metropolitian ","Sandstorms","Medium ",0
"17/02/2022","12:00:00","12:10:00",23,"Meal ",38,5,6,"motorcycle ",0,"No ","Metropolitian ","Fog","High ",1
"2/03/2022","20:00:00","20:10:00",40,"Drinks ",34,4.1,6,"scooter ",1,"No ","Metropolitian ","Stormy","Jam ",0
"15/02/2022","12:10:00","12:20:00",29,"Snack ",23,4.8,7,"motorcycle ",1,"No ","Metropolitian ","Fog","High ",0
"3/04/2022","21:50:00","22:05:00",42,"Meal ",35,4.2,8,"motorcycle ",0,"No ","Metropolitian ","Windy","Jam ",1
"17/02/2022","11:20:00","11:30:00",39,"Snack ",39,4.8,9,"scooter ",2,"No ","Metropolitian ","Sandstorms","High ",1
"31/03/2022","21:50:00","22:00:00",40,"Buffet ",36,4,11,"scooter ",2,"No ","Metropolitian ","Cloudy","Jam ",1
"12/03/2022","18:50:00","19:05:00",30,"Meal ",39,4.5,1,"scooter ",2,"No ","Urban ","Sandstorms","Medium ",1
"21/03/2022","9:50:00","10:00:00",26,"Meal ",30,4.9,14,"motorcycle ",0,"No ","Metropolitian ","Fog","Low ",0
"26/03/2022","21:00:00","21:15:00",32,"Meal ",34,4.1,6,"scooter ",1,"No ","Metropolitian ","Sandstorms","Jam ",1
"1/04/2022","8:20:00","8:25:00",18,"Meal ",36,4.5,23,"motorcycle ",1,"No ","Metropolitian ","Fog","Low ",1
"4/03/2022","22:30:00","22:35:00",34,"Snack ",35,3.3,3,"motorcycle ",0,"No ","Metropolitian ","Sunny","Low ",0
"3/03/2022","10:30:00","10:35:00",26,"Meal ",31,4.4,13,"motorcycle ",0,"No ","Metropolitian ","Stormy","Low ",0
"19/03/2022","10:40:00","10:50:00",20,"Drinks ",34,4.2,4,"motorcycle ",0,"No ","Urban ","Sandstorms","Low ",0
"9/03/2022","21:20:00","21:35:00",24,"Buffet ",21,4.7,13,"motorcycle ",1,"No ","Metropolitian ","Cloudy","Jam ",0
"12/02/2022","22:35:00","22:50:00",23,"Meal ",23,4.8,16,"motorcycle ",0,"No ","Urban ","Cloudy","Low ",1
"23/03/2022","20:25:00","20:35:00",39,"Drinks ",30,4.4,4,"motorcycle ",1,"No ","Urban ","Stormy","Jam ",2
"12/03/2022","19:25:00","19:40:00",19,"Snack ",35,4.9,23,"motorcycle ",1,"No ","Metropolitian ","Sunny","Jam ",1
"11/03/2022","18:20:00","18:30:00",23,"Buffet ",29,4.9,14,"scooter ",1,"No ","Metropolitian ","Sandstorms","Medium ",1
"21/03/2022","9:20:00","9:30:00",24,"Drinks ",24,4.2,1,"motorcycle ",0,"No ","Urban ","Sandstorms","Low ",1
"17/03/2022","12:35:00","12:50:00",28,"Buffet ",25,4.9,16,"motorcycle ",0,"No ","Urban ","Fog","High ",1
"12/03/2022","17:55:00","18:00:00",32,"Drinks ",20,4.4,12,"motorcycle ",0,"No ","Metropolitian ","Sandstorms","Medium ",1
"1/03/2022","14:50:00","14:55:00",13,"Meal ",22,4.6,23,"scooter ",1,"No ","Urban ","Windy","High ",0
"13/03/2022","19:25:00","19:30:00",27,"Buffet ",30,4.9,15,"motorcycle ",0,"No ","Metropolitian ","Fog","Jam ",0
"15/02/2022","20:00:00","20:15:00",20,"Drinks ",20,4.7,2,"motorcycle ",0,"No ","Metropolitian ","Stormy","Jam ",1
"3/04/2022","19:00:00","19:15:00",16,"Drinks ",31,4.7,9,"motorcycle ",1,"No ","Metropolitian ","Cloudy","Medium ",1
"25/03/2022","17:25:00","17:30:00",29,"Snack ",24,4.6,3,"scooter ",1,"No ","Metropolitian ","Windy","Medium ",0
"12/03/2022","20:55:00","21:10:00",42,"Drinks ",38,4.6,18,"scooter ",2,"No ","Metropolitian ","Fog","Jam ",0
"19/03/2022","10:00:00","10:10:00",20,"Meal ",39,4.8,17,"motorcycle ",0,"No ","Urban ","Cloudy","Low ",1
"3/04/2022","20:50:00","20:55:00",16,"Meal ",29,4.7,18,"scooter ",2,"No ","Urban ","Sunny","Jam ",0
"16/03/2022","20:35:00","20:40:00",17,"Meal ",24,4.7,21,"scooter ",2,"No ","Urban ","Windy","Jam ",1
"1/03/2022","23:00:00","23:15:00",22,"Snack ",29,5,15,"scooter ",2,"No ","Metropolitian ","Sunny","Low ",0
"4/04/2022","18:50:00","19:05:00",37,"Drinks ",33,4.7,19,"motorcycle ",0,"No ","Metropolitian ","Fog","Medium ",0
"11/03/2022","17:10:00","17:25:00",17,"Buffet ",29,4.6,23,"motorcycle ",0,"No ","Metropolitian ","Windy","Medium ",1
"9/03/2022","8:10:00","8:15:00",16,"Meal ",38,4.8,15,"motorcycle ",2,"No ","Metropolitian ","Sunny","Low ",1
"5/04/2022","18:20:00","18:35:00",29,"Snack ",22,4.8,21,"motorcycle ",0,"No ","Metropolitian ","Windy","Medium ",1
"16/02/2022","21:50:00","22:00:00",36,"Drinks ",38,5,8,"motorcycle ",1,"No ","Metropolitian ","Stormy","Jam ",0
"26/03/2022","21:00:00","21:10:00",34,"Buffet ",30,4.2,4,"scooter ",1,"No ","Metropolitian ","Stormy","Jam ",1
"1/03/2022","9:50:00","10:05:00",17,"Snack ",24,4.1,1,"motorcycle ",0,"No ","Metropolitian ","Stormy","Low ",0
"15/03/2022","21:40:00","21:45:00",25,"Drinks ",22,4.9,16,"motorcycle ",2,"No ","Metropolitian ","Sandstorms","Jam ",0
"17/02/2022","9:50:00","9:55:00",17,"Drinks ",23,4.8,3,"scooter ",2,"No ","Metropolitian ","Sandstorms","Low ",0
"26/03/2022","19:20:00","19:25:00",34,"Snack ",33,4.7,4,"motorcycle ",1,"No ","Metropolitian ","Sandstorms","Jam ",1
"19/03/2022","19:30:00","19:45:00",18,"Snack ",34,4.5,13,"electric_scooter ",2,"No ","Metropolitian ","Sunny","Jam ",1
"26/03/2022","9:45:00","10:00:00",16,"Snack ",20,4.6,21,"motorcycle ",0,"No ","Metropolitian ","Cloudy","Low ",1
"19/03/2022","18:15:00","18:25:00",31,"Snack ",37,4.6,12,"electric_scooter ",2,"No ","Metropolitian ","Stormy","Medium ",0
"23/03/2022","17:35:00","17:50:00",24,"Buffet ",21,4.7,21,"motorcycle ",1,"No ","Metropolitian ","Sandstorms","Medium ",1
"30/03/2022","9:15:00","9:30:00",25,"Drinks ",36,4.8,19,"motorcycle ",0,"No ","Metropolitian ","Fog","Low ",1
"1/03/2022","18:35:00","18:50:00",18,"Buffet ",26,4.7,4,"electric_scooter ",2,"No ","Metropolitian ","Fog","Medium ",1
"1/03/2022","17:30:00","17:35:00",15,"Snack ",38,5,17,"motorcycle ",2,"No ","Urban ","Fog","Medium ",0
"23/03/2022","23:50:00","23:55:00",20,"Buffet ",22,4.6,14,"motorcycle ",1,"No ","Metropolitian ","Fog","Low ",1
"3/03/2022","21:55:00","22:05:00",17,"Meal ",34,4.8,19,"motorcycle ",2,"No ","Urban ","Sunny","Jam ",1
"14/02/2022","23:00:00","23:15:00",44,"Drinks ",27,2.5,19,"motorcycle ",1,"No ","Metropolitian ","Sunny","Low ",2
"10/03/2022","18:45:00","19:00:00",16,"Meal ",27,4.5,6,"motorcycle ",1,"No ","Urban ","Sandstorms","Medium ",0
"18/03/2022","21:35:00","21:40:00",40,"Buffet ",39,3.8,22,"scooter ",2,"No ","Metropolitian ","Sandstorms","Jam ",1
"12/03/2022","20:10:00","20:20:00",44,"Meal ",29,4.2,3,"motorcycle ",1,"No ","Metropolitian ","Fog","Jam ",1
"8/03/2022","20:30:00","20:35:00",30,"Buffet ",33,4.8,23,"motorcycle ",0,"No ","Metropolitian ","Sunny","Jam ",0
"2/03/2022","17:10:00","17:15:00",16,"Snack ",20,4.8,22,"scooter ",1,"No ","Urban ","Sunny","Medium ",1
"11/03/2022","19:30:00","19:40:00",30,"Buffet ",38,4.8,16,"scooter ",2,"No ","Metropolitian ","Stormy","Jam ",1
"5/03/2022","11:45:00","12:00:00",24,"Meal ",27,5,22,"scooter ",2,"No ","Metropolitian ","Stormy","High ",1
"24/03/2022","10:35:00","10:40:00",17,"Snack ",31,4.7,22,"motorcycle ",2,"No ","Urban ","Fog","Low ",0
"20/03/2022","22:20:00","22:25:00",22,"Drinks ",28,4.6,18,"motorcycle ",0,"No ","Metropolitian ","Fog","Low ",1
"14/02/2022","22:25:00","22:40:00",10,"Snack ",27,4.8,22,"motorcycle ",1,"No ","Urban ","Sandstorms","Low ",0
"8/03/2022","22:00:00","22:10:00",30,"Meal ",20,4.8,17,"motorcycle ",0,"No ","Urban ","Stormy","Jam ",1
"19/03/2022","23:55:00","0:05:00",17,"Snack ",23,4.1,2,"motorcycle ",0,"No ","Metropolitian ","Sandstorms","Low ",1
"5/04/2022","18:55:00","19:10:00",13,"Snack ",25,4.9,22,"scooter ",2,"No ","Urban ","Cloudy","Medium ",1
"11/03/2022","14:30:00","14:35:00",15,"Buffet ",22,4.9,13,"motorcycle ",0,"No ","Metropolitian ","Windy","High ",0
"30/03/2022","10:20:00","10:25:00",14,"Meal ",29,4.7,3,"electric_scooter ",2,"No ","Urban ","Sandstorms","Low ",1
"5/04/2022","20:20:00","20:25:00",26,"Snack ",35,5,21,"scooter ",1,"No ","Metropolitian ","Cloudy","Jam ",1
"27/03/2022","21:45:00","21:55:00",20,"Drinks ",20,4.8,15,"electric_scooter ",2,"No ","Metropolitian ","Stormy","Jam ",1
"4/03/2022","17:30:00","17:35:00",18,"Drinks ",25,4.7,23,"electric_scooter ",2,"No ","Metropolitian ","Stormy","Medium ",1
"17/02/2022","8:25:00","8:30:00",17,"Snack ",23,4.7,2,"scooter ",2,"No ","Metropolitian ","Stormy","Low ",1
"19/03/2022","11:40:00","11:50:00",33,"Snack ",35,4.2,16,"electric_scooter ",2,"No ","Metropolitian ","Sandstorms","High ",1
"25/03/2022","22:10:00","22:20:00",34,"Buffet ",34,3.5,5,"electric_scooter ",2,"No ","Metropolitian ","Cloudy","Low ",0
"23/03/2022","17:40:00","17:55:00",25,"Meal ",33,5,13,"scooter ",1,"No ","Metropolitian ","Sunny","Medium ",1
"25/03/2022","17:50:00","18:05:00",22,"Drinks ",33,4.5,21,"electric_scooter ",2,"No ","Metropolitian ","Stormy","Medium ",1
"13/02/2022","22:50:00","23:00:00",26,"Drinks ",34,4.9,4,"scooter ",1,"No ","Metropolitian ","Windy","Low ",1
"31/03/2022","17:20:00","17:35:00",48,"Drinks ",31,4.1,5,"motorcycle ",0,"No ","Semi-Urban ","Sandstorms","Medium ",2
"3/03/2022","10:35:00","10:50:00",19,"Drinks ",37,4.7,22,"motorcycle ",1,"No ","Metropolitian ","Fog","Low ",0
"15/03/2022","15:55:00","16:00:00",26,"Meal ",22,4.9,14,"scooter ",1,"No ","Metropolitian ","Stormy","Medium ",0
"3/03/2022","8:35:00","8:40:00",17,"Buffet ",29,4.9,9,"motorcycle ",2,"No ","Metropolitian ","Sunny","Low ",1
"26/03/2022","11:50:00","12:05:00",46,"Buffet ",20,3.7,1,"motorcycle ",0,"No ","Metropolitian ","Sunny","High ",3
"13/02/2022","22:35:00","22:50:00",15,"Snack ",36,4.9,4,"motorcycle ",1,"No ","Metropolitian ","Fog","Low ",0
"24/03/2022","15:00:00","15:10:00",37,"Buffet ",22,4.9,2,"motorcycle ",0,"No ","Metropolitian ","Stormy","High ",0
"9/03/2022","17:20:00","17:25:00",29,"Meal ",28,4.9,18,"scooter ",1,"No ","Metropolitian ","Stormy","Medium ",1
"29/03/2022","19:15:00","19:20:00",48,"Drinks ",37,4.5,8,"motorcycle ",0,"No ","Metropolitian ","Cloudy","Jam ",1
"2/03/2022","19:35:00","19:45:00",46,"Drinks ",37,4.9,9,"motorcycle ",0,"Yes ","Metropolitian ","Fog","Jam ",1
"20/03/2022","23:35:00","23:50:00",27,"Snack ",39,4.8,13,"motorcycle ",2,"No ","Metropolitian ","Sandstorms","Low ",1
"29/03/2022","18:40:00","18:45:00",20,"Snack ",39,4.6,15,"motorcycle ",2,"No ","Metropolitian ","Windy","Medium ",0
"6/04/2022","22:10:00","22:15:00",23,"Buffet ",27,5,17,"motorcycle ",0,"No ","Urban ","Windy","Low ",1
"9/03/2022","20:45:00","20:50:00",29,"Buffet ",39,4.8,13,"scooter ",2,"No ","Metropolitian ","Stormy","Jam ",1
"26/03/2022","23:40:00","23:50:00",25,"Drinks ",36,4.8,17,"electric_scooter ",2,"No ","Metropolitian ","Sandstorms","Low ",1
"13/02/2022","20:40:00","20:45:00",27,"Snack ",37,4.7,8,"motorcycle ",0,"No ","Metropolitian ","Stormy","Jam ",1
"1/04/2022","23:50:00","0:00:00",10,"Meal ",25,4.6,21,"scooter ",2,"No ","Urban ","Cloudy","Low ",0
"4/03/2022","17:45:00","17:55:00",31,"Buffet ",26,4.9,23,"motorcycle ",0,"No ","Metropolitian ","Fog","Medium ",1
"5/04/2022","14:45:00","14:50:00",46,"Drinks ",32,4.4,3,"motorcycle ",0,"No ","Metropolitian ","Stormy","High ",0
"18/02/2022","22:45:00","22:50:00",22,"Meal ",35,4.5,5,"motorcycle ",0,"No ","Metropolitian ","Sandstorms","Low ",1
"19/03/2022","18:20:00","18:35:00",19,"Meal ",27,4.7,3,"motorcycle ",0,"No ","Metropolitian ","Stormy","Medium ",1
"9/03/2022","20:55:00","21:10:00",26,"Buffet ",34,4.8,21,"motorcycle ",0,"No ","Metropolitian ","Cloudy","Jam ",1
"24/03/2022","21:15:00","21:30:00",20,"Meal ",22,4.5,5,"motorcycle ",0,"No ","Urban ","Fog","Jam ",0
"31/03/2022","17:55:00","18:05:00",36,"Drinks ",36,3.8,9,"motorcycle ",1,"No ","Metropolitian ","Sandstorms","Medium ",2
"1/03/2022","20:45:00","20:50:00",33,"Drinks ",31,4,2,"electric_scooter ",2,"No ","Metropolitian ","Windy","Jam ",1
"12/03/2022","18:40:00","18:50:00",23,"Drinks ",34,4.9,21,"scooter ",1,"No ","Metropolitian ","Stormy","Medium ",0
"16/02/2022","20:55:00","21:05:00",37,"Meal ",37,4.8,6,"scooter ",1,"No ","Metropolitian ","Stormy","Jam ",1
"11/02/2022","9:15:00","9:30:00",21,"Drinks ",32,4.5,4,"motorcycle ",2,"No ","Metropolitian ","Sandstorms","Low ",0
"6/04/2022","21:50:00","22:00:00",46,"Buffet ",33,4.3,1,"motorcycle ",0,"No ","Metropolitian ","Stormy","Jam ",1
"26/03/2022","19:55:00","20:00:00",31,"Snack ",38,4.6,1,"motorcycle ",0,"No ","Metropolitian ","Fog","Jam ",0
"28/03/2022","15:10:00","15:15:00",26,"Drinks ",27,4.6,18,"motorcycle ",0,"No ","Metropolitian ","Fog","Medium ",1
"4/03/2022","17:50:00","18:05:00",30,"Drinks ",32,4.6,13,"motorcycle ",0,"No ","Metropolitian ","Windy","Medium ",1
"2/04/2022","23:25:00","23:40:00",39,"Meal ",34,5,3,"motorcycle ",0,"No ","Metropolitian ","Fog","Low ",1
"13/03/2022","18:20:00","18:35:00",18,"Buffet ",36,4.8,22,"scooter ",1,"No ","Urban ","Fog","Medium ",1
"16/02/2022","20:30:00","20:40:00",21,"Drinks ",24,4.6,7,"scooter ",1,"No ","Metropolitian ","Sandstorms","Jam ",1
"19/03/2022","12:25:00","12:40:00",28,"Meal ",35,4.6,8,"scooter ",1,"No ","Metropolitian ","Fog","High ",1
"3/03/2022","17:20:00","17:30:00",24,"Drinks ",20,4.9,18,"electric_scooter ",2,"No ","Urban ","Sandstorms","Medium ",0
"18/02/2022","23:00:00","23:10:00",17,"Drinks ",36,4.8,23,"motorcycle ",1,"No ","Urban ","Sunny","Low ",0
"8/03/2022","23:30:00","23:45:00",34,"Drinks ",33,4.3,1,"motorcycle ",1,"No ","Urban ","Sandstorms","Low ",1
"4/03/2022","17:25:00","17:40:00",31,"Drinks ",36,4,8,"motorcycle ",0,"No ","Metropolitian ","Sunny","Medium ",1
"17/03/2022","15:20:00","15:30:00",28,"Meal ",35,4.5,4,"motorcycle ",0,"No ","Urban ","Stormy","Medium ",1
"2/03/2022","22:20:00","22:25:00",21,"Drinks ",35,4.5,2,"motorcycle ",1,"No ","Urban ","Stormy","Low ",0
"20/03/2022","22:45:00","22:50:00",20,"Snack ",29,5,22,"motorcycle ",0,"No ","Metropolitian ","Cloudy","Low ",0
"11/03/2022","18:20:00","18:25:00",21,"Drinks ",27,4.7,12,"electric_scooter ",2,"No ","Metropolitian ","Sandstorms","Medium ",1
"6/03/2022","17:35:00","17:50:00",31,"Buffet ",31,3.9,8,"scooter ",2,"No ","Metropolitian ","Stormy","Medium ",1
"13/03/2022","8:30:00","8:40:00",23,"Snack ",22,5,15,"motorcycle ",1,"No ","Metropolitian ","Sunny","Low ",1
"11/02/2022","10:40:00","10:45:00",20,"Meal ",23,4,1,"motorcycle ",0,"No ","Urban ","Sandstorms","Low ",1
"6/04/2022","23:30:00","23:45:00",27,"Snack ",38,4.6,19,"scooter ",2,"No ","Metropolitian ","Sandstorms","Low ",1
"16/03/2022","20:55:00","21:10:00",41,"Meal ",36,4.5,23,"motorcycle ",0,"No ","Metropolitian ","Cloudy","Jam ",1
"6/04/2022","17:30:00","17:45:00",26,"Buffet ",26,4.6,18,"scooter ",2,"No ","Metropolitian ","Stormy","Medium ",1
"4/04/2022","20:20:00","20:35:00",41,"Drinks ",29,4.7,11,"motorcycle ",0,"Yes ","Metropolitian ","Cloudy","Jam ",1
"16/02/2022","18:40:00","18:45:00",30,"Buffet ",36,5,2,"electric_scooter ",2,"No ","Metropolitian ","Stormy","Medium ",1
"20/03/2022","22:25:00","22:40:00",16,"Drinks ",20,4.6,18,"motorcycle ",0,"No ","Metropolitian ","Sandstorms","Low ",1
"14/02/2022","21:40:00","21:45:00",30,"Drinks ",22,4.8,16,"motorcycle ",0,"No ","Urban ","Sandstorms","Jam ",1
"12/02/2022","21:25:00","21:40:00",26,"Snack ",27,4.9,2,"motorcycle ",2,"No ","Metropolitian ","Windy","Jam ",1
"1/03/2022","22:20:00","22:35:00",26,"Meal ",37,4,2,"motorcycle ",0,"No ","Metropolitian ","Sandstorms","Low ",1
"11/03/2022","20:20:00","20:30:00",39,"Snack ",30,4.6,21,"motorcycle ",0,"No ","Urban ","Windy","Jam ",1
"24/03/2022","18:40:00","18:45:00",24,"Meal ",37,4.9,19,"scooter ",1,"No ","Metropolitian ","Sunny","Medium ",1
"29/03/2022","22:15:00","22:25:00",29,"Buffet ",38,4.9,3,"motorcycle ",2,"No ","Metropolitian ","Fog","Low ",1
"16/03/2022","23:25:00","23:35:00",24,"Meal ",39,4.7,19,"scooter ",2,"No ","Metropolitian ","Stormy","Low ",1
"9/03/2022","11:55:00","12:05:00",33,"Drinks ",32,4.7,22,"scooter ",1,"No ","Urban ","Stormy","High ",1
"3/04/2022","15:10:00","15:15:00",15,"Snack ",37,4.9,22,"scooter ",2,"No ","Metropolitian ","Fog","Medium ",0
"4/03/2022","22:00:00","22:15:00",39,"Buffet ",21,4.7,15,"motorcycle ",0,"No ","Metropolitian ","Sunny","Jam ",0
"4/03/2022","23:40:00","23:50:00",22,"Snack ",28,4.6,23,"motorcycle ",0,"No ","Urban ","Stormy","Low ",1
"4/04/2022","17:45:00","17:55:00",20,"Meal ",20,4.9,18,"motorcycle ",0,"No ","Metropolitian ","Sunny","Medium ",0
"18/02/2022","20:15:00","20:30:00",41,"Drinks ",32,4.6,9,"motorcycle ",0,"No ","Metropolitian ","Fog","Jam ",1
"2/04/2022","17:40:00","17:50:00",40,"Buffet ",21,4.5,12,"motorcycle ",0,"No ","Metropolitian ","Fog","Medium ",1
"5/03/2022","11:25:00","11:30:00",22,"Snack ",23,4.6,23,"motorcycle ",2,"No ","Metropolitian ","Sunny","High ",1
"12/02/2022","21:40:00","21:55:00",52,"Snack ",35,5,5,"motorcycle ",0,"No ","Metropolitian ","Stormy","Jam ",1
"19/03/2022","9:30:00","9:40:00",20,"Snack ",34,4.2,3,"motorcycle ",0,"No ","Metropolitian ","Windy","Low ",1
"14/02/2022","17:55:00","18:05:00",21,"Meal ",34,4.5,5,"scooter ",1,"No ","Metropolitian ","Stormy","Medium ",1
"4/03/2022","20:15:00","20:30:00",43,"Drinks ",38,3.9,2,"scooter ",2,"No ","Metropolitian ","Sandstorms","Jam ",1
"17/03/2022","10:10:00","10:20:00",19,"Snack ",26,4.9,3,"motorcycle ",0,"No ","Metropolitian ","Cloudy","Low ",0
"28/03/2022","8:45:00","8:50:00",15,"Drinks ",22,4.7,17,"electric_scooter ",2,"No ","Urban ","Cloudy","Low ",0
"26/03/2022","9:30:00","9:45:00",19,"Meal ",29,4.8,16,"motorcycle ",1,"No ","Metropolitian ","Sunny","Low ",1
"14/03/2022","21:35:00","21:50:00",26,"Snack ",20,4.7,19,"motorcycle ",0,"No ","Urban ","Sandstorms","Jam ",1
"15/03/2022","22:30:00","22:45:00",15,"Snack ",31,5,17,"scooter ",2,"No ","Metropolitian ","Fog","Low ",1
"15/03/2022","19:50:00","20:00:00",30,"Buffet ",30,4.5,19,"motorcycle ",1,"No ","Metropolitian ","Cloudy","Jam ",1
"18/02/2022","18:30:00","18:45:00",23,"Buffet ",38,4.9,15,"motorcycle ",2,"No ","Urban ","Windy","Medium ",1
"29/03/2022","22:20:00","22:25:00",19,"Buffet ",22,4.7,16,"motorcycle ",0,"No ","Metropolitian ","Windy","Low ",0
"4/04/2022","22:35:00","22:40:00",26,"Drinks ",31,4.5,18,"electric_scooter ",2,"No ","Metropolitian ","Fog","Low ",1
"21/03/2022","8:50:00","8:55:00",16,"Snack ",24,5,17,"electric_scooter ",2,"No ","Metropolitian ","Sunny","Low ",1
"2/03/2022","20:35:00","20:40:00",40,"Drinks ",27,4.7,16,"motorcycle ",0,"No ","Metropolitian ","Fog","Jam ",1
"14/02/2022","17:10:00","17:15:00",20,"Snack ",20,4.8,17,"scooter ",2,"No ","Urban ","Windy","Medium ",1
"26/03/2022","18:30:00","18:35:00",20,"Snack ",23,4.7,14,"motorcycle ",0,"No ","Metropolitian ","Sandstorms","Medium ",1
"18/03/2022","22:15:00","22:30:00",39,"Meal ",34,3.8,19,"scooter ",1,"No ","Metropolitian ","Cloudy","Low ",1
"7/03/2022","23:10:00","23:20:00",15,"Snack ",24,4.7,21,"motorcycle ",2,"No ","Metropolitian ","Sunny","Low ",0
"4/03/2022","19:00:00","19:10:00",12,"Buffet ",22,4.6,16,"motorcycle ",1,"No ","Urban ","Sunny","Medium ",1
"4/04/2022","22:50:00","23:00:00",39,"Drinks ",31,4,14,"motorcycle ",0,"No ","Metropolitian ","Cloudy","Low ",1
"18/02/2022","23:15:00","23:20:00",28,"Snack ",30,4.8,5,"scooter ",2,"No ","Metropolitian ","Fog","Low ",1
"15/03/2022","17:25:00","17:35:00",25,"Snack ",36,4.7,21,"motorcycle ",0,"No ","Metropolitian ","Fog","Medium ",1
"23/03/2022","23:25:00","23:30:00",24,"Snack ",37,4.8,16,"motorcycle ",0,"No ","Metropolitian ","Windy","Low ",0
"11/03/2022","19:15:00","19:25:00",29,"Drinks ",29,4.8,12,"scooter ",1,"No ","Metropolitian ","Cloudy","Jam ",1
"5/03/2022","17:10:00","17:25:00",19,"Drinks ",36,4.7,15,"scooter ",1,"No ","Urban ","Stormy","Medium ",1
"18/03/2022","17:15:00","17:25:00",12,"Snack ",28,4.8,23,"scooter ",1,"No ","Urban ","Sunny","Medium ",1
"18/03/2022","18:30:00","18:45:00",27,"Buffet ",28,4.7,7,"motorcycle ",0,"No ","Metropolitian ","Windy","Medium ",0
"26/03/2022","23:30:00","23:45:00",16,"Meal ",26,4.9,19,"scooter ",1,"No ","Metropolitian ","Windy","Low ",1
"3/04/2022","23:40:00","23:50:00",15,"Buffet ",27,4.8,18,"motorcycle ",0,"No ","Metropolitian ","Fog","Low ",0
"24/03/2022","18:50:00","18:55:00",23,"Snack ",23,4.7,18,"electric_scooter ",2,"No ","Metropolitian ","Sandstorms","Medium ",0
"11/02/2022","8:40:00","8:55:00",22,"Meal ",33,4.3,1,"motorcycle ",0,"No ","Urban ","Sandstorms","Low ",1
"2/04/2022","17:30:00","17:35:00",29,"Drinks ",39,4.9,13,"motorcycle ",0,"No ","Metropolitian ","Sunny","Medium ",1
"1/03/2022","17:15:00","17:30:00",17,"Buffet ",36,4.9,15,"motorcycle ",1,"No ","Metropolitian ","Sunny","Medium ",1
"3/04/2022","19:50:00","19:55:00",30,"Snack ",35,4.6,1,"scooter ",2,"No ","Metropolitian ","Fog","Jam ",1
"23/03/2022","23:25:00","23:30:00",22,"Drinks ",28,5,13,"motorcycle ",0,"No ","Metropolitian ","Sandstorms","Low ",0
"18/02/2022","20:25:00","20:40:00",21,"Drinks ",23,4.7,9,"motorcycle ",2,"No ","Metropolitian ","Sandstorms","Jam ",1
"21/03/2022","11:50:00","12:05:00",28,"Drinks ",36,4.8,15,"motorcycle ",1,"No ","Urban ","Windy","High ",0
"3/04/2022","12:45:00","13:00:00",17,"Drinks ",25,4.7,22,"scooter ",2,"No ","Urban ","Sandstorms","High ",0
"16/02/2022","20:00:00","20:10:00",39,"Snack ",26,4.6,8,"motorcycle ",0,"No ","Metropolitian ","Stormy","Jam ",1
"3/04/2022","11:00:00","11:15:00",21,"Meal ",38,4.5,19,"scooter ",1,"No ","Metropolitian ","Windy","Low ",0
"3/03/2022","18:00:00","18:15:00",18,"Buffet ",34,4.6,23,"motorcycle ",1,"No ","Urban ","Fog","Medium ",1
"14/03/2022","21:20:00","21:35:00",33,"Snack ",28,4,3,"motorcycle ",0,"No ","Metropolitian ","Sandstorms","Jam ",1
"29/03/2022","19:55:00","20:10:00",36,"Buffet ",26,4.1,4,"scooter ",2,"No ","Metropolitian ","Fog","Jam ",1
"2/04/2022","21:50:00","22:05:00",44,"Meal ",35,3.5,8,"scooter ",2,"No ","Metropolitian ","Windy","Jam ",2
"24/03/2022","9:10:00","9:25:00",23,"Buffet ",31,4.7,12,"motorcycle ",0,"No ","Metropolitian ","Sunny","Low ",1
"8/03/2022","18:25:00","18:40:00",36,"Drinks ",25,4.2,4,"motorcycle ",0,"No ","Urban ","Stormy","Medium ",1
"28/03/2022","23:55:00","0:05:00",22,"Drinks ",36,4.7,19,"motorcycle ",0,"No ","Metropolitian ","Sunny","Low ",0
"16/02/2022","21:55:00","22:00:00",54,"Snack ",32,4.9,18,"motorcycle ",0,"No ","Semi-Urban ","Cloudy","Jam ",1
"13/02/2022","13:55:00","14:10:00",27,"Meal ",37,4.5,5,"scooter ",1,"No ","Metropolitian ","Sandstorms","High ",1
"3/04/2022","18:50:00","19:00:00",37,"Meal ",34,4.7,6,"motorcycle ",0,"No ","Metropolitian ","Sandstorms","Medium ",2
"2/04/2022","20:40:00","20:50:00",40,"Drinks ",32,3.5,2,"scooter ",2,"No ","Metropolitian ","Windy","Jam ",2
"21/03/2022","0:00:00","0:15:00",10,"Meal ",25,5,18,"scooter ",1,"No ","Urban ","Fog","Low ",0
"12/03/2022","20:55:00","21:10:00",42,"Drinks ",38,4.6,18,"scooter ",2,"No ","Metropolitian ","Fog","Jam ",0
"6/04/2022","19:45:00","20:00:00",19,"Snack ",37,4.9,16,"motorcycle ",1,"No ","Metropolitian ","Sunny","Jam ",0
"15/03/2022","9:40:00","9:55:00",23,"Buffet ",34,4.8,19,"motorcycle ",2,"No ","Metropolitian ","Stormy","Low ",1
"6/04/2022","21:50:00","21:55:00",43,"Drinks ",21,4.9,17,"motorcycle ",0,"Yes ","Urban ","Cloudy","Jam ",1
"4/04/2022","19:30:00","19:40:00",36,"Buffet ",25,4.1,2,"scooter ",2,"No ","Urban ","Fog","Jam ",1
"26/03/2022","22:15:00","22:25:00",16,"Buffet ",30,4.6,18,"scooter ",2,"No ","Urban ","Fog","Low ",1
"6/03/2022","23:55:00","0:05:00",32,"Meal ",34,3.8,4,"scooter ",1,"No ","Urban ","Stormy","Low ",1
"17/02/2022","17:30:00","17:35:00",28,"Snack ",32,5,3,"motorcycle ",1,"No ","Metropolitian ","Sandstorms","Medium ",0
"8/03/2022","21:35:00","21:40:00",44,"Buffet ",36,4.6,13,"motorcycle ",0,"No ","Metropolitian ","Sunny","Jam ",1
"16/03/2022","22:55:00","23:00:00",27,"Meal ",21,4.7,18,"scooter ",2,"No ","Metropolitian ","Fog","Low ",1
"3/03/2022","10:45:00","10:55:00",16,"Buffet ",24,4.5,22,"scooter ",2,"No ","Metropolitian ","Fog","Low ",0
"25/03/2022","21:55:00","22:05:00",22,"Buffet ",21,4.6,16,"scooter ",1,"No ","Metropolitian ","Sunny","Jam ",0
"28/03/2022","22:50:00","23:00:00",16,"Buffet ",32,4.9,12,"motorcycle ",1,"No ","Metropolitian ","Sunny","Low ",0
"3/03/2022","23:35:00","23:40:00",22,"Meal ",23,4.8,14,"scooter ",1,"No ","Metropolitian ","Sunny","Low ",1
"5/04/2022","8:55:00","9:00:00",20,"Buffet ",32,4.9,22,"motorcycle ",0,"No ","Urban ","Fog","Low ",1
"24/03/2022","16:45:00","17:00:00",16,"Snack ",33,5,13,"motorcycle ",1,"No ","Metropolitian ","Fog","Medium ",1
"20/03/2022","20:15:00","20:30:00",24,"Snack ",22,4.7,9,"motorcycle ",0,"No ","Metropolitian ","Sunny","Jam ",0
"23/03/2022","20:20:00","20:35:00",41,"Meal ",35,4.8,1,"motorcycle ",0,"No ","Metropolitian ","Stormy","Jam ",0
"11/03/2022","0:00:00","0:05:00",18,"Meal ",23,4.9,18,"motorcycle ",1,"No ","Urban ","Cloudy","Low ",1
"20/03/2022","20:25:00","20:30:00",23,"Buffet ",27,4.8,22,"scooter ",1,"No ","Metropolitian ","Sandstorms","Jam ",0
"11/03/2022","11:55:00","12:00:00",49,"Buffet ",33,4.9,23,"motorcycle ",0,"No ","Semi-Urban ","Sandstorms","High ",1
"14/02/2022","19:25:00","19:40:00",35,"Snack ",28,4.6,2,"motorcycle ",0,"No ","Metropolitian ","Fog","Jam ",1
"4/03/2022","19:25:00","19:40:00",35,"Buffet ",31,4.2,3,"electric_scooter ",2,"No ","Metropolitian ","Sunny","Jam ",0
"2/04/2022","23:20:00","23:35:00",18,"Drinks ",25,5,18,"motorcycle ",0,"No ","Metropolitian ","Windy","Low ",0
"23/03/2022","23:30:00","23:35:00",19,"Meal ",31,4.9,19,"motorcycle ",1,"No ","Urban ","Sunny","Low ",1
"3/03/2022","8:25:00","8:40:00",23,"Meal ",31,4.8,23,"scooter ",2,"No ","Urban ","Stormy","Low ",0
"2/03/2022","23:15:00","23:25:00",26,"Buffet ",26,4.6,9,"motorcycle ",2,"No ","Metropolitian ","Stormy","Low ",1
"15/02/2022","22:10:00","22:25:00",26,"Meal ",33,4.9,7,"motorcycle ",1,"No ","Metropolitian ","Sandstorms","Low ",0
"10/03/2022","18:55:00","19:05:00",44,"Drinks ",34,4.9,16,"motorcycle ",1,"Yes ","Metropolitian ","Cloudy","Medium ",1
"2/03/2022","0:00:00","0:15:00",15,"Drinks ",34,4.5,5,"scooter ",1,"No ","Urban ","Stormy","Low ",1
"12/03/2022","18:35:00","18:40:00",20,"Snack ",24,4.8,22,"motorcycle ",0,"No ","Metropolitian ","Sandstorms","Medium ",1
"11/02/2022","21:10:00","21:25:00",28,"Meal ",27,4.7,2,"scooter ",2,"No ","Metropolitian ","Sandstorms","Jam ",0
"15/02/2022","9:35:00","9:40:00",12,"Snack ",28,4.6,16,"scooter ",2,"No ","Urban ","Fog","Low ",1
"1/03/2022","21:45:00","22:00:00",35,"Drinks ",28,4.2,6,"motorcycle ",0,"No ","Urban ","Windy","Jam ",1
"11/03/2022","19:55:00","20:00:00",34,"Meal ",33,5,17,"motorcycle ",0,"No ","Urban ","Cloudy","Jam ",1
"24/03/2022","21:35:00","21:45:00",29,"Meal ",30,4.6,9,"motorcycle ",0,"No ","Metropolitian ","Fog","Jam ",1
"23/03/2022","18:20:00","18:30:00",30,"Snack ",31,4.7,1,"motorcycle ",2,"No ","Metropolitian ","Cloudy","Medium ",1
"11/02/2022","9:30:00","9:45:00",12,"Buffet ",22,4.9,19,"electric_scooter ",2,"No ","Urban ","Cloudy","Low ",0
"3/04/2022","18:10:00","18:15:00",13,"Drinks ",24,4.8,19,"scooter ",2,"No ","Metropolitian ","Fog","Medium ",1
"2/03/2022","21:40:00","21:50:00",26,"Meal ",20,4.8,13,"motorcycle ",0,"No ","Metropolitian ","Stormy","Jam ",1
"13/02/2022","12:45:00","12:50:00",30,"Buffet ",26,4.8,2,"scooter ",2,"No ","Metropolitian ","Fog","High ",1
"26/03/2022","23:35:00","23:50:00",16,"Drinks ",32,5,13,"motorcycle ",2,"No ","Metropolitian ","Sunny","Low ",1
"8/03/2022","20:20:00","20:30:00",29,"Snack ",29,4.9,19,"motorcycle ",1,"No ","Urban ","Sandstorms","Jam ",1
"8/03/2022","20:35:00","20:40:00",41,"Snack ",35,4.4,18,"motorcycle ",0,"No ","Metropolitian ","Sandstorms","Jam ",2
"2/04/2022","17:35:00","17:40:00",32,"Buffet ",38,3.7,3,"scooter ",2,"No ","Metropolitian ","Windy","Medium ",1
"2/04/2022","21:10:00","21:15:00",39,"Buffet ",37,5,8,"motorcycle ",0,"No ","Metropolitian ","Sandstorms","Jam ",2
"11/02/2022","17:50:00","17:55:00",30,"Meal ",32,4.7,3,"motorcycle ",1,"No ","Metropolitian ","Windy","Medium ",0
"10/03/2022","19:45:00","19:50:00",43,"Drinks ",35,4.9,23,"motorcycle ",0,"No ","Metropolitian ","Cloudy","Jam ",2
"21/03/2022","21:50:00","22:00:00",17,"Snack ",26,4.8,18,"scooter ",1,"No ","Urban ","Windy","Jam ",1
"3/04/2022","19:55:00","20:10:00",24,"Buffet ",24,4.9,22,"electric_scooter ",2,"No ","Metropolitian ","Stormy","Jam ",0
"3/04/2022","17:40:00","17:55:00",30,"Snack ",35,4.8,23,"motorcycle ",1,"No ","Urban ","Stormy","Medium ",1
"17/02/2022","22:00:00","22:10:00",32,"Drinks ",37,5,5,"motorcycle ",0,"No ","Metropolitian ","Sandstorms","Jam ",1
"19/03/2022","10:25:00","10:40:00",22,"Drinks ",29,4.3,9,"motorcycle ",0,"No ","Metropolitian ","Stormy","Low ",1
"23/03/2022","23:10:00","23:15:00",26,"Snack ",31,5,21,"electric_scooter ",2,"No ","Metropolitian ","Fog","Low ",1
"30/03/2022","17:45:00","17:50:00",20,"Meal ",27,4.6,13,"motorcycle ",1,"No ","Metropolitian ","Sandstorms","Medium ",1
"7/03/2022","10:10:00","10:25:00",25,"Meal ",27,4.4,22,"motorcycle ",0,"No ","Metropolitian ","Stormy","Low ",1
"26/03/2022","19:15:00","19:25:00",46,"Buffet ",38,4.6,7,"motorcycle ",0,"No ","Metropolitian ","Sandstorms","Jam ",1
"13/03/2022","22:20:00","22:35:00",15,"Drinks ",23,4.5,1,"motorcycle ",2,"No ","Urban ","Sandstorms","Low ",1
"28/03/2022","10:15:00","10:25:00",18,"Snack ",22,4.5,1,"scooter ",2,"No ","Urban ","Fog","Low ",0
"3/03/2022","8:15:00","8:30:00",20,"Drinks ",30,4.6,23,"motorcycle ",1,"No ","Metropolitian ","Sandstorms","Low ",1
"9/03/2022","21:40:00","21:50:00",34,"Meal ",37,4.6,17,"motorcycle ",2,"No ","Metropolitian ","Fog","Jam ",0
"17/02/2022","11:40:00","11:55:00",16,"Buffet ",26,4.6,5,"scooter ",2,"No ","Metropolitian ","Sandstorms","High ",0
"4/03/2022","22:55:00","23:10:00",36,"Snack ",39,3.9,3,"motorcycle ",1,"No ","Urban ","Stormy","Low ",0
"30/03/2022","15:15:00","15:20:00",17,"Snack ",28,4.8,5,"scooter ",1,"No ","Urban ","Cloudy","Medium ",1
"8/03/2022","20:55:00","21:00:00",43,"Meal ",38,4.7,13,"motorcycle ",0,"No ","Metropolitian ","Fog","Jam ",1
"9/03/2022","17:25:00","17:40:00",15,"Drinks ",37,4.9,19,"scooter ",1,"No ","Urban ","Fog","Medium ",0
"19/03/2022","10:20:00","10:35:00",15,"Buffet ",34,4.9,23,"motorcycle ",2,"No ","Metropolitian ","Sunny","Low ",0
"23/03/2022","23:40:00","23:50:00",38,"Drinks ",30,4.3,4,"motorcycle ",0,"No ","Urban ","Fog","Low ",0
"1/03/2022","11:40:00","11:55:00",28,"Drinks ",28,4.7,9,"scooter ",2,"No ","Metropolitian ","Stormy","High ",1
"6/03/2022","22:15:00","22:20:00",13,"Meal ",23,4.7,19,"scooter ",1,"No ","Metropolitian ","Windy","Low ",1
"15/02/2022","17:25:00","17:40:00",28,"Snack ",33,4.7,3,"scooter ",2,"No ","Metropolitian ","Windy","Medium ",0
"21/03/2022","11:55:00","12:05:00",32,"Buffet ",39,4.2,1,"motorcycle ",0,"No ","Urban ","Fog","High ",1
"4/03/2022","22:20:00","22:35:00",39,"Drinks ",34,4.1,13,"motorcycle ",0,"No ","Metropolitian ","Fog","Low ",2
"4/03/2022","21:00:00","21:15:00",49,"Buffet ",27,4.6,22,"motorcycle ",0,"Yes ","Metropolitian ","Fog","Jam ",1
"18/03/2022","19:40:00","19:55:00",23,"Buffet ",21,4.8,13,"scooter ",2,"No ","Metropolitian ","Windy","Jam ",1
"13/02/2022","17:50:00","18:00:00",20,"Buffet ",29,4.6,4,"electric_scooter ",2,"No ","Metropolitian ","Windy","Medium ",0
"13/03/2022","19:10:00","19:20:00",22,"Drinks ",20,4.7,15,"motorcycle ",2,"No ","Urban ","Stormy","Jam ",1
"1/04/2022","10:00:00","10:15:00",19,"Meal ",27,5,23,"electric_scooter ",2,"No ","Metropolitian ","Sunny","Low ",0
"21/03/2022","10:25:00","10:40:00",19,"Drinks ",21,4.6,16,"motorcycle ",0,"No ","Urban ","Sunny","Low ",0
"7/03/2022","11:00:00","11:05:00",33,"Drinks ",37,4.1,7,"motorcycle ",0,"No ","Metropolitian ","Stormy","Low ",0
"6/03/2022","18:15:00","18:25:00",38,"Drinks ",29,5,9,"motorcycle ",0,"No ","Metropolitian ","Windy","Medium ",1
"17/02/2022","20:30:00","20:35:00",33,"Meal ",38,4.7,5,"scooter ",1,"No ","Metropolitian ","Fog","Jam ",1
"10/03/2022","20:45:00","20:50:00",20,"Buffet ",20,4.7,14,"scooter ",2,"No ","Metropolitian ","Windy","Jam ",1
"21/03/2022","11:35:00","11:50:00",31,"Buffet ",32,4.7,3,"scooter ",1,"No ","Metropolitian ","Sandstorms","High ",1
"2/03/2022","18:50:00","18:55:00",41,"Drinks ",34,5,9,"motorcycle ",0,"No ","Metropolitian ","Stormy","Medium ",0
"16/02/2022","21:25:00","21:40:00",40,"Drinks ",32,4.5,9,"motorcycle ",0,"No ","Metropolitian ","Stormy","Jam ",1
"19/03/2022","17:35:00","17:45:00",19,"Snack ",30,4.6,6,"electric_scooter ",2,"No ","Metropolitian ","Fog","Medium ",0
"21/03/2022","18:20:00","18:25:00",15,"Buffet ",20,4.6,19,"motorcycle ",1,"No ","Metropolitian ","Sunny","Medium ",0
"13/02/2022","9:15:00","9:20:00",24,"Buffet ",35,4.7,2,"scooter ",2,"No ","Metropolitian ","Sandstorms","Low ",0
"5/04/2022","9:00:00","9:15:00",20,"Buffet ",36,4.3,1,"motorcycle ",0,"No ","Metropolitian ","Stormy","Low ",1
"18/02/2022","23:00:00","23:10:00",17,"Meal ",24,4.8,15,"scooter ",1,"No ","Urban ","Stormy","Low ",1
"9/03/2022","8:15:00","8:25:00",26,"Snack ",22,4.1,3,"motorcycle ",0,"No ","Metropolitian ","Windy","Low ",1
"7/03/2022","17:00:00","17:05:00",19,"Drinks ",22,4.9,23,"motorcycle ",0,"No ","Metropolitian ","Sunny","Medium ",0
"13/03/2022","12:25:00","12:40:00",18,"Meal ",25,4.9,16,"motorcycle ",1,"No ","Metropolitian ","Windy","High ",1
"1/03/2022","22:35:00","22:50:00",19,"Buffet ",30,4.9,14,"scooter ",1,"No ","Metropolitian ","Fog","Low ",1
"12/03/2022","23:30:00","23:35:00",32,"Drinks ",38,3.2,11,"motorcycle ",0,"No ","Metropolitian ","Sunny","Low ",0
"1/04/2022","8:45:00","9:00:00",27,"Meal ",31,4.6,19,"motorcycle ",1,"No ","Metropolitian ","Sandstorms","Low ",1
"26/03/2022","23:30:00","23:35:00",24,"Meal ",36,4.7,23,"motorcycle ",0,"No ","Urban ","Fog","Low ",1
"28/03/2022","10:20:00","10:25:00",15,"Meal ",33,4.6,21,"scooter ",2,"No ","Metropolitian ","Fog","Low ",1
"1/04/2022","14:15:00","14:20:00",28,"Snack ",38,4.6,22,"motorcycle ",0,"No ","Metropolitian ","Cloudy","High ",1
"20/03/2022","23:00:00","23:10:00",23,"Buffet ",39,4.6,16,"motorcycle ",0,"No ","Metropolitian ","Sandstorms","Low ",0
"6/03/2022","22:45:00","22:55:00",42,"Snack ",35,4.7,22,"motorcycle ",0,"No ","Metropolitian ","Sunny","Low ",1
"25/03/2022","23:10:00","23:20:00",43,"Buffet ",33,4,2,"motorcycle ",0,"Yes ","Metropolitian ","Cloudy","Low ",1
"31/03/2022","18:25:00","18:40:00",41,"Drinks ",24,4.9,9,"motorcycle ",0,"Yes ","Metropolitian ","Fog","Medium ",1
"21/03/2022","21:30:00","21:45:00",31,"Drinks ",39,4.8,3,"motorcycle ",1,"No ","Metropolitian ","Stormy","Jam ",0
"14/03/2022","21:15:00","21:30:00",54,"Meal ",33,5,12,"motorcycle ",0,"Yes ","Metropolitian ","Stormy","Jam ",3
"4/03/2022","23:30:00","23:40:00",17,"Meal ",37,4.7,14,"electric_scooter ",2,"No ","Metropolitian ","Stormy","Low ",1
"9/03/2022","14:45:00","15:00:00",28,"Meal ",27,4.5,14,"motorcycle ",0,"No ","Metropolitian ","Stormy","High ",1
"13/02/2022","9:25:00","9:40:00",24,"Drinks ",33,4.4,9,"motorcycle ",0,"No ","Metropolitian ","Windy","Low ",1
"3/03/2022","17:55:00","18:05:00",19,"Drinks ",25,4.6,9,"motorcycle ",2,"No ","Metropolitian ","Fog","Medium ",1
"3/03/2022","13:20:00","13:35:00",21,"Buffet ",32,4.9,13,"motorcycle ",0,"No ","Metropolitian ","Sunny","High ",0
"27/03/2022","18:10:00","18:20:00",33,"Snack ",30,4.6,13,"motorcycle ",0,"No ","Metropolitian ","Windy","Medium ",0
"13/03/2022","17:55:00","18:05:00",22,"Meal ",38,4.6,23,"motorcycle ",1,"No ","Metropolitian ","Sunny","Medium ",1
"7/03/2022","18:45:00","18:55:00",28,"Drinks ",28,4.7,17,"motorcycle ",0,"No ","Urban ","Stormy","Medium ",1
"24/03/2022","21:50:00","22:05:00",28,"Drinks ",30,4.8,21,"motorcycle ",1,"No ","Urban ","Windy","Jam ",1
"10/03/2022","17:40:00","17:50:00",27,"Meal ",37,4.6,17,"scooter ",1,"No ","Metropolitian ","Sandstorms","Medium ",1
"26/03/2022","19:35:00","19:45:00",25,"Snack ",35,4.6,17,"motorcycle ",1,"No ","Metropolitian ","Fog","Jam ",1
"31/03/2022","18:00:00","18:05:00",34,"Drinks ",30,4.3,4,"scooter ",2,"No ","Metropolitian ","Stormy","Medium ",2
"31/03/2022","22:35:00","22:50:00",25,"Buffet ",33,4.7,9,"electric_scooter ",2,"No ","Metropolitian ","Sunny","Low ",1
"14/03/2022","22:40:00","22:45:00",25,"Drinks ",30,4.6,18,"motorcycle ",0,"No ","Metropolitian ","Sandstorms","Low ",1
"16/02/2022","21:10:00","21:15:00",35,"Buffet ",37,4.4,2,"scooter ",2,"No ","Metropolitian ","Sandstorms","Jam ",2
"18/03/2022","19:10:00","19:25:00",40,"Buffet ",30,4.1,23,"scooter ",1,"No ","Metropolitian ","Cloudy","Jam ",1
"7/03/2022","12:55:00","13:05:00",39,"Snack ",38,4.6,21,"scooter ",1,"No ","Metropolitian ","Sunny","High ",1
"13/03/2022","19:15:00","19:25:00",35,"Snack ",34,4.9,18,"scooter ",2,"No ","Urban ","Fog","Jam ",1
"27/03/2022","22:10:00","22:25:00",20,"Drinks ",30,4.7,22,"motorcycle ",0,"No ","Metropolitian ","Windy","Low ",1
"6/04/2022","21:00:00","21:15:00",18,"Drinks ",25,4.9,21,"scooter ",2,"No ","Urban ","Stormy","Jam ",1
"18/02/2022","18:40:00","18:45:00",30,"Meal ",32,4.9,15,"scooter ",1,"No ","Urban ","Fog","Medium ",0
"17/03/2022","23:55:00","0:00:00",14,"Snack ",25,4.8,16,"motorcycle ",1,"No ","Metropolitian ","Windy","Low ",1
"17/03/2022","13:50:00","14:05:00",33,"Drinks ",23,4.2,14,"scooter ",1,"No ","Metropolitian ","Fog","High ",1
"17/03/2022","9:30:00","9:45:00",19,"Meal ",21,4.9,1,"scooter ",1,"No ","Metropolitian ","Cloudy","Low ",0
"18/03/2022","21:10:00","21:20:00",40,"Meal ",36,4.1,15,"motorcycle ",0,"No ","Metropolitian ","Sunny","Jam ",1
"31/03/2022","21:25:00","21:40:00",41,"Snack ",20,5,15,"motorcycle ",0,"No ","Urban ","Fog","Jam ",0
"5/04/2022","18:55:00","19:10:00",13,"Snack ",25,4.9,22,"scooter ",2,"No ","Urban ","Cloudy","Medium ",1
"16/03/2022","22:30:00","22:45:00",19,"Meal ",26,5,17,"motorcycle ",2,"No ","Urban ","Stormy","Low ",1
"21/03/2022","19:15:00","19:20:00",34,"Buffet ",35,4,7,"motorcycle ",1,"No ","Metropolitian ","Fog","Jam ",1
"31/03/2022","18:20:00","18:35:00",33,"Meal ",32,4.3,4,"scooter ",2,"No ","Metropolitian ","Cloudy","Medium ",1
"16/03/2022","17:25:00","17:35:00",34,"Buffet ",39,4.5,22,"scooter ",2,"No ","Metropolitian ","Sandstorms","Medium ",1
"14/02/2022","17:55:00","18:10:00",28,"Buffet ",35,4.5,7,"scooter ",1,"No ","Metropolitian ","Stormy","Medium ",0
"1/03/2022","19:55:00","20:10:00",13,"Meal ",23,4.9,22,"electric_scooter ",2,"No ","Metropolitian ","Sunny","Jam ",0
"15/03/2022","9:55:00","10:05:00",14,"Drinks ",29,4.7,21,"scooter ",2,"No ","Metropolitian ","Cloudy","Low ",0
"29/03/2022","17:45:00","18:00:00",30,"Drinks ",25,4.8,7,"scooter ",2,"No ","Metropolitian ","Fog","Medium ",0
"2/03/2022","18:25:00","18:40:00",29,"Snack ",38,4.6,22,"motorcycle ",1,"No ","Metropolitian ","Stormy","Medium ",0
"19/03/2022","21:30:00","21:40:00",17,"Drinks ",33,4.6,7,"motorcycle ",1,"No ","Metropolitian ","Sunny","Jam ",1
"13/03/2022","13:35:00","13:50:00",22,"Meal ",29,4.8,22,"motorcycle ",0,"No ","Urban ","Stormy","High ",0
"2/03/2022","20:45:00","20:55:00",20,"Drinks ",27,4.7,18,"scooter ",2,"No ","Metropolitian ","Windy","Jam ",1
"19/03/2022","8:55:00","9:10:00",13,"Snack ",23,4.8,18,"motorcycle ",1,"No ","Metropolitian ","Fog","Low ",0
"21/03/2022","8:55:00","9:10:00",24,"Snack ",37,4.9,23,"scooter ",2,"No ","Metropolitian ","Windy","Low ",1
"16/03/2022","20:45:00","20:50:00",50,"Drinks ",36,4.1,3,"motorcycle ",0,"No ","Metropolitian ","Windy","Jam ",1
"23/03/2022","19:15:00","19:25:00",28,"Drinks ",34,4.9,9,"motorcycle ",1,"No ","Metropolitian ","Stormy","Jam ",0
"19/03/2022","9:10:00","9:15:00",10,"Meal ",24,4.5,21,"motorcycle ",2,"No ","Metropolitian ","Stormy","Low ",0
"7/03/2022","12:55:00","13:00:00",30,"Buffet ",31,4.6,16,"electric_scooter ",2,"No ","Metropolitian ","Sunny","High ",1
"7/03/2022","23:10:00","23:20:00",22,"Snack ",26,4.7,19,"motorcycle ",0,"No ","Urban ","Fog","Low ",1
"11/02/2022","21:25:00","21:35:00",16,"Snack ",24,4.9,19,"motorcycle ",1,"No ","Urban ","Sandstorms","Jam ",1
"3/04/2022","22:40:00","22:45:00",20,"Buffet ",21,4.6,22,"motorcycle ",0,"No ","Metropolitian ","Cloudy","Low ",1
"21/03/2022","12:00:00","12:10:00",20,"Drinks ",27,4.8,12,"motorcycle ",1,"No ","Metropolitian ","Fog","High ",0
"6/03/2022","20:50:00","21:00:00",40,"Drinks ",38,4.5,19,"motorcycle ",1,"No ","Metropolitian ","Sandstorms","Jam ",1
"16/02/2022","22:45:00","22:55:00",12,"Buffet ",28,4.6,3,"scooter ",1,"No ","Metropolitian ","Windy","Low ",0
"21/03/2022","21:15:00","21:20:00",19,"Snack ",31,4.8,18,"motorcycle ",1,"No ","Urban ","Sunny","Jam ",0
"2/04/2022","18:40:00","18:50:00",25,"Drinks ",26,4.6,18,"electric_scooter ",2,"No ","Urban ","Cloudy","Medium ",0
"5/03/2022","18:55:00","19:10:00",23,"Meal ",22,4.9,21,"motorcycle ",0,"No ","Metropolitian ","Sunny","Medium ",0
"11/03/2022","11:45:00","11:55:00",27,"Meal ",27,4.9,17,"scooter ",1,"No ","Metropolitian ","Fog","High ",0
"18/02/2022","19:35:00","19:50:00",26,"Buffet ",25,4.7,6,"scooter ",1,"No ","Metropolitian ","Sandstorms","Jam ",0
"1/03/2022","11:40:00","11:50:00",25,"Snack ",28,4.6,17,"motorcycle ",1,"No ","Metropolitian ","Windy","High ",1
"21/03/2022","8:30:00","8:35:00",13,"Meal ",21,4.8,15,"motorcycle ",2,"No ","Urban ","Sandstorms","Low ",0
"5/03/2022","19:40:00","19:45:00",23,"Snack ",27,4.6,23,"scooter ",2,"No ","Metropolitian ","Fog","Jam ",0
"5/04/2022","14:45:00","14:55:00",32,"Drinks ",35,4.1,5,"motorcycle ",0,"No ","Urban ","Sandstorms","High ",2
"14/02/2022","17:55:00","18:00:00",32,"Buffet ",38,4.5,8,"motorcycle ",2,"No ","Metropolitian ","Windy","Medium ",1
"2/04/2022","23:45:00","0:00:00",15,"Drinks ",26,4.7,15,"motorcycle ",0,"No ","Urban ","Sandstorms","Low ",1
"18/02/2022","21:25:00","21:40:00",43,"Snack ",29,4.9,5,"scooter ",2,"No ","Metropolitian ","Sandstorms","Jam ",1
"6/04/2022","20:25:00","20:30:00",30,"Meal ",37,4.5,18,"scooter ",1,"No ","Urban ","Stormy","Jam ",0
"24/03/2022","10:25:00","10:30:00",19,"Buffet ",22,5,18,"scooter ",2,"No ","Metropolitian ","Windy","Low ",0
"1/04/2022","10:50:00","11:00:00",16,"Drinks ",21,4.8,4,"motorcycle ",0,"No ","Urban ","Cloudy","Low ",1
"4/03/2022","21:20:00","21:30:00",24,"Buffet ",36,4.5,16,"scooter ",1,"No ","Metropolitian ","Sunny","Jam ",1
"31/03/2022","19:35:00","19:40:00",39,"Buffet ",36,3.8,11,"motorcycle ",1,"Yes ","Metropolitian ","Stormy","Jam ",1
"1/03/2022","11:30:00","11:40:00",25,"Snack ",26,4.6,22,"motorcycle ",0,"No ","Metropolitian ","Fog","High ",0
"8/03/2022","17:40:00","17:55:00",24,"Meal ",24,4.9,19,"scooter ",2,"No ","Metropolitian ","Stormy","Medium ",0
"12/03/2022","17:25:00","17:30:00",43,"Meal ",33,4.7,15,"motorcycle ",0,"No ","Metropolitian ","Stormy","Medium ",0
"6/03/2022","23:20:00","23:25:00",26,"Buffet ",30,5,9,"motorcycle ",0,"No ","Metropolitian ","Stormy","Low ",1
"19/03/2022","23:40:00","23:55:00",16,"Drinks ",26,5,17,"scooter ",1,"No ","Urban ","Stormy","Low ",1
"17/03/2022","8:40:00","8:50:00",19,"Snack ",21,5,23,"motorcycle ",0,"No ","Metropolitian ","Sunny","Low ",1
"2/03/2022","17:15:00","17:25:00",26,"Meal ",25,4.9,17,"motorcycle ",1,"No ","Urban ","Stormy","Medium ",1
"27/03/2022","21:35:00","21:50:00",38,"Buffet ",26,4.9,3,"motorcycle ",0,"No ","Metropolitian ","Cloudy","Jam ",1
"6/04/2022","19:45:00","20:00:00",45,"Buffet ",34,5,16,"scooter ",1,"No ","Metropolitian ","Fog","Jam ",0
"29/03/2022","23:45:00","23:55:00",26,"Buffet ",39,4.9,17,"scooter ",1,"No ","Metropolitian ","Fog","Low ",1
"5/04/2022","10:30:00","10:40:00",15,"Snack ",38,4.7,18,"scooter ",1,"No ","Urban ","Fog","Low ",0
"16/02/2022","19:35:00","19:45:00",40,"Buffet ",32,4.6,23,"electric_scooter ",2,"No ","Urban ","Cloudy","Jam ",1
"8/03/2022","20:55:00","21:10:00",40,"Snack ",21,4.7,23,"motorcycle ",0,"No ","Metropolitian ","Fog","Jam ",2
"30/03/2022","21:15:00","21:25:00",39,"Meal ",31,4.2,3,"motorcycle ",0,"No ","Metropolitian ","Sandstorms","Jam ",2
"18/03/2022","23:15:00","23:25:00",15,"Buffet ",28,4.7,5,"motorcycle ",0,"No ","Metropolitian ","Stormy","Low ",1
"14/03/2022","17:55:00","18:10:00",30,"Snack ",33,4.7,17,"motorcycle ",0,"No ","Metropolitian ","Stormy","Medium ",1
"12/02/2022","19:25:00","19:30:00",43,"Snack ",27,4.6,2,"motorcycle ",0,"Yes ","Metropolitian ","Fog","Jam ",1
"4/03/2022","18:45:00","18:55:00",37,"Meal ",28,4.1,3,"motorcycle ",0,"No ","Metropolitian ","Stormy","Medium ",1
"4/03/2022","22:55:00","23:00:00",25,"Meal ",36,4.6,9,"motorcycle ",1,"No ","Metropolitian ","Windy","Low ",1
"2/03/2022","19:10:00","19:20:00",43,"Snack ",34,4.6,14,"motorcycle ",0,"No ","Metropolitian ","Stormy","Jam ",1
"14/02/2022","22:50:00","22:55:00",20,"Snack ",20,4.8,6,"motorcycle ",0,"No ","Metropolitian ","Stormy","Low ",0
"31/03/2022","17:25:00","17:30:00",39,"Snack ",37,4.3,3,"scooter ",1,"No ","Metropolitian ","Fog","Medium ",0
"23/03/2022","19:40:00","19:55:00",28,"Snack ",39,4.7,23,"electric_scooter ",2,"No ","Metropolitian ","Windy","Jam ",1
"30/03/2022","13:15:00","13:25:00",27,"Meal ",30,4.8,17,"motorcycle ",0,"No ","Metropolitian ","Sunny","High ",1
"5/04/2022","13:00:00","13:10:00",29,"Snack ",30,4.8,19,"scooter ",2,"No ","Urban ","Sandstorms","High ",1
"5/03/2022","9:20:00","9:30:00",10,"Meal ",29,4.6,19,"motorcycle ",2,"No ","Urban ","Stormy","Low ",1
"16/03/2022","23:45:00","23:50:00",15,"Snack ",26,4.6,21,"scooter ",1,"No ","Urban ","Windy","Low ",1
"17/03/2022","18:20:00","18:25:00",14,"Buffet ",27,4.6,8,"motorcycle ",0,"No ","Metropolitian ","Windy","Medium ",0
"16/02/2022","23:15:00","23:30:00",18,"Drinks ",35,4.8,5,"scooter ",2,"No ","Metropolitian ","Sandstorms","Low ",0
"18/03/2022","18:55:00","19:10:00",25,"Meal ",22,4.7,13,"scooter ",2,"No ","Metropolitian ","Stormy","Medium ",0
"8/03/2022","18:25:00","18:40:00",39,"Buffet ",32,4.3,15,"scooter ",2,"No ","Metropolitian ","Sunny","Medium ",1
"26/03/2022","21:55:00","22:10:00",34,"Meal ",25,4.1,5,"motorcycle ",0,"No ","Metropolitian ","Sandstorms","Jam ",1
"27/03/2022","23:35:00","23:45:00",32,"Snack ",34,3.7,8,"scooter ",1,"No ","Metropolitian ","Fog","Low ",0
"15/02/2022","10:45:00","10:50:00",29,"Meal ",36,4.2,6,"motorcycle ",0,"No ","Urban ","Windy","Low ",0
"18/03/2022","19:45:00","20:00:00",15,"Drinks ",29,4.6,5,"electric_scooter ",2,"No ","Metropolitian ","Sunny","Jam ",1
"23/03/2022","23:55:00","0:10:00",17,"Snack ",24,4.6,15,"motorcycle ",0,"No ","Metropolitian ","Sandstorms","Low ",0
"10/03/2022","18:30:00","18:45:00",38,"Buffet ",37,4.1,1,"motorcycle ",0,"No ","Metropolitian ","Sunny","Medium ",2
"13/02/2022","10:30:00","10:40:00",24,"Drinks ",30,4.4,4,"motorcycle ",0,"No ","Metropolitian ","Sandstorms","Low ",1
"12/02/2022","20:00:00","20:10:00",50,"Snack ",31,4.7,18,"motorcycle ",0,"No ","Semi-Urban ","Windy","Jam ",1
"5/04/2022","11:25:00","11:40:00",30,"Drinks ",35,4.6,16,"motorcycle ",2,"No ","Metropolitian ","Stormy","High ",1
"2/04/2022","18:30:00","18:35:00",27,"Buffet ",37,4.8,18,"scooter ",1,"No ","Metropolitian ","Stormy","Medium ",1
"12/03/2022","0:00:00","0:05:00",17,"Drinks ",26,4.7,17,"motorcycle ",0,"No ","Metropolitian ","Windy","Low ",1
"1/03/2022","18:10:00","18:15:00",24,"Snack ",26,5,21,"motorcycle ",0,"No ","Metropolitian ","Fog","Medium ",0
"27/03/2022","21:45:00","21:55:00",18,"Drinks ",36,4.8,19,"scooter ",2,"No ","Urban ","Sunny","Jam ",0
"27/03/2022","22:50:00","23:00:00",36,"Meal ",36,5,8,"motorcycle ",0,"No ","Metropolitian ","Cloudy","Low ",0
"6/04/2022","22:35:00","22:40:00",25,"Snack ",30,4.7,23,"scooter ",1,"No ","Metropolitian ","Fog","Low ",1
"13/02/2022","10:35:00","10:40:00",19,"Buffet ",27,4.8,5,"motorcycle ",0,"No ","Metropolitian ","Fog","Low ",0
"7/03/2022","11:00:00","11:10:00",16,"Buffet ",31,4.9,17,"scooter ",1,"No ","Metropolitian ","Sunny","Low ",0
"1/03/2022","18:55:00","19:05:00",28,"Snack ",24,4.8,17,"motorcycle ",1,"No ","Metropolitian ","Stormy","Medium ",0
"2/04/2022","20:15:00","20:20:00",38,"Buffet ",25,4.7,23,"scooter ",2,"No ","Urban ","Cloudy","Jam ",0
"20/03/2022","23:15:00","23:25:00",17,"Drinks ",29,4.7,14,"motorcycle ",0,"No ","Metropolitian ","Windy","Low ",1
"31/03/2022","22:00:00","22:15:00",15,"Snack ",23,4.7,12,"electric_scooter ",2,"No ","Metropolitian ","Stormy","Jam ",0
"1/04/2022","18:25:00","18:40:00",28,"Drinks ",34,5,18,"scooter ",1,"No ","Metropolitian ","Stormy","Medium ",0
"3/04/2022","11:30:00","11:35:00",31,"Drinks ",33,4.1,4,"scooter ",1,"No ","Metropolitian ","Cloudy","High ",1
"2/04/2022","22:40:00","22:50:00",15,"Snack ",35,4.6,16,"electric_scooter ",2,"No ","Urban ","Stormy","Low ",0
"4/03/2022","23:25:00","23:40:00",38,"Snack ",39,3.6,3,"scooter ",2,"No ","Metropolitian ","Stormy","Low ",2
"14/03/2022","18:20:00","18:35:00",24,"Meal ",38,4.6,16,"motorcycle ",2,"No ","Metropolitian ","Sandstorms","Medium ",1
"3/04/2022","19:10:00","19:20:00",21,"Drinks ",39,4.6,23,"motorcycle ",0,"No ","Metropolitian ","Sunny","Jam ",1
"1/04/2022","21:30:00","21:40:00",25,"Buffet ",30,4.6,21,"motorcycle ",2,"No ","Metropolitian ","Cloudy","Jam ",0
"13/03/2022","23:35:00","23:40:00",11,"Snack ",20,4.7,19,"scooter ",2,"No ","Urban ","Windy","Low ",0
"27/03/2022","19:45:00","19:55:00",42,"Buffet ",37,4.4,11,"motorcycle ",2,"No ","Metropolitian ","Windy","Jam ",2
"4/03/2022","19:10:00","19:20:00",19,"Snack ",28,4.6,12,"scooter ",1,"No ","Metropolitian ","Stormy","Jam ",0
"12/03/2022","18:20:00","18:25:00",38,"Meal ",36,4.7,15,"motorcycle ",0,"No ","Metropolitian ","Sunny","Medium ",1
"9/03/2022","20:25:00","20:35:00",27,"Snack ",36,4.6,23,"motorcycle ",1,"No ","Metropolitian ","Sandstorms","Jam ",1
"14/02/2022","23:10:00","23:15:00",38,"Snack ",25,2.9,2,"scooter ",2,"No ","Urban ","Sunny","Low ",1
"29/03/2022","21:50:00","22:00:00",44,"Meal ",35,4.8,11,"motorcycle ",0,"No ","Metropolitian ","Windy","Jam ",1
"26/03/2022","21:20:00","21:30:00",25,"Buffet ",25,4.7,13,"scooter ",2,"No ","Metropolitian ","Fog","Jam ",0
"11/03/2022","12:10:00","12:25:00",24,"Meal ",29,5,9,"motorcycle ",0,"No ","Metropolitian ","Windy","High ",0
"6/03/2022","21:15:00","21:25:00",37,"Buffet ",23,5,12,"motorcycle ",0,"No ","Metropolitian ","Windy","Jam ",0
"5/03/2022","10:20:00","10:30:00",15,"Buffet ",27,4.8,14,"motorcycle ",1,"No ","Metropolitian ","Stormy","Low ",1
"18/03/2022","17:10:00","17:25:00",39,"Drinks ",28,4.4,21,"motorcycle ",0,"No ","Metropolitian ","Stormy","Medium ",1
"31/03/2022","17:10:00","17:20:00",16,"Meal ",25,5,16,"motorcycle ",1,"No ","Metropolitian ","Stormy","Medium ",1
"19/03/2022","20:00:00","20:10:00",36,"Drinks ",39,4.8,21,"motorcycle ",1,"No ","Metropolitian ","Cloudy","Jam ",1
"31/03/2022","22:30:00","22:35:00",32,"Meal ",20,3.5,11,"scooter ",1,"No ","Metropolitian ","Sunny","Low ",1
"4/04/2022","23:00:00","23:10:00",34,"Drinks ",25,2.5,3,"scooter ",1,"No ","Metropolitian ","Sunny","Low ",0
"1/04/2022","10:15:00","10:20:00",19,"Buffet ",30,4.6,18,"motorcycle ",1,"No ","Metropolitian ","Fog","Low ",0
"23/03/2022","0:00:00","0:15:00",24,"Meal ",32,4.6,21,"scooter ",2,"No ","Metropolitian ","Stormy","Low ",1
"15/03/2022","9:15:00","9:20:00",16,"Buffet ",25,4.8,23,"motorcycle ",2,"No ","Metropolitian ","Windy","Low ",0
"5/03/2022","19:55:00","20:05:00",40,"Drinks ",39,4.4,18,"motorcycle ",0,"No ","Metropolitian ","Windy","Jam ",1
"3/03/2022","17:20:00","17:35:00",29,"Buffet ",32,4.5,23,"motorcycle ",0,"No ","Metropolitian ","Sunny","Medium ",0
"5/04/2022","17:35:00","17:45:00",21,"Snack ",38,4.7,19,"motorcycle ",0,"No ","Urban ","Sunny","Medium ",0
"26/03/2022","12:00:00","12:15:00",33,"Meal ",38,4.2,7,"scooter ",1,"No ","Metropolitian ","Fog","High ",1
"17/03/2022","10:35:00","10:50:00",23,"Meal ",39,4.9,12,"scooter ",1,"No ","Metropolitian ","Stormy","Low ",1
"25/03/2022","17:10:00","17:25:00",39,"Meal ",37,4,9,"motorcycle ",0,"Yes ","Metropolitian ","Windy","Medium ",1
"18/03/2022","17:35:00","17:45:00",34,"Snack ",34,4.8,23,"scooter ",1,"No ","Metropolitian ","Fog","Medium ",1
"5/04/2022","19:40:00","19:50:00",15,"Drinks ",22,4.9,17,"scooter ",2,"No ","Metropolitian ","Stormy","Jam ",0
"1/04/2022","23:25:00","23:30:00",21,"Buffet ",20,4.8,21,"scooter ",2,"No ","Metropolitian ","Sunny","Low ",1
"5/04/2022","16:55:00","17:10:00",28,"Snack ",21,4.6,16,"motorcycle ",0,"No ","Metropolitian ","Sandstorms","Medium ",1
"17/02/2022","10:15:00","10:20:00",18,"Snack ",20,4.6,15,"scooter ",2,"No ","Urban ","Sandstorms","Low ",1
"26/03/2022","23:00:00","23:15:00",20,"Drinks ",30,4.5,23,"motorcycle ",0,"No ","Metropolitian ","Sandstorms","Low ",1
"3/04/2022","14:50:00","15:00:00",13,"Drinks ",23,4.8,21,"scooter ",2,"No ","Metropolitian ","Sunny","High ",0
"12/02/2022","17:50:00","18:05:00",12,"Snack ",25,4.7,22,"scooter ",2,"No ","Urban ","Sunny","Medium ",0
"18/02/2022","22:35:00","22:50:00",27,"Meal ",36,5,2,"motorcycle ",0,"No ","Metropolitian ","Sandstorms","Low ",1
"31/03/2022","19:50:00","19:55:00",52,"Drinks ",32,4.6,13,"motorcycle ",0,"No ","Metropolitian ","Cloudy","Jam ",2
"11/03/2022","19:15:00","19:20:00",24,"Snack ",22,4.6,13,"motorcycle ",0,"No ","Metropolitian ","Fog","Jam ",1
"18/02/2022","19:25:00","19:30:00",46,"Buffet ",37,4.1,20,"scooter ",1,"Yes ","Metropolitian ","Fog","Jam ",1
"28/03/2022","19:35:00","19:50:00",10,"Drinks ",29,4.9,22,"scooter ",2,"No ","Metropolitian ","Sunny","Jam ",0
"28/03/2022","22:35:00","22:40:00",19,"Meal ",39,4.7,15,"motorcycle ",2,"No ","Metropolitian ","Sunny","Low ",1
"15/03/2022","19:40:00","19:55:00",34,"Drinks ",35,4,3,"motorcycle ",1,"No ","Metropolitian ","Fog","Jam ",1
"23/03/2022","18:00:00","18:15:00",21,"Meal ",38,4.6,23,"scooter ",2,"No ","Metropolitian ","Sunny","Medium ",1
"14/02/2022","18:25:00","18:35:00",20,"Drinks ",20,4.7,3,"motorcycle ",1,"No ","Metropolitian ","Windy","Medium ",1
"23/03/2022","18:10:00","18:15:00",22,"Snack ",25,5,18,"motorcycle ",1,"No ","Urban ","Stormy","Medium ",1
"28/03/2022","8:45:00","9:00:00",25,"Meal ",34,4.6,15,"scooter ",1,"No ","Metropolitian ","Sandstorms","Low ",0
"5/04/2022","22:25:00","22:30:00",29,"Drinks ",34,4.8,18,"scooter ",1,"No ","Urban ","Stormy","Low ",1
"4/04/2022","20:35:00","20:45:00",26,"Buffet ",23,4.5,1,"electric_scooter ",2,"No ","Metropolitian ","Windy","Jam ",1
"5/04/2022","13:50:00","14:05:00",37,"Snack ",39,4.3,3,"motorcycle ",0,"No ","Metropolitian ","Sandstorms","High ",1
"13/02/2022","17:50:00","18:05:00",26,"Meal ",38,4.7,4,"motorcycle ",0,"No ","Metropolitian ","Stormy","Medium ",1
"9/03/2022","11:00:00","11:05:00",26,"Snack ",39,4.6,23,"motorcycle ",2,"No ","Metropolitian ","Windy","Low ",1
"2/03/2022","17:50:00","17:55:00",30,"Meal ",20,4.7,23,"scooter ",1,"No ","Metropolitian ","Fog","Medium ",1
"30/03/2022","20:40:00","20:45:00",24,"Meal ",26,4.7,6,"scooter ",2,"No ","Urban ","Fog","Jam ",1
"16/03/2022","20:45:00","20:50:00",25,"Buffet ",24,4.7,13,"motorcycle ",0,"No ","Metropolitian ","Windy","Jam ",1
"14/03/2022","23:30:00","23:45:00",24,"Drinks ",21,4.5,15,"motorcycle ",0,"No ","Metropolitian ","Fog","Low ",1
"15/02/2022","10:45:00","10:55:00",14,"Buffet ",26,4.8,21,"electric_scooter ",2,"No ","Urban ","Windy","Low ",1
"12/03/2022","23:20:00","23:35:00",21,"Snack ",30,4.6,15,"motorcycle ",0,"No ","Metropolitian ","Stormy","Low ",1
"3/03/2022","21:35:00","21:40:00",22,"Drinks ",30,4.6,19,"motorcycle ",0,"No ","Metropolitian ","Sunny","Jam ",1
"13/02/2022","18:00:00","18:15:00",15,"Snack ",39,5,6,"electric_scooter ",2,"No ","Metropolitian ","Fog","Medium ",1
"13/02/2022","21:30:00","21:40:00",32,"Snack ",23,4.6,7,"motorcycle ",0,"No ","Metropolitian ","Stormy","Jam ",0
"9/03/2022","15:20:00","15:25:00",26,"Drinks ",38,4.7,17,"motorcycle ",0,"No ","Metropolitian ","Sunny","Medium ",1
"25/03/2022","18:10:00","18:15:00",43,"Snack ",33,4.6,13,"scooter ",1,"No ","Metropolitian ","Fog","Medium ",1
"11/02/2022","9:50:00","9:55:00",22,"Meal ",38,4.6,7,"motorcycle ",1,"No ","Metropolitian ","Windy","Low ",1
"16/03/2022","20:00:00","20:15:00",34,"Meal ",20,4.4,6,"motorcycle ",0,"No ","Urban ","Sandstorms","Jam ",1
"31/03/2022","21:55:00","22:00:00",33,"Meal ",26,4.9,9,"motorcycle ",1,"No ","Metropolitian ","Cloudy","Jam ",1
"6/04/2022","17:10:00","17:25:00",29,"Drinks ",30,4.5,5,"scooter ",2,"No ","Metropolitian ","Stormy","Medium ",1
"11/03/2022","15:50:00","15:55:00",32,"Drinks ",31,4.2,3,"scooter ",2,"No ","Metropolitian ","Stormy","Medium ",0
"13/02/2022","17:15:00","17:20:00",27,"Meal ",35,4.7,6,"motorcycle ",2,"No ","Metropolitian ","Sandstorms","Medium ",1
"13/02/2022","22:30:00","22:45:00",23,"Meal ",35,4.5,7,"motorcycle ",0,"No ","Metropolitian ","Windy","Low ",0
"8/03/2022","18:40:00","18:55:00",32,"Meal ",25,4.3,17,"motorcycle ",0,"No ","Metropolitian ","Sandstorms","Medium ",1
"14/02/2022","23:15:00","23:30:00",17,"Meal ",20,4.7,8,"scooter ",2,"No ","Metropolitian ","Sandstorms","Low ",0
"11/02/2022","23:25:00","23:40:00",21,"Meal ",35,4.6,6,"scooter ",1,"No ","Metropolitian ","Sandstorms","Low ",0
"9/03/2022","21:55:00","22:05:00",17,"Snack ",37,4.5,5,"scooter ",1,"No ","Urban ","Sunny","Jam ",1
"5/04/2022","21:00:00","21:15:00",22,"Meal ",34,5,21,"motorcycle ",0,"No ","Metropolitian ","Sunny","Jam ",1
"4/04/2022","21:45:00","21:50:00",54,"Snack ",33,5,13,"motorcycle ",0,"Yes ","Metropolitian ","Fog","Jam ",1
"28/03/2022","11:40:00","11:50:00",23,"Meal ",21,4.6,21,"motorcycle ",0,"No ","Metropolitian ","Fog","High ",1
"13/03/2022","22:00:00","22:05:00",15,"Drinks ",23,4.7,18,"motorcycle ",1,"No ","Metropolitian ","Sandstorms","Jam ",1
"27/03/2022","22:55:00","23:05:00",24,"Drinks ",35,4.9,21,"scooter ",2,"No ","Urban ","Sandstorms","Low ",1
"11/02/2022","23:55:00","0:00:00",19,"Snack ",20,4.7,9,"motorcycle ",1,"No ","Metropolitian ","Sandstorms","Low ",1
"21/03/2022","13:20:00","13:35:00",27,"Meal ",32,4.9,22,"motorcycle ",1,"No ","Metropolitian ","Cloudy","High ",1
"6/04/2022","20:30:00","20:45:00",25,"Buffet ",32,4.9,21,"motorcycle ",0,"No ","Metropolitian ","Sunny","Jam ",1
"17/03/2022","9:25:00","9:30:00",14,"Snack ",20,4.8,15,"scooter ",2,"No ","Urban ","Windy","Low ",0
"14/03/2022","17:10:00","17:15:00",26,"Snack ",27,4.5,18,"electric_scooter ",2,"No ","Metropolitian ","Sandstorms","Medium ",1
"1/03/2022","10:20:00","10:30:00",12,"Snack ",27,4.8,22,"motorcycle ",1,"No ","Metropolitian ","Windy","Low ",1
"12/03/2022","21:15:00","21:25:00",31,"Buffet ",27,4.1,6,"motorcycle ",0,"No ","Urban ","Sandstorms","Jam ",1
"23/03/2022","22:10:00","22:15:00",27,"Drinks ",27,4.7,22,"scooter ",2,"No ","Metropolitian ","Fog","Low ",1
"18/02/2022","23:30:00","23:40:00",16,"Meal ",31,4.6,6,"scooter ",2,"No ","Metropolitian ","Sunny","Low ",0
"5/03/2022","23:15:00","23:25:00",16,"Meal ",32,4.9,21,"electric_scooter ",2,"No ","Metropolitian ","Stormy","Low ",1
"9/03/2022","8:15:00","8:25:00",24,"Buffet ",38,4.8,22,"electric_scooter ",2,"No ","Urban ","Stormy","Low ",1
"1/04/2022","15:10:00","15:20:00",28,"Buffet ",22,4.5,3,"scooter ",1,"No ","Urban ","Stormy","Medium ",1
"6/03/2022","17:15:00","17:25:00",33,"Snack ",29,4.1,7,"motorcycle ",2,"No ","Metropolitian ","Fog","Medium ",1
"5/03/2022","19:20:00","19:25:00",35,"Buffet ",36,4.2,2,"motorcycle ",0,"No ","Metropolitian ","Sandstorms","Jam ",1
"6/04/2022","20:40:00","20:45:00",25,"Drinks ",29,4.6,15,"motorcycle ",1,"No ","Metropolitian ","Stormy","Jam ",1
"16/03/2022","20:40:00","20:50:00",41,"Buffet ",35,5,22,"scooter ",2,"No ","Metropolitian ","Fog","Jam ",2
"18/03/2022","20:20:00","20:35:00",15,"Snack ",27,5,13,"scooter ",1,"No ","Metropolitian ","Windy","Jam ",1
"29/03/2022","17:35:00","17:40:00",35,"Snack ",32,3.8,4,"motorcycle ",2,"No ","Metropolitian ","Windy","Medium ",0
"28/03/2022","11:10:00","11:20:00",38,"Buffet ",21,4.7,6,"motorcycle ",0,"No ","Metropolitian ","Stormy","High ",1
"1/03/2022","22:10:00","22:25:00",29,"Snack ",33,4.8,16,"motorcycle ",1,"No ","Metropolitian ","Stormy","Low ",1
"8/03/2022","18:25:00","18:35:00",39,"Buffet ",22,4,5,"scooter ",1,"No ","Metropolitian ","Fog","Medium ",1
"29/03/2022","22:35:00","22:50:00",26,"Snack ",34,4.8,5,"motorcycle ",0,"No ","Urban ","Windy","Low ",1
"4/04/2022","20:00:00","20:10:00",22,"Meal ",37,4.6,23,"scooter ",2,"No ","Urban ","Sunny","Jam ",1
"8/03/2022","23:00:00","23:05:00",25,"Meal ",22,4.9,19,"scooter ",1,"No ","Metropolitian ","Fog","Low ",1
"18/02/2022","17:15:00","17:30:00",30,"Meal ",28,4.7,6,"motorcycle ",0,"No ","Metropolitian ","Sandstorms","Medium ",1
"30/03/2022","10:50:00","11:00:00",34,"Drinks ",36,4.2,3,"motorcycle ",0,"No ","Metropolitian ","Sandstorms","Low ",0
"25/03/2022","22:10:00","22:20:00",34,"Buffet ",34,3.5,5,"electric_scooter ",2,"No ","Metropolitian ","Cloudy","Low ",0
"15/03/2022","14:15:00","14:25:00",14,"Buffet ",28,4.7,23,"motorcycle ",2,"No ","Metropolitian ","Windy","High ",1
"18/03/2022","19:10:00","19:20:00",15,"Drinks ",22,4.6,18,"electric_scooter ",2,"No ","Urban ","Stormy","Jam ",1
"23/03/2022","17:55:00","18:10:00",28,"Drinks ",22,4.7,19,"scooter ",1,"No ","Urban ","Stormy","Medium ",1
"17/03/2022","9:15:00","9:30:00",28,"Meal ",39,5,18,"motorcycle ",2,"No ","Metropolitian ","Stormy","Low ",1
"7/03/2022","20:10:00","20:20:00",18,"Meal ",38,4.5,14,"scooter ",2,"No ","Metropolitian ","Sunny","Jam ",1
"12/02/2022","19:10:00","19:15:00",27,"Meal ",27,4.6,4,"scooter ",2,"No ","Metropolitian ","Sandstorms","Jam ",0
"28/03/2022","9:55:00","10:10:00",26,"Meal ",31,4.6,13,"scooter ",1,"No ","Metropolitian ","Windy","Low ",0
"18/03/2022","19:10:00","19:25:00",40,"Buffet ",30,4.1,23,"scooter ",1,"No ","Metropolitian ","Cloudy","Jam ",1
"13/03/2022","23:20:00","23:30:00",19,"Snack ",38,4.6,16,"scooter ",1,"No ","Urban ","Cloudy","Low ",1
"19/03/2022","23:15:00","23:25:00",19,"Buffet ",23,4.8,11,"scooter ",1,"No ","Metropolitian ","Windy","Low ",1
"6/04/2022","23:30:00","23:45:00",23,"Snack ",25,4.9,23,"motorcycle ",0,"No ","Metropolitian ","Sunny","Low ",1
"14/03/2022","22:25:00","22:30:00",21,"Drinks ",34,5,15,"motorcycle ",0,"No ","Urban ","Sunny","Low ",0
"1/03/2022","10:00:00","10:05:00",16,"Drinks ",25,4.5,1,"scooter ",2,"No ","Urban ","Stormy","Low ",1
"8/03/2022","19:50:00","20:05:00",49,"Meal ",34,4.6,18,"scooter ",2,"Yes ","Metropolitian ","Fog","Jam ",1
"5/04/2022","15:10:00","15:20:00",28,"Buffet ",37,4.8,18,"motorcycle ",0,"No ","Urban ","Windy","Medium ",1
"19/03/2022","18:00:00","18:10:00",28,"Drinks ",29,4.8,1,"scooter ",2,"No ","Metropolitian ","Sandstorms","Medium ",0
"1/04/2022","19:25:00","19:35:00",11,"Buffet ",24,5,18,"scooter ",2,"No ","Urban ","Stormy","Jam ",0
"25/03/2022","20:10:00","20:25:00",31,"Drinks ",26,4.6,19,"motorcycle ",1,"No ","Urban ","Cloudy","Jam ",2
"14/03/2022","17:20:00","17:35:00",22,"Drinks ",39,5,12,"scooter ",1,"No ","Metropolitian ","Sandstorms","Medium ",1
"28/03/2022","21:40:00","21:45:00",29,"Meal ",31,4.9,11,"motorcycle ",0,"No ","Metropolitian ","Cloudy","Jam ",1
"28/03/2022","19:30:00","19:45:00",27,"Drinks ",28,4.6,22,"scooter ",1,"No ","Urban ","Stormy","Jam ",1
"12/02/2022","21:30:00","21:40:00",20,"Snack ",23,4.8,2,"scooter ",2,"No ","Metropolitian ","Sunny","Jam ",1
"20/03/2022","20:30:00","20:35:00",20,"Snack ",24,4.6,15,"electric_scooter ",2,"No ","Metropolitian ","Stormy","Jam ",0
"30/03/2022","20:10:00","20:20:00",13,"Meal ",27,4.8,6,"electric_scooter ",2,"No ","Urban ","Sandstorms","Jam ",1
"3/04/2022","8:20:00","8:25:00",10,"Drinks ",38,4.7,23,"scooter ",2,"No ","Metropolitian ","Sunny","Low ",0
"14/03/2022","19:30:00","19:35:00",31,"Snack ",26,4.2,3,"scooter ",1,"No ","Metropolitian ","Cloudy","Jam ",1
"31/03/2022","17:20:00","17:25:00",28,"Snack ",20,4.7,19,"scooter ",1,"No ","Metropolitian ","Sandstorms","Medium ",0
"20/03/2022","18:55:00","19:05:00",26,"Buffet ",20,4.7,23,"motorcycle ",0,"No ","Urban ","Sunny","Medium ",1
"13/02/2022","21:00:00","21:10:00",34,"Meal ",21,4,16,"scooter ",2,"No ","Metropolitian ","Stormy","Jam ",1
"12/02/2022","23:40:00","23:50:00",15,"Meal ",34,5,3,"scooter ",1,"No ","Metropolitian ","Sandstorms","Low ",1
"18/02/2022","19:55:00","20:05:00",13,"Buffet ",29,4.9,5,"scooter ",1,"No ","Metropolitian ","Sunny","Jam ",0
"16/02/2022","21:20:00","21:35:00",21,"Meal ",24,4.7,17,"motorcycle ",0,"No ","Urban ","Sunny","Jam ",0
"7/03/2022","8:10:00","8:25:00",12,"Drinks ",26,4.7,17,"motorcycle ",2,"No ","Urban ","Stormy","Low ",0
"17/02/2022","18:00:00","18:15:00",23,"Snack ",25,4.9,19,"scooter ",1,"No ","Urban ","Sandstorms","Medium ",0
"5/03/2022","8:30:00","8:35:00",18,"Snack ",27,4,1,"motorcycle ",0,"No ","Metropolitian ","Stormy","Low ",0
"11/03/2022","23:35:00","23:50:00",26,"Buffet ",39,4.9,23,"motorcycle ",1,"No ","Metropolitian ","Stormy","Low ",0
"12/02/2022","19:45:00","20:00:00",30,"Snack ",29,4.8,17,"motorcycle ",0,"No ","Urban ","Sandstorms","Jam ",1
"16/02/2022","19:25:00","19:35:00",21,"Snack ",24,5,16,"motorcycle ",1,"No ","Urban ","Sandstorms","Jam ",1
"14/03/2022","23:35:00","23:45:00",28,"Snack ",38,4.6,14,"scooter ",1,"No ","Metropolitian ","Stormy","Low ",1
"28/03/2022","12:00:00","12:10:00",28,"Buffet ",22,5,19,"scooter ",1,"No ","Urban ","Cloudy","High ",1
"27/03/2022","18:35:00","18:45:00",28,"Snack ",26,5,23,"motorcycle ",0,"No ","Metropolitian ","Windy","Medium ",1
"2/03/2022","20:30:00","20:35:00",19,"Meal ",37,4.8,21,"scooter ",2,"No ","Metropolitian ","Sunny","Jam ",1
"18/03/2022","21:25:00","21:30:00",20,"Meal ",26,4.9,13,"motorcycle ",1,"No ","Metropolitian ","Sandstorms","Jam ",1
"12/02/2022","19:50:00","20:05:00",46,"Snack ",38,4.7,4,"scooter ",2,"No ","Metropolitian ","Stormy","Jam ",1
"17/03/2022","17:25:00","17:40:00",16,"Drinks ",31,5,12,"scooter ",2,"No ","Metropolitian ","Sunny","Medium ",1
"25/03/2022","20:40:00","20:45:00",15,"Drinks ",28,4.8,21,"motorcycle ",1,"No ","Metropolitian ","Sunny","Jam ",1
"5/04/2022","15:10:00","15:15:00",16,"Drinks ",25,4.6,18,"motorcycle ",1,"No ","Metropolitian ","Fog","Medium ",0
"25/03/2022","19:10:00","19:20:00",37,"Buffet ",24,4.2,13,"electric_scooter ",2,"No ","Metropolitian ","Fog","Jam ",1
"2/04/2022","17:45:00","18:00:00",38,"Drinks ",34,3.7,5,"motorcycle ",1,"No ","Metropolitian ","Sandstorms","Medium ",1
"6/03/2022","19:35:00","19:40:00",41,"Buffet ",23,4.9,17,"motorcycle ",0,"No ","Metropolitian ","Sunny","Jam ",1
"12/02/2022","23:15:00","23:20:00",29,"Meal ",21,4.5,3,"motorcycle ",1,"No ","Metropolitian ","Fog","Low ",0
"6/03/2022","19:20:00","19:25:00",38,"Snack ",33,4.6,21,"scooter ",1,"No ","Urban ","Stormy","Jam ",1
"17/03/2022","15:35:00","15:45:00",16,"Buffet ",35,4.6,4,"scooter ",2,"No ","Metropolitian ","Fog","Medium ",0
"3/04/2022","8:40:00","8:55:00",12,"Snack ",23,4.8,23,"scooter ",1,"No ","Metropolitian ","Cloudy","Low ",0
"15/02/2022","10:00:00","10:05:00",24,"Drinks ",34,4.7,3,"electric_scooter ",2,"No ","Metropolitian ","Stormy","Low ",0
"7/03/2022","19:15:00","19:30:00",36,"Meal ",23,4,9,"motorcycle ",0,"No ","Metropolitian ","Windy","Jam ",1
"9/03/2022","9:45:00","10:00:00",14,"Drinks ",29,4.9,16,"electric_scooter ",2,"No ","Metropolitian ","Windy","Low ",0
"31/03/2022","22:50:00","22:55:00",27,"Meal ",33,4.5,23,"motorcycle ",1,"No ","Metropolitian ","Sandstorms","Low ",1
"19/03/2022","8:20:00","8:25:00",20,"Buffet ",33,4.8,13,"motorcycle ",2,"No ","Metropolitian ","Stormy","Low ",0
"3/03/2022","20:40:00","20:45:00",30,"Buffet ",38,4.6,22,"motorcycle ",0,"No ","Metropolitian ","Stormy","Jam ",1
"29/03/2022","23:40:00","23:50:00",27,"Meal ",34,4.7,22,"scooter ",2,"No ","Metropolitian ","Sandstorms","Low ",0
"18/02/2022","17:40:00","17:45:00",42,"Buffet ",38,4.8,6,"scooter ",2,"No ","Metropolitian ","Fog","Medium ",1
"7/03/2022","23:55:00","0:10:00",24,"Snack ",35,4.5,19,"scooter ",1,"No ","Metropolitian ","Sandstorms","Low ",0
"18/02/2022","19:10:00","19:15:00",54,"Meal ",32,4.9,4,"motorcycle ",0,"Yes ","Metropolitian ","Sandstorms","Jam ",3
"7/03/2022","18:20:00","18:30:00",24,"Meal ",21,4.6,18,"motorcycle ",2,"No ","Metropolitian ","Windy","Medium ",0
"28/03/2022","22:45:00","23:00:00",18,"Buffet ",31,4.5,23,"electric_scooter ",2,"No ","Metropolitian ","Fog","Low ",0
"15/03/2022","8:50:00","9:05:00",14,"Snack ",28,4.8,16,"scooter ",1,"No ","Urban ","Fog","Low ",1
"18/02/2022","18:10:00","18:15:00",37,"Buffet ",31,4.5,3,"motorcycle ",0,"No ","Metropolitian ","Fog","Medium ",1
"16/03/2022","19:15:00","19:30:00",52,"Buffet ",39,5,16,"motorcycle ",0,"No ","Metropolitian ","Windy","Jam ",1
"1/03/2022","9:50:00","10:05:00",17,"Snack ",29,4.7,13,"motorcycle ",1,"No ","Metropolitian ","Sandstorms","Low ",1
"26/03/2022","19:10:00","19:15:00",30,"Drinks ",38,4.8,6,"scooter ",1,"No ","Metropolitian ","Fog","Jam ",1
"8/03/2022","23:30:00","23:35:00",24,"Meal ",24,5,21,"motorcycle ",0,"No ","Metropolitian ","Sunny","Low ",1
"17/02/2022","20:35:00","20:45:00",26,"Drinks ",30,5,21,"scooter ",1,"No ","Urban ","Stormy","Jam ",1
"7/03/2022","15:10:00","15:20:00",28,"Buffet ",39,4.9,18,"motorcycle ",0,"No ","Urban ","Stormy","Medium ",1
"14/02/2022","22:40:00","22:45:00",26,"Buffet ",26,5,4,"electric_scooter ",2,"No ","Metropolitian ","Stormy","Low ",1
"24/03/2022","18:55:00","19:05:00",13,"Meal ",23,4.8,22,"motorcycle ",1,"No ","Metropolitian ","Sunny","Medium ",1
"11/02/2022","14:50:00","15:05:00",22,"Meal ",28,4.9,23,"motorcycle ",0,"No ","Urban ","Stormy","High ",1
"16/03/2022","22:20:00","22:30:00",11,"Meal ",24,4.9,22,"electric_scooter ",2,"No ","Urban ","Sandstorms","Low ",1
"12/02/2022","20:55:00","21:10:00",30,"Drinks ",33,4.8,15,"motorcycle ",1,"No ","Urban ","Sunny","Jam ",1
"1/03/2022","17:15:00","17:25:00",34,"Drinks ",36,4,15,"motorcycle ",0,"No ","Metropolitian ","Fog","Medium ",1
"6/03/2022","21:35:00","21:40:00",38,"Snack ",31,3.9,3,"motorcycle ",1,"No ","Metropolitian ","Sandstorms","Jam ",0
"1/04/2022","11:30:00","11:40:00",25,"Drinks ",24,4.9,19,"motorcycle ",0,"No ","Metropolitian ","Cloudy","High ",1
"5/03/2022","12:50:00","13:00:00",50,"Meal ",28,4.3,17,"motorcycle ",0,"No ","Metropolitian ","Sunny","High ",0
"3/03/2022","10:40:00","10:50:00",24,"Buffet ",32,4.6,23,"scooter ",2,"No ","Metropolitian ","Windy","Low ",1
"4/04/2022","19:40:00","19:50:00",28,"Drinks ",22,4.8,9,"scooter ",1,"No ","Metropolitian ","Sandstorms","Jam ",1
"12/03/2022","17:25:00","17:35:00",29,"Buffet ",31,4.8,18,"motorcycle ",1,"No ","Metropolitian ","Sunny","Medium ",0
"23/03/2022","20:35:00","20:50:00",42,"Drinks ",32,5,11,"motorcycle ",0,"No ","Metropolitian ","Sandstorms","Jam ",0
"28/03/2022","17:55:00","18:05:00",28,"Buffet ",27,5,17,"motorcycle ",0,"No ","Metropolitian ","Windy","Medium ",1
"5/04/2022","22:45:00","22:55:00",22,"Meal ",38,4.9,23,"motorcycle ",0,"No ","Urban ","Fog","Low ",1
"13/03/2022","23:10:00","23:25:00",20,"Meal ",34,4.6,22,"motorcycle ",0,"No ","Urban ","Fog","Low ",0
"24/03/2022","9:15:00","9:25:00",21,"Buffet ",20,4.8,22,"motorcycle ",0,"No ","Urban ","Cloudy","Low ",0
"16/03/2022","20:30:00","20:45:00",51,"Buffet ",34,4.4,23,"motorcycle ",0,"No ","Metropolitian ","Stormy","Jam ",1
"2/04/2022","21:20:00","21:30:00",15,"Meal ",20,4.8,23,"motorcycle ",1,"No ","Urban ","Windy","Jam ",1
"5/04/2022","23:15:00","23:25:00",23,"Drinks ",30,4.7,18,"motorcycle ",0,"No ","Metropolitian ","Fog","Low ",1
"18/03/2022","23:40:00","23:45:00",37,"Meal ",34,3.6,13,"electric_scooter ",2,"No ","Metropolitian ","Fog","Low ",1
"12/02/2022","21:30:00","21:45:00",18,"Meal ",30,4.5,5,"motorcycle ",2,"No ","Urban ","Sunny","Jam ",1
"17/03/2022","23:25:00","23:35:00",16,"Drinks ",26,4.9,9,"scooter ",2,"No ","Metropolitian ","Stormy","Low ",0
"4/04/2022","20:10:00","20:15:00",39,"Drinks ",34,4.6,16,"motorcycle ",2,"No ","Metropolitian ","Fog","Jam ",0
"30/03/2022","19:10:00","19:25:00",19,"Snack ",24,4.6,18,"scooter ",1,"No ","Metropolitian ","Stormy","Jam ",0
"8/03/2022","22:10:00","22:20:00",19,"Buffet ",36,4.8,18,"motorcycle ",2,"No ","Urban ","Stormy","Low ",1
"16/02/2022","19:55:00","20:05:00",39,"Snack ",37,4.2,1,"scooter ",2,"No ","Urban ","Stormy","Jam ",0
"17/03/2022","23:35:00","23:40:00",20,"Meal ",38,4.2,4,"motorcycle ",0,"No ","Urban ","Windy","Low ",1
"27/03/2022","19:15:00","19:20:00",38,"Buffet ",38,4.6,23,"motorcycle ",0,"No ","Urban ","Sunny","Jam ",1
"1/03/2022","12:00:00","12:05:00",27,"Buffet ",37,4.8,15,"scooter ",1,"No ","Urban ","Windy","High ",1
"24/03/2022","11:10:00","11:25:00",30,"Drinks ",31,4.7,22,"scooter ",2,"No ","Urban ","Stormy","High ",1
"20/03/2022","19:30:00","19:35:00",33,"Meal ",36,4.3,13,"scooter ",2,"No ","Metropolitian ","Sandstorms","Jam ",1
"7/03/2022","17:55:00","18:10:00",14,"Meal ",22,4.8,22,"scooter ",1,"No ","Metropolitian ","Sunny","Medium ",0
"12/03/2022","19:20:00","19:30:00",37,"Drinks ",32,5,12,"motorcycle ",0,"No ","Metropolitian ","Sunny","Jam ",1
"6/04/2022","20:45:00","20:55:00",15,"Meal ",28,4.8,16,"motorcycle ",2,"No ","Metropolitian ","Sunny","Jam ",1
"6/04/2022","23:15:00","23:30:00",22,"Drinks ",35,4.9,17,"motorcycle ",0,"No ","Metropolitian ","Stormy","Low ",1
"18/03/2022","23:30:00","23:35:00",33,"Buffet ",32,4.1,23,"motorcycle ",1,"No ","Metropolitian ","Cloudy","Low ",0
"13/02/2022","12:55:00","13:05:00",38,"Drinks ",34,4.7,4,"motorcycle ",2,"No ","Metropolitian ","Stormy","High ",1
"3/04/2022","13:45:00","13:55:00",33,"Drinks ",39,5,6,"scooter ",2,"No ","Metropolitian ","Stormy","High ",1
"3/03/2022","20:15:00","20:30:00",30,"Buffet ",21,4.8,21,"motorcycle ",0,"No ","Metropolitian ","Stormy","Jam ",1
"26/03/2022","10:45:00","10:55:00",19,"Drinks ",21,4.7,22,"scooter ",1,"No ","Urban ","Stormy","Low ",0
"15/02/2022","18:15:00","18:25:00",29,"Buffet ",39,4.7,16,"motorcycle ",1,"No ","Urban ","Sandstorms","Medium ",1
"11/03/2022","15:35:00","15:40:00",25,"Drinks ",26,4.8,15,"motorcycle ",1,"No ","Metropolitian ","Sandstorms","Medium ",1
"8/03/2022","19:10:00","19:20:00",26,"Snack ",22,4.8,23,"motorcycle ",1,"No ","Metropolitian ","Stormy","Jam ",1
"11/03/2022","14:30:00","14:35:00",15,"Buffet ",22,4.9,13,"motorcycle ",0,"No ","Metropolitian ","Windy","High ",0
"28/03/2022","9:50:00","10:00:00",13,"Drinks ",28,5,15,"motorcycle ",1,"No ","Urban ","Cloudy","Low ",1
"11/03/2022","18:25:00","18:40:00",22,"Snack ",27,4.8,21,"scooter ",1,"No ","Urban ","Stormy","Medium ",1
"24/03/2022","10:30:00","10:40:00",21,"Buffet ",38,4.6,15,"scooter ",2,"No ","Metropolitian ","Stormy","Low ",1
"2/04/2022","23:15:00","23:30:00",21,"Drinks ",20,4.6,23,"motorcycle ",2,"No ","Metropolitian ","Cloudy","Low ",1
"4/03/2022","17:10:00","17:20:00",33,"Snack ",21,4.2,8,"motorcycle ",0,"No ","Metropolitian ","Stormy","Medium ",2
"5/04/2022","11:25:00","11:35:00",24,"Snack ",22,4.6,21,"scooter ",2,"No ","Metropolitian ","Windy","High ",0
"10/03/2022","21:15:00","21:20:00",37,"Meal ",23,4.9,12,"motorcycle ",0,"No ","Metropolitian ","Windy","Jam ",1
"1/04/2022","19:40:00","19:45:00",30,"Buffet ",36,4.7,17,"electric_scooter ",2,"No ","Urban ","Fog","Jam ",0
"28/03/2022","10:40:00","10:45:00",28,"Meal ",36,4.6,19,"scooter ",2,"No ","Urban ","Stormy","Low ",1
"28/03/2022","23:15:00","23:30:00",23,"Drinks ",37,4.9,12,"motorcycle ",2,"No ","Metropolitian ","Sandstorms","Low ",1
"1/04/2022","23:10:00","23:20:00",29,"Meal ",30,4.7,15,"motorcycle ",1,"No ","Metropolitian ","Sandstorms","Low ",1
"3/03/2022","8:25:00","8:40:00",22,"Buffet ",30,4.9,14,"motorcycle ",1,"No ","Metropolitian ","Stormy","Low ",1
"27/03/2022","22:00:00","22:10:00",22,"Snack ",27,4.6,19,"motorcycle ",0,"No ","Metropolitian ","Sunny","Jam ",1
"6/04/2022","20:20:00","20:30:00",48,"Meal ",31,4.6,18,"motorcycle ",0,"Yes ","Semi-Urban ","Cloudy","Jam ",2
"28/03/2022","19:30:00","19:35:00",24,"Drinks ",27,4.6,16,"scooter ",1,"No ","Metropolitian ","Fog","Jam ",1
"27/03/2022","20:10:00","20:15:00",40,"Meal ",20,4.8,2,"motorcycle ",0,"No ","Metropolitian ","Cloudy","Jam ",1
"16/03/2022","23:20:00","23:35:00",28,"Snack ",28,4.8,23,"motorcycle ",2,"No ","Urban ","Sunny","Low ",1
"6/04/2022","18:20:00","18:30:00",17,"Buffet ",26,4.7,23,"motorcycle ",0,"No ","Metropolitian ","Sunny","Medium ",0
"25/03/2022","21:00:00","21:05:00",35,"Meal ",31,4.4,1,"motorcycle ",0,"No ","Metropolitian ","Windy","Jam ",1
"15/02/2022","12:30:00","12:40:00",24,"Drinks ",21,5,15,"motorcycle ",0,"No ","Urban ","Windy","High ",0
"25/03/2022","19:45:00","19:50:00",33,"Snack ",34,4.5,1,"scooter ",2,"No ","Metropolitian ","Stormy","Jam ",1
"16/02/2022","18:10:00","18:20:00",36,"Buffet ",36,4.9,9,"electric_scooter ",2,"No ","Metropolitian ","Stormy","Medium ",1
"12/02/2022","20:20:00","20:35:00",29,"Drinks ",35,4.6,5,"scooter ",2,"No ","Metropolitian ","Stormy","Jam ",1
"24/03/2022","8:25:00","8:40:00",31,"Buffet ",32,4.2,3,"motorcycle ",0,"No ","Metropolitian ","Sandstorms","Low ",1
"12/03/2022","18:30:00","18:35:00",35,"Buffet ",28,4.9,9,"motorcycle ",0,"No ","Metropolitian ","Sandstorms","Medium ",1
"11/03/2022","18:40:00","18:50:00",24,"Snack ",24,4.8,19,"motorcycle ",0,"No ","Metropolitian ","Sunny","Medium ",1
"2/04/2022","19:35:00","19:40:00",25,"Snack ",24,4.7,21,"motorcycle ",2,"No ","Metropolitian ","Sandstorms","Jam ",0
"12/02/2022","22:50:00","22:55:00",17,"Drinks ",34,4.7,4,"motorcycle ",2,"No ","Metropolitian ","Stormy","Low ",0
"3/03/2022","10:15:00","10:20:00",18,"Drinks ",27,5,19,"motorcycle ",1,"No ","Metropolitian ","Sandstorms","Low ",1
"11/02/2022","21:40:00","21:45:00",28,"Drinks ",37,4.5,3,"motorcycle ",1,"No ","Metropolitian ","Windy","Jam ",1
"1/04/2022","17:20:00","17:35:00",24,"Buffet ",37,4.6,5,"scooter ",1,"No ","Urban ","Sunny","Medium ",1
"17/02/2022","9:15:00","9:20:00",24,"Buffet ",36,5,4,"motorcycle ",1,"No ","Metropolitian ","Stormy","Low ",1
"20/03/2022","21:20:00","21:25:00",31,"Meal ",22,4,11,"scooter ",1,"No ","Metropolitian ","Fog","Jam ",1
"2/03/2022","17:45:00","17:50:00",30,"Meal ",32,4.5,13,"scooter ",1,"No ","Metropolitian ","Stormy","Medium ",1
"17/03/2022","8:55:00","9:05:00",15,"Drinks ",28,4.9,17,"motorcycle ",0,"No ","Metropolitian ","Fog","Low ",1
"10/03/2022","22:15:00","22:30:00",24,"Meal ",31,4.6,22,"scooter ",2,"No ","Urban ","Sandstorms","Low ",1
"26/03/2022","19:55:00","20:05:00",34,"Buffet ",24,4.1,1,"motorcycle ",1,"No ","Metropolitian ","Fog","Jam ",1
"5/04/2022","20:30:00","20:40:00",13,"Buffet ",20,4.7,21,"motorcycle ",1,"No ","Metropolitian ","Windy","Jam ",1
"15/03/2022","18:55:00","19:10:00",18,"Meal ",37,4.9,21,"motorcycle ",1,"No ","Urban ","Fog","Medium ",1
"12/02/2022","18:45:00","18:55:00",20,"Meal ",28,4.9,3,"motorcycle ",0,"No ","Metropolitian ","Sunny","Medium ",1
"14/03/2022","20:00:00","20:15:00",42,"Snack ",27,4.9,14,"motorcycle ",0,"No ","Metropolitian ","Fog","Jam ",0
"14/02/2022","19:50:00","19:55:00",39,"Snack ",24,4.4,7,"motorcycle ",1,"No ","Metropolitian ","Stormy","Jam ",2
"18/03/2022","21:50:00","22:00:00",34,"Drinks ",38,3.7,19,"motorcycle ",1,"No ","Metropolitian ","Sandstorms","Jam ",2
"31/03/2022","17:25:00","17:35:00",32,"Drinks ",27,4.1,7,"scooter ",1,"No ","Metropolitian ","Fog","Medium ",1
"30/03/2022","20:55:00","21:00:00",32,"Meal ",23,4.1,3,"electric_scooter ",2,"No ","Metropolitian ","Fog","Jam ",1
"5/03/2022","23:55:00","0:00:00",16,"Meal ",34,5,17,"scooter ",1,"No ","Metropolitian ","Sunny","Low ",1
"11/02/2022","23:55:00","0:10:00",24,"Meal ",31,4.4,1,"motorcycle ",0,"No ","Urban ","Sandstorms","Low ",1
"6/03/2022","18:25:00","18:30:00",24,"Snack ",32,4.8,15,"motorcycle ",1,"No ","Metropolitian ","Sunny","Medium ",0
"12/02/2022","17:55:00","18:05:00",25,"Meal ",32,4.7,2,"motorcycle ",1,"No ","Metropolitian ","Windy","Medium ",0
"15/03/2022","19:30:00","19:35:00",30,"Snack ",23,4.7,23,"motorcycle ",0,"No ","Metropolitian ","Sandstorms","Jam ",1
"9/03/2022","14:40:00","14:50:00",13,"Drinks ",21,4.7,16,"scooter ",2,"No ","Urban ","Stormy","High ",1
"31/03/2022","18:40:00","18:55:00",13,"Buffet ",28,4.9,16,"scooter ",2,"No ","Urban ","Sunny","Medium ",0
"27/03/2022","19:00:00","19:10:00",36,"Snack ",20,4.1,9,"electric_scooter ",2,"No ","Metropolitian ","Cloudy","Medium ",1
"14/02/2022","20:40:00","20:55:00",41,"Buffet ",36,4.6,7,"motorcycle ",0,"No ","Metropolitian ","Fog","Jam ",2
"9/03/2022","12:10:00","12:25:00",23,"Meal ",23,4.5,12,"scooter ",2,"No ","Metropolitian ","Fog","High ",1
"26/03/2022","11:50:00","12:05:00",46,"Buffet ",20,3.7,1,"motorcycle ",0,"No ","Metropolitian ","Sunny","High ",3
"3/03/2022","9:35:00","9:50:00",13,"Drinks ",22,4.7,12,"motorcycle ",1,"No ","Metropolitian ","Stormy","Low ",1
"6/04/2022","19:45:00","19:50:00",22,"Snack ",23,4.8,15,"scooter ",1,"No ","Metropolitian ","Windy","Jam ",1
"3/04/2022","11:35:00","11:40:00",24,"Meal ",24,4.7,19,"motorcycle ",0,"No ","Metropolitian ","Fog","High ",1
"26/03/2022","16:00:00","16:05:00",26,"Drinks ",33,4.7,13,"scooter ",1,"No ","Metropolitian ","Windy","Medium ",0
"6/04/2022","18:00:00","18:15:00",18,"Buffet ",37,4.8,22,"motorcycle ",2,"No ","Urban ","Sunny","Medium ",1
"17/02/2022","14:45:00","15:00:00",34,"Drinks ",32,4.4,9,"motorcycle ",2,"No ","Metropolitian ","Fog","High ",1
"7/03/2022","17:45:00","17:50:00",19,"Buffet ",34,4.6,22,"scooter ",1,"No ","Metropolitian ","Fog","Medium ",0
"21/03/2022","12:40:00","12:50:00",23,"Drinks ",20,4.8,22,"motorcycle ",1,"No ","Metropolitian ","Windy","High ",1
"30/03/2022","12:00:00","12:05:00",30,"Buffet ",34,4.9,4,"scooter ",1,"No ","Metropolitian ","Sandstorms","High ",0
"14/02/2022","18:20:00","18:25:00",40,"Buffet ",31,4,20,"scooter ",2,"No ","Metropolitian ","Stormy","Medium ",2
"17/03/2022","8:40:00","8:55:00",26,"Drinks ",37,4.5,9,"scooter ",2,"No ","Metropolitian ","Windy","Low ",0
"3/04/2022","23:20:00","23:35:00",15,"Drinks ",30,4.8,16,"scooter ",2,"No ","Urban ","Cloudy","Low ",0
"27/03/2022","23:50:00","0:00:00",19,"Drinks ",25,4.5,19,"motorcycle ",0,"No ","Metropolitian ","Stormy","Low ",1
"26/03/2022","18:30:00","18:35:00",31,"Buffet ",35,4.8,19,"motorcycle ",0,"No ","Urban ","Windy","Medium ",1
"5/03/2022","8:20:00","8:30:00",13,"Snack ",26,4.8,15,"motorcycle ",1,"No ","Metropolitian ","Sandstorms","Low ",0
"1/03/2022","19:35:00","19:50:00",18,"Snack ",28,4.8,17,"motorcycle ",2,"No ","Metropolitian ","Sunny","Jam ",1
"24/03/2022","9:35:00","9:45:00",20,"Snack ",25,4,6,"motorcycle ",0,"No ","Urban ","Windy","Low ",1
"26/03/2022","18:55:00","19:00:00",15,"Drinks ",24,4.9,18,"scooter ",2,"No ","Metropolitian ","Sunny","Medium ",0
"15/03/2022","23:00:00","23:10:00",16,"Meal ",37,4.5,14,"scooter ",1,"No ","Metropolitian ","Fog","Low ",1
"21/03/2022","10:25:00","10:30:00",18,"Drinks ",30,4.8,21,"scooter ",1,"No ","Metropolitian ","Sunny","Low ",1
"15/03/2022","19:25:00","19:35:00",16,"Drinks ",24,4.7,22,"motorcycle ",2,"No ","Urban ","Sunny","Jam ",1
"10/03/2022","23:40:00","23:45:00",11,"Meal ",28,5,17,"motorcycle ",1,"No ","Metropolitian ","Sandstorms","Low ",1
"14/02/2022","21:30:00","21:45:00",43,"Meal ",35,3.8,18,"motorcycle ",1,"No ","Metropolitian ","Windy","Jam ",1
"14/02/2022","20:10:00","20:20:00",21,"Buffet ",35,4.7,21,"scooter ",2,"No ","Urban ","Sunny","Jam ",1
"21/03/2022","8:40:00","8:50:00",19,"Meal ",36,4.8,9,"motorcycle ",2,"No ","Metropolitian ","Fog","Low ",1
"3/03/2022","14:45:00","14:50:00",39,"Meal ",33,4.1,3,"motorcycle ",1,"No ","Metropolitian ","Fog","High ",2
"5/03/2022","10:40:00","10:55:00",26,"Buffet ",37,4.9,22,"motorcycle ",1,"No ","Urban ","Sandstorms","Low ",1
"8/03/2022","19:45:00","19:55:00",36,"Drinks ",30,4.2,2,"motorcycle ",2,"No ","Urban ","Stormy","Jam ",1
"3/03/2022","20:10:00","20:25:00",24,"Meal ",22,4.6,17,"motorcycle ",0,"No ","Metropolitian ","Fog","Jam ",1
"17/03/2022","17:55:00","18:00:00",29,"Meal ",28,4.7,15,"motorcycle ",1,"No ","Metropolitian ","Windy","Medium ",1
"18/03/2022","19:15:00","19:25:00",37,"Drinks ",30,4.3,18,"motorcycle ",0,"No ","Metropolitian ","Sunny","Jam ",1
"1/04/2022","12:45:00","13:00:00",31,"Meal ",39,5,3,"motorcycle ",0,"No ","Metropolitian ","Fog","High ",0
"1/03/2022","8:35:00","8:50:00",29,"Buffet ",34,4,5,"motorcycle ",0,"No ","Metropolitian ","Stormy","Low ",1
"3/03/2022","18:55:00","19:10:00",30,"Drinks ",31,4.9,13,"electric_scooter ",2,"No ","Metropolitian ","Stormy","Medium ",1
"26/03/2022","17:55:00","18:10:00",34,"Meal ",37,4.1,5,"scooter ",1,"No ","Metropolitian ","Windy","Medium ",0
"2/03/2022","19:10:00","19:15:00",24,"Snack ",23,4.6,16,"motorcycle ",1,"No ","Metropolitian ","Stormy","Jam ",1
"4/04/2022","18:00:00","18:10:00",31,"Meal ",27,4.7,3,"scooter ",1,"No ","Metropolitian ","Fog","Medium ",1
"1/04/2022","12:10:00","12:25:00",21,"Meal ",28,5,21,"motorcycle ",2,"No ","Metropolitian ","Fog","High ",0
"26/03/2022","12:50:00","12:55:00",15,"Snack ",21,4.7,21,"motorcycle ",0,"No ","Urban ","Windy","High ",1
"21/03/2022","21:50:00","21:55:00",16,"Snack ",22,4.8,19,"motorcycle ",0,"No ","Metropolitian ","Stormy","Jam ",1
"3/04/2022","11:35:00","11:40:00",27,"Meal ",25,5,9,"motorcycle ",0,"No ","Metropolitian ","Sandstorms","High ",0
"28/03/2022","20:00:00","20:10:00",21,"Meal ",28,4.7,16,"motorcycle ",0,"No ","Metropolitian ","Fog","Jam ",0
"26/03/2022","20:10:00","20:20:00",21,"Buffet ",28,4.6,12,"motorcycle ",0,"No ","Metropolitian ","Fog","Jam ",1
"4/03/2022","19:40:00","19:55:00",33,"Drinks ",21,4.6,12,"motorcycle ",0,"No ","Metropolitian ","Stormy","Jam ",0
"15/03/2022","9:50:00","10:05:00",18,"Buffet ",21,4.9,22,"scooter ",1,"No ","Metropolitian ","Cloudy","Low ",0
"14/02/2022","23:50:00","0:00:00",35,"Meal ",37,4.2,6,"electric_scooter ",2,"No ","Metropolitian ","Fog","Low ",0
"3/04/2022","19:00:00","19:05:00",25,"Buffet ",24,5,21,"motorcycle ",0,"No ","Metropolitian ","Stormy","Medium ",1
"23/03/2022","18:20:00","18:30:00",33,"Drinks ",36,4.4,8,"scooter ",1,"No ","Metropolitian ","Windy","Medium ",1
"15/03/2022","10:55:00","11:10:00",12,"Snack ",27,4.7,19,"scooter ",2,"No ","Urban ","Sandstorms","Low ",0
"2/03/2022","19:00:00","19:15:00",36,"Meal ",25,4.6,22,"motorcycle ",0,"No ","Metropolitian ","Windy","Medium ",1
"6/03/2022","19:20:00","19:35:00",32,"Drinks ",30,3.7,11,"scooter ",1,"No ","Metropolitian ","Sandstorms","Jam ",1
"3/04/2022","22:50:00","23:05:00",16,"Buffet ",21,4.9,22,"scooter ",1,"No ","Metropolitian ","Stormy","Low ",0
"13/03/2022","20:40:00","20:55:00",38,"Snack ",37,4.1,3,"motorcycle ",0,"No ","Metropolitian ","Stormy","Jam ",1
"23/03/2022","22:55:00","23:00:00",39,"Snack ",32,3.8,7,"motorcycle ",1,"No ","Metropolitian ","Fog","Low ",2
"16/02/2022","21:35:00","21:45:00",15,"Meal ",24,4.5,5,"motorcycle ",2,"No ","Urban ","Windy","Jam ",1
"16/02/2022","18:10:00","18:20:00",41,"Drinks ",33,4.9,16,"electric_scooter ",2,"No ","Urban ","Fog","Medium ",1
"5/03/2022","10:30:00","10:45:00",17,"Snack ",35,4.9,19,"scooter ",1,"No ","Metropolitian ","Sunny","Low ",1
"10/03/2022","17:40:00","17:45:00",23,"Buffet ",33,4.7,16,"scooter ",2,"No ","Metropolitian ","Windy","Medium ",0
"2/03/2022","18:20:00","18:30:00",20,"Snack ",20,4.7,23,"motorcycle ",1,"No ","Metropolitian ","Sandstorms","Medium ",1
"8/03/2022","21:40:00","21:55:00",25,"Snack ",38,4.8,23,"scooter ",1,"No ","Metropolitian ","Stormy","Jam ",1
"25/03/2022","21:30:00","21:40:00",51,"Meal ",36,4.6,6,"motorcycle ",0,"No ","Metropolitian ","Cloudy","Jam ",1
"2/03/2022","20:40:00","20:50:00",16,"Drinks ",24,4.7,21,"motorcycle ",1,"No ","Urban ","Stormy","Jam ",1
"25/03/2022","17:15:00","17:30:00",34,"Snack ",21,4.5,6,"motorcycle ",0,"No ","Metropolitian ","Cloudy","Medium ",1
"20/03/2022","21:10:00","21:15:00",29,"Drinks ",21,4.9,13,"motorcycle ",0,"No ","Metropolitian ","Stormy","Jam ",1
"31/03/2022","19:15:00","19:30:00",35,"Snack ",39,4.3,1,"motorcycle ",0,"No ","Metropolitian ","Windy","Jam ",1
"20/03/2022","22:35:00","22:45:00",23,"Meal ",28,4.6,15,"scooter ",1,"No ","Metropolitian ","Fog","Low ",1
"20/03/2022","18:30:00","18:35:00",33,"Buffet ",39,4.3,2,"scooter ",1,"No ","Urban ","Sandstorms","Medium ",1
"11/02/2022","21:20:00","21:35:00",32,"Snack ",38,4.2,9,"scooter ",2,"No ","Metropolitian ","Windy","Jam ",1
"12/03/2022","17:55:00","18:10:00",31,"Snack ",26,4.6,19,"scooter ",1,"No ","Urban ","Cloudy","Medium ",1
"15/03/2022","11:30:00","11:45:00",10,"Snack ",24,4.5,1,"electric_scooter ",2,"No ","Urban ","Sunny","High ",0
"12/02/2022","19:45:00","20:00:00",38,"Buffet ",24,4.9,21,"motorcycle ",0,"No ","Urban ","Cloudy","Jam ",0
"6/04/2022","23:10:00","23:15:00",37,"Drinks ",33,4.2,3,"motorcycle ",0,"No ","Metropolitian ","Cloudy","Low ",1
"19/03/2022","10:00:00","10:05:00",19,"Snack ",20,4.9,9,"motorcycle ",1,"No ","Metropolitian ","Stormy","Low ",1
"26/03/2022","22:50:00","23:00:00",25,"Buffet ",30,4.6,19,"motorcycle ",0,"No ","Urban ","Cloudy","Low ",1
"13/03/2022","20:45:00","21:00:00",30,"Buffet ",21,4.6,23,"motorcycle ",0,"No ","Urban ","Windy","Jam ",1
"11/03/2022","8:35:00","8:40:00",27,"Meal ",31,4.2,2,"motorcycle ",0,"No ","Metropolitian ","Sandstorms","Low ",1
"3/04/2022","10:15:00","10:20:00",20,"Meal ",38,4.5,23,"motorcycle ",0,"No ","Metropolitian ","Cloudy","Low ",0
"25/03/2022","19:45:00","20:00:00",31,"Drinks ",38,4.2,5,"scooter ",2,"No ","Metropolitian ","Sunny","Jam ",1
"19/03/2022","17:55:00","18:10:00",32,"Meal ",35,4.9,17,"scooter ",1,"No ","Metropolitian ","Windy","Medium ",1
"17/02/2022","11:15:00","11:25:00",34,"Buffet ",30,4.1,16,"motorcycle ",1,"No ","Metropolitian ","Fog","High ",1
"5/04/2022","14:20:00","14:25:00",26,"Drinks ",33,4.6,21,"motorcycle ",2,"No ","Metropolitian ","Windy","High ",1
"17/02/2022","13:20:00","13:35:00",26,"Buffet ",29,4.7,8,"scooter ",1,"No ","Metropolitian ","Fog","High ",0
"17/02/2022","16:30:00","16:45:00",29,"Snack ",26,4.7,19,"motorcycle ",1,"No ","Urban ","Windy","Medium ",0
"26/03/2022","10:35:00","10:50:00",16,"Drinks ",21,4.7,9,"motorcycle ",2,"No ","Metropolitian ","Cloudy","Low ",0
"31/03/2022","19:10:00","19:15:00",52,"Snack ",32,4.6,2,"motorcycle ",0,"No ","Metropolitian ","Fog","Jam ",1
"25/03/2022","19:55:00","20:10:00",35,"Snack ",34,4.8,3,"electric_scooter ",2,"No ","Metropolitian ","Fog","Jam ",1
"17/02/2022","20:20:00","20:35:00",17,"Drinks ",22,4.8,6,"scooter ",2,"No ","Metropolitian ","Sandstorms","Jam ",1
"4/03/2022","19:30:00","19:35:00",19,"Drinks ",38,4.9,18,"motorcycle ",1,"No ","Metropolitian ","Sunny","Jam ",1
"2/04/2022","19:30:00","19:35:00",49,"Drinks ",28,5,5,"motorcycle ",0,"Yes ","Metropolitian ","Fog","Jam ",3
"28/03/2022","21:25:00","21:40:00",33,"Snack ",21,4.6,3,"scooter ",2,"No ","Metropolitian ","Cloudy","Jam ",0
"14/02/2022","18:10:00","18:15:00",39,"Buffet ",22,5,4,"motorcycle ",0,"No ","Metropolitian ","Stormy","Medium ",1
"4/04/2022","18:50:00","19:05:00",22,"Drinks ",33,4.9,21,"scooter ",1,"No ","Metropolitian ","Sunny","Medium ",0
"14/02/2022","23:50:00","0:00:00",35,"Meal ",37,4.2,6,"electric_scooter ",2,"No ","Metropolitian ","Fog","Low ",0
"14/02/2022","23:10:00","23:25:00",22,"Buffet ",31,4.9,9,"motorcycle ",1,"No ","Metropolitian ","Stormy","Low ",1
"1/04/2022","17:45:00","17:55:00",17,"Drinks ",25,4.7,4,"motorcycle ",0,"No ","Urban ","Sunny","Medium ",1
"12/02/2022","23:40:00","23:50:00",15,"Drinks ",28,4.9,22,"motorcycle ",2,"No ","Urban ","Windy","Low ",1
"11/02/2022","9:40:00","9:45:00",23,"Meal ",35,4.7,19,"scooter ",1,"No ","Urban ","Stormy","Low ",1
"16/02/2022","23:10:00","23:20:00",27,"Meal ",20,5,9,"motorcycle ",2,"No ","Metropolitian ","Sunny","Low ",0
"1/03/2022","11:50:00","12:00:00",25,"Snack ",26,4.7,16,"motorcycle ",0,"No ","Metropolitian ","Stormy","High ",1
"14/02/2022","23:10:00","23:25:00",14,"Snack ",21,5,3,"scooter ",1,"No ","Metropolitian ","Stormy","Low ",1
"5/03/2022","11:55:00","12:00:00",16,"Meal ",26,4.7,21,"scooter ",2,"No ","Metropolitian ","Stormy","High ",0
"7/03/2022","10:50:00","10:55:00",12,"Buffet ",30,4.7,21,"electric_scooter ",2,"No ","Metropolitian ","Sunny","Low ",0
"24/03/2022","18:40:00","18:50:00",11,"Snack ",26,4.6,16,"motorcycle ",1,"No ","Urban ","Cloudy","Medium ",1
"9/03/2022","11:55:00","12:00:00",38,"Buffet ",37,4,3,"motorcycle ",1,"No ","Metropolitian ","Cloudy","High ",1
"28/03/2022","22:00:00","22:10:00",30,"Meal ",24,4.9,13,"motorcycle ",0,"No ","Metropolitian ","Sandstorms","Jam ",0
"7/03/2022","10:15:00","10:30:00",16,"Drinks ",28,4.6,21,"motorcycle ",1,"No ","Urban ","Stormy","Low ",0
"7/03/2022","15:50:00","16:05:00",29,"Drinks ",20,4.6,17,"scooter ",2,"No ","Metropolitian ","Stormy","Medium ",0
"13/02/2022","18:15:00","18:20:00",35,"Meal ",32,4.2,4,"motorcycle ",0,"No ","Metropolitian ","Sandstorms","Medium ",1
"18/03/2022","17:45:00","18:00:00",17,"Meal ",23,4.6,8,"electric_scooter ",2,"No ","Metropolitian ","Sandstorms","Medium ",0
"30/03/2022","11:40:00","11:45:00",30,"Snack ",21,4.7,5,"scooter ",1,"No ","Metropolitian ","Cloudy","High ",1
"14/03/2022","20:20:00","20:35:00",39,"Buffet ",28,4.1,8,"scooter ",2,"No ","Metropolitian ","Fog","Jam ",0
"5/03/2022","17:50:00","17:55:00",21,"Drinks ",21,4.8,12,"motorcycle ",0,"No ","Metropolitian ","Stormy","Medium ",1
"13/03/2022","16:20:00","16:25:00",10,"Snack ",28,4.6,18,"motorcycle ",1,"No ","Metropolitian ","Cloudy","Medium ",0
"6/04/2022","20:20:00","20:35:00",32,"Meal ",28,4.3,19,"motorcycle ",0,"No ","Urban ","Stormy","Jam ",1
"9/03/2022","22:00:00","22:10:00",34,"Drinks ",26,4.2,3,"motorcycle ",0,"No ","Metropolitian ","Stormy","Jam ",1
"26/03/2022","20:25:00","20:40:00",14,"Drinks ",20,4.8,18,"scooter ",1,"No ","Metropolitian ","Sandstorms","Jam ",0
"9/03/2022","23:35:00","23:40:00",17,"Drinks ",36,5,9,"motorcycle ",2,"No ","Metropolitian ","Sunny","Low ",1
"6/03/2022","22:10:00","22:20:00",28,"Meal ",32,4.7,18,"motorcycle ",1,"No ","Urban ","Stormy","Low ",1
"11/02/2022","13:50:00","14:00:00",25,"Buffet ",23,5,8,"electric_scooter ",2,"No ","Metropolitian ","Stormy","High ",1
"20/03/2022","21:20:00","21:25:00",39,"Buffet ",25,4.4,6,"scooter ",1,"No ","Urban ","Cloudy","Jam ",1
"2/04/2022","19:25:00","19:35:00",27,"Buffet ",25,4.6,19,"motorcycle ",1,"No ","Metropolitian ","Sandstorms","Jam ",0
"21/03/2022","8:35:00","8:50:00",10,"Snack ",26,5,13,"motorcycle ",2,"No ","Metropolitian ","Stormy","Low ",0
"13/02/2022","8:35:00","8:45:00",10,"Buffet ",20,4.9,21,"scooter ",1,"No ","Urban ","Windy","Low ",0
"15/03/2022","18:50:00","18:55:00",19,"Snack ",28,4.9,18,"scooter ",1,"No ","Metropolitian ","Fog","Medium ",1
"2/04/2022","23:10:00","23:20:00",29,"Snack ",20,4.7,14,"scooter ",2,"No ","Metropolitian ","Fog","Low ",1
"5/03/2022","10:40:00","10:50:00",19,"Buffet ",31,4.8,22,"motorcycle ",1,"No ","Metropolitian ","Fog","Low ",0
"18/02/2022","19:10:00","19:25:00",53,"Snack ",33,4.6,9,"motorcycle ",0,"No ","Metropolitian ","Fog","Jam ",1
"7/03/2022","20:35:00","20:45:00",31,"Buffet ",30,5,23,"motorcycle ",0,"No ","Metropolitian ","Sunny","Jam ",1
"17/03/2022","18:00:00","18:15:00",26,"Drinks ",37,5,15,"motorcycle ",0,"No ","Metropolitian ","Sandstorms","Medium ",1
"14/02/2022","18:50:00","19:05:00",38,"Snack ",30,4.6,7,"motorcycle ",0,"No ","Metropolitian ","Fog","Medium ",1
"21/03/2022","20:15:00","20:30:00",26,"Meal ",33,4.6,13,"motorcycle ",0,"No ","Metropolitian ","Cloudy","Jam ",1
"11/03/2022","22:35:00","22:50:00",19,"Drinks ",37,4.9,21,"motorcycle ",1,"No ","Urban ","Cloudy","Low ",1
"5/03/2022","19:50:00","19:55:00",20,"Meal ",23,4.6,12,"scooter ",1,"No ","Metropolitian ","Windy","Jam ",1
"14/02/2022","23:30:00","23:45:00",20,"Meal ",29,4.7,19,"motorcycle ",0,"No ","Urban ","Sunny","Low ",0
"16/03/2022","23:35:00","23:50:00",20,"Buffet ",20,4.9,21,"motorcycle ",2,"No ","Metropolitian ","Cloudy","Low ",1
"23/03/2022","20:20:00","20:35:00",41,"Meal ",35,4.8,1,"motorcycle ",0,"No ","Metropolitian ","Stormy","Jam ",0
"14/02/2022","17:25:00","17:40:00",24,"Drinks ",21,4.6,7,"scooter ",2,"No ","Metropolitian ","Stormy","Medium ",1
"31/03/2022","19:45:00","19:55:00",43,"Buffet ",30,4.2,17,"scooter ",2,"No ","Urban ","Sandstorms","Jam ",1
"12/03/2022","19:50:00","19:55:00",44,"Snack ",39,4.7,23,"motorcycle ",0,"Yes ","Metropolitian ","Stormy","Jam ",2
"3/04/2022","19:50:00","19:55:00",30,"Snack ",35,4.6,1,"scooter ",2,"No ","Metropolitian ","Fog","Jam ",1
"7/03/2022","18:10:00","18:25:00",34,"Snack ",32,4.2,11,"scooter ",2,"No ","Metropolitian ","Windy","Medium ",1
"29/03/2022","18:50:00","18:55:00",25,"Buffet ",21,4.8,23,"scooter ",1,"No ","Urban ","Fog","Medium ",1
"13/03/2022","8:55:00","9:10:00",28,"Buffet ",30,5,13,"electric_scooter ",2,"No ","Metropolitian ","Windy","Low ",1
"3/04/2022","9:10:00","9:20:00",23,"Drinks ",33,4.2,15,"motorcycle ",0,"No ","Urban ","Stormy","Low ",0
"15/02/2022","13:10:00","13:25:00",10,"Buffet ",29,4.8,21,"scooter ",2,"No ","Urban ","Sunny","High ",0
"30/03/2022","16:20:00","16:35:00",15,"Meal ",30,4.7,17,"motorcycle ",1,"No ","Metropolitian ","Cloudy","Medium ",1
"15/03/2022","14:40:00","14:55:00",45,"Snack ",35,4.4,12,"motorcycle ",0,"No ","Metropolitian ","Stormy","High ",1
"3/04/2022","15:35:00","15:50:00",17,"Snack ",38,4.6,18,"motorcycle ",1,"No ","Urban ","Cloudy","Medium ",0
"18/03/2022","21:45:00","21:55:00",42,"Meal ",22,4.6,19,"scooter ",1,"No ","Metropolitian ","Cloudy","Jam ",1
"28/03/2022","9:40:00","9:45:00",26,"Meal ",39,4.6,16,"motorcycle ",0,"No ","Metropolitian ","Sunny","Low ",1
"11/02/2022","18:45:00","18:50:00",18,"Meal ",28,4.9,8,"motorcycle ",2,"No ","Metropolitian ","Sunny","Medium ",1
"3/04/2022","8:10:00","8:20:00",11,"Meal ",20,4.9,21,"motorcycle ",1,"No ","Urban ","Stormy","Low ",1
"2/04/2022","17:10:00","17:25:00",32,"Meal ",27,4.6,13,"motorcycle ",0,"No ","Metropolitian ","Fog","Medium ",0
"8/03/2022","17:45:00","17:50:00",41,"Drinks ",36,4.7,9,"motorcycle ",0,"No ","Metropolitian ","Sunny","Medium ",2
"15/02/2022","8:45:00","9:00:00",19,"Meal ",35,4.6,19,"scooter ",1,"No ","Urban ","Fog","Low ",0
"1/04/2022","17:20:00","17:35:00",20,"Drinks ",23,4.9,9,"motorcycle ",0,"No ","Metropolitian ","Fog","Medium ",1
"8/03/2022","17:10:00","17:15:00",28,"Meal ",20,4.9,15,"motorcycle ",0,"No ","Metropolitian ","Sandstorms","Medium ",1
"2/03/2022","18:30:00","18:35:00",29,"Meal ",20,4.8,19,"motorcycle ",0,"No ","Metropolitian ","Sandstorms","Medium ",1
"5/03/2022","16:25:00","16:30:00",28,"Snack ",31,4.7,16,"motorcycle ",0,"No ","Urban ","Stormy","Medium ",1
"5/03/2022","21:35:00","21:40:00",26,"Buffet ",32,5,12,"motorcycle ",1,"No ","Metropolitian ","Sandstorms","Jam ",0
"11/02/2022","20:50:00","20:55:00",31,"Drinks ",30,4.3,3,"motorcycle ",2,"No ","Urban ","Stormy","Jam ",0
"17/03/2022","19:55:00","20:05:00",15,"Buffet ",26,4.7,23,"scooter ",1,"No ","Urban ","Sandstorms","Jam ",1
"15/02/2022","12:30:00","12:40:00",24,"Drinks ",21,5,15,"motorcycle ",0,"No ","Urban ","Windy","High ",0
"18/03/2022","23:25:00","23:30:00",37,"Drinks ",39,4.6,23,"motorcycle ",0,"No ","Urban ","Fog","Low ",1
"10/03/2022","23:35:00","23:45:00",22,"Meal ",37,4.8,19,"motorcycle ",0,"No ","Metropolitian ","Sunny","Low ",0
"30/03/2022","12:00:00","12:10:00",21,"Snack ",24,4.9,3,"scooter ",2,"No ","Urban ","Sandstorms","High ",1
"23/03/2022","19:50:00","20:00:00",39,"Drinks ",33,4.4,11,"scooter ",2,"No ","Metropolitian ","Sandstorms","Jam ",1
"13/03/2022","10:20:00","10:25:00",27,"Buffet ",39,4.6,23,"scooter ",1,"No ","Metropolitian ","Windy","Low ",0
"1/03/2022","13:10:00","13:15:00",21,"Drinks ",29,4.5,23,"motorcycle ",0,"No ","Metropolitian ","Fog","High ",1
"5/03/2022","19:50:00","19:55:00",20,"Meal ",23,4.6,12,"scooter ",1,"No ","Metropolitian ","Windy","Jam ",1
"3/03/2022","23:40:00","23:45:00",11,"Buffet ",22,4.6,19,"scooter ",1,"No ","Metropolitian ","Stormy","Low ",1
"15/02/2022","10:30:00","10:40:00",26,"Buffet ",33,4.9,3,"electric_scooter ",2,"No ","Metropolitian ","Stormy","Low ",0
"14/02/2022","17:40:00","17:50:00",44,"Buffet ",39,4.4,7,"scooter ",2,"No ","Metropolitian ","Fog","Medium ",2
"18/02/2022","19:30:00","19:35:00",45,"Drinks ",37,4.9,21,"motorcycle ",0,"No ","Urban ","Cloudy","Jam ",1
"18/03/2022","22:00:00","22:10:00",47,"Buffet ",31,4.8,21,"scooter ",2,"No ","Urban ","Fog","Jam ",1
"27/03/2022","18:10:00","18:25:00",33,"Drinks ",35,4.7,2,"motorcycle ",0,"No ","Metropolitian ","Sunny","Medium ",0
"20/03/2022","23:35:00","23:40:00",26,"Snack ",24,4.6,9,"motorcycle ",2,"No ","Metropolitian ","Cloudy","Low ",0
"26/03/2022","20:20:00","20:35:00",16,"Buffet ",20,4.7,18,"scooter ",2,"No ","Urban ","Sandstorms","Jam ",0
"5/03/2022","9:10:00","9:20:00",18,"Drinks ",24,4.5,2,"scooter ",1,"No ","Urban ","Sandstorms","Low ",0
"4/04/2022","18:10:00","18:15:00",35,"Drinks ",28,4.8,15,"motorcycle ",0,"No ","Metropolitian ","Cloudy","Medium ",2
"7/03/2022","9:45:00","10:00:00",32,"Snack ",37,4.1,9,"motorcycle ",0,"No ","Metropolitian ","Stormy","Low ",1
"1/03/2022","11:35:00","11:40:00",30,"Snack ",32,4.8,22,"motorcycle ",0,"No ","Metropolitian ","Windy","High ",1
"26/03/2022","17:10:00","17:25:00",27,"Meal ",24,5,22,"electric_scooter ",2,"No ","Metropolitian ","Windy","Medium ",1
"10/03/2022","19:30:00","19:35:00",43,"Snack ",32,4.8,21,"motorcycle ",0,"Yes ","Urban ","Fog","Jam ",1
"28/03/2022","10:10:00","10:20:00",16,"Buffet ",39,4.8,16,"motorcycle ",1,"No ","Urban ","Sunny","Low ",0
"7/03/2022","9:45:00","10:00:00",32,"Snack ",37,4.1,9,"motorcycle ",0,"No ","Metropolitian ","Stormy","Low ",1
"9/03/2022","19:00:00","19:15:00",18,"Meal ",29,4.5,9,"motorcycle ",1,"No ","Metropolitian ","Sunny","Medium ",1
"11/02/2022","13:35:00","13:50:00",33,"Buffet ",23,4,15,"scooter ",2,"No ","Metropolitian ","Stormy","High ",1
"20/03/2022","20:00:00","20:15:00",46,"Drinks ",36,4.8,22,"motorcycle ",0,"Yes ","Urban ","Fog","Jam ",1
"17/02/2022","11:30:00","11:40:00",27,"Snack ",26,4.9,9,"motorcycle ",0,"No ","Metropolitian ","Sandstorms","High ",1
"21/03/2022","9:00:00","9:10:00",25,"Meal ",33,5,22,"motorcycle ",0,"No ","Metropolitian ","Fog","Low ",1
"2/04/2022","18:40:00","18:55:00",20,"Meal ",29,4.6,18,"motorcycle ",0,"No ","Metropolitian ","Sunny","Medium ",1
"13/03/2022","20:35:00","20:45:00",25,"Meal ",32,4.9,16,"scooter ",2,"No ","Metropolitian ","Stormy","Jam ",0
"30/03/2022","19:00:00","19:10:00",18,"Buffet ",35,5,22,"scooter ",2,"No ","Metropolitian ","Cloudy","Medium ",1
"24/03/2022","23:25:00","23:30:00",19,"Meal ",20,4.9,23,"electric_scooter ",2,"No ","Urban ","Sandstorms","Low ",1
"12/02/2022","21:25:00","21:35:00",43,"Meal ",26,4,13,"scooter ",1,"No ","Metropolitian ","Fog","Jam ",1
"29/03/2022","21:35:00","21:40:00",43,"Snack ",33,3.5,21,"motorcycle ",2,"No ","Urban ","Sandstorms","Jam ",1
"29/03/2022","17:35:00","17:50:00",40,"Drinks ",34,4.6,4,"motorcycle ",1,"No ","Metropolitian ","Cloudy","Medium ",1
"14/02/2022","18:25:00","18:30:00",19,"Drinks ",27,4.9,23,"scooter ",1,"No ","Urban ","Sunny","Medium ",1
"14/03/2022","18:30:00","18:40:00",24,"Meal ",38,4.7,22,"motorcycle ",1,"No ","Urban ","Windy","Medium ",0
"13/02/2022","8:35:00","8:40:00",17,"Snack ",30,4.7,6,"motorcycle ",2,"No ","Metropolitian ","Stormy","Low ",1
"29/03/2022","22:55:00","23:05:00",18,"Snack ",31,4.8,22,"electric_scooter ",2,"No ","Metropolitian ","Windy","Low ",0
"13/03/2022","8:35:00","8:50:00",29,"Drinks ",20,4.2,2,"motorcycle ",0,"No ","Metropolitian ","Sandstorms","Low ",0
"29/03/2022","22:55:00","23:00:00",38,"Drinks ",39,3.9,11,"motorcycle ",1,"No ","Metropolitian ","Fog","Low ",1
"29/03/2022","18:15:00","18:20:00",46,"Snack ",36,4.2,18,"motorcycle ",0,"No ","Urban ","Windy","Medium ",1
"14/03/2022","20:35:00","20:45:00",44,"Meal ",29,5,16,"motorcycle ",0,"No ","Metropolitian ","Cloudy","Jam ",2
"17/02/2022","9:55:00","10:05:00",26,"Meal ",38,4.7,4,"motorcycle ",0,"No ","Metropolitian ","Fog","Low ",1
"18/03/2022","17:20:00","17:35:00",34,"Buffet ",25,4.5,17,"motorcycle ",0,"No ","Metropolitian ","Fog","Medium ",1
"3/04/2022","22:10:00","22:15:00",14,"Snack ",21,4.5,23,"electric_scooter ",2,"No ","Urban ","Fog","Low ",1
"7/03/2022","9:55:00","10:00:00",13,"Drinks ",27,4.6,16,"scooter ",2,"No ","Metropolitian ","Fog","Low ",1
"20/03/2022","22:25:00","22:35:00",44,"Meal ",29,2.5,6,"scooter ",2,"No ","Metropolitian ","Sunny","Low ",1
"20/03/2022","22:35:00","22:50:00",11,"Snack ",29,4.7,13,"motorcycle ",1,"No ","Metropolitian ","Stormy","Low ",0
"2/04/2022","23:35:00","23:45:00",21,"Meal ",29,4.5,9,"motorcycle ",0,"No ","Metropolitian ","Windy","Low ",1
"14/03/2022","19:10:00","19:15:00",24,"Snack ",20,5,14,"scooter ",1,"No ","Metropolitian ","Windy","Jam ",0
"4/03/2022","21:25:00","21:40:00",31,"Buffet ",28,4,5,"scooter ",1,"No ","Urban ","Stormy","Jam ",1
"14/02/2022","23:30:00","23:40:00",23,"Meal ",25,5,9,"motorcycle ",2,"No ","Metropolitian ","Fog","Low ",0
"15/03/2022","21:40:00","21:55:00",20,"Meal ",21,4.8,15,"motorcycle ",0,"No ","Metropolitian ","Fog","Jam ",0
"2/04/2022","21:20:00","21:35:00",52,"Snack ",39,4.3,15,"motorcycle ",0,"Yes ","Metropolitian ","Stormy","Jam ",3
"17/02/2022","9:55:00","10:10:00",13,"Meal ",25,4.5,3,"electric_scooter ",2,"No ","Urban ","Sandstorms","Low ",0
"31/03/2022","22:55:00","23:05:00",23,"Buffet ",38,4.8,15,"motorcycle ",0,"No ","Metropolitian ","Windy","Low ",1
"4/04/2022","21:25:00","21:35:00",42,"Drinks ",21,4.7,2,"scooter ",1,"No ","Metropolitian ","Fog","Jam ",1
"7/03/2022","18:35:00","18:40:00",16,"Drinks ",33,4.8,18,"scooter ",2,"No ","Metropolitian ","Fog","Medium ",0
"14/02/2022","22:10:00","22:20:00",17,"Snack ",36,4.9,4,"scooter ",2,"No ","Metropolitian ","Sandstorms","Low ",1
"15/02/2022","12:00:00","12:15:00",35,"Snack ",34,4.3,4,"scooter ",1,"No ","Metropolitian ","Fog","High ",1
"26/03/2022","23:00:00","23:15:00",23,"Buffet ",28,4.6,19,"motorcycle ",0,"No ","Metropolitian ","Cloudy","Low ",1
"19/03/2022","13:10:00","13:25:00",30,"Meal ",24,4.5,17,"scooter ",2,"No ","Metropolitian ","Cloudy","High ",1
"30/03/2022","8:20:00","8:30:00",28,"Drinks ",32,4.5,22,"motorcycle ",0,"No ","Metropolitian ","Sandstorms","Low ",1
"14/03/2022","21:55:00","22:10:00",24,"Meal ",29,4.6,15,"motorcycle ",1,"No ","Metropolitian ","Sandstorms","Jam ",1
"2/03/2022","22:40:00","22:55:00",28,"Drinks ",22,4.7,15,"motorcycle ",0,"No ","Metropolitian ","Sunny","Low ",1
"15/02/2022","19:00:00","19:15:00",12,"Buffet ",27,4.8,3,"motorcycle ",0,"No ","Metropolitian ","Stormy","Medium ",1
"28/03/2022","17:45:00","17:55:00",22,"Snack ",27,4.7,13,"motorcycle ",0,"No ","Metropolitian ","Cloudy","Medium ",0
"15/03/2022","16:40:00","16:50:00",19,"Buffet ",23,4.7,16,"motorcycle ",0,"No ","Urban ","Sunny","Medium ",1
"3/04/2022","15:10:00","15:15:00",15,"Snack ",37,4.9,22,"scooter ",2,"No ","Metropolitian ","Fog","Medium ",0
"12/02/2022","20:00:00","20:15:00",47,"Drinks ",30,4.6,8,"motorcycle ",1,"No ","Metropolitian ","Stormy","Jam ",1
"29/03/2022","18:35:00","18:40:00",24,"Meal ",36,4.6,13,"motorcycle ",1,"No ","Metropolitian ","Sandstorms","Medium ",0
"4/03/2022","23:30:00","23:45:00",21,"Meal ",21,4.7,15,"motorcycle ",0,"No ","Metropolitian ","Fog","Low ",1
"12/03/2022","21:55:00","22:05:00",27,"Snack ",23,5,22,"electric_scooter ",2,"No ","Metropolitian ","Windy","Jam ",1
"1/04/2022","18:20:00","18:35:00",29,"Drinks ",37,4.8,8,"motorcycle ",1,"No ","Metropolitian ","Windy","Medium ",1
"26/03/2022","11:10:00","11:25:00",29,"Buffet ",28,4.8,23,"motorcycle ",1,"No ","Urban ","Cloudy","High ",1
"20/03/2022","23:35:00","23:50:00",21,"Drinks ",22,4.7,21,"motorcycle ",0,"No ","Metropolitian ","Stormy","Low ",0
"17/02/2022","17:10:00","17:25:00",24,"Buffet ",20,4.6,21,"scooter ",1,"No ","Urban ","Sandstorms","Medium ",1
"2/04/2022","18:45:00","18:55:00",30,"Meal ",24,4.9,12,"electric_scooter ",2,"No ","Metropolitian ","Fog","Medium ",1
"21/03/2022","17:25:00","17:35:00",37,"Drinks ",39,4.3,9,"motorcycle ",0,"No ","Metropolitian ","Stormy","Medium ",1
"14/02/2022","18:35:00","18:50:00",25,"Buffet ",26,4.6,6,"motorcycle ",1,"No ","Metropolitian ","Windy","Medium ",1
"18/03/2022","23:35:00","23:40:00",20,"Drinks ",35,4.9,16,"motorcycle ",0,"No ","Urban ","Sunny","Low ",0
"7/03/2022","8:45:00","8:55:00",22,"Snack ",25,4.5,14,"motorcycle ",0,"No ","Metropolitian ","Stormy","Low ",0
"25/03/2022","22:20:00","22:30:00",20,"Drinks ",30,4.6,23,"scooter ",2,"No ","Metropolitian ","Stormy","Low ",1
"28/03/2022","9:55:00","10:05:00",10,"Meal ",24,4.8,9,"scooter ",1,"No ","Metropolitian ","Sandstorms","Low ",1
"11/02/2022","11:25:00","11:40:00",34,"Drinks ",37,4.9,9,"motorcycle ",1,"No ","Metropolitian ","Sandstorms","High ",0
"12/02/2022","22:15:00","22:20:00",19,"Meal ",25,4.7,2,"scooter ",1,"No ","Metropolitian ","Sandstorms","Low ",0
"25/03/2022","18:45:00","18:50:00",11,"Drinks ",21,4.5,12,"scooter ",2,"No ","Metropolitian ","Sunny","Medium ",0
"5/03/2022","20:40:00","20:50:00",16,"Meal ",31,4.9,17,"electric_scooter ",2,"No ","Metropolitian ","Sunny","Jam ",0
"3/03/2022","17:45:00","18:00:00",17,"Drinks ",24,4.7,15,"motorcycle ",0,"No ","Urban ","Stormy","Medium ",0
"2/04/2022","20:45:00","21:00:00",44,"Buffet ",32,4.2,11,"motorcycle ",2,"No ","Metropolitian ","Sandstorms","Jam ",0
"11/02/2022","8:15:00","8:25:00",14,"Buffet ",28,4.9,21,"scooter ",2,"No ","Urban ","Windy","Low ",0
"13/02/2022","20:45:00","20:50:00",16,"Buffet ",29,5,16,"motorcycle ",1,"No ","Urban ","Sunny","Jam ",1
"9/03/2022","15:35:00","15:45:00",19,"Meal ",24,4.8,19,"motorcycle ",1,"No ","Urban ","Cloudy","Medium ",0
"12/03/2022","20:40:00","20:55:00",32,"Buffet ",28,4.4,9,"motorcycle ",1,"No ","Metropolitian ","Fog","Jam ",0
"29/03/2022","19:10:00","19:25:00",37,"Buffet ",34,4.3,17,"scooter ",1,"No ","Urban ","Fog","Jam ",0
"8/03/2022","17:35:00","17:45:00",33,"Drinks ",32,3.7,13,"scooter ",1,"No ","Metropolitian ","Windy","Medium ",0
"14/03/2022","18:55:00","19:10:00",42,"Buffet ",27,4.9,23,"motorcycle ",0,"No ","Urban ","Fog","Medium ",1
"6/04/2022","17:45:00","17:55:00",21,"Meal ",28,4.7,21,"motorcycle ",1,"No ","Metropolitian ","Windy","Medium ",0
"17/03/2022","11:15:00","11:30:00",29,"Meal ",36,4.7,9,"scooter ",1,"No ","Metropolitian ","Windy","High ",1
"17/02/2022","15:20:00","15:35:00",30,"Snack ",37,4.9,18,"scooter ",2,"No ","Urban ","Stormy","Medium ",1
"20/03/2022","18:10:00","18:20:00",44,"Snack ",31,4.4,4,"motorcycle ",0,"No ","Urban ","Windy","Medium ",1
"11/03/2022","9:15:00","9:30:00",28,"Meal ",38,4.9,19,"motorcycle ",0,"No ","Metropolitian ","Cloudy","Low ",0
"30/03/2022","15:35:00","15:50:00",11,"Snack ",29,4.8,22,"electric_scooter ",2,"No ","Metropolitian ","Sunny","Medium ",0
"7/03/2022","10:30:00","10:35:00",22,"Buffet ",36,4.7,16,"scooter ",2,"No ","Urban ","Windy","Low ",1
"25/03/2022","20:10:00","20:25:00",24,"Meal ",28,4.6,15,"motorcycle ",1,"No ","Metropolitian ","Windy","Jam ",1
"16/03/2022","19:45:00","19:55:00",36,"Meal ",26,4.5,15,"motorcycle ",0,"No ","Metropolitian ","Fog","Jam ",2
"12/02/2022","18:35:00","18:50:00",15,"Meal ",22,4.5,8,"scooter ",1,"No ","Metropolitian ","Sunny","Medium ",1
"19/03/2022","18:55:00","19:05:00",32,"Buffet ",37,4.1,3,"motorcycle ",1,"No ","Urban ","Sandstorms","Medium ",0
"24/03/2022","13:00:00","13:15:00",25,"Snack ",39,5,23,"motorcycle ",0,"No ","Metropolitian ","Cloudy","High ",1
"5/04/2022","22:50:00","22:55:00",24,"Buffet ",36,4.1,1,"motorcycle ",0,"No ","Metropolitian ","Windy","Low ",0
"25/03/2022","20:30:00","20:40:00",25,"Drinks ",39,4.7,17,"motorcycle ",2,"No ","Urban ","Stormy","Jam ",1
"11/03/2022","17:40:00","17:45:00",22,"Drinks ",38,4.6,15,"scooter ",2,"No ","Metropolitian ","Sunny","Medium ",1
"7/03/2022","8:30:00","8:35:00",19,"Buffet ",28,4.8,22,"motorcycle ",0,"No ","Urban ","Stormy","Low ",0
"17/03/2022","21:35:00","21:45:00",28,"Buffet ",26,4.9,3,"motorcycle ",0,"No ","Metropolitian ","Stormy","Jam ",0
"4/03/2022","21:55:00","22:00:00",16,"Buffet ",21,4.9,23,"motorcycle ",1,"No ","Urban ","Stormy","Jam ",0
"11/02/2022","18:20:00","18:25:00",19,"Snack ",34,4.9,2,"scooter ",2,"No ","Metropolitian ","Stormy","Medium ",0
"11/02/2022","8:25:00","8:35:00",23,"Meal ",34,4.5,3,"motorcycle ",0,"No ","Metropolitian ","Fog","Low ",0
"17/03/2022","21:25:00","21:30:00",24,"Meal ",22,4.5,3,"scooter ",1,"No ","Urban ","Fog","Jam ",0
"24/03/2022","19:10:00","19:15:00",43,"Buffet ",37,4.1,5,"motorcycle ",0,"No ","Metropolitian ","Stormy","Jam ",1
"15/02/2022","9:55:00","10:10:00",11,"Snack ",36,4.7,22,"scooter ",2,"No ","Urban ","Sunny","Low ",0
"29/03/2022","21:35:00","21:50:00",33,"Meal ",22,4.1,18,"motorcycle ",0,"No ","Urban ","Sandstorms","Jam ",1
"26/03/2022","22:20:00","22:35:00",16,"Snack ",33,4.9,18,"motorcycle ",2,"No ","Urban ","Fog","Low ",1
"13/03/2022","13:30:00","13:40:00",25,"Buffet ",35,4.7,23,"scooter ",1,"No ","Metropolitian ","Sandstorms","High ",1
"11/03/2022","10:15:00","10:20:00",12,"Meal ",27,4.9,23,"scooter ",1,"No ","Metropolitian ","Windy","Low ",0
"18/03/2022","23:25:00","23:40:00",26,"Buffet ",30,4.6,9,"motorcycle ",0,"No ","Metropolitian ","Stormy","Low ",0
"16/03/2022","17:55:00","18:05:00",20,"Meal ",35,4.7,18,"motorcycle ",1,"No ","Metropolitian ","Windy","Medium ",0
"10/03/2022","22:45:00","23:00:00",18,"Snack ",24,4.6,9,"scooter ",1,"No ","Metropolitian ","Windy","Low ",1
"9/03/2022","19:15:00","19:25:00",28,"Buffet ",28,5,18,"motorcycle ",0,"No ","Metropolitian ","Cloudy","Jam ",0
"29/03/2022","22:30:00","22:40:00",20,"Buffet ",28,4.5,6,"motorcycle ",0,"No ","Urban ","Sunny","Low ",0
"30/03/2022","18:15:00","18:25:00",21,"Meal ",32,4.8,6,"motorcycle ",0,"No ","Urban ","Sunny","Medium ",1
"26/03/2022","22:55:00","23:00:00",23,"Meal ",21,5,22,"electric_scooter ",2,"No ","Metropolitian ","Sunny","Low ",0
"28/03/2022","20:40:00","20:55:00",29,"Drinks ",22,4.9,13,"motorcycle ",0,"No ","Metropolitian ","Sandstorms","Jam ",1
"10/03/2022","22:35:00","22:50:00",18,"Snack ",28,4.6,18,"scooter ",2,"No ","Urban ","Stormy","Low ",1
"5/04/2022","11:15:00","11:30:00",22,"Buffet ",28,4.8,19,"scooter ",1,"No ","Metropolitian ","Sandstorms","High ",0
"24/03/2022","21:50:00","21:55:00",30,"Meal ",36,4.5,7,"scooter ",1,"No ","Metropolitian ","Cloudy","Jam ",1
"21/03/2022","17:30:00","17:35:00",22,"Drinks ",25,4.5,3,"electric_scooter ",2,"No ","Urban ","Sandstorms","Medium ",1
"14/02/2022","21:50:00","22:00:00",36,"Meal ",33,4.2,2,"motorcycle ",2,"No ","Metropolitian ","Windy","Jam ",1
"11/03/2022","19:20:00","19:30:00",42,"Meal ",37,4.2,8,"motorcycle ",0,"Yes ","Metropolitian ","Sandstorms","Jam ",1
"15/03/2022","16:10:00","16:20:00",21,"Buffet ",22,4.7,19,"motorcycle ",0,"No ","Metropolitian ","Cloudy","Medium ",0
"1/04/2022","8:50:00","9:00:00",18,"Buffet ",28,4.6,22,"scooter ",1,"No ","Metropolitian ","Cloudy","Low ",1
"17/03/2022","20:10:00","20:20:00",49,"Meal ",31,4,6,"motorcycle ",0,"Yes ","Metropolitian ","Windy","Jam ",1
"20/03/2022","23:55:00","0:10:00",21,"Snack ",24,4.9,13,"motorcycle ",0,"No ","Metropolitian ","Windy","Low ",1
"11/02/2022","19:15:00","19:20:00",29,"Buffet ",37,4.7,6,"motorcycle ",2,"No ","Metropolitian ","Windy","Jam ",1
"21/03/2022","9:00:00","9:10:00",25,"Meal ",33,5,22,"motorcycle ",0,"No ","Metropolitian ","Fog","Low ",1
"8/03/2022","22:15:00","22:25:00",36,"Buffet ",31,3.9,6,"scooter ",1,"No ","Metropolitian ","Sunny","Low ",1
"12/03/2022","22:15:00","22:30:00",18,"Drinks ",22,4.6,18,"motorcycle ",2,"No ","Urban ","Stormy","Low ",1
"5/04/2022","8:25:00","8:30:00",15,"Meal ",28,4.9,23,"motorcycle ",1,"No ","Metropolitian ","Sandstorms","Low ",1
"5/04/2022","17:10:00","17:15:00",31,"Drinks ",36,4.2,2,"electric_scooter ",2,"No ","Metropolitian ","Windy","Medium ",0
"4/04/2022","20:10:00","20:15:00",39,"Drinks ",34,4.6,16,"motorcycle ",2,"No ","Metropolitian ","Fog","Jam ",0
"14/02/2022","19:00:00","19:05:00",29,"Snack ",26,4.8,3,"motorcycle ",1,"No ","Metropolitian ","Stormy","Medium ",1
"14/02/2022","18:55:00","19:10:00",49,"Meal ",32,4.2,3,"motorcycle ",0,"No ","Metropolitian ","Stormy","Medium ",0
"25/03/2022","20:40:00","20:55:00",25,"Drinks ",24,4.8,9,"motorcycle ",0,"No ","Metropolitian ","Windy","Jam ",1
"13/02/2022","16:20:00","16:25:00",25,"Drinks ",33,4.9,15,"motorcycle ",0,"No ","Urban ","Windy","Medium ",1
"7/03/2022","13:30:00","13:45:00",21,"Drinks ",36,4.8,9,"motorcycle ",0,"No ","Metropolitian ","Sunny","High ",0
"30/03/2022","20:25:00","20:30:00",28,"Buffet ",26,5,14,"motorcycle ",0,"No ","Metropolitian ","Cloudy","Jam ",1
"21/03/2022","11:30:00","11:40:00",24,"Drinks ",32,4.6,19,"motorcycle ",1,"No ","Metropolitian ","Sunny","High ",1
"2/04/2022","18:35:00","18:45:00",36,"Drinks ",34,4.6,3,"scooter ",1,"No ","Metropolitian ","Cloudy","Medium ",1
"28/03/2022","20:20:00","20:25:00",32,"Drinks ",22,4.8,11,"scooter ",1,"No ","Metropolitian ","Fog","Jam ",1
"12/02/2022","19:35:00","19:50:00",22,"Buffet ",30,4.7,19,"scooter ",2,"No ","Urban ","Sunny","Jam ",1
"3/04/2022","21:25:00","21:40:00",16,"Meal ",29,4.9,23,"electric_scooter ",2,"No ","Urban ","Windy","Jam ",0
"5/03/2022","15:30:00","15:35:00",15,"Snack ",34,5,16,"scooter ",1,"No ","Urban ","Stormy","Medium ",1
"7/03/2022","22:45:00","23:00:00",16,"Meal ",28,4.7,9,"scooter ",1,"No ","Metropolitian ","Fog","Low ",0
"11/03/2022","23:40:00","23:50:00",19,"Snack ",27,4.6,21,"motorcycle ",0,"No ","Metropolitian ","Fog","Low ",1
"16/03/2022","21:55:00","22:00:00",47,"Snack ",35,4.6,22,"scooter ",2,"Yes ","Urban ","Cloudy","Jam ",3
"16/02/2022","17:10:00","17:25:00",41,"Snack ",38,5,6,"scooter ",2,"No ","Metropolitian ","Stormy","Medium ",0
"1/04/2022","21:30:00","21:35:00",15,"Snack ",28,4.8,23,"scooter ",2,"No ","Metropolitian ","Windy","Jam ",0
"2/03/2022","19:25:00","19:30:00",39,"Snack ",38,4.3,19,"scooter ",2,"No ","Metropolitian ","Stormy","Jam ",2
"8/03/2022","20:40:00","20:55:00",34,"Buffet ",38,3.8,6,"motorcycle ",1,"No ","Metropolitian ","Sunny","Jam ",1
"26/03/2022","10:10:00","10:20:00",10,"Drinks ",37,4.9,21,"scooter ",2,"No ","Metropolitian ","Sunny","Low ",0
"29/03/2022","21:30:00","21:35:00",41,"Buffet ",33,4.6,13,"motorcycle ",0,"No ","Metropolitian ","Cloudy","Jam ",1
"9/03/2022","8:50:00","9:05:00",14,"Buffet ",25,5,16,"scooter ",2,"No ","Urban ","Stormy","Low ",0
"16/03/2022","22:35:00","22:45:00",24,"Drinks ",38,4.8,22,"scooter ",2,"No ","Metropolitian ","Sandstorms","Low ",0
"3/03/2022","11:50:00","12:05:00",39,"Snack ",36,4.7,15,"motorcycle ",1,"No ","Metropolitian ","Stormy","High ",1
"1/04/2022","8:55:00","9:00:00",14,"Meal ",22,4.8,9,"motorcycle ",2,"No ","Metropolitian ","Fog","Low ",0
"11/02/2022","11:10:00","11:20:00",35,"Drinks ",35,4.7,9,"electric_scooter ",2,"No ","Metropolitian ","Stormy","High ",0
"16/03/2022","18:20:00","18:35:00",30,"Meal ",35,4.6,23,"scooter ",1,"No ","Metropolitian ","Stormy","Medium ",1
"2/04/2022","19:00:00","19:10:00",26,"Drinks ",28,4.7,21,"scooter ",2,"No ","Metropolitian ","Fog","Medium ",0
"16/02/2022","23:30:00","23:40:00",23,"Snack ",31,4.8,9,"motorcycle ",0,"No ","Metropolitian ","Windy","Low ",1
"28/03/2022","16:10:00","16:15:00",26,"Drinks ",23,4.5,18,"scooter ",1,"No ","Metropolitian ","Windy","Medium ",0
"9/03/2022","20:40:00","20:55:00",28,"Snack ",37,4.8,22,"electric_scooter ",2,"No ","Metropolitian ","Windy","Jam ",1
"10/03/2022","17:40:00","17:45:00",28,"Drinks ",26,4.7,12,"motorcycle ",0,"No ","Metropolitian ","Windy","Medium ",1
"5/03/2022","9:20:00","9:30:00",31,"Snack ",37,4.1,6,"motorcycle ",0,"No ","Metropolitian ","Stormy","Low ",1
"18/03/2022","20:30:00","20:35:00",35,"Drinks ",21,4.7,19,"motorcycle ",0,"No ","Urban ","Fog","Jam ",0
"5/04/2022","22:00:00","22:05:00",25,"Meal ",22,4.7,15,"motorcycle ",0,"No ","Urban ","Fog","Jam ",0
"15/03/2022","8:45:00","8:55:00",20,"Meal ",31,4.5,23,"motorcycle ",2,"No ","Metropolitian ","Windy","Low ",0
"18/03/2022","18:35:00","18:45:00",37,"Drinks ",31,4.3,12,"motorcycle ",0,"No ","Metropolitian ","Sunny","Medium ",1
"5/04/2022","11:10:00","11:25:00",22,"Buffet ",26,4.6,21,"scooter ",1,"No ","Metropolitian ","Sandstorms","High ",1
"21/03/2022","10:20:00","10:25:00",25,"Snack ",35,4.8,9,"scooter ",2,"No ","Metropolitian ","Windy","Low ",1
"4/04/2022","20:30:00","20:40:00",29,"Snack ",31,4.5,9,"motorcycle ",2,"No ","Metropolitian ","Sunny","Jam ",1
"18/02/2022","19:10:00","19:20:00",36,"Meal ",35,3.7,12,"motorcycle ",1,"No ","Metropolitian ","Sandstorms","Jam ",1
"19/03/2022","21:40:00","21:55:00",15,"Buffet ",37,4.8,23,"scooter ",1,"No ","Metropolitian ","Sunny","Jam ",0
"9/03/2022","19:50:00","20:00:00",16,"Meal ",24,4.7,19,"scooter ",2,"No ","Urban ","Windy","Jam ",0
"19/03/2022","17:55:00","18:10:00",32,"Meal ",35,4.9,17,"scooter ",1,"No ","Metropolitian ","Windy","Medium ",1
"31/03/2022","21:40:00","21:55:00",24,"Drinks ",26,4.6,21,"motorcycle ",0,"No ","Metropolitian ","Sunny","Jam ",0
"18/03/2022","22:55:00","23:10:00",26,"Buffet ",36,4.6,18,"motorcycle ",2,"No ","Urban ","Stormy","Low ",1
"1/03/2022","18:55:00","19:10:00",38,"Snack ",35,5,6,"motorcycle ",0,"No ","Metropolitian ","Stormy","Medium ",2
"11/03/2022","8:15:00","8:25:00",29,"Meal ",35,4.6,22,"scooter ",1,"No ","Metropolitian ","Stormy","Low ",0
"20/03/2022","21:25:00","21:30:00",33,"Snack ",39,3.9,4,"scooter ",2,"No ","Metropolitian ","Stormy","Jam ",1
"11/02/2022","15:00:00","15:10:00",34,"Meal ",31,4.7,3,"electric_scooter ",2,"No ","Metropolitian ","Windy","High ",1
"12/02/2022","20:20:00","20:25:00",28,"Snack ",29,5,9,"motorcycle ",0,"No ","Metropolitian ","Sandstorms","Jam ",1
"19/03/2022","20:25:00","20:30:00",35,"Drinks ",24,4.1,4,"motorcycle ",0,"No ","Urban ","Stormy","Jam ",1
"12/03/2022","19:25:00","19:40:00",28,"Meal ",21,4.8,19,"motorcycle ",0,"No ","Metropolitian ","Sandstorms","Jam ",1
"3/03/2022","20:35:00","20:50:00",17,"Snack ",28,5,18,"motorcycle ",2,"No ","Metropolitian ","Stormy","Jam ",1
"19/03/2022","16:55:00","17:10:00",17,"Meal ",35,4.9,2,"scooter ",1,"No ","Metropolitian ","Fog","Medium ",1
"17/02/2022","8:10:00","8:15:00",21,"Meal ",20,4.5,5,"motorcycle ",0,"No ","Metropolitian ","Sandstorms","Low ",1
"15/03/2022","9:20:00","9:25:00",17,"Drinks ",26,4.7,19,"motorcycle ",0,"No ","Metropolitian ","Fog","Low ",1
"5/03/2022","15:20:00","15:35:00",31,"Drinks ",38,5,18,"scooter ",2,"No ","Metropolitian ","Stormy","Medium ",1
"3/04/2022","10:45:00","10:55:00",24,"Snack ",23,4.4,23,"motorcycle ",0,"No ","Metropolitian ","Stormy","Low ",1
"15/03/2022","23:55:00","0:00:00",10,"Meal ",24,4.6,19,"motorcycle ",1,"No ","Metropolitian ","Sandstorms","Low ",0
"25/03/2022","17:45:00","17:50:00",26,"Buffet ",29,5,12,"motorcycle ",0,"No ","Metropolitian ","Sunny","Medium ",0
"3/04/2022","11:30:00","11:35:00",31,"Drinks ",33,4.1,4,"scooter ",1,"No ","Metropolitian ","Cloudy","High ",1
"11/02/2022","9:15:00","9:20:00",17,"Buffet ",22,4.6,8,"motorcycle ",1,"No ","Metropolitian ","Stormy","Low ",1
"7/03/2022","8:50:00","9:05:00",33,"Buffet ",31,4.2,6,"motorcycle ",0,"No ","Metropolitian ","Stormy","Low ",0
"6/03/2022","18:50:00","19:05:00",36,"Snack ",30,4.5,3,"motorcycle ",0,"No ","Urban ","Stormy","Medium ",1
"14/02/2022","20:55:00","21:05:00",38,"Snack ",34,4.4,9,"scooter ",1,"No ","Metropolitian ","Fog","Jam ",2
"5/03/2022","13:15:00","13:25:00",23,"Snack ",23,4.6,12,"scooter ",1,"No ","Metropolitian ","Sunny","High ",1
"21/03/2022","18:35:00","18:45:00",15,"Drinks ",27,4.9,22,"motorcycle ",0,"No ","Urban ","Sandstorms","Medium ",1
"5/04/2022","8:15:00","8:20:00",19,"Snack ",26,4.6,19,"motorcycle ",1,"No ","Metropolitian ","Fog","Low ",0
"9/03/2022","9:20:00","9:25:00",17,"Meal ",27,4.8,19,"motorcycle ",0,"No ","Metropolitian ","Cloudy","Low ",1
"26/03/2022","16:15:00","16:20:00",21,"Meal ",22,5,23,"motorcycle ",0,"No ","Metropolitian ","Sunny","Medium ",0
"2/04/2022","22:45:00","23:00:00",20,"Meal ",29,5,9,"scooter ",2,"No ","Metropolitian ","Fog","Low ",0
"5/04/2022","22:35:00","22:45:00",16,"Meal ",25,5,15,"motorcycle ",0,"No ","Metropolitian ","Sunny","Low ",0
"16/03/2022","19:45:00","19:50:00",54,"Meal ",31,5,16,"motorcycle ",0,"No ","Urban ","Windy","Jam ",0
"17/03/2022","22:35:00","22:50:00",18,"Drinks ",31,4.8,17,"scooter ",2,"No ","Metropolitian ","Fog","Low ",1
"5/04/2022","11:45:00","11:50:00",31,"Buffet ",28,4.7,18,"motorcycle ",1,"No ","Metropolitian ","Fog","High ",1
"20/03/2022","21:55:00","22:10:00",33,"Drinks ",33,3.8,5,"electric_scooter ",2,"No ","Metropolitian ","Sandstorms","Jam ",0
"7/03/2022","15:50:00","15:55:00",29,"Meal ",36,4.9,17,"motorcycle ",2,"No ","Urban ","Stormy","Medium ",1
"16/03/2022","17:15:00","17:30:00",28,"Meal ",37,4.6,21,"scooter ",2,"No ","Urban ","Windy","Medium ",1
"2/03/2022","20:45:00","20:55:00",34,"Drinks ",35,4.2,6,"scooter ",2,"No ","Urban ","Windy","Jam ",1
"3/04/2022","9:35:00","9:40:00",33,"Meal ",38,4.3,4,"motorcycle ",0,"No ","Metropolitian ","Sandstorms","Low ",1
"21/03/2022","11:30:00","11:35:00",34,"Snack ",35,4,9,"motorcycle ",1,"No ","Metropolitian ","Windy","High ",2
"28/03/2022","9:25:00","9:30:00",16,"Meal ",31,4.8,9,"scooter ",2,"No ","Metropolitian ","Stormy","Low ",1
"4/04/2022","22:50:00","23:00:00",39,"Drinks ",31,4,14,"motorcycle ",0,"No ","Metropolitian ","Cloudy","Low ",1
"20/03/2022","0:00:00","0:15:00",27,"Snack ",36,4.9,23,"scooter ",1,"No ","Metropolitian ","Stormy","Low ",1
"17/02/2022","19:40:00","19:55:00",31,"Snack ",35,4.6,8,"motorcycle ",0,"No ","Metropolitian ","Sandstorms","Jam ",1
"13/03/2022","11:00:00","11:10:00",22,"Snack ",35,4.3,3,"motorcycle ",0,"No ","Urban ","Sandstorms","Low ",1
"17/03/2022","11:50:00","12:00:00",29,"Drinks ",21,4.9,3,"motorcycle ",1,"No ","Metropolitian ","Fog","High ",1
"9/03/2022","22:25:00","22:35:00",16,"Meal ",23,4.5,21,"motorcycle ",0,"No ","Metropolitian ","Stormy","Low ",0
"14/03/2022","18:50:00","19:05:00",32,"Drinks ",25,4.4,2,"motorcycle ",1,"No ","Urban ","Fog","Medium ",1
"3/03/2022","21:10:00","21:20:00",30,"Snack ",31,4.8,12,"motorcycle ",1,"No ","Metropolitian ","Sandstorms","Jam ",0
"13/02/2022","10:50:00","11:05:00",15,"Snack ",21,4.9,8,"motorcycle ",0,"No ","Metropolitian ","Stormy","Low ",0
"25/03/2022","0:00:00","0:10:00",18,"Drinks ",30,4.7,12,"motorcycle ",1,"No ","Metropolitian ","Sunny","Low ",1
"2/03/2022","19:25:00","19:30:00",41,"Drinks ",26,5,22,"motorcycle ",0,"No ","Urban ","Cloudy","Jam ",1
"12/02/2022","20:45:00","21:00:00",44,"Buffet ",23,4.6,4,"scooter ",2,"No ","Metropolitian ","Stormy","Jam ",1
"16/03/2022","20:40:00","20:45:00",44,"Meal ",36,4,2,"motorcycle ",0,"No ","Metropolitian ","Sunny","Jam ",3
"11/03/2022","20:40:00","20:50:00",21,"Meal ",33,4.6,23,"electric_scooter ",2,"No ","Metropolitian ","Sunny","Jam ",0
"23/03/2022","17:20:00","17:30:00",35,"Meal ",35,4.7,19,"motorcycle ",0,"No ","Urban ","Sunny","Medium ",1
"19/03/2022","10:10:00","10:20:00",18,"Snack ",26,4.7,18,"electric_scooter ",2,"No ","Metropolitian ","Sunny","Low ",0
"18/03/2022","0:00:00","0:15:00",28,"Snack ",33,4.9,11,"scooter ",1,"No ","Metropolitian ","Fog","Low ",0
"11/02/2022","19:55:00","20:05:00",33,"Buffet ",31,4.9,9,"electric_scooter ",2,"No ","Metropolitian ","Fog","Jam ",1
"1/04/2022","8:15:00","8:30:00",22,"Meal ",36,4.9,16,"motorcycle ",0,"No ","Urban ","Fog","Low ",0
"5/04/2022","22:15:00","22:30:00",20,"Snack ",25,4.9,19,"motorcycle ",2,"No ","Metropolitian ","Sunny","Low ",0
"28/03/2022","19:35:00","19:40:00",17,"Meal ",21,4.6,22,"motorcycle ",1,"No ","Metropolitian ","Sandstorms","Jam ",1
"5/04/2022","9:10:00","9:25:00",22,"Buffet ",25,4.8,17,"electric_scooter ",2,"No ","Metropolitian ","Sunny","Low ",1
"21/03/2022","14:15:00","14:20:00",25,"Snack ",27,4.7,9,"motorcycle ",1,"No ","Metropolitian ","Cloudy","High ",1
"2/03/2022","23:45:00","0:00:00",23,"Snack ",37,4.6,23,"motorcycle ",0,"No ","Urban ","Sandstorms","Low ",1
"11/03/2022","18:35:00","18:50:00",16,"Buffet ",36,5,19,"electric_scooter ",2,"No ","Metropolitian ","Cloudy","Medium ",1
"3/04/2022","8:45:00","9:00:00",15,"Buffet ",31,4.7,22,"scooter ",2,"No ","Metropolitian ","Sunny","Low ",0
"2/04/2022","17:35:00","17:50:00",19,"Buffet ",27,4.9,23,"motorcycle ",1,"No ","Metropolitian ","Sunny","Medium ",0
"16/02/2022","23:55:00","0:05:00",37,"Snack ",35,4.2,7,"motorcycle ",0,"No ","Metropolitian ","Stormy","Low ",2
"28/03/2022","16:40:00","16:45:00",29,"Snack ",34,4.5,1,"motorcycle ",0,"No ","Metropolitian ","Fog","Medium ",1
"4/04/2022","20:15:00","20:30:00",42,"Buffet ",38,3.8,11,"motorcycle ",1,"No ","Metropolitian ","Windy","Jam ",2
"26/03/2022","21:15:00","21:30:00",14,"Meal ",25,4.8,22,"electric_scooter ",2,"No ","Urban ","Sandstorms","Jam ",1
"24/03/2022","22:50:00","23:05:00",26,"Meal ",31,4.7,19,"motorcycle ",0,"No ","Metropolitian ","Fog","Low ",1
"5/03/2022","20:30:00","20:45:00",21,"Meal ",32,5,23,"electric_scooter ",2,"No ","Metropolitian ","Sunny","Jam ",0
"17/02/2022","11:35:00","11:40:00",29,"Snack ",39,4.7,21,"scooter ",1,"No ","Urban ","Stormy","High ",1
"25/03/2022","19:20:00","19:30:00",17,"Snack ",24,4.7,9,"motorcycle ",2,"No ","Metropolitian ","Sunny","Jam ",1
"25/03/2022","23:00:00","23:05:00",14,"Snack ",21,4.8,18,"scooter ",2,"No ","Urban ","Stormy","Low ",0
"18/03/2022","17:45:00","18:00:00",26,"Buffet ",38,4.6,13,"scooter ",2,"No ","Metropolitian ","Sunny","Medium ",0
"8/03/2022","22:35:00","22:45:00",20,"Buffet ",36,4.8,15,"motorcycle ",0,"No ","Metropolitian ","Sandstorms","Low ",1
"28/03/2022","21:30:00","21:40:00",27,"Meal ",32,4.6,21,"scooter ",1,"No ","Urban ","Windy","Jam ",1
"8/03/2022","17:45:00","17:50:00",29,"Drinks ",36,4.9,22,"electric_scooter ",2,"No ","Metropolitian ","Sandstorms","Medium ",1
"5/04/2022","10:35:00","10:45:00",22,"Meal ",29,4.8,19,"scooter ",2,"No ","Metropolitian ","Sunny","Low ",0
"5/04/2022","15:15:00","15:30:00",20,"Meal ",28,4.6,15,"motorcycle ",0,"No ","Metropolitian ","Sunny","Medium ",1
"17/02/2022","23:15:00","23:25:00",17,"Buffet ",33,4.9,3,"motorcycle ",1,"No ","Metropolitian ","Fog","Low ",0
"14/03/2022","22:40:00","22:55:00",22,"Drinks ",21,4.6,23,"motorcycle ",0,"No ","Metropolitian ","Cloudy","Low ",1
"28/03/2022","10:45:00","10:55:00",18,"Drinks ",30,4.9,17,"scooter ",2,"No ","Metropolitian ","Fog","Low ",1
"25/03/2022","23:55:00","0:10:00",20,"Snack ",20,4.6,23,"motorcycle ",0,"No ","Metropolitian ","Fog","Low ",1
"2/04/2022","22:40:00","22:45:00",25,"Meal ",27,4.5,19,"motorcycle ",1,"No ","Metropolitian ","Fog","Low ",1
"1/03/2022","17:15:00","17:30:00",17,"Buffet ",36,4.9,15,"motorcycle ",1,"No ","Metropolitian ","Sunny","Medium ",1
"4/03/2022","20:35:00","20:40:00",44,"Meal ",37,4.2,4,"motorcycle ",1,"No ","Urban ","Stormy","Jam ",1
"7/03/2022","11:40:00","11:50:00",28,"Meal ",28,5,15,"motorcycle ",1,"No ","Urban ","Sandstorms","High ",1
"17/03/2022","11:45:00","11:55:00",21,"Buffet ",24,4.9,1,"electric_scooter ",2,"No ","Metropolitian ","Fog","High ",1
"11/03/2022","11:50:00","11:55:00",39,"Snack ",35,4.3,4,"motorcycle ",0,"No ","Urban ","Sandstorms","High ",0
"14/03/2022","20:25:00","20:30:00",25,"Meal ",23,5,22,"motorcycle ",2,"No ","Urban ","Stormy","Jam ",1
"31/03/2022","20:45:00","20:55:00",26,"Drinks ",28,4.8,19,"motorcycle ",0,"No ","Metropolitian ","Stormy","Jam ",1
"5/04/2022","13:15:00","13:30:00",28,"Buffet ",35,5,16,"scooter ",1,"No ","Metropolitian ","Windy","High ",1
"13/03/2022","22:55:00","23:00:00",27,"Meal ",32,4.5,23,"motorcycle ",1,"No ","Metropolitian ","Stormy","Low ",1
"4/04/2022","17:30:00","17:40:00",18,"Snack ",33,4.6,16,"motorcycle ",1,"No ","Metropolitian ","Sunny","Medium ",0
"20/03/2022","20:00:00","20:10:00",16,"Meal ",29,4.6,17,"scooter ",1,"No ","Metropolitian ","Stormy","Jam ",1
"19/03/2022","8:35:00","8:45:00",26,"Snack ",31,4.7,1,"scooter ",1,"No ","Metropolitian ","Stormy","Low ",1
"15/03/2022","17:30:00","17:45:00",18,"Drinks ",29,4.9,18,"scooter ",2,"No ","Urban ","Cloudy","Medium ",0
"18/02/2022","17:35:00","17:45:00",20,"Snack ",23,4.8,9,"motorcycle ",0,"No ","Metropolitian ","Fog","Medium ",1
"1/04/2022","11:25:00","11:35:00",41,"Meal ",31,4.9,12,"motorcycle ",0,"No ","Metropolitian ","Windy","High ",0
"20/03/2022","19:35:00","19:50:00",17,"Buffet ",27,4.9,17,"scooter ",2,"No ","Urban ","Stormy","Jam ",1
"18/02/2022","18:45:00","19:00:00",38,"Drinks ",35,4.1,14,"motorcycle ",2,"No ","Metropolitian ","Fog","Medium ",1
"6/03/2022","18:30:00","18:35:00",26,"Snack ",25,4.6,14,"motorcycle ",2,"No ","Metropolitian ","Sunny","Medium ",1
"13/03/2022","18:10:00","18:25:00",20,"Snack ",38,4.7,18,"motorcycle ",1,"No ","Urban ","Sunny","Medium ",1
"21/03/2022","19:00:00","19:10:00",38,"Buffet ",38,4.4,2,"motorcycle ",0,"No ","Metropolitian ","Stormy","Medium ",1
"19/03/2022","11:55:00","12:05:00",30,"Drinks ",37,5,22,"motorcycle ",1,"No ","Metropolitian ","Stormy","High ",1
"7/03/2022","22:20:00","22:30:00",13,"Drinks ",27,5,23,"scooter ",2,"No ","Urban ","Stormy","Low ",0
"17/03/2022","22:00:00","22:10:00",22,"Drinks ",20,4.7,19,"scooter ",2,"No ","Metropolitian ","Sandstorms","Jam ",1
"13/03/2022","11:40:00","11:55:00",32,"Buffet ",36,4.4,19,"motorcycle ",1,"No ","Metropolitian ","Windy","High ",1
"7/03/2022","19:15:00","19:30:00",33,"Snack ",21,4.9,15,"scooter ",1,"No ","Urban ","Stormy","Jam ",1
"13/03/2022","18:15:00","18:25:00",12,"Meal ",23,4.9,18,"scooter ",2,"No ","Urban ","Sunny","Medium ",1
"8/03/2022","22:20:00","22:25:00",29,"Buffet ",21,4.9,13,"scooter ",1,"No ","Metropolitian ","Fog","Low ",0
"26/03/2022","11:50:00","12:05:00",32,"Drinks ",33,4.4,1,"motorcycle ",2,"No ","Metropolitian ","Fog","High ",1
"3/03/2022","18:10:00","18:15:00",11,"Snack ",28,4.5,18,"motorcycle ",0,"No ","Metropolitian ","Stormy","Medium ",1
"25/03/2022","18:30:00","18:45:00",31,"Buffet ",22,5,11,"motorcycle ",0,"No ","Metropolitian ","Windy","Medium ",1
"9/03/2022","22:35:00","22:40:00",28,"Drinks ",27,4,1,"motorcycle ",0,"No ","Metropolitian ","Windy","Low ",1
"11/02/2022","18:15:00","18:20:00",27,"Meal ",23,5,6,"scooter ",2,"No ","Metropolitian ","Windy","Medium ",1
"30/03/2022","22:30:00","22:35:00",19,"Meal ",37,5,13,"scooter ",1,"No ","Metropolitian ","Sunny","Low ",1
"6/04/2022","21:15:00","21:30:00",47,"Meal ",33,4.3,3,"motorcycle ",0,"No ","Metropolitian ","Windy","Jam ",1
"3/03/2022","8:10:00","8:20:00",16,"Snack ",21,4.7,17,"motorcycle ",0,"No ","Urban ","Cloudy","Low ",1
"29/03/2022","18:40:00","18:55:00",28,"Buffet ",20,4.8,12,"scooter ",1,"No ","Metropolitian ","Stormy","Medium ",1
"14/02/2022","23:55:00","0:05:00",22,"Meal ",27,4.8,22,"motorcycle ",0,"No ","Urban ","Sandstorms","Low ",1
"17/03/2022","11:25:00","11:30:00",28,"Buffet ",37,4.8,7,"motorcycle ",0,"No ","Metropolitian ","Cloudy","High ",1
"14/03/2022","18:10:00","18:20:00",27,"Snack ",23,4.7,9,"scooter ",2,"No ","Metropolitian ","Cloudy","Medium ",1
"10/03/2022","17:45:00","18:00:00",28,"Meal ",22,4.9,17,"motorcycle ",0,"No ","Urban ","Sandstorms","Medium ",1
"27/03/2022","19:15:00","19:30:00",29,"Meal ",25,4.7,16,"motorcycle ",1,"No ","Urban ","Stormy","Jam ",1
"7/03/2022","11:35:00","11:45:00",21,"Snack ",24,4.9,22,"motorcycle ",1,"No ","Urban ","Stormy","High ",1
"29/03/2022","19:20:00","19:30:00",41,"Meal ",23,4.6,3,"motorcycle ",0,"No ","Metropolitian ","Fog","Jam ",2
"6/04/2022","17:30:00","17:40:00",31,"Meal ",27,4.3,3,"electric_scooter ",2,"No ","Metropolitian ","Cloudy","Medium ",1
"8/03/2022","22:25:00","22:40:00",30,"Buffet ",33,4.7,23,"scooter ",2,"No ","Metropolitian ","Sunny","Low ",1
"10/03/2022","18:55:00","19:10:00",28,"Meal ",25,5,15,"motorcycle ",0,"No ","Metropolitian ","Windy","Medium ",1
"15/03/2022","9:10:00","9:25:00",13,"Meal ",25,4.7,15,"scooter ",1,"No ","Metropolitian ","Windy","Low ",1
"19/03/2022","10:00:00","10:15:00",16,"Drinks ",29,4.8,13,"scooter ",1,"No ","Metropolitian ","Sandstorms","Low ",1
"3/03/2022","17:40:00","17:50:00",15,"Buffet ",38,4.9,23,"scooter ",2,"No ","Metropolitian ","Fog","Medium ",1
"3/03/2022","21:50:00","22:05:00",15,"Meal ",35,5,15,"electric_scooter ",2,"No ","Metropolitian ","Sunny","Jam ",0
"9/03/2022","17:10:00","17:20:00",24,"Buffet ",27,4.9,17,"motorcycle ",1,"No ","Urban ","Stormy","Medium ",1
"13/02/2022","8:15:00","8:20:00",27,"Snack ",33,4.8,7,"motorcycle ",2,"No ","Metropolitian ","Windy","Low ",1
"11/02/2022","14:00:00","14:05:00",29,"Meal ",21,4.8,18,"motorcycle ",0,"No ","Urban ","Stormy","High ",1
"20/03/2022","20:25:00","20:30:00",44,"Drinks ",31,4.5,13,"motorcycle ",0,"No ","Metropolitian ","Fog","Jam ",2
"3/04/2022","21:20:00","21:35:00",43,"Snack ",32,4.1,3,"motorcycle ",0,"No ","Urban ","Stormy","Jam ",0
"13/02/2022","9:10:00","9:25:00",13,"Drinks ",37,4.7,23,"scooter ",1,"No ","Urban ","Sunny","Low ",0
"25/03/2022","18:40:00","18:50:00",46,"Buffet ",31,4.6,3,"motorcycle ",0,"No ","Metropolitian ","Fog","Medium ",1
"13/02/2022","17:15:00","17:20:00",18,"Meal ",22,4.5,8,"motorcycle ",1,"No ","Metropolitian ","Stormy","Medium ",0
"28/03/2022","9:10:00","9:20:00",13,"Drinks ",20,4.6,23,"scooter ",1,"No ","Metropolitian ","Sandstorms","Low ",0
"26/03/2022","16:00:00","16:10:00",16,"Buffet ",33,4.8,13,"scooter ",2,"No ","Metropolitian ","Fog","Medium ",1
"1/04/2022","14:40:00","14:50:00",22,"Drinks ",23,4.8,21,"motorcycle ",0,"No ","Metropolitian ","Cloudy","High ",1
"29/03/2022","17:45:00","17:55:00",15,"Drinks ",21,4.8,17,"scooter ",1,"No ","Metropolitian ","Sunny","Medium ",0
"20/03/2022","21:50:00","22:00:00",35,"Drinks ",22,5,5,"motorcycle ",0,"No ","Metropolitian ","Stormy","Jam ",1
"4/03/2022","23:10:00","23:20:00",25,"Buffet ",38,4.9,9,"motorcycle ",0,"No ","Metropolitian ","Windy","Low ",1
"29/03/2022","23:10:00","23:25:00",19,"Buffet ",29,4.6,12,"motorcycle ",1,"No ","Metropolitian ","Sandstorms","Low ",1
"4/04/2022","18:00:00","18:10:00",26,"Snack ",29,4.5,19,"scooter ",1,"No ","Metropolitian ","Stormy","Medium ",1
"17/03/2022","10:45:00","10:50:00",17,"Buffet ",27,4.9,17,"scooter ",1,"No ","Metropolitian ","Sunny","Low ",1
"12/02/2022","19:40:00","19:45:00",33,"Meal ",34,4.5,6,"scooter ",2,"No ","Metropolitian ","Sunny","Jam ",1
"6/03/2022","19:10:00","19:15:00",26,"Meal ",28,4.9,17,"motorcycle ",1,"No ","Metropolitian ","Stormy","Jam ",1
"16/03/2022","23:45:00","0:00:00",21,"Meal ",24,5,9,"motorcycle ",0,"No ","Metropolitian ","Windy","Low ",0
"9/03/2022","8:55:00","9:00:00",18,"Buffet ",26,4.7,22,"scooter ",1,"No ","Metropolitian ","Fog","Low ",1
"19/03/2022","10:15:00","10:25:00",19,"Snack ",36,4.9,18,"scooter ",1,"No ","Urban ","Cloudy","Low ",0
"3/04/2022","12:45:00","12:50:00",33,"Buffet ",31,4.4,9,"scooter ",1,"No ","Metropolitian ","Sandstorms","High ",1
"12/03/2022","19:15:00","19:20:00",15,"Meal ",20,4.6,13,"scooter ",2,"No ","Metropolitian ","Stormy","Jam ",0
"8/03/2022","23:00:00","23:15:00",28,"Meal ",20,4.9,23,"scooter ",1,"No ","Metropolitian ","Sunny","Low ",0
"31/03/2022","18:25:00","18:35:00",33,"Buffet ",22,4.3,2,"scooter ",1,"No ","Metropolitian ","Fog","Medium ",0
"5/04/2022","20:45:00","20:55:00",21,"Buffet ",29,4.9,16,"scooter ",1,"No ","Metropolitian ","Fog","Jam ",1
"1/03/2022","22:45:00","22:55:00",16,"Drinks ",36,5,23,"scooter ",2,"No ","Urban ","Fog","Low ",1
"18/02/2022","22:35:00","22:50:00",25,"Buffet ",23,4.6,8,"electric_scooter ",2,"No ","Metropolitian ","Fog","Low ",1
"13/02/2022","22:30:00","22:40:00",19,"Buffet ",26,5,8,"motorcycle ",1,"No ","Metropolitian ","Sunny","Low ",0
"17/02/2022","10:35:00","10:40:00",15,"Buffet ",24,4.9,3,"electric_scooter ",2,"No ","Metropolitian ","Stormy","Low ",1
"23/03/2022","20:00:00","20:05:00",31,"Snack ",31,4.2,11,"scooter ",1,"No ","Metropolitian ","Sandstorms","Jam ",1
"9/03/2022","17:15:00","17:30:00",30,"Buffet ",39,4.8,15,"scooter ",2,"No ","Urban ","Sandstorms","Medium ",1
"15/03/2022","23:10:00","23:25:00",18,"Meal ",39,4.6,23,"electric_scooter ",2,"No ","Urban ","Fog","Low ",0
"13/03/2022","23:30:00","23:40:00",16,"Buffet ",39,4.7,12,"motorcycle ",1,"No ","Metropolitian ","Cloudy","Low ",0
"25/03/2022","18:15:00","18:20:00",31,"Meal ",33,5,8,"motorcycle ",2,"No ","Metropolitian ","Cloudy","Medium ",1
"15/03/2022","19:00:00","19:05:00",25,"Drinks ",33,4.6,13,"motorcycle ",1,"No ","Metropolitian ","Sandstorms","Medium ",1
"25/03/2022","17:35:00","17:50:00",37,"Drinks ",39,3.7,4,"motorcycle ",1,"No ","Metropolitian ","Windy","Medium ",1
"17/02/2022","11:00:00","11:05:00",17,"Drinks ",24,4.7,23,"motorcycle ",2,"No ","Urban ","Sunny","Low ",0
"26/03/2022","19:20:00","19:30:00",28,"Meal ",33,4.5,17,"motorcycle ",0,"No ","Metropolitian ","Cloudy","Jam ",1
"16/03/2022","19:15:00","19:25:00",38,"Drinks ",35,3.7,8,"scooter ",2,"No ","Metropolitian ","Stormy","Jam ",1
"3/03/2022","8:35:00","8:45:00",24,"Buffet ",21,5,22,"electric_scooter ",2,"No ","Metropolitian ","Sunny","Low ",1
"17/02/2022","18:10:00","18:20:00",25,"Buffet ",37,5,3,"motorcycle ",0,"No ","Metropolitian ","Sandstorms","Medium ",0
"16/02/2022","22:55:00","23:05:00",40,"Buffet ",36,4.7,5,"motorcycle ",0,"No ","Metropolitian ","Stormy","Low ",2
"23/03/2022","22:55:00","23:10:00",25,"Meal ",39,4.9,9,"electric_scooter ",2,"No ","Metropolitian ","Sandstorms","Low ",1
"15/02/2022","8:30:00","8:45:00",28,"Buffet ",36,4.9,9,"scooter ",2,"No ","Metropolitian ","Sandstorms","Low ",0
"26/03/2022","21:50:00","22:05:00",28,"Meal ",37,4.8,9,"motorcycle ",1,"No ","Metropolitian ","Stormy","Jam ",1
"16/02/2022","23:40:00","23:45:00",35,"Buffet ",37,4.3,8,"motorcycle ",0,"No ","Metropolitian ","Fog","Low ",1
"13/03/2022","23:10:00","23:15:00",24,"Snack ",34,4.2,2,"motorcycle ",0,"No ","Urban ","Windy","Low ",0
"18/03/2022","22:40:00","22:50:00",37,"Meal ",36,4.6,23,"motorcycle ",0,"No ","Metropolitian ","Cloudy","Low ",1
"26/03/2022","22:20:00","22:30:00",17,"Buffet ",33,4.9,22,"scooter ",2,"No ","Metropolitian ","Fog","Low ",0
"11/02/2022","9:20:00","9:35:00",21,"Drinks ",24,4.9,17,"scooter ",2,"No ","Urban ","Sunny","Low ",0
"16/03/2022","23:25:00","23:35:00",23,"Drinks ",21,4.8,18,"motorcycle ",0,"No ","Metropolitian ","Fog","Low ",1
"14/03/2022","23:25:00","23:30:00",30,"Buffet ",32,4.5,16,"electric_scooter ",2,"No ","Metropolitian ","Fog","Low ",1
"29/03/2022","23:10:00","23:15:00",24,"Drinks ",21,4.8,19,"motorcycle ",0,"No ","Metropolitian ","Sandstorms","Low ",1
"11/03/2022","9:30:00","9:40:00",24,"Snack ",38,4.3,4,"motorcycle ",0,"No ","Urban ","Stormy","Low ",1
"1/04/2022","19:25:00","19:35:00",11,"Buffet ",24,5,18,"scooter ",2,"No ","Urban ","Stormy","Jam ",0
"2/03/2022","21:45:00","21:55:00",39,"Meal ",23,4.7,21,"motorcycle ",0,"No ","Metropolitian ","Windy","Jam ",0
"15/02/2022","23:55:00","0:10:00",26,"Snack ",30,4.2,4,"motorcycle ",0,"No ","Metropolitian ","Sandstorms","Low ",1
"11/03/2022","11:15:00","11:20:00",11,"Snack ",29,4.9,12,"motorcycle ",2,"No ","Metropolitian ","Windy","High ",0
"6/03/2022","19:20:00","19:25:00",40,"Meal ",39,4.2,3,"motorcycle ",1,"No ","Metropolitian ","Sandstorms","Jam ",1
"12/03/2022","17:55:00","18:05:00",32,"Snack ",26,4.6,9,"motorcycle ",1,"No ","Metropolitian ","Cloudy","Medium ",0
"3/04/2022","21:30:00","21:40:00",26,"Drinks ",36,4.6,23,"motorcycle ",0,"No ","Metropolitian ","Sunny","Jam ",0
"8/03/2022","19:00:00","19:15:00",27,"Buffet ",25,5,15,"motorcycle ",0,"No ","Metropolitian ","Sunny","Medium ",1
"21/03/2022","22:20:00","22:35:00",22,"Meal ",33,4.6,15,"scooter ",1,"No ","Urban ","Stormy","Low ",1
"12/03/2022","17:30:00","17:45:00",19,"Meal ",25,4.9,21,"motorcycle ",2,"No ","Urban ","Sunny","Medium ",1
"24/03/2022","8:20:00","8:35:00",24,"Snack ",38,4.6,12,"motorcycle ",0,"No ","Metropolitian ","Sunny","Low ",1
"26/03/2022","14:10:00","14:25:00",34,"Meal ",30,4.2,2,"motorcycle ",0,"No ","Metropolitian ","Cloudy","High ",1
"24/03/2022","23:15:00","23:25:00",14,"Buffet ",24,4.9,9,"scooter ",1,"No ","Metropolitian ","Stormy","Low ",0
"18/03/2022","23:40:00","23:50:00",33,"Drinks ",27,2.7,19,"scooter ",2,"No ","Metropolitian ","Sunny","Low ",1
"23/03/2022","18:00:00","18:15:00",21,"Buffet ",28,5,19,"motorcycle ",0,"No ","Urban ","Sunny","Medium ",1
"4/03/2022","21:30:00","21:45:00",42,"Meal ",35,4,3,"motorcycle ",0,"No ","Urban ","Stormy","Jam ",1
"6/04/2022","22:55:00","23:05:00",19,"Snack ",21,4.9,19,"scooter ",2,"No ","Urban ","Sandstorms","Low ",1
"19/03/2022","19:15:00","19:20:00",16,"Snack ",22,4.8,16,"motorcycle ",0,"No ","Metropolitian ","Sandstorms","Jam ",0
"5/03/2022","11:45:00","12:00:00",25,"Meal ",23,4.6,22,"motorcycle ",0,"No ","Urban ","Stormy","High ",1
"8/03/2022","18:20:00","18:25:00",16,"Meal ",28,4.9,14,"motorcycle ",2,"No ","Metropolitian ","Stormy","Medium ",0
"11/03/2022","15:35:00","15:40:00",25,"Drinks ",26,4.8,15,"motorcycle ",1,"No ","Metropolitian ","Sandstorms","Medium ",1
"30/03/2022","18:40:00","18:50:00",29,"Drinks ",32,4.8,3,"motorcycle ",0,"No ","Metropolitian ","Stormy","Medium ",0
"3/03/2022","23:10:00","23:15:00",27,"Drinks ",35,4.5,13,"motorcycle ",1,"No ","Metropolitian ","Stormy","Low ",0
"31/03/2022","22:20:00","22:25:00",33,"Buffet ",39,4.2,7,"electric_scooter ",2,"No ","Metropolitian ","Cloudy","Low ",0
"2/03/2022","22:55:00","23:10:00",23,"Buffet ",38,4.9,23,"scooter ",1,"No ","Metropolitian ","Sunny","Low ",1
"10/03/2022","17:20:00","17:35:00",31,"Buffet ",33,4.2,7,"motorcycle ",0,"No ","Metropolitian ","Windy","Medium ",1
"8/03/2022","21:30:00","21:40:00",37,"Meal ",26,5,19,"motorcycle ",1,"No ","Urban ","Stormy","Jam ",2
"31/03/2022","22:55:00","23:00:00",27,"Buffet ",39,4.7,12,"motorcycle ",2,"No ","Metropolitian ","Windy","Low ",1
"27/03/2022","23:50:00","0:05:00",38,"Buffet ",32,4.2,7,"motorcycle ",0,"No ","Metropolitian ","Fog","Low ",0
"13/02/2022","21:45:00","21:50:00",24,"Meal ",21,4.5,5,"scooter ",2,"No ","Metropolitian ","Sandstorms","Jam ",1
"2/04/2022","17:15:00","17:30:00",34,"Meal ",30,4.3,6,"scooter ",2,"No ","Metropolitian ","Sandstorms","Medium ",2
"27/03/2022","20:35:00","20:50:00",22,"Snack ",23,4.7,23,"motorcycle ",1,"No ","Metropolitian ","Windy","Jam ",1
"21/03/2022","12:15:00","12:25:00",28,"Buffet ",30,4.7,16,"motorcycle ",0,"No ","Urban ","Cloudy","High ",0
"12/02/2022","18:30:00","18:40:00",37,"Drinks ",37,4.6,2,"motorcycle ",0,"No ","Metropolitian ","Fog","Medium ",0
"18/02/2022","20:00:00","20:05:00",31,"Meal ",23,4.9,7,"scooter ",1,"No ","Metropolitian ","Fog","Jam ",1
"15/02/2022","11:55:00","12:00:00",35,"Buffet ",28,4.8,3,"motorcycle ",0,"No ","Metropolitian ","Stormy","High ",1
"23/03/2022","20:25:00","20:40:00",17,"Meal ",21,4.8,13,"scooter ",1,"No ","Metropolitian ","Windy","Jam ",0
"7/03/2022","17:00:00","17:05:00",19,"Drinks ",22,4.9,23,"motorcycle ",0,"No ","Metropolitian ","Sunny","Medium ",0
"24/03/2022","11:25:00","11:40:00",34,"Drinks ",22,4.2,3,"motorcycle ",0,"No ","Metropolitian ","Windy","High ",1
"3/03/2022","8:45:00","9:00:00",28,"Drinks ",20,4.5,18,"motorcycle ",0,"No ","Metropolitian ","Windy","Low ",1
"21/03/2022","21:10:00","21:20:00",22,"Meal ",37,4.5,23,"motorcycle ",0,"No ","Metropolitian ","Sunny","Jam ",1
"12/02/2022","18:30:00","18:35:00",27,"Meal ",37,4.7,9,"motorcycle ",1,"No ","Metropolitian ","Sunny","Medium ",1
"19/03/2022","11:25:00","11:40:00",36,"Drinks ",34,5,17,"motorcycle ",2,"No ","Urban ","Fog","High ",1
"9/03/2022","8:25:00","8:35:00",24,"Snack ",32,4.8,15,"motorcycle ",0,"No ","Urban ","Stormy","Low ",1
"15/03/2022","15:40:00","15:55:00",29,"Meal ",36,4.7,23,"motorcycle ",1,"No ","Metropolitian ","Windy","Medium ",1
"10/03/2022","23:50:00","0:05:00",19,"Buffet ",25,4.9,15,"motorcycle ",0,"No ","Urban ","Stormy","Low ",0
"16/03/2022","20:50:00","20:55:00",44,"Snack ",30,4.1,2,"scooter ",2,"No ","Metropolitian ","Sandstorms","Jam ",0
"3/04/2022","23:50:00","0:00:00",25,"Snack ",38,4.1,22,"motorcycle ",0,"No ","Metropolitian ","Stormy","Low ",0
"15/03/2022","20:50:00","20:55:00",28,"Snack ",20,4.6,23,"motorcycle ",1,"No ","Metropolitian ","Stormy","Jam ",0
"6/04/2022","21:40:00","21:55:00",12,"Meal ",28,4.8,17,"motorcycle ",1,"No ","Metropolitian ","Sunny","Jam ",1
"3/03/2022","9:40:00","9:45:00",24,"Snack ",26,4.5,15,"motorcycle ",0,"No ","Metropolitian ","Fog","Low ",1
"27/03/2022","19:20:00","19:25:00",53,"Snack ",36,4.2,3,"motorcycle ",0,"No ","Metropolitian ","Stormy","Jam ",1
"5/04/2022","20:45:00","20:55:00",30,"Buffet ",37,5,21,"electric_scooter ",2,"No ","Metropolitian ","Cloudy","Jam ",1
"1/04/2022","23:00:00","23:10:00",17,"Drinks ",23,5,18,"motorcycle ",1,"No ","Metropolitian ","Fog","Low ",1
"28/03/2022","20:20:00","20:35:00",20,"Drinks ",27,4.7,19,"motorcycle ",2,"No ","Metropolitian ","Windy","Jam ",1
"30/03/2022","23:10:00","23:25:00",29,"Drinks ",37,4.3,3,"motorcycle ",0,"No ","Metropolitian ","Sandstorms","Low ",0
"10/03/2022","18:25:00","18:40:00",44,"Buffet ",31,4.8,12,"motorcycle ",0,"No ","Metropolitian ","Windy","Medium ",1
"4/03/2022","20:10:00","20:25:00",23,"Meal ",26,4.8,13,"motorcycle ",1,"No ","Metropolitian ","Sunny","Jam ",1
"2/04/2022","17:55:00","18:10:00",18,"Buffet ",21,5,18,"motorcycle ",1,"No ","Metropolitian ","Sandstorms","Medium ",1
"20/03/2022","19:00:00","19:15:00",35,"Drinks ",30,4.8,8,"motorcycle ",0,"No ","Metropolitian ","Cloudy","Medium ",1
"11/03/2022","11:25:00","11:30:00",24,"Snack ",38,4.7,23,"scooter ",1,"No ","Metropolitian ","Sunny","High ",1
"9/03/2022","16:35:00","16:40:00",30,"Drinks ",33,4.8,16,"motorcycle ",0,"No ","Metropolitian ","Windy","Medium ",1
"23/03/2022","20:30:00","20:35:00",32,"Meal ",33,4.4,1,"scooter ",1,"No ","Metropolitian ","Windy","Jam ",1
"4/04/2022","18:25:00","18:40:00",40,"Buffet ",31,4.6,17,"motorcycle ",0,"No ","Metropolitian ","Windy","Medium ",0
"8/03/2022","20:00:00","20:05:00",36,"Drinks ",33,4.3,9,"motorcycle ",0,"No ","Metropolitian ","Windy","Jam ",1
"31/03/2022","19:20:00","19:35:00",31,"Snack ",25,5,1,"motorcycle ",0,"No ","Metropolitian ","Windy","Jam ",1
"12/03/2022","22:35:00","22:40:00",32,"Meal ",30,3.5,8,"motorcycle ",2,"No ","Metropolitian ","Cloudy","Low ",1
"23/03/2022","18:30:00","18:40:00",35,"Drinks ",33,3.6,3,"electric_scooter ",2,"No ","Metropolitian ","Windy","Medium ",0
"28/03/2022","9:55:00","10:10:00",26,"Meal ",31,4.6,13,"scooter ",1,"No ","Metropolitian ","Windy","Low ",0
"4/03/2022","19:25:00","19:35:00",26,"Buffet ",21,4.8,9,"scooter ",2,"No ","Metropolitian ","Sunny","Jam ",0
"16/02/2022","20:35:00","20:50:00",20,"Drinks ",31,4.7,17,"electric_scooter ",2,"No ","Urban ","Sunny","Jam ",1
"20/03/2022","22:40:00","22:50:00",40,"Drinks ",20,3.5,2,"scooter ",2,"No ","Metropolitian ","Sunny","Low ",1
"26/03/2022","11:40:00","11:55:00",30,"Drinks ",25,4.6,3,"scooter ",2,"No ","Metropolitian ","Cloudy","High ",1
"2/03/2022","21:30:00","21:35:00",44,"Meal ",29,4.4,21,"scooter ",1,"No ","Metropolitian ","Fog","Jam ",1
"3/03/2022","19:40:00","19:50:00",23,"Snack ",32,4.5,9,"motorcycle ",1,"No ","Metropolitian ","Sunny","Jam ",1
"12/02/2022","23:10:00","23:20:00",19,"Buffet ",39,4.5,6,"scooter ",2,"No ","Metropolitian ","Sunny","Low ",0
"10/03/2022","17:55:00","18:00:00",28,"Meal ",28,5,23,"motorcycle ",1,"No ","Metropolitian ","Windy","Medium ",1
"12/02/2022","19:55:00","20:05:00",51,"Meal ",30,4.7,3,"motorcycle ",0,"No ","Metropolitian ","Stormy","Jam ",1
"6/03/2022","17:30:00","17:40:00",38,"Drinks ",22,4.4,22,"motorcycle ",0,"No ","Metropolitian ","Stormy","Medium ",2
"5/03/2022","22:20:00","22:30:00",29,"Buffet ",24,4.1,11,"motorcycle ",0,"No ","Metropolitian ","Stormy","Low ",1
"14/02/2022","23:35:00","23:45:00",21,"Snack ",35,4.9,21,"motorcycle ",0,"No ","Urban ","Sandstorms","Low ",1
"1/04/2022","22:20:00","22:30:00",28,"Snack ",37,5,21,"motorcycle ",0,"No ","Metropolitian ","Sunny","Low ",0
"8/03/2022","17:15:00","17:30:00",36,"Drinks ",37,4.9,19,"motorcycle ",0,"No ","Metropolitian ","Sunny","Medium ",1
"14/03/2022","19:20:00","19:30:00",13,"Drinks ",26,5,22,"electric_scooter ",2,"No ","Metropolitian ","Sunny","Jam ",1
"28/03/2022","18:00:00","18:15:00",34,"Buffet ",30,4.9,8,"scooter ",1,"No ","Metropolitian ","Sandstorms","Medium ",0
"2/04/2022","17:55:00","18:10:00",35,"Snack ",32,3.5,11,"motorcycle ",2,"No ","Metropolitian ","Stormy","Medium ",1
"5/03/2022","9:15:00","9:30:00",12,"Meal ",27,4.8,22,"motorcycle ",1,"No ","Metropolitian ","Stormy","Low ",1
"26/03/2022","20:50:00","21:00:00",21,"Meal ",21,4.7,19,"scooter ",1,"No ","Metropolitian ","Fog","Jam ",0
"2/03/2022","22:20:00","22:30:00",25,"Drinks ",33,4.9,13,"scooter ",1,"No ","Metropolitian ","Sandstorms","Low ",1
"3/03/2022","9:50:00","10:00:00",30,"Meal ",37,4.2,8,"motorcycle ",0,"No ","Metropolitian ","Stormy","Low ",1
"9/03/2022","11:40:00","11:55:00",35,"Meal ",37,5,21,"motorcycle ",0,"No ","Metropolitian ","Stormy","High ",1
"15/03/2022","19:10:00","19:15:00",22,"Buffet ",37,4.6,14,"scooter ",1,"No ","Metropolitian ","Sunny","Jam ",1
"11/03/2022","17:45:00","18:00:00",15,"Meal ",32,4.6,23,"scooter ",1,"No ","Metropolitian ","Cloudy","Medium ",1
"2/03/2022","19:15:00","19:20:00",39,"Drinks ",22,4.8,13,"scooter ",1,"No ","Metropolitian ","Fog","Jam ",0
"26/03/2022","12:00:00","12:15:00",10,"Buffet ",21,4.6,17,"motorcycle ",1,"No ","Metropolitian ","Windy","High ",1
"18/03/2022","22:45:00","23:00:00",19,"Drinks ",27,4.6,17,"scooter ",2,"No ","Urban ","Sandstorms","Low ",1
"13/02/2022","10:30:00","10:45:00",24,"Drinks ",34,4.9,5,"scooter ",2,"No ","Metropolitian ","Stormy","Low ",1
"16/02/2022","23:30:00","23:40:00",26,"Buffet ",37,4.9,8,"motorcycle ",1,"No ","Metropolitian ","Fog","Low ",1
"18/03/2022","19:15:00","19:30:00",54,"Drinks ",39,4.1,5,"motorcycle ",0,"Yes ","Urban ","Stormy","Jam ",1
"3/04/2022","18:55:00","19:00:00",27,"Snack ",21,4.7,15,"motorcycle ",0,"No ","Urban ","Fog","Medium ",1
"15/03/2022","16:30:00","16:45:00",21,"Buffet ",24,4.8,13,"electric_scooter ",2,"No ","Metropolitian ","Windy","Medium ",1
"13/03/2022","18:30:00","18:35:00",34,"Buffet ",34,4.9,14,"motorcycle ",0,"No ","Metropolitian ","Cloudy","Medium ",1
"19/03/2022","10:10:00","10:20:00",25,"Buffet ",35,4.6,21,"motorcycle ",0,"No ","Urban ","Fog","Low ",0
"31/03/2022","23:35:00","23:45:00",37,"Snack ",21,2.6,3,"motorcycle ",1,"No ","Metropolitian ","Sunny","Low ",0
"11/03/2022","9:35:00","9:40:00",24,"Buffet ",32,4.4,16,"motorcycle ",0,"No ","Metropolitian ","Stormy","Low ",0
"14/03/2022","23:55:00","0:05:00",23,"Snack ",33,5,12,"motorcycle ",0,"No ","Metropolitian ","Stormy","Low ",0
"28/03/2022","8:30:00","8:35:00",15,"Meal ",34,4.7,13,"electric_scooter ",2,"No ","Metropolitian ","Cloudy","Low ",0
"15/02/2022","22:20:00","22:35:00",15,"Buffet ",30,4.9,2,"motorcycle ",1,"No ","Metropolitian ","Fog","Low ",0
"29/03/2022","21:55:00","22:00:00",41,"Drinks ",37,3.7,6,"motorcycle ",1,"No ","Metropolitian ","Sandstorms","Jam ",2
"2/03/2022","19:35:00","19:45:00",46,"Drinks ",37,4.9,9,"motorcycle ",0,"Yes ","Metropolitian ","Fog","Jam ",1
"13/02/2022","9:20:00","9:25:00",13,"Snack ",22,4.6,4,"scooter ",1,"No ","Metropolitian ","Sandstorms","Low ",0
"8/03/2022","19:00:00","19:10:00",30,"Snack ",34,5,22,"motorcycle ",1,"No ","Metropolitian ","Fog","Medium ",1
"29/03/2022","20:10:00","20:15:00",24,"Meal ",21,4.8,12,"motorcycle ",2,"No ","Metropolitian ","Sunny","Jam ",1
"16/03/2022","20:45:00","21:00:00",25,"Snack ",20,4.9,13,"motorcycle ",0,"No ","Metropolitian ","Windy","Jam ",1
"27/03/2022","17:25:00","17:30:00",37,"Snack ",23,4.4,11,"motorcycle ",0,"No ","Metropolitian ","Stormy","Medium ",1
"6/04/2022","22:55:00","23:00:00",25,"Meal ",31,4.7,17,"motorcycle ",2,"No ","Urban ","Sandstorms","Low ",1
"9/03/2022","9:25:00","9:40:00",20,"Meal ",20,4.5,19,"motorcycle ",0,"No ","Metropolitian ","Windy","Low ",1
"15/03/2022","17:35:00","17:40:00",18,"Buffet ",27,4.7,16,"motorcycle ",1,"No ","Metropolitian ","Fog","Medium ",0
"13/03/2022","10:20:00","10:35:00",11,"Buffet ",23,4.9,17,"scooter ",1,"No ","Urban ","Fog","Low ",1
"1/03/2022","19:20:00","19:35:00",25,"Buffet ",35,4.5,18,"motorcycle ",1,"No ","Metropolitian ","Stormy","Jam ",1
"5/03/2022","14:45:00","14:55:00",30,"Snack ",33,4.5,4,"motorcycle ",2,"No ","Urban ","Stormy","High ",1
"20/03/2022","22:10:00","22:20:00",28,"Meal ",29,4.9,23,"motorcycle ",1,"No ","Metropolitian ","Sunny","Low ",1
"5/04/2022","13:45:00","13:55:00",37,"Snack ",26,4.1,6,"motorcycle ",0,"No ","Metropolitian ","Windy","High ",1
"3/04/2022","9:20:00","9:30:00",10,"Drinks ",25,4.9,22,"motorcycle ",1,"No ","Metropolitian ","Fog","Low ",0
"8/03/2022","20:55:00","21:05:00",40,"Buffet ",37,4.8,23,"motorcycle ",0,"No ","Metropolitian ","Fog","Jam ",1
"18/03/2022","20:30:00","20:45:00",20,"Buffet ",26,4.7,16,"scooter ",1,"No ","Urban ","Stormy","Jam ",1
"15/03/2022","22:35:00","22:45:00",19,"Buffet ",26,4.2,6,"motorcycle ",0,"No ","Urban ","Windy","Low ",1
"1/03/2022","12:00:00","12:15:00",41,"Buffet ",34,5,9,"motorcycle ",0,"Yes ","Metropolitian ","Sandstorms","High ",2
"17/03/2022","8:25:00","8:35:00",27,"Buffet ",20,4,1,"motorcycle ",0,"No ","Metropolitian ","Sandstorms","Low ",1
"17/02/2022","9:15:00","9:30:00",10,"Drinks ",28,4.8,2,"scooter ",1,"No ","Metropolitian ","Stormy","Low ",1
"28/03/2022","20:10:00","20:25:00",22,"Drinks ",28,4.6,9,"motorcycle ",0,"No ","Metropolitian ","Stormy","Jam ",1
"25/03/2022","19:25:00","19:40:00",24,"Drinks ",23,5,16,"motorcycle ",1,"No ","Urban ","Sunny","Jam ",1
"28/03/2022","19:30:00","19:35:00",35,"Meal ",26,4.2,5,"motorcycle ",0,"No ","Metropolitian ","Windy","Jam ",1
"12/03/2022","23:55:00","0:10:00",26,"Buffet ",31,4.6,14,"motorcycle ",0,"No ","Metropolitian ","Windy","Low ",1
"18/03/2022","20:50:00","21:00:00",31,"Meal ",27,4.6,23,"motorcycle ",0,"No ","Metropolitian ","Sandstorms","Jam ",1
"12/03/2022","22:35:00","22:45:00",22,"Buffet ",27,4.6,23,"motorcycle ",0,"No ","Metropolitian ","Cloudy","Low ",0
"14/03/2022","19:30:00","19:35:00",24,"Buffet ",37,4.7,19,"electric_scooter ",2,"No ","Metropolitian ","Sunny","Jam ",0
"11/03/2022","16:15:00","16:20:00",17,"Meal ",36,5,19,"motorcycle ",1,"No ","Urban ","Cloudy","Medium ",0
"11/02/2022","11:40:00","11:45:00",34,"Meal ",27,5,9,"scooter ",1,"No ","Metropolitian ","Fog","High ",0
"9/03/2022","11:30:00","11:35:00",16,"Snack ",29,4.5,22,"motorcycle ",1,"No ","Metropolitian ","Sandstorms","High ",0
"9/03/2022","18:35:00","18:50:00",19,"Meal ",24,4.6,15,"motorcycle ",1,"No ","Urban ","Stormy","Medium ",1
"4/04/2022","17:45:00","18:00:00",38,"Snack ",31,3.9,4,"scooter ",2,"No ","Metropolitian ","Sandstorms","Medium ",1
"17/02/2022","9:25:00","9:40:00",16,"Drinks ",21,4.6,19,"scooter ",2,"No ","Urban ","Sandstorms","Low ",1
"2/03/2022","22:45:00","22:50:00",17,"Buffet ",28,5,18,"scooter ",1,"No ","Metropolitian ","Stormy","Low ",1
"27/03/2022","21:00:00","21:10:00",44,"Buffet ",33,4.1,3,"scooter ",1,"No ","Metropolitian ","Fog","Jam ",1
"21/03/2022","22:35:00","22:50:00",19,"Snack ",23,4.7,14,"electric_scooter ",2,"No ","Metropolitian ","Sunny","Low ",1
"13/03/2022","9:35:00","9:40:00",11,"Drinks ",25,4.7,22,"motorcycle ",1,"No ","Urban ","Fog","Low ",1
"16/02/2022","18:45:00","19:00:00",38,"Meal ",39,4.7,7,"motorcycle ",2,"No ","Metropolitian ","Fog","Medium ",1
"5/04/2022","8:45:00","9:00:00",16,"Buffet ",33,4.6,15,"scooter ",2,"No ","Metropolitian ","Fog","Low ",0
"25/03/2022","19:00:00","19:05:00",21,"Buffet ",26,4.5,22,"motorcycle ",2,"No ","Metropolitian ","Sandstorms","Medium ",0
"20/03/2022","22:10:00","22:25:00",16,"Drinks ",25,4.6,19,"motorcycle ",2,"No ","Urban ","Sandstorms","Low ",1
"9/03/2022","10:40:00","10:50:00",17,"Buffet ",21,4.8,17,"motorcycle ",0,"No ","Metropolitian ","Sunny","Low ",1
"11/02/2022","14:30:00","14:35:00",30,"Snack ",36,4.8,7,"motorcycle ",1,"No ","Metropolitian ","Fog","High ",1
"19/03/2022","22:55:00","23:10:00",21,"Snack ",28,4.6,1,"motorcycle ",0,"No ","Metropolitian ","Fog","Low ",1
"5/04/2022","21:15:00","21:30:00",24,"Meal ",20,4.6,23,"scooter ",2,"No ","Metropolitian ","Cloudy","Jam ",1
"10/03/2022","17:30:00","17:35:00",38,"Snack ",38,4.3,23,"scooter ",1,"No ","Metropolitian ","Windy","Medium ",2
"24/03/2022","12:50:00","12:55:00",10,"Drinks ",22,4.5,2,"electric_scooter ",2,"No ","Urban ","Sunny","High ",1
"5/04/2022","11:50:00","12:05:00",30,"Meal ",22,4.9,15,"scooter ",2,"No ","Metropolitian ","Cloudy","High ",1
"4/03/2022","19:40:00","19:55:00",41,"Buffet ",38,3.8,2,"scooter ",2,"No ","Metropolitian ","Stormy","Jam ",1
"12/03/2022","18:40:00","18:45:00",28,"Buffet ",26,4.9,23,"motorcycle ",1,"No ","Metropolitian ","Stormy","Medium ",1
"16/03/2022","17:15:00","17:25:00",42,"Drinks ",33,4.2,5,"scooter ",1,"No ","Urban ","Cloudy","Medium ",2
"14/02/2022","19:10:00","19:20:00",49,"Snack ",39,4.1,3,"motorcycle ",0,"No ","Semi-Urban ","Windy","Jam ",3
"26/03/2022","19:10:00","19:15:00",18,"Meal ",30,4.8,22,"motorcycle ",2,"No ","Metropolitian ","Sunny","Jam ",0
"20/03/2022","20:30:00","20:40:00",51,"Meal ",36,4.4,1,"motorcycle ",0,"No ","Metropolitian ","Stormy","Jam ",3
"13/02/2022","17:20:00","17:35:00",11,"Meal ",29,4.6,16,"motorcycle ",2,"No ","Urban ","Fog","Medium ",0
"26/03/2022","17:40:00","17:55:00",21,"Meal ",21,4.8,14,"motorcycle ",0,"No ","Metropolitian ","Fog","Medium ",1
"3/04/2022","12:40:00","12:50:00",34,"Buffet ",32,4,5,"motorcycle ",2,"No ","Metropolitian ","Sandstorms","High ",1
"16/03/2022","19:15:00","19:25:00",48,"Drinks ",39,4.9,17,"scooter ",1,"No ","Metropolitian ","Cloudy","Jam ",2
"21/03/2022","9:10:00","9:15:00",21,"Snack ",30,4.6,17,"motorcycle ",0,"No ","Urban ","Fog","Low ",1
"15/02/2022","8:40:00","8:45:00",15,"Snack ",38,4.8,2,"electric_scooter ",2,"No ","Metropolitian ","Sunny","Low ",1
"3/03/2022","19:45:00","20:00:00",32,"Drinks ",36,4.6,19,"motorcycle ",0,"No ","Urban ","Stormy","Jam ",1
"27/03/2022","22:15:00","22:25:00",12,"Buffet ",20,4.6,17,"scooter ",1,"No ","Urban ","Stormy","Low ",1
"1/03/2022","23:00:00","23:10:00",10,"Snack ",26,4.9,23,"motorcycle ",1,"No ","Metropolitian ","Fog","Low ",0
"17/02/2022","10:40:00","10:45:00",25,"Meal ",38,4.6,15,"scooter ",2,"No ","Urban ","Windy","Low ",1
"21/03/2022","15:55:00","16:00:00",16,"Buffet ",32,4.8,13,"electric_scooter ",2,"No ","Metropolitian ","Fog","Medium ",0
"15/02/2022","19:50:00","20:00:00",20,"Meal ",36,4.7,3,"motorcycle ",1,"No ","Metropolitian ","Sunny","Jam ",1
"9/03/2022","20:00:00","20:05:00",29,"Buffet ",32,5,13,"motorcycle ",1,"No ","Metropolitian ","Sandstorms","Jam ",1
"1/03/2022","10:10:00","10:25:00",13,"Drinks ",21,5,17,"scooter ",1,"No ","Urban ","Windy","Low ",1
"3/03/2022","9:35:00","9:45:00",13,"Drinks ",21,4.7,19,"scooter ",2,"No ","Urban ","Cloudy","Low ",0
"14/02/2022","17:10:00","17:15:00",19,"Drinks ",29,4.7,17,"electric_scooter ",2,"No ","Urban ","Sunny","Medium ",1
"2/04/2022","22:20:00","22:25:00",16,"Drinks ",28,4.7,22,"scooter ",2,"No ","Metropolitian ","Stormy","Low ",0
"21/03/2022","19:35:00","19:50:00",34,"Buffet ",32,4,3,"scooter ",2,"No ","Metropolitian ","Sandstorms","Jam ",1
"12/03/2022","18:15:00","18:25:00",21,"Drinks ",36,4.5,13,"scooter ",1,"No ","Metropolitian ","Windy","Medium ",0
"31/03/2022","20:00:00","20:10:00",30,"Snack ",31,4.5,2,"motorcycle ",1,"No ","Metropolitian ","Sunny","Jam ",1
"3/03/2022","15:30:00","15:35:00",33,"Snack ",39,4.6,22,"motorcycle ",0,"No ","Urban ","Stormy","Medium ",0
"17/03/2022","13:00:00","13:05:00",45,"Drinks ",30,4.2,23,"motorcycle ",0,"No ","Metropolitian ","Sandstorms","High ",0
"3/03/2022","14:00:00","14:15:00",35,"Snack ",32,4.6,23,"motorcycle ",2,"No ","Metropolitian ","Stormy","High ",1
"13/02/2022","9:25:00","9:35:00",25,"Buffet ",38,5,16,"motorcycle ",1,"No ","Urban ","Sandstorms","Low ",1
"2/04/2022","20:25:00","20:30:00",33,"Snack ",31,3.6,1,"scooter ",1,"No ","Metropolitian ","Windy","Jam ",1
"7/03/2022","23:50:00","23:55:00",11,"Snack ",34,4.7,23,"scooter ",1,"No ","Metropolitian ","Sunny","Low ",0
"31/03/2022","23:00:00","23:05:00",20,"Drinks ",35,4.7,12,"scooter ",2,"No ","Metropolitian ","Sunny","Low ",1
"18/03/2022","18:55:00","19:10:00",43,"Snack ",23,4.8,17,"motorcycle ",0,"No ","Metropolitian ","Fog","Medium ",1
"13/03/2022","10:00:00","10:10:00",19,"Meal ",29,4.7,14,"scooter ",2,"No ","Metropolitian ","Sunny","Low ",0
"15/03/2022","12:25:00","12:30:00",31,"Meal ",27,4.3,3,"motorcycle ",0,"No ","Urban ","Windy","High ",0
"4/03/2022","21:55:00","22:00:00",16,"Buffet ",21,4.9,23,"motorcycle ",1,"No ","Urban ","Stormy","Jam ",0
"20/03/2022","22:40:00","22:50:00",23,"Drinks ",34,4.7,21,"motorcycle ",0,"No ","Urban ","Sandstorms","Low ",0
"27/03/2022","20:15:00","20:30:00",43,"Meal ",33,4.4,8,"motorcycle ",0,"Yes ","Metropolitian ","Sandstorms","Jam ",1
"23/03/2022","20:30:00","20:45:00",22,"Buffet ",36,4.9,23,"scooter ",1,"No ","Metropolitian ","Sunny","Jam ",1
"16/03/2022","19:40:00","19:45:00",37,"Buffet ",32,4.5,13,"motorcycle ",1,"No ","Metropolitian ","Sandstorms","Jam ",0
"9/03/2022","14:55:00","15:10:00",39,"Snack ",39,4.7,16,"motorcycle ",1,"No ","Metropolitian ","Fog","High ",0
"16/02/2022","20:50:00","21:05:00",18,"Snack ",24,4.6,2,"electric_scooter ",2,"No ","Metropolitian ","Sunny","Jam ",1
"4/03/2022","21:15:00","21:20:00",22,"Snack ",24,4.8,16,"scooter ",2,"No ","Metropolitian ","Sandstorms","Jam ",1
"30/03/2022","19:30:00","19:35:00",27,"Buffet ",21,4.9,13,"motorcycle ",2,"No ","Metropolitian ","Stormy","Jam ",1
"15/03/2022","22:15:00","22:30:00",17,"Buffet ",27,4.7,15,"scooter ",1,"No ","Metropolitian ","Sunny","Low ",0
"15/03/2022","16:55:00","17:05:00",26,"Drinks ",34,4.9,17,"motorcycle ",0,"No ","Urban ","Sandstorms","Medium ",0
"28/03/2022","17:35:00","17:45:00",29,"Buffet ",20,4.9,5,"scooter ",2,"No ","Metropolitian ","Stormy","Medium ",1
"20/03/2022","20:20:00","20:25:00",16,"Snack ",27,4.9,21,"electric_scooter ",2,"No ","Urban ","Windy","Jam ",0
"27/03/2022","20:00:00","20:05:00",29,"Meal ",25,4.6,13,"scooter ",1,"No ","Metropolitian ","Sandstorms","Jam ",1
"17/02/2022","20:50:00","21:05:00",24,"Buffet ",20,4.7,3,"motorcycle ",2,"No ","Metropolitian ","Fog","Jam ",1
"8/03/2022","23:50:00","0:05:00",26,"Snack ",32,4.8,9,"motorcycle ",0,"No ","Metropolitian ","Windy","Low ",1
"5/04/2022","10:35:00","10:40:00",23,"Buffet ",31,4.9,23,"motorcycle ",1,"No ","Metropolitian ","Windy","Low ",1
"19/03/2022","18:20:00","18:35:00",12,"Drinks ",29,4.9,3,"motorcycle ",2,"No ","Metropolitian ","Sunny","Medium ",0
"13/02/2022","8:25:00","8:35:00",15,"Drinks ",27,4.5,8,"motorcycle ",0,"No ","Metropolitian ","Fog","Low ",0
"12/02/2022","18:10:00","18:25:00",39,"Snack ",27,4.8,9,"scooter ",1,"No ","Metropolitian ","Fog","Medium ",1
"5/03/2022","21:20:00","21:25:00",28,"Buffet ",28,5,18,"motorcycle ",1,"No ","Metropolitian ","Fog","Jam ",1
"7/03/2022","22:30:00","22:40:00",11,"Buffet ",20,4.8,23,"motorcycle ",1,"No ","Urban ","Stormy","Low ",1
"5/04/2022","19:10:00","19:20:00",26,"Drinks ",31,4.7,16,"scooter ",2,"No ","Metropolitian ","Windy","Jam ",1
"12/03/2022","22:50:00","22:55:00",31,"Meal ",32,3.9,9,"scooter ",2,"No ","Metropolitian ","Cloudy","Low ",1
"6/03/2022","22:15:00","22:25:00",38,"Drinks ",38,4.8,17,"motorcycle ",0,"No ","Urban ","Sandstorms","Low ",1
"6/04/2022","23:45:00","23:55:00",21,"Buffet ",30,4.9,23,"motorcycle ",0,"No ","Metropolitian ","Stormy","Low ",1
"4/04/2022","23:50:00","0:00:00",27,"Snack ",25,4.5,23,"scooter ",2,"No ","Urban ","Fog","Low ",1
"27/03/2022","20:25:00","20:30:00",48,"Meal ",38,4.1,9,"motorcycle ",0,"No ","Metropolitian ","Sandstorms","Jam ",3
"15/02/2022","8:55:00","9:10:00",14,"Meal ",21,4.6,4,"motorcycle ",1,"No ","Metropolitian ","Fog","Low ",1
"23/03/2022","20:55:00","21:00:00",29,"Meal ",31,4.6,7,"motorcycle ",1,"No ","Metropolitian ","Sandstorms","Jam ",0
"8/03/2022","17:25:00","17:35:00",43,"Buffet ",37,4.9,23,"scooter ",2,"No ","Metropolitian ","Sunny","Medium ",3
"1/04/2022","19:25:00","19:30:00",29,"Drinks ",27,4.7,13,"motorcycle ",2,"No ","Metropolitian ","Fog","Jam ",1
"18/03/2022","19:30:00","19:40:00",38,"Drinks ",39,4.2,13,"motorcycle ",0,"No ","Metropolitian ","Sunny","Jam ",2
"8/03/2022","19:15:00","19:25:00",27,"Snack ",24,5,22,"motorcycle ",0,"No ","Metropolitian ","Sunny","Jam ",0
"3/04/2022","9:15:00","9:30:00",19,"Buffet ",29,4.9,9,"motorcycle ",2,"No ","Metropolitian ","Sandstorms","Low ",1
"10/03/2022","20:15:00","20:20:00",42,"Meal ",35,4.2,9,"scooter ",2,"No ","Metropolitian ","Windy","Jam ",1
"18/03/2022","19:50:00","20:00:00",40,"Buffet ",27,4.4,3,"electric_scooter ",2,"No ","Urban ","Cloudy","Jam ",1
"28/03/2022","12:50:00","12:55:00",30,"Meal ",31,4.5,1,"motorcycle ",0,"No ","Metropolitian ","Cloudy","High ",0
"5/04/2022","20:15:00","20:25:00",27,"Meal ",30,4.9,23,"motorcycle ",2,"No ","Metropolitian ","Windy","Jam ",0
"1/04/2022","9:10:00","9:25:00",27,"Drinks ",33,4.4,23,"motorcycle ",0,"No ","Metropolitian ","Stormy","Low ",0
"29/03/2022","22:00:00","22:15:00",36,"Meal ",35,4.7,13,"motorcycle ",0,"No ","Metropolitian ","Stormy","Jam ",1
"16/03/2022","22:30:00","22:45:00",19,"Meal ",26,5,17,"motorcycle ",2,"No ","Urban ","Stormy","Low ",1
"28/03/2022","20:10:00","20:20:00",18,"Meal ",28,5,16,"scooter ",1,"No ","Metropolitian ","Sunny","Jam ",0
"21/03/2022","20:25:00","20:35:00",29,"Drinks ",21,4.7,23,"motorcycle ",1,"No ","Urban ","Cloudy","Jam ",1
"2/03/2022","18:35:00","18:45:00",34,"Buffet ",33,3.9,1,"scooter ",2,"No ","Urban ","Stormy","Medium ",1
"20/03/2022","22:55:00","23:05:00",18,"Meal ",31,4.6,22,"motorcycle ",1,"No ","Urban ","Sunny","Low ",0
"11/03/2022","21:30:00","21:45:00",22,"Meal ",26,4.7,16,"electric_scooter ",2,"No ","Urban ","Cloudy","Jam ",0
"31/03/2022","19:10:00","19:15:00",35,"Drinks ",35,3.9,4,"scooter ",1,"No ","Metropolitian ","Stormy","Jam ",1
"5/04/2022","20:15:00","20:20:00",25,"Buffet ",29,4.7,15,"motorcycle ",1,"No ","Metropolitian ","Windy","Jam ",0
"14/03/2022","17:10:00","17:25:00",48,"Drinks ",33,5,9,"motorcycle ",0,"Yes ","Metropolitian ","Cloudy","Medium ",2
"19/03/2022","10:15:00","10:25:00",15,"Drinks ",36,5,6,"scooter ",1,"No ","Metropolitian ","Sunny","Low ",1
"27/03/2022","19:30:00","19:35:00",30,"Drinks ",30,4.5,7,"scooter ",1,"No ","Metropolitian ","Stormy","Jam ",1
"1/03/2022","10:15:00","10:30:00",12,"Snack ",25,4.6,22,"motorcycle ",0,"No ","Metropolitian ","Sunny","Low ",0
"17/02/2022","20:00:00","20:15:00",28,"Meal ",39,5,6,"scooter ",2,"No ","Metropolitian ","Sandstorms","Jam ",1
"18/03/2022","18:25:00","18:40:00",44,"Drinks ",33,4.1,3,"motorcycle ",0,"Yes ","Urban ","Sandstorms","Medium ",0
"24/03/2022","22:50:00","22:55:00",15,"Buffet ",39,4.5,23,"motorcycle ",2,"No ","Metropolitian ","Cloudy","Low ",0
"23/03/2022","17:45:00","17:50:00",41,"Meal ",32,4.2,13,"motorcycle ",0,"No ","Metropolitian ","Windy","Medium ",1
"27/03/2022","23:55:00","0:00:00",17,"Buffet ",29,4.9,13,"motorcycle ",1,"No ","Metropolitian ","Stormy","Low ",0
"14/02/2022","23:50:00","0:05:00",36,"Buffet ",25,2.9,1,"scooter ",1,"No ","Urban ","Sunny","Low ",1
"6/03/2022","19:15:00","19:25:00",15,"Buffet ",24,5,23,"scooter ",1,"No ","Metropolitian ","Sunny","Jam ",1
"18/03/2022","18:15:00","18:20:00",43,"Buffet ",35,4.6,18,"motorcycle ",0,"No ","Metropolitian ","Windy","Medium ",0
"26/03/2022","9:00:00","9:10:00",24,"Meal ",39,4.1,15,"motorcycle ",0,"No ","Metropolitian ","Stormy","Low ",0
"19/03/2022","20:20:00","20:30:00",44,"Drinks ",32,4.1,18,"motorcycle ",0,"No ","Metropolitian ","Windy","Jam ",2
"27/03/2022","0:00:00","0:15:00",10,"Drinks ",22,5,23,"scooter ",2,"No ","Metropolitian ","Stormy","Low ",0
"18/02/2022","0:00:00","0:15:00",16,"Meal ",25,4.9,21,"scooter ",2,"No ","Urban ","Stormy","Low ",0
"8/03/2022","18:35:00","18:40:00",20,"Snack ",30,4.7,15,"motorcycle ",1,"No ","Metropolitian ","Sunny","Medium ",0
"24/03/2022","8:20:00","8:25:00",15,"Buffet ",24,4.6,23,"motorcycle ",2,"No ","Metropolitian ","Fog","Low ",0
"26/03/2022","8:15:00","8:30:00",18,"Snack ",39,4.9,22,"scooter ",2,"No ","Metropolitian ","Fog","Low ",0
"12/02/2022","22:00:00","22:15:00",30,"Buffet ",22,4.7,7,"motorcycle ",0,"No ","Metropolitian ","Sandstorms","Jam ",1
"2/04/2022","23:20:00","23:30:00",32,"Buffet ",38,3.8,5,"scooter ",2,"No ","Metropolitian ","Cloudy","Low ",1
"10/03/2022","20:55:00","21:05:00",27,"Meal ",28,4.6,21,"scooter ",2,"No ","Metropolitian ","Windy","Jam ",0
"18/03/2022","20:45:00","21:00:00",46,"Snack ",37,4.9,19,"motorcycle ",0,"No ","Metropolitian ","Sandstorms","Jam ",1
"12/03/2022","20:20:00","20:35:00",32,"Buffet ",30,3.7,13,"scooter ",2,"No ","Metropolitian ","Sandstorms","Jam ",1
"7/03/2022","13:20:00","13:25:00",26,"Snack ",33,4.8,19,"motorcycle ",1,"No ","Urban ","Stormy","High ",1
"18/02/2022","23:45:00","0:00:00",35,"Meal ",35,4.5,6,"motorcycle ",2,"No ","Metropolitian ","Sandstorms","Low ",1
"9/03/2022","13:50:00","13:55:00",33,"Snack ",39,4,2,"scooter ",1,"No ","Urban ","Stormy","High ",1
"17/02/2022","20:50:00","21:05:00",28,"Buffet ",20,4.8,6,"scooter ",1,"No ","Metropolitian ","Sandstorms","Jam ",1
"23/03/2022","23:45:00","0:00:00",13,"Drinks ",22,4.8,14,"scooter ",2,"No ","Metropolitian ","Stormy","Low ",0
"28/03/2022","17:20:00","17:35:00",27,"Snack ",23,4.8,19,"motorcycle ",2,"No ","Urban ","Stormy","Medium ",0
"4/04/2022","21:10:00","21:15:00",47,"Snack ",33,4.8,13,"motorcycle ",0,"No ","Metropolitian ","Fog","Jam ",2
"10/03/2022","18:45:00","18:55:00",27,"Snack ",37,4.8,21,"scooter ",1,"No ","Metropolitian ","Windy","Medium ",1
"24/03/2022","11:00:00","11:10:00",18,"Meal ",29,4.4,12,"motorcycle ",0,"No ","Metropolitian ","Stormy","Low ",1
"26/03/2022","21:25:00","21:40:00",25,"Meal ",36,4.7,17,"scooter ",2,"No ","Metropolitian ","Stormy","Jam ",0
"23/03/2022","18:35:00","18:50:00",48,"Meal ",39,4,13,"motorcycle ",0,"No ","Metropolitian ","Windy","Medium ",3
"10/03/2022","22:55:00","23:05:00",29,"Meal ",26,5,21,"scooter ",1,"No ","Metropolitian ","Cloudy","Low ",0
"13/02/2022","10:25:00","10:30:00",19,"Meal ",29,4.9,3,"scooter ",2,"No ","Metropolitian ","Sunny","Low ",1
"13/03/2022","11:50:00","11:55:00",34,"Buffet ",34,4,5,"motorcycle ",0,"No ","Urban ","Cloudy","High ",1
"8/03/2022","17:15:00","17:25:00",42,"Drinks ",27,4.8,21,"motorcycle ",0,"No ","Metropolitian ","Fog","Medium ",1
"2/04/2022","20:20:00","20:30:00",23,"Buffet ",24,4.9,23,"motorcycle ",1,"No ","Metropolitian ","Windy","Jam ",1
"4/04/2022","23:00:00","23:10:00",17,"Drinks ",28,4.7,18,"motorcycle ",0,"No ","Metropolitian ","Windy","Low ",1
"5/03/2022","9:40:00","9:45:00",29,"Meal ",38,4.6,15,"electric_scooter ",2,"No ","Urban ","Stormy","Low ",0
"25/03/2022","23:40:00","23:50:00",24,"Drinks ",20,4.9,23,"motorcycle ",0,"No ","Metropolitian ","Fog","Low ",0
"18/03/2022","22:15:00","22:25:00",29,"Drinks ",30,4.5,13,"motorcycle ",0,"No ","Metropolitian ","Sandstorms","Low ",1
"21/03/2022","21:55:00","22:05:00",10,"Buffet ",21,4.6,19,"scooter ",2,"No ","Urban ","Sunny","Jam ",0
"4/03/2022","17:10:00","17:15:00",43,"Meal ",35,4.9,22,"motorcycle ",0,"No ","Metropolitian ","Stormy","Medium ",1
"4/04/2022","19:30:00","19:35:00",44,"Meal ",37,4.1,7,"scooter ",1,"No ","Metropolitian ","Fog","Jam ",1
"14/03/2022","17:10:00","17:25:00",43,"Meal ",35,4.4,18,"motorcycle ",2,"No ","Metropolitian ","Fog","Medium ",1
"12/03/2022","22:35:00","22:45:00",27,"Drinks ",37,4.9,14,"scooter ",1,"No ","Metropolitian ","Fog","Low ",1
"13/02/2022","22:15:00","22:20:00",29,"Snack ",31,4.8,6,"motorcycle ",1,"No ","Metropolitian ","Windy","Low ",1
"28/03/2022","9:10:00","9:20:00",26,"Drinks ",37,4.6,23,"motorcycle ",2,"No ","Metropolitian ","Sandstorms","Low ",1
"21/03/2022","20:55:00","21:05:00",26,"Buffet ",30,4.7,13,"scooter ",2,"No ","Metropolitian ","Windy","Jam ",0
"3/04/2022","8:20:00","8:30:00",20,"Meal ",30,4.9,23,"motorcycle ",0,"No ","Metropolitian ","Sunny","Low ",1
"20/03/2022","17:20:00","17:25:00",29,"Meal ",30,4.6,5,"motorcycle ",1,"No ","Metropolitian ","Sandstorms","Medium ",0
"3/04/2022","16:55:00","17:00:00",20,"Drinks ",29,4.8,22,"scooter ",2,"No ","Urban ","Stormy","Medium ",0
"3/04/2022","15:45:00","15:50:00",15,"Drinks ",28,4.5,17,"electric_scooter ",2,"No ","Urban ","Cloudy","Medium ",1
"3/04/2022","18:10:00","18:20:00",17,"Meal ",24,4.9,16,"scooter ",1,"No ","Urban ","Cloudy","Medium ",0
"14/03/2022","23:10:00","23:20:00",28,"Drinks ",33,4.6,21,"motorcycle ",1,"No ","Metropolitian ","Sandstorms","Low ",1
"16/02/2022","20:30:00","20:45:00",33,"Drinks ",28,4.6,6,"motorcycle ",2,"No ","Metropolitian ","Stormy","Jam ",1
"29/03/2022","19:35:00","19:40:00",48,"Drinks ",36,4.1,3,"motorcycle ",0,"No ","Metropolitian ","Stormy","Jam ",3
"1/03/2022","23:55:00","0:10:00",15,"Buffet ",22,5,15,"scooter ",2,"No ","Urban ","Stormy","Low ",1
"29/03/2022","21:00:00","21:15:00",47,"Buffet ",35,5,1,"motorcycle ",1,"Yes ","Urban ","Fog","Jam ",1
"2/03/2022","21:15:00","21:30:00",29,"Buffet ",39,4.7,16,"scooter ",2,"No ","Metropolitian ","Stormy","Jam ",1
"1/03/2022","18:10:00","18:20:00",16,"Snack ",24,5,18,"motorcycle ",1,"No ","Metropolitian ","Sunny","Medium ",1
"21/03/2022","22:35:00","22:50:00",15,"Buffet ",39,4.6,23,"scooter ",1,"No ","Metropolitian ","Cloudy","Low ",0
"21/03/2022","19:50:00","19:55:00",37,"Snack ",35,4.2,13,"motorcycle ",0,"No ","Metropolitian ","Sandstorms","Jam ",1
"9/03/2022","9:25:00","9:30:00",22,"Snack ",27,4.3,12,"motorcycle ",0,"No ","Metropolitian ","Stormy","Low ",0
"9/03/2022","18:35:00","18:50:00",26,"Meal ",24,4.5,19,"scooter ",2,"No ","Metropolitian ","Windy","Medium ",0
"2/03/2022","19:10:00","19:25:00",21,"Buffet ",28,4.7,17,"scooter ",1,"No ","Urban ","Stormy","Jam ",1
"18/02/2022","18:30:00","18:35:00",42,"Buffet ",30,4.2,3,"scooter ",2,"No ","Metropolitian ","Sandstorms","Medium ",1
"23/03/2022","23:20:00","23:30:00",24,"Buffet ",37,4.9,15,"scooter ",1,"No ","Metropolitian ","Sandstorms","Low ",0
"18/03/2022","22:10:00","22:25:00",17,"Buffet ",23,4.5,11,"motorcycle ",1,"No ","Metropolitian ","Stormy","Low ",1
"14/02/2022","22:35:00","22:45:00",14,"Drinks ",26,4.8,5,"scooter ",1,"No ","Metropolitian ","Sandstorms","Low ",1
"30/03/2022","22:30:00","22:35:00",26,"Meal ",35,4.8,18,"scooter ",2,"No ","Metropolitian ","Sandstorms","Low ",1
"27/03/2022","19:30:00","19:40:00",43,"Meal ",37,4.8,1,"motorcycle ",0,"No ","Metropolitian ","Stormy","Jam ",2
"8/03/2022","22:20:00","22:25:00",26,"Buffet ",30,4.8,15,"scooter ",2,"No ","Metropolitian ","Sunny","Low ",1
"2/03/2022","17:15:00","17:20:00",22,"Drinks ",33,4.8,21,"motorcycle ",1,"No ","Urban ","Stormy","Medium ",1
"18/02/2022","22:45:00","23:00:00",16,"Drinks ",22,4.8,4,"motorcycle ",1,"No ","Metropolitian ","Fog","Low ",1
"5/03/2022","14:30:00","14:40:00",16,"Snack ",20,4.8,12,"scooter ",2,"No ","Metropolitian ","Sunny","High ",1
"6/03/2022","20:20:00","20:30:00",27,"Buffet ",33,4.8,19,"electric_scooter ",2,"No ","Metropolitian ","Stormy","Jam ",1
"13/02/2022","9:10:00","9:15:00",15,"Buffet ",27,4.5,4,"scooter ",2,"No ","Metropolitian ","Stormy","Low ",0
"23/03/2022","20:30:00","20:35:00",32,"Meal ",33,4.4,1,"scooter ",1,"No ","Metropolitian ","Windy","Jam ",1
"24/03/2022","22:45:00","22:55:00",15,"Drinks ",28,4.9,19,"scooter ",1,"No ","Urban ","Cloudy","Low ",0
"27/03/2022","22:25:00","22:30:00",23,"Drinks ",29,5,15,"motorcycle ",1,"No ","Urban ","Fog","Low ",1
"12/02/2022","20:45:00","21:00:00",44,"Buffet ",23,4.6,4,"scooter ",2,"No ","Metropolitian ","Stormy","Jam ",1
"23/03/2022","20:00:00","20:05:00",54,"Drinks ",38,4.6,2,"motorcycle ",0,"Yes ","Metropolitian ","Sandstorms","Jam ",3
"6/03/2022","20:45:00","20:55:00",38,"Meal ",22,4.6,23,"scooter ",1,"No ","Metropolitian ","Sunny","Jam ",2
"27/03/2022","17:45:00","18:00:00",48,"Snack ",33,4.3,6,"motorcycle ",0,"Yes ","Urban ","Stormy","Medium ",1
"31/03/2022","19:45:00","19:55:00",47,"Drinks ",22,4.6,7,"motorcycle ",0,"No ","Metropolitian ","Fog","Jam ",0
"21/03/2022","8:45:00","9:00:00",22,"Meal ",30,5,22,"motorcycle ",0,"No ","Metropolitian ","Cloudy","Low ",1
"17/02/2022","9:25:00","9:40:00",20,"Meal ",33,4.5,6,"scooter ",2,"No ","Metropolitian ","Stormy","Low ",1
"29/03/2022","19:20:00","19:30:00",41,"Meal ",23,4.6,3,"motorcycle ",0,"No ","Metropolitian ","Fog","Jam ",2
"1/03/2022","19:35:00","19:50:00",14,"Buffet ",23,4.8,21,"motorcycle ",1,"No ","Urban ","Windy","Jam ",0
"16/03/2022","17:10:00","17:15:00",33,"Buffet ",21,4.9,15,"motorcycle ",0,"No ","Metropolitian ","Windy","Medium ",2
"11/03/2022","14:50:00","15:00:00",32,"Snack ",23,4,9,"scooter ",2,"No ","Metropolitian ","Fog","High ",2
"2/03/2022","18:30:00","18:40:00",17,"Drinks ",24,4.8,23,"motorcycle ",1,"No ","Metropolitian ","Sandstorms","Medium ",1
"29/03/2022","0:00:00","0:05:00",41,"Snack ",35,4.2,7,"motorcycle ",0,"No ","Metropolitian ","Cloudy","Low ",2
"2/03/2022","23:50:00","0:00:00",21,"Buffet ",23,4.6,21,"motorcycle ",0,"No ","Metropolitian ","Stormy","Low ",1
"6/04/2022","19:15:00","19:25:00",30,"Drinks ",37,5,23,"scooter ",2,"No ","Metropolitian ","Windy","Jam ",1
"26/03/2022","19:25:00","19:30:00",23,"Snack ",26,4.6,12,"scooter ",2,"No ","Metropolitian ","Sandstorms","Jam ",1
"4/04/2022","19:25:00","19:40:00",27,"Buffet ",27,4.6,23,"scooter ",2,"No ","Metropolitian ","Sandstorms","Jam ",1
"7/03/2022","15:25:00","15:35:00",16,"Drinks ",34,4.7,23,"scooter ",2,"No ","Metropolitian ","Sunny","Medium ",1
"25/03/2022","22:25:00","22:30:00",27,"Snack ",39,4.8,21,"motorcycle ",0,"No ","Metropolitian ","Sandstorms","Low ",1
"19/03/2022","18:25:00","18:35:00",28,"Meal ",21,4.7,2,"motorcycle ",0,"No ","Metropolitian ","Stormy","Medium ",0
"19/03/2022","21:55:00","22:10:00",39,"Drinks ",39,4.7,22,"electric_scooter ",2,"No ","Metropolitian ","Fog","Jam ",2
"6/03/2022","22:45:00","22:50:00",24,"Drinks ",24,4.5,23,"motorcycle ",0,"No ","Metropolitian ","Fog","Low ",0
"31/03/2022","20:15:00","20:25:00",34,"Buffet ",25,5,13,"scooter ",1,"No ","Metropolitian ","Cloudy","Jam ",1
"13/03/2022","10:30:00","10:40:00",19,"Drinks ",23,4.4,5,"motorcycle ",0,"No ","Urban ","Stormy","Low ",1
"1/03/2022","13:00:00","13:15:00",15,"Snack ",22,4.8,13,"scooter ",1,"No ","Metropolitian ","Stormy","High ",1
"21/03/2022","12:25:00","12:30:00",33,"Meal ",33,4.7,7,"motorcycle ",0,"No ","Metropolitian ","Fog","High ",2
"1/03/2022","11:25:00","11:35:00",31,"Drinks ",23,4.3,14,"motorcycle ",1,"No ","Metropolitian ","Fog","High ",1
"11/02/2022","19:50:00","20:05:00",37,"Buffet ",25,5,7,"motorcycle ",0,"No ","Metropolitian ","Stormy","Jam ",1
"5/03/2022","19:55:00","20:05:00",38,"Drinks ",30,4.6,14,"scooter ",1,"No ","Metropolitian ","Fog","Jam ",1
"13/02/2022","18:35:00","18:45:00",22,"Meal ",22,4.7,9,"scooter ",1,"No ","Metropolitian ","Sandstorms","Medium ",1
"14/02/2022","20:10:00","20:25:00",44,"Buffet ",32,4.6,4,"scooter ",1,"No ","Metropolitian ","Stormy","Jam ",2
"5/04/2022","8:55:00","9:00:00",20,"Buffet ",32,4.9,22,"motorcycle ",0,"No ","Urban ","Fog","Low ",1
"8/03/2022","20:00:00","20:15:00",36,"Buffet ",33,4.7,23,"scooter ",1,"No ","Metropolitian ","Fog","Jam ",1
"20/03/2022","23:40:00","23:45:00",15,"Meal ",23,4.8,23,"motorcycle ",2,"No ","Metropolitian ","Sandstorms","Low ",1
"6/04/2022","18:45:00","19:00:00",39,"Meal ",37,4.4,6,"motorcycle ",2,"No ","Metropolitian ","Sandstorms","Medium ",1
"28/03/2022","19:30:00","19:35:00",35,"Meal ",26,4.2,5,"motorcycle ",0,"No ","Metropolitian ","Windy","Jam ",1
"5/03/2022","9:50:00","10:05:00",14,"Buffet ",26,4.6,13,"motorcycle ",2,"No ","Metropolitian ","Sunny","Low ",1
"10/03/2022","21:15:00","21:25:00",48,"Meal ",33,4.8,13,"motorcycle ",0,"No ","Metropolitian ","Fog","Jam ",3
"6/04/2022","23:25:00","23:30:00",21,"Meal ",30,4.9,17,"motorcycle ",2,"No ","Metropolitian ","Sandstorms","Low ",0
"8/03/2022","19:25:00","19:30:00",25,"Snack ",25,4.6,17,"scooter ",1,"No ","Metropolitian ","Windy","Jam ",1
"14/03/2022","17:10:00","17:25:00",17,"Meal ",22,4.6,18,"scooter ",2,"No ","Metropolitian ","Sunny","Medium ",1
"5/03/2022","8:40:00","8:45:00",12,"Meal ",20,4.8,16,"scooter ",2,"No ","Urban ","Stormy","Low ",0
"20/03/2022","20:45:00","20:55:00",26,"Snack ",25,4.9,18,"scooter ",1,"No ","Metropolitian ","Sandstorms","Jam ",1
"26/03/2022","23:35:00","23:50:00",19,"Snack ",21,4.8,18,"scooter ",2,"No ","Metropolitian ","Fog","Low ",0
"13/03/2022","18:45:00","19:00:00",33,"Drinks ",30,4.8,23,"motorcycle ",2,"No ","Metropolitian ","Windy","Medium ",0
"8/03/2022","18:20:00","18:25:00",45,"Buffet ",39,4.4,15,"motorcycle ",0,"No ","Metropolitian ","Sandstorms","Medium ",0
"16/03/2022","21:20:00","21:30:00",30,"Meal ",35,4.9,16,"scooter ",1,"No ","Metropolitian ","Sunny","Jam ",1
"25/03/2022","19:35:00","19:50:00",21,"Snack ",22,4.5,13,"scooter ",2,"No ","Metropolitian ","Sandstorms","Jam ",1
"15/02/2022","10:15:00","10:30:00",20,"Meal ",26,4.3,6,"motorcycle ",0,"No ","Metropolitian ","Sandstorms","Low ",0
"5/03/2022","20:30:00","20:35:00",18,"Snack ",35,4.7,18,"scooter ",2,"No ","Urban ","Stormy","Jam ",0
"3/04/2022","22:45:00","23:00:00",28,"Drinks ",37,4.8,9,"motorcycle ",1,"No ","Metropolitian ","Stormy","Low ",1
"15/03/2022","21:40:00","21:55:00",13,"Drinks ",20,5,16,"scooter ",1,"No ","Urban ","Sunny","Jam ",0
"3/03/2022","18:30:00","18:45:00",26,"Snack ",35,4.9,19,"motorcycle ",0,"No ","Metropolitian ","Stormy","Medium ",1
"2/04/2022","17:40:00","17:50:00",40,"Buffet ",21,4.5,12,"motorcycle ",0,"No ","Metropolitian ","Fog","Medium ",1
"1/04/2022","11:45:00","11:50:00",27,"Drinks ",33,4.8,9,"scooter ",1,"No ","Metropolitian ","Cloudy","High ",1
"10/03/2022","18:40:00","18:45:00",25,"Drinks ",39,4.8,19,"scooter ",1,"No ","Metropolitian ","Sandstorms","Medium ",0
"1/04/2022","12:50:00","12:55:00",15,"Meal ",26,4.6,21,"motorcycle ",0,"No ","Metropolitian ","Sandstorms","High ",0
"25/03/2022","22:20:00","22:25:00",18,"Buffet ",35,4.6,15,"motorcycle ",2,"No ","Metropolitian ","Sunny","Low ",0
"13/03/2022","13:45:00","13:55:00",17,"Drinks ",21,5,9,"scooter ",1,"No ","Metropolitian ","Sandstorms","High ",1
"25/03/2022","18:10:00","18:20:00",30,"Drinks ",37,4.9,11,"scooter ",2,"No ","Metropolitian ","Fog","Medium ",0
"11/02/2022","10:50:00","10:55:00",12,"Snack ",25,4.6,5,"motorcycle ",1,"No ","Metropolitian ","Fog","Low ",1
"18/03/2022","18:35:00","18:50:00",25,"Meal ",25,4.9,5,"motorcycle ",0,"No ","Metropolitian ","Sandstorms","Medium ",0
"14/03/2022","19:10:00","19:20:00",26,"Snack ",35,4.9,14,"motorcycle ",0,"No ","Metropolitian ","Sunny","Jam ",0
"26/03/2022","23:50:00","0:05:00",29,"Snack ",33,4.7,17,"scooter ",1,"No ","Urban ","Windy","Low ",1
"2/03/2022","0:00:00","0:05:00",23,"Buffet ",34,4.7,23,"scooter ",2,"No ","Metropolitian ","Sandstorms","Low ",1
"3/03/2022","17:25:00","17:35:00",12,"Buffet ",22,4.9,13,"scooter ",2,"No ","Metropolitian ","Fog","Medium ",0
"1/04/2022","16:20:00","16:25:00",19,"Snack ",24,4.7,1,"scooter ",1,"No ","Urban ","Cloudy","Medium ",1
"11/03/2022","11:25:00","11:30:00",24,"Snack ",38,4.7,23,"scooter ",1,"No ","Metropolitian ","Sunny","High ",1
"5/04/2022","9:25:00","9:35:00",20,"Drinks ",39,4.4,17,"motorcycle ",0,"No ","Urban ","Stormy","Low ",1
"11/03/2022","9:55:00","10:10:00",17,"Buffet ",28,4.7,15,"motorcycle ",0,"No ","Urban ","Fog","Low ",1
"12/02/2022","17:30:00","17:40:00",30,"Buffet ",33,4.6,4,"electric_scooter ",2,"No ","Metropolitian ","Windy","Medium ",1
"4/04/2022","23:10:00","23:15:00",23,"Drinks ",28,4.7,9,"motorcycle ",0,"No ","Metropolitian ","Fog","Low ",1
"12/02/2022","19:55:00","20:05:00",39,"Buffet ",22,4.6,9,"motorcycle ",0,"No ","Metropolitian ","Stormy","Jam ",1
"3/04/2022","19:15:00","19:20:00",28,"Drinks ",33,4.8,18,"scooter ",2,"No ","Metropolitian ","Sandstorms","Jam ",0
"21/03/2022","10:50:00","11:00:00",15,"Meal ",24,4.8,14,"scooter ",1,"No ","Metropolitian ","Stormy","Low ",0
"21/03/2022","17:30:00","17:45:00",25,"Snack ",39,4.9,22,"scooter ",2,"No ","Urban ","Stormy","Medium ",1
"1/03/2022","17:30:00","17:40:00",17,"Meal ",34,4.6,19,"scooter ",2,"No ","Urban ","Cloudy","Medium ",0
"27/03/2022","20:00:00","20:05:00",43,"Buffet ",23,4.6,3,"motorcycle ",0,"No ","Metropolitian ","Fog","Jam ",2
"24/03/2022","10:10:00","10:20:00",16,"Snack ",31,4.8,23,"scooter ",1,"No ","Metropolitian ","Sunny","Low ",0
"10/03/2022","23:40:00","23:45:00",11,"Meal ",28,5,17,"motorcycle ",1,"No ","Metropolitian ","Sandstorms","Low ",1
"7/03/2022","14:20:00","14:35:00",26,"Meal ",31,4.9,18,"motorcycle ",1,"No ","Metropolitian ","Stormy","High ",0
"15/02/2022","12:00:00","12:15:00",26,"Drinks ",34,5,2,"motorcycle ",1,"No ","Metropolitian ","Stormy","High ",0
"12/03/2022","22:30:00","22:40:00",21,"Snack ",24,4.9,14,"motorcycle ",2,"No ","Metropolitian ","Cloudy","Low ",0
"5/03/2022","13:20:00","13:25:00",34,"Snack ",30,5,18,"scooter ",1,"No ","Metropolitian ","Sunny","High ",1
"11/03/2022","9:55:00","10:00:00",27,"Snack ",37,4.7,13,"motorcycle ",0,"No ","Metropolitian ","Cloudy","Low ",1
"4/04/2022","17:10:00","17:15:00",17,"Drinks ",21,4.8,17,"scooter ",2,"No ","Urban ","Sunny","Medium ",1
"9/03/2022","20:30:00","20:40:00",25,"Drinks ",32,4.5,12,"motorcycle ",1,"No ","Metropolitian ","Cloudy","Jam ",1
"15/02/2022","10:40:00","10:45:00",28,"Drinks ",25,4.5,1,"motorcycle ",0,"No ","Urban ","Stormy","Low ",1
"1/04/2022","8:15:00","8:25:00",24,"Snack ",28,5,21,"scooter ",1,"No ","Metropolitian ","Sunny","Low ",0
"12/02/2022","23:00:00","23:10:00",41,"Snack ",38,4.4,9,"motorcycle ",0,"No ","Metropolitian ","Stormy","Low ",1
"23/03/2022","18:50:00","18:55:00",32,"Meal ",26,5,13,"motorcycle ",0,"No ","Metropolitian ","Cloudy","Medium ",1
"1/04/2022","8:45:00","8:50:00",22,"Meal ",30,4.9,21,"motorcycle ",0,"No ","Urban ","Cloudy","Low ",1
"11/03/2022","14:50:00","15:00:00",20,"Drinks ",34,4.7,22,"motorcycle ",0,"No ","Urban ","Sunny","High ",0
"6/03/2022","21:45:00","21:55:00",43,"Drinks ",33,4.3,12,"electric_scooter ",2,"No ","Metropolitian ","Windy","Jam ",1
"15/03/2022","17:25:00","17:35:00",25,"Drinks ",37,4.6,9,"scooter ",1,"No ","Metropolitian ","Windy","Medium ",0
"20/03/2022","21:15:00","21:20:00",19,"Buffet ",29,4.6,23,"motorcycle ",1,"No ","Metropolitian ","Sandstorms","Jam ",1
"19/03/2022","15:45:00","16:00:00",27,"Drinks ",39,4.7,3,"motorcycle ",0,"No ","Metropolitian ","Cloudy","Medium ",1
"18/02/2022","22:40:00","22:50:00",31,"Snack ",20,3.2,13,"electric_scooter ",2,"No ","Metropolitian ","Sandstorms","Low ",1
"1/04/2022","19:25:00","19:35:00",25,"Snack ",33,4.9,22,"motorcycle ",1,"No ","Metropolitian ","Fog","Jam ",0
"18/03/2022","17:20:00","17:25:00",24,"Meal ",29,4.7,2,"motorcycle ",1,"No ","Metropolitian ","Sandstorms","Medium ",0
"17/03/2022","15:55:00","16:00:00",34,"Buffet ",32,4.7,9,"motorcycle ",0,"No ","Metropolitian ","Windy","Medium ",2
"18/02/2022","20:55:00","21:05:00",37,"Drinks ",36,4.2,5,"motorcycle ",0,"No ","Metropolitian ","Fog","Jam ",1
"26/03/2022","23:35:00","23:50:00",16,"Drinks ",32,5,13,"motorcycle ",2,"No ","Metropolitian ","Sunny","Low ",1
"25/03/2022","23:25:00","23:40:00",17,"Buffet ",23,5,19,"electric_scooter ",2,"No ","Metropolitian ","Windy","Low ",1
"12/03/2022","18:00:00","18:05:00",25,"Buffet ",36,4.7,13,"electric_scooter ",2,"No ","Metropolitian ","Sandstorms","Medium ",0
"18/02/2022","19:00:00","19:10:00",40,"Snack ",35,4.8,6,"motorcycle ",0,"No ","Metropolitian ","Fog","Medium ",2
"25/03/2022","23:55:00","0:10:00",28,"Buffet ",37,4.7,19,"motorcycle ",0,"No ","Urban ","Sandstorms","Low ",0
"13/03/2022","20:35:00","20:50:00",20,"Meal ",34,4.8,21,"motorcycle ",0,"No ","Metropolitian ","Sunny","Jam ",1
"6/03/2022","17:35:00","17:40:00",31,"Drinks ",39,4.2,3,"motorcycle ",0,"No ","Urban ","Stormy","Medium ",1
"15/02/2022","20:55:00","21:00:00",34,"Snack ",30,4.6,3,"motorcycle ",0,"No ","Metropolitian ","Stormy","Jam ",1
"19/03/2022","8:40:00","8:50:00",16,"Drinks ",32,4.7,8,"scooter ",1,"No ","Metropolitian ","Cloudy","Low ",0
"1/04/2022","17:40:00","17:55:00",27,"Snack ",35,4.7,22,"motorcycle ",0,"No ","Urban ","Windy","Medium ",0
"1/03/2022","23:35:00","23:50:00",17,"Snack ",33,4.8,12,"scooter ",2,"No ","Metropolitian ","Fog","Low ",0
"6/03/2022","17:35:00","17:50:00",25,"Meal ",22,4.6,22,"motorcycle ",0,"No ","Metropolitian ","Windy","Medium ",1
"21/03/2022","21:15:00","21:30:00",33,"Meal ",32,5,3,"motorcycle ",1,"No ","Metropolitian ","Cloudy","Jam ",1
"31/03/2022","23:35:00","23:50:00",35,"Snack ",39,4.3,1,"motorcycle ",0,"No ","Metropolitian ","Cloudy","Low ",1
"8/03/2022","23:50:00","0:00:00",24,"Meal ",32,4.8,17,"motorcycle ",0,"No ","Urban ","Stormy","Low ",1
"13/02/2022","15:25:00","15:35:00",18,"Buffet ",37,4.8,17,"scooter ",2,"No ","Urban ","Cloudy","Medium ",0
"1/04/2022","19:30:00","19:45:00",32,"Drinks ",26,4.6,12,"motorcycle ",0,"No ","Metropolitian ","Stormy","Jam ",1
"15/02/2022","20:15:00","20:25:00",29,"Snack ",25,4.9,4,"scooter ",1,"No ","Metropolitian ","Sandstorms","Jam ",1
"1/04/2022","12:00:00","12:05:00",49,"Meal ",37,4.6,13,"motorcycle ",0,"No ","Metropolitian ","Windy","High ",3
"15/02/2022","15:55:00","16:00:00",20,"Buffet ",24,5,6,"electric_scooter ",2,"No ","Metropolitian ","Windy","Medium ",1
"29/03/2022","20:30:00","20:35:00",40,"Meal ",36,4.6,3,"motorcycle ",0,"No ","Metropolitian ","Fog","Jam ",2
"9/03/2022","23:20:00","23:25:00",19,"Meal ",33,4.7,14,"motorcycle ",1,"No ","Metropolitian ","Cloudy","Low ",0
"2/04/2022","20:35:00","20:40:00",34,"Snack ",26,4,3,"scooter ",1,"No ","Metropolitian ","Fog","Jam ",0
"21/03/2022","8:35:00","8:40:00",29,"Buffet ",35,4.9,4,"scooter ",1,"No ","Metropolitian ","Stormy","Low ",1
"8/03/2022","23:15:00","23:20:00",15,"Drinks ",23,4.6,15,"motorcycle ",0,"No ","Urban ","Stormy","Low ",0
"14/02/2022","18:55:00","19:00:00",41,"Drinks ",39,4.9,7,"electric_scooter ",2,"No ","Metropolitian ","Stormy","Medium ",2
"17/02/2022","9:50:00","10:05:00",10,"Meal ",27,4.6,15,"scooter ",1,"No ","Urban ","Cloudy","Low ",1
"20/03/2022","18:25:00","18:35:00",22,"Meal ",34,5,9,"scooter ",2,"No ","Metropolitian ","Stormy","Medium ",1
"11/02/2022","10:50:00","10:55:00",12,"Snack ",25,4.6,5,"motorcycle ",1,"No ","Metropolitian ","Fog","Low ",1
"1/03/2022","23:20:00","23:30:00",25,"Drinks ",37,4.6,12,"motorcycle ",1,"No ","Metropolitian ","Stormy","Low ",0
"11/02/2022","23:30:00","23:40:00",16,"Snack ",36,4.9,8,"motorcycle ",1,"No ","Metropolitian ","Fog","Low ",0
"28/03/2022","16:40:00","16:45:00",29,"Snack ",34,4.5,1,"motorcycle ",0,"No ","Metropolitian ","Fog","Medium ",1
"27/03/2022","23:45:00","23:55:00",21,"Buffet ",27,4.9,12,"motorcycle ",0,"No ","Metropolitian ","Sunny","Low ",1
"10/03/2022","17:55:00","18:10:00",29,"Drinks ",37,4.7,22,"scooter ",1,"No ","Urban ","Sunny","Medium ",1
"2/03/2022","17:15:00","17:20:00",18,"Snack ",23,5,22,"scooter ",1,"No ","Metropolitian ","Stormy","Medium ",0
"10/03/2022","23:35:00","23:40:00",34,"Meal ",34,3.3,3,"motorcycle ",0,"No ","Metropolitian ","Sunny","Low ",1
"16/03/2022","19:10:00","19:15:00",39,"Snack ",38,3.7,4,"scooter ",1,"No ","Metropolitian ","Sandstorms","Jam ",1
"27/03/2022","20:15:00","20:20:00",48,"Snack ",33,4.1,8,"motorcycle ",0,"Yes ","Metropolitian ","Sandstorms","Jam ",1
"9/03/2022","20:15:00","20:30:00",24,"Drinks ",36,4.9,16,"motorcycle ",0,"No ","Metropolitian ","Sunny","Jam ",1
"7/03/2022","16:45:00","17:00:00",22,"Buffet ",24,4.5,15,"motorcycle ",0,"No ","Metropolitian ","Sunny","Medium ",0
"21/03/2022","13:35:00","13:45:00",46,"Drinks ",24,4.1,3,"motorcycle ",0,"No ","Metropolitian ","Sunny","High ",0
"13/02/2022","11:25:00","11:40:00",38,"Drinks ",31,4,12,"motorcycle ",2,"No ","Metropolitian ","Stormy","High ",1
"26/03/2022","9:40:00","9:55:00",12,"Snack ",21,4.8,13,"motorcycle ",1,"No ","Metropolitian ","Windy","Low ",0
"7/03/2022","9:25:00","9:35:00",14,"Buffet ",22,5,19,"motorcycle ",1,"No ","Urban ","Stormy","Low ",1
"3/04/2022","8:40:00","8:50:00",17,"Snack ",23,4.9,9,"motorcycle ",2,"No ","Metropolitian ","Sandstorms","Low ",1
"16/02/2022","20:35:00","20:40:00",28,"Snack ",26,4.9,6,"scooter ",2,"No ","Metropolitian ","Windy","Jam ",1
"23/03/2022","18:35:00","18:40:00",36,"Snack ",37,3.7,7,"scooter ",1,"No ","Metropolitian ","Stormy","Medium ",1
"17/03/2022","17:25:00","17:40:00",22,"Buffet ",32,4.7,17,"electric_scooter ",2,"No ","Metropolitian ","Sunny","Medium ",1
"24/03/2022","8:20:00","8:25:00",11,"Buffet ",22,4.6,23,"motorcycle ",0,"No ","Metropolitian ","Sunny","Low ",1
"21/03/2022","22:50:00","23:05:00",17,"Drinks ",32,4.5,6,"scooter ",1,"No ","Urban ","Fog","Low ",0
"5/04/2022","20:40:00","20:55:00",35,"Drinks ",30,4.9,16,"motorcycle ",1,"No ","Metropolitian ","Cloudy","Jam ",1
"13/02/2022","12:20:00","12:30:00",11,"Drinks ",21,4.6,16,"motorcycle ",1,"No ","Urban ","Sunny","High ",0
"5/04/2022","18:50:00","19:00:00",27,"Snack ",28,5,18,"motorcycle ",0,"No ","Metropolitian ","Windy","Medium ",0
"9/03/2022","21:50:00","22:00:00",24,"Buffet ",37,4.9,17,"motorcycle ",0,"No ","Urban ","Sunny","Jam ",0
"4/04/2022","23:30:00","23:35:00",10,"Meal ",28,4.8,19,"motorcycle ",1,"No ","Urban ","Windy","Low ",1
"8/03/2022","17:20:00","17:30:00",29,"Drinks ",24,4.7,19,"motorcycle ",0,"No ","Metropolitian ","Windy","Medium ",1
"1/04/2022","17:15:00","17:30:00",23,"Meal ",26,4.6,18,"motorcycle ",0,"No ","Metropolitian ","Fog","Medium ",1
"28/03/2022","10:20:00","10:35:00",14,"Drinks ",25,4.6,23,"motorcycle ",0,"No ","Metropolitian ","Sunny","Low ",1
"1/03/2022","20:50:00","21:05:00",13,"Buffet ",28,5,9,"electric_scooter ",2,"No ","Metropolitian ","Windy","Jam ",0
"18/02/2022","17:15:00","17:30:00",40,"Drinks ",38,4.8,8,"motorcycle ",2,"Yes ","Metropolitian ","Sandstorms","Medium ",2
"18/02/2022","19:50:00","19:55:00",29,"Snack ",38,4.8,6,"motorcycle ",2,"No ","Metropolitian ","Stormy","Jam ",0
"12/03/2022","22:50:00","22:55:00",38,"Meal ",39,3.6,7,"scooter ",1,"No ","Metropolitian ","Fog","Low ",2
"13/02/2022","13:15:00","13:25:00",33,"Drinks ",38,4.1,18,"motorcycle ",1,"No ","Metropolitian ","Sandstorms","High ",1
"29/03/2022","19:55:00","20:10:00",40,"Meal ",36,4.9,7,"motorcycle ",0,"No ","Metropolitian ","Cloudy","Jam ",1
"4/03/2022","20:35:00","20:40:00",38,"Meal ",21,4.6,14,"motorcycle ",0,"No ","Metropolitian ","Fog","Jam ",1
"6/03/2022","20:10:00","20:20:00",28,"Snack ",26,5,21,"scooter ",2,"No ","Metropolitian ","Stormy","Jam ",1
"4/03/2022","17:30:00","17:45:00",20,"Meal ",26,4.9,18,"motorcycle ",0,"No ","Metropolitian ","Stormy","Medium ",0
"23/03/2022","17:45:00","18:00:00",34,"Buffet ",29,4.8,6,"motorcycle ",0,"No ","Metropolitian ","Fog","Medium ",1
"13/02/2022","11:50:00","11:55:00",32,"Drinks ",39,4.6,22,"motorcycle ",2,"No ","Urban ","Fog","High ",1
"19/03/2022","21:20:00","21:25:00",43,"Drinks ",34,4,13,"motorcycle ",0,"No ","Metropolitian ","Stormy","Jam ",1
"6/03/2022","18:25:00","18:35:00",22,"Snack ",31,4.8,9,"motorcycle ",2,"No ","Metropolitian ","Windy","Medium ",1
"18/03/2022","22:40:00","22:55:00",29,"Snack ",30,4.6,18,"motorcycle ",1,"No ","Urban ","Sunny","Low ",1
"30/03/2022","8:40:00","8:50:00",23,"Drinks ",24,4.5,22,"motorcycle ",0,"No ","Metropolitian ","Cloudy","Low ",1
"16/03/2022","23:30:00","23:40:00",18,"Drinks ",24,4.7,14,"motorcycle ",0,"No ","Metropolitian ","Windy","Low ",0
"8/03/2022","18:10:00","18:25:00",18,"Drinks ",29,4.6,13,"scooter ",1,"No ","Metropolitian ","Windy","Medium ",1
"18/03/2022","22:55:00","23:10:00",22,"Buffet ",27,4.6,3,"motorcycle ",0,"No ","Metropolitian ","Cloudy","Low ",1
"5/03/2022","11:10:00","11:25:00",27,"Meal ",33,5,22,"motorcycle ",0,"No ","Metropolitian ","Fog","High ",0
"6/04/2022","20:20:00","20:35:00",37,"Buffet ",36,4.9,15,"electric_scooter ",2,"No ","Urban ","Cloudy","Jam ",1
"21/03/2022","19:10:00","19:15:00",24,"Drinks ",36,4.9,13,"scooter ",1,"No ","Metropolitian ","Sunny","Jam ",0
"1/03/2022","15:40:00","15:55:00",25,"Meal ",37,4.7,22,"motorcycle ",1,"No ","Metropolitian ","Stormy","Medium ",1
"19/03/2022","23:30:00","23:40:00",10,"Snack ",28,4.6,23,"motorcycle ",2,"No ","Urban ","Windy","Low ",1
"11/03/2022","18:10:00","18:20:00",23,"Buffet ",20,4.7,22,"electric_scooter ",2,"No ","Metropolitian ","Windy","Medium ",1
"28/03/2022","20:30:00","20:35:00",23,"Buffet ",29,4.8,17,"motorcycle ",1,"No ","Metropolitian ","Cloudy","Jam ",1
"16/03/2022","17:40:00","17:55:00",16,"Buffet ",31,4.7,14,"scooter ",1,"No ","Metropolitian ","Sunny","Medium ",1
"27/03/2022","18:00:00","18:10:00",26,"Meal ",20,4.6,17,"electric_scooter ",2,"No ","Metropolitian ","Fog","Medium ",0
"13/03/2022","11:30:00","11:35:00",26,"Meal ",33,5,12,"scooter ",1,"No ","Metropolitian ","Stormy","High ",1
"17/03/2022","9:15:00","9:20:00",25,"Meal ",30,4,7,"motorcycle ",0,"No ","Metropolitian ","Stormy","Low ",0
"28/03/2022","10:20:00","10:30:00",24,"Drinks ",30,4.8,14,"motorcycle ",2,"No ","Metropolitian ","Stormy","Low ",1
"24/03/2022","19:15:00","19:20:00",18,"Drinks ",32,4.5,18,"electric_scooter ",2,"No ","Metropolitian ","Sunny","Jam ",1
"19/03/2022","12:30:00","12:35:00",26,"Buffet ",22,4.6,3,"motorcycle ",2,"No ","Metropolitian ","Sandstorms","High ",1
"7/03/2022","23:00:00","23:15:00",19,"Snack ",29,4.5,2,"motorcycle ",0,"No ","Urban ","Sunny","Low ",1
"5/03/2022","8:20:00","8:25:00",28,"Snack ",30,4.6,16,"scooter ",1,"No ","Urban ","Stormy","Low ",1
"9/03/2022","15:25:00","15:40:00",28,"Buffet ",32,4.7,21,"motorcycle ",0,"No ","Urban ","Sandstorms","Medium ",0
"31/03/2022","20:30:00","20:40:00",36,"Buffet ",22,5,9,"electric_scooter ",2,"No ","Metropolitian ","Fog","Jam ",2
"26/03/2022","14:25:00","14:35:00",34,"Meal ",29,4.1,3,"motorcycle ",2,"No ","Metropolitian ","Fog","High ",1
"17/03/2022","8:55:00","9:10:00",13,"Snack ",20,4.8,8,"scooter ",2,"No ","Metropolitian ","Cloudy","Low ",0
"17/03/2022","10:45:00","10:50:00",17,"Buffet ",27,4.9,17,"scooter ",1,"No ","Metropolitian ","Sunny","Low ",1
"5/03/2022","20:50:00","21:05:00",19,"Buffet ",20,4.9,23,"motorcycle ",0,"No ","Metropolitian ","Stormy","Jam ",0
"17/02/2022","21:50:00","21:55:00",42,"Drinks ",33,4.7,7,"motorcycle ",0,"No ","Metropolitian ","Sandstorms","Jam ",1
"17/03/2022","20:45:00","21:00:00",28,"Meal ",20,4.8,9,"motorcycle ",0,"No ","Metropolitian ","Cloudy","Jam ",0
"8/03/2022","22:10:00","22:15:00",22,"Buffet ",37,4.8,15,"scooter ",1,"No ","Metropolitian ","Stormy","Low ",1
"1/03/2022","20:15:00","20:30:00",30,"Buffet ",32,4.7,18,"motorcycle ",0,"No ","Metropolitian ","Stormy","Jam ",0
"24/03/2022","10:45:00","10:50:00",17,"Meal ",24,5,16,"motorcycle ",2,"No ","Metropolitian ","Sunny","Low ",1
"1/03/2022","11:10:00","11:15:00",25,"Snack ",24,4.5,15,"scooter ",2,"No ","Metropolitian ","Sandstorms","High ",0
"11/02/2022","16:25:00","16:35:00",23,"Drinks ",24,4.5,6,"motorcycle ",0,"No ","Metropolitian ","Windy","Medium ",1
"9/03/2022","10:40:00","10:55:00",15,"Buffet ",23,4.8,17,"motorcycle ",1,"No ","Metropolitian ","Sunny","Low ",0
"17/03/2022","15:25:00","15:40:00",17,"Drinks ",36,4.9,18,"scooter ",2,"No ","Metropolitian ","Fog","Medium ",1
"3/04/2022","22:45:00","22:55:00",19,"Drinks ",22,4.8,18,"motorcycle ",0,"No ","Urban ","Cloudy","Low ",1
"6/04/2022","23:40:00","23:50:00",20,"Buffet ",24,4.7,19,"motorcycle ",0,"No ","Metropolitian ","Cloudy","Low ",1
"31/03/2022","18:40:00","18:50:00",35,"Drinks ",35,4.9,3,"motorcycle ",0,"No ","Metropolitian ","Cloudy","Medium ",1
"19/03/2022","17:45:00","17:55:00",26,"Snack ",27,4.6,21,"motorcycle ",1,"No ","Urban ","Sandstorms","Medium ",1
"6/04/2022","18:50:00","18:55:00",27,"Buffet ",35,4.6,19,"scooter ",2,"No ","Urban ","Stormy","Medium ",1
"1/04/2022","18:45:00","19:00:00",15,"Snack ",38,4.8,22,"scooter ",1,"No ","Metropolitian ","Sunny","Medium ",0
"12/02/2022","21:00:00","21:15:00",26,"Buffet ",30,5,17,"scooter ",2,"No ","Urban ","Windy","Jam ",1
"2/03/2022","17:55:00","18:10:00",23,"Buffet ",29,5,22,"electric_scooter ",2,"No ","Metropolitian ","Stormy","Medium ",0
"2/04/2022","19:20:00","19:35:00",47,"Drinks ",31,4,9,"motorcycle ",0,"No ","Metropolitian ","Stormy","Jam ",2
"14/02/2022","19:40:00","19:45:00",41,"Drinks ",31,4.5,2,"motorcycle ",1,"No ","Metropolitian ","Sandstorms","Jam ",0
"15/03/2022","11:20:00","11:35:00",29,"Meal ",35,4.8,13,"scooter ",2,"No ","Metropolitian ","Cloudy","High ",1
"18/02/2022","18:15:00","18:20:00",31,"Meal ",25,4.9,2,"motorcycle ",1,"No ","Metropolitian ","Fog","Medium ",1
"16/03/2022","17:30:00","17:40:00",39,"Drinks ",32,4.9,23,"electric_scooter ",2,"No ","Metropolitian ","Cloudy","Medium ",2
"29/03/2022","17:15:00","17:20:00",42,"Snack ",30,4.6,8,"motorcycle ",0,"No ","Metropolitian ","Cloudy","Medium ",2
"7/03/2022","14:25:00","14:35:00",20,"Meal ",23,4.9,18,"motorcycle ",1,"No ","Metropolitian ","Windy","High ",1
"16/03/2022","23:50:00","0:05:00",41,"Buffet ",36,4.7,18,"motorcycle ",0,"No ","Urban ","Cloudy","Low ",2
"15/03/2022","10:35:00","10:45:00",17,"Buffet ",22,5,19,"scooter ",1,"No ","Metropolitian ","Sunny","Low ",1
"20/03/2022","19:30:00","19:35:00",15,"Drinks ",23,4.8,23,"motorcycle ",2,"No ","Metropolitian ","Sunny","Jam ",1
"17/03/2022","16:20:00","16:25:00",34,"Snack ",30,4.7,22,"motorcycle ",2,"No ","Metropolitian ","Sandstorms","Medium ",1
"6/04/2022","23:50:00","0:05:00",26,"Meal ",26,4.7,15,"motorcycle ",0,"No ","Metropolitian ","Sunny","Low ",0
"12/02/2022","21:25:00","21:40:00",40,"Buffet ",20,5,2,"scooter ",2,"No ","Metropolitian ","Stormy","Jam ",1
"1/03/2022","0:00:00","0:15:00",11,"Drinks ",34,4.9,22,"electric_scooter ",2,"No ","Metropolitian ","Sunny","Low ",1
"29/03/2022","17:45:00","17:50:00",29,"Drinks ",36,4.8,9,"motorcycle ",0,"No ","Metropolitian ","Sunny","Medium ",1
"6/04/2022","20:10:00","20:25:00",27,"Buffet ",38,4.5,2,"motorcycle ",0,"No ","Metropolitian ","Sunny","Jam ",1
"12/02/2022","22:20:00","22:35:00",24,"Meal ",39,4.8,9,"motorcycle ",0,"No ","Metropolitian ","Sandstorms","Low ",1
"16/02/2022","19:25:00","19:35:00",21,"Snack ",24,5,16,"motorcycle ",1,"No ","Urban ","Sandstorms","Jam ",1
"3/03/2022","17:20:00","17:25:00",24,"Buffet ",22,4.9,23,"scooter ",1,"No ","Metropolitian ","Sandstorms","Medium ",1
"5/04/2022","17:45:00","17:50:00",31,"Snack ",30,4.1,3,"motorcycle ",0,"No ","Metropolitian ","Windy","Medium ",1
"19/03/2022","19:20:00","19:25:00",24,"Drinks ",26,4.7,6,"motorcycle ",2,"No ","Metropolitian ","Cloudy","Jam ",1
"13/03/2022","18:45:00","18:55:00",37,"Snack ",31,4.8,9,"motorcycle ",0,"No ","Metropolitian ","Windy","Medium ",2
"4/04/2022","22:00:00","22:10:00",47,"Snack ",36,4.2,9,"motorcycle ",0,"Yes ","Metropolitian ","Sandstorms","Jam ",2
"8/03/2022","22:50:00","23:00:00",20,"Snack ",21,4.8,16,"motorcycle ",0,"No ","Urban ","Stormy","Low ",0
"12/02/2022","22:45:00","22:55:00",20,"Snack ",39,4.8,6,"motorcycle ",0,"No ","Metropolitian ","Windy","Low ",1
"4/04/2022","22:35:00","22:45:00",15,"Buffet ",28,4.6,16,"motorcycle ",1,"No ","Urban ","Sandstorms","Low ",0
"27/03/2022","20:50:00","20:55:00",42,"Snack ",39,4.9,6,"motorcycle ",0,"No ","Metropolitian ","Fog","Jam ",0
"18/03/2022","17:25:00","17:40:00",29,"Drinks ",20,4.6,3,"motorcycle ",0,"No ","Metropolitian ","Sandstorms","Medium ",1
"2/03/2022","20:45:00","20:55:00",38,"Drinks ",26,4.7,22,"motorcycle ",0,"No ","Metropolitian ","Fog","Jam ",2
"1/04/2022","12:10:00","12:25:00",27,"Meal ",34,4.6,23,"motorcycle ",0,"No ","Metropolitian ","Cloudy","High ",1
"21/03/2022","12:45:00","12:55:00",49,"Snack ",39,4.4,1,"motorcycle ",0,"No ","Urban ","Sandstorms","High ",0
"16/02/2022","23:35:00","23:45:00",19,"Snack ",26,4.9,8,"motorcycle ",1,"No ","Metropolitian ","Stormy","Low ",0
"26/03/2022","19:45:00","20:00:00",23,"Snack ",20,5,15,"scooter ",1,"No ","Urban ","Fog","Jam ",1
"29/03/2022","20:30:00","20:45:00",25,"Snack ",23,4.5,6,"electric_scooter ",2,"No ","Urban ","Sandstorms","Jam ",0
"4/04/2022","18:00:00","18:10:00",27,"Drinks ",33,5,23,"scooter ",1,"No ","Metropolitian ","Stormy","Medium ",1
"6/03/2022","18:50:00","19:05:00",43,"Buffet ",35,4.7,23,"motorcycle ",0,"No ","Metropolitian ","Sandstorms","Medium ",2
"13/03/2022","22:00:00","22:05:00",40,"Buffet ",38,4.9,13,"motorcycle ",0,"No ","Metropolitian ","Sandstorms","Jam ",1
"1/03/2022","11:25:00","11:30:00",28,"Buffet ",36,4.6,12,"scooter ",1,"No ","Metropolitian ","Stormy","High ",1
"9/03/2022","19:35:00","19:40:00",26,"Buffet ",32,4.7,15,"scooter ",2,"No ","Metropolitian ","Stormy","Jam ",1
"29/03/2022","22:30:00","22:40:00",21,"Buffet ",31,4.8,14,"scooter ",1,"No ","Metropolitian ","Windy","Low ",0
"19/03/2022","17:35:00","17:45:00",34,"Snack ",36,5,22,"scooter ",2,"No ","Metropolitian ","Windy","Medium ",1
"18/02/2022","17:50:00","18:05:00",24,"Buffet ",23,4.8,4,"motorcycle ",1,"No ","Metropolitian ","Sandstorms","Medium ",1
"14/02/2022","19:30:00","19:35:00",30,"Meal ",39,4.7,8,"scooter ",1,"No ","Metropolitian ","Stormy","Jam ",0
"6/04/2022","19:45:00","20:00:00",19,"Snack ",37,4.9,16,"motorcycle ",1,"No ","Metropolitian ","Sunny","Jam ",0
"8/03/2022","0:00:00","0:10:00",41,"Snack ",20,3.1,7,"motorcycle ",2,"No ","Metropolitian ","Sunny","Low ",1
"18/02/2022","21:30:00","21:45:00",33,"Buffet ",23,4.7,2,"motorcycle ",1,"No ","Metropolitian ","Fog","Jam ",1
"23/03/2022","19:35:00","19:50:00",41,"Drinks ",36,4.6,21,"scooter ",2,"No ","Urban ","Fog","Jam ",1
"4/03/2022","19:00:00","19:15:00",39,"Drinks ",30,5,13,"motorcycle ",0,"No ","Metropolitian ","Windy","Medium ",1
"3/03/2022","11:15:00","11:20:00",48,"Meal ",20,3.6,8,"motorcycle ",0,"No ","Metropolitian ","Sunny","High ",1
"2/04/2022","22:45:00","22:50:00",43,"Buffet ",26,2.8,12,"motorcycle ",2,"No ","Metropolitian ","Sunny","Low ",0
"8/03/2022","21:10:00","21:20:00",28,"Snack ",29,4.7,16,"scooter ",1,"No ","Metropolitian ","Sandstorms","Jam ",1
"4/03/2022","20:40:00","20:50:00",35,"Snack ",30,4.1,6,"scooter ",2,"No ","Metropolitian ","Stormy","Jam ",1
"17/03/2022","11:55:00","12:05:00",10,"Drinks ",26,4.9,7,"scooter ",2,"No ","Metropolitian ","Sunny","High ",0
"11/02/2022","9:25:00","9:30:00",11,"Meal ",23,4.6,9,"motorcycle ",2,"No ","Metropolitian ","Stormy","Low ",0
"2/03/2022","19:30:00","19:35:00",42,"Snack ",31,4.9,21,"motorcycle ",0,"No ","Metropolitian ","Stormy","Jam ",1
"14/02/2022","23:30:00","23:35:00",28,"Buffet ",37,4.6,9,"scooter ",1,"No ","Metropolitian ","Sunny","Low ",1
"4/03/2022","23:15:00","23:20:00",36,"Drinks ",38,4.2,3,"scooter ",1,"No ","Metropolitian ","Fog","Low ",1
"25/03/2022","22:30:00","22:40:00",19,"Meal ",28,4.5,21,"scooter ",1,"No ","Metropolitian ","Windy","Low ",0
"8/03/2022","20:10:00","20:15:00",49,"Drinks ",33,4.9,18,"scooter ",2,"No ","Metropolitian ","Sunny","Jam ",1
"28/03/2022","9:40:00","9:50:00",30,"Meal ",31,4,13,"motorcycle ",0,"No ","Metropolitian ","Stormy","Low ",1
"18/02/2022","23:55:00","0:00:00",21,"Snack ",32,4.6,3,"scooter ",1,"No ","Metropolitian ","Stormy","Low ",0
"1/04/2022","18:25:00","18:30:00",19,"Drinks ",30,5,9,"scooter ",2,"No ","Metropolitian ","Fog","Medium ",0
"5/03/2022","22:55:00","23:00:00",24,"Meal ",36,4.9,14,"motorcycle ",0,"No ","Metropolitian ","Sunny","Low ",1
"20/03/2022","0:00:00","0:10:00",25,"Drinks ",39,4.6,19,"scooter ",2,"No ","Metropolitian ","Stormy","Low ",1
"13/03/2022","8:10:00","8:15:00",27,"Drinks ",35,4.7,18,"electric_scooter ",2,"No ","Metropolitian ","Stormy","Low ",0
"25/03/2022","19:30:00","19:40:00",40,"Drinks ",33,4.9,3,"motorcycle ",1,"No ","Metropolitian ","Fog","Jam ",0
"5/04/2022","13:50:00","14:05:00",25,"Meal ",29,4.5,6,"scooter ",2,"No ","Metropolitian ","Fog","High ",1
"3/03/2022","23:50:00","0:00:00",24,"Meal ",38,4.7,23,"motorcycle ",0,"No ","Metropolitian ","Sunny","Low ",0
"21/03/2022","16:15:00","16:20:00",27,"Buffet ",22,4.5,15,"motorcycle ",2,"No ","Metropolitian ","Stormy","Medium ",1
"2/04/2022","17:35:00","17:40:00",20,"Buffet ",38,4.7,18,"motorcycle ",2,"No ","Metropolitian ","Sandstorms","Medium ",0
"13/02/2022","10:50:00","10:55:00",11,"Buffet ",23,4.9,22,"scooter ",1,"No ","Urban ","Windy","Low ",1
"18/03/2022","20:55:00","21:05:00",43,"Meal ",37,4.7,23,"scooter ",2,"No ","Metropolitian ","Cloudy","Jam ",0
"12/03/2022","17:25:00","17:35:00",18,"Buffet ",28,4.8,17,"scooter ",2,"No ","Metropolitian ","Sandstorms","Medium ",0
"2/03/2022","17:10:00","17:25:00",34,"Buffet ",33,4.9,15,"scooter ",2,"No ","Metropolitian ","Fog","Medium ",1
"18/02/2022","23:50:00","23:55:00",28,"Drinks ",32,4.8,18,"motorcycle ",0,"No ","Urban ","Stormy","Low ",1
"3/03/2022","10:25:00","10:35:00",21,"Drinks ",24,4.7,18,"electric_scooter ",2,"No ","Metropolitian ","Sunny","Low ",1
"7/03/2022","19:50:00","20:00:00",25,"Drinks ",28,5,15,"motorcycle ",0,"No ","Metropolitian ","Sunny","Jam ",1
"27/03/2022","18:55:00","19:05:00",40,"Buffet ",35,4.8,6,"motorcycle ",1,"No ","Metropolitian ","Cloudy","Medium ",2
"24/03/2022","20:50:00","21:00:00",22,"Drinks ",26,4.9,18,"scooter ",1,"No ","Urban ","Sandstorms","Jam ",1
"4/04/2022","18:10:00","18:25:00",30,"Drinks ",34,4.6,22,"motorcycle ",1,"No ","Urban ","Stormy","Medium ",1
"11/03/2022","10:40:00","10:50:00",29,"Snack ",39,4.6,17,"motorcycle ",1,"No ","Metropolitian ","Windy","Low ",1
"11/03/2022","8:15:00","8:25:00",20,"Meal ",28,4.7,19,"electric_scooter ",2,"No ","Urban ","Sunny","Low ",0
"4/03/2022","21:35:00","21:50:00",31,"Drinks ",32,4.3,3,"motorcycle ",0,"No ","Urban ","Sandstorms","Jam ",0
"14/02/2022","21:55:00","22:00:00",47,"Drinks ",36,4.7,3,"scooter ",2,"Yes ","Metropolitian ","Stormy","Jam ",2
"2/03/2022","17:10:00","17:25:00",34,"Buffet ",33,4.9,15,"scooter ",2,"No ","Metropolitian ","Fog","Medium ",1
"24/03/2022","9:00:00","9:15:00",13,"Buffet ",32,4.7,23,"scooter ",1,"No ","Urban ","Sunny","Low ",1
"3/03/2022","19:00:00","19:10:00",16,"Drinks ",39,4.5,12,"motorcycle ",1,"No ","Metropolitian ","Fog","Medium ",0
"8/03/2022","22:50:00","23:00:00",15,"Drinks ",31,4.7,12,"scooter ",2,"No ","Metropolitian ","Stormy","Low ",1
"4/04/2022","23:40:00","23:50:00",40,"Snack ",34,4.3,16,"motorcycle ",0,"No ","Urban ","Fog","Low ",1
"14/03/2022","23:30:00","23:40:00",39,"Meal ",34,4.4,15,"motorcycle ",0,"No ","Metropolitian ","Cloudy","Low ",0
"4/04/2022","21:25:00","21:30:00",38,"Drinks ",30,4.1,5,"motorcycle ",1,"No ","Metropolitian ","Windy","Jam ",2
"4/04/2022","17:10:00","17:15:00",25,"Meal ",32,4.6,15,"motorcycle ",2,"No ","Urban ","Sandstorms","Medium ",0
"16/02/2022","20:25:00","20:30:00",14,"Meal ",23,4.9,3,"scooter ",1,"No ","Metropolitian ","Sunny","Jam ",1
"2/03/2022","23:00:00","23:05:00",26,"Drinks ",38,4.6,23,"motorcycle ",0,"No ","Metropolitian ","Sandstorms","Low ",1
"19/03/2022","10:25:00","10:30:00",16,"Drinks ",37,4.7,22,"scooter ",2,"No ","Metropolitian ","Fog","Low ",0
"16/03/2022","22:30:00","22:45:00",16,"Snack ",24,4.8,17,"motorcycle ",1,"No ","Urban ","Stormy","Low ",1
"31/03/2022","21:55:00","22:05:00",46,"Snack ",38,4.8,11,"motorcycle ",0,"Yes ","Metropolitian ","Cloudy","Jam ",2
"3/03/2022","11:00:00","11:15:00",22,"Snack ",27,4.9,18,"scooter ",1,"No ","Metropolitian ","Sunny","Low ",1
"28/03/2022","10:20:00","10:35:00",20,"Snack ",31,4.6,15,"scooter ",2,"No ","Metropolitian ","Stormy","Low ",0
"6/04/2022","18:50:00","19:00:00",43,"Snack ",32,4.5,18,"motorcycle ",0,"No ","Urban ","Fog","Medium ",1
"11/03/2022","21:30:00","21:45:00",26,"Buffet ",29,4.6,22,"scooter ",2,"No ","Metropolitian ","Cloudy","Jam ",0
"23/03/2022","19:40:00","19:55:00",34,"Drinks ",29,4.7,2,"scooter ",1,"No ","Metropolitian ","Cloudy","Jam ",0
"30/03/2022","11:00:00","11:05:00",16,"Buffet ",27,4,19,"motorcycle ",0,"No ","Metropolitian ","Sandstorms","Low ",1
"3/04/2022","19:15:00","19:25:00",40,"Drinks ",35,4,4,"motorcycle ",0,"No ","Urban ","Windy","Jam ",2
"18/02/2022","23:20:00","23:35:00",38,"Snack ",32,3.6,16,"scooter ",2,"No ","Metropolitian ","Sandstorms","Low ",1
"12/03/2022","19:10:00","19:15:00",40,"Drinks ",27,4.3,6,"motorcycle ",2,"No ","Urban ","Fog","Jam ",1
"21/03/2022","11:25:00","11:40:00",26,"Buffet ",27,4.6,16,"motorcycle ",0,"No ","Metropolitian ","Stormy","High ",0
"2/04/2022","17:20:00","17:25:00",31,"Drinks ",32,4.3,12,"motorcycle ",0,"No ","Metropolitian ","Sunny","Medium ",1
"4/03/2022","21:45:00","22:00:00",35,"Meal ",39,4,9,"scooter ",2,"No ","Metropolitian ","Stormy","Jam ",0
"26/03/2022","14:00:00","14:05:00",22,"Drinks ",28,4.9,14,"scooter ",2,"No ","Metropolitian ","Windy","High ",0
"3/03/2022","22:45:00","22:50:00",16,"Meal ",36,4.8,15,"scooter ",2,"No ","Urban ","Fog","Low ",1
"4/03/2022","21:10:00","21:20:00",41,"Drinks ",20,4.3,18,"scooter ",2,"No ","Metropolitian ","Stormy","Jam ",0
"5/03/2022","10:30:00","10:45:00",17,"Buffet ",39,4.5,6,"scooter ",2,"No ","Urban ","Stormy","Low ",1
"31/03/2022","23:10:00","23:15:00",28,"Buffet ",38,5,12,"scooter ",1,"No ","Metropolitian ","Fog","Low ",1
"18/02/2022","19:50:00","20:05:00",39,"Meal ",39,4.7,5,"electric_scooter ",2,"No ","Metropolitian ","Sandstorms","Jam ",2
"28/03/2022","10:25:00","10:35:00",27,"Meal ",38,4.7,13,"electric_scooter ",2,"No ","Metropolitian ","Sandstorms","Low ",1
"18/02/2022","23:00:00","23:15:00",28,"Snack ",34,4.8,9,"scooter ",1,"No ","Metropolitian ","Fog","Low ",1
"1/03/2022","8:30:00","8:35:00",19,"Drinks ",20,4.7,19,"scooter ",1,"No ","Metropolitian ","Windy","Low ",0
"5/04/2022","22:35:00","22:45:00",16,"Meal ",25,5,15,"motorcycle ",0,"No ","Metropolitian ","Sunny","Low ",0
"5/04/2022","23:20:00","23:25:00",21,"Meal ",24,4.6,15,"motorcycle ",0,"No ","Metropolitian ","Fog","Low ",1
"1/03/2022","16:25:00","16:30:00",20,"Buffet ",26,4.7,16,"scooter ",2,"No ","Metropolitian ","Windy","Medium ",1
"5/03/2022","21:20:00","21:30:00",26,"Drinks ",39,5,9,"scooter ",1,"No ","Metropolitian ","Fog","Jam ",1
"17/03/2022","11:40:00","11:45:00",24,"Meal ",23,4.6,5,"scooter ",1,"No ","Metropolitian ","Fog","High ",1
"16/02/2022","22:20:00","22:30:00",15,"Drinks ",27,4.9,2,"motorcycle ",2,"No ","Metropolitian ","Sandstorms","Low ",0
"11/03/2022","18:30:00","18:35:00",15,"Buffet ",37,4.5,5,"scooter ",1,"No ","Urban ","Sunny","Medium ",1
"12/02/2022","17:55:00","18:10:00",21,"Meal ",23,4.5,9,"scooter ",2,"No ","Metropolitian ","Sandstorms","Medium ",1
"17/03/2022","20:40:00","20:45:00",40,"Buffet ",24,3.8,11,"motorcycle ",0,"No ","Metropolitian ","Sunny","Jam ",2
"11/02/2022","11:55:00","12:00:00",13,"Snack ",25,5,2,"motorcycle ",1,"No ","Metropolitian ","Stormy","High ",1
"20/03/2022","22:00:00","22:15:00",15,"Meal ",23,5,23,"scooter ",1,"No ","Urban ","Windy","Jam ",0
"12/03/2022","23:45:00","0:00:00",16,"Snack ",31,5,22,"motorcycle ",1,"No ","Metropolitian ","Stormy","Low ",1
"1/04/2022","20:00:00","20:15:00",20,"Snack ",28,4.7,23,"scooter ",2,"No ","Metropolitian ","Fog","Jam ",1
"17/03/2022","19:35:00","19:40:00",37,"Buffet ",39,4.1,2,"motorcycle ",2,"No ","Metropolitian ","Fog","Jam ",1
"14/03/2022","23:15:00","23:30:00",41,"Buffet ",25,2.8,9,"motorcycle ",1,"No ","Metropolitian ","Sunny","Low ",1
"1/04/2022","18:00:00","18:15:00",17,"Snack ",29,4.8,19,"motorcycle ",1,"No ","Metropolitian ","Fog","Medium ",1
"19/03/2022","17:20:00","17:35:00",26,"Snack ",22,4.8,1,"motorcycle ",1,"No ","Metropolitian ","Windy","Medium ",1
"23/03/2022","17:55:00","18:05:00",37,"Drinks ",32,4.1,3,"motorcycle ",0,"No ","Metropolitian ","Sunny","Medium ",1
"9/03/2022","8:30:00","8:45:00",15,"Drinks ",25,4.5,17,"motorcycle ",0,"No ","Metropolitian ","Sunny","Low ",0
"10/03/2022","22:00:00","22:10:00",34,"Meal ",32,4.1,11,"motorcycle ",1,"No ","Metropolitian ","Stormy","Jam ",0
"4/03/2022","18:30:00","18:40:00",17,"Buffet ",20,4.8,15,"scooter ",1,"No ","Metropolitian ","Stormy","Medium ",0
"5/03/2022","15:35:00","15:45:00",20,"Buffet ",38,4.6,16,"scooter ",2,"No ","Urban ","Stormy","Medium ",1
"17/03/2022","11:40:00","11:55:00",25,"Snack ",36,4.9,18,"motorcycle ",0,"No ","Urban ","Cloudy","High ",0
"26/03/2022","21:55:00","22:00:00",25,"Snack ",30,4.9,14,"motorcycle ",0,"No ","Metropolitian ","Sunny","Jam ",1
"15/03/2022","10:50:00","11:05:00",15,"Snack ",27,4.7,19,"scooter ",1,"No ","Urban ","Sunny","Low ",1
"28/03/2022","17:50:00","17:55:00",29,"Drinks ",22,4.9,3,"electric_scooter ",2,"No ","Metropolitian ","Sandstorms","Medium ",1
"7/03/2022","11:50:00","11:55:00",44,"Buffet ",24,3.6,11,"motorcycle ",0,"No ","Metropolitian ","Sunny","High ",1
"4/04/2022","23:20:00","23:35:00",17,"Buffet ",34,4.6,23,"electric_scooter ",2,"No ","Metropolitian ","Sandstorms","Low ",1
"9/03/2022","13:00:00","13:10:00",36,"Drinks ",37,5,16,"scooter ",1,"No ","Urban ","Cloudy","High ",0
"27/03/2022","20:25:00","20:30:00",40,"Drinks ",38,4.2,3,"motorcycle ",2,"No ","Urban ","Sandstorms","Jam ",1
"13/03/2022","18:30:00","18:35:00",20,"Buffet ",20,4.8,23,"scooter ",1,"No ","Metropolitian ","Windy","Medium ",1
"12/02/2022","17:55:00","18:00:00",38,"Buffet ",39,4.2,5,"motorcycle ",0,"No ","Metropolitian ","Sunny","Medium ",0
"15/02/2022","23:35:00","23:45:00",11,"Meal ",23,4.7,15,"motorcycle ",1,"No ","Urban ","Windy","Low ",0
"16/02/2022","19:25:00","19:40:00",43,"Meal ",33,4,17,"electric_scooter ",2,"No ","Metropolitian ","Stormy","Jam ",2
"6/03/2022","19:20:00","19:35:00",36,"Drinks ",34,4.7,19,"scooter ",1,"No ","Metropolitian ","Fog","Jam ",2
"4/04/2022","18:10:00","18:20:00",25,"Drinks ",30,5,9,"electric_scooter ",2,"No ","Metropolitian ","Sunny","Medium ",1
"12/02/2022","19:35:00","19:40:00",36,"Snack ",30,3.8,11,"scooter ",2,"No ","Metropolitian ","Stormy","Jam ",1
"12/02/2022","23:10:00","23:15:00",25,"Snack ",36,5,2,"scooter ",1,"No ","Metropolitian ","Stormy","Low ",1
"21/03/2022","19:30:00","19:45:00",23,"Drinks ",20,4.6,15,"motorcycle ",1,"No ","Metropolitian ","Windy","Jam ",1
"16/03/2022","18:15:00","18:20:00",25,"Snack ",20,4.8,12,"motorcycle ",1,"No ","Metropolitian ","Windy","Medium ",1
"30/03/2022","14:25:00","14:30:00",28,"Snack ",36,4.7,16,"scooter ",2,"No ","Metropolitian ","Fog","High ",1
"3/04/2022","23:40:00","23:55:00",15,"Drinks ",21,4.7,23,"scooter ",1,"No ","Metropolitian ","Windy","Low ",0
"2/04/2022","21:20:00","21:35:00",45,"Meal ",30,4.7,8,"scooter ",2,"No ","Metropolitian ","Cloudy","Jam ",2
"12/03/2022","17:20:00","17:30:00",36,"Drinks ",37,3.8,1,"electric_scooter ",2,"No ","Metropolitian ","Windy","Medium ",0
"1/04/2022","23:50:00","23:55:00",17,"Buffet ",27,4.9,19,"motorcycle ",0,"No ","Urban ","Sunny","Low ",1
"16/03/2022","21:25:00","21:30:00",44,"Snack ",34,4.6,17,"electric_scooter ",2,"No ","Metropolitian ","Cloudy","Jam ",2
"12/03/2022","23:40:00","23:50:00",22,"Drinks ",29,4.8,16,"motorcycle ",0,"No ","Metropolitian ","Fog","Low ",0
"2/04/2022","23:40:00","23:50:00",28,"Buffet ",38,4.8,22,"motorcycle ",0,"No ","Metropolitian ","Sunny","Low ",0
"23/03/2022","19:15:00","19:25:00",25,"Meal ",29,4.9,9,"motorcycle ",1,"No ","Metropolitian ","Sandstorms","Jam ",1
"11/02/2022","19:30:00","19:40:00",48,"Meal ",29,4.4,5,"motorcycle ",0,"No ","Urban ","Sunny","Jam ",3
"15/03/2022","16:45:00","16:50:00",14,"Meal ",20,4.6,16,"motorcycle ",2,"No ","Urban ","Sunny","Medium ",1
"10/03/2022","23:55:00","0:00:00",15,"Snack ",37,5,23,"motorcycle ",1,"No ","Metropolitian ","Sunny","Low ",0
"9/03/2022","8:25:00","8:40:00",28,"Snack ",39,4.7,14,"motorcycle ",0,"No ","Metropolitian ","Fog","Low ",1
"31/03/2022","18:50:00","18:55:00",15,"Snack ",27,4.8,12,"scooter ",1,"No ","Metropolitian ","Sunny","Medium ",1
"6/03/2022","17:35:00","17:45:00",48,"Meal ",34,4.1,13,"motorcycle ",0,"No ","Metropolitian ","Windy","Medium ",2
"19/03/2022","15:20:00","15:35:00",19,"Buffet ",39,5,2,"scooter ",2,"No ","Metropolitian ","Fog","Medium ",1
"2/03/2022","23:55:00","0:05:00",27,"Meal ",33,4.9,18,"scooter ",1,"No ","Metropolitian ","Stormy","Low ",1
"10/03/2022","21:10:00","21:25:00",30,"Snack ",27,4.6,23,"motorcycle ",1,"No ","Metropolitian ","Fog","Jam ",1
"9/03/2022","22:50:00","22:55:00",16,"Meal ",27,4.7,15,"motorcycle ",0,"No ","Metropolitian ","Cloudy","Low ",0
"4/04/2022","21:35:00","21:50:00",47,"Snack ",38,4.2,3,"electric_scooter ",2,"Yes ","Metropolitian ","Cloudy","Jam ",2
"21/03/2022","18:20:00","18:35:00",31,"Drinks ",32,4.1,6,"scooter ",2,"No ","Metropolitian ","Sandstorms","Medium ",1
"5/04/2022","23:20:00","23:35:00",19,"Meal ",20,4.7,21,"motorcycle ",2,"No ","Metropolitian ","Stormy","Low ",1
"4/04/2022","21:50:00","22:00:00",25,"Drinks ",29,4.8,21,"scooter ",2,"No ","Metropolitian ","Windy","Jam ",0
"26/03/2022","18:40:00","18:45:00",26,"Snack ",23,4.5,18,"scooter ",2,"No ","Metropolitian ","Sandstorms","Medium ",1
"8/03/2022","22:35:00","22:50:00",27,"Buffet ",28,4.9,16,"scooter ",1,"No ","Metropolitian ","Fog","Low ",1
"13/02/2022","9:35:00","9:50:00",18,"Snack ",24,4.9,3,"motorcycle ",1,"No ","Metropolitian ","Sunny","Low ",1
"11/02/2022","22:50:00","22:55:00",16,"Buffet ",29,4.7,2,"scooter ",2,"No ","Metropolitian ","Stormy","Low ",0
"6/04/2022","17:35:00","17:45:00",35,"Snack ",22,4.3,4,"motorcycle ",0,"No ","Metropolitian ","Sandstorms","Medium ",1
"31/03/2022","17:30:00","17:40:00",26,"Meal ",36,4.9,19,"scooter ",2,"No ","Metropolitian ","Windy","Medium ",1
"13/02/2022","22:45:00","22:55:00",18,"Snack ",30,4.5,4,"scooter ",2,"No ","Metropolitian ","Stormy","Low ",0
"11/02/2022","21:40:00","21:45:00",19,"Drinks ",32,5,18,"motorcycle ",1,"No ","Urban ","Sunny","Jam ",1
"7/03/2022","10:15:00","10:20:00",15,"Snack ",29,4.9,17,"scooter ",1,"No ","Urban ","Sunny","Low ",1
"28/03/2022","8:35:00","8:50:00",17,"Meal ",27,4.6,16,"electric_scooter ",2,"No ","Metropolitian ","Stormy","Low ",1
"20/03/2022","23:45:00","0:00:00",20,"Buffet ",34,4.7,15,"electric_scooter ",2,"No ","Metropolitian ","Sunny","Low ",0
"11/03/2022","20:45:00","21:00:00",19,"Meal ",28,4.9,9,"scooter ",1,"No ","Metropolitian ","Sunny","Jam ",1
"2/04/2022","22:45:00","23:00:00",27,"Snack ",34,4.9,22,"motorcycle ",1,"No ","Metropolitian ","Sunny","Low ",1
"20/03/2022","18:50:00","19:05:00",39,"Snack ",26,4.2,8,"motorcycle ",0,"No ","Metropolitian ","Windy","Medium ",1
"9/03/2022","8:40:00","8:50:00",24,"Buffet ",36,4.8,18,"motorcycle ",0,"No ","Urban ","Cloudy","Low ",0
"13/02/2022","17:40:00","17:50:00",32,"Meal ",38,4,14,"scooter ",1,"No ","Metropolitian ","Stormy","Medium ",1
"25/03/2022","21:10:00","21:20:00",18,"Meal ",29,4.9,15,"motorcycle ",2,"No ","Metropolitian ","Sandstorms","Jam ",0
"29/03/2022","23:45:00","23:55:00",25,"Buffet ",21,4.8,18,"scooter ",2,"No ","Metropolitian ","Cloudy","Low ",0
"28/03/2022","10:55:00","11:00:00",27,"Buffet ",34,4.8,18,"scooter ",2,"No ","Urban ","Windy","Low ",1
"20/03/2022","17:20:00","17:35:00",26,"Buffet ",21,4.6,22,"scooter ",2,"No ","Urban ","Windy","Medium ",1
"24/03/2022","20:00:00","20:10:00",23,"Snack ",29,5,18,"scooter ",2,"No ","Urban ","Fog","Jam ",1
"29/03/2022","20:00:00","20:05:00",24,"Snack ",25,4.9,19,"scooter ",2,"No ","Metropolitian ","Sunny","Jam ",1
"12/03/2022","17:10:00","17:15:00",21,"Snack ",36,4.6,19,"scooter ",2,"No ","Metropolitian ","Sunny","Medium ",1
"18/03/2022","19:45:00","20:00:00",35,"Buffet ",24,4.2,15,"motorcycle ",0,"No ","Metropolitian ","Windy","Jam ",2
"11/03/2022","9:30:00","9:35:00",25,"Meal ",34,4.8,15,"scooter ",2,"No ","Metropolitian ","Sandstorms","Low ",1
"2/03/2022","17:20:00","17:25:00",31,"Snack ",21,4.2,4,"motorcycle ",0,"No ","Metropolitian ","Stormy","Medium ",1
"9/03/2022","23:45:00","0:00:00",15,"Drinks ",20,4.7,23,"scooter ",2,"No ","Metropolitian ","Cloudy","Low ",0
"17/03/2022","9:50:00","10:00:00",12,"Snack ",28,4.7,3,"motorcycle ",1,"No ","Metropolitian ","Sandstorms","Low ",0
"4/04/2022","22:45:00","23:00:00",14,"Meal ",29,4.8,22,"scooter ",1,"No ","Urban ","Windy","Low ",0
"9/03/2022","10:45:00","10:50:00",19,"Drinks ",32,4.7,9,"scooter ",1,"No ","Metropolitian ","Fog","Low ",1
"4/03/2022","21:55:00","22:10:00",44,"Drinks ",38,4.9,9,"motorcycle ",0,"No ","Metropolitian ","Windy","Jam ",1
"30/03/2022","19:25:00","19:35:00",27,"Snack ",21,5,12,"motorcycle ",0,"No ","Metropolitian ","Fog","Jam ",1
"1/03/2022","10:00:00","10:10:00",15,"Meal ",23,4.5,18,"motorcycle ",0,"No ","Metropolitian ","Sunny","Low ",0
"14/03/2022","19:10:00","19:20:00",30,"Snack ",24,4.5,22,"motorcycle ",1,"No ","Metropolitian ","Cloudy","Jam ",1
"7/03/2022","8:45:00","8:55:00",25,"Snack ",37,4.9,23,"motorcycle ",0,"No ","Urban ","Fog","Low ",1
"7/03/2022","12:50:00","13:00:00",26,"Drinks ",23,4.9,12,"electric_scooter ",2,"No ","Metropolitian ","Windy","High ",0
"6/04/2022","20:40:00","20:45:00",30,"Snack ",36,4.8,22,"scooter ",1,"No ","Metropolitian ","Windy","Jam ",1
"24/03/2022","19:20:00","19:35:00",32,"Drinks ",34,5,21,"motorcycle ",0,"No ","Urban ","Cloudy","Jam ",1
"13/02/2022","19:20:00","19:30:00",37,"Snack ",35,4.4,2,"motorcycle ",0,"No ","Urban ","Stormy","Jam ",2
"13/03/2022","18:10:00","18:25:00",21,"Drinks ",29,4.8,15,"motorcycle ",1,"No ","Metropolitian ","Stormy","Medium ",1
"18/03/2022","21:25:00","21:30:00",37,"Drinks ",37,3.7,17,"scooter ",2,"No ","Metropolitian ","Windy","Jam ",2
"1/04/2022","9:45:00","10:00:00",22,"Meal ",23,4.1,23,"motorcycle ",0,"No ","Metropolitian ","Sandstorms","Low ",1
"21/03/2022","10:55:00","11:10:00",12,"Drinks ",35,4.9,15,"scooter ",2,"No ","Urban ","Sunny","Low ",0
"1/03/2022","21:00:00","21:10:00",29,"Meal ",27,5,18,"motorcycle ",0,"No ","Metropolitian ","Fog","Jam ",0
"29/03/2022","22:30:00","22:40:00",29,"Snack ",30,4.6,2,"motorcycle ",0,"No ","Urban ","Stormy","Low ",0
"2/04/2022","23:00:00","23:10:00",34,"Buffet ",37,3.3,3,"motorcycle ",0,"No ","Urban ","Sunny","Low ",1
"6/04/2022","23:45:00","23:55:00",12,"Snack ",27,4.6,16,"motorcycle ",1,"No ","Urban ","Stormy","Low ",0
"13/02/2022","22:30:00","22:40:00",19,"Buffet ",26,5,8,"motorcycle ",1,"No ","Metropolitian ","Sunny","Low ",0
"11/02/2022","11:40:00","11:55:00",18,"Meal ",26,4.8,16,"scooter ",1,"No ","Urban ","Windy","High ",1
"14/02/2022","17:20:00","17:35:00",23,"Drinks ",31,4.8,23,"motorcycle ",1,"No ","Urban ","Sunny","Medium ",0
"23/03/2022","18:10:00","18:15:00",42,"Buffet ",31,4.8,13,"motorcycle ",0,"No ","Metropolitian ","Stormy","Medium ",1
"8/03/2022","19:00:00","19:15:00",26,"Drinks ",23,4.6,23,"motorcycle ",1,"No ","Metropolitian ","Windy","Medium ",1
"17/03/2022","10:30:00","10:35:00",17,"Drinks ",22,4.7,19,"motorcycle ",2,"No ","Urban ","Stormy","Low ",1
"21/03/2022","23:25:00","23:40:00",17,"Buffet ",25,4.6,23,"motorcycle ",0,"No ","Metropolitian ","Cloudy","Low ",0
"17/03/2022","19:20:00","19:35:00",21,"Meal ",20,5,6,"motorcycle ",0,"No ","Metropolitian ","Cloudy","Jam ",0
"23/03/2022","23:45:00","23:55:00",10,"Buffet ",22,5,23,"scooter ",1,"No ","Urban ","Sandstorms","Low ",0
"6/03/2022","20:45:00","20:55:00",25,"Buffet ",27,4.6,14,"motorcycle ",1,"No ","Metropolitian ","Stormy","Jam ",0
"5/04/2022","10:35:00","10:40:00",16,"Drinks ",36,5,19,"motorcycle ",1,"No ","Urban ","Cloudy","Low ",1
"15/02/2022","11:40:00","11:45:00",27,"Buffet ",37,4.9,2,"electric_scooter ",2,"No ","Metropolitian ","Sandstorms","High ",0
"14/03/2022","21:50:00","21:55:00",28,"Drinks ",25,4.9,19,"electric_scooter ",2,"No ","Metropolitian ","Sandstorms","Jam ",1
"14/03/2022","18:40:00","18:50:00",12,"Buffet ",26,4.9,15,"electric_scooter ",2,"No ","Urban ","Sunny","Medium ",0
"21/03/2022","11:55:00","12:05:00",32,"Buffet ",39,4.2,1,"motorcycle ",0,"No ","Urban ","Fog","High ",1
"18/03/2022","22:00:00","22:05:00",31,"Buffet ",35,3.5,9,"motorcycle ",1,"No ","Metropolitian ","Windy","Jam ",1
"12/03/2022","21:25:00","21:40:00",35,"Buffet ",31,4.8,12,"motorcycle ",2,"No ","Metropolitian ","Cloudy","Jam ",1
"17/03/2022","8:25:00","8:30:00",34,"Meal ",34,4.2,7,"motorcycle ",0,"No ","Metropolitian ","Windy","Low ",1
"14/03/2022","22:25:00","22:30:00",26,"Buffet ",25,5,16,"scooter ",1,"No ","Urban ","Fog","Low ",0
"27/03/2022","18:25:00","18:35:00",18,"Drinks ",23,4.9,14,"scooter ",2,"No ","Metropolitian ","Sunny","Medium ",0
"5/04/2022","21:50:00","22:05:00",25,"Meal ",38,4.6,15,"motorcycle ",2,"No ","Metropolitian ","Windy","Jam ",0
"3/04/2022","21:35:00","21:45:00",17,"Meal ",24,4.6,18,"scooter ",1,"No ","Metropolitian ","Stormy","Jam ",0
"30/03/2022","20:55:00","21:10:00",23,"Buffet ",22,5,21,"motorcycle ",2,"No ","Metropolitian ","Sandstorms","Jam ",1
"17/03/2022","18:55:00","19:00:00",15,"Drinks ",29,4.7,17,"scooter ",2,"No ","Urban ","Cloudy","Medium ",0
"18/02/2022","21:35:00","21:50:00",40,"Drinks ",27,4.7,2,"motorcycle ",0,"No ","Metropolitian ","Fog","Jam ",0
"15/03/2022","18:55:00","19:10:00",27,"Snack ",20,4.7,12,"motorcycle ",2,"No ","Metropolitian ","Windy","Medium ",1
"2/04/2022","23:40:00","23:50:00",34,"Buffet ",35,4.4,13,"scooter ",1,"No ","Metropolitian ","Cloudy","Low ",0
"4/04/2022","20:55:00","21:10:00",49,"Drinks ",38,4.8,21,"motorcycle ",0,"No ","Semi-Urban ","Windy","Jam ",1
"11/03/2022","12:00:00","12:10:00",13,"Drinks ",24,4.7,17,"electric_scooter ",2,"No ","Urban ","Sunny","High ",0
"5/03/2022","17:50:00","18:00:00",28,"Buffet ",22,4.8,16,"electric_scooter ",2,"No ","Urban ","Sandstorms","Medium ",1
"17/03/2022","10:20:00","10:30:00",18,"Drinks ",36,4.8,3,"scooter ",1,"No ","Metropolitian ","Fog","Low ",0
"3/03/2022","17:55:00","18:10:00",26,"Meal ",23,4.6,23,"motorcycle ",0,"No ","Metropolitian ","Fog","Medium ",1
"30/03/2022","23:55:00","0:00:00",14,"Meal ",23,4.6,4,"scooter ",2,"No ","Urban ","Windy","Low ",1
"29/03/2022","19:10:00","19:15:00",36,"Snack ",26,4.9,9,"electric_scooter ",2,"No ","Metropolitian ","Cloudy","Jam ",1
"1/03/2022","20:45:00","21:00:00",39,"Meal ",37,4.7,21,"motorcycle ",0,"No ","Urban ","Windy","Jam ",2
"28/03/2022","12:00:00","12:05:00",16,"Buffet ",28,4.8,16,"motorcycle ",0,"No ","Urban ","Stormy","High ",1
"18/02/2022","20:30:00","20:35:00",31,"Snack ",37,3.6,14,"scooter ",2,"No ","Metropolitian ","Sandstorms","Jam ",1
"29/03/2022","18:10:00","18:15:00",30,"Meal ",25,4.6,3,"motorcycle ",2,"No ","Metropolitian ","Fog","Medium ",1
"31/03/2022","21:15:00","21:20:00",39,"Snack ",25,4.2,13,"motorcycle ",0,"No ","Metropolitian ","Windy","Jam ",0
"16/03/2022","23:00:00","23:10:00",36,"Snack ",31,3.6,6,"motorcycle ",1,"No ","Metropolitian ","Fog","Low ",0
"27/03/2022","21:50:00","21:55:00",47,"Buffet ",26,4.8,18,"motorcycle ",0,"No ","Semi-Urban ","Cloudy","Jam ",2
"3/04/2022","15:40:00","15:55:00",18,"Drinks ",29,4.8,16,"motorcycle ",2,"No ","Urban ","Fog","Medium ",1
"5/04/2022","12:55:00","13:05:00",24,"Meal ",21,5,19,"scooter ",1,"No ","Metropolitian ","Fog","High ",1
"17/02/2022","19:45:00","19:55:00",26,"Meal ",20,5,9,"scooter ",1,"No ","Metropolitian ","Fog","Jam ",0
"3/04/2022","13:15:00","13:25:00",28,"Meal ",26,4.7,23,"electric_scooter ",2,"No ","Metropolitian ","Cloudy","High ",1
"16/03/2022","19:30:00","19:35:00",14,"Snack ",27,4.9,18,"motorcycle ",2,"No ","Urban ","Sunny","Jam ",1
"11/03/2022","21:15:00","21:20:00",26,"Snack ",35,4.5,6,"electric_scooter ",2,"No ","Urban ","Stormy","Jam ",1
"18/03/2022","23:35:00","23:45:00",39,"Snack ",25,2.7,18,"motorcycle ",1,"No ","Metropolitian ","Sunny","Low ",2
"17/03/2022","8:45:00","8:55:00",16,"Snack ",24,4.6,11,"scooter ",2,"No ","Metropolitian ","Sandstorms","Low ",0
"14/03/2022","18:35:00","18:45:00",39,"Drinks ",37,4.7,14,"motorcycle ",0,"No ","Metropolitian ","Sunny","Medium ",0
"6/03/2022","21:40:00","21:55:00",17,"Drinks ",24,5,19,"scooter ",2,"No ","Metropolitian ","Sandstorms","Jam ",1
"30/03/2022","14:30:00","14:40:00",35,"Drinks ",38,4.9,13,"motorcycle ",0,"No ","Metropolitian ","Windy","High ",1
"2/04/2022","17:10:00","17:25:00",23,"Snack ",35,4.7,18,"scooter ",1,"No ","Metropolitian ","Windy","Medium ",1
"28/03/2022","11:10:00","11:15:00",22,"Buffet ",22,4.8,16,"motorcycle ",1,"No ","Metropolitian ","Fog","High ",0
"13/03/2022","8:50:00","8:55:00",17,"Snack ",35,4.8,22,"motorcycle ",1,"No ","Metropolitian ","Fog","Low ",1
"8/03/2022","22:20:00","22:35:00",37,"Meal ",31,3.7,6,"motorcycle ",2,"No ","Metropolitian ","Fog","Low ",0
"3/04/2022","8:20:00","8:35:00",14,"Drinks ",38,4.7,17,"electric_scooter ",2,"No ","Urban ","Sunny","Low ",0
"3/04/2022","12:35:00","12:45:00",33,"Snack ",27,4.2,12,"motorcycle ",1,"No ","Metropolitian ","Cloudy","High ",0
"4/03/2022","17:50:00","18:00:00",27,"Meal ",32,4.5,3,"scooter ",1,"No ","Urban ","Sunny","Medium ",1
"6/03/2022","17:20:00","17:35:00",32,"Snack ",37,4.6,18,"motorcycle ",0,"No ","Urban ","Stormy","Medium ",1
"19/03/2022","16:45:00","16:55:00",29,"Snack ",34,4.8,9,"motorcycle ",0,"No ","Metropolitian ","Windy","Medium ",1
"24/03/2022","18:55:00","19:05:00",17,"Meal ",38,4.7,23,"motorcycle ",2,"No ","Urban ","Fog","Medium ",1
"4/04/2022","20:40:00","20:45:00",40,"Meal ",36,3.5,6,"motorcycle ",1,"No ","Metropolitian ","Stormy","Jam ",0
"2/03/2022","18:10:00","18:20:00",37,"Drinks ",35,4.6,12,"motorcycle ",0,"No ","Metropolitian ","Sandstorms","Medium ",0
"4/03/2022","23:50:00","23:55:00",18,"Buffet ",25,4.6,23,"scooter ",1,"No ","Metropolitian ","Sandstorms","Low ",0
"17/02/2022","15:50:00","16:00:00",26,"Snack ",24,4.8,7,"motorcycle ",0,"No ","Metropolitian ","Sandstorms","Medium ",0
"11/03/2022","23:50:00","0:05:00",16,"Drinks ",30,4.9,21,"scooter ",1,"No ","Metropolitian ","Cloudy","Low ",0
"7/03/2022","14:50:00","15:05:00",26,"Snack ",31,4.9,18,"scooter ",1,"No ","Urban ","Stormy","High ",0
"25/03/2022","20:55:00","21:05:00",24,"Snack ",23,4.7,22,"electric_scooter ",2,"No ","Urban ","Windy","Jam ",1
"3/03/2022","10:45:00","10:55:00",16,"Drinks ",27,4.7,13,"scooter ",1,"No ","Metropolitian ","Windy","Low ",0
"15/02/2022","12:30:00","12:40:00",24,"Drinks ",21,5,15,"motorcycle ",0,"No ","Urban ","Windy","High ",0
"2/04/2022","23:55:00","0:10:00",19,"Buffet ",24,4.7,18,"motorcycle ",0,"No ","Urban ","Stormy","Low ",0
"3/03/2022","11:35:00","11:50:00",46,"Drinks ",25,3.7,1,"motorcycle ",0,"No ","Metropolitian ","Sunny","High ",1
"3/04/2022","20:10:00","20:20:00",53,"Snack ",27,3.7,2,"motorcycle ",0,"No ","Urban ","Sunny","Jam ",3
"19/03/2022","17:30:00","17:40:00",14,"Drinks ",29,4.7,9,"scooter ",2,"No ","Metropolitian ","Fog","Medium ",0
"5/04/2022","17:40:00","17:55:00",22,"Snack ",23,4.6,19,"electric_scooter ",2,"No ","Metropolitian ","Windy","Medium ",1
"15/02/2022","11:30:00","11:35:00",28,"Buffet ",26,4.9,18,"scooter ",2,"No ","Urban ","Windy","High ",1
"29/03/2022","22:30:00","22:45:00",18,"Buffet ",25,4.6,22,"motorcycle ",0,"No ","Metropolitian ","Sandstorms","Low ",1
"23/03/2022","20:25:00","20:40:00",17,"Meal ",21,4.8,13,"scooter ",1,"No ","Metropolitian ","Windy","Jam ",0
"19/03/2022","21:20:00","21:25:00",33,"Buffet ",29,4.6,14,"scooter ",2,"No ","Metropolitian ","Fog","Jam ",2
"14/03/2022","20:20:00","20:25:00",10,"Snack ",26,4.7,19,"scooter ",2,"No ","Metropolitian ","Sunny","Jam ",0
"30/03/2022","21:30:00","21:35:00",45,"Meal ",21,3.7,13,"motorcycle ",0,"No ","Metropolitian ","Sunny","Jam ",1
"12/03/2022","23:10:00","23:25:00",17,"Snack ",28,5,22,"motorcycle ",1,"No ","Urban ","Stormy","Low ",1
"31/03/2022","17:10:00","17:20:00",25,"Drinks ",36,4.9,19,"motorcycle ",0,"No ","Metropolitian ","Sunny","Medium ",0
"17/03/2022","23:35:00","23:45:00",14,"Buffet ",37,5,3,"scooter ",1,"No ","Metropolitian ","Sunny","Low ",0
"26/03/2022","0:00:00","0:15:00",11,"Meal ",26,4.8,21,"motorcycle ",2,"No ","Metropolitian ","Cloudy","Low ",0
"16/03/2022","22:35:00","22:50:00",25,"Snack ",20,4.9,22,"electric_scooter ",2,"No ","Metropolitian ","Fog","Low ",1
"26/03/2022","20:35:00","20:50:00",22,"Drinks ",34,4.8,16,"scooter ",1,"No ","Metropolitian ","Sunny","Jam ",0
"12/03/2022","23:50:00","23:55:00",26,"Buffet ",22,4.6,13,"motorcycle ",0,"No ","Metropolitian ","Sunny","Low ",1
"15/03/2022","9:00:00","9:15:00",18,"Snack ",28,4.7,22,"scooter ",2,"No ","Metropolitian ","Stormy","Low ",1
"1/03/2022","14:45:00","14:50:00",22,"Drinks ",29,4.6,12,"scooter ",1,"No ","Metropolitian ","Fog","High ",1
"29/03/2022","19:50:00","20:00:00",51,"Buffet ",34,4.5,8,"motorcycle ",0,"No ","Metropolitian ","Fog","Jam ",2
"5/03/2022","9:20:00","9:25:00",16,"Meal ",24,4.9,12,"scooter ",2,"No ","Metropolitian ","Windy","Low ",1
"26/03/2022","15:50:00","15:55:00",15,"Snack ",37,4.7,16,"electric_scooter ",2,"No ","Urban ","Fog","Medium ",0
"31/03/2022","23:10:00","23:25:00",26,"Drinks ",22,5,18,"motorcycle ",0,"No ","Metropolitian ","Sunny","Low ",1
"15/03/2022","8:25:00","8:40:00",23,"Buffet ",28,4.3,9,"motorcycle ",0,"No ","Metropolitian ","Windy","Low ",0
"4/03/2022","23:50:00","0:00:00",10,"Drinks ",29,4.7,23,"scooter ",2,"No ","Urban ","Stormy","Low ",1
"13/03/2022","20:15:00","20:20:00",25,"Drinks ",21,4.7,16,"motorcycle ",0,"No ","Metropolitian ","Cloudy","Jam ",1
"16/03/2022","17:55:00","18:00:00",34,"Snack ",29,4.7,15,"scooter ",1,"No ","Metropolitian ","Fog","Medium ",1
"11/03/2022","17:45:00","18:00:00",15,"Meal ",32,4.6,23,"scooter ",1,"No ","Metropolitian ","Cloudy","Medium ",1
"10/03/2022","17:40:00","17:55:00",42,"Meal ",37,4.4,18,"scooter ",1,"No ","Metropolitian ","Cloudy","Medium ",2
"18/02/2022","17:25:00","17:30:00",30,"Drinks ",33,4.6,2,"motorcycle ",0,"No ","Metropolitian ","Fog","Medium ",1
"1/03/2022","22:45:00","22:55:00",15,"Snack ",23,4.6,21,"motorcycle ",2,"No ","Metropolitian ","Stormy","Low ",1
"6/03/2022","23:45:00","23:55:00",17,"Drinks ",30,4.6,14,"motorcycle ",1,"No ","Metropolitian ","Sunny","Low ",0
"12/02/2022","0:00:00","0:10:00",29,"Meal ",27,4.7,4,"scooter ",2,"No ","Metropolitian ","Stormy","Low ",0
"18/03/2022","19:35:00","19:45:00",27,"Drinks ",24,4.6,8,"motorcycle ",0,"No ","Metropolitian ","Sandstorms","Jam ",1
"3/03/2022","11:50:00","11:55:00",24,"Drinks ",28,4.5,18,"motorcycle ",1,"No ","Metropolitian ","Fog","High ",1
"12/03/2022","22:50:00","23:00:00",22,"Meal ",25,4.8,14,"scooter ",2,"No ","Metropolitian ","Cloudy","Low ",1
"12/02/2022","20:15:00","20:25:00",23,"Buffet ",33,4.9,7,"motorcycle ",1,"No ","Metropolitian ","Sunny","Jam ",0
"23/03/2022","22:25:00","22:30:00",24,"Snack ",30,4.8,22,"motorcycle ",0,"No ","Urban ","Sandstorms","Low ",0
"15/02/2022","23:20:00","23:25:00",23,"Snack ",35,4.5,6,"motorcycle ",0,"No ","Metropolitian ","Stormy","Low ",1
"29/03/2022","21:10:00","21:20:00",29,"Meal ",26,4.8,6,"electric_scooter ",2,"No ","Metropolitian ","Stormy","Jam ",0
"14/02/2022","23:45:00","0:00:00",35,"Drinks ",37,4.1,20,"motorcycle ",0,"No ","Metropolitian ","Stormy","Low ",1
"3/04/2022","22:45:00","22:55:00",14,"Drinks ",28,4.9,22,"scooter ",1,"No ","Metropolitian ","Fog","Low ",0
"12/03/2022","18:30:00","18:40:00",34,"Meal ",39,3.5,3,"motorcycle ",2,"No ","Metropolitian ","Windy","Medium ",0
"1/03/2022","23:55:00","0:00:00",16,"Meal ",28,4.5,17,"motorcycle ",1,"No ","Metropolitian ","Windy","Low ",0
"15/02/2022","23:10:00","23:20:00",18,"Buffet ",38,4.5,9,"scooter ",2,"No ","Metropolitian ","Stormy","Low ",0
"6/04/2022","20:00:00","20:15:00",17,"Meal ",26,4.8,23,"motorcycle ",1,"No ","Metropolitian ","Windy","Jam ",0
"11/02/2022","9:10:00","9:15:00",22,"Drinks ",23,4.6,2,"motorcycle ",0,"No ","Metropolitian ","Stormy","Low ",0
"5/04/2022","17:35:00","17:50:00",27,"Meal ",36,4.6,16,"motorcycle ",0,"No ","Metropolitian ","Cloudy","Medium ",0
"24/03/2022","20:50:00","21:05:00",17,"Buffet ",25,4.6,9,"motorcycle ",1,"No ","Metropolitian ","Sunny","Jam ",1
"17/02/2022","10:55:00","11:00:00",23,"Meal ",29,4.7,2,"motorcycle ",0,"No ","Metropolitian ","Stormy","Low ",1
"13/03/2022","9:50:00","10:00:00",27,"Buffet ",35,4.2,3,"motorcycle ",0,"No ","Urban ","Stormy","Low ",1
"7/03/2022","10:15:00","10:20:00",17,"Buffet ",35,4.8,14,"scooter ",2,"No ","Metropolitian ","Fog","Low ",0
"2/03/2022","22:50:00","23:00:00",18,"Buffet ",25,4.7,16,"motorcycle ",1,"No ","Metropolitian ","Stormy","Low ",0
"29/03/2022","23:35:00","23:45:00",24,"Buffet ",27,4.8,22,"motorcycle ",0,"No ","Metropolitian ","Stormy","Low ",0
"23/03/2022","23:35:00","23:50:00",27,"Snack ",34,4.8,22,"electric_scooter ",2,"No ","Metropolitian ","Fog","Low ",0
"6/03/2022","23:30:00","23:45:00",35,"Snack ",35,4.5,15,"scooter ",2,"No ","Metropolitian ","Sunny","Low ",1
"3/04/2022","17:25:00","17:30:00",25,"Meal ",37,5,18,"motorcycle ",0,"No ","Metropolitian ","Cloudy","Medium ",0
"9/03/2022","19:30:00","19:35:00",25,"Snack ",33,4.5,17,"motorcycle ",1,"No ","Metropolitian ","Sandstorms","Jam ",1
"5/04/2022","17:40:00","17:55:00",22,"Snack ",23,4.6,19,"electric_scooter ",2,"No ","Metropolitian ","Windy","Medium ",1
"27/03/2022","17:25:00","17:30:00",27,"Drinks ",33,4.6,13,"scooter ",1,"No ","Metropolitian ","Sunny","Medium ",1
"21/03/2022","19:10:00","19:25:00",25,"Drinks ",31,4.6,9,"motorcycle ",2,"No ","Metropolitian ","Windy","Jam ",1
"2/04/2022","18:15:00","18:25:00",37,"Buffet ",30,4.4,9,"motorcycle ",2,"No ","Metropolitian ","Cloudy","Medium ",1
"4/03/2022","23:30:00","23:45:00",19,"Snack ",21,4.8,9,"motorcycle ",0,"No ","Metropolitian ","Windy","Low ",0
"17/02/2022","17:15:00","17:20:00",18,"Meal ",33,4.9,19,"scooter ",2,"No ","Urban ","Cloudy","Medium ",1
"3/03/2022","9:35:00","9:50:00",21,"Buffet ",33,4.1,3,"motorcycle ",0,"No ","Metropolitian ","Windy","Low ",1
"13/02/2022","17:40:00","17:50:00",16,"Snack ",35,4.6,9,"scooter ",2,"No ","Metropolitian ","Stormy","Medium ",1
"5/04/2022","8:20:00","8:25:00",10,"Drinks ",23,4.9,15,"motorcycle ",1,"No ","Metropolitian ","Stormy","Low ",0
"11/03/2022","20:55:00","21:00:00",29,"Drinks ",21,4.8,17,"motorcycle ",1,"No ","Metropolitian ","Cloudy","Jam ",1
"21/03/2022","18:25:00","18:30:00",26,"Snack ",20,4.9,13,"scooter ",1,"No ","Metropolitian ","Stormy","Medium ",1
"28/03/2022","16:40:00","16:45:00",16,"Snack ",21,4.7,9,"motorcycle ",1,"No ","Metropolitian ","Cloudy","Medium ",1
"15/03/2022","15:25:00","15:40:00",15,"Meal ",39,5,23,"scooter ",2,"No ","Metropolitian ","Cloudy","Medium ",0
"6/04/2022","23:55:00","0:00:00",24,"Snack ",24,4.8,22,"scooter ",2,"No ","Metropolitian ","Fog","Low ",0
"16/03/2022","21:35:00","21:45:00",35,"Drinks ",31,3.5,1,"motorcycle ",1,"No ","Metropolitian ","Windy","Jam ",1
"19/03/2022","8:45:00","8:55:00",15,"Snack ",35,4.6,13,"motorcycle ",2,"No ","Metropolitian ","Fog","Low ",1
"27/03/2022","22:35:00","22:40:00",18,"Meal ",30,4.8,18,"scooter ",1,"No ","Metropolitian ","Sandstorms","Low ",0
"23/03/2022","18:35:00","18:40:00",32,"Snack ",33,4.2,13,"motorcycle ",0,"No ","Metropolitian ","Sunny","Medium ",1
"2/03/2022","21:30:00","21:35:00",44,"Meal ",29,4.4,21,"scooter ",1,"No ","Metropolitian ","Fog","Jam ",1
"8/03/2022","20:00:00","20:15:00",37,"Meal ",26,4.1,11,"motorcycle ",2,"No ","Metropolitian ","Cloudy","Jam ",0
"14/03/2022","21:20:00","21:30:00",24,"Meal ",31,4.5,23,"scooter ",2,"No ","Metropolitian ","Sunny","Jam ",1
"14/02/2022","23:30:00","23:40:00",26,"Drinks ",30,4.6,9,"electric_scooter ",2,"No ","Metropolitian ","Stormy","Low ",1
"18/02/2022","19:30:00","19:35:00",45,"Drinks ",37,4.9,21,"motorcycle ",0,"No ","Urban ","Cloudy","Jam ",1
"26/03/2022","18:00:00","18:15:00",10,"Buffet ",20,4.5,4,"scooter ",1,"No ","Urban ","Sunny","Medium ",0
"26/03/2022","23:25:00","23:40:00",19,"Drinks ",27,4.5,17,"electric_scooter ",2,"No ","Metropolitian ","Cloudy","Low ",0
"15/02/2022","22:10:00","22:20:00",18,"Meal ",28,4.9,8,"scooter ",2,"No ","Metropolitian ","Stormy","Low ",0
"13/03/2022","12:25:00","12:35:00",22,"Drinks ",23,4.6,22,"motorcycle ",0,"No ","Urban ","Fog","High ",1
"31/03/2022","20:45:00","21:00:00",45,"Drinks ",31,4.6,3,"motorcycle ",0,"No ","Metropolitian ","Cloudy","Jam ",1
"23/03/2022","18:10:00","18:15:00",20,"Snack ",22,4.6,18,"motorcycle ",1,"No ","Urban ","Sandstorms","Medium ",1
"13/03/2022","13:25:00","13:40:00",18,"Meal ",21,4.7,14,"motorcycle ",2,"No ","Metropolitian ","Stormy","High ",1
"5/03/2022","8:10:00","8:20:00",34,"Meal ",35,4.1,2,"motorcycle ",0,"No ","Urban ","Sandstorms","Low ",1
"26/03/2022","23:45:00","23:55:00",19,"Buffet ",29,4.8,22,"motorcycle ",2,"No ","Metropolitian ","Cloudy","Low ",1
"16/02/2022","20:25:00","20:30:00",14,"Meal ",23,4.9,3,"scooter ",1,"No ","Metropolitian ","Sunny","Jam ",1
"20/03/2022","19:45:00","19:50:00",42,"Snack ",31,4.3,6,"motorcycle ",1,"No ","Metropolitian ","Fog","Jam ",1
"2/04/2022","19:10:00","19:25:00",43,"Buffet ",32,3.8,9,"motorcycle ",2,"No ","Metropolitian ","Sandstorms","Jam ",0
"5/03/2022","12:55:00","13:10:00",39,"Buffet ",33,4.9,12,"motorcycle ",1,"No ","Metropolitian ","Sunny","High ",1
"23/03/2022","18:25:00","18:30:00",31,"Buffet ",22,4.9,4,"motorcycle ",1,"No ","Metropolitian ","Fog","Medium ",0
"3/04/2022","17:35:00","17:40:00",25,"Snack ",21,4.9,23,"scooter ",1,"No ","Metropolitian ","Stormy","Medium ",0
"11/02/2022","21:35:00","21:40:00",28,"Buffet ",37,4.8,5,"electric_scooter ",2,"No ","Metropolitian ","Stormy","Jam ",1
"25/03/2022","21:50:00","21:55:00",51,"Meal ",38,4.3,13,"motorcycle ",0,"No ","Metropolitian ","Windy","Jam ",1
"17/03/2022","9:30:00","9:45:00",19,"Meal ",21,4.9,1,"scooter ",1,"No ","Metropolitian ","Cloudy","Low ",0
"15/03/2022","17:50:00","18:05:00",27,"Snack ",34,4.7,18,"motorcycle ",2,"No ","Urban ","Sandstorms","Medium ",1
"18/03/2022","19:45:00","19:50:00",38,"Buffet ",20,5,17,"motorcycle ",0,"No ","Metropolitian ","Fog","Jam ",1
"19/03/2022","8:55:00","9:10:00",13,"Snack ",23,4.8,18,"motorcycle ",1,"No ","Metropolitian ","Fog","Low ",0
"13/02/2022","20:35:00","20:45:00",32,"Drinks ",35,4.3,3,"scooter ",2,"No ","Metropolitian ","Windy","Jam ",1
"11/03/2022","20:30:00","20:45:00",34,"Drinks ",36,5,23,"motorcycle ",0,"No ","Metropolitian ","Windy","Jam ",1
"8/03/2022","21:20:00","21:35:00",36,"Drinks ",34,3.5,9,"scooter ",1,"No ","Metropolitian ","Windy","Jam ",2
"29/03/2022","22:45:00","23:00:00",11,"Snack ",21,4.5,23,"scooter ",1,"No ","Metropolitian ","Sandstorms","Low ",0
"29/03/2022","18:10:00","18:15:00",33,"Meal ",39,4.4,3,"motorcycle ",0,"No ","Metropolitian ","Sunny","Medium ",1
"12/03/2022","20:20:00","20:35:00",32,"Buffet ",30,3.7,13,"scooter ",2,"No ","Metropolitian ","Sandstorms","Jam ",1
"8/03/2022","21:20:00","21:30:00",45,"Snack ",35,4.1,1,"motorcycle ",0,"No ","Metropolitian ","Windy","Jam ",0
"16/02/2022","23:40:00","23:50:00",32,"Snack ",31,3.2,10,"motorcycle ",0,"No ","Metropolitian ","Sunny","Low ",1
"28/03/2022","16:25:00","16:40:00",32,"Buffet ",34,4.2,2,"scooter ",2,"No ","Urban ","Windy","Medium ",0
"13/03/2022","8:35:00","8:45:00",25,"Drinks ",30,4.6,19,"motorcycle ",2,"No ","Urban ","Windy","Low ",1
"29/03/2022","21:00:00","21:05:00",17,"Snack ",22,4.7,1,"motorcycle ",1,"No ","Urban ","Stormy","Jam ",1
"13/03/2022","21:15:00","21:20:00",33,"Drinks ",36,4.1,1,"scooter ",1,"No ","Metropolitian ","Windy","Jam ",0
"14/03/2022","19:25:00","19:40:00",43,"Meal ",35,3.8,8,"scooter ",2,"No ","Metropolitian ","Sandstorms","Jam ",1
"14/02/2022","22:35:00","22:40:00",21,"Snack ",39,4.9,23,"motorcycle ",0,"No ","Urban ","Stormy","Low ",1
"12/03/2022","22:50:00","23:00:00",28,"Meal ",39,4.8,23,"motorcycle ",0,"No ","Metropolitian ","Windy","Low ",0
"27/03/2022","19:00:00","19:05:00",28,"Meal ",27,4.7,21,"motorcycle ",0,"No ","Metropolitian ","Stormy","Medium ",1
"13/02/2022","17:40:00","17:55:00",34,"Buffet ",36,4.1,6,"motorcycle ",1,"No ","Urban ","Windy","Medium ",1
"15/02/2022","9:40:00","9:55:00",15,"Buffet ",35,4.6,21,"scooter ",2,"No ","Urban ","Cloudy","Low ",0
"18/03/2022","21:10:00","21:25:00",42,"Buffet ",25,4.7,16,"electric_scooter ",2,"No ","Metropolitian ","Cloudy","Jam ",1
"11/03/2022","22:10:00","22:20:00",16,"Snack ",20,4.9,22,"motorcycle ",2,"No ","Urban ","Sandstorms","Low ",0
"13/03/2022","9:10:00","9:25:00",27,"Snack ",34,4.9,12,"motorcycle ",2,"No ","Metropolitian ","Stormy","Low ",1
"12/02/2022","21:35:00","21:45:00",34,"Meal ",22,4.9,6,"motorcycle ",0,"No ","Metropolitian ","Windy","Jam ",1
"5/04/2022","14:20:00","14:25:00",26,"Drinks ",33,4.6,21,"motorcycle ",2,"No ","Metropolitian ","Windy","High ",1
"8/03/2022","20:40:00","20:55:00",34,"Buffet ",38,3.8,6,"motorcycle ",1,"No ","Metropolitian ","Sunny","Jam ",1
"2/03/2022","20:50:00","21:00:00",41,"Meal ",31,4.2,6,"scooter ",2,"No ","Metropolitian ","Stormy","Jam ",2
"31/03/2022","22:10:00","22:15:00",22,"Meal ",21,4.8,21,"motorcycle ",0,"No ","Metropolitian ","Cloudy","Low ",1
"21/03/2022","11:50:00","12:05:00",20,"Buffet ",39,4.9,17,"scooter ",2,"No ","Urban ","Sunny","High ",1
"31/03/2022","22:00:00","22:05:00",41,"Buffet ",36,4.6,7,"motorcycle ",2,"No ","Metropolitian ","Cloudy","Jam ",0
"14/03/2022","20:00:00","20:05:00",36,"Snack ",31,4.2,3,"motorcycle ",1,"No ","Metropolitian ","Cloudy","Jam ",2
"16/02/2022","19:40:00","19:55:00",27,"Buffet ",33,4.8,8,"motorcycle ",2,"No ","Metropolitian ","Stormy","Jam ",1
"6/04/2022","20:15:00","20:25:00",39,"Snack ",35,4,5,"electric_scooter ",2,"No ","Metropolitian ","Cloudy","Jam ",0
"19/03/2022","8:40:00","8:55:00",14,"Drinks ",22,4.8,19,"scooter ",2,"No ","Urban ","Fog","Low ",0
"15/03/2022","10:15:00","10:30:00",15,"Meal ",39,4.6,18,"scooter ",1,"No ","Metropolitian ","Cloudy","Low ",0
"14/02/2022","21:55:00","22:00:00",36,"Drinks ",21,4.2,8,"motorcycle ",0,"No ","Metropolitian ","Sandstorms","Jam ",1
"11/03/2022","20:10:00","20:15:00",30,"Meal ",24,4.8,18,"scooter ",2,"No ","Metropolitian ","Fog","Jam ",1
"7/03/2022","11:20:00","11:30:00",25,"Snack ",30,4.8,22,"scooter ",1,"No ","Urban ","Stormy","High ",0
"12/02/2022","22:45:00","22:55:00",19,"Buffet ",24,4.9,17,"motorcycle ",0,"No ","Urban ","Windy","Low ",1
"6/03/2022","22:25:00","22:35:00",18,"Snack ",38,4.7,21,"scooter ",2,"No ","Metropolitian ","Windy","Low ",0
"29/03/2022","20:35:00","20:40:00",36,"Drinks ",30,4.6,5,"motorcycle ",0,"No ","Metropolitian ","Sandstorms","Jam ",1
"28/03/2022","9:55:00","10:00:00",19,"Drinks ",27,4.9,12,"scooter ",2,"No ","Metropolitian ","Cloudy","Low ",0
"6/04/2022","18:40:00","18:55:00",26,"Meal ",22,4.5,3,"scooter ",2,"No ","Metropolitian ","Cloudy","Medium ",1
"11/03/2022","9:45:00","10:00:00",15,"Drinks ",27,4.6,19,"motorcycle ",1,"No ","Metropolitian ","Fog","Low ",0
"10/03/2022","20:25:00","20:35:00",33,"Buffet ",36,3.9,7,"motorcycle ",1,"No ","Metropolitian ","Stormy","Jam ",0
"3/03/2022","20:20:00","20:25:00",29,"Meal ",28,4.5,19,"motorcycle ",0,"No ","Metropolitian ","Fog","Jam ",1
"26/03/2022","9:55:00","10:10:00",21,"Snack ",36,4.6,16,"scooter ",1,"No ","Urban ","Stormy","Low ",1
"14/03/2022","18:50:00","19:00:00",25,"Buffet ",24,4.7,9,"motorcycle ",0,"No ","Metropolitian ","Windy","Medium ",1
"14/02/2022","18:55:00","19:00:00",41,"Drinks ",39,4.9,7,"electric_scooter ",2,"No ","Metropolitian ","Stormy","Medium ",2
"30/03/2022","18:25:00","18:35:00",16,"Drinks ",39,4.5,23,"motorcycle ",2,"No ","Metropolitian ","Cloudy","Medium ",1
"11/02/2022","23:10:00","23:20:00",26,"Meal ",31,5,4,"motorcycle ",2,"No ","Metropolitian ","Stormy","Low ",1
"2/04/2022","19:00:00","19:05:00",24,"Snack ",22,4.8,21,"motorcycle ",1,"No ","Metropolitian ","Windy","Medium ",1
"20/03/2022","19:45:00","19:55:00",47,"Meal ",33,5,3,"electric_scooter ",2,"No ","Metropolitian ","Fog","Jam ",1
"6/03/2022","18:55:00","19:10:00",34,"Buffet ",29,4.6,17,"motorcycle ",2,"No ","Metropolitian ","Sunny","Medium ",1
"12/03/2022","21:10:00","21:15:00",30,"Drinks ",22,4.8,22,"scooter ",1,"No ","Metropolitian ","Fog","Jam ",0
"18/02/2022","21:15:00","21:20:00",32,"Meal ",32,4.2,5,"motorcycle ",2,"No ","Urban ","Sunny","Jam ",1
"9/03/2022","12:20:00","12:25:00",17,"Snack ",22,4.6,15,"electric_scooter ",2,"No ","Urban ","Stormy","High ",1
"31/03/2022","17:30:00","17:35:00",47,"Meal ",32,4.8,7,"motorcycle ",0,"No ","Metropolitian ","Stormy","Medium ",1
"14/02/2022","22:35:00","22:50:00",15,"Meal ",39,4.6,8,"motorcycle ",1,"No ","Metropolitian ","Windy","Low ",1
"15/03/2022","18:15:00","18:20:00",14,"Drinks ",21,4.5,23,"scooter ",2,"No ","Metropolitian ","Fog","Medium ",1
"29/03/2022","18:40:00","18:55:00",47,"Snack ",30,4.7,11,"motorcycle ",0,"Yes ","Metropolitian ","Cloudy","Medium ",1
"13/02/2022","23:40:00","23:45:00",20,"Snack ",33,5,9,"scooter ",2,"No ","Metropolitian ","Windy","Low ",0
"28/03/2022","11:35:00","11:40:00",39,"Drinks ",25,4.4,11,"motorcycle ",0,"No ","Metropolitian ","Stormy","High ",1
"7/03/2022","23:50:00","0:05:00",24,"Meal ",31,4.9,15,"scooter ",1,"No ","Metropolitian ","Windy","Low ",0
"14/02/2022","21:10:00","21:20:00",40,"Buffet ",39,4.4,4,"electric_scooter ",2,"No ","Metropolitian ","Sandstorms","Jam ",1
"12/02/2022","19:30:00","19:45:00",37,"Meal ",27,4.8,8,"motorcycle ",0,"No ","Metropolitian ","Stormy","Jam ",1
"1/03/2022","23:30:00","23:35:00",12,"Buffet ",28,4.7,23,"electric_scooter ",2,"No ","Metropolitian ","Stormy","Low ",1
"26/03/2022","17:30:00","17:45:00",19,"Snack ",37,4.9,22,"motorcycle ",2,"No ","Urban ","Cloudy","Medium ",0
"23/03/2022","23:30:00","23:45:00",22,"Drinks ",21,4.9,21,"motorcycle ",0,"No ","Urban ","Sunny","Low ",1
"17/02/2022","21:15:00","21:20:00",32,"Buffet ",33,4.6,7,"motorcycle ",1,"No ","Metropolitian ","Fog","Jam ",1
"14/03/2022","22:50:00","23:00:00",25,"Buffet ",31,4.6,12,"motorcycle ",2,"No ","Metropolitian ","Sandstorms","Low ",1
"15/03/2022","20:30:00","20:40:00",35,"Buffet ",21,4.8,17,"motorcycle ",0,"No ","Urban ","Windy","Jam ",2
"17/02/2022","22:30:00","22:35:00",18,"Drinks ",38,4.8,23,"motorcycle ",1,"No ","Urban ","Fog","Low ",0
"14/03/2022","21:20:00","21:35:00",37,"Buffet ",24,4.1,3,"motorcycle ",2,"No ","Metropolitian ","Fog","Jam ",2
"23/03/2022","22:30:00","22:35:00",12,"Meal ",20,4.7,12,"motorcycle ",1,"No ","Metropolitian ","Stormy","Low ",0
"12/02/2022","23:15:00","23:25:00",21,"Meal ",25,4.9,3,"motorcycle ",0,"No ","Metropolitian ","Stormy","Low ",1
"29/03/2022","18:45:00","18:50:00",31,"Drinks ",36,4.8,15,"motorcycle ",2,"No ","Urban ","Fog","Medium ",1
"28/03/2022","23:00:00","23:15:00",22,"Buffet ",34,4.8,19,"motorcycle ",1,"No ","Urban ","Stormy","Low ",1
"18/03/2022","18:55:00","19:10:00",24,"Buffet ",25,4.8,8,"scooter ",2,"No ","Metropolitian ","Stormy","Medium ",1
"13/02/2022","22:30:00","22:35:00",12,"Meal ",23,4.5,9,"scooter ",2,"No ","Metropolitian ","Stormy","Low ",0
"9/03/2022","18:45:00","18:50:00",26,"Meal ",34,4.5,23,"motorcycle ",0,"No ","Metropolitian ","Cloudy","Medium ",1
"30/03/2022","10:00:00","10:10:00",34,"Meal ",37,4.2,7,"motorcycle ",0,"No ","Metropolitian ","Stormy","Low ",1
"2/04/2022","18:20:00","18:35:00",17,"Buffet ",24,4.5,9,"motorcycle ",0,"No ","Metropolitian ","Sunny","Medium ",0
"12/02/2022","17:25:00","17:35:00",36,"Drinks ",33,4.2,8,"motorcycle ",0,"No ","Metropolitian ","Sunny","Medium ",2
"4/04/2022","17:45:00","17:50:00",44,"Buffet ",32,4.8,9,"motorcycle ",0,"No ","Metropolitian ","Cloudy","Medium ",2
"5/03/2022","18:40:00","18:55:00",11,"Buffet ",28,4.8,12,"scooter ",1,"No ","Metropolitian ","Sunny","Medium ",1
"17/03/2022","8:30:00","8:40:00",22,"Meal ",33,4.6,7,"motorcycle ",1,"No ","Metropolitian ","Windy","Low ",0
"16/02/2022","19:15:00","19:20:00",41,"Snack ",39,3.9,20,"motorcycle ",1,"No ","Metropolitian ","Windy","Jam ",0
"7/03/2022","21:35:00","21:50:00",24,"Meal ",22,5,17,"motorcycle ",0,"No ","Urban ","Sandstorms","Jam ",1
"27/03/2022","17:15:00","17:25:00",39,"Meal ",36,4.4,4,"motorcycle ",0,"No ","Metropolitian ","Stormy","Medium ",2
"3/03/2022","21:55:00","22:10:00",22,"Meal ",37,4.8,9,"motorcycle ",1,"No ","Metropolitian ","Sunny","Jam ",1
"20/03/2022","21:55:00","22:10:00",19,"Buffet ",20,4.7,22,"electric_scooter ",2,"No ","Urban ","Windy","Jam ",1
"6/03/2022","19:00:00","19:10:00",24,"Drinks ",20,4.7,16,"motorcycle ",1,"No ","Urban ","Stormy","Medium ",1
"2/04/2022","17:25:00","17:40:00",46,"Buffet ",36,4.1,1,"motorcycle ",0,"No ","Metropolitian ","Sandstorms","Medium ",0
"5/04/2022","10:50:00","10:55:00",12,"Meal ",21,4.7,16,"motorcycle ",0,"No ","Metropolitian ","Sunny","Low ",1
"14/03/2022","18:50:00","19:05:00",26,"Meal ",20,5,17,"scooter ",1,"No ","Urban ","Windy","Medium ",1
"17/03/2022","9:45:00","9:55:00",13,"Buffet ",26,4.9,18,"motorcycle ",1,"No ","Urban ","Cloudy","Low ",0
"13/02/2022","9:15:00","9:20:00",29,"Meal ",39,4.5,5,"motorcycle ",0,"No ","Metropolitian ","Stormy","Low ",1
"4/03/2022","21:20:00","21:35:00",26,"Drinks ",22,4.9,18,"motorcycle ",0,"No ","Metropolitian ","Sandstorms","Jam ",1
"3/04/2022","16:30:00","16:35:00",17,"Snack ",34,5,23,"electric_scooter ",2,"No ","Metropolitian ","Fog","Medium ",1
"16/03/2022","23:15:00","23:20:00",44,"Snack ",34,4,7,"motorcycle ",0,"No ","Metropolitian ","Cloudy","Low ",1
"21/03/2022","21:45:00","21:50:00",49,"Buffet ",31,4.4,2,"motorcycle ",0,"No ","Metropolitian ","Sandstorms","Jam ",3
"13/03/2022","10:35:00","10:40:00",16,"Meal ",26,4.6,22,"motorcycle ",0,"No ","Urban ","Sunny","Low ",0
"15/03/2022","22:25:00","22:40:00",14,"Buffet ",23,4.6,14,"motorcycle ",1,"No ","Metropolitian ","Stormy","Low ",0
"1/04/2022","8:20:00","8:35:00",29,"Snack ",33,4.6,13,"motorcycle ",1,"No ","Metropolitian ","Stormy","Low ",1
"13/02/2022","14:25:00","14:35:00",34,"Buffet ",38,5,5,"motorcycle ",0,"No ","Metropolitian ","Stormy","High ",0
"24/03/2022","8:15:00","8:30:00",29,"Drinks ",31,4.8,1,"motorcycle ",0,"No ","Metropolitian ","Sunny","Low ",1
"7/03/2022","21:10:00","21:15:00",38,"Buffet ",39,4.6,15,"motorcycle ",0,"No ","Metropolitian ","Stormy","Jam ",0
"23/03/2022","18:45:00","18:55:00",24,"Drinks ",20,4.7,21,"motorcycle ",2,"No ","Metropolitian ","Windy","Medium ",0
"1/04/2022","17:50:00","18:00:00",25,"Drinks ",38,4.5,1,"motorcycle ",0,"No ","Urban ","Fog","Medium ",1
"6/03/2022","20:35:00","20:50:00",21,"Drinks ",26,4.8,9,"motorcycle ",0,"No ","Metropolitian ","Sunny","Jam ",1
"5/03/2022","14:50:00","15:05:00",23,"Buffet ",36,4.6,17,"scooter ",2,"No ","Metropolitian ","Sunny","High ",1
"12/02/2022","21:00:00","21:10:00",32,"Snack ",27,4.2,8,"motorcycle ",1,"No ","Metropolitian ","Stormy","Jam ",1
"5/04/2022","9:55:00","10:05:00",24,"Buffet ",33,4.9,15,"motorcycle ",0,"No ","Urban ","Fog","Low ",1
"11/02/2022","23:50:00","23:55:00",17,"Buffet ",35,4.7,9,"scooter ",1,"No ","Metropolitian ","Fog","Low ",1
"4/03/2022","19:00:00","19:10:00",37,"Snack ",28,4.6,9,"scooter ",2,"No ","Metropolitian ","Fog","Medium ",2
"12/02/2022","19:45:00","19:55:00",26,"Drinks ",22,4.8,9,"electric_scooter ",2,"No ","Metropolitian ","Windy","Jam ",1
"23/03/2022","17:20:00","17:35:00",44,"Buffet ",37,4.8,2,"motorcycle ",0,"No ","Metropolitian ","Stormy","Medium ",3
"16/02/2022","18:45:00","18:50:00",13,"Meal ",26,4.8,4,"scooter ",2,"No ","Metropolitian ","Sunny","Medium ",1
"13/02/2022","17:10:00","17:15:00",10,"Meal ",25,5,3,"scooter ",2,"No ","Metropolitian ","Sunny","Medium ",1
"8/03/2022","19:20:00","19:30:00",40,"Drinks ",33,4.3,3,"scooter ",2,"No ","Urban ","Stormy","Jam ",1
"3/04/2022","18:45:00","18:50:00",25,"Drinks ",24,4.9,21,"motorcycle ",0,"No ","Urban ","Cloudy","Medium ",0
"26/03/2022","18:20:00","18:35:00",25,"Meal ",37,4.7,18,"scooter ",2,"No ","Metropolitian ","Windy","Medium ",0
"30/03/2022","9:25:00","9:40:00",27,"Meal ",35,4.7,9,"motorcycle ",1,"No ","Metropolitian ","Windy","Low ",1
"24/03/2022","12:10:00","12:20:00",34,"Meal ",24,4.6,6,"scooter ",2,"No ","Metropolitian ","Fog","High ",1
"7/03/2022","13:20:00","13:25:00",26,"Snack ",33,4.8,19,"motorcycle ",1,"No ","Urban ","Stormy","High ",1
"7/03/2022","19:45:00","19:55:00",21,"Meal ",20,4.9,14,"electric_scooter ",2,"No ","Metropolitian ","Stormy","Jam ",1
"2/04/2022","17:55:00","18:05:00",19,"Buffet ",24,4.5,18,"scooter ",2,"No ","Metropolitian ","Sunny","Medium ",1
"21/03/2022","17:45:00","17:55:00",33,"Buffet ",38,4.4,5,"scooter ",1,"No ","Urban ","Stormy","Medium ",1
"19/03/2022","20:00:00","20:10:00",36,"Drinks ",39,4.8,21,"motorcycle ",1,"No ","Metropolitian ","Cloudy","Jam ",1
"18/02/2022","21:10:00","21:15:00",27,"Meal ",21,4.5,4,"motorcycle ",0,"No ","Metropolitian ","Sandstorms","Jam ",1
"16/03/2022","22:55:00","23:00:00",25,"Snack ",28,4.9,23,"motorcycle ",2,"No ","Metropolitian ","Sunny","Low ",0
"17/02/2022","10:55:00","11:00:00",23,"Meal ",29,4.7,2,"motorcycle ",0,"No ","Metropolitian ","Stormy","Low ",1
"4/04/2022","23:55:00","0:10:00",24,"Meal ",33,4.8,9,"motorcycle ",0,"No ","Metropolitian ","Sandstorms","Low ",1
"8/03/2022","18:15:00","18:25:00",35,"Buffet ",20,4.7,23,"scooter ",1,"No ","Metropolitian ","Sunny","Medium ",1
"31/03/2022","17:45:00","17:55:00",24,"Snack ",37,5,21,"scooter ",2,"No ","Metropolitian ","Sunny","Medium ",0
"15/03/2022","11:00:00","11:15:00",16,"Drinks ",25,4.6,23,"scooter ",1,"No ","Metropolitian ","Sandstorms","Low ",1
"11/03/2022","9:40:00","9:50:00",23,"Buffet ",32,4.1,5,"motorcycle ",0,"No ","Metropolitian ","Stormy","Low ",1
"3/04/2022","19:40:00","19:55:00",30,"Snack ",33,5,17,"electric_scooter ",2,"No ","Urban ","Windy","Jam ",1
"5/03/2022","12:10:00","12:20:00",25,"Drinks ",38,5,23,"motorcycle ",0,"No ","Metropolitian ","Sunny","High ",1
"5/03/2022","10:15:00","10:30:00",17,"Snack ",29,4.7,22,"motorcycle ",2,"No ","Urban ","Stormy","Low ",0
"24/03/2022","9:35:00","9:40:00",16,"Snack ",29,4.8,14,"motorcycle ",2,"No ","Metropolitian ","Sunny","Low ",1
"4/03/2022","17:25:00","17:40:00",38,"Drinks ",35,4.2,9,"motorcycle ",0,"No ","Metropolitian ","Stormy","Medium ",2
"26/03/2022","19:30:00","19:35:00",13,"Drinks ",29,5,17,"motorcycle ",1,"No ","Metropolitian ","Sandstorms","Jam ",0
"20/03/2022","19:25:00","19:35:00",42,"Drinks ",31,3.8,3,"scooter ",2,"Yes ","Metropolitian ","Sandstorms","Jam ",1
"14/03/2022","23:20:00","23:25:00",22,"Meal ",27,4.9,12,"motorcycle ",0,"No ","Metropolitian ","Stormy","Low ",1
"6/03/2022","20:25:00","20:40:00",34,"Drinks ",39,4.5,15,"motorcycle ",1,"No ","Metropolitian ","Sunny","Jam ",0
"6/03/2022","17:10:00","17:25:00",40,"Drinks ",34,4.3,1,"motorcycle ",2,"No ","Urban ","Stormy","Medium ",2
"13/02/2022","11:25:00","11:40:00",26,"Snack ",28,4.8,5,"scooter ",2,"No ","Metropolitian ","Fog","High ",1
"15/02/2022","19:35:00","19:50:00",29,"Drinks ",30,4.7,5,"scooter ",2,"No ","Metropolitian ","Sandstorms","Jam ",0
"15/02/2022","22:55:00","23:10:00",11,"Snack ",27,4.7,16,"scooter ",1,"No ","Urban ","Cloudy","Low ",0
"11/02/2022","10:30:00","10:35:00",14,"Meal ",20,4.9,22,"motorcycle ",1,"No ","Urban ","Sandstorms","Low ",1
"26/03/2022","22:00:00","22:10:00",31,"Meal ",32,4.6,9,"electric_scooter ",2,"No ","Metropolitian ","Windy","Jam ",1
"26/03/2022","16:40:00","16:45:00",14,"Snack ",20,5,9,"motorcycle ",1,"No ","Metropolitian ","Fog","Medium ",1
"15/03/2022","10:10:00","10:25:00",12,"Buffet ",28,5,23,"scooter ",2,"No ","Metropolitian ","Fog","Low ",0
"16/03/2022","20:45:00","20:50:00",31,"Buffet ",21,4.1,7,"motorcycle ",1,"No ","Metropolitian ","Fog","Jam ",0
"30/03/2022","9:30:00","9:35:00",26,"Meal ",34,4.6,3,"motorcycle ",0,"No ","Urban ","Cloudy","Low ",1
"2/03/2022","21:55:00","22:00:00",47,"Meal ",35,4.8,23,"motorcycle ",0,"Yes ","Metropolitian ","Stormy","Jam ",1
"29/03/2022","19:55:00","20:10:00",40,"Meal ",36,4.9,7,"motorcycle ",0,"No ","Metropolitian ","Cloudy","Jam ",1
"18/02/2022","21:40:00","21:55:00",37,"Drinks ",34,4.7,4,"motorcycle ",1,"No ","Metropolitian ","Sandstorms","Jam ",2
"16/03/2022","23:35:00","23:50:00",23,"Snack ",23,4.9,17,"motorcycle ",0,"No ","Urban ","Cloudy","Low ",0
"12/02/2022","20:00:00","20:10:00",34,"Buffet ",23,4,12,"scooter ",2,"No ","Metropolitian ","Stormy","Jam ",0
"21/03/2022","8:55:00","9:05:00",15,"Buffet ",36,4.6,17,"scooter ",2,"No ","Metropolitian ","Cloudy","Low ",1
"20/03/2022","21:55:00","22:05:00",37,"Snack ",26,4.8,6,"motorcycle ",0,"No ","Metropolitian ","Stormy","Jam ",1
"5/04/2022","11:25:00","11:35:00",30,"Drinks ",31,5,19,"scooter ",2,"No ","Metropolitian ","Sandstorms","High ",1
"17/02/2022","16:55:00","17:10:00",24,"Meal ",21,5,19,"scooter ",1,"No ","Urban ","Sandstorms","Medium ",1
"3/04/2022","20:10:00","20:20:00",53,"Snack ",27,3.7,2,"motorcycle ",0,"No ","Urban ","Sunny","Jam ",3
"30/03/2022","21:50:00","21:55:00",26,"Meal ",26,4.9,19,"motorcycle ",0,"No ","Metropolitian ","Cloudy","Jam ",1
"14/02/2022","19:55:00","20:05:00",20,"Meal ",20,4.9,22,"scooter ",1,"No ","Urban ","Sandstorms","Jam ",1
"19/03/2022","17:15:00","17:30:00",30,"Drinks ",37,4.7,9,"motorcycle ",1,"No ","Metropolitian ","Windy","Medium ",1
"11/03/2022","22:55:00","23:10:00",27,"Meal ",32,4.7,17,"motorcycle ",1,"No ","Metropolitian ","Windy","Low ",1
"5/04/2022","9:45:00","9:55:00",23,"Drinks ",33,4.2,6,"motorcycle ",0,"No ","Metropolitian ","Sandstorms","Low ",1
"29/03/2022","22:35:00","22:50:00",28,"Buffet ",32,4.5,9,"motorcycle ",0,"No ","Metropolitian ","Windy","Low ",0
"1/03/2022","15:50:00","15:55:00",17,"Buffet ",30,4.7,5,"scooter ",1,"No ","Metropolitian ","Fog","Medium ",1
"12/02/2022","19:40:00","19:45:00",33,"Meal ",34,4.5,6,"scooter ",2,"No ","Metropolitian ","Sunny","Jam ",1
"23/03/2022","19:55:00","20:00:00",14,"Snack ",20,4.5,15,"scooter ",1,"No ","Metropolitian ","Sunny","Jam ",1
"3/04/2022","20:50:00","21:00:00",36,"Meal ",26,4.9,12,"motorcycle ",0,"No ","Metropolitian ","Windy","Jam ",1
"21/03/2022","20:55:00","21:10:00",27,"Snack ",30,4.9,22,"scooter ",2,"No ","Metropolitian ","Stormy","Jam ",1
"2/04/2022","17:45:00","18:00:00",38,"Drinks ",34,3.7,5,"motorcycle ",1,"No ","Metropolitian ","Sandstorms","Medium ",1
"15/02/2022","22:55:00","23:05:00",15,"Snack ",25,4.7,22,"scooter ",1,"No ","Urban ","Sandstorms","Low ",0
"23/03/2022","18:35:00","18:50:00",45,"Meal ",30,4,4,"motorcycle ",0,"No ","Metropolitian ","Sandstorms","Medium ",0
"30/03/2022","19:30:00","19:45:00",41,"Drinks ",31,4.3,2,"motorcycle ",0,"No ","Metropolitian ","Stormy","Jam ",1
"15/03/2022","22:50:00","22:55:00",28,"Buffet ",36,4.7,19,"motorcycle ",2,"No ","Urban ","Sandstorms","Low ",1
"6/03/2022","17:25:00","17:35:00",23,"Snack ",33,4.5,17,"scooter ",2,"No ","Metropolitian ","Stormy","Medium ",1
"9/03/2022","12:00:00","12:15:00",35,"Buffet ",24,4.4,21,"motorcycle ",0,"No ","Metropolitian ","Stormy","High ",1
"11/02/2022","18:55:00","19:10:00",19,"Snack ",21,4.9,7,"scooter ",1,"No ","Metropolitian ","Sunny","Medium ",1
"19/03/2022","15:20:00","15:35:00",24,"Snack ",26,4.8,15,"motorcycle ",0,"No ","Urban ","Windy","Medium ",1
"31/03/2022","20:25:00","20:30:00",25,"Buffet ",33,4.9,14,"electric_scooter ",2,"No ","Metropolitian ","Sandstorms","Jam ",0
"20/03/2022","22:30:00","22:35:00",32,"Snack ",26,2.7,3,"scooter ",2,"No ","Metropolitian ","Sunny","Low ",0
"5/04/2022","10:35:00","10:50:00",11,"Meal ",22,4.7,16,"motorcycle ",0,"No ","Urban ","Sunny","Low ",0
"6/03/2022","0:00:00","0:15:00",24,"Meal ",39,4.6,19,"motorcycle ",2,"No ","Metropolitian ","Sandstorms","Low ",1
"16/03/2022","22:15:00","22:25:00",31,"Snack ",30,4.1,3,"electric_scooter ",2,"No ","Urban ","Fog","Low ",1
"5/03/2022","21:10:00","21:20:00",18,"Meal ",22,4.9,21,"scooter ",1,"No ","Metropolitian ","Windy","Jam ",0
"17/02/2022","9:10:00","9:15:00",22,"Drinks ",25,5,19,"electric_scooter ",2,"No ","Urban ","Sunny","Low ",1
"11/03/2022","17:35:00","17:45:00",29,"Buffet ",33,4.8,13,"electric_scooter ",2,"No ","Metropolitian ","Stormy","Medium ",1
"6/04/2022","18:15:00","18:25:00",10,"Drinks ",21,4.9,23,"scooter ",2,"No ","Urban ","Sunny","Medium ",0
"26/03/2022","18:40:00","18:55:00",19,"Drinks ",34,4.8,21,"scooter ",1,"No ","Metropolitian ","Fog","Medium ",1
"7/03/2022","18:20:00","18:30:00",24,"Meal ",21,4.6,18,"motorcycle ",2,"No ","Metropolitian ","Windy","Medium ",0
"18/03/2022","17:40:00","17:45:00",38,"Meal ",32,4.3,19,"motorcycle ",2,"No ","Metropolitian ","Fog","Medium ",1
"6/03/2022","18:50:00","18:55:00",42,"Meal ",21,4.8,14,"motorcycle ",0,"No ","Metropolitian ","Fog","Medium ",0
"14/02/2022","23:35:00","23:45:00",21,"Snack ",35,4.9,21,"motorcycle ",0,"No ","Urban ","Sandstorms","Low ",1
"17/02/2022","10:25:00","10:40:00",21,"Drinks ",32,4.1,19,"motorcycle ",0,"No ","Metropolitian ","Sandstorms","Low ",0
"25/03/2022","18:20:00","18:35:00",18,"Snack ",37,4.9,17,"scooter ",1,"No ","Urban ","Sunny","Medium ",1
"23/03/2022","18:30:00","18:40:00",48,"Snack ",38,4.8,9,"motorcycle ",0,"No ","Metropolitian ","Cloudy","Medium ",1
"16/03/2022","21:50:00","21:55:00",27,"Buffet ",25,4.6,15,"scooter ",1,"No ","Metropolitian ","Sandstorms","Jam ",1
"27/03/2022","21:25:00","21:40:00",29,"Drinks ",28,4.7,11,"scooter ",2,"No ","Metropolitian ","Stormy","Jam ",1
"15/02/2022","8:40:00","8:55:00",16,"Buffet ",27,4.7,8,"electric_scooter ",2,"No ","Metropolitian ","Sandstorms","Low ",1
"17/02/2022","21:40:00","21:45:00",30,"Snack ",36,5,5,"scooter ",2,"No ","Metropolitian ","Fog","Jam ",1
"23/03/2022","0:00:00","0:15:00",28,"Buffet ",23,5,17,"scooter ",2,"No ","Urban ","Cloudy","Low ",1
"16/03/2022","20:00:00","20:10:00",36,"Snack ",38,4.8,13,"scooter ",1,"No ","Metropolitian ","Fog","Jam ",1
"21/03/2022","19:25:00","19:40:00",10,"Buffet ",24,4.6,19,"scooter ",2,"No ","Urban ","Sunny","Jam ",1
"3/03/2022","17:45:00","18:00:00",17,"Drinks ",24,4.7,15,"motorcycle ",0,"No ","Urban ","Stormy","Medium ",0
"18/02/2022","20:25:00","20:35:00",41,"Snack ",20,4.3,2,"scooter ",2,"No ","Metropolitian ","Fog","Jam ",0
"11/02/2022","11:45:00","12:00:00",27,"Snack ",32,4.6,5,"scooter ",1,"No ","Metropolitian ","Sandstorms","High ",1
"8/03/2022","18:55:00","19:10:00",38,"Snack ",20,4.2,4,"motorcycle ",2,"No ","Metropolitian ","Fog","Medium ",1
"18/03/2022","23:45:00","23:50:00",21,"Buffet ",24,4.7,8,"scooter ",1,"No ","Metropolitian ","Cloudy","Low ",0
"3/04/2022","17:20:00","17:30:00",25,"Buffet ",25,4.9,17,"scooter ",1,"No ","Urban ","Sandstorms","Medium ",1
"11/03/2022","19:40:00","19:45:00",25,"Buffet ",37,4.9,22,"scooter ",1,"No ","Urban ","Fog","Jam ",1
"3/04/2022","14:55:00","15:05:00",32,"Snack ",34,4.6,5,"motorcycle ",1,"No ","Metropolitian ","Fog","High ",0
"5/04/2022","14:40:00","14:45:00",20,"Snack ",28,4.6,22,"scooter ",2,"No ","Metropolitian ","Sandstorms","High ",1
"10/03/2022","19:30:00","19:45:00",43,"Drinks ",39,4.2,9,"motorcycle ",1,"No ","Metropolitian ","Cloudy","Jam ",2
"6/03/2022","22:55:00","23:00:00",10,"Drinks ",29,4.9,16,"electric_scooter ",2,"No ","Urban ","Stormy","Low ",0
"2/04/2022","19:10:00","19:15:00",39,"Drinks ",26,4.4,7,"scooter ",2,"No ","Metropolitian ","Cloudy","Jam ",1
"24/03/2022","20:00:00","20:15:00",37,"Snack ",31,4.6,11,"motorcycle ",0,"No ","Metropolitian ","Sandstorms","Jam ",0
"18/03/2022","23:55:00","0:05:00",27,"Buffet ",36,4.8,8,"scooter ",2,"No ","Metropolitian ","Fog","Low ",1
"11/03/2022","9:45:00","9:55:00",17,"Buffet ",22,4.2,7,"motorcycle ",0,"No ","Metropolitian ","Windy","Low ",1
"12/02/2022","22:35:00","22:50:00",23,"Meal ",23,4.8,16,"motorcycle ",0,"No ","Urban ","Cloudy","Low ",1
"29/03/2022","17:10:00","17:15:00",39,"Buffet ",29,4,6,"electric_scooter ",2,"No ","Metropolitian ","Cloudy","Medium ",2
"16/02/2022","18:50:00","19:00:00",36,"Snack ",27,5,5,"scooter ",2,"No ","Metropolitian ","Stormy","Medium ",1
"30/03/2022","0:00:00","0:05:00",23,"Meal ",25,4.9,21,"scooter ",1,"No ","Metropolitian ","Sunny","Low ",1
"9/03/2022","23:25:00","23:40:00",14,"Drinks ",28,4.7,9,"scooter ",2,"No ","Metropolitian ","Windy","Low ",0
"17/03/2022","10:35:00","10:45:00",24,"Buffet ",32,4.7,14,"motorcycle ",0,"No ","Metropolitian ","Fog","Low ",1
"1/04/2022","11:40:00","11:50:00",34,"Buffet ",35,4.9,7,"motorcycle ",2,"No ","Metropolitian ","Windy","High ",1
"18/03/2022","21:55:00","22:00:00",27,"Meal ",37,4.6,1,"electric_scooter ",2,"No ","Metropolitian ","Sunny","Jam ",0
"10/03/2022","23:00:00","23:10:00",25,"Snack ",38,4.6,23,"motorcycle ",0,"No ","Metropolitian ","Stormy","Low ",0
"26/03/2022","18:30:00","18:45:00",29,"Snack ",33,4.9,9,"scooter ",1,"No ","Metropolitian ","Stormy","Medium ",1
"30/03/2022","13:35:00","13:40:00",24,"Meal ",22,4.9,5,"motorcycle ",0,"No ","Urban ","Fog","High ",1
"12/03/2022","17:55:00","18:05:00",14,"Meal ",24,4.6,23,"motorcycle ",1,"No ","Urban ","Sunny","Medium ",1
"5/03/2022","20:50:00","20:55:00",32,"Buffet ",29,4.9,18,"electric_scooter ",2,"No ","Metropolitian ","Sunny","Jam ",1
"26/03/2022","10:25:00","10:30:00",16,"Drinks ",21,4.9,17,"motorcycle ",1,"No ","Metropolitian ","Cloudy","Low ",0
"31/03/2022","18:40:00","18:55:00",13,"Buffet ",28,4.9,16,"scooter ",2,"No ","Urban ","Sunny","Medium ",0
"9/03/2022","11:25:00","11:30:00",22,"Meal ",21,4.7,19,"scooter ",1,"No ","Urban ","Stormy","High ",1
"3/04/2022","13:15:00","13:30:00",26,"Snack ",37,4.9,19,"motorcycle ",0,"No ","Metropolitian ","Fog","High ",1
"6/04/2022","18:20:00","18:35:00",27,"Drinks ",26,4.9,23,"motorcycle ",0,"No ","Metropolitian ","Sunny","Medium ",1
"12/03/2022","18:55:00","19:05:00",44,"Drinks ",37,4.6,18,"scooter ",1,"No ","Metropolitian ","Fog","Medium ",0
"15/02/2022","18:40:00","18:50:00",20,"Meal ",23,4.8,5,"motorcycle ",1,"No ","Metropolitian ","Sandstorms","Medium ",1
"13/02/2022","22:55:00","23:05:00",27,"Snack ",21,4.4,8,"motorcycle ",0,"No ","Metropolitian ","Sandstorms","Low ",1
"11/02/2022","11:10:00","11:25:00",38,"Drinks ",35,4.8,2,"motorcycle ",2,"No ","Metropolitian ","Fog","High ",1
"31/03/2022","22:15:00","22:20:00",15,"Buffet ",20,4.9,19,"motorcycle ",0,"No ","Metropolitian ","Windy","Low ",1
"12/02/2022","17:10:00","17:20:00",22,"Snack ",21,4.5,5,"scooter ",1,"No ","Urban ","Stormy","Medium ",1
"15/03/2022","18:35:00","18:40:00",25,"Snack ",24,4.8,21,"scooter ",1,"No ","Urban ","Stormy","Medium ",0
"3/03/2022","15:25:00","15:35:00",20,"Drinks ",21,4.6,19,"scooter ",2,"No ","Metropolitian ","Stormy","Medium ",0
"2/04/2022","23:30:00","23:45:00",23,"Buffet ",20,5,18,"motorcycle ",0,"No ","Urban ","Cloudy","Low ",1
"20/03/2022","18:30:00","18:45:00",32,"Buffet ",21,5,4,"motorcycle ",0,"No ","Metropolitian ","Cloudy","Medium ",1
"7/03/2022","8:35:00","8:40:00",28,"Snack ",36,4.5,19,"scooter ",1,"No ","Metropolitian ","Stormy","Low ",1
"3/04/2022","22:30:00","22:40:00",15,"Buffet ",27,4,9,"motorcycle ",0,"No ","Metropolitian ","Stormy","Low ",0
"8/03/2022","20:15:00","20:25:00",31,"Meal ",36,4.5,3,"scooter ",1,"No ","Urban ","Stormy","Jam ",1
"5/03/2022","10:15:00","10:30:00",16,"Meal ",25,4.9,23,"scooter ",2,"No ","Metropolitian ","Sunny","Low ",1
"13/03/2022","21:15:00","21:30:00",26,"Meal ",34,4.8,13,"motorcycle ",1,"No ","Metropolitian ","Cloudy","Jam ",0
"3/03/2022","9:50:00","10:00:00",30,"Meal ",37,4.2,8,"motorcycle ",0,"No ","Metropolitian ","Stormy","Low ",1
"15/03/2022","12:00:00","12:05:00",44,"Buffet ",34,4.9,22,"motorcycle ",0,"Yes ","Metropolitian ","Windy","High ",3
"1/04/2022","23:00:00","23:05:00",16,"Buffet ",39,4.6,23,"scooter ",2,"No ","Metropolitian ","Cloudy","Low ",1
"27/03/2022","19:15:00","19:25:00",22,"Drinks ",27,4.9,23,"scooter ",2,"No ","Metropolitian ","Sandstorms","Jam ",1
"11/03/2022","18:25:00","18:30:00",31,"Drinks ",32,5,23,"motorcycle ",1,"No ","Metropolitian ","Stormy","Medium ",1
"13/03/2022","21:50:00","22:00:00",17,"Meal ",30,4.6,9,"motorcycle ",1,"No ","Metropolitian ","Sunny","Jam ",0
"12/02/2022","17:30:00","17:40:00",36,"Meal ",35,4.9,17,"motorcycle ",0,"No ","Urban ","Fog","Medium ",2
"9/03/2022","21:40:00","21:45:00",27,"Meal ",35,4.8,23,"motorcycle ",1,"No ","Metropolitian ","Windy","Jam ",0
"4/04/2022","22:55:00","23:05:00",36,"Buffet ",34,4,13,"motorcycle ",0,"No ","Metropolitian ","Cloudy","Low ",1
"3/03/2022","20:35:00","20:45:00",30,"Meal ",28,4.7,16,"motorcycle ",0,"No ","Metropolitian ","Stormy","Jam ",1
"21/03/2022","13:55:00","14:05:00",41,"Drinks ",33,4.6,17,"motorcycle ",0,"No ","Urban ","Windy","High ",2
"6/04/2022","17:35:00","17:40:00",16,"Meal ",20,4.5,3,"scooter ",1,"No ","Metropolitian ","Sunny","Medium ",1
"10/03/2022","22:00:00","22:10:00",34,"Meal ",32,4.1,11,"motorcycle ",1,"No ","Metropolitian ","Stormy","Jam ",0
"30/03/2022","10:35:00","10:50:00",18,"Buffet ",24,4.9,16,"scooter ",1,"No ","Metropolitian ","Windy","Low ",1
"23/03/2022","20:20:00","20:25:00",47,"Drinks ",27,4.9,22,"motorcycle ",0,"No ","Urban ","Fog","Jam ",1
"28/03/2022","18:35:00","18:45:00",25,"Meal ",28,4.9,21,"motorcycle ",2,"No ","Metropolitian ","Windy","Medium ",1
"4/04/2022","20:50:00","21:05:00",27,"Meal ",28,4.6,21,"scooter ",2,"No ","Metropolitian ","Sandstorms","Jam ",0
"1/04/2022","11:20:00","11:25:00",42,"Buffet ",30,4.9,13,"motorcycle ",0,"No ","Metropolitian ","Windy","High ",3
"3/03/2022","11:55:00","12:10:00",46,"Snack ",20,3.6,6,"motorcycle ",0,"No ","Metropolitian ","Sunny","High ",1
"4/04/2022","18:10:00","18:20:00",25,"Snack ",31,4.6,19,"motorcycle ",1,"No ","Metropolitian ","Sunny","Medium ",0
"13/02/2022","12:55:00","13:00:00",32,"Snack ",38,4.7,7,"motorcycle ",0,"No ","Metropolitian ","Stormy","High ",1
"2/04/2022","20:15:00","20:20:00",48,"Snack ",38,4.1,1,"motorcycle ",1,"No ","Semi-Urban ","Cloudy","Jam ",0
"1/04/2022","18:30:00","18:40:00",26,"Buffet ",23,4.6,23,"motorcycle ",0,"No ","Metropolitian ","Sandstorms","Medium ",1
"18/02/2022","18:15:00","18:25:00",25,"Drinks ",22,4.7,2,"scooter ",2,"No ","Metropolitian ","Fog","Medium ",1
"3/04/2022","14:00:00","14:05:00",29,"Drinks ",25,4.5,5,"motorcycle ",1,"No ","Metropolitian ","Sandstorms","High ",1
"17/03/2022","15:50:00","16:00:00",15,"Buffet ",37,4.7,19,"scooter ",2,"No ","Urban ","Fog","Medium ",0
"25/03/2022","22:40:00","22:45:00",22,"Meal ",32,4.9,12,"scooter ",1,"No ","Metropolitian ","Windy","Low ",0
"17/03/2022","17:35:00","17:40:00",28,"Meal ",37,4.8,12,"motorcycle ",0,"No ","Metropolitian ","Sunny","Medium ",1
"2/04/2022","22:20:00","22:25:00",24,"Buffet ",34,4.8,22,"scooter ",2,"No ","Metropolitian ","Stormy","Low ",1
"15/03/2022","10:55:00","11:05:00",27,"Buffet ",32,4.8,23,"scooter ",2,"No ","Metropolitian ","Sandstorms","Low ",1
"6/03/2022","21:50:00","21:55:00",51,"Buffet ",36,4.1,3,"motorcycle ",0,"No ","Metropolitian ","Stormy","Jam ",3
"14/02/2022","19:25:00","19:40:00",25,"Drinks ",20,4.6,3,"motorcycle ",2,"No ","Metropolitian ","Stormy","Jam ",1
"14/03/2022","19:30:00","19:45:00",44,"Buffet ",34,4.1,9,"electric_scooter ",2,"No ","Metropolitian ","Windy","Jam ",1
"15/03/2022","13:50:00","14:05:00",45,"Meal ",27,4.3,23,"motorcycle ",0,"No ","Metropolitian ","Sunny","High ",2
"21/03/2022","22:55:00","23:05:00",20,"Drinks ",39,4.3,21,"motorcycle ",0,"No ","Metropolitian ","Stormy","Low ",1
"12/02/2022","18:45:00","19:00:00",39,"Buffet ",28,4.1,18,"motorcycle ",0,"No ","Metropolitian ","Stormy","Medium ",1
"29/03/2022","18:30:00","18:35:00",29,"Meal ",20,4.5,6,"scooter ",1,"No ","Metropolitian ","Cloudy","Medium ",1
"21/03/2022","21:55:00","22:05:00",10,"Buffet ",21,4.6,19,"scooter ",2,"No ","Urban ","Sunny","Jam ",0
"18/03/2022","18:35:00","18:40:00",31,"Snack ",25,4.1,9,"scooter ",2,"No ","Metropolitian ","Cloudy","Medium ",1
"18/03/2022","22:55:00","23:05:00",23,"Meal ",28,4.9,1,"motorcycle ",0,"No ","Metropolitian ","Fog","Low ",0
"12/02/2022","19:10:00","19:20:00",32,"Buffet ",39,4.5,3,"motorcycle ",1,"No ","Metropolitian ","Windy","Jam ",1
"19/03/2022","20:00:00","20:05:00",18,"Snack ",38,4.9,17,"motorcycle ",2,"No ","Urban ","Sunny","Jam ",1
"17/03/2022","10:20:00","10:30:00",14,"Drinks ",21,4.8,3,"electric_scooter ",2,"No ","Metropolitian ","Stormy","Low ",0
"9/03/2022","21:20:00","21:30:00",28,"Drinks ",21,4.8,18,"motorcycle ",1,"No ","Metropolitian ","Stormy","Jam ",1
"25/03/2022","18:40:00","18:50:00",29,"Drinks ",28,4.6,17,"motorcycle ",1,"No ","Urban ","Windy","Medium ",1
"1/03/2022","23:35:00","23:40:00",29,"Drinks ",35,5,21,"motorcycle ",2,"No ","Metropolitian ","Windy","Low ",1
"5/03/2022","20:40:00","20:55:00",27,"Meal ",27,4.7,18,"scooter ",2,"No ","Metropolitian ","Windy","Jam ",0
"26/03/2022","8:40:00","8:50:00",30,"Meal ",30,4.1,13,"motorcycle ",0,"No ","Metropolitian ","Sandstorms","Low ",1
"3/04/2022","20:55:00","21:05:00",29,"Buffet ",32,4.9,12,"scooter ",2,"No ","Metropolitian ","Fog","Jam ",0
"26/03/2022","19:30:00","19:35:00",24,"Buffet ",31,4.6,23,"scooter ",1,"No ","Metropolitian ","Sunny","Jam ",1
"13/02/2022","20:20:00","20:25:00",27,"Drinks ",25,4.9,3,"motorcycle ",1,"No ","Metropolitian ","Sandstorms","Jam ",1
"6/03/2022","19:10:00","19:15:00",26,"Meal ",28,4.9,17,"motorcycle ",1,"No ","Metropolitian ","Stormy","Jam ",1
"28/03/2022","8:15:00","8:20:00",24,"Drinks ",38,4.5,22,"electric_scooter ",2,"No ","Metropolitian ","Windy","Low ",0
"28/03/2022","17:35:00","17:40:00",12,"Snack ",22,4.7,22,"scooter ",1,"No ","Metropolitian ","Cloudy","Medium ",1
"5/03/2022","17:20:00","17:30:00",19,"Drinks ",37,4.9,21,"motorcycle ",1,"No ","Urban ","Stormy","Medium ",0
"14/03/2022","17:20:00","17:30:00",39,"Snack ",37,4.4,1,"scooter ",2,"No ","Urban ","Cloudy","Medium ",1
"17/02/2022","8:40:00","8:55:00",24,"Buffet ",36,4.6,3,"motorcycle ",0,"No ","Metropolitian ","Stormy","Low ",1
"16/03/2022","21:50:00","22:00:00",23,"Buffet ",21,4.8,22,"scooter ",2,"No ","Metropolitian ","Sandstorms","Jam ",1
"4/04/2022","17:15:00","17:30:00",16,"Drinks ",23,4.5,23,"scooter ",2,"No ","Urban ","Windy","Medium ",1
"17/02/2022","19:40:00","19:50:00",33,"Drinks ",30,4,18,"motorcycle ",1,"No ","Metropolitian ","Fog","Jam ",1
"27/03/2022","23:30:00","23:40:00",20,"Snack ",24,4.7,19,"scooter ",2,"No ","Metropolitian ","Cloudy","Low ",1
"4/03/2022","18:40:00","18:45:00",36,"Snack ",28,4.8,23,"motorcycle ",0,"No ","Metropolitian ","Fog","Medium ",0
"3/03/2022","9:20:00","9:25:00",10,"Meal ",25,4.7,22,"motorcycle ",2,"No ","Metropolitian ","Fog","Low ",1
"2/03/2022","18:55:00","19:05:00",38,"Meal ",29,4.1,3,"scooter ",1,"No ","Metropolitian ","Fog","Medium ",1
"23/03/2022","22:10:00","22:25:00",17,"Drinks ",31,4.5,19,"scooter ",2,"No ","Metropolitian ","Sandstorms","Low ",1
"15/02/2022","23:00:00","23:15:00",15,"Snack ",35,4.6,9,"scooter ",2,"No ","Metropolitian ","Stormy","Low ",0
"17/03/2022","12:55:00","13:00:00",25,"Meal ",22,4.7,5,"scooter ",1,"No ","Metropolitian ","Fog","High ",1
"11/02/2022","11:50:00","11:55:00",23,"Buffet ",21,4.6,5,"motorcycle ",0,"No ","Metropolitian ","Stormy","High ",1
"7/03/2022","19:15:00","19:30:00",33,"Snack ",21,4.9,15,"scooter ",1,"No ","Urban ","Stormy","Jam ",1
"1/03/2022","18:45:00","19:00:00",26,"Meal ",27,4.5,22,"scooter ",2,"No ","Metropolitian ","Windy","Medium ",0
"14/02/2022","17:20:00","17:35:00",23,"Drinks ",31,4.8,23,"motorcycle ",1,"No ","Urban ","Sunny","Medium ",0
"3/03/2022","11:00:00","11:05:00",28,"Drinks ",26,4.1,7,"motorcycle ",0,"No ","Metropolitian ","Windy","Low ",1
"3/04/2022","12:45:00","13:00:00",17,"Drinks ",25,4.7,22,"scooter ",2,"No ","Urban ","Sandstorms","High ",0
"21/03/2022","22:55:00","23:10:00",30,"Meal ",30,4.4,7,"motorcycle ",0,"No ","Metropolitian ","Stormy","Low ",1
"13/02/2022","8:50:00","9:00:00",16,"Drinks ",23,4.7,6,"scooter ",1,"No ","Metropolitian ","Fog","Low ",0
"14/03/2022","20:40:00","20:50:00",41,"Buffet ",35,4.6,15,"motorcycle ",0,"Yes ","Urban ","Fog","Jam ",1
"2/04/2022","22:00:00","22:05:00",42,"Snack ",35,3.6,1,"scooter ",2,"No ","Urban ","Windy","Jam ",1
"15/03/2022","13:30:00","13:35:00",28,"Meal ",34,4.7,12,"scooter ",2,"No ","Metropolitian ","Windy","High ",1
"3/03/2022","9:50:00","9:55:00",19,"Snack ",25,4.8,23,"scooter ",2,"No ","Metropolitian ","Sandstorms","Low ",1
"31/03/2022","22:50:00","23:00:00",34,"Buffet ",39,3.5,16,"motorcycle ",0,"No ","Urban ","Sunny","Low ",1
"12/02/2022","17:30:00","17:45:00",20,"Drinks ",22,4.8,4,"motorcycle ",0,"No ","Metropolitian ","Windy","Medium ",0
"29/03/2022","23:25:00","23:40:00",28,"Drinks ",35,4.8,9,"motorcycle ",2,"No ","Metropolitian ","Windy","Low ",1
"5/03/2022","17:40:00","17:55:00",33,"Drinks ",34,4.2,7,"scooter ",2,"No ","Metropolitian ","Stormy","Medium ",1
"5/04/2022","11:25:00","11:30:00",17,"Drinks ",23,4.8,16,"motorcycle ",0,"No ","Urban ","Windy","High ",1
"21/03/2022","8:20:00","8:30:00",24,"Drinks ",30,4.7,22,"motorcycle ",0,"No ","Urban ","Cloudy","Low ",1
"15/03/2022","12:30:00","12:35:00",25,"Snack ",24,4.6,12,"motorcycle ",1,"No ","Metropolitian ","Fog","High ",0
"11/03/2022","14:50:00","15:00:00",20,"Drinks ",34,4.7,22,"motorcycle ",0,"No ","Urban ","Sunny","High ",0
"8/03/2022","19:10:00","19:15:00",35,"Snack ",34,4.2,1,"motorcycle ",1,"No ","Metropolitian ","Windy","Jam ",0
"12/03/2022","20:40:00","20:45:00",28,"Snack ",23,4.8,23,"motorcycle ",0,"No ","Metropolitian ","Windy","Jam ",1
"17/03/2022","21:25:00","21:40:00",23,"Buffet ",20,5,18,"electric_scooter ",2,"No ","Urban ","Windy","Jam ",1
"12/02/2022","23:10:00","23:20:00",27,"Buffet ",34,4.7,5,"scooter ",1,"No ","Metropolitian ","Fog","Low ",1
"14/02/2022","17:25:00","17:40:00",37,"Meal ",22,4.8,9,"motorcycle ",0,"No ","Metropolitian ","Windy","Medium ",1
"27/03/2022","18:00:00","18:05:00",20,"Meal ",23,4.9,18,"scooter ",2,"No ","Metropolitian ","Stormy","Medium ",1
"14/02/2022","18:35:00","18:40:00",19,"Snack ",35,4.8,5,"scooter ",2,"No ","Metropolitian ","Sunny","Medium ",1
"19/03/2022","10:00:00","10:15:00",16,"Drinks ",29,4.8,13,"scooter ",1,"No ","Metropolitian ","Sandstorms","Low ",1
"13/02/2022","11:40:00","11:45:00",23,"Meal ",24,4.8,23,"motorcycle ",0,"No ","Urban ","Cloudy","High ",1
"3/04/2022","15:25:00","15:35:00",25,"Buffet ",37,4.5,22,"motorcycle ",0,"No ","Metropolitian ","Windy","Medium ",0
"4/03/2022","21:55:00","22:10:00",29,"Drinks ",32,4.7,21,"motorcycle ",1,"No ","Metropolitian ","Sunny","Jam ",1
"31/03/2022","18:30:00","18:40:00",24,"Buffet ",20,4.9,19,"scooter ",1,"No ","Metropolitian ","Windy","Medium ",1
"13/03/2022","17:50:00","17:55:00",22,"Snack ",36,4.6,14,"motorcycle ",0,"No ","Metropolitian ","Sunny","Medium ",1
"6/04/2022","22:30:00","22:40:00",29,"Meal ",33,4.7,23,"scooter ",2,"No ","Metropolitian ","Windy","Low ",1
"8/03/2022","18:50:00","19:05:00",36,"Drinks ",35,3.8,4,"scooter ",2,"No ","Metropolitian ","Sandstorms","Medium ",1
"26/03/2022","17:40:00","17:55:00",21,"Meal ",21,4.8,14,"motorcycle ",0,"No ","Metropolitian ","Fog","Medium ",1
"3/04/2022","10:15:00","10:30:00",23,"Snack ",26,4.1,9,"motorcycle ",0,"No ","Metropolitian ","Stormy","Low ",0
"14/03/2022","20:45:00","20:50:00",32,"Meal ",35,4.5,9,"motorcycle ",1,"No ","Metropolitian ","Stormy","Jam ",1
"30/03/2022","9:55:00","10:10:00",11,"Snack ",24,4.9,6,"motorcycle ",0,"No ","Urban ","Sunny","Low ",1
"5/04/2022","11:55:00","12:00:00",24,"Drinks ",22,4.8,16,"motorcycle ",1,"No ","Metropolitian ","Fog","High ",1
"16/03/2022","21:45:00","22:00:00",37,"Drinks ",29,4.6,14,"motorcycle ",0,"No ","Metropolitian ","Stormy","Jam ",1
"1/03/2022","15:50:00","16:05:00",32,"Drinks ",33,4.7,17,"electric_scooter ",2,"No ","Metropolitian ","Sandstorms","Medium ",1
"3/03/2022","20:40:00","20:50:00",25,"Snack ",20,4.7,21,"motorcycle ",0,"No ","Metropolitian ","Sandstorms","Jam ",1
"17/03/2022","22:25:00","22:40:00",19,"Meal ",21,4.9,12,"motorcycle ",0,"No ","Metropolitian ","Fog","Low ",1
"6/03/2022","17:25:00","17:30:00",18,"Drinks ",37,4.7,16,"scooter ",2,"No ","Metropolitian ","Sunny","Medium ",1
"18/02/2022","17:35:00","17:45:00",36,"Drinks ",26,4.7,22,"motorcycle ",0,"No ","Urban ","Sandstorms","Medium ",1
"30/03/2022","22:55:00","23:10:00",14,"Snack ",20,4.8,16,"electric_scooter ",2,"No ","Metropolitian ","Cloudy","Low ",1
"17/03/2022","19:25:00","19:35:00",33,"Snack ",31,4.6,22,"motorcycle ",1,"No ","Metropolitian ","Windy","Jam ",1
"29/03/2022","19:25:00","19:35:00",34,"Buffet ",25,4.2,16,"electric_scooter ",2,"No ","Urban ","Cloudy","Jam ",0
"18/03/2022","18:50:00","18:55:00",34,"Meal ",35,4.9,13,"motorcycle ",1,"No ","Metropolitian ","Cloudy","Medium ",1
"1/03/2022","16:10:00","16:25:00",18,"Drinks ",35,4.7,3,"scooter ",1,"No ","Metropolitian ","Stormy","Medium ",1
"4/04/2022","22:55:00","23:10:00",26,"Buffet ",38,5,16,"motorcycle ",1,"No ","Metropolitian ","Stormy","Low ",0
"6/04/2022","17:40:00","17:55:00",35,"Drinks ",26,4.1,5,"motorcycle ",2,"No ","Metropolitian ","Cloudy","Medium ",0
"13/03/2022","22:50:00","23:05:00",20,"Buffet ",32,4.9,13,"motorcycle ",1,"No ","Metropolitian ","Stormy","Low ",1
"13/02/2022","13:35:00","13:45:00",32,"Drinks ",28,4.4,1,"motorcycle ",0,"No ","Urban ","Windy","High ",1
"29/03/2022","0:00:00","0:15:00",39,"Buffet ",31,4.5,3,"scooter ",2,"No ","Metropolitian ","Fog","Low ",1
"6/04/2022","17:45:00","17:50:00",30,"Buffet ",27,4.9,23,"motorcycle ",0,"No ","Metropolitian ","Stormy","Medium ",0
"20/03/2022","21:20:00","21:35:00",34,"Drinks ",30,4.3,13,"motorcycle ",1,"No ","Metropolitian ","Sandstorms","Jam ",1
"3/03/2022","22:50:00","23:05:00",29,"Drinks ",32,4.9,12,"motorcycle ",0,"No ","Metropolitian ","Fog","Low ",1
"16/03/2022","19:10:00","19:15:00",41,"Snack ",24,4.6,17,"scooter ",2,"No ","Metropolitian ","Fog","Jam ",1
"15/03/2022","20:45:00","21:00:00",13,"Drinks ",26,4.6,17,"motorcycle ",1,"No ","Urban ","Windy","Jam ",0
"16/03/2022","22:10:00","22:15:00",15,"Buffet ",30,4.8,19,"electric_scooter ",2,"No ","Urban ","Stormy","Low ",0
"18/03/2022","21:35:00","21:40:00",22,"Snack ",38,5,6,"scooter ",1,"No ","Metropolitian ","Sunny","Jam ",0
"30/03/2022","23:55:00","0:05:00",16,"Drinks ",30,5,3,"scooter ",2,"No ","Urban ","Cloudy","Low ",1
"25/03/2022","20:25:00","20:40:00",29,"Snack ",27,4.5,1,"motorcycle ",0,"No ","Metropolitian ","Sandstorms","Jam ",0
"8/03/2022","20:40:00","20:45:00",33,"Drinks ",35,4.1,6,"scooter ",2,"No ","Urban ","Stormy","Jam ",0
"23/03/2022","18:10:00","18:15:00",20,"Snack ",22,4.6,18,"motorcycle ",1,"No ","Urban ","Sandstorms","Medium ",1
"21/03/2022","17:25:00","17:30:00",22,"Buffet ",23,4.6,16,"scooter ",2,"No ","Metropolitian ","Windy","Medium ",1
"3/03/2022","22:55:00","23:00:00",19,"Drinks ",23,4.9,15,"motorcycle ",1,"No ","Metropolitian ","Stormy","Low ",0
"29/03/2022","18:00:00","18:10:00",15,"Drinks ",34,4.9,14,"electric_scooter ",2,"No ","Metropolitian ","Sunny","Medium ",0
"3/03/2022","14:30:00","14:35:00",24,"Snack ",23,4.6,17,"scooter ",2,"No ","Urban ","Cloudy","High ",0
"23/03/2022","21:00:00","21:10:00",48,"Buffet ",24,4.8,6,"motorcycle ",0,"No ","Metropolitian ","Cloudy","Jam ",3
"9/03/2022","18:30:00","18:35:00",23,"Drinks ",39,5,12,"motorcycle ",0,"No ","Metropolitian ","Sunny","Medium ",0
"6/04/2022","23:30:00","23:45:00",42,"Snack ",23,3.4,6,"motorcycle ",1,"No ","Metropolitian ","Sunny","Low ",1
"14/03/2022","23:25:00","23:35:00",25,"Meal ",30,4.8,17,"scooter ",2,"No ","Urban ","Stormy","Low ",1
"11/02/2022","17:40:00","17:50:00",16,"Snack ",28,4.8,5,"motorcycle ",0,"No ","Metropolitian ","Windy","Medium ",0
"16/02/2022","20:30:00","20:40:00",40,"Snack ",27,5,8,"electric_scooter ",2,"No ","Metropolitian ","Fog","Jam ",1
"3/03/2022","19:15:00","19:25:00",32,"Drinks ",36,4.2,3,"motorcycle ",0,"No ","Urban ","Cloudy","Jam ",1
"2/03/2022","22:25:00","22:35:00",31,"Snack ",32,4.4,22,"scooter ",2,"No ","Metropolitian ","Stormy","Low ",0
"11/03/2022","17:35:00","17:40:00",31,"Meal ",32,4.1,13,"scooter ",1,"No ","Metropolitian ","Sandstorms","Medium ",1
"30/03/2022","17:40:00","17:55:00",26,"Drinks ",39,4.5,22,"motorcycle ",0,"No ","Metropolitian ","Fog","Medium ",1
"19/03/2022","8:50:00","9:05:00",14,"Buffet ",22,4.8,12,"motorcycle ",0,"No ","Metropolitian ","Sunny","Low ",0
"1/03/2022","11:50:00","11:55:00",37,"Drinks ",33,4.2,1,"motorcycle ",0,"No ","Metropolitian ","Stormy","High ",1
"20/03/2022","23:50:00","0:00:00",13,"Meal ",24,4.6,16,"scooter ",1,"No ","Metropolitian ","Stormy","Low ",0
"10/03/2022","23:40:00","23:45:00",29,"Meal ",27,4.6,13,"scooter ",2,"No ","Metropolitian ","Fog","Low ",1
"31/03/2022","18:00:00","18:05:00",35,"Snack ",36,4.7,3,"motorcycle ",1,"No ","Metropolitian ","Fog","Medium ",1
"11/03/2022","11:10:00","11:15:00",26,"Buffet ",38,4.6,17,"motorcycle ",0,"No ","Metropolitian ","Cloudy","High ",0
"18/02/2022","23:00:00","23:15:00",28,"Snack ",34,4.8,9,"scooter ",1,"No ","Metropolitian ","Fog","Low ",1
"26/03/2022","21:55:00","22:10:00",19,"Buffet ",37,4.6,14,"motorcycle ",1,"No ","Metropolitian ","Sunny","Jam ",0
"18/02/2022","0:00:00","0:10:00",28,"Meal ",36,4.8,4,"motorcycle ",2,"No ","Metropolitian ","Sandstorms","Low ",1
"29/03/2022","20:20:00","20:30:00",39,"Buffet ",37,4.4,2,"motorcycle ",2,"No ","Metropolitian ","Windy","Jam ",1
"7/03/2022","20:10:00","20:25:00",27,"Meal ",34,4.9,16,"scooter ",2,"No ","Urban ","Stormy","Jam ",1
"8/03/2022","19:40:00","19:55:00",43,"Drinks ",24,4.9,22,"motorcycle ",0,"No ","Metropolitian ","Sunny","Jam ",1
"16/02/2022","18:20:00","18:25:00",25,"Snack ",33,4.6,18,"scooter ",2,"No ","Urban ","Sunny","Medium ",1
"21/03/2022","9:10:00","9:25:00",13,"Drinks ",23,4.9,21,"scooter ",1,"No ","Metropolitian ","Cloudy","Low ",1
"21/03/2022","19:35:00","19:40:00",50,"Snack ",27,3.5,3,"motorcycle ",0,"No ","Urban ","Sunny","Jam ",3
"11/03/2022","11:00:00","11:15:00",18,"Buffet ",39,4.9,19,"motorcycle ",2,"No ","Metropolitian ","Cloudy","Low ",1
"28/03/2022","23:45:00","0:00:00",22,"Buffet ",26,4.8,17,"motorcycle ",1,"No ","Metropolitian ","Sunny","Low ",1
"15/03/2022","23:15:00","23:20:00",14,"Drinks ",28,4.5,19,"scooter ",2,"No ","Metropolitian ","Cloudy","Low ",1
"9/03/2022","17:30:00","17:45:00",28,"Meal ",34,4.7,16,"scooter ",1,"No ","Metropolitian ","Windy","Medium ",0
"7/03/2022","13:50:00","13:55:00",26,"Buffet ",36,4.8,9,"motorcycle ",0,"No ","Metropolitian ","Sunny","High ",1
"20/03/2022","20:15:00","20:25:00",39,"Drinks ",35,4.9,22,"motorcycle ",1,"No ","Urban ","Cloudy","Jam ",0
"14/02/2022","21:45:00","22:00:00",36,"Drinks ",34,4.3,5,"motorcycle ",0,"No ","Metropolitian ","Stormy","Jam ",1
"3/04/2022","17:10:00","17:25:00",26,"Drinks ",25,4.9,23,"scooter ",2,"No ","Urban ","Stormy","Medium ",0
"5/03/2022","23:30:00","23:40:00",19,"Meal ",29,4.9,22,"motorcycle ",2,"No ","Metropolitian ","Stormy","Low ",1
"6/04/2022","20:50:00","21:05:00",35,"Snack ",39,4,3,"motorcycle ",1,"No ","Metropolitian ","Cloudy","Jam ",2
"18/02/2022","20:35:00","20:50:00",45,"Snack ",30,4.9,8,"scooter ",2,"Yes ","Metropolitian ","Sandstorms","Jam ",1
"17/03/2022","13:50:00","14:05:00",33,"Drinks ",23,4.2,14,"scooter ",1,"No ","Metropolitian ","Fog","High ",1
"12/03/2022","22:55:00","23:10:00",20,"Meal ",22,5,23,"scooter ",1,"No ","Metropolitian ","Cloudy","Low ",1
"8/03/2022","17:20:00","17:25:00",35,"Meal ",20,4.1,1,"motorcycle ",0,"No ","Urban ","Stormy","Medium ",1
"14/03/2022","20:45:00","20:50:00",43,"Snack ",38,4.2,4,"motorcycle ",1,"Yes ","Metropolitian ","Windy","Jam ",2
"8/03/2022","20:45:00","20:50:00",20,"Drinks ",26,4.6,23,"scooter ",2,"No ","Metropolitian ","Sunny","Jam ",0
"14/02/2022","21:20:00","21:35:00",49,"Drinks ",35,4.9,8,"motorcycle ",0,"Yes ","Metropolitian ","Stormy","Jam ",2
"14/02/2022","19:35:00","19:40:00",43,"Meal ",36,5,3,"motorcycle ",0,"No ","Metropolitian ","Sandstorms","Jam ",2
"2/04/2022","18:45:00","18:55:00",32,"Buffet ",27,4.8,17,"motorcycle ",2,"No ","Urban ","Fog","Medium ",0
"2/04/2022","18:15:00","18:30:00",27,"Snack ",35,4.5,19,"scooter ",2,"No ","Urban ","Sunny","Medium ",0
"2/03/2022","18:30:00","18:45:00",32,"Buffet ",32,4.2,5,"motorcycle ",1,"No ","Metropolitian ","Stormy","Medium ",1
"14/03/2022","20:35:00","20:45:00",45,"Buffet ",36,4.6,16,"motorcycle ",0,"No ","Metropolitian ","Sandstorms","Jam ",1
"16/03/2022","19:35:00","19:45:00",34,"Snack ",31,4.4,17,"electric_scooter ",2,"No ","Metropolitian ","Sandstorms","Jam ",2
"15/03/2022","10:10:00","10:15:00",19,"Snack ",34,4.6,18,"scooter ",1,"No ","Metropolitian ","Fog","Low ",0
"11/03/2022","11:25:00","11:30:00",31,"Snack ",39,4.1,11,"motorcycle ",1,"No ","Metropolitian ","Cloudy","High ",1
"5/04/2022","10:00:00","10:15:00",16,"Snack ",22,4.3,3,"motorcycle ",0,"No ","Metropolitian ","Stormy","Low ",0
"25/03/2022","23:55:00","0:10:00",20,"Snack ",20,4.6,23,"motorcycle ",0,"No ","Metropolitian ","Fog","Low ",1
"2/03/2022","22:45:00","22:55:00",27,"Buffet ",25,4.6,12,"motorcycle ",2,"No ","Metropolitian ","Sunny","Low ",0
"5/04/2022","15:25:00","15:35:00",17,"Snack ",32,4.6,23,"motorcycle ",2,"No ","Urban ","Fog","Medium ",1
"5/04/2022","8:30:00","8:35:00",22,"Buffet ",35,5,19,"motorcycle ",1,"No ","Metropolitian ","Stormy","Low ",1
"26/03/2022","22:15:00","22:30:00",15,"Meal ",22,4.6,13,"motorcycle ",1,"No ","Metropolitian ","Windy","Low ",1
"24/03/2022","23:25:00","23:35:00",20,"Drinks ",26,4.5,16,"motorcycle ",0,"No ","Metropolitian ","Fog","Low ",0
"18/02/2022","20:35:00","20:40:00",25,"Meal ",25,4.6,8,"motorcycle ",0,"No ","Metropolitian ","Fog","Jam ",1
"26/03/2022","23:20:00","23:35:00",34,"Snack ",30,4.2,9,"motorcycle ",0,"No ","Metropolitian ","Stormy","Low ",2
"12/02/2022","17:25:00","17:40:00",38,"Snack ",34,4.8,9,"electric_scooter ",2,"No ","Metropolitian ","Fog","Medium ",1
"8/03/2022","18:35:00","18:50:00",20,"Snack ",21,4.7,23,"motorcycle ",0,"No ","Metropolitian ","Sandstorms","Medium ",1
"3/03/2022","16:00:00","16:15:00",11,"Drinks ",20,4.9,22,"motorcycle ",1,"No ","Metropolitian ","Sunny","Medium ",0
"23/03/2022","21:00:00","21:05:00",26,"Drinks ",33,4.6,21,"motorcycle ",1,"No ","Metropolitian ","Sandstorms","Jam ",1
"19/03/2022","19:20:00","19:25:00",26,"Drinks ",38,5,13,"electric_scooter ",2,"No ","Metropolitian ","Sandstorms","Jam ",1
"20/03/2022","17:40:00","17:45:00",39,"Meal ",31,4.7,9,"motorcycle ",0,"No ","Metropolitian ","Fog","Medium ",1
"2/04/2022","20:15:00","20:25:00",30,"Buffet ",23,4.6,8,"motorcycle ",1,"No ","Metropolitian ","Fog","Jam ",1
"15/03/2022","17:20:00","17:35:00",26,"Drinks ",39,4.6,17,"electric_scooter ",2,"No ","Urban ","Sandstorms","Medium ",1
"15/02/2022","8:15:00","8:25:00",27,"Meal ",36,4.8,3,"motorcycle ",1,"No ","Metropolitian ","Stormy","Low ",1
"9/03/2022","12:00:00","12:10:00",13,"Buffet ",21,4.9,23,"scooter ",1,"No ","Urban ","Sunny","High ",0
"19/03/2022","17:55:00","18:10:00",18,"Drinks ",31,4.9,18,"scooter ",1,"No ","Urban ","Cloudy","Medium ",1
"12/03/2022","22:10:00","22:25:00",21,"Snack ",21,4.8,18,"motorcycle ",1,"No ","Urban ","Cloudy","Low ",1
"31/03/2022","19:55:00","20:05:00",15,"Buffet ",21,4.7,21,"scooter ",1,"No ","Metropolitian ","Sunny","Jam ",0
"23/03/2022","19:15:00","19:25:00",25,"Meal ",29,4.9,9,"motorcycle ",1,"No ","Metropolitian ","Sandstorms","Jam ",1
"13/03/2022","15:15:00","15:25:00",17,"Drinks ",25,5,21,"scooter ",1,"No ","Urban ","Cloudy","Medium ",0
"24/03/2022","20:50:00","21:05:00",17,"Buffet ",25,4.6,9,"motorcycle ",1,"No ","Metropolitian ","Sunny","Jam ",1
"13/02/2022","15:25:00","15:40:00",18,"Meal ",37,4.7,23,"motorcycle ",1,"No ","Urban ","Fog","Medium ",1
"1/03/2022","15:30:00","15:45:00",29,"Snack ",24,4.7,14,"motorcycle ",2,"No ","Metropolitian ","Windy","Medium ",0
"5/03/2022","21:35:00","21:45:00",45,"Buffet ",34,4.7,23,"motorcycle ",0,"No ","Metropolitian ","Stormy","Jam ",2
"24/03/2022","20:00:00","20:05:00",12,"Snack ",27,4.6,14,"motorcycle ",1,"No ","Metropolitian ","Windy","Jam ",1
"21/03/2022","22:25:00","22:30:00",12,"Snack ",37,4.8,23,"motorcycle ",2,"No ","Urban ","Sunny","Low ",0
"1/03/2022","15:30:00","15:40:00",39,"Meal ",32,4.6,9,"motorcycle ",0,"No ","Metropolitian ","Windy","Medium ",1
"5/03/2022","19:15:00","19:25:00",22,"Snack ",20,4.9,19,"motorcycle ",1,"No ","Metropolitian ","Sunny","Jam ",1
"13/03/2022","22:00:00","22:05:00",27,"Buffet ",27,4.6,19,"motorcycle ",1,"No ","Urban ","Cloudy","Jam ",1
"9/03/2022","8:10:00","8:15:00",16,"Meal ",38,4.8,15,"motorcycle ",2,"No ","Metropolitian ","Sunny","Low ",1
"5/03/2022","15:10:00","15:20:00",23,"Drinks ",24,4.7,15,"motorcycle ",2,"No ","Metropolitian ","Windy","Medium ",0
"16/03/2022","21:40:00","21:55:00",28,"Buffet ",23,4.6,14,"scooter ",1,"No ","Metropolitian ","Windy","Jam ",1
"11/03/2022","20:10:00","20:20:00",25,"Drinks ",31,4.7,12,"motorcycle ",0,"No ","Metropolitian ","Cloudy","Jam ",0
"19/03/2022","23:20:00","23:35:00",17,"Meal ",28,4.7,9,"scooter ",2,"No ","Metropolitian ","Cloudy","Low ",0
"24/03/2022","19:30:00","19:45:00",30,"Meal ",32,4.7,3,"motorcycle ",2,"No ","Metropolitian ","Windy","Jam ",1
"17/03/2022","19:40:00","19:45:00",22,"Drinks ",23,4.6,12,"motorcycle ",1,"No ","Metropolitian ","Fog","Jam ",1
"7/03/2022","8:45:00","9:00:00",34,"Snack ",31,4.1,5,"motorcycle ",0,"No ","Metropolitian ","Windy","Low ",1
"23/03/2022","0:00:00","0:15:00",28,"Drinks ",25,4.8,18,"scooter ",2,"No ","Urban ","Cloudy","Low ",1
"20/03/2022","21:15:00","21:30:00",21,"Buffet ",37,4.9,23,"motorcycle ",2,"No ","Metropolitian ","Sunny","Jam ",1
"3/03/2022","15:20:00","15:25:00",13,"Buffet ",21,4.6,15,"scooter ",2,"No ","Urban ","Cloudy","Medium ",0
"7/03/2022","14:15:00","14:30:00",22,"Buffet ",27,4.8,12,"motorcycle ",0,"No ","Metropolitian ","Sunny","High ",0
"3/04/2022","21:55:00","22:05:00",30,"Buffet ",38,4.7,6,"motorcycle ",0,"No ","Metropolitian ","Sandstorms","Jam ",0
"6/04/2022","20:30:00","20:35:00",23,"Drinks ",21,4.6,21,"scooter ",1,"No ","Metropolitian ","Stormy","Jam ",0
"12/02/2022","17:15:00","17:25:00",29,"Drinks ",38,5,8,"scooter ",2,"No ","Metropolitian ","Stormy","Medium ",1
"4/04/2022","21:55:00","22:10:00",48,"Drinks ",36,4.4,16,"scooter ",1,"No ","Urban ","Fog","Jam ",2
"11/03/2022","18:55:00","19:05:00",22,"Snack ",20,4.9,9,"motorcycle ",0,"No ","Metropolitian ","Fog","Medium ",0
"13/02/2022","18:00:00","18:05:00",10,"Buffet ",20,4.7,15,"motorcycle ",2,"No ","Urban ","Sunny","Medium ",0
"26/03/2022","18:25:00","18:40:00",15,"Buffet ",26,4.9,15,"motorcycle ",2,"No ","Urban ","Fog","Medium ",0
"3/03/2022","18:40:00","18:45:00",30,"Meal ",39,4.8,16,"scooter ",1,"No ","Urban ","Windy","Medium ",1
"12/02/2022","22:25:00","22:35:00",21,"Meal ",34,4.6,17,"motorcycle ",0,"No ","Urban ","Stormy","Low ",0
"12/02/2022","18:50:00","18:55:00",26,"Buffet ",28,4.9,9,"motorcycle ",2,"No ","Metropolitian ","Sandstorms","Medium ",1
"1/03/2022","17:15:00","17:20:00",14,"Buffet ",20,4.9,14,"motorcycle ",0,"No ","Metropolitian ","Stormy","Medium ",1
"12/02/2022","22:15:00","22:30:00",20,"Drinks ",24,5,19,"scooter ",1,"No ","Urban ","Fog","Low ",1
"8/03/2022","20:25:00","20:40:00",36,"Buffet ",26,4.6,17,"motorcycle ",0,"No ","Metropolitian ","Stormy","Jam ",1
"6/03/2022","17:35:00","17:40:00",26,"Buffet ",28,4.9,15,"motorcycle ",0,"No ","Metropolitian ","Windy","Medium ",1
"4/03/2022","20:00:00","20:15:00",53,"Buffet ",32,5,15,"motorcycle ",0,"No ","Semi-Urban ","Fog","Jam ",0
"15/02/2022","21:10:00","21:20:00",21,"Meal ",28,4.7,9,"motorcycle ",0,"No ","Metropolitian ","Stormy","Jam ",0
"5/03/2022","20:25:00","20:40:00",30,"Meal ",39,4.9,17,"scooter ",2,"No ","Metropolitian ","Stormy","Jam ",0
"6/03/2022","18:45:00","19:00:00",34,"Meal ",30,3.9,5,"scooter ",1,"No ","Metropolitian ","Stormy","Medium ",1
"15/02/2022","10:50:00","11:00:00",14,"Buffet ",23,4.6,22,"electric_scooter ",2,"No ","Urban ","Fog","Low ",0
"21/03/2022","22:00:00","22:10:00",22,"Buffet ",35,4.8,23,"scooter ",1,"No ","Metropolitian ","Sunny","Jam ",1
"15/03/2022","23:20:00","23:30:00",21,"Meal ",26,4.4,1,"motorcycle ",0,"No ","Urban ","Sandstorms","Low ",1
"13/03/2022","20:10:00","20:20:00",39,"Meal ",33,4.1,3,"electric_scooter ",2,"No ","Urban ","Fog","Jam ",1
"16/02/2022","20:40:00","20:50:00",16,"Meal ",26,4.7,2,"motorcycle ",1,"No ","Metropolitian ","Sunny","Jam ",0
"29/03/2022","19:55:00","20:00:00",46,"Drinks ",29,4.7,18,"motorcycle ",0,"Yes ","Urban ","Cloudy","Jam ",2
"17/02/2022","11:15:00","11:30:00",36,"Meal ",33,4.7,18,"motorcycle ",0,"No ","Urban ","Windy","High ",1
"7/03/2022","22:10:00","22:15:00",19,"Buffet ",30,4.5,17,"scooter ",1,"No ","Metropolitian ","Fog","Low ",1
"1/04/2022","17:45:00","17:55:00",10,"Meal ",23,4.8,3,"scooter ",2,"No ","Urban ","Fog","Medium ",0
"3/04/2022","8:40:00","8:55:00",12,"Snack ",23,4.8,23,"scooter ",1,"No ","Metropolitian ","Cloudy","Low ",0
"11/03/2022","15:10:00","15:15:00",16,"Meal ",32,4.8,22,"scooter ",1,"No ","Metropolitian ","Fog","Medium ",1
"24/03/2022","16:10:00","16:15:00",28,"Buffet ",20,4.7,15,"motorcycle ",0,"No ","Metropolitian ","Fog","Medium ",1
"31/03/2022","18:50:00","19:00:00",26,"Buffet ",30,4.9,15,"motorcycle ",1,"No ","Metropolitian ","Stormy","Medium ",1
"3/04/2022","8:10:00","8:20:00",11,"Meal ",20,4.9,21,"motorcycle ",1,"No ","Urban ","Stormy","Low ",1
"12/02/2022","22:00:00","22:10:00",19,"Buffet ",20,4.6,21,"motorcycle ",2,"No ","Urban ","Sunny","Jam ",1
"10/03/2022","19:30:00","19:35:00",38,"Drinks ",33,4.6,12,"motorcycle ",0,"No ","Metropolitian ","Windy","Jam ",1
"28/03/2022","21:55:00","22:00:00",19,"Drinks ",29,4.9,16,"motorcycle ",0,"No ","Metropolitian ","Stormy","Jam ",0
"28/03/2022","22:20:00","22:35:00",21,"Buffet ",39,4.8,22,"scooter ",2,"No ","Urban ","Windy","Low ",1
"6/04/2022","19:40:00","19:55:00",28,"Drinks ",27,4.9,23,"scooter ",2,"No ","Metropolitian ","Sandstorms","Jam ",1
"16/03/2022","21:45:00","21:55:00",31,"Buffet ",36,3.7,5,"motorcycle ",1,"No ","Urban ","Stormy","Jam ",1
"30/03/2022","23:40:00","23:50:00",18,"Meal ",36,4.5,12,"scooter ",2,"No ","Metropolitian ","Cloudy","Low ",1
"3/03/2022","23:45:00","23:50:00",17,"Drinks ",36,4.8,16,"scooter ",2,"No ","Metropolitian ","Stormy","Low ",0
"31/03/2022","17:45:00","17:55:00",24,"Drinks ",20,4.9,17,"motorcycle ",2,"No ","Metropolitian ","Windy","Medium ",1
"16/02/2022","21:45:00","21:55:00",40,"Buffet ",39,5,2,"scooter ",2,"No ","Metropolitian ","Fog","Jam ",1
"12/02/2022","20:20:00","20:35:00",36,"Meal ",23,4.6,6,"motorcycle ",0,"No ","Metropolitian ","Windy","Jam ",2
"16/02/2022","22:20:00","22:35:00",16,"Drinks ",26,4.7,23,"scooter ",2,"No ","Urban ","Stormy","Low ",1
"24/03/2022","10:55:00","11:05:00",18,"Buffet ",29,4.8,21,"motorcycle ",2,"No ","Metropolitian ","Cloudy","Low ",1
"2/03/2022","17:45:00","17:55:00",27,"Drinks ",39,4.9,17,"scooter ",2,"No ","Metropolitian ","Stormy","Medium ",1
"13/03/2022","11:40:00","11:55:00",22,"Snack ",20,4.8,23,"scooter ",1,"No ","Metropolitian ","Cloudy","High ",1
"2/04/2022","19:40:00","19:50:00",31,"Drinks ",26,4.1,6,"motorcycle ",2,"No ","Metropolitian ","Fog","Jam ",0
"3/03/2022","16:25:00","16:35:00",18,"Snack ",31,4.6,15,"scooter ",1,"No ","Metropolitian ","Stormy","Medium ",0
"13/02/2022","8:50:00","9:00:00",16,"Drinks ",23,4.7,6,"scooter ",1,"No ","Metropolitian ","Fog","Low ",0
"9/03/2022","16:35:00","16:50:00",31,"Drinks ",31,4,8,"motorcycle ",1,"No ","Metropolitian ","Stormy","Medium ",1
"31/03/2022","21:25:00","21:40:00",41,"Snack ",20,5,15,"motorcycle ",0,"No ","Urban ","Fog","Jam ",0
"1/03/2022","16:30:00","16:40:00",15,"Snack ",34,4.7,21,"motorcycle ",2,"No ","Metropolitian ","Fog","Medium ",0
"3/04/2022","8:30:00","8:45:00",15,"Snack ",25,4.7,18,"scooter ",2,"No ","Metropolitian ","Windy","Low ",0
"16/03/2022","21:55:00","22:00:00",47,"Snack ",35,4.6,22,"scooter ",2,"Yes ","Urban ","Cloudy","Jam ",3
"6/03/2022","19:50:00","20:00:00",26,"Buffet ",31,4.8,22,"motorcycle ",1,"No ","Metropolitian ","Stormy","Jam ",1
"27/03/2022","18:30:00","18:35:00",31,"Buffet ",34,4.2,13,"motorcycle ",1,"No ","Metropolitian ","Cloudy","Medium ",0
"18/02/2022","22:50:00","22:55:00",42,"Drinks ",36,4.4,4,"motorcycle ",0,"No ","Metropolitian ","Fog","Low ",2
"15/02/2022","12:20:00","12:25:00",23,"Drinks ",21,4.6,8,"motorcycle ",1,"No ","Metropolitian ","Fog","High ",1
"6/04/2022","23:15:00","23:20:00",25,"Buffet ",36,4.7,18,"scooter ",1,"No ","Metropolitian ","Fog","Low ",1
"21/03/2022","9:50:00","9:55:00",22,"Buffet ",26,4.5,9,"motorcycle ",0,"No ","Metropolitian ","Windy","Low ",1
"11/03/2022","23:50:00","0:05:00",15,"Buffet ",37,4.7,16,"motorcycle ",1,"No ","Urban ","Fog","Low ",0
"21/03/2022","23:20:00","23:25:00",25,"Snack ",31,4.8,15,"motorcycle ",0,"No ","Metropolitian ","Sunny","Low ",0
"2/03/2022","19:20:00","19:25:00",39,"Meal ",39,4.4,13,"scooter ",1,"No ","Metropolitian ","Stormy","Jam ",1
"28/03/2022","17:20:00","17:30:00",21,"Buffet ",28,4.6,14,"electric_scooter ",2,"No ","Metropolitian ","Sandstorms","Medium ",1
"5/04/2022","21:25:00","21:40:00",21,"Snack ",20,4.9,23,"motorcycle ",0,"No ","Metropolitian ","Fog","Jam ",1
"16/02/2022","20:40:00","20:50:00",16,"Meal ",26,4.7,2,"motorcycle ",1,"No ","Metropolitian ","Sunny","Jam ",0
"4/03/2022","18:25:00","18:35:00",38,"Drinks ",23,4,7,"motorcycle ",0,"No ","Metropolitian ","Sandstorms","Medium ",0
"29/03/2022","21:30:00","21:45:00",35,"Drinks ",31,3.5,11,"motorcycle ",1,"No ","Metropolitian ","Sandstorms","Jam ",1
"12/03/2022","17:20:00","17:30:00",36,"Drinks ",21,4.7,16,"motorcycle ",1,"No ","Metropolitian ","Fog","Medium ",1
"4/04/2022","18:45:00","18:55:00",49,"Buffet ",34,4.6,13,"motorcycle ",0,"No ","Metropolitian ","Fog","Medium ",1
"28/03/2022","15:45:00","15:50:00",17,"Drinks ",35,4.5,3,"scooter ",1,"No ","Urban ","Cloudy","Medium ",0
"17/03/2022","9:55:00","10:05:00",18,"Buffet ",24,4.8,21,"motorcycle ",0,"No ","Metropolitian ","Fog","Low ",1
"2/03/2022","19:55:00","20:10:00",39,"Snack ",31,4.6,23,"motorcycle ",0,"No ","Metropolitian ","Sunny","Jam ",2
"6/04/2022","17:35:00","17:45:00",16,"Meal ",23,5,21,"scooter ",1,"No ","Metropolitian ","Sunny","Medium ",0
"29/03/2022","20:10:00","20:15:00",24,"Meal ",21,4.8,12,"motorcycle ",2,"No ","Metropolitian ","Sunny","Jam ",1
"31/03/2022","17:50:00","17:55:00",39,"Snack ",30,4.4,13,"scooter ",1,"Yes ","Metropolitian ","Fog","Medium ",2
"21/03/2022","15:00:00","15:15:00",16,"Drinks ",36,4.6,22,"scooter ",2,"No ","Metropolitian ","Sunny","High ",1
"30/03/2022","22:25:00","22:35:00",16,"Drinks ",35,4.9,3,"motorcycle ",2,"No ","Urban ","Cloudy","Low ",1
"9/03/2022","15:50:00","16:00:00",10,"Drinks ",24,4.8,21,"scooter ",1,"No ","Urban ","Cloudy","Medium ",0
"17/03/2022","18:45:00","18:50:00",29,"Snack ",38,4.9,17,"motorcycle ",2,"No ","Metropolitian ","Windy","Medium ",1
"18/02/2022","0:00:00","0:15:00",18,"Meal ",26,4.7,3,"motorcycle ",0,"No ","Metropolitian ","Sandstorms","Low ",1
"23/03/2022","17:35:00","17:45:00",27,"Drinks ",20,4.6,9,"scooter ",1,"No ","Metropolitian ","Fog","Medium ",1
"11/02/2022","10:40:00","10:45:00",20,"Meal ",23,4,1,"motorcycle ",0,"No ","Urban ","Sandstorms","Low ",1
"11/02/2022","19:10:00","19:15:00",13,"Meal ",26,4.6,5,"scooter ",1,"No ","Metropolitian ","Stormy","Jam ",1
"13/03/2022","21:10:00","21:20:00",22,"Snack ",27,4.5,22,"motorcycle ",0,"No ","Metropolitian ","Cloudy","Jam ",0
"23/03/2022","17:45:00","18:00:00",22,"Drinks ",27,4.5,15,"motorcycle ",1,"No ","Metropolitian ","Windy","Medium ",1
"2/03/2022","17:10:00","17:15:00",22,"Drinks ",27,4.6,15,"motorcycle ",1,"No ","Metropolitian ","Windy","Medium ",1
"6/03/2022","17:20:00","17:25:00",29,"Meal ",30,4.8,16,"scooter ",1,"No ","Metropolitian ","Sunny","Medium ",1
"9/03/2022","9:35:00","9:40:00",21,"Meal ",22,4.7,12,"motorcycle ",0,"No ","Metropolitian ","Fog","Low ",0
"30/03/2022","9:00:00","9:10:00",11,"Drinks ",25,5,1,"scooter ",2,"No ","Urban ","Sandstorms","Low ",0
"11/02/2022","16:25:00","16:35:00",23,"Drinks ",24,4.5,6,"motorcycle ",0,"No ","Metropolitian ","Windy","Medium ",1
"9/03/2022","23:40:00","23:50:00",12,"Meal ",22,4.6,17,"electric_scooter ",2,"No ","Metropolitian ","Stormy","Low ",0
"30/03/2022","10:25:00","10:35:00",18,"Drinks ",21,4.9,22,"motorcycle ",0,"No ","Metropolitian ","Sunny","Low ",1
"1/03/2022","23:35:00","23:50:00",22,"Buffet ",33,4.7,23,"scooter ",1,"No ","Urban ","Windy","Low ",1
"31/03/2022","21:50:00","21:55:00",18,"Snack ",27,4.5,12,"scooter ",2,"No ","Metropolitian ","Stormy","Jam ",1
"21/03/2022","10:55:00","11:00:00",28,"Meal ",25,4,13,"motorcycle ",0,"No ","Metropolitian ","Stormy","Low ",1
"14/02/2022","20:50:00","21:05:00",36,"Meal ",28,4.3,4,"electric_scooter ",2,"No ","Metropolitian ","Fog","Jam ",1
"4/03/2022","22:50:00","23:00:00",37,"Meal ",30,3.5,5,"scooter ",1,"No ","Metropolitian ","Fog","Low ",1
"25/03/2022","23:45:00","23:55:00",26,"Buffet ",33,4.9,22,"motorcycle ",2,"No ","Metropolitian ","Sandstorms","Low ",1
"11/02/2022","22:30:00","22:45:00",10,"Meal ",34,4.7,21,"scooter ",1,"No ","Urban ","Sunny","Low ",1
"31/03/2022","21:00:00","21:10:00",15,"Drinks ",21,4.6,16,"scooter ",2,"No ","Metropolitian ","Sunny","Jam ",1
"11/02/2022","8:30:00","8:40:00",22,"Meal ",21,4.7,19,"scooter ",1,"No ","Urban ","Sunny","Low ",1
"2/03/2022","17:50:00","17:55:00",17,"Buffet ",28,5,23,"electric_scooter ",2,"No ","Urban ","Windy","Medium ",1
"24/03/2022","23:00:00","23:10:00",11,"Meal ",29,4.5,16,"electric_scooter ",2,"No ","Metropolitian ","Fog","Low ",0
"5/03/2022","9:40:00","9:50:00",16,"Buffet ",23,4.6,23,"motorcycle ",2,"No ","Metropolitian ","Sandstorms","Low ",0
"2/04/2022","18:40:00","18:50:00",25,"Drinks ",26,4.6,18,"electric_scooter ",2,"No ","Urban ","Cloudy","Medium ",0
"5/04/2022","11:00:00","11:15:00",10,"Meal ",29,4.5,18,"scooter ",1,"No ","Urban ","Cloudy","Low ",1
"6/03/2022","20:45:00","21:00:00",24,"Buffet ",28,4.7,23,"motorcycle ",0,"No ","Metropolitian ","Sunny","Jam ",1
"7/03/2022","23:25:00","23:30:00",18,"Buffet ",36,4.9,23,"electric_scooter ",2,"No ","Metropolitian ","Sunny","Low ",1
"13/03/2022","21:55:00","22:05:00",24,"Snack ",32,4.6,22,"motorcycle ",0,"No ","Urban ","Sunny","Jam ",0
"3/03/2022","18:25:00","18:40:00",26,"Meal ",38,4.9,13,"electric_scooter ",2,"No ","Metropolitian ","Sandstorms","Medium ",1
"9/03/2022","10:35:00","10:45:00",27,"Snack ",25,4.4,12,"motorcycle ",0,"No ","Metropolitian ","Windy","Low ",1
"19/03/2022","10:10:00","10:15:00",17,"Buffet ",37,5,3,"electric_scooter ",2,"No ","Metropolitian ","Cloudy","Low ",0
"30/03/2022","8:10:00","8:20:00",25,"Meal ",34,4.5,23,"scooter ",1,"No ","Metropolitian ","Windy","Low ",0
"17/03/2022","18:25:00","18:30:00",15,"Snack ",32,4.6,5,"electric_scooter ",2,"No ","Metropolitian ","Cloudy","Medium ",0
"28/03/2022","10:55:00","11:10:00",16,"Meal ",33,4.7,16,"scooter ",1,"No ","Metropolitian ","Cloudy","Low ",0
"12/02/2022","18:30:00","18:40:00",38,"Snack ",37,3.6,13,"scooter ",2,"No ","Metropolitian ","Stormy","Medium ",1
"3/04/2022","9:20:00","9:30:00",10,"Drinks ",25,4.9,22,"motorcycle ",1,"No ","Metropolitian ","Fog","Low ",0
"7/03/2022","19:45:00","19:50:00",25,"Snack ",39,4.8,21,"motorcycle ",0,"No ","Metropolitian ","Sunny","Jam ",0
"1/04/2022","21:30:00","21:40:00",25,"Buffet ",30,4.6,21,"motorcycle ",2,"No ","Metropolitian ","Cloudy","Jam ",0
"25/03/2022","18:00:00","18:10:00",22,"Buffet ",31,4.9,21,"scooter ",1,"No ","Urban ","Windy","Medium ",1
"3/04/2022","21:30:00","21:40:00",26,"Drinks ",36,4.6,23,"motorcycle ",0,"No ","Metropolitian ","Sunny","Jam ",0
"28/03/2022","18:50:00","19:00:00",24,"Drinks ",23,4.6,19,"motorcycle ",2,"No ","Metropolitian ","Windy","Medium ",1
"12/02/2022","18:40:00","18:50:00",30,"Buffet ",34,5,7,"motorcycle ",0,"No ","Metropolitian ","Stormy","Medium ",1
"21/03/2022","18:20:00","18:25:00",12,"Buffet ",29,4.7,22,"motorcycle ",2,"No ","Urban ","Fog","Medium ",0
"15/02/2022","16:30:00","16:40:00",14,"Snack ",24,4.8,23,"scooter ",1,"No ","Urban ","Cloudy","Medium ",0
"18/03/2022","23:00:00","23:10:00",13,"Buffet ",20,4.7,2,"motorcycle ",2,"No ","Metropolitian ","Windy","Low ",0
"30/03/2022","10:55:00","11:00:00",22,"Meal ",21,4.2,9,"motorcycle ",0,"No ","Metropolitian ","Stormy","Low ",1
"5/03/2022","10:20:00","10:35:00",18,"Snack ",22,4.8,13,"motorcycle ",1,"No ","Metropolitian ","Sunny","Low ",0
"7/03/2022","10:45:00","10:50:00",28,"Meal ",31,4.6,23,"scooter ",2,"No ","Urban ","Sandstorms","Low ",1
"13/03/2022","19:25:00","19:35:00",17,"Snack ",21,4.6,23,"motorcycle ",2,"No ","Urban ","Sunny","Jam ",0
"6/04/2022","23:50:00","23:55:00",15,"Buffet ",35,5,23,"scooter ",2,"No ","Metropolitian ","Sandstorms","Low ",1
"12/03/2022","18:20:00","18:35:00",34,"Meal ",25,4.8,17,"motorcycle ",0,"No ","Metropolitian ","Cloudy","Medium ",1
"8/03/2022","19:45:00","19:50:00",41,"Meal ",31,4.4,12,"motorcycle ",1,"No ","Metropolitian ","Windy","Jam ",0
"23/03/2022","23:50:00","0:05:00",26,"Buffet ",32,4.6,23,"scooter ",2,"No ","Metropolitian ","Sandstorms","Low ",1
"31/03/2022","18:50:00","18:55:00",15,"Snack ",27,4.8,12,"scooter ",1,"No ","Metropolitian ","Sunny","Medium ",1
"2/03/2022","22:40:00","22:45:00",28,"Meal ",33,4.9,18,"electric_scooter ",2,"No ","Urban ","Windy","Low ",1
"24/03/2022","12:00:00","12:15:00",18,"Snack ",34,4.8,15,"motorcycle ",1,"No ","Metropolitian ","Sunny","High ",1
"24/03/2022","18:15:00","18:25:00",27,"Buffet ",25,4.7,15,"motorcycle ",0,"No ","Metropolitian ","Windy","Medium ",0
"18/02/2022","18:10:00","18:15:00",38,"Drinks ",39,4.1,17,"scooter ",1,"No ","Metropolitian ","Sandstorms","Medium ",0
"14/03/2022","19:35:00","19:40:00",29,"Meal ",31,4.6,16,"electric_scooter ",2,"No ","Urban ","Sandstorms","Jam ",0
"9/03/2022","16:10:00","16:15:00",21,"Snack ",27,4.7,16,"motorcycle ",0,"No ","Metropolitian ","Sunny","Medium ",0
"1/03/2022","18:10:00","18:20:00",30,"Drinks ",36,4.6,9,"motorcycle ",0,"No ","Metropolitian ","Stormy","Medium ",0
"18/03/2022","18:30:00","18:40:00",21,"Meal ",20,4.7,4,"scooter ",1,"No ","Metropolitian ","Stormy","Medium ",1
"26/03/2022","10:10:00","10:15:00",16,"Meal ",24,4.4,21,"motorcycle ",0,"No ","Metropolitian ","Windy","Low ",1
"24/03/2022","8:20:00","8:35:00",27,"Meal ",39,4.7,17,"motorcycle ",1,"No ","Metropolitian ","Windy","Low ",1
"13/02/2022","10:50:00","11:05:00",15,"Snack ",21,4.9,8,"motorcycle ",0,"No ","Metropolitian ","Stormy","Low ",0
"5/04/2022","15:50:00","15:55:00",15,"Meal ",37,4.6,22,"electric_scooter ",2,"No ","Metropolitian ","Fog","Medium ",1
"13/02/2022","9:40:00","9:55:00",11,"Snack ",24,4.6,22,"scooter ",1,"No ","Urban ","Sandstorms","Low ",0
"12/03/2022","19:25:00","19:30:00",45,"Buffet ",35,4.3,18,"motorcycle ",0,"No ","Metropolitian ","Stormy","Jam ",2
"4/03/2022","23:30:00","23:45:00",19,"Buffet ",30,4.7,17,"scooter ",2,"No ","Urban ","Stormy","Low ",0
"24/03/2022","21:20:00","21:30:00",20,"Snack ",29,4.9,18,"motorcycle ",0,"No ","Metropolitian ","Sandstorms","Jam ",0
"18/03/2022","20:00:00","20:05:00",48,"Drinks ",37,4.8,14,"motorcycle ",0,"No ","Metropolitian ","Windy","Jam ",2
"1/03/2022","19:10:00","19:15:00",25,"Drinks ",34,5,14,"motorcycle ",0,"No ","Metropolitian ","Sunny","Jam ",1
"4/04/2022","20:00:00","20:10:00",29,"Meal ",24,4.7,16,"electric_scooter ",2,"No ","Metropolitian ","Windy","Jam ",1
"14/03/2022","23:30:00","23:45:00",15,"Meal ",24,4.6,23,"scooter ",2,"No ","Metropolitian ","Sandstorms","Low ",0
"13/03/2022","18:10:00","18:20:00",18,"Meal ",29,4.8,16,"scooter ",1,"No ","Urban ","Fog","Medium ",0
"3/03/2022","20:15:00","20:20:00",33,"Drinks ",29,4,1,"motorcycle ",1,"No ","Metropolitian ","Stormy","Jam ",1
"4/04/2022","21:10:00","21:20:00",25,"Meal ",37,4.6,19,"motorcycle ",0,"No ","Metropolitian ","Sunny","Jam ",1
"24/03/2022","9:10:00","9:20:00",16,"Snack ",21,4.9,17,"scooter ",1,"No ","Metropolitian ","Sandstorms","Low ",0
"13/03/2022","18:40:00","18:45:00",30,"Snack ",38,4.8,22,"motorcycle ",0,"No ","Metropolitian ","Fog","Medium ",0
"5/04/2022","17:10:00","17:15:00",16,"Snack ",24,4.5,15,"motorcycle ",0,"No ","Urban ","Sandstorms","Medium ",0
"7/03/2022","17:10:00","17:20:00",24,"Meal ",25,4.7,23,"motorcycle ",0,"No ","Metropolitian ","Stormy","Medium ",1
"31/03/2022","18:45:00","19:00:00",20,"Drinks ",24,4.8,9,"scooter ",1,"No ","Metropolitian ","Sandstorms","Medium ",1
"12/03/2022","19:20:00","19:25:00",35,"Drinks ",30,4.7,15,"scooter ",2,"No ","Metropolitian ","Fog","Jam ",1
"19/03/2022","21:55:00","22:10:00",28,"Drinks ",38,4.7,3,"scooter ",2,"No ","Metropolitian ","Cloudy","Jam ",1
"15/02/2022","10:35:00","10:45:00",23,"Snack ",37,4.6,6,"motorcycle ",1,"No ","Metropolitian ","Windy","Low ",1
"10/03/2022","17:40:00","17:55:00",32,"Drinks ",37,4.3,18,"motorcycle ",0,"No ","Metropolitian ","Sunny","Medium ",1
"12/02/2022","21:20:00","21:30:00",41,"Meal ",34,3.7,14,"scooter ",2,"No ","Metropolitian ","Windy","Jam ",1
"20/03/2022","20:15:00","20:20:00",40,"Drinks ",28,4.7,7,"motorcycle ",0,"No ","Metropolitian ","Fog","Jam ",1
"15/03/2022","23:50:00","0:00:00",13,"Drinks ",21,4.6,21,"motorcycle ",0,"No ","Urban ","Sunny","Low ",1
"14/03/2022","23:45:00","0:00:00",20,"Snack ",25,4.8,17,"electric_scooter ",2,"No ","Metropolitian ","Fog","Low ",0
"8/03/2022","20:40:00","20:55:00",34,"Buffet ",38,3.8,6,"motorcycle ",1,"No ","Metropolitian ","Sunny","Jam ",1
"2/04/2022","0:00:00","0:05:00",22,"Buffet ",22,4.8,22,"scooter ",1,"No ","Metropolitian ","Fog","Low ",0
"14/03/2022","22:15:00","22:25:00",23,"Drinks ",24,4.7,19,"motorcycle ",0,"No ","Urban ","Fog","Low ",0
"4/03/2022","19:55:00","20:05:00",43,"Buffet ",33,4.3,1,"scooter ",1,"No ","Urban ","Stormy","Jam ",0
"29/03/2022","20:10:00","20:15:00",25,"Meal ",26,4.7,9,"motorcycle ",0,"No ","Metropolitian ","Stormy","Jam ",1
"7/03/2022","18:40:00","18:55:00",20,"Meal ",37,4.5,5,"motorcycle ",1,"No ","Urban ","Stormy","Medium ",1
"9/03/2022","19:30:00","19:45:00",45,"Meal ",30,4.6,23,"motorcycle ",0,"No ","Metropolitian ","Windy","Jam ",2
"31/03/2022","23:35:00","23:50:00",35,"Snack ",39,4.3,1,"motorcycle ",0,"No ","Metropolitian ","Cloudy","Low ",1
"12/03/2022","22:50:00","22:55:00",27,"Drinks ",24,4.6,16,"scooter ",1,"No ","Metropolitian ","Cloudy","Low ",0
"28/03/2022","21:30:00","21:35:00",20,"Buffet ",23,5,23,"motorcycle ",0,"No ","Urban ","Windy","Jam ",0
"3/03/2022","17:15:00","17:30:00",32,"Buffet ",37,5,16,"motorcycle ",0,"No ","Metropolitian ","Windy","Medium ",1
"26/03/2022","11:15:00","11:30:00",24,"Meal ",39,4.5,22,"motorcycle ",1,"No ","Metropolitian ","Sunny","High ",1
"3/04/2022","8:30:00","8:45:00",16,"Meal ",30,4.8,22,"scooter ",2,"No ","Metropolitian ","Fog","Low ",0
"17/03/2022","8:35:00","8:50:00",29,"Snack ",35,4.9,7,"motorcycle ",0,"No ","Metropolitian ","Sunny","Low ",0
"29/03/2022","19:55:00","20:05:00",40,"Buffet ",24,4.4,9,"scooter ",1,"Yes ","Metropolitian ","Fog","Jam ",1
"3/04/2022","10:55:00","11:05:00",23,"Buffet ",31,4.9,9,"motorcycle ",0,"No ","Metropolitian ","Sunny","Low ",0
"11/02/2022","13:50:00","14:00:00",25,"Buffet ",23,5,8,"electric_scooter ",2,"No ","Metropolitian ","Stormy","High ",1
"9/03/2022","12:30:00","12:35:00",28,"Snack ",31,4.6,16,"motorcycle ",0,"No ","Metropolitian ","Sunny","High ",1
"5/03/2022","22:50:00","22:55:00",12,"Drinks ",24,4.9,21,"scooter ",2,"No ","Urban ","Stormy","Low ",1
"8/03/2022","17:35:00","17:45:00",32,"Snack ",27,4.4,22,"scooter ",1,"No ","Metropolitian ","Sunny","Medium ",1
"15/03/2022","21:00:00","21:15:00",23,"Buffet ",39,4.9,12,"motorcycle ",0,"No ","Metropolitian ","Sunny","Jam ",1
"3/03/2022","19:55:00","20:10:00",10,"Meal ",24,4.6,16,"motorcycle ",1,"No ","Urban ","Sandstorms","Jam ",1
"6/04/2022","19:25:00","19:40:00",28,"Snack ",22,4.9,15,"scooter ",1,"No ","Metropolitian ","Sandstorms","Jam ",1
"15/02/2022","15:55:00","16:00:00",20,"Buffet ",24,5,6,"electric_scooter ",2,"No ","Metropolitian ","Windy","Medium ",1
"13/03/2022","21:30:00","21:40:00",19,"Snack ",34,4.7,19,"motorcycle ",1,"No ","Metropolitian ","Sunny","Jam ",1
"11/03/2022","8:20:00","8:25:00",23,"Buffet ",28,4.9,13,"scooter ",1,"No ","Metropolitian ","Sunny","Low ",1
"15/03/2022","11:25:00","11:30:00",45,"Snack ",23,3.7,6,"motorcycle ",0,"Yes ","Metropolitian ","Sunny","High ",0
"17/02/2022","22:20:00","22:35:00",13,"Buffet ",29,4.9,4,"scooter ",2,"No ","Metropolitian ","Sandstorms","Low ",1
"26/03/2022","8:30:00","8:40:00",23,"Meal ",37,4.9,14,"motorcycle ",1,"No ","Metropolitian ","Sandstorms","Low ",0
"16/02/2022","20:25:00","20:35:00",30,"Buffet ",24,4.7,5,"motorcycle ",1,"No ","Metropolitian ","Stormy","Jam ",1
"2/04/2022","22:10:00","22:25:00",18,"Meal ",22,4.7,9,"scooter ",2,"No ","Metropolitian ","Sandstorms","Low ",1
"14/03/2022","22:55:00","23:05:00",28,"Meal ",34,5,18,"motorcycle ",1,"No ","Metropolitian ","Fog","Low ",1
"28/03/2022","12:35:00","12:50:00",44,"Buffet ",33,4.1,9,"motorcycle ",0,"No ","Metropolitian ","Sandstorms","High ",1
"3/04/2022","13:45:00","13:50:00",31,"Meal ",24,4.9,18,"motorcycle ",0,"No ","Urban ","Sandstorms","High ",0
"7/03/2022","12:30:00","12:40:00",29,"Buffet ",26,4.6,17,"motorcycle ",0,"No ","Metropolitian ","Sunny","High ",1
"14/03/2022","19:55:00","20:05:00",18,"Buffet ",20,4.8,19,"motorcycle ",2,"No ","Metropolitian ","Sandstorms","Jam ",1
"13/02/2022","15:15:00","15:25:00",34,"Drinks ",39,4.4,9,"scooter ",1,"No ","Metropolitian ","Windy","Medium ",1
"16/02/2022","20:30:00","20:35:00",27,"Snack ",33,4.7,4,"motorcycle ",1,"No ","Metropolitian ","Stormy","Jam ",1
"5/03/2022","8:25:00","8:30:00",22,"Snack ",30,4.3,5,"motorcycle ",0,"No ","Urban ","Sandstorms","Low ",1
"2/04/2022","18:35:00","18:45:00",38,"Snack ",33,4.4,8,"motorcycle ",0,"No ","Metropolitian ","Sunny","Medium ",1
"13/03/2022","11:25:00","11:30:00",25,"Drinks ",34,4.6,19,"scooter ",2,"No ","Metropolitian ","Fog","High ",1
"1/03/2022","23:50:00","23:55:00",24,"Snack ",26,4.3,14,"motorcycle ",0,"No ","Metropolitian ","Stormy","Low ",0
"3/04/2022","17:20:00","17:25:00",22,"Drinks ",22,4.9,17,"scooter ",1,"No ","Urban ","Windy","Medium ",0
"3/03/2022","19:30:00","19:40:00",31,"Meal ",38,4.3,23,"electric_scooter ",2,"No ","Metropolitian ","Windy","Jam ",1
"18/03/2022","23:55:00","0:05:00",25,"Snack ",28,4.7,6,"motorcycle ",0,"No ","Metropolitian ","Sunny","Low ",0
"15/02/2022","14:40:00","14:45:00",33,"Buffet ",31,4.8,2,"motorcycle ",0,"No ","Metropolitian ","Sandstorms","High ",1
"19/03/2022","18:15:00","18:30:00",21,"Buffet ",28,4.9,16,"motorcycle ",0,"No ","Urban ","Sandstorms","Medium ",1
"28/03/2022","11:10:00","11:25:00",34,"Meal ",30,5,19,"motorcycle ",2,"No ","Urban ","Fog","High ",1
"2/03/2022","23:55:00","0:10:00",26,"Drinks ",27,4.9,19,"scooter ",1,"No ","Metropolitian ","Sunny","Low ",0
"11/03/2022","9:50:00","9:55:00",25,"Buffet ",36,4.7,19,"motorcycle ",1,"No ","Urban ","Stormy","Low ",0
"30/03/2022","8:35:00","8:45:00",18,"Snack ",26,4,18,"motorcycle ",0,"No ","Urban ","Sandstorms","Low ",1
"3/03/2022","11:00:00","11:05:00",13,"Meal ",21,4.7,18,"motorcycle ",2,"No ","Metropolitian ","Fog","Low ",1
"12/03/2022","18:25:00","18:35:00",31,"Snack ",39,4.4,16,"motorcycle ",0,"No ","Metropolitian ","Sunny","Medium ",0
"18/03/2022","21:25:00","21:30:00",26,"Snack ",39,4.7,8,"scooter ",1,"No ","Metropolitian ","Stormy","Jam ",0
"25/03/2022","21:20:00","21:30:00",42,"Buffet ",32,3.9,2,"motorcycle ",2,"Yes ","Metropolitian ","Stormy","Jam ",0
"31/03/2022","17:30:00","17:40:00",19,"Drinks ",22,4.7,5,"scooter ",2,"No ","Urban ","Sunny","Medium ",1
"27/03/2022","21:30:00","21:35:00",36,"Meal ",34,4.9,4,"motorcycle ",0,"No ","Metropolitian ","Windy","Jam ",1
"1/04/2022","13:35:00","13:40:00",37,"Drinks ",34,4.8,4,"motorcycle ",0,"No ","Urban ","Windy","High ",1
"29/03/2022","22:50:00","23:00:00",12,"Drinks ",22,5,23,"motorcycle ",1,"No ","Metropolitian ","Sandstorms","Low ",1
"1/04/2022","16:50:00","16:55:00",26,"Buffet ",21,4.7,19,"electric_scooter ",2,"No ","Urban ","Stormy","Medium ",0
"3/03/2022","12:30:00","12:35:00",39,"Drinks ",37,4.1,1,"motorcycle ",0,"No ","Metropolitian ","Sandstorms","High ",1
"19/03/2022","8:35:00","8:45:00",17,"Buffet ",20,4.5,9,"motorcycle ",2,"No ","Metropolitian ","Fog","Low ",0
"4/04/2022","20:15:00","20:30:00",53,"Snack ",37,4.8,8,"motorcycle ",0,"Yes ","Metropolitian ","Stormy","Jam ",3
"3/03/2022","8:50:00","8:55:00",15,"Buffet ",28,4.9,23,"motorcycle ",1,"No ","Metropolitian ","Sandstorms","Low ",1
"6/03/2022","20:35:00","20:45:00",45,"Buffet ",36,4.7,17,"motorcycle ",0,"Yes ","Urban ","Stormy","Jam ",1
"5/04/2022","11:15:00","11:30:00",20,"Drinks ",27,5,17,"scooter ",2,"No ","Metropolitian ","Windy","High ",1
"15/03/2022","9:30:00","9:40:00",17,"Drinks ",33,4.8,13,"scooter ",2,"No ","Metropolitian ","Cloudy","Low ",0
"11/03/2022","18:50:00","19:00:00",17,"Snack ",31,5,19,"motorcycle ",2,"No ","Metropolitian ","Fog","Medium ",1
"21/03/2022","10:35:00","10:50:00",16,"Buffet ",34,4.9,13,"scooter ",2,"No ","Metropolitian ","Cloudy","Low ",1
"19/03/2022","23:55:00","0:00:00",24,"Buffet ",37,4.6,9,"motorcycle ",0,"No ","Metropolitian ","Fog","Low ",0
"11/02/2022","22:00:00","22:15:00",29,"Snack ",33,4.9,8,"motorcycle ",2,"No ","Metropolitian ","Sandstorms","Jam ",0
"18/02/2022","20:45:00","20:50:00",42,"Meal ",37,4.2,3,"scooter ",2,"No ","Metropolitian ","Sandstorms","Jam ",2
"12/02/2022","22:30:00","22:35:00",15,"Snack ",20,5,4,"scooter ",2,"No ","Metropolitian ","Sandstorms","Low ",0
"1/03/2022","9:40:00","9:50:00",26,"Drinks ",38,4.6,22,"motorcycle ",0,"No ","Metropolitian ","Sunny","Low ",1
"21/03/2022","21:30:00","21:45:00",31,"Drinks ",34,4.8,8,"scooter ",1,"No ","Metropolitian ","Windy","Jam ",0
"24/03/2022","21:45:00","22:00:00",30,"Buffet ",30,4.8,8,"electric_scooter ",2,"No ","Metropolitian ","Stormy","Jam ",0
"21/03/2022","11:40:00","11:55:00",32,"Snack ",27,4.9,1,"scooter ",1,"No ","Metropolitian ","Cloudy","High ",0
"13/02/2022","15:10:00","15:20:00",26,"Meal ",38,4.9,4,"motorcycle ",0,"No ","Metropolitian ","Sunny","Medium ",1
"13/02/2022","8:20:00","8:30:00",22,"Buffet ",34,4.7,23,"motorcycle ",2,"No ","Urban ","Sandstorms","Low ",0
"17/02/2022","11:40:00","11:50:00",32,"Snack ",38,4.9,8,"motorcycle ",0,"No ","Metropolitian ","Windy","High ",2
"16/03/2022","22:30:00","22:45:00",19,"Meal ",26,5,17,"motorcycle ",2,"No ","Urban ","Stormy","Low ",1
"8/03/2022","20:00:00","20:05:00",35,"Snack ",37,3.8,6,"scooter ",1,"No ","Metropolitian ","Windy","Jam ",1
"23/03/2022","23:30:00","23:45:00",39,"Meal ",26,2.8,1,"electric_scooter ",2,"No ","Metropolitian ","Sunny","Low ",0
"14/02/2022","18:45:00","18:55:00",39,"Drinks ",38,4,12,"motorcycle ",0,"Yes ","Metropolitian ","Stormy","Medium ",1
"15/02/2022","15:00:00","15:10:00",19,"Drinks ",28,4.8,15,"motorcycle ",1,"No ","Urban ","Stormy","High ",1
"9/03/2022","22:20:00","22:25:00",24,"Buffet ",23,4.5,21,"motorcycle ",0,"No ","Metropolitian ","Cloudy","Low ",1
"10/03/2022","19:00:00","19:10:00",26,"Snack ",32,4.5,5,"scooter ",2,"No ","Urban ","Sandstorms","Medium ",1
"17/02/2022","11:10:00","11:15:00",26,"Drinks ",21,4.6,9,"scooter ",1,"No ","Metropolitian ","Fog","High ",1
"27/03/2022","22:50:00","23:05:00",20,"Snack ",22,4.6,22,"motorcycle ",0,"No ","Metropolitian ","Sunny","Low ",1
"28/03/2022","19:40:00","19:55:00",28,"Drinks ",21,4.5,9,"motorcycle ",2,"No ","Metropolitian ","Windy","Jam ",0
"28/03/2022","11:30:00","11:40:00",24,"Drinks ",22,4.9,13,"scooter ",1,"No ","Metropolitian ","Windy","High ",1
"24/03/2022","19:15:00","19:20:00",32,"Snack ",34,4.1,4,"motorcycle ",0,"No ","Urban ","Cloudy","Jam ",1
"11/03/2022","21:35:00","21:50:00",29,"Buffet ",31,4.8,17,"scooter ",2,"No ","Metropolitian ","Windy","Jam ",0
"3/04/2022","10:15:00","10:30:00",12,"Drinks ",25,4.8,19,"motorcycle ",2,"No ","Metropolitian ","Fog","Low ",0
"6/04/2022","22:45:00","23:00:00",10,"Drinks ",20,4.7,16,"electric_scooter ",2,"No ","Urban ","Stormy","Low ",0
"5/04/2022","11:00:00","11:15:00",13,"Meal ",21,4.6,22,"scooter ",2,"No ","Urban ","Sandstorms","Low ",1
"2/04/2022","22:20:00","22:35:00",28,"Snack ",29,4.6,21,"motorcycle ",1,"No ","Metropolitian ","Fog","Low ",0
"30/03/2022","17:15:00","17:30:00",27,"Meal ",32,4.7,21,"motorcycle ",1,"No ","Metropolitian ","Windy","Medium ",0
"20/03/2022","21:10:00","21:20:00",37,"Drinks ",36,4.6,3,"motorcycle ",0,"No ","Metropolitian ","Sandstorms","Jam ",1
"13/03/2022","22:20:00","22:25:00",27,"Buffet ",31,4,1,"motorcycle ",0,"No ","Metropolitian ","Stormy","Low ",1
"27/03/2022","17:15:00","17:25:00",39,"Meal ",36,4.4,4,"motorcycle ",0,"No ","Metropolitian ","Stormy","Medium ",2
"29/03/2022","19:45:00","20:00:00",23,"Buffet ",35,4.5,17,"scooter ",2,"No ","Metropolitian ","Sunny","Jam ",0
"27/03/2022","18:20:00","18:35:00",31,"Meal ",29,4.8,2,"motorcycle ",1,"No ","Metropolitian ","Fog","Medium ",1
"5/03/2022","21:35:00","21:50:00",33,"Snack ",38,4.6,16,"motorcycle ",1,"No ","Urban ","Stormy","Jam ",1
"13/03/2022","20:50:00","21:05:00",22,"Snack ",24,4.5,14,"scooter ",2,"No ","Metropolitian ","Cloudy","Jam ",1
"16/03/2022","19:10:00","19:15:00",26,"Buffet ",26,4.5,17,"scooter ",1,"No ","Metropolitian ","Sandstorms","Jam ",1
"30/03/2022","21:55:00","22:00:00",18,"Meal ",28,4.7,23,"scooter ",2,"No ","Metropolitian ","Stormy","Jam ",1
"18/02/2022","19:30:00","19:40:00",39,"Snack ",36,4.8,4,"motorcycle ",1,"No ","Metropolitian ","Fog","Jam ",2
"4/04/2022","22:20:00","22:30:00",21,"Snack ",34,4.6,22,"scooter ",2,"No ","Metropolitian ","Windy","Low ",1
"17/03/2022","17:55:00","18:10:00",26,"Buffet ",28,4.8,11,"motorcycle ",0,"No ","Metropolitian ","Fog","Medium ",0
"17/02/2022","11:25:00","11:35:00",22,"Meal ",25,4.5,6,"motorcycle ",1,"No ","Metropolitian ","Sandstorms","High ",0
"4/03/2022","17:35:00","17:40:00",33,"Snack ",38,3.8,3,"electric_scooter ",2,"No ","Urban ","Stormy","Medium ",1
"2/03/2022","20:50:00","20:55:00",20,"Meal ",27,4.8,19,"motorcycle ",0,"No ","Metropolitian ","Sunny","Jam ",1
"14/03/2022","20:55:00","21:05:00",20,"Drinks ",23,4.9,22,"scooter ",1,"No ","Metropolitian ","Windy","Jam ",1
"30/03/2022","20:00:00","20:10:00",34,"Meal ",32,5,4,"motorcycle ",1,"No ","Metropolitian ","Cloudy","Jam ",0
"27/03/2022","20:40:00","20:55:00",42,"Drinks ",34,4.6,3,"scooter ",1,"Yes ","Metropolitian ","Fog","Jam ",2
"28/03/2022","18:25:00","18:40:00",10,"Meal ",29,4.8,22,"scooter ",2,"No ","Metropolitian ","Sunny","Medium ",0
"2/03/2022","20:25:00","20:35:00",27,"Buffet ",38,4.6,18,"scooter ",1,"No ","Metropolitian ","Sandstorms","Jam ",1
"10/03/2022","20:45:00","20:50:00",33,"Meal ",35,4.3,15,"motorcycle ",0,"No ","Metropolitian ","Sunny","Jam ",1
"13/02/2022","15:35:00","15:45:00",20,"Drinks ",25,4.5,3,"scooter ",1,"No ","Metropolitian ","Stormy","Medium ",1
"26/03/2022","21:35:00","21:45:00",26,"Buffet ",21,4.9,12,"motorcycle ",0,"No ","Metropolitian ","Fog","Jam ",1
"12/02/2022","21:15:00","21:25:00",42,"Drinks ",31,4.5,8,"motorcycle ",0,"No ","Metropolitian ","Stormy","Jam ",0
"27/03/2022","18:10:00","18:20:00",33,"Snack ",30,4.6,13,"motorcycle ",0,"No ","Metropolitian ","Windy","Medium ",0
"23/03/2022","22:45:00","22:50:00",10,"Snack ",21,4.6,21,"scooter ",2,"No ","Urban ","Sandstorms","Low ",0
"18/03/2022","21:25:00","21:30:00",38,"Snack ",39,5,14,"motorcycle ",0,"No ","Metropolitian ","Windy","Jam ",1
"31/03/2022","22:55:00","23:00:00",26,"Drinks ",28,4.8,19,"scooter ",2,"No ","Metropolitian ","Cloudy","Low ",0
"13/02/2022","9:25:00","9:40:00",24,"Drinks ",33,4.4,9,"motorcycle ",0,"No ","Metropolitian ","Windy","Low ",1
"5/04/2022","12:50:00","13:05:00",18,"Snack ",27,5,18,"motorcycle ",0,"No ","Metropolitian ","Windy","High ",1
"23/03/2022","21:20:00","21:35:00",39,"Drinks ",34,4.3,11,"motorcycle ",0,"Yes ","Metropolitian ","Stormy","Jam ",1
"8/03/2022","17:15:00","17:25:00",33,"Drinks ",28,4.7,18,"motorcycle ",0,"No ","Urban ","Stormy","Medium ",1
"23/03/2022","20:45:00","20:55:00",27,"Meal ",35,4.6,17,"motorcycle ",1,"No ","Metropolitian ","Sandstorms","Jam ",1
"28/03/2022","8:30:00","8:35:00",16,"Drinks ",31,4.5,21,"electric_scooter ",2,"No ","Metropolitian ","Fog","Low ",1
"26/03/2022","13:30:00","13:35:00",30,"Drinks ",37,4.9,9,"motorcycle ",1,"No ","Metropolitian ","Cloudy","High ",1
"16/02/2022","19:45:00","19:55:00",39,"Snack ",32,4.7,8,"electric_scooter ",2,"No ","Metropolitian ","Stormy","Jam ",1
"29/03/2022","19:15:00","19:20:00",44,"Buffet ",33,4.3,19,"motorcycle ",1,"No ","Urban ","Windy","Jam ",0
"24/03/2022","22:20:00","22:35:00",24,"Drinks ",29,5,18,"electric_scooter ",2,"No ","Urban ","Sunny","Low ",0
"4/04/2022","21:45:00","21:50:00",43,"Meal ",23,4.3,11,"scooter ",1,"No ","Metropolitian ","Fog","Jam ",1
"6/03/2022","23:20:00","23:35:00",26,"Snack ",20,4.7,14,"motorcycle ",1,"No ","Metropolitian ","Fog","Low ",1
"20/03/2022","20:35:00","20:40:00",36,"Drinks ",34,4.1,6,"motorcycle ",1,"No ","Metropolitian ","Fog","Jam ",1
"30/03/2022","14:10:00","14:20:00",36,"Snack ",21,4.8,7,"motorcycle ",0,"No ","Metropolitian ","Windy","High ",2
"18/03/2022","19:10:00","19:25:00",40,"Buffet ",30,4.1,23,"scooter ",1,"No ","Metropolitian ","Cloudy","Jam ",1
"25/03/2022","19:30:00","19:35:00",38,"Snack ",25,4,1,"electric_scooter ",2,"No ","Metropolitian ","Cloudy","Jam ",1
"5/03/2022","20:55:00","21:05:00",13,"Meal ",25,4.8,18,"electric_scooter ",2,"No ","Metropolitian ","Sandstorms","Jam ",0
"16/03/2022","23:30:00","23:45:00",17,"Drinks ",26,4.7,18,"motorcycle ",0,"No ","Urban ","Sandstorms","Low ",1
"15/03/2022","8:40:00","8:50:00",29,"Snack ",35,4.5,1,"motorcycle ",1,"No ","Urban ","Windy","Low ",1
"27/03/2022","22:15:00","22:25:00",12,"Buffet ",20,4.6,17,"scooter ",1,"No ","Urban ","Stormy","Low ",1
"19/03/2022","10:20:00","10:35:00",19,"Buffet ",35,4.6,1,"motorcycle ",1,"No ","Metropolitian ","Cloudy","Low ",1
"28/03/2022","16:40:00","16:45:00",16,"Snack ",21,4.7,9,"motorcycle ",1,"No ","Metropolitian ","Cloudy","Medium ",1
"14/02/2022","23:20:00","23:25:00",26,"Buffet ",37,4.9,4,"electric_scooter ",2,"No ","Metropolitian ","Stormy","Low ",0
"27/03/2022","17:25:00","17:30:00",34,"Buffet ",36,3.6,3,"motorcycle ",1,"No ","Metropolitian ","Windy","Medium ",1
"12/02/2022","23:45:00","0:00:00",26,"Buffet ",35,4.8,23,"motorcycle ",0,"No ","Urban ","Windy","Low ",1
"3/04/2022","9:10:00","9:20:00",23,"Drinks ",33,4.2,15,"motorcycle ",0,"No ","Urban ","Stormy","Low ",0
"24/03/2022","10:35:00","10:40:00",17,"Snack ",31,4.7,22,"motorcycle ",2,"No ","Urban ","Fog","Low ",0
"5/04/2022","19:15:00","19:20:00",28,"Snack ",31,5,23,"electric_scooter ",2,"No ","Metropolitian ","Fog","Jam ",1
"3/04/2022","8:10:00","8:15:00",13,"Snack ",27,4.5,19,"motorcycle ",1,"No ","Metropolitian ","Stormy","Low ",0
"5/04/2022","11:40:00","11:50:00",29,"Meal ",29,4.7,18,"motorcycle ",0,"No ","Urban ","Fog","High ",1
"13/02/2022","14:10:00","14:25:00",23,"Snack ",26,5,19,"scooter ",1,"No ","Urban ","Sandstorms","High ",1
"4/04/2022","17:45:00","17:50:00",36,"Buffet ",21,4.5,14,"motorcycle ",0,"No ","Metropolitian ","Fog","Medium ",1
"2/03/2022","17:55:00","18:10:00",39,"Meal ",35,4.3,15,"motorcycle ",0,"No ","Metropolitian ","Sunny","Medium ",1
"2/04/2022","22:50:00","23:00:00",23,"Snack ",31,4.7,19,"motorcycle ",0,"No ","Metropolitian ","Sandstorms","Low ",1
"4/04/2022","17:20:00","17:30:00",40,"Buffet ",31,4.2,22,"motorcycle ",2,"No ","Urban ","Cloudy","Medium ",2
"4/04/2022","17:10:00","17:20:00",34,"Meal ",26,4.8,9,"motorcycle ",1,"No ","Metropolitian ","Cloudy","Medium ",1
"4/04/2022","21:50:00","22:00:00",25,"Drinks ",29,4.8,21,"scooter ",2,"No ","Metropolitian ","Windy","Jam ",0
"20/03/2022","22:35:00","22:45:00",25,"Drinks ",36,4.9,23,"motorcycle ",1,"No ","Metropolitian ","Sandstorms","Low ",1
"6/03/2022","17:20:00","17:30:00",37,"Drinks ",39,5,13,"motorcycle ",1,"No ","Metropolitian ","Fog","Medium ",1
"16/02/2022","21:50:00","22:00:00",28,"Buffet ",20,4.7,9,"motorcycle ",2,"No ","Metropolitian ","Stormy","Jam ",1
"18/03/2022","22:25:00","22:40:00",34,"Drinks ",31,3.4,21,"motorcycle ",0,"No ","Metropolitian ","Sunny","Low ",1
"16/02/2022","19:30:00","19:40:00",24,"Buffet ",27,4.5,9,"motorcycle ",1,"No ","Metropolitian ","Stormy","Jam ",0
"19/03/2022","13:10:00","13:15:00",21,"Snack ",24,4.6,11,"scooter ",2,"No ","Metropolitian ","Fog","High ",1
"16/02/2022","19:00:00","19:05:00",43,"Buffet ",37,4.2,5,"scooter ",1,"No ","Metropolitian ","Stormy","Medium ",1
"7/03/2022","10:20:00","10:35:00",18,"Snack ",39,5,22,"scooter ",2,"No ","Metropolitian ","Fog","Low ",0
"20/03/2022","18:00:00","18:10:00",46,"Drinks ",39,4.7,11,"motorcycle ",0,"No ","Metropolitian ","Fog","Medium ",1
"21/03/2022","10:55:00","11:10:00",12,"Meal ",22,4.9,18,"scooter ",1,"No ","Metropolitian ","Cloudy","Low ",1
"29/03/2022","17:20:00","17:35:00",31,"Drinks ",32,4.4,7,"electric_scooter ",2,"No ","Metropolitian ","Cloudy","Medium ",1
"1/03/2022","19:40:00","19:45:00",32,"Snack ",34,4,6,"motorcycle ",0,"No ","Metropolitian ","Stormy","Jam ",0
"23/03/2022","19:30:00","19:35:00",20,"Snack ",28,5,12,"motorcycle ",1,"No ","Metropolitian ","Sunny","Jam ",1
"20/03/2022","19:40:00","19:45:00",27,"Buffet ",37,4.9,23,"electric_scooter ",2,"No ","Metropolitian ","Sandstorms","Jam ",1
"13/03/2022","10:25:00","10:30:00",19,"Buffet ",24,4.6,22,"scooter ",1,"No ","Metropolitian ","Fog","Low ",1
"20/03/2022","21:25:00","21:30:00",22,"Meal ",29,4.6,22,"scooter ",2,"No ","Metropolitian ","Windy","Jam ",1
"17/03/2022","23:00:00","23:05:00",26,"Buffet ",34,4.9,12,"motorcycle ",1,"No ","Metropolitian ","Windy","Low ",1
"24/03/2022","20:00:00","20:10:00",42,"Drinks ",29,4.4,2,"motorcycle ",0,"No ","Metropolitian ","Sunny","Jam ",0
"7/03/2022","23:15:00","23:30:00",18,"Drinks ",39,4.7,21,"scooter ",1,"No ","Urban ","Stormy","Low ",0
"6/04/2022","17:15:00","17:20:00",27,"Drinks ",22,4.8,22,"scooter ",1,"No ","Metropolitian ","Sandstorms","Medium ",0
"1/04/2022","14:10:00","14:25:00",14,"Snack ",24,4.6,3,"scooter ",2,"No ","Urban ","Sunny","High ",1
"20/03/2022","17:30:00","17:35:00",46,"Buffet ",37,4.9,11,"motorcycle ",0,"No ","Metropolitian ","Cloudy","Medium ",1
"16/03/2022","22:30:00","22:45:00",29,"Drinks ",38,4.5,16,"motorcycle ",1,"No ","Metropolitian ","Sandstorms","Low ",1
"5/04/2022","10:15:00","10:25:00",26,"Meal ",37,4.8,16,"motorcycle ",0,"No ","Metropolitian ","Cloudy","Low ",0
"14/03/2022","20:35:00","20:45:00",45,"Buffet ",36,4.6,16,"motorcycle ",0,"No ","Metropolitian ","Sandstorms","Jam ",1
"18/02/2022","18:55:00","19:00:00",31,"Drinks ",31,4.8,4,"scooter ",2,"No ","Metropolitian ","Fog","Medium ",1
"7/03/2022","18:55:00","19:05:00",12,"Drinks ",25,4.7,16,"motorcycle ",0,"No ","Urban ","Stormy","Medium ",0
"27/03/2022","23:30:00","23:45:00",20,"Snack ",20,4.5,19,"motorcycle ",0,"No ","Metropolitian ","Sunny","Low ",1
"2/04/2022","21:00:00","21:10:00",39,"Snack ",23,4.1,5,"motorcycle ",0,"Yes ","Metropolitian ","Stormy","Jam ",0
"15/03/2022","23:20:00","23:35:00",23,"Snack ",38,4.8,17,"motorcycle ",1,"No ","Metropolitian ","Stormy","Low ",1
"25/03/2022","22:10:00","22:15:00",20,"Drinks ",28,5,22,"motorcycle ",0,"No ","Metropolitian ","Sandstorms","Low ",1
"5/03/2022","21:35:00","21:45:00",26,"Drinks ",25,4.8,19,"scooter ",1,"No ","Urban ","Sandstorms","Jam ",0
"18/03/2022","21:45:00","21:50:00",37,"Meal ",27,5,21,"motorcycle ",2,"No ","Metropolitian ","Fog","Jam ",1
"6/04/2022","21:30:00","21:40:00",42,"Drinks ",20,4.6,15,"motorcycle ",2,"No ","Metropolitian ","Fog","Jam ",0
"24/03/2022","21:50:00","21:55:00",30,"Meal ",36,4.5,7,"scooter ",1,"No ","Metropolitian ","Cloudy","Jam ",1
"2/03/2022","20:15:00","20:25:00",43,"Meal ",34,4.5,14,"scooter ",1,"No ","Metropolitian ","Stormy","Jam ",1
"29/03/2022","19:45:00","19:50:00",36,"Buffet ",36,4.6,2,"motorcycle ",0,"No ","Metropolitian ","Windy","Jam ",1
"17/03/2022","8:50:00","9:00:00",22,"Buffet ",27,4.9,2,"motorcycle ",0,"No ","Metropolitian ","Fog","Low ",0
"3/03/2022","19:45:00","20:00:00",29,"Snack ",34,5,22,"motorcycle ",2,"No ","Metropolitian ","Stormy","Jam ",1
"5/03/2022","8:20:00","8:35:00",18,"Snack ",38,4.6,23,"motorcycle ",1,"No ","Metropolitian ","Fog","Low ",0
"3/04/2022","8:50:00","9:00:00",20,"Drinks ",24,4,21,"motorcycle ",0,"No ","Metropolitian ","Stormy","Low ",0
"18/02/2022","21:45:00","21:50:00",46,"Drinks ",39,4.3,4,"scooter ",1,"No ","Metropolitian ","Fog","Jam ",1
"19/03/2022","18:35:00","18:40:00",29,"Buffet ",23,4.8,16,"motorcycle ",0,"No ","Urban ","Fog","Medium ",1
"23/03/2022","18:15:00","18:20:00",19,"Drinks ",21,4.8,19,"motorcycle ",1,"No ","Metropolitian ","Sunny","Medium ",0
"19/03/2022","23:30:00","23:35:00",21,"Snack ",35,4.8,15,"scooter ",2,"No ","Metropolitian ","Sandstorms","Low ",0
"2/03/2022","17:20:00","17:25:00",31,"Snack ",21,4.2,4,"motorcycle ",0,"No ","Metropolitian ","Stormy","Medium ",1
"6/04/2022","17:20:00","17:30:00",43,"Snack ",34,4.7,18,"motorcycle ",0,"No ","Metropolitian ","Fog","Medium ",2
"31/03/2022","22:40:00","22:50:00",15,"Drinks ",33,4.6,15,"scooter ",2,"No ","Metropolitian ","Sandstorms","Low ",1
"3/04/2022","19:25:00","19:30:00",36,"Snack ",38,4.7,15,"motorcycle ",1,"No ","Metropolitian ","Fog","Jam ",1
"16/03/2022","23:15:00","23:30:00",20,"Meal ",34,4.6,16,"electric_scooter ",2,"No ","Metropolitian ","Sunny","Low ",0
"16/02/2022","18:00:00","18:05:00",38,"Meal ",26,4.1,10,"motorcycle ",0,"No ","Metropolitian ","Sandstorms","Medium ",1
"6/03/2022","21:50:00","22:00:00",35,"Snack ",32,4,2,"scooter ",1,"No ","Metropolitian ","Sunny","Jam ",1
"5/03/2022","22:55:00","23:00:00",24,"Meal ",36,4.9,14,"motorcycle ",0,"No ","Metropolitian ","Sunny","Low ",1
"21/03/2022","10:35:00","10:50:00",16,"Buffet ",22,4.8,17,"motorcycle ",0,"No ","Metropolitian ","Cloudy","Low ",1
"7/03/2022","10:00:00","10:05:00",24,"Buffet ",30,4.5,9,"motorcycle ",0,"No ","Metropolitian ","Sunny","Low ",1
"25/03/2022","20:55:00","21:10:00",38,"Snack ",38,4.1,8,"scooter ",1,"No ","Metropolitian ","Stormy","Jam ",1
"15/02/2022","15:45:00","15:55:00",16,"Snack ",22,4.5,6,"motorcycle ",0,"No ","Urban ","Windy","Medium ",1
"30/03/2022","11:25:00","11:35:00",17,"Drinks ",25,4.9,14,"scooter ",1,"No ","Metropolitian ","Windy","High ",1
"26/03/2022","8:10:00","8:25:00",21,"Meal ",25,4.1,21,"motorcycle ",0,"No ","Metropolitian ","Sandstorms","Low ",1
"2/04/2022","22:45:00","22:55:00",21,"Snack ",20,4.9,19,"motorcycle ",0,"No ","Metropolitian ","Windy","Low ",1
"19/03/2022","10:45:00","10:55:00",23,"Meal ",25,4.1,3,"motorcycle ",0,"No ","Urban ","Windy","Low ",0
"15/02/2022","8:50:00","9:05:00",29,"Buffet ",32,4.8,4,"scooter ",1,"No ","Metropolitian ","Windy","Low ",1
"24/03/2022","14:50:00","14:55:00",25,"Buffet ",31,4.8,13,"motorcycle ",1,"No ","Metropolitian ","Windy","High ",1
"27/03/2022","23:10:00","23:15:00",11,"Drinks ",27,4.7,14,"electric_scooter ",2,"No ","Metropolitian ","Sandstorms","Low ",0
"9/03/2022","10:45:00","11:00:00",27,"Buffet ",32,4.6,9,"motorcycle ",0,"No ","Metropolitian ","Cloudy","Low ",1
"4/03/2022","0:00:00","0:05:00",27,"Drinks ",32,4.9,18,"motorcycle ",0,"No ","Metropolitian ","Sandstorms","Low ",1
"17/03/2022","19:50:00","19:55:00",47,"Buffet ",38,4.1,2,"motorcycle ",0,"No ","Metropolitian ","Sandstorms","Jam ",1
"17/03/2022","18:10:00","18:20:00",25,"Buffet ",27,4.7,21,"motorcycle ",1,"No ","Metropolitian ","Sandstorms","Medium ",1
"14/03/2022","18:10:00","18:25:00",38,"Snack ",35,4.1,6,"motorcycle ",1,"No ","Metropolitian ","Fog","Medium ",1
"5/04/2022","17:25:00","17:35:00",27,"Drinks ",30,4.6,16,"motorcycle ",0,"No ","Metropolitian ","Windy","Medium ",0
"7/03/2022","19:10:00","19:25:00",17,"Meal ",32,4.8,23,"scooter ",1,"No ","Urban ","Stormy","Jam ",0
"3/04/2022","19:20:00","19:30:00",31,"Buffet ",38,4.7,1,"motorcycle ",1,"No ","Metropolitian ","Sandstorms","Jam ",1
"23/03/2022","17:30:00","17:40:00",44,"Meal ",32,4.2,11,"motorcycle ",0,"No ","Metropolitian ","Windy","Medium ",2
"29/03/2022","23:45:00","23:55:00",22,"Buffet ",35,4.7,22,"scooter ",1,"No ","Metropolitian ","Windy","Low ",0
"16/03/2022","17:15:00","17:20:00",41,"Buffet ",35,4.2,11,"motorcycle ",0,"Yes ","Metropolitian ","Stormy","Medium ",0
"11/03/2022","8:30:00","8:35:00",26,"Snack ",34,5,17,"motorcycle ",0,"No ","Metropolitian ","Sunny","Low ",1
"29/03/2022","22:25:00","22:35:00",26,"Snack ",31,4.7,15,"motorcycle ",0,"No ","Metropolitian ","Sunny","Low ",0
"17/02/2022","14:25:00","14:40:00",29,"Meal ",20,4.8,2,"motorcycle ",0,"No ","Metropolitian ","Fog","High ",1
"24/03/2022","8:50:00","9:05:00",24,"Drinks ",30,5,16,"motorcycle ",0,"No ","Metropolitian ","Sunny","Low ",1
"4/03/2022","21:25:00","21:35:00",44,"Drinks ",36,4.9,12,"motorcycle ",0,"No ","Metropolitian ","Stormy","Jam ",1
"13/03/2022","10:40:00","10:50:00",14,"Drinks ",26,4.7,23,"scooter ",2,"No ","Metropolitian ","Cloudy","Low ",1
"17/02/2022","0:00:00","0:15:00",22,"Buffet ",28,4.2,2,"motorcycle ",0,"No ","Urban ","Stormy","Low ",1
"18/02/2022","21:15:00","21:20:00",32,"Meal ",32,4.2,5,"motorcycle ",2,"No ","Urban ","Sunny","Jam ",1
"24/03/2022","9:15:00","9:30:00",15,"Buffet ",20,4.7,17,"scooter ",2,"No ","Metropolitian ","Windy","Low ",0
"15/02/2022","15:10:00","15:15:00",10,"Snack ",26,4.8,22,"scooter ",2,"No ","Urban ","Cloudy","Medium ",0
"2/04/2022","19:25:00","19:30:00",47,"Meal ",31,4.8,3,"motorcycle ",0,"No ","Metropolitian ","Fog","Jam ",2
"13/02/2022","17:30:00","17:40:00",14,"Buffet ",26,4.8,6,"electric_scooter ",2,"No ","Metropolitian ","Fog","Medium ",0
"30/03/2022","8:35:00","8:45:00",17,"Buffet ",32,4.9,23,"scooter ",1,"No ","Metropolitian ","Sunny","Low ",1
"27/03/2022","17:30:00","17:35:00",20,"Meal ",30,4.6,12,"motorcycle ",1,"No ","Metropolitian ","Windy","Medium ",1
"29/03/2022","17:10:00","17:15:00",19,"Snack ",25,5,3,"motorcycle ",2,"No ","Urban ","Sandstorms","Medium ",0
"1/04/2022","23:40:00","23:50:00",18,"Snack ",32,4.8,19,"electric_scooter ",2,"No ","Metropolitian ","Cloudy","Low ",0
"3/03/2022","22:10:00","22:20:00",19,"Buffet ",26,4.9,23,"motorcycle ",1,"No ","Metropolitian ","Stormy","Low ",1
"5/03/2022","11:20:00","11:30:00",17,"Drinks ",27,4.8,22,"scooter ",2,"No ","Urban ","Stormy","High ",1
"15/03/2022","20:00:00","20:10:00",26,"Buffet ",32,4.8,17,"motorcycle ",0,"No ","Metropolitian ","Cloudy","Jam ",0
"16/03/2022","21:45:00","22:00:00",37,"Drinks ",29,4.6,14,"motorcycle ",0,"No ","Metropolitian ","Stormy","Jam ",1
"20/03/2022","23:35:00","23:40:00",26,"Snack ",24,4.6,9,"motorcycle ",2,"No ","Metropolitian ","Cloudy","Low ",0
"27/03/2022","23:20:00","23:25:00",27,"Meal ",39,4.9,23,"motorcycle ",0,"No ","Metropolitian ","Windy","Low ",1
"15/03/2022","20:55:00","21:05:00",35,"Snack ",32,4.3,17,"motorcycle ",0,"No ","Metropolitian ","Stormy","Jam ",2
"25/03/2022","19:50:00","20:05:00",43,"Drinks ",36,4.1,8,"motorcycle ",0,"No ","Metropolitian ","Stormy","Jam ",2
"26/03/2022","11:30:00","11:40:00",13,"Snack ",29,4.9,15,"electric_scooter ",2,"No ","Urban ","Windy","High ",1
"11/03/2022","11:00:00","11:15:00",16,"Drinks ",20,4.9,23,"scooter ",1,"No ","Metropolitian ","Sunny","Low ",0
"13/02/2022","20:00:00","20:15:00",30,"Buffet ",36,4.5,6,"motorcycle ",0,"No ","Metropolitian ","Fog","Jam ",1
"23/03/2022","20:30:00","20:40:00",49,"Drinks ",37,4.1,3,"motorcycle ",2,"No ","Semi-Urban ","Fog","Jam ",1
"2/04/2022","20:40:00","20:55:00",41,"Drinks ",29,4.6,8,"motorcycle ",0,"No ","Metropolitian ","Cloudy","Jam ",2
"17/02/2022","18:55:00","19:10:00",38,"Snack ",35,4.6,17,"motorcycle ",0,"No ","Urban ","Windy","Medium ",1
"4/03/2022","21:10:00","21:25:00",43,"Buffet ",31,4.5,23,"scooter ",2,"No ","Metropolitian ","Windy","Jam ",1
"15/02/2022","21:45:00","22:00:00",34,"Meal ",39,4.3,6,"motorcycle ",1,"No ","Metropolitian ","Stormy","Jam ",0
"2/04/2022","17:55:00","18:10:00",39,"Drinks ",36,3.6,13,"scooter ",2,"No ","Metropolitian ","Windy","Medium ",1
"15/03/2022","10:35:00","10:50:00",27,"Snack ",37,4.7,19,"scooter ",1,"No ","Metropolitian ","Sandstorms","Low ",1
"5/03/2022","20:50:00","21:05:00",26,"Buffet ",30,4.8,16,"motorcycle ",2,"No ","Urban ","Stormy","Jam ",1
"28/03/2022","10:55:00","11:00:00",22,"Buffet ",23,4.6,19,"motorcycle ",0,"No ","Metropolitian ","Fog","Low ",1
"5/04/2022","10:35:00","10:45:00",22,"Meal ",29,4.8,19,"scooter ",2,"No ","Metropolitian ","Sunny","Low ",0
"4/04/2022","22:30:00","22:40:00",44,"Meal ",32,4.7,19,"motorcycle ",0,"No ","Urban ","Cloudy","Low ",2
"19/03/2022","21:15:00","21:30:00",14,"Meal ",26,4.6,21,"scooter ",1,"No ","Metropolitian ","Sunny","Jam ",0
"25/03/2022","23:40:00","23:45:00",27,"Buffet ",36,4.6,17,"motorcycle ",0,"No ","Urban ","Sunny","Low ",1
"20/03/2022","21:45:00","21:55:00",16,"Drinks ",26,4.5,15,"motorcycle ",2,"No ","Metropolitian ","Stormy","Jam ",0
"20/03/2022","21:30:00","21:45:00",49,"Snack ",24,4.9,8,"motorcycle ",0,"No ","Metropolitian ","Cloudy","Jam ",3
"13/02/2022","18:25:00","18:40:00",16,"Meal ",23,4.8,2,"motorcycle ",0,"No ","Metropolitian ","Sunny","Medium ",0
"27/03/2022","17:30:00","17:40:00",32,"Drinks ",23,4,6,"motorcycle ",0,"No ","Metropolitian ","Stormy","Medium ",1
"8/03/2022","18:45:00","18:50:00",43,"Meal ",30,4.6,13,"scooter ",2,"No ","Metropolitian ","Fog","Medium ",0
"13/03/2022","8:40:00","8:55:00",27,"Meal ",34,4.9,16,"motorcycle ",2,"No ","Urban ","Stormy","Low ",1
"16/03/2022","23:40:00","23:45:00",20,"Drinks ",29,5,22,"motorcycle ",0,"No ","Metropolitian ","Cloudy","Low ",0
"5/03/2022","23:45:00","23:55:00",18,"Buffet ",21,4.8,22,"motorcycle ",2,"No ","Metropolitian ","Sunny","Low ",0
"15/02/2022","11:10:00","11:25:00",30,"Meal ",32,4.9,3,"motorcycle ",1,"No ","Metropolitian ","Sandstorms","High ",1
"12/03/2022","21:10:00","21:15:00",46,"Meal ",31,4.7,23,"motorcycle ",0,"No ","Urban ","Fog","Jam ",1
"3/03/2022","21:35:00","21:50:00",29,"Buffet ",39,4.7,18,"motorcycle ",1,"No ","Urban ","Sandstorms","Jam ",1
"14/02/2022","18:55:00","19:00:00",30,"Buffet ",35,5,3,"motorcycle ",0,"No ","Metropolitian ","Windy","Medium ",1
"24/03/2022","19:25:00","19:35:00",16,"Meal ",25,4.6,15,"scooter ",2,"No ","Metropolitian ","Sunny","Jam ",0
"16/02/2022","18:25:00","18:30:00",45,"Drinks ",34,4.1,19,"motorcycle ",0,"No ","Metropolitian ","Stormy","Medium ",2
"19/03/2022","12:50:00","13:00:00",28,"Drinks ",35,4.8,6,"electric_scooter ",2,"No ","Metropolitian ","Stormy","High ",1
"4/03/2022","17:10:00","17:15:00",34,"Meal ",21,4.9,17,"motorcycle ",0,"No ","Urban ","Cloudy","Medium ",1
"9/03/2022","18:10:00","18:20:00",27,"Buffet ",37,4.9,17,"motorcycle ",0,"No ","Metropolitian ","Fog","Medium ",1
"20/03/2022","21:35:00","21:40:00",46,"Drinks ",33,4.9,9,"motorcycle ",0,"Yes ","Metropolitian ","Cloudy","Jam ",1
"26/03/2022","23:15:00","23:25:00",27,"Buffet ",33,5,19,"motorcycle ",0,"No ","Urban ","Fog","Low ",0
"7/03/2022","11:00:00","11:15:00",20,"Meal ",26,4.6,23,"motorcycle ",0,"No ","Metropolitian ","Sunny","Low ",0
"17/03/2022","11:35:00","11:45:00",20,"Snack ",24,4.6,17,"scooter ",1,"No ","Urban ","Windy","High ",0
"21/03/2022","22:40:00","22:45:00",17,"Drinks ",23,4.2,3,"motorcycle ",0,"No ","Urban ","Windy","Low ",1
"23/03/2022","17:20:00","17:30:00",36,"Drinks ",27,5,11,"motorcycle ",0,"No ","Metropolitian ","Cloudy","Medium ",1
"27/03/2022","19:40:00","19:50:00",38,"Drinks ",36,4.7,2,"motorcycle ",2,"No ","Metropolitian ","Cloudy","Jam ",1
"3/03/2022","10:00:00","10:05:00",21,"Buffet ",38,4.5,23,"motorcycle ",0,"No ","Metropolitian ","Stormy","Low ",0
"15/03/2022","17:25:00","17:40:00",26,"Buffet ",24,4.5,1,"scooter ",2,"No ","Urban ","Stormy","Medium ",1
"14/03/2022","23:20:00","23:25:00",27,"Drinks ",32,4.7,22,"motorcycle ",1,"No ","Urban ","Windy","Low ",0
"27/03/2022","17:55:00","18:00:00",15,"Snack ",24,4.9,19,"motorcycle ",1,"No ","Urban ","Windy","Medium ",1
"15/03/2022","9:25:00","9:30:00",19,"Snack ",28,4.9,17,"motorcycle ",1,"No ","Urban ","Fog","Low ",1
"4/03/2022","22:50:00","23:05:00",19,"Meal ",30,4.9,12,"electric_scooter ",2,"No ","Metropolitian ","Windy","Low ",1
"10/03/2022","19:25:00","19:40:00",34,"Buffet ",25,4.7,22,"motorcycle ",0,"No ","Metropolitian ","Stormy","Jam ",1
"12/03/2022","22:10:00","22:25:00",37,"Meal ",32,4.1,11,"motorcycle ",0,"No ","Metropolitian ","Fog","Low ",2
"2/03/2022","19:35:00","19:50:00",33,"Meal ",34,3.9,3,"electric_scooter ",2,"No ","Metropolitian ","Sunny","Jam ",1
"21/03/2022","21:10:00","21:15:00",48,"Buffet ",30,4.1,11,"motorcycle ",0,"No ","Metropolitian ","Stormy","Jam ",0
"26/03/2022","12:00:00","12:15:00",10,"Buffet ",21,4.6,17,"motorcycle ",1,"No ","Metropolitian ","Windy","High ",1
"17/02/2022","23:25:00","23:35:00",23,"Snack ",35,4.8,5,"motorcycle ",1,"No ","Metropolitian ","Sandstorms","Low ",1
"26/03/2022","16:50:00","17:00:00",22,"Buffet ",22,4.7,18,"scooter ",1,"No ","Metropolitian ","Windy","Medium ",1
"10/03/2022","20:25:00","20:30:00",28,"Drinks ",21,5,15,"motorcycle ",0,"No ","Urban ","Sunny","Jam ",1
"15/02/2022","22:10:00","22:15:00",24,"Drinks ",38,5,7,"motorcycle ",0,"No ","Metropolitian ","Stormy","Low ",1
"2/03/2022","20:30:00","20:35:00",29,"Meal ",26,4.8,23,"scooter ",2,"No ","Urban ","Windy","Jam ",0
"16/03/2022","22:40:00","22:45:00",40,"Meal ",33,4.4,17,"motorcycle ",0,"No ","Metropolitian ","Cloudy","Low ",2
"26/03/2022","15:10:00","15:25:00",25,"Snack ",27,4.8,22,"electric_scooter ",2,"No ","Metropolitian ","Windy","Medium ",1
"26/03/2022","19:25:00","19:35:00",22,"Buffet ",35,4.8,17,"motorcycle ",0,"No ","Metropolitian ","Sunny","Jam ",1
"1/03/2022","14:40:00","14:55:00",27,"Drinks ",24,4.9,16,"motorcycle ",2,"No ","Urban ","Cloudy","High ",1
"5/04/2022","17:10:00","17:15:00",31,"Drinks ",36,4.2,2,"electric_scooter ",2,"No ","Metropolitian ","Windy","Medium ",0
"14/03/2022","21:40:00","21:55:00",43,"Buffet ",23,4.8,14,"scooter ",1,"No ","Metropolitian ","Fog","Jam ",2
"3/03/2022","11:10:00","11:20:00",25,"Buffet ",22,5,15,"motorcycle ",0,"No ","Metropolitian ","Fog","High ",1
"24/03/2022","18:40:00","18:50:00",19,"Drinks ",32,4.7,12,"motorcycle ",2,"No ","Metropolitian ","Cloudy","Medium ",1
"16/03/2022","18:20:00","18:35:00",30,"Meal ",35,4.6,23,"scooter ",1,"No ","Metropolitian ","Stormy","Medium ",1
"16/02/2022","21:15:00","21:25:00",44,"Snack ",38,4.1,20,"electric_scooter ",2,"No ","Metropolitian ","Stormy","Jam ",1
"13/03/2022","17:40:00","17:45:00",33,"Buffet ",38,4.8,23,"motorcycle ",2,"No ","Metropolitian ","Stormy","Medium ",0
"14/03/2022","22:00:00","22:15:00",26,"Snack ",21,4.9,12,"scooter ",1,"No ","Metropolitian ","Windy","Jam ",1
"3/04/2022","20:30:00","20:45:00",23,"Snack ",27,4.7,22,"motorcycle ",1,"No ","Metropolitian ","Fog","Jam ",1
"15/02/2022","12:55:00","13:05:00",20,"Snack ",26,5,19,"motorcycle ",2,"No ","Urban ","Windy","High ",1
"13/03/2022","18:40:00","18:45:00",30,"Snack ",38,4.8,22,"motorcycle ",0,"No ","Metropolitian ","Fog","Medium ",0
"2/04/2022","19:25:00","19:35:00",27,"Buffet ",25,4.6,19,"motorcycle ",1,"No ","Metropolitian ","Sandstorms","Jam ",0
"15/03/2022","10:55:00","11:05:00",22,"Snack ",29,4.3,13,"motorcycle ",0,"No ","Metropolitian ","Windy","Low ",0
"4/03/2022","18:55:00","19:10:00",33,"Meal ",35,4.9,16,"electric_scooter ",2,"No ","Metropolitian ","Fog","Medium ",1
"19/03/2022","21:40:00","21:45:00",37,"Drinks ",32,4.2,15,"motorcycle ",0,"No ","Metropolitian ","Windy","Jam ",1
"15/03/2022","14:10:00","14:15:00",29,"Buffet ",23,4.8,14,"motorcycle ",0,"No ","Metropolitian ","Sandstorms","High ",1
"18/03/2022","23:55:00","0:10:00",33,"Drinks ",28,3.4,22,"motorcycle ",1,"No ","Metropolitian ","Sunny","Low ",1
"23/03/2022","21:20:00","21:30:00",28,"Buffet ",20,4.5,19,"electric_scooter ",2,"No ","Metropolitian ","Stormy","Jam ",0
"27/03/2022","17:55:00","18:05:00",37,"Buffet ",33,5,2,"motorcycle ",0,"No ","Metropolitian ","Windy","Medium ",1
"2/04/2022","20:50:00","21:05:00",36,"Meal ",24,4.4,12,"motorcycle ",0,"No ","Metropolitian ","Sandstorms","Jam ",0
"18/03/2022","17:25:00","17:35:00",16,"Drinks ",20,4.6,3,"motorcycle ",1,"No ","Metropolitian ","Stormy","Medium ",0
"27/03/2022","22:20:00","22:25:00",29,"Meal ",38,4.6,3,"motorcycle ",0,"No ","Metropolitian ","Sandstorms","Low ",1
"25/03/2022","20:00:00","20:05:00",41,"Buffet ",39,4.7,1,"scooter ",1,"No ","Metropolitian ","Fog","Jam ",2
"26/03/2022","18:30:00","18:40:00",32,"Meal ",30,4.4,5,"scooter ",1,"No ","Metropolitian ","Windy","Medium ",1
"19/03/2022","21:10:00","21:20:00",16,"Buffet ",23,4.6,5,"scooter ",1,"No ","Metropolitian ","Sandstorms","Jam ",1
"2/04/2022","23:00:00","23:05:00",27,"Drinks ",32,4.7,22,"motorcycle ",2,"No ","Metropolitian ","Sunny","Low ",0
"18/02/2022","21:00:00","21:05:00",40,"Buffet ",37,3.5,3,"scooter ",1,"No ","Urban ","Sandstorms","Jam ",0
"13/03/2022","18:30:00","18:35:00",19,"Drinks ",31,4.5,23,"motorcycle ",1,"No ","Metropolitian ","Fog","Medium ",1
"5/03/2022","18:30:00","18:35:00",33,"Drinks ",31,4.4,16,"electric_scooter ",2,"No ","Metropolitian ","Stormy","Medium ",0
"17/02/2022","11:25:00","11:35:00",22,"Meal ",25,4.5,6,"motorcycle ",1,"No ","Metropolitian ","Sandstorms","High ",0
"19/03/2022","22:45:00","22:50:00",21,"Drinks ",25,4.5,7,"motorcycle ",0,"No ","Metropolitian ","Stormy","Low ",1
"12/02/2022","17:30:00","17:40:00",41,"Buffet ",35,4.6,6,"motorcycle ",0,"No ","Metropolitian ","Stormy","Medium ",0
"11/03/2022","10:10:00","10:20:00",14,"Buffet ",22,4.6,23,"scooter ",2,"No ","Urban ","Sandstorms","Low ",0
"4/03/2022","20:20:00","20:30:00",33,"Buffet ",32,4.2,5,"motorcycle ",1,"No ","Metropolitian ","Sunny","Jam ",1
"12/02/2022","20:15:00","20:20:00",37,"Buffet ",22,4.6,8,"motorcycle ",1,"No ","Metropolitian ","Fog","Jam ",1
"21/03/2022","18:40:00","18:55:00",24,"Drinks ",37,4.9,16,"scooter ",2,"No ","Metropolitian ","Sunny","Medium ",1
"14/03/2022","23:15:00","23:30:00",41,"Buffet ",25,2.8,9,"motorcycle ",1,"No ","Metropolitian ","Sunny","Low ",1
"6/03/2022","21:25:00","21:40:00",38,"Drinks ",32,3.8,5,"motorcycle ",1,"No ","Metropolitian ","Stormy","Jam ",0
"12/02/2022","23:00:00","23:10:00",41,"Snack ",38,4.4,9,"motorcycle ",0,"No ","Metropolitian ","Stormy","Low ",1
"16/03/2022","18:55:00","19:10:00",37,"Buffet ",21,4.9,23,"scooter ",1,"No ","Metropolitian ","Fog","Medium ",1
"13/03/2022","20:55:00","21:00:00",26,"Buffet ",33,4.7,23,"scooter ",1,"No ","Metropolitian ","Sandstorms","Jam ",1
"13/02/2022","18:55:00","19:00:00",30,"Snack ",37,4.7,5,"scooter ",2,"No ","Metropolitian ","Sandstorms","Medium ",1
"9/03/2022","11:50:00","12:00:00",31,"Meal ",36,4.3,16,"motorcycle ",0,"No ","Metropolitian ","Cloudy","High ",0
"23/03/2022","19:10:00","19:20:00",25,"Buffet ",35,5,17,"motorcycle ",1,"No ","Metropolitian ","Stormy","Jam ",1
"4/03/2022","19:55:00","20:05:00",28,"Drinks ",23,4.7,9,"motorcycle ",0,"No ","Metropolitian ","Windy","Jam ",1
"5/04/2022","13:50:00","14:00:00",26,"Drinks ",33,4.6,15,"motorcycle ",2,"No ","Urban ","Stormy","High ",1
"3/03/2022","18:20:00","18:35:00",26,"Buffet ",35,5,15,"motorcycle ",0,"No ","Metropolitian ","Sunny","Medium ",1
"16/03/2022","20:00:00","20:10:00",36,"Snack ",38,4.8,13,"scooter ",1,"No ","Metropolitian ","Fog","Jam ",1
"2/03/2022","20:50:00","20:55:00",29,"Meal ",31,4.7,21,"motorcycle ",1,"No ","Metropolitian ","Sunny","Jam ",1
"3/04/2022","16:25:00","16:40:00",26,"Meal ",27,5,21,"motorcycle ",0,"No ","Metropolitian ","Sandstorms","Medium ",1
"13/03/2022","11:55:00","12:00:00",49,"Snack ",32,4.7,9,"motorcycle ",0,"Yes ","Metropolitian ","Sandstorms","High ",1
"14/03/2022","23:35:00","23:50:00",40,"Buffet ",21,2.9,2,"scooter ",1,"No ","Metropolitian ","Sunny","Low ",0
"5/04/2022","13:45:00","13:50:00",31,"Drinks ",36,4.2,3,"scooter ",2,"No ","Metropolitian ","Cloudy","High ",1
"4/04/2022","23:40:00","23:55:00",24,"Drinks ",31,4.6,23,"electric_scooter ",2,"No ","Urban ","Sandstorms","Low ",1
"12/03/2022","22:55:00","23:05:00",20,"Meal ",37,4.7,19,"motorcycle ",0,"No ","Metropolitian ","Sandstorms","Low ",1
"31/03/2022","22:25:00","22:30:00",24,"Buffet ",39,4.8,12,"scooter ",2,"No ","Metropolitian ","Windy","Low ",1
"8/03/2022","21:30:00","21:45:00",19,"Drinks ",38,4.7,12,"scooter ",2,"No ","Metropolitian ","Sunny","Jam ",0
"28/03/2022","8:55:00","9:05:00",18,"Snack ",32,4.6,18,"motorcycle ",1,"No ","Metropolitian ","Fog","Low ",1
"27/03/2022","21:35:00","21:50:00",48,"Meal ",22,4.7,6,"motorcycle ",0,"No ","Metropolitian ","Cloudy","Jam ",0
"6/04/2022","20:45:00","20:50:00",48,"Snack ",30,4.7,15,"motorcycle ",0,"No ","Metropolitian ","Windy","Jam ",3
"26/03/2022","10:25:00","10:35:00",29,"Meal ",22,4.2,1,"motorcycle ",0,"No ","Urban ","Sandstorms","Low ",0
"21/03/2022","10:25:00","10:30:00",19,"Meal ",29,4.9,22,"motorcycle ",0,"No ","Metropolitian ","Fog","Low ",1
"31/03/2022","21:30:00","21:45:00",39,"Drinks ",28,4.1,13,"scooter ",1,"No ","Metropolitian ","Cloudy","Jam ",1
"1/04/2022","8:45:00","8:50:00",15,"Snack ",33,4.7,18,"scooter ",2,"No ","Metropolitian ","Fog","Low ",0
"2/03/2022","19:35:00","19:40:00",43,"Meal ",35,3.7,1,"scooter ",1,"No ","Metropolitian ","Stormy","Jam ",1
"1/03/2022","18:50:00","18:55:00",10,"Snack ",26,4.7,16,"scooter ",1,"No ","Urban ","Sunny","Medium ",0
"16/03/2022","0:00:00","0:15:00",27,"Buffet ",31,4.9,9,"motorcycle ",1,"No ","Metropolitian ","Fog","Low ",0
"14/03/2022","20:30:00","20:35:00",18,"Meal ",28,4.6,18,"motorcycle ",0,"No ","Metropolitian ","Sunny","Jam ",1
"2/03/2022","23:35:00","23:40:00",12,"Drinks ",22,4.7,22,"electric_scooter ",2,"No ","Urban ","Sandstorms","Low ",0
"16/02/2022","23:35:00","23:45:00",27,"Buffet ",34,4.9,3,"motorcycle ",1,"No ","Metropolitian ","Stormy","Low ",1
"2/03/2022","23:40:00","23:45:00",34,"Buffet ",25,3.4,2,"motorcycle ",1,"No ","Metropolitian ","Sunny","Low ",0
"9/03/2022","9:40:00","9:55:00",16,"Buffet ",26,4.9,19,"motorcycle ",0,"No ","Urban ","Stormy","Low ",1
"3/04/2022","9:30:00","9:40:00",28,"Meal ",33,4.7,23,"motorcycle ",1,"No ","Metropolitian ","Windy","Low ",1
"12/02/2022","23:40:00","23:50:00",33,"Meal ",30,3.7,20,"scooter ",2,"No ","Metropolitian ","Stormy","Low ",0
"14/02/2022","23:35:00","23:45:00",25,"Meal ",36,4.8,2,"scooter ",1,"No ","Metropolitian ","Stormy","Low ",1
"2/04/2022","21:30:00","21:45:00",35,"Buffet ",29,4.6,4,"motorcycle ",2,"No ","Metropolitian ","Cloudy","Jam ",0
"15/02/2022","20:10:00","20:20:00",23,"Drinks ",25,5,9,"scooter ",2,"No ","Metropolitian ","Stormy","Jam ",1
"13/03/2022","15:15:00","15:20:00",21,"Buffet ",27,4.8,18,"scooter ",2,"No ","Urban ","Stormy","Medium ",0
"4/04/2022","19:00:00","19:05:00",20,"Buffet ",29,4.6,16,"motorcycle ",1,"No ","Metropolitian ","Sandstorms","Medium ",0
"7/03/2022","22:55:00","23:00:00",29,"Buffet ",37,4.9,19,"motorcycle ",0,"No ","Metropolitian ","Sunny","Low ",1
"5/03/2022","15:00:00","15:05:00",24,"Drinks ",27,5,21,"motorcycle ",0,"No ","Metropolitian ","Fog","High ",0
"2/03/2022","19:45:00","20:00:00",43,"Drinks ",24,4.3,23,"motorcycle ",2,"No ","Metropolitian ","Fog","Jam ",0
"9/03/2022","11:50:00","12:00:00",31,"Meal ",36,4.3,16,"motorcycle ",0,"No ","Metropolitian ","Cloudy","High ",0
"18/03/2022","19:35:00","19:50:00",26,"Buffet ",24,4.8,5,"motorcycle ",1,"No ","Metropolitian ","Windy","Jam ",1
"30/03/2022","14:35:00","14:40:00",28,"Meal ",38,4.7,23,"motorcycle ",0,"No ","Metropolitian ","Fog","High ",1
"18/02/2022","22:40:00","22:50:00",35,"Meal ",31,4.1,12,"motorcycle ",0,"No ","Metropolitian ","Sandstorms","Low ",1
"10/03/2022","22:25:00","22:35:00",39,"Drinks ",30,4.5,19,"scooter ",2,"No ","Metropolitian ","Cloudy","Low ",0
"25/03/2022","23:45:00","23:55:00",16,"Buffet ",26,4.5,23,"motorcycle ",0,"No ","Metropolitian ","Sandstorms","Low ",1
"3/04/2022","16:55:00","17:05:00",22,"Drinks ",25,4.7,22,"motorcycle ",0,"No ","Metropolitian ","Stormy","Medium ",0
"1/04/2022","22:15:00","22:20:00",26,"Buffet ",23,4.3,23,"motorcycle ",0,"No ","Metropolitian ","Stormy","Low ",0
"21/03/2022","11:55:00","12:10:00",41,"Snack ",28,4.2,1,"motorcycle ",0,"No ","Metropolitian ","Sunny","High ",1
"11/03/2022","17:40:00","17:55:00",28,"Drinks ",21,4.7,17,"scooter ",2,"No ","Metropolitian ","Sandstorms","Medium ",1
"17/02/2022","19:55:00","20:00:00",28,"Drinks ",31,4.6,2,"scooter ",2,"No ","Metropolitian ","Fog","Jam ",0
"1/03/2022","11:55:00","12:10:00",22,"Buffet ",25,4.8,23,"scooter ",1,"No ","Metropolitian ","Stormy","High ",1
"9/03/2022","21:10:00","21:15:00",26,"Meal ",33,4.6,21,"scooter ",1,"No ","Urban ","Stormy","Jam ",1
"3/03/2022","9:50:00","10:00:00",19,"Drinks ",22,4.5,21,"motorcycle ",0,"No ","Metropolitian ","Sandstorms","Low ",1
"24/03/2022","10:15:00","10:30:00",19,"Meal ",35,4.9,23,"scooter ",1,"No ","Metropolitian ","Fog","Low ",1
"17/03/2022","13:30:00","13:45:00",33,"Buffet ",37,4.4,1,"motorcycle ",0,"No ","Urban ","Sandstorms","High ",1
"21/03/2022","18:45:00","19:00:00",18,"Buffet ",35,4.8,16,"motorcycle ",1,"No ","Metropolitian ","Fog","Medium ",1
"3/04/2022","16:15:00","16:30:00",19,"Buffet ",22,4.9,19,"scooter ",1,"No ","Urban ","Fog","Medium ",1
"2/03/2022","22:30:00","22:40:00",21,"Buffet ",22,4.9,22,"motorcycle ",0,"No ","Metropolitian ","Fog","Low ",0
"9/03/2022","19:15:00","19:20:00",22,"Buffet ",27,4.6,21,"motorcycle ",0,"No ","Metropolitian ","Fog","Jam ",1
"2/04/2022","20:55:00","21:10:00",45,"Drinks ",35,5,9,"motorcycle ",0,"No ","Metropolitian ","Cloudy","Jam ",0
"14/03/2022","17:45:00","17:55:00",25,"Snack ",30,4.8,19,"scooter ",1,"No ","Metropolitian ","Sandstorms","Medium ",0
"23/03/2022","18:30:00","18:40:00",39,"Meal ",33,4.1,3,"scooter ",2,"No ","Metropolitian ","Stormy","Medium ",1
"21/03/2022","9:10:00","9:25:00",22,"Buffet ",32,4.7,23,"scooter ",2,"No ","Metropolitian ","Windy","Low ",0
"24/03/2022","9:30:00","9:35:00",18,"Buffet ",27,4.6,23,"motorcycle ",0,"No ","Metropolitian ","Fog","Low ",1
"9/03/2022","8:15:00","8:25:00",26,"Buffet ",38,4,6,"motorcycle ",0,"No ","Urban ","Stormy","Low ",1
"18/02/2022","21:30:00","21:45:00",33,"Buffet ",23,4.7,2,"motorcycle ",1,"No ","Metropolitian ","Fog","Jam ",1
"7/03/2022","11:45:00","11:50:00",20,"Snack ",28,4.6,21,"motorcycle ",0,"No ","Urban ","Stormy","High ",1
"14/02/2022","19:15:00","19:25:00",28,"Meal ",31,4.9,8,"motorcycle ",1,"No ","Metropolitian ","Sunny","Jam ",0
"5/03/2022","23:55:00","0:00:00",16,"Meal ",34,5,17,"scooter ",1,"No ","Metropolitian ","Sunny","Low ",1
"15/02/2022","15:30:00","15:45:00",26,"Meal ",27,4.5,2,"scooter ",1,"No ","Metropolitian ","Windy","Medium ",0
"23/03/2022","18:35:00","18:40:00",33,"Drinks ",36,4.1,7,"scooter ",1,"No ","Metropolitian ","Cloudy","Medium ",1
"11/03/2022","17:30:00","17:45:00",28,"Buffet ",21,4.6,23,"motorcycle ",1,"No ","Metropolitian ","Sandstorms","Medium ",1
"17/02/2022","11:00:00","11:05:00",24,"Buffet ",34,4.6,2,"scooter ",2,"No ","Metropolitian ","Sandstorms","Low ",0
"3/04/2022","11:45:00","12:00:00",27,"Meal ",32,4.8,21,"motorcycle ",2,"No ","Metropolitian ","Windy","High ",1
"17/02/2022","18:15:00","18:20:00",29,"Buffet ",33,4.9,3,"motorcycle ",2,"No ","Metropolitian ","Sandstorms","Medium ",1
"20/03/2022","23:40:00","23:50:00",21,"Buffet ",26,5,15,"scooter ",2,"No ","Urban ","Cloudy","Low ",1
"24/03/2022","9:00:00","9:15:00",20,"Snack ",35,4.6,23,"scooter ",1,"No ","Metropolitian ","Sandstorms","Low ",1
"21/03/2022","15:30:00","15:40:00",16,"Meal ",35,4.9,22,"motorcycle ",1,"No ","Metropolitian ","Fog","Medium ",1
"1/04/2022","9:15:00","9:25:00",12,"Snack ",28,4.7,19,"scooter ",1,"No ","Metropolitian ","Fog","Low ",1
"5/04/2022","10:00:00","10:15:00",14,"Meal ",26,4.9,22,"scooter ",2,"No ","Metropolitian ","Stormy","Low ",1
"17/03/2022","17:20:00","17:30:00",26,"Snack ",33,4.5,23,"scooter ",1,"No ","Metropolitian ","Stormy","Medium ",1
"5/03/2022","14:25:00","14:35:00",37,"Buffet ",24,4.3,22,"motorcycle ",0,"No ","Metropolitian ","Stormy","High ",0
"5/03/2022","20:25:00","20:30:00",34,"Drinks ",21,5,16,"motorcycle ",1,"No ","Urban ","Stormy","Jam ",1
"1/04/2022","0:00:00","0:15:00",17,"Drinks ",20,4.9,19,"scooter ",2,"No ","Urban ","Fog","Low ",0
"13/03/2022","15:40:00","15:55:00",15,"Meal ",37,4.9,23,"motorcycle ",1,"No ","Metropolitian ","Cloudy","Medium ",1
"14/03/2022","19:50:00","20:05:00",43,"Snack ",38,4.7,22,"scooter ",1,"Yes ","Metropolitian ","Fog","Jam ",1
"3/04/2022","10:35:00","10:45:00",15,"Snack ",20,4.8,19,"motorcycle ",2,"No ","Metropolitian ","Windy","Low ",1
"31/03/2022","17:35:00","17:40:00",32,"Meal ",27,4.1,3,"motorcycle ",2,"No ","Metropolitian ","Cloudy","Medium ",0
"25/03/2022","20:50:00","20:55:00",21,"Drinks ",21,4.9,22,"scooter ",2,"No ","Metropolitian ","Stormy","Jam ",1
"27/03/2022","0:00:00","0:10:00",24,"Snack ",38,4.8,19,"electric_scooter ",2,"No ","Metropolitian ","Stormy","Low ",1
"24/03/2022","0:00:00","0:15:00",27,"Snack ",33,4.8,19,"motorcycle ",0,"No ","Urban ","Sunny","Low ",1
"30/03/2022","23:10:00","23:25:00",29,"Drinks ",37,4.3,3,"motorcycle ",0,"No ","Metropolitian ","Sandstorms","Low ",0
"4/04/2022","17:20:00","17:25:00",15,"Buffet ",23,4.9,22,"electric_scooter ",2,"No ","Urban ","Stormy","Medium ",1
"28/03/2022","13:20:00","13:35:00",30,"Snack ",37,4.7,21,"motorcycle ",1,"No ","Urban ","Fog","High ",1
"29/03/2022","23:45:00","23:55:00",26,"Buffet ",39,4.9,17,"scooter ",1,"No ","Metropolitian ","Fog","Low ",1
"3/03/2022","17:45:00","18:00:00",17,"Drinks ",24,4.7,15,"motorcycle ",0,"No ","Urban ","Stormy","Medium ",0
"6/04/2022","23:30:00","23:45:00",13,"Meal ",29,4.6,23,"scooter ",2,"No ","Urban ","Sandstorms","Low ",0
"8/03/2022","18:35:00","18:45:00",38,"Meal ",29,4.6,22,"motorcycle ",2,"No ","Metropolitian ","Fog","Medium ",2
"1/03/2022","22:00:00","22:10:00",30,"Snack ",38,4.6,23,"motorcycle ",0,"No ","Metropolitian ","Sandstorms","Jam ",0
"4/03/2022","22:15:00","22:25:00",23,"Drinks ",20,4.6,22,"electric_scooter ",2,"No ","Metropolitian ","Fog","Low ",1
"5/04/2022","11:00:00","11:15:00",13,"Meal ",21,4.6,22,"scooter ",2,"No ","Urban ","Sandstorms","Low ",1
"14/02/2022","22:35:00","22:45:00",12,"Drinks ",25,5,21,"scooter ",2,"No ","Urban ","Stormy","Low ",1
"2/04/2022","19:00:00","19:15:00",35,"Snack ",34,3.5,4,"motorcycle ",1,"No ","Metropolitian ","Stormy","Medium ",1
"17/02/2022","11:55:00","12:05:00",34,"Meal ",20,4.7,22,"motorcycle ",0,"No ","Urban ","Sandstorms","High ",1
"29/03/2022","20:20:00","20:35:00",38,"Meal ",29,4.3,11,"electric_scooter ",2,"No ","Metropolitian ","Fog","Jam ",1
"5/04/2022","14:55:00","15:10:00",25,"Snack ",30,4.5,6,"scooter ",2,"No ","Metropolitian ","Windy","High ",1
"13/03/2022","10:45:00","10:55:00",18,"Snack ",26,4.4,21,"motorcycle ",0,"No ","Metropolitian ","Sandstorms","Low ",1
"5/04/2022","20:15:00","20:20:00",47,"Snack ",38,5,22,"motorcycle ",0,"Yes ","Metropolitian ","Sandstorms","Jam ",1
"18/02/2022","22:55:00","23:05:00",23,"Meal ",35,4.9,9,"scooter ",2,"No ","Metropolitian ","Sunny","Low ",0
"13/03/2022","10:35:00","10:50:00",19,"Buffet ",21,4.6,19,"motorcycle ",1,"No ","Metropolitian ","Windy","Low ",1
"14/02/2022","18:30:00","18:40:00",38,"Drinks ",39,4.8,9,"scooter ",1,"No ","Metropolitian ","Stormy","Medium ",2
"5/03/2022","14:50:00","15:05:00",33,"Buffet ",22,4.6,19,"electric_scooter ",2,"No ","Urban ","Stormy","High ",1
"23/03/2022","23:25:00","23:35:00",25,"Meal ",27,4.8,22,"motorcycle ",2,"No ","Urban ","Cloudy","Low ",0
"23/03/2022","17:45:00","17:50:00",41,"Meal ",32,4.2,13,"motorcycle ",0,"No ","Metropolitian ","Windy","Medium ",1
"5/04/2022","17:20:00","17:35:00",16,"Buffet ",22,4.9,22,"motorcycle ",1,"No ","Metropolitian ","Fog","Medium ",0
"19/03/2022","8:50:00","9:05:00",14,"Buffet ",24,4.6,2,"motorcycle ",1,"No ","Metropolitian ","Cloudy","Low ",1
"2/04/2022","23:55:00","0:10:00",19,"Buffet ",28,4.5,23,"motorcycle ",0,"No ","Urban ","Windy","Low ",1
"5/04/2022","18:50:00","18:55:00",12,"Drinks ",26,4.8,22,"motorcycle ",0,"No ","Metropolitian ","Windy","Medium ",0
"3/04/2022","20:15:00","20:20:00",24,"Snack ",34,5,15,"scooter ",1,"No ","Urban ","Sunny","Jam ",1
"4/03/2022","22:55:00","23:00:00",43,"Buffet ",39,4.3,9,"motorcycle ",0,"No ","Metropolitian ","Fog","Low ",1
"4/03/2022","17:35:00","17:40:00",33,"Snack ",38,3.8,3,"electric_scooter ",2,"No ","Urban ","Stormy","Medium ",1
"14/02/2022","23:35:00","23:50:00",20,"Drinks ",20,4.9,8,"electric_scooter ",2,"No ","Metropolitian ","Fog","Low ",0
"13/03/2022","17:10:00","17:25:00",38,"Drinks ",30,4.6,15,"motorcycle ",0,"No ","Metropolitian ","Stormy","Medium ",0
"11/02/2022","19:50:00","19:55:00",37,"Snack ",39,4.2,9,"scooter ",1,"No ","Metropolitian ","Stormy","Jam ",1
"26/03/2022","20:30:00","20:45:00",26,"Snack ",35,4.8,16,"scooter ",1,"No ","Metropolitian ","Windy","Jam ",0
"19/03/2022","14:15:00","14:30:00",22,"Buffet ",26,4.5,13,"motorcycle ",2,"No ","Metropolitian ","Cloudy","High ",0
"2/04/2022","19:30:00","19:40:00",48,"Meal ",31,4.3,6,"scooter ",1,"No ","Metropolitian ","Cloudy","Jam ",2
"14/03/2022","17:25:00","17:35:00",32,"Buffet ",24,4.5,21,"motorcycle ",0,"No ","Metropolitian ","Cloudy","Medium ",1
"6/03/2022","22:10:00","22:15:00",25,"Buffet ",36,5,18,"scooter ",2,"No ","Urban ","Stormy","Low ",1
"30/03/2022","14:00:00","14:10:00",31,"Buffet ",30,4,5,"motorcycle ",0,"No ","Metropolitian ","Sandstorms","High ",1
"3/04/2022","15:10:00","15:15:00",19,"Buffet ",20,4.6,23,"scooter ",1,"No ","Metropolitian ","Fog","Medium ",0
"15/03/2022","20:35:00","20:45:00",19,"Snack ",35,4.9,19,"electric_scooter ",2,"No ","Urban ","Sunny","Jam ",0
"5/04/2022","14:10:00","14:20:00",47,"Meal ",30,4.8,21,"motorcycle ",0,"No ","Metropolitian ","Stormy","High ",2
"8/03/2022","18:50:00","19:00:00",44,"Meal ",33,4.9,17,"motorcycle ",1,"No ","Urban ","Stormy","Medium ",1
"6/03/2022","18:40:00","18:45:00",24,"Meal ",33,4.5,23,"scooter ",2,"No ","Metropolitian ","Stormy","Medium ",1
"6/04/2022","23:10:00","23:15:00",24,"Meal ",34,4.5,2,"motorcycle ",0,"No ","Metropolitian ","Sunny","Low ",0
"12/03/2022","21:00:00","21:05:00",32,"Meal ",35,3.9,9,"scooter ",1,"No ","Metropolitian ","Stormy","Jam ",1
"13/03/2022","15:45:00","16:00:00",39,"Buffet ",37,4.9,23,"motorcycle ",0,"No ","Urban ","Stormy","Medium ",1
"17/03/2022","22:35:00","22:50:00",18,"Drinks ",31,4.8,17,"scooter ",2,"No ","Metropolitian ","Fog","Low ",1
"18/03/2022","21:25:00","21:30:00",37,"Drinks ",37,3.7,17,"scooter ",2,"No ","Metropolitian ","Windy","Jam ",2
"10/03/2022","17:30:00","17:35:00",32,"Buffet ",34,4.2,6,"scooter ",2,"No ","Urban ","Windy","Medium ",1
"4/03/2022","22:25:00","22:30:00",29,"Snack ",27,4.5,6,"motorcycle ",0,"No ","Urban ","Stormy","Low ",1
"15/02/2022","10:40:00","10:55:00",29,"Buffet ",29,4.2,9,"motorcycle ",0,"No ","Metropolitian ","Windy","Low ",0
"13/02/2022","9:45:00","10:00:00",15,"Drinks ",28,4.8,6,"scooter ",2,"No ","Metropolitian ","Sunny","Low ",1
"19/03/2022","10:45:00","10:55:00",16,"Snack ",25,4.8,3,"electric_scooter ",2,"No ","Metropolitian ","Cloudy","Low ",1
"9/03/2022","17:15:00","17:25:00",16,"Buffet ",23,4.8,22,"electric_scooter ",2,"No ","Metropolitian ","Fog","Medium ",1
"16/02/2022","22:10:00","22:15:00",17,"Drinks ",25,4.6,4,"motorcycle ",1,"No ","Metropolitian ","Windy","Low ",1
"12/02/2022","19:55:00","20:05:00",51,"Meal ",30,4.7,3,"motorcycle ",0,"No ","Metropolitian ","Stormy","Jam ",1
"17/03/2022","14:30:00","14:40:00",25,"Meal ",36,5,21,"scooter ",2,"No ","Urban ","Stormy","High ",1
"14/03/2022","18:00:00","18:15:00",35,"Meal ",34,3.5,6,"electric_scooter ",2,"No ","Metropolitian ","Stormy","Medium ",0
"1/04/2022","13:25:00","13:35:00",19,"Meal ",24,4.8,9,"scooter ",2,"No ","Metropolitian ","Sandstorms","High ",0
"27/03/2022","19:15:00","19:20:00",20,"Meal ",21,4.9,21,"motorcycle ",1,"No ","Metropolitian ","Sunny","Jam ",1
"13/02/2022","9:10:00","9:20:00",18,"Drinks ",34,4.9,2,"scooter ",2,"No ","Metropolitian ","Stormy","Low ",1
"26/03/2022","11:35:00","11:40:00",49,"Snack ",38,4.8,22,"motorcycle ",0,"No ","Semi-Urban ","Sandstorms","High ",3
"11/02/2022","8:55:00","9:10:00",22,"Snack ",34,4.9,15,"scooter ",2,"No ","Urban ","Sandstorms","Low ",0
"13/03/2022","9:25:00","9:35:00",13,"Drinks ",23,5,13,"scooter ",1,"No ","Metropolitian ","Fog","Low ",1
"25/03/2022","22:00:00","22:10:00",51,"Meal ",34,4.7,11,"motorcycle ",0,"No ","Metropolitian ","Cloudy","Jam ",1
"30/03/2022","23:10:00","23:20:00",24,"Meal ",32,4.7,12,"motorcycle ",0,"No ","Metropolitian ","Fog","Low ",1
"6/03/2022","22:35:00","22:45:00",18,"Meal ",33,4.9,21,"electric_scooter ",2,"No ","Metropolitian ","Windy","Low ",0
"4/03/2022","22:55:00","23:00:00",43,"Buffet ",39,4.3,9,"motorcycle ",0,"No ","Metropolitian ","Fog","Low ",1
"10/03/2022","23:20:00","23:25:00",19,"Meal ",33,5,15,"scooter ",1,"No ","Urban ","Sunny","Low ",0
"2/04/2022","20:10:00","20:25:00",20,"Drinks ",29,4.6,17,"motorcycle ",2,"No ","Urban ","Stormy","Jam ",0
"17/02/2022","21:45:00","21:55:00",20,"Buffet ",32,4.5,9,"motorcycle ",0,"No ","Metropolitian ","Fog","Jam ",1
"15/03/2022","9:25:00","9:40:00",18,"Meal ",26,4.9,23,"motorcycle ",0,"No ","Metropolitian ","Cloudy","Low ",0
"23/03/2022","0:00:00","0:10:00",41,"Meal ",31,4.3,4,"motorcycle ",0,"Yes ","Metropolitian ","Cloudy","Low ",2
"15/02/2022","23:20:00","23:25:00",23,"Snack ",35,4.5,6,"motorcycle ",0,"No ","Metropolitian ","Stormy","Low ",1
"16/02/2022","20:20:00","20:25:00",18,"Buffet ",22,4.7,4,"electric_scooter ",2,"No ","Metropolitian ","Sandstorms","Jam ",0
"15/03/2022","21:45:00","22:00:00",26,"Snack ",33,4.8,18,"scooter ",2,"No ","Metropolitian ","Windy","Jam ",1
"12/03/2022","20:20:00","20:30:00",35,"Meal ",26,4.7,22,"scooter ",2,"No ","Metropolitian ","Fog","Jam ",1
"13/02/2022","12:55:00","13:00:00",32,"Snack ",38,4.7,7,"motorcycle ",0,"No ","Metropolitian ","Stormy","High ",1
"19/03/2022","11:55:00","12:10:00",17,"Drinks ",20,4.9,23,"motorcycle ",0,"No ","Urban ","Sandstorms","High ",1
"12/03/2022","22:35:00","22:40:00",10,"Buffet ",20,4.9,23,"electric_scooter ",2,"No ","Metropolitian ","Stormy","Low ",1
"27/03/2022","21:20:00","21:30:00",35,"Meal ",28,4.4,7,"motorcycle ",0,"No ","Metropolitian ","Windy","Jam ",1
"13/02/2022","11:35:00","11:50:00",11,"Buffet ",28,4.7,6,"electric_scooter ",2,"No ","Metropolitian ","Stormy","High ",0
"28/03/2022","8:35:00","8:40:00",29,"Snack ",36,5,5,"scooter ",2,"No ","Metropolitian ","Stormy","Low ",0
"18/02/2022","23:20:00","23:30:00",18,"Buffet ",36,4.6,2,"motorcycle ",2,"No ","Metropolitian ","Stormy","Low ",0
"5/04/2022","19:25:00","19:35:00",21,"Snack ",38,4.6,19,"motorcycle ",0,"No ","Metropolitian ","Sunny","Jam ",1
"31/03/2022","20:00:00","20:10:00",30,"Snack ",31,4.5,2,"motorcycle ",1,"No ","Metropolitian ","Sunny","Jam ",1
"6/03/2022","23:55:00","0:05:00",39,"Drinks ",32,4.8,23,"motorcycle ",0,"No ","Metropolitian ","Sunny","Low ",0
"19/03/2022","8:15:00","8:25:00",20,"Buffet ",30,4.8,2,"motorcycle ",1,"No ","Metropolitian ","Stormy","Low ",1
"7/03/2022","21:00:00","21:05:00",30,"Snack ",31,4.5,16,"motorcycle ",0,"No ","Metropolitian ","Sunny","Jam ",0
"29/03/2022","18:35:00","18:40:00",31,"Buffet ",30,4.2,5,"scooter ",2,"No ","Metropolitian ","Cloudy","Medium ",1
"4/03/2022","17:25:00","17:40:00",38,"Drinks ",35,4.2,9,"motorcycle ",0,"No ","Metropolitian ","Stormy","Medium ",2
"1/04/2022","21:40:00","21:55:00",34,"Buffet ",38,4.8,11,"motorcycle ",1,"No ","Metropolitian ","Stormy","Jam ",1
"18/02/2022","22:45:00","22:50:00",22,"Meal ",35,4.5,5,"motorcycle ",0,"No ","Metropolitian ","Sandstorms","Low ",1
"4/03/2022","17:45:00","17:55:00",28,"Drinks ",27,4.9,22,"scooter ",2,"No ","Metropolitian ","Windy","Medium ",1
"17/03/2022","15:45:00","16:00:00",28,"Buffet ",36,4.6,3,"motorcycle ",0,"No ","Metropolitian ","Fog","Medium ",0
"29/03/2022","18:25:00","18:35:00",15,"Drinks ",28,4.8,19,"scooter ",2,"No ","Metropolitian ","Sunny","Medium ",1
"1/04/2022","9:30:00","9:35:00",14,"Drinks ",37,4.9,19,"motorcycle ",1,"No ","Urban ","Sunny","Low ",1
"20/03/2022","23:30:00","23:35:00",17,"Meal ",28,5,23,"motorcycle ",1,"No ","Metropolitian ","Windy","Low ",0
"10/03/2022","21:15:00","21:30:00",18,"Meal ",26,4.8,13,"scooter ",1,"No ","Metropolitian ","Stormy","Jam ",1
"26/03/2022","16:00:00","16:15:00",26,"Snack ",30,4.7,15,"motorcycle ",0,"No ","Metropolitian ","Cloudy","Medium ",1
"4/03/2022","17:45:00","18:00:00",38,"Drinks ",34,4.8,17,"motorcycle ",0,"No ","Metropolitian ","Windy","Medium ",1
"15/03/2022","9:10:00","9:15:00",21,"Drinks ",36,4.8,22,"scooter ",2,"No ","Metropolitian ","Sandstorms","Low ",1
"3/04/2022","8:25:00","8:35:00",18,"Drinks ",37,4.8,22,"motorcycle ",1,"No ","Metropolitian ","Sunny","Low ",1
"23/03/2022","17:40:00","17:55:00",28,"Buffet ",25,4.6,14,"scooter ",2,"No ","Metropolitian ","Sandstorms","Medium ",0
"13/03/2022","23:25:00","23:40:00",20,"Snack ",31,4.3,21,"motorcycle ",0,"No ","Metropolitian ","Windy","Low ",1
"1/04/2022","11:00:00","11:05:00",16,"Drinks ",39,4.9,19,"motorcycle ",1,"No ","Metropolitian ","Sunny","Low ",1
"11/03/2022","18:20:00","18:25:00",17,"Buffet ",34,4.6,19,"scooter ",1,"No ","Urban ","Cloudy","Medium ",1
"15/03/2022","10:30:00","10:35:00",21,"Meal ",33,4.8,15,"motorcycle ",0,"No ","Metropolitian ","Sunny","Low ",0
"9/03/2022","18:30:00","18:35:00",23,"Drinks ",39,5,12,"motorcycle ",0,"No ","Metropolitian ","Sunny","Medium ",0
"7/03/2022","9:35:00","9:45:00",13,"Meal ",20,4.5,6,"scooter ",1,"No ","Urban ","Stormy","Low ",0
"14/03/2022","17:20:00","17:25:00",38,"Drinks ",38,4.6,22,"motorcycle ",1,"No ","Urban ","Fog","Medium ",1
"26/03/2022","9:10:00","9:25:00",11,"Drinks ",28,4.9,22,"scooter ",2,"No ","Urban ","Windy","Low ",0
"17/03/2022","21:00:00","21:15:00",16,"Drinks ",31,4.7,3,"motorcycle ",1,"No ","Metropolitian ","Sunny","Jam ",0
"17/02/2022","11:35:00","11:40:00",29,"Snack ",39,4.7,21,"scooter ",1,"No ","Urban ","Stormy","High ",1
"13/02/2022","9:30:00","9:45:00",20,"Meal ",38,4.8,9,"motorcycle ",0,"No ","Metropolitian ","Sunny","Low ",1
"29/03/2022","18:00:00","18:05:00",36,"Buffet ",27,4.9,3,"motorcycle ",1,"No ","Metropolitian ","Fog","Medium ",1
"3/04/2022","11:00:00","11:10:00",24,"Drinks ",34,4.7,9,"motorcycle ",0,"No ","Metropolitian ","Cloudy","Low ",1
"30/03/2022","12:40:00","12:55:00",29,"Buffet ",29,4.8,13,"scooter ",2,"No ","Metropolitian ","Cloudy","High ",1
"2/04/2022","17:45:00","17:50:00",20,"Snack ",28,4.6,23,"motorcycle ",0,"No ","Metropolitian ","Stormy","Medium ",0
"9/03/2022","12:40:00","12:55:00",10,"Drinks ",25,4.5,22,"scooter ",2,"No ","Metropolitian ","Sandstorms","High ",0
"19/03/2022","17:50:00","18:00:00",19,"Drinks ",28,4.7,15,"motorcycle ",1,"No ","Urban ","Fog","Medium ",0
"6/03/2022","22:30:00","22:40:00",29,"Meal ",38,4.8,19,"motorcycle ",0,"No ","Urban ","Stormy","Low ",0
"2/03/2022","17:30:00","17:40:00",44,"Buffet ",35,4.8,22,"scooter ",2,"No ","Metropolitian ","Stormy","Medium ",0
"4/04/2022","17:25:00","17:40:00",21,"Meal ",32,4.6,21,"motorcycle ",1,"No ","Metropolitian ","Sunny","Medium ",0
"17/02/2022","19:25:00","19:35:00",24,"Snack ",22,5,5,"scooter ",2,"No ","Metropolitian ","Fog","Jam ",1
"12/02/2022","23:25:00","23:40:00",22,"Snack ",21,4.7,3,"motorcycle ",2,"No ","Metropolitian ","Stormy","Low ",0
"11/03/2022","13:45:00","13:50:00",51,"Snack ",26,3.7,7,"motorcycle ",0,"No ","Metropolitian ","Sunny","High ",3
"4/04/2022","22:10:00","22:25:00",18,"Drinks ",26,4.6,18,"motorcycle ",1,"No ","Metropolitian ","Stormy","Low ",1
"28/03/2022","19:55:00","20:05:00",33,"Meal ",31,4.4,3,"motorcycle ",1,"No ","Metropolitian ","Cloudy","Jam ",1
"20/03/2022","21:20:00","21:35:00",34,"Drinks ",30,4.3,13,"motorcycle ",1,"No ","Metropolitian ","Sandstorms","Jam ",1
"4/04/2022","23:10:00","23:25:00",35,"Snack ",24,3.2,15,"scooter ",1,"No ","Metropolitian ","Sunny","Low ",1
"21/03/2022","20:15:00","20:20:00",16,"Snack ",29,4.6,15,"scooter ",2,"No ","Urban ","Sunny","Jam ",1
"24/03/2022","11:00:00","11:15:00",19,"Snack ",20,4.7,21,"motorcycle ",1,"No ","Metropolitian ","Cloudy","Low ",0
"18/02/2022","17:40:00","17:50:00",38,"Drinks ",26,4.7,8,"motorcycle ",0,"No ","Metropolitian ","Sandstorms","Medium ",2
"13/02/2022","22:40:00","22:45:00",14,"Drinks ",22,4.5,9,"scooter ",2,"No ","Metropolitian ","Windy","Low ",0
"9/03/2022","23:45:00","0:00:00",15,"Drinks ",20,4.7,23,"scooter ",2,"No ","Metropolitian ","Cloudy","Low ",0
"10/03/2022","20:35:00","20:45:00",34,"Drinks ",25,4.9,18,"motorcycle ",0,"No ","Urban ","Sunny","Jam ",1
"14/03/2022","17:45:00","17:50:00",38,"Meal ",27,4.6,22,"motorcycle ",0,"No ","Metropolitian ","Fog","Medium ",1
"3/04/2022","15:25:00","15:30:00",31,"Meal ",33,4.9,4,"electric_scooter ",2,"No ","Metropolitian ","Stormy","Medium ",0
"12/02/2022","22:35:00","22:45:00",20,"Meal ",24,4.7,19,"motorcycle ",1,"No ","Urban ","Cloudy","Low ",1
"30/03/2022","23:25:00","23:40:00",18,"Drinks ",35,4.5,19,"motorcycle ",2,"No ","Metropolitian ","Fog","Low ",1
"9/03/2022","19:30:00","19:35:00",35,"Buffet ",33,4,3,"scooter ",1,"No ","Metropolitian ","Fog","Jam ",2
"15/03/2022","10:50:00","11:00:00",16,"Buffet ",39,4.9,23,"electric_scooter ",2,"No ","Metropolitian ","Fog","Low ",1
"1/04/2022","10:55:00","11:05:00",16,"Meal ",34,5,23,"motorcycle ",2,"No ","Metropolitian ","Fog","Low ",1
"5/03/2022","16:35:00","16:40:00",10,"Buffet ",22,4.6,15,"motorcycle ",1,"No ","Urban ","Stormy","Medium ",0
"1/04/2022","20:35:00","20:45:00",29,"Snack ",21,5,9,"motorcycle ",1,"No ","Metropolitian ","Stormy","Jam ",1
"3/04/2022","14:40:00","14:45:00",29,"Meal ",36,4.6,2,"motorcycle ",1,"No ","Metropolitian ","Sandstorms","High ",1
"17/02/2022","22:35:00","22:40:00",25,"Drinks ",24,4.2,3,"motorcycle ",0,"No ","Urban ","Stormy","Low ",1
"30/03/2022","9:25:00","9:30:00",27,"Drinks ",28,4.1,12,"motorcycle ",0,"No ","Metropolitian ","Windy","Low ",1
"7/03/2022","21:40:00","21:45:00",37,"Drinks ",34,4.2,9,"electric_scooter ",2,"No ","Metropolitian ","Fog","Jam ",1
"4/04/2022","17:25:00","17:30:00",23,"Meal ",33,4.9,21,"motorcycle ",2,"No ","Metropolitian ","Sandstorms","Medium ",1
"15/02/2022","22:10:00","22:15:00",30,"Snack ",34,4.2,7,"motorcycle ",0,"No ","Metropolitian ","Stormy","Low ",0
"5/03/2022","23:10:00","23:20:00",19,"Drinks ",36,4.7,9,"electric_scooter ",2,"No ","Metropolitian ","Stormy","Low ",1
"16/02/2022","21:50:00","22:00:00",28,"Buffet ",20,4.7,9,"motorcycle ",2,"No ","Metropolitian ","Stormy","Jam ",1
"1/03/2022","20:35:00","20:50:00",27,"Drinks ",21,4.8,9,"motorcycle ",0,"No ","Metropolitian ","Fog","Jam ",1
"30/03/2022","13:55:00","14:00:00",38,"Snack ",37,4.6,11,"scooter ",2,"Yes ","Metropolitian ","Cloudy","High ",1
"13/02/2022","22:00:00","22:10:00",27,"Buffet ",27,4.8,9,"motorcycle ",2,"No ","Metropolitian ","Stormy","Jam ",0
"10/03/2022","17:15:00","17:25:00",29,"Buffet ",34,4.9,23,"scooter ",2,"No ","Urban ","Sunny","Medium ",1
"6/04/2022","21:00:00","21:15:00",30,"Snack ",25,4.6,23,"motorcycle ",1,"No ","Metropolitian ","Cloudy","Jam ",0
"25/03/2022","23:00:00","23:15:00",28,"Meal ",34,4.8,15,"scooter ",2,"No ","Metropolitian ","Sandstorms","Low ",1
"26/03/2022","20:50:00","21:05:00",23,"Snack ",24,4.6,15,"scooter ",2,"No ","Urban ","Sandstorms","Jam ",1
"1/04/2022","21:25:00","21:35:00",42,"Buffet ",32,4.1,9,"motorcycle ",0,"No ","Metropolitian ","Sandstorms","Jam ",1
"2/03/2022","20:20:00","20:25:00",49,"Meal ",32,4.1,6,"motorcycle ",1,"No ","Metropolitian ","Stormy","Jam ",1
"7/03/2022","16:20:00","16:35:00",31,"Buffet ",30,4.4,14,"motorcycle ",1,"No ","Metropolitian ","Windy","Medium ",1
"20/03/2022","19:00:00","19:10:00",33,"Drinks ",36,4.8,8,"scooter ",1,"No ","Metropolitian ","Fog","Medium ",1
"3/03/2022","23:35:00","23:50:00",20,"Meal ",27,4,4,"motorcycle ",0,"No ","Urban ","Sandstorms","Low ",0
"12/02/2022","21:30:00","21:40:00",20,"Snack ",23,4.8,2,"scooter ",2,"No ","Metropolitian ","Sunny","Jam ",1
"17/03/2022","19:15:00","19:20:00",31,"Drinks ",30,4.1,8,"motorcycle ",0,"No ","Metropolitian ","Fog","Jam ",1
"16/03/2022","18:35:00","18:40:00",42,"Meal ",35,4.6,17,"motorcycle ",1,"No ","Metropolitian ","Fog","Medium ",1
"29/03/2022","17:15:00","17:25:00",37,"Buffet ",32,4.3,6,"motorcycle ",2,"No ","Metropolitian ","Windy","Medium ",1
"14/03/2022","17:50:00","18:00:00",31,"Buffet ",22,4.8,15,"motorcycle ",0,"No ","Metropolitian ","Cloudy","Medium ",1
"21/03/2022","15:00:00","15:15:00",16,"Drinks ",36,4.6,22,"scooter ",2,"No ","Metropolitian ","Sunny","High ",1
"7/03/2022","11:10:00","11:15:00",16,"Buffet ",25,4.7,22,"scooter ",2,"No ","Metropolitian ","Sunny","High ",1
"25/03/2022","23:10:00","23:25:00",12,"Snack ",21,4.8,15,"scooter ",2,"No ","Urban ","Sandstorms","Low ",0
"3/03/2022","8:40:00","8:55:00",16,"Meal ",33,4.9,9,"scooter ",1,"No ","Metropolitian ","Sunny","Low ",0
"21/03/2022","16:20:00","16:25:00",35,"Buffet ",32,4.3,5,"motorcycle ",0,"No ","Urban ","Windy","Medium ",1
"2/04/2022","21:50:00","21:55:00",43,"Buffet ",39,5,17,"motorcycle ",0,"No ","Urban ","Windy","Jam ",1
"12/03/2022","17:10:00","17:15:00",21,"Snack ",36,4.6,19,"scooter ",2,"No ","Metropolitian ","Sunny","Medium ",1
"11/02/2022","13:40:00","13:55:00",45,"Buffet ",39,4.2,2,"motorcycle ",0,"No ","Metropolitian ","Sandstorms","High ",0
"30/03/2022","19:20:00","19:25:00",15,"Meal ",23,4.9,22,"electric_scooter ",2,"No ","Metropolitian ","Sunny","Jam ",1
"31/03/2022","21:45:00","21:50:00",15,"Meal ",25,4.8,4,"scooter ",2,"No ","Urban ","Sandstorms","Jam ",1
"14/02/2022","23:45:00","0:00:00",23,"Snack ",28,4.6,5,"motorcycle ",1,"No ","Metropolitian ","Stormy","Low ",1
"13/02/2022","17:45:00","18:00:00",34,"Buffet ",34,4.3,4,"motorcycle ",2,"No ","Urban ","Sandstorms","Medium ",1
"6/03/2022","20:35:00","20:50:00",21,"Drinks ",26,4.8,9,"motorcycle ",0,"No ","Metropolitian ","Sunny","Jam ",1
"30/03/2022","20:00:00","20:10:00",34,"Meal ",32,5,4,"motorcycle ",1,"No ","Metropolitian ","Cloudy","Jam ",0
"30/03/2022","11:55:00","12:05:00",29,"Drinks ",39,4.7,9,"scooter ",2,"No ","Metropolitian ","Stormy","High ",1
"10/03/2022","20:30:00","20:45:00",29,"Meal ",22,4.6,23,"motorcycle ",0,"No ","Metropolitian ","Stormy","Jam ",0
"1/03/2022","14:20:00","14:35:00",23,"Snack ",34,4.7,14,"scooter ",2,"No ","Metropolitian ","Sunny","High ",0
"14/02/2022","0:00:00","0:15:00",22,"Snack ",36,4.8,19,"scooter ",1,"No ","Urban ","Sunny","Low ",1
"11/03/2022","21:25:00","21:40:00",27,"Drinks ",34,4.7,15,"scooter ",1,"No ","Metropolitian ","Stormy","Jam ",0
"15/03/2022","17:55:00","18:05:00",28,"Snack ",35,4.9,23,"motorcycle ",0,"No ","Urban ","Cloudy","Medium ",0
"26/03/2022","23:20:00","23:30:00",18,"Meal ",21,4.5,3,"scooter ",1,"No ","Urban ","Fog","Low ",1
"15/03/2022","14:40:00","14:55:00",26,"Snack ",35,4.6,16,"motorcycle ",0,"No ","Urban ","Cloudy","High ",0
"15/02/2022","15:30:00","15:35:00",16,"Snack ",34,4.9,5,"scooter ",2,"No ","Metropolitian ","Stormy","Medium ",0
"6/03/2022","20:35:00","20:40:00",39,"Drinks ",31,4.1,3,"motorcycle ",1,"No ","Metropolitian ","Stormy","Jam ",0
"12/02/2022","23:55:00","0:10:00",25,"Meal ",31,4.7,19,"motorcycle ",0,"No ","Urban ","Sunny","Low ",1
"4/04/2022","20:50:00","21:00:00",36,"Snack ",38,4.5,8,"scooter ",1,"No ","Metropolitian ","Sandstorms","Jam ",2
"14/03/2022","18:35:00","18:50:00",26,"Drinks ",21,4.6,18,"scooter ",2,"No ","Metropolitian ","Stormy","Medium ",1
"5/04/2022","9:45:00","10:00:00",16,"Snack ",23,4.9,17,"scooter ",2,"No ","Metropolitian ","Stormy","Low ",0
"15/03/2022","10:55:00","11:00:00",21,"Snack ",23,4.9,23,"motorcycle ",0,"No ","Urban ","Cloudy","Low ",1
"4/04/2022","17:45:00","18:00:00",25,"Drinks ",29,4.7,22,"scooter ",1,"No ","Metropolitian ","Fog","Medium ",1
"15/03/2022","23:20:00","23:35:00",28,"Buffet ",39,5,22,"scooter ",2,"No ","Metropolitian ","Windy","Low ",0
"2/03/2022","20:00:00","20:10:00",17,"Drinks ",21,4.6,15,"scooter ",1,"No ","Metropolitian ","Stormy","Jam ",1
"11/03/2022","12:55:00","13:10:00",11,"Buffet ",23,4.9,18,"electric_scooter ",2,"No ","Metropolitian ","Sandstorms","High ",0
"17/02/2022","10:50:00","10:55:00",13,"Snack ",27,4.5,6,"motorcycle ",1,"No ","Metropolitian ","Sandstorms","Low ",0
"14/02/2022","18:30:00","18:45:00",35,"Meal ",30,4.2,7,"scooter ",2,"No ","Metropolitian ","Fog","Medium ",2
"18/02/2022","20:50:00","21:00:00",14,"Meal ",20,5,9,"scooter ",1,"No ","Metropolitian ","Fog","Jam ",1
"6/04/2022","19:45:00","20:00:00",30,"Drinks ",23,4.8,23,"motorcycle ",2,"No ","Urban ","Fog","Jam ",0
"11/03/2022","18:45:00","18:50:00",33,"Snack ",33,5,23,"motorcycle ",0,"No ","Metropolitian ","Cloudy","Medium ",1
"31/03/2022","18:45:00","19:00:00",49,"Meal ",33,4.3,13,"motorcycle ",0,"No ","Metropolitian ","Sandstorms","Medium ",3
"1/04/2022","21:15:00","21:25:00",23,"Snack ",27,4.7,23,"motorcycle ",1,"No ","Metropolitian ","Sandstorms","Jam ",0
"1/03/2022","16:40:00","16:55:00",29,"Meal ",36,4.8,3,"motorcycle ",0,"No ","Metropolitian ","Fog","Medium ",1
"28/03/2022","17:20:00","17:35:00",27,"Snack ",23,4.8,19,"motorcycle ",2,"No ","Urban ","Stormy","Medium ",0
"26/03/2022","11:35:00","11:50:00",33,"Drinks ",38,4,7,"scooter ",2,"No ","Metropolitian ","Cloudy","High ",1
"2/04/2022","23:35:00","23:40:00",43,"Snack ",27,2.9,13,"scooter ",1,"No ","Metropolitian ","Sunny","Low ",1
"5/03/2022","21:00:00","21:15:00",31,"Buffet ",33,4.4,19,"motorcycle ",0,"No ","Metropolitian ","Fog","Jam ",1
"16/03/2022","21:55:00","22:05:00",43,"Snack ",34,3.8,2,"scooter ",2,"Yes ","Urban ","Stormy","Jam ",1
"21/03/2022","17:45:00","17:50:00",30,"Drinks ",39,4.5,4,"scooter ",1,"No ","Urban ","Stormy","Medium ",1
"26/03/2022","10:35:00","10:40:00",10,"Drinks ",25,4.6,21,"scooter ",1,"No ","Metropolitian ","Windy","Low ",1
"1/04/2022","8:25:00","8:40:00",29,"Meal ",37,4.4,12,"motorcycle ",0,"No ","Metropolitian ","Sandstorms","Low ",1
"3/03/2022","15:25:00","15:35:00",20,"Drinks ",21,4.6,19,"scooter ",2,"No ","Metropolitian ","Stormy","Medium ",0
"6/04/2022","18:10:00","18:20:00",34,"Buffet ",34,4.7,21,"motorcycle ",2,"No ","Metropolitian ","Cloudy","Medium ",0
"3/04/2022","23:35:00","23:45:00",24,"Snack ",25,4.7,23,"motorcycle ",0,"No ","Metropolitian ","Cloudy","Low ",1
"20/03/2022","19:00:00","19:15:00",18,"Meal ",20,4.6,23,"scooter ",2,"No ","Metropolitian ","Sunny","Medium ",0
"28/03/2022","17:55:00","18:00:00",30,"Buffet ",34,5,3,"motorcycle ",2,"No ","Metropolitian ","Stormy","Medium ",0
"17/02/2022","11:30:00","11:35:00",44,"Drinks ",28,4.5,5,"motorcycle ",0,"No ","Metropolitian ","Sandstorms","High ",1
"26/03/2022","21:00:00","21:05:00",21,"Snack ",25,4.9,23,"motorcycle ",1,"No ","Urban ","Fog","Jam ",1
"16/02/2022","17:30:00","17:45:00",29,"Meal ",24,4.7,17,"scooter ",1,"No ","Urban ","Fog","Medium ",0
"12/03/2022","19:45:00","19:50:00",52,"Buffet ",34,4.3,13,"motorcycle ",0,"No ","Metropolitian ","Sandstorms","Jam ",1
"7/03/2022","23:10:00","23:20:00",22,"Snack ",26,4.7,19,"motorcycle ",0,"No ","Urban ","Fog","Low ",1
"14/03/2022","21:25:00","21:35:00",25,"Drinks ",38,4.7,16,"scooter ",2,"No ","Metropolitian ","Sandstorms","Jam ",1
"2/03/2022","20:20:00","20:25:00",33,"Drinks ",29,4.9,17,"motorcycle ",0,"No ","Metropolitian ","Windy","Jam ",1
"10/03/2022","18:50:00","19:05:00",18,"Meal ",30,4.7,13,"scooter ",2,"No ","Metropolitian ","Sunny","Medium ",1
"4/04/2022","19:15:00","19:20:00",17,"Meal ",21,5,19,"motorcycle ",2,"No ","Urban ","Sunny","Jam ",1
"3/03/2022","8:45:00","8:50:00",15,"Buffet ",23,5,13,"motorcycle ",0,"No ","Metropolitian ","Fog","Low ",0
"27/03/2022","22:35:00","22:40:00",35,"Meal ",31,3.6,2,"motorcycle ",2,"No ","Metropolitian ","Fog","Low ",1
"10/03/2022","17:10:00","17:15:00",17,"Snack ",21,4.6,19,"scooter ",1,"No ","Urban ","Sunny","Medium ",0
"7/03/2022","22:30:00","22:40:00",11,"Buffet ",20,4.8,23,"motorcycle ",1,"No ","Urban ","Stormy","Low ",1
"17/03/2022","17:50:00","18:05:00",22,"Snack ",27,4.8,13,"motorcycle ",0,"No ","Metropolitian ","Cloudy","Medium ",1
"2/03/2022","21:45:00","21:50:00",43,"Buffet ",25,4.9,19,"motorcycle ",0,"No ","Metropolitian ","Fog","Jam ",2
"19/03/2022","20:45:00","20:50:00",49,"Meal ",24,4.4,19,"motorcycle ",0,"No ","Metropolitian ","Sunny","Jam ",1
"5/04/2022","9:15:00","9:30:00",13,"Drinks ",23,5,23,"motorcycle ",0,"No ","Urban ","Sunny","Low ",1
"12/03/2022","19:30:00","19:40:00",37,"Meal ",26,4.8,15,"scooter ",2,"No ","Metropolitian ","Fog","Jam ",1
"2/04/2022","19:40:00","19:55:00",42,"Drinks ",22,4.3,7,"electric_scooter ",2,"No ","Metropolitian ","Cloudy","Jam ",1
"26/03/2022","16:50:00","16:55:00",15,"Buffet ",20,5,23,"scooter ",2,"No ","Metropolitian ","Fog","Medium ",1
"17/03/2022","22:10:00","22:15:00",17,"Buffet ",27,4.5,5,"scooter ",1,"No ","Metropolitian ","Sandstorms","Low ",0
"26/03/2022","19:35:00","19:45:00",36,"Snack ",30,4.6,2,"motorcycle ",0,"No ","Metropolitian ","Stormy","Jam ",1
"25/03/2022","18:40:00","18:50:00",33,"Buffet ",33,5,4,"motorcycle ",0,"No ","Metropolitian ","Sandstorms","Medium ",2
"5/03/2022","21:30:00","21:40:00",32,"Snack ",38,4.2,11,"scooter ",1,"No ","Metropolitian ","Stormy","Jam ",1
"11/03/2022","15:50:00","15:55:00",32,"Drinks ",31,4.2,3,"scooter ",2,"No ","Metropolitian ","Stormy","Medium ",0
"12/02/2022","22:25:00","22:40:00",23,"Snack ",32,4.8,17,"motorcycle ",0,"No ","Urban ","Sandstorms","Low ",1
"10/03/2022","17:15:00","17:25:00",19,"Drinks ",24,4.8,18,"motorcycle ",1,"No ","Metropolitian ","Sunny","Medium ",1
"2/04/2022","23:25:00","23:30:00",24,"Snack ",28,4.6,19,"motorcycle ",0,"No ","Urban ","Fog","Low ",1
"28/03/2022","15:20:00","15:30:00",25,"Meal ",38,4.7,12,"motorcycle ",0,"No ","Metropolitian ","Stormy","Medium ",0
"1/04/2022","22:30:00","22:45:00",19,"Buffet ",33,4.8,5,"motorcycle ",1,"No ","Urban ","Fog","Low ",1
"30/03/2022","17:35:00","17:40:00",36,"Drinks ",33,4.8,13,"motorcycle ",0,"No ","Metropolitian ","Sandstorms","Medium ",1
"9/03/2022","0:00:00","0:05:00",16,"Snack ",28,4.7,14,"scooter ",2,"No ","Metropolitian ","Stormy","Low ",1
"9/03/2022","12:15:00","12:20:00",48,"Meal ",25,3.5,9,"motorcycle ",0,"Yes ","Metropolitian ","Sunny","High ",1
"21/03/2022","20:35:00","20:50:00",20,"Drinks ",27,4.6,22,"motorcycle ",1,"No ","Urban ","Sandstorms","Jam ",0
"31/03/2022","18:25:00","18:30:00",25,"Snack ",29,4.7,2,"electric_scooter ",2,"No ","Urban ","Sandstorms","Medium ",0
"12/03/2022","21:35:00","21:40:00",36,"Drinks ",33,4.2,5,"scooter ",2,"No ","Metropolitian ","Sandstorms","Jam ",1
"14/02/2022","17:40:00","17:55:00",31,"Drinks ",32,4.7,5,"motorcycle ",0,"No ","Metropolitian ","Stormy","Medium ",1
"14/03/2022","17:30:00","17:40:00",18,"Drinks ",23,5,23,"scooter ",1,"No ","Metropolitian ","Stormy","Medium ",1
"18/02/2022","22:45:00","23:00:00",42,"Buffet ",38,4,18,"motorcycle ",0,"No ","Metropolitian ","Sandstorms","Low ",2
"4/03/2022","20:30:00","20:35:00",40,"Snack ",37,4.4,9,"motorcycle ",2,"No ","Metropolitian ","Sandstorms","Jam ",2
"31/03/2022","22:25:00","22:35:00",27,"Snack ",29,4.9,17,"electric_scooter ",2,"No ","Urban ","Fog","Low ",0
"3/03/2022","14:45:00","14:50:00",35,"Drinks ",38,4,9,"scooter ",1,"No ","Metropolitian ","Fog","High ",1
"13/02/2022","21:30:00","21:35:00",22,"Buffet ",30,5,9,"motorcycle ",1,"No ","Metropolitian ","Sunny","Jam ",0
"16/03/2022","22:40:00","22:50:00",19,"Snack ",31,4.9,12,"scooter ",1,"No ","Metropolitian ","Windy","Low ",1
"6/04/2022","23:55:00","0:05:00",31,"Snack ",28,3.5,3,"scooter ",1,"No ","Metropolitian ","Sunny","Low ",1
"30/03/2022","20:50:00","21:00:00",25,"Drinks ",24,4.7,21,"motorcycle ",0,"No ","Metropolitian ","Sandstorms","Jam ",1
"11/02/2022","19:10:00","19:20:00",28,"Meal ",23,4.8,8,"motorcycle ",1,"No ","Metropolitian ","Fog","Jam ",1
"8/03/2022","19:55:00","20:10:00",41,"Snack ",30,4.7,23,"motorcycle ",0,"No ","Metropolitian ","Sandstorms","Jam ",1
"13/03/2022","10:25:00","10:35:00",33,"Meal ",39,4.1,5,"motorcycle ",0,"No ","Metropolitian ","Windy","Low ",0
"1/03/2022","9:35:00","9:40:00",19,"Drinks ",33,4.6,16,"scooter ",1,"No ","Urban ","Fog","Low ",1
"5/04/2022","16:25:00","16:30:00",18,"Buffet ",30,4.6,23,"motorcycle ",1,"No ","Metropolitian ","Cloudy","Medium ",0
"29/03/2022","0:00:00","0:05:00",15,"Snack ",21,4.6,16,"motorcycle ",0,"No ","Metropolitian ","Windy","Low ",1
"27/03/2022","23:50:00","0:00:00",19,"Drinks ",25,4.5,19,"motorcycle ",0,"No ","Metropolitian ","Stormy","Low ",1
"3/04/2022","21:45:00","21:55:00",21,"Snack ",20,4.6,23,"motorcycle ",0,"No ","Metropolitian ","Sandstorms","Jam ",1
"25/03/2022","22:35:00","22:50:00",19,"Drinks ",26,4.7,18,"motorcycle ",0,"No ","Metropolitian ","Sandstorms","Low ",0
"6/04/2022","23:10:00","23:25:00",36,"Drinks ",39,5,16,"motorcycle ",0,"No ","Urban ","Cloudy","Low ",0
"18/03/2022","18:15:00","18:20:00",32,"Snack ",31,5,17,"motorcycle ",0,"No ","Metropolitian ","Sandstorms","Medium ",1
"4/04/2022","22:50:00","22:55:00",18,"Meal ",33,4.9,22,"electric_scooter ",2,"No ","Metropolitian ","Stormy","Low ",1
"13/03/2022","23:30:00","23:40:00",18,"Drinks ",26,4.6,18,"motorcycle ",2,"No ","Urban ","Cloudy","Low ",1
"15/02/2022","20:15:00","20:20:00",32,"Buffet ",39,4,10,"motorcycle ",1,"No ","Metropolitian ","Sandstorms","Jam ",1
"30/03/2022","8:50:00","9:05:00",21,"Meal ",31,4.9,19,"scooter ",2,"No ","Metropolitian ","Sandstorms","Low ",1
"5/04/2022","22:35:00","22:45:00",16,"Buffet ",31,4.8,18,"motorcycle ",2,"No ","Metropolitian ","Sunny","Low ",1
"3/03/2022","23:40:00","23:55:00",22,"Drinks ",32,4.7,12,"motorcycle ",0,"No ","Metropolitian ","Stormy","Low ",1
"21/03/2022","9:20:00","9:25:00",17,"Drinks ",22,4.7,23,"motorcycle ",0,"No ","Metropolitian ","Fog","Low ",1
"31/03/2022","21:15:00","21:20:00",21,"Drinks ",37,4.8,2,"scooter ",2,"No ","Urban ","Sunny","Jam ",0
"9/03/2022","9:45:00","10:00:00",14,"Drinks ",29,4.9,16,"electric_scooter ",2,"No ","Metropolitian ","Windy","Low ",0
"3/04/2022","18:10:00","18:15:00",24,"Buffet ",20,4.7,18,"scooter ",1,"No ","Metropolitian ","Windy","Medium ",0
"5/04/2022","22:00:00","22:10:00",26,"Drinks ",26,4.6,17,"scooter ",1,"No ","Urban ","Sandstorms","Jam ",1
"3/03/2022","8:40:00","8:50:00",31,"Drinks ",30,4.3,23,"motorcycle ",0,"No ","Metropolitian ","Stormy","Low ",1
"14/03/2022","17:40:00","17:50:00",42,"Meal ",35,4,3,"motorcycle ",2,"No ","Metropolitian ","Fog","Medium ",1
"1/04/2022","9:00:00","9:10:00",28,"Snack ",32,5,22,"motorcycle ",1,"No ","Metropolitian ","Windy","Low ",1
"18/02/2022","22:15:00","22:30:00",27,"Buffet ",35,4.7,2,"motorcycle ",1,"No ","Metropolitian ","Stormy","Low ",0
"24/03/2022","21:20:00","21:35:00",25,"Snack ",31,4.6,13,"motorcycle ",0,"No ","Metropolitian ","Cloudy","Jam ",0
"24/03/2022","23:20:00","23:30:00",18,"Meal ",31,4.7,17,"motorcycle ",2,"No ","Metropolitian ","Cloudy","Low ",1
"4/04/2022","23:35:00","23:45:00",22,"Drinks ",36,4.8,22,"motorcycle ",0,"No ","Urban ","Sandstorms","Low ",1
"13/03/2022","22:45:00","22:50:00",16,"Buffet ",21,4.9,19,"scooter ",1,"No ","Urban ","Sunny","Low ",1
"25/03/2022","21:30:00","21:35:00",30,"Snack ",22,4.6,5,"motorcycle ",2,"No ","Metropolitian ","Fog","Jam ",1
"15/03/2022","11:10:00","11:15:00",30,"Buffet ",33,5,21,"scooter ",1,"No ","Metropolitian ","Windy","High ",1
"8/03/2022","17:40:00","17:50:00",39,"Meal ",30,4.5,12,"motorcycle ",1,"No ","Metropolitian ","Stormy","Medium ",2
"24/03/2022","19:30:00","19:35:00",24,"Meal ",21,4.6,15,"motorcycle ",0,"No ","Metropolitian ","Stormy","Jam ",0
"14/03/2022","20:35:00","20:40:00",37,"Meal ",29,4,1,"scooter ",2,"No ","Urban ","Cloudy","Jam ",1
"6/04/2022","17:35:00","17:45:00",35,"Snack ",22,4.3,4,"motorcycle ",0,"No ","Metropolitian ","Sandstorms","Medium ",1
"27/03/2022","22:10:00","22:25:00",27,"Meal ",34,5,21,"motorcycle ",0,"No ","Metropolitian ","Sandstorms","Low ",1
"14/03/2022","18:20:00","18:25:00",24,"Meal ",27,4.9,19,"motorcycle ",0,"No ","Metropolitian ","Stormy","Medium ",1
"14/03/2022","22:35:00","22:45:00",31,"Buffet ",35,3.1,6,"motorcycle ",0,"No ","Metropolitian ","Sunny","Low ",0
"18/03/2022","19:45:00","19:50:00",37,"Drinks ",29,4.9,23,"scooter ",1,"No ","Metropolitian ","Fog","Jam ",1
"2/03/2022","19:10:00","19:15:00",24,"Snack ",23,4.6,16,"motorcycle ",1,"No ","Metropolitian ","Stormy","Jam ",1
"2/03/2022","23:35:00","23:40:00",19,"Drinks ",29,4.8,22,"motorcycle ",0,"No ","Metropolitian ","Stormy","Low ",1
"13/02/2022","23:55:00","0:05:00",18,"Drinks ",36,4.7,9,"scooter ",1,"No ","Metropolitian ","Fog","Low ",1
"24/03/2022","11:00:00","11:10:00",25,"Buffet ",39,4.1,9,"motorcycle ",0,"No ","Metropolitian ","Stormy","Low ",1
"16/02/2022","23:25:00","23:30:00",20,"Snack ",28,4.8,8,"motorcycle ",0,"No ","Metropolitian ","Fog","Low ",1
"16/03/2022","19:25:00","19:30:00",16,"Buffet ",22,4.8,18,"scooter ",1,"No ","Metropolitian ","Windy","Jam ",1
"18/02/2022","19:30:00","19:40:00",12,"Meal ",26,4.7,18,"motorcycle ",2,"No ","Urban ","Sunny","Jam ",1
"8/03/2022","19:20:00","19:30:00",40,"Snack ",39,4,3,"scooter ",1,"No ","Metropolitian ","Fog","Jam ",2
"11/02/2022","23:35:00","23:45:00",17,"Drinks ",34,4.9,4,"electric_scooter ",2,"No ","Metropolitian ","Stormy","Low ",1
"31/03/2022","21:20:00","21:35:00",40,"Meal ",38,4.2,3,"motorcycle ",1,"No ","Metropolitian ","Fog","Jam ",1
"31/03/2022","18:40:00","18:55:00",31,"Snack ",21,4.2,5,"motorcycle ",1,"No ","Metropolitian ","Fog","Medium ",1
"3/04/2022","9:45:00","10:00:00",10,"Buffet ",24,4.8,17,"scooter ",2,"No ","Urban ","Stormy","Low ",0
"2/03/2022","17:55:00","18:10:00",39,"Drinks ",21,4.4,6,"motorcycle ",0,"No ","Urban ","Sandstorms","Medium ",1
"17/02/2022","20:35:00","20:40:00",24,"Snack ",36,4.5,3,"scooter ",2,"No ","Metropolitian ","Sandstorms","Jam ",1
"1/04/2022","17:00:00","17:15:00",23,"Snack ",31,4.7,4,"motorcycle ",0,"No ","Urban ","Sunny","Medium ",1
"17/02/2022","17:35:00","17:40:00",34,"Buffet ",33,4,10,"motorcycle ",0,"No ","Metropolitian ","Stormy","Medium ",1
"9/03/2022","22:40:00","22:50:00",21,"Drinks ",25,4.7,14,"scooter ",1,"No ","Metropolitian ","Sunny","Low ",1
"17/03/2022","18:55:00","19:05:00",17,"Snack ",27,4.9,17,"motorcycle ",0,"No ","Metropolitian ","Stormy","Medium ",1
"2/03/2022","18:00:00","18:10:00",33,"Buffet ",35,4.9,23,"motorcycle ",0,"No ","Metropolitian ","Sunny","Medium ",0
"7/03/2022","17:20:00","17:25:00",16,"Buffet ",21,4.5,3,"motorcycle ",0,"No ","Urban ","Stormy","Medium ",1
"17/03/2022","11:00:00","11:05:00",18,"Buffet ",28,4.8,21,"scooter ",1,"No ","Urban ","Sunny","Low ",1
"1/04/2022","10:20:00","10:35:00",27,"Snack ",23,4.4,23,"motorcycle ",0,"No ","Metropolitian ","Windy","Low ",0
"3/04/2022","9:15:00","9:30:00",19,"Drinks ",28,5,9,"motorcycle ",0,"No ","Metropolitian ","Cloudy","Low ",1
"6/04/2022","23:50:00","23:55:00",18,"Meal ",27,4.9,21,"motorcycle ",0,"No ","Metropolitian ","Sandstorms","Low ",0
"1/04/2022","17:00:00","17:10:00",17,"Snack ",32,4.9,23,"electric_scooter ",2,"No ","Metropolitian ","Fog","Medium ",1
"24/03/2022","20:50:00","21:00:00",25,"Buffet ",29,4.7,16,"scooter ",2,"No ","Metropolitian ","Stormy","Jam ",1
"9/03/2022","10:15:00","10:25:00",23,"Snack ",37,4.7,23,"scooter ",1,"No ","Metropolitian ","Sandstorms","Low ",1
"5/03/2022","21:50:00","22:00:00",26,"Meal ",25,4.8,12,"motorcycle ",0,"No ","Metropolitian ","Sunny","Jam ",1
"28/03/2022","17:20:00","17:30:00",21,"Buffet ",28,4.6,14,"electric_scooter ",2,"No ","Metropolitian ","Sandstorms","Medium ",1
"8/03/2022","19:50:00","19:55:00",39,"Buffet ",38,4.3,16,"electric_scooter ",2,"No ","Metropolitian ","Stormy","Jam ",2
"28/03/2022","11:10:00","11:25:00",28,"Buffet ",33,4.6,9,"motorcycle ",0,"No ","Metropolitian ","Cloudy","High ",0
"14/03/2022","21:00:00","21:10:00",44,"Meal ",25,4.4,9,"motorcycle ",1,"Yes ","Metropolitian ","Fog","Jam ",1
"4/04/2022","21:15:00","21:25:00",30,"Snack ",38,4.9,4,"scooter ",2,"No ","Metropolitian ","Stormy","Jam ",1
"2/03/2022","21:40:00","21:50:00",18,"Meal ",29,5,16,"scooter ",1,"No ","Metropolitian ","Sandstorms","Jam ",0
"21/03/2022","19:30:00","19:40:00",15,"Snack ",21,4.6,18,"motorcycle ",1,"No ","Metropolitian ","Sandstorms","Jam ",1
"11/02/2022","8:50:00","9:05:00",19,"Drinks ",22,4.8,5,"motorcycle ",1,"No ","Metropolitian ","Windy","Low ",0
"21/03/2022","21:45:00","21:55:00",26,"Snack ",20,4.7,13,"motorcycle ",2,"No ","Metropolitian ","Fog","Jam ",0
"18/02/2022","23:00:00","23:15:00",28,"Snack ",34,4.8,9,"scooter ",1,"No ","Metropolitian ","Fog","Low ",1
"1/03/2022","21:15:00","21:25:00",37,"Snack ",23,5,22,"motorcycle ",0,"No ","Metropolitian ","Stormy","Jam ",1
"13/02/2022","18:35:00","18:50:00",33,"Drinks ",39,4.7,22,"electric_scooter ",2,"No ","Urban ","Windy","Medium ",1
"2/04/2022","18:45:00","18:50:00",29,"Drinks ",32,4.7,3,"scooter ",2,"No ","Metropolitian ","Windy","Medium ",1
"6/03/2022","19:20:00","19:35:00",11,"Snack ",29,4.8,21,"scooter ",2,"No ","Urban ","Stormy","Jam ",0
"1/04/2022","9:30:00","9:40:00",21,"Meal ",24,4.1,21,"motorcycle ",0,"No ","Metropolitian ","Stormy","Low ",1
"7/03/2022","23:50:00","0:00:00",21,"Buffet ",28,4.1,2,"motorcycle ",0,"No ","Metropolitian ","Windy","Low ",0
"6/04/2022","17:35:00","17:40:00",16,"Meal ",20,4.5,3,"scooter ",1,"No ","Metropolitian ","Sunny","Medium ",1
"6/04/2022","21:50:00","22:00:00",40,"Meal ",33,3.8,1,"motorcycle ",1,"No ","Urban ","Sandstorms","Jam ",0
"7/03/2022","10:20:00","10:25:00",23,"Buffet ",30,4.3,19,"motorcycle ",0,"No ","Metropolitian ","Sandstorms","Low ",1
"24/03/2022","18:10:00","18:15:00",25,"Buffet ",29,4.6,23,"motorcycle ",0,"No ","Metropolitian ","Cloudy","Medium ",1
"30/03/2022","18:15:00","18:30:00",30,"Drinks ",39,4.5,4,"motorcycle ",0,"No ","Metropolitian ","Windy","Medium ",1
"14/02/2022","21:15:00","21:20:00",32,"Snack ",20,4.8,4,"scooter ",1,"No ","Metropolitian ","Fog","Jam ",1
"31/03/2022","23:15:00","23:20:00",15,"Meal ",26,4.9,19,"motorcycle ",0,"No ","Metropolitian ","Stormy","Low ",0
"28/03/2022","21:55:00","22:05:00",18,"Meal ",25,4.8,18,"scooter ",2,"No ","Urban ","Sandstorms","Jam ",1
"12/02/2022","18:20:00","18:30:00",23,"Meal ",23,4.9,23,"motorcycle ",1,"No ","Urban ","Windy","Medium ",0
"21/03/2022","9:10:00","9:15:00",19,"Snack ",29,4.7,23,"electric_scooter ",2,"No ","Metropolitian ","Sandstorms","Low ",1
"13/02/2022","18:45:00","18:55:00",29,"Drinks ",31,4.7,4,"motorcycle ",0,"No ","Metropolitian ","Stormy","Medium ",1
"21/03/2022","10:55:00","11:00:00",15,"Buffet ",23,4.7,23,"scooter ",1,"No ","Metropolitian ","Sunny","Low ",1
"27/03/2022","17:10:00","17:15:00",27,"Buffet ",21,4.9,18,"motorcycle ",1,"No ","Urban ","Stormy","Medium ",1
"14/03/2022","22:15:00","22:25:00",30,"Snack ",33,4.7,22,"motorcycle ",0,"No ","Metropolitian ","Sunny","Low ",0
"19/03/2022","22:45:00","22:50:00",24,"Drinks ",32,4.8,2,"motorcycle ",0,"No ","Metropolitian ","Cloudy","Low ",1
"1/03/2022","11:40:00","11:55:00",29,"Snack ",27,4.9,17,"motorcycle ",0,"No ","Metropolitian ","Sandstorms","High ",1
"15/03/2022","10:30:00","10:35:00",15,"Meal ",27,4.6,9,"electric_scooter ",2,"No ","Metropolitian ","Cloudy","Low ",0
"10/03/2022","18:55:00","19:00:00",35,"Meal ",37,4,2,"scooter ",2,"No ","Metropolitian ","Cloudy","Medium ",1
"16/02/2022","20:00:00","20:05:00",43,"Drinks ",36,3.6,16,"electric_scooter ",2,"No ","Metropolitian ","Stormy","Jam ",2
"23/03/2022","17:50:00","18:00:00",31,"Drinks ",21,5,1,"motorcycle ",1,"No ","Metropolitian ","Fog","Medium ",1
"16/02/2022","19:35:00","19:40:00",43,"Meal ",23,4.7,7,"motorcycle ",1,"No ","Metropolitian ","Fog","Jam ",1
"4/03/2022","23:00:00","23:05:00",26,"Drinks ",37,4.8,12,"scooter ",1,"No ","Metropolitian ","Stormy","Low ",1
"17/02/2022","22:40:00","22:45:00",28,"Buffet ",34,4.3,8,"motorcycle ",0,"No ","Metropolitian ","Stormy","Low ",1
"5/03/2022","20:30:00","20:45:00",20,"Buffet ",29,4.8,15,"scooter ",2,"No ","Metropolitian ","Sunny","Jam ",0
"2/04/2022","19:30:00","19:40:00",22,"Drinks ",24,4.6,19,"scooter ",2,"No ","Metropolitian ","Sandstorms","Jam ",0
"27/03/2022","20:45:00","20:55:00",25,"Drinks ",27,4.7,19,"scooter ",2,"No ","Metropolitian ","Sandstorms","Jam ",0
"26/03/2022","20:20:00","20:25:00",18,"Snack ",20,4.8,17,"scooter ",1,"No ","Urban ","Sandstorms","Jam ",1
"8/03/2022","22:55:00","23:00:00",28,"Meal ",38,4.7,9,"motorcycle ",0,"No ","Metropolitian ","Sandstorms","Low ",0
"3/03/2022","15:10:00","15:20:00",19,"Snack ",26,5,22,"motorcycle ",0,"No ","Urban ","Sunny","Medium ",1
"3/03/2022","17:25:00","17:40:00",16,"Snack ",25,4.6,15,"motorcycle ",1,"No ","Metropolitian ","Sunny","Medium ",0
"21/03/2022","10:50:00","11:05:00",27,"Drinks ",32,4.6,21,"motorcycle ",1,"No ","Metropolitian ","Stormy","Low ",1
"7/03/2022","11:45:00","12:00:00",14,"Meal ",21,4.7,19,"motorcycle ",2,"No ","Urban ","Stormy","High ",1
"17/02/2022","23:35:00","23:50:00",15,"Buffet ",36,4.5,5,"scooter ",1,"No ","Urban ","Cloudy","Low ",0
"2/04/2022","23:40:00","23:50:00",34,"Buffet ",35,4.4,13,"scooter ",1,"No ","Metropolitian ","Cloudy","Low ",0
"16/02/2022","19:40:00","19:55:00",44,"Snack ",22,5,9,"scooter ",2,"No ","Metropolitian ","Stormy","Jam ",3
"18/03/2022","19:55:00","20:00:00",27,"Snack ",22,4.6,7,"motorcycle ",2,"No ","Metropolitian ","Sandstorms","Jam ",1
"11/02/2022","18:30:00","18:45:00",19,"Snack ",22,4.9,7,"motorcycle ",1,"No ","Metropolitian ","Fog","Medium ",1
"20/03/2022","20:20:00","20:25:00",20,"Buffet ",27,4.8,17,"motorcycle ",0,"No ","Metropolitian ","Sunny","Jam ",1
"10/03/2022","22:20:00","22:25:00",36,"Meal ",24,2.9,13,"scooter ",1,"No ","Metropolitian ","Sunny","Low ",1
"14/03/2022","20:00:00","20:05:00",42,"Buffet ",31,4.2,3,"motorcycle ",0,"No ","Urban ","Stormy","Jam ",3
"12/02/2022","21:40:00","21:55:00",40,"Drinks ",24,4.9,5,"motorcycle ",2,"No ","Metropolitian ","Stormy","Jam ",1
"13/02/2022","8:15:00","8:25:00",25,"Buffet ",31,5,9,"motorcycle ",0,"No ","Metropolitian ","Fog","Low ",1
"1/03/2022","16:00:00","16:05:00",30,"Buffet ",32,4.8,23,"motorcycle ",0,"No ","Metropolitian ","Sandstorms","Medium ",1
"18/02/2022","18:55:00","19:10:00",22,"Drinks ",21,4.5,1,"motorcycle ",1,"No ","Urban ","Sandstorms","Medium ",0
"13/02/2022","8:10:00","8:25:00",27,"Buffet ",32,4.6,8,"motorcycle ",2,"No ","Metropolitian ","Stormy","Low ",1
"14/03/2022","23:25:00","23:40:00",36,"Drinks ",37,3.6,11,"scooter ",1,"No ","Metropolitian ","Fog","Low ",1
"26/03/2022","10:30:00","10:35:00",26,"Drinks ",39,4.5,22,"motorcycle ",0,"No ","Metropolitian ","Sunny","Low ",1
"28/03/2022","18:25:00","18:40:00",30,"Drinks ",31,4.7,9,"scooter ",2,"No ","Metropolitian ","Stormy","Medium ",1
"2/04/2022","23:50:00","23:55:00",21,"Buffet ",37,4.8,23,"motorcycle ",0,"No ","Metropolitian ","Sandstorms","Low ",1
"8/03/2022","21:00:00","21:10:00",21,"Buffet ",24,4.6,18,"electric_scooter ",2,"No ","Metropolitian ","Sunny","Jam ",1
"13/02/2022","10:50:00","11:05:00",22,"Buffet ",36,4.8,7,"motorcycle ",1,"No ","Metropolitian ","Sandstorms","Low ",1
"3/04/2022","23:10:00","23:25:00",22,"Drinks ",27,4.3,9,"motorcycle ",0,"No ","Metropolitian ","Sandstorms","Low ",1
"18/02/2022","17:35:00","17:50:00",25,"Buffet ",24,4.6,4,"motorcycle ",1,"No ","Metropolitian ","Sandstorms","Medium ",0
"3/04/2022","8:50:00","9:00:00",22,"Meal ",35,4.9,18,"motorcycle ",0,"No ","Metropolitian ","Fog","Low ",1
"21/03/2022","10:00:00","10:05:00",16,"Meal ",24,5,18,"motorcycle ",0,"No ","Urban ","Sunny","Low ",1
"4/04/2022","20:00:00","20:10:00",29,"Meal ",24,4.7,16,"electric_scooter ",2,"No ","Metropolitian ","Windy","Jam ",1
"12/03/2022","21:20:00","21:35:00",23,"Buffet ",28,4.5,2,"scooter ",2,"No ","Urban ","Stormy","Jam ",0
"5/03/2022","10:55:00","11:05:00",19,"Buffet ",39,4.6,13,"scooter ",1,"No ","Metropolitian ","Fog","Low ",0
"11/03/2022","10:35:00","10:45:00",23,"Meal ",33,4.7,16,"scooter ",2,"No ","Metropolitian ","Windy","Low ",0
"16/02/2022","19:20:00","19:25:00",42,"Meal ",39,4.2,4,"motorcycle ",0,"No ","Metropolitian ","Sunny","Jam ",2
"29/03/2022","23:20:00","23:35:00",18,"Buffet ",28,4.9,12,"motorcycle ",2,"No ","Metropolitian ","Stormy","Low ",0
"4/04/2022","21:10:00","21:20:00",15,"Drinks ",27,4.7,18,"scooter ",1,"No ","Urban ","Sunny","Jam ",1
"19/03/2022","8:35:00","8:50:00",21,"Snack ",37,4.9,12,"motorcycle ",1,"No ","Metropolitian ","Stormy","Low ",0
"2/03/2022","23:55:00","0:05:00",27,"Meal ",33,4.9,18,"scooter ",1,"No ","Metropolitian ","Stormy","Low ",1
"23/03/2022","21:25:00","21:40:00",21,"Drinks ",22,4.9,23,"scooter ",1,"No ","Metropolitian ","Windy","Jam ",1
"15/02/2022","12:45:00","12:50:00",33,"Meal ",38,5,5,"scooter ",1,"No ","Metropolitian ","Stormy","High ",1
"28/03/2022","11:40:00","11:50:00",30,"Buffet ",36,4.6,3,"motorcycle ",1,"No ","Metropolitian ","Sandstorms","High ",0
"1/03/2022","16:15:00","16:20:00",18,"Buffet ",31,4.7,2,"motorcycle ",1,"No ","Metropolitian ","Fog","Medium ",1
"7/03/2022","17:15:00","17:30:00",17,"Meal ",22,4.8,21,"scooter ",2,"No ","Metropolitian ","Sunny","Medium ",1
"25/03/2022","17:40:00","17:45:00",35,"Meal ",30,3.6,1,"motorcycle ",1,"No ","Metropolitian ","Stormy","Medium ",0
"17/03/2022","19:45:00","20:00:00",24,"Drinks ",24,4.5,14,"scooter ",1,"No ","Metropolitian ","Sandstorms","Jam ",1
"10/03/2022","20:15:00","20:20:00",42,"Meal ",35,4.2,9,"scooter ",2,"No ","Metropolitian ","Windy","Jam ",1
"12/02/2022","19:45:00","19:55:00",36,"Buffet ",31,5,8,"motorcycle ",0,"No ","Metropolitian ","Stormy","Jam ",0
"24/03/2022","8:55:00","9:05:00",26,"Meal ",31,5,22,"motorcycle ",0,"No ","Metropolitian ","Sunny","Low ",1
"30/03/2022","19:35:00","19:40:00",32,"Snack ",34,4.4,8,"motorcycle ",0,"No ","Metropolitian ","Stormy","Jam ",1
"4/04/2022","18:15:00","18:20:00",47,"Meal ",38,4.1,14,"motorcycle ",0,"No ","Metropolitian ","Sandstorms","Medium ",1
"17/03/2022","8:30:00","8:35:00",21,"Buffet ",25,4.8,12,"motorcycle ",0,"No ","Metropolitian ","Fog","Low ",1
"4/03/2022","18:10:00","18:20:00",38,"Buffet ",32,4.4,6,"motorcycle ",0,"No ","Urban ","Windy","Medium ",1
"26/03/2022","11:15:00","11:20:00",34,"Buffet ",33,4.9,6,"motorcycle ",2,"No ","Metropolitian ","Cloudy","High ",2
"5/03/2022","17:20:00","17:35:00",28,"Buffet ",31,4.8,18,"scooter ",2,"No ","Urban ","Stormy","Medium ",0
"25/03/2022","20:30:00","20:35:00",43,"Drinks ",27,4.4,8,"scooter ",2,"No ","Metropolitian ","Cloudy","Jam ",2
"31/03/2022","22:55:00","23:00:00",25,"Drinks ",25,4.6,17,"motorcycle ",0,"No ","Metropolitian ","Sunny","Low ",1
"10/03/2022","21:00:00","21:05:00",34,"Buffet ",36,4.2,4,"motorcycle ",0,"No ","Metropolitian ","Sunny","Jam ",1
"4/03/2022","18:40:00","18:55:00",25,"Meal ",38,4.8,14,"motorcycle ",0,"No ","Metropolitian ","Sunny","Medium ",1
"26/03/2022","9:30:00","9:40:00",21,"Meal ",27,4.5,18,"motorcycle ",0,"No ","Metropolitian ","Cloudy","Low ",1
"2/04/2022","18:10:00","18:20:00",35,"Snack ",23,4.2,11,"scooter ",2,"No ","Metropolitian ","Fog","Medium ",1
"17/03/2022","18:45:00","18:50:00",23,"Snack ",28,4.6,11,"motorcycle ",0,"No ","Metropolitian ","Cloudy","Medium ",0
"20/03/2022","21:20:00","21:35:00",42,"Drinks ",30,4.7,2,"motorcycle ",0,"Yes ","Metropolitian ","Cloudy","Jam ",2
"3/04/2022","23:50:00","23:55:00",16,"Buffet ",30,4.7,16,"motorcycle ",2,"No ","Urban ","Fog","Low ",0
"3/03/2022","17:40:00","17:50:00",17,"Meal ",32,4.7,23,"scooter ",2,"No ","Metropolitian ","Stormy","Medium ",1
"6/03/2022","20:20:00","20:25:00",52,"Buffet ",37,4.6,21,"motorcycle ",0,"No ","Semi-Urban ","Fog","Jam ",1
"1/03/2022","10:00:00","10:15:00",16,"Meal ",23,4.6,9,"motorcycle ",0,"No ","Metropolitian ","Fog","Low ",0
"20/03/2022","22:40:00","22:55:00",24,"Buffet ",24,4.9,16,"motorcycle ",0,"No ","Metropolitian ","Sandstorms","Low ",0
"4/04/2022","21:40:00","21:50:00",25,"Snack ",29,4.9,18,"motorcycle ",1,"No ","Metropolitian ","Stormy","Jam ",0
"7/03/2022","11:15:00","11:25:00",19,"Buffet ",25,4.6,15,"motorcycle ",1,"No ","Urban ","Stormy","High ",0
"25/03/2022","19:30:00","19:45:00",44,"Drinks ",27,5,4,"scooter ",2,"No ","Metropolitian ","Fog","Jam ",1
"21/03/2022","23:55:00","0:10:00",34,"Snack ",30,4.2,3,"motorcycle ",0,"No ","Metropolitian ","Windy","Low ",1
"3/03/2022","11:15:00","11:25:00",20,"Meal ",32,4.8,18,"motorcycle ",2,"No ","Urban ","Sunny","High ",1
"2/04/2022","18:10:00","18:20:00",33,"Drinks ",21,4.9,12,"motorcycle ",1,"No ","Metropolitian ","Fog","Medium ",1
"27/03/2022","20:45:00","21:00:00",17,"Drinks ",27,4.6,19,"electric_scooter ",2,"No ","Urban ","Sandstorms","Jam ",0
"20/03/2022","20:15:00","20:30:00",37,"Buffet ",26,5,1,"motorcycle ",0,"No ","Metropolitian ","Cloudy","Jam ",2
"18/03/2022","20:25:00","20:35:00",42,"Meal ",22,4.6,18,"motorcycle ",0,"No ","Metropolitian ","Cloudy","Jam ",1
"6/04/2022","18:40:00","18:55:00",25,"Snack ",26,4.6,15,"scooter ",2,"No ","Urban ","Cloudy","Medium ",0
"19/03/2022","11:25:00","11:30:00",25,"Snack ",27,5,7,"motorcycle ",0,"No ","Metropolitian ","Fog","High ",1
"29/03/2022","17:15:00","17:25:00",24,"Drinks ",26,4.6,14,"motorcycle ",0,"No ","Metropolitian ","Windy","Medium ",1
"19/03/2022","0:00:00","0:15:00",12,"Drinks ",28,4.9,16,"scooter ",2,"No ","Metropolitian ","Stormy","Low ",0
"3/03/2022","13:30:00","13:35:00",30,"Buffet ",36,4.7,16,"scooter ",2,"No ","Urban ","Windy","High ",1
"13/03/2022","16:25:00","16:30:00",21,"Snack ",31,4.8,23,"motorcycle ",1,"No ","Metropolitian ","Sunny","Medium ",1
"4/04/2022","17:25:00","17:40:00",36,"Drinks ",32,4.7,21,"motorcycle ",0,"No ","Metropolitian ","Fog","Medium ",0
"18/02/2022","20:55:00","21:05:00",38,"Drinks ",36,4,14,"scooter ",1,"No ","Metropolitian ","Sandstorms","Jam ",1
"28/03/2022","21:15:00","21:20:00",33,"Snack ",30,5,13,"motorcycle ",2,"No ","Metropolitian ","Cloudy","Jam ",1
"13/03/2022","0:00:00","0:10:00",13,"Snack ",26,4.8,16,"motorcycle ",2,"No ","Urban ","Cloudy","Low ",0
"11/03/2022","22:30:00","22:40:00",18,"Meal ",32,4.8,23,"electric_scooter ",2,"No ","Urban ","Fog","Low ",1
"25/03/2022","21:35:00","21:40:00",39,"Snack ",39,4.1,2,"electric_scooter ",2,"No ","Metropolitian ","Stormy","Jam ",1
"13/02/2022","23:50:00","23:55:00",18,"Snack ",35,4.8,21,"electric_scooter ",2,"No ","Urban ","Sunny","Low ",0
"3/03/2022","11:45:00","11:50:00",25,"Snack ",31,4.9,21,"motorcycle ",1,"No ","Urban ","Fog","High ",1
"15/02/2022","22:20:00","22:35:00",15,"Buffet ",30,4.9,2,"motorcycle ",1,"No ","Metropolitian ","Fog","Low ",0
"7/03/2022","21:00:00","21:10:00",14,"Meal ",21,4.9,14,"electric_scooter ",2,"No ","Metropolitian ","Windy","Jam ",1
"29/03/2022","18:35:00","18:45:00",25,"Buffet ",30,4.8,5,"scooter ",2,"No ","Urban ","Stormy","Medium ",1
"16/02/2022","17:40:00","17:55:00",45,"Snack ",31,4.3,7,"motorcycle ",0,"No ","Metropolitian ","Sandstorms","Medium ",1
"5/03/2022","23:15:00","23:25:00",15,"Drinks ",34,4.7,21,"scooter ",2,"No ","Urban ","Stormy","Low ",0
"9/03/2022","12:15:00","12:25:00",24,"Snack ",23,5,15,"motorcycle ",1,"No ","Metropolitian ","Fog","High ",1
"31/03/2022","23:30:00","23:40:00",35,"Snack ",38,4.5,4,"electric_scooter ",2,"No ","Urban ","Cloudy","Low ",1
"15/03/2022","0:00:00","0:05:00",15,"Meal ",39,4.6,16,"scooter ",1,"No ","Urban ","Cloudy","Low ",1
"2/03/2022","20:20:00","20:25:00",37,"Drinks ",35,4.4,23,"motorcycle ",2,"No ","Metropolitian ","Sandstorms","Jam ",0
"21/03/2022","10:25:00","10:40:00",19,"Drinks ",21,4.6,16,"motorcycle ",0,"No ","Urban ","Sunny","Low ",0
"28/03/2022","0:00:00","0:15:00",21,"Meal ",27,4.3,3,"motorcycle ",0,"No ","Urban ","Windy","Low ",1
"18/03/2022","17:25:00","17:40:00",24,"Drinks ",39,4.8,15,"motorcycle ",1,"No ","Urban ","Windy","Medium ",1
"1/03/2022","17:50:00","18:05:00",20,"Drinks ",28,4.7,7,"motorcycle ",0,"No ","Metropolitian ","Stormy","Medium ",1
"4/03/2022","19:15:00","19:30:00",32,"Meal ",28,4.1,11,"scooter ",2,"No ","Metropolitian ","Sandstorms","Jam ",0
"30/03/2022","20:00:00","20:10:00",32,"Meal ",37,5,5,"motorcycle ",2,"No ","Metropolitian ","Windy","Jam ",1
"1/03/2022","15:50:00","16:00:00",16,"Buffet ",39,4.6,18,"motorcycle ",2,"No ","Urban ","Fog","Medium ",1
"10/03/2022","19:15:00","19:20:00",49,"Snack ",34,4.9,16,"scooter ",2,"Yes ","Metropolitian ","Cloudy","Jam ",1
"3/03/2022","19:25:00","19:30:00",49,"Drinks ",20,3.9,5,"motorcycle ",0,"No ","Metropolitian ","Sunny","Jam ",2
"8/03/2022","21:35:00","21:50:00",39,"Drinks ",31,3.5,2,"scooter ",2,"Yes ","Metropolitian ","Stormy","Jam ",1
"5/03/2022","13:10:00","13:25:00",27,"Meal ",27,4.6,17,"scooter ",2,"No ","Metropolitian ","Stormy","High ",0
"17/03/2022","17:30:00","17:40:00",13,"Meal ",26,5,19,"motorcycle ",1,"No ","Urban ","Cloudy","Medium ",1
"28/03/2022","10:10:00","10:25:00",26,"Snack ",35,4.5,23,"scooter ",2,"No ","Metropolitian ","Sandstorms","Low ",0
"11/02/2022","20:40:00","20:55:00",17,"Drinks ",22,4.6,8,"scooter ",2,"No ","Metropolitian ","Sunny","Jam ",1
"4/03/2022","17:25:00","17:30:00",15,"Meal ",27,4.6,16,"scooter ",1,"No ","Metropolitian ","Sunny","Medium ",1
"12/02/2022","20:35:00","20:40:00",11,"Meal ",22,4.6,16,"scooter ",1,"No ","Urban ","Sunny","Jam ",0
"2/03/2022","20:00:00","20:10:00",27,"Snack ",22,5,22,"scooter ",2,"No ","Urban ","Windy","Jam ",1
"16/02/2022","23:10:00","23:15:00",12,"Drinks ",23,4.6,3,"motorcycle ",1,"No ","Metropolitian ","Stormy","Low ",1
"19/03/2022","22:55:00","23:00:00",12,"Drinks ",27,4.8,15,"motorcycle ",2,"No ","Urban ","Sandstorms","Low ",0
"16/03/2022","22:30:00","22:45:00",19,"Meal ",26,5,17,"motorcycle ",2,"No ","Urban ","Stormy","Low ",1
"25/03/2022","21:25:00","21:35:00",15,"Snack ",33,4.9,21,"scooter ",2,"No ","Metropolitian ","Sunny","Jam ",1
"13/03/2022","22:50:00","23:00:00",27,"Snack ",32,4.9,21,"motorcycle ",2,"No ","Urban ","Stormy","Low ",1
"6/04/2022","19:25:00","19:35:00",50,"Snack ",38,4.6,21,"motorcycle ",0,"No ","Metropolitian ","Sandstorms","Jam ",1
"4/03/2022","17:40:00","17:55:00",25,"Snack ",29,4.8,13,"electric_scooter ",2,"No ","Metropolitian ","Windy","Medium ",1
"11/02/2022","18:10:00","18:15:00",13,"Buffet ",26,4.9,6,"electric_scooter ",2,"No ","Metropolitian ","Stormy","Medium ",1
"5/03/2022","18:35:00","18:50:00",25,"Snack ",37,4.8,16,"scooter ",1,"No ","Metropolitian ","Sandstorms","Medium ",0
"18/02/2022","19:10:00","19:25:00",34,"Snack ",26,5,9,"motorcycle ",0,"No ","Metropolitian ","Fog","Jam ",1
"2/04/2022","19:30:00","19:35:00",26,"Meal ",23,4.6,21,"motorcycle ",0,"No ","Metropolitian ","Windy","Jam ",1
"11/02/2022","17:45:00","17:50:00",15,"Buffet ",24,5,4,"motorcycle ",1,"No ","Metropolitian ","Stormy","Medium ",1
"5/03/2022","21:40:00","21:55:00",26,"Snack ",24,4.6,22,"scooter ",2,"No ","Metropolitian ","Sunny","Jam ",0
"1/04/2022","17:00:00","17:05:00",29,"Drinks ",33,4.6,5,"motorcycle ",0,"No ","Urban ","Fog","Medium ",1
"5/04/2022","18:40:00","18:55:00",28,"Meal ",20,4.6,21,"motorcycle ",0,"No ","Urban ","Fog","Medium ",1
"20/03/2022","17:15:00","17:20:00",39,"Snack ",31,4.4,8,"electric_scooter ",2,"No ","Metropolitian ","Sandstorms","Medium ",0
"15/02/2022","22:50:00","22:55:00",13,"Buffet ",26,4.6,3,"electric_scooter ",2,"No ","Metropolitian ","Stormy","Low ",1
"11/02/2022","17:10:00","17:25:00",21,"Meal ",24,4.6,6,"motorcycle ",0,"No ","Metropolitian ","Fog","Medium ",0
"19/03/2022","20:55:00","21:05:00",25,"Buffet ",28,4.7,6,"scooter ",1,"No ","Metropolitian ","Cloudy","Jam ",1
"13/02/2022","17:55:00","18:00:00",23,"Snack ",30,4.7,7,"motorcycle ",0,"No ","Metropolitian ","Sunny","Medium ",1
"24/03/2022","23:45:00","23:50:00",13,"Drinks ",27,4.8,15,"motorcycle ",1,"No ","Urban ","Windy","Low ",0
"5/03/2022","18:30:00","18:45:00",21,"Snack ",20,4.6,23,"motorcycle ",0,"No ","Metropolitian ","Sunny","Medium ",1
"13/03/2022","23:00:00","23:10:00",29,"Snack ",39,4.8,9,"motorcycle ",2,"No ","Metropolitian ","Windy","Low ",1
"21/03/2022","12:50:00","13:05:00",15,"Snack ",22,4.7,23,"motorcycle ",1,"No ","Urban ","Windy","High ",1
"24/03/2022","10:15:00","10:20:00",11,"Buffet ",21,5,19,"scooter ",2,"No ","Urban ","Sandstorms","Low ",0
"25/03/2022","20:10:00","20:25:00",24,"Meal ",28,4.6,15,"motorcycle ",1,"No ","Metropolitian ","Windy","Jam ",1
"31/03/2022","23:20:00","23:35:00",27,"Drinks ",36,4.7,4,"motorcycle ",0,"No ","Urban ","Sunny","Low ",1
"1/03/2022","11:50:00","12:05:00",34,"Snack ",20,4.6,23,"electric_scooter ",2,"No ","Metropolitian ","Fog","High ",1
"5/03/2022","10:00:00","10:10:00",14,"Buffet ",22,5,16,"scooter ",2,"No ","Metropolitian ","Stormy","Low ",0
"14/03/2022","19:55:00","20:00:00",29,"Meal ",30,4.8,15,"scooter ",2,"No ","Urban ","Windy","Jam ",1
"15/03/2022","21:20:00","21:25:00",29,"Snack ",26,4.8,23,"motorcycle ",1,"No ","Metropolitian ","Cloudy","Jam ",1
"17/02/2022","18:35:00","18:45:00",18,"Meal ",28,4.8,4,"scooter ",2,"No ","Metropolitian ","Fog","Medium ",1
"15/02/2022","9:00:00","9:15:00",20,"Meal ",20,4.1,5,"motorcycle ",0,"No ","Urban ","Sandstorms","Low ",0
"10/03/2022","20:40:00","20:55:00",47,"Snack ",22,4.5,23,"motorcycle ",0,"No ","Metropolitian ","Fog","Jam ",1
"6/04/2022","23:10:00","23:20:00",31,"Meal ",27,2.7,6,"scooter ",1,"No ","Metropolitian ","Sunny","Low ",1
"28/03/2022","8:15:00","8:20:00",23,"Buffet ",36,4.8,23,"motorcycle ",1,"No ","Metropolitian ","Stormy","Low ",0
"2/04/2022","23:35:00","23:45:00",12,"Buffet ",23,4.8,17,"electric_scooter ",2,"No ","Urban ","Windy","Low ",0
"3/04/2022","21:55:00","22:10:00",29,"Meal ",31,4.6,15,"motorcycle ",1,"No ","Urban ","Sandstorms","Jam ",0
"3/04/2022","15:10:00","15:15:00",16,"Snack ",31,4.9,19,"motorcycle ",1,"No ","Metropolitian ","Fog","Medium ",1
"1/03/2022","20:00:00","20:15:00",32,"Drinks ",32,4.1,7,"scooter ",2,"No ","Metropolitian ","Fog","Jam ",1
"14/03/2022","22:50:00","23:05:00",28,"Drinks ",27,4.8,9,"motorcycle ",1,"No ","Metropolitian ","Fog","Low ",1
"3/03/2022","13:35:00","13:50:00",26,"Snack ",31,5,15,"electric_scooter ",2,"No ","Metropolitian ","Stormy","High ",1
"23/03/2022","20:55:00","21:05:00",51,"Drinks ",39,4.1,4,"motorcycle ",0,"No ","Metropolitian ","Sandstorms","Jam ",3
"28/03/2022","0:00:00","0:15:00",22,"Buffet ",24,4.6,19,"motorcycle ",0,"No ","Metropolitian ","Cloudy","Low ",1
"6/04/2022","17:45:00","17:50:00",43,"Drinks ",33,4,4,"motorcycle ",1,"No ","Metropolitian ","Fog","Medium ",2
"2/03/2022","22:35:00","22:50:00",18,"Drinks ",32,4.8,9,"motorcycle ",2,"No ","Metropolitian ","Sunny","Low ",1
"13/03/2022","16:40:00","16:45:00",20,"Meal ",28,4.8,22,"motorcycle ",0,"No ","Metropolitian ","Stormy","Medium ",1
"1/03/2022","8:15:00","8:20:00",24,"Buffet ",32,4.2,4,"motorcycle ",0,"No ","Metropolitian ","Windy","Low ",1
"21/03/2022","21:20:00","21:30:00",34,"Drinks ",35,4.7,1,"motorcycle ",1,"No ","Metropolitian ","Fog","Jam ",1
"24/03/2022","17:00:00","17:05:00",25,"Buffet ",27,4.5,23,"scooter ",1,"No ","Metropolitian ","Sandstorms","Medium ",1
"15/03/2022","9:55:00","10:00:00",22,"Meal ",25,4.7,19,"scooter ",1,"No ","Metropolitian ","Sunny","Low ",0
"14/03/2022","22:10:00","22:15:00",38,"Meal ",25,3.2,3,"scooter ",2,"No ","Metropolitian ","Sunny","Low ",1
"17/03/2022","18:40:00","18:45:00",27,"Drinks ",32,4.5,14,"motorcycle ",2,"No ","Metropolitian ","Stormy","Medium ",1
"9/03/2022","8:35:00","8:50:00",14,"Drinks ",26,5,12,"scooter ",2,"No ","Metropolitian ","Windy","Low ",1
"9/03/2022","23:35:00","23:50:00",19,"Meal ",37,4.6,19,"motorcycle ",2,"No ","Metropolitian ","Fog","Low ",1
"1/04/2022","14:35:00","14:40:00",23,"Meal ",33,4.6,2,"motorcycle ",1,"No ","Urban ","Sunny","High ",1
"18/02/2022","17:55:00","18:10:00",24,"Meal ",33,4.5,5,"motorcycle ",1,"No ","Urban ","Windy","Medium ",1
"3/03/2022","22:25:00","22:30:00",15,"Buffet ",37,4.9,16,"motorcycle ",2,"No ","Urban ","Fog","Low ",0
"9/03/2022","9:25:00","9:40:00",17,"Meal ",31,4.7,19,"motorcycle ",1,"No ","Metropolitian ","Fog","Low ",0
"17/03/2022","22:55:00","23:05:00",24,"Drinks ",29,4.9,22,"motorcycle ",1,"No ","Urban ","Sunny","Low ",0
"19/03/2022","12:35:00","12:45:00",28,"Drinks ",34,4.7,3,"electric_scooter ",2,"No ","Metropolitian ","Windy","High ",1
"25/03/2022","18:25:00","18:40:00",47,"Meal ",33,4.6,3,"motorcycle ",0,"Yes ","Metropolitian ","Fog","Medium ",3
"13/02/2022","22:45:00","22:50:00",26,"Drinks ",39,4.6,4,"scooter ",2,"No ","Metropolitian ","Sandstorms","Low ",1
"7/03/2022","11:50:00","12:05:00",25,"Drinks ",36,4.7,19,"motorcycle ",2,"No ","Urban ","Stormy","High ",1
"12/03/2022","19:35:00","19:45:00",27,"Meal ",29,5,18,"scooter ",1,"No ","Metropolitian ","Stormy","Jam ",1
"6/04/2022","23:35:00","23:45:00",31,"Drinks ",34,3.6,4,"electric_scooter ",2,"No ","Metropolitian ","Fog","Low ",1
"23/03/2022","21:55:00","22:05:00",42,"Snack ",30,3.6,2,"scooter ",2,"Yes ","Metropolitian ","Sandstorms","Jam ",2
"11/02/2022","14:20:00","14:35:00",31,"Snack ",23,4.7,4,"motorcycle ",2,"No ","Metropolitian ","Stormy","High ",1
"5/03/2022","20:25:00","20:30:00",25,"Buffet ",32,4.5,17,"electric_scooter ",2,"No ","Metropolitian ","Stormy","Jam ",1
"11/02/2022","16:10:00","16:25:00",15,"Meal ",33,4.7,18,"scooter ",2,"No ","Urban ","Fog","Medium ",0
"15/03/2022","21:50:00","22:05:00",14,"Drinks ",27,4.7,16,"motorcycle ",2,"No ","Urban ","Windy","Jam ",1
"6/04/2022","19:00:00","19:10:00",18,"Snack ",31,5,19,"motorcycle ",2,"No ","Metropolitian ","Sunny","Medium ",1
"29/03/2022","18:55:00","19:10:00",33,"Meal ",27,4,8,"scooter ",2,"No ","Metropolitian ","Cloudy","Medium ",1
"4/04/2022","21:55:00","22:10:00",26,"Snack ",37,4.9,19,"motorcycle ",2,"No ","Metropolitian ","Sandstorms","Jam ",1
"24/03/2022","22:35:00","22:40:00",28,"Buffet ",38,4.5,13,"motorcycle ",0,"No ","Metropolitian ","Cloudy","Low ",1
"10/03/2022","20:15:00","20:20:00",36,"Meal ",28,4.4,16,"motorcycle ",0,"No ","Metropolitian ","Windy","Jam ",1
"21/03/2022","23:10:00","23:15:00",17,"Snack ",34,4.9,18,"scooter ",1,"No ","Urban ","Sunny","Low ",1
"3/04/2022","11:25:00","11:40:00",27,"Buffet ",33,4.8,19,"motorcycle ",2,"No ","Metropolitian ","Windy","High ",1
"4/04/2022","21:25:00","21:40:00",47,"Snack ",33,4.6,21,"motorcycle ",0,"No ","Urban ","Cloudy","Jam ",1
"23/03/2022","19:35:00","19:45:00",42,"Snack ",26,4.4,7,"motorcycle ",1,"No ","Metropolitian ","Cloudy","Jam ",3
"2/04/2022","21:00:00","21:15:00",22,"Drinks ",22,4.8,22,"scooter ",2,"No ","Metropolitian ","Sandstorms","Jam ",1
"5/04/2022","10:50:00","11:00:00",20,"Meal ",20,4.9,23,"motorcycle ",1,"No ","Metropolitian ","Sunny","Low ",0
"18/03/2022","22:45:00","22:50:00",22,"Snack ",37,4.8,3,"scooter ",2,"No ","Metropolitian ","Windy","Low ",0
"30/03/2022","12:25:00","12:40:00",33,"Meal ",29,4.3,22,"scooter ",1,"No ","Urban ","Cloudy","High ",1
"20/03/2022","19:45:00","20:00:00",31,"Meal ",25,5,2,"motorcycle ",0,"No ","Metropolitian ","Stormy","Jam ",1
"23/03/2022","22:25:00","22:30:00",24,"Snack ",30,4.8,22,"motorcycle ",0,"No ","Urban ","Sandstorms","Low ",0
"5/03/2022","17:20:00","17:30:00",19,"Drinks ",37,4.9,21,"motorcycle ",1,"No ","Urban ","Stormy","Medium ",0
"24/03/2022","12:55:00","13:00:00",27,"Drinks ",31,4.6,12,"motorcycle ",1,"No ","Metropolitian ","Stormy","High ",1
"5/04/2022","13:30:00","13:35:00",31,"Drinks ",30,4.6,15,"motorcycle ",0,"No ","Metropolitian ","Fog","High ",1
"12/02/2022","21:30:00","21:45:00",27,"Drinks ",29,4.6,2,"motorcycle ",2,"No ","Metropolitian ","Sandstorms","Jam ",1
"15/02/2022","19:15:00","19:25:00",17,"Buffet ",31,4.7,2,"scooter ",1,"No ","Metropolitian ","Sunny","Jam ",0
"23/03/2022","17:40:00","17:55:00",30,"Meal ",36,4.8,1,"scooter ",2,"No ","Metropolitian ","Cloudy","Medium ",0
"20/03/2022","19:00:00","19:15:00",35,"Drinks ",30,4.8,8,"motorcycle ",0,"No ","Metropolitian ","Cloudy","Medium ",1
"28/03/2022","19:25:00","19:30:00",33,"Buffet ",38,4.8,3,"motorcycle ",2,"No ","Metropolitian ","Stormy","Jam ",1
"20/03/2022","23:55:00","0:00:00",26,"Buffet ",36,5,19,"motorcycle ",1,"No ","Metropolitian ","Cloudy","Low ",1
"12/03/2022","23:00:00","23:10:00",41,"Buffet ",37,4.9,14,"motorcycle ",0,"No ","Metropolitian ","Cloudy","Low ",2
"3/03/2022","17:00:00","17:10:00",28,"Buffet ",33,4.8,18,"scooter ",1,"No ","Urban ","Windy","Medium ",0
"21/03/2022","18:40:00","18:55:00",10,"Buffet ",25,4.6,16,"motorcycle ",0,"No ","Urban ","Windy","Medium ",0
"1/04/2022","21:20:00","21:35:00",18,"Snack ",29,4.6,22,"motorcycle ",0,"No ","Metropolitian ","Windy","Jam ",1
"21/03/2022","19:25:00","19:40:00",38,"Buffet ",32,4.7,18,"motorcycle ",1,"No ","Urban ","Fog","Jam ",0
"19/03/2022","9:20:00","9:30:00",11,"Drinks ",27,4.6,23,"scooter ",2,"No ","Metropolitian ","Fog","Low ",0
"17/03/2022","18:15:00","18:25:00",31,"Snack ",32,4.7,23,"motorcycle ",1,"No ","Urban ","Stormy","Medium ",0
"29/03/2022","21:30:00","21:45:00",46,"Meal ",36,4.8,3,"motorcycle ",1,"No ","Metropolitian ","Cloudy","Jam ",1
"2/04/2022","20:15:00","20:25:00",42,"Meal ",34,4.9,2,"scooter ",2,"Yes ","Metropolitian ","Fog","Jam ",2
"31/03/2022","22:25:00","22:40:00",25,"Snack ",27,4.8,6,"motorcycle ",1,"No ","Urban ","Fog","Low ",1
"9/03/2022","22:25:00","22:40:00",19,"Meal ",23,4.6,22,"scooter ",1,"No ","Urban ","Windy","Low ",0
"12/02/2022","22:10:00","22:20:00",17,"Meal ",28,4.6,22,"scooter ",2,"No ","Urban ","Windy","Low ",0
"5/03/2022","10:20:00","10:30:00",21,"Drinks ",36,4.5,19,"motorcycle ",0,"No ","Metropolitian ","Stormy","Low ",1
"18/02/2022","23:40:00","23:55:00",22,"Meal ",29,4.6,4,"motorcycle ",0,"No ","Metropolitian ","Stormy","Low ",0
"11/02/2022","18:25:00","18:30:00",24,"Meal ",24,4.7,3,"scooter ",1,"No ","Metropolitian ","Sandstorms","Medium ",1
"24/03/2022","11:35:00","11:45:00",38,"Buffet ",37,4.8,11,"motorcycle ",0,"No ","Metropolitian ","Stormy","High ",1
"14/03/2022","20:10:00","20:25:00",23,"Meal ",24,4.6,17,"motorcycle ",1,"No ","Metropolitian ","Sunny","Jam ",1
"12/02/2022","18:10:00","18:15:00",17,"Buffet ",24,4.9,8,"electric_scooter ",2,"No ","Metropolitian ","Sunny","Medium ",0
"18/03/2022","22:15:00","22:30:00",39,"Meal ",34,3.8,19,"scooter ",1,"No ","Metropolitian ","Cloudy","Low ",1
"21/03/2022","10:10:00","10:20:00",21,"Snack ",36,4.3,16,"motorcycle ",0,"No ","Metropolitian ","Windy","Low ",1
"6/04/2022","19:10:00","19:15:00",34,"Drinks ",33,3.5,6,"scooter ",1,"No ","Metropolitian ","Sunny","Jam ",1
"6/04/2022","18:10:00","18:20:00",26,"Buffet ",25,4.9,17,"motorcycle ",0,"No ","Metropolitian ","Windy","Medium ",0
"10/03/2022","21:45:00","22:00:00",47,"Buffet ",38,4.9,21,"scooter ",1,"Yes ","Metropolitian ","Cloudy","Jam ",0
"20/03/2022","17:40:00","17:45:00",31,"Snack ",35,4.3,5,"electric_scooter ",2,"No ","Metropolitian ","Sandstorms","Medium ",1
"2/03/2022","18:10:00","18:25:00",36,"Meal ",39,4.2,5,"motorcycle ",0,"No ","Urban ","Sunny","Medium ",2
"18/03/2022","22:25:00","22:40:00",34,"Drinks ",31,3.4,21,"motorcycle ",0,"No ","Metropolitian ","Sunny","Low ",1
"13/02/2022","9:45:00","10:00:00",29,"Meal ",32,4.6,7,"scooter ",2,"No ","Metropolitian ","Windy","Low ",1
"26/03/2022","18:25:00","18:30:00",14,"Buffet ",26,4.7,17,"electric_scooter ",2,"No ","Urban ","Sunny","Medium ",0
"23/03/2022","20:50:00","21:05:00",33,"Meal ",38,3.8,6,"motorcycle ",1,"No ","Urban ","Sandstorms","Jam ",1
"17/03/2022","21:30:00","21:40:00",32,"Drinks ",29,4,11,"motorcycle ",1,"No ","Metropolitian ","Cloudy","Jam ",1
"16/02/2022","20:00:00","20:10:00",44,"Meal ",38,4.7,3,"motorcycle ",1,"No ","Metropolitian ","Stormy","Jam ",1
"16/02/2022","23:35:00","23:45:00",27,"Buffet ",34,4.9,3,"motorcycle ",1,"No ","Metropolitian ","Stormy","Low ",1
"20/03/2022","19:00:00","19:15:00",32,"Snack ",34,4.8,13,"scooter ",1,"No ","Metropolitian ","Cloudy","Medium ",1
"15/03/2022","12:10:00","12:15:00",24,"Snack ",37,4.6,23,"electric_scooter ",2,"No ","Metropolitian ","Sunny","High ",1
"12/02/2022","22:40:00","22:55:00",18,"Snack ",35,4.6,2,"motorcycle ",2,"No ","Metropolitian ","Stormy","Low ",0
"5/03/2022","13:00:00","13:05:00",18,"Buffet ",32,4.8,15,"motorcycle ",2,"No ","Urban ","Sandstorms","High ",1
"27/03/2022","23:00:00","23:05:00",15,"Buffet ",21,4.6,19,"motorcycle ",2,"No ","Metropolitian ","Sandstorms","Low ",0
"17/02/2022","14:45:00","14:50:00",22,"Snack ",23,4.5,5,"scooter ",2,"No ","Urban ","Fog","High ",1
"7/03/2022","16:15:00","16:30:00",19,"Buffet ",31,4.6,23,"motorcycle ",1,"No ","Urban ","Stormy","Medium ",0
"3/03/2022","20:15:00","20:30:00",30,"Buffet ",21,4.8,21,"motorcycle ",0,"No ","Metropolitian ","Stormy","Jam ",1
"7/03/2022","19:15:00","19:30:00",36,"Meal ",23,4,9,"motorcycle ",0,"No ","Metropolitian ","Windy","Jam ",1
"2/03/2022","23:55:00","0:00:00",42,"Buffet ",30,4.9,15,"motorcycle ",0,"No ","Metropolitian ","Fog","Low ",2
"14/02/2022","17:40:00","17:55:00",31,"Drinks ",32,4.7,5,"motorcycle ",0,"No ","Metropolitian ","Stormy","Medium ",1
"9/03/2022","23:40:00","23:55:00",15,"Drinks ",34,4.9,17,"electric_scooter ",2,"No ","Metropolitian ","Fog","Low ",1
"13/03/2022","22:20:00","22:25:00",33,"Snack ",31,4.3,15,"motorcycle ",0,"No ","Metropolitian ","Sandstorms","Low ",0
"21/03/2022","20:30:00","20:45:00",37,"Buffet ",31,4.2,1,"scooter ",2,"No ","Metropolitian ","Cloudy","Jam ",1
"26/03/2022","19:55:00","20:05:00",23,"Snack ",33,4.5,18,"scooter ",1,"No ","Metropolitian ","Sunny","Jam ",1
"14/03/2022","18:40:00","18:50:00",31,"Drinks ",34,4.6,12,"motorcycle ",0,"No ","Metropolitian ","Sunny","Medium ",1
"14/03/2022","23:25:00","23:30:00",30,"Buffet ",32,4.5,16,"electric_scooter ",2,"No ","Metropolitian ","Fog","Low ",1
"14/03/2022","21:55:00","22:10:00",43,"Drinks ",25,4.9,17,"motorcycle ",1,"No ","Urban ","Cloudy","Jam ",1
"13/02/2022","23:30:00","23:45:00",24,"Meal ",35,4,11,"motorcycle ",0,"No ","Metropolitian ","Sandstorms","Low ",1
"25/03/2022","23:45:00","0:00:00",10,"Buffet ",22,4.9,16,"electric_scooter ",2,"No ","Metropolitian ","Windy","Low ",0
"6/04/2022","17:10:00","17:25:00",39,"Snack ",21,4.9,22,"motorcycle ",1,"No ","Metropolitian ","Cloudy","Medium ",1
"11/02/2022","11:50:00","12:05:00",20,"Snack ",28,4.7,22,"scooter ",2,"No ","Urban ","Cloudy","High ",1
"1/03/2022","10:40:00","10:55:00",11,"Meal ",37,4.8,17,"scooter ",1,"No ","Metropolitian ","Sunny","Low ",1
"18/02/2022","23:00:00","23:10:00",11,"Meal ",20,4.9,8,"scooter ",1,"No ","Metropolitian ","Windy","Low ",0
"2/04/2022","18:00:00","18:15:00",36,"Meal ",21,4.9,13,"motorcycle ",1,"No ","Metropolitian ","Cloudy","Medium ",1
"1/04/2022","22:15:00","22:20:00",29,"Drinks ",28,4.3,9,"motorcycle ",0,"No ","Metropolitian ","Windy","Low ",1
"4/04/2022","17:15:00","17:20:00",41,"Snack ",37,4.6,6,"motorcycle ",0,"No ","Metropolitian ","Windy","Medium ",2
"13/02/2022","23:30:00","23:35:00",14,"Buffet ",28,4.5,7,"motorcycle ",1,"No ","Metropolitian ","Stormy","Low ",0
"8/03/2022","21:40:00","21:55:00",16,"Snack ",24,4.9,23,"motorcycle ",0,"No ","Metropolitian ","Sunny","Jam ",1
"31/03/2022","18:10:00","18:20:00",30,"Meal ",25,5,8,"motorcycle ",0,"No ","Metropolitian ","Windy","Medium ",0
"6/03/2022","23:50:00","0:00:00",21,"Meal ",20,4.8,15,"motorcycle ",0,"No ","Metropolitian ","Sunny","Low ",1
"17/02/2022","9:55:00","10:10:00",22,"Snack ",24,4.2,9,"motorcycle ",0,"No ","Metropolitian ","Stormy","Low ",1
"18/03/2022","21:45:00","22:00:00",52,"Drinks ",36,4.1,22,"motorcycle ",0,"Yes ","Metropolitian ","Windy","Jam ",0
"14/02/2022","17:50:00","17:55:00",15,"Buffet ",26,4.8,5,"scooter ",1,"No ","Metropolitian ","Sunny","Medium ",0
"19/03/2022","21:20:00","21:35:00",15,"Buffet ",25,4.9,22,"motorcycle ",1,"No ","Metropolitian ","Sandstorms","Jam ",0
"4/03/2022","22:25:00","22:30:00",29,"Meal ",27,4.9,19,"motorcycle ",1,"No ","Metropolitian ","Fog","Low ",0
"15/03/2022","15:35:00","15:45:00",33,"Buffet ",31,4.4,19,"motorcycle ",2,"No ","Metropolitian ","Sandstorms","Medium ",1
"12/03/2022","17:45:00","17:55:00",25,"Meal ",23,5,17,"motorcycle ",0,"No ","Metropolitian ","Sunny","Medium ",0
"2/04/2022","18:40:00","18:45:00",49,"Snack ",36,4.6,15,"motorcycle ",0,"No ","Metropolitian ","Fog","Medium ",1
"17/02/2022","20:00:00","20:05:00",27,"Meal ",39,4.7,2,"motorcycle ",2,"No ","Metropolitian ","Stormy","Jam ",1
"19/03/2022","19:30:00","19:40:00",26,"Meal ",34,4.9,3,"motorcycle ",0,"No ","Metropolitian ","Sunny","Jam ",1
"10/03/2022","22:15:00","22:25:00",37,"Drinks ",30,3.6,3,"motorcycle ",1,"No ","Metropolitian ","Fog","Low ",1
"5/03/2022","16:00:00","16:05:00",37,"Drinks ",32,4.4,18,"motorcycle ",0,"No ","Metropolitian ","Stormy","Medium ",1
"11/03/2022","13:55:00","14:05:00",54,"Meal ",27,4.4,3,"motorcycle ",0,"Yes ","Urban ","Sunny","High ",2
"2/04/2022","18:25:00","18:30:00",22,"Buffet ",39,4.7,23,"scooter ",1,"No ","Metropolitian ","Stormy","Medium ",1
"1/03/2022","14:40:00","14:55:00",27,"Drinks ",24,4.9,16,"motorcycle ",2,"No ","Urban ","Cloudy","High ",1
"19/03/2022","22:45:00","22:50:00",24,"Snack ",30,4.9,5,"motorcycle ",2,"No ","Metropolitian ","Stormy","Low ",1
"29/03/2022","22:30:00","22:35:00",38,"Buffet ",29,2.9,3,"motorcycle ",1,"No ","Metropolitian ","Sunny","Low ",0
"14/03/2022","23:35:00","23:50:00",26,"Snack ",36,4.7,19,"scooter ",2,"No ","Urban ","Stormy","Low ",0
"13/03/2022","13:10:00","13:20:00",23,"Buffet ",30,4.6,23,"electric_scooter ",2,"No ","Metropolitian ","Sunny","High ",1
"24/03/2022","19:25:00","19:30:00",25,"Buffet ",37,4.7,18,"scooter ",2,"No ","Metropolitian ","Stormy","Jam ",1
"24/03/2022","19:25:00","19:35:00",22,"Meal ",29,4.8,12,"motorcycle ",0,"No ","Metropolitian ","Fog","Jam ",1
"17/02/2022","23:40:00","23:50:00",34,"Snack ",39,4.2,4,"motorcycle ",0,"No ","Metropolitian ","Windy","Low ",1
"3/04/2022","23:50:00","23:55:00",23,"Meal ",31,4.8,22,"motorcycle ",1,"No ","Metropolitian ","Sandstorms","Low ",0
"31/03/2022","23:20:00","23:25:00",24,"Drinks ",24,4.8,21,"scooter ",1,"No ","Metropolitian ","Fog","Low ",1
"13/02/2022","11:25:00","11:40:00",26,"Snack ",28,4.8,5,"scooter ",2,"No ","Metropolitian ","Fog","High ",1
"3/03/2022","22:20:00","22:25:00",24,"Drinks ",32,4.5,22,"motorcycle ",0,"No ","Metropolitian ","Sunny","Low ",1
"29/03/2022","17:50:00","18:00:00",37,"Meal ",35,3.5,22,"scooter ",2,"No ","Urban ","Stormy","Medium ",1
"2/04/2022","17:55:00","18:00:00",24,"Meal ",30,4.6,19,"motorcycle ",2,"No ","Urban ","Stormy","Medium ",1
"7/03/2022","18:55:00","19:00:00",12,"Meal ",21,4.9,14,"scooter ",1,"No ","Metropolitian ","Fog","Medium ",1
"3/04/2022","10:50:00","11:05:00",32,"Buffet ",32,4.1,2,"motorcycle ",0,"No ","Metropolitian ","Windy","Low ",1
"6/03/2022","22:10:00","22:20:00",16,"Buffet ",25,4.7,17,"motorcycle ",1,"No ","Metropolitian ","Sandstorms","Low ",1
"2/03/2022","20:00:00","20:10:00",26,"Meal ",36,4.7,13,"motorcycle ",2,"No ","Metropolitian ","Sandstorms","Jam ",1
"17/02/2022","11:40:00","11:45:00",26,"Drinks ",28,4.7,4,"motorcycle ",2,"No ","Metropolitian ","Fog","High ",1
"3/04/2022","18:00:00","18:05:00",29,"Snack ",38,4.5,21,"motorcycle ",0,"No ","Urban ","Fog","Medium ",1
"1/03/2022","23:50:00","23:55:00",24,"Snack ",26,4.3,14,"motorcycle ",0,"No ","Metropolitian ","Stormy","Low ",0
"17/02/2022","22:20:00","22:30:00",10,"Snack ",24,4.9,23,"scooter ",2,"No ","Urban ","Stormy","Low ",1
"18/02/2022","20:30:00","20:45:00",19,"Drinks ",26,4.8,5,"scooter ",1,"No ","Metropolitian ","Fog","Jam ",1
"27/03/2022","22:45:00","23:00:00",27,"Drinks ",24,4.8,21,"scooter ",2,"No ","Metropolitian ","Cloudy","Low ",1
"30/03/2022","11:15:00","11:25:00",13,"Snack ",26,4.9,1,"scooter ",2,"No ","Urban ","Sunny","High ",0
"24/03/2022","11:25:00","11:40:00",34,"Snack ",36,4.6,3,"scooter ",1,"No ","Metropolitian ","Windy","High ",1
"24/03/2022","23:55:00","0:05:00",16,"Drinks ",22,4.9,21,"scooter ",2,"No ","Metropolitian ","Sandstorms","Low ",1
"29/03/2022","21:30:00","21:45:00",35,"Drinks ",31,3.5,11,"motorcycle ",1,"No ","Metropolitian ","Sandstorms","Jam ",1
"31/03/2022","20:00:00","20:10:00",42,"Buffet ",37,4,9,"motorcycle ",0,"No ","Metropolitian ","Sandstorms","Jam ",1
"16/02/2022","21:55:00","22:10:00",28,"Buffet ",27,5,3,"motorcycle ",1,"No ","Metropolitian ","Stormy","Jam ",1
"4/04/2022","22:25:00","22:40:00",17,"Buffet ",27,5,23,"motorcycle ",0,"No ","Urban ","Sandstorms","Low ",0
"20/03/2022","0:00:00","0:05:00",22,"Meal ",25,4.7,23,"motorcycle ",0,"No ","Urban ","Sandstorms","Low ",0
"12/03/2022","20:35:00","20:50:00",46,"Buffet ",38,4,4,"motorcycle ",1,"No ","Semi-Urban ","Cloudy","Jam ",3
"20/03/2022","23:45:00","0:00:00",28,"Snack ",33,4.6,14,"scooter ",1,"No ","Metropolitian ","Windy","Low ",0
"4/04/2022","23:20:00","23:35:00",28,"Drinks ",37,4.5,23,"motorcycle ",2,"No ","Metropolitian ","Fog","Low ",1
"29/03/2022","19:40:00","19:55:00",37,"Meal ",21,4.8,3,"scooter ",2,"No ","Urban ","Fog","Jam ",1
"10/03/2022","17:40:00","17:45:00",35,"Meal ",30,4.1,9,"scooter ",2,"No ","Metropolitian ","Fog","Medium ",0
"4/04/2022","17:40:00","17:50:00",13,"Meal ",27,4.7,22,"motorcycle ",2,"No ","Metropolitian ","Sunny","Medium ",1
"15/02/2022","15:50:00","16:05:00",30,"Buffet ",37,4.8,3,"motorcycle ",1,"No ","Metropolitian ","Windy","Medium ",0
"15/02/2022","12:10:00","12:20:00",29,"Snack ",23,4.8,7,"motorcycle ",1,"No ","Metropolitian ","Fog","High ",0
"17/03/2022","17:20:00","17:35:00",28,"Buffet ",24,4.5,18,"scooter ",2,"No ","Metropolitian ","Stormy","Medium ",1
"10/03/2022","19:00:00","19:15:00",43,"Buffet ",38,4.4,4,"motorcycle ",1,"Yes ","Urban ","Cloudy","Medium ",1
"19/03/2022","10:45:00","10:55:00",10,"Drinks ",22,4.8,23,"scooter ",2,"No ","Metropolitian ","Windy","Low ",0
"26/03/2022","20:00:00","20:15:00",21,"Buffet ",24,4.7,14,"motorcycle ",2,"No ","Metropolitian ","Cloudy","Jam ",1
"14/02/2022","19:20:00","19:35:00",21,"Buffet ",20,4.8,18,"scooter ",2,"No ","Urban ","Windy","Jam ",1
"11/03/2022","18:00:00","18:10:00",27,"Meal ",20,4.9,13,"motorcycle ",0,"No ","Metropolitian ","Windy","Medium ",0
"27/03/2022","23:20:00","23:35:00",15,"Meal ",39,4.8,13,"motorcycle ",2,"No ","Metropolitian ","Windy","Low ",1
"14/02/2022","20:15:00","20:20:00",40,"Meal ",37,4.1,17,"motorcycle ",0,"No ","Metropolitian ","Stormy","Jam ",1
"5/04/2022","17:50:00","18:05:00",12,"Meal ",27,4.9,19,"motorcycle ",1,"No ","Metropolitian ","Cloudy","Medium ",0
"8/03/2022","20:35:00","20:50:00",40,"Buffet ",32,4.6,23,"motorcycle ",0,"No ","Metropolitian ","Fog","Jam ",0
"9/03/2022","14:35:00","14:45:00",24,"Buffet ",20,5,19,"electric_scooter ",2,"No ","Urban ","Stormy","High ",1
"1/03/2022","8:50:00","9:00:00",29,"Buffet ",38,4.7,9,"scooter ",2,"No ","Metropolitian ","Stormy","Low ",1
"20/03/2022","20:15:00","20:20:00",28,"Snack ",33,4.5,14,"electric_scooter ",2,"No ","Metropolitian ","Sandstorms","Jam ",1
"4/03/2022","20:55:00","21:10:00",24,"Meal ",22,4.6,15,"motorcycle ",0,"No ","Urban ","Stormy","Jam ",1
"6/03/2022","21:45:00","21:55:00",44,"Drinks ",34,4.9,16,"electric_scooter ",2,"No ","Metropolitian ","Fog","Jam ",3
"7/03/2022","8:45:00","9:00:00",18,"Snack ",28,4.9,18,"motorcycle ",1,"No ","Urban ","Stormy","Low ",1
"4/03/2022","20:30:00","20:45:00",33,"Drinks ",26,4.2,8,"scooter ",2,"No ","Metropolitian ","Stormy","Jam ",1
"8/03/2022","21:15:00","21:30:00",42,"Meal ",34,4.1,8,"scooter ",2,"No ","Metropolitian ","Sandstorms","Jam ",1
"15/02/2022","20:40:00","20:55:00",24,"Meal ",21,4.8,5,"motorcycle ",0,"No ","Metropolitian ","Stormy","Jam ",1
"12/03/2022","19:50:00","19:55:00",19,"Meal ",22,4.9,16,"scooter ",2,"No ","Metropolitian ","Sandstorms","Jam ",0
"10/03/2022","21:20:00","21:35:00",42,"Drinks ",31,4.1,3,"electric_scooter ",2,"No ","Metropolitian ","Sandstorms","Jam ",2
"16/02/2022","17:10:00","17:20:00",38,"Buffet ",21,4.3,1,"electric_scooter ",2,"No ","Urban ","Cloudy","Medium ",0
"1/04/2022","20:30:00","20:35:00",46,"Snack ",29,4.5,8,"motorcycle ",0,"No ","Metropolitian ","Sunny","Jam ",1
"11/03/2022","11:45:00","11:55:00",27,"Meal ",27,4.9,17,"scooter ",1,"No ","Metropolitian ","Fog","High ",0
"6/04/2022","23:10:00","23:25:00",28,"Snack ",34,4.8,23,"motorcycle ",2,"No ","Metropolitian ","Sunny","Low ",1
"16/03/2022","20:15:00","20:30:00",33,"Buffet ",35,4.6,23,"motorcycle ",0,"No ","Metropolitian ","Sunny","Jam ",1
"13/02/2022","8:25:00","8:40:00",11,"Meal ",29,4.9,3,"scooter ",2,"No ","Metropolitian ","Windy","Low ",0
"28/03/2022","15:10:00","15:15:00",19,"Snack ",39,4.9,23,"motorcycle ",1,"No ","Metropolitian ","Cloudy","Medium ",0
"26/03/2022","9:00:00","9:05:00",20,"Buffet ",32,4.7,17,"scooter ",2,"No ","Urban ","Windy","Low ",1
"24/03/2022","16:50:00","16:55:00",26,"Buffet ",35,4.7,21,"motorcycle ",0,"No ","Metropolitian ","Stormy","Medium ",1
"6/03/2022","18:25:00","18:30:00",46,"Drinks ",35,4.7,13,"motorcycle ",0,"No ","Metropolitian ","Fog","Medium ",2
"3/04/2022","23:20:00","23:25:00",14,"Drinks ",22,4.7,18,"motorcycle ",1,"No ","Metropolitian ","Cloudy","Low ",0
"3/04/2022","8:25:00","8:35:00",17,"Meal ",22,4.5,23,"motorcycle ",1,"No ","Metropolitian ","Cloudy","Low ",1
"24/03/2022","23:20:00","23:30:00",21,"Snack ",35,4.8,17,"motorcycle ",1,"No ","Metropolitian ","Sandstorms","Low ",0
"9/03/2022","18:00:00","18:05:00",17,"Snack ",24,4.6,16,"motorcycle ",0,"No ","Urban ","Stormy","Medium ",1
"4/03/2022","23:40:00","23:55:00",26,"Snack ",29,4.9,16,"scooter ",1,"No ","Metropolitian ","Fog","Low ",1
"26/03/2022","8:55:00","9:05:00",17,"Snack ",29,4.6,21,"motorcycle ",1,"No ","Metropolitian ","Fog","Low ",0
"19/03/2022","8:50:00","9:00:00",19,"Snack ",36,4.7,15,"motorcycle ",1,"No ","Metropolitian ","Sunny","Low ",0
"4/03/2022","19:45:00","20:00:00",36,"Drinks ",27,4.5,9,"motorcycle ",0,"No ","Metropolitian ","Fog","Jam ",1
"18/02/2022","20:35:00","20:40:00",16,"Buffet ",20,4.5,5,"scooter ",2,"No ","Urban ","Sandstorms","Jam ",0
"18/03/2022","19:30:00","19:35:00",46,"Snack ",27,4.8,17,"motorcycle ",0,"No ","Metropolitian ","Cloudy","Jam ",1
"25/03/2022","21:50:00","22:00:00",16,"Snack ",29,4.7,23,"motorcycle ",2,"No ","Metropolitian ","Sunny","Jam ",1
"4/03/2022","20:35:00","20:45:00",25,"Snack ",38,4.5,16,"motorcycle ",1,"No ","Metropolitian ","Sunny","Jam ",1
"11/03/2022","9:40:00","9:55:00",19,"Buffet ",23,5,17,"motorcycle ",2,"No ","Metropolitian ","Sunny","Low ",0
"2/03/2022","19:40:00","19:50:00",34,"Buffet ",38,3.9,8,"motorcycle ",1,"No ","Metropolitian ","Sandstorms","Jam ",2
"13/03/2022","22:50:00","23:00:00",14,"Snack ",20,4.9,14,"scooter ",2,"No ","Metropolitian ","Stormy","Low ",1
"27/03/2022","19:55:00","20:05:00",41,"Meal ",35,4.9,1,"motorcycle ",0,"No ","Metropolitian ","Cloudy","Jam ",1
"13/03/2022","10:25:00","10:30:00",18,"Snack ",35,4.8,14,"electric_scooter ",2,"No ","Metropolitian ","Fog","Low ",0
"18/02/2022","19:40:00","19:45:00",42,"Meal ",33,3.9,14,"scooter ",2,"No ","Metropolitian ","Fog","Jam ",1
"29/03/2022","18:40:00","18:55:00",28,"Buffet ",20,4.8,12,"scooter ",1,"No ","Metropolitian ","Stormy","Medium ",1
"28/03/2022","11:20:00","11:30:00",30,"Buffet ",39,4.7,1,"motorcycle ",1,"No ","Metropolitian ","Windy","High ",1
"5/03/2022","18:30:00","18:35:00",16,"Meal ",36,4.5,4,"scooter ",1,"No ","Urban ","Sandstorms","Medium ",1
"21/03/2022","9:45:00","10:00:00",15,"Drinks ",21,4.7,19,"motorcycle ",0,"No ","Urban ","Cloudy","Low ",0
"4/04/2022","20:25:00","20:30:00",28,"Meal ",26,4.5,19,"motorcycle ",0,"No ","Metropolitian ","Sandstorms","Jam ",1
"28/03/2022","19:10:00","19:25:00",44,"Meal ",30,5,3,"motorcycle ",0,"No ","Metropolitian ","Sandstorms","Jam ",1
"18/02/2022","17:40:00","17:55:00",30,"Drinks ",36,4.7,6,"electric_scooter ",2,"No ","Metropolitian ","Fog","Medium ",1
"16/02/2022","21:50:00","21:55:00",31,"Meal ",24,4.3,2,"scooter ",1,"No ","Metropolitian ","Stormy","Jam ",2
"6/04/2022","21:10:00","21:20:00",43,"Drinks ",36,4.5,5,"motorcycle ",0,"No ","Metropolitian ","Cloudy","Jam ",2
"12/03/2022","21:10:00","21:20:00",45,"Drinks ",39,4.4,19,"scooter ",1,"No ","Metropolitian ","Cloudy","Jam ",2
"19/03/2022","15:55:00","16:05:00",25,"Buffet ",39,4.6,3,"scooter ",1,"No ","Metropolitian ","Sandstorms","Medium ",0
"2/04/2022","19:45:00","19:50:00",33,"Meal ",25,4.4,1,"motorcycle ",0,"No ","Metropolitian ","Stormy","Jam ",1
"14/02/2022","21:50:00","22:00:00",18,"Meal ",23,4.7,17,"motorcycle ",0,"No ","Urban ","Sunny","Jam ",1
"31/03/2022","22:10:00","22:25:00",15,"Buffet ",21,4.9,19,"motorcycle ",0,"No ","Urban ","Sandstorms","Low ",0
"18/02/2022","23:20:00","23:30:00",18,"Buffet ",36,4.6,2,"motorcycle ",2,"No ","Metropolitian ","Stormy","Low ",0
"9/03/2022","20:40:00","20:50:00",28,"Snack ",32,4.6,14,"electric_scooter ",2,"No ","Metropolitian ","Windy","Jam ",0
"14/02/2022","23:40:00","23:45:00",25,"Drinks ",36,4.8,6,"motorcycle ",1,"No ","Metropolitian ","Windy","Low ",1
"20/03/2022","21:30:00","21:45:00",36,"Meal ",35,5,2,"motorcycle ",0,"No ","Metropolitian ","Stormy","Jam ",1
"1/03/2022","21:45:00","22:00:00",25,"Drinks ",22,4.5,9,"scooter ",1,"No ","Metropolitian ","Fog","Jam ",0
"4/04/2022","19:15:00","19:20:00",36,"Drinks ",26,4,3,"motorcycle ",1,"No ","Metropolitian ","Fog","Jam ",0
"4/04/2022","19:25:00","19:40:00",33,"Buffet ",21,4.4,4,"motorcycle ",0,"No ","Metropolitian ","Windy","Jam ",1
"11/03/2022","10:30:00","10:45:00",23,"Meal ",38,4.9,9,"motorcycle ",2,"No ","Metropolitian ","Sandstorms","Low ",1
"20/03/2022","21:25:00","21:35:00",39,"Snack ",22,4.4,3,"motorcycle ",1,"No ","Metropolitian ","Fog","Jam ",2
"30/03/2022","14:55:00","15:00:00",14,"Meal ",23,4.8,22,"scooter ",1,"No ","Metropolitian ","Sunny","High ",1
"14/02/2022","22:50:00","23:05:00",20,"Snack ",30,4.8,18,"motorcycle ",0,"No ","Urban ","Windy","Low ",0
"1/04/2022","9:40:00","9:50:00",29,"Buffet ",35,4.3,2,"motorcycle ",0,"No ","Urban ","Stormy","Low ",1
"3/04/2022","17:35:00","17:45:00",34,"Buffet ",37,4.8,22,"motorcycle ",2,"No ","Urban ","Windy","Medium ",1
"16/03/2022","21:20:00","21:35:00",47,"Buffet ",32,4,6,"motorcycle ",0,"No ","Metropolitian ","Windy","Jam ",1
"11/03/2022","11:00:00","11:15:00",18,"Buffet ",39,4.9,19,"motorcycle ",2,"No ","Metropolitian ","Cloudy","Low ",1
"2/03/2022","18:55:00","19:10:00",35,"Snack ",29,4.1,3,"scooter ",1,"No ","Metropolitian ","Stormy","Medium ",0
"11/03/2022","23:50:00","0:00:00",21,"Buffet ",39,4.9,9,"scooter ",1,"No ","Metropolitian ","Sandstorms","Low ",1
"11/03/2022","16:45:00","16:55:00",38,"Snack ",34,5,17,"motorcycle ",0,"No ","Metropolitian ","Stormy","Medium ",1
"14/02/2022","19:30:00","19:35:00",30,"Meal ",39,4.7,8,"scooter ",1,"No ","Metropolitian ","Stormy","Jam ",0
"18/02/2022","21:50:00","21:55:00",39,"Buffet ",39,4.2,5,"scooter ",1,"No ","Urban ","Fog","Jam ",1
"25/03/2022","23:25:00","23:40:00",17,"Buffet ",23,5,19,"electric_scooter ",2,"No ","Metropolitian ","Windy","Low ",1
"8/03/2022","20:20:00","20:25:00",36,"Meal ",37,3.6,5,"scooter ",1,"No ","Metropolitian ","Stormy","Jam ",2
"14/03/2022","23:40:00","23:50:00",20,"Snack ",20,4.6,23,"scooter ",2,"No ","Metropolitian ","Cloudy","Low ",1
"15/03/2022","14:15:00","14:20:00",41,"Buffet ",31,4.2,4,"motorcycle ",0,"No ","Urban ","Windy","High ",2
"5/03/2022","22:45:00","22:55:00",18,"Snack ",37,4.8,17,"scooter ",2,"No ","Urban ","Stormy","Low ",1
"12/02/2022","21:00:00","21:15:00",26,"Buffet ",30,5,17,"scooter ",2,"No ","Urban ","Windy","Jam ",1
"14/03/2022","23:00:00","23:10:00",26,"Snack ",39,4.6,21,"scooter ",2,"No ","Metropolitian ","Cloudy","Low ",1
"15/02/2022","16:55:00","17:00:00",34,"Snack ",33,4.1,13,"motorcycle ",0,"No ","Metropolitian ","Stormy","Medium ",1
"5/03/2022","22:50:00","23:00:00",23,"Meal ",34,4.7,19,"scooter ",1,"No ","Metropolitian ","Stormy","Low ",1
"11/03/2022","18:55:00","19:10:00",27,"Drinks ",24,4.5,23,"motorcycle ",0,"No ","Metropolitian ","Fog","Medium ",1
"15/02/2022","23:00:00","23:10:00",17,"Snack ",31,4.5,9,"motorcycle ",2,"No ","Metropolitian ","Stormy","Low ",0
"4/03/2022","0:00:00","0:15:00",12,"Drinks ",22,5,18,"scooter ",2,"No ","Metropolitian ","Windy","Low ",0
"5/04/2022","23:15:00","23:25:00",26,"Meal ",38,5,17,"scooter ",1,"No ","Metropolitian ","Stormy","Low ",1
"5/04/2022","10:35:00","10:40:00",19,"Buffet ",21,4.5,3,"motorcycle ",0,"No ","Metropolitian ","Fog","Low ",1
"2/04/2022","19:50:00","20:05:00",44,"Snack ",36,4.2,14,"motorcycle ",1,"Yes ","Metropolitian ","Fog","Jam ",1
"17/03/2022","14:00:00","14:05:00",38,"Buffet ",39,5,16,"motorcycle ",0,"No ","Metropolitian ","Windy","High ",0
"3/03/2022","12:10:00","12:25:00",39,"Buffet ",30,4,7,"electric_scooter ",2,"No ","Metropolitian ","Stormy","High ",0
"24/03/2022","10:00:00","10:10:00",25,"Meal ",33,4.1,21,"motorcycle ",0,"No ","Metropolitian ","Stormy","Low ",1
"5/03/2022","9:20:00","9:30:00",27,"Snack ",37,4.6,22,"motorcycle ",2,"No ","Metropolitian ","Sunny","Low ",1
"9/03/2022","22:50:00","23:05:00",23,"Meal ",36,4.6,18,"electric_scooter ",2,"No ","Urban ","Stormy","Low ",1
"6/03/2022","23:00:00","23:05:00",28,"Meal ",33,4.9,22,"motorcycle ",0,"No ","Metropolitian ","Stormy","Low ",1
"17/03/2022","18:55:00","19:05:00",17,"Snack ",27,4.9,17,"motorcycle ",0,"No ","Metropolitian ","Stormy","Medium ",1
"16/03/2022","18:40:00","18:45:00",20,"Meal ",28,4.7,15,"motorcycle ",0,"No ","Metropolitian ","Sandstorms","Medium ",0
"9/03/2022","20:20:00","20:30:00",18,"Buffet ",29,4.6,18,"motorcycle ",1,"No ","Urban ","Sunny","Jam ",1
"4/04/2022","21:35:00","21:40:00",16,"Buffet ",26,4.7,19,"electric_scooter ",2,"No ","Metropolitian ","Sandstorms","Jam ",0
"17/02/2022","23:20:00","23:25:00",15,"Meal ",37,4.6,18,"scooter ",2,"No ","Urban ","Fog","Low ",0
"16/03/2022","17:50:00","18:00:00",27,"Buffet ",34,4.7,16,"motorcycle ",0,"No ","Metropolitian ","Sunny","Medium ",1
"28/03/2022","9:55:00","10:00:00",18,"Meal ",25,4.6,12,"motorcycle ",0,"No ","Metropolitian ","Fog","Low ",1
"28/03/2022","12:50:00","13:00:00",47,"Meal ",38,4.9,2,"motorcycle ",0,"No ","Metropolitian ","Stormy","High ",2
"28/03/2022","16:10:00","16:25:00",17,"Buffet ",25,4.7,12,"motorcycle ",1,"No ","Metropolitian ","Cloudy","Medium ",1
"14/03/2022","21:30:00","21:45:00",29,"Buffet ",39,4.9,23,"scooter ",2,"No ","Metropolitian ","Windy","Jam ",1
"2/04/2022","17:15:00","17:20:00",34,"Drinks ",38,5,1,"scooter ",1,"No ","Metropolitian ","Fog","Medium ",1
"4/04/2022","17:20:00","17:30:00",25,"Drinks ",29,4.5,1,"scooter ",1,"No ","Metropolitian ","Cloudy","Medium ",0
"11/03/2022","11:50:00","12:05:00",14,"Meal ",26,4.5,19,"electric_scooter ",2,"No ","Metropolitian ","Sunny","High ",0
"1/03/2022","8:30:00","8:35:00",19,"Drinks ",20,4.7,19,"scooter ",1,"No ","Metropolitian ","Windy","Low ",0
"3/03/2022","15:25:00","15:30:00",26,"Drinks ",30,4.9,23,"scooter ",2,"No ","Metropolitian ","Sandstorms","Medium ",1
"11/03/2022","8:20:00","8:30:00",19,"Meal ",20,4.8,21,"motorcycle ",0,"No ","Metropolitian ","Sunny","Low ",1
"12/03/2022","23:20:00","23:35:00",21,"Snack ",30,4.9,21,"motorcycle ",1,"No ","Metropolitian ","Stormy","Low ",1
"13/02/2022","16:45:00","16:50:00",10,"Snack ",23,4.9,9,"scooter ",1,"No ","Metropolitian ","Sunny","Medium ",0
"28/03/2022","21:55:00","22:05:00",24,"Buffet ",24,4.6,16,"motorcycle ",0,"No ","Metropolitian ","Sandstorms","Jam ",1
"24/03/2022","18:15:00","18:25:00",28,"Snack ",26,4.6,15,"motorcycle ",1,"No ","Urban ","Windy","Medium ",1
"28/03/2022","21:10:00","21:25:00",42,"Buffet ",34,4.8,7,"motorcycle ",0,"No ","Metropolitian ","Windy","Jam ",2
"21/03/2022","11:10:00","11:25:00",34,"Snack ",34,4.6,6,"scooter ",2,"No ","Metropolitian ","Stormy","High ",2
"5/03/2022","8:20:00","8:35:00",19,"Drinks ",30,4.7,17,"scooter ",1,"No ","Metropolitian ","Sunny","Low ",1
"5/03/2022","22:20:00","22:35:00",32,"Buffet ",39,4.1,13,"motorcycle ",0,"No ","Metropolitian ","Stormy","Low ",1
"29/03/2022","23:30:00","23:45:00",39,"Drinks ",35,4.2,13,"scooter ",1,"No ","Metropolitian ","Cloudy","Low ",2
"7/03/2022","18:35:00","18:45:00",15,"Snack ",37,4.7,18,"scooter ",1,"No ","Urban ","Stormy","Medium ",1
"3/03/2022","13:55:00","14:00:00",11,"Drinks ",27,4.6,21,"motorcycle ",1,"No ","Metropolitian ","Sunny","High ",0
"16/02/2022","22:55:00","23:10:00",21,"Buffet ",34,4.9,16,"motorcycle ",0,"No ","Urban ","Windy","Low ",1
"3/04/2022","13:15:00","13:30:00",34,"Snack ",36,4.6,15,"motorcycle ",2,"No ","Metropolitian ","Stormy","High ",1
"24/03/2022","9:35:00","9:50:00",18,"Snack ",38,4.8,15,"scooter ",2,"No ","Metropolitian ","Cloudy","Low ",1
"19/03/2022","19:00:00","19:15:00",22,"Buffet ",20,4.6,16,"motorcycle ",0,"No ","Urban ","Cloudy","Medium ",1
"5/04/2022","13:50:00","14:05:00",33,"Buffet ",30,4.3,3,"scooter ",2,"No ","Metropolitian ","Sandstorms","High ",1
"12/02/2022","23:10:00","23:20:00",27,"Buffet ",34,4.7,5,"scooter ",1,"No ","Metropolitian ","Fog","Low ",1
"20/03/2022","23:10:00","23:25:00",15,"Drinks ",27,4.9,21,"motorcycle ",0,"No ","Metropolitian ","Stormy","Low ",1
"17/02/2022","22:40:00","22:50:00",22,"Meal ",37,4.7,19,"motorcycle ",0,"No ","Urban ","Cloudy","Low ",1
"24/03/2022","12:30:00","12:40:00",30,"Meal ",38,4.8,3,"motorcycle ",1,"No ","Metropolitian ","Windy","High ",1
"3/04/2022","22:55:00","23:10:00",15,"Snack ",25,4.8,18,"scooter ",2,"No ","Metropolitian ","Sandstorms","Low ",1
"11/03/2022","8:25:00","8:30:00",19,"Drinks ",35,4.9,23,"scooter ",1,"No ","Metropolitian ","Fog","Low ",0
"13/02/2022","9:15:00","9:20:00",28,"Buffet ",35,5,4,"scooter ",2,"No ","Metropolitian ","Sandstorms","Low ",1
"3/03/2022","15:50:00","16:05:00",18,"Buffet ",37,4.7,14,"electric_scooter ",2,"No ","Metropolitian ","Fog","Medium ",1
"27/03/2022","19:50:00","19:55:00",38,"Drinks ",31,4.4,2,"motorcycle ",2,"No ","Metropolitian ","Fog","Jam ",1
"3/03/2022","22:40:00","22:50:00",11,"Buffet ",26,4.8,16,"motorcycle ",1,"No ","Metropolitian ","Stormy","Low ",0
"31/03/2022","21:00:00","21:05:00",36,"Drinks ",37,4.1,21,"scooter ",2,"No ","Urban ","Stormy","Jam ",1
"9/03/2022","13:00:00","13:10:00",26,"Meal ",34,5,16,"motorcycle ",2,"No ","Urban ","Sandstorms","High ",0
"11/02/2022","22:30:00","22:40:00",29,"Drinks ",39,4.8,5,"motorcycle ",2,"No ","Metropolitian ","Stormy","Low ",1
"1/03/2022","22:55:00","23:00:00",13,"Buffet ",26,4.6,17,"scooter ",1,"No ","Urban ","Sandstorms","Low ",0
"12/02/2022","17:45:00","17:55:00",32,"Snack ",24,4.7,8,"scooter ",1,"No ","Metropolitian ","Fog","Medium ",1
"21/03/2022","10:30:00","10:35:00",17,"Buffet ",23,5,22,"scooter ",1,"No ","Urban ","Sunny","Low ",0
"11/02/2022","20:30:00","20:45:00",32,"Snack ",38,4,17,"scooter ",2,"No ","Metropolitian ","Fog","Jam ",1
"24/03/2022","8:55:00","9:00:00",13,"Buffet ",24,4.9,9,"motorcycle ",2,"No ","Metropolitian ","Windy","Low ",0
"28/03/2022","19:50:00","20:00:00",13,"Buffet ",20,4.9,15,"scooter ",1,"No ","Urban ","Sunny","Jam ",1
"5/04/2022","17:35:00","17:50:00",21,"Drinks ",37,5,23,"motorcycle ",0,"No ","Metropolitian ","Sunny","Medium ",1
"6/03/2022","21:20:00","21:25:00",38,"Meal ",26,4.6,21,"motorcycle ",2,"No ","Metropolitian ","Fog","Jam ",1
"31/03/2022","19:55:00","20:10:00",37,"Buffet ",25,4.8,6,"motorcycle ",0,"No ","Metropolitian ","Sandstorms","Jam ",1
"21/03/2022","23:20:00","23:35:00",18,"Drinks ",26,4.5,21,"motorcycle ",0,"No ","Metropolitian ","Fog","Low ",0
"16/02/2022","19:55:00","20:10:00",48,"Snack ",35,4,19,"motorcycle ",1,"Yes ","Metropolitian ","Stormy","Jam ",2
"23/03/2022","17:55:00","18:05:00",33,"Buffet ",24,4.6,18,"motorcycle ",0,"No ","Urban ","Sandstorms","Medium ",1
"18/02/2022","23:30:00","23:45:00",18,"Drinks ",31,4.9,3,"scooter ",2,"No ","Metropolitian ","Windy","Low ",0
"16/03/2022","18:55:00","19:10:00",19,"Snack ",21,5,16,"scooter ",1,"No ","Urban ","Sunny","Medium ",1
"19/03/2022","17:40:00","17:50:00",19,"Drinks ",20,4.9,3,"electric_scooter ",2,"No ","Metropolitian ","Fog","Medium ",1
"3/04/2022","18:55:00","19:10:00",18,"Buffet ",21,4.9,21,"scooter ",1,"No ","Metropolitian ","Sunny","Medium ",1
"23/03/2022","19:55:00","20:10:00",45,"Buffet ",39,4.8,11,"motorcycle ",0,"No ","Metropolitian ","Windy","Jam ",1
"23/03/2022","20:50:00","20:55:00",40,"Snack ",34,4.1,2,"motorcycle ",0,"No ","Metropolitian ","Sandstorms","Jam ",2
"29/03/2022","17:55:00","18:05:00",30,"Meal ",22,4.6,5,"motorcycle ",0,"No ","Metropolitian ","Stormy","Medium ",1
"16/03/2022","23:45:00","0:00:00",39,"Drinks ",35,4.5,9,"scooter ",2,"No ","Metropolitian ","Fog","Low ",1
"16/02/2022","22:15:00","22:25:00",20,"Drinks ",21,4.5,3,"motorcycle ",1,"No ","Metropolitian ","Stormy","Low ",1
"2/03/2022","20:40:00","20:50:00",17,"Buffet ",23,4.5,18,"scooter ",1,"No ","Metropolitian ","Stormy","Jam ",0
"5/03/2022","10:50:00","10:55:00",24,"Buffet ",33,4.6,23,"scooter ",1,"No ","Metropolitian ","Windy","Low ",1
"13/03/2022","22:40:00","22:50:00",19,"Drinks ",37,4.6,18,"motorcycle ",1,"No ","Urban ","Cloudy","Low ",1
"11/03/2022","8:55:00","9:05:00",23,"Drinks ",25,4.8,22,"motorcycle ",2,"No ","Metropolitian ","Sunny","Low ",1
"2/03/2022","18:50:00","19:00:00",35,"Snack ",24,5,16,"motorcycle ",2,"No ","Metropolitian ","Fog","Medium ",1
"15/03/2022","21:55:00","22:10:00",11,"Meal ",23,4.8,17,"motorcycle ",1,"No ","Urban ","Windy","Jam ",0
"5/04/2022","11:20:00","11:25:00",18,"Drinks ",33,4.9,18,"motorcycle ",2,"No ","Metropolitian ","Sunny","High ",0
"11/02/2022","19:25:00","19:30:00",37,"Snack ",39,4,16,"motorcycle ",1,"No ","Metropolitian ","Stormy","Jam ",1
"14/02/2022","0:00:00","0:15:00",22,"Snack ",36,4.8,19,"scooter ",1,"No ","Urban ","Sunny","Low ",1
"11/02/2022","11:50:00","11:55:00",23,"Buffet ",21,4.6,5,"motorcycle ",0,"No ","Metropolitian ","Stormy","High ",1
"6/03/2022","19:40:00","19:45:00",16,"Drinks ",27,5,21,"motorcycle ",2,"No ","Urban ","Stormy","Jam ",0
"29/03/2022","23:45:00","23:55:00",22,"Buffet ",35,4.7,22,"scooter ",1,"No ","Metropolitian ","Windy","Low ",0
"30/03/2022","9:45:00","10:00:00",11,"Snack ",22,4.9,9,"scooter ",2,"No ","Metropolitian ","Cloudy","Low ",0
"17/03/2022","8:30:00","8:40:00",15,"Snack ",28,4.7,4,"scooter ",2,"No ","Metropolitian ","Cloudy","Low ",0
"18/03/2022","23:40:00","23:50:00",21,"Meal ",31,4.9,2,"scooter ",1,"No ","Metropolitian ","Sandstorms","Low ",1
"10/03/2022","22:10:00","22:25:00",19,"Buffet ",24,4.5,17,"motorcycle ",0,"No ","Metropolitian ","Stormy","Low ",1
"4/04/2022","23:35:00","23:45:00",26,"Meal ",37,4.6,23,"scooter ",2,"No ","Metropolitian ","Cloudy","Low ",0
"5/04/2022","21:15:00","21:25:00",30,"Meal ",38,4.9,22,"motorcycle ",0,"No ","Metropolitian ","Cloudy","Jam ",0
"7/03/2022","9:40:00","9:55:00",15,"Drinks ",28,4.5,2,"motorcycle ",1,"No ","Urban ","Fog","Low ",1
"30/03/2022","9:25:00","9:35:00",22,"Buffet ",31,4.9,17,"motorcycle ",0,"No ","Metropolitian ","Fog","Low ",0
"6/03/2022","21:40:00","21:50:00",35,"Snack ",33,4.1,1,"motorcycle ",0,"No ","Urban ","Stormy","Jam ",1
"29/03/2022","17:15:00","17:20:00",42,"Snack ",30,4.6,8,"motorcycle ",0,"No ","Metropolitian ","Cloudy","Medium ",2
"5/03/2022","8:40:00","8:45:00",15,"Meal ",33,4.8,19,"scooter ",2,"No ","Urban ","Stormy","Low ",1
"11/03/2022","20:25:00","20:35:00",24,"Drinks ",39,4.6,23,"scooter ",2,"No ","Metropolitian ","Sunny","Jam ",1
"4/04/2022","21:50:00","22:00:00",25,"Drinks ",29,4.8,21,"scooter ",2,"No ","Metropolitian ","Windy","Jam ",0
"17/03/2022","15:15:00","15:20:00",22,"Buffet ",32,4.7,23,"scooter ",2,"No ","Metropolitian ","Sunny","Medium ",1
"5/04/2022","20:25:00","20:35:00",33,"Meal ",31,4,1,"scooter ",1,"No ","Metropolitian ","Cloudy","Jam ",0
"4/03/2022","17:35:00","17:40:00",33,"Snack ",38,3.8,3,"electric_scooter ",2,"No ","Urban ","Stormy","Medium ",1
"27/03/2022","22:30:00","22:35:00",14,"Snack ",20,4.9,18,"motorcycle ",2,"No ","Metropolitian ","Stormy","Low ",0
"11/02/2022","15:20:00","15:30:00",19,"Meal ",20,4.6,6,"scooter ",2,"No ","Metropolitian ","Sunny","Medium ",1
"2/03/2022","22:45:00","22:50:00",28,"Snack ",34,4.9,15,"scooter ",1,"No ","Urban ","Windy","Low ",1
"17/03/2022","8:25:00","8:35:00",17,"Drinks ",29,4.9,21,"scooter ",1,"No ","Urban ","Windy","Low ",0
"24/03/2022","11:00:00","11:05:00",27,"Buffet ",39,4.8,22,"motorcycle ",0,"No ","Metropolitian ","Cloudy","Low ",1
"1/03/2022","13:30:00","13:35:00",31,"Snack ",38,5,22,"scooter ",2,"No ","Metropolitian ","Sandstorms","High ",0
"21/03/2022","8:30:00","8:35:00",29,"Drinks ",31,4.5,3,"scooter ",1,"No ","Urban ","Sandstorms","Low ",0
"9/03/2022","20:35:00","20:40:00",24,"Drinks ",29,4.5,9,"motorcycle ",0,"No ","Metropolitian ","Stormy","Jam ",0
"12/03/2022","21:50:00","21:55:00",32,"Buffet ",36,3.5,5,"motorcycle ",1,"No ","Metropolitian ","Windy","Jam ",1
"31/03/2022","22:00:00","22:05:00",17,"Drinks ",22,4.8,5,"motorcycle ",1,"No ","Urban ","Windy","Jam ",1
"1/04/2022","23:35:00","23:50:00",14,"Meal ",37,4.7,4,"motorcycle ",2,"No ","Urban ","Sunny","Low ",1
"5/04/2022","12:30:00","12:45:00",35,"Meal ",25,4.2,21,"motorcycle ",0,"No ","Urban ","Sandstorms","High ",1
"6/04/2022","21:45:00","21:55:00",30,"Meal ",32,4.9,17,"scooter ",2,"No ","Metropolitian ","Sunny","Jam ",1
"23/03/2022","19:15:00","19:30:00",25,"Buffet ",30,4.5,19,"motorcycle ",1,"No ","Metropolitian ","Stormy","Jam ",1
"2/04/2022","22:50:00","23:05:00",20,"Buffet ",34,4.6,18,"scooter ",2,"No ","Urban ","Stormy","Low ",1
"6/04/2022","21:20:00","21:25:00",41,"Meal ",34,4.3,3,"motorcycle ",2,"No ","Metropolitian ","Fog","Jam ",1
"24/03/2022","8:50:00","8:55:00",20,"Snack ",30,4.7,22,"scooter ",1,"No ","Urban ","Stormy","Low ",1
"17/03/2022","9:15:00","9:20:00",16,"Drinks ",25,4.7,15,"motorcycle ",2,"No ","Urban ","Sandstorms","Low ",0
"4/03/2022","17:20:00","17:25:00",44,"Meal ",39,4.8,15,"scooter ",1,"No ","Metropolitian ","Fog","Medium ",1
"9/03/2022","20:45:00","20:55:00",31,"Buffet ",36,4.1,11,"motorcycle ",0,"No ","Metropolitian ","Fog","Jam ",1
"18/02/2022","19:10:00","19:20:00",25,"Meal ",29,4.6,5,"scooter ",2,"No ","Metropolitian ","Sandstorms","Jam ",1
"15/03/2022","18:25:00","18:35:00",12,"Drinks ",20,4.8,21,"scooter ",2,"No ","Urban ","Fog","Medium ",0
"7/03/2022","19:30:00","19:35:00",25,"Snack ",27,4.6,18,"motorcycle ",2,"No ","Metropolitian ","Windy","Jam ",1
"9/03/2022","22:00:00","22:05:00",31,"Buffet ",38,4.9,23,"motorcycle ",2,"No ","Urban ","Stormy","Jam ",0
"27/03/2022","21:00:00","21:15:00",24,"Meal ",20,4.8,13,"electric_scooter ",2,"No ","Metropolitian ","Windy","Jam ",1
"15/03/2022","23:20:00","23:35:00",23,"Snack ",38,4.8,17,"motorcycle ",1,"No ","Metropolitian ","Stormy","Low ",1
"16/03/2022","0:00:00","0:05:00",43,"Meal ",22,3.1,4,"scooter ",1,"Yes ","Metropolitian ","Sunny","Low ",1
"17/03/2022","19:20:00","19:35:00",25,"Buffet ",35,4.7,21,"electric_scooter ",2,"No ","Metropolitian ","Stormy","Jam ",1
"12/02/2022","20:15:00","20:25:00",19,"Snack ",26,4.6,5,"scooter ",1,"No ","Metropolitian ","Sandstorms","Jam ",0
"29/03/2022","22:40:00","22:50:00",15,"Drinks ",37,5,15,"motorcycle ",2,"No ","Metropolitian ","Stormy","Low ",1
"3/03/2022","9:55:00","10:05:00",15,"Buffet ",23,4.7,17,"electric_scooter ",2,"No ","Urban ","Cloudy","Low ",0
"5/03/2022","11:45:00","11:55:00",29,"Snack ",30,4.8,13,"motorcycle ",1,"No ","Metropolitian ","Stormy","High ",1
"17/03/2022","21:50:00","22:05:00",49,"Snack ",32,4.8,12,"motorcycle ",0,"Yes ","Metropolitian ","Windy","Jam ",1
"4/03/2022","22:20:00","22:35:00",25,"Meal ",32,5,17,"motorcycle ",1,"No ","Metropolitian ","Sandstorms","Low ",1
"12/02/2022","17:35:00","17:40:00",29,"Meal ",24,4.6,4,"electric_scooter ",2,"No ","Metropolitian ","Windy","Medium ",1
"18/03/2022","17:45:00","18:00:00",29,"Buffet ",33,4.6,8,"scooter ",1,"No ","Metropolitian ","Stormy","Medium ",1
"6/04/2022","21:35:00","21:50:00",39,"Snack ",38,4.8,23,"motorcycle ",0,"No ","Metropolitian ","Stormy","Jam ",2
"2/03/2022","18:45:00","18:55:00",37,"Meal ",20,4.9,15,"scooter ",1,"No ","Metropolitian ","Fog","Medium ",1
"21/03/2022","19:30:00","19:35:00",31,"Snack ",33,4.1,13,"scooter ",1,"No ","Metropolitian ","Sandstorms","Jam ",1
"1/03/2022","18:10:00","18:15:00",19,"Drinks ",27,4.9,22,"motorcycle ",0,"No ","Metropolitian ","Windy","Medium ",1
"19/03/2022","23:25:00","23:40:00",25,"Meal ",20,4.3,13,"motorcycle ",0,"No ","Metropolitian ","Windy","Low ",0
"5/03/2022","18:55:00","19:05:00",29,"Meal ",39,4.7,16,"motorcycle ",0,"No ","Metropolitian ","Sunny","Medium ",0
"2/04/2022","23:35:00","23:45:00",24,"Drinks ",22,4.8,19,"motorcycle ",0,"No ","Metropolitian ","Fog","Low ",1
"13/02/2022","17:15:00","17:30:00",33,"Snack ",32,4.1,19,"motorcycle ",0,"No ","Metropolitian ","Sandstorms","Medium ",1
"5/03/2022","9:25:00","9:30:00",21,"Drinks ",27,5,13,"scooter ",1,"No ","Metropolitian ","Sunny","Low ",0
"17/03/2022","11:20:00","11:30:00",33,"Drinks ",33,4.2,16,"motorcycle ",2,"No ","Metropolitian ","Stormy","High ",1
"30/03/2022","20:30:00","20:35:00",29,"Snack ",34,4.9,1,"electric_scooter ",2,"No ","Metropolitian ","Sandstorms","Jam ",1
"6/03/2022","20:40:00","20:50:00",25,"Buffet ",34,4.7,12,"electric_scooter ",2,"No ","Metropolitian ","Sandstorms","Jam ",1
"3/04/2022","17:20:00","17:25:00",22,"Snack ",34,4.9,23,"electric_scooter ",2,"No ","Metropolitian ","Sunny","Medium ",1
"13/02/2022","17:00:00","17:05:00",21,"Snack ",24,4.8,8,"scooter ",2,"No ","Metropolitian ","Stormy","Medium ",1
"12/02/2022","21:10:00","21:15:00",42,"Meal ",39,4.7,6,"motorcycle ",1,"No ","Metropolitian ","Fog","Jam ",1
"12/02/2022","18:55:00","19:10:00",18,"Snack ",22,5,2,"scooter ",1,"No ","Metropolitian ","Windy","Medium ",1
"2/03/2022","19:25:00","19:30:00",28,"Drinks ",27,4.5,4,"motorcycle ",0,"No ","Urban ","Windy","Jam ",1
"16/03/2022","19:55:00","20:05:00",25,"Snack ",25,4.7,12,"motorcycle ",0,"No ","Metropolitian ","Stormy","Jam ",0
"5/03/2022","8:45:00","8:50:00",24,"Buffet ",39,4.9,13,"electric_scooter ",2,"No ","Metropolitian ","Windy","Low ",1
"19/03/2022","20:55:00","21:05:00",35,"Snack ",30,4.6,23,"motorcycle ",2,"No ","Metropolitian ","Cloudy","Jam ",1
"19/03/2022","12:40:00","12:45:00",29,"Drinks ",32,4.8,11,"motorcycle ",1,"No ","Metropolitian ","Sandstorms","High ",1
"11/02/2022","22:45:00","22:55:00",10,"Drinks ",25,4.6,15,"motorcycle ",0,"No ","Urban ","Sunny","Low ",1
"15/03/2022","10:20:00","10:35:00",23,"Buffet ",20,4.6,14,"motorcycle ",0,"No ","Metropolitian ","Cloudy","Low ",0
"12/02/2022","20:35:00","20:40:00",28,"Snack ",36,4.6,4,"motorcycle ",1,"No ","Metropolitian ","Sunny","Jam ",1
"4/04/2022","18:00:00","18:15:00",27,"Snack ",21,4.8,21,"scooter ",2,"No ","Metropolitian ","Sandstorms","Medium ",1
"14/02/2022","19:30:00","19:45:00",30,"Drinks ",36,4.7,3,"motorcycle ",1,"No ","Metropolitian ","Sandstorms","Jam ",1
"13/02/2022","10:30:00","10:40:00",24,"Drinks ",30,4.4,4,"motorcycle ",0,"No ","Metropolitian ","Sandstorms","Low ",1
"9/03/2022","17:50:00","18:00:00",32,"Meal ",32,4.7,21,"electric_scooter ",2,"No ","Metropolitian ","Stormy","Medium ",0
"13/03/2022","22:25:00","22:35:00",26,"Buffet ",30,4.1,8,"motorcycle ",0,"No ","Metropolitian ","Windy","Low ",1
"15/02/2022","21:10:00","21:20:00",21,"Meal ",28,4.7,9,"motorcycle ",0,"No ","Metropolitian ","Stormy","Jam ",0
"1/04/2022","20:50:00","21:00:00",34,"Buffet ",34,4.3,12,"motorcycle ",1,"No ","Metropolitian ","Fog","Jam ",1
"31/03/2022","23:40:00","23:55:00",20,"Meal ",27,4.9,17,"scooter ",2,"No ","Metropolitian ","Cloudy","Low ",1
"16/02/2022","21:55:00","22:05:00",39,"Buffet ",22,4.8,2,"motorcycle ",0,"No ","Metropolitian ","Fog","Jam ",1
"1/04/2022","19:45:00","20:00:00",14,"Drinks ",28,4.9,22,"scooter ",2,"No ","Metropolitian ","Windy","Jam ",1
"28/03/2022","18:10:00","18:15:00",17,"Buffet ",36,4.6,9,"motorcycle ",1,"No ","Metropolitian ","Sunny","Medium ",1
"23/03/2022","17:55:00","18:05:00",35,"Drinks ",30,4.8,6,"motorcycle ",2,"No ","Metropolitian ","Cloudy","Medium ",1
"16/03/2022","20:00:00","20:10:00",30,"Drinks ",37,4.5,1,"scooter ",2,"No ","Urban ","Sunny","Jam ",1
"13/03/2022","15:35:00","15:50:00",20,"Snack ",26,4.9,22,"scooter ",1,"No ","Metropolitian ","Stormy","Medium ",1
"23/03/2022","18:45:00","18:55:00",24,"Drinks ",20,4.7,21,"motorcycle ",2,"No ","Metropolitian ","Windy","Medium ",0
"30/03/2022","21:35:00","21:45:00",31,"Drinks ",20,5,6,"motorcycle ",2,"No ","Metropolitian ","Fog","Jam ",1
"15/03/2022","20:40:00","20:55:00",53,"Drinks ",27,4.2,6,"motorcycle ",0,"No ","Urban ","Sunny","Jam ",3
"21/03/2022","11:50:00","12:05:00",14,"Meal ",27,4.8,14,"motorcycle ",1,"No ","Metropolitian ","Sunny","High ",1
"15/03/2022","15:15:00","15:20:00",10,"Meal ",27,4.7,18,"motorcycle ",1,"No ","Urban ","Cloudy","Medium ",0
"5/03/2022","21:55:00","22:00:00",23,"Drinks ",28,4.7,18,"scooter ",2,"No ","Metropolitian ","Sunny","Jam ",1
"3/04/2022","10:50:00","11:05:00",25,"Meal ",35,4.2,18,"motorcycle ",0,"No ","Metropolitian ","Sandstorms","Low ",1
"12/02/2022","19:45:00","19:55:00",36,"Buffet ",31,5,8,"motorcycle ",0,"No ","Metropolitian ","Stormy","Jam ",0
"6/04/2022","18:55:00","19:00:00",13,"Meal ",28,4.5,5,"motorcycle ",2,"No ","Metropolitian ","Sunny","Medium ",0
"12/03/2022","22:30:00","22:40:00",18,"Meal ",34,4.8,16,"scooter ",2,"No ","Metropolitian ","Sunny","Low ",1
"3/03/2022","21:55:00","22:05:00",38,"Drinks ",34,4.1,7,"motorcycle ",1,"No ","Metropolitian ","Fog","Jam ",0
"24/03/2022","19:25:00","19:40:00",19,"Buffet ",23,4.6,19,"motorcycle ",1,"No ","Metropolitian ","Windy","Jam ",1
"2/03/2022","18:10:00","18:20:00",36,"Meal ",26,4.7,13,"motorcycle ",0,"No ","Metropolitian ","Stormy","Medium ",1
"9/03/2022","22:45:00","23:00:00",11,"Drinks ",20,4.8,15,"scooter ",1,"No ","Metropolitian ","Fog","Low ",1
"21/03/2022","23:55:00","0:10:00",34,"Snack ",30,4.2,3,"motorcycle ",0,"No ","Metropolitian ","Windy","Low ",1
"4/03/2022","21:45:00","21:55:00",13,"Drinks ",29,4.6,19,"scooter ",1,"No ","Metropolitian ","Sunny","Jam ",0
"11/02/2022","21:40:00","21:50:00",33,"Buffet ",36,4.7,8,"scooter ",1,"No ","Metropolitian ","Windy","Jam ",1
"17/03/2022","11:40:00","11:55:00",24,"Meal ",32,4.9,3,"motorcycle ",0,"No ","Metropolitian ","Sunny","High ",1
"4/03/2022","21:00:00","21:05:00",20,"Buffet ",21,4.9,22,"scooter ",1,"No ","Metropolitian ","Windy","Jam ",1
"4/04/2022","21:10:00","21:15:00",40,"Drinks ",31,4.4,18,"scooter ",2,"No ","Urban ","Windy","Jam ",1
"31/03/2022","19:10:00","19:15:00",27,"Drinks ",23,4.6,2,"motorcycle ",2,"No ","Urban ","Stormy","Jam ",1
"1/04/2022","0:00:00","0:15:00",11,"Buffet ",27,4.8,18,"electric_scooter ",2,"No ","Metropolitian ","Windy","Low ",0
"16/03/2022","21:40:00","21:50:00",18,"Snack ",21,4.8,15,"electric_scooter ",2,"No ","Metropolitian ","Windy","Jam ",0
"3/03/2022","23:20:00","23:25:00",29,"Snack ",35,4.9,23,"electric_scooter ",2,"No ","Metropolitian ","Sandstorms","Low ",0
"18/03/2022","17:30:00","17:35:00",40,"Snack ",22,4.5,15,"motorcycle ",0,"No ","Metropolitian ","Cloudy","Medium ",2
"2/03/2022","23:00:00","23:05:00",26,"Drinks ",38,4.6,23,"motorcycle ",0,"No ","Metropolitian ","Sandstorms","Low ",1
"5/03/2022","16:40:00","16:50:00",36,"Snack ",38,4.3,18,"motorcycle ",0,"No ","Metropolitian ","Sunny","Medium ",1
"9/03/2022","22:45:00","22:55:00",20,"Snack ",29,4.3,18,"motorcycle ",0,"No ","Metropolitian ","Sandstorms","Low ",0
"8/03/2022","17:35:00","17:45:00",13,"Buffet ",24,4.5,3,"electric_scooter ",2,"No ","Urban ","Sandstorms","Medium ",0
"14/02/2022","19:45:00","19:55:00",37,"Snack ",26,4.7,7,"scooter ",1,"No ","Metropolitian ","Stormy","Jam ",2
"3/04/2022","10:35:00","10:45:00",15,"Snack ",28,4.5,21,"scooter ",1,"No ","Metropolitian ","Fog","Low ",1
"14/02/2022","18:45:00","18:50:00",40,"Snack ",33,5,16,"electric_scooter ",2,"No ","Urban ","Cloudy","Medium ",1
"21/03/2022","9:35:00","9:40:00",21,"Drinks ",32,4.9,16,"motorcycle ",0,"No ","Urban ","Fog","Low ",1
"20/03/2022","21:35:00","21:45:00",16,"Drinks ",35,4.6,15,"motorcycle ",1,"No ","Urban ","Sunny","Jam ",1
"26/03/2022","8:55:00","9:05:00",17,"Drinks ",30,4.9,12,"motorcycle ",2,"No ","Metropolitian ","Cloudy","Low ",1
"1/03/2022","17:30:00","17:35:00",23,"Meal ",28,4.8,15,"motorcycle ",0,"No ","Metropolitian ","Sunny","Medium ",0
"9/03/2022","10:15:00","10:20:00",26,"Snack ",39,4.3,4,"motorcycle ",0,"No ","Urban ","Stormy","Low ",1
"21/03/2022","21:50:00","22:00:00",23,"Buffet ",31,4.6,22,"motorcycle ",0,"No ","Urban ","Sunny","Jam ",1
"13/03/2022","17:50:00","18:00:00",28,"Snack ",28,4.7,18,"scooter ",2,"No ","Metropolitian ","Stormy","Medium ",0
"6/04/2022","22:20:00","22:35:00",18,"Meal ",33,4.7,16,"scooter ",1,"No ","Metropolitian ","Windy","Low ",0
"28/03/2022","21:40:00","21:50:00",16,"Snack ",27,4.9,16,"electric_scooter ",2,"No ","Metropolitian ","Sunny","Jam ",0
"1/03/2022","10:40:00","10:55:00",13,"Drinks ",39,4.7,9,"scooter ",1,"No ","Metropolitian ","Sunny","Low ",0
"29/03/2022","21:00:00","21:10:00",30,"Snack ",26,4.9,7,"motorcycle ",0,"No ","Metropolitian ","Stormy","Jam ",0
"6/04/2022","0:00:00","0:15:00",20,"Meal ",36,4.7,21,"scooter ",1,"No ","Metropolitian ","Windy","Low ",0
"11/02/2022","19:35:00","19:45:00",22,"Buffet ",37,4.7,7,"motorcycle ",1,"No ","Metropolitian ","Sunny","Jam ",0
"30/03/2022","23:50:00","0:00:00",29,"Snack ",27,4.2,1,"motorcycle ",0,"No ","Metropolitian ","Sandstorms","Low ",1
"19/03/2022","16:55:00","17:10:00",22,"Drinks ",23,4.9,5,"motorcycle ",0,"No ","Metropolitian ","Cloudy","Medium ",0
"11/03/2022","9:25:00","9:30:00",23,"Meal ",35,4.2,6,"motorcycle ",0,"No ","Metropolitian ","Stormy","Low ",1
"31/03/2022","19:20:00","19:30:00",36,"Drinks ",23,4.7,3,"scooter ",2,"No ","Metropolitian ","Fog","Jam ",1
"8/03/2022","17:50:00","18:05:00",27,"Buffet ",20,4.7,18,"electric_scooter ",2,"No ","Urban ","Stormy","Medium ",0
"27/03/2022","21:40:00","21:55:00",21,"Meal ",23,5,15,"electric_scooter ",2,"No ","Metropolitian ","Sandstorms","Jam ",1
"1/03/2022","21:25:00","21:35:00",21,"Snack ",32,4.7,12,"motorcycle ",0,"No ","Metropolitian ","Sunny","Jam ",0
"6/04/2022","22:40:00","22:50:00",27,"Buffet ",31,4.6,16,"scooter ",1,"No ","Metropolitian ","Cloudy","Low ",0
"11/03/2022","17:50:00","18:00:00",19,"Drinks ",25,4.8,21,"motorcycle ",2,"No ","Metropolitian ","Fog","Medium ",1
"27/03/2022","20:10:00","20:15:00",28,"Drinks ",27,4.6,9,"scooter ",2,"No ","Metropolitian ","Windy","Jam ",1
"15/03/2022","20:55:00","21:05:00",31,"Snack ",31,4,6,"motorcycle ",1,"No ","Metropolitian ","Stormy","Jam ",1
"18/03/2022","21:45:00","22:00:00",22,"Buffet ",26,4.9,5,"scooter ",2,"No ","Metropolitian ","Stormy","Jam ",1
"8/03/2022","23:35:00","23:45:00",35,"Drinks ",37,4.9,15,"motorcycle ",0,"No ","Metropolitian ","Cloudy","Low ",0
"1/04/2022","18:00:00","18:15:00",27,"Snack ",23,4.7,23,"motorcycle ",0,"No ","Metropolitian ","Cloudy","Medium ",1
"17/02/2022","20:50:00","20:55:00",11,"Snack ",27,4.8,18,"motorcycle ",1,"No ","Urban ","Sunny","Jam ",1
"27/03/2022","19:15:00","19:30:00",42,"Meal ",29,4,9,"motorcycle ",1,"No ","Metropolitian ","Fog","Jam ",1
"8/03/2022","20:50:00","21:00:00",28,"Buffet ",30,4.8,15,"motorcycle ",0,"No ","Metropolitian ","Sunny","Jam ",1
"30/03/2022","10:00:00","10:10:00",34,"Meal ",37,4.2,7,"motorcycle ",0,"No ","Metropolitian ","Stormy","Low ",1
"9/03/2022","22:25:00","22:35:00",24,"Snack ",33,4.9,16,"motorcycle ",0,"No ","Metropolitian ","Fog","Low ",1
"3/03/2022","10:50:00","10:55:00",15,"Drinks ",20,4.9,21,"scooter ",1,"No ","Metropolitian ","Sunny","Low ",0
"15/02/2022","23:20:00","23:25:00",12,"Meal ",28,4.7,23,"motorcycle ",1,"No ","Urban ","Sandstorms","Low ",0
"30/03/2022","9:45:00","9:50:00",24,"Drinks ",39,4.9,15,"motorcycle ",0,"No ","Metropolitian ","Sunny","Low ",0
"19/03/2022","10:20:00","10:25:00",16,"Drinks ",34,4.9,13,"motorcycle ",1,"No ","Metropolitian ","Fog","Low ",0
"28/03/2022","21:50:00","21:55:00",25,"Drinks ",29,4.8,23,"motorcycle ",0,"No ","Metropolitian ","Fog","Jam ",0
"15/03/2022","13:45:00","13:50:00",29,"Meal ",30,5,9,"motorcycle ",1,"No ","Metropolitian ","Cloudy","High ",0
"16/03/2022","17:10:00","17:20:00",27,"Meal ",35,4.7,14,"scooter ",2,"No ","Metropolitian ","Stormy","Medium ",0
"30/03/2022","20:55:00","21:10:00",12,"Meal ",21,4.8,3,"electric_scooter ",2,"No ","Urban ","Windy","Jam ",0
"18/02/2022","17:50:00","18:05:00",24,"Buffet ",23,4.8,4,"motorcycle ",1,"No ","Metropolitian ","Sandstorms","Medium ",1
"15/02/2022","20:10:00","20:20:00",23,"Drinks ",25,5,9,"scooter ",2,"No ","Metropolitian ","Stormy","Jam ",1
"26/03/2022","9:30:00","9:45:00",19,"Meal ",29,4.8,16,"motorcycle ",1,"No ","Metropolitian ","Sunny","Low ",1
"5/04/2022","19:20:00","19:35:00",15,"Snack ",23,4.8,16,"scooter ",1,"No ","Urban ","Windy","Jam ",1
"18/02/2022","22:35:00","22:45:00",24,"Buffet ",20,4.7,9,"motorcycle ",0,"No ","Metropolitian ","Stormy","Low ",0
"2/04/2022","17:45:00","18:00:00",30,"Drinks ",37,4.6,6,"scooter ",2,"No ","Metropolitian ","Cloudy","Medium ",1
"8/03/2022","22:35:00","22:50:00",27,"Buffet ",28,4.9,16,"scooter ",1,"No ","Metropolitian ","Fog","Low ",1
"4/03/2022","19:50:00","20:00:00",15,"Drinks ",27,4.8,15,"scooter ",2,"No ","Urban ","Stormy","Jam ",0
"25/03/2022","18:30:00","18:35:00",36,"Meal ",20,4.1,1,"motorcycle ",2,"No ","Metropolitian ","Cloudy","Medium ",1
"16/03/2022","21:55:00","22:05:00",53,"Drinks ",39,5,23,"motorcycle ",0,"No ","Semi-Urban ","Cloudy","Jam ",3
"16/02/2022","20:25:00","20:30:00",14,"Meal ",23,4.9,3,"scooter ",1,"No ","Metropolitian ","Sunny","Jam ",1
"4/03/2022","19:25:00","19:35:00",34,"Drinks ",34,4.4,23,"scooter ",1,"No ","Metropolitian ","Stormy","Jam ",0
"12/02/2022","18:10:00","18:15:00",33,"Snack ",20,4.8,5,"scooter ",1,"No ","Metropolitian ","Fog","Medium ",0
"13/03/2022","11:40:00","11:50:00",28,"Snack ",27,4.7,18,"motorcycle ",2,"No ","Metropolitian ","Sandstorms","High ",1
"20/03/2022","18:45:00","18:50:00",26,"Meal ",37,4.9,22,"scooter ",2,"No ","Urban ","Sandstorms","Medium ",1
"2/03/2022","17:20:00","17:25:00",36,"Meal ",29,4.7,13,"motorcycle ",2,"No ","Metropolitian ","Stormy","Medium ",1
"9/03/2022","11:45:00","11:55:00",34,"Meal ",31,4,5,"scooter ",2,"No ","Metropolitian ","Sandstorms","High ",2
"17/02/2022","8:35:00","8:45:00",16,"Drinks ",25,4.8,4,"motorcycle ",0,"No ","Metropolitian ","Sandstorms","Low ",0
"16/03/2022","22:15:00","22:30:00",40,"Buffet ",38,4.8,13,"motorcycle ",0,"No ","Metropolitian ","Fog","Low ",1
"11/02/2022","8:50:00","9:00:00",24,"Meal ",20,4.2,5,"motorcycle ",0,"No ","Metropolitian ","Stormy","Low ",1
"19/03/2022","9:40:00","9:50:00",30,"Drinks ",34,4,4,"motorcycle ",0,"No ","Urban ","Stormy","Low ",1
"13/03/2022","22:45:00","23:00:00",17,"Drinks ",25,4.5,17,"scooter ",2,"No ","Metropolitian ","Windy","Low ",1
"10/03/2022","21:50:00","22:00:00",21,"Snack ",29,5,18,"electric_scooter ",2,"No ","Metropolitian ","Sandstorms","Jam ",0
"25/03/2022","19:00:00","19:15:00",35,"Drinks ",26,4.2,2,"electric_scooter ",2,"No ","Metropolitian ","Cloudy","Medium ",1
"26/03/2022","22:40:00","22:55:00",25,"Buffet ",34,4.7,9,"motorcycle ",0,"No ","Metropolitian ","Sunny","Low ",0
"20/03/2022","19:30:00","19:45:00",32,"Drinks ",33,3.6,5,"scooter ",2,"No ","Metropolitian ","Stormy","Jam ",1
"14/02/2022","22:40:00","22:45:00",28,"Snack ",28,4.5,5,"motorcycle ",2,"No ","Metropolitian ","Stormy","Low ",1
"15/03/2022","8:40:00","8:55:00",10,"Drinks ",21,4.7,21,"scooter ",1,"No ","Urban ","Windy","Low ",0
"16/02/2022","17:45:00","18:00:00",21,"Buffet ",22,4.9,6,"scooter ",1,"No ","Metropolitian ","Windy","Medium ",1
"5/04/2022","10:55:00","11:05:00",22,"Drinks ",23,4.8,22,"electric_scooter ",2,"No ","Urban ","Sunny","Low ",1
"16/02/2022","21:15:00","21:25:00",30,"Buffet ",36,4.6,3,"scooter ",1,"No ","Metropolitian ","Sunny","Jam ",0
"15/03/2022","20:20:00","20:35:00",31,"Drinks ",39,4.1,1,"motorcycle ",0,"No ","Urban ","Cloudy","Jam ",1
"17/03/2022","14:25:00","14:40:00",35,"Drinks ",32,4.7,17,"motorcycle ",0,"No ","Urban ","Windy","High ",0
"28/03/2022","21:00:00","21:10:00",34,"Snack ",36,4,8,"scooter ",1,"No ","Metropolitian ","Cloudy","Jam ",0
"16/03/2022","23:40:00","23:45:00",20,"Drinks ",29,5,22,"motorcycle ",0,"No ","Metropolitian ","Cloudy","Low ",0
"5/03/2022","8:40:00","8:45:00",18,"Snack ",32,4.5,3,"scooter ",2,"No ","Urban ","Stormy","Low ",0
"6/03/2022","18:30:00","18:35:00",21,"Drinks ",34,4.8,17,"scooter ",1,"No ","Metropolitian ","Stormy","Medium ",1
"13/03/2022","21:30:00","21:40:00",19,"Snack ",34,4.7,19,"motorcycle ",1,"No ","Metropolitian ","Sunny","Jam ",1
"16/02/2022","22:00:00","22:05:00",28,"Buffet ",27,4.8,9,"motorcycle ",0,"No ","Metropolitian ","Sunny","Jam ",1
"26/03/2022","8:30:00","8:45:00",27,"Meal ",37,4.9,17,"motorcycle ",1,"No ","Metropolitian ","Stormy","Low ",1
"4/03/2022","21:45:00","21:55:00",22,"Meal ",20,4.9,23,"electric_scooter ",2,"No ","Metropolitian ","Stormy","Jam ",1
"26/03/2022","11:50:00","11:55:00",27,"Drinks ",32,5,15,"motorcycle ",1,"No ","Urban ","Cloudy","High ",1
"1/04/2022","21:55:00","22:10:00",31,"Snack ",36,5,11,"scooter ",2,"No ","Metropolitian ","Sandstorms","Jam ",0
"18/03/2022","18:45:00","18:55:00",33,"Snack ",32,4.1,9,"electric_scooter ",2,"No ","Metropolitian ","Fog","Medium ",1
"16/03/2022","22:45:00","23:00:00",28,"Snack ",39,4.6,14,"motorcycle ",2,"No ","Metropolitian ","Windy","Low ",1
"26/03/2022","22:15:00","22:25:00",16,"Snack ",29,4.2,2,"motorcycle ",0,"No ","Urban ","Sandstorms","Low ",0
"2/03/2022","22:50:00","23:00:00",22,"Drinks ",26,4.5,9,"scooter ",1,"No ","Metropolitian ","Stormy","Low ",0
"21/03/2022","18:15:00","18:25:00",18,"Buffet ",31,4.8,19,"scooter ",2,"No ","Metropolitian ","Cloudy","Medium ",1
"3/04/2022","8:55:00","9:10:00",23,"Snack ",37,4.6,23,"motorcycle ",0,"No ","Metropolitian ","Cloudy","Low ",0
"5/03/2022","10:30:00","10:45:00",17,"Buffet ",39,4.5,6,"scooter ",2,"No ","Urban ","Stormy","Low ",1
"10/03/2022","18:55:00","19:05:00",44,"Drinks ",34,4.9,16,"motorcycle ",1,"Yes ","Metropolitian ","Cloudy","Medium ",1
"28/03/2022","18:45:00","18:55:00",14,"Buffet ",27,4.6,19,"scooter ",2,"No ","Urban ","Cloudy","Medium ",1
"8/03/2022","18:15:00","18:30:00",35,"Drinks ",24,4.9,16,"scooter ",1,"No ","Metropolitian ","Cloudy","Medium ",0
"30/03/2022","23:45:00","0:00:00",17,"Snack ",36,4.8,18,"motorcycle ",1,"No ","Metropolitian ","Fog","Low ",0
"20/03/2022","20:55:00","21:05:00",24,"Drinks ",21,4.6,12,"scooter ",2,"No ","Metropolitian ","Sandstorms","Jam ",1
"6/04/2022","18:55:00","19:05:00",29,"Drinks ",29,4.7,18,"motorcycle ",0,"No ","Metropolitian ","Stormy","Medium ",1
"4/03/2022","17:45:00","18:00:00",36,"Snack ",32,4.7,19,"scooter ",2,"No ","Metropolitian ","Stormy","Medium ",1
"30/03/2022","17:50:00","17:55:00",17,"Snack ",20,4.8,2,"scooter ",1,"No ","Urban ","Fog","Medium ",1
"15/03/2022","9:35:00","9:45:00",23,"Snack ",27,4.9,21,"motorcycle ",1,"No ","Urban ","Sunny","Low ",1
"13/03/2022","22:45:00","22:55:00",19,"Drinks ",27,4.6,16,"motorcycle ",1,"No ","Urban ","Sandstorms","Low ",0
"1/04/2022","19:40:00","19:50:00",50,"Buffet ",21,3.7,12,"motorcycle ",0,"No ","Metropolitian ","Sunny","Jam ",3
"31/03/2022","19:00:00","19:15:00",34,"Snack ",33,4.2,6,"scooter ",2,"No ","Metropolitian ","Windy","Medium ",0
"2/03/2022","23:35:00","23:50:00",26,"Meal ",38,4.8,12,"scooter ",2,"No ","Metropolitian ","Windy","Low ",0
"24/03/2022","23:25:00","23:40:00",10,"Snack ",39,4.9,21,"electric_scooter ",2,"No ","Metropolitian ","Sunny","Low ",0
"13/03/2022","9:20:00","9:35:00",15,"Drinks ",23,4.9,21,"scooter ",2,"No ","Urban ","Windy","Low ",0
"31/03/2022","22:50:00","22:55:00",28,"Snack ",23,4.9,15,"electric_scooter ",2,"No ","Metropolitian ","Sunny","Low ",1
"18/03/2022","23:25:00","23:35:00",22,"Buffet ",36,4.7,23,"scooter ",2,"No ","Urban ","Stormy","Low ",1
"2/03/2022","20:35:00","20:50:00",38,"Meal ",39,3.8,2,"motorcycle ",1,"No ","Metropolitian ","Windy","Jam ",1
"13/03/2022","16:20:00","16:25:00",10,"Snack ",28,4.6,18,"motorcycle ",1,"No ","Metropolitian ","Cloudy","Medium ",0
"31/03/2022","23:40:00","23:45:00",15,"Drinks ",20,4.6,3,"motorcycle ",2,"No ","Urban ","Stormy","Low ",1
"6/03/2022","19:15:00","19:25:00",15,"Buffet ",24,5,23,"scooter ",1,"No ","Metropolitian ","Sunny","Jam ",1
"4/04/2022","23:10:00","23:25:00",25,"Meal ",34,4.6,19,"motorcycle ",0,"No ","Metropolitian ","Sandstorms","Low ",1
"21/03/2022","12:35:00","12:50:00",26,"Buffet ",38,4.6,14,"motorcycle ",1,"No ","Metropolitian ","Fog","High ",1
"1/04/2022","8:50:00","9:00:00",17,"Buffet ",25,4.8,2,"motorcycle ",1,"No ","Urban ","Cloudy","Low ",1
"1/03/2022","11:20:00","11:35:00",27,"Meal ",21,4.6,13,"scooter ",2,"No ","Metropolitian ","Fog","High ",0
"16/03/2022","23:15:00","23:30:00",20,"Meal ",34,4.6,16,"electric_scooter ",2,"No ","Metropolitian ","Sunny","Low ",0
"4/04/2022","21:55:00","22:05:00",27,"Buffet ",36,4.5,4,"scooter ",1,"No ","Metropolitian ","Windy","Jam ",1
"26/03/2022","16:10:00","16:15:00",16,"Drinks ",27,4.7,16,"motorcycle ",0,"No ","Urban ","Sandstorms","Medium ",0
"17/03/2022","21:35:00","21:45:00",24,"Drinks ",24,5,17,"scooter ",1,"No ","Metropolitian ","Sandstorms","Jam ",1
"24/03/2022","19:15:00","19:30:00",21,"Snack ",28,4.6,17,"scooter ",2,"No ","Metropolitian ","Cloudy","Jam ",0
"28/03/2022","14:45:00","14:50:00",26,"Meal ",25,4.9,12,"motorcycle ",0,"No ","Metropolitian ","Stormy","High ",1
"9/03/2022","22:50:00","23:00:00",11,"Buffet ",26,4.9,17,"electric_scooter ",2,"No ","Metropolitian ","Cloudy","Low ",1
"27/03/2022","22:00:00","22:15:00",48,"Snack ",20,4.8,9,"motorcycle ",0,"No ","Metropolitian ","Fog","Jam ",2
"3/04/2022","9:40:00","9:45:00",25,"Drinks ",36,4.7,23,"motorcycle ",0,"No ","Metropolitian ","Sunny","Low ",0
"9/03/2022","9:35:00","9:50:00",17,"Snack ",21,5,18,"motorcycle ",1,"No ","Metropolitian ","Sunny","Low ",0
"12/03/2022","22:10:00","22:25:00",21,"Snack ",21,4.8,18,"motorcycle ",1,"No ","Urban ","Cloudy","Low ",1
"8/03/2022","17:40:00","17:50:00",37,"Snack ",28,4.3,18,"electric_scooter ",2,"No ","Metropolitian ","Sunny","Medium ",1
"11/02/2022","12:55:00","13:00:00",33,"Drinks ",23,4.8,5,"motorcycle ",0,"No ","Metropolitian ","Stormy","High ",1
"5/03/2022","21:20:00","21:35:00",28,"Snack ",22,4.7,21,"motorcycle ",2,"No ","Metropolitian ","Fog","Jam ",1
"3/03/2022","20:50:00","21:05:00",29,"Meal ",21,4.8,23,"motorcycle ",2,"No ","Metropolitian ","Stormy","Jam ",1
"26/03/2022","10:25:00","10:35:00",29,"Meal ",22,4.2,1,"motorcycle ",0,"No ","Urban ","Sandstorms","Low ",0
"21/03/2022","19:50:00","20:00:00",28,"Meal ",23,4.7,17,"scooter ",2,"No ","Metropolitian ","Fog","Jam ",1
"20/03/2022","23:50:00","0:00:00",22,"Drinks ",38,4.7,15,"electric_scooter ",2,"No ","Metropolitian ","Sandstorms","Low ",1
"24/03/2022","8:20:00","8:35:00",24,"Snack ",38,4.6,12,"motorcycle ",0,"No ","Metropolitian ","Sunny","Low ",1
"2/04/2022","18:20:00","18:25:00",32,"Snack ",35,4.6,3,"motorcycle ",0,"No ","Metropolitian ","Sandstorms","Medium ",1
"4/04/2022","23:25:00","23:30:00",10,"Meal ",24,4.6,18,"scooter ",1,"No ","Urban ","Windy","Low ",0
"26/03/2022","22:55:00","23:00:00",23,"Meal ",21,5,22,"electric_scooter ",2,"No ","Metropolitian ","Sunny","Low ",0
"8/03/2022","23:15:00","23:20:00",22,"Buffet ",30,4.5,19,"motorcycle ",0,"No ","Metropolitian ","Sunny","Low ",1
"25/03/2022","17:40:00","17:45:00",32,"Snack ",20,4.8,4,"motorcycle ",0,"No ","Metropolitian ","Stormy","Medium ",0
"29/03/2022","17:15:00","17:25:00",49,"Meal ",31,4.7,11,"motorcycle ",0,"No ","Metropolitian ","Fog","Medium ",3
"18/02/2022","20:25:00","20:35:00",31,"Buffet ",28,4.7,6,"motorcycle ",0,"No ","Metropolitian ","Sandstorms","Jam ",1
"20/03/2022","17:20:00","17:35:00",31,"Drinks ",34,3.5,3,"motorcycle ",1,"No ","Metropolitian ","Stormy","Medium ",1
"1/04/2022","14:40:00","14:50:00",22,"Drinks ",23,4.8,21,"motorcycle ",0,"No ","Metropolitian ","Cloudy","High ",1
"14/02/2022","23:25:00","23:35:00",15,"Buffet ",20,4.9,9,"scooter ",1,"No ","Metropolitian ","Windy","Low ",1
"5/03/2022","18:35:00","18:40:00",13,"Buffet ",21,5,12,"scooter ",1,"No ","Metropolitian ","Fog","Medium ",0
"4/04/2022","17:45:00","17:50:00",32,"Buffet ",26,4.6,14,"motorcycle ",0,"No ","Metropolitian ","Cloudy","Medium ",1
"12/03/2022","22:10:00","22:25:00",42,"Snack ",39,4.8,15,"motorcycle ",0,"Yes ","Metropolitian ","Cloudy","Low ",1
"13/02/2022","20:55:00","21:05:00",33,"Snack ",26,4.1,14,"motorcycle ",1,"No ","Metropolitian ","Fog","Jam ",1
"31/03/2022","21:10:00","21:15:00",20,"Snack ",24,4.6,18,"motorcycle ",1,"No ","Metropolitian ","Sandstorms","Jam ",1
"1/03/2022","22:20:00","22:25:00",18,"Meal ",35,4.8,17,"scooter ",2,"No ","Metropolitian ","Sunny","Low ",0
"29/03/2022","21:50:00","22:05:00",22,"Buffet ",23,4.7,18,"scooter ",1,"No ","Metropolitian ","Windy","Jam ",1
"16/03/2022","17:50:00","17:55:00",23,"Meal ",23,4.6,14,"scooter ",1,"No ","Metropolitian ","Windy","Medium ",1
"24/03/2022","8:50:00","9:00:00",16,"Buffet ",30,4.7,9,"scooter ",1,"No ","Metropolitian ","Sunny","Low ",1
"5/04/2022","14:40:00","14:45:00",24,"Drinks ",25,4.6,15,"scooter ",2,"No ","Metropolitian ","Fog","High ",1
"13/03/2022","14:45:00","14:50:00",26,"Buffet ",36,4.8,16,"motorcycle ",1,"No ","Metropolitian ","Stormy","High ",1
"13/02/2022","9:25:00","9:30:00",25,"Drinks ",32,4.8,7,"motorcycle ",0,"No ","Metropolitian ","Fog","Low ",1
"3/03/2022","15:25:00","15:40:00",25,"Snack ",33,4.7,22,"motorcycle ",0,"No ","Metropolitian ","Sunny","Medium ",0
"28/03/2022","18:55:00","19:00:00",12,"Meal ",20,4.5,12,"motorcycle ",0,"No ","Metropolitian ","Windy","Medium ",1
"19/03/2022","22:15:00","22:30:00",19,"Buffet ",34,4.7,13,"scooter ",1,"No ","Metropolitian ","Fog","Low ",1
"31/03/2022","17:55:00","18:00:00",27,"Meal ",24,4.9,23,"motorcycle ",0,"No ","Metropolitian ","Sunny","Medium ",1
"1/04/2022","20:35:00","20:40:00",18,"Snack ",20,4.5,9,"scooter ",2,"No ","Metropolitian ","Stormy","Jam ",1
"8/03/2022","20:00:00","20:10:00",54,"Buffet ",36,4.6,19,"motorcycle ",0,"No ","Semi-Urban ","Cloudy","Jam ",1
"18/02/2022","18:50:00","18:55:00",27,"Drinks ",25,4.7,5,"motorcycle ",1,"No ","Metropolitian ","Fog","Medium ",1
"15/03/2022","11:15:00","11:25:00",28,"Meal ",38,4.8,23,"scooter ",1,"No ","Metropolitian ","Stormy","High ",0
"7/03/2022","15:30:00","15:40:00",30,"Buffet ",37,4.9,15,"motorcycle ",0,"No ","Urban ","Stormy","Medium ",1
"4/04/2022","20:20:00","20:30:00",33,"Buffet ",39,3.5,5,"motorcycle ",1,"No ","Urban ","Stormy","Jam ",0
"1/03/2022","23:50:00","0:00:00",18,"Drinks ",31,4.7,18,"scooter ",1,"No ","Urban ","Cloudy","Low ",1
"13/03/2022","19:50:00","20:05:00",27,"Meal ",30,4.8,14,"motorcycle ",0,"No ","Metropolitian ","Sunny","Jam ",1
"14/02/2022","19:55:00","20:10:00",19,"Snack ",29,4.7,2,"motorcycle ",1,"No ","Metropolitian ","Sunny","Jam ",0
"15/02/2022","19:55:00","20:10:00",26,"Drinks ",31,4.9,7,"scooter ",2,"No ","Metropolitian ","Windy","Jam ",1
"17/02/2022","21:40:00","21:50:00",27,"Meal ",33,4.8,3,"motorcycle ",0,"No ","Metropolitian ","Sandstorms","Jam ",1
"21/03/2022","8:20:00","8:35:00",18,"Drinks ",29,5,21,"motorcycle ",0,"No ","Urban ","Sunny","Low ",1
"12/03/2022","18:45:00","18:50:00",37,"Meal ",36,4,4,"motorcycle ",1,"No ","Metropolitian ","Cloudy","Medium ",1
"9/03/2022","9:55:00","10:00:00",20,"Snack ",27,4,6,"motorcycle ",0,"No ","Urban ","Stormy","Low ",1
"19/03/2022","9:40:00","9:50:00",30,"Drinks ",34,4,4,"motorcycle ",0,"No ","Urban ","Stormy","Low ",1
"9/03/2022","9:45:00","10:00:00",14,"Drinks ",36,5,12,"scooter ",2,"No ","Metropolitian ","Sunny","Low ",0
"1/04/2022","23:30:00","23:40:00",15,"Drinks ",27,4.7,21,"electric_scooter ",2,"No ","Metropolitian ","Sandstorms","Low ",0
"24/03/2022","23:20:00","23:25:00",21,"Snack ",37,4.8,23,"scooter ",1,"No ","Metropolitian ","Windy","Low ",0
"23/03/2022","18:00:00","18:05:00",31,"Meal ",28,4.9,13,"motorcycle ",0,"No ","Metropolitian ","Fog","Medium ",0
"13/03/2022","18:35:00","18:45:00",24,"Meal ",34,4.5,21,"motorcycle ",0,"No ","Metropolitian ","Sunny","Medium ",1
"13/03/2022","19:10:00","19:20:00",36,"Buffet ",34,4.9,19,"scooter ",2,"No ","Metropolitian ","Fog","Jam ",1
"29/03/2022","22:55:00","23:00:00",39,"Drinks ",20,2.8,4,"scooter ",1,"No ","Urban ","Sunny","Low ",2
"8/03/2022","18:10:00","18:25:00",12,"Snack ",22,4.6,15,"electric_scooter ",2,"No ","Metropolitian ","Sunny","Medium ",1
"27/03/2022","23:15:00","23:25:00",29,"Buffet ",32,4.6,8,"scooter ",1,"No ","Metropolitian ","Stormy","Low ",1
"16/02/2022","19:40:00","19:55:00",44,"Snack ",22,5,9,"scooter ",2,"No ","Metropolitian ","Stormy","Jam ",3
"29/03/2022","19:50:00","20:05:00",49,"Snack ",24,4.6,1,"motorcycle ",0,"No ","Urban ","Cloudy","Jam ",1
"28/03/2022","8:30:00","8:35:00",24,"Drinks ",31,4.9,15,"motorcycle ",0,"No ","Urban ","Cloudy","Low ",0
"4/04/2022","18:20:00","18:35:00",43,"Buffet ",33,4.1,13,"motorcycle ",0,"No ","Metropolitian ","Stormy","Medium ",1
"20/03/2022","17:45:00","18:00:00",33,"Meal ",36,4.5,8,"scooter ",2,"No ","Metropolitian ","Stormy","Medium ",1
"7/03/2022","11:25:00","11:40:00",34,"Meal ",21,4,2,"scooter ",1,"No ","Urban ","Stormy","High ",1
"3/03/2022","12:00:00","12:05:00",25,"Drinks ",22,4.5,21,"motorcycle ",1,"No ","Metropolitian ","Fog","High ",1
"12/02/2022","23:45:00","0:00:00",26,"Buffet ",35,4.8,23,"motorcycle ",0,"No ","Urban ","Windy","Low ",1
"24/03/2022","22:45:00","22:50:00",17,"Drinks ",39,4.7,22,"motorcycle ",2,"No ","Urban ","Fog","Low ",1
"1/03/2022","8:50:00","9:05:00",10,"Buffet ",20,4.9,15,"scooter ",1,"No ","Urban ","Windy","Low ",0
"3/04/2022","20:35:00","20:45:00",39,"Snack ",36,4.1,13,"motorcycle ",0,"No ","Metropolitian ","Windy","Jam ",1
"25/03/2022","23:50:00","0:05:00",24,"Buffet ",26,4.5,22,"motorcycle ",0,"No ","Metropolitian ","Fog","Low ",0
"28/03/2022","8:35:00","8:50:00",17,"Meal ",27,4.6,16,"electric_scooter ",2,"No ","Metropolitian ","Stormy","Low ",1
"24/03/2022","9:15:00","9:25:00",18,"Drinks ",21,4.5,3,"scooter ",1,"No ","Urban ","Stormy","Low ",0
"7/03/2022","12:20:00","12:35:00",28,"Drinks ",32,4.7,16,"motorcycle ",0,"No ","Metropolitian ","Sunny","High ",1
"15/02/2022","23:10:00","23:15:00",11,"Buffet ",29,4.9,3,"motorcycle ",1,"No ","Metropolitian ","Windy","Low ",1
"17/03/2022","21:20:00","21:35:00",34,"Snack ",28,4.6,23,"motorcycle ",0,"No ","Metropolitian ","Stormy","Jam ",2
"30/03/2022","23:20:00","23:35:00",20,"Meal ",21,4.9,13,"motorcycle ",0,"No ","Metropolitian ","Fog","Low ",1
"19/03/2022","12:20:00","12:25:00",29,"Meal ",25,4.7,19,"motorcycle ",0,"No ","Urban ","Sandstorms","High ",1
"6/03/2022","20:35:00","20:45:00",35,"Snack ",21,5,14,"scooter ",1,"No ","Metropolitian ","Fog","Jam ",1
"3/04/2022","17:25:00","17:30:00",23,"Drinks ",28,4.7,19,"scooter ",1,"No ","Urban ","Windy","Medium ",1
"28/03/2022","23:15:00","23:25:00",14,"Snack ",20,4.8,13,"scooter ",2,"No ","Metropolitian ","Stormy","Low ",0
"6/04/2022","19:10:00","19:25:00",29,"Buffet ",24,5,15,"motorcycle ",2,"No ","Metropolitian ","Sandstorms","Jam ",1
"1/03/2022","19:40:00","19:45:00",35,"Buffet ",33,4.1,3,"scooter ",2,"No ","Metropolitian ","Stormy","Jam ",0
"11/02/2022","15:10:00","15:25:00",32,"Buffet ",30,4.7,3,"motorcycle ",0,"No ","Metropolitian ","Fog","Medium ",1
"24/03/2022","22:15:00","22:25:00",16,"Snack ",25,4.1,17,"motorcycle ",0,"No ","Metropolitian ","Sandstorms","Low ",0
"13/03/2022","16:35:00","16:50:00",27,"Buffet ",22,4.6,16,"motorcycle ",1,"No ","Metropolitian ","Stormy","Medium ",0
"10/03/2022","22:20:00","22:25:00",20,"Drinks ",20,4.7,13,"motorcycle ",0,"No ","Metropolitian ","Cloudy","Low ",1
"26/03/2022","12:30:00","12:40:00",23,"Drinks ",25,4.6,19,"motorcycle ",0,"No ","Metropolitian ","Stormy","High ",1
"1/03/2022","10:30:00","10:45:00",28,"Buffet ",38,4,5,"motorcycle ",0,"No ","Metropolitian ","Stormy","Low ",1
"6/04/2022","0:00:00","0:10:00",19,"Drinks ",37,4.9,16,"electric_scooter ",2,"No ","Metropolitian ","Sandstorms","Low ",1
"14/02/2022","23:20:00","23:30:00",29,"Meal ",37,4.8,8,"motorcycle ",0,"No ","Metropolitian ","Sandstorms","Low ",1
"15/02/2022","19:50:00","19:55:00",34,"Meal ",25,4.7,2,"motorcycle ",0,"No ","Metropolitian ","Sandstorms","Jam ",1
"3/03/2022","20:10:00","20:20:00",19,"Buffet ",37,4.7,16,"scooter ",1,"No ","Metropolitian ","Sunny","Jam ",0
"2/04/2022","22:25:00","22:30:00",29,"Drinks ",39,4.6,22,"motorcycle ",1,"No ","Urban ","Sunny","Low ",1
"1/03/2022","15:15:00","15:20:00",23,"Buffet ",28,4.6,18,"scooter ",2,"No ","Metropolitian ","Sandstorms","Medium ",1
"7/03/2022","10:30:00","10:35:00",22,"Buffet ",36,4.7,16,"scooter ",2,"No ","Urban ","Windy","Low ",1
"18/03/2022","21:45:00","21:55:00",42,"Meal ",22,4.6,19,"scooter ",1,"No ","Metropolitian ","Cloudy","Jam ",1
"12/02/2022","18:30:00","18:45:00",28,"Drinks ",36,4.7,15,"motorcycle ",0,"No ","Urban ","Sunny","Medium ",1
"12/03/2022","18:00:00","18:15:00",28,"Meal ",39,5,16,"scooter ",1,"No ","Urban ","Sunny","Medium ",0
"17/02/2022","19:10:00","19:20:00",33,"Buffet ",36,4.4,8,"scooter ",1,"No ","Metropolitian ","Fog","Jam ",0
"4/03/2022","22:45:00","22:50:00",17,"Meal ",25,4.6,14,"motorcycle ",0,"No ","Metropolitian ","Sandstorms","Low ",1
"7/03/2022","21:10:00","21:25:00",30,"Snack ",39,4.7,21,"motorcycle ",0,"No ","Urban ","Stormy","Jam ",0
"14/03/2022","20:15:00","20:25:00",31,"Snack ",23,4.1,3,"motorcycle ",0,"No ","Metropolitian ","Windy","Jam ",1
"25/03/2022","18:40:00","18:45:00",39,"Buffet ",37,4,4,"motorcycle ",0,"No ","Metropolitian ","Sandstorms","Medium ",0
"11/02/2022","14:10:00","14:20:00",26,"Buffet ",37,5,3,"scooter ",1,"No ","Metropolitian ","Fog","High ",1
"31/03/2022","23:35:00","23:50:00",25,"Snack ",23,4.8,13,"motorcycle ",0,"No ","Metropolitian ","Sunny","Low ",0
"15/03/2022","0:00:00","0:15:00",29,"Snack ",34,4.8,15,"scooter ",2,"No ","Metropolitian ","Stormy","Low ",1
"26/03/2022","10:20:00","10:35:00",17,"Buffet ",22,4.8,19,"scooter ",2,"No ","Urban ","Sunny","Low ",1
"23/03/2022","21:00:00","21:10:00",38,"Snack ",38,4.8,13,"motorcycle ",1,"No ","Metropolitian ","Cloudy","Jam ",2
"15/03/2022","11:25:00","11:40:00",26,"Meal ",27,4.8,14,"motorcycle ",1,"No ","Metropolitian ","Windy","High ",1
"17/03/2022","21:50:00","21:55:00",29,"Buffet ",33,4.6,13,"motorcycle ",1,"No ","Metropolitian ","Sandstorms","Jam ",1
"18/02/2022","21:20:00","21:30:00",24,"Buffet ",30,4.8,6,"motorcycle ",1,"No ","Metropolitian ","Sandstorms","Jam ",1
"7/03/2022","21:10:00","21:25:00",33,"Buffet ",35,4.8,21,"scooter ",2,"No ","Metropolitian ","Windy","Jam ",0
"16/02/2022","23:40:00","23:50:00",38,"Meal ",26,3.2,14,"electric_scooter ",2,"No ","Metropolitian ","Sunny","Low ",1
"11/03/2022","18:35:00","18:50:00",32,"Buffet ",39,4.6,21,"motorcycle ",2,"No ","Urban ","Sandstorms","Medium ",0
"30/03/2022","10:50:00","10:55:00",23,"Buffet ",30,4.8,12,"motorcycle ",0,"No ","Metropolitian ","Cloudy","Low ",1
"21/03/2022","18:20:00","18:35:00",31,"Drinks ",32,4.1,6,"scooter ",2,"No ","Metropolitian ","Sandstorms","Medium ",1
"25/03/2022","23:15:00","23:30:00",14,"Buffet ",24,4.9,16,"scooter ",1,"No ","Metropolitian ","Windy","Low ",0
"15/02/2022","8:35:00","8:50:00",24,"Meal ",30,5,22,"electric_scooter ",2,"No ","Urban ","Stormy","Low ",1
"23/03/2022","18:50:00","18:55:00",32,"Meal ",26,5,13,"motorcycle ",0,"No ","Metropolitian ","Cloudy","Medium ",1
"28/03/2022","21:45:00","22:00:00",26,"Meal ",36,4.9,23,"motorcycle ",1,"No ","Metropolitian ","Stormy","Jam ",1
"12/03/2022","19:00:00","19:05:00",28,"Drinks ",26,4.9,9,"motorcycle ",0,"No ","Metropolitian ","Stormy","Medium ",1
"4/04/2022","20:00:00","20:10:00",27,"Snack ",26,4.9,16,"motorcycle ",0,"No ","Metropolitian ","Windy","Jam ",1
"13/03/2022","23:10:00","23:25:00",21,"Meal ",35,4.8,17,"motorcycle ",1,"No ","Urban ","Windy","Low ",1
"4/03/2022","17:15:00","17:30:00",28,"Drinks ",20,4.6,9,"scooter ",1,"No ","Metropolitian ","Fog","Medium ",1
"20/03/2022","17:55:00","18:10:00",40,"Snack ",37,4.7,7,"motorcycle ",0,"No ","Metropolitian ","Stormy","Medium ",0
"1/03/2022","13:15:00","13:25:00",34,"Buffet ",25,4.3,13,"motorcycle ",0,"No ","Metropolitian ","Sandstorms","High ",1
"1/04/2022","23:40:00","23:50:00",19,"Meal ",25,4.6,17,"scooter ",1,"No ","Urban ","Fog","Low ",0
"2/03/2022","22:40:00","22:50:00",19,"Buffet ",34,4.7,23,"motorcycle ",1,"No ","Metropolitian ","Stormy","Low ",1
"17/03/2022","15:15:00","15:25:00",35,"Buffet ",36,4.2,7,"motorcycle ",0,"No ","Metropolitian ","Windy","Medium ",1
"3/03/2022","8:20:00","8:35:00",21,"Meal ",24,4.7,16,"motorcycle ",1,"No ","Metropolitian ","Sunny","Low ",1
"6/03/2022","17:30:00","17:35:00",18,"Snack ",26,4.6,18,"scooter ",2,"No ","Metropolitian ","Sunny","Medium ",1
"19/03/2022","9:30:00","9:45:00",14,"Meal ",20,5,17,"motorcycle ",1,"No ","Metropolitian ","Fog","Low ",0
"10/03/2022","22:55:00","23:00:00",10,"Drinks ",29,5,9,"scooter ",1,"No ","Metropolitian ","Windy","Low ",1
"14/03/2022","22:00:00","22:15:00",26,"Snack ",21,4.9,12,"scooter ",1,"No ","Metropolitian ","Windy","Jam ",1
"5/04/2022","18:25:00","18:30:00",20,"Meal ",30,4.6,23,"motorcycle ",0,"No ","Urban ","Sunny","Medium ",1
"12/02/2022","20:35:00","20:45:00",37,"Snack ",27,4.4,7,"motorcycle ",0,"No ","Metropolitian ","Sandstorms","Jam ",0
"30/03/2022","22:20:00","22:30:00",26,"Drinks ",39,4.6,6,"electric_scooter ",2,"No ","Urban ","Windy","Low ",1
"5/04/2022","22:10:00","22:25:00",18,"Drinks ",29,4.8,23,"motorcycle ",1,"No ","Metropolitian ","Sandstorms","Low ",0
"23/03/2022","21:35:00","21:40:00",16,"Snack ",22,4.5,1,"motorcycle ",1,"No ","Urban ","Stormy","Jam ",0
"4/04/2022","21:55:00","22:10:00",15,"Meal ",28,4.6,23,"scooter ",2,"No ","Metropolitian ","Sunny","Jam ",1
"6/04/2022","19:45:00","20:00:00",30,"Drinks ",23,4.8,23,"motorcycle ",2,"No ","Urban ","Fog","Jam ",0
"4/04/2022","20:15:00","20:25:00",27,"Snack ",37,4.9,23,"electric_scooter ",2,"No ","Metropolitian ","Sandstorms","Jam ",1
"14/02/2022","20:50:00","21:05:00",25,"Snack ",20,4.8,18,"motorcycle ",0,"No ","Urban ","Windy","Jam ",1
"21/03/2022","21:50:00","22:05:00",29,"Snack ",27,4.9,16,"scooter ",2,"No ","Urban ","Cloudy","Jam ",1
"16/03/2022","19:15:00","19:25:00",42,"Meal ",30,3.7,3,"scooter ",2,"No ","Metropolitian ","Sandstorms","Jam ",0
"12/03/2022","21:40:00","21:55:00",37,"Snack ",25,4.6,14,"motorcycle ",0,"No ","Metropolitian ","Stormy","Jam ",1
"21/03/2022","20:55:00","21:00:00",19,"Meal ",27,4.6,17,"electric_scooter ",2,"No ","Metropolitian ","Windy","Jam ",1
"13/02/2022","11:10:00","11:20:00",28,"Buffet ",25,4.7,4,"motorcycle ",0,"No ","Metropolitian ","Sandstorms","High ",1
"18/02/2022","18:15:00","18:25:00",46,"Buffet ",32,5,6,"motorcycle ",0,"Yes ","Metropolitian ","Sandstorms","Medium ",1
"7/03/2022","20:45:00","20:50:00",22,"Snack ",37,4.7,21,"motorcycle ",1,"No ","Urban ","Stormy","Jam ",1
"12/03/2022","17:35:00","17:50:00",28,"Snack ",28,4.5,14,"motorcycle ",0,"No ","Metropolitian ","Sandstorms","Medium ",1
"15/03/2022","9:50:00","10:05:00",26,"Meal ",36,4.1,2,"motorcycle ",0,"No ","Urban ","Sandstorms","Low ",1
"11/03/2022","13:10:00","13:15:00",30,"Snack ",26,4.6,13,"motorcycle ",2,"No ","Metropolitian ","Cloudy","High ",1
"6/04/2022","17:25:00","17:30:00",32,"Snack ",27,4.3,2,"motorcycle ",0,"No ","Metropolitian ","Windy","Medium ",1
"3/04/2022","20:30:00","20:40:00",49,"Buffet ",30,4.3,13,"motorcycle ",0,"No ","Metropolitian ","Sandstorms","Jam ",1
"3/04/2022","12:15:00","12:30:00",28,"Buffet ",24,4.9,23,"scooter ",2,"No ","Metropolitian ","Cloudy","High ",0
"12/03/2022","20:40:00","20:45:00",28,"Drinks ",25,4.8,21,"motorcycle ",2,"No ","Metropolitian ","Windy","Jam ",1
"5/03/2022","11:15:00","11:20:00",25,"Drinks ",33,4.8,17,"motorcycle ",0,"No ","Metropolitian ","Sunny","High ",0
"1/03/2022","18:00:00","18:05:00",29,"Drinks ",20,4.9,19,"motorcycle ",0,"No ","Metropolitian ","Stormy","Medium ",1
"6/03/2022","22:10:00","22:20:00",15,"Meal ",37,4.9,15,"scooter ",2,"No ","Metropolitian ","Windy","Low ",1
"6/03/2022","21:50:00","21:55:00",51,"Snack ",36,4.7,21,"motorcycle ",0,"No ","Metropolitian ","Sunny","Jam ",2
"21/03/2022","20:55:00","21:05:00",16,"Meal ",23,4.8,21,"motorcycle ",0,"No ","Urban ","Sandstorms","Jam ",0
"21/03/2022","10:25:00","10:30:00",19,"Meal ",29,4.9,22,"motorcycle ",0,"No ","Metropolitian ","Fog","Low ",1
"20/03/2022","21:10:00","21:15:00",53,"Meal ",37,4.6,16,"motorcycle ",0,"No ","Semi-Urban ","Cloudy","Jam ",0
"15/03/2022","9:35:00","9:45:00",20,"Meal ",32,4.6,12,"scooter ",2,"No ","Metropolitian ","Sandstorms","Low ",1
"18/03/2022","17:30:00","17:35:00",24,"Buffet ",36,4.9,16,"scooter ",1,"No ","Urban ","Stormy","Medium ",1
"29/03/2022","19:30:00","19:35:00",49,"Meal ",38,4.4,4,"scooter ",2,"Yes ","Urban ","Fog","Jam ",2
"12/03/2022","19:30:00","19:35:00",41,"Meal ",28,4.1,6,"scooter ",2,"No ","Metropolitian ","Fog","Jam ",2
"6/03/2022","18:50:00","18:55:00",29,"Meal ",28,4.9,21,"scooter ",2,"No ","Urban ","Sandstorms","Medium ",0
"18/03/2022","21:25:00","21:30:00",27,"Meal ",22,4.6,7,"scooter ",1,"No ","Metropolitian ","Stormy","Jam ",1
"4/04/2022","20:35:00","20:45:00",47,"Meal ",30,4.4,11,"electric_scooter ",2,"No ","Metropolitian ","Fog","Jam ",1
"13/03/2022","21:25:00","21:30:00",39,"Drinks ",34,4.7,16,"scooter ",1,"No ","Metropolitian ","Fog","Jam ",1
"2/03/2022","23:55:00","0:10:00",22,"Buffet ",21,4.8,21,"motorcycle ",2,"No ","Urban ","Fog","Low ",1
"2/03/2022","22:15:00","22:25:00",19,"Buffet ",36,4.7,13,"motorcycle ",1,"No ","Metropolitian ","Windy","Low ",1
"6/04/2022","0:00:00","0:15:00",21,"Buffet ",28,4.8,18,"motorcycle ",0,"No ","Metropolitian ","Stormy","Low ",1
"25/03/2022","20:20:00","20:35:00",49,"Meal ",38,4.4,3,"scooter ",2,"No ","Metropolitian ","Fog","Jam ",0
"7/03/2022","8:10:00","8:20:00",18,"Buffet ",27,4.9,17,"electric_scooter ",2,"No ","Urban ","Stormy","Low ",1
"1/03/2022","12:00:00","12:10:00",31,"Drinks ",20,4.3,15,"motorcycle ",0,"No ","Metropolitian ","Sandstorms","High ",0
"20/03/2022","21:25:00","21:35:00",39,"Snack ",22,4.4,3,"motorcycle ",1,"No ","Metropolitian ","Fog","Jam ",2
"4/03/2022","21:15:00","21:30:00",44,"Buffet ",24,5,9,"motorcycle ",0,"No ","Metropolitian ","Stormy","Jam ",0
"3/04/2022","11:40:00","11:55:00",39,"Snack ",25,4.4,19,"motorcycle ",0,"No ","Urban ","Stormy","High ",1
"20/03/2022","21:55:00","22:00:00",30,"Drinks ",34,4.9,9,"electric_scooter ",2,"No ","Metropolitian ","Windy","Jam ",1
"9/03/2022","19:15:00","19:20:00",26,"Snack ",39,4.8,18,"scooter ",2,"No ","Metropolitian ","Windy","Jam ",1
"28/03/2022","18:30:00","18:40:00",28,"Meal ",20,4.6,23,"motorcycle ",0,"No ","Metropolitian ","Cloudy","Medium ",0
"20/03/2022","20:30:00","20:40:00",51,"Meal ",36,4.4,1,"motorcycle ",0,"No ","Metropolitian ","Stormy","Jam ",3
"25/03/2022","20:55:00","21:00:00",37,"Snack ",36,4.1,3,"scooter ",1,"No ","Metropolitian ","Fog","Jam ",0
"24/03/2022","12:40:00","12:55:00",29,"Meal ",39,4.9,6,"motorcycle ",0,"No ","Metropolitian ","Fog","High ",1
"17/02/2022","22:45:00","22:50:00",11,"Meal ",23,4.7,6,"electric_scooter ",2,"No ","Metropolitian ","Fog","Low ",1
"17/02/2022","8:40:00","8:50:00",19,"Drinks ",33,4.9,9,"electric_scooter ",2,"No ","Metropolitian ","Stormy","Low ",1
"29/03/2022","0:00:00","0:10:00",37,"Meal ",33,3.8,8,"scooter ",2,"No ","Metropolitian ","Fog","Low ",0
"15/02/2022","22:25:00","22:40:00",25,"Buffet ",30,4.6,5,"motorcycle ",0,"No ","Metropolitian ","Stormy","Low ",1
"13/02/2022","11:40:00","11:45:00",23,"Meal ",24,4.8,23,"motorcycle ",0,"No ","Urban ","Cloudy","High ",1
"1/03/2022","10:40:00","10:55:00",13,"Drinks ",39,4.7,9,"scooter ",1,"No ","Metropolitian ","Sunny","Low ",0
"9/03/2022","23:20:00","23:25:00",17,"Drinks ",24,4.2,9,"motorcycle ",0,"No ","Metropolitian ","Stormy","Low ",0
"11/02/2022","22:00:00","22:10:00",20,"Drinks ",25,4.7,6,"electric_scooter ",2,"No ","Metropolitian ","Sandstorms","Jam ",0
"12/02/2022","20:25:00","20:30:00",37,"Snack ",26,4,14,"motorcycle ",0,"No ","Metropolitian ","Windy","Jam ",1
"3/03/2022","19:15:00","19:30:00",16,"Drinks ",35,4.6,19,"scooter ",2,"No ","Urban ","Sunny","Jam ",1
"12/03/2022","23:00:00","23:10:00",19,"Drinks ",21,5,23,"scooter ",2,"No ","Metropolitian ","Windy","Low ",1
"11/02/2022","18:00:00","18:15:00",17,"Snack ",38,4.8,3,"motorcycle ",1,"No ","Metropolitian ","Stormy","Medium ",1
"13/02/2022","19:25:00","19:30:00",22,"Meal ",32,4.7,2,"motorcycle ",0,"No ","Metropolitian ","Sunny","Jam ",1
"29/03/2022","21:40:00","21:55:00",26,"Snack ",28,4.8,6,"motorcycle ",0,"No ","Urban ","Sunny","Jam ",1
"7/03/2022","8:30:00","8:45:00",31,"Meal ",32,4.3,23,"motorcycle ",0,"No ","Metropolitian ","Windy","Low ",1
"20/03/2022","0:00:00","0:10:00",25,"Drinks ",39,4.6,19,"scooter ",2,"No ","Metropolitian ","Stormy","Low ",1
"2/03/2022","23:50:00","0:05:00",19,"Meal ",25,4.9,22,"motorcycle ",0,"No ","Metropolitian ","Windy","Low ",0
"19/03/2022","14:50:00","15:00:00",23,"Buffet ",38,4.7,8,"scooter ",1,"No ","Metropolitian ","Sunny","High ",1
"25/03/2022","21:55:00","22:05:00",37,"Snack ",31,4.4,13,"motorcycle ",1,"No ","Metropolitian ","Windy","Jam ",1
"1/04/2022","11:40:00","11:55:00",30,"Snack ",20,5,8,"motorcycle ",1,"No ","Metropolitian ","Fog","High ",0
"16/03/2022","21:40:00","21:55:00",39,"Buffet ",27,4.9,23,"scooter ",2,"No ","Metropolitian ","Cloudy","Jam ",1
"20/03/2022","17:15:00","17:20:00",21,"Meal ",23,4.7,16,"motorcycle ",1,"No ","Metropolitian ","Stormy","Medium ",1
"21/03/2022","23:40:00","23:50:00",16,"Meal ",39,4.9,18,"motorcycle ",1,"No ","Urban ","Cloudy","Low ",0
"7/03/2022","8:25:00","8:30:00",29,"Snack ",38,4.9,16,"scooter ",2,"No ","Metropolitian ","Stormy","Low ",1
"1/03/2022","8:35:00","8:40:00",25,"Meal ",35,4.9,18,"motorcycle ",0,"No ","Metropolitian ","Stormy","Low ",1
"15/02/2022","23:45:00","23:55:00",24,"Buffet ",35,4.6,3,"motorcycle ",1,"No ","Metropolitian ","Sandstorms","Low ",1
"14/03/2022","21:55:00","22:00:00",38,"Drinks ",34,4.9,12,"motorcycle ",0,"No ","Metropolitian ","Sunny","Jam ",1
"11/02/2022","11:50:00","11:55:00",23,"Buffet ",21,4.6,5,"motorcycle ",0,"No ","Metropolitian ","Stormy","High ",1
"21/03/2022","17:30:00","17:35:00",19,"Drinks ",32,4.6,19,"scooter ",1,"No ","Metropolitian ","Cloudy","Medium ",1
"9/03/2022","18:50:00","18:55:00",17,"Meal ",31,4.7,19,"motorcycle ",2,"No ","Metropolitian ","Sunny","Medium ",1
"31/03/2022","22:55:00","23:10:00",20,"Buffet ",22,4.7,18,"motorcycle ",0,"No ","Metropolitian ","Windy","Low ",1
"5/04/2022","22:50:00","23:00:00",18,"Snack ",33,4.7,19,"motorcycle ",2,"No ","Metropolitian ","Cloudy","Low ",1
"6/03/2022","18:50:00","19:00:00",41,"Meal ",34,5,16,"motorcycle ",0,"No ","Metropolitian ","Sunny","Medium ",2
"16/02/2022","23:55:00","0:10:00",20,"Buffet ",37,5,16,"scooter ",1,"No ","Urban ","Sunny","Low ",0
"3/03/2022","8:30:00","8:40:00",18,"Buffet ",21,4.1,2,"motorcycle ",0,"No ","Metropolitian ","Sandstorms","Low ",1
"21/03/2022","11:40:00","11:50:00",17,"Drinks ",20,4.7,23,"scooter ",1,"No ","Metropolitian ","Sunny","High ",0
"15/02/2022","22:45:00","22:50:00",14,"Snack ",38,4.9,23,"scooter ",2,"No ","Urban ","Sunny","Low ",1
"18/03/2022","20:50:00","21:00:00",31,"Meal ",27,4.6,23,"motorcycle ",0,"No ","Metropolitian ","Sandstorms","Jam ",1
"14/02/2022","18:15:00","18:30:00",43,"Meal ",26,5,3,"motorcycle ",0,"No ","Metropolitian ","Stormy","Medium ",1
"15/03/2022","8:30:00","8:40:00",33,"Buffet ",38,4.2,1,"motorcycle ",0,"No ","Metropolitian ","Windy","Low ",1
"18/02/2022","22:50:00","22:55:00",27,"Drinks ",33,4.8,7,"motorcycle ",0,"No ","Metropolitian ","Fog","Low ",1
"20/03/2022","19:30:00","19:35:00",35,"Drinks ",27,4.4,8,"scooter ",1,"No ","Metropolitian ","Fog","Jam ",1
"11/03/2022","19:15:00","19:25:00",49,"Meal ",36,5,23,"motorcycle ",0,"Yes ","Metropolitian ","Windy","Jam ",0
"9/03/2022","14:50:00","15:00:00",26,"Drinks ",35,4.5,3,"scooter ",2,"No ","Urban ","Stormy","High ",1
"28/03/2022","23:35:00","23:40:00",13,"Snack ",22,4.8,22,"electric_scooter ",2,"No ","Urban ","Fog","Low ",0
"20/03/2022","17:20:00","17:35:00",24,"Meal ",29,4.9,13,"motorcycle ",0,"No ","Metropolitian ","Windy","Medium ",1
"8/03/2022","23:40:00","23:45:00",21,"Meal ",36,4.7,9,"motorcycle ",0,"No ","Metropolitian ","Windy","Low ",1
"3/04/2022","10:40:00","10:45:00",25,"Meal ",33,4.7,9,"electric_scooter ",2,"No ","Metropolitian ","Sandstorms","Low ",1
"11/02/2022","23:00:00","23:05:00",18,"Meal ",20,4.7,17,"motorcycle ",1,"No ","Urban ","Sandstorms","Low ",1
"14/03/2022","23:20:00","23:25:00",39,"Snack ",37,3.5,8,"motorcycle ",2,"No ","Metropolitian ","Fog","Low ",1
"24/03/2022","16:50:00","16:55:00",26,"Meal ",26,4.9,15,"scooter ",2,"No ","Metropolitian ","Windy","Medium ",1
"9/03/2022","14:10:00","14:15:00",33,"Buffet ",30,4.6,13,"motorcycle ",2,"No ","Metropolitian ","Windy","High ",2
"15/02/2022","20:20:00","20:30:00",34,"Drinks ",23,4.1,14,"scooter ",2,"No ","Metropolitian ","Fog","Jam ",2
"15/02/2022","10:50:00","11:00:00",20,"Snack ",39,4.9,8,"scooter ",1,"No ","Metropolitian ","Sandstorms","Low ",1
"9/03/2022","18:20:00","18:30:00",12,"Snack ",22,4.9,15,"motorcycle ",0,"No ","Metropolitian ","Sandstorms","Medium ",0
"1/03/2022","18:15:00","18:20:00",28,"Drinks ",27,4.8,23,"motorcycle ",0,"No ","Metropolitian ","Windy","Medium ",1
"21/03/2022","16:35:00","16:50:00",27,"Snack ",34,4.8,15,"motorcycle ",0,"No ","Metropolitian ","Fog","Medium ",1
"30/03/2022","12:15:00","12:30:00",27,"Drinks ",33,4.8,23,"scooter ",2,"No ","Metropolitian ","Stormy","High ",1
"2/03/2022","20:40:00","20:50:00",21,"Snack ",20,4.9,12,"scooter ",2,"No ","Metropolitian ","Sunny","Jam ",1
"14/03/2022","23:35:00","23:50:00",25,"Drinks ",34,4.6,14,"scooter ",1,"No ","Metropolitian ","Windy","Low ",1
"1/04/2022","19:50:00","20:05:00",33,"Buffet ",20,4.4,13,"electric_scooter ",2,"No ","Metropolitian ","Fog","Jam ",1
"27/03/2022","23:30:00","23:45:00",12,"Drinks ",28,4.7,16,"scooter ",2,"No ","Metropolitian ","Stormy","Low ",0
"12/03/2022","18:35:00","18:40:00",42,"Drinks ",35,4.6,23,"motorcycle ",0,"No ","Metropolitian ","Cloudy","Medium ",0
"18/03/2022","18:30:00","18:35:00",24,"Buffet ",28,4.5,1,"scooter ",1,"No ","Urban ","Windy","Medium ",1
"29/03/2022","20:10:00","20:25:00",36,"Buffet ",34,4.6,1,"motorcycle ",2,"No ","Metropolitian ","Fog","Jam ",1
"31/03/2022","18:45:00","18:50:00",29,"Meal ",21,4.7,1,"motorcycle ",2,"No ","Urban ","Windy","Medium ",1
"2/03/2022","21:40:00","21:50:00",40,"Meal ",31,4.2,3,"motorcycle ",2,"No ","Urban ","Fog","Jam ",0
"17/03/2022","17:40:00","17:50:00",27,"Drinks ",33,4.9,19,"motorcycle ",0,"No ","Metropolitian ","Sandstorms","Medium ",1
"11/02/2022","21:20:00","21:25:00",16,"Meal ",32,4.9,6,"scooter ",1,"No ","Metropolitian ","Sunny","Jam ",1
"16/03/2022","20:25:00","20:30:00",37,"Snack ",25,4.8,18,"motorcycle ",0,"No ","Metropolitian ","Fog","Jam ",1
"16/02/2022","19:20:00","19:30:00",33,"Buffet ",31,4.5,7,"motorcycle ",1,"No ","Metropolitian ","Windy","Jam ",1
"3/03/2022","14:30:00","14:45:00",25,"Meal ",21,4.7,15,"scooter ",2,"No ","Metropolitian ","Stormy","High ",1
"12/03/2022","20:30:00","20:45:00",48,"Meal ",34,4.2,7,"motorcycle ",0,"No ","Metropolitian ","Sandstorms","Jam ",2
"18/03/2022","23:15:00","23:20:00",20,"Drinks ",25,4.9,4,"motorcycle ",0,"No ","Metropolitian ","Cloudy","Low ",0
"26/03/2022","9:55:00","10:10:00",25,"Snack ",23,4.1,21,"motorcycle ",0,"No ","Metropolitian ","Stormy","Low ",1
"14/03/2022","19:55:00","20:10:00",48,"Buffet ",30,4.9,15,"motorcycle ",0,"No ","Metropolitian ","Fog","Jam ",1
"6/03/2022","23:15:00","23:30:00",41,"Buffet ",34,4.8,23,"motorcycle ",0,"No ","Metropolitian ","Fog","Low ",1
"21/03/2022","12:55:00","13:00:00",28,"Snack ",35,4.6,23,"motorcycle ",2,"No ","Metropolitian ","Fog","High ",1
"2/04/2022","23:15:00","23:20:00",26,"Buffet ",21,4.5,22,"motorcycle ",0,"No ","Metropolitian ","Sunny","Low ",1
"30/03/2022","16:40:00","16:50:00",15,"Drinks ",21,4.7,16,"motorcycle ",1,"No ","Metropolitian ","Fog","Medium ",0
"15/03/2022","23:35:00","23:40:00",17,"Buffet ",37,4.5,17,"scooter ",2,"No ","Metropolitian ","Fog","Low ",1
"30/03/2022","11:45:00","11:50:00",28,"Meal ",26,4.9,21,"scooter ",1,"No ","Metropolitian ","Fog","High ",1
"15/03/2022","16:10:00","16:20:00",21,"Snack ",25,4.8,17,"scooter ",2,"No ","Urban ","Windy","Medium ",1
"16/03/2022","22:55:00","23:10:00",11,"Snack ",21,4.9,23,"scooter ",2,"No ","Urban ","Stormy","Low ",1
"1/04/2022","8:15:00","8:30:00",29,"Meal ",38,4.6,14,"motorcycle ",0,"No ","Metropolitian ","Sunny","Low ",1
"30/03/2022","13:55:00","14:00:00",20,"Meal ",24,4.7,3,"scooter ",1,"No ","Urban ","Windy","High ",1
"5/03/2022","15:20:00","15:30:00",11,"Snack ",25,4.8,16,"scooter ",2,"No ","Metropolitian ","Sunny","Medium ",0
"17/03/2022","23:40:00","23:50:00",26,"Buffet ",36,4.9,22,"scooter ",1,"No ","Urban ","Sandstorms","Low ",1
"14/02/2022","17:40:00","17:55:00",39,"Meal ",39,4.1,11,"motorcycle ",0,"No ","Metropolitian ","Stormy","Medium ",2
"7/03/2022","10:15:00","10:20:00",17,"Buffet ",35,4.8,14,"scooter ",2,"No ","Metropolitian ","Fog","Low ",0
"9/03/2022","10:45:00","10:50:00",18,"Drinks ",26,4.6,19,"scooter ",1,"No ","Metropolitian ","Cloudy","Low ",0
"2/03/2022","17:20:00","17:25:00",31,"Snack ",21,4.2,4,"motorcycle ",0,"No ","Metropolitian ","Stormy","Medium ",1
"18/02/2022","20:00:00","20:10:00",43,"Drinks ",30,4.1,16,"electric_scooter ",2,"Yes ","Metropolitian ","Sandstorms","Jam ",2
"16/03/2022","17:25:00","17:35:00",34,"Buffet ",39,4.5,22,"scooter ",2,"No ","Metropolitian ","Sandstorms","Medium ",1
"23/03/2022","21:50:00","22:00:00",18,"Drinks ",24,4.7,19,"scooter ",1,"No ","Urban ","Windy","Jam ",1
"15/02/2022","13:40:00","13:55:00",26,"Drinks ",33,4.8,8,"electric_scooter ",2,"No ","Metropolitian ","Sandstorms","High ",0
"26/03/2022","20:40:00","20:50:00",21,"Meal ",37,4.5,17,"motorcycle ",0,"No ","Metropolitian ","Sunny","Jam ",1
"1/04/2022","19:55:00","20:10:00",37,"Meal ",39,4.8,15,"motorcycle ",2,"No ","Metropolitian ","Fog","Jam ",1
"1/03/2022","22:15:00","22:30:00",16,"Meal ",33,4.6,23,"scooter ",1,"No ","Metropolitian ","Fog","Low ",1
"1/03/2022","23:40:00","23:45:00",25,"Buffet ",33,4.9,19,"scooter ",1,"No ","Urban ","Windy","Low ",1
"30/03/2022","19:00:00","19:10:00",11,"Drinks ",23,4.7,19,"scooter ",2,"No ","Metropolitian ","Fog","Medium ",0
"23/03/2022","22:00:00","22:15:00",44,"Buffet ",28,4.8,8,"motorcycle ",0,"No ","Metropolitian ","Cloudy","Jam ",0
"21/03/2022","9:40:00","9:45:00",23,"Snack ",36,4.5,5,"electric_scooter ",2,"No ","Urban ","Windy","Low ",0
"15/03/2022","9:20:00","9:35:00",11,"Buffet ",24,4.6,22,"scooter ",2,"No ","Urban ","Cloudy","Low ",1
"11/03/2022","19:00:00","19:15:00",20,"Snack ",26,4.5,15,"motorcycle ",0,"No ","Metropolitian ","Windy","Medium ",1
"25/03/2022","18:30:00","18:35:00",36,"Meal ",20,4.1,1,"motorcycle ",2,"No ","Metropolitian ","Cloudy","Medium ",1
"1/03/2022","8:45:00","9:00:00",24,"Buffet ",21,5,17,"scooter ",1,"No ","Metropolitian ","Sunny","Low ",1
"30/03/2022","9:50:00","10:00:00",29,"Buffet ",21,4.3,13,"motorcycle ",0,"No ","Metropolitian ","Stormy","Low ",1
"7/03/2022","18:40:00","18:55:00",27,"Meal ",33,4.7,23,"motorcycle ",0,"No ","Metropolitian ","Fog","Medium ",1
"19/03/2022","8:10:00","8:15:00",13,"Meal ",26,4.8,23,"scooter ",2,"No ","Urban ","Fog","Low ",1
"19/03/2022","22:35:00","22:40:00",25,"Meal ",26,4.2,3,"motorcycle ",0,"No ","Metropolitian ","Sandstorms","Low ",1
"14/03/2022","22:15:00","22:25:00",37,"Meal ",36,4.2,5,"motorcycle ",1,"No ","Metropolitian ","Fog","Low ",1
"3/04/2022","17:55:00","18:10:00",18,"Snack ",28,4.9,23,"scooter ",2,"No ","Metropolitian ","Fog","Medium ",0
"27/03/2022","21:30:00","21:40:00",34,"Buffet ",33,3.8,7,"motorcycle ",1,"No ","Metropolitian ","Sandstorms","Jam ",1
"3/03/2022","19:15:00","19:30:00",15,"Buffet ",28,4.6,12,"scooter ",1,"No ","Metropolitian ","Windy","Jam ",1
"6/04/2022","22:25:00","22:40:00",15,"Meal ",38,4.9,18,"motorcycle ",2,"No ","Metropolitian ","Stormy","Low ",0
"2/03/2022","19:10:00","19:25:00",42,"Meal ",36,3.7,5,"scooter ",2,"Yes ","Metropolitian ","Stormy","Jam ",2
"2/03/2022","21:40:00","21:45:00",43,"Drinks ",35,4.1,2,"motorcycle ",1,"No ","Urban ","Fog","Jam ",2
"2/03/2022","18:30:00","18:35:00",24,"Meal ",37,5,17,"scooter ",2,"No ","Urban ","Windy","Medium ",1
"9/03/2022","11:20:00","11:25:00",29,"Meal ",30,4.5,3,"motorcycle ",0,"No ","Urban ","Stormy","High ",1
"18/02/2022","20:20:00","20:30:00",35,"Buffet ",28,5,7,"scooter ",1,"No ","Metropolitian ","Sandstorms","Jam ",1
"21/03/2022","11:30:00","11:45:00",16,"Buffet ",24,4.7,22,"motorcycle ",0,"No ","Urban ","Sandstorms","High ",1
"12/03/2022","20:50:00","21:00:00",40,"Snack ",30,4.5,23,"motorcycle ",1,"No ","Metropolitian ","Windy","Jam ",1
"25/03/2022","17:40:00","17:45:00",26,"Buffet ",20,5,14,"scooter ",2,"No ","Metropolitian ","Fog","Medium ",1
"8/03/2022","19:20:00","19:25:00",19,"Drinks ",37,4.8,16,"motorcycle ",2,"No ","Urban ","Stormy","Jam ",1
"21/03/2022","23:30:00","23:35:00",22,"Buffet ",35,4.1,22,"motorcycle ",0,"No ","Metropolitian ","Sandstorms","Low ",0
"6/03/2022","20:45:00","20:50:00",41,"Drinks ",22,4.3,21,"motorcycle ",2,"No ","Metropolitian ","Fog","Jam ",1
"2/04/2022","17:55:00","18:10:00",21,"Buffet ",35,5,9,"motorcycle ",1,"No ","Metropolitian ","Stormy","Medium ",1
"8/03/2022","18:30:00","18:45:00",35,"Drinks ",33,4.3,6,"motorcycle ",1,"No ","Urban ","Stormy","Medium ",1
"28/03/2022","9:25:00","9:30:00",16,"Meal ",31,4.8,9,"scooter ",2,"No ","Metropolitian ","Stormy","Low ",1
"2/03/2022","17:55:00","18:10:00",27,"Meal ",27,4.7,15,"motorcycle ",2,"No ","Metropolitian ","Stormy","Medium ",1
"16/02/2022","18:25:00","18:30:00",38,"Meal ",33,4.7,3,"motorcycle ",0,"No ","Metropolitian ","Stormy","Medium ",0
"6/03/2022","17:20:00","17:25:00",28,"Meal ",25,4.8,23,"motorcycle ",0,"No ","Metropolitian ","Sandstorms","Medium ",0
"31/03/2022","19:30:00","19:35:00",37,"Buffet ",33,4.7,1,"motorcycle ",0,"No ","Urban ","Windy","Jam ",1
"14/02/2022","21:45:00","22:00:00",36,"Drinks ",34,4.3,5,"motorcycle ",0,"No ","Metropolitian ","Stormy","Jam ",1
"4/04/2022","20:15:00","20:20:00",23,"Meal ",28,4.7,23,"scooter ",1,"No ","Metropolitian ","Sandstorms","Jam ",1
"28/03/2022","12:35:00","12:45:00",31,"Drinks ",38,4.3,7,"motorcycle ",0,"No ","Metropolitian ","Windy","High ",1
"28/03/2022","13:40:00","13:50:00",35,"Meal ",32,4.8,7,"motorcycle ",0,"No ","Metropolitian ","Stormy","High ",2
"8/03/2022","17:10:00","17:15:00",20,"Buffet ",20,4.9,23,"motorcycle ",0,"No ","Urban ","Stormy","Medium ",1
"15/02/2022","19:55:00","20:10:00",26,"Drinks ",31,4.9,7,"scooter ",2,"No ","Metropolitian ","Windy","Jam ",1
"6/03/2022","22:55:00","23:10:00",24,"Snack ",30,5,22,"scooter ",1,"No ","Urban ","Sandstorms","Low ",1
"4/04/2022","22:00:00","22:10:00",47,"Snack ",36,4.2,9,"motorcycle ",0,"Yes ","Metropolitian ","Sandstorms","Jam ",2
"17/02/2022","22:10:00","22:15:00",17,"Buffet ",36,5,17,"electric_scooter ",2,"No ","Urban ","Fog","Low ",0
"6/04/2022","20:00:00","20:05:00",25,"Snack ",28,4.6,17,"scooter ",2,"No ","Urban ","Sandstorms","Jam ",1
"16/03/2022","18:35:00","18:50:00",18,"Drinks ",38,4.5,2,"scooter ",2,"No ","Urban ","Sunny","Medium ",1
"10/03/2022","18:15:00","18:25:00",15,"Meal ",29,4.6,21,"scooter ",2,"No ","Metropolitian ","Sunny","Medium ",1
"10/03/2022","22:10:00","22:20:00",25,"Meal ",38,4.7,17,"motorcycle ",0,"No ","Metropolitian ","Sandstorms","Low ",0
"15/03/2022","23:15:00","23:30:00",15,"Meal ",24,4.5,5,"scooter ",2,"No ","Urban ","Windy","Low ",1
"18/03/2022","19:45:00","19:55:00",28,"Drinks ",31,4.6,17,"scooter ",1,"No ","Urban ","Stormy","Jam ",1
"7/03/2022","13:30:00","13:45:00",21,"Drinks ",36,4.8,9,"motorcycle ",0,"No ","Metropolitian ","Sunny","High ",0
"11/02/2022","17:40:00","17:45:00",29,"Drinks ",38,4.7,5,"motorcycle ",0,"No ","Metropolitian ","Sunny","Medium ",1
"1/03/2022","22:15:00","22:25:00",20,"Drinks ",27,4.1,8,"motorcycle ",0,"No ","Metropolitian ","Sandstorms","Low ",1
"15/02/2022","9:50:00","10:05:00",22,"Meal ",39,4.8,3,"scooter ",1,"No ","Metropolitian ","Stormy","Low ",0
"29/03/2022","21:55:00","22:00:00",30,"Meal ",25,5,3,"motorcycle ",0,"No ","Metropolitian ","Sandstorms","Jam ",0
"8/03/2022","22:00:00","22:10:00",30,"Meal ",20,4.8,17,"motorcycle ",0,"No ","Urban ","Stormy","Jam ",1
"11/02/2022","13:40:00","13:45:00",32,"Drinks ",33,4.8,9,"scooter ",1,"No ","Metropolitian ","Windy","High ",0
"20/03/2022","21:25:00","21:35:00",45,"Buffet ",33,4.1,2,"motorcycle ",0,"No ","Metropolitian ","Windy","Jam ",2
"6/03/2022","19:20:00","19:25:00",24,"Buffet ",34,4.8,16,"scooter ",1,"No ","Urban ","Stormy","Jam ",1
"7/03/2022","8:15:00","8:30:00",17,"Meal ",28,4.9,16,"scooter ",1,"No ","Metropolitian ","Sunny","Low ",1
"15/03/2022","19:10:00","19:20:00",28,"Drinks ",34,5,16,"motorcycle ",1,"No ","Metropolitian ","Windy","Jam ",1
"15/02/2022","14:40:00","14:45:00",37,"Drinks ",37,4.7,9,"scooter ",1,"No ","Metropolitian ","Fog","High ",1
"16/03/2022","22:00:00","22:05:00",45,"Meal ",27,4.8,14,"motorcycle ",0,"Yes ","Metropolitian ","Cloudy","Jam ",0
"29/03/2022","19:55:00","20:10:00",36,"Buffet ",26,4.1,4,"scooter ",2,"No ","Metropolitian ","Fog","Jam ",1
"14/02/2022","21:45:00","21:50:00",23,"Snack ",29,4.5,4,"motorcycle ",2,"No ","Metropolitian ","Sandstorms","Jam ",1
"10/03/2022","17:10:00","17:25:00",31,"Buffet ",23,4.2,4,"scooter ",2,"No ","Urban ","Cloudy","Medium ",1
"27/03/2022","19:15:00","19:20:00",40,"Buffet ",32,4.4,11,"motorcycle ",0,"No ","Metropolitian ","Sunny","Jam ",0
"15/02/2022","10:50:00","11:00:00",12,"Snack ",25,4.6,2,"scooter ",1,"No ","Metropolitian ","Stormy","Low ",0
"18/03/2022","17:15:00","17:30:00",29,"Snack ",22,4.7,9,"motorcycle ",0,"No ","Metropolitian ","Sandstorms","Medium ",1
"2/04/2022","21:35:00","21:40:00",25,"Drinks ",37,4.9,15,"motorcycle ",1,"No ","Urban ","Windy","Jam ",1
"21/03/2022","15:35:00","15:45:00",30,"Meal ",33,4.5,2,"motorcycle ",0,"No ","Metropolitian ","Cloudy","Medium ",0
"30/03/2022","20:00:00","20:05:00",31,"Snack ",20,4.7,11,"motorcycle ",1,"No ","Metropolitian ","Fog","Jam ",1
"2/04/2022","22:25:00","22:40:00",11,"Buffet ",25,4.6,16,"scooter ",1,"No ","Urban ","Stormy","Low ",0
"4/04/2022","22:40:00","22:45:00",20,"Meal ",34,4.6,9,"scooter ",1,"No ","Metropolitian ","Windy","Low ",1
"9/03/2022","13:45:00","14:00:00",39,"Meal ",33,4.1,11,"scooter ",1,"No ","Metropolitian ","Fog","High ",2
"19/03/2022","21:30:00","21:40:00",32,"Meal ",39,4.4,5,"motorcycle ",1,"No ","Urban ","Fog","Jam ",1
"9/03/2022","13:55:00","14:05:00",48,"Meal ",30,4,1,"motorcycle ",0,"No ","Urban ","Stormy","High ",1
"1/04/2022","18:30:00","18:45:00",23,"Meal ",31,4.8,23,"scooter ",2,"No ","Metropolitian ","Sunny","Medium ",1
"19/03/2022","10:45:00","10:55:00",17,"Meal ",20,4.7,15,"electric_scooter ",2,"No ","Urban ","Windy","Low ",1
"29/03/2022","17:15:00","17:30:00",26,"Drinks ",28,4.8,22,"scooter ",1,"No ","Metropolitian ","Cloudy","Medium ",0
"25/03/2022","19:15:00","19:25:00",18,"Snack ",23,5,16,"motorcycle ",1,"No ","Metropolitian ","Windy","Jam ",1
"5/04/2022","19:50:00","19:55:00",33,"Meal ",33,4.7,15,"scooter ",1,"No ","Metropolitian ","Windy","Jam ",1
"27/03/2022","19:30:00","19:40:00",44,"Snack ",36,5,1,"motorcycle ",0,"Yes ","Metropolitian ","Fog","Jam ",2
"9/03/2022","8:25:00","8:30:00",26,"Buffet ",22,4.4,23,"motorcycle ",0,"No ","Metropolitian ","Stormy","Low ",1
"4/03/2022","19:40:00","19:45:00",15,"Meal ",22,4.6,23,"scooter ",2,"No ","Metropolitian ","Stormy","Jam ",1
"6/03/2022","18:45:00","19:00:00",40,"Drinks ",31,4.1,3,"electric_scooter ",2,"No ","Metropolitian ","Sunny","Medium ",0
"4/03/2022","19:30:00","19:35:00",19,"Drinks ",38,4.9,18,"motorcycle ",1,"No ","Metropolitian ","Sunny","Jam ",1
"5/04/2022","12:00:00","12:10:00",22,"Drinks ",29,5,22,"motorcycle ",2,"No ","Metropolitian ","Cloudy","High ",1
"26/03/2022","23:45:00","0:00:00",22,"Drinks ",27,4.1,16,"motorcycle ",0,"No ","Metropolitian ","Stormy","Low ",0
"11/03/2022","8:55:00","9:00:00",12,"Snack ",39,5,18,"motorcycle ",1,"No ","Metropolitian ","Sunny","Low ",0
"15/02/2022","18:25:00","18:30:00",33,"Meal ",31,4.3,7,"motorcycle ",2,"No ","Metropolitian ","Windy","Medium ",1
"25/03/2022","18:40:00","18:45:00",39,"Buffet ",37,4,4,"motorcycle ",0,"No ","Metropolitian ","Sandstorms","Medium ",0
"31/03/2022","23:30:00","23:35:00",17,"Buffet ",36,4.8,4,"scooter ",1,"No ","Urban ","Stormy","Low ",1
"15/02/2022","16:00:00","16:10:00",16,"Meal ",39,5,17,"scooter ",1,"No ","Urban ","Fog","Medium ",0
"27/03/2022","22:00:00","22:05:00",48,"Buffet ",33,4.9,5,"motorcycle ",0,"Yes ","Metropolitian ","Sandstorms","Jam ",1
"24/03/2022","22:50:00","23:05:00",26,"Meal ",31,4.7,19,"motorcycle ",0,"No ","Metropolitian ","Fog","Low ",1
"1/03/2022","11:45:00","11:50:00",34,"Drinks ",35,4.7,15,"scooter ",1,"No ","Metropolitian ","Fog","High ",1
"25/03/2022","20:00:00","20:10:00",46,"Buffet ",38,4.8,8,"motorcycle ",2,"No ","Metropolitian ","Cloudy","Jam ",1
"18/03/2022","23:35:00","23:50:00",27,"Buffet ",30,4.9,11,"motorcycle ",0,"No ","Metropolitian ","Sandstorms","Low ",1
"29/03/2022","17:15:00","17:25:00",22,"Buffet ",25,4.6,12,"motorcycle ",1,"No ","Metropolitian ","Stormy","Medium ",0
"11/02/2022","19:00:00","19:10:00",28,"Drinks ",36,4.7,7,"electric_scooter ",2,"No ","Metropolitian ","Stormy","Medium ",1
"18/03/2022","22:50:00","23:05:00",13,"Snack ",22,5,17,"motorcycle ",1,"No ","Urban ","Stormy","Low ",1
"21/03/2022","18:35:00","18:45:00",16,"Meal ",35,4.7,12,"motorcycle ",1,"No ","Metropolitian ","Cloudy","Medium ",1
"5/03/2022","23:15:00","23:25:00",16,"Drinks ",38,4.5,5,"scooter ",1,"No ","Urban ","Stormy","Low ",1
"6/03/2022","17:20:00","17:25:00",20,"Snack ",32,4.6,16,"motorcycle ",2,"No ","Metropolitian ","Stormy","Medium ",1
"5/04/2022","11:20:00","11:35:00",34,"Buffet ",39,4,3,"scooter ",2,"No ","Metropolitian ","Stormy","High ",0
"13/03/2022","8:30:00","8:45:00",21,"Drinks ",34,5,23,"scooter ",1,"No ","Metropolitian ","Stormy","Low ",1
"1/03/2022","18:15:00","18:30:00",24,"Meal ",20,4.8,15,"scooter ",1,"No ","Metropolitian ","Stormy","Medium ",1
"27/03/2022","23:50:00","0:05:00",38,"Buffet ",32,4.2,7,"motorcycle ",0,"No ","Metropolitian ","Fog","Low ",0
"11/03/2022","9:10:00","9:20:00",10,"Meal ",23,4.9,16,"electric_scooter ",2,"No ","Metropolitian ","Fog","Low ",1
"5/03/2022","9:40:00","9:55:00",22,"Snack ",35,4.1,3,"motorcycle ",0,"No ","Metropolitian ","Stormy","Low ",0
"1/03/2022","10:00:00","10:10:00",28,"Meal ",35,4.7,18,"scooter ",1,"No ","Metropolitian ","Windy","Low ",0
"3/03/2022","10:25:00","10:35:00",27,"Snack ",28,4.5,19,"motorcycle ",0,"No ","Metropolitian ","Sandstorms","Low ",1
"13/03/2022","18:00:00","18:05:00",28,"Snack ",27,4.6,21,"motorcycle ",0,"No ","Urban ","Sandstorms","Medium ",0
"1/03/2022","14:55:00","15:00:00",13,"Drinks ",27,5,21,"motorcycle ",1,"No ","Urban ","Stormy","High ",1
"20/03/2022","17:40:00","17:55:00",27,"Snack ",22,4.7,23,"motorcycle ",2,"No ","Metropolitian ","Fog","Medium ",1
"1/03/2022","8:50:00","9:00:00",17,"Meal ",27,4.8,9,"motorcycle ",0,"No ","Metropolitian ","Stormy","Low ",0
"2/04/2022","22:25:00","22:30:00",27,"Snack ",27,4.6,18,"scooter ",1,"No ","Metropolitian ","Cloudy","Low ",1
"27/03/2022","20:45:00","21:00:00",51,"Snack ",36,4.7,21,"motorcycle ",0,"No ","Semi-Urban ","Fog","Jam ",3
"6/03/2022","17:45:00","17:50:00",39,"Snack ",23,4.6,23,"motorcycle ",1,"No ","Metropolitian ","Fog","Medium ",2
"15/02/2022","10:10:00","10:15:00",12,"Buffet ",20,4.8,16,"scooter ",1,"No ","Urban ","Windy","Low ",1
"1/04/2022","8:50:00","9:05:00",21,"Buffet ",36,4.9,22,"scooter ",2,"No ","Metropolitian ","Sandstorms","Low ",0
"13/02/2022","18:30:00","18:35:00",26,"Snack ",37,4.8,5,"motorcycle ",2,"No ","Metropolitian ","Sandstorms","Medium ",1
"11/03/2022","12:55:00","13:10:00",11,"Buffet ",23,4.9,18,"electric_scooter ",2,"No ","Metropolitian ","Sandstorms","High ",0
"9/03/2022","12:30:00","12:45:00",40,"Drinks ",31,4.6,16,"motorcycle ",0,"No ","Urban ","Stormy","High ",1
"15/03/2022","17:10:00","17:25:00",30,"Drinks ",30,4.6,18,"motorcycle ",1,"No ","Metropolitian ","Windy","Medium ",1
"7/03/2022","9:55:00","10:00:00",23,"Drinks ",36,4.9,16,"scooter ",2,"No ","Urban ","Sandstorms","Low ",1
"2/03/2022","22:25:00","22:30:00",41,"Snack ",37,4.9,22,"motorcycle ",0,"No ","Urban ","Cloudy","Low ",1
"24/03/2022","16:00:00","16:05:00",17,"Buffet ",23,4.6,12,"motorcycle ",0,"No ","Metropolitian ","Stormy","Medium ",1
"14/02/2022","17:45:00","17:50:00",40,"Snack ",34,4.5,3,"motorcycle ",0,"No ","Metropolitian ","Stormy","Medium ",1
"15/03/2022","8:20:00","8:25:00",24,"Snack ",21,4.1,13,"motorcycle ",0,"No ","Metropolitian ","Windy","Low ",1
"1/04/2022","19:50:00","19:55:00",27,"Meal ",23,5,19,"motorcycle ",1,"No ","Metropolitian ","Fog","Jam ",1
"1/03/2022","20:30:00","20:40:00",12,"Snack ",24,4.6,15,"motorcycle ",2,"No ","Metropolitian ","Sunny","Jam ",0
"27/03/2022","17:15:00","17:20:00",29,"Buffet ",29,4.6,5,"motorcycle ",1,"No ","Metropolitian ","Stormy","Medium ",1
"28/03/2022","13:55:00","14:10:00",28,"Snack ",33,4.6,22,"motorcycle ",0,"No ","Metropolitian ","Sunny","High ",1
"18/03/2022","19:20:00","19:25:00",41,"Snack ",35,4.1,13,"motorcycle ",0,"No ","Metropolitian ","Sandstorms","Jam ",1
"1/03/2022","22:25:00","22:40:00",22,"Snack ",28,5,23,"motorcycle ",0,"No ","Metropolitian ","Stormy","Low ",0
"6/04/2022","17:45:00","17:55:00",21,"Meal ",28,4.7,21,"motorcycle ",1,"No ","Metropolitian ","Windy","Medium ",0
"1/03/2022","8:30:00","8:45:00",16,"Buffet ",21,4.8,23,"scooter ",2,"No ","Metropolitian ","Sandstorms","Low ",1
"23/03/2022","18:25:00","18:35:00",41,"Buffet ",36,4.2,3,"motorcycle ",0,"No ","Metropolitian ","Sandstorms","Medium ",1
"12/03/2022","21:00:00","21:10:00",41,"Buffet ",30,4.2,6,"motorcycle ",0,"No ","Metropolitian ","Windy","Jam ",1
"21/03/2022","17:30:00","17:35:00",22,"Drinks ",25,4.5,3,"electric_scooter ",2,"No ","Urban ","Sandstorms","Medium ",1
"3/04/2022","8:55:00","9:00:00",24,"Drinks ",33,4.7,19,"motorcycle ",0,"No ","Metropolitian ","Cloudy","Low ",0
"2/04/2022","20:55:00","21:00:00",27,"Drinks ",35,4.7,19,"motorcycle ",0,"No ","Metropolitian ","Sunny","Jam ",0
"8/03/2022","22:20:00","22:30:00",24,"Meal ",21,4.7,21,"motorcycle ",0,"No ","Metropolitian ","Fog","Low ",1
"8/03/2022","20:40:00","20:50:00",35,"Meal ",21,4.1,5,"motorcycle ",0,"No ","Metropolitian ","Stormy","Jam ",2
"13/02/2022","19:10:00","19:20:00",44,"Drinks ",34,4.2,5,"motorcycle ",0,"No ","Metropolitian ","Windy","Jam ",2
"3/04/2022","16:45:00","16:55:00",15,"Drinks ",22,4.8,22,"motorcycle ",0,"No ","Metropolitian ","Sunny","Medium ",0
"12/03/2022","20:15:00","20:30:00",30,"Meal ",22,4.8,21,"motorcycle ",0,"No ","Metropolitian ","Windy","Jam ",1
"8/03/2022","23:20:00","23:35:00",29,"Meal ",28,4.6,16,"motorcycle ",1,"No ","Metropolitian ","Fog","Low ",0
"13/03/2022","20:35:00","20:45:00",25,"Meal ",32,4.9,16,"scooter ",2,"No ","Metropolitian ","Stormy","Jam ",0
"1/03/2022","9:55:00","10:00:00",22,"Meal ",36,4.6,22,"motorcycle ",0,"No ","Metropolitian ","Stormy","Low ",1
"7/03/2022","19:10:00","19:15:00",20,"Drinks ",24,4.9,16,"motorcycle ",0,"No ","Urban ","Stormy","Jam ",1
"21/03/2022","17:55:00","18:10:00",34,"Snack ",36,4.4,4,"electric_scooter ",2,"No ","Urban ","Windy","Medium ",1
"3/04/2022","14:30:00","14:40:00",27,"Snack ",37,5,21,"motorcycle ",0,"No ","Metropolitian ","Cloudy","High ",1
"4/03/2022","21:55:00","22:05:00",32,"Meal ",30,3.6,3,"motorcycle ",1,"No ","Metropolitian ","Sandstorms","Jam ",2
"29/03/2022","19:15:00","19:20:00",21,"Drinks ",36,4.5,2,"electric_scooter ",2,"No ","Urban ","Sunny","Jam ",0
"1/03/2022","20:35:00","20:50:00",27,"Drinks ",21,4.8,9,"motorcycle ",0,"No ","Metropolitian ","Fog","Jam ",1
"14/02/2022","21:55:00","22:00:00",43,"Meal ",35,4.3,6,"electric_scooter ",2,"No ","Metropolitian ","Windy","Jam ",1
"16/02/2022","23:25:00","23:40:00",31,"Drinks ",30,4.2,5,"scooter ",2,"No ","Metropolitian ","Fog","Low ",1
"18/02/2022","18:55:00","19:10:00",22,"Drinks ",21,4.5,1,"motorcycle ",1,"No ","Urban ","Sandstorms","Medium ",0
"16/02/2022","19:40:00","19:55:00",46,"Buffet ",32,4.9,9,"motorcycle ",0,"No ","Metropolitian ","Stormy","Jam ",1
"5/03/2022","12:20:00","12:30:00",29,"Meal ",27,4.7,22,"motorcycle ",0,"No ","Metropolitian ","Sunny","High ",1
"13/02/2022","22:10:00","22:15:00",22,"Meal ",36,4.5,2,"electric_scooter ",2,"No ","Metropolitian ","Stormy","Low ",0
"25/03/2022","23:10:00","23:15:00",24,"Buffet ",26,4.7,22,"motorcycle ",0,"No ","Metropolitian ","Cloudy","Low ",1
"14/02/2022","19:50:00","19:55:00",28,"Snack ",35,4.8,6,"scooter ",1,"No ","Metropolitian ","Sandstorms","Jam ",0
"10/03/2022","18:45:00","19:00:00",35,"Buffet ",39,4.1,4,"motorcycle ",2,"No ","Urban ","Fog","Medium ",1
"6/04/2022","22:00:00","22:05:00",36,"Snack ",28,5,17,"motorcycle ",0,"No ","Metropolitian ","Windy","Jam ",0
"31/03/2022","19:50:00","20:00:00",36,"Drinks ",30,5,3,"motorcycle ",0,"No ","Metropolitian ","Sandstorms","Jam ",2
"8/03/2022","23:00:00","23:10:00",21,"Snack ",21,4.7,9,"motorcycle ",0,"No ","Metropolitian ","Sunny","Low ",0
"28/03/2022","18:55:00","19:05:00",22,"Buffet ",26,4.7,9,"motorcycle ",0,"No ","Metropolitian ","Sandstorms","Medium ",1
"28/03/2022","17:10:00","17:25:00",27,"Drinks ",31,4.6,21,"scooter ",1,"No ","Metropolitian ","Sandstorms","Medium ",0
"8/03/2022","18:00:00","18:15:00",30,"Meal ",35,4.5,4,"electric_scooter ",2,"No ","Urban ","Stormy","Medium ",0
"28/03/2022","14:10:00","14:25:00",33,"Meal ",30,4.4,3,"electric_scooter ",2,"No ","Metropolitian ","Cloudy","High ",1
"2/03/2022","19:25:00","19:40:00",31,"Snack ",38,4.3,17,"scooter ",2,"No ","Metropolitian ","Sunny","Jam ",0
"5/04/2022","19:20:00","19:35:00",15,"Snack ",23,4.8,16,"scooter ",1,"No ","Urban ","Windy","Jam ",1
"16/02/2022","20:10:00","20:15:00",20,"Snack ",22,4.7,9,"electric_scooter ",2,"No ","Metropolitian ","Sunny","Jam ",0
"5/03/2022","17:55:00","18:05:00",19,"Snack ",34,4.5,23,"scooter ",1,"No ","Metropolitian ","Fog","Medium ",0
"14/02/2022","19:25:00","19:30:00",31,"Snack ",28,4.2,6,"motorcycle ",1,"No ","Metropolitian ","Stormy","Jam ",0
"9/03/2022","8:55:00","9:10:00",24,"Buffet ",30,4.4,19,"motorcycle ",0,"No ","Metropolitian ","Stormy","Low ",1
"9/03/2022","8:45:00","9:00:00",19,"Meal ",38,5,19,"scooter ",2,"No ","Metropolitian ","Sunny","Low ",0
"5/03/2022","15:20:00","15:25:00",17,"Drinks ",33,4.8,23,"motorcycle ",1,"No ","Urban ","Stormy","Medium ",0
"11/03/2022","19:15:00","19:20:00",35,"Snack ",28,5,21,"motorcycle ",0,"No ","Urban ","Stormy","Jam ",0
"13/03/2022","22:20:00","22:30:00",16,"Drinks ",32,5,13,"scooter ",1,"No ","Metropolitian ","Fog","Low ",0
"12/02/2022","19:55:00","20:05:00",26,"Buffet ",30,4.8,16,"scooter ",2,"No ","Urban ","Sunny","Jam ",1
"23/03/2022","20:25:00","20:35:00",49,"Drinks ",36,4.6,9,"motorcycle ",0,"No ","Metropolitian ","Fog","Jam ",2
"26/03/2022","16:00:00","16:10:00",28,"Snack ",20,4.9,15,"motorcycle ",0,"No ","Metropolitian ","Cloudy","Medium ",1
"17/02/2022","15:40:00","15:45:00",16,"Buffet ",34,4.7,23,"scooter ",1,"No ","Urban ","Cloudy","Medium ",1
"8/03/2022","20:45:00","20:55:00",43,"Snack ",25,4.2,3,"motorcycle ",2,"No ","Metropolitian ","Fog","Jam ",1
"19/03/2022","12:30:00","12:35:00",27,"Meal ",27,5,13,"electric_scooter ",2,"No ","Metropolitian ","Sandstorms","High ",1
"12/03/2022","17:15:00","17:30:00",32,"Buffet ",22,4.9,15,"motorcycle ",1,"No ","Metropolitian ","Fog","Medium ",1
"7/03/2022","12:10:00","12:25:00",14,"Meal ",20,4.9,16,"scooter ",1,"No ","Urban ","Sandstorms","High ",0
"7/03/2022","14:50:00","15:05:00",26,"Snack ",31,4.9,18,"scooter ",1,"No ","Urban ","Stormy","High ",0
"3/04/2022","22:45:00","22:50:00",29,"Snack ",31,4.8,5,"motorcycle ",0,"No ","Metropolitian ","Fog","Low ",1
"5/04/2022","11:00:00","11:15:00",13,"Meal ",21,4.6,22,"scooter ",2,"No ","Urban ","Sandstorms","Low ",1
"26/03/2022","20:15:00","20:25:00",26,"Drinks ",35,4.5,6,"motorcycle ",1,"No ","Urban ","Fog","Jam ",1
"18/02/2022","21:15:00","21:30:00",21,"Drinks ",24,4.6,6,"scooter ",1,"No ","Metropolitian ","Fog","Jam ",1
"20/03/2022","20:30:00","20:35:00",20,"Snack ",24,4.6,15,"electric_scooter ",2,"No ","Metropolitian ","Stormy","Jam ",0
"3/04/2022","20:30:00","20:35:00",36,"Drinks ",36,4.7,9,"motorcycle ",0,"No ","Metropolitian ","Windy","Jam ",2
"20/03/2022","22:35:00","22:45:00",26,"Buffet ",27,4.6,17,"motorcycle ",1,"No ","Metropolitian ","Sunny","Low ",1
"12/02/2022","19:40:00","19:45:00",48,"Snack ",30,4.7,5,"motorcycle ",0,"No ","Metropolitian ","Fog","Jam ",1
"15/03/2022","19:00:00","19:10:00",34,"Drinks ",37,4.9,22,"scooter ",2,"No ","Metropolitian ","Sandstorms","Medium ",1
"30/03/2022","9:55:00","10:05:00",19,"Buffet ",31,4.6,3,"scooter ",1,"No ","Urban ","Fog","Low ",0
"12/02/2022","23:55:00","0:10:00",12,"Meal ",24,4.5,7,"motorcycle ",2,"No ","Metropolitian ","Sandstorms","Low ",0
"26/03/2022","13:35:00","13:40:00",27,"Drinks ",33,4.9,18,"motorcycle ",0,"No ","Urban ","Fog","High ",0
"26/03/2022","19:55:00","20:05:00",31,"Buffet ",32,4.3,2,"scooter ",2,"No ","Metropolitian ","Cloudy","Jam ",1
"15/02/2022","23:20:00","23:35:00",18,"Drinks ",27,4.7,23,"motorcycle ",1,"No ","Urban ","Sandstorms","Low ",1
"1/03/2022","9:10:00","9:15:00",19,"Drinks ",20,4,2,"motorcycle ",0,"No ","Urban ","Sandstorms","Low ",1
"12/02/2022","21:00:00","21:05:00",19,"Snack ",23,4.6,23,"scooter ",1,"No ","Urban ","Windy","Jam ",1
"15/03/2022","17:55:00","18:05:00",23,"Buffet ",27,5,13,"scooter ",1,"No ","Metropolitian ","Stormy","Medium ",1
"25/03/2022","20:45:00","20:50:00",31,"Snack ",22,4.6,8,"motorcycle ",0,"No ","Metropolitian ","Sandstorms","Jam ",1
"14/03/2022","19:00:00","19:05:00",21,"Snack ",26,4.5,16,"electric_scooter ",2,"No ","Metropolitian ","Sandstorms","Medium ",1
"18/03/2022","21:10:00","21:15:00",25,"Meal ",26,4.9,13,"motorcycle ",0,"No ","Metropolitian ","Stormy","Jam ",0
"7/03/2022","9:50:00","10:00:00",18,"Meal ",25,4.9,12,"scooter ",2,"No ","Metropolitian ","Windy","Low ",0
"8/03/2022","20:10:00","20:25:00",30,"Buffet ",25,4.8,16,"motorcycle ",0,"No ","Metropolitian ","Stormy","Jam ",0
"3/03/2022","15:40:00","15:45:00",15,"Drinks ",30,4.8,22,"motorcycle ",1,"No ","Metropolitian ","Stormy","Medium ",1
"31/03/2022","23:50:00","23:55:00",20,"Buffet ",34,4.9,23,"motorcycle ",0,"No ","Metropolitian ","Sandstorms","Low ",0
"16/03/2022","23:10:00","23:20:00",42,"Meal ",34,5,19,"motorcycle ",0,"Yes ","Metropolitian ","Cloudy","Low ",0
"14/02/2022","18:00:00","18:15:00",29,"Buffet ",28,5,4,"motorcycle ",0,"No ","Metropolitian ","Sandstorms","Medium ",0
"23/03/2022","21:40:00","21:50:00",19,"Drinks ",22,4.7,18,"scooter ",2,"No ","Metropolitian ","Sandstorms","Jam ",1
"11/03/2022","18:15:00","18:25:00",16,"Buffet ",39,4.8,19,"electric_scooter ",2,"No ","Metropolitian ","Sunny","Medium ",0
"13/03/2022","10:35:00","10:50:00",14,"Buffet ",28,4.6,14,"motorcycle ",1,"No ","Metropolitian ","Stormy","Low ",1
"3/04/2022","23:20:00","23:35:00",16,"Drinks ",26,4.7,22,"motorcycle ",0,"No ","Metropolitian ","Fog","Low ",0
"3/03/2022","21:30:00","21:35:00",53,"Snack ",27,3.7,7,"motorcycle ",0,"No ","Metropolitian ","Sunny","Jam ",3
"20/03/2022","23:55:00","0:00:00",20,"Meal ",29,4.9,21,"scooter ",1,"No ","Urban ","Cloudy","Low ",0
"4/04/2022","17:20:00","17:30:00",39,"Buffet ",27,4.6,3,"motorcycle ",0,"No ","Metropolitian ","Cloudy","Medium ",1
"17/02/2022","11:10:00","11:15:00",25,"Drinks ",39,4.9,7,"motorcycle ",0,"No ","Metropolitian ","Sandstorms","High ",1
"3/04/2022","23:35:00","23:45:00",24,"Snack ",25,4.7,23,"motorcycle ",0,"No ","Metropolitian ","Cloudy","Low ",1
"20/03/2022","18:55:00","19:00:00",41,"Drinks ",32,4.8,9,"electric_scooter ",2,"No ","Metropolitian ","Fog","Medium ",1
"3/04/2022","9:10:00","9:20:00",18,"Drinks ",23,4.8,19,"scooter ",1,"No ","Urban ","Sunny","Low ",0
"1/04/2022","14:15:00","14:25:00",39,"Drinks ",35,4.1,6,"scooter ",1,"No ","Metropolitian ","Cloudy","High ",1
"15/02/2022","10:15:00","10:25:00",11,"Drinks ",20,4.8,4,"motorcycle ",2,"No ","Metropolitian ","Windy","Low ",0
"14/03/2022","22:45:00","23:00:00",24,"Drinks ",38,4.7,12,"motorcycle ",0,"No ","Metropolitian ","Sunny","Low ",1
"14/03/2022","22:15:00","22:25:00",23,"Drinks ",24,4.7,19,"motorcycle ",0,"No ","Urban ","Fog","Low ",0
"3/04/2022","23:50:00","0:05:00",24,"Buffet ",33,4.7,22,"electric_scooter ",2,"No ","Urban ","Stormy","Low ",1
"14/02/2022","18:20:00","18:25:00",31,"Snack ",26,5,8,"motorcycle ",0,"No ","Metropolitian ","Stormy","Medium ",1
"28/03/2022","17:40:00","17:45:00",10,"Drinks ",20,4.9,18,"scooter ",2,"No ","Metropolitian ","Cloudy","Medium ",0
"12/02/2022","19:50:00","20:00:00",28,"Drinks ",20,4.7,15,"electric_scooter ",2,"No ","Urban ","Stormy","Jam ",0
"14/02/2022","22:15:00","22:20:00",28,"Buffet ",38,4.7,5,"scooter ",2,"No ","Metropolitian ","Windy","Low ",1
"11/03/2022","20:30:00","20:40:00",24,"Buffet ",23,4.7,17,"motorcycle ",2,"No ","Urban ","Fog","Jam ",1
"16/03/2022","18:50:00","18:55:00",23,"Buffet ",26,4.8,23,"motorcycle ",1,"No ","Urban ","Stormy","Medium ",1
"1/04/2022","9:55:00","10:10:00",12,"Buffet ",28,4.9,21,"scooter ",1,"No ","Metropolitian ","Windy","Low ",0
"14/02/2022","21:00:00","21:05:00",53,"Drinks ",33,4.6,23,"motorcycle ",0,"Yes ","Urban ","Fog","Jam ",1
"24/03/2022","13:35:00","13:45:00",32,"Buffet ",34,4.9,2,"motorcycle ",1,"No ","Metropolitian ","Windy","High ",1
"4/04/2022","22:10:00","22:20:00",15,"Snack ",28,4.8,15,"motorcycle ",0,"No ","Urban ","Windy","Low ",0
"26/03/2022","11:45:00","11:55:00",31,"Buffet ",36,4,3,"motorcycle ",0,"No ","Metropolitian ","Stormy","High ",1
"4/03/2022","18:00:00","18:15:00",39,"Drinks ",23,4.9,21,"scooter ",1,"No ","Metropolitian ","Fog","Medium ",1
"15/03/2022","14:35:00","14:50:00",38,"Snack ",38,4.9,18,"motorcycle ",1,"No ","Metropolitian ","Fog","High ",0
"2/03/2022","21:30:00","21:40:00",45,"Snack ",28,4.8,17,"motorcycle ",0,"No ","Metropolitian ","Stormy","Jam ",3
"25/03/2022","23:00:00","23:05:00",36,"Drinks ",37,4.2,9,"scooter ",2,"No ","Metropolitian ","Cloudy","Low ",0
"11/02/2022","20:30:00","20:40:00",30,"Snack ",22,5,7,"motorcycle ",0,"No ","Metropolitian ","Sandstorms","Jam ",1
"16/03/2022","23:00:00","23:15:00",20,"Drinks ",39,4.6,19,"motorcycle ",1,"No ","Metropolitian ","Windy","Low ",1
"15/03/2022","18:00:00","18:10:00",19,"Meal ",26,4.9,12,"motorcycle ",2,"No ","Metropolitian ","Cloudy","Medium ",1
"30/03/2022","9:20:00","9:30:00",21,"Snack ",31,4.6,14,"motorcycle ",1,"No ","Metropolitian ","Sandstorms","Low ",1
"17/03/2022","19:35:00","19:50:00",15,"Drinks ",27,4.8,6,"scooter ",2,"No ","Metropolitian ","Sunny","Jam ",0
"3/04/2022","10:40:00","10:45:00",24,"Drinks ",30,4.7,21,"scooter ",1,"No ","Metropolitian ","Stormy","Low ",1
"16/03/2022","17:55:00","18:05:00",31,"Snack ",36,4.4,5,"motorcycle ",1,"No ","Urban ","Cloudy","Medium ",1
"11/03/2022","20:35:00","20:50:00",20,"Snack ",29,4.6,13,"motorcycle ",1,"No ","Metropolitian ","Windy","Jam ",1
"21/03/2022","22:50:00","23:05:00",17,"Drinks ",32,4.5,6,"scooter ",1,"No ","Urban ","Fog","Low ",0
"17/02/2022","10:00:00","10:15:00",14,"Snack ",20,4.5,7,"scooter ",1,"No ","Metropolitian ","Windy","Low ",1
"24/03/2022","20:40:00","20:55:00",21,"Snack ",22,4.7,15,"scooter ",2,"No ","Metropolitian ","Sandstorms","Jam ",1
"21/03/2022","22:35:00","22:50:00",23,"Snack ",21,4.5,21,"motorcycle ",0,"No ","Metropolitian ","Windy","Low ",1
"7/03/2022","12:15:00","12:20:00",18,"Meal ",29,4.6,21,"scooter ",1,"No ","Metropolitian ","Sandstorms","High ",1
"4/04/2022","19:55:00","20:00:00",32,"Meal ",24,4,3,"motorcycle ",2,"No ","Urban ","Fog","Jam ",1
"21/03/2022","15:20:00","15:25:00",28,"Drinks ",23,4.6,12,"motorcycle ",0,"No ","Metropolitian ","Fog","Medium ",1
"3/04/2022","19:35:00","19:50:00",26,"Meal ",29,4.8,23,"scooter ",2,"No ","Metropolitian ","Sandstorms","Jam ",1
"12/02/2022","22:30:00","22:45:00",23,"Snack ",35,4.8,2,"scooter ",1,"No ","Metropolitian ","Sandstorms","Low ",1
"16/03/2022","17:30:00","17:35:00",42,"Drinks ",26,4.9,16,"motorcycle ",0,"No ","Metropolitian ","Cloudy","Medium ",1
"21/03/2022","11:20:00","11:30:00",26,"Meal ",37,4.6,15,"scooter ",1,"No ","Urban ","Fog","High ",1
"21/03/2022","17:35:00","17:50:00",29,"Drinks ",27,4.9,4,"motorcycle ",0,"No ","Metropolitian ","Windy","Medium ",1
"5/04/2022","20:15:00","20:25:00",27,"Meal ",30,4.9,23,"motorcycle ",2,"No ","Metropolitian ","Windy","Jam ",0
"5/04/2022","20:20:00","20:35:00",34,"Meal ",32,4.8,22,"scooter ",1,"No ","Urban ","Cloudy","Jam ",1
"16/03/2022","20:15:00","20:25:00",33,"Snack ",36,4.5,13,"scooter ",1,"No ","Metropolitian ","Stormy","Jam ",1
"19/03/2022","20:10:00","20:15:00",28,"Snack ",24,5,17,"motorcycle ",0,"No ","Metropolitian ","Fog","Jam ",0
"4/03/2022","20:30:00","20:45:00",40,"Buffet ",20,4.8,21,"motorcycle ",2,"No ","Metropolitian ","Fog","Jam ",1
"27/03/2022","19:45:00","19:50:00",27,"Meal ",38,4.8,17,"electric_scooter ",2,"No ","Metropolitian ","Stormy","Jam ",1
"31/03/2022","23:55:00","0:10:00",26,"Snack ",31,4.6,3,"scooter ",2,"No ","Urban ","Sunny","Low ",0
"20/03/2022","18:10:00","18:15:00",34,"Snack ",24,4.9,6,"motorcycle ",1,"No ","Metropolitian ","Fog","Medium ",1
"17/02/2022","23:25:00","23:40:00",28,"Snack ",35,5,21,"motorcycle ",2,"No ","Urban ","Sandstorms","Low ",0
"20/03/2022","20:10:00","20:25:00",44,"Drinks ",31,4.2,1,"motorcycle ",2,"No ","Metropolitian ","Sandstorms","Jam ",0
"3/03/2022","8:35:00","8:45:00",24,"Buffet ",21,5,22,"electric_scooter ",2,"No ","Metropolitian ","Sunny","Low ",1
"24/03/2022","9:10:00","9:15:00",25,"Buffet ",37,4.5,12,"motorcycle ",1,"No ","Metropolitian ","Sandstorms","Low ",1
"7/03/2022","9:20:00","9:35:00",28,"Meal ",34,4.2,6,"motorcycle ",0,"No ","Metropolitian ","Sandstorms","Low ",1
"5/03/2022","10:25:00","10:30:00",14,"Drinks ",26,4.8,17,"scooter ",1,"No ","Metropolitian ","Sandstorms","Low ",0
"15/02/2022","15:10:00","15:15:00",10,"Snack ",26,4.8,22,"scooter ",2,"No ","Urban ","Cloudy","Medium ",0
"14/03/2022","23:45:00","23:50:00",35,"Meal ",28,2.8,3,"electric_scooter ",2,"No ","Metropolitian ","Sunny","Low ",1
"19/03/2022","10:30:00","10:35:00",29,"Snack ",34,4.9,13,"scooter ",2,"No ","Metropolitian ","Windy","Low ",1
"20/03/2022","18:50:00","18:55:00",46,"Snack ",37,4.6,13,"motorcycle ",0,"No ","Metropolitian ","Fog","Medium ",1
"8/03/2022","17:20:00","17:30:00",24,"Snack ",33,5,17,"motorcycle ",1,"No ","Metropolitian ","Stormy","Medium ",0
"7/03/2022","10:50:00","11:00:00",16,"Buffet ",28,5,9,"motorcycle ",0,"No ","Metropolitian ","Sunny","Low ",1
"25/03/2022","23:00:00","23:05:00",36,"Drinks ",37,4.2,9,"scooter ",2,"No ","Metropolitian ","Cloudy","Low ",0
"20/03/2022","18:00:00","18:10:00",45,"Buffet ",36,4.7,5,"motorcycle ",0,"No ","Metropolitian ","Windy","Medium ",1
"9/03/2022","8:25:00","8:40:00",28,"Snack ",39,4.7,14,"motorcycle ",0,"No ","Metropolitian ","Fog","Low ",1
"19/03/2022","8:10:00","8:20:00",20,"Buffet ",26,4.8,3,"motorcycle ",0,"No ","Metropolitian ","Fog","Low ",1
"26/03/2022","9:25:00","9:30:00",17,"Drinks ",24,4.4,21,"motorcycle ",0,"No ","Metropolitian ","Windy","Low ",1
"11/02/2022","23:55:00","0:10:00",18,"Buffet ",26,4.9,2,"motorcycle ",2,"No ","Metropolitian ","Sunny","Low ",1
"2/04/2022","18:35:00","18:50:00",17,"Buffet ",37,4.8,9,"motorcycle ",1,"No ","Metropolitian ","Sunny","Medium ",1
"29/03/2022","18:40:00","18:55:00",26,"Snack ",39,4.9,14,"scooter ",1,"No ","Metropolitian ","Windy","Medium ",1
"4/04/2022","19:10:00","19:25:00",53,"Snack ",32,4.7,5,"motorcycle ",0,"Yes ","Metropolitian ","Cloudy","Jam ",1
"18/03/2022","22:55:00","23:05:00",24,"Meal ",25,4.7,15,"scooter ",2,"No ","Urban ","Fog","Low ",1
"12/02/2022","21:20:00","21:35:00",46,"Buffet ",39,4,5,"scooter ",2,"No ","Urban ","Cloudy","Jam ",1
"29/03/2022","20:00:00","20:15:00",37,"Meal ",30,4.3,4,"scooter ",1,"No ","Metropolitian ","Cloudy","Jam ",2
"15/03/2022","20:45:00","20:55:00",25,"Buffet ",22,4.7,23,"electric_scooter ",2,"No ","Metropolitian ","Windy","Jam ",1
"11/03/2022","8:15:00","8:30:00",24,"Meal ",23,4.7,15,"motorcycle ",1,"No ","Urban ","Sunny","Low ",0
"12/02/2022","21:25:00","21:30:00",15,"Meal ",25,4.8,9,"scooter ",1,"No ","Metropolitian ","Sandstorms","Jam ",0
"4/04/2022","22:30:00","22:35:00",39,"Meal ",20,2.7,7,"scooter ",1,"No ","Metropolitian ","Sunny","Low ",2
"15/03/2022","20:55:00","21:00:00",42,"Drinks ",33,4.1,1,"motorcycle ",0,"No ","Urban ","Sandstorms","Jam ",1
"3/03/2022","15:55:00","16:00:00",26,"Meal ",33,4.9,19,"motorcycle ",0,"No ","Urban ","Windy","Medium ",1
"9/03/2022","17:10:00","17:20:00",25,"Drinks ",38,4.6,22,"electric_scooter ",2,"No ","Metropolitian ","Sandstorms","Medium ",1
"4/04/2022","20:30:00","20:45:00",40,"Meal ",31,4.4,5,"electric_scooter ",2,"No ","Metropolitian ","Sandstorms","Jam ",1
"21/03/2022","8:35:00","8:50:00",19,"Meal ",28,5,21,"motorcycle ",0,"No ","Metropolitian ","Cloudy","Low ",0
"3/04/2022","17:25:00","17:30:00",23,"Drinks ",28,4.7,19,"scooter ",1,"No ","Urban ","Windy","Medium ",1
"25/03/2022","19:00:00","19:15:00",25,"Snack ",23,4.6,14,"scooter ",2,"No ","Metropolitian ","Windy","Medium ",1
"24/03/2022","20:00:00","20:15:00",37,"Snack ",31,4.6,11,"motorcycle ",0,"No ","Metropolitian ","Sandstorms","Jam ",0
"12/02/2022","20:45:00","20:50:00",34,"Snack ",22,4.6,3,"motorcycle ",0,"No ","Metropolitian ","Sunny","Jam ",0
"10/03/2022","21:40:00","21:50:00",48,"Snack ",35,4.1,3,"scooter ",1,"No ","Semi-Urban ","Cloudy","Jam ",1
"29/03/2022","21:45:00","21:50:00",28,"Snack ",29,4.9,23,"motorcycle ",0,"No ","Metropolitian ","Sandstorms","Jam ",0
"17/03/2022","22:35:00","22:45:00",20,"Snack ",21,4.9,15,"motorcycle ",0,"No ","Urban ","Cloudy","Low ",1
"2/03/2022","17:30:00","17:45:00",14,"Buffet ",24,4.8,18,"motorcycle ",1,"No ","Urban ","Sunny","Medium ",1
"19/03/2022","11:50:00","12:00:00",23,"Snack ",21,4.7,21,"electric_scooter ",2,"No ","Metropolitian ","Windy","High ",0
"4/03/2022","20:15:00","20:25:00",29,"Buffet ",22,4.9,19,"motorcycle ",0,"No ","Metropolitian ","Stormy","Jam ",1
"18/03/2022","22:50:00","23:00:00",20,"Buffet ",22,4.5,9,"electric_scooter ",2,"No ","Metropolitian ","Fog","Low ",0
"31/03/2022","22:55:00","23:00:00",27,"Snack ",28,4.9,22,"motorcycle ",1,"No ","Metropolitian ","Fog","Low ",1
"2/03/2022","22:45:00","22:50:00",19,"Drinks ",31,4.7,18,"motorcycle ",1,"No ","Urban ","Sunny","Low ",1
"19/03/2022","18:00:00","18:10:00",26,"Snack ",32,4.7,13,"motorcycle ",0,"No ","Metropolitian ","Cloudy","Medium ",1
"24/03/2022","8:20:00","8:25:00",11,"Buffet ",22,4.6,23,"motorcycle ",0,"No ","Metropolitian ","Sunny","Low ",1
"18/02/2022","18:50:00","19:00:00",35,"Buffet ",35,4.8,21,"scooter ",1,"No ","Urban ","Cloudy","Medium ",0
"20/03/2022","21:40:00","21:55:00",27,"Drinks ",39,5,13,"electric_scooter ",2,"No ","Metropolitian ","Stormy","Jam ",1
"12/03/2022","20:45:00","20:55:00",36,"Drinks ",24,4.7,16,"motorcycle ",0,"No ","Metropolitian ","Cloudy","Jam ",1
"28/03/2022","12:50:00","12:55:00",30,"Meal ",31,4.5,1,"motorcycle ",0,"No ","Metropolitian ","Cloudy","High ",0
"3/03/2022","22:35:00","22:40:00",17,"Snack ",38,4.6,23,"electric_scooter ",2,"No ","Metropolitian ","Stormy","Low ",0
"5/03/2022","22:10:00","22:15:00",10,"Snack ",31,4.9,15,"scooter ",1,"No ","Urban ","Stormy","Low ",0
"3/03/2022","16:25:00","16:35:00",19,"Meal ",35,4.5,6,"electric_scooter ",2,"No ","Urban ","Fog","Medium ",1
"2/04/2022","19:20:00","19:25:00",29,"Buffet ",39,4.8,11,"scooter ",1,"No ","Metropolitian ","Stormy","Jam ",1
"17/03/2022","8:15:00","8:25:00",25,"Snack ",24,4,11,"motorcycle ",0,"No ","Metropolitian ","Windy","Low ",1
"18/02/2022","20:10:00","20:20:00",39,"Buffet ",30,4.2,8,"scooter ",2,"No ","Metropolitian ","Stormy","Jam ",0
"20/03/2022","21:00:00","21:15:00",21,"Snack ",21,4.7,21,"motorcycle ",2,"No ","Urban ","Windy","Jam ",0
"5/03/2022","23:25:00","23:40:00",12,"Meal ",20,4.7,23,"scooter ",1,"No ","Urban ","Stormy","Low ",0
"23/03/2022","17:35:00","17:45:00",33,"Snack ",23,4.1,5,"motorcycle ",0,"No ","Urban ","Stormy","Medium ",1
"18/02/2022","17:15:00","17:25:00",35,"Meal ",34,4.6,5,"motorcycle ",0,"No ","Metropolitian ","Fog","Medium ",1
"12/03/2022","23:30:00","23:40:00",22,"Snack ",26,4.8,14,"motorcycle ",0,"No ","Metropolitian ","Cloudy","Low ",1
"4/04/2022","21:50:00","22:05:00",47,"Snack ",27,4.9,13,"motorcycle ",0,"No ","Metropolitian ","Cloudy","Jam ",2
"11/02/2022","18:15:00","18:20:00",24,"Snack ",26,4.9,7,"motorcycle ",1,"No ","Metropolitian ","Windy","Medium ",1
"20/03/2022","18:50:00","19:00:00",22,"Drinks ",21,4.8,9,"motorcycle ",1,"No ","Metropolitian ","Windy","Medium ",1
"1/04/2022","9:15:00","9:25:00",29,"Buffet ",37,5,4,"scooter ",2,"No ","Metropolitian ","Stormy","Low ",0
"13/03/2022","15:45:00","15:55:00",28,"Snack ",27,4.7,21,"motorcycle ",0,"No ","Metropolitian ","Windy","Medium ",1
"12/03/2022","21:10:00","21:15:00",17,"Snack ",26,4.6,17,"scooter ",2,"No ","Metropolitian ","Sunny","Jam ",1
"4/04/2022","20:35:00","20:45:00",19,"Snack ",32,4.5,15,"motorcycle ",2,"No ","Urban ","Sunny","Jam ",1
"1/03/2022","18:35:00","18:40:00",16,"Buffet ",25,4.9,4,"scooter ",2,"No ","Metropolitian ","Fog","Medium ",1
"28/03/2022","11:20:00","11:30:00",30,"Buffet ",39,4.7,1,"motorcycle ",1,"No ","Metropolitian ","Windy","High ",1
"5/03/2022","15:20:00","15:25:00",17,"Drinks ",33,4.8,23,"motorcycle ",1,"No ","Urban ","Stormy","Medium ",0
"16/03/2022","19:50:00","20:05:00",38,"Drinks ",39,4.2,7,"scooter ",1,"No ","Metropolitian ","Fog","Jam ",1
"24/03/2022","23:00:00","23:10:00",11,"Buffet ",29,4.9,22,"motorcycle ",1,"No ","Metropolitian ","Cloudy","Low ",0
"9/03/2022","17:35:00","17:40:00",26,"Meal ",38,4.6,13,"scooter ",2,"No ","Metropolitian ","Windy","Medium ",1
"15/02/2022","10:50:00","11:00:00",21,"Snack ",31,4.3,8,"motorcycle ",0,"No ","Metropolitian ","Sandstorms","Low ",1
"14/03/2022","21:45:00","21:55:00",38,"Buffet ",22,4.6,18,"scooter ",1,"No ","Metropolitian ","Cloudy","Jam ",0
"12/02/2022","21:25:00","21:35:00",43,"Meal ",26,4,13,"scooter ",1,"No ","Metropolitian ","Fog","Jam ",1
"18/02/2022","23:30:00","23:45:00",42,"Buffet ",37,4.6,15,"motorcycle ",0,"Yes ","Urban ","Fog","Low ",2
"14/03/2022","19:20:00","19:30:00",44,"Snack ",32,4.1,11,"motorcycle ",1,"No ","Metropolitian ","Fog","Jam ",3
"21/03/2022","11:35:00","11:45:00",27,"Buffet ",32,4.6,23,"scooter ",1,"No ","Metropolitian ","Stormy","High ",1
"18/03/2022","18:25:00","18:40:00",39,"Meal ",39,4.2,12,"motorcycle ",0,"No ","Metropolitian ","Sandstorms","Medium ",1
"6/04/2022","22:50:00","23:00:00",20,"Snack ",38,4.8,22,"motorcycle ",1,"No ","Metropolitian ","Sandstorms","Low ",0
"28/03/2022","8:55:00","9:10:00",20,"Buffet ",28,4.1,23,"motorcycle ",0,"No ","Metropolitian ","Stormy","Low ",0
"21/03/2022","22:00:00","22:15:00",34,"Drinks ",36,4.8,3,"motorcycle ",2,"No ","Metropolitian ","Stormy","Jam ",2
"7/03/2022","11:45:00","12:00:00",17,"Meal ",38,4.8,23,"scooter ",2,"No ","Urban ","Stormy","High ",1
"5/03/2022","23:25:00","23:30:00",21,"Meal ",33,4.6,16,"motorcycle ",0,"No ","Urban ","Stormy","Low ",1
"4/04/2022","18:25:00","18:40:00",18,"Buffet ",20,4.8,21,"motorcycle ",0,"No ","Metropolitian ","Sunny","Medium ",1
"13/03/2022","22:30:00","22:35:00",16,"Drinks ",39,4.6,17,"motorcycle ",2,"No ","Metropolitian ","Cloudy","Low ",0
"9/03/2022","12:55:00","13:00:00",49,"Drinks ",37,4.6,23,"motorcycle ",0,"Yes ","Metropolitian ","Stormy","High ",2
"31/03/2022","20:45:00","21:00:00",44,"Snack ",39,4.2,6,"scooter ",2,"No ","Metropolitian ","Fog","Jam ",3
"6/03/2022","21:15:00","21:20:00",22,"Buffet ",29,4.9,19,"scooter ",2,"No ","Urban ","Stormy","Jam ",1
"11/02/2022","23:25:00","23:30:00",19,"Meal ",31,4.8,5,"motorcycle ",1,"No ","Metropolitian ","Sunny","Low ",0
"1/03/2022","11:20:00","11:25:00",35,"Snack ",29,4,3,"motorcycle ",0,"No ","Metropolitian ","Stormy","High ",1
"1/03/2022","12:50:00","12:55:00",10,"Buffet ",22,4.9,16,"scooter ",1,"No ","Metropolitian ","Sandstorms","High ",0
"17/02/2022","20:55:00","21:00:00",17,"Buffet ",20,4.7,3,"motorcycle ",1,"No ","Metropolitian ","Sandstorms","Jam ",0
"4/03/2022","23:40:00","23:55:00",21,"Drinks ",31,4.9,15,"motorcycle ",0,"No ","Metropolitian ","Sunny","Low ",0
"12/02/2022","17:10:00","17:20:00",22,"Snack ",21,4.5,5,"scooter ",1,"No ","Urban ","Stormy","Medium ",1
"4/03/2022","17:15:00","17:20:00",40,"Drinks ",39,5,9,"motorcycle ",0,"No ","Metropolitian ","Sandstorms","Medium ",1
"16/03/2022","17:25:00","17:35:00",38,"Buffet ",33,4.3,16,"motorcycle ",0,"No ","Metropolitian ","Sunny","Medium ",1
"3/04/2022","20:50:00","21:00:00",21,"Drinks ",20,4.8,23,"motorcycle ",0,"No ","Metropolitian ","Windy","Jam ",1
"17/03/2022","22:10:00","22:20:00",13,"Drinks ",23,4.9,12,"electric_scooter ",2,"No ","Metropolitian ","Windy","Low ",1
"2/03/2022","21:45:00","21:50:00",27,"Buffet ",35,4.9,23,"motorcycle ",2,"No ","Metropolitian ","Sandstorms","Jam ",1
"8/03/2022","20:50:00","20:55:00",35,"Snack ",36,4.4,12,"motorcycle ",0,"No ","Metropolitian ","Sunny","Jam ",1
"9/03/2022","20:40:00","20:55:00",28,"Snack ",37,4.8,22,"electric_scooter ",2,"No ","Metropolitian ","Windy","Jam ",1
"29/03/2022","21:15:00","21:25:00",39,"Snack ",34,4.3,2,"motorcycle ",0,"No ","Metropolitian ","Sandstorms","Jam ",1
"6/04/2022","20:10:00","20:25:00",16,"Snack ",20,4.6,17,"scooter ",1,"No ","Metropolitian ","Windy","Jam ",0
"14/03/2022","23:25:00","23:30:00",38,"Snack ",32,4.6,16,"motorcycle ",0,"No ","Metropolitian ","Fog","Low ",1
"6/04/2022","20:10:00","20:25:00",25,"Meal ",20,4.5,5,"scooter ",2,"No ","Metropolitian ","Stormy","Jam ",0
"4/03/2022","17:50:00","18:00:00",30,"Snack ",24,4.6,15,"motorcycle ",0,"No ","Metropolitian ","Stormy","Medium ",0
"17/03/2022","14:45:00","14:50:00",42,"Buffet ",32,4,19,"motorcycle ",0,"No ","Metropolitian ","Sandstorms","High ",1
"21/03/2022","19:30:00","19:40:00",33,"Drinks ",27,4.1,13,"motorcycle ",0,"No ","Metropolitian ","Windy","Jam ",1
"12/02/2022","17:40:00","17:45:00",38,"Snack ",38,4.7,5,"motorcycle ",0,"No ","Metropolitian ","Fog","Medium ",2
"13/03/2022","21:40:00","21:45:00",34,"Drinks ",39,4.8,22,"motorcycle ",2,"No ","Metropolitian ","Fog","Jam ",2
"21/03/2022","18:25:00","18:40:00",19,"Buffet ",22,4.6,22,"scooter ",2,"No ","Urban ","Fog","Medium ",0
"20/03/2022","23:15:00","23:25:00",37,"Meal ",37,4.5,13,"scooter ",2,"No ","Metropolitian ","Cloudy","Low ",0
"6/04/2022","22:15:00","22:20:00",29,"Snack ",34,4.8,22,"motorcycle ",1,"No ","Urban ","Stormy","Low ",1
"24/03/2022","12:35:00","12:45:00",39,"Buffet ",34,4.3,7,"motorcycle ",1,"No ","Metropolitian ","Fog","High ",0
"10/03/2022","20:55:00","21:05:00",44,"Meal ",35,4.4,3,"motorcycle ",1,"No ","Urban ","Fog","Jam ",1
"9/03/2022","12:30:00","12:45:00",23,"Meal ",32,5,16,"electric_scooter ",2,"No ","Metropolitian ","Sunny","High ",1
"13/03/2022","10:55:00","11:10:00",17,"Snack ",25,4.7,23,"motorcycle ",2,"No ","Metropolitian ","Fog","Low ",1
"5/04/2022","9:20:00","9:35:00",12,"Meal ",36,5,23,"motorcycle ",1,"No ","Urban ","Sunny","Low ",1
"17/03/2022","10:30:00","10:35:00",28,"Meal ",39,4.7,23,"electric_scooter ",2,"No ","Metropolitian ","Sandstorms","Low ",1
"13/03/2022","11:00:00","11:10:00",22,"Snack ",35,4.3,3,"motorcycle ",0,"No ","Urban ","Sandstorms","Low ",1
"29/03/2022","23:50:00","23:55:00",21,"Meal ",30,4.8,9,"motorcycle ",1,"No ","Metropolitian ","Sandstorms","Low ",1
"15/03/2022","23:20:00","23:35:00",23,"Snack ",38,4.8,17,"motorcycle ",1,"No ","Metropolitian ","Stormy","Low ",1
"13/03/2022","22:40:00","22:55:00",23,"Buffet ",32,4.9,22,"scooter ",1,"No ","Urban ","Stormy","Low ",0
"8/03/2022","18:45:00","18:50:00",43,"Meal ",30,4.6,13,"scooter ",2,"No ","Metropolitian ","Fog","Medium ",0
"6/03/2022","18:35:00","18:40:00",43,"Snack ",20,4.6,13,"motorcycle ",0,"No ","Metropolitian ","Sunny","Medium ",2
"6/03/2022","22:40:00","22:55:00",13,"Meal ",20,4.8,16,"scooter ",1,"No ","Metropolitian ","Stormy","Low ",1
"4/03/2022","23:40:00","23:45:00",26,"Snack ",23,5,14,"motorcycle ",1,"No ","Metropolitian ","Fog","Low ",0
"14/02/2022","21:15:00","21:20:00",32,"Snack ",20,4.8,4,"scooter ",1,"No ","Metropolitian ","Fog","Jam ",1
"26/03/2022","12:25:00","12:30:00",15,"Buffet ",22,5,21,"motorcycle ",0,"No ","Metropolitian ","Windy","High ",0
"14/02/2022","17:10:00","17:20:00",19,"Buffet ",33,4.8,9,"scooter ",2,"No ","Metropolitian ","Sunny","Medium ",1
"20/03/2022","22:20:00","22:25:00",30,"Drinks ",21,4.5,3,"scooter ",2,"No ","Urban ","Sunny","Low ",0
"11/03/2022","9:20:00","9:30:00",29,"Snack ",32,4.6,17,"electric_scooter ",2,"No ","Urban ","Sandstorms","Low ",0
"12/03/2022","20:40:00","20:50:00",19,"Drinks ",30,4.7,22,"motorcycle ",1,"No ","Urban ","Sunny","Jam ",0
"3/04/2022","12:10:00","12:15:00",49,"Drinks ",36,4,9,"motorcycle ",0,"Yes ","Metropolitian ","Sandstorms","High ",2
"3/03/2022","22:50:00","23:05:00",12,"Buffet ",24,4.7,23,"motorcycle ",2,"No ","Metropolitian ","Windy","Low ",1
"2/03/2022","18:30:00","18:40:00",27,"Buffet ",36,4.5,18,"electric_scooter ",2,"No ","Metropolitian ","Sandstorms","Medium ",1
"15/02/2022","14:25:00","14:35:00",26,"Snack ",30,4.8,6,"electric_scooter ",2,"No ","Metropolitian ","Stormy","High ",1
"30/03/2022","22:10:00","22:20:00",29,"Buffet ",35,4.5,4,"scooter ",2,"No ","Metropolitian ","Sandstorms","Low ",0
"25/03/2022","18:30:00","18:45:00",35,"Drinks ",38,4.8,8,"motorcycle ",0,"No ","Metropolitian ","Fog","Medium ",2
"6/04/2022","22:40:00","22:45:00",19,"Drinks ",21,4.7,19,"motorcycle ",1,"No ","Urban ","Sandstorms","Low ",1
"3/03/2022","10:25:00","10:30:00",16,"Meal ",32,4.9,9,"motorcycle ",2,"No ","Metropolitian ","Sunny","Low ",0
"19/03/2022","21:30:00","21:40:00",34,"Drinks ",37,4.3,11,"scooter ",1,"No ","Metropolitian ","Sandstorms","Jam ",0
"11/02/2022","21:20:00","21:25:00",16,"Meal ",32,4.9,6,"scooter ",1,"No ","Metropolitian ","Sunny","Jam ",1
"17/02/2022","21:30:00","21:40:00",32,"Drinks ",37,4.2,8,"motorcycle ",0,"No ","Metropolitian ","Fog","Jam ",1
"2/03/2022","21:20:00","21:25:00",41,"Drinks ",32,4.3,22,"motorcycle ",1,"No ","Metropolitian ","Stormy","Jam ",1
"9/03/2022","9:50:00","10:05:00",28,"Buffet ",32,4.4,9,"motorcycle ",0,"No ","Metropolitian ","Stormy","Low ",1
"12/02/2022","23:35:00","23:50:00",39,"Drinks ",34,4.2,8,"scooter ",1,"No ","Metropolitian ","Stormy","Low ",1
"15/03/2022","22:25:00","22:40:00",17,"Drinks ",27,4.6,15,"scooter ",2,"No ","Urban ","Fog","Low ",1
"16/03/2022","18:20:00","18:30:00",35,"Snack ",36,4.8,17,"electric_scooter ",2,"No ","Metropolitian ","Fog","Medium ",1
"18/02/2022","23:30:00","23:45:00",15,"Meal ",29,4.9,8,"scooter ",2,"No ","Metropolitian ","Windy","Low ",0
"21/03/2022","21:25:00","21:35:00",23,"Drinks ",38,4.6,13,"motorcycle ",0,"No ","Metropolitian ","Sunny","Jam ",0
"2/04/2022","19:30:00","19:45:00",15,"Meal ",22,4.8,17,"scooter ",2,"No ","Urban ","Windy","Jam ",1
"20/03/2022","17:10:00","17:20:00",28,"Snack ",20,4.9,19,"motorcycle ",1,"No ","Metropolitian ","Fog","Medium ",1
"19/03/2022","21:15:00","21:30:00",35,"Meal ",31,4.9,9,"motorcycle ",0,"No ","Metropolitian ","Sandstorms","Jam ",1
"24/03/2022","15:45:00","15:50:00",19,"Buffet ",34,4.5,19,"motorcycle ",1,"No ","Metropolitian ","Fog","Medium ",1
"2/03/2022","18:50:00","19:05:00",28,"Buffet ",26,4.7,15,"scooter ",2,"No ","Metropolitian ","Sandstorms","Medium ",1
"19/03/2022","18:30:00","18:35:00",19,"Snack ",37,4.9,6,"scooter ",1,"No ","Metropolitian ","Fog","Medium ",1
"10/03/2022","19:50:00","20:00:00",27,"Meal ",23,4.6,19,"motorcycle ",1,"No ","Metropolitian ","Stormy","Jam ",1
"15/03/2022","20:00:00","20:10:00",42,"Snack ",21,4.5,18,"motorcycle ",0,"Yes ","Metropolitian ","Sunny","Jam ",1
"4/03/2022","22:15:00","22:30:00",23,"Drinks ",38,4.9,22,"scooter ",1,"No ","Metropolitian ","Stormy","Low ",1
"31/03/2022","18:30:00","18:35:00",30,"Drinks ",33,4.8,4,"scooter ",1,"No ","Metropolitian ","Sandstorms","Medium ",1
"10/03/2022","18:25:00","18:40:00",29,"Buffet ",29,4.6,16,"scooter ",1,"No ","Metropolitian ","Fog","Medium ",1
"30/03/2022","8:10:00","8:25:00",19,"Snack ",32,4.8,23,"scooter ",2,"No ","Metropolitian ","Cloudy","Low ",1
"15/02/2022","19:45:00","19:55:00",12,"Drinks ",23,4.7,8,"scooter ",2,"No ","Metropolitian ","Sunny","Jam ",0
"3/03/2022","23:00:00","23:10:00",19,"Meal ",21,4.7,15,"electric_scooter ",2,"No ","Metropolitian ","Sunny","Low ",0
"1/03/2022","18:25:00","18:35:00",29,"Buffet ",30,4.5,19,"motorcycle ",0,"No ","Metropolitian ","Stormy","Medium ",1
"5/04/2022","10:15:00","10:25:00",26,"Meal ",37,4.8,16,"motorcycle ",0,"No ","Metropolitian ","Cloudy","Low ",0
"5/04/2022","18:20:00","18:35:00",29,"Snack ",22,4.8,21,"motorcycle ",0,"No ","Metropolitian ","Windy","Medium ",1
"25/03/2022","23:00:00","23:15:00",28,"Meal ",34,4.8,15,"scooter ",2,"No ","Metropolitian ","Sandstorms","Low ",1
"3/03/2022","21:55:00","22:05:00",22,"Meal ",34,4.6,22,"scooter ",1,"No ","Urban ","Sunny","Jam ",0
"17/02/2022","14:30:00","14:45:00",17,"Snack ",36,4.8,9,"scooter ",1,"No ","Metropolitian ","Fog","High ",1
"20/03/2022","19:15:00","19:25:00",42,"Drinks ",37,4.8,3,"motorcycle ",0,"No ","Metropolitian ","Windy","Jam ",2
"4/03/2022","17:10:00","17:15:00",38,"Buffet ",33,4.6,23,"motorcycle ",0,"No ","Metropolitian ","Fog","Medium ",1
"9/03/2022","8:25:00","8:30:00",15,"Buffet ",20,4.6,17,"motorcycle ",1,"No ","Metropolitian ","Windy","Low ",1
"24/03/2022","18:10:00","18:25:00",16,"Buffet ",34,4.5,14,"scooter ",1,"No ","Metropolitian ","Cloudy","Medium ",1
"21/03/2022","19:20:00","19:30:00",28,"Snack ",21,4.9,14,"motorcycle ",0,"No ","Metropolitian ","Cloudy","Jam ",1
"5/04/2022","10:20:00","10:25:00",18,"Meal ",28,4.8,18,"motorcycle ",0,"No ","Metropolitian ","Cloudy","Low ",1
"15/02/2022","16:35:00","16:50:00",29,"Meal ",27,4.7,16,"motorcycle ",0,"No ","Urban ","Windy","Medium ",1
"17/03/2022","23:15:00","23:25:00",17,"Snack ",23,4.8,17,"motorcycle ",1,"No ","Metropolitian ","Fog","Low ",1
"11/03/2022","22:40:00","22:50:00",19,"Snack ",22,5,19,"motorcycle ",1,"No ","Metropolitian ","Sunny","Low ",1
"11/02/2022","17:35:00","17:50:00",31,"Meal ",33,4.3,8,"scooter ",1,"No ","Metropolitian ","Sandstorms","Medium ",1
"17/03/2022","20:55:00","21:10:00",24,"Meal ",35,4.7,18,"electric_scooter ",2,"No ","Metropolitian ","Sunny","Jam ",1
"26/03/2022","10:35:00","10:50:00",15,"Meal ",24,4.8,12,"motorcycle ",1,"No ","Metropolitian ","Cloudy","Low ",0
"8/03/2022","20:40:00","20:55:00",25,"Snack ",31,5,19,"scooter ",2,"No ","Metropolitian ","Sandstorms","Jam ",1
"29/03/2022","22:45:00","23:00:00",11,"Snack ",21,4.5,23,"scooter ",1,"No ","Metropolitian ","Sandstorms","Low ",0
"16/03/2022","18:20:00","18:35:00",38,"Meal ",27,4,5,"scooter ",2,"No ","Metropolitian ","Cloudy","Medium ",0
"11/02/2022","15:55:00","16:10:00",23,"Buffet ",29,4.9,18,"motorcycle ",1,"No ","Urban ","Stormy","Medium ",0
"21/03/2022","22:25:00","22:40:00",19,"Drinks ",38,5,9,"electric_scooter ",2,"No ","Metropolitian ","Fog","Low ",0
"17/03/2022","17:40:00","17:45:00",31,"Snack ",32,4.7,15,"motorcycle ",0,"No ","Metropolitian ","Cloudy","Medium ",1
"6/04/2022","23:30:00","23:45:00",27,"Snack ",38,4.6,19,"scooter ",2,"No ","Metropolitian ","Sandstorms","Low ",1
"1/03/2022","21:20:00","21:25:00",27,"Drinks ",32,4.6,16,"motorcycle ",0,"No ","Urban ","Fog","Jam ",1
"13/02/2022","11:15:00","11:25:00",30,"Meal ",30,5,4,"motorcycle ",1,"No ","Metropolitian ","Windy","High ",1
"18/02/2022","23:40:00","23:55:00",19,"Snack ",20,4.6,4,"motorcycle ",1,"No ","Metropolitian ","Fog","Low ",1
"8/03/2022","19:20:00","19:35:00",33,"Drinks ",22,5,9,"scooter ",2,"No ","Metropolitian ","Fog","Jam ",1
"11/02/2022","12:55:00","13:10:00",20,"Meal ",24,4.8,19,"motorcycle ",1,"No ","Urban ","Windy","High ",1
"2/04/2022","23:10:00","23:25:00",15,"Buffet ",31,4.6,23,"scooter ",1,"No ","Metropolitian ","Sandstorms","Low ",1
"13/02/2022","9:40:00","9:50:00",29,"Drinks ",22,4.3,8,"motorcycle ",0,"No ","Metropolitian ","Sandstorms","Low ",0
"6/04/2022","21:50:00","21:55:00",43,"Drinks ",39,3.6,6,"scooter ",1,"No ","Metropolitian ","Sandstorms","Jam ",1
"14/03/2022","21:40:00","21:45:00",30,"Snack ",23,4.9,23,"motorcycle ",1,"No ","Metropolitian ","Fog","Jam ",1
"26/03/2022","13:30:00","13:35:00",30,"Drinks ",37,4.9,9,"motorcycle ",1,"No ","Metropolitian ","Cloudy","High ",1
"8/03/2022","23:15:00","23:30:00",17,"Drinks ",28,4.9,19,"motorcycle ",2,"No ","Urban ","Stormy","Low ",1
"11/02/2022","23:15:00","23:30:00",19,"Snack ",34,4.9,4,"motorcycle ",1,"No ","Metropolitian ","Fog","Low ",1
"2/03/2022","23:50:00","0:05:00",19,"Meal ",25,4.9,22,"motorcycle ",0,"No ","Metropolitian ","Windy","Low ",0
"30/03/2022","14:35:00","14:40:00",13,"Drinks ",24,4.6,9,"motorcycle ",1,"No ","Metropolitian ","Sunny","High ",1
"14/03/2022","17:20:00","17:35:00",22,"Drinks ",39,5,12,"scooter ",1,"No ","Metropolitian ","Sandstorms","Medium ",1
"2/03/2022","18:45:00","18:55:00",44,"Snack ",33,4.1,9,"electric_scooter ",2,"No ","Metropolitian ","Stormy","Medium ",1
"1/03/2022","14:50:00","15:00:00",38,"Meal ",37,4.2,3,"motorcycle ",1,"No ","Metropolitian ","Stormy","High ",1
"28/03/2022","12:00:00","12:10:00",28,"Buffet ",22,5,19,"scooter ",1,"No ","Urban ","Cloudy","High ",1
"6/04/2022","20:20:00","20:35:00",34,"Buffet ",28,5,15,"scooter ",1,"No ","Urban ","Cloudy","Jam ",1
"10/03/2022","18:40:00","18:45:00",15,"Meal ",24,4.8,15,"motorcycle ",2,"No ","Metropolitian ","Sandstorms","Medium ",0
"30/03/2022","9:50:00","9:55:00",23,"Meal ",38,4.8,19,"scooter ",1,"No ","Metropolitian ","Stormy","Low ",1
"6/03/2022","19:20:00","19:25:00",24,"Buffet ",34,4.8,16,"scooter ",1,"No ","Urban ","Stormy","Jam ",1
"26/03/2022","8:35:00","8:45:00",29,"Drinks ",32,4.7,11,"motorcycle ",1,"No ","Metropolitian ","Stormy","Low ",1
"16/03/2022","23:45:00","23:55:00",39,"Drinks ",36,4.1,13,"motorcycle ",0,"No ","Metropolitian ","Fog","Low ",1
"14/03/2022","17:20:00","17:30:00",27,"Buffet ",22,4.5,23,"motorcycle ",1,"No ","Metropolitian ","Cloudy","Medium ",1
"5/04/2022","11:55:00","12:10:00",14,"Drinks ",26,4.7,16,"scooter ",2,"No ","Urban ","Sandstorms","High ",1
"21/03/2022","21:40:00","21:50:00",32,"Meal ",32,4.7,13,"scooter ",2,"No ","Metropolitian ","Stormy","Jam ",0
"23/03/2022","23:10:00","23:20:00",26,"Buffet ",37,4.9,13,"motorcycle ",2,"No ","Metropolitian ","Fog","Low ",1
"29/03/2022","23:00:00","23:15:00",23,"Drinks ",25,4.7,14,"scooter ",2,"No ","Metropolitian ","Cloudy","Low ",0
"16/02/2022","23:15:00","23:30:00",18,"Drinks ",35,4.8,5,"scooter ",2,"No ","Metropolitian ","Sandstorms","Low ",0
"3/04/2022","20:45:00","21:00:00",26,"Meal ",21,4.9,17,"scooter ",1,"No ","Urban ","Windy","Jam ",1
"21/03/2022","23:15:00","23:20:00",29,"Buffet ",34,4.4,3,"motorcycle ",0,"No ","Metropolitian ","Sandstorms","Low ",1
"15/02/2022","21:35:00","21:45:00",26,"Meal ",36,4.6,23,"motorcycle ",1,"No ","Urban ","Windy","Jam ",1
"1/03/2022","17:20:00","17:25:00",34,"Snack ",34,4.3,5,"motorcycle ",0,"No ","Metropolitian ","Stormy","Medium ",1
"15/03/2022","8:30:00","8:40:00",19,"Snack ",23,4.7,17,"electric_scooter ",2,"No ","Urban ","Windy","Low ",1
"16/03/2022","18:55:00","19:10:00",43,"Snack ",27,4.9,17,"motorcycle ",0,"No ","Metropolitian ","Cloudy","Medium ",1
"16/02/2022","21:40:00","21:45:00",41,"Buffet ",36,3.5,5,"scooter ",2,"No ","Urban ","Stormy","Jam ",2
"17/03/2022","21:50:00","21:55:00",13,"Drinks ",26,4.6,19,"scooter ",2,"No ","Urban ","Sunny","Jam ",0
"5/04/2022","0:00:00","0:15:00",15,"Snack ",30,5,23,"motorcycle ",2,"No ","Urban ","Sunny","Low ",0
"4/03/2022","21:25:00","21:40:00",42,"Buffet ",32,4.7,14,"motorcycle ",0,"Yes ","Metropolitian ","Sandstorms","Jam ",2
"11/02/2022","9:10:00","9:25:00",19,"Meal ",28,5,3,"motorcycle ",2,"No ","Metropolitian ","Sunny","Low ",1
"5/04/2022","8:45:00","8:55:00",19,"Snack ",21,4.8,18,"motorcycle ",1,"No ","Urban ","Sunny","Low ",1
"3/04/2022","20:50:00","21:05:00",25,"Drinks ",24,4.6,23,"motorcycle ",0,"No ","Metropolitian ","Cloudy","Jam ",0
"9/03/2022","23:55:00","0:05:00",31,"Meal ",32,4.2,3,"motorcycle ",0,"No ","Metropolitian ","Stormy","Low ",1
"2/03/2022","21:15:00","21:20:00",43,"Drinks ",35,4.9,18,"motorcycle ",0,"No ","Metropolitian ","Fog","Jam ",3
"25/03/2022","17:30:00","17:45:00",26,"Snack ",28,4.7,15,"electric_scooter ",2,"No ","Metropolitian ","Cloudy","Medium ",1
"4/03/2022","21:55:00","22:05:00",44,"Snack ",32,4.8,9,"motorcycle ",0,"No ","Metropolitian ","Sunny","Jam ",1
"2/04/2022","21:35:00","21:40:00",45,"Meal ",28,4.7,13,"motorcycle ",0,"No ","Metropolitian ","Cloudy","Jam ",2
"5/03/2022","18:15:00","18:20:00",21,"Drinks ",35,4.9,16,"scooter ",2,"No ","Metropolitian ","Sunny","Medium ",0
"20/03/2022","17:55:00","18:00:00",39,"Drinks ",24,4.4,5,"motorcycle ",1,"No ","Urban ","Fog","Medium ",1
"14/03/2022","20:30:00","20:40:00",30,"Snack ",20,4.7,17,"motorcycle ",0,"No ","Urban ","Sandstorms","Jam ",1
"11/02/2022","16:50:00","16:55:00",29,"Snack ",33,4.6,22,"motorcycle ",1,"No ","Urban ","Stormy","Medium ",0
"24/03/2022","20:00:00","20:05:00",12,"Snack ",27,4.6,14,"motorcycle ",1,"No ","Metropolitian ","Windy","Jam ",1
"19/03/2022","8:40:00","8:55:00",11,"Snack ",36,5,12,"scooter ",2,"No ","Metropolitian ","Sunny","Low ",0
"18/02/2022","21:45:00","21:55:00",44,"Snack ",33,4.1,16,"motorcycle ",0,"No ","Metropolitian ","Sandstorms","Jam ",2
"8/03/2022","19:35:00","19:40:00",39,"Meal ",39,4.2,2,"scooter ",2,"No ","Urban ","Stormy","Jam ",1
"3/04/2022","23:40:00","23:55:00",17,"Buffet ",33,4.8,23,"electric_scooter ",2,"No ","Metropolitian ","Cloudy","Low ",1
"13/03/2022","22:15:00","22:25:00",33,"Snack ",36,4.1,13,"motorcycle ",0,"No ","Metropolitian ","Stormy","Low ",1
"27/03/2022","22:30:00","22:40:00",25,"Meal ",30,4.8,14,"motorcycle ",1,"No ","Metropolitian ","Windy","Low ",1
"19/03/2022","17:15:00","17:30:00",34,"Meal ",39,4.3,19,"scooter ",1,"No ","Metropolitian ","Stormy","Medium ",1
"4/03/2022","20:35:00","20:40:00",35,"Drinks ",22,4.4,14,"motorcycle ",0,"No ","Metropolitian ","Sandstorms","Jam ",1
"1/03/2022","17:55:00","18:00:00",28,"Meal ",36,4.7,16,"scooter ",1,"No ","Urban ","Windy","Medium ",1
"31/03/2022","17:30:00","17:35:00",44,"Buffet ",39,4.2,13,"electric_scooter ",2,"No ","Metropolitian ","Fog","Medium ",2
"1/04/2022","17:40:00","17:55:00",23,"Buffet ",23,4.9,23,"scooter ",2,"No ","Metropolitian ","Sandstorms","Medium ",0
"3/03/2022","17:45:00","18:00:00",15,"Drinks ",23,5,17,"scooter ",2,"No ","Metropolitian ","Fog","Medium ",0
"28/03/2022","18:20:00","18:35:00",23,"Drinks ",36,4.5,23,"motorcycle ",1,"No ","Metropolitian ","Sunny","Medium ",1
"7/03/2022","22:25:00","22:30:00",25,"Meal ",39,4.8,14,"motorcycle ",0,"No ","Metropolitian ","Fog","Low ",1
"16/02/2022","20:30:00","20:45:00",33,"Drinks ",28,4.6,6,"motorcycle ",2,"No ","Metropolitian ","Stormy","Jam ",1
"14/03/2022","22:50:00","23:00:00",36,"Meal ",33,3.5,5,"motorcycle ",2,"No ","Metropolitian ","Fog","Low ",0
"1/03/2022","8:25:00","8:40:00",18,"Drinks ",20,5,22,"motorcycle ",1,"No ","Metropolitian ","Fog","Low ",1
"6/04/2022","17:55:00","18:10:00",25,"Snack ",24,4.5,3,"scooter ",1,"No ","Metropolitian ","Cloudy","Medium ",1
"11/02/2022","10:55:00","11:10:00",19,"Meal ",31,4.7,23,"motorcycle ",1,"No ","Urban ","Fog","Low ",1
"27/03/2022","21:45:00","21:55:00",38,"Buffet ",35,4.5,7,"motorcycle ",1,"No ","Metropolitian ","Stormy","Jam ",2
"13/03/2022","8:35:00","8:45:00",25,"Drinks ",30,4.6,19,"motorcycle ",2,"No ","Urban ","Windy","Low ",1
"12/03/2022","17:35:00","17:45:00",22,"Snack ",34,4.9,22,"motorcycle ",1,"No ","Metropolitian ","Sandstorms","Medium ",1
"28/03/2022","8:40:00","8:50:00",23,"Buffet ",33,4.7,14,"motorcycle ",0,"No ","Metropolitian ","Stormy","Low ",1
"31/03/2022","22:30:00","22:40:00",26,"Buffet ",34,4.5,13,"electric_scooter ",2,"No ","Metropolitian ","Fog","Low ",1
"13/02/2022","10:30:00","10:45:00",15,"Meal ",22,4.8,9,"motorcycle ",0,"No ","Metropolitian ","Fog","Low ",1
"13/02/2022","10:25:00","10:35:00",15,"Snack ",25,4.8,8,"scooter ",2,"No ","Metropolitian ","Stormy","Low ",0
"9/03/2022","20:40:00","20:50:00",33,"Drinks ",27,4.6,14,"motorcycle ",0,"No ","Metropolitian ","Sandstorms","Jam ",1
"1/03/2022","17:40:00","17:55:00",13,"Drinks ",23,4.9,19,"scooter ",1,"No ","Metropolitian ","Fog","Medium ",0
"16/03/2022","18:00:00","18:15:00",26,"Meal ",35,4.8,13,"scooter ",2,"No ","Metropolitian ","Sunny","Medium ",0
"17/02/2022","8:40:00","8:50:00",19,"Drinks ",33,4.9,9,"electric_scooter ",2,"No ","Metropolitian ","Stormy","Low ",1
"2/04/2022","23:25:00","23:35:00",17,"Snack ",33,4.6,17,"electric_scooter ",2,"No ","Urban ","Sandstorms","Low ",1
"23/03/2022","20:00:00","20:15:00",43,"Snack ",31,4.7,11,"electric_scooter ",2,"Yes ","Metropolitian ","Fog","Jam ",1
"19/03/2022","14:30:00","14:35:00",28,"Meal ",24,4.5,4,"electric_scooter ",2,"No ","Urban ","Stormy","High ",0
"15/03/2022","9:20:00","9:30:00",15,"Meal ",36,4.8,21,"scooter ",1,"No ","Urban ","Sunny","Low ",1
"16/03/2022","21:45:00","21:55:00",44,"Buffet ",34,4.2,7,"motorcycle ",0,"No ","Metropolitian ","Stormy","Jam ",2
"28/03/2022","8:50:00","9:05:00",25,"Snack ",30,4.7,15,"motorcycle ",2,"No ","Urban ","Stormy","Low ",1
"19/03/2022","23:15:00","23:25:00",17,"Snack ",28,4.9,8,"motorcycle ",0,"No ","Metropolitian ","Cloudy","Low ",0
"14/02/2022","19:15:00","19:25:00",28,"Meal ",31,4.9,8,"motorcycle ",1,"No ","Metropolitian ","Sunny","Jam ",0
"2/03/2022","19:00:00","19:05:00",44,"Drinks ",36,4.5,17,"motorcycle ",0,"No ","Metropolitian ","Stormy","Medium ",2
"5/03/2022","21:25:00","21:30:00",34,"Meal ",34,4.1,3,"scooter ",1,"No ","Metropolitian ","Stormy","Jam ",1
"12/03/2022","18:30:00","18:35:00",21,"Buffet ",21,4.5,4,"motorcycle ",1,"No ","Urban ","Windy","Medium ",0
"12/02/2022","18:30:00","18:35:00",34,"Drinks ",32,4.6,2,"scooter ",2,"No ","Metropolitian ","Stormy","Medium ",0
"20/03/2022","21:35:00","21:45:00",30,"Meal ",32,4.9,5,"motorcycle ",2,"No ","Metropolitian ","Sunny","Jam ",1
"30/03/2022","23:35:00","23:45:00",22,"Drinks ",22,4.9,23,"motorcycle ",0,"No ","Metropolitian ","Fog","Low ",0
"5/03/2022","14:35:00","14:50:00",35,"Drinks ",38,4.8,9,"motorcycle ",0,"No ","Metropolitian ","Sandstorms","High ",1
"21/03/2022","0:00:00","0:05:00",29,"Drinks ",36,4.9,5,"scooter ",1,"No ","Metropolitian ","Stormy","Low ",1
"15/03/2022","15:10:00","15:20:00",26,"Buffet ",33,4.9,17,"motorcycle ",0,"No ","Metropolitian ","Sunny","Medium ",1
"11/03/2022","16:45:00","16:55:00",15,"Drinks ",27,4.7,18,"motorcycle ",0,"No ","Urban ","Sunny","Medium ",1
"20/03/2022","17:15:00","17:30:00",25,"Drinks ",38,4.6,18,"electric_scooter ",2,"No ","Metropolitian ","Windy","Medium ",0
"13/03/2022","9:10:00","9:15:00",16,"Buffet ",29,5,23,"scooter ",2,"No ","Urban ","Sandstorms","Low ",0
"25/03/2022","20:45:00","21:00:00",27,"Buffet ",27,4.8,14,"electric_scooter ",2,"No ","Metropolitian ","Windy","Jam ",0
"5/03/2022","17:10:00","17:15:00",13,"Buffet ",23,4.7,21,"motorcycle ",1,"No ","Metropolitian ","Fog","Medium ",0
"2/04/2022","17:45:00","18:00:00",19,"Meal ",27,4.7,19,"motorcycle ",2,"No ","Urban ","Sandstorms","Medium ",1
"20/03/2022","22:10:00","22:20:00",17,"Meal ",20,4.9,14,"motorcycle ",0,"No ","Metropolitian ","Sandstorms","Low ",1
"20/03/2022","22:45:00","22:50:00",16,"Meal ",22,4.9,17,"motorcycle ",0,"No ","Urban ","Windy","Low ",1
"15/03/2022","21:10:00","21:20:00",30,"Drinks ",33,4.5,14,"motorcycle ",1,"No ","Metropolitian ","Stormy","Jam ",1
"4/04/2022","22:50:00","23:05:00",34,"Drinks ",31,4.5,16,"motorcycle ",2,"No ","Urban ","Fog","Low ",1
"1/04/2022","11:25:00","11:35:00",41,"Meal ",31,4.9,12,"motorcycle ",0,"No ","Metropolitian ","Windy","High ",0
"19/03/2022","10:55:00","11:05:00",14,"Snack ",22,4.6,8,"electric_scooter ",2,"No ","Metropolitian ","Cloudy","Low ",0
"6/03/2022","18:35:00","18:45:00",23,"Drinks ",25,4.8,21,"scooter ",2,"No ","Urban ","Stormy","Medium ",1
"17/03/2022","8:50:00","9:00:00",28,"Drinks ",30,4.1,8,"motorcycle ",0,"No ","Metropolitian ","Windy","Low ",1
"14/02/2022","17:40:00","17:45:00",37,"Snack ",31,4.7,6,"motorcycle ",0,"No ","Metropolitian ","Stormy","Medium ",1
"29/03/2022","23:35:00","23:50:00",15,"Snack ",39,4.5,3,"scooter ",2,"No ","Urban ","Windy","Low ",0
"9/03/2022","20:50:00","21:05:00",34,"Buffet ",38,4.2,3,"electric_scooter ",2,"No ","Metropolitian ","Fog","Jam ",1
"13/03/2022","22:50:00","23:00:00",29,"Snack ",21,4.2,7,"motorcycle ",0,"No ","Metropolitian ","Sandstorms","Low ",1
"12/03/2022","19:25:00","19:35:00",24,"Drinks ",25,4.6,16,"scooter ",2,"No ","Metropolitian ","Windy","Jam ",1
"5/03/2022","9:20:00","9:25:00",24,"Buffet ",32,4,7,"motorcycle ",0,"No ","Metropolitian ","Windy","Low ",1
"1/04/2022","12:10:00","12:20:00",30,"Meal ",31,5,12,"scooter ",2,"No ","Metropolitian ","Sandstorms","High ",1
"15/03/2022","17:15:00","17:25:00",21,"Drinks ",26,4.6,21,"scooter ",1,"No ","Urban ","Windy","Medium ",0
"2/03/2022","23:25:00","23:30:00",25,"Snack ",32,4.7,23,"scooter ",1,"No ","Metropolitian ","Stormy","Low ",1
"16/03/2022","20:55:00","21:10:00",41,"Meal ",36,4.5,23,"motorcycle ",0,"No ","Metropolitian ","Cloudy","Jam ",1
"23/03/2022","18:40:00","18:50:00",27,"Buffet ",34,4.8,23,"scooter ",1,"No ","Metropolitian ","Stormy","Medium ",0
"15/03/2022","15:40:00","15:50:00",22,"Snack ",25,4.8,23,"motorcycle ",0,"No ","Metropolitian ","Sunny","Medium ",1
"2/03/2022","19:20:00","19:30:00",34,"Meal ",28,4,4,"motorcycle ",0,"No ","Urban ","Windy","Jam ",2
"21/03/2022","20:20:00","20:25:00",19,"Snack ",23,4.5,9,"scooter ",1,"No ","Metropolitian ","Stormy","Jam ",1
"2/04/2022","18:50:00","19:00:00",22,"Snack ",23,4.7,23,"scooter ",1,"No ","Metropolitian ","Sandstorms","Medium ",1
"6/03/2022","19:40:00","19:55:00",29,"Snack ",27,4.6,21,"scooter ",1,"No ","Metropolitian ","Windy","Jam ",1
"28/03/2022","20:00:00","20:05:00",28,"Drinks ",36,4.7,18,"motorcycle ",0,"No ","Urban ","Fog","Jam ",0
"4/04/2022","21:10:00","21:15:00",50,"Buffet ",33,4.1,1,"motorcycle ",0,"No ","Metropolitian ","Sandstorms","Jam ",1
"1/04/2022","11:00:00","11:05:00",17,"Snack ",22,4.4,18,"motorcycle ",0,"No ","Metropolitian ","Stormy","Low ",0
"12/03/2022","18:40:00","18:55:00",17,"Snack ",37,4.5,22,"electric_scooter ",2,"No ","Metropolitian ","Sunny","Medium ",1
"6/04/2022","19:45:00","19:55:00",44,"Buffet ",36,4.1,3,"scooter ",1,"No ","Metropolitian ","Fog","Jam ",0
"30/03/2022","16:25:00","16:35:00",34,"Meal ",39,4.7,11,"motorcycle ",1,"No ","Metropolitian ","Sandstorms","Medium ",0
"18/02/2022","19:40:00","19:45:00",45,"Meal ",34,4.8,5,"motorcycle ",1,"No ","Metropolitian ","Fog","Jam ",2
"12/03/2022","20:15:00","20:25:00",42,"Drinks ",32,4.3,17,"motorcycle ",0,"No ","Metropolitian ","Windy","Jam ",2
"9/03/2022","20:10:00","20:20:00",36,"Snack ",27,4.7,9,"motorcycle ",0,"No ","Metropolitian ","Windy","Jam ",1
"11/03/2022","18:50:00","19:05:00",15,"Drinks ",23,4.8,21,"motorcycle ",0,"No ","Urban ","Stormy","Medium ",0
"6/04/2022","20:50:00","21:05:00",41,"Meal ",36,4.8,15,"motorcycle ",0,"No ","Urban ","Cloudy","Jam ",0
"6/03/2022","23:50:00","0:05:00",20,"Meal ",34,4.6,13,"motorcycle ",1,"No ","Metropolitian ","Sandstorms","Low ",0
"21/03/2022","15:20:00","15:25:00",28,"Drinks ",23,4.6,12,"motorcycle ",0,"No ","Metropolitian ","Fog","Medium ",1
"6/04/2022","21:15:00","21:30:00",49,"Meal ",39,4.7,15,"scooter ",1,"No ","Urban ","Cloudy","Jam ",1
"23/03/2022","17:35:00","17:40:00",41,"Buffet ",31,4.4,6,"motorcycle ",0,"No ","Metropolitian ","Stormy","Medium ",2
"8/03/2022","19:20:00","19:25:00",42,"Buffet ",24,4.9,23,"motorcycle ",0,"No ","Metropolitian ","Fog","Jam ",1
"20/03/2022","23:25:00","23:30:00",21,"Drinks ",30,4.7,16,"scooter ",2,"No ","Metropolitian ","Sandstorms","Low ",1
"5/03/2022","19:45:00","20:00:00",27,"Snack ",22,4.7,15,"motorcycle ",1,"No ","Metropolitian ","Stormy","Jam ",1
"15/03/2022","13:30:00","13:45:00",18,"Drinks ",29,4.8,19,"motorcycle ",0,"No ","Metropolitian ","Stormy","High ",1
"29/03/2022","20:55:00","21:00:00",24,"Buffet ",22,4.7,9,"scooter ",2,"No ","Metropolitian ","Sunny","Jam ",1
"5/04/2022","10:20:00","10:25:00",16,"Meal ",20,4.7,23,"scooter ",2,"No ","Metropolitian ","Stormy","Low ",0
"28/03/2022","23:00:00","23:15:00",22,"Buffet ",34,4.8,19,"motorcycle ",1,"No ","Urban ","Stormy","Low ",1
"16/03/2022","20:20:00","20:30:00",33,"Snack ",33,3.7,2,"scooter ",1,"No ","Metropolitian ","Windy","Jam ",1
"3/03/2022","9:45:00","10:00:00",24,"Buffet ",27,4.3,23,"motorcycle ",0,"No ","Metropolitian ","Stormy","Low ",1
"25/03/2022","20:15:00","20:20:00",43,"Drinks ",38,4.3,3,"motorcycle ",0,"Yes ","Metropolitian ","Sunny","Jam ",1
"14/03/2022","22:00:00","22:10:00",45,"Drinks ",32,4.7,23,"motorcycle ",0,"Yes ","Metropolitian ","Cloudy","Jam ",3
"10/03/2022","19:30:00","19:45:00",33,"Meal ",36,4.4,13,"motorcycle ",2,"No ","Metropolitian ","Stormy","Jam ",1
"5/03/2022","14:45:00","14:55:00",18,"Meal ",38,4.8,19,"electric_scooter ",2,"No ","Urban ","Stormy","High ",0
"28/03/2022","15:40:00","15:55:00",19,"Meal ",26,4.6,17,"motorcycle ",2,"No ","Metropolitian ","Cloudy","Medium ",0
"16/02/2022","20:20:00","20:35:00",29,"Snack ",36,4.7,19,"scooter ",1,"No ","Urban ","Sandstorms","Jam ",1
"19/03/2022","21:55:00","22:10:00",39,"Drinks ",39,4.7,22,"electric_scooter ",2,"No ","Metropolitian ","Fog","Jam ",2
"9/03/2022","9:45:00","10:00:00",14,"Drinks ",29,4.9,16,"electric_scooter ",2,"No ","Metropolitian ","Windy","Low ",0
"14/03/2022","20:00:00","20:15:00",31,"Drinks ",27,5,18,"scooter ",2,"No ","Metropolitian ","Cloudy","Jam ",1
"8/03/2022","19:55:00","20:05:00",41,"Buffet ",30,4.5,16,"motorcycle ",0,"No ","Metropolitian ","Sunny","Jam ",1
"5/04/2022","15:15:00","15:30:00",20,"Meal ",28,4.6,15,"motorcycle ",0,"No ","Metropolitian ","Sunny","Medium ",1
"1/03/2022","16:00:00","16:05:00",30,"Buffet ",32,4.8,23,"motorcycle ",0,"No ","Metropolitian ","Sandstorms","Medium ",1
"31/03/2022","21:20:00","21:25:00",37,"Drinks ",28,4,7,"scooter ",1,"No ","Metropolitian ","Cloudy","Jam ",1
"1/04/2022","19:15:00","19:20:00",29,"Meal ",24,4.6,1,"motorcycle ",0,"No ","Urban ","Fog","Jam ",1
"17/03/2022","22:40:00","22:50:00",14,"Buffet ",21,4.9,18,"scooter ",2,"No ","Metropolitian ","Cloudy","Low ",1
"11/02/2022","17:40:00","17:45:00",29,"Drinks ",38,4.7,5,"motorcycle ",0,"No ","Metropolitian ","Sunny","Medium ",1
"1/03/2022","14:15:00","14:25:00",19,"Drinks ",39,4.8,22,"scooter ",1,"No ","Metropolitian ","Sunny","High ",1
"11/02/2022","8:50:00","9:05:00",31,"Drinks ",33,4.2,9,"motorcycle ",0,"No ","Metropolitian ","Stormy","Low ",1
"17/02/2022","18:55:00","19:10:00",38,"Snack ",35,4.6,17,"motorcycle ",0,"No ","Urban ","Windy","Medium ",1
"10/03/2022","20:50:00","21:00:00",33,"Meal ",38,4,4,"motorcycle ",0,"No ","Metropolitian ","Sunny","Jam ",1
"24/03/2022","8:45:00","8:55:00",30,"Meal ",39,4.1,5,"motorcycle ",0,"No ","Metropolitian ","Stormy","Low ",1
"16/03/2022","18:45:00","19:00:00",30,"Meal ",33,4.7,19,"electric_scooter ",2,"No ","Urban ","Fog","Medium ",1
"5/03/2022","11:15:00","11:30:00",27,"Buffet ",25,4.7,15,"electric_scooter ",2,"No ","Urban ","Stormy","High ",1
"28/03/2022","10:30:00","10:45:00",21,"Drinks ",31,5,19,"scooter ",1,"No ","Urban ","Stormy","Low ",1
"24/03/2022","21:35:00","21:45:00",30,"Snack ",38,4.7,3,"electric_scooter ",2,"No ","Metropolitian ","Windy","Jam ",1
"17/02/2022","12:20:00","12:30:00",20,"Meal ",31,5,9,"scooter ",2,"No ","Metropolitian ","Fog","High ",1
"24/03/2022","15:30:00","15:45:00",28,"Snack ",26,4.9,19,"motorcycle ",1,"No ","Metropolitian ","Sandstorms","Medium ",1
"29/03/2022","19:25:00","19:30:00",34,"Drinks ",33,3.6,6,"motorcycle ",1,"No ","Metropolitian ","Windy","Jam ",1
"12/02/2022","19:00:00","19:15:00",29,"Snack ",29,4.7,17,"scooter ",2,"No ","Urban ","Cloudy","Medium ",1
"4/04/2022","18:40:00","18:50:00",34,"Buffet ",33,3.6,5,"motorcycle ",2,"No ","Urban ","Sandstorms","Medium ",1
"18/03/2022","22:45:00","22:50:00",22,"Snack ",37,4.8,3,"scooter ",2,"No ","Metropolitian ","Windy","Low ",0
"16/02/2022","20:50:00","20:55:00",31,"Drinks ",38,3.6,20,"electric_scooter ",2,"No ","Metropolitian ","Windy","Jam ",1
"16/03/2022","23:25:00","23:40:00",17,"Meal ",25,4.6,14,"scooter ",2,"No ","Metropolitian ","Windy","Low ",1
"16/03/2022","21:35:00","21:40:00",17,"Meal ",24,4.8,22,"scooter ",2,"No ","Urban ","Sandstorms","Jam ",1
"13/03/2022","22:10:00","22:20:00",29,"Meal ",38,4.4,14,"motorcycle ",0,"No ","Metropolitian ","Windy","Low ",1
"8/03/2022","19:45:00","19:55:00",28,"Meal ",31,4.6,13,"scooter ",1,"No ","Metropolitian ","Stormy","Jam ",1
"10/03/2022","17:50:00","18:00:00",21,"Meal ",21,4.8,15,"scooter ",1,"No ","Urban ","Windy","Medium ",0
"7/03/2022","12:10:00","12:25:00",14,"Meal ",20,4.9,16,"scooter ",1,"No ","Urban ","Sandstorms","High ",0
"5/03/2022","23:40:00","23:45:00",20,"Drinks ",39,4.8,23,"scooter ",1,"No ","Metropolitian ","Stormy","Low ",1
"18/02/2022","19:10:00","19:20:00",42,"Meal ",31,4.7,8,"scooter ",1,"No ","Metropolitian ","Fog","Jam ",1
"25/03/2022","23:40:00","23:55:00",28,"Snack ",36,4.7,21,"scooter ",1,"No ","Metropolitian ","Stormy","Low ",0
"17/03/2022","9:45:00","9:55:00",15,"Drinks ",39,4.9,21,"motorcycle ",1,"No ","Urban ","Sunny","Low ",0
"1/03/2022","9:50:00","10:00:00",21,"Meal ",37,4.8,21,"scooter ",2,"No ","Metropolitian ","Sandstorms","Low ",0
"14/02/2022","17:35:00","17:40:00",34,"Drinks ",28,4.7,3,"motorcycle ",0,"No ","Metropolitian ","Fog","Medium ",1
"13/02/2022","8:20:00","8:25:00",17,"Meal ",35,4.9,5,"electric_scooter ",2,"No ","Metropolitian ","Fog","Low ",1
"14/03/2022","21:25:00","21:35:00",25,"Buffet ",28,4.7,15,"motorcycle ",0,"No ","Metropolitian ","Sunny","Jam ",1
"14/03/2022","19:50:00","20:05:00",19,"Drinks ",20,4.7,14,"scooter ",2,"No ","Metropolitian ","Stormy","Jam ",1
"29/03/2022","22:40:00","22:50:00",29,"Snack ",35,4.8,5,"scooter ",2,"No ","Urban ","Fog","Low ",1
"11/03/2022","21:40:00","21:45:00",27,"Snack ",31,4.6,15,"electric_scooter ",2,"No ","Metropolitian ","Sandstorms","Jam ",1
"18/03/2022","18:55:00","19:00:00",21,"Drinks ",35,4.6,22,"motorcycle ",1,"No ","Urban ","Sunny","Medium ",1
"16/02/2022","0:00:00","0:10:00",27,"Meal ",21,4.8,2,"motorcycle ",2,"No ","Metropolitian ","Sunny","Low ",0
"8/03/2022","21:55:00","22:10:00",28,"Buffet ",33,4.9,22,"motorcycle ",1,"No ","Urban ","Stormy","Jam ",0
"26/03/2022","19:55:00","20:10:00",40,"Drinks ",28,4.1,1,"motorcycle ",0,"No ","Metropolitian ","Sunny","Jam ",1
"13/03/2022","19:55:00","20:10:00",26,"Meal ",24,4.7,15,"motorcycle ",0,"No ","Metropolitian ","Cloudy","Jam ",1
"3/03/2022","23:10:00","23:15:00",23,"Meal ",29,4.4,9,"motorcycle ",0,"No ","Metropolitian ","Windy","Low ",1
"16/03/2022","17:30:00","17:35:00",18,"Buffet ",29,4.8,12,"scooter ",2,"No ","Metropolitian ","Sunny","Medium ",1
"1/03/2022","15:00:00","15:10:00",27,"Drinks ",31,4.6,12,"scooter ",1,"No ","Metropolitian ","Stormy","High ",1
"17/03/2022","12:00:00","12:10:00",32,"Drinks ",25,5,21,"scooter ",1,"No ","Urban ","Cloudy","High ",1
"18/03/2022","23:35:00","23:45:00",17,"Buffet ",31,4.8,15,"motorcycle ",1,"No ","Urban ","Sandstorms","Low ",0
"24/03/2022","15:20:00","15:30:00",27,"Drinks ",31,4.8,14,"motorcycle ",0,"No ","Metropolitian ","Sandstorms","Medium ",1
"6/04/2022","17:45:00","17:50:00",26,"Drinks ",26,5,16,"scooter ",2,"No ","Urban ","Stormy","Medium ",1
"4/04/2022","23:35:00","23:45:00",22,"Drinks ",36,4.8,22,"motorcycle ",0,"No ","Urban ","Sandstorms","Low ",1
"18/03/2022","17:10:00","17:25:00",39,"Drinks ",28,4.4,21,"motorcycle ",0,"No ","Metropolitian ","Stormy","Medium ",1
"13/02/2022","23:35:00","23:40:00",23,"Drinks ",24,4.9,6,"motorcycle ",1,"No ","Metropolitian ","Sunny","Low ",0
"31/03/2022","21:15:00","21:25:00",36,"Meal ",30,4.4,5,"motorcycle ",1,"No ","Metropolitian ","Stormy","Jam ",1
"20/03/2022","18:45:00","19:00:00",35,"Snack ",37,4.2,9,"scooter ",2,"No ","Metropolitian ","Fog","Medium ",0
"30/03/2022","23:55:00","0:05:00",11,"Buffet ",23,5,21,"motorcycle ",1,"No ","Metropolitian ","Fog","Low ",1
"28/03/2022","17:45:00","18:00:00",27,"Snack ",29,4.8,14,"scooter ",1,"No ","Metropolitian ","Windy","Medium ",1
"12/02/2022","18:10:00","18:15:00",17,"Buffet ",24,4.9,8,"electric_scooter ",2,"No ","Metropolitian ","Sunny","Medium ",0
"13/02/2022","11:00:00","11:15:00",16,"Buffet ",31,5,2,"scooter ",1,"No ","Metropolitian ","Fog","Low ",1
"2/04/2022","0:00:00","0:05:00",21,"Snack ",34,4.7,23,"motorcycle ",0,"No ","Urban ","Sandstorms","Low ",1
"21/03/2022","9:45:00","10:00:00",17,"Snack ",39,4.8,12,"motorcycle ",1,"No ","Metropolitian ","Fog","Low ",1
"14/03/2022","23:20:00","23:25:00",28,"Snack ",28,4.8,22,"electric_scooter ",2,"No ","Urban ","Fog","Low ",1
"10/03/2022","23:40:00","23:50:00",10,"Buffet ",24,4.9,18,"scooter ",2,"No ","Urban ","Stormy","Low ",0
"5/03/2022","21:40:00","21:45:00",23,"Buffet ",30,4.9,19,"scooter ",2,"No ","Metropolitian ","Sunny","Jam ",0
"13/03/2022","21:45:00","21:55:00",21,"Snack ",27,4.8,14,"motorcycle ",0,"No ","Metropolitian ","Windy","Jam ",0
"8/03/2022","19:55:00","20:10:00",49,"Meal ",31,4.3,2,"motorcycle ",0,"No ","Semi-Urban ","Sandstorms","Jam ",1
"17/03/2022","9:10:00","9:15:00",16,"Buffet ",38,4.8,16,"scooter ",1,"No ","Urban ","Fog","Low ",0
"13/03/2022","17:55:00","18:00:00",17,"Drinks ",30,4.5,17,"motorcycle ",1,"No ","Metropolitian ","Sunny","Medium ",1
"25/03/2022","17:10:00","17:15:00",10,"Drinks ",22,4.6,22,"motorcycle ",2,"No ","Urban ","Sunny","Medium ",0
"16/03/2022","18:30:00","18:45:00",19,"Drinks ",28,4.8,18,"motorcycle ",1,"No ","Metropolitian ","Stormy","Medium ",0
"4/03/2022","20:35:00","20:45:00",25,"Snack ",38,4.5,16,"motorcycle ",1,"No ","Metropolitian ","Sunny","Jam ",1
"15/02/2022","10:40:00","10:45:00",25,"Buffet ",31,4.2,4,"motorcycle ",0,"No ","Metropolitian ","Stormy","Low ",1
"23/03/2022","22:20:00","22:25:00",20,"Buffet ",35,4.9,18,"motorcycle ",0,"No ","Metropolitian ","Sandstorms","Low ",1
"3/04/2022","8:20:00","8:25:00",29,"Meal ",34,5,7,"electric_scooter ",2,"No ","Metropolitian ","Sandstorms","Low ",1
"1/03/2022","11:45:00","11:55:00",43,"Drinks ",37,4.4,16,"motorcycle ",0,"No ","Metropolitian ","Sandstorms","High ",1
"28/03/2022","10:40:00","10:45:00",21,"Meal ",27,4.7,18,"electric_scooter ",2,"No ","Urban ","Sunny","Low ",1
"26/03/2022","18:35:00","18:40:00",27,"Buffet ",29,4.7,21,"motorcycle ",0,"No ","Metropolitian ","Sandstorms","Medium ",1
"2/04/2022","22:30:00","22:40:00",39,"Snack ",30,4.4,5,"motorcycle ",0,"No ","Metropolitian ","Fog","Low ",0
"26/03/2022","8:45:00","8:50:00",27,"Snack ",28,4.1,13,"motorcycle ",0,"No ","Metropolitian ","Sandstorms","Low ",0
"30/03/2022","21:10:00","21:20:00",39,"Snack ",38,4.3,5,"electric_scooter ",2,"No ","Metropolitian ","Fog","Jam ",2
"3/03/2022","10:50:00","11:05:00",29,"Buffet ",32,4.9,14,"scooter ",1,"No ","Metropolitian ","Windy","Low ",1
"5/04/2022","15:10:00","15:15:00",30,"Snack ",34,4.7,17,"motorcycle ",2,"No ","Metropolitian ","Windy","Medium ",1
"30/03/2022","16:55:00","17:05:00",10,"Drinks ",27,4.6,4,"motorcycle ",1,"No ","Urban ","Cloudy","Medium ",0
"6/04/2022","17:25:00","17:30:00",31,"Drinks ",23,4.7,15,"motorcycle ",1,"No ","Urban ","Cloudy","Medium ",1
"20/03/2022","17:55:00","18:00:00",38,"Meal ",32,4.7,18,"scooter ",1,"No ","Urban ","Cloudy","Medium ",1
"1/03/2022","23:25:00","23:30:00",25,"Snack ",39,5,23,"scooter ",1,"No ","Metropolitian ","Sandstorms","Low ",0
"3/03/2022","8:20:00","8:25:00",26,"Drinks ",35,4.2,13,"motorcycle ",0,"No ","Metropolitian ","Windy","Low ",0
"2/03/2022","20:50:00","21:05:00",40,"Drinks ",27,4.3,21,"scooter ",1,"No ","Metropolitian ","Fog","Jam ",1
"7/03/2022","19:00:00","19:15:00",11,"Snack ",21,5,17,"scooter ",2,"No ","Urban ","Stormy","Medium ",0
"11/03/2022","19:15:00","19:25:00",27,"Snack ",36,5,23,"scooter ",2,"No ","Metropolitian ","Windy","Jam ",1
"7/03/2022","17:45:00","17:50:00",29,"Meal ",36,4.6,15,"motorcycle ",2,"No ","Metropolitian ","Stormy","Medium ",0
"5/04/2022","15:40:00","15:55:00",28,"Snack ",35,4.8,23,"motorcycle ",1,"No ","Urban ","Stormy","Medium ",0
"16/02/2022","21:20:00","21:35:00",38,"Buffet ",32,4.3,7,"motorcycle ",1,"No ","Metropolitian ","Sandstorms","Jam ",2
"31/03/2022","17:40:00","17:55:00",19,"Snack ",35,4.8,4,"scooter ",1,"No ","Urban ","Sunny","Medium ",1
"9/03/2022","18:00:00","18:10:00",22,"Drinks ",29,4.8,12,"motorcycle ",0,"No ","Metropolitian ","Sandstorms","Medium ",1
"13/03/2022","21:25:00","21:30:00",39,"Buffet ",33,4.9,15,"motorcycle ",1,"No ","Metropolitian ","Fog","Jam ",0
"2/04/2022","21:00:00","21:10:00",39,"Snack ",23,4.1,5,"motorcycle ",0,"Yes ","Metropolitian ","Stormy","Jam ",0
"13/03/2022","10:55:00","11:10:00",17,"Meal ",32,4.8,17,"scooter ",1,"No ","Urban ","Fog","Low ",0
"18/03/2022","23:00:00","23:05:00",18,"Buffet ",26,4.7,19,"scooter ",1,"No ","Urban ","Stormy","Low ",1
"4/03/2022","21:15:00","21:25:00",29,"Buffet ",22,4.7,23,"motorcycle ",0,"No ","Metropolitian ","Stormy","Jam ",1
"17/02/2022","22:50:00","23:00:00",29,"Buffet ",37,4.5,6,"motorcycle ",1,"No ","Metropolitian ","Sandstorms","Low ",0
"1/04/2022","20:30:00","20:40:00",17,"Drinks ",28,5,19,"scooter ",2,"No ","Metropolitian ","Sunny","Jam ",1
"9/03/2022","22:25:00","22:35:00",16,"Meal ",23,4.5,21,"motorcycle ",0,"No ","Metropolitian ","Stormy","Low ",0
"8/03/2022","20:25:00","20:30:00",27,"Meal ",37,4.6,22,"motorcycle ",2,"No ","Metropolitian ","Sandstorms","Jam ",0
"5/03/2022","20:10:00","20:15:00",19,"Drinks ",24,4.9,15,"motorcycle ",1,"No ","Metropolitian ","Sunny","Jam ",1
"1/03/2022","12:15:00","12:20:00",25,"Buffet ",31,4.5,22,"motorcycle ",0,"No ","Metropolitian ","Fog","High ",0
"4/04/2022","17:50:00","18:05:00",20,"Buffet ",29,4.9,9,"scooter ",1,"No ","Metropolitian ","Sandstorms","Medium ",1
"20/03/2022","19:40:00","19:45:00",39,"Snack ",36,5,3,"scooter ",2,"No ","Metropolitian ","Cloudy","Jam ",1
"1/04/2022","11:20:00","11:30:00",33,"Snack ",29,4.2,15,"scooter ",2,"No ","Metropolitian ","Fog","High ",1
"6/04/2022","19:10:00","19:25:00",22,"Buffet ",25,4.8,23,"motorcycle ",1,"No ","Metropolitian ","Sunny","Jam ",1
"17/03/2022","0:00:00","0:10:00",22,"Buffet ",30,4.8,1,"scooter ",1,"No ","Metropolitian ","Sandstorms","Low ",0
"26/03/2022","8:55:00","9:00:00",10,"Drinks ",22,4.7,18,"electric_scooter ",2,"No ","Metropolitian ","Windy","Low ",0
"16/03/2022","17:35:00","17:50:00",18,"Buffet ",33,4.5,17,"scooter ",1,"No ","Metropolitian ","Sunny","Medium ",1
"6/04/2022","23:40:00","23:50:00",18,"Buffet ",32,4.6,23,"motorcycle ",1,"No ","Urban ","Stormy","Low ",0
"1/03/2022","19:35:00","19:40:00",33,"Buffet ",34,4.8,21,"scooter ",1,"No ","Urban ","Fog","Jam ",1
"24/03/2022","20:00:00","20:05:00",12,"Snack ",27,4.6,14,"motorcycle ",1,"No ","Metropolitian ","Windy","Jam ",1
"1/03/2022","17:10:00","17:25:00",29,"Buffet ",26,4.8,23,"scooter ",1,"No ","Metropolitian ","Sandstorms","Medium ",1
"10/03/2022","20:30:00","20:35:00",38,"Snack ",29,5,19,"scooter ",2,"No ","Metropolitian ","Fog","Jam ",0
"3/04/2022","16:40:00","16:50:00",16,"Drinks ",27,4.8,21,"scooter ",1,"No ","Metropolitian ","Fog","Medium ",0
"29/03/2022","20:20:00","20:25:00",24,"Meal ",27,5,14,"motorcycle ",1,"No ","Metropolitian ","Sandstorms","Jam ",0
"18/03/2022","23:30:00","23:45:00",17,"Meal ",22,4.7,13,"scooter ",2,"No ","Metropolitian ","Windy","Low ",0
"12/02/2022","19:45:00","20:00:00",30,"Snack ",29,4.8,17,"motorcycle ",0,"No ","Urban ","Sandstorms","Jam ",1
"6/03/2022","23:50:00","0:05:00",20,"Drinks ",38,4.7,18,"motorcycle ",0,"No ","Metropolitian ","Windy","Low ",1
"31/03/2022","17:40:00","17:45:00",30,"Buffet ",22,4.8,3,"motorcycle ",2,"No ","Urban ","Fog","Medium ",1
"7/03/2022","15:25:00","15:30:00",20,"Drinks ",21,4.7,13,"scooter ",1,"No ","Metropolitian ","Sandstorms","Medium ",1
"19/03/2022","20:50:00","21:00:00",33,"Snack ",37,4.6,12,"motorcycle ",0,"No ","Metropolitian ","Cloudy","Jam ",1
"15/02/2022","21:35:00","21:45:00",16,"Meal ",28,4.9,3,"motorcycle ",0,"No ","Metropolitian ","Stormy","Jam ",1
"29/03/2022","22:50:00","23:05:00",21,"Snack ",29,4.9,1,"motorcycle ",0,"No ","Urban ","Cloudy","Low ",0
"3/03/2022","17:55:00","18:05:00",19,"Drinks ",25,4.6,9,"motorcycle ",2,"No ","Metropolitian ","Fog","Medium ",1
"11/02/2022","10:30:00","10:45:00",12,"Snack ",20,4.5,3,"scooter ",2,"No ","Urban ","Sandstorms","Low ",1
"3/04/2022","20:55:00","21:05:00",37,"Drinks ",35,5,11,"scooter ",1,"No ","Metropolitian ","Fog","Jam ",1
"2/04/2022","21:45:00","21:55:00",30,"Drinks ",26,4.8,14,"scooter ",1,"No ","Metropolitian ","Fog","Jam ",0
"6/04/2022","17:40:00","17:55:00",30,"Snack ",30,4.6,15,"motorcycle ",1,"No ","Urban ","Windy","Medium ",1
"14/03/2022","22:00:00","22:05:00",39,"Meal ",39,4.4,2,"motorcycle ",0,"No ","Urban ","Stormy","Jam ",1
"27/03/2022","17:25:00","17:30:00",27,"Drinks ",33,4.6,13,"scooter ",1,"No ","Metropolitian ","Sunny","Medium ",1
"17/03/2022","14:50:00","15:00:00",19,"Drinks ",29,4.5,11,"motorcycle ",0,"No ","Metropolitian ","Sandstorms","High ",0
"19/03/2022","9:40:00","9:55:00",30,"Snack ",37,4.5,3,"motorcycle ",0,"No ","Metropolitian ","Windy","Low ",0
"13/02/2022","10:55:00","11:05:00",20,"Snack ",37,4.9,9,"motorcycle ",1,"No ","Metropolitian ","Sandstorms","Low ",1
"2/04/2022","20:15:00","20:30:00",30,"Meal ",38,4.9,23,"motorcycle ",1,"No ","Urban ","Windy","Jam ",1
"15/02/2022","18:15:00","18:20:00",25,"Buffet ",39,4.9,2,"scooter ",2,"No ","Metropolitian ","Sandstorms","Medium ",0
"10/03/2022","17:45:00","17:55:00",34,"Buffet ",29,4.8,18,"motorcycle ",0,"No ","Metropolitian ","Sandstorms","Medium ",0
"29/03/2022","22:25:00","22:40:00",21,"Snack ",21,4.9,6,"motorcycle ",0,"No ","Urban ","Windy","Low ",0
"9/03/2022","14:25:00","14:35:00",26,"Drinks ",39,4.8,22,"motorcycle ",0,"No ","Metropolitian ","Sunny","High ",0
"3/04/2022","19:10:00","19:25:00",33,"Meal ",30,4.4,6,"scooter ",1,"No ","Metropolitian ","Sandstorms","Jam ",0
"3/03/2022","23:30:00","23:35:00",18,"Snack ",31,4.6,15,"scooter ",1,"No ","Urban ","Cloudy","Low ",1
"11/03/2022","18:15:00","18:20:00",15,"Meal ",26,4.7,21,"motorcycle ",0,"No ","Urban ","Sunny","Medium ",1
"16/02/2022","20:10:00","20:25:00",31,"Drinks ",34,4.4,3,"scooter ",2,"No ","Metropolitian ","Sandstorms","Jam ",1
"2/03/2022","21:30:00","21:35:00",44,"Buffet ",25,4.9,22,"scooter ",1,"No ","Metropolitian ","Fog","Jam ",0
"19/03/2022","20:45:00","20:55:00",40,"Meal ",33,4.4,5,"motorcycle ",0,"No ","Urban ","Windy","Jam ",2
"5/03/2022","22:35:00","22:40:00",18,"Buffet ",25,4.7,18,"motorcycle ",0,"No ","Metropolitian ","Sunny","Low ",1
"10/03/2022","22:10:00","22:15:00",44,"Snack ",22,2.6,3,"scooter ",2,"No ","Metropolitian ","Sunny","Low ",1
"17/03/2022","18:40:00","18:50:00",15,"Meal ",35,4.6,1,"scooter ",2,"No ","Metropolitian ","Fog","Medium ",0
"24/03/2022","9:15:00","9:25:00",26,"Meal ",32,4.8,23,"motorcycle ",2,"No ","Metropolitian ","Sandstorms","Low ",1
"29/03/2022","18:50:00","19:05:00",24,"Buffet ",37,4.8,14,"scooter ",1,"No ","Metropolitian ","Sunny","Medium ",1
"14/02/2022","18:50:00","19:00:00",36,"Drinks ",33,4.1,11,"motorcycle ",1,"No ","Metropolitian ","Stormy","Medium ",2
"13/03/2022","9:15:00","9:30:00",17,"Buffet ",28,4.5,3,"scooter ",1,"No ","Urban ","Stormy","Low ",1
"2/03/2022","21:40:00","21:50:00",47,"Meal ",23,4.7,12,"motorcycle ",0,"No ","Metropolitian ","Fog","Jam ",2
"7/03/2022","10:45:00","10:55:00",12,"Meal ",28,4.6,17,"scooter ",2,"No ","Urban ","Sandstorms","Low ",0
"14/02/2022","22:50:00","22:55:00",20,"Snack ",20,4.8,6,"motorcycle ",0,"No ","Metropolitian ","Stormy","Low ",0
"18/02/2022","18:10:00","18:20:00",38,"Drinks ",23,4.9,4,"electric_scooter ",2,"No ","Metropolitian ","Fog","Medium ",1
"20/03/2022","19:00:00","19:15:00",32,"Snack ",34,4.8,13,"scooter ",1,"No ","Metropolitian ","Cloudy","Medium ",1
"12/02/2022","20:55:00","21:10:00",25,"Drinks ",29,5,6,"motorcycle ",1,"No ","Metropolitian ","Windy","Jam ",1
"1/03/2022","17:50:00","18:05:00",14,"Snack ",22,4.8,21,"motorcycle ",1,"No ","Urban ","Sunny","Medium ",1
"17/02/2022","20:30:00","20:40:00",25,"Buffet ",35,4.7,8,"motorcycle ",0,"No ","Metropolitian ","Sandstorms","Jam ",1
"5/03/2022","8:40:00","8:45:00",15,"Meal ",33,4.8,19,"scooter ",2,"No ","Urban ","Stormy","Low ",1
"25/03/2022","20:25:00","20:30:00",22,"Drinks ",24,4.8,22,"motorcycle ",1,"No ","Metropolitian ","Windy","Jam ",1
"23/03/2022","20:40:00","20:45:00",16,"Meal ",20,4.6,16,"scooter ",1,"No ","Urban ","Stormy","Jam ",1
"25/03/2022","23:30:00","23:40:00",29,"Snack ",32,4.8,9,"electric_scooter ",2,"No ","Metropolitian ","Sunny","Low ",1
"3/03/2022","23:10:00","23:15:00",27,"Drinks ",35,4.5,13,"motorcycle ",1,"No ","Metropolitian ","Stormy","Low ",0
"3/04/2022","22:00:00","22:10:00",32,"Snack ",32,4.3,13,"motorcycle ",0,"No ","Metropolitian ","Cloudy","Jam ",1
"20/03/2022","23:50:00","0:05:00",21,"Drinks ",38,4.8,23,"motorcycle ",1,"No ","Metropolitian ","Stormy","Low ",1
"3/04/2022","17:25:00","17:30:00",26,"Snack ",38,4.6,18,"scooter ",1,"No ","Metropolitian ","Windy","Medium ",0
"28/03/2022","18:10:00","18:25:00",15,"Drinks ",30,4.8,9,"scooter ",1,"No ","Metropolitian ","Fog","Medium ",1
"23/03/2022","21:00:00","21:10:00",48,"Buffet ",24,4.8,6,"motorcycle ",0,"No ","Metropolitian ","Cloudy","Jam ",3
"6/04/2022","20:00:00","20:05:00",30,"Meal ",31,4.9,19,"scooter ",2,"No ","Metropolitian ","Stormy","Jam ",1
"15/03/2022","14:45:00","14:50:00",48,"Drinks ",38,5,22,"motorcycle ",0,"No ","Urban ","Sandstorms","High ",3
"3/04/2022","12:15:00","12:25:00",33,"Meal ",33,4.3,3,"motorcycle ",0,"No ","Metropolitian ","Stormy","High ",1
"12/02/2022","21:35:00","21:40:00",40,"Meal ",34,3.8,13,"scooter ",1,"Yes ","Metropolitian ","Windy","Jam ",0
"12/02/2022","19:20:00","19:35:00",22,"Meal ",20,4.6,17,"motorcycle ",1,"No ","Urban ","Sandstorms","Jam ",0
"24/03/2022","11:00:00","11:15:00",17,"Snack ",28,4.6,19,"scooter ",1,"No ","Urban ","Stormy","Low ",1
"14/03/2022","20:55:00","21:05:00",31,"Meal ",31,3.6,2,"scooter ",2,"No ","Urban ","Windy","Jam ",1
"31/03/2022","18:15:00","18:30:00",34,"Drinks ",25,4,13,"electric_scooter ",2,"No ","Metropolitian ","Cloudy","Medium ",1
"18/02/2022","22:25:00","22:30:00",36,"Meal ",32,3.7,1,"scooter ",2,"No ","Urban ","Cloudy","Low ",1
"21/03/2022","18:30:00","18:35:00",24,"Buffet ",27,4.7,23,"motorcycle ",0,"No ","Metropolitian ","Fog","Medium ",0
"7/03/2022","8:20:00","8:30:00",22,"Snack ",27,4.5,6,"motorcycle ",0,"No ","Urban ","Sandstorms","Low ",1
"19/03/2022","9:15:00","9:30:00",22,"Drinks ",23,4.8,3,"scooter ",1,"No ","Metropolitian ","Sunny","Low ",1
"21/03/2022","20:30:00","20:45:00",18,"Snack ",24,4.7,17,"motorcycle ",0,"No ","Urban ","Windy","Jam ",1
"13/03/2022","15:20:00","15:30:00",12,"Drinks ",29,4.7,23,"motorcycle ",1,"No ","Metropolitian ","Fog","Medium ",0
"27/03/2022","17:20:00","17:35:00",39,"Meal ",24,4.3,2,"motorcycle ",1,"No ","Metropolitian ","Fog","Medium ",0
"19/03/2022","17:30:00","17:40:00",16,"Drinks ",21,4.7,3,"scooter ",1,"No ","Metropolitian ","Fog","Medium ",0
"16/03/2022","17:50:00","17:55:00",40,"Drinks ",35,4.3,16,"motorcycle ",1,"No ","Metropolitian ","Cloudy","Medium ",2
"13/03/2022","21:00:00","21:15:00",33,"Snack ",33,4.7,19,"scooter ",1,"No ","Metropolitian ","Stormy","Jam ",2
"15/02/2022","12:50:00","12:55:00",16,"Meal ",28,4.8,5,"motorcycle ",1,"No ","Metropolitian ","Sunny","High ",1
"9/03/2022","18:20:00","18:30:00",12,"Snack ",22,4.9,15,"motorcycle ",0,"No ","Metropolitian ","Sandstorms","Medium ",0
"5/03/2022","9:15:00","9:20:00",16,"Drinks ",27,4.8,18,"motorcycle ",1,"No ","Urban ","Stormy","Low ",1
"26/03/2022","8:25:00","8:40:00",17,"Meal ",36,4.6,17,"motorcycle ",1,"No ","Metropolitian ","Cloudy","Low ",1
"8/03/2022","20:00:00","20:05:00",35,"Snack ",37,3.8,6,"scooter ",1,"No ","Metropolitian ","Windy","Jam ",1
"17/03/2022","20:25:00","20:40:00",29,"Buffet ",39,4.5,18,"scooter ",2,"No ","Metropolitian ","Windy","Jam ",1
"20/03/2022","22:45:00","22:50:00",29,"Snack ",26,4.8,13,"motorcycle ",0,"No ","Metropolitian ","Sunny","Low ",1
"5/04/2022","22:20:00","22:25:00",19,"Drinks ",29,4.8,17,"motorcycle ",1,"No ","Metropolitian ","Stormy","Low ",1
"31/03/2022","23:20:00","23:30:00",39,"Snack ",35,5,1,"motorcycle ",0,"No ","Urban ","Cloudy","Low ",2
"16/03/2022","22:00:00","22:15:00",25,"Buffet ",20,4.5,1,"scooter ",2,"No ","Urban ","Sandstorms","Jam ",1
"19/03/2022","18:30:00","18:35:00",23,"Snack ",33,4.6,23,"scooter ",1,"No ","Urban ","Sunny","Medium ",1
"15/02/2022","22:25:00","22:40:00",16,"Buffet ",20,4.2,2,"motorcycle ",0,"No ","Metropolitian ","Stormy","Low ",1
"30/03/2022","22:00:00","22:15:00",10,"Drinks ",20,4.6,21,"motorcycle ",2,"No ","Metropolitian ","Sunny","Jam ",0
"1/04/2022","11:00:00","11:10:00",22,"Meal ",35,4.5,21,"motorcycle ",0,"No ","Metropolitian ","Stormy","Low ",0
"1/04/2022","11:00:00","11:05:00",16,"Drinks ",39,4.9,19,"motorcycle ",1,"No ","Metropolitian ","Sunny","Low ",1
"21/03/2022","15:15:00","15:25:00",35,"Buffet ",36,4.3,3,"motorcycle ",0,"No ","Metropolitian ","Windy","Medium ",2
"18/02/2022","19:25:00","19:40:00",29,"Meal ",30,4.6,9,"motorcycle ",0,"No ","Metropolitian ","Sunny","Jam ",0
"17/02/2022","10:45:00","10:50:00",27,"Buffet ",31,4.5,5,"motorcycle ",0,"No ","Metropolitian ","Stormy","Low ",1
"25/03/2022","23:40:00","23:50:00",19,"Drinks ",30,4.5,6,"motorcycle ",1,"No ","Urban ","Sandstorms","Low ",0
"4/04/2022","20:30:00","20:40:00",49,"Buffet ",30,4.4,3,"motorcycle ",0,"No ","Semi-Urban ","Stormy","Jam ",1
"11/02/2022","9:10:00","9:15:00",22,"Drinks ",23,4.6,2,"motorcycle ",0,"No ","Metropolitian ","Stormy","Low ",0
"7/03/2022","23:35:00","23:45:00",24,"Meal ",23,4.1,4,"motorcycle ",0,"No ","Metropolitian ","Windy","Low ",1
"27/03/2022","17:15:00","17:30:00",21,"Snack ",34,4.5,15,"motorcycle ",1,"No ","Metropolitian ","Sunny","Medium ",0
"18/03/2022","18:45:00","19:00:00",29,"Drinks ",21,4.8,22,"motorcycle ",0,"No ","Urban ","Windy","Medium ",1
"15/02/2022","21:40:00","21:50:00",28,"Meal ",28,4.6,18,"scooter ",2,"No ","Urban ","Fog","Jam ",1
"25/03/2022","18:20:00","18:30:00",16,"Snack ",30,4.6,21,"motorcycle ",1,"No ","Metropolitian ","Sunny","Medium ",1
"13/03/2022","15:15:00","15:20:00",21,"Buffet ",27,4.8,18,"scooter ",2,"No ","Urban ","Stormy","Medium ",0
"11/03/2022","11:45:00","11:55:00",28,"Drinks ",32,5,16,"scooter ",2,"No ","Metropolitian ","Fog","High ",1
"10/03/2022","23:25:00","23:35:00",18,"Drinks ",22,4.6,23,"scooter ",2,"No ","Metropolitian ","Stormy","Low ",1
"2/03/2022","17:55:00","18:05:00",27,"Meal ",36,4.7,9,"scooter ",1,"No ","Metropolitian ","Sunny","Medium ",0
"9/03/2022","11:45:00","11:50:00",27,"Snack ",25,4.8,14,"motorcycle ",0,"No ","Metropolitian ","Sandstorms","High ",1
"23/03/2022","23:30:00","23:40:00",26,"Snack ",29,4.9,18,"scooter ",2,"No ","Urban ","Cloudy","Low ",1
"30/03/2022","17:10:00","17:25:00",16,"Buffet ",21,4.6,19,"motorcycle ",1,"No ","Metropolitian ","Cloudy","Medium ",0
"19/03/2022","9:50:00","9:55:00",18,"Snack ",27,5,17,"scooter ",2,"No ","Metropolitian ","Sunny","Low ",0
"6/04/2022","19:10:00","19:20:00",34,"Buffet ",39,3.5,6,"motorcycle ",1,"No ","Urban ","Sandstorms","Jam ",1
"21/03/2022","19:30:00","19:35:00",31,"Snack ",33,4.1,13,"scooter ",1,"No ","Metropolitian ","Sandstorms","Jam ",1
"17/03/2022","9:45:00","9:55:00",18,"Buffet ",38,4.7,19,"motorcycle ",1,"No ","Urban ","Fog","Low ",1
"30/03/2022","18:35:00","18:45:00",25,"Drinks ",25,4.5,9,"motorcycle ",0,"No ","Metropolitian ","Fog","Medium ",1
"14/03/2022","17:20:00","17:35:00",43,"Snack ",39,4.9,21,"motorcycle ",0,"No ","Metropolitian ","Cloudy","Medium ",1
"24/03/2022","12:55:00","13:00:00",18,"Meal ",29,4.6,17,"motorcycle ",0,"No ","Metropolitian ","Sandstorms","High ",0
"17/03/2022","10:50:00","11:05:00",19,"Buffet ",25,4.8,19,"scooter ",2,"No ","Urban ","Windy","Low ",1
"12/02/2022","18:20:00","18:30:00",18,"Drinks ",27,4.9,3,"motorcycle ",1,"No ","Metropolitian ","Stormy","Medium ",1
"1/04/2022","23:30:00","23:45:00",15,"Snack ",33,4.7,23,"scooter ",1,"No ","Metropolitian ","Fog","Low ",0
"2/03/2022","21:15:00","21:20:00",46,"Drinks ",31,5,22,"scooter ",1,"No ","Metropolitian ","Fog","Jam ",1
"9/03/2022","10:35:00","10:45:00",27,"Snack ",25,4.4,12,"motorcycle ",0,"No ","Metropolitian ","Windy","Low ",1
"6/03/2022","21:10:00","21:25:00",42,"Buffet ",29,4.4,15,"motorcycle ",2,"No ","Metropolitian ","Fog","Jam ",1
"13/03/2022","18:30:00","18:35:00",19,"Drinks ",31,4.5,23,"motorcycle ",1,"No ","Metropolitian ","Fog","Medium ",1
"27/03/2022","22:30:00","22:45:00",38,"Snack ",30,3.5,11,"motorcycle ",1,"No ","Metropolitian ","Cloudy","Low ",1
"15/03/2022","9:00:00","9:15:00",20,"Buffet ",35,4.8,13,"motorcycle ",1,"No ","Metropolitian ","Sandstorms","Low ",1
"13/02/2022","10:20:00","10:30:00",26,"Drinks ",34,4.9,19,"motorcycle ",0,"No ","Urban ","Sunny","Low ",0
"3/04/2022","22:40:00","22:45:00",20,"Buffet ",21,4.6,22,"motorcycle ",0,"No ","Metropolitian ","Cloudy","Low ",1
"30/03/2022","20:10:00","20:25:00",27,"Buffet ",36,4.7,23,"motorcycle ",0,"No ","Metropolitian ","Fog","Jam ",1
"27/03/2022","23:10:00","23:15:00",11,"Drinks ",27,4.7,14,"electric_scooter ",2,"No ","Metropolitian ","Sandstorms","Low ",0
"23/03/2022","23:20:00","23:35:00",22,"Snack ",30,4.8,21,"scooter ",2,"No ","Metropolitian ","Sunny","Low ",0
"21/03/2022","9:15:00","9:20:00",25,"Snack ",31,5,19,"scooter ",1,"No ","Metropolitian ","Stormy","Low ",0
"12/03/2022","17:20:00","17:30:00",26,"Drinks ",39,4.9,23,"motorcycle ",1,"No ","Metropolitian ","Sunny","Medium ",1
"15/02/2022","18:45:00","18:50:00",29,"Meal ",28,5,3,"motorcycle ",0,"No ","Metropolitian ","Stormy","Medium ",0
"6/03/2022","23:55:00","0:10:00",28,"Buffet ",35,4.6,19,"motorcycle ",0,"No ","Urban ","Sandstorms","Low ",1
"15/03/2022","15:40:00","15:55:00",29,"Meal ",36,4.7,23,"motorcycle ",1,"No ","Metropolitian ","Windy","Medium ",1
"18/03/2022","20:00:00","20:05:00",25,"Snack ",23,4.6,11,"motorcycle ",0,"No ","Metropolitian ","Stormy","Jam ",1
"26/03/2022","22:50:00","22:55:00",15,"Snack ",30,4.6,19,"scooter ",1,"No ","Urban ","Cloudy","Low ",0
"17/02/2022","8:45:00","8:55:00",21,"Snack ",34,4.8,3,"electric_scooter ",2,"No ","Metropolitian ","Sandstorms","Low ",1
"2/03/2022","22:45:00","22:55:00",29,"Meal ",30,4.7,12,"scooter ",1,"No ","Metropolitian ","Fog","Low ",0
"25/03/2022","17:10:00","17:20:00",20,"Meal ",28,4.9,16,"scooter ",2,"No ","Urban ","Windy","Medium ",1
"12/03/2022","20:45:00","20:55:00",35,"Buffet ",20,4.6,16,"motorcycle ",0,"No ","Urban ","Windy","Jam ",1
"18/03/2022","21:50:00","21:55:00",43,"Drinks ",34,4.8,9,"motorcycle ",0,"No ","Metropolitian ","Stormy","Jam ",1
"24/03/2022","19:25:00","19:30:00",27,"Meal ",35,5,22,"motorcycle ",2,"No ","Urban ","Fog","Jam ",1
"24/03/2022","17:50:00","17:55:00",32,"Drinks ",33,5,3,"motorcycle ",0,"No ","Metropolitian ","Fog","Medium ",2
"4/03/2022","21:00:00","21:15:00",49,"Buffet ",27,4.6,22,"motorcycle ",0,"Yes ","Metropolitian ","Fog","Jam ",1
"20/03/2022","17:40:00","17:55:00",27,"Snack ",22,4.7,23,"motorcycle ",2,"No ","Metropolitian ","Fog","Medium ",1
"18/02/2022","18:40:00","18:55:00",27,"Meal ",22,5,21,"motorcycle ",1,"No ","Urban ","Cloudy","Medium ",1
"6/04/2022","18:40:00","18:45:00",18,"Snack ",23,4.8,16,"scooter ",1,"No ","Metropolitian ","Sunny","Medium ",0
"13/03/2022","18:30:00","18:35:00",20,"Buffet ",20,4.8,23,"scooter ",1,"No ","Metropolitian ","Windy","Medium ",1
"10/03/2022","20:15:00","20:30:00",44,"Buffet ",32,4.7,15,"motorcycle ",0,"No ","Metropolitian ","Windy","Jam ",1
"6/03/2022","21:00:00","21:05:00",37,"Meal ",31,4.2,11,"motorcycle ",0,"No ","Metropolitian ","Stormy","Jam ",1
"10/03/2022","21:15:00","21:25:00",35,"Meal ",31,4.3,15,"scooter ",2,"No ","Metropolitian ","Sandstorms","Jam ",1
"20/03/2022","23:20:00","23:30:00",29,"Drinks ",20,4.7,7,"motorcycle ",1,"No ","Metropolitian ","Fog","Low ",1
"1/03/2022","18:40:00","18:55:00",31,"Snack ",38,4.9,19,"motorcycle ",1,"No ","Metropolitian ","Sandstorms","Medium ",1
"16/02/2022","23:55:00","0:10:00",25,"Snack ",28,4.8,23,"motorcycle ",1,"No ","Urban ","Cloudy","Low ",0
"11/03/2022","22:45:00","22:55:00",29,"Snack ",32,4.5,3,"motorcycle ",0,"No ","Urban ","Sandstorms","Low ",0
"31/03/2022","23:35:00","23:45:00",23,"Snack ",29,4.9,22,"motorcycle ",1,"No ","Metropolitian ","Fog","Low ",1
"2/04/2022","20:20:00","20:35:00",42,"Meal ",32,4.4,5,"electric_scooter ",2,"No ","Metropolitian ","Sandstorms","Jam ",0
"17/03/2022","16:10:00","16:20:00",27,"Meal ",35,4.6,9,"motorcycle ",0,"No ","Metropolitian ","Fog","Medium ",1
"16/03/2022","17:55:00","18:10:00",22,"Meal ",36,4.9,12,"scooter ",1,"No ","Metropolitian ","Sandstorms","Medium ",0
"19/03/2022","19:10:00","19:20:00",26,"Meal ",37,4.5,5,"scooter ",1,"No ","Urban ","Sandstorms","Jam ",1
"27/03/2022","21:55:00","22:10:00",27,"Snack ",27,4.7,16,"motorcycle ",1,"No ","Metropolitian ","Windy","Jam ",1
"2/04/2022","18:35:00","18:40:00",19,"Drinks ",29,4.6,21,"scooter ",1,"No ","Metropolitian ","Stormy","Medium ",1
"29/03/2022","21:20:00","21:35:00",41,"Drinks ",36,3.6,3,"motorcycle ",1,"No ","Metropolitian ","Windy","Jam ",2
"18/02/2022","18:45:00","18:55:00",46,"Drinks ",37,4.9,3,"motorcycle ",0,"Yes ","Metropolitian ","Fog","Medium ",2
"13/03/2022","14:45:00","14:55:00",26,"Buffet ",36,4.6,19,"motorcycle ",2,"No ","Metropolitian ","Windy","High ",1
"3/03/2022","22:50:00","23:05:00",29,"Drinks ",32,4.9,12,"motorcycle ",0,"No ","Metropolitian ","Fog","Low ",1
"18/03/2022","18:10:00","18:15:00",37,"Snack ",25,4.4,12,"scooter ",2,"No ","Metropolitian ","Cloudy","Medium ",1
"7/03/2022","14:00:00","14:05:00",21,"Drinks ",20,4.7,13,"motorcycle ",0,"No ","Metropolitian ","Windy","High ",0
"4/03/2022","21:00:00","21:05:00",43,"Drinks ",39,4.6,23,"motorcycle ",1,"No ","Metropolitian ","Stormy","Jam ",1
"17/02/2022","9:10:00","9:20:00",33,"Buffet ",38,4.1,17,"motorcycle ",0,"No ","Metropolitian ","Stormy","Low ",1
"17/03/2022","8:35:00","8:45:00",28,"Drinks ",38,4.1,5,"motorcycle ",0,"No ","Metropolitian ","Stormy","Low ",0
"3/03/2022","18:20:00","18:35:00",17,"Buffet ",34,4.5,17,"motorcycle ",2,"No ","Metropolitian ","Sunny","Medium ",0
"31/03/2022","19:45:00","20:00:00",44,"Buffet ",34,4.3,8,"motorcycle ",0,"Yes ","Metropolitian ","Windy","Jam ",1
"19/03/2022","19:50:00","19:55:00",19,"Drinks ",33,4.6,17,"motorcycle ",1,"No ","Metropolitian ","Sunny","Jam ",0
"17/03/2022","10:20:00","10:35:00",23,"Buffet ",23,4.7,16,"motorcycle ",1,"No ","Urban ","Sunny","Low ",1
"1/04/2022","12:00:00","12:05:00",22,"Snack ",37,4.6,4,"motorcycle ",2,"No ","Urban ","Sunny","High ",1
"23/03/2022","20:45:00","20:55:00",49,"Drinks ",36,4.5,7,"motorcycle ",0,"No ","Metropolitian ","Fog","Jam ",1
"23/03/2022","18:20:00","18:35:00",31,"Meal ",20,4.8,1,"scooter ",1,"No ","Metropolitian ","Fog","Medium ",0
"5/04/2022","14:20:00","14:35:00",18,"Snack ",24,4.9,18,"motorcycle ",1,"No ","Urban ","Sunny","High ",1
"6/04/2022","22:10:00","22:20:00",18,"Snack ",20,4.8,21,"scooter ",2,"No ","Metropolitian ","Windy","Low ",1
"7/03/2022","9:55:00","10:00:00",22,"Meal ",32,4.9,23,"electric_scooter ",2,"No ","Metropolitian ","Windy","Low ",0
"15/03/2022","18:35:00","18:45:00",29,"Meal ",29,4.5,6,"motorcycle ",0,"No ","Urban ","Cloudy","Medium ",1
"24/03/2022","20:30:00","20:35:00",23,"Drinks ",24,4.7,16,"scooter ",2,"No ","Urban ","Windy","Jam ",1
"15/02/2022","20:25:00","20:30:00",30,"Buffet ",23,4.5,4,"motorcycle ",2,"No ","Urban ","Fog","Jam ",1
"28/03/2022","12:00:00","12:10:00",22,"Snack ",24,4.7,17,"scooter ",1,"No ","Urban ","Sandstorms","High ",1
"2/04/2022","21:30:00","21:45:00",39,"Buffet ",26,4.6,13,"motorcycle ",1,"No ","Metropolitian ","Fog","Jam ",1
"14/02/2022","17:50:00","17:55:00",40,"Buffet ",37,4.6,6,"motorcycle ",0,"No ","Metropolitian ","Sandstorms","Medium ",1
"19/03/2022","10:00:00","10:10:00",18,"Buffet ",28,4.8,19,"motorcycle ",2,"No ","Metropolitian ","Sandstorms","Low ",0
"27/03/2022","0:00:00","0:15:00",10,"Drinks ",22,5,23,"scooter ",2,"No ","Metropolitian ","Stormy","Low ",0
"6/03/2022","23:40:00","23:50:00",21,"Buffet ",24,4.8,18,"motorcycle ",0,"No ","Metropolitian ","Sandstorms","Low ",0
"8/03/2022","19:20:00","19:25:00",49,"Drinks ",31,4.9,9,"scooter ",2,"No ","Metropolitian ","Cloudy","Jam ",0
"21/03/2022","11:20:00","11:25:00",17,"Snack ",20,4.6,17,"motorcycle ",1,"No ","Urban ","Stormy","High ",1
"15/02/2022","15:55:00","16:00:00",31,"Meal ",32,4.6,2,"motorcycle ",0,"No ","Metropolitian ","Fog","Medium ",2
"5/03/2022","16:25:00","16:30:00",28,"Snack ",31,4.7,16,"motorcycle ",0,"No ","Urban ","Stormy","Medium ",1
"2/03/2022","20:40:00","20:50:00",33,"Meal ",21,4.3,12,"motorcycle ",0,"No ","Metropolitian ","Sunny","Jam ",1
"11/02/2022","10:55:00","11:10:00",17,"Buffet ",29,4.3,2,"motorcycle ",0,"No ","Urban ","Stormy","Low ",0
"2/04/2022","19:15:00","19:25:00",38,"Snack ",28,4.1,5,"motorcycle ",0,"No ","Metropolitian ","Windy","Jam ",1
"3/04/2022","18:35:00","18:40:00",24,"Drinks ",23,4.7,9,"motorcycle ",0,"No ","Metropolitian ","Sunny","Medium ",1
"4/04/2022","23:10:00","23:25:00",22,"Meal ",28,4.6,23,"motorcycle ",0,"No ","Urban ","Sunny","Low ",1
"2/03/2022","17:15:00","17:25:00",25,"Buffet ",22,4.6,18,"scooter ",2,"No ","Metropolitian ","Fog","Medium ",0
"18/03/2022","17:55:00","18:10:00",31,"Buffet ",30,4,13,"scooter ",2,"No ","Metropolitian ","Fog","Medium ",0
"30/03/2022","19:10:00","19:25:00",19,"Snack ",24,4.6,18,"scooter ",1,"No ","Metropolitian ","Stormy","Jam ",0
"8/03/2022","18:00:00","18:15:00",34,"Meal ",23,4.7,21,"motorcycle ",2,"No ","Urban ","Stormy","Medium ",1
"13/02/2022","22:50:00","23:00:00",26,"Drinks ",34,4.9,4,"scooter ",1,"No ","Metropolitian ","Windy","Low ",1
"30/03/2022","18:25:00","18:40:00",20,"Meal ",26,4.9,17,"motorcycle ",0,"No ","Metropolitian ","Stormy","Medium ",1
"13/03/2022","21:30:00","21:45:00",37,"Buffet ",37,4.4,1,"electric_scooter ",2,"No ","Urban ","Fog","Jam ",1
"6/03/2022","18:10:00","18:15:00",34,"Buffet ",39,4.3,19,"scooter ",1,"No ","Metropolitian ","Stormy","Medium ",2
"15/02/2022","21:35:00","21:50:00",27,"Drinks ",30,5,3,"motorcycle ",0,"No ","Metropolitian ","Sunny","Jam ",1
"4/04/2022","21:55:00","22:00:00",36,"Buffet ",25,4.2,13,"motorcycle ",2,"No ","Metropolitian ","Cloudy","Jam ",1
"16/03/2022","22:25:00","22:40:00",37,"Snack ",39,4.3,23,"motorcycle ",0,"No ","Metropolitian ","Cloudy","Low ",1
"16/02/2022","19:30:00","19:40:00",24,"Buffet ",27,4.5,9,"motorcycle ",1,"No ","Metropolitian ","Stormy","Jam ",0
"16/03/2022","23:40:00","23:45:00",25,"Drinks ",31,4.8,22,"scooter ",2,"No ","Urban ","Cloudy","Low ",1
"15/02/2022","15:15:00","15:25:00",29,"Snack ",39,4.8,7,"motorcycle ",2,"No ","Metropolitian ","Stormy","Medium ",1
"5/04/2022","19:35:00","19:45:00",27,"Drinks ",39,4.7,18,"scooter ",2,"No ","Metropolitian ","Sandstorms","Jam ",1
"5/03/2022","21:55:00","22:05:00",33,"Meal ",30,4.4,16,"scooter ",2,"No ","Metropolitian ","Windy","Jam ",1
"11/02/2022","11:40:00","11:55:00",32,"Drinks ",32,4.3,8,"scooter ",2,"No ","Metropolitian ","Stormy","High ",1
"20/03/2022","21:15:00","21:30:00",26,"Snack ",20,4.9,17,"scooter ",1,"No ","Urban ","Windy","Jam ",0
"4/03/2022","19:50:00","20:00:00",40,"Meal ",32,4.2,11,"scooter ",1,"No ","Metropolitian ","Stormy","Jam ",0
"14/02/2022","20:10:00","20:25:00",21,"Buffet ",23,4.9,2,"scooter ",2,"No ","Metropolitian ","Windy","Jam ",1
"15/02/2022","17:25:00","17:35:00",30,"Buffet ",38,4.9,6,"motorcycle ",0,"No ","Metropolitian ","Stormy","Medium ",1
"3/03/2022","22:40:00","22:55:00",10,"Buffet ",25,4.6,18,"motorcycle ",1,"No ","Urban ","Cloudy","Low ",0
"10/03/2022","17:35:00","17:50:00",27,"Snack ",37,4.5,14,"motorcycle ",1,"No ","Metropolitian ","Sunny","Medium ",1
"11/03/2022","21:45:00","21:55:00",19,"Meal ",20,4.5,21,"scooter ",2,"No ","Metropolitian ","Windy","Jam ",0
"18/03/2022","19:45:00","19:55:00",41,"Meal ",34,3.5,15,"scooter ",1,"No ","Metropolitian ","Stormy","Jam ",1
"13/02/2022","9:55:00","10:00:00",17,"Snack ",25,4.9,17,"motorcycle ",2,"No ","Urban ","Sandstorms","Low ",1
"15/03/2022","23:40:00","23:55:00",10,"Drinks ",28,4.6,23,"motorcycle ",1,"No ","Urban ","Cloudy","Low ",1
"26/03/2022","8:45:00","8:55:00",15,"Drinks ",25,4.9,23,"motorcycle ",0,"No ","Urban ","Sunny","Low ",1
"1/04/2022","18:35:00","18:40:00",21,"Drinks ",24,4.7,23,"scooter ",1,"No ","Metropolitian ","Sandstorms","Medium ",1
"7/03/2022","13:15:00","13:30:00",24,"Drinks ",26,4.7,22,"motorcycle ",0,"No ","Metropolitian ","Stormy","High ",1
"4/04/2022","18:50:00","19:00:00",24,"Snack ",20,4.6,23,"electric_scooter ",2,"No ","Metropolitian ","Stormy","Medium ",1
"10/03/2022","18:40:00","18:45:00",44,"Meal ",36,4.4,14,"scooter ",1,"No ","Metropolitian ","Cloudy","Medium ",1
"7/03/2022","23:40:00","23:50:00",19,"Snack ",24,4.6,23,"motorcycle ",2,"No ","Urban ","Windy","Low ",1
"15/03/2022","18:30:00","18:40:00",15,"Meal ",25,4.8,23,"motorcycle ",0,"No ","Metropolitian ","Stormy","Medium ",0
"2/03/2022","22:30:00","22:40:00",20,"Drinks ",23,4.6,21,"scooter ",1,"No ","Urban ","Cloudy","Low ",1
"3/03/2022","17:55:00","18:10:00",26,"Meal ",23,4.6,23,"motorcycle ",0,"No ","Metropolitian ","Fog","Medium ",1
"4/03/2022","23:25:00","23:30:00",38,"Snack ",33,4.7,12,"motorcycle ",0,"No ","Metropolitian ","Fog","Low ",1
"5/04/2022","23:15:00","23:25:00",23,"Drinks ",30,4.7,18,"motorcycle ",0,"No ","Metropolitian ","Fog","Low ",1
"10/03/2022","19:30:00","19:45:00",30,"Meal ",29,4.6,12,"scooter ",1,"No ","Metropolitian ","Fog","Jam ",1
"2/04/2022","23:25:00","23:35:00",17,"Snack ",33,4.6,17,"electric_scooter ",2,"No ","Urban ","Sandstorms","Low ",1
"23/03/2022","20:15:00","20:25:00",39,"Drinks ",23,5,9,"motorcycle ",0,"No ","Metropolitian ","Sandstorms","Jam ",2
"4/04/2022","22:55:00","23:05:00",42,"Meal ",34,4.2,3,"motorcycle ",0,"No ","Metropolitian ","Fog","Low ",1
"5/03/2022","12:10:00","12:20:00",33,"Meal ",31,4.3,14,"motorcycle ",1,"No ","Metropolitian ","Stormy","High ",1
"11/03/2022","12:10:00","12:25:00",27,"Buffet ",27,4.6,23,"motorcycle ",0,"No ","Metropolitian ","Sandstorms","High ",1
"24/03/2022","22:00:00","22:10:00",28,"Meal ",31,4.9,21,"scooter ",2,"No ","Metropolitian ","Cloudy","Jam ",1
"9/03/2022","23:50:00","23:55:00",16,"Buffet ",37,4.5,17,"scooter ",2,"No ","Metropolitian ","Fog","Low ",0
"15/03/2022","16:10:00","16:20:00",22,"Snack ",28,4.8,9,"motorcycle ",0,"No ","Metropolitian ","Stormy","Medium ",0
"3/04/2022","22:30:00","22:45:00",16,"Buffet ",28,4.8,22,"scooter ",1,"No ","Urban ","Fog","Low ",1
"13/03/2022","8:10:00","8:25:00",19,"Snack ",25,4.6,23,"motorcycle ",2,"No ","Urban ","Fog","Low ",1
"2/04/2022","18:30:00","18:45:00",30,"Meal ",31,4.9,12,"motorcycle ",1,"No ","Metropolitian ","Stormy","Medium ",1
"17/03/2022","12:20:00","12:35:00",34,"Snack ",34,4,9,"motorcycle ",1,"No ","Metropolitian ","Sandstorms","High ",0
"13/03/2022","23:30:00","23:40:00",10,"Snack ",26,4.5,6,"motorcycle ",2,"No ","Urban ","Sandstorms","Low ",0
"15/03/2022","14:55:00","15:00:00",27,"Buffet ",29,4.7,14,"motorcycle ",0,"No ","Metropolitian ","Cloudy","High ",0
"14/02/2022","21:45:00","21:55:00",33,"Snack ",22,5,2,"scooter ",1,"No ","Metropolitian ","Stormy","Jam ",2
"11/03/2022","19:55:00","20:05:00",28,"Drinks ",37,4.5,2,"scooter ",2,"No ","Urban ","Fog","Jam ",0
"29/03/2022","21:20:00","21:30:00",28,"Snack ",36,4.6,17,"motorcycle ",0,"No ","Metropolitian ","Sunny","Jam ",1
"31/03/2022","21:00:00","21:05:00",26,"Drinks ",25,4.8,19,"motorcycle ",0,"No ","Metropolitian ","Sandstorms","Jam ",1
"21/03/2022","11:35:00","11:45:00",37,"Snack ",34,4.3,7,"scooter ",2,"No ","Metropolitian ","Cloudy","High ",0
"25/03/2022","21:45:00","22:00:00",26,"Snack ",39,4.7,19,"scooter ",2,"No ","Metropolitian ","Stormy","Jam ",1
"18/03/2022","22:30:00","22:40:00",33,"Meal ",39,4.4,12,"scooter ",2,"No ","Metropolitian ","Cloudy","Low ",1
"18/03/2022","23:35:00","23:45:00",27,"Meal ",33,4.7,2,"scooter ",1,"No ","Metropolitian ","Cloudy","Low ",1
"30/03/2022","8:20:00","8:30:00",28,"Drinks ",32,4.5,22,"motorcycle ",0,"No ","Metropolitian ","Sandstorms","Low ",1
"21/03/2022","20:55:00","21:05:00",37,"Drinks ",28,4.4,5,"motorcycle ",0,"No ","Metropolitian ","Sandstorms","Jam ",1
"13/02/2022","18:50:00","19:05:00",28,"Snack ",37,4.7,5,"motorcycle ",0,"No ","Metropolitian ","Stormy","Medium ",1
"3/04/2022","10:40:00","10:50:00",20,"Snack ",34,4.7,19,"motorcycle ",0,"No ","Metropolitian ","Fog","Low ",1
"6/03/2022","22:10:00","22:25:00",27,"Buffet ",35,4.9,14,"scooter ",1,"No ","Metropolitian ","Fog","Low ",1
"11/03/2022","10:15:00","10:20:00",12,"Meal ",27,4.9,23,"scooter ",1,"No ","Metropolitian ","Windy","Low ",0
"17/02/2022","11:15:00","11:25:00",42,"Drinks ",39,4.8,3,"motorcycle ",0,"Yes ","Metropolitian ","Sandstorms","High ",0
"4/03/2022","22:35:00","22:50:00",19,"Buffet ",35,4.9,23,"motorcycle ",2,"No ","Urban ","Stormy","Low ",1
"17/03/2022","21:20:00","21:30:00",25,"Meal ",32,4.6,4,"scooter ",2,"No ","Metropolitian ","Fog","Jam ",0
"14/03/2022","21:15:00","21:30:00",10,"Meal ",27,5,18,"motorcycle ",2,"No ","Urban ","Sunny","Jam ",0
"14/03/2022","19:30:00","19:45:00",39,"Buffet ",36,4.1,3,"motorcycle ",1,"No ","Metropolitian ","Cloudy","Jam ",1
"5/03/2022","9:20:00","9:25:00",19,"Snack ",27,4.4,15,"motorcycle ",0,"No ","Metropolitian ","Sunny","Low ",1
"30/03/2022","8:10:00","8:15:00",13,"Snack ",38,4.8,23,"motorcycle ",2,"No ","Metropolitian ","Sunny","Low ",1
"28/03/2022","15:20:00","15:30:00",33,"Snack ",32,5,2,"scooter ",1,"No ","Metropolitian ","Sandstorms","Medium ",1
"12/03/2022","23:20:00","23:25:00",25,"Snack ",31,5,12,"motorcycle ",1,"No ","Metropolitian ","Cloudy","Low ",1
"16/02/2022","21:00:00","21:10:00",30,"Meal ",34,5,3,"scooter ",1,"No ","Metropolitian ","Stormy","Jam ",1
"13/02/2022","20:55:00","21:10:00",31,"Meal ",32,4.7,4,"scooter ",2,"No ","Metropolitian ","Sandstorms","Jam ",1
"31/03/2022","20:35:00","20:40:00",42,"Drinks ",25,4.9,6,"motorcycle ",0,"No ","Metropolitian ","Fog","Jam ",2
"31/03/2022","20:10:00","20:20:00",39,"Meal ",31,4.8,1,"motorcycle ",0,"No ","Metropolitian ","Sunny","Jam ",2
"30/03/2022","22:25:00","22:40:00",15,"Drinks ",29,4.2,23,"motorcycle ",0,"No ","Metropolitian ","Stormy","Low ",1
"17/03/2022","14:15:00","14:25:00",30,"Snack ",38,4.8,23,"scooter ",2,"No ","Metropolitian ","Windy","High ",1
"11/03/2022","20:20:00","20:25:00",31,"Buffet ",32,4.1,7,"motorcycle ",0,"No ","Metropolitian ","Stormy","Jam ",1
"4/03/2022","22:55:00","23:05:00",26,"Drinks ",28,5,18,"motorcycle ",2,"No ","Metropolitian ","Sunny","Low ",0
"27/03/2022","20:15:00","20:25:00",37,"Drinks ",30,4.5,9,"electric_scooter ",2,"No ","Metropolitian ","Stormy","Jam ",1
"21/03/2022","21:50:00","22:05:00",25,"Drinks ",27,4.9,13,"motorcycle ",2,"No ","Metropolitian ","Cloudy","Jam ",0
"20/03/2022","17:40:00","17:55:00",34,"Buffet ",30,4,13,"electric_scooter ",2,"No ","Metropolitian ","Cloudy","Medium ",0
"1/03/2022","18:30:00","18:35:00",26,"Drinks ",38,4.8,14,"motorcycle ",0,"No ","Metropolitian ","Sunny","Medium ",1
"31/03/2022","23:55:00","0:05:00",24,"Meal ",27,4.7,5,"motorcycle ",0,"No ","Urban ","Windy","Low ",0
"13/02/2022","23:55:00","0:05:00",18,"Drinks ",36,4.7,9,"scooter ",1,"No ","Metropolitian ","Fog","Low ",1
"13/03/2022","21:00:00","21:15:00",33,"Snack ",33,4.7,19,"scooter ",1,"No ","Metropolitian ","Stormy","Jam ",2
"18/02/2022","22:35:00","22:45:00",17,"Drinks ",26,5,21,"scooter ",1,"No ","Urban ","Stormy","Low ",0
"23/03/2022","21:55:00","22:10:00",34,"Snack ",20,4.4,9,"motorcycle ",2,"No ","Metropolitian ","Fog","Jam ",1
"9/03/2022","8:10:00","8:25:00",15,"Snack ",37,4.8,23,"scooter ",1,"No ","Urban ","Stormy","Low ",1
"11/03/2022","12:15:00","12:25:00",30,"Meal ",34,4.9,17,"motorcycle ",1,"No ","Metropolitian ","Stormy","High ",1
"16/02/2022","20:50:00","20:55:00",44,"Drinks ",37,4.2,4,"electric_scooter ",2,"No ","Metropolitian ","Fog","Jam ",0
"6/03/2022","23:40:00","23:45:00",22,"Drinks ",20,4.6,17,"scooter ",1,"No ","Urban ","Stormy","Low ",1
"18/02/2022","23:20:00","23:25:00",27,"Drinks ",24,4.9,4,"motorcycle ",0,"No ","Metropolitian ","Sunny","Low ",0
"31/03/2022","21:30:00","21:45:00",53,"Snack ",38,4.3,2,"motorcycle ",0,"No ","Metropolitian ","Windy","Jam ",2
"17/03/2022","16:20:00","16:35:00",15,"Buffet ",30,4.9,23,"scooter ",1,"No ","Metropolitian ","Fog","Medium ",1
"6/04/2022","22:15:00","22:25:00",31,"Meal ",35,3.7,6,"scooter ",2,"No ","Metropolitian ","Fog","Low ",1
"31/03/2022","19:10:00","19:20:00",36,"Meal ",37,4.4,15,"scooter ",1,"No ","Metropolitian ","Windy","Jam ",0
"30/03/2022","22:15:00","22:30:00",21,"Drinks ",22,4.2,15,"motorcycle ",0,"No ","Metropolitian ","Sandstorms","Low ",0
"24/03/2022","8:55:00","9:00:00",13,"Buffet ",24,4.9,9,"motorcycle ",2,"No ","Metropolitian ","Windy","Low ",0
"5/04/2022","11:40:00","11:45:00",22,"Snack ",26,4.9,22,"scooter ",1,"No ","Metropolitian ","Sandstorms","High ",1
"21/03/2022","12:55:00","13:10:00",21,"Meal ",23,4.6,18,"motorcycle ",0,"No ","Metropolitian ","Fog","High ",1
"15/03/2022","10:10:00","10:15:00",28,"Buffet ",38,4.9,16,"motorcycle ",0,"No ","Urban ","Fog","Low ",1
"11/03/2022","21:35:00","21:45:00",28,"Snack ",39,4.8,21,"motorcycle ",2,"No ","Metropolitian ","Windy","Jam ",0
"17/03/2022","21:00:00","21:10:00",32,"Buffet ",36,4.8,22,"electric_scooter ",2,"No ","Metropolitian ","Windy","Jam ",1
"3/04/2022","23:10:00","23:25:00",22,"Drinks ",27,4.3,9,"motorcycle ",0,"No ","Metropolitian ","Sandstorms","Low ",1
"27/03/2022","21:10:00","21:15:00",31,"Buffet ",21,4.8,22,"motorcycle ",0,"No ","Urban ","Windy","Jam ",1
"1/03/2022","23:00:00","23:15:00",28,"Snack ",32,4.8,16,"scooter ",2,"No ","Urban ","Sandstorms","Low ",1
"11/02/2022","14:10:00","14:15:00",29,"Drinks ",28,4.8,3,"motorcycle ",0,"No ","Metropolitian ","Stormy","High ",1
"21/03/2022","9:35:00","9:40:00",25,"Snack ",25,4.2,9,"motorcycle ",0,"No ","Metropolitian ","Sandstorms","Low ",0
"18/02/2022","18:20:00","18:35:00",15,"Buffet ",23,4.8,19,"electric_scooter ",2,"No ","Urban ","Sandstorms","Medium ",0
"5/03/2022","19:10:00","19:15:00",31,"Buffet ",34,4.7,14,"motorcycle ",1,"No ","Metropolitian ","Fog","Jam ",0
"15/03/2022","11:30:00","11:35:00",30,"Buffet ",36,4.9,16,"electric_scooter ",2,"No ","Metropolitian ","Cloudy","High ",1
"24/03/2022","19:00:00","19:05:00",18,"Meal ",31,4.8,12,"electric_scooter ",2,"No ","Metropolitian ","Fog","Medium ",1
"30/03/2022","11:35:00","11:40:00",31,"Drinks ",20,4.1,5,"motorcycle ",0,"No ","Metropolitian ","Sandstorms","High ",1
"18/02/2022","23:50:00","23:55:00",28,"Drinks ",32,4.8,18,"motorcycle ",0,"No ","Urban ","Stormy","Low ",1
"9/03/2022","13:55:00","14:05:00",27,"Meal ",25,4.6,23,"scooter ",2,"No ","Urban ","Stormy","High ",1
"14/03/2022","18:45:00","19:00:00",31,"Buffet ",23,4.7,23,"scooter ",1,"No ","Urban ","Fog","Medium ",1
"29/03/2022","20:35:00","20:45:00",39,"Meal ",37,4.5,7,"motorcycle ",2,"No ","Metropolitian ","Windy","Jam ",2
"27/03/2022","20:25:00","20:40:00",18,"Buffet ",22,4.6,18,"scooter ",1,"No ","Urban ","Windy","Jam ",1
"6/03/2022","17:20:00","17:35:00",43,"Buffet ",32,4.7,16,"motorcycle ",0,"No ","Metropolitian ","Sunny","Medium ",1
"12/02/2022","17:25:00","17:35:00",38,"Drinks ",20,4.2,4,"scooter ",2,"No ","Metropolitian ","Fog","Medium ",2
"1/04/2022","20:15:00","20:30:00",28,"Buffet ",33,5,22,"motorcycle ",1,"No ","Metropolitian ","Cloudy","Jam ",0
"17/03/2022","18:00:00","18:05:00",27,"Buffet ",22,4.7,23,"motorcycle ",1,"No ","Metropolitian ","Sandstorms","Medium ",1
"9/03/2022","14:10:00","14:15:00",33,"Buffet ",30,4.6,13,"motorcycle ",2,"No ","Metropolitian ","Windy","High ",2
"13/02/2022","10:30:00","10:45:00",26,"Drinks ",31,4.9,9,"motorcycle ",0,"No ","Metropolitian ","Sunny","Low ",0
"18/02/2022","20:10:00","20:25:00",16,"Snack ",22,4.9,3,"motorcycle ",1,"No ","Metropolitian ","Sandstorms","Jam ",0
"24/03/2022","9:25:00","9:35:00",10,"Snack ",20,4.7,15,"scooter ",1,"No ","Urban ","Cloudy","Low ",0
"28/03/2022","8:25:00","8:40:00",19,"Meal ",26,4.6,16,"motorcycle ",0,"No ","Metropolitian ","Sunny","Low ",0
"1/04/2022","11:25:00","11:35:00",41,"Meal ",31,4.9,12,"motorcycle ",0,"No ","Metropolitian ","Windy","High ",0
"24/03/2022","21:30:00","21:45:00",25,"Buffet ",36,4.6,14,"scooter ",1,"No ","Metropolitian ","Cloudy","Jam ",0
"12/03/2022","21:40:00","21:50:00",45,"Meal ",35,4.8,12,"motorcycle ",0,"No ","Metropolitian ","Fog","Jam ",0
"13/02/2022","20:10:00","20:15:00",29,"Buffet ",35,4.7,3,"electric_scooter ",2,"No ","Metropolitian ","Stormy","Jam ",1
"12/03/2022","21:10:00","21:20:00",36,"Buffet ",28,4.8,19,"motorcycle ",0,"No ","Urban ","Fog","Jam ",1
"20/03/2022","20:15:00","20:30:00",19,"Drinks ",24,5,23,"scooter ",2,"No ","Urban ","Stormy","Jam ",0
"6/04/2022","23:00:00","23:15:00",22,"Drinks ",21,4.9,19,"motorcycle ",0,"No ","Metropolitian ","Fog","Low ",1
"3/03/2022","22:00:00","22:15:00",29,"Buffet ",31,4.7,23,"scooter ",2,"No ","Metropolitian ","Windy","Jam ",1
"30/03/2022","14:00:00","14:05:00",26,"Snack ",30,4.5,1,"motorcycle ",1,"No ","Urban ","Fog","High ",0
"17/03/2022","20:30:00","20:35:00",16,"Buffet ",38,4.6,13,"motorcycle ",1,"No ","Metropolitian ","Sunny","Jam ",0
"19/03/2022","10:25:00","10:35:00",12,"Buffet ",25,4.6,19,"motorcycle ",2,"No ","Urban ","Stormy","Low ",0
"15/03/2022","18:35:00","18:45:00",29,"Meal ",29,4.5,6,"motorcycle ",0,"No ","Urban ","Cloudy","Medium ",1
"13/03/2022","21:40:00","21:55:00",32,"Snack ",34,4,6,"scooter ",2,"No ","Metropolitian ","Sandstorms","Jam ",0
"5/03/2022","13:00:00","13:05:00",18,"Buffet ",32,4.8,15,"motorcycle ",2,"No ","Urban ","Sandstorms","High ",1
"17/03/2022","13:55:00","14:00:00",15,"Buffet ",36,4.7,17,"scooter ",1,"No ","Urban ","Sunny","High ",1
"17/03/2022","17:45:00","18:00:00",32,"Meal ",30,4.7,19,"scooter ",2,"No ","Metropolitian ","Sandstorms","Medium ",1
"16/03/2022","21:10:00","21:15:00",15,"Drinks ",29,5,18,"motorcycle ",2,"No ","Metropolitian ","Sandstorms","Jam ",0
"25/03/2022","19:15:00","19:25:00",41,"Meal ",35,4.2,8,"motorcycle ",1,"No ","Metropolitian ","Stormy","Jam ",1
"16/03/2022","22:20:00","22:35:00",44,"Snack ",33,4.9,18,"motorcycle ",0,"No ","Metropolitian ","Cloudy","Low ",0
"11/02/2022","9:20:00","9:25:00",21,"Meal ",29,4.4,9,"motorcycle ",0,"No ","Metropolitian ","Windy","Low ",1
"6/04/2022","21:50:00","21:55:00",54,"Snack ",31,4.9,15,"motorcycle ",0,"No ","Metropolitian ","Fog","Jam ",0
"1/04/2022","11:20:00","11:30:00",19,"Buffet ",25,4.7,17,"motorcycle ",0,"No ","Urban ","Windy","High ",0
"5/04/2022","20:10:00","20:15:00",35,"Snack ",30,4.8,16,"scooter ",2,"No ","Metropolitian ","Fog","Jam ",1
"26/03/2022","21:55:00","22:10:00",32,"Buffet ",38,4.6,18,"motorcycle ",0,"No ","Urban ","Cloudy","Jam ",1
"31/03/2022","23:20:00","23:35:00",22,"Buffet ",34,4.7,6,"electric_scooter ",2,"No ","Urban ","Sandstorms","Low ",0
"31/03/2022","18:45:00","18:50:00",35,"Meal ",36,4.8,4,"motorcycle ",1,"No ","Urban ","Fog","Medium ",1
"24/03/2022","23:25:00","23:30:00",19,"Meal ",20,4.9,23,"electric_scooter ",2,"No ","Urban ","Sandstorms","Low ",1
"12/03/2022","21:00:00","21:15:00",36,"Buffet ",23,4.3,14,"motorcycle ",0,"No ","Metropolitian ","Stormy","Jam ",2
"18/03/2022","20:15:00","20:30:00",15,"Meal ",25,4.7,7,"scooter ",1,"No ","Metropolitian ","Sandstorms","Jam ",1
"6/04/2022","19:00:00","19:15:00",35,"Drinks ",33,4.6,19,"motorcycle ",1,"No ","Metropolitian ","Cloudy","Medium ",1
"5/03/2022","20:20:00","20:35:00",33,"Drinks ",30,4.7,23,"scooter ",1,"No ","Metropolitian ","Sunny","Jam ",1
"19/03/2022","23:10:00","23:25:00",26,"Meal ",30,4.7,5,"motorcycle ",0,"No ","Metropolitian ","Fog","Low ",1
"18/02/2022","23:40:00","23:55:00",21,"Drinks ",22,4.6,7,"motorcycle ",0,"No ","Metropolitian ","Fog","Low ",1
"2/03/2022","19:10:00","19:15:00",34,"Snack ",22,5,18,"motorcycle ",0,"No ","Metropolitian ","Sunny","Jam ",0
"19/03/2022","12:15:00","12:30:00",23,"Snack ",22,4.8,9,"motorcycle ",0,"No ","Metropolitian ","Fog","High ",1
"5/03/2022","17:55:00","18:05:00",19,"Snack ",34,4.5,23,"scooter ",1,"No ","Metropolitian ","Fog","Medium ",0
"1/04/2022","11:55:00","12:00:00",15,"Drinks ",22,4.7,9,"scooter ",1,"No ","Metropolitian ","Sunny","High ",1
"9/03/2022","10:45:00","10:50:00",19,"Drinks ",32,4.7,9,"scooter ",1,"No ","Metropolitian ","Fog","Low ",1
"18/03/2022","19:10:00","19:15:00",23,"Buffet ",28,4.7,4,"electric_scooter ",2,"No ","Metropolitian ","Windy","Jam ",1
"10/03/2022","19:30:00","19:35:00",33,"Drinks ",23,4.6,12,"motorcycle ",0,"No ","Metropolitian ","Sandstorms","Jam ",1
"15/02/2022","19:45:00","20:00:00",37,"Drinks ",23,4.4,3,"motorcycle ",0,"No ","Metropolitian ","Sandstorms","Jam ",1
"8/03/2022","20:20:00","20:25:00",35,"Buffet ",33,4.1,8,"scooter ",2,"No ","Metropolitian ","Windy","Jam ",1
"18/03/2022","17:10:00","17:25:00",28,"Meal ",23,4.7,9,"motorcycle ",0,"No ","Metropolitian ","Stormy","Medium ",1
"4/04/2022","17:50:00","17:55:00",41,"Buffet ",37,4.6,13,"scooter ",2,"No ","Metropolitian ","Fog","Medium ",1
"17/03/2022","12:00:00","12:15:00",36,"Buffet ",31,5,23,"motorcycle ",1,"No ","Metropolitian ","Fog","High ",1
"19/03/2022","10:55:00","11:00:00",17,"Drinks ",29,4.5,9,"scooter ",2,"No ","Metropolitian ","Fog","Low ",1
"16/03/2022","19:30:00","19:40:00",39,"Snack ",23,4,5,"scooter ",1,"No ","Urban ","Cloudy","Jam ",1
"17/03/2022","21:25:00","21:30:00",34,"Buffet ",31,4.7,15,"motorcycle ",0,"No ","Metropolitian ","Cloudy","Jam ",1
"6/04/2022","18:00:00","18:15:00",18,"Buffet ",37,4.8,22,"motorcycle ",2,"No ","Urban ","Sunny","Medium ",1
"3/03/2022","17:55:00","18:05:00",27,"Drinks ",38,4.9,16,"motorcycle ",0,"No ","Urban ","Cloudy","Medium ",0
"23/03/2022","22:50:00","23:05:00",25,"Meal ",34,4.7,23,"motorcycle ",0,"No ","Metropolitian ","Sunny","Low ",0
"6/04/2022","23:45:00","0:00:00",16,"Snack ",29,4.6,18,"motorcycle ",0,"No ","Metropolitian ","Stormy","Low ",0
"27/03/2022","22:40:00","22:50:00",22,"Drinks ",24,4.7,18,"motorcycle ",0,"No ","Metropolitian ","Fog","Low ",1
"7/03/2022","23:10:00","23:20:00",15,"Drinks ",29,4.7,9,"motorcycle ",1,"No ","Metropolitian ","Sunny","Low ",1
"1/03/2022","16:30:00","16:45:00",29,"Meal ",33,4.9,6,"scooter ",2,"No ","Metropolitian ","Sandstorms","Medium ",1
"3/04/2022","18:25:00","18:35:00",39,"Meal ",32,4,2,"motorcycle ",0,"No ","Metropolitian ","Sandstorms","Medium ",2
"26/03/2022","21:30:00","21:35:00",34,"Meal ",35,5,11,"motorcycle ",1,"No ","Metropolitian ","Sandstorms","Jam ",0
"20/03/2022","18:45:00","19:00:00",37,"Drinks ",30,5,13,"motorcycle ",0,"No ","Metropolitian ","Sunny","Medium ",1
"25/03/2022","17:35:00","17:50:00",23,"Buffet ",22,4.8,22,"electric_scooter ",2,"No ","Metropolitian ","Stormy","Medium ",1
"13/02/2022","23:20:00","23:25:00",17,"Buffet ",22,4.6,5,"scooter ",1,"No ","Metropolitian ","Windy","Low ",1
"7/03/2022","11:00:00","11:05:00",17,"Snack ",20,4.7,22,"electric_scooter ",2,"No ","Urban ","Windy","Low ",1
"27/03/2022","17:30:00","17:40:00",43,"Meal ",30,4.4,6,"motorcycle ",0,"Yes ","Metropolitian ","Windy","Medium ",1
"1/03/2022","23:20:00","23:30:00",16,"Snack ",22,4.2,4,"motorcycle ",0,"No ","Urban ","Stormy","Low ",1
"15/03/2022","10:55:00","11:10:00",22,"Drinks ",23,4.7,15,"motorcycle ",0,"No ","Urban ","Fog","Low ",0
"14/03/2022","22:35:00","22:50:00",26,"Snack ",23,4.8,23,"motorcycle ",1,"No ","Metropolitian ","Fog","Low ",0
"21/03/2022","10:50:00","11:05:00",27,"Drinks ",32,4.6,21,"motorcycle ",1,"No ","Metropolitian ","Stormy","Low ",1
"6/03/2022","19:00:00","19:10:00",21,"Meal ",23,4.8,13,"motorcycle ",1,"No ","Metropolitian ","Windy","Medium ",1
"8/03/2022","17:25:00","17:40:00",36,"Snack ",22,4.1,8,"motorcycle ",2,"No ","Metropolitian ","Sunny","Medium ",1
"23/03/2022","22:50:00","23:00:00",39,"Snack ",31,4.7,1,"motorcycle ",0,"No ","Metropolitian ","Fog","Low ",1
"3/03/2022","11:20:00","11:35:00",26,"Drinks ",36,4.8,21,"scooter ",2,"No ","Urban ","Cloudy","High ",0
"4/03/2022","22:45:00","22:50:00",22,"Meal ",34,4.5,3,"motorcycle ",0,"No ","Urban ","Stormy","Low ",0
"18/03/2022","17:55:00","18:10:00",46,"Snack ",33,4.6,9,"motorcycle ",0,"No ","Metropolitian ","Windy","Medium ",1
"8/03/2022","22:35:00","22:50:00",21,"Meal ",29,4.7,13,"motorcycle ",0,"No ","Metropolitian ","Sunny","Low ",1
"28/03/2022","10:40:00","10:45:00",28,"Meal ",36,4.6,19,"scooter ",2,"No ","Urban ","Stormy","Low ",1
"3/04/2022","21:45:00","21:55:00",21,"Meal ",20,4.7,23,"scooter ",1,"No ","Metropolitian ","Sandstorms","Jam ",1
"13/03/2022","20:45:00","21:00:00",30,"Buffet ",21,4.6,23,"motorcycle ",0,"No ","Urban ","Windy","Jam ",1
"16/02/2022","23:35:00","23:45:00",27,"Buffet ",34,4.9,3,"motorcycle ",1,"No ","Metropolitian ","Stormy","Low ",1
"5/04/2022","12:00:00","12:10:00",31,"Snack ",21,4.1,1,"scooter ",1,"No ","Metropolitian ","Fog","High ",1
"2/04/2022","18:45:00","18:50:00",31,"Meal ",22,4.2,3,"scooter ",2,"No ","Metropolitian ","Fog","Medium ",1
"9/03/2022","9:35:00","9:40:00",27,"Meal ",38,4,13,"motorcycle ",0,"No ","Metropolitian ","Windy","Low ",1
"14/02/2022","17:45:00","17:50:00",40,"Snack ",34,4.5,3,"motorcycle ",0,"No ","Metropolitian ","Stormy","Medium ",1
"7/03/2022","12:55:00","13:05:00",11,"Buffet ",23,4.7,23,"scooter ",1,"No ","Metropolitian ","Sunny","High ",0
"1/03/2022","8:15:00","8:30:00",13,"Meal ",23,4.6,15,"motorcycle ",1,"No ","Urban ","Stormy","Low ",0
"4/04/2022","20:15:00","20:30:00",31,"Meal ",22,4.4,1,"motorcycle ",2,"No ","Metropolitian ","Cloudy","Jam ",1
"3/04/2022","22:00:00","22:15:00",39,"Meal ",31,4.9,22,"motorcycle ",0,"No ","Urban ","Sandstorms","Jam ",2
"17/02/2022","10:00:00","10:10:00",21,"Buffet ",39,5,22,"motorcycle ",0,"No ","Urban ","Cloudy","Low ",0
"25/03/2022","22:35:00","22:40:00",25,"Drinks ",31,4.7,23,"motorcycle ",0,"No ","Metropolitian ","Stormy","Low ",1
"7/03/2022","22:25:00","22:35:00",11,"Drinks ",23,4.5,1,"motorcycle ",1,"No ","Urban ","Stormy","Low ",0
"3/04/2022","20:25:00","20:30:00",25,"Snack ",36,4.6,9,"scooter ",1,"No ","Metropolitian ","Sandstorms","Jam ",1
"17/02/2022","21:30:00","21:45:00",33,"Snack ",30,4.9,6,"motorcycle ",0,"No ","Metropolitian ","Fog","Jam ",1
"18/03/2022","21:40:00","21:45:00",39,"Snack ",31,4.5,19,"electric_scooter ",2,"No ","Metropolitian ","Sandstorms","Jam ",1
"30/03/2022","8:10:00","8:25:00",19,"Drinks ",22,4.9,6,"scooter ",1,"No ","Urban ","Stormy","Low ",0
"23/03/2022","21:35:00","21:40:00",44,"Meal ",38,4.7,11,"motorcycle ",0,"No ","Metropolitian ","Fog","Jam ",2
"10/03/2022","21:35:00","21:45:00",38,"Meal ",35,4.9,13,"electric_scooter ",2,"No ","Metropolitian ","Fog","Jam ",1
"21/03/2022","23:00:00","23:05:00",16,"Snack ",26,4.6,23,"motorcycle ",0,"No ","Metropolitian ","Fog","Low ",0
"13/02/2022","15:30:00","15:40:00",23,"Drinks ",30,4.9,19,"electric_scooter ",2,"No ","Urban ","Sunny","Medium ",1
"27/03/2022","21:15:00","21:20:00",36,"Buffet ",39,3.9,9,"electric_scooter ",2,"No ","Metropolitian ","Sandstorms","Jam ",2
"26/03/2022","18:15:00","18:30:00",19,"Snack ",20,4.8,21,"motorcycle ",2,"No ","Urban ","Cloudy","Medium ",0
"1/03/2022","21:00:00","21:05:00",21,"Drinks ",36,4.6,19,"motorcycle ",0,"No ","Urban ","Sunny","Jam ",0
"13/03/2022","21:45:00","21:50:00",30,"Buffet ",30,4.9,21,"scooter ",2,"No ","Metropolitian ","Fog","Jam ",0
"18/02/2022","17:55:00","18:00:00",31,"Snack ",32,4.8,5,"motorcycle ",1,"No ","Metropolitian ","Fog","Medium ",1
"23/03/2022","22:45:00","23:00:00",16,"Drinks ",22,4.9,16,"motorcycle ",0,"No ","Metropolitian ","Windy","Low ",1
"14/02/2022","18:35:00","18:45:00",21,"Meal ",20,4.6,7,"motorcycle ",0,"No ","Metropolitian ","Windy","Medium ",0
"29/03/2022","20:55:00","21:00:00",24,"Buffet ",22,4.7,9,"scooter ",2,"No ","Metropolitian ","Sunny","Jam ",1
"15/03/2022","21:00:00","21:15:00",36,"Meal ",30,4.6,23,"motorcycle ",1,"No ","Metropolitian ","Cloudy","Jam ",0
"29/03/2022","21:40:00","21:45:00",42,"Snack ",25,4.1,5,"motorcycle ",1,"No ","Metropolitian ","Fog","Jam ",1
"2/04/2022","17:45:00","18:00:00",33,"Buffet ",32,3.7,9,"scooter ",2,"No ","Metropolitian ","Stormy","Medium ",2
"23/03/2022","17:10:00","17:25:00",16,"Snack ",22,4.6,19,"scooter ",1,"No ","Urban ","Windy","Medium ",0
"26/03/2022","10:25:00","10:40:00",20,"Buffet ",27,4.9,9,"scooter ",2,"No ","Metropolitian ","Sunny","Low ",0
"19/03/2022","8:55:00","9:10:00",12,"Meal ",25,4.9,17,"scooter ",1,"No ","Urban ","Cloudy","Low ",1
"29/03/2022","21:10:00","21:25:00",25,"Meal ",32,5,16,"scooter ",1,"No ","Metropolitian ","Sandstorms","Jam ",0
"16/02/2022","21:00:00","21:10:00",38,"Buffet ",32,4.1,12,"scooter ",1,"No ","Metropolitian ","Stormy","Jam ",1
"1/03/2022","18:25:00","18:35:00",17,"Buffet ",20,4.7,19,"motorcycle ",2,"No ","Urban ","Fog","Medium ",0
"10/03/2022","17:40:00","17:45:00",28,"Drinks ",26,4.7,12,"motorcycle ",0,"No ","Metropolitian ","Windy","Medium ",1
"15/02/2022","22:40:00","22:45:00",24,"Buffet ",36,4.6,2,"scooter ",2,"No ","Metropolitian ","Windy","Low ",1
"17/03/2022","15:45:00","16:00:00",28,"Buffet ",36,4.6,3,"motorcycle ",0,"No ","Metropolitian ","Fog","Medium ",0
"13/03/2022","21:40:00","21:50:00",37,"Meal ",38,4.8,15,"scooter ",1,"No ","Metropolitian ","Fog","Jam ",1
"20/03/2022","22:45:00","22:55:00",25,"Drinks ",21,5,15,"motorcycle ",0,"No ","Metropolitian ","Sunny","Low ",1
"5/03/2022","8:30:00","8:40:00",18,"Snack ",21,4.8,19,"motorcycle ",1,"No ","Metropolitian ","Windy","Low ",0
"11/02/2022","14:15:00","14:20:00",21,"Buffet ",26,4.6,8,"scooter ",2,"No ","Metropolitian ","Windy","High ",0
"31/03/2022","21:00:00","21:15:00",43,"Snack ",30,3.6,13,"electric_scooter ",2,"No ","Metropolitian ","Stormy","Jam ",1
"12/02/2022","21:35:00","21:40:00",16,"Drinks ",23,4.9,8,"motorcycle ",1,"No ","Metropolitian ","Stormy","Jam ",1
"18/02/2022","19:25:00","19:35:00",22,"Meal ",29,4.6,2,"motorcycle ",0,"No ","Metropolitian ","Fog","Jam ",1
"13/03/2022","17:55:00","18:05:00",22,"Meal ",38,4.6,23,"motorcycle ",1,"No ","Metropolitian ","Sunny","Medium ",1
"17/03/2022","17:35:00","17:45:00",17,"Buffet ",20,4.9,16,"motorcycle ",2,"No ","Metropolitian ","Cloudy","Medium ",1
"15/02/2022","20:10:00","20:20:00",28,"Meal ",32,4.8,3,"motorcycle ",0,"No ","Metropolitian ","Stormy","Jam ",1
"2/04/2022","17:10:00","17:20:00",36,"Drinks ",36,4.4,13,"scooter ",2,"No ","Metropolitian ","Fog","Medium ",1
"23/03/2022","20:15:00","20:25:00",39,"Drinks ",23,5,9,"motorcycle ",0,"No ","Metropolitian ","Sandstorms","Jam ",2
"14/02/2022","19:35:00","19:40:00",48,"Buffet ",38,4.7,4,"motorcycle ",0,"No ","Metropolitian ","Fog","Jam ",2
"19/03/2022","8:10:00","8:15:00",16,"Buffet ",36,4.7,15,"electric_scooter ",2,"No ","Metropolitian ","Fog","Low ",0
"27/03/2022","22:30:00","22:35:00",14,"Snack ",20,4.9,18,"motorcycle ",2,"No ","Metropolitian ","Stormy","Low ",0
"5/03/2022","23:50:00","0:00:00",21,"Buffet ",31,4.5,17,"electric_scooter ",2,"No ","Metropolitian ","Stormy","Low ",0
"18/03/2022","22:15:00","22:30:00",24,"Drinks ",20,4.8,11,"motorcycle ",0,"No ","Metropolitian ","Stormy","Low ",0
"19/03/2022","20:30:00","20:45:00",31,"Drinks ",35,4.9,15,"scooter ",2,"No ","Metropolitian ","Sandstorms","Jam ",1
"7/03/2022","18:50:00","19:00:00",34,"Buffet ",35,4.9,16,"motorcycle ",0,"No ","Metropolitian ","Sandstorms","Medium ",1
"6/04/2022","18:40:00","18:45:00",43,"Drinks ",36,4.8,18,"motorcycle ",2,"No ","Metropolitian ","Fog","Medium ",1
"8/03/2022","20:45:00","20:50:00",20,"Drinks ",26,4.6,23,"scooter ",2,"No ","Metropolitian ","Sunny","Jam ",0
"9/03/2022","17:25:00","17:40:00",25,"Buffet ",25,5,18,"scooter ",2,"No ","Metropolitian ","Windy","Medium ",0
"2/03/2022","19:00:00","19:05:00",44,"Drinks ",36,4.5,17,"motorcycle ",0,"No ","Metropolitian ","Stormy","Medium ",2
"18/03/2022","19:45:00","19:55:00",20,"Meal ",21,4.6,6,"electric_scooter ",2,"No ","Metropolitian ","Windy","Jam ",0
"18/02/2022","19:00:00","19:15:00",35,"Meal ",30,4.9,2,"motorcycle ",0,"No ","Metropolitian ","Fog","Medium ",1
"6/04/2022","19:25:00","19:40:00",52,"Meal ",35,4.5,1,"motorcycle ",0,"No ","Metropolitian ","Fog","Jam ",0
"20/03/2022","19:45:00","20:00:00",15,"Buffet ",27,4.9,19,"motorcycle ",2,"No ","Metropolitian ","Sunny","Jam ",1
"2/04/2022","22:45:00","22:55:00",24,"Meal ",21,4.6,17,"motorcycle ",0,"No ","Urban ","Windy","Low ",1
"11/03/2022","21:35:00","21:45:00",28,"Drinks ",30,4.6,9,"motorcycle ",2,"No ","Metropolitian ","Windy","Jam ",0
"11/03/2022","12:55:00","13:10:00",32,"Meal ",34,4.6,14,"motorcycle ",0,"No ","Metropolitian ","Cloudy","High ",1
"19/03/2022","10:45:00","10:55:00",23,"Meal ",25,4.1,3,"motorcycle ",0,"No ","Urban ","Windy","Low ",0
"6/04/2022","20:40:00","20:45:00",18,"Snack ",30,5,19,"electric_scooter ",2,"No ","Metropolitian ","Sunny","Jam ",1
"5/03/2022","10:10:00","10:20:00",16,"Buffet ",29,4.6,14,"motorcycle ",1,"No ","Metropolitian ","Windy","Low ",1
"20/03/2022","22:00:00","22:10:00",44,"Snack ",36,4.9,3,"motorcycle ",0,"Yes ","Metropolitian ","Cloudy","Jam ",1
"13/03/2022","18:50:00","19:00:00",23,"Meal ",23,4.8,17,"motorcycle ",0,"No ","Metropolitian ","Cloudy","Medium ",0
"12/02/2022","23:00:00","23:05:00",21,"Meal ",37,4.9,18,"motorcycle ",0,"No ","Urban ","Sunny","Low ",0
"28/03/2022","9:15:00","9:25:00",21,"Snack ",25,4.6,16,"motorcycle ",0,"No ","Urban ","Fog","Low ",1
"30/03/2022","11:15:00","11:30:00",34,"Drinks ",35,4.2,3,"motorcycle ",0,"No ","Metropolitian ","Fog","High ",1
"23/03/2022","23:40:00","23:55:00",21,"Meal ",29,4.8,23,"scooter ",2,"No ","Metropolitian ","Fog","Low ",1
"9/03/2022","19:45:00","20:00:00",29,"Drinks ",38,4.6,18,"motorcycle ",1,"No ","Metropolitian ","Sandstorms","Jam ",0
"30/03/2022","21:50:00","21:55:00",26,"Meal ",26,4.9,19,"motorcycle ",0,"No ","Metropolitian ","Cloudy","Jam ",1
"21/03/2022","20:55:00","21:05:00",37,"Drinks ",28,4.4,5,"motorcycle ",0,"No ","Metropolitian ","Sandstorms","Jam ",1
"24/03/2022","19:50:00","19:55:00",38,"Drinks ",38,4.7,8,"motorcycle ",1,"No ","Metropolitian ","Fog","Jam ",2
"7/03/2022","22:35:00","22:45:00",19,"Snack ",24,4.6,17,"motorcycle ",0,"No ","Metropolitian ","Sunny","Low ",1
"3/04/2022","20:40:00","20:45:00",28,"Snack ",34,4.5,18,"motorcycle ",2,"No ","Metropolitian ","Sandstorms","Jam ",0
"3/03/2022","10:50:00","10:55:00",24,"Buffet ",31,4.4,13,"motorcycle ",0,"No ","Metropolitian ","Stormy","Low ",1
"13/02/2022","8:35:00","8:45:00",10,"Buffet ",20,4.9,21,"scooter ",1,"No ","Urban ","Windy","Low ",0
"5/04/2022","22:15:00","22:25:00",22,"Buffet ",29,4.9,21,"motorcycle ",0,"No ","Metropolitian ","Fog","Low ",0
"5/04/2022","11:55:00","12:10:00",32,"Drinks ",37,4.4,5,"motorcycle ",2,"No ","Metropolitian ","Sandstorms","High ",1
"9/03/2022","22:10:00","22:25:00",28,"Buffet ",38,4.5,19,"electric_scooter ",2,"No ","Metropolitian ","Windy","Low ",1
"6/04/2022","21:55:00","22:05:00",41,"Snack ",39,4.2,18,"scooter ",1,"Yes ","Urban ","Cloudy","Jam ",1
"31/03/2022","22:00:00","22:10:00",28,"Snack ",21,4.6,9,"motorcycle ",0,"No ","Metropolitian ","Windy","Jam ",0
"17/02/2022","21:25:00","21:40:00",32,"Snack ",33,4.7,7,"motorcycle ",0,"No ","Metropolitian ","Fog","Jam ",1
"9/03/2022","18:50:00","19:00:00",19,"Buffet ",35,4.6,18,"scooter ",1,"No ","Metropolitian ","Fog","Medium ",1
"1/04/2022","23:25:00","23:35:00",16,"Drinks ",36,4.5,23,"electric_scooter ",2,"No ","Metropolitian ","Fog","Low ",1
"12/03/2022","22:20:00","22:30:00",39,"Drinks ",30,4.1,1,"electric_scooter ",2,"No ","Urban ","Cloudy","Low ",1
"17/02/2022","8:45:00","8:55:00",16,"Snack ",29,4.4,3,"motorcycle ",0,"No ","Metropolitian ","Windy","Low ",1
"14/03/2022","21:55:00","22:10:00",18,"Buffet ",29,4.7,13,"motorcycle ",2,"No ","Metropolitian ","Stormy","Jam ",1
"19/03/2022","23:35:00","23:50:00",21,"Snack ",32,4.5,9,"motorcycle ",2,"No ","Metropolitian ","Stormy","Low ",1
"2/04/2022","21:45:00","21:50:00",16,"Meal ",26,4.7,18,"scooter ",2,"No ","Urban ","Windy","Jam ",0
"15/03/2022","16:20:00","16:30:00",17,"Snack ",26,4.8,23,"scooter ",2,"No ","Urban ","Cloudy","Medium ",1
"30/03/2022","12:15:00","12:30:00",24,"Snack ",29,5,1,"motorcycle ",1,"No ","Urban ","Windy","High ",1
"18/02/2022","22:20:00","22:30:00",28,"Meal ",26,4.9,4,"electric_scooter ",2,"No ","Metropolitian ","Stormy","Low ",0
"13/02/2022","15:55:00","16:10:00",28,"Drinks ",25,4.8,8,"motorcycle ",0,"No ","Metropolitian ","Stormy","Medium ",1
"5/04/2022","21:55:00","22:10:00",27,"Meal ",38,5,18,"motorcycle ",1,"No ","Metropolitian ","Fog","Jam ",1
"17/02/2022","18:40:00","18:45:00",15,"Buffet ",27,4.7,15,"scooter ",1,"No ","Urban ","Fog","Medium ",1
"13/03/2022","15:25:00","15:35:00",31,"Meal ",30,5,21,"motorcycle ",0,"No ","Metropolitian ","Cloudy","Medium ",1
"21/03/2022","19:00:00","19:05:00",24,"Snack ",28,4.7,19,"motorcycle ",0,"No ","Metropolitian ","Stormy","Medium ",0
"12/02/2022","18:35:00","18:45:00",30,"Snack ",35,4.9,6,"scooter ",1,"No ","Metropolitian ","Windy","Medium ",1
"30/03/2022","22:45:00","23:00:00",24,"Buffet ",34,4.3,21,"motorcycle ",0,"No ","Metropolitian ","Sandstorms","Low ",1
"5/04/2022","11:40:00","11:55:00",30,"Drinks ",22,4.6,16,"scooter ",2,"No ","Urban ","Fog","High ",1
"12/03/2022","21:50:00","21:55:00",36,"Buffet ",31,4.4,23,"scooter ",1,"No ","Metropolitian ","Windy","Jam ",1
"2/04/2022","19:45:00","19:55:00",41,"Drinks ",35,3.7,2,"scooter ",1,"Yes ","Metropolitian ","Sandstorms","Jam ",0
"25/03/2022","20:10:00","20:25:00",48,"Drinks ",33,5,3,"scooter ",2,"No ","Metropolitian ","Cloudy","Jam ",1
"3/04/2022","12:00:00","12:05:00",29,"Drinks ",33,4.5,7,"scooter ",2,"No ","Metropolitian ","Windy","High ",1
"12/03/2022","17:10:00","17:25:00",30,"Drinks ",30,4.7,22,"motorcycle ",0,"No ","Metropolitian ","Sunny","Medium ",0
"26/03/2022","11:00:00","11:10:00",20,"Meal ",36,4.6,15,"motorcycle ",1,"No ","Metropolitian ","Sandstorms","Low ",0
"24/03/2022","8:20:00","8:35:00",27,"Meal ",39,4.7,17,"motorcycle ",1,"No ","Metropolitian ","Windy","Low ",1
"13/03/2022","22:35:00","22:45:00",18,"Buffet ",24,4.6,19,"motorcycle ",0,"No ","Metropolitian ","Sunny","Low ",0
"5/04/2022","16:45:00","16:55:00",20,"Buffet ",24,4.6,22,"motorcycle ",0,"No ","Urban ","Sandstorms","Medium ",0
"23/03/2022","23:50:00","0:05:00",42,"Buffet ",37,4,4,"motorcycle ",0,"No ","Metropolitian ","Fog","Low ",0
"15/02/2022","10:40:00","10:50:00",23,"Snack ",23,4.8,15,"scooter ",1,"No ","Urban ","Sunny","Low ",0
"21/03/2022","16:35:00","16:40:00",28,"Buffet ",33,4.9,16,"scooter ",1,"No ","Metropolitian ","Sandstorms","Medium ",1
"5/03/2022","10:40:00","10:55:00",10,"Meal ",23,5,15,"scooter ",2,"No ","Metropolitian ","Windy","Low ",0
"3/04/2022","22:10:00","22:15:00",23,"Buffet ",37,5,19,"motorcycle ",0,"No ","Metropolitian ","Sunny","Low ",0
"18/03/2022","19:40:00","19:45:00",40,"Drinks ",28,4.7,12,"motorcycle ",2,"No ","Metropolitian ","Cloudy","Jam ",0
"7/03/2022","11:10:00","11:20:00",32,"Drinks ",24,4.7,21,"scooter ",2,"No ","Metropolitian ","Sunny","High ",1
"15/02/2022","23:15:00","23:25:00",19,"Meal ",30,5,16,"scooter ",2,"No ","Urban ","Cloudy","Low ",1
"14/03/2022","17:15:00","17:30:00",39,"Drinks ",32,4.3,12,"scooter ",2,"No ","Metropolitian ","Stormy","Medium ",1
"28/03/2022","10:25:00","10:35:00",21,"Meal ",32,4.8,12,"motorcycle ",1,"No ","Metropolitian ","Sandstorms","Low ",1
"7/03/2022","16:45:00","16:55:00",30,"Meal ",39,4.6,13,"scooter ",1,"No ","Metropolitian ","Stormy","Medium ",0
"11/03/2022","8:40:00","8:45:00",15,"Buffet ",22,4.5,15,"motorcycle ",0,"No ","Metropolitian ","Fog","Low ",0
"16/02/2022","17:40:00","17:50:00",34,"Drinks ",26,4.9,3,"scooter ",2,"No ","Metropolitian ","Stormy","Medium ",1
"15/03/2022","23:50:00","23:55:00",17,"Meal ",36,4.6,15,"motorcycle ",1,"No ","Urban ","Fog","Low ",1
"12/02/2022","20:55:00","21:05:00",34,"Meal ",31,3.7,18,"scooter ",1,"No ","Metropolitian ","Stormy","Jam ",1
"29/03/2022","21:25:00","21:35:00",39,"Drinks ",35,3.6,3,"scooter ",2,"No ","Metropolitian ","Stormy","Jam ",0
"3/03/2022","17:50:00","18:05:00",14,"Buffet ",24,5,18,"scooter ",2,"No ","Metropolitian ","Fog","Medium ",1
"18/03/2022","21:20:00","21:25:00",28,"Drinks ",37,4.6,8,"motorcycle ",1,"No ","Metropolitian ","Sunny","Jam ",1
"17/02/2022","20:10:00","20:20:00",28,"Drinks ",29,4.7,5,"motorcycle ",0,"No ","Metropolitian ","Sandstorms","Jam ",1
"17/03/2022","21:40:00","21:50:00",33,"Drinks ",36,4.2,13,"motorcycle ",1,"No ","Metropolitian ","Stormy","Jam ",1
"26/03/2022","19:25:00","19:30:00",19,"Drinks ",22,4.8,15,"scooter ",2,"No ","Urban ","Sandstorms","Jam ",0
"12/02/2022","21:35:00","21:50:00",53,"Buffet ",34,5,2,"motorcycle ",0,"Yes ","Metropolitian ","Stormy","Jam ",3
"28/03/2022","12:35:00","12:45:00",31,"Drinks ",38,4.3,7,"motorcycle ",0,"No ","Metropolitian ","Windy","High ",1
"6/04/2022","21:50:00","22:05:00",43,"Meal ",22,4.7,21,"motorcycle ",1,"No ","Metropolitian ","Fog","Jam ",1
"1/03/2022","9:10:00","9:25:00",29,"Drinks ",36,4.4,17,"motorcycle ",0,"No ","Metropolitian ","Windy","Low ",0
"11/02/2022","17:10:00","17:25:00",27,"Snack ",33,4.8,8,"motorcycle ",1,"No ","Metropolitian ","Sandstorms","Medium ",0
"3/04/2022","10:35:00","10:45:00",29,"Buffet ",38,5,4,"motorcycle ",0,"No ","Metropolitian ","Sunny","Low ",1
"14/02/2022","22:35:00","22:45:00",12,"Drinks ",25,5,21,"scooter ",2,"No ","Urban ","Stormy","Low ",1
"25/03/2022","17:25:00","17:35:00",39,"Snack ",36,4.1,1,"scooter ",2,"No ","Metropolitian ","Stormy","Medium ",1
"21/03/2022","0:00:00","0:15:00",29,"Meal ",35,4.1,11,"motorcycle ",0,"No ","Metropolitian ","Windy","Low ",0
"23/03/2022","20:20:00","20:35:00",44,"Drinks ",33,4.8,15,"scooter ",1,"No ","Urban ","Cloudy","Jam ",2
"5/03/2022","10:25:00","10:35:00",16,"Buffet ",37,5,18,"motorcycle ",1,"No ","Metropolitian ","Sunny","Low ",0
"23/03/2022","20:40:00","20:50:00",48,"Snack ",39,4.7,17,"motorcycle ",0,"No ","Semi-Urban ","Cloudy","Jam ",1
"20/03/2022","23:40:00","23:45:00",15,"Snack ",26,4.7,12,"scooter ",2,"No ","Metropolitian ","Sandstorms","Low ",0
"15/03/2022","10:00:00","10:10:00",15,"Meal ",31,4.8,17,"scooter ",2,"No ","Metropolitian ","Fog","Low ",1
"7/03/2022","19:55:00","20:00:00",33,"Drinks ",22,4.6,16,"scooter ",1,"No ","Urban ","Stormy","Jam ",1
"11/02/2022","8:40:00","8:45:00",17,"Meal ",37,4.7,5,"scooter ",2,"No ","Metropolitian ","Sunny","Low ",0
"12/02/2022","23:35:00","23:50:00",15,"Buffet ",25,4.7,9,"scooter ",2,"No ","Metropolitian ","Stormy","Low ",0
"1/03/2022","10:25:00","10:35:00",24,"Snack ",36,4.2,3,"motorcycle ",0,"No ","Metropolitian ","Sandstorms","Low ",1
"5/03/2022","15:15:00","15:30:00",17,"Drinks ",33,5,12,"motorcycle ",1,"No ","Metropolitian ","Sunny","Medium ",1
"1/03/2022","17:45:00","18:00:00",28,"Snack ",32,4.9,3,"motorcycle ",0,"No ","Metropolitian ","Fog","Medium ",1
"20/03/2022","22:00:00","22:05:00",23,"Snack ",25,4.9,12,"scooter ",1,"No ","Metropolitian ","Windy","Jam ",0
"3/04/2022","17:40:00","17:55:00",30,"Snack ",35,4.8,23,"motorcycle ",1,"No ","Urban ","Stormy","Medium ",1
"28/03/2022","11:30:00","11:35:00",11,"Buffet ",28,4.6,17,"scooter ",2,"No ","Metropolitian ","Stormy","High ",0
"15/03/2022","15:40:00","15:55:00",29,"Meal ",36,4.7,23,"motorcycle ",1,"No ","Metropolitian ","Windy","Medium ",1
"31/03/2022","19:30:00","19:40:00",38,"Drinks ",32,3.8,22,"scooter ",2,"No ","Urban ","Stormy","Jam ",1
"5/03/2022","19:35:00","19:45:00",27,"Snack ",25,5,18,"scooter ",2,"No ","Urban ","Stormy","Jam ",1
"13/03/2022","11:00:00","11:15:00",17,"Drinks ",20,4.2,8,"motorcycle ",0,"No ","Metropolitian ","Stormy","Low ",0
"13/03/2022","17:40:00","17:55:00",26,"Buffet ",31,4.7,16,"motorcycle ",0,"No ","Metropolitian ","Stormy","Medium ",0
"12/03/2022","22:50:00","22:55:00",28,"Drinks ",37,4.8,16,"scooter ",1,"No ","Metropolitian ","Fog","Low ",0
"18/03/2022","21:00:00","21:10:00",17,"Drinks ",26,4.9,4,"scooter ",2,"No ","Metropolitian ","Windy","Jam ",1
"14/03/2022","23:20:00","23:35:00",21,"Buffet ",33,4.6,23,"motorcycle ",2,"No ","Metropolitian ","Sandstorms","Low ",0
"27/03/2022","17:45:00","17:55:00",33,"Drinks ",28,4.8,1,"motorcycle ",0,"No ","Metropolitian ","Stormy","Medium ",1
"24/03/2022","22:20:00","22:35:00",34,"Buffet ",31,4.2,7,"motorcycle ",0,"No ","Metropolitian ","Windy","Low ",1
"25/03/2022","23:55:00","0:00:00",39,"Snack ",38,3.9,13,"motorcycle ",2,"No ","Metropolitian ","Fog","Low ",1
"28/03/2022","22:55:00","23:05:00",10,"Snack ",29,4.8,9,"scooter ",2,"No ","Metropolitian ","Sandstorms","Low ",0
"26/03/2022","12:40:00","12:45:00",23,"Snack ",22,4.7,21,"electric_scooter ",2,"No ","Metropolitian ","Windy","High ",0
"18/03/2022","20:35:00","20:50:00",10,"Drinks ",23,4.7,21,"scooter ",2,"No ","Urban ","Sunny","Jam ",1
"10/03/2022","18:30:00","18:45:00",19,"Meal ",27,4.9,17,"motorcycle ",0,"No ","Metropolitian ","Sunny","Medium ",1
"7/03/2022","23:40:00","23:45:00",23,"Buffet ",21,4.2,2,"motorcycle ",0,"No ","Urban ","Stormy","Low ",0
"2/04/2022","21:10:00","21:15:00",44,"Meal ",37,4.5,6,"scooter ",2,"Yes ","Metropolitian ","Sandstorms","Jam ",1
"13/03/2022","10:45:00","11:00:00",10,"Buffet ",33,5,17,"motorcycle ",1,"No ","Urban ","Sunny","Low ",1
"30/03/2022","19:55:00","20:00:00",20,"Meal ",29,4.8,17,"motorcycle ",0,"No ","Metropolitian ","Sandstorms","Jam ",0
"16/03/2022","22:35:00","22:40:00",44,"Meal ",38,4.9,16,"motorcycle ",0,"No ","Metropolitian ","Cloudy","Low ",1
"16/03/2022","17:30:00","17:45:00",22,"Meal ",29,4.8,14,"motorcycle ",0,"No ","Metropolitian ","Sunny","Medium ",0
"5/03/2022","9:55:00","10:00:00",24,"Snack ",30,4.2,11,"motorcycle ",0,"No ","Metropolitian ","Stormy","Low ",1
"2/03/2022","23:10:00","23:15:00",15,"Buffet ",33,4.8,22,"electric_scooter ",2,"No ","Urban ","Stormy","Low ",0
"14/03/2022","19:20:00","19:25:00",38,"Drinks ",30,3.7,5,"motorcycle ",2,"No ","Metropolitian ","Sandstorms","Jam ",2
"9/03/2022","9:10:00","9:25:00",26,"Snack ",24,4.3,18,"motorcycle ",0,"No ","Metropolitian ","Windy","Low ",1
"27/03/2022","17:10:00","17:25:00",28,"Buffet ",20,5,18,"motorcycle ",1,"No ","Metropolitian ","Cloudy","Medium ",1
"4/03/2022","21:50:00","22:00:00",29,"Drinks ",28,4.5,14,"scooter ",2,"No ","Metropolitian ","Sandstorms","Jam ",1
"16/02/2022","21:00:00","21:15:00",48,"Snack ",25,4.9,9,"motorcycle ",0,"No ","Metropolitian ","Stormy","Jam ",1
"14/03/2022","20:20:00","20:25:00",48,"Drinks ",38,4.7,23,"motorcycle ",0,"No ","Metropolitian ","Cloudy","Jam ",0
"11/03/2022","9:30:00","9:35:00",33,"Buffet ",34,4,5,"motorcycle ",0,"No ","Metropolitian ","Windy","Low ",1
"13/02/2022","21:45:00","21:50:00",24,"Meal ",21,4.5,5,"scooter ",2,"No ","Metropolitian ","Sandstorms","Jam ",1
"16/03/2022","17:35:00","17:45:00",40,"Drinks ",39,4.6,13,"scooter ",1,"No ","Metropolitian ","Fog","Medium ",1
"6/04/2022","22:15:00","22:25:00",40,"Buffet ",25,2.9,2,"scooter ",2,"No ","Metropolitian ","Sunny","Low ",2
"12/03/2022","18:35:00","18:45:00",23,"Snack ",34,5,22,"motorcycle ",1,"No ","Urban ","Windy","Medium ",1
"17/02/2022","23:55:00","0:05:00",10,"Snack ",29,4.9,15,"motorcycle ",1,"No ","Urban ","Stormy","Low ",0
"15/03/2022","23:20:00","23:30:00",23,"Drinks ",27,4.3,16,"motorcycle ",0,"No ","Metropolitian ","Sandstorms","Low ",1
"2/03/2022","18:50:00","19:05:00",19,"Drinks ",24,4.7,19,"motorcycle ",1,"No ","Urban ","Stormy","Medium ",1
"27/03/2022","23:30:00","23:40:00",24,"Buffet ",35,4.8,13,"electric_scooter ",2,"No ","Metropolitian ","Stormy","Low ",1
"17/02/2022","17:20:00","17:25:00",36,"Buffet ",32,4.6,6,"motorcycle ",0,"No ","Metropolitian ","Windy","Medium ",1
"19/03/2022","23:00:00","23:05:00",14,"Buffet ",20,4.9,18,"motorcycle ",1,"No ","Urban ","Windy","Low ",1
"1/03/2022","16:40:00","16:45:00",13,"Drinks ",29,4.7,17,"motorcycle ",0,"No ","Metropolitian ","Stormy","Medium ",0
"15/03/2022","10:35:00","10:40:00",31,"Buffet ",34,4.1,2,"motorcycle ",0,"No ","Metropolitian ","Stormy","Low ",1
"16/03/2022","19:10:00","19:15:00",43,"Meal ",39,5,21,"electric_scooter ",2,"No ","Metropolitian ","Cloudy","Jam ",1
"27/03/2022","20:30:00","20:40:00",25,"Drinks ",33,4.5,16,"motorcycle ",1,"No ","Metropolitian ","Stormy","Jam ",0
"11/02/2022","16:25:00","16:35:00",23,"Drinks ",24,4.5,6,"motorcycle ",0,"No ","Metropolitian ","Windy","Medium ",1
"15/02/2022","9:15:00","9:20:00",28,"Drinks ",34,4.5,9,"electric_scooter ",2,"No ","Metropolitian ","Sandstorms","Low ",1
"26/03/2022","16:00:00","16:05:00",26,"Drinks ",33,4.7,13,"scooter ",1,"No ","Metropolitian ","Windy","Medium ",0
"24/03/2022","8:50:00","9:05:00",15,"Drinks ",36,4.6,21,"scooter ",2,"No ","Metropolitian ","Fog","Low ",0
"27/03/2022","22:00:00","22:05:00",26,"Snack ",34,4.8,9,"scooter ",1,"No ","Metropolitian ","Windy","Jam ",1
"18/02/2022","23:55:00","0:05:00",21,"Meal ",29,4.8,6,"scooter ",1,"No ","Metropolitian ","Sandstorms","Low ",1
"18/03/2022","21:55:00","22:05:00",42,"Drinks ",24,4.4,15,"motorcycle ",1,"No ","Metropolitian ","Fog","Jam ",0
"10/03/2022","19:00:00","19:15:00",42,"Meal ",30,5,21,"electric_scooter ",2,"No ","Metropolitian ","Cloudy","Medium ",2
"5/03/2022","19:30:00","19:45:00",25,"Meal ",39,4.6,21,"motorcycle ",0,"No ","Metropolitian ","Sunny","Jam ",0
"3/03/2022","13:20:00","13:25:00",12,"Buffet ",23,4.9,23,"motorcycle ",1,"No ","Metropolitian ","Windy","High ",0
"13/02/2022","13:35:00","13:40:00",25,"Meal ",37,4.7,7,"electric_scooter ",2,"No ","Metropolitian ","Sandstorms","High ",0
"18/02/2022","21:45:00","21:50:00",31,"Drinks ",22,5,5,"motorcycle ",0,"No ","Metropolitian ","Windy","Jam ",0
"4/03/2022","19:15:00","19:25:00",47,"Buffet ",20,4.7,16,"motorcycle ",0,"No ","Semi-Urban ","Cloudy","Jam ",3
"28/03/2022","8:10:00","8:15:00",26,"Snack ",38,4.9,15,"scooter ",2,"No ","Metropolitian ","Sandstorms","Low ",0
"20/03/2022","20:00:00","20:15:00",46,"Drinks ",36,4.8,22,"motorcycle ",0,"Yes ","Urban ","Fog","Jam ",1
"3/03/2022","17:55:00","18:10:00",15,"Meal ",36,4.6,19,"scooter ",1,"No ","Metropolitian ","Sunny","Medium ",0
"16/02/2022","23:35:00","23:45:00",27,"Buffet ",34,4.9,3,"motorcycle ",1,"No ","Metropolitian ","Stormy","Low ",1
"2/04/2022","21:50:00","22:05:00",38,"Snack ",24,4.6,15,"scooter ",1,"No ","Metropolitian ","Fog","Jam ",0
"1/04/2022","17:10:00","17:20:00",33,"Meal ",35,4.2,2,"motorcycle ",0,"No ","Metropolitian ","Stormy","Medium ",0
"2/04/2022","18:25:00","18:30:00",36,"Buffet ",37,4.1,1,"scooter ",2,"No ","Metropolitian ","Sandstorms","Medium ",1
"15/03/2022","11:25:00","11:35:00",19,"Drinks ",39,5,12,"scooter ",2,"No ","Metropolitian ","Sunny","High ",1
"28/03/2022","18:30:00","18:45:00",21,"Drinks ",22,4.5,13,"motorcycle ",0,"No ","Metropolitian ","Cloudy","Medium ",0
"16/02/2022","17:30:00","17:45:00",41,"Buffet ",31,4.1,12,"motorcycle ",0,"No ","Metropolitian ","Windy","Medium ",0
"10/03/2022","20:45:00","20:50:00",43,"Drinks ",33,4.9,13,"electric_scooter ",2,"Yes ","Metropolitian ","Fog","Jam ",1
"25/03/2022","19:00:00","19:10:00",24,"Drinks ",35,4.8,17,"scooter ",2,"No ","Metropolitian ","Windy","Medium ",1
"4/04/2022","21:35:00","21:45:00",46,"Buffet ",22,4.8,8,"motorcycle ",0,"No ","Metropolitian ","Cloudy","Jam ",2
"6/03/2022","18:50:00","18:55:00",42,"Meal ",21,4.8,14,"motorcycle ",0,"No ","Metropolitian ","Fog","Medium ",0
"3/03/2022","17:15:00","17:20:00",29,"Buffet ",23,4.7,19,"motorcycle ",0,"No ","Metropolitian ","Sandstorms","Medium ",1
"25/03/2022","17:40:00","17:55:00",37,"Meal ",30,4.2,11,"electric_scooter ",2,"No ","Metropolitian ","Sandstorms","Medium ",2
"13/03/2022","10:00:00","10:15:00",19,"Drinks ",29,4.7,14,"electric_scooter ",2,"No ","Metropolitian ","Windy","Low ",1
"2/04/2022","17:40:00","17:50:00",32,"Drinks ",20,4.4,7,"motorcycle ",1,"No ","Metropolitian ","Cloudy","Medium ",1
"5/03/2022","17:20:00","17:25:00",25,"Snack ",35,4.6,22,"motorcycle ",0,"No ","Metropolitian ","Stormy","Medium ",1
"2/03/2022","18:30:00","18:35:00",29,"Meal ",20,4.8,19,"motorcycle ",0,"No ","Metropolitian ","Sandstorms","Medium ",1
"28/03/2022","14:50:00","15:05:00",21,"Drinks ",35,4.7,19,"scooter ",1,"No ","Metropolitian ","Sunny","High ",1
"11/03/2022","18:25:00","18:40:00",17,"Meal ",21,4.6,22,"motorcycle ",0,"No ","Metropolitian ","Sunny","Medium ",1
"1/04/2022","21:55:00","22:00:00",45,"Buffet ",39,4.6,15,"motorcycle ",0,"No ","Metropolitian ","Sandstorms","Jam ",2
"16/02/2022","22:40:00","22:50:00",20,"Snack ",21,4.9,5,"motorcycle ",0,"No ","Metropolitian ","Sandstorms","Low ",1
"1/04/2022","11:50:00","12:05:00",22,"Meal ",20,4.8,19,"scooter ",1,"No ","Metropolitian ","Stormy","High ",1
"16/02/2022","23:10:00","23:25:00",15,"Snack ",28,4.6,23,"motorcycle ",0,"No ","Urban ","Windy","Low ",1
"8/03/2022","22:50:00","22:55:00",10,"Drinks ",21,4.6,21,"scooter ",2,"No ","Metropolitian ","Sandstorms","Low ",0
"30/03/2022","9:45:00","9:50:00",11,"Drinks ",29,4.7,3,"electric_scooter ",2,"No ","Urban ","Sandstorms","Low ",1
"14/03/2022","22:00:00","22:05:00",26,"Buffet ",34,4.7,14,"scooter ",1,"No ","Metropolitian ","Windy","Jam ",1
"13/03/2022","10:30:00","10:45:00",22,"Meal ",36,4.2,2,"motorcycle ",0,"No ","Metropolitian ","Sandstorms","Low ",0
"10/03/2022","20:10:00","20:15:00",45,"Meal ",33,4.9,23,"motorcycle ",0,"No ","Metropolitian ","Cloudy","Jam ",1
"26/03/2022","11:10:00","11:15:00",32,"Meal ",37,4.2,13,"scooter ",1,"No ","Metropolitian ","Sandstorms","High ",0
"15/02/2022","13:55:00","14:05:00",38,"Drinks ",33,4,13,"electric_scooter ",2,"No ","Metropolitian ","Fog","High ",1
"6/04/2022","20:35:00","20:45:00",43,"Drinks ",35,4.3,15,"scooter ",2,"No ","Urban ","Sandstorms","Jam ",1
"15/02/2022","21:10:00","21:25:00",26,"Snack ",34,4.5,3,"scooter ",2,"No ","Metropolitian ","Stormy","Jam ",1
"2/04/2022","21:10:00","21:20:00",36,"Meal ",36,4.1,4,"electric_scooter ",2,"No ","Metropolitian ","Stormy","Jam ",1
"11/03/2022","18:35:00","18:45:00",25,"Meal ",38,4.9,19,"motorcycle ",1,"No ","Urban ","Stormy","Medium ",1
"27/03/2022","18:50:00","18:55:00",47,"Meal ",30,4.6,13,"motorcycle ",0,"No ","Metropolitian ","Cloudy","Medium ",2
"1/04/2022","22:50:00","22:55:00",18,"Snack ",23,4.8,22,"motorcycle ",0,"No ","Metropolitian ","Fog","Low ",1
"23/03/2022","21:35:00","21:40:00",45,"Snack ",36,4.6,5,"scooter ",2,"No ","Metropolitian ","Fog","Jam ",1
"14/03/2022","23:00:00","23:15:00",19,"Snack ",35,4.9,9,"scooter ",1,"No ","Metropolitian ","Sunny","Low ",0
"5/03/2022","11:20:00","11:25:00",18,"Meal ",30,4.6,12,"electric_scooter ",2,"No ","Metropolitian ","Sunny","High ",1
"26/03/2022","20:50:00","21:00:00",31,"Drinks ",33,4.1,5,"scooter ",1,"No ","Metropolitian ","Stormy","Jam ",1
"15/02/2022","9:20:00","9:30:00",16,"Snack ",27,4.9,6,"motorcycle ",1,"No ","Metropolitian ","Sandstorms","Low ",1
"4/03/2022","22:55:00","23:00:00",15,"Snack ",22,4.9,17,"motorcycle ",1,"No ","Metropolitian ","Stormy","Low ",0
"29/03/2022","20:30:00","20:35:00",18,"Meal ",27,4.8,12,"motorcycle ",1,"No ","Metropolitian ","Sunny","Jam ",0
"10/03/2022","23:10:00","23:20:00",28,"Drinks ",37,4.7,17,"motorcycle ",2,"No ","Metropolitian ","Stormy","Low ",1
"30/03/2022","20:20:00","20:25:00",35,"Buffet ",34,4.4,11,"motorcycle ",0,"No ","Metropolitian ","Sandstorms","Jam ",0
"1/04/2022","8:20:00","8:25:00",18,"Meal ",36,4.5,23,"motorcycle ",1,"No ","Metropolitian ","Fog","Low ",1
"30/03/2022","10:25:00","10:35:00",18,"Drinks ",21,4.9,22,"motorcycle ",0,"No ","Metropolitian ","Sunny","Low ",1
"3/04/2022","18:15:00","18:30:00",23,"Drinks ",37,4.6,9,"scooter ",1,"No ","Metropolitian ","Sunny","Medium ",0
"23/03/2022","21:00:00","21:10:00",23,"Snack ",35,4.7,18,"scooter ",1,"No ","Metropolitian ","Sunny","Jam ",0
"4/03/2022","19:50:00","19:55:00",27,"Snack ",31,4.6,21,"motorcycle ",2,"No ","Metropolitian ","Stormy","Jam ",0
"24/03/2022","9:10:00","9:25:00",16,"Drinks ",25,4.5,19,"motorcycle ",2,"No ","Metropolitian ","Windy","Low ",0
"2/03/2022","20:35:00","20:40:00",24,"Snack ",29,4.7,17,"motorcycle ",1,"No ","Urban ","Windy","Jam ",1
"16/03/2022","20:45:00","21:00:00",35,"Snack ",25,4.9,9,"motorcycle ",0,"No ","Metropolitian ","Fog","Jam ",0
"4/04/2022","23:00:00","23:10:00",17,"Drinks ",28,4.7,18,"motorcycle ",0,"No ","Metropolitian ","Windy","Low ",1
"18/02/2022","22:35:00","22:40:00",23,"Drinks ",38,4.8,5,"motorcycle ",0,"No ","Metropolitian ","Sunny","Low ",0
"14/02/2022","19:45:00","20:00:00",36,"Drinks ",38,5,5,"electric_scooter ",2,"No ","Metropolitian ","Fog","Jam ",1
"6/04/2022","19:40:00","19:50:00",24,"Snack ",23,4.6,17,"scooter ",1,"No ","Metropolitian ","Sandstorms","Jam ",0
"26/03/2022","8:40:00","8:50:00",30,"Meal ",30,4.1,13,"motorcycle ",0,"No ","Metropolitian ","Sandstorms","Low ",1
"3/03/2022","13:35:00","13:50:00",26,"Meal ",35,4.7,23,"motorcycle ",0,"No ","Metropolitian ","Sunny","High ",1
"29/03/2022","17:15:00","17:25:00",49,"Meal ",31,4.7,11,"motorcycle ",0,"No ","Metropolitian ","Fog","Medium ",3
"25/03/2022","22:20:00","22:30:00",15,"Meal ",29,4.9,15,"motorcycle ",0,"No ","Metropolitian ","Stormy","Low ",1
"13/03/2022","23:40:00","23:55:00",15,"Meal ",26,4.6,23,"scooter ",1,"No ","Metropolitian ","Stormy","Low ",1
"18/03/2022","23:00:00","23:15:00",20,"Snack ",34,4.6,8,"motorcycle ",0,"No ","Metropolitian ","Sandstorms","Low ",0
"30/03/2022","9:30:00","9:35:00",29,"Drinks ",35,4.8,5,"scooter ",2,"No ","Metropolitian ","Windy","Low ",1
"19/03/2022","8:15:00","8:25:00",17,"Snack ",25,4.1,14,"motorcycle ",0,"No ","Metropolitian ","Windy","Low ",0
"19/03/2022","18:20:00","18:25:00",27,"Drinks ",25,5,7,"motorcycle ",1,"No ","Metropolitian ","Windy","Medium ",0
"2/04/2022","0:00:00","0:05:00",22,"Buffet ",22,4.8,22,"scooter ",1,"No ","Metropolitian ","Fog","Low ",0
"26/03/2022","23:20:00","23:30:00",24,"Buffet ",38,4.4,23,"motorcycle ",0,"No ","Metropolitian ","Windy","Low ",1
"4/03/2022","17:50:00","18:00:00",30,"Snack ",24,4.6,15,"motorcycle ",0,"No ","Metropolitian ","Stormy","Medium ",0
"27/03/2022","19:50:00","19:55:00",29,"Snack ",21,4.8,8,"motorcycle ",0,"No ","Metropolitian ","Stormy","Jam ",1
"2/03/2022","22:20:00","22:25:00",21,"Drinks ",35,4.5,2,"motorcycle ",1,"No ","Urban ","Stormy","Low ",0
"13/02/2022","17:55:00","18:00:00",12,"Snack ",28,4.8,5,"motorcycle ",1,"No ","Metropolitian ","Fog","Medium ",0
"18/03/2022","23:15:00","23:20:00",37,"Snack ",26,3.3,18,"scooter ",1,"No ","Metropolitian ","Sunny","Low ",1
"18/02/2022","17:35:00","17:45:00",20,"Snack ",23,4.8,9,"motorcycle ",0,"No ","Metropolitian ","Fog","Medium ",1
"14/03/2022","17:35:00","17:40:00",37,"Meal ",36,4,3,"motorcycle ",0,"No ","Metropolitian ","Sunny","Medium ",1
"5/03/2022","20:45:00","21:00:00",29,"Drinks ",26,4.7,23,"motorcycle ",1,"No ","Metropolitian ","Sunny","Jam ",1
"2/03/2022","19:10:00","19:25:00",42,"Meal ",36,3.7,5,"scooter ",2,"Yes ","Metropolitian ","Stormy","Jam ",2
"13/03/2022","22:00:00","22:10:00",27,"Buffet ",34,4.9,23,"motorcycle ",0,"No ","Metropolitian ","Sunny","Jam ",1
"17/03/2022","9:50:00","10:00:00",17,"Buffet ",26,4.9,22,"motorcycle ",1,"No ","Urban ","Windy","Low ",0
"11/02/2022","23:35:00","23:50:00",28,"Meal ",38,4.8,7,"scooter ",1,"No ","Metropolitian ","Windy","Low ",1
"1/03/2022","11:20:00","11:25:00",12,"Snack ",26,4.5,9,"motorcycle ",2,"No ","Metropolitian ","Stormy","High ",1
"20/03/2022","18:00:00","18:10:00",26,"Meal ",24,4.8,9,"electric_scooter ",2,"No ","Metropolitian ","Windy","Medium ",1
"14/03/2022","18:55:00","19:05:00",26,"Snack ",32,4.9,21,"motorcycle ",0,"No ","Urban ","Sunny","Medium ",1
"29/03/2022","19:10:00","19:20:00",42,"Drinks ",30,4.9,2,"motorcycle ",0,"No ","Metropolitian ","Stormy","Jam ",1
"18/03/2022","18:55:00","19:00:00",21,"Drinks ",35,4.6,22,"motorcycle ",1,"No ","Urban ","Sunny","Medium ",1
"5/03/2022","9:40:00","9:50:00",16,"Buffet ",23,4.6,23,"motorcycle ",2,"No ","Metropolitian ","Sandstorms","Low ",0
"15/03/2022","10:00:00","10:10:00",13,"Meal ",21,4.9,17,"motorcycle ",0,"No ","Urban ","Sunny","Low ",0
"21/03/2022","11:45:00","11:55:00",30,"Meal ",22,4.7,3,"motorcycle ",1,"No ","Metropolitian ","Fog","High ",1
"5/04/2022","15:30:00","15:35:00",15,"Drinks ",25,4.5,18,"motorcycle ",1,"No ","Urban ","Cloudy","Medium ",0
"13/02/2022","10:50:00","11:05:00",22,"Buffet ",36,4.8,7,"motorcycle ",1,"No ","Metropolitian ","Sandstorms","Low ",1
"3/04/2022","10:00:00","10:05:00",11,"Buffet ",24,4.7,18,"scooter ",1,"No ","Urban ","Fog","Low ",0
"13/03/2022","22:00:00","22:05:00",40,"Buffet ",38,4.9,13,"motorcycle ",0,"No ","Metropolitian ","Sandstorms","Jam ",1
"17/03/2022","23:00:00","23:05:00",26,"Buffet ",34,4.9,12,"motorcycle ",1,"No ","Metropolitian ","Windy","Low ",1
"3/04/2022","10:55:00","11:10:00",18,"Meal ",21,4.7,16,"scooter ",2,"No ","Urban ","Sandstorms","Low ",1
"6/04/2022","17:20:00","17:25:00",30,"Meal ",34,4.9,22,"motorcycle ",1,"No ","Metropolitian ","Fog","Medium ",1
"24/03/2022","14:40:00","14:50:00",15,"Drinks ",33,4.5,4,"electric_scooter ",2,"No ","Urban ","Sunny","High ",0
"2/03/2022","20:25:00","20:35:00",38,"Drinks ",20,4.6,12,"motorcycle ",0,"No ","Metropolitian ","Windy","Jam ",1
"9/03/2022","10:40:00","10:55:00",17,"Snack ",24,4.8,23,"scooter ",2,"No ","Urban ","Stormy","Low ",1
"16/03/2022","18:10:00","18:15:00",33,"Snack ",32,3.5,2,"scooter ",2,"No ","Metropolitian ","Stormy","Medium ",1
"4/04/2022","18:00:00","18:10:00",23,"Meal ",29,4.6,22,"scooter ",2,"No ","Metropolitian ","Sandstorms","Medium ",0
"14/03/2022","19:50:00","20:05:00",47,"Snack ",34,4.6,18,"motorcycle ",0,"No ","Urban ","Windy","Jam ",1
"1/04/2022","18:00:00","18:10:00",29,"Snack ",34,4.8,13,"scooter ",1,"No ","Metropolitian ","Windy","Medium ",1
"15/02/2022","12:10:00","12:20:00",29,"Snack ",23,4.8,7,"motorcycle ",1,"No ","Metropolitian ","Fog","High ",0
"28/03/2022","17:15:00","17:25:00",17,"Drinks ",35,4.9,9,"scooter ",2,"No ","Metropolitian ","Fog","Medium ",0
"26/03/2022","22:25:00","22:40:00",19,"Buffet ",29,4.7,21,"scooter ",1,"No ","Metropolitian ","Fog","Low ",1
"21/03/2022","16:25:00","16:30:00",26,"Drinks ",39,4.8,19,"motorcycle ",0,"No ","Urban ","Cloudy","Medium ",0
"9/03/2022","18:50:00","18:55:00",17,"Meal ",31,4.7,19,"motorcycle ",2,"No ","Metropolitian ","Sunny","Medium ",1
"14/02/2022","19:40:00","19:45:00",41,"Drinks ",31,4.5,2,"motorcycle ",1,"No ","Metropolitian ","Sandstorms","Jam ",0
"4/04/2022","23:15:00","23:25:00",22,"Snack ",36,4.6,17,"motorcycle ",0,"No ","Urban ","Sandstorms","Low ",1
"15/03/2022","12:10:00","12:15:00",20,"Snack ",27,4.6,9,"scooter ",1,"No ","Metropolitian ","Cloudy","High ",1
"4/04/2022","22:30:00","22:40:00",22,"Buffet ",24,5,21,"motorcycle ",1,"No ","Urban ","Fog","Low ",0
"14/02/2022","21:25:00","21:35:00",50,"Meal ",36,4.6,6,"motorcycle ",0,"No ","Metropolitian ","Fog","Jam ",2
"15/03/2022","8:10:00","8:15:00",14,"Meal ",34,5,23,"motorcycle ",2,"No ","Metropolitian ","Sunny","Low ",0
"28/03/2022","21:35:00","21:50:00",31,"Meal ",36,4.7,3,"motorcycle ",0,"No ","Metropolitian ","Cloudy","Jam ",1
"3/03/2022","21:45:00","22:00:00",28,"Drinks ",39,4.5,13,"electric_scooter ",2,"No ","Metropolitian ","Fog","Jam ",1
"17/03/2022","18:00:00","18:05:00",26,"Drinks ",35,4.7,16,"motorcycle ",0,"No ","Urban ","Cloudy","Medium ",1
"24/03/2022","8:15:00","8:25:00",19,"Buffet ",28,4.7,19,"motorcycle ",1,"No ","Metropolitian ","Windy","Low ",1
"27/03/2022","19:55:00","20:00:00",37,"Meal ",38,4.9,7,"motorcycle ",0,"No ","Metropolitian ","Windy","Jam ",1
"20/03/2022","21:20:00","21:25:00",37,"Buffet ",20,4.1,1,"motorcycle ",0,"No ","Urban ","Windy","Jam ",1
"13/03/2022","20:45:00","20:50:00",49,"Drinks ",20,3.7,5,"motorcycle ",0,"No ","Metropolitian ","Sunny","Jam ",1
"27/03/2022","23:40:00","23:50:00",29,"Buffet ",30,4.9,7,"scooter ",2,"No ","Metropolitian ","Sunny","Low ",1
"11/02/2022","22:45:00","22:55:00",11,"Snack ",20,4.7,19,"motorcycle ",1,"No ","Urban ","Cloudy","Low ",0
"11/02/2022","9:55:00","10:05:00",17,"Meal ",29,4.9,17,"scooter ",2,"No ","Urban ","Sunny","Low ",1
"12/02/2022","17:10:00","17:15:00",23,"Snack ",35,4.6,18,"motorcycle ",1,"No ","Urban ","Stormy","Medium ",1
"18/03/2022","18:35:00","18:50:00",24,"Meal ",26,4.9,8,"scooter ",2,"No ","Metropolitian ","Stormy","Medium ",0
"3/03/2022","21:55:00","22:05:00",22,"Meal ",34,4.6,22,"scooter ",1,"No ","Urban ","Sunny","Jam ",0
"16/03/2022","22:15:00","22:25:00",29,"Meal ",27,4.5,3,"scooter ",2,"No ","Urban ","Cloudy","Low ",1
"3/04/2022","19:50:00","20:00:00",34,"Snack ",36,4.7,7,"motorcycle ",2,"No ","Metropolitian ","Sandstorms","Jam ",1
"3/04/2022","20:15:00","20:25:00",30,"Snack ",34,4.7,23,"motorcycle ",0,"No ","Urban ","Sandstorms","Jam ",1
"31/03/2022","21:55:00","22:05:00",41,"Meal ",32,4.4,17,"motorcycle ",0,"No ","Urban ","Windy","Jam ",2
"6/04/2022","19:10:00","19:15:00",34,"Drinks ",33,3.5,6,"scooter ",1,"No ","Metropolitian ","Sunny","Jam ",1
"19/03/2022","22:55:00","23:00:00",12,"Drinks ",27,4.8,15,"motorcycle ",2,"No ","Urban ","Sandstorms","Low ",0
"16/02/2022","20:20:00","20:35:00",38,"Buffet ",34,4.7,2,"electric_scooter ",2,"No ","Metropolitian ","Stormy","Jam ",2
"17/02/2022","20:20:00","20:35:00",18,"Meal ",20,4.7,6,"motorcycle ",1,"No ","Metropolitian ","Fog","Jam ",1
"12/02/2022","18:40:00","18:50:00",21,"Snack ",29,4.8,8,"electric_scooter ",2,"No ","Metropolitian ","Stormy","Medium ",1
"4/03/2022","22:35:00","22:50:00",17,"Drinks ",27,4.7,23,"scooter ",1,"No ","Urban ","Stormy","Low ",1
"18/02/2022","20:40:00","20:50:00",38,"Buffet ",37,4.2,7,"scooter ",1,"No ","Metropolitian ","Fog","Jam ",2
"26/03/2022","15:25:00","15:35:00",23,"Buffet ",21,4.6,23,"motorcycle ",1,"No ","Urban ","Stormy","Medium ",0
"15/02/2022","21:10:00","21:25:00",26,"Snack ",34,4.5,3,"scooter ",2,"No ","Metropolitian ","Stormy","Jam ",1
"4/03/2022","22:55:00","23:05:00",12,"Meal ",24,4.9,23,"motorcycle ",1,"No ","Metropolitian ","Windy","Low ",1
"26/03/2022","17:55:00","18:10:00",34,"Meal ",37,4.1,5,"scooter ",1,"No ","Metropolitian ","Windy","Medium ",0
"13/02/2022","23:45:00","23:55:00",25,"Meal ",33,4.5,6,"motorcycle ",0,"No ","Metropolitian ","Fog","Low ",1
"31/03/2022","22:10:00","22:15:00",17,"Drinks ",21,4.9,18,"motorcycle ",1,"No ","Metropolitian ","Stormy","Low ",0
"3/04/2022","8:20:00","8:35:00",10,"Meal ",21,5,9,"scooter ",1,"No ","Metropolitian ","Sandstorms","Low ",0
"31/03/2022","20:35:00","20:40:00",42,"Drinks ",25,4.9,6,"motorcycle ",0,"No ","Metropolitian ","Fog","Jam ",2
"30/03/2022","21:20:00","21:35:00",20,"Drinks ",32,4.8,23,"motorcycle ",1,"No ","Metropolitian ","Sunny","Jam ",1
"2/03/2022","17:55:00","18:00:00",47,"Buffet ",36,4.4,3,"motorcycle ",0,"No ","Urban ","Windy","Medium ",2
"24/03/2022","8:25:00","8:40:00",22,"Buffet ",36,4.2,19,"motorcycle ",0,"No ","Metropolitian ","Stormy","Low ",1
"12/02/2022","19:00:00","19:05:00",37,"Buffet ",36,4.9,19,"motorcycle ",0,"No ","Urban ","Fog","Medium ",0
"7/03/2022","11:15:00","11:25:00",33,"Buffet ",23,4.8,19,"motorcycle ",1,"No ","Metropolitian ","Sunny","High ",1
"19/03/2022","18:00:00","18:15:00",15,"Meal ",39,5,8,"scooter ",2,"No ","Metropolitian ","Cloudy","Medium ",0
"28/03/2022","17:25:00","17:35:00",25,"Buffet ",39,4.6,16,"motorcycle ",2,"No ","Urban ","Sandstorms","Medium ",0
"13/03/2022","15:15:00","15:30:00",33,"Meal ",34,4.9,18,"motorcycle ",0,"No ","Metropolitian ","Cloudy","Medium ",1
"11/02/2022","9:45:00","10:00:00",18,"Meal ",28,4.8,7,"motorcycle ",1,"No ","Metropolitian ","Fog","Low ",1
"26/03/2022","8:30:00","8:45:00",17,"Drinks ",27,4.6,21,"motorcycle ",0,"No ","Urban ","Cloudy","Low ",1
"5/04/2022","17:45:00","17:55:00",13,"Buffet ",27,4.6,19,"motorcycle ",0,"No ","Metropolitian ","Stormy","Medium ",1
"12/02/2022","20:40:00","20:45:00",34,"Buffet ",31,4.8,3,"motorcycle ",0,"No ","Metropolitian ","Sunny","Jam ",1
"19/03/2022","18:55:00","19:05:00",35,"Drinks ",33,4.2,3,"motorcycle ",0,"No ","Urban ","Windy","Medium ",1
"17/03/2022","15:00:00","15:05:00",34,"Drinks ",36,5,19,"scooter ",1,"No ","Urban ","Stormy","High ",1
"27/03/2022","17:25:00","17:35:00",11,"Meal ",25,4.8,17,"motorcycle ",1,"No ","Urban ","Sunny","Medium ",0
"25/03/2022","20:55:00","21:05:00",37,"Buffet ",37,5,16,"motorcycle ",0,"No ","Urban ","Sandstorms","Jam ",1
"11/02/2022","13:35:00","13:40:00",25,"Drinks ",38,4.9,23,"scooter ",1,"No ","Urban ","Cloudy","High ",1
"16/03/2022","21:10:00","21:15:00",26,"Meal ",25,4.5,19,"motorcycle ",1,"No ","Metropolitian ","Sandstorms","Jam ",1
"14/03/2022","22:10:00","22:15:00",24,"Drinks ",22,4.8,22,"scooter ",1,"No ","Metropolitian ","Fog","Low ",0
"3/03/2022","18:15:00","18:25:00",15,"Snack ",23,4.5,17,"motorcycle ",1,"No ","Metropolitian ","Fog","Medium ",1
"24/03/2022","14:20:00","14:35:00",18,"Buffet ",26,4.6,19,"motorcycle ",1,"No ","Metropolitian ","Sunny","High ",0
"26/03/2022","11:35:00","11:45:00",12,"Snack ",20,4.6,15,"scooter ",2,"No ","Metropolitian ","Stormy","High ",1
"5/04/2022","17:15:00","17:25:00",16,"Drinks ",38,4.7,16,"scooter ",1,"No ","Metropolitian ","Cloudy","Medium ",1
"21/03/2022","9:25:00","9:30:00",18,"Snack ",22,4.8,13,"electric_scooter ",2,"No ","Metropolitian ","Fog","Low ",0
"3/03/2022","16:20:00","16:25:00",31,"Meal ",36,4.4,2,"scooter ",2,"No ","Urban ","Stormy","Medium ",1
"6/03/2022","19:45:00","19:55:00",30,"Snack ",23,5,17,"scooter ",2,"No ","Urban ","Stormy","Jam ",0
"4/03/2022","19:50:00","20:00:00",33,"Buffet ",22,4.6,16,"motorcycle ",0,"No ","Metropolitian ","Windy","Jam ",1
"20/03/2022","19:25:00","19:35:00",45,"Snack ",39,4.2,2,"motorcycle ",1,"No ","Urban ","Cloudy","Jam ",1
"18/02/2022","19:55:00","20:05:00",37,"Meal ",25,4.6,23,"motorcycle ",2,"No ","Urban ","Cloudy","Jam ",1
"15/03/2022","13:30:00","13:45:00",32,"Buffet ",28,4,3,"motorcycle ",0,"No ","Metropolitian ","Stormy","High ",1
"15/03/2022","23:50:00","0:05:00",15,"Buffet ",22,4,8,"motorcycle ",0,"No ","Metropolitian ","Stormy","Low ",1
"16/03/2022","19:00:00","19:05:00",30,"Buffet ",35,4.6,13,"motorcycle ",0,"No ","Metropolitian ","Sunny","Medium ",1
"1/04/2022","12:40:00","12:50:00",25,"Buffet ",36,4.6,22,"motorcycle ",0,"No ","Metropolitian ","Fog","High ",1
"9/03/2022","13:45:00","14:00:00",39,"Meal ",33,4.1,11,"scooter ",1,"No ","Metropolitian ","Fog","High ",2
"3/04/2022","18:35:00","18:40:00",24,"Drinks ",23,4.7,9,"motorcycle ",0,"No ","Metropolitian ","Sunny","Medium ",1
"2/03/2022","22:30:00","22:45:00",24,"Snack ",36,4.8,22,"motorcycle ",0,"No ","Metropolitian ","Stormy","Low ",1
"13/02/2022","10:20:00","10:35:00",26,"Snack ",34,4.8,15,"motorcycle ",0,"No ","Urban ","Fog","Low ",1
"18/02/2022","18:45:00","18:50:00",18,"Snack ",20,4.8,8,"scooter ",2,"No ","Metropolitian ","Fog","Medium ",0
"5/04/2022","9:15:00","9:25:00",16,"Snack ",21,4,6,"motorcycle ",0,"No ","Metropolitian ","Windy","Low ",1
"27/03/2022","23:15:00","23:30:00",37,"Snack ",32,4.1,6,"motorcycle ",0,"No ","Urban ","Cloudy","Low ",1
"31/03/2022","23:35:00","23:50:00",25,"Snack ",25,4.8,15,"motorcycle ",2,"No ","Metropolitian ","Fog","Low ",1
"16/02/2022","21:10:00","21:15:00",47,"Snack ",39,4.1,3,"scooter ",1,"No ","Urban ","Cloudy","Jam ",1
"7/03/2022","12:20:00","12:35:00",22,"Buffet ",27,4.8,18,"scooter ",1,"No ","Metropolitian ","Sandstorms","High ",1
"3/03/2022","8:55:00","9:10:00",13,"Snack ",35,4.8,12,"scooter ",1,"No ","Metropolitian ","Sunny","Low ",0
"8/03/2022","17:25:00","17:35:00",25,"Buffet ",32,4.6,18,"scooter ",2,"No ","Metropolitian ","Windy","Medium ",0
"5/03/2022","16:50:00","17:00:00",15,"Drinks ",21,4.9,9,"motorcycle ",1,"No ","Metropolitian ","Fog","Medium ",0
"12/02/2022","23:30:00","23:40:00",18,"Drinks ",26,4.7,4,"motorcycle ",0,"No ","Metropolitian ","Stormy","Low ",0
"9/03/2022","8:55:00","9:00:00",18,"Buffet ",26,4.7,22,"scooter ",1,"No ","Metropolitian ","Fog","Low ",1
"17/03/2022","10:20:00","10:25:00",26,"Meal ",20,4.2,9,"motorcycle ",0,"No ","Metropolitian ","Sandstorms","Low ",0
"6/04/2022","0:00:00","0:05:00",39,"Meal ",30,4.4,3,"motorcycle ",1,"No ","Metropolitian ","Fog","Low ",2
"27/03/2022","21:55:00","22:10:00",39,"Meal ",39,5,15,"scooter ",1,"No ","Urban ","Cloudy","Jam ",2
"13/02/2022","10:40:00","10:55:00",17,"Meal ",27,4.7,15,"motorcycle ",1,"No ","Urban ","Stormy","Low ",1
"6/04/2022","21:30:00","21:35:00",32,"Buffet ",35,3.8,1,"scooter ",2,"No ","Metropolitian ","Windy","Jam ",0
"15/02/2022","20:40:00","20:45:00",26,"Meal ",28,4.7,4,"motorcycle ",0,"No ","Metropolitian ","Fog","Jam ",1
"6/03/2022","22:10:00","22:20:00",20,"Buffet ",24,5,19,"scooter ",1,"No ","Metropolitian ","Sunny","Low ",0
"25/03/2022","19:45:00","20:00:00",31,"Meal ",33,3.7,9,"electric_scooter ",2,"No ","Metropolitian ","Windy","Jam ",0
"15/03/2022","14:40:00","14:45:00",32,"Meal ",36,4.7,18,"motorcycle ",0,"No ","Metropolitian ","Stormy","High ",1
"20/03/2022","23:35:00","23:40:00",24,"Meal ",26,5,15,"motorcycle ",0,"No ","Metropolitian ","Cloudy","Low ",1
"9/03/2022","19:50:00","20:00:00",16,"Meal ",24,4.7,19,"scooter ",2,"No ","Urban ","Windy","Jam ",0
"1/04/2022","9:55:00","10:05:00",29,"Buffet ",37,4.5,12,"motorcycle ",0,"No ","Metropolitian ","Cloudy","Low ",1
"14/02/2022","20:00:00","20:15:00",34,"Buffet ",24,4.2,7,"motorcycle ",0,"No ","Metropolitian ","Sandstorms","Jam ",1
"7/03/2022","23:35:00","23:45:00",19,"Drinks ",23,4.9,19,"scooter ",1,"No ","Metropolitian ","Windy","Low ",0
"9/03/2022","18:50:00","19:05:00",27,"Buffet ",33,5,23,"motorcycle ",0,"No ","Metropolitian ","Stormy","Medium ",1
"17/03/2022","23:15:00","23:20:00",17,"Drinks ",21,4.8,6,"motorcycle ",2,"No ","Metropolitian ","Stormy","Low ",0
"4/03/2022","17:10:00","17:20:00",30,"Meal ",36,4.9,12,"motorcycle ",2,"No ","Metropolitian ","Stormy","Medium ",1
"27/03/2022","18:10:00","18:20:00",27,"Buffet ",22,4.8,23,"scooter ",1,"No ","Urban ","Cloudy","Medium ",1
"13/02/2022","9:10:00","9:25:00",13,"Drinks ",37,4.7,23,"scooter ",1,"No ","Urban ","Sunny","Low ",0
"5/03/2022","22:10:00","22:20:00",21,"Buffet ",21,4.2,13,"motorcycle ",0,"No ","Metropolitian ","Windy","Low ",1
"2/04/2022","20:25:00","20:40:00",22,"Snack ",29,4.7,9,"motorcycle ",1,"No ","Metropolitian ","Stormy","Jam ",0
"20/03/2022","19:25:00","19:40:00",41,"Snack ",31,3.5,7,"scooter ",1,"Yes ","Metropolitian ","Sandstorms","Jam ",1
"28/03/2022","21:15:00","21:20:00",33,"Snack ",30,5,13,"motorcycle ",2,"No ","Metropolitian ","Cloudy","Jam ",1
"15/02/2022","10:40:00","10:55:00",24,"Snack ",38,4.7,4,"motorcycle ",2,"No ","Metropolitian ","Windy","Low ",0
"19/03/2022","11:50:00","11:55:00",26,"Meal ",33,4.8,8,"scooter ",2,"No ","Metropolitian ","Windy","High ",1
"7/03/2022","20:25:00","20:40:00",30,"Drinks ",22,4.8,17,"motorcycle ",1,"No ","Urban ","Stormy","Jam ",1
"4/04/2022","17:30:00","17:45:00",40,"Meal ",33,4.5,15,"motorcycle ",0,"No ","Metropolitian ","Fog","Medium ",1
"3/03/2022","18:40:00","18:45:00",28,"Buffet ",28,4.5,19,"scooter ",1,"No ","Metropolitian ","Stormy","Medium ",1
"16/03/2022","18:25:00","18:35:00",42,"Snack ",39,4.2,13,"scooter ",2,"No ","Metropolitian ","Fog","Medium ",1
"10/03/2022","21:15:00","21:25:00",19,"Drinks ",29,4.8,16,"motorcycle ",2,"No ","Metropolitian ","Windy","Jam ",0
"2/04/2022","20:20:00","20:30:00",23,"Buffet ",24,4.9,23,"motorcycle ",1,"No ","Metropolitian ","Windy","Jam ",1
"5/04/2022","19:25:00","19:30:00",30,"Drinks ",21,4.9,21,"scooter ",1,"No ","Metropolitian ","Cloudy","Jam ",0
"7/03/2022","20:10:00","20:15:00",30,"Buffet ",32,4.7,14,"motorcycle ",1,"No ","Metropolitian ","Fog","Jam ",1
"15/03/2022","22:20:00","22:25:00",19,"Drinks ",34,4.9,18,"scooter ",2,"No ","Metropolitian ","Fog","Low ",1
"1/03/2022","20:10:00","20:25:00",26,"Buffet ",20,4.6,22,"motorcycle ",2,"No ","Metropolitian ","Sandstorms","Jam ",1
"3/03/2022","21:45:00","21:50:00",20,"Snack ",20,4.9,23,"motorcycle ",0,"No ","Metropolitian ","Stormy","Jam ",1
"30/03/2022","9:50:00","10:00:00",29,"Buffet ",21,4.3,13,"motorcycle ",0,"No ","Metropolitian ","Stormy","Low ",1
"17/02/2022","11:50:00","12:00:00",25,"Meal ",23,4.7,3,"scooter ",1,"No ","Metropolitian ","Sandstorms","High ",0
"16/02/2022","23:25:00","23:30:00",28,"Snack ",25,4.7,5,"motorcycle ",0,"No ","Metropolitian ","Sunny","Low ",1
"28/03/2022","22:45:00","23:00:00",18,"Buffet ",31,4.5,23,"electric_scooter ",2,"No ","Metropolitian ","Fog","Low ",0
"4/03/2022","0:00:00","0:05:00",27,"Drinks ",32,4.9,18,"motorcycle ",0,"No ","Metropolitian ","Sandstorms","Low ",1
"11/02/2022","9:35:00","9:45:00",17,"Drinks ",21,4.5,7,"motorcycle ",0,"No ","Metropolitian ","Fog","Low ",1
"7/03/2022","22:10:00","22:20:00",22,"Meal ",20,4.1,5,"motorcycle ",0,"No ","Metropolitian ","Sandstorms","Low ",0
"5/03/2022","13:45:00","14:00:00",26,"Buffet ",38,4.6,9,"motorcycle ",0,"No ","Metropolitian ","Sunny","High ",1
"8/03/2022","22:30:00","22:40:00",21,"Buffet ",25,4.8,21,"motorcycle ",0,"No ","Urban ","Sandstorms","Low ",1
"13/03/2022","20:30:00","20:45:00",34,"Drinks ",39,5,16,"scooter ",1,"No ","Metropolitian ","Windy","Jam ",1
"17/02/2022","11:55:00","12:00:00",21,"Snack ",29,4.9,4,"motorcycle ",0,"No ","Metropolitian ","Sandstorms","High ",1
"18/03/2022","19:50:00","20:05:00",27,"Buffet ",20,4.6,5,"scooter ",1,"No ","Metropolitian ","Windy","Jam ",0
"5/04/2022","18:40:00","18:45:00",21,"Snack ",22,4.9,22,"scooter ",2,"No ","Metropolitian ","Stormy","Medium ",0
"28/03/2022","10:00:00","10:05:00",20,"Meal ",27,4.8,14,"motorcycle ",0,"No ","Metropolitian ","Fog","Low ",1
"16/02/2022","20:25:00","20:30:00",44,"Drinks ",24,4.1,14,"motorcycle ",2,"No ","Metropolitian ","Fog","Jam ",1
"5/03/2022","18:40:00","18:55:00",16,"Drinks ",34,4.9,23,"electric_scooter ",2,"No ","Metropolitian ","Stormy","Medium ",1
"4/04/2022","19:00:00","19:15:00",39,"Drinks ",25,4.6,16,"motorcycle ",0,"No ","Metropolitian ","Cloudy","Medium ",0
"11/02/2022","9:30:00","9:45:00",12,"Buffet ",22,4.9,19,"electric_scooter ",2,"No ","Urban ","Cloudy","Low ",0
"6/04/2022","19:10:00","19:20:00",34,"Buffet ",39,3.5,6,"motorcycle ",1,"No ","Urban ","Sandstorms","Jam ",1
"31/03/2022","19:50:00","19:55:00",15,"Meal ",39,4.5,17,"scooter ",1,"No ","Metropolitian ","Sunny","Jam ",1
"29/03/2022","23:45:00","23:55:00",25,"Buffet ",21,4.8,18,"scooter ",2,"No ","Metropolitian ","Cloudy","Low ",0
"6/03/2022","21:15:00","21:20:00",16,"Buffet ",20,5,15,"scooter ",1,"No ","Metropolitian ","Sunny","Jam ",1
"20/03/2022","17:20:00","17:35:00",26,"Buffet ",21,4.6,22,"scooter ",2,"No ","Urban ","Windy","Medium ",1
"9/03/2022","20:35:00","20:40:00",45,"Meal ",33,4,8,"motorcycle ",0,"No ","Metropolitian ","Stormy","Jam ",1
"18/03/2022","21:45:00","21:55:00",29,"Drinks ",39,4.9,2,"scooter ",1,"No ","Metropolitian ","Stormy","Jam ",1
"25/03/2022","20:40:00","20:55:00",25,"Drinks ",24,4.8,9,"motorcycle ",0,"No ","Metropolitian ","Windy","Jam ",1
"16/03/2022","18:35:00","18:45:00",23,"Drinks ",39,4.8,9,"scooter ",2,"No ","Metropolitian ","Windy","Medium ",0
"16/02/2022","19:35:00","19:45:00",40,"Buffet ",32,4.6,23,"electric_scooter ",2,"No ","Urban ","Cloudy","Jam ",1
"2/04/2022","19:00:00","19:15:00",20,"Meal ",33,4.8,23,"scooter ",1,"No ","Metropolitian ","Sunny","Medium ",0
"12/02/2022","23:40:00","23:50:00",15,"Drinks ",28,4.9,22,"motorcycle ",2,"No ","Urban ","Windy","Low ",1
"7/03/2022","20:50:00","21:00:00",12,"Drinks ",20,4.7,23,"motorcycle ",1,"No ","Urban ","Sandstorms","Jam ",0
"2/04/2022","22:25:00","22:30:00",33,"Snack ",21,3.5,2,"motorcycle ",1,"No ","Metropolitian ","Sunny","Low ",1
"10/03/2022","17:20:00","17:30:00",28,"Buffet ",27,4.9,19,"scooter ",1,"No ","Metropolitian ","Sandstorms","Medium ",1
"18/02/2022","21:50:00","22:00:00",39,"Snack ",23,4.8,4,"motorcycle ",0,"No ","Metropolitian ","Fog","Jam ",2
"21/03/2022","14:25:00","14:35:00",27,"Drinks ",34,4.9,14,"motorcycle ",1,"No ","Metropolitian ","Windy","High ",1
"11/02/2022","11:40:00","11:50:00",21,"Snack ",20,4.7,16,"motorcycle ",1,"No ","Urban ","Fog","High ",0
"2/04/2022","17:55:00","18:00:00",25,"Drinks ",35,4.9,22,"scooter ",2,"No ","Urban ","Sunny","Medium ",1
"8/03/2022","22:00:00","22:10:00",30,"Meal ",20,4.8,17,"motorcycle ",0,"No ","Urban ","Stormy","Jam ",1
"16/03/2022","23:30:00","23:45:00",24,"Drinks ",23,4.7,15,"motorcycle ",0,"No ","Urban ","Fog","Low ",1
"4/04/2022","22:50:00","22:55:00",18,"Meal ",33,4.9,22,"electric_scooter ",2,"No ","Metropolitian ","Stormy","Low ",1
"10/03/2022","18:15:00","18:30:00",34,"Drinks ",32,4.2,2,"scooter ",1,"No ","Metropolitian ","Cloudy","Medium ",1
"17/02/2022","9:35:00","9:45:00",23,"Drinks ",32,4.3,7,"motorcycle ",0,"No ","Metropolitian ","Stormy","Low ",1
"12/02/2022","21:50:00","21:55:00",28,"Meal ",32,4.6,3,"scooter ",1,"No ","Metropolitian ","Sandstorms","Jam ",1
"30/03/2022","15:40:00","15:50:00",38,"Drinks ",37,4.9,3,"motorcycle ",0,"No ","Metropolitian ","Sandstorms","Medium ",1
"18/02/2022","23:45:00","23:50:00",28,"Buffet ",37,4.9,19,"motorcycle ",0,"No ","Urban ","Windy","Low ",0
"2/04/2022","21:25:00","21:30:00",49,"Drinks ",32,4.3,6,"motorcycle ",0,"No ","Metropolitian ","Windy","Jam ",1
"14/03/2022","21:50:00","22:05:00",24,"Buffet ",27,4.7,18,"scooter ",1,"No ","Metropolitian ","Stormy","Jam ",1
"3/03/2022","23:40:00","23:55:00",16,"Buffet ",24,4.6,12,"electric_scooter ",2,"No ","Metropolitian ","Fog","Low ",1
"2/04/2022","22:35:00","22:50:00",33,"Buffet ",32,4.4,1,"scooter ",1,"No ","Metropolitian ","Cloudy","Low ",1
"4/03/2022","20:20:00","20:35:00",15,"Meal ",21,4.7,16,"scooter ",1,"No ","Metropolitian ","Stormy","Jam ",1
"14/03/2022","21:30:00","21:45:00",29,"Buffet ",39,4.9,23,"scooter ",2,"No ","Metropolitian ","Windy","Jam ",1
"24/03/2022","10:15:00","10:30:00",19,"Meal ",35,4.9,23,"scooter ",1,"No ","Metropolitian ","Fog","Low ",1
"8/03/2022","17:10:00","17:15:00",38,"Meal ",31,4,13,"scooter ",2,"No ","Metropolitian ","Fog","Medium ",1
"29/03/2022","22:45:00","23:00:00",35,"Meal ",33,4.7,2,"motorcycle ",0,"No ","Metropolitian ","Fog","Low ",1
"12/03/2022","20:10:00","20:15:00",38,"Snack ",34,3.8,1,"motorcycle ",1,"No ","Metropolitian ","Windy","Jam ",2
"17/03/2022","19:50:00","19:55:00",47,"Buffet ",38,4.1,2,"motorcycle ",0,"No ","Metropolitian ","Sandstorms","Jam ",1
"10/03/2022","18:30:00","18:35:00",48,"Snack ",37,4.6,13,"motorcycle ",0,"No ","Metropolitian ","Windy","Medium ",1
"28/03/2022","12:00:00","12:15:00",32,"Drinks ",36,4.4,2,"scooter ",2,"No ","Metropolitian ","Stormy","High ",1
"15/02/2022","23:10:00","23:20:00",28,"Snack ",33,4.7,5,"motorcycle ",2,"No ","Metropolitian ","Sandstorms","Low ",1
"1/03/2022","23:45:00","23:55:00",25,"Snack ",39,4.6,21,"scooter ",1,"No ","Metropolitian ","Windy","Low ",0
"27/03/2022","18:00:00","18:15:00",10,"Snack ",23,4.8,19,"motorcycle ",2,"No ","Urban ","Sunny","Medium ",0
"6/03/2022","23:00:00","23:05:00",15,"Snack ",36,4.9,9,"scooter ",2,"No ","Metropolitian ","Windy","Low ",0
"21/03/2022","9:35:00","9:50:00",15,"Drinks ",32,4.6,15,"motorcycle ",1,"No ","Urban ","Fog","Low ",0
"1/04/2022","10:20:00","10:35:00",23,"Drinks ",23,4.1,23,"motorcycle ",0,"No ","Metropolitian ","Windy","Low ",0
"5/04/2022","11:15:00","11:25:00",32,"Buffet ",30,4.7,17,"motorcycle ",2,"No ","Urban ","Sandstorms","High ",1
"2/04/2022","21:45:00","21:55:00",42,"Meal ",21,4.5,1,"motorcycle ",0,"No ","Metropolitian ","Fog","Jam ",1
"6/03/2022","19:15:00","19:20:00",36,"Meal ",20,4.9,15,"electric_scooter ",2,"No ","Metropolitian ","Fog","Jam ",1
"4/04/2022","23:10:00","23:15:00",28,"Buffet ",31,4.7,16,"motorcycle ",0,"No ","Urban ","Sandstorms","Low ",1
"5/04/2022","9:35:00","9:50:00",24,"Snack ",38,4.7,22,"scooter ",1,"No ","Metropolitian ","Sandstorms","Low ",1
"1/03/2022","11:50:00","12:00:00",28,"Meal ",26,4.8,16,"motorcycle ",2,"No ","Metropolitian ","Windy","High ",1
"2/03/2022","20:50:00","20:55:00",35,"Meal ",29,4.8,15,"motorcycle ",1,"No ","Metropolitian ","Stormy","Jam ",1
"12/03/2022","21:25:00","21:40:00",35,"Buffet ",31,4.8,12,"motorcycle ",2,"No ","Metropolitian ","Cloudy","Jam ",1
"3/04/2022","17:45:00","17:50:00",27,"Meal ",35,4.9,22,"motorcycle ",0,"No ","Metropolitian ","Stormy","Medium ",1
"1/03/2022","18:40:00","18:50:00",33,"Buffet ",30,5,13,"motorcycle ",0,"No ","Metropolitian ","Stormy","Medium ",1
"7/03/2022","8:10:00","8:25:00",13,"Drinks ",33,5,15,"scooter ",1,"No ","Urban ","Stormy","Low ",0
"28/03/2022","10:10:00","10:25:00",26,"Snack ",35,4.5,23,"scooter ",2,"No ","Metropolitian ","Sandstorms","Low ",0
"11/02/2022","9:20:00","9:35:00",21,"Drinks ",24,4.9,17,"scooter ",2,"No ","Urban ","Sunny","Low ",0
"23/03/2022","17:40:00","17:45:00",26,"Snack ",39,4.9,16,"scooter ",1,"No ","Metropolitian ","Windy","Medium ",1
"18/02/2022","19:00:00","19:15:00",29,"Buffet ",26,4.9,6,"scooter ",2,"No ","Metropolitian ","Sandstorms","Medium ",1
"20/03/2022","18:20:00","18:25:00",21,"Meal ",37,4.5,3,"motorcycle ",1,"No ","Urban ","Windy","Medium ",1
"4/04/2022","19:30:00","19:45:00",30,"Drinks ",29,4.5,4,"scooter ",1,"No ","Metropolitian ","Fog","Jam ",0
"15/03/2022","9:30:00","9:40:00",22,"Buffet ",21,4.4,9,"motorcycle ",0,"No ","Metropolitian ","Stormy","Low ",0
"3/03/2022","10:15:00","10:25:00",21,"Snack ",20,4.3,2,"motorcycle ",0,"No ","Urban ","Stormy","Low ",1
"4/04/2022","20:25:00","20:40:00",42,"Snack ",20,4.9,8,"scooter ",1,"No ","Metropolitian ","Fog","Jam ",1
"15/03/2022","21:45:00","21:55:00",23,"Snack ",29,4.9,9,"motorcycle ",0,"No ","Metropolitian ","Cloudy","Jam ",1
"14/03/2022","17:50:00","17:55:00",25,"Meal ",28,4.7,23,"electric_scooter ",2,"No ","Metropolitian ","Cloudy","Medium ",1
"14/03/2022","23:25:00","23:35:00",23,"Drinks ",38,4.9,9,"scooter ",1,"No ","Metropolitian ","Sunny","Low ",0
"18/03/2022","19:45:00","19:50:00",38,"Buffet ",20,5,17,"motorcycle ",0,"No ","Metropolitian ","Fog","Jam ",1
"6/04/2022","18:55:00","19:10:00",34,"Snack ",35,4.1,3,"motorcycle ",1,"No ","Metropolitian ","Windy","Medium ",2
"29/03/2022","17:25:00","17:30:00",45,"Snack ",33,4.6,6,"motorcycle ",0,"Yes ","Metropolitian ","Cloudy","Medium ",3
"28/03/2022","20:20:00","20:35:00",20,"Drinks ",27,4.7,19,"motorcycle ",2,"No ","Metropolitian ","Windy","Jam ",1
"29/03/2022","19:40:00","19:50:00",35,"Snack ",36,4.5,6,"scooter ",2,"No ","Metropolitian ","Stormy","Jam ",1
"10/03/2022","18:40:00","18:55:00",31,"Meal ",34,3.8,6,"scooter ",1,"No ","Metropolitian ","Stormy","Medium ",0
"13/03/2022","19:20:00","19:25:00",32,"Drinks ",33,4.1,5,"motorcycle ",0,"No ","Metropolitian ","Sandstorms","Jam ",1
"15/02/2022","15:50:00","15:55:00",19,"Buffet ",34,4.7,8,"scooter ",1,"No ","Metropolitian ","Sunny","Medium ",0
"7/03/2022","18:45:00","18:50:00",28,"Drinks ",27,4.8,22,"motorcycle ",0,"No ","Urban ","Stormy","Medium ",1
"15/03/2022","9:25:00","9:35:00",17,"Buffet ",29,4.9,23,"motorcycle ",1,"No ","Urban ","Sunny","Low ",1
"26/03/2022","10:15:00","10:30:00",19,"Snack ",24,4.6,19,"motorcycle ",0,"No ","Urban ","Cloudy","Low ",1
"16/02/2022","19:35:00","19:45:00",26,"Meal ",32,4.8,6,"motorcycle ",1,"No ","Metropolitian ","Sunny","Jam ",1
"27/03/2022","17:15:00","17:25:00",39,"Meal ",36,4.4,4,"motorcycle ",0,"No ","Metropolitian ","Stormy","Medium ",2
"11/02/2022","20:25:00","20:40:00",36,"Drinks ",31,4.8,3,"scooter ",1,"No ","Metropolitian ","Fog","Jam ",1
"30/03/2022","22:30:00","22:40:00",26,"Drinks ",37,4.6,13,"scooter ",2,"No ","Metropolitian ","Windy","Low ",1
"8/03/2022","19:45:00","19:55:00",30,"Meal ",22,4.8,16,"motorcycle ",0,"No ","Metropolitian ","Windy","Jam ",1
"1/04/2022","15:15:00","15:20:00",22,"Buffet ",21,4.8,22,"motorcycle ",0,"No ","Metropolitian ","Windy","Medium ",1
"8/03/2022","22:25:00","22:40:00",30,"Buffet ",33,4.7,23,"scooter ",2,"No ","Metropolitian ","Sunny","Low ",1
"18/03/2022","17:20:00","17:35:00",36,"Drinks ",24,4,23,"motorcycle ",2,"No ","Metropolitian ","Fog","Medium ",1
"13/03/2022","11:50:00","11:55:00",34,"Buffet ",34,4,5,"motorcycle ",0,"No ","Urban ","Cloudy","High ",1
"15/02/2022","18:00:00","18:05:00",27,"Drinks ",34,4.8,9,"motorcycle ",1,"No ","Metropolitian ","Sandstorms","Medium ",1
"1/03/2022","23:30:00","23:40:00",25,"Drinks ",32,4.8,17,"scooter ",2,"No ","Metropolitian ","Stormy","Low ",0
"26/03/2022","17:35:00","17:40:00",30,"Meal ",32,4.6,11,"motorcycle ",2,"No ","Metropolitian ","Sandstorms","Medium ",1
"3/04/2022","14:40:00","14:50:00",25,"Drinks ",29,4.7,23,"scooter ",1,"No ","Metropolitian ","Stormy","High ",1
"3/03/2022","22:45:00","22:55:00",19,"Buffet ",23,4.8,19,"motorcycle ",0,"No ","Metropolitian ","Sunny","Low ",0
"1/03/2022","8:45:00","8:55:00",14,"Snack ",24,4.8,17,"scooter ",2,"No ","Metropolitian ","Fog","Low ",0
"13/02/2022","23:20:00","23:30:00",22,"Drinks ",35,4.8,4,"electric_scooter ",2,"No ","Metropolitian ","Windy","Low ",1
"1/03/2022","18:30:00","18:45:00",31,"Meal ",39,4.8,3,"motorcycle ",0,"No ","Metropolitian ","Fog","Medium ",1
"26/03/2022","12:20:00","12:35:00",23,"Buffet ",35,4.7,23,"scooter ",2,"No ","Urban ","Sunny","High ",1
"14/02/2022","18:45:00","18:55:00",10,"Buffet ",23,4.9,18,"motorcycle ",1,"No ","Urban ","Sunny","Medium ",1
"15/03/2022","11:20:00","11:30:00",19,"Snack ",22,4.9,14,"scooter ",2,"No ","Metropolitian ","Sandstorms","High ",0
"24/03/2022","12:45:00","12:50:00",29,"Buffet ",39,4.8,1,"scooter ",2,"No ","Metropolitian ","Sandstorms","High ",1
"5/03/2022","8:10:00","8:20:00",25,"Buffet ",29,4.5,1,"motorcycle ",0,"No ","Urban ","Stormy","Low ",0
"25/03/2022","22:20:00","22:30:00",27,"Buffet ",31,4.6,23,"scooter ",1,"No ","Urban ","Sunny","Low ",0
"13/02/2022","20:55:00","21:10:00",29,"Meal ",31,5,23,"scooter ",1,"No ","Urban ","Fog","Jam ",0
"5/03/2022","23:45:00","23:50:00",12,"Meal ",24,4.8,18,"motorcycle ",2,"No ","Metropolitian ","Stormy","Low ",1
"29/03/2022","22:35:00","22:50:00",20,"Drinks ",22,4.9,22,"motorcycle ",1,"No ","Metropolitian ","Fog","Low ",0
"15/03/2022","0:00:00","0:10:00",26,"Drinks ",37,4.9,9,"scooter ",1,"No ","Metropolitian ","Windy","Low ",1
"29/03/2022","18:40:00","18:55:00",29,"Meal ",39,4.9,6,"motorcycle ",1,"No ","Metropolitian ","Windy","Medium ",0
"4/03/2022","20:00:00","20:15:00",27,"Drinks ",35,4.5,17,"scooter ",2,"No ","Metropolitian ","Stormy","Jam ",1
"15/03/2022","17:25:00","17:40:00",15,"Buffet ",30,4.9,21,"motorcycle ",1,"No ","Metropolitian ","Cloudy","Medium ",0
"9/03/2022","14:10:00","14:15:00",33,"Buffet ",30,4.6,13,"motorcycle ",2,"No ","Metropolitian ","Windy","High ",2
"10/03/2022","20:30:00","20:45:00",47,"Buffet ",32,4.8,16,"motorcycle ",0,"Yes ","Metropolitian ","Cloudy","Jam ",1
"3/04/2022","17:35:00","17:50:00",17,"Meal ",32,4.6,18,"scooter ",1,"No ","Urban ","Fog","Medium ",1
"21/03/2022","20:50:00","21:00:00",43,"Meal ",23,4.1,3,"motorcycle ",0,"No ","Metropolitian ","Sunny","Jam ",0
"14/03/2022","18:35:00","18:50:00",19,"Buffet ",27,4.9,12,"scooter ",1,"No ","Metropolitian ","Windy","Medium ",1
"23/03/2022","19:40:00","19:45:00",37,"Drinks ",27,4.6,3,"electric_scooter ",2,"No ","Metropolitian ","Fog","Jam ",2
"1/03/2022","8:10:00","8:15:00",26,"Drinks ",37,5,19,"motorcycle ",2,"No ","Metropolitian ","Sandstorms","Low ",0
"6/04/2022","18:55:00","19:00:00",26,"Buffet ",24,4.6,17,"scooter ",1,"No ","Urban ","Cloudy","Medium ",1
"14/02/2022","22:20:00","22:35:00",29,"Snack ",21,4.8,6,"scooter ",2,"No ","Metropolitian ","Stormy","Low ",1
"7/03/2022","16:20:00","16:25:00",28,"Drinks ",37,4.8,18,"motorcycle ",2,"No ","Metropolitian ","Windy","Medium ",1
"1/03/2022","17:40:00","17:50:00",18,"Buffet ",25,4.7,6,"scooter ",2,"No ","Metropolitian ","Fog","Medium ",1
"2/03/2022","23:50:00","0:05:00",40,"Snack ",36,4.9,22,"motorcycle ",0,"No ","Metropolitian ","Fog","Low ",1
"3/03/2022","18:25:00","18:40:00",22,"Snack ",35,4.9,16,"motorcycle ",0,"No ","Metropolitian ","Sunny","Medium ",1
"23/03/2022","17:35:00","17:40:00",27,"Buffet ",23,4.9,16,"scooter ",2,"No ","Metropolitian ","Cloudy","Medium ",1
"4/04/2022","19:40:00","19:50:00",28,"Drinks ",22,4.8,9,"scooter ",1,"No ","Metropolitian ","Sandstorms","Jam ",1
"20/03/2022","19:50:00","19:55:00",31,"Drinks ",26,4.8,3,"motorcycle ",1,"No ","Metropolitian ","Cloudy","Jam ",1
"6/03/2022","22:30:00","22:40:00",16,"Drinks ",34,4.7,18,"scooter ",2,"No ","Urban ","Stormy","Low ",0
"5/03/2022","21:35:00","21:50:00",40,"Meal ",39,4.4,19,"motorcycle ",0,"No ","Metropolitian ","Windy","Jam ",1
"6/04/2022","18:00:00","18:10:00",36,"Meal ",21,4.6,18,"scooter ",2,"No ","Metropolitian ","Cloudy","Medium ",0
"28/03/2022","9:55:00","10:00:00",18,"Meal ",25,4.6,12,"motorcycle ",0,"No ","Metropolitian ","Fog","Low ",1
"17/03/2022","21:30:00","21:45:00",41,"Snack ",37,4.9,12,"motorcycle ",0,"No ","Metropolitian ","Windy","Jam ",1
"14/02/2022","22:45:00","22:50:00",23,"Snack ",35,4.6,7,"motorcycle ",1,"No ","Metropolitian ","Sunny","Low ",1
"3/03/2022","8:10:00","8:20:00",18,"Meal ",21,4.8,13,"scooter ",2,"No ","Metropolitian ","Fog","Low ",1
"4/03/2022","18:50:00","19:00:00",25,"Buffet ",23,4.9,17,"motorcycle ",0,"No ","Urban ","Sunny","Medium ",1
"30/03/2022","10:20:00","10:25:00",16,"Meal ",30,4.8,23,"scooter ",2,"No ","Metropolitian ","Cloudy","Low ",1
"7/03/2022","13:20:00","13:25:00",29,"Meal ",39,4.6,23,"motorcycle ",0,"No ","Metropolitian ","Sunny","High ",0
"16/02/2022","18:20:00","18:35:00",25,"Buffet ",27,4.6,3,"scooter ",1,"No ","Metropolitian ","Windy","Medium ",1
"2/04/2022","22:35:00","22:45:00",25,"Buffet ",36,4.5,19,"scooter ",2,"No ","Metropolitian ","Sunny","Low ",0
"20/03/2022","17:10:00","17:20:00",28,"Snack ",20,4.9,19,"motorcycle ",1,"No ","Metropolitian ","Fog","Medium ",1
"3/03/2022","16:55:00","17:10:00",16,"Drinks ",31,5,16,"scooter ",2,"No ","Metropolitian ","Sunny","Medium ",1
"11/03/2022","12:35:00","12:50:00",28,"Buffet ",22,4.8,17,"electric_scooter ",2,"No ","Metropolitian ","Stormy","High ",1
"2/04/2022","20:15:00","20:20:00",33,"Drinks ",20,4.9,3,"motorcycle ",0,"No ","Metropolitian ","Sandstorms","Jam ",0
"9/03/2022","21:00:00","21:10:00",30,"Drinks ",23,4.9,19,"motorcycle ",0,"No ","Urban ","Windy","Jam ",1
"28/03/2022","10:40:00","10:55:00",23,"Meal ",28,4.8,19,"electric_scooter ",2,"No ","Metropolitian ","Sunny","Low ",1
"14/02/2022","18:45:00","19:00:00",15,"Drinks ",20,4.9,7,"scooter ",2,"No ","Metropolitian ","Sunny","Medium ",1
"24/03/2022","23:25:00","23:40:00",10,"Snack ",39,4.9,21,"electric_scooter ",2,"No ","Metropolitian ","Sunny","Low ",0
"6/04/2022","21:35:00","21:45:00",24,"Buffet ",36,4.9,22,"scooter ",1,"No ","Metropolitian ","Sunny","Jam ",1
"15/03/2022","9:40:00","9:50:00",16,"Buffet ",35,4.7,18,"motorcycle ",1,"No ","Urban ","Cloudy","Low ",1
"10/03/2022","18:45:00","18:50:00",29,"Buffet ",25,4.7,19,"motorcycle ",0,"No ","Metropolitian ","Stormy","Medium ",1
"12/02/2022","18:45:00","18:55:00",33,"Drinks ",26,4.3,3,"scooter ",1,"No ","Metropolitian ","Fog","Medium ",1
"16/03/2022","21:25:00","21:30:00",43,"Drinks ",26,4.8,23,"motorcycle ",0,"No ","Urban ","Cloudy","Jam ",0
"3/03/2022","22:40:00","22:55:00",25,"Drinks ",32,4.9,9,"scooter ",1,"No ","Metropolitian ","Windy","Low ",1
"23/03/2022","20:25:00","20:30:00",45,"Drinks ",39,4.4,3,"motorcycle ",1,"Yes ","Metropolitian ","Fog","Jam ",1
"2/03/2022","22:20:00","22:25:00",21,"Drinks ",35,4.5,2,"motorcycle ",1,"No ","Urban ","Stormy","Low ",0
"3/03/2022","21:35:00","21:50:00",29,"Buffet ",39,4.7,18,"motorcycle ",1,"No ","Urban ","Sandstorms","Jam ",1
"14/03/2022","20:35:00","20:50:00",48,"Buffet ",37,4.8,21,"motorcycle ",0,"No ","Metropolitian ","Windy","Jam ",1
"2/04/2022","18:15:00","18:20:00",18,"Meal ",29,4.9,22,"electric_scooter ",2,"No ","Metropolitian ","Sunny","Medium ",0
"19/03/2022","8:40:00","8:55:00",11,"Snack ",36,5,12,"scooter ",2,"No ","Metropolitian ","Sunny","Low ",0
"11/03/2022","9:10:00","9:25:00",27,"Buffet ",36,4.9,21,"scooter ",1,"No ","Metropolitian ","Windy","Low ",1
"4/03/2022","19:10:00","19:25:00",34,"Buffet ",25,4.1,5,"motorcycle ",0,"No ","Urban ","Sandstorms","Jam ",1
"28/03/2022","20:35:00","20:40:00",51,"Buffet ",29,4.1,9,"motorcycle ",0,"No ","Metropolitian ","Sunny","Jam ",3
"4/03/2022","20:45:00","21:00:00",49,"Buffet ",34,4.2,5,"motorcycle ",0,"Yes ","Metropolitian ","Windy","Jam ",3
"24/03/2022","16:30:00","16:40:00",18,"Drinks ",37,4.7,9,"scooter ",1,"No ","Metropolitian ","Cloudy","Medium ",1
"12/03/2022","20:40:00","20:45:00",28,"Drinks ",25,4.8,21,"motorcycle ",2,"No ","Metropolitian ","Windy","Jam ",1
"11/02/2022","8:35:00","8:50:00",19,"Drinks ",32,4.6,8,"scooter ",2,"No ","Metropolitian ","Fog","Low ",0
"31/03/2022","19:40:00","19:45:00",29,"Meal ",34,4.5,8,"motorcycle ",0,"No ","Metropolitian ","Sunny","Jam ",0
"23/03/2022","21:25:00","21:40:00",29,"Snack ",20,4.8,2,"scooter ",2,"No ","Metropolitian ","Windy","Jam ",1
"9/03/2022","23:50:00","23:55:00",25,"Drinks ",33,4.5,6,"motorcycle ",0,"No ","Urban ","Stormy","Low ",1
"27/03/2022","18:55:00","19:05:00",29,"Drinks ",24,4.9,3,"motorcycle ",2,"No ","Metropolitian ","Windy","Medium ",1
"24/03/2022","14:15:00","14:25:00",53,"Drinks ",20,3.9,7,"motorcycle ",0,"Yes ","Metropolitian ","Sunny","High ",1
"28/03/2022","20:55:00","21:00:00",20,"Buffet ",21,4.6,15,"motorcycle ",0,"No ","Metropolitian ","Fog","Jam ",0
"3/03/2022","8:30:00","8:35:00",24,"Drinks ",37,4.6,15,"motorcycle ",1,"No ","Urban ","Stormy","Low ",1
"15/02/2022","11:45:00","11:50:00",31,"Meal ",37,4,15,"motorcycle ",2,"No ","Metropolitian ","Stormy","High ",0
"20/03/2022","21:50:00","21:55:00",26,"Drinks ",34,4.5,9,"motorcycle ",1,"No ","Metropolitian ","Sandstorms","Jam ",1
"12/03/2022","20:50:00","21:05:00",31,"Buffet ",29,4.4,21,"scooter ",2,"No ","Metropolitian ","Cloudy","Jam ",1
"31/03/2022","18:25:00","18:30:00",41,"Meal ",36,4.7,3,"motorcycle ",0,"No ","Metropolitian ","Windy","Medium ",0
"3/04/2022","13:40:00","13:50:00",23,"Snack ",28,4.9,21,"motorcycle ",0,"No ","Metropolitian ","Cloudy","High ",1
"18/02/2022","19:10:00","19:20:00",36,"Meal ",35,3.7,12,"motorcycle ",1,"No ","Metropolitian ","Sandstorms","Jam ",1
"11/03/2022","9:20:00","9:25:00",24,"Buffet ",25,4.4,17,"motorcycle ",0,"No ","Metropolitian ","Windy","Low ",0
"31/03/2022","20:35:00","20:45:00",24,"Drinks ",23,4.7,9,"scooter ",1,"No ","Metropolitian ","Sandstorms","Jam ",1
"31/03/2022","23:10:00","23:25:00",12,"Snack ",23,4.7,14,"motorcycle ",2,"No ","Metropolitian ","Sandstorms","Low ",1
"15/03/2022","8:45:00","8:55:00",20,"Meal ",31,4.5,23,"motorcycle ",2,"No ","Metropolitian ","Windy","Low ",0
"20/03/2022","21:35:00","21:50:00",26,"Drinks ",32,4.7,16,"motorcycle ",1,"No ","Urban ","Sandstorms","Jam ",1
"14/03/2022","23:15:00","23:30:00",17,"Snack ",21,4.6,23,"motorcycle ",0,"No ","Urban ","Windy","Low ",1
"26/03/2022","13:15:00","13:30:00",36,"Meal ",37,4.7,1,"motorcycle ",0,"No ","Metropolitian ","Sandstorms","High ",1
"12/03/2022","20:15:00","20:30:00",37,"Meal ",25,4.6,13,"motorcycle ",0,"No ","Metropolitian ","Fog","Jam ",2
"5/03/2022","13:25:00","13:30:00",25,"Snack ",26,4.9,19,"scooter ",2,"No ","Urban ","Stormy","High ",1
"2/03/2022","20:45:00","20:50:00",30,"Buffet ",23,4.5,16,"motorcycle ",0,"No ","Metropolitian ","Windy","Jam ",1
"17/02/2022","10:20:00","10:30:00",13,"Buffet ",24,4.5,2,"scooter ",2,"No ","Metropolitian ","Fog","Low ",0
"30/03/2022","12:30:00","12:40:00",26,"Snack ",20,4.9,21,"motorcycle ",0,"No ","Metropolitian ","Fog","High ",0
"4/03/2022","19:30:00","19:40:00",14,"Buffet ",23,4.7,14,"scooter ",1,"No ","Metropolitian ","Sunny","Jam ",0
"11/02/2022","9:15:00","9:20:00",17,"Buffet ",22,4.6,8,"motorcycle ",1,"No ","Metropolitian ","Stormy","Low ",1
"26/03/2022","9:55:00","10:10:00",15,"Meal ",22,4.2,22,"motorcycle ",0,"No ","Metropolitian ","Windy","Low ",1
"16/02/2022","18:10:00","18:20:00",39,"Drinks ",22,4.8,6,"motorcycle ",0,"No ","Metropolitian ","Stormy","Medium ",1
"27/03/2022","19:35:00","19:45:00",44,"Meal ",31,3.8,1,"motorcycle ",1,"No ","Urban ","Stormy","Jam ",1
"18/03/2022","21:45:00","21:55:00",26,"Snack ",25,4.7,23,"motorcycle ",1,"No ","Urban ","Windy","Jam ",1
"19/03/2022","9:00:00","9:10:00",10,"Drinks ",20,4.7,23,"electric_scooter ",2,"No ","Urban ","Stormy","Low ",1
"7/03/2022","18:35:00","18:45:00",23,"Meal ",25,4.7,16,"motorcycle ",0,"No ","Metropolitian ","Sunny","Medium ",1
"3/04/2022","22:30:00","22:45:00",16,"Buffet ",28,4.8,22,"scooter ",1,"No ","Urban ","Fog","Low ",1
"17/02/2022","18:15:00","18:30:00",17,"Snack ",25,4.9,4,"motorcycle ",0,"No ","Metropolitian ","Sandstorms","Medium ",0
"11/03/2022","18:15:00","18:20:00",20,"Buffet ",28,4.9,17,"scooter ",1,"No ","Urban ","Stormy","Medium ",1
"20/03/2022","23:15:00","23:20:00",21,"Meal ",23,5,14,"motorcycle ",0,"No ","Metropolitian ","Sandstorms","Low ",0
"14/03/2022","19:15:00","19:25:00",47,"Snack ",30,4.8,12,"scooter ",1,"Yes ","Metropolitian ","Cloudy","Jam ",1
"21/03/2022","12:25:00","12:35:00",27,"Buffet ",21,4.8,23,"electric_scooter ",2,"No ","Metropolitian ","Stormy","High ",1
"14/02/2022","23:30:00","23:40:00",23,"Meal ",25,5,9,"motorcycle ",2,"No ","Metropolitian ","Fog","Low ",0
"15/03/2022","20:30:00","20:35:00",16,"Drinks ",34,4.5,19,"scooter ",1,"No ","Metropolitian ","Sunny","Jam ",1
"4/03/2022","23:00:00","23:05:00",25,"Buffet ",37,4.6,23,"scooter ",1,"No ","Metropolitian ","Sunny","Low ",1
"11/03/2022","22:00:00","22:05:00",24,"Meal ",21,4.9,22,"motorcycle ",1,"No ","Urban ","Fog","Jam ",1
"6/04/2022","19:10:00","19:25:00",29,"Buffet ",24,5,15,"motorcycle ",2,"No ","Metropolitian ","Sandstorms","Jam ",1
"7/03/2022","21:20:00","21:35:00",26,"Snack ",32,4.9,9,"scooter ",1,"No ","Metropolitian ","Windy","Jam ",1
"24/03/2022","15:25:00","15:40:00",20,"Meal ",29,4.8,17,"motorcycle ",0,"No ","Metropolitian ","Sunny","Medium ",0
"25/03/2022","19:55:00","20:05:00",20,"Drinks ",24,5,9,"motorcycle ",1,"No ","Metropolitian ","Sunny","Jam ",1
"31/03/2022","17:35:00","17:50:00",23,"Meal ",39,4.5,15,"electric_scooter ",2,"No ","Metropolitian ","Windy","Medium ",1
"12/03/2022","19:45:00","19:50:00",34,"Meal ",29,4.3,12,"motorcycle ",1,"No ","Metropolitian ","Fog","Jam ",1
"3/03/2022","13:25:00","13:30:00",26,"Buffet ",28,4.9,23,"motorcycle ",0,"No ","Metropolitian ","Sandstorms","High ",1
"9/03/2022","19:45:00","19:55:00",28,"Meal ",24,4.6,13,"scooter ",1,"No ","Metropolitian ","Fog","Jam ",1
"30/03/2022","17:35:00","17:50:00",22,"Buffet ",24,4.8,16,"scooter ",2,"No ","Metropolitian ","Sandstorms","Medium ",0
"11/03/2022","21:50:00","21:55:00",26,"Buffet ",26,5,15,"scooter ",1,"No ","Metropolitian ","Stormy","Jam ",1
"15/02/2022","23:55:00","0:10:00",26,"Snack ",30,4.2,4,"motorcycle ",0,"No ","Metropolitian ","Sandstorms","Low ",1
"21/03/2022","22:35:00","22:45:00",18,"Snack ",25,4.9,23,"motorcycle ",1,"No ","Metropolitian ","Stormy","Low ",1
"15/02/2022","10:20:00","10:25:00",26,"Snack ",30,4.7,7,"scooter ",2,"No ","Metropolitian ","Sandstorms","Low ",1
"20/03/2022","21:25:00","21:30:00",48,"Meal ",33,4.6,3,"motorcycle ",0,"Yes ","Metropolitian ","Windy","Jam ",2
"21/03/2022","18:35:00","18:45:00",22,"Meal ",20,4.9,23,"motorcycle ",0,"No ","Metropolitian ","Fog","Medium ",1
"12/02/2022","22:30:00","22:35:00",15,"Snack ",20,5,4,"scooter ",2,"No ","Metropolitian ","Sandstorms","Low ",0
"14/03/2022","17:50:00","18:05:00",16,"Buffet ",25,4.8,12,"scooter ",1,"No ","Metropolitian ","Stormy","Medium ",0
"6/03/2022","21:55:00","22:05:00",29,"Buffet ",28,4.6,22,"scooter ",1,"No ","Urban ","Stormy","Jam ",1
"23/03/2022","17:35:00","17:40:00",31,"Buffet ",33,4.2,5,"scooter ",2,"No ","Metropolitian ","Windy","Medium ",1
"19/03/2022","17:10:00","17:20:00",18,"Buffet ",38,4.9,19,"electric_scooter ",2,"No ","Urban ","Fog","Medium ",1
"1/04/2022","10:25:00","10:40:00",15,"Buffet ",33,4.7,23,"motorcycle ",1,"No ","Urban ","Fog","Low ",0
"29/03/2022","19:40:00","19:55:00",22,"Drinks ",26,4.6,14,"motorcycle ",0,"No ","Metropolitian ","Sunny","Jam ",0
"18/03/2022","0:00:00","0:15:00",28,"Meal ",38,4.9,8,"motorcycle ",2,"No ","Metropolitian ","Cloudy","Low ",0
"1/04/2022","20:45:00","20:55:00",39,"Drinks ",32,4.1,14,"motorcycle ",0,"No ","Metropolitian ","Sandstorms","Jam ",1
"10/03/2022","21:55:00","22:05:00",26,"Meal ",35,4.8,19,"motorcycle ",1,"No ","Urban ","Sunny","Jam ",1
"16/03/2022","19:50:00","20:00:00",32,"Drinks ",28,4.1,9,"motorcycle ",0,"No ","Metropolitian ","Stormy","Jam ",1
"7/03/2022","18:15:00","18:30:00",33,"Snack ",36,4.1,3,"motorcycle ",0,"No ","Metropolitian ","Windy","Medium ",1
"11/02/2022","11:00:00","11:05:00",17,"Drinks ",27,4.7,2,"motorcycle ",0,"No ","Metropolitian ","Fog","Low ",1
"31/03/2022","22:30:00","22:35:00",29,"Snack ",35,4.8,6,"scooter ",2,"No ","Metropolitian ","Sunny","Low ",1
"29/03/2022","17:50:00","18:05:00",25,"Drinks ",27,4.9,12,"motorcycle ",2,"No ","Metropolitian ","Cloudy","Medium ",0
"1/04/2022","17:40:00","17:45:00",19,"Buffet ",36,4.9,23,"scooter ",1,"No ","Metropolitian ","Sunny","Medium ",1
"14/02/2022","20:30:00","20:40:00",47,"Buffet ",34,4.3,6,"scooter ",2,"Yes ","Metropolitian ","Fog","Jam ",0
"11/03/2022","21:45:00","21:50:00",19,"Drinks ",27,4.9,19,"motorcycle ",1,"No ","Urban ","Sunny","Jam ",0
"4/03/2022","22:55:00","23:10:00",36,"Snack ",39,3.9,3,"motorcycle ",1,"No ","Urban ","Stormy","Low ",0
"19/03/2022","9:15:00","9:20:00",13,"Drinks ",20,4.9,19,"motorcycle ",1,"No ","Metropolitian ","Stormy","Low ",0
"27/03/2022","19:45:00","20:00:00",33,"Snack ",36,4.4,2,"motorcycle ",1,"No ","Urban ","Sandstorms","Jam ",1
"17/03/2022","8:55:00","9:00:00",16,"Buffet ",36,4.9,21,"motorcycle ",2,"No ","Urban ","Sunny","Low ",0
"8/03/2022","19:00:00","19:10:00",37,"Snack ",23,4.6,17,"motorcycle ",0,"No ","Metropolitian ","Sandstorms","Medium ",2
"25/03/2022","18:10:00","18:25:00",37,"Snack ",32,4,9,"motorcycle ",2,"No ","Metropolitian ","Fog","Medium ",1
"8/03/2022","23:20:00","23:30:00",31,"Snack ",20,2.5,9,"scooter ",2,"No ","Metropolitian ","Sunny","Low ",0
"5/04/2022","18:50:00","19:05:00",25,"Meal ",25,4.9,15,"motorcycle ",1,"No ","Metropolitian ","Windy","Medium ",0
"12/02/2022","23:25:00","23:40:00",40,"Snack ",33,4.9,19,"motorcycle ",0,"No ","Urban ","Fog","Low ",1
"31/03/2022","21:35:00","21:50:00",24,"Meal ",27,4.7,12,"motorcycle ",1,"No ","Metropolitian ","Sandstorms","Jam ",1
"18/03/2022","21:35:00","21:40:00",40,"Buffet ",39,3.8,22,"scooter ",2,"No ","Metropolitian ","Sandstorms","Jam ",1
"11/02/2022","21:35:00","21:40:00",26,"Drinks ",21,4.5,1,"motorcycle ",1,"No ","Urban ","Stormy","Jam ",1
"25/03/2022","20:45:00","20:50:00",31,"Snack ",22,4.6,8,"motorcycle ",0,"No ","Metropolitian ","Sandstorms","Jam ",1
"11/02/2022","22:10:00","22:15:00",19,"Buffet ",28,4.8,8,"scooter ",1,"No ","Metropolitian ","Windy","Low ",1
"21/03/2022","20:45:00","21:00:00",25,"Meal ",39,4.8,15,"motorcycle ",0,"No ","Urban ","Sunny","Jam ",1
"4/03/2022","23:55:00","0:00:00",22,"Drinks ",31,5,22,"motorcycle ",1,"No ","Urban ","Stormy","Low ",1
"14/03/2022","21:35:00","21:45:00",35,"Drinks ",30,4,4,"motorcycle ",0,"No ","Metropolitian ","Stormy","Jam ",0
"25/03/2022","19:10:00","19:15:00",48,"Snack ",35,4.1,4,"scooter ",1,"Yes ","Metropolitian ","Fog","Jam ",0
"10/03/2022","17:30:00","17:35:00",32,"Buffet ",34,4.2,6,"scooter ",2,"No ","Urban ","Windy","Medium ",1
"29/03/2022","20:40:00","20:45:00",36,"Buffet ",21,4.2,5,"scooter ",2,"No ","Metropolitian ","Cloudy","Jam ",1
"13/02/2022","23:30:00","23:35:00",14,"Buffet ",28,4.5,7,"motorcycle ",1,"No ","Metropolitian ","Stormy","Low ",0
"10/03/2022","23:00:00","23:15:00",20,"Buffet ",25,5,13,"motorcycle ",0,"No ","Metropolitian ","Fog","Low ",1
"26/03/2022","23:30:00","23:35:00",20,"Drinks ",35,4.6,23,"motorcycle ",0,"No ","Metropolitian ","Fog","Low ",1
"2/04/2022","23:35:00","23:50:00",28,"Meal ",39,4.7,21,"scooter ",1,"No ","Metropolitian ","Cloudy","Low ",1
"8/03/2022","20:45:00","21:00:00",44,"Buffet ",32,3.7,8,"motorcycle ",2,"No ","Metropolitian ","Sandstorms","Jam ",0
"12/03/2022","21:00:00","21:10:00",33,"Snack ",27,4.7,19,"electric_scooter ",2,"No ","Metropolitian ","Cloudy","Jam ",2
"13/02/2022","8:10:00","8:20:00",25,"Snack ",36,4.9,19,"motorcycle ",2,"No ","Urban ","Sandstorms","Low ",1
"23/03/2022","20:00:00","20:10:00",31,"Snack ",33,4.1,2,"motorcycle ",2,"No ","Metropolitian ","Sunny","Jam ",1
"4/04/2022","21:55:00","22:10:00",44,"Snack ",20,4,15,"scooter ",1,"No ","Metropolitian ","Fog","Jam ",2
"1/03/2022","17:45:00","17:55:00",19,"Snack ",26,4.6,7,"scooter ",1,"No ","Metropolitian ","Stormy","Medium ",1
"16/02/2022","19:20:00","19:25:00",28,"Buffet ",22,4.9,5,"motorcycle ",0,"No ","Metropolitian ","Windy","Jam ",1
"9/03/2022","21:20:00","21:30:00",33,"Meal ",22,5,17,"motorcycle ",0,"No ","Metropolitian ","Stormy","Jam ",1
"14/02/2022","20:25:00","20:35:00",40,"Drinks ",24,4.3,9,"motorcycle ",1,"No ","Metropolitian ","Fog","Jam ",1
"16/02/2022","20:30:00","20:35:00",27,"Snack ",33,4.7,4,"motorcycle ",1,"No ","Metropolitian ","Stormy","Jam ",1
"15/03/2022","14:55:00","15:05:00",24,"Snack ",21,4.9,12,"motorcycle ",1,"No ","Metropolitian ","Stormy","High ",1
"10/03/2022","22:30:00","22:45:00",24,"Buffet ",35,4.7,9,"motorcycle ",0,"No ","Metropolitian ","Sandstorms","Low ",1
"14/03/2022","20:20:00","20:30:00",29,"Meal ",24,4.9,21,"scooter ",2,"No ","Metropolitian ","Stormy","Jam ",1
"9/03/2022","20:15:00","20:20:00",27,"Drinks ",35,4.7,23,"scooter ",2,"No ","Metropolitian ","Sandstorms","Jam ",1
"4/03/2022","18:45:00","18:55:00",37,"Meal ",28,4.1,3,"motorcycle ",0,"No ","Metropolitian ","Stormy","Medium ",1
"13/02/2022","10:55:00","11:10:00",21,"Buffet ",35,4.9,5,"scooter ",2,"No ","Metropolitian ","Sandstorms","Low ",0
"17/03/2022","18:40:00","18:55:00",22,"Snack ",28,4.5,23,"motorcycle ",0,"No ","Metropolitian ","Sunny","Medium ",1
"31/03/2022","20:15:00","20:30:00",47,"Drinks ",20,4.7,9,"motorcycle ",0,"Yes ","Metropolitian ","Cloudy","Jam ",1
"6/04/2022","19:25:00","19:35:00",50,"Snack ",38,4.6,21,"motorcycle ",0,"No ","Metropolitian ","Sandstorms","Jam ",1
"15/03/2022","8:30:00","8:35:00",29,"Buffet ",26,4.4,23,"motorcycle ",0,"No ","Metropolitian ","Stormy","Low ",0
"23/03/2022","17:55:00","18:00:00",25,"Meal ",31,4.9,16,"motorcycle ",0,"No ","Metropolitian ","Sunny","Medium ",1
"3/04/2022","19:55:00","20:10:00",24,"Buffet ",24,4.9,22,"electric_scooter ",2,"No ","Metropolitian ","Stormy","Jam ",0
"5/04/2022","9:25:00","9:30:00",16,"Buffet ",39,4.8,15,"scooter ",2,"No ","Metropolitian ","Fog","Low ",0
"17/03/2022","19:50:00","19:55:00",47,"Buffet ",38,4.1,2,"motorcycle ",0,"No ","Metropolitian ","Sandstorms","Jam ",1
"9/03/2022","14:00:00","14:05:00",29,"Drinks ",33,4.6,14,"electric_scooter ",2,"No ","Metropolitian ","Sandstorms","High ",1
"16/02/2022","18:35:00","18:50:00",35,"Drinks ",23,4.3,6,"motorcycle ",0,"No ","Metropolitian ","Sandstorms","Medium ",1
"18/02/2022","21:35:00","21:45:00",46,"Meal ",38,4.6,7,"motorcycle ",0,"Yes ","Metropolitian ","Sandstorms","Jam ",1
"13/03/2022","15:50:00","16:00:00",26,"Drinks ",28,4.7,18,"scooter ",1,"No ","Metropolitian ","Sandstorms","Medium ",1
"10/03/2022","17:45:00","17:50:00",24,"Buffet ",36,4.8,15,"motorcycle ",1,"No ","Metropolitian ","Stormy","Medium ",1
"15/03/2022","21:10:00","21:20:00",14,"Snack ",25,4.7,15,"scooter ",2,"No ","Urban ","Windy","Jam ",1
"13/02/2022","21:20:00","21:30:00",34,"Snack ",23,4.7,18,"scooter ",2,"No ","Urban ","Cloudy","Jam ",1
"7/03/2022","8:20:00","8:30:00",22,"Snack ",27,4.5,6,"motorcycle ",0,"No ","Urban ","Sandstorms","Low ",1
"15/02/2022","10:35:00","10:50:00",27,"Meal ",35,4.6,4,"electric_scooter ",2,"No ","Metropolitian ","Stormy","Low ",0
"8/03/2022","19:00:00","19:15:00",26,"Drinks ",23,4.6,23,"motorcycle ",1,"No ","Metropolitian ","Windy","Medium ",1
"5/04/2022","14:50:00","14:55:00",16,"Meal ",28,4.5,3,"scooter ",2,"No ","Metropolitian ","Sandstorms","High ",0
"17/02/2022","22:50:00","23:00:00",23,"Drinks ",32,4.8,2,"motorcycle ",0,"No ","Metropolitian ","Fog","Low ",0
"19/03/2022","10:25:00","10:30:00",23,"Snack ",38,4.9,16,"scooter ",2,"No ","Metropolitian ","Sandstorms","Low ",0
"15/03/2022","22:40:00","22:50:00",14,"Meal ",25,4.9,17,"motorcycle ",1,"No ","Urban ","Fog","Low ",0
"11/03/2022","11:00:00","11:05:00",26,"Drinks ",32,4.9,9,"scooter ",1,"No ","Metropolitian ","Windy","Low ",1
"4/04/2022","17:15:00","17:20:00",19,"Meal ",24,4.8,18,"electric_scooter ",2,"No ","Metropolitian ","Windy","Medium ",1
"15/02/2022","22:00:00","22:15:00",20,"Meal ",34,4.7,3,"motorcycle ",0,"No ","Metropolitian ","Sunny","Jam ",0
"2/04/2022","20:40:00","20:50:00",19,"Meal ",20,4.7,22,"scooter ",2,"No ","Metropolitian ","Windy","Jam ",1
"4/03/2022","23:20:00","23:25:00",44,"Buffet ",22,2.9,4,"motorcycle ",2,"No ","Metropolitian ","Sunny","Low ",1
"2/04/2022","22:35:00","22:45:00",10,"Meal ",21,5,21,"motorcycle ",2,"No ","Metropolitian ","Stormy","Low ",0
"20/03/2022","19:50:00","20:00:00",21,"Snack ",27,4.6,22,"motorcycle ",0,"No ","Metropolitian ","Sunny","Jam ",0
"4/04/2022","22:40:00","22:45:00",29,"Snack ",24,4.9,21,"scooter ",1,"No ","Urban ","Sunny","Low ",1
"14/02/2022","17:25:00","17:40:00",24,"Drinks ",21,4.6,7,"scooter ",2,"No ","Metropolitian ","Stormy","Medium ",1
"13/03/2022","12:30:00","12:45:00",27,"Buffet ",37,4.5,18,"motorcycle ",1,"No ","Metropolitian ","Windy","High ",1
"16/03/2022","21:35:00","21:40:00",17,"Meal ",24,4.8,22,"scooter ",2,"No ","Urban ","Sandstorms","Jam ",1
"7/03/2022","15:15:00","15:30:00",20,"Meal ",26,4.8,21,"motorcycle ",1,"No ","Urban ","Stormy","Medium ",0
"28/03/2022","17:50:00","17:55:00",34,"Drinks ",33,5,6,"motorcycle ",2,"No ","Metropolitian ","Sandstorms","Medium ",1
"23/03/2022","23:20:00","23:30:00",24,"Buffet ",28,4.7,23,"motorcycle ",0,"No ","Metropolitian ","Cloudy","Low ",1
"21/03/2022","11:45:00","11:55:00",25,"Meal ",25,4.5,17,"motorcycle ",0,"No ","Metropolitian ","Cloudy","High ",0
"1/03/2022","16:30:00","16:40:00",10,"Meal ",21,4.8,9,"motorcycle ",0,"No ","Metropolitian ","Stormy","Medium ",1
"10/03/2022","18:20:00","18:35:00",35,"Meal ",21,5,17,"motorcycle ",1,"No ","Metropolitian ","Fog","Medium ",1
"5/03/2022","20:55:00","21:05:00",30,"Snack ",31,4.6,16,"motorcycle ",2,"No ","Metropolitian ","Sandstorms","Jam ",1
"4/04/2022","19:10:00","19:25:00",42,"Buffet ",22,4.3,13,"electric_scooter ",2,"No ","Metropolitian ","Cloudy","Jam ",2
"15/02/2022","19:20:00","19:35:00",17,"Meal ",33,4.8,6,"motorcycle ",1,"No ","Metropolitian ","Sunny","Jam ",1
"13/03/2022","15:20:00","15:30:00",19,"Drinks ",31,4.6,16,"motorcycle ",2,"No ","Urban ","Fog","Medium ",1
"16/02/2022","21:55:00","22:00:00",54,"Snack ",32,4.9,18,"motorcycle ",0,"No ","Semi-Urban ","Cloudy","Jam ",1
"26/03/2022","21:50:00","21:55:00",18,"Drinks ",23,4.8,23,"scooter ",1,"No ","Metropolitian ","Sunny","Jam ",0
"3/04/2022","19:10:00","19:20:00",29,"Drinks ",34,4.5,13,"scooter ",1,"No ","Metropolitian ","Fog","Jam ",1
"11/02/2022","21:15:00","21:25:00",30,"Buffet ",36,4.6,2,"scooter ",1,"No ","Metropolitian ","Sandstorms","Jam ",0
"13/02/2022","18:15:00","18:25:00",26,"Meal ",31,4.8,2,"motorcycle ",1,"No ","Metropolitian ","Windy","Medium ",0
"31/03/2022","19:50:00","20:05:00",27,"Meal ",37,4.9,13,"scooter ",2,"No ","Metropolitian ","Sandstorms","Jam ",1
"2/04/2022","19:25:00","19:40:00",26,"Drinks ",24,4.6,9,"motorcycle ",1,"No ","Metropolitian ","Windy","Jam ",1
"15/03/2022","19:35:00","19:45:00",20,"Drinks ",35,4.9,23,"motorcycle ",0,"No ","Metropolitian ","Sunny","Jam ",1
"2/03/2022","21:15:00","21:30:00",17,"Buffet ",21,4.8,18,"motorcycle ",2,"No ","Urban ","Stormy","Jam ",1
"27/03/2022","20:55:00","21:00:00",32,"Snack ",24,5,4,"scooter ",1,"No ","Metropolitian ","Cloudy","Jam ",1
"30/03/2022","14:30:00","14:45:00",33,"Buffet ",27,5,3,"motorcycle ",1,"No ","Metropolitian ","Cloudy","High ",1
"12/03/2022","21:25:00","21:35:00",42,"Meal ",23,4.8,19,"motorcycle ",0,"Yes ","Metropolitian ","Cloudy","Jam ",2
"14/03/2022","23:40:00","23:50:00",38,"Snack ",37,5,16,"motorcycle ",0,"No ","Urban ","Fog","Low ",1
"10/03/2022","19:20:00","19:30:00",28,"Drinks ",35,4.9,17,"scooter ",1,"No ","Metropolitian ","Sandstorms","Jam ",1
"23/03/2022","20:15:00","20:25:00",39,"Drinks ",23,5,9,"motorcycle ",0,"No ","Metropolitian ","Sandstorms","Jam ",2
"18/03/2022","19:15:00","19:25:00",37,"Drinks ",30,4.3,18,"motorcycle ",0,"No ","Metropolitian ","Sunny","Jam ",1
"24/03/2022","19:25:00","19:35:00",22,"Meal ",29,4.8,12,"motorcycle ",0,"No ","Metropolitian ","Fog","Jam ",1
"5/03/2022","23:35:00","23:50:00",10,"Snack ",25,4.9,9,"motorcycle ",1,"No ","Metropolitian ","Sunny","Low ",0
"5/03/2022","18:20:00","18:30:00",20,"Drinks ",21,5,16,"scooter ",2,"No ","Metropolitian ","Sunny","Medium ",1
"15/02/2022","13:30:00","13:40:00",26,"Snack ",24,4.7,9,"scooter ",2,"No ","Metropolitian ","Fog","High ",1
"13/03/2022","14:10:00","14:20:00",49,"Snack ",31,4.7,23,"motorcycle ",0,"Yes ","Semi-Urban ","Windy","High ",3
"12/02/2022","23:35:00","23:45:00",38,"Meal ",36,3.6,18,"scooter ",2,"No ","Metropolitian ","Stormy","Low ",2
"11/03/2022","11:40:00","11:50:00",22,"Meal ",20,4.6,18,"scooter ",1,"No ","Metropolitian ","Windy","High ",0
"15/02/2022","15:40:00","15:45:00",17,"Snack ",35,4.8,6,"scooter ",2,"No ","Metropolitian ","Stormy","Medium ",0
"4/03/2022","21:35:00","21:40:00",19,"Meal ",34,4.7,15,"scooter ",2,"No ","Urban ","Stormy","Jam ",1
"18/02/2022","20:00:00","20:10:00",36,"Buffet ",39,4.1,12,"motorcycle ",1,"No ","Metropolitian ","Sandstorms","Jam ",1
"6/04/2022","22:15:00","22:20:00",29,"Snack ",34,4.8,22,"motorcycle ",1,"No ","Urban ","Stormy","Low ",1
"24/03/2022","13:45:00","14:00:00",33,"Snack ",33,5,2,"scooter ",1,"No ","Metropolitian ","Sandstorms","High ",1
"20/03/2022","19:30:00","19:40:00",36,"Drinks ",27,4.3,11,"scooter ",1,"No ","Metropolitian ","Fog","Jam ",2
"18/03/2022","17:25:00","17:35:00",40,"Meal ",33,4,16,"electric_scooter ",2,"No ","Metropolitian ","Cloudy","Medium ",1
"5/04/2022","8:35:00","8:40:00",13,"Snack ",23,4.6,18,"scooter ",1,"No ","Metropolitian ","Fog","Low ",0
"24/03/2022","20:00:00","20:10:00",29,"Drinks ",26,4.7,9,"scooter ",1,"No ","Metropolitian ","Windy","Jam ",1
"5/04/2022","14:45:00","14:55:00",39,"Snack ",20,4.9,16,"motorcycle ",0,"No ","Urban ","Windy","High ",1
"11/02/2022","13:50:00","13:55:00",21,"Meal ",28,4.7,21,"scooter ",1,"No ","Urban ","Stormy","High ",0
"19/03/2022","12:15:00","12:30:00",23,"Snack ",22,4.8,9,"motorcycle ",0,"No ","Metropolitian ","Fog","High ",1
"6/04/2022","18:35:00","18:45:00",32,"Meal ",26,4.3,3,"motorcycle ",2,"No ","Metropolitian ","Fog","Medium ",1
"3/04/2022","23:30:00","23:35:00",18,"Drinks ",22,4,3,"motorcycle ",0,"No ","Urban ","Sandstorms","Low ",0
"12/02/2022","17:15:00","17:20:00",34,"Buffet ",21,4.4,3,"motorcycle ",0,"No ","Urban ","Windy","Medium ",1
"14/03/2022","23:10:00","23:25:00",44,"Drinks ",32,4,8,"motorcycle ",0,"No ","Metropolitian ","Fog","Low ",1
"15/02/2022","15:45:00","15:55:00",16,"Snack ",33,4.9,2,"scooter ",2,"No ","Metropolitian ","Fog","Medium ",0
"23/03/2022","19:55:00","20:05:00",28,"Snack ",28,4.6,17,"electric_scooter ",2,"No ","Metropolitian ","Sandstorms","Jam ",1
"3/03/2022","13:15:00","13:30:00",30,"Drinks ",35,4.9,17,"scooter ",2,"No ","Metropolitian ","Fog","High ",0
"6/03/2022","19:20:00","19:30:00",30,"Buffet ",27,4.7,18,"motorcycle ",0,"No ","Metropolitian ","Sunny","Jam ",1
"8/03/2022","17:25:00","17:30:00",32,"Meal ",33,3.9,6,"electric_scooter ",2,"No ","Metropolitian ","Windy","Medium ",1
"1/03/2022","15:30:00","15:45:00",10,"Snack ",28,4.9,16,"electric_scooter ",2,"No ","Urban ","Cloudy","Medium ",0
"5/04/2022","23:35:00","23:40:00",26,"Buffet ",31,4.8,19,"motorcycle ",0,"No ","Metropolitian ","Sunny","Low ",1
"18/03/2022","21:50:00","22:05:00",35,"Meal ",29,4.3,18,"motorcycle ",0,"No ","Metropolitian ","Windy","Jam ",0
"18/03/2022","23:25:00","23:30:00",37,"Drinks ",39,4.6,23,"motorcycle ",0,"No ","Urban ","Fog","Low ",1
"27/03/2022","17:50:00","18:05:00",49,"Drinks ",31,4.5,2,"motorcycle ",0,"Yes ","Metropolitian ","Cloudy","Medium ",1
"13/03/2022","20:40:00","20:45:00",29,"Buffet ",37,4.9,19,"scooter ",2,"No ","Metropolitian ","Cloudy","Jam ",1
"3/03/2022","19:15:00","19:30:00",15,"Buffet ",28,4.6,12,"scooter ",1,"No ","Metropolitian ","Windy","Jam ",1
"21/03/2022","9:35:00","9:40:00",20,"Meal ",38,4.4,17,"motorcycle ",0,"No ","Metropolitian ","Sandstorms","Low ",1
"1/03/2022","17:10:00","17:25:00",11,"Snack ",21,5,19,"motorcycle ",2,"No ","Urban ","Sunny","Medium ",0
"13/03/2022","16:15:00","16:25:00",11,"Buffet ",27,4.8,22,"motorcycle ",1,"No ","Urban ","Sunny","Medium ",0
"17/03/2022","19:10:00","19:15:00",25,"Buffet ",26,4.9,12,"motorcycle ",1,"No ","Metropolitian ","Cloudy","Jam ",1
"17/03/2022","10:50:00","11:05:00",18,"Meal ",31,4.7,16,"scooter ",1,"No ","Metropolitian ","Sunny","Low ",1
"14/02/2022","18:35:00","18:40:00",30,"Drinks ",20,4.8,19,"motorcycle ",0,"No ","Urban ","Windy","Medium ",1
"29/03/2022","18:40:00","18:50:00",31,"Drinks ",37,5,2,"motorcycle ",0,"No ","Urban ","Sunny","Medium ",1
"26/03/2022","10:45:00","10:55:00",20,"Buffet ",21,4.7,14,"motorcycle ",2,"No ","Metropolitian ","Sunny","Low ",1
"11/03/2022","17:25:00","17:30:00",24,"Snack ",22,4.5,16,"scooter ",1,"No ","Metropolitian ","Sandstorms","Medium ",0
"31/03/2022","21:55:00","22:05:00",46,"Snack ",38,4.8,11,"motorcycle ",0,"Yes ","Metropolitian ","Cloudy","Jam ",2
"21/03/2022","11:50:00","11:55:00",29,"Meal ",38,4.8,3,"electric_scooter ",2,"No ","Metropolitian ","Fog","High ",1
"13/03/2022","9:50:00","10:00:00",27,"Buffet ",35,4.2,3,"motorcycle ",0,"No ","Urban ","Stormy","Low ",1
"27/03/2022","23:30:00","23:45:00",25,"Snack ",38,4.8,16,"scooter ",1,"No ","Metropolitian ","Cloudy","Low ",1
"3/03/2022","8:25:00","8:40:00",22,"Buffet ",30,4.9,14,"motorcycle ",1,"No ","Metropolitian ","Stormy","Low ",1
"23/03/2022","22:15:00","22:25:00",20,"Snack ",21,4.6,23,"motorcycle ",0,"No ","Metropolitian ","Cloudy","Low ",1
"12/02/2022","23:40:00","23:50:00",15,"Meal ",34,5,3,"scooter ",1,"No ","Metropolitian ","Sandstorms","Low ",1
"6/03/2022","17:20:00","17:25:00",28,"Meal ",25,4.8,23,"motorcycle ",0,"No ","Metropolitian ","Sandstorms","Medium ",0
"5/03/2022","9:45:00","9:55:00",23,"Meal ",36,4.8,13,"motorcycle ",0,"No ","Metropolitian ","Sunny","Low ",0
"5/03/2022","9:55:00","10:10:00",19,"Meal ",23,4.6,16,"scooter ",2,"No ","Urban ","Stormy","Low ",1
"11/02/2022","18:20:00","18:25:00",26,"Snack ",24,4.7,5,"motorcycle ",0,"No ","Metropolitian ","Windy","Medium ",0
"18/03/2022","20:35:00","20:50:00",33,"Snack ",27,4.4,23,"motorcycle ",2,"No ","Metropolitian ","Cloudy","Jam ",1
"12/03/2022","19:30:00","19:35:00",41,"Meal ",28,4.1,6,"scooter ",2,"No ","Metropolitian ","Fog","Jam ",2
"13/02/2022","13:00:00","13:05:00",38,"Drinks ",38,4.1,17,"motorcycle ",1,"No ","Metropolitian ","Stormy","High ",2
"20/03/2022","19:45:00","19:55:00",41,"Snack ",34,4.9,4,"motorcycle ",0,"No ","Metropolitian ","Cloudy","Jam ",1
"18/03/2022","17:55:00","18:00:00",38,"Drinks ",36,4.4,14,"scooter ",1,"No ","Metropolitian ","Sandstorms","Medium ",1
"2/04/2022","22:00:00","22:15:00",43,"Meal ",20,4,6,"motorcycle ",1,"No ","Metropolitian ","Cloudy","Jam ",3
"10/03/2022","23:20:00","23:25:00",19,"Buffet ",25,4.9,21,"motorcycle ",0,"No ","Urban ","Stormy","Low ",1
"16/02/2022","22:40:00","22:55:00",26,"Snack ",28,5,4,"scooter ",2,"No ","Metropolitian ","Sunny","Low ",1
"18/02/2022","17:50:00","17:55:00",16,"Buffet ",26,4.5,4,"motorcycle ",1,"No ","Metropolitian ","Sandstorms","Medium ",1
"17/03/2022","21:30:00","21:35:00",25,"Snack ",30,4.7,19,"motorcycle ",1,"No ","Urban ","Cloudy","Jam ",1
"19/03/2022","15:55:00","16:00:00",16,"Buffet ",39,4.8,17,"motorcycle ",1,"No ","Urban ","Fog","Medium ",1
"4/04/2022","21:15:00","21:20:00",13,"Drinks ",29,5,21,"electric_scooter ",2,"No ","Metropolitian ","Sunny","Jam ",1
"1/04/2022","10:50:00","10:55:00",18,"Snack ",34,4.8,19,"motorcycle ",1,"No ","Metropolitian ","Sunny","Low ",1
"26/03/2022","11:45:00","11:55:00",31,"Buffet ",36,4,3,"motorcycle ",0,"No ","Metropolitian ","Stormy","High ",1
"3/03/2022","20:30:00","20:35:00",49,"Meal ",28,4.2,6,"motorcycle ",0,"No ","Metropolitian ","Sunny","Jam ",3
"11/02/2022","19:55:00","20:10:00",28,"Snack ",34,4.6,8,"motorcycle ",2,"No ","Metropolitian ","Stormy","Jam ",1
"14/03/2022","19:00:00","19:15:00",14,"Drinks ",28,4.6,23,"motorcycle ",2,"No ","Metropolitian ","Sunny","Medium ",0
"19/03/2022","18:10:00","18:15:00",30,"Buffet ",39,4.8,16,"scooter ",2,"No ","Urban ","Sandstorms","Medium ",1
"4/03/2022","19:20:00","19:25:00",45,"Drinks ",26,4.9,15,"motorcycle ",0,"No ","Metropolitian ","Sandstorms","Jam ",0
"20/03/2022","18:35:00","18:50:00",23,"Meal ",27,4.5,4,"motorcycle ",0,"No ","Urban ","Sunny","Medium ",1
"10/03/2022","21:00:00","21:05:00",25,"Meal ",35,4.7,19,"scooter ",1,"No ","Metropolitian ","Sandstorms","Jam ",1
"3/03/2022","10:45:00","11:00:00",24,"Drinks ",21,4.8,19,"motorcycle ",0,"No ","Metropolitian ","Fog","Low ",1
"9/03/2022","21:45:00","22:00:00",32,"Meal ",31,4.4,4,"scooter ",2,"No ","Urban ","Windy","Jam ",1
"14/02/2022","21:15:00","21:20:00",42,"Meal ",24,4.7,7,"scooter ",2,"No ","Metropolitian ","Fog","Jam ",2
"13/02/2022","11:20:00","11:35:00",14,"Buffet ",29,4.9,15,"motorcycle ",2,"No ","Urban ","Sandstorms","High ",0
"15/03/2022","15:40:00","15:50:00",16,"Snack ",26,4.8,18,"electric_scooter ",2,"No ","Metropolitian ","Sunny","Medium ",1
"18/02/2022","21:35:00","21:50:00",40,"Drinks ",27,4.7,2,"motorcycle ",0,"No ","Metropolitian ","Fog","Jam ",0
"7/03/2022","15:50:00","16:00:00",31,"Drinks ",38,4.2,5,"scooter ",2,"No ","Metropolitian ","Windy","Medium ",1
"3/04/2022","19:35:00","19:45:00",12,"Buffet ",23,4.7,23,"scooter ",1,"No ","Metropolitian ","Sandstorms","Jam ",0
"16/03/2022","22:40:00","22:55:00",25,"Snack ",36,4.8,13,"scooter ",1,"No ","Metropolitian ","Windy","Low ",1
"3/03/2022","17:20:00","17:35:00",23,"Meal ",27,4.5,22,"motorcycle ",2,"No ","Metropolitian ","Sandstorms","Medium ",1
"12/03/2022","20:10:00","20:20:00",44,"Meal ",29,4.2,3,"motorcycle ",1,"No ","Metropolitian ","Fog","Jam ",1
"20/03/2022","18:20:00","18:35:00",23,"Snack ",31,4.9,23,"motorcycle ",1,"No ","Urban ","Sandstorms","Medium ",1
"7/03/2022","19:40:00","19:55:00",25,"Snack ",25,4.6,16,"scooter ",2,"No ","Metropolitian ","Windy","Jam ",1
"29/03/2022","21:20:00","21:30:00",25,"Snack ",22,4.9,9,"motorcycle ",0,"No ","Metropolitian ","Stormy","Jam ",0
"3/03/2022","10:45:00","11:00:00",27,"Meal ",20,4.2,1,"motorcycle ",0,"No ","Metropolitian ","Stormy","Low ",0
"18/02/2022","23:30:00","23:40:00",39,"Snack ",22,2.7,14,"motorcycle ",2,"No ","Metropolitian ","Sandstorms","Low ",1
"27/03/2022","17:25:00","17:40:00",14,"Drinks ",22,4.8,22,"motorcycle ",1,"No ","Urban ","Sunny","Medium ",0
"13/03/2022","17:35:00","17:50:00",32,"Meal ",33,4.9,12,"motorcycle ",0,"No ","Metropolitian ","Windy","Medium ",0
"12/03/2022","21:25:00","21:30:00",28,"Buffet ",36,4.8,19,"scooter ",1,"No ","Metropolitian ","Sandstorms","Jam ",1
"13/03/2022","14:15:00","14:20:00",39,"Buffet ",36,4,5,"motorcycle ",0,"No ","Urban ","Windy","High ",2
"23/03/2022","21:55:00","22:10:00",35,"Drinks ",24,5,2,"motorcycle ",2,"No ","Metropolitian ","Fog","Jam ",2
"28/03/2022","8:25:00","8:40:00",19,"Meal ",26,4.6,16,"motorcycle ",0,"No ","Metropolitian ","Sunny","Low ",0
"5/04/2022","14:30:00","14:35:00",31,"Buffet ",32,4.6,19,"electric_scooter ",2,"No ","Metropolitian ","Sandstorms","High ",1
"19/03/2022","23:40:00","23:55:00",16,"Drinks ",26,5,17,"scooter ",1,"No ","Urban ","Stormy","Low ",1
"1/04/2022","8:25:00","8:35:00",15,"Drinks ",31,4.5,4,"scooter ",1,"No ","Urban ","Fog","Low ",1
"3/04/2022","9:20:00","9:25:00",23,"Snack ",23,4.8,23,"scooter ",2,"No ","Metropolitian ","Sunny","Low ",1
"12/02/2022","20:40:00","20:55:00",39,"Buffet ",35,4,19,"scooter ",2,"No ","Metropolitian ","Stormy","Jam ",1
"19/03/2022","21:25:00","21:30:00",35,"Meal ",38,4.1,23,"motorcycle ",0,"No ","Metropolitian ","Windy","Jam ",1
"11/03/2022","23:35:00","23:40:00",18,"Drinks ",23,4.7,18,"motorcycle ",2,"No ","Metropolitian ","Windy","Low ",1
"30/03/2022","10:20:00","10:25:00",16,"Meal ",30,4.8,23,"scooter ",2,"No ","Metropolitian ","Cloudy","Low ",1
"16/02/2022","19:45:00","19:50:00",30,"Buffet ",23,4.6,19,"motorcycle ",0,"No ","Urban ","Windy","Jam ",1
"8/03/2022","21:55:00","22:10:00",20,"Snack ",23,4.9,22,"scooter ",2,"No ","Urban ","Stormy","Jam ",1
"5/03/2022","23:00:00","23:10:00",31,"Drinks ",31,4,1,"motorcycle ",0,"No ","Metropolitian ","Stormy","Low ",0
"12/02/2022","22:35:00","22:50:00",17,"Drinks ",20,4.8,19,"motorcycle ",0,"No ","Urban ","Sandstorms","Low ",0
"13/03/2022","10:10:00","10:25:00",17,"Buffet ",24,4.9,15,"motorcycle ",1,"No ","Metropolitian ","Sandstorms","Low ",0
"6/04/2022","17:50:00","18:05:00",12,"Drinks ",28,4.6,15,"scooter ",2,"No ","Metropolitian ","Sunny","Medium ",1
"3/04/2022","18:20:00","18:35:00",13,"Buffet ",27,4.9,16,"motorcycle ",1,"No ","Urban ","Fog","Medium ",0
"2/04/2022","20:25:00","20:40:00",22,"Snack ",29,4.7,9,"motorcycle ",1,"No ","Metropolitian ","Stormy","Jam ",0
"25/03/2022","19:40:00","19:50:00",18,"Buffet ",23,4.9,9,"motorcycle ",1,"No ","Metropolitian ","Stormy","Jam ",1
"17/02/2022","21:35:00","21:40:00",12,"Drinks ",28,4.7,15,"motorcycle ",2,"No ","Urban ","Sunny","Jam ",0
"3/03/2022","19:50:00","19:55:00",18,"Drinks ",29,4.5,6,"motorcycle ",1,"No ","Urban ","Sunny","Jam ",1
"24/03/2022","11:35:00","11:45:00",27,"Snack ",24,4.8,13,"motorcycle ",0,"No ","Metropolitian ","Cloudy","High ",0
"5/03/2022","11:10:00","11:15:00",43,"Drinks ",37,5,16,"motorcycle ",0,"Yes ","Metropolitian ","Stormy","High ",0
"1/03/2022","23:20:00","23:25:00",28,"Snack ",33,4.5,18,"scooter ",2,"No ","Metropolitian ","Sandstorms","Low ",0
"16/03/2022","23:25:00","23:40:00",18,"Buffet ",23,4.8,13,"motorcycle ",2,"No ","Metropolitian ","Stormy","Low ",1
"13/03/2022","8:35:00","8:45:00",19,"Drinks ",21,4.9,23,"electric_scooter ",2,"No ","Metropolitian ","Sunny","Low ",0
"17/03/2022","23:50:00","0:05:00",16,"Snack ",29,4.9,22,"scooter ",2,"No ","Metropolitian ","Stormy","Low ",1
"8/03/2022","17:30:00","17:45:00",13,"Snack ",20,5,22,"scooter ",1,"No ","Metropolitian ","Sunny","Medium ",1
"1/03/2022","12:30:00","12:45:00",25,"Snack ",22,4.6,23,"scooter ",1,"No ","Metropolitian ","Fog","High ",0
"5/04/2022","19:45:00","19:55:00",20,"Meal ",27,4.6,19,"electric_scooter ",2,"No ","Metropolitian ","Windy","Jam ",1
"11/02/2022","16:50:00","16:55:00",29,"Snack ",33,4.6,22,"motorcycle ",1,"No ","Urban ","Stormy","Medium ",0
"31/03/2022","23:50:00","0:00:00",27,"Meal ",23,4.6,23,"motorcycle ",1,"No ","Metropolitian ","Fog","Low ",1
"11/03/2022","10:00:00","10:05:00",23,"Meal ",27,4.8,13,"motorcycle ",0,"No ","Metropolitian ","Fog","Low ",0
"26/03/2022","17:35:00","17:50:00",17,"Snack ",30,4.6,18,"scooter ",1,"No ","Urban ","Sunny","Medium ",1
"1/03/2022","18:40:00","18:50:00",33,"Buffet ",30,5,13,"motorcycle ",0,"No ","Metropolitian ","Stormy","Medium ",1
"10/03/2022","21:15:00","21:20:00",45,"Meal ",29,4.5,17,"motorcycle ",0,"No ","Metropolitian ","Fog","Jam ",0
"29/03/2022","20:40:00","20:45:00",43,"Buffet ",35,4.7,9,"motorcycle ",0,"No ","Metropolitian ","Fog","Jam ",1
"2/04/2022","22:25:00","22:30:00",29,"Drinks ",39,4.6,22,"motorcycle ",1,"No ","Urban ","Sunny","Low ",1
"28/03/2022","18:20:00","18:35:00",21,"Drinks ",24,4.6,23,"scooter ",2,"No ","Metropolitian ","Stormy","Medium ",1
"1/04/2022","23:55:00","0:05:00",23,"Snack ",31,4.7,9,"motorcycle ",1,"No ","Metropolitian ","Sandstorms","Low ",1
"11/03/2022","15:50:00","16:05:00",29,"Buffet ",37,4.7,23,"motorcycle ",0,"No ","Urban ","Sandstorms","Medium ",0
"17/02/2022","19:20:00","19:35:00",34,"Buffet ",38,4.2,9,"scooter ",2,"No ","Metropolitian ","Sandstorms","Jam ",0
"3/03/2022","11:15:00","11:20:00",48,"Meal ",20,3.6,8,"motorcycle ",0,"No ","Metropolitian ","Sunny","High ",1
"17/03/2022","23:45:00","23:55:00",16,"Drinks ",27,4.1,4,"motorcycle ",0,"No ","Metropolitian ","Sandstorms","Low ",0
"1/03/2022","23:20:00","23:30:00",16,"Snack ",22,4.2,4,"motorcycle ",0,"No ","Urban ","Stormy","Low ",1
"31/03/2022","21:00:00","21:05:00",36,"Drinks ",37,4.1,21,"scooter ",2,"No ","Urban ","Stormy","Jam ",1
"3/04/2022","22:35:00","22:40:00",22,"Buffet ",36,4.9,21,"motorcycle ",1,"No ","Metropolitian ","Stormy","Low ",1
"1/03/2022","9:50:00","9:55:00",23,"Drinks ",33,4.6,21,"scooter ",1,"No ","Metropolitian ","Windy","Low ",1
"23/03/2022","20:25:00","20:30:00",33,"Drinks ",24,5,4,"motorcycle ",0,"No ","Metropolitian ","Stormy","Jam ",1
"4/03/2022","20:00:00","20:15:00",35,"Meal ",32,3.7,5,"scooter ",2,"No ","Metropolitian ","Sandstorms","Jam ",1
"13/02/2022","9:45:00","9:55:00",11,"Drinks ",29,4.5,1,"motorcycle ",2,"No ","Urban ","Fog","Low ",0
"9/03/2022","19:55:00","20:05:00",43,"Snack ",29,4.4,22,"motorcycle ",0,"No ","Metropolitian ","Sunny","Jam ",1
"27/03/2022","17:50:00","17:55:00",22,"Drinks ",33,4.9,23,"electric_scooter ",2,"No ","Urban ","Sunny","Medium ",1
"12/03/2022","17:50:00","18:05:00",30,"Meal ",28,5,14,"scooter ",2,"No ","Metropolitian ","Fog","Medium ",0
"6/03/2022","22:10:00","22:20:00",20,"Buffet ",24,5,19,"scooter ",1,"No ","Metropolitian ","Sunny","Low ",0
"2/03/2022","20:20:00","20:25:00",37,"Drinks ",35,4.4,23,"motorcycle ",2,"No ","Metropolitian ","Sandstorms","Jam ",0
"5/04/2022","17:10:00","17:20:00",29,"Buffet ",20,4.6,17,"motorcycle ",0,"No ","Metropolitian ","Fog","Medium ",0
"30/03/2022","17:35:00","17:50:00",13,"Snack ",29,4.6,2,"motorcycle ",0,"No ","Urban ","Windy","Medium ",0
"28/03/2022","10:55:00","11:05:00",16,"Buffet ",24,4.9,15,"motorcycle ",1,"No ","Metropolitian ","Sandstorms","Low ",0
"17/03/2022","12:25:00","12:30:00",21,"Meal ",23,4.6,6,"motorcycle ",0,"No ","Metropolitian ","Cloudy","High ",0
"8/03/2022","22:35:00","22:40:00",23,"Buffet ",22,4.7,18,"motorcycle ",0,"No ","Metropolitian ","Windy","Low ",1
"4/03/2022","18:30:00","18:45:00",38,"Snack ",27,4,2,"motorcycle ",1,"No ","Metropolitian ","Stormy","Medium ",1
"7/03/2022","10:35:00","10:40:00",28,"Drinks ",33,4.6,17,"motorcycle ",1,"No ","Metropolitian ","Windy","Low ",1
"2/04/2022","18:15:00","18:30:00",27,"Snack ",35,4.5,19,"scooter ",2,"No ","Urban ","Sunny","Medium ",0
"17/03/2022","21:45:00","21:55:00",24,"Snack ",26,4.8,2,"motorcycle ",0,"No ","Metropolitian ","Sandstorms","Jam ",0
"28/03/2022","21:25:00","21:40:00",33,"Snack ",21,4.6,3,"scooter ",2,"No ","Metropolitian ","Cloudy","Jam ",0
"12/03/2022","19:45:00","19:50:00",34,"Meal ",29,4.3,12,"motorcycle ",1,"No ","Metropolitian ","Fog","Jam ",1
"2/03/2022","20:35:00","20:50:00",15,"Meal ",22,4.6,21,"motorcycle ",2,"No ","Metropolitian ","Sunny","Jam ",1
"23/03/2022","18:40:00","18:45:00",32,"Drinks ",32,4.1,7,"motorcycle ",2,"No ","Metropolitian ","Stormy","Medium ",1
"9/03/2022","23:20:00","23:25:00",19,"Meal ",33,4.7,14,"motorcycle ",1,"No ","Metropolitian ","Cloudy","Low ",0
"1/03/2022","17:40:00","17:50:00",25,"Meal ",33,5,13,"motorcycle ",0,"No ","Metropolitian ","Stormy","Medium ",0
"14/02/2022","22:15:00","22:20:00",16,"Drinks ",35,4.5,1,"electric_scooter ",2,"No ","Urban ","Sunny","Low ",1
"28/03/2022","20:25:00","20:35:00",32,"Meal ",36,4.2,1,"scooter ",1,"No ","Metropolitian ","Cloudy","Jam ",1
"11/02/2022","20:50:00","21:00:00",31,"Drinks ",33,4.1,3,"electric_scooter ",2,"No ","Urban ","Windy","Jam ",1
"21/03/2022","21:25:00","21:30:00",15,"Buffet ",21,4.9,23,"motorcycle ",0,"No ","Metropolitian ","Sandstorms","Jam ",0
"28/03/2022","17:45:00","18:00:00",22,"Snack ",22,4.8,22,"motorcycle ",0,"No ","Urban ","Fog","Medium ",1
"7/03/2022","15:55:00","16:10:00",20,"Buffet ",26,4.8,15,"motorcycle ",0,"No ","Urban ","Fog","Medium ",0
"5/04/2022","12:55:00","13:05:00",24,"Meal ",21,5,19,"scooter ",1,"No ","Metropolitian ","Fog","High ",1
"28/03/2022","14:25:00","14:35:00",26,"Meal ",23,4.6,22,"scooter ",1,"No ","Urban ","Fog","High ",0
"4/04/2022","20:30:00","20:40:00",29,"Snack ",31,4.5,9,"motorcycle ",2,"No ","Metropolitian ","Sunny","Jam ",1
"14/03/2022","20:00:00","20:15:00",35,"Meal ",37,4,4,"motorcycle ",0,"No ","Urban ","Sandstorms","Jam ",1
"29/03/2022","20:50:00","20:55:00",36,"Meal ",24,4.7,4,"motorcycle ",0,"No ","Metropolitian ","Cloudy","Jam ",1
"15/03/2022","20:30:00","20:40:00",35,"Buffet ",21,4.8,17,"motorcycle ",0,"No ","Urban ","Windy","Jam ",2
"18/03/2022","19:30:00","19:45:00",42,"Buffet ",36,4.7,21,"motorcycle ",2,"No ","Metropolitian ","Fog","Jam ",2
"17/02/2022","11:35:00","11:45:00",27,"Meal ",30,4.9,16,"scooter ",2,"No ","Urban ","Fog","High ",1
"19/03/2022","10:45:00","10:55:00",16,"Snack ",25,4.8,3,"electric_scooter ",2,"No ","Metropolitian ","Cloudy","Low ",1
"4/03/2022","22:20:00","22:30:00",30,"Meal ",38,4.7,21,"electric_scooter ",2,"No ","Metropolitian ","Stormy","Low ",0
"15/03/2022","19:25:00","19:35:00",21,"Meal ",26,4.9,18,"scooter ",1,"No ","Urban ","Cloudy","Jam ",1
"12/02/2022","17:35:00","17:45:00",42,"Drinks ",37,4.7,7,"motorcycle ",0,"No ","Metropolitian ","Fog","Medium ",1
"11/03/2022","19:00:00","19:15:00",16,"Snack ",32,4.9,18,"electric_scooter ",2,"No ","Metropolitian ","Fog","Medium ",0
"11/03/2022","15:20:00","15:30:00",28,"Buffet ",20,4.9,17,"motorcycle ",0,"No ","Metropolitian ","Stormy","Medium ",1
"21/03/2022","18:30:00","18:35:00",12,"Buffet ",27,5,19,"scooter ",1,"No ","Urban ","Fog","Medium ",1
"17/03/2022","10:20:00","10:30:00",13,"Buffet ",23,4.7,18,"scooter ",1,"No ","Urban ","Cloudy","Low ",1
"18/03/2022","22:20:00","22:30:00",20,"Meal ",20,4.7,22,"scooter ",1,"No ","Urban ","Cloudy","Low ",0
"1/04/2022","8:20:00","8:25:00",13,"Meal ",34,4.9,19,"scooter ",1,"No ","Urban ","Sunny","Low ",1
"17/02/2022","18:00:00","18:15:00",23,"Snack ",25,4.9,19,"scooter ",1,"No ","Urban ","Sandstorms","Medium ",0
"19/03/2022","10:20:00","10:35:00",15,"Drinks ",32,4.5,7,"scooter ",2,"No ","Metropolitian ","Cloudy","Low ",0
"13/02/2022","20:20:00","20:35:00",29,"Buffet ",36,4.7,8,"motorcycle ",0,"No ","Metropolitian ","Stormy","Jam ",1
"27/03/2022","22:25:00","22:35:00",22,"Buffet ",20,4.7,23,"motorcycle ",0,"No ","Metropolitian ","Fog","Low ",1
"18/03/2022","19:15:00","19:30:00",54,"Drinks ",39,4.1,5,"motorcycle ",0,"Yes ","Urban ","Stormy","Jam ",1
"21/03/2022","21:20:00","21:30:00",34,"Drinks ",35,4.7,1,"motorcycle ",1,"No ","Metropolitian ","Fog","Jam ",1
"3/03/2022","23:45:00","23:55:00",17,"Snack ",22,4.7,15,"motorcycle ",0,"No ","Urban ","Fog","Low ",1
"15/03/2022","19:00:00","19:05:00",25,"Drinks ",33,4.6,13,"motorcycle ",1,"No ","Metropolitian ","Sandstorms","Medium ",1
"28/03/2022","11:30:00","11:40:00",14,"Snack ",20,4.8,23,"motorcycle ",1,"No ","Metropolitian ","Sunny","High ",0
"17/02/2022","15:15:00","15:30:00",30,"Meal ",39,4.6,3,"scooter ",1,"No ","Metropolitian ","Sandstorms","Medium ",1
"7/03/2022","15:15:00","15:20:00",30,"Buffet ",38,5,21,"scooter ",1,"No ","Metropolitian ","Stormy","Medium ",1
"3/04/2022","22:50:00","23:05:00",16,"Buffet ",21,4.9,22,"scooter ",1,"No ","Metropolitian ","Stormy","Low ",0
"24/03/2022","10:20:00","10:30:00",14,"Drinks ",28,4.9,16,"motorcycle ",0,"No ","Metropolitian ","Sunny","Low ",0
"29/03/2022","21:40:00","21:45:00",37,"Snack ",34,4.1,3,"motorcycle ",0,"No ","Metropolitian ","Stormy","Jam ",1
"10/03/2022","22:10:00","22:20:00",21,"Drinks ",23,4.7,23,"motorcycle ",2,"No ","Metropolitian ","Fog","Low ",1
"8/03/2022","20:45:00","20:50:00",44,"Meal ",35,4.9,15,"motorcycle ",2,"Yes ","Metropolitian ","Sunny","Jam ",1
"4/04/2022","21:55:00","22:10:00",34,"Drinks ",20,4.4,23,"motorcycle ",0,"No ","Urban ","Sandstorms","Jam ",1
"2/03/2022","23:30:00","23:40:00",16,"Meal ",32,4.7,21,"electric_scooter ",2,"No ","Metropolitian ","Sunny","Low ",1
"8/03/2022","17:25:00","17:35:00",43,"Buffet ",37,4.9,23,"scooter ",2,"No ","Metropolitian ","Sunny","Medium ",3
"3/04/2022","13:15:00","13:30:00",34,"Snack ",36,4.6,15,"motorcycle ",2,"No ","Metropolitian ","Stormy","High ",1
"24/03/2022","23:45:00","23:50:00",14,"Snack ",27,4.8,13,"motorcycle ",2,"No ","Metropolitian ","Cloudy","Low ",1
"15/02/2022","11:45:00","11:55:00",30,"Buffet ",30,4.8,21,"scooter ",1,"No ","Urban ","Sandstorms","High ",1
"16/03/2022","18:10:00","18:15:00",15,"Meal ",25,4.7,22,"motorcycle ",0,"No ","Metropolitian ","Sunny","Medium ",1
"24/03/2022","11:30:00","11:40:00",37,"Buffet ",39,4.9,1,"scooter ",1,"No ","Metropolitian ","Fog","High ",1
"12/02/2022","20:15:00","20:30:00",28,"Drinks ",38,5,16,"electric_scooter ",2,"No ","Urban ","Sunny","Jam ",1
"24/03/2022","21:35:00","21:40:00",39,"Snack ",38,4,1,"motorcycle ",0,"No ","Metropolitian ","Windy","Jam ",0
"7/03/2022","11:50:00","12:00:00",38,"Drinks ",39,4.4,19,"scooter ",2,"No ","Metropolitian ","Fog","High ",1
"1/03/2022","11:50:00","12:00:00",33,"Meal ",20,4.7,15,"scooter ",1,"No ","Metropolitian ","Fog","High ",1
"3/04/2022","17:10:00","17:20:00",15,"Meal ",29,4.8,22,"motorcycle ",0,"No ","Urban ","Sandstorms","Medium ",0
"6/04/2022","23:10:00","23:20:00",24,"Snack ",27,4.6,16,"motorcycle ",1,"No ","Metropolitian ","Cloudy","Low ",0
"12/02/2022","20:40:00","20:55:00",46,"Buffet ",38,4.5,5,"motorcycle ",0,"No ","Metropolitian ","Fog","Jam ",2
"6/03/2022","17:40:00","17:55:00",26,"Drinks ",28,4.9,21,"scooter ",1,"No ","Metropolitian ","Windy","Medium ",1
"3/03/2022","8:25:00","8:40:00",23,"Meal ",31,4.8,23,"scooter ",2,"No ","Urban ","Stormy","Low ",0
"6/04/2022","18:00:00","18:15:00",24,"Meal ",37,4.8,22,"motorcycle ",2,"No ","Metropolitian ","Stormy","Medium ",1
"5/04/2022","11:20:00","11:30:00",17,"Snack ",27,4.5,17,"electric_scooter ",2,"No ","Urban ","Sunny","High ",1
"4/04/2022","22:45:00","23:00:00",14,"Meal ",29,4.8,22,"scooter ",1,"No ","Urban ","Windy","Low ",0
"3/04/2022","23:45:00","0:00:00",26,"Buffet ",34,4.9,18,"motorcycle ",2,"No ","Urban ","Sandstorms","Low ",1
"31/03/2022","18:50:00","18:55:00",16,"Buffet ",28,4.5,1,"scooter ",2,"No ","Urban ","Sunny","Medium ",1
"29/03/2022","22:55:00","23:00:00",39,"Drinks ",20,2.8,4,"scooter ",1,"No ","Urban ","Sunny","Low ",2
"8/03/2022","22:45:00","22:50:00",30,"Snack ",33,4.8,9,"motorcycle ",0,"No ","Metropolitian ","Sunny","Low ",1
"4/03/2022","22:55:00","23:10:00",21,"Buffet ",37,5,19,"motorcycle ",1,"No ","Metropolitian ","Windy","Low ",0
"12/03/2022","17:15:00","17:20:00",21,"Meal ",21,4.8,17,"scooter ",2,"No ","Metropolitian ","Stormy","Medium ",1
"23/03/2022","20:30:00","20:35:00",26,"Snack ",29,4.9,16,"motorcycle ",1,"No ","Metropolitian ","Stormy","Jam ",1
"14/03/2022","18:25:00","18:35:00",39,"Meal ",35,4.7,21,"motorcycle ",0,"No ","Metropolitian ","Cloudy","Medium ",1
"11/02/2022","17:00:00","17:10:00",24,"Meal ",25,4.8,2,"scooter ",1,"No ","Metropolitian ","Windy","Medium ",1
"23/03/2022","20:10:00","20:15:00",28,"Buffet ",28,4.8,16,"motorcycle ",1,"No ","Metropolitian ","Stormy","Jam ",1
"27/03/2022","17:40:00","17:45:00",33,"Buffet ",36,3.6,4,"scooter ",2,"No ","Urban ","Stormy","Medium ",0
"4/04/2022","22:55:00","23:10:00",28,"Buffet ",26,4.9,18,"scooter ",1,"No ","Metropolitian ","Fog","Low ",0
"10/03/2022","19:50:00","20:05:00",51,"Buffet ",32,4.6,16,"motorcycle ",0,"Yes ","Metropolitian ","Cloudy","Jam ",2
"23/03/2022","18:45:00","18:55:00",24,"Drinks ",20,4.7,21,"motorcycle ",2,"No ","Metropolitian ","Windy","Medium ",0
"21/03/2022","22:35:00","22:50:00",19,"Snack ",23,4.7,14,"electric_scooter ",2,"No ","Metropolitian ","Sunny","Low ",1
"14/03/2022","22:20:00","22:35:00",23,"Snack ",36,4.9,14,"scooter ",2,"No ","Metropolitian ","Sandstorms","Low ",0
"18/03/2022","23:00:00","23:10:00",23,"Buffet ",26,4.9,4,"motorcycle ",0,"No ","Metropolitian ","Cloudy","Low ",0
"1/04/2022","8:30:00","8:35:00",25,"Meal ",33,4.8,21,"motorcycle ",0,"No ","Metropolitian ","Cloudy","Low ",0
"8/03/2022","23:15:00","23:30:00",36,"Snack ",23,3.2,4,"motorcycle ",1,"No ","Metropolitian ","Sunny","Low ",1
"14/03/2022","19:35:00","19:50:00",36,"Snack ",29,4.7,19,"motorcycle ",0,"No ","Metropolitian ","Fog","Jam ",1
"16/03/2022","21:25:00","21:40:00",32,"Snack ",30,4.4,5,"scooter ",1,"No ","Urban ","Stormy","Jam ",0
"18/02/2022","21:40:00","21:55:00",31,"Snack ",26,4.4,4,"electric_scooter ",2,"No ","Metropolitian ","Sandstorms","Jam ",1
"11/02/2022","17:40:00","17:50:00",16,"Snack ",28,4.8,5,"motorcycle ",0,"No ","Metropolitian ","Windy","Medium ",0
"4/03/2022","23:40:00","23:45:00",15,"Buffet ",23,4.9,15,"motorcycle ",0,"No ","Metropolitian ","Windy","Low ",0
"18/03/2022","21:45:00","21:55:00",32,"Meal ",27,4.1,23,"motorcycle ",2,"No ","Metropolitian ","Cloudy","Jam ",0
"14/02/2022","19:20:00","19:30:00",46,"Buffet ",34,5,3,"motorcycle ",0,"No ","Metropolitian ","Windy","Jam ",1
"15/03/2022","18:00:00","18:10:00",19,"Meal ",26,4.9,12,"motorcycle ",2,"No ","Metropolitian ","Cloudy","Medium ",1
"16/02/2022","19:10:00","19:15:00",23,"Snack ",25,4.5,8,"scooter ",2,"No ","Metropolitian ","Sandstorms","Jam ",0
"4/03/2022","22:25:00","22:30:00",29,"Meal ",27,4.9,19,"motorcycle ",1,"No ","Metropolitian ","Fog","Low ",0
"5/03/2022","17:45:00","17:50:00",34,"Buffet ",33,4,9,"motorcycle ",1,"No ","Metropolitian ","Stormy","Medium ",1
"24/03/2022","10:35:00","10:40:00",17,"Snack ",31,4.7,22,"motorcycle ",2,"No ","Urban ","Fog","Low ",0
"1/03/2022","9:20:00","9:35:00",11,"Buffet ",31,4.7,18,"motorcycle ",2,"No ","Metropolitian ","Sunny","Low ",0
"13/02/2022","12:55:00","13:05:00",38,"Drinks ",34,4.7,4,"motorcycle ",2,"No ","Metropolitian ","Stormy","High ",1
"2/04/2022","18:55:00","19:00:00",21,"Buffet ",22,4.5,21,"motorcycle ",0,"No ","Metropolitian ","Sandstorms","Medium ",0
"7/03/2022","14:45:00","15:00:00",19,"Drinks ",21,4.7,13,"electric_scooter ",2,"No ","Metropolitian ","Windy","High ",1
"27/03/2022","19:45:00","19:55:00",38,"Drinks ",30,3.8,3,"motorcycle ",1,"No ","Metropolitian ","Stormy","Jam ",1
"11/02/2022","22:35:00","22:40:00",25,"Meal ",29,4,17,"motorcycle ",0,"No ","Metropolitian ","Stormy","Low ",0
"5/04/2022","10:00:00","10:10:00",23,"Snack ",25,4.1,6,"motorcycle ",0,"No ","Metropolitian ","Windy","Low ",1
"4/04/2022","20:40:00","20:55:00",22,"Drinks ",29,4.9,23,"scooter ",2,"No ","Urban ","Sunny","Jam ",1
"16/02/2022","20:20:00","20:25:00",31,"Snack ",30,3.8,16,"motorcycle ",1,"No ","Metropolitian ","Sandstorms","Jam ",1
"3/04/2022","19:55:00","20:05:00",29,"Buffet ",39,4.7,2,"motorcycle ",0,"No ","Metropolitian ","Fog","Jam ",1
"12/02/2022","21:10:00","21:25:00",30,"Snack ",32,4.9,3,"scooter ",1,"No ","Metropolitian ","Stormy","Jam ",1
"16/02/2022","19:55:00","20:00:00",50,"Buffet ",38,4.1,17,"motorcycle ",0,"No ","Metropolitian ","Sandstorms","Jam ",1
"3/04/2022","15:45:00","15:55:00",18,"Snack ",35,4.8,21,"scooter ",2,"No ","Metropolitian ","Sunny","Medium ",1
"9/03/2022","21:15:00","21:30:00",23,"Buffet ",29,4.7,18,"motorcycle ",0,"No ","Urban ","Fog","Jam ",1
"19/03/2022","17:45:00","17:50:00",20,"Snack ",29,4.7,13,"motorcycle ",2,"No ","Metropolitian ","Stormy","Medium ",1
"17/02/2022","19:20:00","19:25:00",29,"Drinks ",38,4.9,5,"scooter ",2,"No ","Metropolitian ","Fog","Jam ",1
"3/03/2022","23:55:00","0:00:00",29,"Meal ",25,4,3,"motorcycle ",0,"No ","Urban ","Windy","Low ",1
"31/03/2022","17:35:00","17:45:00",42,"Buffet ",34,4.7,6,"motorcycle ",0,"No ","Metropolitian ","Sandstorms","Medium ",1
"19/03/2022","8:10:00","8:20:00",26,"Snack ",22,4.1,18,"motorcycle ",0,"No ","Metropolitian ","Windy","Low ",0
"10/03/2022","22:10:00","22:25:00",27,"Meal ",33,5,17,"scooter ",2,"No ","Metropolitian ","Sunny","Low ",1
"11/02/2022","18:15:00","18:20:00",18,"Meal ",23,4.6,4,"motorcycle ",1,"No ","Metropolitian ","Stormy","Medium ",1
"3/04/2022","21:15:00","21:25:00",28,"Snack ",37,4.5,18,"scooter ",2,"No ","Metropolitian ","Fog","Jam ",0
"29/03/2022","22:35:00","22:45:00",12,"Snack ",27,4.9,15,"motorcycle ",1,"No ","Metropolitian ","Windy","Low ",0
"15/02/2022","20:55:00","21:05:00",26,"Drinks ",37,4.9,4,"motorcycle ",0,"No ","Metropolitian ","Stormy","Jam ",1
"19/03/2022","22:55:00","23:10:00",11,"Snack ",28,4.9,23,"electric_scooter ",2,"No ","Urban ","Cloudy","Low ",0
"15/02/2022","21:25:00","21:30:00",10,"Drinks ",28,4.9,15,"scooter ",2,"No ","Urban ","Stormy","Jam ",0
"26/03/2022","19:10:00","19:20:00",27,"Snack ",26,4.5,23,"motorcycle ",0,"No ","Metropolitian ","Fog","Jam ",1
"21/03/2022","21:35:00","21:40:00",39,"Drinks ",35,4.9,7,"motorcycle ",1,"No ","Metropolitian ","Fog","Jam ",2
"24/03/2022","20:10:00","20:25:00",24,"Drinks ",36,4.8,15,"motorcycle ",0,"No ","Urban ","Sunny","Jam ",1
"11/03/2022","8:40:00","8:50:00",23,"Meal ",33,4.8,22,"scooter ",2,"No ","Urban ","Windy","Low ",1
"13/03/2022","17:20:00","17:35:00",29,"Drinks ",34,4.6,17,"scooter ",2,"No ","Metropolitian ","Stormy","Medium ",1
"11/03/2022","18:00:00","18:10:00",15,"Meal ",25,4.6,9,"motorcycle ",1,"No ","Metropolitian ","Cloudy","Medium ",0
"1/04/2022","23:55:00","0:00:00",24,"Snack ",39,4.6,22,"motorcycle ",1,"No ","Urban ","Stormy","Low ",0
"16/03/2022","17:20:00","17:35:00",19,"Snack ",22,4.9,23,"motorcycle ",1,"No ","Metropolitian ","Stormy","Medium ",1
"11/03/2022","21:00:00","21:05:00",22,"Snack ",23,4.5,19,"scooter ",1,"No ","Metropolitian ","Cloudy","Jam ",0
"9/03/2022","9:10:00","9:15:00",26,"Meal ",36,4.9,23,"motorcycle ",0,"No ","Metropolitian ","Fog","Low ",0
"30/03/2022","13:55:00","14:00:00",20,"Meal ",24,4.7,3,"scooter ",1,"No ","Urban ","Windy","High ",1
"26/03/2022","22:00:00","22:15:00",39,"Snack ",32,4.2,1,"motorcycle ",1,"No ","Metropolitian ","Fog","Jam ",0
"6/04/2022","19:00:00","19:05:00",18,"Meal ",23,4.5,2,"motorcycle ",1,"No ","Metropolitian ","Windy","Medium ",1
"28/03/2022","17:50:00","17:55:00",34,"Drinks ",33,5,6,"motorcycle ",2,"No ","Metropolitian ","Sandstorms","Medium ",1
"10/03/2022","23:35:00","23:40:00",34,"Meal ",34,3.3,3,"motorcycle ",0,"No ","Metropolitian ","Sunny","Low ",1
"16/03/2022","21:00:00","21:05:00",15,"Meal ",28,4.5,14,"scooter ",2,"No ","Metropolitian ","Sunny","Jam ",0
"28/03/2022","8:35:00","8:45:00",23,"Snack ",22,4.6,23,"motorcycle ",0,"No ","Metropolitian ","Fog","Low ",1
"26/03/2022","8:45:00","8:50:00",27,"Snack ",28,4.1,13,"motorcycle ",0,"No ","Metropolitian ","Sandstorms","Low ",0
"2/03/2022","17:15:00","17:25:00",26,"Meal ",25,4.9,17,"motorcycle ",1,"No ","Urban ","Stormy","Medium ",1
"8/03/2022","17:35:00","17:45:00",19,"Snack ",26,4.6,22,"motorcycle ",2,"No ","Metropolitian ","Sandstorms","Medium ",1
"17/02/2022","11:30:00","11:35:00",44,"Drinks ",28,4.5,5,"motorcycle ",0,"No ","Metropolitian ","Sandstorms","High ",1
"13/02/2022","11:50:00","12:05:00",15,"Snack ",24,4.6,18,"motorcycle ",1,"No ","Urban ","Windy","High ",0
"16/02/2022","17:55:00","18:05:00",29,"Snack ",21,4.8,7,"scooter ",2,"No ","Metropolitian ","Windy","Medium ",0
"3/04/2022","20:40:00","20:45:00",33,"Meal ",30,4.8,5,"scooter ",1,"No ","Metropolitian ","Stormy","Jam ",1
"12/02/2022","19:20:00","19:25:00",37,"Buffet ",29,4.8,6,"motorcycle ",0,"No ","Metropolitian ","Stormy","Jam ",1
"13/02/2022","23:35:00","23:50:00",17,"Buffet ",20,4.7,21,"scooter ",1,"No ","Urban ","Sunny","Low ",0
"3/04/2022","18:35:00","18:45:00",19,"Snack ",30,4.7,22,"electric_scooter ",2,"No ","Metropolitian ","Cloudy","Medium ",1
"25/03/2022","21:35:00","21:45:00",44,"Drinks ",31,4.3,8,"motorcycle ",1,"No ","Metropolitian ","Windy","Jam ",0
"3/04/2022","15:35:00","15:50:00",27,"Drinks ",22,4.7,21,"scooter ",2,"No ","Urban ","Windy","Medium ",1
"2/04/2022","20:20:00","20:30:00",36,"Buffet ",31,4,3,"motorcycle ",0,"No ","Metropolitian ","Stormy","Jam ",1
"27/03/2022","20:35:00","20:50:00",22,"Snack ",23,4.7,23,"motorcycle ",1,"No ","Metropolitian ","Windy","Jam ",1
"23/03/2022","23:35:00","23:45:00",22,"Drinks ",26,4.6,18,"motorcycle ",0,"No ","Metropolitian ","Cloudy","Low ",0
"4/03/2022","17:40:00","17:45:00",42,"Buffet ",39,4.6,16,"motorcycle ",0,"No ","Metropolitian ","Fog","Medium ",1
"1/03/2022","11:10:00","11:15:00",23,"Meal ",21,4.7,18,"motorcycle ",0,"No ","Metropolitian ","Fog","High ",0
"15/03/2022","22:15:00","22:20:00",16,"Drinks ",20,5,23,"electric_scooter ",2,"No ","Metropolitian ","Windy","Low ",0
"5/03/2022","23:40:00","23:55:00",20,"Drinks ",33,5,23,"motorcycle ",2,"No ","Metropolitian ","Windy","Low ",1
"15/03/2022","19:00:00","19:10:00",30,"Meal ",30,4.9,23,"motorcycle ",0,"No ","Metropolitian ","Fog","Medium ",1
"20/03/2022","20:20:00","20:30:00",38,"Buffet ",31,4.4,7,"motorcycle ",0,"No ","Metropolitian ","Windy","Jam ",1
"6/03/2022","19:15:00","19:20:00",42,"Snack ",24,4.4,16,"scooter ",1,"No ","Metropolitian ","Fog","Jam ",0
"20/03/2022","18:15:00","18:25:00",34,"Meal ",37,3.6,4,"motorcycle ",1,"No ","Urban ","Stormy","Medium ",1
"3/03/2022","18:50:00","18:55:00",17,"Buffet ",27,5,18,"scooter ",2,"No ","Metropolitian ","Stormy","Medium ",1
"3/04/2022","19:15:00","19:20:00",28,"Drinks ",33,4.8,18,"scooter ",2,"No ","Metropolitian ","Sandstorms","Jam ",0
"29/03/2022","19:25:00","19:40:00",33,"Buffet ",33,4.2,13,"scooter ",1,"No ","Metropolitian ","Sunny","Jam ",1
"14/02/2022","22:10:00","22:25:00",22,"Drinks ",35,4.6,23,"motorcycle ",0,"No ","Urban ","Sandstorms","Low ",1
"11/03/2022","13:00:00","13:10:00",31,"Drinks ",31,5,21,"scooter ",1,"No ","Metropolitian ","Sandstorms","High ",1
"4/03/2022","21:30:00","21:35:00",25,"Drinks ",27,4.7,21,"scooter ",2,"No ","Metropolitian ","Sunny","Jam ",0
"3/03/2022","21:30:00","21:35:00",28,"Snack ",34,4.8,22,"motorcycle ",0,"No ","Urban ","Cloudy","Jam ",0
"14/03/2022","21:55:00","22:10:00",24,"Meal ",29,4.6,15,"motorcycle ",1,"No ","Metropolitian ","Sandstorms","Jam ",1
"3/04/2022","20:25:00","20:30:00",18,"Meal ",27,4.8,18,"motorcycle ",1,"No ","Urban ","Sandstorms","Jam ",0
"6/04/2022","23:40:00","23:50:00",29,"Drinks ",37,4.9,18,"motorcycle ",1,"No ","Urban ","Fog","Low ",1
"5/04/2022","19:55:00","20:05:00",51,"Snack ",24,3.5,1,"motorcycle ",0,"No ","Metropolitian ","Sunny","Jam ",1
"6/03/2022","21:30:00","21:35:00",38,"Meal ",25,4.7,19,"motorcycle ",0,"No ","Metropolitian ","Windy","Jam ",2
"30/03/2022","12:00:00","12:15:00",33,"Buffet ",25,4.3,4,"motorcycle ",0,"No ","Metropolitian ","Sandstorms","High ",1
"21/03/2022","9:00:00","9:10:00",18,"Drinks ",33,5,19,"electric_scooter ",2,"No ","Metropolitian ","Cloudy","Low ",1
"31/03/2022","18:50:00","19:00:00",26,"Buffet ",30,4.9,15,"motorcycle ",1,"No ","Metropolitian ","Stormy","Medium ",1
"13/03/2022","20:20:00","20:35:00",20,"Snack ",37,4.5,2,"electric_scooter ",2,"No ","Urban ","Sunny","Jam ",1
"21/03/2022","9:35:00","9:40:00",21,"Drinks ",32,4.9,16,"motorcycle ",0,"No ","Urban ","Fog","Low ",1
"15/02/2022","8:50:00","8:55:00",15,"Buffet ",38,4.5,3,"scooter ",1,"No ","Metropolitian ","Stormy","Low ",1
"3/03/2022","8:20:00","8:35:00",25,"Drinks ",30,5,23,"scooter ",2,"No ","Metropolitian ","Sandstorms","Low ",0
"5/04/2022","19:40:00","19:50:00",15,"Drinks ",22,4.9,17,"scooter ",2,"No ","Metropolitian ","Stormy","Jam ",0
"2/04/2022","19:30:00","19:35:00",29,"Snack ",26,4.6,5,"motorcycle ",2,"No ","Metropolitian ","Stormy","Jam ",1
"21/03/2022","18:20:00","18:35:00",29,"Meal ",21,4.8,3,"scooter ",2,"No ","Metropolitian ","Sandstorms","Medium ",1
"21/03/2022","21:35:00","21:50:00",20,"Meal ",29,4.8,17,"scooter ",1,"No ","Urban ","Cloudy","Jam ",0
"1/03/2022","17:15:00","17:20:00",33,"Drinks ",38,4,20,"motorcycle ",0,"No ","Metropolitian ","Fog","Medium ",1
"8/03/2022","23:10:00","23:20:00",29,"Snack ",34,4.7,21,"motorcycle ",0,"No ","Metropolitian ","Stormy","Low ",1
"30/03/2022","18:15:00","18:30:00",29,"Meal ",35,4.6,2,"scooter ",2,"No ","Metropolitian ","Stormy","Medium ",1
"30/03/2022","20:50:00","21:00:00",25,"Drinks ",24,4.7,21,"motorcycle ",0,"No ","Metropolitian ","Sandstorms","Jam ",1
"4/04/2022","19:00:00","19:15:00",23,"Snack ",23,4.6,16,"electric_scooter ",2,"No ","Metropolitian ","Windy","Medium ",0
"24/03/2022","22:50:00","22:55:00",15,"Buffet ",39,4.5,23,"motorcycle ",2,"No ","Metropolitian ","Cloudy","Low ",0
"6/03/2022","20:15:00","20:25:00",36,"Buffet ",22,4,4,"motorcycle ",0,"No ","Metropolitian ","Sandstorms","Jam ",1
"8/03/2022","21:55:00","22:05:00",17,"Meal ",26,4.7,9,"scooter ",1,"No ","Metropolitian ","Sunny","Jam ",0
"16/02/2022","18:10:00","18:25:00",33,"Snack ",21,4.2,9,"motorcycle ",0,"No ","Metropolitian ","Stormy","Medium ",1
"21/03/2022","21:20:00","21:30:00",31,"Drinks ",31,4,7,"motorcycle ",1,"No ","Metropolitian ","Stormy","Jam ",1
"9/03/2022","20:10:00","20:20:00",15,"Drinks ",29,4.9,18,"motorcycle ",1,"No ","Urban ","Sandstorms","Jam ",1
"18/02/2022","23:10:00","23:15:00",37,"Buffet ",39,3.6,13,"motorcycle ",2,"No ","Metropolitian ","Fog","Low ",2
"3/04/2022","19:15:00","19:30:00",31,"Drinks ",33,4,3,"motorcycle ",1,"No ","Metropolitian ","Sandstorms","Jam ",0
"2/03/2022","18:30:00","18:40:00",27,"Buffet ",36,4.5,18,"electric_scooter ",2,"No ","Metropolitian ","Sandstorms","Medium ",1
"3/04/2022","10:55:00","11:10:00",18,"Meal ",21,4.7,16,"scooter ",2,"No ","Urban ","Sandstorms","Low ",1
"15/02/2022","11:35:00","11:40:00",19,"Meal ",20,4.7,2,"scooter ",1,"No ","Metropolitian ","Sunny","High ",0
"1/03/2022","21:20:00","21:30:00",33,"Buffet ",33,4,11,"motorcycle ",1,"No ","Metropolitian ","Stormy","Jam ",1
"11/03/2022","11:55:00","12:05:00",14,"Meal ",25,4.8,13,"scooter ",2,"No ","Metropolitian ","Stormy","High ",0
"11/02/2022","19:55:00","20:05:00",10,"Drinks ",20,4.9,7,"scooter ",1,"No ","Metropolitian ","Stormy","Jam ",0
"6/03/2022","22:10:00","22:15:00",25,"Buffet ",36,5,18,"scooter ",2,"No ","Urban ","Stormy","Low ",1
"12/03/2022","20:10:00","20:20:00",38,"Drinks ",29,4.8,23,"scooter ",2,"No ","Urban ","Cloudy","Jam ",1
"11/02/2022","12:00:00","12:10:00",37,"Buffet ",26,4.8,21,"motorcycle ",0,"No ","Urban ","Stormy","High ",1
"14/02/2022","17:20:00","17:35:00",23,"Drinks ",31,4.8,23,"motorcycle ",1,"No ","Urban ","Sunny","Medium ",0
"25/03/2022","21:10:00","21:20:00",23,"Drinks ",24,4.7,16,"scooter ",1,"No ","Urban ","Sunny","Jam ",1
"4/03/2022","23:20:00","23:35:00",18,"Buffet ",24,4.5,5,"motorcycle ",0,"No ","Urban ","Stormy","Low ",1
"2/03/2022","23:00:00","23:05:00",33,"Meal ",27,3.1,11,"scooter ",2,"No ","Metropolitian ","Sunny","Low ",1
"5/04/2022","17:45:00","17:55:00",13,"Buffet ",27,4.6,19,"motorcycle ",0,"No ","Metropolitian ","Stormy","Medium ",1
"24/03/2022","13:25:00","13:40:00",26,"Snack ",25,4.6,19,"motorcycle ",2,"No ","Urban ","Cloudy","High ",1
"16/02/2022","22:00:00","22:10:00",26,"Snack ",36,4.8,9,"motorcycle ",1,"No ","Metropolitian ","Sandstorms","Jam ",1
"28/03/2022","9:35:00","9:45:00",18,"Drinks ",28,4.6,16,"motorcycle ",0,"No ","Metropolitian ","Cloudy","Low ",1
"7/03/2022","12:50:00","13:00:00",26,"Drinks ",23,4.9,12,"electric_scooter ",2,"No ","Metropolitian ","Windy","High ",0
"10/03/2022","22:15:00","22:25:00",37,"Drinks ",30,3.6,3,"motorcycle ",1,"No ","Metropolitian ","Fog","Low ",1
"19/03/2022","21:25:00","21:35:00",27,"Drinks ",21,4.8,5,"scooter ",2,"No ","Metropolitian ","Stormy","Jam ",1
"28/03/2022","14:35:00","14:50:00",19,"Meal ",22,4.7,15,"motorcycle ",1,"No ","Urban ","Sandstorms","High ",0
"16/03/2022","17:55:00","18:05:00",31,"Snack ",36,4.4,5,"motorcycle ",1,"No ","Urban ","Cloudy","Medium ",1
"24/03/2022","22:25:00","22:30:00",28,"Snack ",37,4.6,23,"motorcycle ",2,"No ","Metropolitian ","Windy","Low ",1
"24/03/2022","13:55:00","14:10:00",27,"Meal ",29,4.6,12,"motorcycle ",0,"No ","Metropolitian ","Windy","High ",1
"6/04/2022","21:00:00","21:15:00",41,"Drinks ",32,4.4,5,"motorcycle ",0,"No ","Metropolitian ","Windy","Jam ",2
"21/03/2022","11:45:00","11:55:00",29,"Meal ",22,4.6,1,"motorcycle ",0,"No ","Metropolitian ","Stormy","High ",1
"21/03/2022","18:45:00","18:50:00",27,"Meal ",33,4.8,21,"motorcycle ",0,"No ","Metropolitian ","Sunny","Medium ",1
"16/02/2022","23:55:00","0:05:00",12,"Buffet ",26,4.9,2,"electric_scooter ",2,"No ","Metropolitian ","Stormy","Low ",0
"18/02/2022","20:45:00","20:50:00",42,"Meal ",37,4.2,3,"scooter ",2,"No ","Metropolitian ","Sandstorms","Jam ",2
"16/03/2022","22:55:00","23:00:00",25,"Snack ",28,4.9,23,"motorcycle ",2,"No ","Metropolitian ","Sunny","Low ",0
"12/02/2022","22:50:00","22:55:00",17,"Drinks ",34,4.7,4,"motorcycle ",2,"No ","Metropolitian ","Stormy","Low ",0
"14/02/2022","23:15:00","23:30:00",25,"Meal ",34,5,8,"motorcycle ",2,"No ","Metropolitian ","Stormy","Low ",0
"27/03/2022","22:10:00","22:25:00",26,"Meal ",33,4.8,15,"motorcycle ",0,"No ","Metropolitian ","Sandstorms","Low ",1
"15/03/2022","18:10:00","18:20:00",22,"Meal ",21,4.7,17,"scooter ",2,"No ","Urban ","Stormy","Medium ",1
"11/02/2022","11:25:00","11:30:00",30,"Buffet ",29,4.7,8,"scooter ",1,"No ","Metropolitian ","Fog","High ",1
"25/03/2022","23:10:00","23:25:00",27,"Meal ",36,4.8,21,"motorcycle ",1,"No ","Metropolitian ","Sandstorms","Low ",0
"14/02/2022","21:40:00","21:50:00",34,"Buffet ",23,4.8,2,"motorcycle ",0,"No ","Metropolitian ","Stormy","Jam ",1
"19/03/2022","22:10:00","22:15:00",17,"Buffet ",21,4.5,5,"scooter ",2,"No ","Urban ","Cloudy","Low ",0
"13/02/2022","12:35:00","12:45:00",25,"Buffet ",36,4.8,9,"motorcycle ",0,"No ","Metropolitian ","Sunny","High ",1
"21/03/2022","9:20:00","9:30:00",13,"Meal ",24,4.8,16,"motorcycle ",1,"No ","Urban ","Cloudy","Low ",1
"18/02/2022","23:25:00","23:30:00",24,"Meal ",26,4.8,7,"motorcycle ",1,"No ","Metropolitian ","Sandstorms","Low ",1
"3/04/2022","17:55:00","18:10:00",16,"Buffet ",30,4.9,22,"scooter ",2,"No ","Urban ","Fog","Medium ",0
"25/03/2022","19:10:00","19:20:00",40,"Drinks ",37,4.6,2,"motorcycle ",0,"No ","Metropolitian ","Fog","Jam ",2
"12/02/2022","22:40:00","22:55:00",18,"Snack ",35,4.6,2,"motorcycle ",2,"No ","Metropolitian ","Stormy","Low ",0
"3/04/2022","21:30:00","21:35:00",30,"Drinks ",30,4.8,11,"motorcycle ",1,"No ","Metropolitian ","Stormy","Jam ",1
"18/03/2022","21:45:00","21:55:00",31,"Meal ",38,4.4,23,"motorcycle ",1,"No ","Metropolitian ","Windy","Jam ",1
"31/03/2022","23:45:00","23:55:00",16,"Buffet ",34,4.5,22,"motorcycle ",1,"No ","Metropolitian ","Sunny","Low ",0
"28/03/2022","11:40:00","11:45:00",20,"Snack ",33,4.7,21,"motorcycle ",0,"No ","Urban ","Sunny","High ",1
"29/03/2022","18:40:00","18:55:00",15,"Meal ",28,4.8,12,"scooter ",1,"No ","Metropolitian ","Sunny","Medium ",0
"14/03/2022","22:20:00","22:35:00",21,"Buffet ",33,4.9,19,"motorcycle ",2,"No ","Metropolitian ","Sunny","Low ",0
"5/04/2022","13:55:00","14:05:00",31,"Snack ",34,4,2,"motorcycle ",0,"No ","Metropolitian ","Cloudy","High ",1
"16/02/2022","19:20:00","19:30:00",29,"Meal ",32,4.6,4,"motorcycle ",2,"No ","Metropolitian ","Sunny","Jam ",1
"11/02/2022","17:20:00","17:35:00",26,"Meal ",36,4.9,3,"motorcycle ",1,"No ","Metropolitian ","Stormy","Medium ",1
"17/03/2022","8:30:00","8:45:00",20,"Meal ",31,4.9,23,"scooter ",2,"No ","Urban ","Stormy","Low ",0
"24/03/2022","10:00:00","10:05:00",11,"Snack ",27,4.6,23,"scooter ",1,"No ","Metropolitian ","Windy","Low ",0
"16/03/2022","22:45:00","23:00:00",28,"Snack ",39,4.6,14,"motorcycle ",2,"No ","Metropolitian ","Windy","Low ",1
"23/03/2022","18:00:00","18:15:00",21,"Meal ",38,4.6,23,"scooter ",2,"No ","Metropolitian ","Sunny","Medium ",1
"21/03/2022","9:40:00","9:50:00",25,"Buffet ",32,4.7,18,"electric_scooter ",2,"No ","Metropolitian ","Windy","Low ",0
"3/04/2022","20:30:00","20:45:00",23,"Snack ",27,4.7,22,"motorcycle ",1,"No ","Metropolitian ","Fog","Jam ",1
"6/03/2022","23:20:00","23:35:00",33,"Drinks ",37,3.9,8,"scooter ",1,"No ","Metropolitian ","Fog","Low ",2
"14/02/2022","23:50:00","0:05:00",27,"Buffet ",35,4.7,9,"scooter ",2,"No ","Metropolitian ","Fog","Low ",1
"5/03/2022","17:55:00","18:00:00",15,"Snack ",24,4.8,17,"motorcycle ",0,"No ","Metropolitian ","Sunny","Medium ",1
"24/03/2022","20:10:00","20:15:00",15,"Meal ",31,4.7,19,"electric_scooter ",2,"No ","Urban ","Sunny","Jam ",1
"2/03/2022","22:25:00","22:40:00",38,"Snack ",24,3.4,4,"scooter ",2,"No ","Metropolitian ","Sunny","Low ",2
"15/03/2022","19:50:00","20:00:00",28,"Snack ",39,4.6,19,"motorcycle ",1,"No ","Metropolitian ","Windy","Jam ",1
"18/02/2022","21:50:00","22:05:00",15,"Buffet ",25,4.8,7,"motorcycle ",1,"No ","Metropolitian ","Sunny","Jam ",0
"31/03/2022","21:10:00","21:15:00",20,"Snack ",24,4.6,18,"motorcycle ",1,"No ","Metropolitian ","Sandstorms","Jam ",1
"2/04/2022","20:20:00","20:30:00",36,"Buffet ",31,4,3,"motorcycle ",0,"No ","Metropolitian ","Stormy","Jam ",1
"17/03/2022","10:20:00","10:35:00",23,"Buffet ",23,4.7,16,"motorcycle ",1,"No ","Urban ","Sunny","Low ",1
"14/02/2022","21:30:00","21:40:00",16,"Snack ",23,4.7,6,"motorcycle ",1,"No ","Metropolitian ","Windy","Jam ",0
"23/03/2022","18:50:00","18:55:00",32,"Meal ",26,5,13,"motorcycle ",0,"No ","Metropolitian ","Cloudy","Medium ",1
"25/03/2022","21:30:00","21:45:00",31,"Drinks ",35,3.6,6,"motorcycle ",2,"No ","Metropolitian ","Sunny","Jam ",1
"7/03/2022","10:55:00","11:10:00",29,"Buffet ",28,4.5,22,"motorcycle ",0,"No ","Metropolitian ","Sandstorms","Low ",1
"1/03/2022","15:15:00","15:20:00",23,"Buffet ",28,4.6,18,"scooter ",2,"No ","Metropolitian ","Sandstorms","Medium ",1
"3/04/2022","19:10:00","19:15:00",27,"Meal ",20,4.7,19,"motorcycle ",1,"No ","Metropolitian ","Fog","Jam ",0
"6/04/2022","23:50:00","23:55:00",18,"Meal ",27,4.9,21,"motorcycle ",0,"No ","Metropolitian ","Sandstorms","Low ",0
"23/03/2022","23:30:00","23:40:00",27,"Buffet ",32,4.7,13,"motorcycle ",0,"No ","Metropolitian ","Stormy","Low ",1
"3/04/2022","8:50:00","8:55:00",15,"Drinks ",25,4.6,23,"motorcycle ",2,"No ","Metropolitian ","Sandstorms","Low ",0
"23/03/2022","17:30:00","17:40:00",29,"Drinks ",34,4.6,5,"scooter ",2,"No ","Metropolitian ","Sunny","Medium ",0
"3/04/2022","19:50:00","20:00:00",34,"Meal ",35,4.8,9,"scooter ",1,"No ","Metropolitian ","Windy","Jam ",1
"23/03/2022","23:10:00","23:20:00",25,"Buffet ",31,4.7,13,"motorcycle ",0,"No ","Metropolitian ","Windy","Low ",0
"17/02/2022","8:10:00","8:20:00",15,"Snack ",20,4.8,15,"motorcycle ",1,"No ","Urban ","Stormy","Low ",0
"9/03/2022","11:25:00","11:35:00",25,"Snack ",38,4.9,23,"scooter ",1,"No ","Urban ","Stormy","High ",1
"20/03/2022","21:45:00","21:50:00",25,"Snack ",35,5,17,"electric_scooter ",2,"No ","Urban ","Sunny","Jam ",1
"5/03/2022","18:55:00","19:00:00",26,"Buffet ",32,4.5,22,"motorcycle ",0,"No ","Metropolitian ","Sunny","Medium ",1
"19/03/2022","16:45:00","16:50:00",12,"Meal ",21,4.8,17,"motorcycle ",1,"No ","Urban ","Sunny","Medium ",0
"25/03/2022","21:55:00","22:00:00",40,"Meal ",31,4.3,3,"scooter ",2,"No ","Metropolitian ","Cloudy","Jam ",1
"21/03/2022","8:55:00","9:00:00",20,"Buffet ",34,4.9,14,"motorcycle ",1,"No ","Metropolitian ","Windy","Low ",1
"30/03/2022","23:25:00","23:35:00",28,"Drinks ",32,4.6,22,"motorcycle ",1,"No ","Metropolitian ","Sandstorms","Low ",0
"6/03/2022","23:55:00","0:05:00",39,"Drinks ",32,4.8,23,"motorcycle ",0,"No ","Metropolitian ","Sunny","Low ",0
"3/04/2022","19:50:00","20:00:00",20,"Meal ",21,5,19,"motorcycle ",0,"No ","Metropolitian ","Cloudy","Jam ",0
"21/03/2022","17:10:00","17:20:00",32,"Meal ",38,5,4,"motorcycle ",0,"No ","Metropolitian ","Sandstorms","Medium ",1
"18/02/2022","22:55:00","23:10:00",30,"Drinks ",28,4.7,5,"motorcycle ",1,"No ","Metropolitian ","Sandstorms","Low ",1
"6/03/2022","22:35:00","22:40:00",23,"Buffet ",26,4.5,21,"motorcycle ",0,"No ","Metropolitian ","Fog","Low ",0
"24/03/2022","15:00:00","15:10:00",10,"Meal ",21,4.6,22,"scooter ",2,"No ","Metropolitian ","Sunny","High ",1
"31/03/2022","20:00:00","20:10:00",35,"Snack ",23,4.6,9,"motorcycle ",1,"No ","Metropolitian ","Fog","Jam ",1
"17/03/2022","13:40:00","13:45:00",17,"Drinks ",25,5,22,"scooter ",2,"No ","Urban ","Windy","High ",0
"3/04/2022","21:00:00","21:05:00",28,"Meal ",21,4.9,21,"motorcycle ",0,"No ","Metropolitian ","Stormy","Jam ",1
"25/03/2022","22:30:00","22:45:00",26,"Drinks ",26,4.6,22,"motorcycle ",1,"No ","Urban ","Fog","Low ",1
"5/03/2022","11:50:00","11:55:00",26,"Buffet ",21,4.6,17,"motorcycle ",0,"No ","Metropolitian ","Stormy","High ",1
"11/03/2022","18:30:00","18:35:00",15,"Buffet ",37,4.5,5,"scooter ",1,"No ","Urban ","Sunny","Medium ",1
"7/03/2022","23:25:00","23:30:00",17,"Drinks ",24,4.9,19,"electric_scooter ",2,"No ","Urban ","Stormy","Low ",0
"30/03/2022","18:35:00","18:45:00",24,"Snack ",26,4.8,16,"motorcycle ",0,"No ","Metropolitian ","Sunny","Medium ",0
"18/03/2022","18:00:00","18:15:00",25,"Buffet ",34,4.7,16,"electric_scooter ",2,"No ","Urban ","Stormy","Medium ",1
"1/03/2022","11:20:00","11:25:00",35,"Snack ",29,4,3,"motorcycle ",0,"No ","Metropolitian ","Stormy","High ",1
"5/04/2022","18:20:00","18:35:00",17,"Buffet ",25,4.8,18,"motorcycle ",1,"No ","Metropolitian ","Fog","Medium ",1
"4/03/2022","23:35:00","23:45:00",27,"Meal ",36,4.6,22,"scooter ",2,"No ","Urban ","Stormy","Low ",0
"15/02/2022","10:45:00","10:50:00",22,"Buffet ",23,4.7,21,"electric_scooter ",2,"No ","Urban ","Sunny","Low ",1
"10/03/2022","22:35:00","22:40:00",33,"Snack ",35,3.5,7,"scooter ",2,"No ","Metropolitian ","Fog","Low ",1
"1/04/2022","19:30:00","19:40:00",13,"Drinks ",26,4.7,18,"electric_scooter ",2,"No ","Metropolitian ","Stormy","Jam ",0
"23/03/2022","18:10:00","18:20:00",38,"Meal ",31,3.9,5,"motorcycle ",1,"No ","Metropolitian ","Windy","Medium ",1
"24/03/2022","20:40:00","20:45:00",25,"Drinks ",31,4.7,19,"motorcycle ",1,"No ","Metropolitian ","Sandstorms","Jam ",1
"31/03/2022","19:20:00","19:25:00",38,"Snack ",38,4.3,11,"scooter ",1,"No ","Metropolitian ","Stormy","Jam ",1
"17/02/2022","19:30:00","19:40:00",32,"Meal ",22,4,12,"electric_scooter ",2,"No ","Metropolitian ","Fog","Jam ",1
"16/03/2022","18:00:00","18:15:00",35,"Snack ",24,4.3,12,"motorcycle ",1,"No ","Metropolitian ","Fog","Medium ",1
"8/03/2022","0:00:00","0:10:00",27,"Meal ",39,4.6,16,"motorcycle ",0,"No ","Metropolitian ","Windy","Low ",1
"1/03/2022","9:50:00","9:55:00",21,"Drinks ",36,4.6,21,"motorcycle ",0,"No ","Urban ","Sunny","Low ",1
"18/03/2022","19:35:00","19:40:00",25,"Snack ",25,5,1,"motorcycle ",2,"No ","Metropolitian ","Stormy","Jam ",1
"10/03/2022","22:25:00","22:30:00",17,"Drinks ",28,4.5,18,"scooter ",1,"No ","Metropolitian ","Sandstorms","Low ",0
"13/02/2022","18:55:00","19:00:00",30,"Snack ",37,4.7,5,"scooter ",2,"No ","Metropolitian ","Sandstorms","Medium ",1
"3/04/2022","16:00:00","16:10:00",19,"Buffet ",28,4.8,15,"motorcycle ",0,"No ","Urban ","Sandstorms","Medium ",1
"12/02/2022","18:30:00","18:40:00",38,"Snack ",37,3.6,13,"scooter ",2,"No ","Metropolitian ","Stormy","Medium ",1
"3/03/2022","17:40:00","17:50:00",17,"Buffet ",33,4.7,18,"scooter ",2,"No ","Metropolitian ","Fog","Medium ",1
"5/03/2022","9:40:00","9:55:00",22,"Snack ",32,4.6,12,"scooter ",2,"No ","Metropolitian ","Windy","Low ",1
"17/03/2022","14:25:00","14:35:00",18,"Buffet ",39,4.8,23,"motorcycle ",1,"No ","Urban ","Sunny","High ",0
"20/03/2022","21:15:00","21:20:00",33,"Drinks ",26,5,9,"motorcycle ",0,"No ","Metropolitian ","Windy","Jam ",1
"28/03/2022","12:15:00","12:30:00",44,"Meal ",29,3.6,7,"motorcycle ",0,"No ","Metropolitian ","Sunny","High ",0
"1/04/2022","22:25:00","22:40:00",15,"Snack ",21,4.8,23,"scooter ",1,"No ","Metropolitian ","Cloudy","Low ",0
"2/03/2022","23:25:00","23:40:00",20,"Meal ",23,4.7,9,"scooter ",2,"No ","Metropolitian ","Fog","Low ",1
"19/03/2022","18:00:00","18:05:00",14,"Drinks ",28,4.9,2,"motorcycle ",0,"No ","Metropolitian ","Windy","Medium ",1
"11/03/2022","13:00:00","13:10:00",31,"Drinks ",31,5,21,"scooter ",1,"No ","Metropolitian ","Sandstorms","High ",1
"6/03/2022","17:25:00","17:35:00",30,"Meal ",30,4.7,23,"scooter ",1,"No ","Metropolitian ","Windy","Medium ",1
"13/03/2022","11:45:00","12:00:00",23,"Buffet ",26,4.7,17,"motorcycle ",0,"No ","Metropolitian ","Fog","High ",1
"17/03/2022","22:10:00","22:20:00",13,"Drinks ",23,4.9,12,"electric_scooter ",2,"No ","Metropolitian ","Windy","Low ",1
"17/02/2022","12:00:00","12:05:00",47,"Snack ",30,4.9,5,"motorcycle ",0,"No ","Metropolitian ","Fog","High ",1
"2/04/2022","17:15:00","17:25:00",33,"Meal ",27,4.8,1,"scooter ",2,"No ","Metropolitian ","Fog","Medium ",1
"10/03/2022","18:15:00","18:30:00",37,"Buffet ",31,4.7,18,"motorcycle ",0,"No ","Urban ","Sunny","Medium ",1
"23/03/2022","18:55:00","19:00:00",39,"Buffet ",28,4.9,22,"motorcycle ",0,"No ","Urban ","Fog","Medium ",1
"1/04/2022","16:35:00","16:40:00",27,"Snack ",33,4.6,18,"motorcycle ",1,"No ","Metropolitian ","Windy","Medium ",1
"30/03/2022","22:35:00","22:45:00",22,"Meal ",33,5,17,"motorcycle ",2,"No ","Metropolitian ","Stormy","Low ",0
"1/03/2022","19:25:00","19:30:00",23,"Meal ",23,4.5,21,"scooter ",1,"No ","Metropolitian ","Stormy","Jam ",1
"27/03/2022","19:20:00","19:30:00",33,"Meal ",38,4.2,2,"scooter ",2,"No ","Urban ","Sunny","Jam ",2
"6/03/2022","0:00:00","0:10:00",29,"Buffet ",27,5,15,"motorcycle ",1,"No ","Metropolitian ","Fog","Low ",1
"11/02/2022","21:55:00","22:05:00",29,"Meal ",24,4.6,7,"scooter ",1,"No ","Metropolitian ","Fog","Jam ",1
"31/03/2022","23:35:00","23:45:00",44,"Drinks ",23,3.3,13,"scooter ",1,"Yes ","Metropolitian ","Sunny","Low ",1
"2/03/2022","22:35:00","22:50:00",32,"Snack ",39,3.5,3,"scooter ",2,"No ","Urban ","Cloudy","Low ",1
"17/02/2022","22:30:00","22:40:00",18,"Buffet ",28,4.9,18,"motorcycle ",2,"No ","Urban ","Windy","Low ",1
"6/04/2022","23:10:00","23:15:00",24,"Meal ",34,4.5,2,"motorcycle ",0,"No ","Metropolitian ","Sunny","Low ",0
"18/02/2022","21:45:00","21:50:00",20,"Snack ",27,4.7,9,"motorcycle ",0,"No ","Metropolitian ","Fog","Jam ",1
"14/03/2022","22:00:00","22:05:00",26,"Buffet ",34,4.7,14,"scooter ",1,"No ","Metropolitian ","Windy","Jam ",1
"15/02/2022","13:20:00","13:35:00",31,"Drinks ",30,4.4,4,"electric_scooter ",2,"No ","Metropolitian ","Stormy","High ",1
"5/03/2022","22:00:00","22:15:00",22,"Drinks ",20,4.8,23,"motorcycle ",0,"No ","Metropolitian ","Sunny","Jam ",1
"16/03/2022","19:30:00","19:40:00",39,"Snack ",35,3.6,5,"scooter ",2,"No ","Metropolitian ","Sandstorms","Jam ",2
"2/03/2022","20:25:00","20:40:00",52,"Snack ",36,4.8,17,"motorcycle ",0,"No ","Metropolitian ","Fog","Jam ",1
"14/02/2022","19:35:00","19:45:00",35,"Drinks ",33,3.8,18,"scooter ",2,"No ","Metropolitian ","Stormy","Jam ",1
"28/03/2022","21:40:00","21:45:00",29,"Snack ",39,4.8,5,"motorcycle ",0,"No ","Metropolitian ","Sunny","Jam ",1
"13/02/2022","9:35:00","9:50:00",17,"Meal ",31,4.6,15,"electric_scooter ",2,"No ","Urban ","Cloudy","Low ",0
"1/03/2022","18:40:00","18:45:00",24,"Drinks ",29,4.8,22,"motorcycle ",0,"No ","Metropolitian ","Sunny","Medium ",1
"1/04/2022","23:45:00","23:50:00",22,"Snack ",37,4.4,23,"motorcycle ",0,"No ","Metropolitian ","Sandstorms","Low ",0
"13/03/2022","8:45:00","9:00:00",17,"Meal ",20,4.5,13,"motorcycle ",0,"No ","Metropolitian ","Stormy","Low ",1
"2/04/2022","21:10:00","21:20:00",36,"Meal ",36,4.1,4,"electric_scooter ",2,"No ","Metropolitian ","Stormy","Jam ",1
"15/02/2022","8:45:00","8:50:00",14,"Meal ",22,4.6,8,"motorcycle ",2,"No ","Metropolitian ","Sandstorms","Low ",0
"5/03/2022","21:25:00","21:30:00",25,"Drinks ",35,4.7,23,"scooter ",2,"No ","Metropolitian ","Stormy","Jam ",1
"3/04/2022","20:55:00","21:00:00",18,"Drinks ",38,4.8,18,"scooter ",1,"No ","Metropolitian ","Sunny","Jam ",1
"12/03/2022","18:30:00","18:45:00",29,"Drinks ",25,4.6,13,"motorcycle ",0,"No ","Metropolitian ","Sandstorms","Medium ",0
"1/03/2022","20:55:00","21:10:00",38,"Meal ",36,4.6,19,"motorcycle ",0,"No ","Metropolitian ","Stormy","Jam ",1
"5/03/2022","22:15:00","22:30:00",22,"Buffet ",24,4.8,13,"motorcycle ",1,"No ","Metropolitian ","Sunny","Low ",1
"25/03/2022","20:30:00","20:35:00",50,"Buffet ",34,4.6,6,"motorcycle ",0,"Yes ","Metropolitian ","Cloudy","Jam ",1
"8/03/2022","17:55:00","18:10:00",31,"Drinks ",22,4.6,19,"motorcycle ",0,"No ","Urban ","Stormy","Medium ",0
"31/03/2022","21:35:00","21:50:00",24,"Meal ",27,4.7,12,"motorcycle ",1,"No ","Metropolitian ","Sandstorms","Jam ",1
"2/03/2022","20:45:00","20:50:00",35,"Buffet ",36,4,4,"scooter ",1,"No ","Metropolitian ","Stormy","Jam ",1
"17/02/2022","22:40:00","22:55:00",15,"Drinks ",30,4.9,9,"motorcycle ",2,"No ","Metropolitian ","Fog","Low ",0
"21/03/2022","10:00:00","10:05:00",16,"Meal ",24,5,18,"motorcycle ",0,"No ","Urban ","Sunny","Low ",1
"2/03/2022","22:25:00","22:40:00",38,"Snack ",24,3.4,4,"scooter ",2,"No ","Metropolitian ","Sunny","Low ",2
"17/03/2022","19:20:00","19:30:00",23,"Drinks ",22,4.6,23,"scooter ",1,"No ","Urban ","Windy","Jam ",0
"3/03/2022","17:50:00","18:00:00",16,"Snack ",38,5,9,"scooter ",2,"No ","Metropolitian ","Fog","Medium ",1
"30/03/2022","17:25:00","17:35:00",28,"Drinks ",24,4.9,19,"scooter ",1,"No ","Metropolitian ","Sandstorms","Medium ",1
"15/02/2022","10:20:00","10:30:00",16,"Snack ",28,4.7,17,"scooter ",2,"No ","Urban ","Cloudy","Low ",0
"11/03/2022","14:25:00","14:30:00",47,"Meal ",28,4.1,8,"motorcycle ",0,"Yes ","Metropolitian ","Sunny","High ",1
"21/03/2022","20:15:00","20:30:00",31,"Drinks ",38,4.8,6,"scooter ",1,"No ","Metropolitian ","Cloudy","Jam ",1
"14/03/2022","17:30:00","17:40:00",36,"Buffet ",37,4.7,19,"scooter ",2,"No ","Metropolitian ","Fog","Medium ",0
"9/03/2022","23:15:00","23:25:00",16,"Snack ",31,4.8,22,"scooter ",2,"No ","Metropolitian ","Cloudy","Low ",0
"31/03/2022","17:55:00","18:10:00",15,"Buffet ",23,4.6,23,"electric_scooter ",2,"No ","Metropolitian ","Windy","Medium ",0
"1/04/2022","22:00:00","22:05:00",33,"Snack ",28,4.4,3,"motorcycle ",1,"No ","Metropolitian ","Fog","Jam ",0
"23/03/2022","22:55:00","23:10:00",39,"Drinks ",31,3.9,11,"motorcycle ",1,"No ","Metropolitian ","Fog","Low ",1
"20/03/2022","21:30:00","21:45:00",36,"Meal ",35,5,2,"motorcycle ",0,"No ","Metropolitian ","Stormy","Jam ",1
"23/03/2022","21:25:00","21:40:00",21,"Drinks ",22,4.9,23,"scooter ",1,"No ","Metropolitian ","Windy","Jam ",1
"24/03/2022","12:00:00","12:15:00",28,"Meal ",24,4.8,23,"motorcycle ",0,"No ","Urban ","Cloudy","High ",1
"15/02/2022","10:10:00","10:25:00",23,"Meal ",37,5,5,"scooter ",2,"No ","Metropolitian ","Windy","Low ",1
"4/04/2022","20:45:00","21:00:00",38,"Meal ",20,4.8,21,"scooter ",1,"No ","Urban ","Cloudy","Jam ",0
"21/03/2022","21:35:00","21:40:00",49,"Drinks ",31,4.9,22,"motorcycle ",0,"No ","Urban ","Stormy","Jam ",3
"4/03/2022","19:35:00","19:50:00",31,"Meal ",29,4,9,"motorcycle ",2,"No ","Metropolitian ","Stormy","Jam ",1
"25/03/2022","18:15:00","18:25:00",29,"Drinks ",20,4.8,11,"electric_scooter ",2,"No ","Metropolitian ","Stormy","Medium ",0
"6/03/2022","23:50:00","0:05:00",11,"Meal ",28,4.6,23,"motorcycle ",2,"No ","Urban ","Stormy","Low ",1
"11/02/2022","15:10:00","15:15:00",22,"Drinks ",37,4.7,3,"scooter ",2,"No ","Metropolitian ","Sunny","Medium ",0
"9/03/2022","12:20:00","12:25:00",17,"Snack ",22,4.6,15,"electric_scooter ",2,"No ","Urban ","Stormy","High ",1
"6/04/2022","19:15:00","19:25:00",16,"Drinks ",20,4.5,21,"motorcycle ",1,"No ","Urban ","Sunny","Jam ",0
"21/03/2022","12:55:00","13:10:00",21,"Meal ",23,4.6,18,"motorcycle ",0,"No ","Metropolitian ","Fog","High ",1
"20/03/2022","19:30:00","19:45:00",43,"Meal ",33,3.5,1,"electric_scooter ",2,"No ","Urban ","Windy","Jam ",1
"6/04/2022","0:00:00","0:05:00",37,"Buffet ",32,4.3,1,"electric_scooter ",2,"No ","Metropolitian ","Fog","Low ",0
"11/02/2022","23:10:00","23:25:00",15,"Meal ",23,4.9,8,"scooter ",1,"No ","Metropolitian ","Stormy","Low ",0
"6/03/2022","19:45:00","20:00:00",33,"Drinks ",37,3.8,11,"motorcycle ",2,"No ","Metropolitian ","Stormy","Jam ",1
"10/03/2022","20:50:00","21:00:00",18,"Snack ",26,4.9,22,"motorcycle ",2,"No ","Urban ","Windy","Jam ",1
"13/02/2022","22:30:00","22:45:00",24,"Buffet ",30,4.9,3,"motorcycle ",0,"No ","Metropolitian ","Fog","Low ",1
"4/03/2022","20:50:00","21:00:00",46,"Drinks ",37,4,6,"motorcycle ",0,"No ","Metropolitian ","Windy","Jam ",2
"3/03/2022","21:40:00","21:45:00",25,"Drinks ",25,4.9,16,"scooter ",1,"No ","Urban ","Sandstorms","Jam ",1
"20/03/2022","21:10:00","21:15:00",25,"Buffet ",30,4.6,18,"motorcycle ",0,"No ","Metropolitian ","Sunny","Jam ",1
"2/04/2022","20:25:00","20:40:00",22,"Snack ",29,4.7,9,"motorcycle ",1,"No ","Metropolitian ","Stormy","Jam ",0
"4/04/2022","19:45:00","20:00:00",47,"Drinks ",21,4.7,15,"motorcycle ",0,"No ","Metropolitian ","Cloudy","Jam ",0
"25/03/2022","0:00:00","0:15:00",18,"Snack ",32,4.8,19,"motorcycle ",1,"No ","Urban ","Windy","Low ",0
"5/04/2022","22:40:00","22:45:00",21,"Meal ",29,4.9,22,"motorcycle ",1,"No ","Metropolitian ","Sunny","Low ",0
"11/03/2022","21:55:00","22:00:00",27,"Drinks ",22,4.9,17,"motorcycle ",1,"No ","Metropolitian ","Fog","Jam ",1
"23/03/2022","20:20:00","20:25:00",43,"Snack ",35,4.4,6,"scooter ",2,"No ","Metropolitian ","Sandstorms","Jam ",3
"14/03/2022","18:25:00","18:30:00",49,"Drinks ",39,4.7,13,"motorcycle ",0,"No ","Metropolitian ","Sandstorms","Medium ",2
"30/03/2022","10:45:00","10:55:00",10,"Snack ",25,4.7,1,"scooter ",2,"No ","Urban ","Sandstorms","Low ",0
"4/04/2022","20:15:00","20:25:00",42,"Meal ",33,4.5,9,"motorcycle ",0,"No ","Metropolitian ","Fog","Jam ",2
"12/02/2022","17:40:00","17:45:00",29,"Meal ",22,4.7,6,"electric_scooter ",2,"No ","Metropolitian ","Windy","Medium ",0
"14/03/2022","23:40:00","23:50:00",43,"Buffet ",37,5,17,"motorcycle ",0,"Yes ","Metropolitian ","Cloudy","Low ",0
"23/03/2022","23:50:00","23:55:00",23,"Snack ",32,4.7,18,"scooter ",2,"No ","Urban ","Windy","Low ",1
"3/04/2022","12:55:00","13:10:00",33,"Snack ",36,4.2,8,"scooter ",2,"No ","Metropolitian ","Sandstorms","High ",1
"13/03/2022","9:45:00","9:50:00",26,"Meal ",30,4.8,22,"scooter ",2,"No ","Metropolitian ","Windy","Low ",1
"19/03/2022","10:25:00","10:40:00",20,"Meal ",32,4.5,1,"motorcycle ",1,"No ","Urban ","Stormy","Low ",1
"11/03/2022","11:00:00","11:15:00",16,"Drinks ",20,4.9,23,"scooter ",1,"No ","Metropolitian ","Sunny","Low ",0
"16/02/2022","19:25:00","19:35:00",42,"Snack ",37,5,8,"scooter ",1,"No ","Metropolitian ","Stormy","Jam ",2
"4/04/2022","20:25:00","20:40:00",28,"Snack ",31,4.5,23,"scooter ",2,"No ","Metropolitian ","Stormy","Jam ",1
"25/03/2022","19:50:00","19:55:00",33,"Drinks ",24,4.2,3,"motorcycle ",1,"No ","Urban ","Fog","Jam ",1
"4/03/2022","18:30:00","18:40:00",17,"Buffet ",20,4.8,15,"scooter ",1,"No ","Metropolitian ","Stormy","Medium ",0
"23/03/2022","23:30:00","23:40:00",42,"Buffet ",24,3.3,5,"scooter ",1,"No ","Metropolitian ","Sunny","Low ",1
"5/04/2022","21:50:00","22:00:00",27,"Drinks ",39,4.8,21,"electric_scooter ",2,"No ","Metropolitian ","Cloudy","Jam ",1
"23/03/2022","19:55:00","20:00:00",33,"Snack ",23,4.6,2,"motorcycle ",0,"No ","Metropolitian ","Sunny","Jam ",2
"3/03/2022","17:10:00","17:25:00",11,"Snack ",20,4.7,19,"scooter ",2,"No ","Metropolitian ","Fog","Medium ",1
"5/04/2022","14:10:00","14:25:00",17,"Meal ",29,4.5,17,"electric_scooter ",2,"No ","Urban ","Stormy","High ",1
"17/02/2022","10:50:00","10:55:00",16,"Snack ",28,5,21,"motorcycle ",2,"No ","Urban ","Cloudy","Low ",0
"30/03/2022","20:30:00","20:40:00",29,"Snack ",34,4.7,5,"electric_scooter ",2,"No ","Metropolitian ","Sandstorms","Jam ",0
"9/03/2022","17:10:00","17:15:00",28,"Snack ",25,5,18,"scooter ",2,"No ","Metropolitian ","Sandstorms","Medium ",1
"2/03/2022","23:25:00","23:40:00",20,"Meal ",23,4.7,9,"scooter ",2,"No ","Metropolitian ","Fog","Low ",1
"2/04/2022","17:25:00","17:40:00",29,"Meal ",37,5,18,"scooter ",2,"No ","Urban ","Sandstorms","Medium ",1
"14/03/2022","23:55:00","0:10:00",26,"Drinks ",27,4.5,15,"motorcycle ",0,"No ","Metropolitian ","Sunny","Low ",1
"5/04/2022","18:45:00","19:00:00",26,"Drinks ",35,4.5,5,"motorcycle ",0,"No ","Metropolitian ","Sandstorms","Medium ",0
"14/03/2022","22:20:00","22:25:00",24,"Meal ",27,4.9,23,"motorcycle ",0,"No ","Metropolitian ","Sunny","Low ",1
"25/03/2022","17:30:00","17:40:00",40,"Buffet ",34,4.3,11,"motorcycle ",1,"No ","Metropolitian ","Cloudy","Medium ",2
"15/02/2022","18:30:00","18:45:00",18,"Snack ",24,4.5,2,"scooter ",2,"No ","Metropolitian ","Sunny","Medium ",0
"15/02/2022","18:40:00","18:50:00",20,"Meal ",23,4.8,5,"motorcycle ",1,"No ","Metropolitian ","Sandstorms","Medium ",1
"27/03/2022","22:30:00","22:40:00",10,"Meal ",26,4.9,23,"motorcycle ",1,"No ","Metropolitian ","Sandstorms","Low ",0
"25/03/2022","21:50:00","22:05:00",41,"Snack ",26,4.7,6,"motorcycle ",1,"Yes ","Metropolitian ","Fog","Jam ",1
"18/03/2022","20:00:00","20:10:00",28,"Meal ",28,4.9,5,"scooter ",1,"No ","Metropolitian ","Windy","Jam ",0
"15/03/2022","11:20:00","11:35:00",32,"Meal ",36,4.1,3,"scooter ",2,"No ","Metropolitian ","Sandstorms","High ",1
"6/03/2022","20:50:00","20:55:00",41,"Buffet ",36,3.7,4,"scooter ",2,"No ","Metropolitian ","Windy","Jam ",1
"3/03/2022","16:30:00","16:45:00",28,"Snack ",32,4.6,23,"motorcycle ",0,"No ","Urban ","Sunny","Medium ",0
"12/02/2022","21:50:00","22:00:00",33,"Meal ",39,4.1,19,"electric_scooter ",2,"No ","Metropolitian ","Sandstorms","Jam ",1
"1/03/2022","22:10:00","22:15:00",17,"Meal ",22,4.7,21,"motorcycle ",1,"No ","Urban ","Sandstorms","Low ",0
"26/03/2022","10:35:00","10:50:00",16,"Drinks ",21,4.7,9,"motorcycle ",2,"No ","Metropolitian ","Cloudy","Low ",0
"24/03/2022","18:20:00","18:25:00",19,"Meal ",32,4.9,21,"motorcycle ",1,"No ","Metropolitian ","Fog","Medium ",1
"10/03/2022","20:00:00","20:15:00",41,"Snack ",28,4.6,17,"scooter ",1,"No ","Metropolitian ","Cloudy","Jam ",1
"6/03/2022","22:45:00","23:00:00",25,"Meal ",39,4.9,16,"electric_scooter ",2,"No ","Metropolitian ","Stormy","Low ",1
"2/03/2022","23:10:00","23:25:00",40,"Drinks ",25,3.5,1,"scooter ",2,"Yes ","Metropolitian ","Sunny","Low ",2
"24/03/2022","8:25:00","8:30:00",27,"Meal ",26,4.4,12,"motorcycle ",0,"No ","Metropolitian ","Stormy","Low ",1
"11/02/2022","18:00:00","18:15:00",21,"Snack ",20,4.7,8,"scooter ",1,"No ","Metropolitian ","Stormy","Medium ",1
"30/03/2022","12:00:00","12:05:00",30,"Buffet ",34,4.9,4,"scooter ",1,"No ","Metropolitian ","Sandstorms","High ",0
"29/03/2022","21:30:00","21:35:00",27,"Snack ",23,4.6,22,"motorcycle ",0,"No ","Metropolitian ","Windy","Jam ",1
"24/03/2022","17:40:00","17:45:00",35,"Meal ",33,4.9,3,"motorcycle ",0,"No ","Metropolitian ","Sandstorms","Medium ",0
"4/04/2022","21:40:00","21:45:00",25,"Drinks ",33,4.9,23,"motorcycle ",1,"No ","Metropolitian ","Stormy","Jam ",0
"5/03/2022","15:25:00","15:40:00",26,"Meal ",39,4.7,21,"scooter ",2,"No ","Urban ","Stormy","Medium ",1
"21/03/2022","15:35:00","15:45:00",27,"Buffet ",28,4.8,15,"scooter ",2,"No ","Metropolitian ","Stormy","Medium ",1
"5/04/2022","9:00:00","9:15:00",24,"Snack ",30,4.8,17,"scooter ",1,"No ","Urban ","Windy","Low ",0
"18/02/2022","20:35:00","20:50:00",38,"Meal ",29,4.8,7,"motorcycle ",1,"No ","Metropolitian ","Fog","Jam ",1
"31/03/2022","22:00:00","22:10:00",28,"Snack ",21,4.6,9,"motorcycle ",0,"No ","Metropolitian ","Windy","Jam ",0
"26/03/2022","12:25:00","12:30:00",15,"Buffet ",22,5,21,"motorcycle ",0,"No ","Metropolitian ","Windy","High ",0
"17/02/2022","20:40:00","20:55:00",18,"Drinks ",37,4.6,5,"scooter ",2,"No ","Metropolitian ","Sandstorms","Jam ",1
"19/03/2022","20:00:00","20:10:00",22,"Drinks ",29,4.7,16,"motorcycle ",2,"No ","Urban ","Fog","Jam ",1
"18/02/2022","20:55:00","21:00:00",18,"Snack ",26,4.7,22,"scooter ",2,"No ","Urban ","Windy","Jam ",0
"23/03/2022","18:45:00","18:50:00",37,"Meal ",28,4.5,3,"motorcycle ",0,"No ","Metropolitian ","Fog","Medium ",1
"7/03/2022","18:20:00","18:35:00",31,"Buffet ",30,4.1,5,"motorcycle ",0,"No ","Metropolitian ","Stormy","Medium ",1
"20/03/2022","19:25:00","19:35:00",25,"Meal ",21,5,19,"motorcycle ",0,"No ","Metropolitian ","Sandstorms","Jam ",1
"12/02/2022","18:00:00","18:15:00",30,"Buffet ",31,4.5,3,"scooter ",2,"No ","Metropolitian ","Windy","Medium ",1
"30/03/2022","9:25:00","9:30:00",12,"Drinks ",29,4.5,5,"motorcycle ",0,"No ","Urban ","Sunny","Low ",0
"28/03/2022","14:30:00","14:40:00",31,"Drinks ",37,4.4,3,"motorcycle ",0,"No ","Metropolitian ","Fog","High ",1
"20/03/2022","22:45:00","23:00:00",20,"Buffet ",38,5,21,"motorcycle ",0,"No ","Metropolitian ","Stormy","Low ",1
"5/03/2022","20:10:00","20:25:00",29,"Snack ",22,4.7,13,"motorcycle ",1,"No ","Metropolitian ","Windy","Jam ",0
"13/02/2022","14:10:00","14:20:00",16,"Snack ",21,4.8,6,"motorcycle ",1,"No ","Metropolitian ","Sunny","High ",0
"2/03/2022","17:10:00","17:25:00",34,"Buffet ",33,4.9,15,"scooter ",2,"No ","Metropolitian ","Fog","Medium ",1
"5/03/2022","17:55:00","18:00:00",15,"Snack ",24,4.8,17,"motorcycle ",0,"No ","Metropolitian ","Sunny","Medium ",1
"31/03/2022","21:10:00","21:15:00",44,"Buffet ",39,4.9,13,"motorcycle ",0,"No ","Metropolitian ","Windy","Jam ",1
"5/04/2022","22:30:00","22:45:00",11,"Buffet ",24,4.9,16,"scooter ",1,"No ","Metropolitian ","Stormy","Low ",0
"30/03/2022","9:25:00","9:30:00",25,"Drinks ",39,4.7,9,"motorcycle ",1,"No ","Metropolitian ","Sandstorms","Low ",0
"6/04/2022","21:50:00","21:55:00",25,"Buffet ",28,4.9,15,"scooter ",2,"No ","Urban ","Stormy","Jam ",1
"17/03/2022","23:50:00","23:55:00",20,"Buffet ",30,5,13,"motorcycle ",0,"No ","Metropolitian ","Sunny","Low ",1
"18/03/2022","23:55:00","0:00:00",43,"Meal ",29,2.9,15,"motorcycle ",2,"No ","Metropolitian ","Sunny","Low ",2
"11/02/2022","21:20:00","21:35:00",32,"Snack ",38,4.2,9,"scooter ",2,"No ","Metropolitian ","Windy","Jam ",1
"15/02/2022","21:00:00","21:10:00",19,"Drinks ",25,4.6,6,"motorcycle ",1,"No ","Metropolitian ","Stormy","Jam ",1
"28/03/2022","9:15:00","9:25:00",20,"Drinks ",22,4.6,14,"motorcycle ",0,"No ","Metropolitian ","Cloudy","Low ",1
"5/03/2022","15:35:00","15:50:00",25,"Buffet ",38,4.5,1,"motorcycle ",1,"No ","Urban ","Stormy","Medium ",1
"5/03/2022","18:20:00","18:30:00",16,"Buffet ",37,4.9,14,"motorcycle ",1,"No ","Metropolitian ","Fog","Medium ",0
"3/04/2022","22:35:00","22:40:00",22,"Buffet ",36,4.9,21,"motorcycle ",1,"No ","Metropolitian ","Stormy","Low ",1
"29/03/2022","23:00:00","23:15:00",20,"Meal ",36,4.6,21,"scooter ",2,"No ","Metropolitian ","Sandstorms","Low ",1
"26/03/2022","19:10:00","19:20:00",27,"Snack ",26,4.5,23,"motorcycle ",0,"No ","Metropolitian ","Fog","Jam ",1
"30/03/2022","21:50:00","21:55:00",26,"Meal ",26,4.9,19,"motorcycle ",0,"No ","Metropolitian ","Cloudy","Jam ",1
"21/03/2022","10:25:00","10:30:00",19,"Meal ",29,4.9,22,"motorcycle ",0,"No ","Metropolitian ","Fog","Low ",1
"1/03/2022","13:55:00","14:05:00",21,"Buffet ",21,4.6,17,"motorcycle ",0,"No ","Metropolitian ","Fog","High ",1
"7/03/2022","22:40:00","22:45:00",19,"Drinks ",27,4.6,22,"electric_scooter ",2,"No ","Urban ","Windy","Low ",1
"2/03/2022","20:20:00","20:25:00",49,"Meal ",32,4.1,6,"motorcycle ",1,"No ","Metropolitian ","Stormy","Jam ",1
"11/03/2022","10:00:00","10:15:00",17,"Meal ",22,4.9,19,"motorcycle ",0,"No ","Urban ","Fog","Low ",1
"26/03/2022","11:40:00","11:50:00",45,"Buffet ",33,4.8,3,"motorcycle ",0,"No ","Metropolitian ","Windy","High ",1
"2/04/2022","17:15:00","17:20:00",22,"Snack ",31,4.6,22,"scooter ",1,"No ","Urban ","Windy","Medium ",0
"7/03/2022","10:35:00","10:50:00",23,"Drinks ",36,4.3,6,"motorcycle ",0,"No ","Urban ","Sandstorms","Low ",1
"16/03/2022","19:10:00","19:15:00",41,"Snack ",24,4.6,17,"scooter ",2,"No ","Metropolitian ","Fog","Jam ",1
"20/03/2022","23:15:00","23:20:00",27,"Meal ",35,4.8,12,"scooter ",1,"No ","Metropolitian ","Sandstorms","Low ",0
"10/03/2022","17:55:00","18:05:00",37,"Drinks ",37,4.6,15,"motorcycle ",1,"No ","Metropolitian ","Fog","Medium ",2
"13/03/2022","18:40:00","18:45:00",30,"Snack ",38,4.8,22,"motorcycle ",0,"No ","Metropolitian ","Fog","Medium ",0
"13/03/2022","15:50:00","15:55:00",20,"Drinks ",23,4.7,16,"motorcycle ",0,"No ","Metropolitian ","Sunny","Medium ",1
"12/02/2022","17:55:00","18:05:00",25,"Drinks ",21,5,9,"scooter ",2,"No ","Metropolitian ","Sandstorms","Medium ",0
"11/02/2022","8:25:00","8:35:00",22,"Drinks ",38,4.6,17,"motorcycle ",0,"No ","Urban ","Sunny","Low ",0
"11/03/2022","10:10:00","10:20:00",14,"Buffet ",22,4.6,23,"scooter ",2,"No ","Urban ","Sandstorms","Low ",0
"16/02/2022","20:50:00","21:05:00",18,"Snack ",24,4.6,2,"electric_scooter ",2,"No ","Metropolitian ","Sunny","Jam ",1
"18/02/2022","22:40:00","22:55:00",24,"Snack ",20,4.7,9,"motorcycle ",0,"No ","Metropolitian ","Fog","Low ",1
"7/03/2022","17:40:00","17:55:00",31,"Drinks ",35,4.9,9,"motorcycle ",0,"No ","Metropolitian ","Sandstorms","Medium ",1
"10/03/2022","23:15:00","23:30:00",35,"Snack ",30,3.7,7,"scooter ",1,"No ","Metropolitian ","Fog","Low ",0
"11/02/2022","20:50:00","20:55:00",15,"Buffet ",20,4.9,2,"motorcycle ",0,"No ","Metropolitian ","Stormy","Jam ",1
"20/03/2022","19:15:00","19:20:00",47,"Snack ",37,4,5,"motorcycle ",0,"Yes ","Metropolitian ","Windy","Jam ",1
"10/03/2022","17:50:00","18:05:00",38,"Buffet ",27,5,16,"motorcycle ",0,"No ","Metropolitian ","Stormy","Medium ",0
"10/03/2022","17:25:00","17:30:00",22,"Drinks ",25,4.9,14,"motorcycle ",1,"No ","Metropolitian ","Stormy","Medium ",0
"12/02/2022","23:45:00","23:55:00",21,"Buffet ",39,4.7,5,"scooter ",2,"No ","Metropolitian ","Sandstorms","Low ",0
"28/03/2022","21:15:00","21:20:00",29,"Drinks ",34,4.8,1,"motorcycle ",0,"No ","Metropolitian ","Sunny","Jam ",1
"12/02/2022","21:45:00","21:50:00",40,"Meal ",30,4.6,9,"motorcycle ",0,"No ","Metropolitian ","Windy","Jam ",1
"3/04/2022","18:25:00","18:30:00",29,"Buffet ",33,4.6,15,"scooter ",1,"No ","Metropolitian ","Windy","Medium ",1
"5/04/2022","23:35:00","23:40:00",16,"Meal ",25,4.1,3,"motorcycle ",0,"No ","Metropolitian ","Windy","Low ",0
"19/03/2022","22:00:00","22:05:00",49,"Meal ",39,4.8,23,"motorcycle ",0,"No ","Urban ","Windy","Jam ",1
"11/02/2022","9:00:00","9:15:00",28,"Buffet ",28,4.2,3,"motorcycle ",0,"No ","Urban ","Windy","Low ",1
"23/03/2022","20:30:00","20:40:00",21,"Meal ",21,4.7,22,"electric_scooter ",2,"No ","Urban ","Stormy","Jam ",0
"20/03/2022","19:30:00","19:35:00",15,"Drinks ",23,4.8,23,"motorcycle ",2,"No ","Metropolitian ","Sunny","Jam ",1
"3/04/2022","15:35:00","15:40:00",22,"Snack ",20,4.9,9,"scooter ",1,"No ","Metropolitian ","Sandstorms","Medium ",0
"1/03/2022","8:35:00","8:50:00",29,"Buffet ",34,4,5,"motorcycle ",0,"No ","Metropolitian ","Stormy","Low ",1
"28/03/2022","11:50:00","12:05:00",28,"Meal ",23,4.7,19,"electric_scooter ",2,"No ","Metropolitian ","Fog","High ",0
"15/03/2022","9:10:00","9:15:00",21,"Drinks ",36,4.8,22,"scooter ",2,"No ","Metropolitian ","Sandstorms","Low ",1
"24/03/2022","22:20:00","22:25:00",17,"Drinks ",20,4.2,18,"motorcycle ",0,"No ","Metropolitian ","Sandstorms","Low ",1
"7/03/2022","10:00:00","10:05:00",12,"Snack ",24,4.6,17,"scooter ",1,"No ","Urban ","Stormy","Low ",0
"15/02/2022","10:45:00","10:55:00",14,"Buffet ",26,4.8,21,"electric_scooter ",2,"No ","Urban ","Windy","Low ",1
"21/03/2022","17:55:00","18:05:00",11,"Meal ",27,4.8,23,"motorcycle ",1,"No ","Urban ","Cloudy","Medium ",0
"2/04/2022","18:30:00","18:45:00",38,"Drinks ",31,5,4,"motorcycle ",1,"No ","Metropolitian ","Cloudy","Medium ",1
"8/03/2022","20:00:00","20:05:00",43,"Snack ",25,4.8,23,"motorcycle ",1,"No ","Metropolitian ","Sunny","Jam ",2
"18/03/2022","19:30:00","19:45:00",16,"Drinks ",25,4.9,5,"motorcycle ",0,"No ","Metropolitian ","Sunny","Jam ",1
"5/03/2022","19:30:00","19:45:00",25,"Meal ",39,4.6,21,"motorcycle ",0,"No ","Metropolitian ","Sunny","Jam ",0
"1/04/2022","8:25:00","8:40:00",29,"Meal ",37,4.4,12,"motorcycle ",0,"No ","Metropolitian ","Sandstorms","Low ",1
"13/02/2022","19:55:00","20:05:00",22,"Drinks ",25,4.6,15,"scooter ",1,"No ","Urban ","Windy","Jam ",1
"18/03/2022","23:00:00","23:10:00",23,"Buffet ",26,4.9,4,"motorcycle ",0,"No ","Metropolitian ","Cloudy","Low ",0
"24/03/2022","23:45:00","23:55:00",16,"Snack ",20,4.8,17,"motorcycle ",0,"No ","Metropolitian ","Fog","Low ",1
"20/03/2022","17:20:00","17:35:00",31,"Drinks ",34,3.5,3,"motorcycle ",1,"No ","Metropolitian ","Stormy","Medium ",1
"31/03/2022","17:40:00","17:45:00",30,"Buffet ",22,4.8,3,"motorcycle ",2,"No ","Urban ","Fog","Medium ",1
"3/03/2022","21:25:00","21:35:00",40,"Snack ",37,4,3,"motorcycle ",0,"No ","Metropolitian ","Stormy","Jam ",2
"17/03/2022","20:35:00","20:45:00",36,"Meal ",27,4.9,19,"motorcycle ",0,"No ","Metropolitian ","Stormy","Jam ",1
"21/03/2022","12:55:00","13:00:00",28,"Snack ",35,4.6,23,"motorcycle ",2,"No ","Metropolitian ","Fog","High ",1
"18/03/2022","20:35:00","20:50:00",10,"Drinks ",23,4.7,21,"scooter ",2,"No ","Urban ","Sunny","Jam ",1
"16/02/2022","17:45:00","17:50:00",30,"Snack ",39,4.6,8,"scooter ",2,"No ","Metropolitian ","Stormy","Medium ",1
"18/03/2022","22:40:00","22:50:00",23,"Buffet ",33,4.7,7,"scooter ",1,"No ","Metropolitian ","Stormy","Low ",1
"13/03/2022","9:20:00","9:30:00",28,"Snack ",30,4,7,"motorcycle ",0,"No ","Metropolitian ","Windy","Low ",1
"6/03/2022","21:20:00","21:35:00",38,"Buffet ",24,4.7,15,"motorcycle ",0,"No ","Metropolitian ","Windy","Jam ",0
"17/03/2022","20:00:00","20:15:00",31,"Drinks ",35,4.1,8,"motorcycle ",0,"No ","Metropolitian ","Fog","Jam ",1
"4/04/2022","21:30:00","21:40:00",32,"Buffet ",38,4.1,5,"scooter ",1,"No ","Urban ","Stormy","Jam ",0
"5/04/2022","18:50:00","19:00:00",27,"Snack ",28,5,18,"motorcycle ",0,"No ","Metropolitian ","Windy","Medium ",0
"5/03/2022","9:40:00","9:50:00",24,"Buffet ",30,4.7,21,"motorcycle ",0,"No ","Metropolitian ","Sunny","Low ",1
"11/03/2022","23:35:00","23:50:00",19,"Meal ",22,4.5,9,"motorcycle ",0,"No ","Metropolitian ","Cloudy","Low ",0
"29/03/2022","18:55:00","19:10:00",25,"Meal ",35,4.7,6,"motorcycle ",0,"No ","Urban ","Sunny","Medium ",1
"1/03/2022","9:00:00","9:15:00",17,"Buffet ",27,4.9,12,"scooter ",1,"No ","Metropolitian ","Sunny","Low ",1
"18/02/2022","18:30:00","18:40:00",23,"Buffet ",29,4.9,4,"motorcycle ",2,"No ","Metropolitian ","Sandstorms","Medium ",1
"12/02/2022","17:40:00","17:45:00",18,"Buffet ",27,4.9,7,"electric_scooter ",2,"No ","Metropolitian ","Windy","Medium ",0
"21/03/2022","17:10:00","17:20:00",12,"Drinks ",25,4.6,16,"scooter ",1,"No ","Urban ","Fog","Medium ",0
"19/03/2022","22:55:00","23:05:00",15,"Buffet ",27,4.9,19,"scooter ",2,"No ","Urban ","Cloudy","Low ",0
"12/02/2022","18:20:00","18:30:00",23,"Meal ",23,4.9,23,"motorcycle ",1,"No ","Urban ","Windy","Medium ",0
"13/02/2022","18:55:00","19:00:00",30,"Snack ",37,4.7,5,"scooter ",2,"No ","Metropolitian ","Sandstorms","Medium ",1
"8/03/2022","20:20:00","20:25:00",29,"Meal ",26,4.7,19,"scooter ",1,"No ","Metropolitian ","Stormy","Jam ",1
"12/02/2022","22:10:00","22:15:00",12,"Meal ",22,5,17,"motorcycle ",1,"No ","Urban ","Sandstorms","Low ",0
"15/03/2022","8:20:00","8:25:00",11,"Meal ",23,4.7,14,"motorcycle ",1,"No ","Metropolitian ","Sandstorms","Low ",0
"24/03/2022","23:45:00","0:00:00",15,"Drinks ",30,4.7,16,"motorcycle ",1,"No ","Metropolitian ","Sunny","Low ",0
"10/03/2022","23:40:00","23:45:00",11,"Meal ",28,5,17,"motorcycle ",1,"No ","Metropolitian ","Sandstorms","Low ",1
"1/04/2022","16:55:00","17:10:00",18,"Drinks ",20,4.7,3,"electric_scooter ",2,"No ","Urban ","Cloudy","Medium ",0
"6/03/2022","23:45:00","23:55:00",32,"Drinks ",34,3.1,13,"motorcycle ",0,"No ","Metropolitian ","Sunny","Low ",1
"13/03/2022","9:35:00","9:45:00",19,"Snack ",33,4.7,12,"scooter ",1,"No ","Metropolitian ","Sunny","Low ",1
"19/03/2022","8:15:00","8:25:00",20,"Buffet ",30,4.8,2,"motorcycle ",1,"No ","Metropolitian ","Stormy","Low ",1
"19/03/2022","21:15:00","21:30:00",35,"Buffet ",37,4.3,15,"scooter ",1,"No ","Metropolitian ","Fog","Jam ",1
"15/03/2022","10:35:00","10:40:00",18,"Drinks ",29,4.9,23,"motorcycle ",1,"No ","Metropolitian ","Sunny","Low ",1
"13/02/2022","8:35:00","8:40:00",16,"Buffet ",25,5,4,"scooter ",1,"No ","Metropolitian ","Windy","Low ",1
"29/03/2022","23:20:00","23:25:00",18,"Drinks ",34,4.8,12,"scooter ",1,"No ","Metropolitian ","Sunny","Low ",1
"12/02/2022","18:50:00","19:05:00",30,"Drinks ",36,5,17,"motorcycle ",0,"No ","Urban ","Stormy","Medium ",1
"2/04/2022","17:20:00","17:30:00",42,"Buffet ",39,4,14,"scooter ",2,"No ","Metropolitian ","Cloudy","Medium ",1
"4/03/2022","19:45:00","19:55:00",39,"Drinks ",32,4.3,15,"electric_scooter ",2,"No ","Metropolitian ","Stormy","Jam ",0
"2/03/2022","21:25:00","21:35:00",30,"Drinks ",21,4.9,22,"motorcycle ",1,"No ","Metropolitian ","Fog","Jam ",1
"2/03/2022","23:00:00","23:10:00",32,"Meal ",38,3.5,6,"scooter ",2,"No ","Metropolitian ","Stormy","Low ",1
"6/03/2022","19:35:00","19:40:00",22,"Snack ",25,4.9,12,"motorcycle ",1,"No ","Metropolitian ","Sunny","Jam ",0
"29/03/2022","23:35:00","23:40:00",27,"Buffet ",39,5,21,"motorcycle ",1,"No ","Metropolitian ","Stormy","Low ",1
"31/03/2022","20:45:00","21:00:00",45,"Drinks ",31,4.6,3,"motorcycle ",0,"No ","Metropolitian ","Cloudy","Jam ",1
"16/02/2022","23:40:00","23:45:00",35,"Buffet ",37,4.3,8,"motorcycle ",0,"No ","Metropolitian ","Fog","Low ",1
"2/04/2022","23:35:00","23:45:00",21,"Meal ",29,4.5,9,"motorcycle ",0,"No ","Metropolitian ","Windy","Low ",1
"8/03/2022","22:10:00","22:15:00",24,"Drinks ",26,4.9,19,"motorcycle ",0,"No ","Urban ","Stormy","Low ",0
"25/03/2022","23:25:00","23:40:00",16,"Meal ",37,4.7,16,"scooter ",1,"No ","Metropolitian ","Windy","Low ",1
"4/04/2022","23:30:00","23:45:00",23,"Snack ",37,5,22,"motorcycle ",0,"No ","Urban ","Sunny","Low ",1
"12/03/2022","23:55:00","0:05:00",24,"Drinks ",24,4.9,17,"motorcycle ",0,"No ","Metropolitian ","Cloudy","Low ",1
"18/02/2022","22:25:00","22:35:00",26,"Buffet ",26,4.9,4,"motorcycle ",2,"No ","Metropolitian ","Fog","Low ",1
"3/03/2022","11:35:00","11:50:00",25,"Buffet ",28,4.8,16,"motorcycle ",1,"No ","Metropolitian ","Windy","High ",1
"1/04/2022","17:55:00","18:05:00",26,"Drinks ",25,4.5,23,"scooter ",1,"No ","Metropolitian ","Windy","Medium ",1
"11/03/2022","16:15:00","16:20:00",17,"Meal ",36,5,19,"motorcycle ",1,"No ","Urban ","Cloudy","Medium ",0
"15/03/2022","9:00:00","9:15:00",20,"Buffet ",35,4.8,13,"motorcycle ",1,"No ","Metropolitian ","Sandstorms","Low ",1
"29/03/2022","17:10:00","17:20:00",49,"Snack ",31,4,6,"motorcycle ",0,"No ","Metropolitian ","Sandstorms","Medium ",0
"17/03/2022","9:35:00","9:50:00",19,"Meal ",35,4.8,23,"motorcycle ",1,"No ","Metropolitian ","Sunny","Low ",1
"26/03/2022","21:15:00","21:20:00",28,"Snack ",37,4.9,23,"scooter ",2,"No ","Metropolitian ","Sandstorms","Jam ",1
"14/02/2022","17:30:00","17:40:00",18,"Drinks ",22,5,7,"electric_scooter ",2,"No ","Metropolitian ","Sunny","Medium ",0
"5/03/2022","12:10:00","12:15:00",26,"Drinks ",36,4.8,9,"motorcycle ",2,"No ","Metropolitian ","Stormy","High ",1
"7/03/2022","17:30:00","17:45:00",31,"Drinks ",30,4,4,"scooter ",1,"No ","Metropolitian ","Sandstorms","Medium ",1
"10/03/2022","19:50:00","20:00:00",47,"Snack ",30,4.5,3,"motorcycle ",0,"No ","Urban ","Cloudy","Jam ",0
"28/03/2022","8:50:00","9:00:00",14,"Snack ",26,4.7,14,"motorcycle ",1,"No ","Metropolitian ","Stormy","Low ",0
"12/03/2022","20:45:00","20:50:00",19,"Drinks ",32,4.9,16,"scooter ",2,"No ","Metropolitian ","Sunny","Jam ",0
"21/03/2022","22:50:00","23:05:00",15,"Drinks ",21,4.9,22,"motorcycle ",1,"No ","Metropolitian ","Fog","Low ",0
"28/03/2022","18:50:00","19:00:00",23,"Drinks ",25,4.9,12,"scooter ",2,"No ","Metropolitian ","Windy","Medium ",0
"4/03/2022","20:15:00","20:25:00",42,"Snack ",36,4.2,13,"motorcycle ",0,"No ","Metropolitian ","Stormy","Jam ",3
"15/03/2022","17:20:00","17:25:00",34,"Drinks ",39,4.2,3,"scooter ",2,"No ","Urban ","Windy","Medium ",2
"18/03/2022","18:30:00","18:35:00",24,"Buffet ",28,4.5,1,"scooter ",1,"No ","Urban ","Windy","Medium ",1
"7/03/2022","22:50:00","22:55:00",24,"Drinks ",32,4.8,23,"motorcycle ",0,"No ","Metropolitian ","Sunny","Low ",1
"28/03/2022","22:15:00","22:30:00",17,"Meal ",20,4.8,15,"scooter ",2,"No ","Metropolitian ","Sunny","Low ",1
"24/03/2022","23:40:00","23:50:00",27,"Meal ",32,4.5,15,"motorcycle ",0,"No ","Metropolitian ","Stormy","Low ",1
"29/03/2022","20:30:00","20:35:00",37,"Snack ",23,4.2,4,"motorcycle ",1,"No ","Metropolitian ","Fog","Jam ",2
"5/04/2022","11:10:00","11:15:00",35,"Snack ",30,4.6,15,"scooter ",2,"No ","Metropolitian ","Cloudy","High ",1
"6/04/2022","23:30:00","23:45:00",42,"Snack ",23,3.4,6,"motorcycle ",1,"No ","Metropolitian ","Sunny","Low ",1
"3/04/2022","17:40:00","17:55:00",15,"Buffet ",21,4.7,15,"motorcycle ",1,"No ","Urban ","Cloudy","Medium ",0
"26/03/2022","9:15:00","9:25:00",18,"Drinks ",35,4.9,19,"motorcycle ",2,"No ","Metropolitian ","Cloudy","Low ",1
"6/03/2022","17:20:00","17:25:00",20,"Snack ",32,4.6,16,"motorcycle ",2,"No ","Metropolitian ","Stormy","Medium ",1
"10/03/2022","23:25:00","23:30:00",23,"Buffet ",21,4.5,12,"scooter ",1,"No ","Metropolitian ","Fog","Low ",1
"17/02/2022","11:10:00","11:20:00",25,"Meal ",33,4.9,6,"motorcycle ",0,"No ","Metropolitian ","Fog","High ",1
"26/03/2022","21:55:00","22:00:00",22,"Drinks ",25,4.9,15,"scooter ",2,"No ","Urban ","Windy","Jam ",1
"3/03/2022","23:45:00","23:55:00",17,"Snack ",22,4.7,15,"motorcycle ",0,"No ","Urban ","Fog","Low ",1
"18/02/2022","19:40:00","19:45:00",27,"Buffet ",30,4.9,9,"motorcycle ",2,"No ","Metropolitian ","Fog","Jam ",1
"15/02/2022","14:50:00","14:55:00",22,"Meal ",29,4.6,2,"motorcycle ",0,"No ","Metropolitian ","Sandstorms","High ",1
"14/03/2022","19:15:00","19:30:00",27,"Snack ",39,4.6,12,"motorcycle ",2,"No ","Metropolitian ","Stormy","Jam ",1
"20/03/2022","17:20:00","17:25:00",37,"Meal ",23,4.6,6,"motorcycle ",1,"No ","Metropolitian ","Cloudy","Medium ",1
"24/03/2022","8:50:00","8:55:00",13,"Snack ",26,4.5,15,"electric_scooter ",2,"No ","Metropolitian ","Cloudy","Low ",1
"17/03/2022","19:30:00","19:45:00",18,"Drinks ",38,4.8,1,"electric_scooter ",2,"No ","Metropolitian ","Sunny","Jam ",0
"15/02/2022","19:30:00","19:40:00",29,"Snack ",39,5,16,"motorcycle ",1,"No ","Urban ","Cloudy","Jam ",1
"6/04/2022","22:25:00","22:40:00",21,"Buffet ",37,4.8,23,"motorcycle ",1,"No ","Urban ","Sunny","Low ",1
"25/03/2022","19:40:00","19:45:00",39,"Buffet ",31,4.1,3,"motorcycle ",0,"No ","Urban ","Stormy","Jam ",2
"31/03/2022","23:45:00","23:55:00",16,"Buffet ",34,4.5,22,"motorcycle ",1,"No ","Metropolitian ","Sunny","Low ",0
"8/03/2022","20:10:00","20:25:00",31,"Snack ",36,3.9,3,"motorcycle ",1,"No ","Metropolitian ","Sunny","Jam ",0
"5/03/2022","13:10:00","13:15:00",23,"Drinks ",26,4.9,21,"electric_scooter ",2,"No ","Metropolitian ","Sunny","High ",1
"24/03/2022","9:15:00","9:25:00",31,"Snack ",39,4.2,4,"motorcycle ",0,"No ","Metropolitian ","Windy","Low ",1
"5/03/2022","10:10:00","10:15:00",32,"Drinks ",39,4.2,9,"motorcycle ",0,"No ","Metropolitian ","Windy","Low ",1
"1/04/2022","23:45:00","23:55:00",24,"Meal ",31,4.5,19,"motorcycle ",0,"No ","Urban ","Sunny","Low ",0
"1/04/2022","8:45:00","8:50:00",24,"Buffet ",24,4.6,23,"motorcycle ",0,"No ","Metropolitian ","Fog","Low ",1
"3/03/2022","9:20:00","9:25:00",17,"Buffet ",24,5,9,"motorcycle ",1,"No ","Metropolitian ","Fog","Low ",0
"16/03/2022","21:00:00","21:05:00",35,"Buffet ",28,4.9,9,"motorcycle ",0,"No ","Metropolitian ","Fog","Jam ",1
"2/03/2022","20:35:00","20:40:00",40,"Drinks ",27,4.7,16,"motorcycle ",0,"No ","Metropolitian ","Fog","Jam ",1
"8/03/2022","18:40:00","18:55:00",45,"Buffet ",37,4.2,4,"motorcycle ",0,"No ","Metropolitian ","Windy","Medium ",1
"11/02/2022","18:50:00","19:00:00",21,"Snack ",28,4.9,2,"scooter ",1,"No ","Metropolitian ","Stormy","Medium ",0
"26/03/2022","17:30:00","17:35:00",24,"Snack ",28,4.7,21,"electric_scooter ",2,"No ","Metropolitian ","Sandstorms","Medium ",1
"13/02/2022","18:10:00","18:25:00",16,"Buffet ",26,5,19,"motorcycle ",1,"No ","Urban ","Cloudy","Medium ",1
"15/03/2022","22:15:00","22:30:00",12,"Snack ",37,4.9,22,"motorcycle ",1,"No ","Urban ","Sunny","Low ",0
"11/02/2022","8:25:00","8:30:00",14,"Buffet ",27,4.9,4,"electric_scooter ",2,"No ","Metropolitian ","Sandstorms","Low ",1
"26/03/2022","18:00:00","18:05:00",10,"Snack ",25,4.6,23,"electric_scooter ",2,"No ","Metropolitian ","Fog","Medium ",0
"14/02/2022","19:10:00","19:20:00",49,"Snack ",39,4.1,3,"motorcycle ",0,"No ","Semi-Urban ","Windy","Jam ",3
"26/03/2022","17:20:00","17:30:00",25,"Drinks ",32,4.7,19,"motorcycle ",0,"No ","Metropolitian ","Fog","Medium ",1
"17/03/2022","18:40:00","18:45:00",32,"Buffet ",30,4.1,16,"motorcycle ",0,"No ","Metropolitian ","Windy","Medium ",0
"12/03/2022","22:25:00","22:35:00",24,"Meal ",24,4.8,19,"scooter ",2,"No ","Metropolitian ","Cloudy","Low ",1
"13/02/2022","23:35:00","23:50:00",17,"Snack ",27,4.4,9,"motorcycle ",0,"No ","Metropolitian ","Sandstorms","Low ",0
"25/03/2022","19:15:00","19:20:00",23,"Buffet ",26,4.6,18,"scooter ",2,"No ","Metropolitian ","Stormy","Jam ",1
"31/03/2022","22:25:00","22:35:00",27,"Snack ",29,4.9,17,"electric_scooter ",2,"No ","Urban ","Fog","Low ",0
"31/03/2022","21:55:00","22:05:00",41,"Meal ",32,4.4,17,"motorcycle ",0,"No ","Urban ","Windy","Jam ",2
"30/03/2022","16:35:00","16:40:00",34,"Snack ",39,4.4,21,"motorcycle ",2,"No ","Urban ","Stormy","Medium ",0
"26/03/2022","19:55:00","20:00:00",31,"Snack ",38,4.6,1,"motorcycle ",0,"No ","Metropolitian ","Fog","Jam ",0
"5/04/2022","18:25:00","18:30:00",25,"Drinks ",34,4.8,17,"motorcycle ",0,"No ","Urban ","Cloudy","Medium ",1
"17/02/2022","23:30:00","23:35:00",23,"Buffet ",28,4.9,7,"scooter ",2,"No ","Metropolitian ","Fog","Low ",0
"30/03/2022","22:30:00","22:45:00",21,"Meal ",38,4.8,18,"scooter ",1,"No ","Metropolitian ","Windy","Low ",1
"16/03/2022","22:00:00","22:05:00",45,"Meal ",27,4.8,14,"motorcycle ",0,"Yes ","Metropolitian ","Cloudy","Jam ",0
"20/03/2022","20:25:00","20:30:00",23,"Buffet ",27,4.8,22,"scooter ",1,"No ","Metropolitian ","Sandstorms","Jam ",0
"5/03/2022","20:30:00","20:40:00",10,"Snack ",22,4.7,17,"scooter ",1,"No ","Urban ","Stormy","Jam ",0
"12/03/2022","21:25:00","21:35:00",26,"Drinks ",24,4.9,18,"motorcycle ",1,"No ","Metropolitian ","Sandstorms","Jam ",0
"1/04/2022","9:40:00","9:50:00",11,"Drinks ",25,5,23,"motorcycle ",2,"No ","Metropolitian ","Windy","Low ",0
"10/03/2022","19:20:00","19:25:00",26,"Snack ",27,4.7,12,"electric_scooter ",2,"No ","Metropolitian ","Windy","Jam ",1
"29/03/2022","22:45:00","22:50:00",25,"Drinks ",22,4.8,19,"motorcycle ",2,"No ","Metropolitian ","Cloudy","Low ",0
"2/04/2022","22:20:00","22:35:00",22,"Drinks ",30,4.7,18,"motorcycle ",0,"No ","Metropolitian ","Sandstorms","Low ",1
"3/03/2022","11:30:00","11:35:00",33,"Meal ",38,5,22,"motorcycle ",0,"No ","Metropolitian ","Sandstorms","High ",1
"21/03/2022","23:00:00","23:05:00",16,"Snack ",26,4.6,23,"motorcycle ",0,"No ","Metropolitian ","Fog","Low ",0
"16/03/2022","17:15:00","17:20:00",41,"Buffet ",35,4.2,11,"motorcycle ",0,"Yes ","Metropolitian ","Stormy","Medium ",0
"12/02/2022","17:30:00","17:40:00",30,"Drinks ",31,4.6,3,"motorcycle ",0,"No ","Metropolitian ","Windy","Medium ",1
"10/03/2022","23:35:00","23:50:00",21,"Snack ",21,4.9,23,"motorcycle ",0,"No ","Metropolitian ","Fog","Low ",1
"6/04/2022","18:40:00","18:55:00",38,"Buffet ",34,4,4,"scooter ",1,"No ","Metropolitian ","Fog","Medium ",1
"3/03/2022","18:55:00","19:10:00",30,"Drinks ",31,4.9,13,"electric_scooter ",2,"No ","Metropolitian ","Stormy","Medium ",1
"5/03/2022","12:00:00","12:10:00",38,"Buffet ",37,4.4,19,"motorcycle ",0,"No ","Metropolitian ","Stormy","High ",0
"12/03/2022","18:40:00","18:50:00",23,"Drinks ",34,4.9,21,"scooter ",1,"No ","Metropolitian ","Stormy","Medium ",0
"4/03/2022","23:35:00","23:50:00",29,"Meal ",32,4.9,13,"scooter ",1,"No ","Metropolitian ","Fog","Low ",1
"2/04/2022","18:15:00","18:20:00",46,"Buffet ",37,4.9,17,"motorcycle ",0,"No ","Urban ","Cloudy","Medium ",2
"6/03/2022","18:50:00","19:00:00",37,"Meal ",20,4.9,9,"motorcycle ",0,"No ","Metropolitian ","Fog","Medium ",2
"18/02/2022","0:00:00","0:15:00",22,"Snack ",28,4.9,4,"scooter ",2,"No ","Metropolitian ","Fog","Low ",1
"3/04/2022","10:10:00","10:15:00",19,"Snack ",33,4.8,21,"scooter ",1,"No ","Metropolitian ","Sunny","Low ",1
"1/03/2022","11:30:00","11:35:00",26,"Buffet ",33,4.6,9,"scooter ",1,"No ","Metropolitian ","Windy","High ",1
"25/03/2022","18:00:00","18:05:00",32,"Snack ",25,4.8,13,"motorcycle ",0,"No ","Metropolitian ","Cloudy","Medium ",1
"14/03/2022","22:15:00","22:25:00",18,"Buffet ",20,4.8,9,"scooter ",2,"No ","Metropolitian ","Stormy","Low ",1
"5/04/2022","18:25:00","18:40:00",17,"Drinks ",30,5,19,"motorcycle ",1,"No ","Metropolitian ","Fog","Medium ",1
"16/03/2022","20:15:00","20:30:00",39,"Buffet ",22,4,3,"motorcycle ",0,"No ","Metropolitian ","Stormy","Jam ",2
"5/03/2022","21:25:00","21:40:00",26,"Meal ",34,5,17,"motorcycle ",0,"No ","Urban ","Sandstorms","Jam ",0
"30/03/2022","8:35:00","8:45:00",17,"Buffet ",32,4.9,23,"scooter ",1,"No ","Metropolitian ","Sunny","Low ",1
"15/03/2022","13:25:00","13:40:00",33,"Drinks ",37,4.2,3,"motorcycle ",0,"No ","Urban ","Fog","High ",2
"4/04/2022","18:45:00","18:55:00",41,"Buffet ",26,4.7,6,"motorcycle ",0,"No ","Metropolitian ","Fog","Medium ",2
"12/02/2022","18:50:00","18:55:00",29,"Snack ",29,4.9,4,"motorcycle ",0,"No ","Metropolitian ","Windy","Medium ",0
"9/03/2022","11:45:00","11:50:00",38,"Meal ",35,4.7,15,"motorcycle ",2,"No ","Urban ","Stormy","High ",1
"5/03/2022","11:10:00","11:15:00",21,"Snack ",23,4.6,23,"motorcycle ",0,"No ","Metropolitian ","Sandstorms","High ",0
"1/04/2022","18:55:00","19:10:00",24,"Drinks ",37,4.7,9,"motorcycle ",1,"No ","Metropolitian ","Sunny","Medium ",1
"26/03/2022","17:10:00","17:15:00",29,"Meal ",25,4.9,11,"scooter ",2,"No ","Metropolitian ","Windy","Medium ",1
"28/03/2022","20:35:00","20:40:00",29,"Snack ",39,4.6,7,"motorcycle ",1,"No ","Metropolitian ","Sandstorms","Jam ",1
"15/03/2022","20:00:00","20:15:00",19,"Drinks ",25,4.5,23,"motorcycle ",1,"No ","Metropolitian ","Sunny","Jam ",1
"27/03/2022","20:45:00","20:50:00",42,"Buffet ",22,4.3,6,"electric_scooter ",2,"No ","Metropolitian ","Cloudy","Jam ",1
"27/03/2022","20:25:00","20:30:00",40,"Drinks ",38,4.2,3,"motorcycle ",2,"No ","Urban ","Sandstorms","Jam ",1
"11/03/2022","9:40:00","9:45:00",30,"Meal ",32,4.5,16,"motorcycle ",0,"No ","Metropolitian ","Stormy","Low ",1
"15/03/2022","8:50:00","8:55:00",26,"Drinks ",20,4.2,2,"motorcycle ",0,"No ","Metropolitian ","Windy","Low ",1
"17/02/2022","16:20:00","16:35:00",15,"Meal ",33,4.9,15,"scooter ",2,"No ","Urban ","Cloudy","Medium ",0
"14/03/2022","23:00:00","23:10:00",44,"Snack ",39,4.8,18,"motorcycle ",0,"No ","Metropolitian ","Fog","Low ",3
"6/03/2022","21:50:00","22:00:00",35,"Snack ",32,4,2,"scooter ",1,"No ","Metropolitian ","Sunny","Jam ",1
"13/03/2022","10:15:00","10:25:00",22,"Drinks ",39,4.9,13,"motorcycle ",0,"No ","Metropolitian ","Fog","Low ",1
"29/03/2022","22:35:00","22:50:00",32,"Buffet ",29,2.7,23,"motorcycle ",2,"No ","Urban ","Sunny","Low ",1
"21/03/2022","15:20:00","15:35:00",20,"Meal ",23,4.7,21,"motorcycle ",2,"No ","Metropolitian ","Stormy","Medium ",1
"26/03/2022","9:55:00","10:00:00",15,"Meal ",20,4.5,19,"scooter ",2,"No ","Metropolitian ","Cloudy","Low ",1
"27/03/2022","19:15:00","19:25:00",22,"Drinks ",27,4.9,23,"scooter ",2,"No ","Metropolitian ","Sandstorms","Jam ",1
"8/03/2022","19:10:00","19:20:00",26,"Snack ",22,4.8,23,"motorcycle ",1,"No ","Metropolitian ","Stormy","Jam ",1
"4/04/2022","17:30:00","17:40:00",26,"Drinks ",31,4.6,19,"scooter ",2,"No ","Urban ","Sunny","Medium ",1
"20/03/2022","21:00:00","21:05:00",43,"Buffet ",32,4.6,6,"scooter ",2,"No ","Metropolitian ","Cloudy","Jam ",0
"3/04/2022","19:10:00","19:25:00",33,"Meal ",30,4.4,6,"scooter ",1,"No ","Metropolitian ","Sandstorms","Jam ",0
"2/04/2022","18:45:00","18:50:00",37,"Drinks ",37,4.9,23,"motorcycle ",0,"No ","Urban ","Cloudy","Medium ",1
"14/03/2022","19:50:00","20:05:00",43,"Snack ",38,4.7,22,"scooter ",1,"Yes ","Metropolitian ","Fog","Jam ",1
"12/02/2022","22:25:00","22:40:00",21,"Meal ",33,4.6,4,"motorcycle ",0,"No ","Metropolitian ","Stormy","Low ",1
"2/04/2022","17:25:00","17:35:00",25,"Drinks ",37,4.6,23,"electric_scooter ",2,"No ","Metropolitian ","Stormy","Medium ",1
"18/03/2022","20:15:00","20:20:00",51,"Buffet ",32,4.9,16,"motorcycle ",0,"Yes ","Urban ","Cloudy","Jam ",3
"19/03/2022","10:20:00","10:25:00",25,"Meal ",39,4.7,16,"motorcycle ",0,"No ","Urban ","Cloudy","Low ",0
"6/03/2022","18:20:00","18:35:00",38,"Snack ",28,4.6,23,"motorcycle ",1,"No ","Urban ","Stormy","Medium ",1
"25/03/2022","23:50:00","0:05:00",24,"Buffet ",26,4.5,22,"motorcycle ",0,"No ","Metropolitian ","Fog","Low ",0
"10/03/2022","19:15:00","19:20:00",49,"Snack ",34,4.9,16,"scooter ",2,"Yes ","Metropolitian ","Cloudy","Jam ",1
"5/03/2022","22:50:00","23:05:00",12,"Buffet ",29,4.5,2,"motorcycle ",0,"No ","Urban ","Stormy","Low ",0
"31/03/2022","21:40:00","21:55:00",27,"Buffet ",35,4.8,1,"electric_scooter ",2,"No ","Urban ","Sandstorms","Jam ",1
"29/03/2022","18:55:00","19:10:00",29,"Snack ",24,4.8,6,"scooter ",1,"No ","Urban ","Sandstorms","Medium ",1
"21/03/2022","18:40:00","18:50:00",16,"Snack ",20,4.7,17,"scooter ",1,"No ","Metropolitian ","Cloudy","Medium ",0
"23/03/2022","18:15:00","18:20:00",18,"Snack ",29,5,19,"scooter ",2,"No ","Metropolitian ","Sunny","Medium ",1
"31/03/2022","22:30:00","22:35:00",27,"Meal ",32,4.8,23,"motorcycle ",1,"No ","Metropolitian ","Cloudy","Low ",1
"5/04/2022","20:40:00","20:50:00",30,"Buffet ",30,5,22,"scooter ",1,"No ","Metropolitian ","Sandstorms","Jam ",1
"7/03/2022","14:00:00","14:05:00",21,"Drinks ",20,4.7,13,"motorcycle ",0,"No ","Metropolitian ","Windy","High ",0
"29/03/2022","20:40:00","20:55:00",37,"Snack ",34,4.8,6,"motorcycle ",0,"No ","Metropolitian ","Sunny","Jam ",1
"3/03/2022","9:25:00","9:30:00",26,"Drinks ",20,4.2,6,"motorcycle ",0,"No ","Metropolitian ","Sandstorms","Low ",0
"18/02/2022","20:10:00","20:15:00",34,"Drinks ",35,3.8,16,"scooter ",1,"No ","Metropolitian ","Fog","Jam ",2
"12/03/2022","18:00:00","18:05:00",20,"Snack ",24,4.6,16,"motorcycle ",2,"No ","Metropolitian ","Stormy","Medium ",1
"5/04/2022","8:25:00","8:30:00",33,"Snack ",34,4.3,16,"motorcycle ",0,"No ","Urban ","Windy","Low ",0
"18/02/2022","22:45:00","23:00:00",41,"Drinks ",38,4,15,"motorcycle ",0,"No ","Metropolitian ","Sandstorms","Low ",1
"8/03/2022","23:10:00","23:25:00",21,"Snack ",38,5,22,"motorcycle ",0,"No ","Urban ","Stormy","Low ",0
"21/03/2022","11:40:00","11:50:00",31,"Buffet ",36,4.2,6,"motorcycle ",2,"No ","Metropolitian ","Fog","High ",1
"5/03/2022","20:10:00","20:20:00",30,"Drinks ",26,4.6,17,"motorcycle ",1,"No ","Urban ","Stormy","Jam ",1
"11/02/2022","15:45:00","15:50:00",28,"Meal ",32,4.6,3,"scooter ",2,"No ","Metropolitian ","Sandstorms","Medium ",1
"14/03/2022","19:00:00","19:05:00",21,"Snack ",26,4.5,16,"electric_scooter ",2,"No ","Metropolitian ","Sandstorms","Medium ",1
"18/02/2022","22:50:00","23:00:00",18,"Snack ",29,4.6,2,"motorcycle ",1,"No ","Metropolitian ","Fog","Low ",1
"30/03/2022","11:35:00","11:40:00",38,"Snack ",31,4.1,4,"scooter ",1,"No ","Metropolitian ","Cloudy","High ",2
"27/03/2022","19:15:00","19:25:00",45,"Snack ",33,4.2,5,"scooter ",2,"No ","Metropolitian ","Cloudy","Jam ",1
"3/04/2022","18:45:00","19:00:00",29,"Meal ",33,4.9,8,"motorcycle ",0,"No ","Metropolitian ","Stormy","Medium ",1
"16/03/2022","18:45:00","18:50:00",34,"Buffet ",21,4.6,22,"motorcycle ",0,"No ","Metropolitian ","Windy","Medium ",0
"23/03/2022","23:30:00","23:35:00",19,"Meal ",31,4.9,19,"motorcycle ",1,"No ","Urban ","Sunny","Low ",1
"12/02/2022","18:55:00","19:10:00",18,"Snack ",29,4.6,19,"scooter ",1,"No ","Urban ","Stormy","Medium ",1
"8/03/2022","20:30:00","20:45:00",38,"Meal ",24,4.6,9,"motorcycle ",0,"No ","Metropolitian ","Windy","Jam ",1
"11/02/2022","11:00:00","11:10:00",15,"Buffet ",33,4.6,9,"motorcycle ",1,"No ","Metropolitian ","Fog","Low ",1
"30/03/2022","12:00:00","12:10:00",21,"Snack ",24,4.9,3,"scooter ",2,"No ","Urban ","Sandstorms","High ",1
"11/03/2022","19:15:00","19:20:00",25,"Meal ",31,4.7,9,"motorcycle ",2,"No ","Metropolitian ","Sandstorms","Jam ",1
"13/03/2022","23:00:00","23:10:00",29,"Snack ",39,4.8,9,"motorcycle ",2,"No ","Metropolitian ","Windy","Low ",1
"11/02/2022","17:35:00","17:40:00",15,"Drinks ",26,4.5,2,"scooter ",2,"No ","Metropolitian ","Stormy","Medium ",0
"8/03/2022","21:55:00","22:10:00",43,"Meal ",33,4.7,17,"electric_scooter ",2,"No ","Metropolitian ","Fog","Jam ",0
"4/03/2022","21:30:00","21:40:00",36,"Meal ",25,5,19,"scooter ",1,"No ","Metropolitian ","Fog","Jam ",2
"14/03/2022","23:35:00","23:45:00",22,"Meal ",33,4.7,12,"motorcycle ",0,"No ","Metropolitian ","Stormy","Low ",0
"3/03/2022","18:35:00","18:50:00",17,"Meal ",38,4.8,9,"scooter ",2,"No ","Metropolitian ","Stormy","Medium ",1
"1/04/2022","22:15:00","22:20:00",26,"Buffet ",23,4.3,23,"motorcycle ",0,"No ","Metropolitian ","Stormy","Low ",0
"12/03/2022","22:55:00","23:05:00",20,"Meal ",37,4.7,19,"motorcycle ",0,"No ","Metropolitian ","Sandstorms","Low ",1
"29/03/2022","21:45:00","21:55:00",44,"Meal ",36,4.3,2,"motorcycle ",0,"Yes ","Metropolitian ","Windy","Jam ",1
"13/03/2022","23:25:00","23:35:00",18,"Buffet ",29,4.6,21,"electric_scooter ",2,"No ","Metropolitian ","Sandstorms","Low ",1
"6/03/2022","20:45:00","20:55:00",25,"Buffet ",27,4.6,14,"motorcycle ",1,"No ","Metropolitian ","Stormy","Jam ",0
"26/03/2022","9:00:00","9:05:00",28,"Snack ",32,4.6,18,"scooter ",2,"No ","Urban ","Stormy","Low ",0
"9/03/2022","21:20:00","21:35:00",35,"Buffet ",32,4.6,18,"electric_scooter ",2,"No ","Urban ","Fog","Jam ",1
"1/03/2022","23:25:00","23:35:00",23,"Snack ",37,4.8,22,"motorcycle ",0,"No ","Urban ","Cloudy","Low ",1
"7/03/2022","8:45:00","8:55:00",22,"Snack ",25,4.5,14,"motorcycle ",0,"No ","Metropolitian ","Stormy","Low ",0
"2/03/2022","22:00:00","22:10:00",15,"Meal ",22,4.6,17,"electric_scooter ",2,"No ","Metropolitian ","Stormy","Jam ",1
"14/03/2022","18:00:00","18:15:00",39,"Drinks ",29,4.8,18,"electric_scooter ",2,"No ","Metropolitian ","Fog","Medium ",2
"13/03/2022","8:25:00","8:30:00",14,"Buffet ",28,4.7,22,"electric_scooter ",2,"No ","Urban ","Stormy","Low ",1
"15/02/2022","10:25:00","10:30:00",16,"Snack ",30,4.9,3,"scooter ",1,"No ","Metropolitian ","Sunny","Low ",0
"13/02/2022","23:50:00","0:00:00",12,"Snack ",29,4.9,15,"motorcycle ",1,"No ","Urban ","Fog","Low ",0
"16/03/2022","21:00:00","21:05:00",32,"Buffet ",23,4.1,11,"motorcycle ",2,"No ","Metropolitian ","Fog","Jam ",1
"28/03/2022","8:35:00","8:45:00",11,"Meal ",26,4.9,16,"motorcycle ",2,"No ","Metropolitian ","Cloudy","Low ",1
"10/03/2022","22:45:00","22:55:00",17,"Snack ",22,4.7,9,"motorcycle ",2,"No ","Metropolitian ","Stormy","Low ",1
"17/03/2022","21:35:00","21:45:00",34,"Meal ",37,4.1,2,"scooter ",2,"No ","Metropolitian ","Fog","Jam ",1
"18/02/2022","18:50:00","18:55:00",35,"Buffet ",32,5,4,"scooter ",1,"No ","Metropolitian ","Sandstorms","Medium ",1
"6/04/2022","17:40:00","17:55:00",35,"Drinks ",26,4.1,5,"motorcycle ",2,"No ","Metropolitian ","Cloudy","Medium ",0
"5/04/2022","13:50:00","14:00:00",27,"Buffet ",35,5,19,"motorcycle ",1,"No ","Metropolitian ","Fog","High ",1
"16/03/2022","18:10:00","18:15:00",37,"Buffet ",25,4,13,"motorcycle ",0,"No ","Metropolitian ","Sandstorms","Medium ",0
"15/03/2022","23:30:00","23:35:00",19,"Snack ",24,4.7,17,"motorcycle ",0,"No ","Metropolitian ","Fog","Low ",0
"4/03/2022","20:30:00","20:35:00",46,"Drinks ",33,4.2,5,"motorcycle ",0,"No ","Metropolitian ","Stormy","Jam ",2
"30/03/2022","14:30:00","14:40:00",26,"Meal ",22,4.7,17,"motorcycle ",0,"No ","Metropolitian ","Fog","High ",0
"5/04/2022","15:30:00","15:40:00",29,"Drinks ",33,4.9,22,"electric_scooter ",2,"No ","Metropolitian ","Stormy","Medium ",0
"4/04/2022","23:40:00","23:50:00",22,"Meal ",24,4.9,16,"scooter ",2,"No ","Urban ","Cloudy","Low ",1
"5/03/2022","19:25:00","19:35:00",12,"Snack ",26,4.7,16,"scooter ",2,"No ","Metropolitian ","Stormy","Jam ",0
"4/03/2022","17:20:00","17:25:00",44,"Meal ",39,4.8,15,"scooter ",1,"No ","Metropolitian ","Fog","Medium ",1
"8/03/2022","23:55:00","0:00:00",17,"Buffet ",37,5,21,"scooter ",1,"No ","Metropolitian ","Sandstorms","Low ",1
"18/03/2022","19:20:00","19:25:00",37,"Snack ",29,4.1,19,"motorcycle ",0,"No ","Metropolitian ","Sandstorms","Jam ",1
"13/03/2022","15:20:00","15:30:00",25,"Drinks ",29,4.6,13,"motorcycle ",0,"No ","Metropolitian ","Fog","Medium ",1
"1/03/2022","9:15:00","9:20:00",22,"Meal ",37,4.9,22,"motorcycle ",0,"No ","Metropolitian ","Fog","Low ",1
"5/03/2022","10:25:00","10:30:00",10,"Drinks ",25,4.7,16,"scooter ",1,"No ","Metropolitian ","Sunny","Low ",1
"19/03/2022","19:20:00","19:30:00",32,"Snack ",27,4.6,23,"motorcycle ",0,"No ","Metropolitian ","Sandstorms","Jam ",1
"2/03/2022","18:20:00","18:25:00",34,"Buffet ",35,4.2,6,"scooter ",2,"No ","Metropolitian ","Stormy","Medium ",1
"23/03/2022","17:10:00","17:15:00",37,"Drinks ",30,5,4,"motorcycle ",0,"No ","Metropolitian ","Stormy","Medium ",1
"23/03/2022","17:45:00","18:00:00",22,"Drinks ",27,4.5,15,"motorcycle ",1,"No ","Metropolitian ","Windy","Medium ",1
"20/03/2022","20:15:00","20:25:00",19,"Meal ",25,4.9,16,"scooter ",2,"No ","Urban ","Sandstorms","Jam ",1
"7/03/2022","15:25:00","15:30:00",20,"Drinks ",21,4.7,13,"scooter ",1,"No ","Metropolitian ","Sandstorms","Medium ",1
"1/04/2022","17:25:00","17:40:00",24,"Drinks ",38,4.8,22,"motorcycle ",2,"No ","Metropolitian ","Sunny","Medium ",1
"25/03/2022","18:15:00","18:30:00",28,"Snack ",20,4.8,23,"scooter ",2,"No ","Metropolitian ","Stormy","Medium ",1
"14/03/2022","19:35:00","19:40:00",43,"Meal ",33,4.9,19,"motorcycle ",0,"No ","Urban ","Cloudy","Jam ",0
"4/04/2022","17:45:00","17:55:00",35,"Meal ",24,4,3,"motorcycle ",0,"No ","Metropolitian ","Windy","Medium ",1
"16/02/2022","23:40:00","23:50:00",17,"Buffet ",35,4.9,21,"motorcycle ",1,"No ","Urban ","Windy","Low ",0
"15/03/2022","11:30:00","11:45:00",32,"Drinks ",38,4.3,9,"motorcycle ",2,"No ","Metropolitian ","Windy","High ",1
"9/03/2022","10:35:00","10:45:00",27,"Snack ",25,4.4,12,"motorcycle ",0,"No ","Metropolitian ","Windy","Low ",1
"20/03/2022","22:55:00","23:05:00",30,"Buffet ",30,4.9,4,"scooter ",2,"No ","Metropolitian ","Fog","Low ",0
"4/04/2022","19:00:00","19:05:00",30,"Snack ",32,4.7,12,"scooter ",1,"No ","Metropolitian ","Windy","Medium ",1
"16/02/2022","19:50:00","20:00:00",31,"Snack ",34,4.4,2,"scooter ",1,"No ","Metropolitian ","Sandstorms","Jam ",1
"19/03/2022","9:30:00","9:35:00",21,"Buffet ",35,4.1,13,"motorcycle ",0,"No ","Metropolitian ","Windy","Low ",1
"17/02/2022","10:35:00","10:45:00",24,"Meal ",36,4.9,7,"motorcycle ",0,"No ","Metropolitian ","Sunny","Low ",1
"12/03/2022","17:55:00","18:10:00",31,"Snack ",26,4.6,19,"scooter ",1,"No ","Urban ","Cloudy","Medium ",1
"30/03/2022","0:00:00","0:10:00",17,"Meal ",36,4.7,3,"scooter ",1,"No ","Urban ","Sunny","Low ",1
"3/03/2022","17:55:00","18:10:00",34,"Meal ",33,4.1,6,"motorcycle ",0,"No ","Metropolitian ","Stormy","Medium ",0
"5/03/2022","11:15:00","11:30:00",28,"Snack ",30,4.6,13,"scooter ",2,"No ","Metropolitian ","Windy","High ",1
"5/04/2022","10:40:00","10:55:00",16,"Snack ",22,5,16,"scooter ",2,"No ","Metropolitian ","Sunny","Low ",0
"11/03/2022","11:35:00","11:45:00",25,"Meal ",28,5,15,"scooter ",2,"No ","Metropolitian ","Fog","High ",1
"5/03/2022","20:15:00","20:20:00",26,"Drinks ",22,4.7,16,"motorcycle ",0,"No ","Metropolitian ","Sunny","Jam ",1
"14/03/2022","17:45:00","17:55:00",22,"Snack ",34,4.7,19,"scooter ",1,"No ","Metropolitian ","Windy","Medium ",1
"21/03/2022","10:40:00","10:45:00",27,"Snack ",31,4.1,17,"motorcycle ",0,"No ","Metropolitian ","Stormy","Low ",1
"23/03/2022","19:00:00","19:05:00",30,"Buffet ",23,4.9,3,"scooter ",1,"No ","Metropolitian ","Fog","Medium ",1
"2/04/2022","21:20:00","21:25:00",30,"Meal ",29,4.6,1,"electric_scooter ",2,"No ","Metropolitian ","Cloudy","Jam ",1
"1/03/2022","17:50:00","18:05:00",14,"Snack ",22,4.8,21,"motorcycle ",1,"No ","Urban ","Sunny","Medium ",1
"19/03/2022","16:30:00","16:40:00",17,"Buffet ",37,4.6,6,"motorcycle ",2,"No ","Metropolitian ","Fog","Medium ",1
"18/03/2022","20:20:00","20:35:00",17,"Meal ",22,5,13,"motorcycle ",1,"No ","Metropolitian ","Sandstorms","Jam ",1
"6/03/2022","18:50:00","19:00:00",41,"Meal ",34,5,16,"motorcycle ",0,"No ","Metropolitian ","Sunny","Medium ",2
"24/03/2022","20:45:00","20:50:00",35,"Snack ",34,4.2,7,"motorcycle ",0,"No ","Metropolitian ","Stormy","Jam ",1
"21/03/2022","13:30:00","13:40:00",41,"Drinks ",26,4.5,3,"motorcycle ",0,"No ","Metropolitian ","Sunny","High ",2
"10/03/2022","22:25:00","22:30:00",17,"Drinks ",28,4.5,18,"scooter ",1,"No ","Metropolitian ","Sandstorms","Low ",0
"5/04/2022","8:40:00","8:50:00",18,"Meal ",27,4.8,23,"motorcycle ",0,"No ","Metropolitian ","Cloudy","Low ",1
"19/03/2022","17:15:00","17:25:00",25,"Snack ",29,4.8,9,"motorcycle ",0,"No ","Metropolitian ","Cloudy","Medium ",0
"23/03/2022","17:55:00","18:00:00",25,"Meal ",31,4.9,16,"motorcycle ",0,"No ","Metropolitian ","Sunny","Medium ",1
"24/03/2022","23:10:00","23:15:00",17,"Buffet ",38,4.8,12,"motorcycle ",2,"No ","Metropolitian ","Sunny","Low ",1
"9/03/2022","17:15:00","17:30:00",24,"Snack ",21,4.7,22,"scooter ",1,"No ","Urban ","Stormy","Medium ",1
"18/03/2022","18:15:00","18:25:00",25,"Drinks ",27,4.7,21,"electric_scooter ",2,"No ","Urban ","Cloudy","Medium ",1
"3/03/2022","17:25:00","17:40:00",16,"Buffet ",37,4.7,16,"motorcycle ",1,"No ","Metropolitian ","Sunny","Medium ",0
"20/03/2022","19:20:00","19:35:00",16,"Snack ",38,4.8,17,"scooter ",1,"No ","Metropolitian ","Sunny","Jam ",1
"1/04/2022","8:25:00","8:40:00",29,"Meal ",37,4.4,12,"motorcycle ",0,"No ","Metropolitian ","Sandstorms","Low ",1
"11/02/2022","21:00:00","21:05:00",21,"Snack ",39,5,5,"motorcycle ",1,"No ","Metropolitian ","Sunny","Jam ",1
"18/02/2022","23:30:00","23:40:00",15,"Buffet ",20,4.7,23,"motorcycle ",1,"No ","Urban ","Windy","Low ",0
"16/02/2022","20:00:00","20:05:00",39,"Snack ",37,3.7,19,"scooter ",2,"No ","Metropolitian ","Windy","Jam ",1
"25/03/2022","23:15:00","23:25:00",22,"Snack ",22,5,17,"motorcycle ",0,"No ","Urban ","Fog","Low ",1
"30/03/2022","10:20:00","10:25:00",16,"Meal ",30,4.8,23,"scooter ",2,"No ","Metropolitian ","Cloudy","Low ",1
"9/03/2022","21:25:00","21:40:00",24,"Drinks ",20,4.9,23,"electric_scooter ",2,"No ","Metropolitian ","Windy","Jam ",1
"10/03/2022","20:10:00","20:25:00",28,"Snack ",37,5,17,"motorcycle ",1,"No ","Metropolitian ","Windy","Jam ",1
"17/02/2022","13:15:00","13:25:00",20,"Drinks ",23,4.6,2,"motorcycle ",1,"No ","Metropolitian ","Fog","High ",0
"23/03/2022","23:10:00","23:20:00",26,"Buffet ",37,4.9,13,"motorcycle ",2,"No ","Metropolitian ","Fog","Low ",1
"26/03/2022","17:55:00","18:00:00",23,"Buffet ",25,4.6,14,"motorcycle ",0,"No ","Metropolitian ","Windy","Medium ",1
"3/04/2022","8:35:00","8:45:00",11,"Drinks ",26,4.9,19,"scooter ",1,"No ","Metropolitian ","Stormy","Low ",0
"23/03/2022","18:20:00","18:30:00",30,"Snack ",31,4.7,1,"motorcycle ",2,"No ","Metropolitian ","Cloudy","Medium ",1
"2/04/2022","22:50:00","23:00:00",16,"Buffet ",22,5,22,"motorcycle ",0,"No ","Metropolitian ","Sandstorms","Low ",1
"17/02/2022","23:30:00","23:35:00",27,"Meal ",32,4.6,8,"motorcycle ",2,"No ","Metropolitian ","Stormy","Low ",1
"5/03/2022","22:15:00","22:25:00",18,"Buffet ",20,4.6,23,"scooter ",2,"No ","Metropolitian ","Sunny","Low ",0
"28/03/2022","23:55:00","0:05:00",22,"Drinks ",36,4.7,19,"motorcycle ",0,"No ","Metropolitian ","Sunny","Low ",0
"17/03/2022","18:10:00","18:25:00",27,"Snack ",31,4.8,5,"motorcycle ",2,"No ","Metropolitian ","Stormy","Medium ",0
"25/03/2022","21:45:00","21:55:00",37,"Drinks ",39,5,3,"scooter ",1,"No ","Metropolitian ","Cloudy","Jam ",1
"12/02/2022","21:10:00","21:20:00",50,"Buffet ",34,4.6,8,"motorcycle ",0,"Yes ","Metropolitian ","Fog","Jam ",3
"6/03/2022","20:15:00","20:25:00",34,"Snack ",34,3.8,1,"motorcycle ",1,"No ","Urban ","Stormy","Jam ",1
"1/03/2022","16:10:00","16:20:00",33,"Drinks ",33,4.1,8,"motorcycle ",1,"No ","Metropolitian ","Sandstorms","Medium ",1
"18/02/2022","18:20:00","18:30:00",26,"Snack ",23,4.9,4,"electric_scooter ",2,"No ","Metropolitian ","Fog","Medium ",0
"18/02/2022","18:55:00","19:05:00",30,"Drinks ",32,4.6,2,"motorcycle ",0,"No ","Metropolitian ","Sandstorms","Medium ",1
"15/03/2022","20:00:00","20:10:00",33,"Buffet ",35,4.6,18,"motorcycle ",2,"No ","Urban ","Stormy","Jam ",1
"2/04/2022","20:35:00","20:50:00",36,"Meal ",23,4.8,4,"motorcycle ",0,"No ","Metropolitian ","Windy","Jam ",1
"11/03/2022","9:45:00","9:50:00",15,"Drinks ",39,4.7,21,"scooter ",1,"No ","Urban ","Cloudy","Low ",1
"18/02/2022","22:30:00","22:40:00",24,"Snack ",30,4.6,8,"motorcycle ",0,"No ","Metropolitian ","Windy","Low ",0
"27/03/2022","19:00:00","19:10:00",30,"Buffet ",39,4.7,19,"scooter ",1,"No ","Urban ","Cloudy","Medium ",1
"6/04/2022","19:30:00","19:40:00",40,"Drinks ",29,5,17,"electric_scooter ",2,"No ","Metropolitian ","Fog","Jam ",1
"13/03/2022","8:35:00","8:40:00",10,"Drinks ",26,4.6,9,"scooter ",1,"No ","Metropolitian ","Cloudy","Low ",1
"26/03/2022","22:35:00","22:45:00",24,"Meal ",23,5,22,"scooter ",2,"No ","Urban ","Sunny","Low ",1
"19/03/2022","13:55:00","14:05:00",14,"Drinks ",27,4.8,12,"electric_scooter ",2,"No ","Metropolitian ","Sandstorms","High ",0
"25/03/2022","17:20:00","17:35:00",26,"Drinks ",20,4.9,23,"motorcycle ",2,"No ","Metropolitian ","Windy","Medium ",1
"3/04/2022","8:25:00","8:35:00",15,"Snack ",34,4.5,23,"scooter ",1,"No ","Metropolitian ","Fog","Low ",1
"12/02/2022","17:25:00","17:35:00",36,"Drinks ",25,4.9,18,"motorcycle ",0,"No ","Urban ","Sandstorms","Medium ",1
"29/03/2022","23:10:00","23:15:00",37,"Meal ",34,3.9,7,"scooter ",2,"No ","Metropolitian ","Fog","Low ",1
"11/02/2022","14:25:00","14:40:00",20,"Snack ",23,5,9,"motorcycle ",0,"No ","Metropolitian ","Stormy","High ",1
"17/03/2022","12:20:00","12:30:00",26,"Snack ",33,4.7,15,"motorcycle ",0,"No ","Urban ","Cloudy","High ",0
"11/03/2022","18:20:00","18:30:00",23,"Buffet ",29,4.9,14,"scooter ",1,"No ","Metropolitian ","Sandstorms","Medium ",1
"13/02/2022","12:35:00","12:45:00",25,"Buffet ",36,4.8,9,"motorcycle ",0,"No ","Metropolitian ","Sunny","High ",1
"16/02/2022","19:55:00","20:10:00",43,"Snack ",23,5,8,"scooter ",1,"No ","Metropolitian ","Fog","Jam ",0
"17/03/2022","15:45:00","15:55:00",26,"Meal ",34,5,13,"scooter ",2,"No ","Metropolitian ","Windy","Medium ",0
"13/02/2022","22:40:00","22:45:00",12,"Buffet ",24,4.9,2,"motorcycle ",1,"No ","Metropolitian ","Fog","Low ",1
"8/03/2022","20:30:00","20:45:00",39,"Buffet ",28,4.6,17,"scooter ",1,"No ","Urban ","Stormy","Jam ",1
"4/03/2022","19:30:00","19:45:00",27,"Buffet ",22,4.9,21,"motorcycle ",0,"No ","Urban ","Stormy","Jam ",0
"30/03/2022","19:45:00","19:55:00",28,"Snack ",21,4.7,14,"electric_scooter ",2,"No ","Metropolitian ","Cloudy","Jam ",1
"14/02/2022","18:55:00","19:05:00",37,"Drinks ",39,4.9,8,"motorcycle ",0,"No ","Metropolitian ","Stormy","Medium ",1
"11/02/2022","17:15:00","17:20:00",20,"Drinks ",25,5,21,"motorcycle ",0,"No ","Urban ","Fog","Medium ",1
"3/03/2022","23:40:00","23:55:00",22,"Drinks ",32,4.7,12,"motorcycle ",0,"No ","Metropolitian ","Stormy","Low ",1
"11/03/2022","22:00:00","22:10:00",25,"Snack ",34,4.6,12,"motorcycle ",0,"No ","Metropolitian ","Cloudy","Jam ",1
"3/04/2022","22:15:00","22:30:00",23,"Snack ",36,4.8,23,"scooter ",2,"No ","Metropolitian ","Stormy","Low ",0
"13/02/2022","20:40:00","20:55:00",40,"Meal ",33,4.2,4,"motorcycle ",0,"No ","Metropolitian ","Windy","Jam ",1
"17/03/2022","21:20:00","21:35:00",46,"Snack ",37,4.9,23,"motorcycle ",0,"Yes ","Semi-Urban ","Windy","Jam ",1
"9/03/2022","13:20:00","13:25:00",34,"Snack ",34,4.6,16,"scooter ",1,"No ","Urban ","Windy","High ",1
"25/03/2022","20:40:00","20:50:00",39,"Buffet ",38,3.6,6,"motorcycle ",1,"No ","Metropolitian ","Windy","Jam ",1
"17/02/2022","17:15:00","17:25:00",31,"Meal ",34,4.8,6,"motorcycle ",0,"No ","Metropolitian ","Sandstorms","Medium ",1
"15/03/2022","11:20:00","11:35:00",29,"Meal ",35,4.8,13,"scooter ",2,"No ","Metropolitian ","Cloudy","High ",1
"6/03/2022","20:20:00","20:30:00",32,"Meal ",38,3.5,3,"scooter ",2,"No ","Metropolitian ","Windy","Jam ",2
"6/04/2022","22:00:00","22:15:00",23,"Snack ",20,4.9,19,"scooter ",1,"No ","Metropolitian ","Stormy","Jam ",0
"3/04/2022","18:00:00","18:05:00",29,"Snack ",38,4.5,21,"motorcycle ",0,"No ","Urban ","Fog","Medium ",1
"8/03/2022","21:45:00","22:00:00",20,"Meal ",32,4.5,23,"scooter ",1,"No ","Metropolitian ","Sunny","Jam ",0
"8/03/2022","20:45:00","20:55:00",35,"Drinks ",23,4.3,18,"scooter ",1,"No ","Metropolitian ","Fog","Jam ",1
"13/02/2022","11:30:00","11:45:00",30,"Buffet ",23,4.6,5,"electric_scooter ",2,"No ","Metropolitian ","Fog","High ",1
"26/03/2022","22:15:00","22:25:00",16,"Snack ",29,4.2,2,"motorcycle ",0,"No ","Urban ","Sandstorms","Low ",0
"15/03/2022","20:45:00","21:00:00",23,"Snack ",27,4.7,21,"electric_scooter ",2,"No ","Metropolitian ","Fog","Jam ",1
"15/02/2022","15:55:00","16:00:00",31,"Meal ",32,4.6,2,"motorcycle ",0,"No ","Metropolitian ","Fog","Medium ",2
"19/03/2022","21:40:00","21:50:00",24,"Drinks ",24,4.7,8,"motorcycle ",0,"No ","Metropolitian ","Cloudy","Jam ",1
"6/04/2022","20:40:00","20:50:00",20,"Snack ",24,4.6,15,"motorcycle ",1,"No ","Metropolitian ","Stormy","Jam ",0
"24/03/2022","17:50:00","18:00:00",17,"Drinks ",32,4.8,15,"scooter ",2,"No ","Urban ","Cloudy","Medium ",1
"2/04/2022","18:45:00","19:00:00",30,"Drinks ",28,4.5,8,"motorcycle ",0,"No ","Metropolitian ","Cloudy","Medium ",1
"19/03/2022","14:50:00","15:00:00",23,"Buffet ",38,4.7,8,"scooter ",1,"No ","Metropolitian ","Sunny","High ",1
"14/03/2022","18:10:00","18:20:00",26,"Meal ",30,4.8,12,"electric_scooter ",2,"No ","Metropolitian ","Windy","Medium ",1
"14/03/2022","17:30:00","17:35:00",27,"Snack ",25,4.5,13,"scooter ",2,"No ","Metropolitian ","Stormy","Medium ",1
"16/02/2022","19:25:00","19:40:00",20,"Meal ",23,4.5,6,"electric_scooter ",2,"No ","Urban ","Windy","Jam ",1
"17/03/2022","22:40:00","22:55:00",23,"Buffet ",39,4.9,21,"motorcycle ",0,"No ","Urban ","Fog","Low ",1
"20/03/2022","23:35:00","23:40:00",26,"Snack ",24,4.6,9,"motorcycle ",2,"No ","Metropolitian ","Cloudy","Low ",0
"19/03/2022","20:45:00","21:00:00",25,"Meal ",37,4.7,22,"scooter ",2,"No ","Metropolitian ","Cloudy","Jam ",0
"29/03/2022","23:35:00","23:45:00",23,"Meal ",24,5,22,"motorcycle ",0,"No ","Metropolitian ","Stormy","Low ",1
"2/03/2022","22:20:00","22:35:00",22,"Meal ",33,4.7,17,"motorcycle ",2,"No ","Metropolitian ","Stormy","Low ",1
"14/03/2022","17:45:00","17:55:00",25,"Snack ",30,4.8,19,"scooter ",1,"No ","Metropolitian ","Sandstorms","Medium ",0
"18/02/2022","17:20:00","17:35:00",25,"Drinks ",39,5,4,"motorcycle ",1,"No ","Metropolitian ","Fog","Medium ",1
"1/04/2022","21:30:00","21:40:00",11,"Buffet ",28,4.8,2,"motorcycle ",2,"No ","Urban ","Windy","Jam ",1
"2/03/2022","19:20:00","19:25:00",20,"Snack ",27,4.5,23,"scooter ",2,"No ","Metropolitian ","Stormy","Jam ",1
"1/04/2022","19:35:00","19:50:00",31,"Meal ",26,4.3,13,"scooter ",2,"No ","Metropolitian ","Cloudy","Jam ",1
"8/03/2022","22:00:00","22:05:00",31,"Snack ",28,4.2,4,"motorcycle ",0,"No ","Urban ","Stormy","Jam ",1
"5/04/2022","8:55:00","9:00:00",28,"Drinks ",23,4.1,5,"motorcycle ",0,"No ","Metropolitian ","Sandstorms","Low ",1
"2/03/2022","18:25:00","18:40:00",37,"Buffet ",37,4.2,9,"scooter ",2,"No ","Metropolitian ","Windy","Medium ",1
"12/02/2022","20:00:00","20:15:00",26,"Drinks ",23,4.7,5,"scooter ",2,"No ","Metropolitian ","Windy","Jam ",1
"31/03/2022","18:40:00","18:55:00",13,"Buffet ",28,4.9,16,"scooter ",2,"No ","Urban ","Sunny","Medium ",0
"24/03/2022","21:35:00","21:50:00",29,"Snack ",38,4.6,3,"motorcycle ",1,"No ","Metropolitian ","Windy","Jam ",0
"11/03/2022","23:15:00","23:30:00",23,"Meal ",26,4.3,23,"motorcycle ",0,"No ","Metropolitian ","Windy","Low ",0
"8/03/2022","23:40:00","23:55:00",23,"Meal ",36,4.6,12,"motorcycle ",0,"No ","Metropolitian ","Stormy","Low ",0
"2/03/2022","21:25:00","21:35:00",34,"Drinks ",38,3.6,7,"scooter ",1,"No ","Metropolitian ","Stormy","Jam ",1
"2/03/2022","23:30:00","23:35:00",27,"Buffet ",21,4.8,12,"motorcycle ",1,"No ","Metropolitian ","Fog","Low ",1
"3/03/2022","21:10:00","21:25:00",25,"Drinks ",22,4.6,23,"scooter ",2,"No ","Metropolitian ","Windy","Jam ",1
"18/02/2022","19:20:00","19:35:00",32,"Meal ",26,4.1,10,"scooter ",1,"No ","Metropolitian ","Fog","Jam ",1
"18/03/2022","19:00:00","19:15:00",26,"Meal ",20,4.6,4,"motorcycle ",2,"No ","Metropolitian ","Fog","Medium ",0
"28/03/2022","17:30:00","17:35:00",27,"Buffet ",29,4.7,23,"motorcycle ",1,"No ","Metropolitian ","Windy","Medium ",0
"7/03/2022","9:55:00","10:00:00",17,"Drinks ",22,5,19,"scooter ",1,"No ","Metropolitian ","Sunny","Low ",0
"2/04/2022","19:30:00","19:35:00",13,"Drinks ",27,4.6,21,"motorcycle ",2,"No ","Metropolitian ","Sunny","Jam ",0
"21/03/2022","8:55:00","9:05:00",15,"Buffet ",36,4.6,17,"scooter ",2,"No ","Metropolitian ","Cloudy","Low ",1
"2/04/2022","23:20:00","23:35:00",17,"Drinks ",29,4.7,18,"scooter ",2,"No ","Metropolitian ","Stormy","Low ",0
"2/04/2022","17:35:00","17:40:00",32,"Buffet ",38,3.7,3,"scooter ",2,"No ","Metropolitian ","Windy","Medium ",1
"5/03/2022","9:50:00","10:05:00",15,"Drinks ",30,4.8,16,"scooter ",2,"No ","Metropolitian ","Fog","Low ",0
"30/03/2022","18:35:00","18:50:00",26,"Snack ",25,4.6,23,"motorcycle ",2,"No ","Metropolitian ","Sandstorms","Medium ",1
"24/03/2022","8:20:00","8:25:00",15,"Buffet ",24,4.6,23,"motorcycle ",2,"No ","Metropolitian ","Fog","Low ",0
"14/03/2022","17:15:00","17:25:00",24,"Buffet ",30,4.7,23,"scooter ",2,"No ","Urban ","Sunny","Medium ",1
"25/03/2022","19:15:00","19:30:00",34,"Meal ",34,4.6,16,"motorcycle ",0,"No ","Urban ","Sunny","Jam ",1
"16/02/2022","21:10:00","21:25:00",29,"Buffet ",26,4.9,6,"scooter ",2,"No ","Metropolitian ","Windy","Jam ",1
"13/02/2022","11:10:00","11:20:00",28,"Buffet ",25,4.7,4,"motorcycle ",0,"No ","Metropolitian ","Sandstorms","High ",1
"12/03/2022","21:20:00","21:30:00",28,"Drinks ",37,4.9,18,"scooter ",2,"No ","Metropolitian ","Windy","Jam ",0
"7/03/2022","10:00:00","10:15:00",18,"Buffet ",23,4.6,23,"scooter ",2,"No ","Metropolitian ","Stormy","Low ",1
"2/04/2022","22:45:00","23:00:00",26,"Meal ",31,4.6,18,"motorcycle ",1,"No ","Metropolitian ","Sunny","Low ",1
"17/03/2022","21:00:00","21:05:00",37,"Buffet ",38,4.1,8,"motorcycle ",0,"No ","Metropolitian ","Windy","Jam ",2
"30/03/2022","12:00:00","12:15:00",26,"Meal ",29,4.8,9,"motorcycle ",2,"No ","Metropolitian ","Fog","High ",1
"11/02/2022","18:55:00","19:05:00",23,"Buffet ",38,5,7,"scooter ",1,"No ","Metropolitian ","Sunny","Medium ",0
"10/03/2022","19:15:00","19:20:00",36,"Buffet ",36,4.1,4,"scooter ",1,"No ","Urban ","Cloudy","Jam ",0
"15/03/2022","22:40:00","22:50:00",22,"Meal ",28,4.7,18,"motorcycle ",0,"No ","Metropolitian ","Fog","Low ",0
"8/03/2022","17:40:00","17:55:00",41,"Drinks ",32,4.9,21,"scooter ",2,"No ","Urban ","Stormy","Medium ",1
"6/04/2022","19:55:00","20:00:00",45,"Buffet ",33,4.1,3,"electric_scooter ",2,"No ","Metropolitian ","Fog","Jam ",2
"1/04/2022","9:20:00","9:25:00",17,"Snack ",27,4.5,23,"electric_scooter ",2,"No ","Metropolitian ","Fog","Low ",1
"15/03/2022","17:10:00","17:25:00",17,"Buffet ",27,5,22,"scooter ",2,"No ","Metropolitian ","Cloudy","Medium ",1
"16/02/2022","21:15:00","21:25:00",48,"Snack ",32,4.4,2,"motorcycle ",1,"No ","Metropolitian ","Stormy","Jam ",0
"17/02/2022","21:50:00","21:55:00",21,"Buffet ",24,4.9,8,"motorcycle ",0,"No ","Metropolitian ","Sandstorms","Jam ",1
"3/03/2022","14:25:00","14:30:00",33,"Buffet ",30,4.8,21,"motorcycle ",1,"No ","Metropolitian ","Sandstorms","High ",1
"13/03/2022","11:00:00","11:15:00",16,"Buffet ",28,4.7,15,"motorcycle ",0,"No ","Urban ","Sunny","Low ",0
"10/03/2022","19:40:00","19:50:00",35,"Snack ",38,4.4,6,"motorcycle ",2,"No ","Urban ","Fog","Jam ",1
"2/03/2022","21:50:00","22:00:00",18,"Buffet ",30,4.8,23,"scooter ",1,"No ","Metropolitian ","Sunny","Jam ",1
"1/03/2022","23:00:00","23:10:00",10,"Snack ",26,4.9,23,"motorcycle ",1,"No ","Metropolitian ","Fog","Low ",0
"14/02/2022","20:35:00","20:50:00",35,"Buffet ",38,4.8,5,"motorcycle ",0,"No ","Metropolitian ","Sunny","Jam ",1
"23/03/2022","18:25:00","18:40:00",48,"Buffet ",36,4.5,3,"motorcycle ",0,"Yes ","Metropolitian ","Cloudy","Medium ",1
"15/03/2022","11:10:00","11:15:00",12,"Drinks ",21,4.7,22,"electric_scooter ",2,"No ","Metropolitian ","Windy","High ",1
"26/03/2022","13:45:00","14:00:00",23,"Buffet ",24,4.8,9,"motorcycle ",0,"No ","Metropolitian ","Windy","High ",1
"3/03/2022","20:00:00","20:10:00",18,"Buffet ",25,4.6,13,"motorcycle ",0,"No ","Metropolitian ","Sandstorms","Jam ",1
"6/04/2022","22:25:00","22:40:00",15,"Meal ",38,4.9,18,"motorcycle ",2,"No ","Metropolitian ","Stormy","Low ",0
"30/03/2022","8:35:00","8:45:00",27,"Drinks ",31,4.1,18,"motorcycle ",0,"No ","Urban ","Stormy","Low ",0
"15/02/2022","15:45:00","15:55:00",16,"Snack ",33,4.9,2,"scooter ",2,"No ","Metropolitian ","Fog","Medium ",0
"3/03/2022","17:25:00","17:30:00",32,"Drinks ",35,4.3,9,"motorcycle ",0,"No ","Metropolitian ","Sandstorms","Medium ",1
"30/03/2022","21:20:00","21:25:00",28,"Meal ",36,4.8,5,"motorcycle ",0,"No ","Urban ","Fog","Jam ",0
"5/03/2022","18:00:00","18:10:00",12,"Drinks ",27,4.5,5,"motorcycle ",0,"No ","Urban ","Stormy","Medium ",0
"1/04/2022","10:00:00","10:10:00",16,"Buffet ",36,4.6,23,"scooter ",2,"No ","Urban ","Cloudy","Low ",0
"25/03/2022","23:45:00","23:50:00",39,"Snack ",31,3.5,1,"scooter ",1,"No ","Urban ","Fog","Low ",1
"26/03/2022","19:20:00","19:35:00",29,"Drinks ",31,4.9,13,"scooter ",1,"No ","Metropolitian ","Sandstorms","Jam ",0
"6/03/2022","0:00:00","0:10:00",29,"Buffet ",27,5,15,"motorcycle ",1,"No ","Metropolitian ","Fog","Low ",1
"3/04/2022","23:45:00","0:00:00",14,"Drinks ",29,4.7,23,"motorcycle ",1,"No ","Metropolitian ","Windy","Low ",1
"12/02/2022","22:25:00","22:35:00",14,"Snack ",29,4.8,2,"scooter ",2,"No ","Metropolitian ","Windy","Low ",1
"1/04/2022","11:50:00","12:00:00",37,"Drinks ",35,4,7,"scooter ",1,"No ","Metropolitian ","Fog","High ",1
"4/03/2022","21:55:00","22:00:00",32,"Buffet ",38,4.5,9,"motorcycle ",1,"No ","Metropolitian ","Windy","Jam ",1
"27/03/2022","23:45:00","0:00:00",16,"Drinks ",21,5,12,"motorcycle ",0,"No ","Metropolitian ","Stormy","Low ",1
"5/03/2022","14:20:00","14:30:00",33,"Drinks ",36,4.6,14,"scooter ",1,"No ","Metropolitian ","Stormy","High ",1
"16/03/2022","19:40:00","19:45:00",30,"Meal ",27,4.8,16,"scooter ",1,"No ","Metropolitian ","Fog","Jam ",0
"1/04/2022","10:50:00","11:05:00",19,"Snack ",35,4.9,19,"motorcycle ",1,"No ","Metropolitian ","Cloudy","Low ",0
"14/03/2022","18:50:00","19:00:00",34,"Buffet ",20,4.6,22,"motorcycle ",0,"No ","Metropolitian ","Cloudy","Medium ",1
"16/03/2022","18:35:00","18:40:00",44,"Drinks ",25,5,19,"motorcycle ",0,"No ","Metropolitian ","Cloudy","Medium ",1
"17/02/2022","22:35:00","22:50:00",15,"Meal ",33,4.7,23,"motorcycle ",2,"No ","Urban ","Fog","Low ",0
"5/03/2022","22:10:00","22:15:00",10,"Snack ",31,4.9,15,"scooter ",1,"No ","Urban ","Stormy","Low ",0
"23/03/2022","20:50:00","20:55:00",37,"Drinks ",35,3.6,9,"electric_scooter ",2,"No ","Metropolitian ","Windy","Jam ",0
"19/03/2022","23:00:00","23:05:00",24,"Drinks ",22,4.2,8,"motorcycle ",0,"No ","Metropolitian ","Windy","Low ",1
"14/03/2022","23:55:00","0:10:00",20,"Meal ",37,4.5,16,"motorcycle ",0,"No ","Metropolitian ","Windy","Low ",0
"4/04/2022","17:25:00","17:30:00",18,"Drinks ",26,5,22,"motorcycle ",0,"No ","Metropolitian ","Sunny","Medium ",1
"19/03/2022","10:10:00","10:15:00",28,"Buffet ",31,4.8,11,"motorcycle ",0,"No ","Metropolitian ","Cloudy","Low ",1
"24/03/2022","11:35:00","11:45:00",27,"Snack ",24,4.8,13,"motorcycle ",0,"No ","Metropolitian ","Cloudy","High ",0
"8/03/2022","17:10:00","17:20:00",34,"Meal ",25,4.8,15,"scooter ",2,"No ","Metropolitian ","Fog","Medium ",1
"1/04/2022","23:25:00","23:35:00",20,"Drinks ",25,4.2,18,"motorcycle ",0,"No ","Metropolitian ","Stormy","Low ",1
"11/03/2022","22:10:00","22:20:00",16,"Snack ",20,4.9,22,"motorcycle ",2,"No ","Urban ","Sandstorms","Low ",0
"31/03/2022","23:20:00","23:30:00",22,"Buffet ",25,4.9,9,"motorcycle ",2,"No ","Metropolitian ","Cloudy","Low ",0
"4/03/2022","18:20:00","18:30:00",49,"Meal ",38,4.6,17,"motorcycle ",0,"No ","Metropolitian ","Windy","Medium ",0
"17/02/2022","20:00:00","20:05:00",27,"Meal ",39,4.7,2,"motorcycle ",2,"No ","Metropolitian ","Stormy","Jam ",1
"6/04/2022","22:40:00","22:45:00",21,"Buffet ",33,4.8,18,"electric_scooter ",2,"No ","Metropolitian ","Sandstorms","Low ",1
"17/02/2022","9:50:00","10:05:00",27,"Meal ",30,4.9,2,"motorcycle ",1,"No ","Metropolitian ","Stormy","Low ",1
"18/02/2022","23:35:00","23:40:00",18,"Drinks ",21,4.6,5,"motorcycle ",1,"No ","Metropolitian ","Fog","Low ",1
"5/04/2022","21:45:00","21:55:00",27,"Drinks ",26,4.8,22,"scooter ",1,"No ","Metropolitian ","Sandstorms","Jam ",1
"23/03/2022","23:50:00","23:55:00",37,"Buffet ",39,4.4,13,"motorcycle ",0,"No ","Metropolitian ","Fog","Low ",0
"1/03/2022","19:50:00","20:05:00",10,"Snack ",21,4.8,15,"scooter ",2,"No ","Urban ","Sandstorms","Jam ",0
"20/03/2022","18:25:00","18:40:00",21,"Snack ",21,4.5,12,"scooter ",1,"No ","Metropolitian ","Stormy","Medium ",1
"12/02/2022","22:25:00","22:35:00",14,"Snack ",29,4.8,2,"scooter ",2,"No ","Metropolitian ","Windy","Low ",1
"26/03/2022","11:00:00","11:05:00",17,"Snack ",22,4.8,12,"scooter ",1,"No ","Metropolitian ","Sunny","Low ",1
"31/03/2022","20:00:00","20:10:00",35,"Buffet ",30,4.7,8,"scooter ",2,"No ","Metropolitian ","Fog","Jam ",1
"6/04/2022","22:55:00","23:05:00",26,"Drinks ",29,4.9,16,"scooter ",1,"No ","Metropolitian ","Cloudy","Low ",0
"19/03/2022","9:30:00","9:45:00",14,"Meal ",20,5,17,"motorcycle ",1,"No ","Metropolitian ","Fog","Low ",0
"4/03/2022","17:40:00","17:45:00",38,"Meal ",33,3.8,13,"motorcycle ",1,"No ","Metropolitian ","Sandstorms","Medium ",1
"2/03/2022","19:00:00","19:10:00",19,"Buffet ",27,5,23,"scooter ",1,"No ","Urban ","Stormy","Medium ",1
"18/02/2022","21:50:00","22:00:00",34,"Meal ",20,4.3,7,"electric_scooter ",2,"No ","Metropolitian ","Fog","Jam ",1
"1/03/2022","19:55:00","20:00:00",26,"Drinks ",28,4.6,15,"motorcycle ",1,"No ","Metropolitian ","Windy","Jam ",1
"4/03/2022","23:15:00","23:25:00",24,"Drinks ",31,4.6,22,"motorcycle ",0,"No ","Metropolitian ","Sandstorms","Low ",1
"2/03/2022","21:35:00","21:50:00",43,"Drinks ",23,4.9,14,"motorcycle ",0,"No ","Metropolitian ","Fog","Jam ",1
"2/03/2022","19:20:00","19:30:00",39,"Drinks ",35,4.8,13,"motorcycle ",0,"No ","Metropolitian ","Windy","Jam ",1
"15/02/2022","17:35:00","17:50:00",16,"Buffet ",20,4.7,15,"scooter ",1,"No ","Urban ","Fog","Medium ",1
"2/04/2022","22:10:00","22:15:00",19,"Meal ",26,4.7,21,"electric_scooter ",2,"No ","Metropolitian ","Windy","Low ",1
"2/04/2022","19:10:00","19:15:00",39,"Drinks ",26,4.4,7,"scooter ",2,"No ","Metropolitian ","Cloudy","Jam ",1
"5/03/2022","10:50:00","11:05:00",29,"Buffet ",30,4.7,15,"motorcycle ",0,"No ","Metropolitian ","Sunny","Low ",1
"6/04/2022","19:10:00","19:25:00",40,"Drinks ",34,4.9,17,"motorcycle ",0,"Yes ","Metropolitian ","Fog","Jam ",1
"9/03/2022","15:15:00","15:20:00",34,"Meal ",33,4.9,19,"motorcycle ",0,"No ","Urban ","Stormy","Medium ",1
"9/03/2022","11:55:00","12:05:00",23,"Buffet ",29,4.8,21,"motorcycle ",0,"No ","Metropolitian ","Sandstorms","High ",1
"2/03/2022","22:25:00","22:40:00",38,"Snack ",24,3.4,4,"scooter ",2,"No ","Metropolitian ","Sunny","Low ",2
"17/02/2022","10:40:00","10:45:00",25,"Meal ",38,4.6,15,"scooter ",2,"No ","Urban ","Windy","Low ",1
"31/03/2022","23:35:00","23:45:00",44,"Drinks ",23,3.3,13,"scooter ",1,"Yes ","Metropolitian ","Sunny","Low ",1
"9/03/2022","22:40:00","22:45:00",15,"Buffet ",34,4.8,14,"scooter ",2,"No ","Metropolitian ","Sunny","Low ",0
"19/03/2022","10:15:00","10:25:00",15,"Meal ",25,4.7,12,"motorcycle ",1,"No ","Metropolitian ","Sunny","Low ",0
"17/02/2022","17:00:00","17:10:00",28,"Drinks ",25,5,2,"motorcycle ",0,"No ","Metropolitian ","Sandstorms","Medium ",1
"13/03/2022","10:35:00","10:40:00",16,"Meal ",26,4.6,22,"motorcycle ",0,"No ","Urban ","Sunny","Low ",0
"30/03/2022","21:15:00","21:20:00",33,"Meal ",39,4.9,9,"motorcycle ",0,"No ","Metropolitian ","Cloudy","Jam ",1
"30/03/2022","22:25:00","22:40:00",15,"Drinks ",29,4.2,23,"motorcycle ",0,"No ","Metropolitian ","Stormy","Low ",1
"9/03/2022","18:15:00","18:30:00",33,"Buffet ",35,4,1,"scooter ",1,"No ","Urban ","Sandstorms","Medium ",1
"13/02/2022","18:10:00","18:20:00",33,"Meal ",34,4.1,18,"motorcycle ",2,"No ","Metropolitian ","Stormy","Medium ",1
"10/03/2022","21:15:00","21:20:00",39,"Meal ",38,4.4,15,"motorcycle ",1,"No ","Metropolitian ","Cloudy","Jam ",1
"4/03/2022","22:40:00","22:45:00",28,"Buffet ",37,4.6,12,"scooter ",2,"No ","Metropolitian ","Windy","Low ",1
"3/03/2022","23:00:00","23:10:00",19,"Meal ",21,4.7,15,"electric_scooter ",2,"No ","Metropolitian ","Sunny","Low ",0
"11/02/2022","21:40:00","21:50:00",33,"Buffet ",36,4.7,8,"scooter ",1,"No ","Metropolitian ","Windy","Jam ",1
"4/03/2022","19:30:00","19:35:00",24,"Drinks ",28,4.7,9,"motorcycle ",1,"No ","Metropolitian ","Windy","Jam ",1
"15/02/2022","10:10:00","10:15:00",12,"Buffet ",20,4.8,16,"scooter ",1,"No ","Urban ","Windy","Low ",1
"25/03/2022","18:25:00","18:30:00",39,"Meal ",37,4.9,5,"motorcycle ",0,"No ","Metropolitian ","Cloudy","Medium ",1
"1/03/2022","17:00:00","17:05:00",14,"Snack ",27,4.6,9,"motorcycle ",0,"No ","Metropolitian ","Sandstorms","Medium ",0
"12/02/2022","21:45:00","22:00:00",39,"Buffet ",31,4.5,3,"motorcycle ",2,"No ","Metropolitian ","Sandstorms","Jam ",1
"10/03/2022","21:15:00","21:25:00",35,"Buffet ",33,4.7,17,"motorcycle ",0,"No ","Metropolitian ","Sunny","Jam ",1
"5/04/2022","8:45:00","9:00:00",18,"Drinks ",39,4.9,18,"electric_scooter ",2,"No ","Metropolitian ","Fog","Low ",1
"9/03/2022","12:45:00","12:55:00",27,"Buffet ",31,4.6,22,"electric_scooter ",2,"No ","Metropolitian ","Windy","High ",1
"9/03/2022","9:15:00","9:20:00",15,"Meal ",22,4.8,19,"scooter ",2,"No ","Metropolitian ","Stormy","Low ",1
"30/03/2022","18:35:00","18:50:00",26,"Snack ",25,4.6,23,"motorcycle ",2,"No ","Metropolitian ","Sandstorms","Medium ",1
"28/03/2022","22:20:00","22:25:00",20,"Drinks ",22,4.5,12,"motorcycle ",0,"No ","Metropolitian ","Cloudy","Low ",1
"11/03/2022","15:25:00","15:35:00",22,"Buffet ",30,4.6,13,"electric_scooter ",2,"No ","Metropolitian ","Sunny","Medium ",0
"26/03/2022","9:20:00","9:30:00",27,"Drinks ",32,4.5,16,"motorcycle ",1,"No ","Metropolitian ","Windy","Low ",0
"26/03/2022","23:35:00","23:50:00",19,"Snack ",21,4.8,18,"scooter ",2,"No ","Metropolitian ","Fog","Low ",0
"20/03/2022","21:35:00","21:50:00",15,"Snack ",27,5,19,"scooter ",1,"No ","Metropolitian ","Stormy","Jam ",0
"20/03/2022","20:30:00","20:35:00",31,"Snack ",31,4.3,5,"electric_scooter ",2,"No ","Metropolitian ","Stormy","Jam ",1
"14/03/2022","21:55:00","22:10:00",43,"Drinks ",25,4.9,17,"motorcycle ",1,"No ","Urban ","Cloudy","Jam ",1
"4/03/2022","21:30:00","21:35:00",44,"Snack ",33,3.9,3,"scooter ",2,"No ","Metropolitian ","Sandstorms","Jam ",1
"10/03/2022","21:50:00","21:55:00",38,"Buffet ",27,4.7,13,"motorcycle ",0,"No ","Metropolitian ","Windy","Jam ",0
"13/02/2022","19:50:00","20:00:00",36,"Drinks ",22,4.3,2,"motorcycle ",0,"No ","Metropolitian ","Stormy","Jam ",0
"17/02/2022","19:35:00","19:50:00",20,"Drinks ",26,4.5,5,"motorcycle ",0,"No ","Metropolitian ","Fog","Jam ",1
"30/03/2022","15:20:00","15:30:00",26,"Meal ",35,4.7,22,"motorcycle ",0,"No ","Metropolitian ","Windy","Medium ",0
"19/03/2022","22:55:00","23:10:00",12,"Buffet ",25,4.7,3,"motorcycle ",0,"No ","Metropolitian ","Sunny","Low ",1
"14/03/2022","17:40:00","17:45:00",32,"Snack ",23,4.8,15,"motorcycle ",1,"No ","Metropolitian ","Cloudy","Medium ",0
"5/03/2022","20:45:00","21:00:00",29,"Drinks ",26,4.7,23,"motorcycle ",1,"No ","Metropolitian ","Sunny","Jam ",1
"9/03/2022","9:20:00","9:30:00",23,"Buffet ",33,4.8,23,"scooter ",1,"No ","Urban ","Sandstorms","Low ",0
"29/03/2022","21:45:00","21:55:00",35,"Snack ",31,3.6,4,"scooter ",1,"No ","Metropolitian ","Sandstorms","Jam ",1
"4/04/2022","18:30:00","18:45:00",22,"Buffet ",34,5,16,"motorcycle ",1,"No ","Urban ","Sandstorms","Medium ",1
"4/04/2022","22:25:00","22:40:00",21,"Snack ",36,4.7,18,"scooter ",2,"No ","Metropolitian ","Windy","Low ",1
"5/03/2022","9:25:00","9:30:00",21,"Drinks ",27,5,13,"scooter ",1,"No ","Metropolitian ","Sunny","Low ",0
"12/03/2022","21:55:00","22:10:00",29,"Buffet ",28,4.7,23,"motorcycle ",0,"No ","Metropolitian ","Stormy","Jam ",1
"6/03/2022","18:10:00","18:25:00",34,"Meal ",35,4.6,22,"electric_scooter ",2,"No ","Urban ","Stormy","Medium ",0
"30/03/2022","11:40:00","11:55:00",25,"Snack ",31,5,15,"motorcycle ",1,"No ","Metropolitian ","Cloudy","High ",1
"20/03/2022","19:45:00","19:50:00",25,"Drinks ",22,5,9,"motorcycle ",0,"No ","Metropolitian ","Stormy","Jam ",1
"2/04/2022","17:10:00","17:25:00",32,"Meal ",27,4.6,13,"motorcycle ",0,"No ","Metropolitian ","Fog","Medium ",0
"4/04/2022","20:25:00","20:40:00",42,"Snack ",20,4.9,8,"scooter ",1,"No ","Metropolitian ","Fog","Jam ",1
"7/03/2022","16:30:00","16:45:00",24,"Buffet ",28,4.8,23,"motorcycle ",0,"No ","Metropolitian ","Sunny","Medium ",1
"1/04/2022","8:20:00","8:30:00",15,"Snack ",22,4.9,18,"electric_scooter ",2,"No ","Metropolitian ","Fog","Low ",1
"1/04/2022","13:00:00","13:05:00",27,"Buffet ",21,4.5,23,"motorcycle ",1,"No ","Metropolitian ","Windy","High ",1
"11/02/2022","11:45:00","12:00:00",27,"Snack ",32,4.6,5,"scooter ",1,"No ","Metropolitian ","Sandstorms","High ",1
"17/02/2022","19:30:00","19:40:00",32,"Meal ",22,4,12,"electric_scooter ",2,"No ","Metropolitian ","Fog","Jam ",1
"7/03/2022","17:20:00","17:25:00",16,"Buffet ",21,4.5,3,"motorcycle ",0,"No ","Urban ","Stormy","Medium ",1
"2/04/2022","17:45:00","18:00:00",41,"Snack ",33,4.8,3,"scooter ",1,"No ","Metropolitian ","Cloudy","Medium ",1
"31/03/2022","21:10:00","21:15:00",44,"Buffet ",39,4.9,13,"motorcycle ",0,"No ","Metropolitian ","Windy","Jam ",1
"5/03/2022","22:35:00","22:40:00",18,"Buffet ",25,4.7,18,"motorcycle ",0,"No ","Metropolitian ","Sunny","Low ",1
"1/03/2022","15:55:00","16:00:00",25,"Snack ",33,4.6,16,"scooter ",1,"No ","Metropolitian ","Sandstorms","Medium ",0
"21/03/2022","13:55:00","14:05:00",13,"Snack ",26,4.8,17,"scooter ",1,"No ","Urban ","Sunny","High ",0
"7/03/2022","18:45:00","18:55:00",28,"Drinks ",28,4.7,17,"motorcycle ",0,"No ","Urban ","Stormy","Medium ",1
"9/03/2022","9:40:00","9:50:00",23,"Buffet ",31,4.3,18,"motorcycle ",0,"No ","Metropolitian ","Sandstorms","Low ",1
"1/04/2022","20:40:00","20:45:00",25,"Buffet ",22,4.7,6,"scooter ",1,"No ","Urban ","Fog","Jam ",1
"15/03/2022","22:00:00","22:10:00",23,"Buffet ",26,5,15,"motorcycle ",2,"No ","Metropolitian ","Sandstorms","Jam ",1
"5/03/2022","11:00:00","11:05:00",17,"Buffet ",32,4.9,16,"scooter ",2,"No ","Urban ","Stormy","Low ",1
"8/03/2022","19:20:00","19:25:00",39,"Meal ",27,4.8,15,"motorcycle ",1,"No ","Metropolitian ","Sunny","Jam ",1
"27/03/2022","19:15:00","19:25:00",22,"Drinks ",27,4.9,23,"scooter ",2,"No ","Metropolitian ","Sandstorms","Jam ",1
"5/04/2022","13:50:00","14:05:00",25,"Meal ",29,4.5,6,"scooter ",2,"No ","Metropolitian ","Fog","High ",1
"31/03/2022","21:00:00","21:15:00",28,"Meal ",27,4.9,19,"motorcycle ",1,"No ","Metropolitian ","Stormy","Jam ",0
"4/04/2022","18:10:00","18:25:00",28,"Meal ",29,4.5,23,"scooter ",1,"No ","Metropolitian ","Windy","Medium ",1
"9/03/2022","22:45:00","22:50:00",13,"Meal ",22,5,9,"scooter ",2,"No ","Metropolitian ","Stormy","Low ",0
"31/03/2022","19:50:00","20:00:00",37,"Snack ",35,4.6,5,"motorcycle ",0,"No ","Metropolitian ","Windy","Jam ",2
"13/02/2022","22:40:00","22:50:00",15,"Drinks ",38,4.7,16,"scooter ",1,"No ","Urban ","Fog","Low ",0
"15/02/2022","20:15:00","20:25:00",46,"Snack ",36,4.4,9,"motorcycle ",0,"No ","Metropolitian ","Stormy","Jam ",1
"1/03/2022","19:10:00","19:15:00",25,"Drinks ",34,5,14,"motorcycle ",0,"No ","Metropolitian ","Sunny","Jam ",1
"2/03/2022","20:40:00","20:50:00",12,"Buffet ",26,4.8,23,"motorcycle ",1,"No ","Urban ","Sunny","Jam ",0
"30/03/2022","17:30:00","17:40:00",10,"Drinks ",23,4.8,2,"motorcycle ",0,"No ","Urban ","Sandstorms","Medium ",0
"1/04/2022","8:15:00","8:20:00",17,"Meal ",20,4.7,21,"motorcycle ",0,"No ","Metropolitian ","Fog","Low ",1
"19/03/2022","9:55:00","10:10:00",16,"Buffet ",36,4.5,8,"scooter ",2,"No ","Metropolitian ","Cloudy","Low ",1
"11/02/2022","11:50:00","12:05:00",28,"Snack ",36,4.8,2,"motorcycle ",0,"No ","Metropolitian ","Sunny","High ",1
"2/04/2022","23:50:00","0:00:00",25,"Meal ",23,4.6,23,"motorcycle ",1,"No ","Metropolitian ","Fog","Low ",1
"4/03/2022","19:35:00","19:45:00",38,"Buffet ",20,4.9,21,"motorcycle ",0,"No ","Metropolitian ","Stormy","Jam ",0
"12/02/2022","22:35:00","22:50:00",17,"Drinks ",20,4.8,19,"motorcycle ",0,"No ","Urban ","Sandstorms","Low ",0
"18/03/2022","19:40:00","19:50:00",42,"Snack ",35,4.9,18,"electric_scooter ",2,"No ","Metropolitian ","Cloudy","Jam ",2
"1/03/2022","22:40:00","22:45:00",18,"Drinks ",26,5,21,"scooter ",1,"No ","Urban ","Sunny","Low ",1
"16/03/2022","17:40:00","17:45:00",34,"Snack ",36,3.5,13,"motorcycle ",1,"No ","Metropolitian ","Sandstorms","Medium ",1
"15/02/2022","20:00:00","20:10:00",22,"Snack ",22,4.9,7,"motorcycle ",2,"No ","Metropolitian ","Windy","Jam ",1
"23/03/2022","23:55:00","0:00:00",26,"Meal ",23,4.7,13,"electric_scooter ",2,"No ","Metropolitian ","Fog","Low ",0
"30/03/2022","21:10:00","21:15:00",31,"Buffet ",33,4.7,11,"motorcycle ",0,"No ","Metropolitian ","Fog","Jam ",0
"16/02/2022","20:10:00","20:20:00",44,"Meal ",32,4.8,2,"motorcycle ",0,"Yes ","Metropolitian ","Sunny","Jam ",3
"30/03/2022","9:45:00","9:50:00",29,"Drinks ",38,4.6,11,"electric_scooter ",2,"No ","Metropolitian ","Windy","Low ",1
"2/04/2022","18:30:00","18:35:00",30,"Drinks ",37,4.7,14,"motorcycle ",1,"No ","Metropolitian ","Windy","Medium ",1
"13/02/2022","22:40:00","22:50:00",22,"Drinks ",24,5,3,"motorcycle ",0,"No ","Metropolitian ","Stormy","Low ",1
"1/03/2022","19:50:00","19:55:00",30,"Buffet ",32,4.7,23,"motorcycle ",0,"No ","Metropolitian ","Stormy","Jam ",1
"27/03/2022","19:20:00","19:25:00",48,"Buffet ",33,4.2,7,"motorcycle ",0,"Yes ","Metropolitian ","Windy","Jam ",1
"6/03/2022","22:15:00","22:20:00",20,"Snack ",24,4.9,9,"motorcycle ",0,"No ","Metropolitian ","Sunny","Low ",1
"26/03/2022","20:45:00","20:55:00",33,"Drinks ",39,4.6,8,"scooter ",2,"No ","Metropolitian ","Fog","Jam ",1
"21/03/2022","19:50:00","20:05:00",20,"Meal ",26,4.9,14,"motorcycle ",0,"No ","Metropolitian ","Stormy","Jam ",0
"18/02/2022","19:20:00","19:35:00",20,"Meal ",23,4.8,8,"scooter ",1,"No ","Metropolitian ","Fog","Jam ",1
"5/03/2022","9:50:00","10:00:00",18,"Snack ",30,5,23,"motorcycle ",1,"No ","Metropolitian ","Sunny","Low ",1
"29/03/2022","21:25:00","21:40:00",38,"Snack ",38,4.9,7,"motorcycle ",1,"No ","Metropolitian ","Cloudy","Jam ",1
"27/03/2022","18:10:00","18:20:00",27,"Buffet ",22,4.8,23,"scooter ",1,"No ","Urban ","Cloudy","Medium ",1
"5/04/2022","12:00:00","12:05:00",25,"Snack ",25,5,15,"motorcycle ",0,"No ","Metropolitian ","Windy","High ",1
"12/03/2022","17:45:00","17:55:00",25,"Meal ",23,5,17,"motorcycle ",0,"No ","Metropolitian ","Sunny","Medium ",0
"5/03/2022","23:55:00","0:05:00",21,"Drinks ",39,4.7,9,"motorcycle ",0,"No ","Metropolitian ","Stormy","Low ",1
"1/03/2022","20:25:00","20:35:00",29,"Snack ",26,5,22,"motorcycle ",0,"No ","Urban ","Stormy","Jam ",1
"10/03/2022","18:10:00","18:15:00",28,"Buffet ",20,5,19,"electric_scooter ",2,"No ","Metropolitian ","Sandstorms","Medium ",1
"2/04/2022","21:45:00","21:55:00",15,"Buffet ",26,4.6,21,"motorcycle ",2,"No ","Metropolitian ","Stormy","Jam ",1
"25/03/2022","19:35:00","19:45:00",49,"Meal ",20,4.9,7,"motorcycle ",0,"No ","Metropolitian ","Fog","Jam ",1
"1/04/2022","17:55:00","18:10:00",26,"Snack ",25,5,9,"motorcycle ",0,"No ","Metropolitian ","Stormy","Medium ",1
"6/03/2022","21:25:00","21:40:00",38,"Drinks ",32,3.8,5,"motorcycle ",1,"No ","Metropolitian ","Stormy","Jam ",0
"17/03/2022","0:00:00","0:10:00",20,"Drinks ",33,4.5,4,"scooter ",2,"No ","Metropolitian ","Windy","Low ",0
"15/02/2022","13:45:00","13:50:00",15,"Buffet ",22,4.7,18,"motorcycle ",0,"No ","Urban ","Windy","High ",0
"17/03/2022","11:00:00","11:05:00",24,"Buffet ",37,4.6,16,"scooter ",2,"No ","Metropolitian ","Windy","Low ",1
"1/03/2022","9:50:00","9:55:00",15,"Buffet ",34,4.7,19,"scooter ",2,"No ","Metropolitian ","Sunny","Low ",1
"18/03/2022","19:40:00","19:55:00",41,"Snack ",26,4.1,3,"scooter ",2,"No ","Urban ","Fog","Jam ",2
"30/03/2022","21:15:00","21:20:00",33,"Meal ",39,4.9,9,"motorcycle ",0,"No ","Metropolitian ","Cloudy","Jam ",1
"15/03/2022","10:40:00","10:45:00",14,"Meal ",33,4.9,16,"motorcycle ",1,"No ","Urban ","Sunny","Low ",0
"30/03/2022","20:00:00","20:05:00",28,"Snack ",28,4.7,17,"motorcycle ",2,"No ","Metropolitian ","Fog","Jam ",1
"16/02/2022","23:50:00","0:05:00",12,"Drinks ",23,4.5,3,"scooter ",1,"No ","Urban ","Windy","Low ",1
"20/03/2022","22:50:00","22:55:00",35,"Snack ",22,3.3,13,"motorcycle ",1,"No ","Metropolitian ","Sunny","Low ",0
"5/03/2022","18:40:00","18:55:00",25,"Meal ",28,4.8,23,"scooter ",2,"No ","Metropolitian ","Stormy","Medium ",1
"26/03/2022","15:40:00","15:50:00",23,"Meal ",22,4.9,21,"motorcycle ",2,"No ","Urban ","Sandstorms","Medium ",1
"13/02/2022","12:30:00","12:35:00",26,"Snack ",33,4.7,8,"scooter ",2,"No ","Metropolitian ","Fog","High ",1
"1/04/2022","11:00:00","11:10:00",22,"Meal ",35,4.5,21,"motorcycle ",0,"No ","Metropolitian ","Stormy","Low ",0
"3/04/2022","18:55:00","19:00:00",16,"Drinks ",23,4.7,15,"motorcycle ",1,"No ","Urban ","Sunny","Medium ",1
"6/03/2022","23:20:00","23:25:00",26,"Buffet ",30,5,9,"motorcycle ",0,"No ","Metropolitian ","Stormy","Low ",1
"6/04/2022","23:20:00","23:30:00",40,"Drinks ",38,5,23,"motorcycle ",0,"No ","Metropolitian ","Cloudy","Low ",1
"28/03/2022","10:10:00","10:25:00",19,"Snack ",21,4.8,19,"scooter ",1,"No ","Urban ","Sandstorms","Low ",1
"7/03/2022","9:55:00","10:00:00",29,"Buffet ",33,4.8,9,"motorcycle ",0,"No ","Metropolitian ","Sunny","Low ",1
"31/03/2022","18:10:00","18:15:00",42,"Snack ",38,4.4,2,"scooter ",1,"No ","Urban ","Fog","Medium ",0
"11/03/2022","23:50:00","0:00:00",10,"Snack ",24,4.6,16,"motorcycle ",1,"No ","Urban ","Fog","Low ",0
"6/04/2022","20:00:00","20:15:00",28,"Buffet ",22,4.7,19,"motorcycle ",0,"No ","Metropolitian ","Stormy","Jam ",1
"1/04/2022","8:45:00","9:00:00",13,"Meal ",22,4.8,19,"electric_scooter ",2,"No ","Metropolitian ","Fog","Low ",1
"17/03/2022","9:55:00","10:00:00",24,"Buffet ",30,4.8,19,"motorcycle ",2,"No ","Urban ","Windy","Low ",0
"6/04/2022","22:20:00","22:30:00",15,"Buffet ",37,4.9,22,"motorcycle ",1,"No ","Urban ","Sandstorms","Low ",1
"6/04/2022","19:00:00","19:10:00",28,"Buffet ",35,4.5,5,"scooter ",2,"No ","Metropolitian ","Windy","Medium ",1
"6/03/2022","23:30:00","23:35:00",20,"Drinks ",37,4.9,23,"scooter ",2,"No ","Metropolitian ","Stormy","Low ",1
"6/04/2022","22:50:00","23:05:00",19,"Buffet ",21,4.7,15,"scooter ",1,"No ","Metropolitian ","Sandstorms","Low ",1
"25/03/2022","20:45:00","20:50:00",31,"Snack ",22,4.6,8,"motorcycle ",0,"No ","Metropolitian ","Sandstorms","Jam ",1
"4/03/2022","19:40:00","19:45:00",15,"Meal ",22,4.6,23,"scooter ",2,"No ","Metropolitian ","Stormy","Jam ",1
"23/03/2022","18:15:00","18:20:00",32,"Drinks ",37,4.2,6,"motorcycle ",0,"No ","Metropolitian ","Stormy","Medium ",1
"30/03/2022","22:30:00","22:35:00",22,"Drinks ",39,4.8,15,"scooter ",1,"No ","Metropolitian ","Sandstorms","Low ",1
"17/02/2022","19:20:00","19:25:00",10,"Buffet ",23,4.9,3,"electric_scooter ",2,"No ","Metropolitian ","Fog","Jam ",0
"4/04/2022","17:25:00","17:30:00",36,"Buffet ",22,4.5,9,"motorcycle ",0,"No ","Metropolitian ","Fog","Medium ",2
"11/03/2022","10:10:00","10:25:00",18,"Meal ",38,4.8,19,"scooter ",1,"No ","Metropolitian ","Fog","Low ",0
"13/03/2022","18:15:00","18:30:00",25,"Buffet ",25,4.8,22,"scooter ",2,"No ","Urban ","Stormy","Medium ",1
"20/03/2022","21:50:00","22:00:00",49,"Buffet ",33,4.6,9,"motorcycle ",0,"No ","Metropolitian ","Cloudy","Jam ",1
"5/04/2022","22:00:00","22:05:00",19,"Meal ",27,4.7,22,"scooter ",1,"No ","Urban ","Windy","Jam ",1
"12/03/2022","21:00:00","21:05:00",53,"Snack ",39,4.7,16,"motorcycle ",0,"No ","Metropolitian ","Cloudy","Jam ",2
"1/04/2022","20:35:00","20:40:00",18,"Snack ",20,4.5,9,"scooter ",2,"No ","Metropolitian ","Stormy","Jam ",1
"20/03/2022","20:40:00","20:45:00",18,"Meal ",21,4.7,22,"electric_scooter ",2,"No ","Metropolitian ","Stormy","Jam ",0
"7/03/2022","18:40:00","18:55:00",20,"Meal ",37,4.5,5,"motorcycle ",1,"No ","Urban ","Stormy","Medium ",1
"3/03/2022","17:40:00","17:45:00",15,"Meal ",26,4.8,15,"motorcycle ",0,"No ","Urban ","Stormy","Medium ",0
"6/04/2022","21:55:00","22:00:00",54,"Snack ",37,4.1,1,"motorcycle ",0,"No ","Metropolitian ","Windy","Jam ",1
"13/02/2022","20:20:00","20:35:00",38,"Snack ",32,4.8,6,"motorcycle ",0,"No ","Metropolitian ","Sandstorms","Jam ",1
"1/04/2022","16:50:00","17:00:00",28,"Snack ",33,4.7,9,"scooter ",2,"No ","Metropolitian ","Stormy","Medium ",1
"10/03/2022","19:00:00","19:15:00",43,"Buffet ",38,4.4,4,"motorcycle ",1,"Yes ","Urban ","Cloudy","Medium ",1
"25/03/2022","17:10:00","17:25:00",28,"Meal ",27,4.6,23,"scooter ",2,"No ","Metropolitian ","Stormy","Medium ",1
"24/03/2022","11:35:00","11:40:00",29,"Snack ",28,4.7,6,"electric_scooter ",2,"No ","Metropolitian ","Fog","High ",1
"4/04/2022","22:15:00","22:20:00",24,"Meal ",37,4.9,17,"electric_scooter ",2,"No ","Metropolitian ","Windy","Low ",0
"26/03/2022","10:20:00","10:30:00",19,"Buffet ",22,4.6,15,"motorcycle ",1,"No ","Metropolitian ","Stormy","Low ",1
"29/03/2022","20:40:00","20:50:00",42,"Buffet ",39,4.3,18,"scooter ",1,"Yes ","Urban ","Fog","Jam ",1
"19/03/2022","20:25:00","20:35:00",20,"Meal ",20,4.6,15,"scooter ",2,"No ","Metropolitian ","Cloudy","Jam ",0
"16/03/2022","22:30:00","22:45:00",44,"Drinks ",30,4.8,9,"motorcycle ",0,"No ","Metropolitian ","Fog","Low ",1
"6/04/2022","20:20:00","20:25:00",26,"Buffet ",35,4.7,21,"motorcycle ",1,"No ","Urban ","Sandstorms","Jam ",1
"17/02/2022","11:10:00","11:20:00",25,"Meal ",33,4.9,6,"motorcycle ",0,"No ","Metropolitian ","Fog","High ",1
"24/03/2022","18:45:00","18:55:00",27,"Buffet ",27,5,13,"motorcycle ",0,"No ","Metropolitian ","Windy","Medium ",1
"7/03/2022","9:50:00","9:55:00",18,"Snack ",33,4.6,23,"scooter ",1,"No ","Metropolitian ","Sunny","Low ",0
"14/02/2022","23:00:00","23:15:00",28,"Meal ",39,4.9,7,"electric_scooter ",2,"No ","Metropolitian ","Sunny","Low ",0
"9/03/2022","16:40:00","16:55:00",19,"Snack ",28,4.6,15,"scooter ",1,"No ","Metropolitian ","Fog","Medium ",1
"24/03/2022","18:00:00","18:05:00",14,"Snack ",20,4.5,6,"scooter ",1,"No ","Urban ","Sunny","Medium ",0
"17/03/2022","11:40:00","11:45:00",44,"Drinks ",31,4.7,23,"motorcycle ",0,"No ","Metropolitian ","Windy","High ",0
"18/03/2022","22:40:00","22:55:00",29,"Snack ",30,4.6,18,"motorcycle ",1,"No ","Urban ","Sunny","Low ",1
"13/02/2022","8:50:00","9:00:00",14,"Drinks ",30,5,4,"scooter ",1,"No ","Metropolitian ","Sunny","Low ",0
"1/03/2022","23:10:00","23:25:00",22,"Buffet ",32,4.8,22,"scooter ",1,"No ","Urban ","Sandstorms","Low ",0
"15/03/2022","23:45:00","0:00:00",18,"Snack ",30,4.7,18,"electric_scooter ",2,"No ","Metropolitian ","Fog","Low ",1
"12/02/2022","20:35:00","20:40:00",43,"Drinks ",26,4.2,4,"electric_scooter ",2,"Yes ","Metropolitian ","Stormy","Jam ",0
"10/03/2022","17:45:00","17:55:00",15,"Drinks ",25,4.7,17,"electric_scooter ",2,"No ","Urban ","Stormy","Medium ",0
"28/03/2022","13:20:00","13:25:00",31,"Meal ",30,5,22,"motorcycle ",0,"No ","Urban ","Fog","High ",1
"6/03/2022","19:20:00","19:30:00",30,"Buffet ",27,4.7,18,"motorcycle ",0,"No ","Metropolitian ","Sunny","Jam ",1
"1/03/2022","23:55:00","0:00:00",28,"Drinks ",32,4.8,19,"scooter ",2,"No ","Metropolitian ","Sandstorms","Low ",1
"26/03/2022","10:10:00","10:25:00",15,"Drinks ",37,4.7,16,"scooter ",1,"No ","Urban ","Cloudy","Low ",0
"10/03/2022","20:55:00","21:10:00",24,"Snack ",21,4.6,14,"motorcycle ",1,"No ","Metropolitian ","Windy","Jam ",1
"3/03/2022","23:45:00","23:50:00",25,"Drinks ",32,4.7,23,"scooter ",2,"No ","Metropolitian ","Windy","Low ",0
"28/03/2022","15:50:00","16:00:00",13,"Snack ",21,4.5,12,"scooter ",2,"No ","Metropolitian ","Cloudy","Medium ",0
"2/03/2022","22:35:00","22:50:00",18,"Drinks ",32,4.8,9,"motorcycle ",2,"No ","Metropolitian ","Sunny","Low ",1
"14/03/2022","23:20:00","23:35:00",28,"Drinks ",27,4.9,21,"motorcycle ",0,"No ","Urban ","Sunny","Low ",1
"13/02/2022","12:45:00","12:50:00",33,"Meal ",21,4.3,5,"motorcycle ",2,"No ","Metropolitian ","Fog","High ",0
"8/03/2022","19:40:00","19:50:00",17,"Buffet ",39,4.7,23,"scooter ",1,"No ","Metropolitian ","Sunny","Jam ",0
"10/03/2022","18:00:00","18:05:00",24,"Drinks ",21,5,16,"motorcycle ",0,"No ","Metropolitian ","Sunny","Medium ",1
"18/03/2022","20:45:00","20:55:00",25,"Snack ",37,4.8,22,"motorcycle ",1,"No ","Urban ","Windy","Jam ",0
"6/04/2022","18:20:00","18:35:00",28,"Snack ",29,4.6,15,"motorcycle ",1,"No ","Metropolitian ","Fog","Medium ",1
"17/03/2022","16:40:00","16:45:00",34,"Snack ",36,4.3,19,"scooter ",2,"No ","Metropolitian ","Windy","Medium ",0
"9/03/2022","18:45:00","19:00:00",10,"Snack ",20,4.6,16,"motorcycle ",1,"No ","Metropolitian ","Sunny","Medium ",1
"13/03/2022","19:45:00","19:55:00",28,"Snack ",38,4.9,17,"motorcycle ",0,"No ","Metropolitian ","Cloudy","Jam ",1
"1/04/2022","10:00:00","10:10:00",23,"Buffet ",31,4.6,21,"motorcycle ",0,"No ","Metropolitian ","Fog","Low ",1
"13/02/2022","22:35:00","22:50:00",25,"Buffet ",35,4.6,7,"motorcycle ",0,"No ","Metropolitian ","Stormy","Low ",1
"26/03/2022","22:40:00","22:55:00",25,"Buffet ",34,4.7,9,"motorcycle ",0,"No ","Metropolitian ","Sunny","Low ",0
"18/03/2022","23:50:00","23:55:00",17,"Drinks ",25,4.5,9,"motorcycle ",1,"No ","Metropolitian ","Sandstorms","Low ",1
"1/03/2022","19:40:00","19:50:00",37,"Meal ",31,4.2,9,"scooter ",2,"No ","Metropolitian ","Fog","Jam ",0
"11/02/2022","8:55:00","9:00:00",26,"Drinks ",36,4.9,8,"motorcycle ",1,"No ","Metropolitian ","Sandstorms","Low ",0
"31/03/2022","17:10:00","17:25:00",28,"Buffet ",36,4.8,22,"motorcycle ",1,"No ","Metropolitian ","Sandstorms","Medium ",1
"1/04/2022","17:30:00","17:40:00",29,"Buffet ",28,4.7,12,"scooter ",2,"No ","Metropolitian ","Sandstorms","Medium ",1
"19/03/2022","19:10:00","19:20:00",26,"Meal ",37,4.5,5,"scooter ",1,"No ","Urban ","Sandstorms","Jam ",1
"5/03/2022","20:45:00","21:00:00",12,"Meal ",29,4.8,19,"motorcycle ",2,"No ","Urban ","Sandstorms","Jam ",0
"20/03/2022","18:45:00","18:55:00",34,"Snack ",33,5,13,"motorcycle ",0,"No ","Metropolitian ","Sandstorms","Medium ",1
"5/04/2022","8:55:00","9:00:00",20,"Buffet ",32,4.9,22,"motorcycle ",0,"No ","Urban ","Fog","Low ",1
"18/03/2022","17:45:00","18:00:00",20,"Meal ",24,4.6,23,"scooter ",2,"No ","Urban ","Windy","Medium ",1
"9/03/2022","10:25:00","10:40:00",17,"Meal ",39,4.6,19,"motorcycle ",1,"No ","Metropolitian ","Fog","Low ",1
"10/03/2022","20:45:00","21:00:00",33,"Buffet ",39,3.9,7,"motorcycle ",2,"No ","Metropolitian ","Sunny","Jam ",1
"5/03/2022","18:25:00","18:30:00",16,"Buffet ",21,5,14,"scooter ",1,"No ","Metropolitian ","Sunny","Medium ",1
"14/02/2022","21:45:00","21:55:00",27,"Drinks ",33,5,2,"scooter ",1,"No ","Metropolitian ","Windy","Jam ",0
"12/02/2022","18:45:00","18:55:00",11,"Drinks ",26,4.8,5,"scooter ",1,"No ","Metropolitian ","Sunny","Medium ",1
"19/03/2022","23:50:00","0:00:00",16,"Meal ",21,4.9,22,"motorcycle ",0,"No ","Metropolitian ","Fog","Low ",0
"8/03/2022","23:55:00","0:00:00",35,"Drinks ",23,2.5,2,"scooter ",2,"No ","Metropolitian ","Sunny","Low ",1
"5/03/2022","11:35:00","11:45:00",37,"Meal ",25,4.2,2,"motorcycle ",0,"No ","Metropolitian ","Stormy","High ",0
"17/02/2022","22:35:00","22:45:00",12,"Snack ",25,4.7,4,"scooter ",1,"No ","Metropolitian ","Sandstorms","Low ",0
"12/02/2022","22:25:00","22:35:00",20,"Buffet ",31,4.8,17,"motorcycle ",0,"No ","Urban ","Stormy","Low ",0
"28/03/2022","23:45:00","0:00:00",22,"Buffet ",26,4.8,17,"motorcycle ",1,"No ","Metropolitian ","Sunny","Low ",1
"28/03/2022","10:20:00","10:35:00",14,"Drinks ",25,4.6,23,"motorcycle ",0,"No ","Metropolitian ","Sunny","Low ",1
"8/03/2022","17:35:00","17:45:00",33,"Drinks ",32,3.7,13,"scooter ",1,"No ","Metropolitian ","Windy","Medium ",0
"17/02/2022","8:25:00","8:35:00",14,"Snack ",37,4.9,16,"motorcycle ",1,"No ","Urban ","Sunny","Low ",0
"15/03/2022","19:40:00","19:45:00",32,"Meal ",31,4.6,21,"motorcycle ",2,"No ","Metropolitian ","Fog","Jam ",0
"18/03/2022","23:55:00","0:10:00",24,"Drinks ",28,4.6,17,"motorcycle ",0,"No ","Urban ","Stormy","Low ",0
"14/03/2022","23:35:00","23:45:00",22,"Meal ",33,4.7,12,"motorcycle ",0,"No ","Metropolitian ","Stormy","Low ",0
"3/03/2022","17:50:00","18:00:00",16,"Snack ",38,5,9,"scooter ",2,"No ","Metropolitian ","Fog","Medium ",1
"31/03/2022","18:15:00","18:20:00",48,"Buffet ",37,4.7,18,"motorcycle ",0,"No ","Semi-Urban ","Stormy","Medium ",0
"3/04/2022","10:50:00","10:55:00",14,"Meal ",23,4.5,9,"scooter ",2,"No ","Metropolitian ","Windy","Low ",0
"8/03/2022","17:50:00","18:05:00",36,"Snack ",38,4.9,18,"motorcycle ",1,"No ","Metropolitian ","Sunny","Medium ",1
"13/03/2022","9:10:00","9:25:00",14,"Meal ",24,4.9,18,"scooter ",2,"No ","Metropolitian ","Windy","Low ",1
"17/03/2022","13:15:00","13:30:00",18,"Buffet ",23,4.9,8,"scooter ",2,"No ","Metropolitian ","Sunny","High ",0
"18/02/2022","22:25:00","22:30:00",19,"Snack ",25,4.7,6,"scooter ",1,"No ","Metropolitian ","Sandstorms","Low ",1
"7/03/2022","21:35:00","21:45:00",34,"Drinks ",28,4.4,21,"electric_scooter ",2,"No ","Metropolitian ","Fog","Jam ",1
"4/03/2022","18:10:00","18:25:00",31,"Snack ",30,4.4,17,"motorcycle ",2,"No ","Metropolitian ","Stormy","Medium ",1
"1/04/2022","9:25:00","9:30:00",11,"Snack ",28,4.8,18,"electric_scooter ",2,"No ","Metropolitian ","Windy","Low ",1
"27/03/2022","21:50:00","22:05:00",41,"Meal ",27,4.7,7,"scooter ",2,"No ","Metropolitian ","Fog","Jam ",1
"5/04/2022","18:10:00","18:15:00",28,"Buffet ",29,4.8,15,"scooter ",1,"No ","Urban ","Windy","Medium ",1
"23/03/2022","20:50:00","21:05:00",16,"Meal ",37,4.6,15,"electric_scooter ",2,"No ","Metropolitian ","Sunny","Jam ",1
"17/03/2022","19:45:00","19:50:00",17,"Meal ",22,4.6,22,"electric_scooter ",2,"No ","Urban ","Sandstorms","Jam ",0
"6/04/2022","20:40:00","20:50:00",38,"Meal ",24,4.4,4,"motorcycle ",1,"No ","Metropolitian ","Cloudy","Jam ",2
"15/03/2022","17:35:00","17:45:00",27,"Snack ",23,4.6,15,"motorcycle ",0,"No ","Urban ","Fog","Medium ",0
"13/02/2022","23:40:00","23:45:00",20,"Snack ",33,5,9,"scooter ",2,"No ","Metropolitian ","Windy","Low ",0
"8/03/2022","20:15:00","20:30:00",38,"Drinks ",32,4.4,14,"scooter ",2,"No ","Metropolitian ","Windy","Jam ",0
"26/03/2022","8:30:00","8:35:00",14,"Meal ",29,5,23,"motorcycle ",1,"No ","Urban ","Cloudy","Low ",0
"23/03/2022","22:00:00","22:15:00",38,"Meal ",38,3.7,2,"scooter ",2,"No ","Metropolitian ","Sandstorms","Jam ",0
"9/03/2022","17:40:00","17:45:00",22,"Buffet ",21,4.6,21,"motorcycle ",0,"No ","Metropolitian ","Sunny","Medium ",1
"6/03/2022","22:10:00","22:25:00",25,"Snack ",37,4.8,23,"electric_scooter ",2,"No ","Urban ","Stormy","Low ",1
"27/03/2022","20:25:00","20:40:00",35,"Snack ",31,4.3,1,"scooter ",1,"No ","Metropolitian ","Sandstorms","Jam ",0
"8/03/2022","20:15:00","20:20:00",48,"Buffet ",31,4.2,6,"scooter ",2,"No ","Metropolitian ","Fog","Jam ",0
"17/02/2022","15:30:00","15:35:00",21,"Meal ",20,4.8,7,"motorcycle ",0,"No ","Metropolitian ","Fog","Medium ",0
"6/03/2022","18:00:00","18:05:00",17,"Buffet ",23,5,16,"scooter ",2,"No ","Metropolitian ","Stormy","Medium ",0
"5/04/2022","18:45:00","18:55:00",15,"Meal ",35,4.9,21,"motorcycle ",1,"No ","Metropolitian ","Cloudy","Medium ",0
"1/04/2022","17:50:00","18:05:00",26,"Snack ",23,4.6,22,"motorcycle ",2,"No ","Metropolitian ","Windy","Medium ",1
"30/03/2022","14:15:00","14:25:00",29,"Snack ",24,4.8,8,"scooter ",1,"No ","Metropolitian ","Cloudy","High ",1
"31/03/2022","17:30:00","17:40:00",33,"Buffet ",35,4.4,3,"scooter ",1,"No ","Metropolitian ","Sandstorms","Medium ",0
"31/03/2022","20:50:00","21:05:00",27,"Meal ",26,4.6,22,"scooter ",2,"No ","Metropolitian ","Windy","Jam ",1
"9/03/2022","20:15:00","20:20:00",27,"Drinks ",35,4.7,23,"scooter ",2,"No ","Metropolitian ","Sandstorms","Jam ",1
"15/02/2022","11:45:00","11:50:00",31,"Meal ",37,4,15,"motorcycle ",2,"No ","Metropolitian ","Stormy","High ",0
"30/03/2022","10:55:00","11:05:00",22,"Meal ",36,4.9,12,"motorcycle ",1,"No ","Metropolitian ","Stormy","Low ",0
"9/03/2022","11:40:00","11:45:00",26,"Snack ",28,4.6,23,"motorcycle ",0,"No ","Metropolitian ","Stormy","High ",1
"17/02/2022","9:15:00","9:20:00",17,"Drinks ",29,5,7,"scooter ",1,"No ","Metropolitian ","Sandstorms","Low ",0
"10/03/2022","20:30:00","20:40:00",28,"Drinks ",29,4.7,18,"motorcycle ",0,"No ","Metropolitian ","Sandstorms","Jam ",0
"29/03/2022","21:55:00","22:05:00",42,"Drinks ",31,3.6,5,"motorcycle ",1,"No ","Urban ","Stormy","Jam ",2
"8/03/2022","18:45:00","19:00:00",33,"Drinks ",33,3.9,6,"scooter ",2,"No ","Metropolitian ","Stormy","Medium ",0
"18/03/2022","23:20:00","23:30:00",35,"Meal ",32,3.9,21,"scooter ",2,"No ","Metropolitian ","Fog","Low ",0
"8/03/2022","18:00:00","18:05:00",18,"Snack ",27,5,22,"motorcycle ",0,"No ","Urban ","Sandstorms","Medium ",1
"2/03/2022","17:15:00","17:30:00",26,"Snack ",29,4.9,21,"scooter ",1,"No ","Metropolitian ","Stormy","Medium ",1
"29/03/2022","20:55:00","21:00:00",32,"Buffet ",27,4.9,3,"motorcycle ",0,"No ","Metropolitian ","Sandstorms","Jam ",1
"26/03/2022","10:30:00","10:40:00",21,"Meal ",35,4.6,9,"scooter ",1,"No ","Metropolitian ","Windy","Low ",1
"3/03/2022","23:15:00","23:25:00",15,"Snack ",21,5,23,"motorcycle ",0,"No ","Urban ","Cloudy","Low ",0
"15/02/2022","10:15:00","10:30:00",10,"Buffet ",29,4.7,9,"electric_scooter ",2,"No ","Metropolitian ","Stormy","Low ",0
"17/03/2022","13:55:00","14:00:00",15,"Buffet ",36,4.7,17,"scooter ",1,"No ","Urban ","Sunny","High ",1
"25/03/2022","21:10:00","21:25:00",17,"Meal ",23,4.9,15,"scooter ",1,"No ","Metropolitian ","Windy","Jam ",0
"1/03/2022","22:45:00","22:55:00",16,"Drinks ",36,5,23,"scooter ",2,"No ","Urban ","Fog","Low ",1
"1/04/2022","13:35:00","13:40:00",36,"Drinks ",30,4,2,"scooter ",1,"No ","Metropolitian ","Fog","High ",1
"12/03/2022","20:30:00","20:35:00",16,"Meal ",22,4.9,13,"scooter ",1,"No ","Metropolitian ","Windy","Jam ",1
"9/03/2022","10:35:00","10:40:00",25,"Snack ",32,4.7,23,"motorcycle ",0,"No ","Metropolitian ","Cloudy","Low ",1
"14/02/2022","21:40:00","21:45:00",34,"Snack ",20,4.4,3,"motorcycle ",1,"No ","Metropolitian ","Fog","Jam ",1
"2/03/2022","23:30:00","23:35:00",27,"Buffet ",21,4.8,12,"motorcycle ",1,"No ","Metropolitian ","Fog","Low ",1
"3/03/2022","10:35:00","10:45:00",24,"Meal ",26,5,21,"motorcycle ",0,"No ","Metropolitian ","Stormy","Low ",0
"30/03/2022","9:20:00","9:30:00",22,"Meal ",30,4.5,14,"electric_scooter ",2,"No ","Metropolitian ","Stormy","Low ",1
"20/03/2022","18:35:00","18:50:00",28,"Buffet ",23,4.9,13,"scooter ",2,"No ","Metropolitian ","Sandstorms","Medium ",1
"11/03/2022","22:55:00","23:00:00",11,"Meal ",21,4.9,23,"scooter ",1,"No ","Metropolitian ","Windy","Low ",0
"15/02/2022","18:30:00","18:40:00",10,"Meal ",26,4.9,18,"motorcycle ",0,"No ","Urban ","Stormy","Medium ",0
"18/03/2022","22:55:00","23:10:00",26,"Buffet ",36,4.6,18,"motorcycle ",2,"No ","Urban ","Stormy","Low ",1
"14/03/2022","22:10:00","22:15:00",23,"Snack ",38,4.6,12,"electric_scooter ",2,"No ","Metropolitian ","Sunny","Low ",1
"15/02/2022","10:20:00","10:35:00",16,"Meal ",29,4.7,7,"scooter ",1,"No ","Metropolitian ","Sandstorms","Low ",1
"13/02/2022","19:50:00","20:05:00",15,"Drinks ",27,4.9,22,"electric_scooter ",2,"No ","Urban ","Sandstorms","Jam ",1
"19/03/2022","19:45:00","19:50:00",26,"Drinks ",21,4.9,3,"motorcycle ",0,"No ","Metropolitian ","Cloudy","Jam ",1
"5/03/2022","19:55:00","20:05:00",40,"Drinks ",39,4.4,18,"motorcycle ",0,"No ","Metropolitian ","Windy","Jam ",1
"19/03/2022","19:30:00","19:40:00",26,"Meal ",34,4.9,3,"motorcycle ",0,"No ","Metropolitian ","Sunny","Jam ",1
"28/03/2022","18:20:00","18:35:00",18,"Meal ",39,4.9,16,"scooter ",1,"No ","Metropolitian ","Cloudy","Medium ",0
"20/03/2022","19:25:00","19:35:00",25,"Meal ",21,5,19,"motorcycle ",0,"No ","Metropolitian ","Sandstorms","Jam ",1
"3/04/2022","9:20:00","9:35:00",28,"Snack ",31,4.8,15,"motorcycle ",0,"No ","Urban ","Fog","Low ",1
"26/03/2022","17:15:00","17:25:00",21,"Buffet ",23,4.9,21,"motorcycle ",0,"No ","Urban ","Sandstorms","Medium ",0
"9/03/2022","17:10:00","17:20:00",24,"Buffet ",27,4.9,17,"motorcycle ",1,"No ","Urban ","Stormy","Medium ",1
"7/03/2022","22:35:00","22:40:00",18,"Snack ",39,4.8,16,"motorcycle ",2,"No ","Urban ","Sandstorms","Low ",1
"3/03/2022","18:50:00","18:55:00",17,"Meal ",34,4.5,13,"motorcycle ",2,"No ","Metropolitian ","Stormy","Medium ",0
"30/03/2022","21:50:00","21:55:00",26,"Meal ",26,4.9,19,"motorcycle ",0,"No ","Metropolitian ","Cloudy","Jam ",1
"14/02/2022","18:35:00","18:50:00",31,"Snack ",20,4,3,"motorcycle ",0,"No ","Urban ","Stormy","Medium ",1
"14/02/2022","17:35:00","17:45:00",32,"Meal ",26,4.8,6,"motorcycle ",0,"No ","Metropolitian ","Fog","Medium ",1
"1/04/2022","19:15:00","19:30:00",21,"Snack ",20,4.5,22,"scooter ",1,"No ","Metropolitian ","Stormy","Jam ",1
"13/02/2022","9:55:00","10:05:00",10,"Snack ",20,4.7,18,"motorcycle ",1,"No ","Urban ","Sandstorms","Low ",0
"17/03/2022","21:50:00","22:00:00",40,"Snack ",30,4.7,13,"motorcycle ",0,"No ","Metropolitian ","Sandstorms","Jam ",1
"1/03/2022","16:00:00","16:15:00",12,"Meal ",29,4.8,12,"motorcycle ",0,"No ","Metropolitian ","Windy","Medium ",0
"5/04/2022","19:35:00","19:50:00",30,"Snack ",34,4.8,15,"motorcycle ",0,"No ","Urban ","Cloudy","Jam ",0
"9/03/2022","18:50:00","19:05:00",28,"Meal ",36,4.6,9,"motorcycle ",2,"No ","Metropolitian ","Sandstorms","Medium ",1
"3/04/2022","19:15:00","19:30:00",45,"Meal ",24,4.5,4,"motorcycle ",0,"Yes ","Semi-Urban ","Sunny","Jam ",2
"2/03/2022","23:30:00","23:40:00",17,"Meal ",28,4.8,22,"scooter ",1,"No ","Urban ","Sandstorms","Low ",1
"14/02/2022","21:20:00","21:25:00",22,"Meal ",38,4.5,4,"scooter ",2,"No ","Urban ","Sunny","Jam ",1
"30/03/2022","19:20:00","19:35:00",34,"Snack ",35,4,9,"scooter ",1,"No ","Metropolitian ","Windy","Jam ",1
"1/04/2022","14:50:00","15:05:00",26,"Drinks ",23,4.7,22,"motorcycle ",1,"No ","Metropolitian ","Cloudy","High ",1
"18/03/2022","20:55:00","21:00:00",38,"Buffet ",20,4.5,19,"motorcycle ",0,"No ","Metropolitian ","Fog","Jam ",0
"23/03/2022","20:50:00","21:05:00",33,"Meal ",38,3.8,6,"motorcycle ",1,"No ","Urban ","Sandstorms","Jam ",1
"14/02/2022","18:00:00","18:05:00",30,"Drinks ",35,4.6,17,"scooter ",1,"No ","Urban ","Stormy","Medium ",0
"19/03/2022","19:30:00","19:35:00",48,"Drinks ",35,4.9,18,"motorcycle ",0,"Yes ","Metropolitian ","Sandstorms","Jam ",1
"7/03/2022","19:20:00","19:35:00",11,"Meal ",25,4.5,19,"motorcycle ",1,"No ","Metropolitian ","Windy","Jam ",0
"20/03/2022","22:35:00","22:45:00",22,"Buffet ",29,4.8,16,"motorcycle ",0,"No ","Metropolitian ","Cloudy","Low ",1
"7/03/2022","16:45:00","16:55:00",30,"Meal ",39,4.6,13,"scooter ",1,"No ","Metropolitian ","Stormy","Medium ",0
"1/03/2022","17:55:00","18:00:00",27,"Buffet ",24,4.6,17,"scooter ",2,"No ","Metropolitian ","Sandstorms","Medium ",0
"21/03/2022","12:30:00","12:45:00",16,"Meal ",20,4.6,17,"motorcycle ",0,"No ","Metropolitian ","Stormy","High ",1
"1/04/2022","8:20:00","8:30:00",15,"Snack ",22,4.9,18,"electric_scooter ",2,"No ","Metropolitian ","Fog","Low ",1
"11/03/2022","21:35:00","21:50:00",19,"Meal ",25,4.6,14,"scooter ",2,"No ","Metropolitian ","Sunny","Jam ",0
"5/04/2022","11:00:00","11:05:00",18,"Meal ",28,4.6,21,"motorcycle ",0,"No ","Metropolitian ","Fog","Low ",0
"15/02/2022","10:30:00","10:40:00",26,"Buffet ",33,4.9,3,"electric_scooter ",2,"No ","Metropolitian ","Stormy","Low ",0
"7/03/2022","8:35:00","8:40:00",28,"Snack ",36,4.5,19,"scooter ",1,"No ","Metropolitian ","Stormy","Low ",1
"9/03/2022","10:20:00","10:35:00",23,"Drinks ",34,4.6,23,"motorcycle ",1,"No ","Metropolitian ","Sandstorms","Low ",1
"3/03/2022","9:55:00","10:10:00",29,"Drinks ",24,4.2,5,"motorcycle ",0,"No ","Urban ","Stormy","Low ",1
"16/02/2022","21:15:00","21:25:00",31,"Drinks ",37,3.8,12,"electric_scooter ",2,"No ","Metropolitian ","Sunny","Jam ",1
"12/02/2022","21:10:00","21:25:00",41,"Snack ",30,5,6,"electric_scooter ",2,"No ","Metropolitian ","Stormy","Jam ",1
"18/03/2022","21:35:00","21:40:00",43,"Meal ",34,4.7,21,"motorcycle ",0,"No ","Metropolitian ","Cloudy","Jam ",0
"4/03/2022","17:15:00","17:25:00",18,"Buffet ",24,4.6,12,"motorcycle ",0,"No ","Metropolitian ","Sunny","Medium ",1
"3/03/2022","8:35:00","8:45:00",24,"Meal ",31,4.9,14,"motorcycle ",1,"No ","Metropolitian ","Windy","Low ",1
"6/04/2022","23:15:00","23:30:00",22,"Drinks ",35,4.9,17,"motorcycle ",0,"No ","Metropolitian ","Stormy","Low ",1
"26/03/2022","8:25:00","8:30:00",20,"Meal ",34,4.5,15,"scooter ",1,"No ","Metropolitian ","Windy","Low ",1
"15/03/2022","22:40:00","22:50:00",14,"Meal ",25,4.9,17,"motorcycle ",1,"No ","Urban ","Fog","Low ",0
"31/03/2022","0:00:00","0:05:00",23,"Drinks ",24,4.6,1,"motorcycle ",1,"No ","Urban ","Fog","Low ",0
"12/03/2022","21:40:00","21:45:00",31,"Drinks ",38,4.3,23,"scooter ",1,"No ","Metropolitian ","Sandstorms","Jam ",1
"13/03/2022","20:20:00","20:35:00",33,"Snack ",36,4.8,12,"motorcycle ",0,"No ","Metropolitian ","Sandstorms","Jam ",0
"20/03/2022","17:15:00","17:30:00",26,"Drinks ",35,4.6,18,"scooter ",1,"No ","Metropolitian ","Windy","Medium ",1
"1/04/2022","14:25:00","14:35:00",13,"Buffet ",20,4.7,22,"motorcycle ",1,"No ","Metropolitian ","Sunny","High ",1
"28/03/2022","8:40:00","8:45:00",22,"Snack ",33,4.9,23,"motorcycle ",0,"No ","Metropolitian ","Sunny","Low ",1
"5/04/2022","21:50:00","21:55:00",19,"Buffet ",33,4.5,18,"electric_scooter ",2,"No ","Urban ","Sunny","Jam ",1
"10/03/2022","20:55:00","21:10:00",36,"Drinks ",39,3.5,5,"motorcycle ",1,"No ","Metropolitian ","Sandstorms","Jam ",1
"13/02/2022","20:20:00","20:30:00",26,"Drinks ",28,4.7,18,"motorcycle ",0,"No ","Urban ","Fog","Jam ",0
"24/03/2022","8:50:00","9:00:00",23,"Buffet ",28,4.4,3,"motorcycle ",0,"No ","Urban ","Sandstorms","Low ",1
"4/03/2022","21:30:00","21:45:00",37,"Buffet ",32,4.1,9,"scooter ",1,"No ","Metropolitian ","Sandstorms","Jam ",1
"15/03/2022","17:30:00","17:35:00",17,"Drinks ",26,4.6,15,"scooter ",2,"No ","Metropolitian ","Cloudy","Medium ",1
"3/03/2022","13:55:00","14:00:00",11,"Drinks ",27,4.6,21,"motorcycle ",1,"No ","Metropolitian ","Sunny","High ",0
"1/04/2022","12:00:00","12:05:00",49,"Meal ",37,4.6,13,"motorcycle ",0,"No ","Metropolitian ","Windy","High ",3
"13/02/2022","17:25:00","17:35:00",19,"Buffet ",25,4.9,18,"electric_scooter ",2,"No ","Urban ","Cloudy","Medium ",0
"3/03/2022","13:20:00","13:30:00",33,"Buffet ",39,4.1,7,"scooter ",1,"No ","Metropolitian ","Stormy","High ",1
"6/04/2022","21:15:00","21:20:00",23,"Buffet ",39,4.9,22,"scooter ",2,"No ","Metropolitian ","Sunny","Jam ",0
"17/03/2022","8:35:00","8:45:00",28,"Drinks ",38,4.1,5,"motorcycle ",0,"No ","Metropolitian ","Stormy","Low ",0
"9/03/2022","16:15:00","16:20:00",39,"Drinks ",37,4.8,14,"motorcycle ",0,"No ","Metropolitian ","Sandstorms","Medium ",2
"5/04/2022","11:25:00","11:30:00",17,"Drinks ",23,4.8,16,"motorcycle ",0,"No ","Urban ","Windy","High ",1
"25/03/2022","23:40:00","23:45:00",29,"Snack ",39,4.8,4,"motorcycle ",2,"No ","Metropolitian ","Sandstorms","Low ",1
"1/04/2022","8:40:00","8:50:00",12,"Snack ",29,4.9,9,"scooter ",2,"No ","Metropolitian ","Stormy","Low ",1
"31/03/2022","20:00:00","20:10:00",35,"Buffet ",30,4.7,8,"scooter ",2,"No ","Metropolitian ","Fog","Jam ",1
"12/03/2022","20:45:00","20:55:00",28,"Snack ",28,4.5,3,"scooter ",1,"No ","Urban ","Windy","Jam ",1
"17/02/2022","15:50:00","15:55:00",28,"Meal ",22,5,6,"motorcycle ",1,"No ","Metropolitian ","Fog","Medium ",0
"19/03/2022","19:55:00","20:05:00",15,"Meal ",23,4.8,4,"electric_scooter ",2,"No ","Metropolitian ","Sunny","Jam ",1
"21/03/2022","8:10:00","8:20:00",19,"Drinks ",32,5,21,"scooter ",1,"No ","Metropolitian ","Cloudy","Low ",1
"14/03/2022","21:25:00","21:30:00",12,"Drinks ",21,4.7,18,"scooter ",2,"No ","Metropolitian ","Sunny","Jam ",1
"17/02/2022","12:10:00","12:20:00",14,"Drinks ",22,4.9,21,"scooter ",2,"No ","Urban ","Windy","High ",0
"25/03/2022","23:10:00","23:20:00",27,"Snack ",35,4.5,17,"motorcycle ",0,"No ","Metropolitian ","Stormy","Low ",0
"18/02/2022","21:40:00","21:50:00",29,"Snack ",23,4.9,5,"motorcycle ",0,"No ","Metropolitian ","Fog","Jam ",1
"9/03/2022","8:20:00","8:25:00",18,"Drinks ",29,4.5,13,"scooter ",2,"No ","Metropolitian ","Fog","Low ",0
"15/02/2022","9:15:00","9:20:00",19,"Meal ",25,5,7,"scooter ",1,"No ","Metropolitian ","Windy","Low ",0
"15/03/2022","23:50:00","0:00:00",13,"Drinks ",21,4.6,21,"motorcycle ",0,"No ","Urban ","Sunny","Low ",1
"19/03/2022","8:45:00","8:50:00",13,"Snack ",24,4.6,23,"motorcycle ",0,"No ","Urban ","Sunny","Low ",0
"13/03/2022","20:00:00","20:15:00",10,"Snack ",22,4.9,23,"scooter ",2,"No ","Metropolitian ","Windy","Jam ",0
"15/03/2022","11:20:00","11:30:00",26,"Drinks ",26,5,15,"motorcycle ",0,"No ","Metropolitian ","Sandstorms","High ",1
"15/02/2022","9:55:00","10:10:00",11,"Snack ",36,4.7,22,"scooter ",2,"No ","Urban ","Sunny","Low ",0
"13/02/2022","16:50:00","17:05:00",17,"Buffet ",29,4.9,8,"scooter ",2,"No ","Metropolitian ","Stormy","Medium ",1
"12/03/2022","17:50:00","17:55:00",26,"Buffet ",34,4.9,21,"scooter ",2,"No ","Urban ","Sunny","Medium ",0
"15/03/2022","13:10:00","13:20:00",16,"Meal ",34,4.9,9,"motorcycle ",2,"No ","Metropolitian ","Sunny","High ",0
"25/03/2022","19:25:00","19:30:00",19,"Drinks ",33,4.7,23,"scooter ",1,"No ","Metropolitian ","Sunny","Jam ",1
"5/03/2022","23:55:00","0:10:00",29,"Buffet ",37,4.5,14,"motorcycle ",2,"No ","Metropolitian ","Windy","Low ",1
"31/03/2022","22:10:00","22:25:00",12,"Meal ",25,4.9,15,"scooter ",2,"No ","Urban ","Sandstorms","Low ",0
"6/04/2022","22:15:00","22:25:00",31,"Meal ",35,3.7,6,"scooter ",2,"No ","Metropolitian ","Fog","Low ",1
"10/03/2022","20:35:00","20:45:00",34,"Drinks ",25,4.9,18,"motorcycle ",0,"No ","Urban ","Sunny","Jam ",1
"3/03/2022","20:30:00","20:40:00",24,"Drinks ",23,5,19,"motorcycle ",0,"No ","Urban ","Sandstorms","Jam ",1
"3/03/2022","9:20:00","9:25:00",10,"Meal ",25,4.7,22,"motorcycle ",2,"No ","Metropolitian ","Fog","Low ",1
"29/03/2022","21:35:00","21:45:00",38,"Buffet ",33,4.7,5,"scooter ",1,"Yes ","Metropolitian ","Cloudy","Jam ",0
"16/02/2022","18:35:00","18:40:00",43,"Buffet ",31,4.7,4,"motorcycle ",0,"No ","Metropolitian ","Fog","Medium ",0
"6/03/2022","18:25:00","18:35:00",22,"Snack ",31,4.8,9,"motorcycle ",2,"No ","Metropolitian ","Windy","Medium ",1
"16/03/2022","22:40:00","22:55:00",23,"Meal ",26,4.7,23,"scooter ",2,"No ","Metropolitian ","Cloudy","Low ",0
"24/03/2022","17:20:00","17:30:00",10,"Buffet ",28,4.7,16,"motorcycle ",0,"No ","Urban ","Stormy","Medium ",0
"29/03/2022","18:35:00","18:40:00",31,"Buffet ",30,4.2,5,"scooter ",2,"No ","Metropolitian ","Cloudy","Medium ",1
"18/02/2022","20:00:00","20:10:00",36,"Buffet ",39,4.1,12,"motorcycle ",1,"No ","Metropolitian ","Sandstorms","Jam ",1
"6/03/2022","19:45:00","19:55:00",34,"Snack ",26,4.4,23,"motorcycle ",1,"No ","Metropolitian ","Sunny","Jam ",1
"23/03/2022","20:00:00","20:05:00",31,"Snack ",31,4.2,11,"scooter ",1,"No ","Metropolitian ","Sandstorms","Jam ",1
"18/02/2022","17:20:00","17:30:00",37,"Drinks ",39,4.7,7,"motorcycle ",0,"No ","Metropolitian ","Fog","Medium ",2
"11/03/2022","8:55:00","9:10:00",24,"Drinks ",35,5,15,"motorcycle ",1,"No ","Urban ","Stormy","Low ",1
"20/03/2022","17:10:00","17:20:00",24,"Drinks ",20,4.7,23,"motorcycle ",0,"No ","Metropolitian ","Sandstorms","Medium ",1
"8/03/2022","21:15:00","21:30:00",31,"Buffet ",27,4.2,1,"motorcycle ",0,"No ","Urban ","Stormy","Jam ",1
"30/03/2022","9:30:00","9:45:00",16,"Buffet ",20,4.9,21,"scooter ",2,"No ","Metropolitian ","Sunny","Low ",1
"29/03/2022","18:50:00","19:05:00",15,"Meal ",21,4.7,17,"scooter ",2,"No ","Metropolitian ","Sandstorms","Medium ",0
"4/03/2022","19:20:00","19:30:00",28,"Buffet ",27,4.7,15,"scooter ",1,"No ","Metropolitian ","Windy","Jam ",1
"24/03/2022","11:55:00","12:00:00",20,"Drinks ",34,4.7,19,"scooter ",2,"No ","Metropolitian ","Sunny","High ",1
"11/03/2022","17:10:00","17:25:00",28,"Buffet ",33,4.6,21,"scooter ",1,"No ","Metropolitian ","Stormy","Medium ",1
"6/03/2022","22:40:00","22:50:00",29,"Meal ",26,4.7,19,"scooter ",1,"No ","Metropolitian ","Sunny","Low ",1
"1/03/2022","9:20:00","9:35:00",27,"Drinks ",37,4.9,19,"scooter ",2,"No ","Metropolitian ","Sandstorms","Low ",0
"29/03/2022","19:15:00","19:25:00",18,"Meal ",25,4.7,17,"scooter ",1,"No ","Metropolitian ","Sunny","Jam ",0
"13/02/2022","22:30:00","22:35:00",23,"Snack ",38,4.9,6,"scooter ",2,"No ","Metropolitian ","Windy","Low ",0
"14/02/2022","17:25:00","17:40:00",41,"Meal ",21,4.9,5,"motorcycle ",0,"No ","Metropolitian ","Fog","Medium ",0
"11/02/2022","14:10:00","14:25:00",34,"Snack ",20,4.2,6,"scooter ",1,"No ","Metropolitian ","Fog","High ",0
"5/03/2022","23:10:00","23:15:00",24,"Snack ",31,4.7,23,"electric_scooter ",2,"No ","Metropolitian ","Sandstorms","Low ",0
"1/04/2022","21:10:00","21:20:00",21,"Buffet ",20,4.6,17,"motorcycle ",2,"No ","Urban ","Fog","Jam ",0
"3/03/2022","10:20:00","10:25:00",25,"Drinks ",25,4.2,7,"motorcycle ",0,"No ","Metropolitian ","Windy","Low ",1
"12/02/2022","19:50:00","20:00:00",54,"Meal ",30,4.9,8,"motorcycle ",0,"No ","Metropolitian ","Fog","Jam ",2
"4/03/2022","0:00:00","0:10:00",23,"Drinks ",20,4.8,23,"motorcycle ",0,"No ","Metropolitian ","Stormy","Low ",1
"4/04/2022","19:40:00","19:55:00",34,"Drinks ",26,4.6,22,"motorcycle ",0,"No ","Metropolitian ","Windy","Jam ",0
"16/02/2022","22:40:00","22:55:00",16,"Snack ",26,4.6,22,"scooter ",1,"No ","Urban ","Stormy","Low ",0
"8/03/2022","20:45:00","20:50:00",41,"Snack ",38,4.2,13,"electric_scooter ",2,"No ","Metropolitian ","Windy","Jam ",2
"30/03/2022","12:00:00","12:15:00",33,"Buffet ",25,4.3,4,"motorcycle ",0,"No ","Metropolitian ","Sandstorms","High ",1
"12/03/2022","17:40:00","17:50:00",39,"Drinks ",31,4.7,15,"motorcycle ",0,"No ","Metropolitian ","Fog","Medium ",1
"2/03/2022","22:45:00","22:50:00",30,"Meal ",24,4.9,17,"motorcycle ",2,"No ","Urban ","Sunny","Low ",1
"13/02/2022","20:35:00","20:40:00",31,"Meal ",28,5,4,"motorcycle ",2,"No ","Metropolitian ","Stormy","Jam ",0
"20/03/2022","19:00:00","19:15:00",39,"Drinks ",26,4.4,11,"scooter ",2,"No ","Metropolitian ","Cloudy","Medium ",0
"21/03/2022","9:50:00","9:55:00",25,"Buffet ",20,4.4,23,"motorcycle ",0,"No ","Metropolitian ","Windy","Low ",0
"7/03/2022","8:25:00","8:40:00",28,"Snack ",33,4.3,15,"motorcycle ",0,"No ","Metropolitian ","Sandstorms","Low ",1
"3/03/2022","21:55:00","22:10:00",28,"Meal ",36,4.6,12,"motorcycle ",0,"No ","Metropolitian ","Fog","Jam ",0
"21/03/2022","8:25:00","8:40:00",20,"Buffet ",39,4.7,18,"motorcycle ",0,"No ","Urban ","Fog","Low ",1
"16/02/2022","20:00:00","20:10:00",30,"Snack ",26,4.6,4,"motorcycle ",1,"No ","Metropolitian ","Stormy","Jam ",1
"5/04/2022","19:55:00","20:05:00",31,"Drinks ",32,4.7,21,"scooter ",2,"No ","Metropolitian ","Windy","Jam ",1
"15/02/2022","15:15:00","15:25:00",29,"Snack ",39,4.8,7,"motorcycle ",2,"No ","Metropolitian ","Stormy","Medium ",1
"24/03/2022","9:15:00","9:25:00",31,"Snack ",39,4.2,4,"motorcycle ",0,"No ","Metropolitian ","Windy","Low ",1
"13/03/2022","11:45:00","11:55:00",16,"Drinks ",22,4.9,19,"scooter ",2,"No ","Urban ","Stormy","High ",1
"11/03/2022","21:10:00","21:20:00",25,"Meal ",37,4.7,15,"motorcycle ",0,"No ","Metropolitian ","Cloudy","Jam ",0
"1/04/2022","17:20:00","17:30:00",22,"Buffet ",23,4.7,23,"motorcycle ",0,"No ","Metropolitian ","Sunny","Medium ",1
"18/02/2022","21:15:00","21:30:00",21,"Meal ",22,4.7,23,"motorcycle ",2,"No ","Urban ","Stormy","Jam ",0
"29/03/2022","17:55:00","18:00:00",23,"Snack ",25,4.5,16,"motorcycle ",2,"No ","Metropolitian ","Stormy","Medium ",1
"16/03/2022","23:10:00","23:15:00",28,"Drinks ",23,4.6,19,"scooter ",2,"No ","Urban ","Fog","Low ",1
"30/03/2022","8:10:00","8:15:00",18,"Snack ",34,5,23,"motorcycle ",2,"No ","Metropolitian ","Cloudy","Low ",1
"15/03/2022","21:20:00","21:25:00",34,"Buffet ",35,4.9,13,"motorcycle ",0,"No ","Metropolitian ","Sandstorms","Jam ",0
"16/03/2022","18:15:00","18:25:00",20,"Meal ",32,4.8,22,"motorcycle ",1,"No ","Metropolitian ","Stormy","Medium ",1
"26/03/2022","12:35:00","12:50:00",14,"Drinks ",28,4.6,22,"motorcycle ",2,"No ","Metropolitian ","Stormy","High ",0
"9/03/2022","11:10:00","11:20:00",37,"Meal ",30,4.1,3,"motorcycle ",0,"No ","Metropolitian ","Sandstorms","High ",1
"1/03/2022","11:50:00","12:00:00",26,"Drinks ",24,4.5,12,"motorcycle ",0,"No ","Metropolitian ","Sandstorms","High ",1
"18/03/2022","0:00:00","0:05:00",32,"Buffet ",30,4.1,21,"scooter ",2,"No ","Metropolitian ","Fog","Low ",1
"13/03/2022","9:25:00","9:35:00",27,"Meal ",34,4.9,13,"motorcycle ",1,"No ","Metropolitian ","Sandstorms","Low ",1
"5/04/2022","18:55:00","19:10:00",34,"Buffet ",35,4.6,18,"motorcycle ",1,"No ","Metropolitian ","Windy","Medium ",2
"27/03/2022","20:40:00","20:45:00",28,"Snack ",39,4.7,15,"motorcycle ",2,"No ","Metropolitian ","Stormy","Jam ",1
"17/02/2022","18:50:00","19:00:00",11,"Snack ",27,4.7,4,"motorcycle ",1,"No ","Metropolitian ","Fog","Medium ",0
"8/03/2022","20:30:00","20:35:00",30,"Meal ",32,4.7,13,"scooter ",1,"No ","Metropolitian ","Stormy","Jam ",0
"17/03/2022","10:20:00","10:25:00",17,"Meal ",27,4.8,15,"motorcycle ",0,"No ","Urban ","Fog","Low ",1
"15/03/2022","10:00:00","10:15:00",19,"Buffet ",27,4.9,23,"scooter ",1,"No ","Metropolitian ","Sunny","Low ",1
"19/03/2022","11:30:00","11:45:00",31,"Snack ",29,4.4,2,"motorcycle ",2,"No ","Urban ","Fog","High ",1
"5/04/2022","10:00:00","10:10:00",33,"Buffet ",34,4.3,5,"motorcycle ",0,"No ","Metropolitian ","Windy","Low ",1
"30/03/2022","21:20:00","21:25:00",28,"Meal ",36,4.8,5,"motorcycle ",0,"No ","Urban ","Fog","Jam ",0
"5/03/2022","10:15:00","10:30:00",16,"Meal ",36,4.8,9,"motorcycle ",1,"No ","Metropolitian ","Sunny","Low ",0
"4/04/2022","17:45:00","17:55:00",20,"Meal ",20,4.9,18,"motorcycle ",0,"No ","Metropolitian ","Sunny","Medium ",0
"14/03/2022","19:40:00","19:45:00",12,"Drinks ",24,4.7,16,"motorcycle ",2,"No ","Urban ","Sunny","Jam ",0
"5/04/2022","20:45:00","21:00:00",28,"Meal ",38,4.7,21,"scooter ",1,"No ","Metropolitian ","Sandstorms","Jam ",1
"24/03/2022","10:50:00","10:55:00",25,"Buffet ",32,4.2,14,"motorcycle ",0,"No ","Metropolitian ","Sandstorms","Low ",1
"2/04/2022","18:45:00","18:50:00",29,"Drinks ",32,4.7,3,"scooter ",2,"No ","Metropolitian ","Windy","Medium ",1
"10/03/2022","21:30:00","21:35:00",42,"Drinks ",23,4.9,18,"scooter ",1,"Yes ","Metropolitian ","Fog","Jam ",1
"16/03/2022","21:10:00","21:25:00",19,"Meal ",38,4.7,23,"scooter ",1,"No ","Metropolitian ","Sunny","Jam ",0
"1/03/2022","17:35:00","17:50:00",26,"Buffet ",20,5,23,"motorcycle ",0,"No ","Metropolitian ","Fog","Medium ",0
"3/04/2022","10:45:00","10:55:00",16,"Meal ",25,4.8,23,"motorcycle ",0,"No ","Metropolitian ","Fog","Low ",1
"15/02/2022","10:10:00","10:20:00",26,"Drinks ",39,4.8,7,"motorcycle ",0,"No ","Metropolitian ","Sunny","Low ",1
"13/03/2022","10:45:00","10:50:00",17,"Meal ",23,5,22,"motorcycle ",1,"No ","Urban ","Stormy","Low ",1
"1/03/2022","20:20:00","20:30:00",21,"Meal ",37,4.8,18,"motorcycle ",0,"No ","Metropolitian ","Sunny","Jam ",1
"18/03/2022","19:35:00","19:45:00",27,"Drinks ",24,4.6,8,"motorcycle ",0,"No ","Metropolitian ","Sandstorms","Jam ",1
"10/03/2022","18:30:00","18:45:00",38,"Buffet ",37,4.1,1,"motorcycle ",0,"No ","Metropolitian ","Sunny","Medium ",2
"15/03/2022","20:55:00","21:10:00",35,"Snack ",20,5,23,"motorcycle ",0,"No ","Metropolitian ","Stormy","Jam ",1
"3/03/2022","10:30:00","10:40:00",24,"Meal ",32,4.7,16,"scooter ",2,"No ","Metropolitian ","Sandstorms","Low ",0
"25/03/2022","21:35:00","21:40:00",39,"Snack ",39,4.1,2,"electric_scooter ",2,"No ","Metropolitian ","Stormy","Jam ",1
"1/03/2022","17:10:00","17:25:00",17,"Snack ",25,4.8,9,"motorcycle ",1,"No ","Metropolitian ","Fog","Medium ",1
"2/04/2022","20:00:00","20:15:00",33,"Snack ",36,4.5,11,"motorcycle ",1,"No ","Metropolitian ","Sunny","Jam ",1
"11/03/2022","17:40:00","17:55:00",26,"Buffet ",22,4.8,13,"electric_scooter ",2,"No ","Metropolitian ","Windy","Medium ",1
"18/03/2022","18:55:00","19:10:00",43,"Snack ",23,4.8,17,"motorcycle ",0,"No ","Metropolitian ","Fog","Medium ",1
"5/03/2022","14:50:00","15:05:00",23,"Buffet ",36,4.6,17,"scooter ",2,"No ","Metropolitian ","Sunny","High ",1
"13/03/2022","12:25:00","12:40:00",32,"Snack ",21,4.3,14,"scooter ",2,"No ","Metropolitian ","Fog","High ",1
"14/02/2022","21:15:00","21:20:00",35,"Snack ",29,4.1,14,"motorcycle ",2,"No ","Metropolitian ","Fog","Jam ",1
"2/03/2022","23:10:00","23:15:00",15,"Buffet ",33,4.8,22,"electric_scooter ",2,"No ","Urban ","Stormy","Low ",0
"11/02/2022","11:50:00","11:55:00",26,"Meal ",33,4.6,2,"scooter ",1,"No ","Metropolitian ","Stormy","High ",1
"1/03/2022","18:35:00","18:45:00",16,"Drinks ",22,4.7,22,"motorcycle ",0,"No ","Metropolitian ","Windy","Medium ",0
"13/03/2022","15:10:00","15:15:00",15,"Meal ",25,4.9,22,"scooter ",2,"No ","Metropolitian ","Cloudy","Medium ",0
"3/04/2022","17:25:00","17:30:00",25,"Meal ",37,5,18,"motorcycle ",0,"No ","Metropolitian ","Cloudy","Medium ",0
"26/03/2022","21:30:00","21:35:00",34,"Meal ",35,5,11,"motorcycle ",1,"No ","Metropolitian ","Sandstorms","Jam ",0
"4/04/2022","23:25:00","23:35:00",29,"Meal ",33,4.9,2,"scooter ",1,"No ","Metropolitian ","Cloudy","Low ",1
"13/02/2022","19:20:00","19:30:00",23,"Meal ",27,4.6,15,"motorcycle ",1,"No ","Urban ","Stormy","Jam ",1
"12/02/2022","23:25:00","23:30:00",30,"Buffet ",30,5,2,"scooter ",2,"No ","Metropolitian ","Fog","Low ",0
"19/03/2022","10:45:00","10:55:00",17,"Meal ",20,4.7,15,"electric_scooter ",2,"No ","Urban ","Windy","Low ",1
"23/03/2022","21:50:00","22:00:00",18,"Drinks ",24,4.7,19,"scooter ",1,"No ","Urban ","Windy","Jam ",1
"13/02/2022","21:40:00","21:55:00",25,"Snack ",37,4.7,7,"motorcycle ",0,"No ","Metropolitian ","Stormy","Jam ",1
"29/03/2022","22:50:00","23:05:00",21,"Snack ",29,4.9,1,"motorcycle ",0,"No ","Urban ","Cloudy","Low ",0
"5/04/2022","14:10:00","14:25:00",17,"Meal ",29,4.5,17,"electric_scooter ",2,"No ","Urban ","Stormy","High ",1
"5/03/2022","20:40:00","20:50:00",16,"Meal ",31,4.9,17,"electric_scooter ",2,"No ","Metropolitian ","Sunny","Jam ",0
"1/04/2022","10:40:00","10:50:00",16,"Buffet ",22,4.9,18,"scooter ",2,"No ","Urban ","Stormy","Low ",0
"31/03/2022","21:10:00","21:25:00",25,"Buffet ",27,4.5,1,"motorcycle ",2,"No ","Urban ","Sandstorms","Jam ",1
"3/04/2022","10:45:00","10:50:00",19,"Meal ",37,4.8,23,"scooter ",1,"No ","Urban ","Sunny","Low ",0
"23/03/2022","18:45:00","19:00:00",49,"Snack ",39,4.8,21,"motorcycle ",0,"No ","Urban ","Stormy","Medium ",3
"24/03/2022","14:15:00","14:25:00",53,"Drinks ",20,3.9,7,"motorcycle ",0,"Yes ","Metropolitian ","Sunny","High ",1
"15/03/2022","9:00:00","9:05:00",10,"Snack ",25,4.8,23,"scooter ",2,"No ","Metropolitian ","Sandstorms","Low ",0
"31/03/2022","18:40:00","18:55:00",33,"Meal ",38,4.6,2,"motorcycle ",2,"No ","Urban ","Cloudy","Medium ",2
"3/03/2022","18:55:00","19:05:00",18,"Buffet ",34,4.8,22,"motorcycle ",1,"No ","Metropolitian ","Sunny","Medium ",1
"6/04/2022","19:00:00","19:15:00",23,"Drinks ",38,4.9,19,"scooter ",2,"No ","Metropolitian ","Sunny","Medium ",1
"16/02/2022","21:35:00","21:40:00",25,"Buffet ",38,4.8,4,"motorcycle ",2,"No ","Metropolitian ","Sandstorms","Jam ",0
"18/02/2022","20:30:00","20:45:00",37,"Meal ",32,4.3,6,"electric_scooter ",2,"No ","Metropolitian ","Fog","Jam ",1
"20/03/2022","18:25:00","18:30:00",25,"Snack ",28,5,18,"motorcycle ",1,"No ","Metropolitian ","Sandstorms","Medium ",0
"30/03/2022","21:35:00","21:45:00",25,"Snack ",23,5,12,"scooter ",2,"No ","Metropolitian ","Cloudy","Jam ",1
"17/03/2022","13:30:00","13:40:00",17,"Buffet ",37,4.5,7,"scooter ",1,"No ","Metropolitian ","Sunny","High ",0
"8/03/2022","17:55:00","18:10:00",37,"Meal ",37,4.4,3,"electric_scooter ",2,"No ","Urban ","Stormy","Medium ",2
"4/03/2022","19:15:00","19:30:00",32,"Meal ",28,4.1,11,"scooter ",2,"No ","Metropolitian ","Sandstorms","Jam ",0
"31/03/2022","23:25:00","23:40:00",27,"Drinks ",31,5,18,"motorcycle ",1,"No ","Metropolitian ","Windy","Low ",1
"18/02/2022","19:10:00","19:15:00",41,"Drinks ",33,4.3,6,"electric_scooter ",2,"No ","Metropolitian ","Stormy","Jam ",0
"6/03/2022","19:20:00","19:35:00",36,"Snack ",28,4.7,12,"motorcycle ",1,"No ","Metropolitian ","Sunny","Jam ",1
"26/03/2022","23:40:00","23:50:00",17,"Meal ",23,4.7,13,"motorcycle ",2,"No ","Metropolitian ","Sandstorms","Low ",1
"4/04/2022","17:15:00","17:25:00",31,"Snack ",23,4.9,4,"motorcycle ",0,"No ","Metropolitian ","Fog","Medium ",1
"3/04/2022","22:35:00","22:45:00",28,"Meal ",34,4.9,23,"scooter ",2,"No ","Metropolitian ","Sandstorms","Low ",0
"4/03/2022","20:20:00","20:30:00",33,"Meal ",35,3.9,1,"motorcycle ",1,"No ","Metropolitian ","Sunny","Jam ",1
"21/03/2022","11:20:00","11:30:00",39,"Buffet ",37,4.3,3,"electric_scooter ",2,"No ","Metropolitian ","Fog","High ",1
"4/04/2022","22:45:00","23:00:00",14,"Meal ",29,4.8,22,"scooter ",1,"No ","Urban ","Windy","Low ",0
"25/03/2022","22:00:00","22:05:00",20,"Buffet ",21,4.8,22,"motorcycle ",0,"No ","Metropolitian ","Sunny","Jam ",1
"6/04/2022","23:10:00","23:15:00",37,"Drinks ",33,4.2,3,"motorcycle ",0,"No ","Metropolitian ","Cloudy","Low ",1
"21/03/2022","18:45:00","18:55:00",18,"Snack ",37,4.7,21,"motorcycle ",1,"No ","Urban ","Sunny","Medium ",0
"17/03/2022","12:50:00","12:55:00",17,"Meal ",29,4.6,4,"motorcycle ",2,"No ","Metropolitian ","Sandstorms","High ",0
"11/03/2022","20:35:00","20:50:00",19,"Drinks ",31,4.7,23,"motorcycle ",1,"No ","Urban ","Sunny","Jam ",0
"24/03/2022","15:15:00","15:30:00",18,"Buffet ",39,4.6,23,"electric_scooter ",2,"No ","Metropolitian ","Cloudy","Medium ",0
"16/03/2022","0:00:00","0:10:00",20,"Buffet ",25,4.9,17,"electric_scooter ",2,"No ","Urban ","Cloudy","Low ",0
"11/03/2022","20:30:00","20:40:00",24,"Buffet ",23,4.7,17,"motorcycle ",2,"No ","Urban ","Fog","Jam ",1
"31/03/2022","19:35:00","19:50:00",47,"Meal ",39,5,18,"scooter ",2,"Yes ","Semi-Urban ","Cloudy","Jam ",1
"12/02/2022","20:25:00","20:35:00",36,"Snack ",35,4.4,5,"electric_scooter ",2,"No ","Metropolitian ","Stormy","Jam ",1
"6/04/2022","20:25:00","20:40:00",29,"Buffet ",31,4.5,22,"motorcycle ",0,"No ","Urban ","Sunny","Jam ",0
"12/03/2022","19:30:00","19:40:00",24,"Drinks ",29,4.9,15,"electric_scooter ",2,"No ","Urban ","Sunny","Jam ",1
"28/03/2022","11:40:00","11:45:00",20,"Snack ",33,4.7,21,"motorcycle ",0,"No ","Urban ","Sunny","High ",1
"4/04/2022","20:15:00","20:30:00",37,"Buffet ",20,4.6,13,"motorcycle ",0,"No ","Metropolitian ","Cloudy","Jam ",1
"13/03/2022","20:40:00","20:45:00",29,"Buffet ",37,4.9,19,"scooter ",2,"No ","Metropolitian ","Cloudy","Jam ",1
"27/03/2022","19:30:00","19:35:00",38,"Buffet ",20,4.7,4,"motorcycle ",0,"No ","Metropolitian ","Sandstorms","Jam ",1
"15/03/2022","22:40:00","22:45:00",15,"Buffet ",38,4.8,18,"motorcycle ",1,"No ","Urban ","Sunny","Low ",1
"29/03/2022","18:00:00","18:15:00",36,"Snack ",23,4.7,11,"scooter ",1,"No ","Metropolitian ","Fog","Medium ",0
"29/03/2022","18:25:00","18:35:00",15,"Drinks ",28,4.8,19,"scooter ",2,"No ","Metropolitian ","Sunny","Medium ",1
"7/03/2022","11:20:00","11:25:00",32,"Drinks ",30,5,23,"scooter ",2,"No ","Metropolitian ","Stormy","High ",1
"19/03/2022","14:00:00","14:05:00",11,"Meal ",24,4.9,16,"motorcycle ",1,"No ","Metropolitian ","Sunny","High ",0
"20/03/2022","21:50:00","22:05:00",25,"Snack ",21,5,9,"motorcycle ",2,"No ","Metropolitian ","Stormy","Jam ",0
"15/02/2022","16:35:00","16:50:00",25,"Meal ",22,4.5,9,"motorcycle ",0,"No ","Metropolitian ","Stormy","Medium ",0
"3/03/2022","17:15:00","17:30:00",33,"Drinks ",35,4.9,9,"scooter ",2,"No ","Metropolitian ","Sandstorms","Medium ",1
"17/02/2022","16:20:00","16:25:00",10,"Buffet ",27,4.5,9,"motorcycle ",0,"No ","Metropolitian ","Sandstorms","Medium ",0
"4/03/2022","18:10:00","18:15:00",30,"Snack ",29,4.8,19,"motorcycle ",0,"No ","Metropolitian ","Stormy","Medium ",0
"9/03/2022","21:10:00","21:15:00",27,"Buffet ",30,4.8,15,"scooter ",2,"No ","Metropolitian ","Cloudy","Jam ",1
"30/03/2022","10:20:00","10:25:00",31,"Buffet ",33,4.2,5,"motorcycle ",0,"No ","Metropolitian ","Windy","Low ",1
"18/02/2022","19:50:00","19:55:00",29,"Snack ",38,4.8,6,"motorcycle ",2,"No ","Metropolitian ","Stormy","Jam ",0
"29/03/2022","0:00:00","0:10:00",35,"Drinks ",33,3.9,3,"motorcycle ",1,"No ","Metropolitian ","Cloudy","Low ",1
"6/03/2022","20:20:00","20:25:00",29,"Meal ",23,4.8,16,"motorcycle ",1,"No ","Urban ","Stormy","Jam ",1
"18/03/2022","18:50:00","18:55:00",13,"Meal ",27,4.7,3,"motorcycle ",1,"No ","Metropolitian ","Sunny","Medium ",0
"3/04/2022","19:00:00","19:15:00",16,"Snack ",23,5,22,"motorcycle ",1,"No ","Metropolitian ","Fog","Medium ",1
"24/03/2022","10:25:00","10:30:00",19,"Drinks ",28,4.6,21,"scooter ",1,"No ","Metropolitian ","Fog","Low ",1
"2/04/2022","22:25:00","22:35:00",41,"Drinks ",33,4.7,3,"motorcycle ",0,"No ","Metropolitian ","Fog","Low ",0
"4/03/2022","20:50:00","21:00:00",30,"Buffet ",38,4.6,12,"electric_scooter ",2,"No ","Metropolitian ","Sunny","Jam ",1
"23/03/2022","21:10:00","21:20:00",20,"Meal ",25,5,17,"scooter ",2,"No ","Metropolitian ","Sunny","Jam ",1
"12/03/2022","23:10:00","23:15:00",15,"Drinks ",29,4.9,23,"scooter ",2,"No ","Metropolitian ","Stormy","Low ",1
"5/04/2022","8:40:00","8:55:00",32,"Snack ",36,4.1,6,"motorcycle ",0,"No ","Metropolitian ","Stormy","Low ",1
"9/03/2022","10:40:00","10:45:00",16,"Buffet ",26,4.6,15,"scooter ",1,"No ","Urban ","Cloudy","Low ",0
"7/03/2022","18:15:00","18:25:00",16,"Drinks ",34,4.7,23,"motorcycle ",1,"No ","Urban ","Stormy","Medium ",1
"3/04/2022","12:20:00","12:35:00",15,"Snack ",30,4.8,23,"scooter ",1,"No ","Metropolitian ","Sunny","High ",1
"3/03/2022","23:20:00","23:30:00",14,"Snack ",27,4.6,17,"scooter ",1,"No ","Metropolitian ","Stormy","Low ",0
"17/02/2022","22:50:00","23:05:00",24,"Meal ",38,4.8,16,"motorcycle ",0,"No ","Urban ","Cloudy","Low ",1
"11/03/2022","12:50:00","12:55:00",26,"Drinks ",22,4.6,17,"motorcycle ",0,"No ","Metropolitian ","Fog","High ",1
"6/04/2022","22:15:00","22:20:00",23,"Snack ",37,5,19,"motorcycle ",0,"No ","Urban ","Sandstorms","Low ",1
"9/03/2022","8:35:00","8:50:00",14,"Drinks ",26,5,12,"scooter ",2,"No ","Metropolitian ","Windy","Low ",1
"30/03/2022","16:50:00","16:55:00",18,"Meal ",21,4.9,14,"motorcycle ",0,"No ","Metropolitian ","Sunny","Medium ",1
"16/02/2022","19:15:00","19:20:00",37,"Meal ",31,4,10,"motorcycle ",0,"No ","Metropolitian ","Windy","Jam ",1
"6/04/2022","23:40:00","23:50:00",29,"Drinks ",37,4.9,18,"motorcycle ",1,"No ","Urban ","Fog","Low ",1
"23/03/2022","17:55:00","18:05:00",37,"Drinks ",32,4.1,3,"motorcycle ",0,"No ","Metropolitian ","Sunny","Medium ",1
"18/02/2022","23:50:00","23:55:00",14,"Buffet ",21,4.8,4,"motorcycle ",2,"No ","Metropolitian ","Windy","Low ",0
"18/03/2022","20:00:00","20:10:00",29,"Drinks ",23,4.7,2,"motorcycle ",1,"No ","Metropolitian ","Windy","Jam ",1
"7/03/2022","10:50:00","11:05:00",19,"Drinks ",39,4.8,14,"motorcycle ",1,"No ","Metropolitian ","Sunny","Low ",1
"5/03/2022","10:00:00","10:10:00",18,"Meal ",21,4,3,"motorcycle ",0,"No ","Metropolitian ","Sandstorms","Low ",0
"24/03/2022","21:15:00","21:30:00",20,"Drinks ",24,5,18,"motorcycle ",1,"No ","Urban ","Windy","Jam ",1
"4/04/2022","23:20:00","23:35:00",24,"Drinks ",21,4.6,19,"motorcycle ",0,"No ","Metropolitian ","Fog","Low ",1
"6/03/2022","20:10:00","20:15:00",43,"Buffet ",35,4.2,6,"motorcycle ",0,"No ","Metropolitian ","Stormy","Jam ",1
"14/02/2022","23:50:00","0:05:00",27,"Buffet ",35,4.7,9,"scooter ",2,"No ","Metropolitian ","Fog","Low ",1
"13/02/2022","23:35:00","23:45:00",23,"Snack ",20,4.9,7,"motorcycle ",0,"No ","Metropolitian ","Fog","Low ",1
"14/03/2022","23:10:00","23:20:00",28,"Meal ",34,4.8,23,"motorcycle ",2,"No ","Metropolitian ","Fog","Low ",0
"3/04/2022","10:10:00","10:25:00",21,"Buffet ",36,4.7,22,"scooter ",1,"No ","Metropolitian ","Windy","Low ",0
"3/03/2022","15:25:00","15:40:00",25,"Snack ",33,4.7,22,"motorcycle ",0,"No ","Metropolitian ","Sunny","Medium ",0
"2/03/2022","19:15:00","19:25:00",31,"Drinks ",26,4.6,23,"scooter ",2,"No ","Metropolitian ","Stormy","Jam ",1
"21/03/2022","22:40:00","22:45:00",19,"Buffet ",36,4.9,18,"motorcycle ",2,"No ","Urban ","Sunny","Low ",1
"30/03/2022","22:45:00","22:55:00",15,"Snack ",22,4.5,21,"motorcycle ",0,"No ","Metropolitian ","Sunny","Low ",1
"15/03/2022","20:55:00","21:00:00",30,"Snack ",27,4.5,15,"scooter ",2,"No ","Metropolitian ","Fog","Jam ",1
"1/04/2022","21:20:00","21:35:00",26,"Drinks ",30,4.6,9,"motorcycle ",0,"No ","Metropolitian ","Cloudy","Jam ",0
"6/03/2022","19:10:00","19:25:00",21,"Meal ",31,4.8,18,"scooter ",1,"No ","Metropolitian ","Sunny","Jam ",1
"18/02/2022","17:55:00","18:10:00",40,"Meal ",38,4.8,3,"motorcycle ",0,"No ","Metropolitian ","Stormy","Medium ",0
"13/03/2022","19:25:00","19:30:00",41,"Drinks ",23,3.8,1,"motorcycle ",0,"Yes ","Metropolitian ","Sunny","Jam ",2
"24/03/2022","23:55:00","0:10:00",16,"Drinks ",26,4.5,9,"scooter ",2,"No ","Metropolitian ","Sandstorms","Low ",1
"27/03/2022","17:15:00","17:30:00",21,"Snack ",34,4.5,15,"motorcycle ",1,"No ","Metropolitian ","Sunny","Medium ",0
"12/03/2022","18:30:00","18:35:00",39,"Drinks ",30,4.8,16,"motorcycle ",0,"No ","Metropolitian ","Fog","Medium ",1
"29/03/2022","21:40:00","21:45:00",36,"Meal ",23,4.8,18,"motorcycle ",1,"No ","Urban ","Cloudy","Jam ",2
"15/03/2022","10:00:00","10:05:00",34,"Drinks ",35,4.3,18,"motorcycle ",0,"No ","Metropolitian ","Stormy","Low ",1
"19/03/2022","11:40:00","11:55:00",43,"Meal ",34,4.6,3,"motorcycle ",0,"No ","Metropolitian ","Windy","High ",0
"4/03/2022","21:55:00","22:10:00",29,"Drinks ",32,4.7,21,"motorcycle ",1,"No ","Metropolitian ","Sunny","Jam ",1
"1/04/2022","10:20:00","10:30:00",24,"Meal ",33,4.7,18,"motorcycle ",1,"No ","Metropolitian ","Windy","Low ",1
"18/03/2022","21:55:00","22:00:00",35,"Snack ",30,4.1,12,"motorcycle ",1,"No ","Metropolitian ","Windy","Jam ",1
"23/03/2022","18:00:00","18:05:00",28,"Snack ",28,4.7,16,"motorcycle ",0,"No ","Metropolitian ","Sandstorms","Medium ",1
"11/03/2022","21:35:00","21:50:00",19,"Meal ",25,4.6,14,"scooter ",2,"No ","Metropolitian ","Sunny","Jam ",0
"4/03/2022","23:20:00","23:25:00",15,"Drinks ",22,4.7,12,"motorcycle ",0,"No ","Metropolitian ","Stormy","Low ",0
"11/02/2022","21:45:00","21:50:00",29,"Meal ",37,4.7,2,"scooter ",2,"No ","Metropolitian ","Stormy","Jam ",1
"1/03/2022","11:10:00","11:15:00",23,"Meal ",21,4.7,18,"motorcycle ",0,"No ","Metropolitian ","Fog","High ",0
"5/03/2022","21:35:00","21:50:00",29,"Buffet ",29,4.5,22,"electric_scooter ",2,"No ","Metropolitian ","Windy","Jam ",1
"12/03/2022","19:30:00","19:40:00",31,"Drinks ",24,4.4,14,"motorcycle ",0,"No ","Metropolitian ","Windy","Jam ",1
"12/02/2022","22:20:00","22:25:00",22,"Buffet ",34,4.5,5,"motorcycle ",0,"No ","Metropolitian ","Sandstorms","Low ",0
"15/03/2022","23:20:00","23:30:00",23,"Drinks ",27,4.3,16,"motorcycle ",0,"No ","Metropolitian ","Sandstorms","Low ",1
"17/03/2022","10:30:00","10:40:00",26,"Meal ",35,4.9,15,"motorcycle ",0,"No ","Metropolitian ","Fog","Low ",1
"5/03/2022","12:30:00","12:45:00",43,"Snack ",29,4.1,6,"motorcycle ",0,"No ","Metropolitian ","Stormy","High ",2
"8/03/2022","20:15:00","20:20:00",25,"Buffet ",25,4.6,9,"motorcycle ",1,"No ","Metropolitian ","Stormy","Jam ",1
"21/03/2022","22:25:00","22:40:00",22,"Drinks ",29,4.7,14,"scooter ",2,"No ","Metropolitian ","Sunny","Low ",0
"27/03/2022","21:40:00","21:50:00",33,"Drinks ",36,3.5,7,"scooter ",1,"No ","Metropolitian ","Windy","Jam ",1
"27/03/2022","23:40:00","23:50:00",22,"Snack ",25,4.6,14,"electric_scooter ",2,"No ","Metropolitian ","Fog","Low ",1
"24/03/2022","9:30:00","9:35:00",18,"Buffet ",27,4.6,23,"motorcycle ",0,"No ","Metropolitian ","Fog","Low ",1
"5/04/2022","22:35:00","22:50:00",17,"Drinks ",26,4.9,23,"electric_scooter ",2,"No ","Metropolitian ","Sandstorms","Low ",0
"16/03/2022","18:50:00","19:00:00",20,"Drinks ",31,4.5,17,"scooter ",1,"No ","Metropolitian ","Sunny","Medium ",0
"14/02/2022","20:00:00","20:10:00",52,"Meal ",36,4.9,6,"motorcycle ",0,"No ","Metropolitian ","Windy","Jam ",3
"1/04/2022","9:30:00","9:35:00",16,"Snack ",21,4.9,21,"scooter ",1,"No ","Metropolitian ","Sunny","Low ",1
"28/03/2022","23:00:00","23:15:00",22,"Buffet ",34,4.8,19,"motorcycle ",1,"No ","Urban ","Stormy","Low ",1
"12/03/2022","23:30:00","23:40:00",30,"Drinks ",33,4.8,16,"scooter ",1,"No ","Metropolitian ","Cloudy","Low ",1
"14/02/2022","17:35:00","17:45:00",34,"Buffet ",36,3.9,1,"scooter ",1,"No ","Urban ","Stormy","Medium ",1
"19/03/2022","12:00:00","12:15:00",25,"Meal ",30,4.6,15,"motorcycle ",1,"No ","Urban ","Cloudy","High ",1
"19/03/2022","14:20:00","14:25:00",33,"Drinks ",38,4,1,"scooter ",2,"No ","Urban ","Cloudy","High ",1
"6/03/2022","17:15:00","17:30:00",32,"Buffet ",34,4.1,13,"electric_scooter ",2,"No ","Metropolitian ","Sandstorms","Medium ",1
"5/04/2022","10:35:00","10:50:00",17,"Meal ",25,5,18,"motorcycle ",0,"No ","Urban ","Sunny","Low ",0
"15/03/2022","22:50:00","23:05:00",26,"Snack ",33,4.9,22,"motorcycle ",1,"No ","Metropolitian ","Windy","Low ",1
"23/03/2022","21:25:00","21:30:00",31,"Meal ",23,4.3,13,"motorcycle ",0,"No ","Metropolitian ","Stormy","Jam ",1
"1/04/2022","18:55:00","19:00:00",29,"Drinks ",36,4.7,9,"scooter ",1,"No ","Metropolitian ","Windy","Medium ",0
"26/03/2022","19:00:00","19:15:00",15,"Buffet ",25,4.9,14,"motorcycle ",1,"No ","Metropolitian ","Cloudy","Medium ",0
"8/03/2022","23:55:00","0:10:00",26,"Snack ",32,4.6,13,"scooter ",2,"No ","Metropolitian ","Cloudy","Low ",0
"30/03/2022","18:35:00","18:40:00",21,"Snack ",36,4.8,19,"scooter ",2,"No ","Metropolitian ","Sunny","Medium ",0
"16/02/2022","17:15:00","17:30:00",24,"Buffet ",31,4.6,6,"motorcycle ",2,"No ","Metropolitian ","Stormy","Medium ",0
"1/04/2022","9:20:00","9:35:00",24,"Drinks ",39,4.7,9,"scooter ",2,"No ","Metropolitian ","Windy","Low ",0
"12/03/2022","17:25:00","17:30:00",29,"Drinks ",36,5,16,"motorcycle ",0,"No ","Metropolitian ","Sunny","Medium ",0
"3/04/2022","21:55:00","22:05:00",22,"Buffet ",27,4.7,18,"motorcycle ",1,"No ","Urban ","Windy","Jam ",1
"12/03/2022","19:25:00","19:40:00",33,"Snack ",32,3.7,2,"motorcycle ",1,"No ","Metropolitian ","Sandstorms","Jam ",1
"24/03/2022","14:50:00","15:00:00",29,"Meal ",32,4.8,4,"motorcycle ",1,"No ","Metropolitian ","Windy","High ",1
"6/03/2022","21:35:00","21:40:00",23,"Meal ",24,4.9,17,"scooter ",1,"No ","Metropolitian ","Stormy","Jam ",0
"16/02/2022","22:15:00","22:25:00",29,"Meal ",31,4.9,9,"motorcycle ",0,"No ","Metropolitian ","Sunny","Low ",0
"16/03/2022","22:20:00","22:35:00",17,"Snack ",30,4.8,17,"scooter ",2,"No ","Urban ","Stormy","Low ",1
"27/03/2022","22:35:00","22:45:00",24,"Snack ",35,4.5,23,"motorcycle ",0,"No ","Metropolitian ","Windy","Low ",1
"19/03/2022","15:20:00","15:35:00",19,"Buffet ",39,5,2,"scooter ",2,"No ","Metropolitian ","Fog","Medium ",1
"4/03/2022","23:00:00","23:05:00",25,"Buffet ",37,4.6,23,"scooter ",1,"No ","Metropolitian ","Sunny","Low ",1
"1/04/2022","19:15:00","19:30:00",31,"Snack ",26,4.3,1,"scooter ",2,"No ","Metropolitian ","Fog","Jam ",0
"20/03/2022","0:00:00","0:15:00",27,"Snack ",36,4.9,23,"scooter ",1,"No ","Metropolitian ","Stormy","Low ",1
"5/04/2022","22:30:00","22:40:00",17,"Buffet ",39,4.6,22,"motorcycle ",2,"No ","Urban ","Fog","Low ",0
"3/03/2022","23:30:00","23:35:00",23,"Snack ",35,4.8,13,"scooter ",2,"No ","Metropolitian ","Stormy","Low ",1
"18/03/2022","22:50:00","23:00:00",23,"Meal ",33,4.5,5,"scooter ",1,"No ","Metropolitian ","Stormy","Low ",0
"10/03/2022","23:25:00","23:30:00",29,"Drinks ",37,4.9,12,"motorcycle ",1,"No ","Metropolitian ","Windy","Low ",1
"26/03/2022","23:40:00","23:50:00",17,"Meal ",23,4.7,13,"motorcycle ",2,"No ","Metropolitian ","Sandstorms","Low ",1
"2/03/2022","23:55:00","0:10:00",26,"Drinks ",27,4.9,19,"scooter ",1,"No ","Metropolitian ","Sunny","Low ",0
"11/02/2022","19:10:00","19:20:00",28,"Meal ",23,4.8,8,"motorcycle ",1,"No ","Metropolitian ","Fog","Jam ",1
"21/03/2022","20:15:00","20:30:00",14,"Snack ",20,4.7,15,"scooter ",2,"No ","Urban ","Sunny","Jam ",0
"11/03/2022","17:35:00","17:50:00",33,"Meal ",36,4.7,15,"scooter ",2,"No ","Metropolitian ","Stormy","Medium ",1
"7/03/2022","21:40:00","21:55:00",30,"Meal ",37,4.8,13,"motorcycle ",1,"No ","Metropolitian ","Sandstorms","Jam ",1
"21/03/2022","8:35:00","8:50:00",24,"Meal ",28,5,21,"scooter ",2,"No ","Metropolitian ","Sunny","Low ",1
"24/03/2022","18:00:00","18:05:00",14,"Snack ",20,4.5,6,"scooter ",1,"No ","Urban ","Sunny","Medium ",0
"7/03/2022","18:35:00","18:40:00",24,"Drinks ",28,4.6,15,"motorcycle ",1,"No ","Metropolitian ","Sandstorms","Medium ",0
"3/04/2022","8:20:00","8:30:00",18,"Buffet ",20,4.7,22,"scooter ",1,"No ","Urban ","Windy","Low ",1
"4/04/2022","21:55:00","22:05:00",27,"Buffet ",36,4.5,4,"scooter ",1,"No ","Metropolitian ","Windy","Jam ",1
"14/03/2022","0:00:00","0:15:00",15,"Meal ",23,5,21,"motorcycle ",1,"No ","Metropolitian ","Sandstorms","Low ",1
"31/03/2022","19:15:00","19:20:00",49,"Drinks ",36,5,13,"motorcycle ",0,"No ","Metropolitian ","Windy","Jam ",1
"28/03/2022","15:50:00","16:00:00",31,"Drinks ",38,4.6,9,"scooter ",2,"No ","Metropolitian ","Sandstorms","Medium ",1
"12/03/2022","20:25:00","20:35:00",40,"Meal ",30,4.6,15,"motorcycle ",0,"No ","Metropolitian ","Fog","Jam ",1
"9/03/2022","11:45:00","11:50:00",27,"Snack ",25,4.8,14,"motorcycle ",0,"No ","Metropolitian ","Sandstorms","High ",1
"26/03/2022","12:15:00","12:25:00",40,"Meal ",36,4.9,7,"motorcycle ",0,"No ","Metropolitian ","Windy","High ",1
"11/03/2022","20:45:00","21:00:00",49,"Buffet ",24,4.1,7,"motorcycle ",0,"No ","Metropolitian ","Sunny","Jam ",2
"9/03/2022","21:35:00","21:45:00",30,"Snack ",31,4.9,17,"motorcycle ",0,"No ","Urban ","Stormy","Jam ",1
"5/03/2022","10:40:00","10:50:00",21,"Drinks ",34,4.8,9,"motorcycle ",2,"No ","Metropolitian ","Stormy","Low ",1
"15/03/2022","8:55:00","9:10:00",15,"Buffet ",25,4.6,23,"scooter ",1,"No ","Urban ","Cloudy","Low ",1
"20/03/2022","23:35:00","23:45:00",22,"Snack ",21,4.9,19,"motorcycle ",0,"No ","Metropolitian ","Sunny","Low ",1
"30/03/2022","23:10:00","23:25:00",24,"Drinks ",20,4.9,14,"motorcycle ",0,"No ","Metropolitian ","Cloudy","Low ",1
"2/04/2022","17:40:00","17:45:00",36,"Snack ",38,4.3,9,"motorcycle ",0,"No ","Metropolitian ","Windy","Medium ",1
"24/03/2022","9:25:00","9:35:00",15,"Snack ",28,4.6,19,"electric_scooter ",2,"No ","Metropolitian ","Sandstorms","Low ",0
"24/03/2022","9:35:00","9:45:00",20,"Snack ",25,4,6,"motorcycle ",0,"No ","Urban ","Windy","Low ",1
"4/03/2022","18:40:00","18:45:00",36,"Snack ",28,4.8,23,"motorcycle ",0,"No ","Metropolitian ","Fog","Medium ",0
"6/04/2022","20:25:00","20:30:00",30,"Meal ",37,4.5,18,"scooter ",1,"No ","Urban ","Stormy","Jam ",0
"3/04/2022","11:10:00","11:25:00",22,"Meal ",39,4.8,23,"motorcycle ",0,"No ","Urban ","Sunny","High ",1
"8/03/2022","19:35:00","19:50:00",36,"Meal ",20,4.9,21,"motorcycle ",0,"No ","Metropolitian ","Fog","Jam ",1
"23/03/2022","22:55:00","23:00:00",39,"Snack ",32,3.8,7,"motorcycle ",1,"No ","Metropolitian ","Fog","Low ",2
"13/02/2022","9:40:00","9:45:00",22,"Snack ",35,4.5,6,"motorcycle ",1,"No ","Urban ","Windy","Low ",0
"20/03/2022","22:30:00","22:45:00",27,"Snack ",34,4.6,12,"motorcycle ",1,"No ","Metropolitian ","Stormy","Low ",1
"10/03/2022","20:55:00","21:00:00",46,"Meal ",33,4.7,16,"motorcycle ",0,"No ","Metropolitian ","Cloudy","Jam ",2
"6/04/2022","18:30:00","18:40:00",27,"Meal ",22,4.7,21,"motorcycle ",2,"No ","Urban ","Windy","Medium ",0
"12/03/2022","21:10:00","21:15:00",27,"Meal ",28,4.8,16,"motorcycle ",0,"No ","Metropolitian ","Sandstorms","Jam ",1
"26/03/2022","9:30:00","9:35:00",15,"Meal ",24,4.5,13,"motorcycle ",0,"No ","Metropolitian ","Windy","Low ",0
"25/03/2022","23:10:00","23:15:00",24,"Buffet ",26,4.7,22,"motorcycle ",0,"No ","Metropolitian ","Cloudy","Low ",1
"12/03/2022","17:55:00","18:00:00",29,"Buffet ",25,4.6,14,"motorcycle ",1,"No ","Metropolitian ","Cloudy","Medium ",0
"1/03/2022","20:20:00","20:25:00",28,"Snack ",37,4.8,18,"motorcycle ",0,"No ","Urban ","Cloudy","Jam ",1
"28/03/2022","15:50:00","16:00:00",13,"Snack ",21,4.5,12,"scooter ",2,"No ","Metropolitian ","Cloudy","Medium ",0
"9/03/2022","9:30:00","9:45:00",15,"Snack ",33,4.8,22,"scooter ",2,"No ","Metropolitian ","Sunny","Low ",1
"6/04/2022","20:25:00","20:35:00",37,"Drinks ",27,4,4,"scooter ",1,"No ","Metropolitian ","Fog","Jam ",2
"9/03/2022","17:10:00","17:15:00",28,"Snack ",25,5,18,"scooter ",2,"No ","Metropolitian ","Sandstorms","Medium ",1
"30/03/2022","11:10:00","11:25:00",21,"Snack ",24,4.7,5,"scooter ",1,"No ","Urban ","Fog","High ",1
"19/03/2022","8:55:00","9:05:00",15,"Drinks ",20,4.9,18,"motorcycle ",1,"No ","Urban ","Cloudy","Low ",0
"6/04/2022","18:25:00","18:30:00",22,"Buffet ",35,4.9,23,"electric_scooter ",2,"No ","Urban ","Sandstorms","Medium ",0
"3/03/2022","8:50:00","9:00:00",30,"Buffet ",30,4.4,15,"motorcycle ",0,"No ","Metropolitian ","Sandstorms","Low ",1
"30/03/2022","16:35:00","16:45:00",12,"Meal ",26,4.7,1,"scooter ",2,"No ","Urban ","Fog","Medium ",1
"26/03/2022","8:35:00","8:50:00",18,"Drinks ",29,4.9,16,"motorcycle ",1,"No ","Metropolitian ","Fog","Low ",1
"18/03/2022","23:40:00","23:45:00",37,"Meal ",34,3.6,13,"electric_scooter ",2,"No ","Metropolitian ","Fog","Low ",1
"26/03/2022","12:20:00","12:30:00",13,"Meal ",28,5,16,"scooter ",2,"No ","Metropolitian ","Sunny","High ",0
"20/03/2022","23:00:00","23:10:00",24,"Snack ",26,4.8,23,"motorcycle ",0,"No ","Metropolitian ","Cloudy","Low ",1
"24/03/2022","9:00:00","9:15:00",23,"Drinks ",34,4.5,16,"scooter ",2,"No ","Metropolitian ","Windy","Low ",0
"28/03/2022","17:45:00","18:00:00",33,"Drinks ",31,4.6,19,"scooter ",2,"No ","Urban ","Stormy","Medium ",1
"21/03/2022","12:15:00","12:20:00",23,"Snack ",25,4.7,22,"motorcycle ",1,"No ","Metropolitian ","Cloudy","High ",0
"11/03/2022","15:55:00","16:00:00",25,"Drinks ",37,5,19,"motorcycle ",0,"No ","Urban ","Stormy","Medium ",1
"4/04/2022","22:00:00","22:05:00",16,"Meal ",29,4.8,23,"electric_scooter ",2,"No ","Metropolitian ","Sunny","Jam ",1
"10/03/2022","21:45:00","22:00:00",51,"Buffet ",39,5,17,"motorcycle ",0,"Yes ","Urban ","Cloudy","Jam ",2
"27/03/2022","19:55:00","20:05:00",18,"Snack ",29,4.5,14,"motorcycle ",1,"No ","Metropolitian ","Sandstorms","Jam ",0
"25/03/2022","18:30:00","18:40:00",15,"Snack ",21,4.8,23,"motorcycle ",1,"No ","Urban ","Sandstorms","Medium ",1
"11/02/2022","20:30:00","20:45:00",27,"Drinks ",37,4.9,8,"scooter ",1,"No ","Metropolitian ","Sandstorms","Jam ",0
"4/03/2022","23:40:00","23:45:00",15,"Buffet ",23,4.9,15,"motorcycle ",0,"No ","Metropolitian ","Windy","Low ",0
"1/03/2022","13:00:00","13:15:00",15,"Snack ",22,4.8,13,"scooter ",1,"No ","Metropolitian ","Stormy","High ",1
"5/03/2022","17:00:00","17:05:00",31,"Meal ",34,4,11,"motorcycle ",1,"No ","Metropolitian ","Sunny","Medium ",1
"18/03/2022","20:35:00","20:50:00",44,"Buffet ",20,4.6,18,"motorcycle ",0,"Yes ","Metropolitian ","Fog","Jam ",0
"30/03/2022","9:20:00","9:35:00",19,"Buffet ",32,4.9,17,"motorcycle ",1,"No ","Metropolitian ","Fog","Low ",0
"7/03/2022","9:55:00","10:10:00",19,"Drinks ",27,4.8,21,"scooter ",1,"No ","Metropolitian ","Stormy","Low ",0
"15/02/2022","22:40:00","22:55:00",22,"Drinks ",39,4.8,9,"motorcycle ",2,"No ","Metropolitian ","Sandstorms","Low ",1
"7/03/2022","8:15:00","8:20:00",19,"Snack ",25,4.8,22,"scooter ",1,"No ","Urban ","Sandstorms","Low ",1
"5/03/2022","21:45:00","21:55:00",29,"Meal ",29,4.8,17,"motorcycle ",0,"No ","Urban ","Sandstorms","Jam ",1
"1/04/2022","16:35:00","16:50:00",25,"Meal ",22,5,22,"scooter ",2,"No ","Urban ","Sandstorms","Medium ",0
"30/03/2022","9:20:00","9:25:00",20,"Meal ",29,4.5,16,"motorcycle ",0,"No ","Metropolitian ","Cloudy","Low ",1
"18/03/2022","23:15:00","23:30:00",22,"Drinks ",38,4.9,4,"motorcycle ",2,"No ","Metropolitian ","Stormy","Low ",1
"1/03/2022","16:40:00","16:55:00",20,"Buffet ",21,5,23,"scooter ",2,"No ","Metropolitian ","Windy","Medium ",1
"31/03/2022","19:10:00","19:25:00",29,"Meal ",27,4.7,3,"motorcycle ",0,"No ","Metropolitian ","Windy","Jam ",1
"2/04/2022","17:50:00","18:05:00",29,"Drinks ",20,4.9,13,"motorcycle ",2,"No ","Metropolitian ","Sandstorms","Medium ",1
"1/04/2022","18:30:00","18:40:00",18,"Drinks ",24,4.8,22,"motorcycle ",0,"No ","Urban ","Windy","Medium ",0
"11/03/2022","10:20:00","10:25:00",17,"Buffet ",21,4.8,18,"motorcycle ",1,"No ","Metropolitian ","Stormy","Low ",1
"18/02/2022","18:45:00","19:00:00",17,"Snack ",27,4.5,2,"motorcycle ",2,"No ","Urban ","Sandstorms","Medium ",1
"12/03/2022","17:40:00","17:45:00",31,"Buffet ",27,4.8,23,"motorcycle ",0,"No ","Metropolitian ","Cloudy","Medium ",1
"1/03/2022","23:50:00","0:05:00",17,"Meal ",21,4.7,23,"motorcycle ",0,"No ","Metropolitian ","Fog","Low ",0
"13/02/2022","18:35:00","18:45:00",32,"Snack ",39,4.9,4,"motorcycle ",1,"No ","Metropolitian ","Stormy","Medium ",0
"3/03/2022","21:20:00","21:25:00",30,"Buffet ",37,5,21,"scooter ",1,"No ","Metropolitian ","Stormy","Jam ",1
"21/03/2022","23:40:00","23:45:00",21,"Buffet ",26,4.9,14,"scooter ",2,"No ","Metropolitian ","Sunny","Low ",0
"18/03/2022","19:40:00","19:55:00",33,"Drinks ",31,4.5,14,"scooter ",1,"No ","Metropolitian ","Sandstorms","Jam ",1
"30/03/2022","17:25:00","17:30:00",22,"Snack ",22,4.7,15,"scooter ",1,"No ","Metropolitian ","Sandstorms","Medium ",1
"31/03/2022","20:40:00","20:45:00",16,"Meal ",38,4.8,17,"scooter ",1,"No ","Metropolitian ","Sunny","Jam ",1
"7/03/2022","21:10:00","21:25:00",15,"Drinks ",25,4.5,4,"scooter ",1,"No ","Urban ","Stormy","Jam ",1
"15/02/2022","19:35:00","19:50:00",22,"Buffet ",22,4.6,8,"motorcycle ",0,"No ","Metropolitian ","Fog","Jam ",0
"18/03/2022","23:50:00","0:00:00",25,"Meal ",37,4.6,7,"motorcycle ",0,"No ","Metropolitian ","Stormy","Low ",1
"3/03/2022","23:45:00","23:50:00",16,"Buffet ",37,4.6,23,"scooter ",1,"No ","Metropolitian ","Stormy","Low ",0
"2/03/2022","23:40:00","23:45:00",34,"Buffet ",25,3.4,2,"motorcycle ",1,"No ","Metropolitian ","Sunny","Low ",0
"6/04/2022","19:45:00","20:00:00",30,"Drinks ",23,4.8,23,"motorcycle ",2,"No ","Urban ","Fog","Jam ",0
"4/03/2022","19:45:00","20:00:00",19,"Buffet ",29,4.5,18,"scooter ",2,"No ","Metropolitian ","Stormy","Jam ",0
"26/03/2022","23:25:00","23:40:00",23,"Drinks ",21,4.9,22,"motorcycle ",1,"No ","Urban ","Sunny","Low ",1
"27/03/2022","20:40:00","20:45:00",28,"Snack ",39,4.7,15,"motorcycle ",2,"No ","Metropolitian ","Stormy","Jam ",1
"24/03/2022","12:15:00","12:20:00",25,"Snack ",32,4.9,12,"motorcycle ",0,"No ","Metropolitian ","Fog","High ",1
"16/03/2022","18:15:00","18:20:00",17,"Meal ",21,4.6,9,"electric_scooter ",2,"No ","Metropolitian ","Stormy","Medium ",1
"28/03/2022","21:10:00","21:25:00",20,"Meal ",22,4.8,22,"motorcycle ",0,"No ","Metropolitian ","Sandstorms","Jam ",1
"9/03/2022","20:35:00","20:40:00",24,"Drinks ",29,4.5,9,"motorcycle ",0,"No ","Metropolitian ","Stormy","Jam ",0
"2/03/2022","19:45:00","20:00:00",43,"Drinks ",24,4.3,23,"motorcycle ",2,"No ","Metropolitian ","Fog","Jam ",0
"4/03/2022","18:55:00","19:00:00",31,"Buffet ",26,4.2,4,"motorcycle ",2,"No ","Urban ","Fog","Medium ",1
"12/03/2022","20:35:00","20:45:00",49,"Drinks ",38,4.9,12,"scooter ",1,"No ","Metropolitian ","Fog","Jam ",3
"3/04/2022","21:10:00","21:20:00",27,"Snack ",39,4.6,15,"motorcycle ",1,"No ","Urban ","Sandstorms","Jam ",0
"6/04/2022","18:25:00","18:30:00",26,"Buffet ",25,4.7,16,"scooter ",1,"No ","Metropolitian ","Windy","Medium ",0
"3/04/2022","23:25:00","23:30:00",19,"Meal ",26,5,22,"motorcycle ",0,"No ","Metropolitian ","Cloudy","Low ",0
"13/03/2022","23:45:00","23:50:00",21,"Snack ",29,4.7,23,"motorcycle ",1,"No ","Metropolitian ","Sunny","Low ",1
"13/02/2022","13:35:00","13:40:00",25,"Meal ",37,4.7,7,"electric_scooter ",2,"No ","Metropolitian ","Sandstorms","High ",0
"3/04/2022","20:50:00","20:55:00",16,"Meal ",29,4.7,18,"scooter ",2,"No ","Urban ","Sunny","Jam ",0
"8/03/2022","18:15:00","18:30:00",35,"Drinks ",24,4.9,16,"scooter ",1,"No ","Metropolitian ","Cloudy","Medium ",0
"21/03/2022","17:25:00","17:35:00",20,"Meal ",27,4.9,17,"motorcycle ",0,"No ","Metropolitian ","Fog","Medium ",0
"15/02/2022","20:10:00","20:20:00",27,"Meal ",29,4.5,7,"scooter ",1,"No ","Metropolitian ","Fog","Jam ",1
"18/03/2022","20:40:00","20:55:00",27,"Meal ",21,4.8,8,"motorcycle ",0,"No ","Metropolitian ","Stormy","Jam ",0
"26/03/2022","10:35:00","10:45:00",28,"Snack ",35,4,17,"motorcycle ",0,"No ","Metropolitian ","Sandstorms","Low ",1
"6/03/2022","23:15:00","23:30:00",35,"Snack ",34,3.5,6,"scooter ",1,"No ","Metropolitian ","Fog","Low ",1
"30/03/2022","21:15:00","21:30:00",31,"Meal ",36,4,18,"scooter ",2,"No ","Urban ","Windy","Jam ",1
"19/03/2022","23:15:00","23:25:00",16,"Buffet ",25,4.6,22,"motorcycle ",0,"No ","Metropolitian ","Sunny","Low ",0
"26/03/2022","16:35:00","16:45:00",32,"Drinks ",36,4.1,2,"scooter ",1,"No ","Urban ","Windy","Medium ",1
"30/03/2022","11:55:00","12:05:00",29,"Drinks ",39,4.7,9,"scooter ",2,"No ","Metropolitian ","Stormy","High ",1
"6/03/2022","23:10:00","23:15:00",21,"Drinks ",30,4.6,23,"scooter ",1,"No ","Metropolitian ","Sunny","Low ",1
"5/04/2022","16:15:00","16:25:00",27,"Snack ",20,4.8,21,"motorcycle ",2,"No ","Metropolitian ","Stormy","Medium ",1
"1/03/2022","22:45:00","22:55:00",18,"Drinks ",37,4.8,9,"motorcycle ",1,"No ","Metropolitian ","Fog","Low ",1
"5/04/2022","22:40:00","22:55:00",26,"Meal ",39,4.9,18,"motorcycle ",0,"No ","Urban ","Cloudy","Low ",1
"9/03/2022","19:35:00","19:45:00",31,"Meal ",24,4.2,7,"scooter ",2,"No ","Metropolitian ","Fog","Jam ",0
"8/03/2022","17:40:00","17:55:00",41,"Drinks ",32,4.9,21,"scooter ",2,"No ","Urban ","Stormy","Medium ",1
"15/02/2022","11:25:00","11:40:00",33,"Meal ",37,4.1,13,"motorcycle ",1,"No ","Metropolitian ","Stormy","High ",1
"2/04/2022","22:20:00","22:25:00",19,"Snack ",37,4.7,9,"scooter ",2,"No ","Metropolitian ","Sunny","Low ",1
"10/03/2022","20:25:00","20:30:00",40,"Drinks ",21,4.9,18,"electric_scooter ",2,"No ","Metropolitian ","Fog","Jam ",2
"18/02/2022","23:45:00","0:00:00",35,"Meal ",35,4.5,6,"motorcycle ",2,"No ","Metropolitian ","Sandstorms","Low ",1
"5/03/2022","10:30:00","10:45:00",17,"Snack ",35,4.9,19,"scooter ",1,"No ","Metropolitian ","Sunny","Low ",1
"4/04/2022","20:55:00","21:00:00",28,"Meal ",20,4.8,19,"electric_scooter ",2,"No ","Metropolitian ","Stormy","Jam ",1
"4/03/2022","18:10:00","18:15:00",30,"Snack ",29,4.8,19,"motorcycle ",0,"No ","Metropolitian ","Stormy","Medium ",0
"3/04/2022","20:35:00","20:45:00",33,"Drinks ",36,4.6,19,"motorcycle ",2,"No ","Urban ","Windy","Jam ",0
"18/02/2022","19:35:00","19:40:00",32,"Snack ",35,3.8,17,"motorcycle ",2,"No ","Metropolitian ","Windy","Jam ",0
"4/04/2022","19:00:00","19:10:00",20,"Meal ",23,4.6,21,"motorcycle ",0,"No ","Metropolitian ","Sandstorms","Medium ",1
"25/03/2022","20:15:00","20:20:00",35,"Buffet ",26,4.8,6,"motorcycle ",0,"No ","Metropolitian ","Cloudy","Jam ",1
"10/03/2022","23:55:00","0:00:00",38,"Meal ",34,4.3,6,"motorcycle ",0,"No ","Urban ","Fog","Low ",2
"13/02/2022","19:25:00","19:35:00",29,"Drinks ",39,4.6,8,"scooter ",2,"No ","Metropolitian ","Sandstorms","Jam ",0
"15/03/2022","23:40:00","23:55:00",22,"Snack ",39,4.7,15,"scooter ",1,"No ","Metropolitian ","Stormy","Low ",1
"7/03/2022","16:20:00","16:35:00",25,"Meal ",20,4.7,19,"motorcycle ",0,"No ","Metropolitian ","Sandstorms","Medium ",1
"15/03/2022","16:45:00","16:50:00",14,"Meal ",20,4.6,16,"motorcycle ",2,"No ","Urban ","Sunny","Medium ",1
"3/04/2022","8:20:00","8:25:00",18,"Buffet ",24,4.7,23,"electric_scooter ",2,"No ","Metropolitian ","Sunny","Low ",0
"2/04/2022","17:45:00","17:55:00",35,"Buffet ",37,4.4,7,"electric_scooter ",2,"No ","Metropolitian ","Windy","Medium ",1
"3/03/2022","11:50:00","12:05:00",39,"Snack ",36,4.7,15,"motorcycle ",1,"No ","Metropolitian ","Stormy","High ",1
"31/03/2022","22:10:00","22:25:00",15,"Buffet ",21,4.9,19,"motorcycle ",0,"No ","Urban ","Sandstorms","Low ",0
"18/03/2022","23:15:00","23:20:00",37,"Snack ",26,3.3,18,"scooter ",1,"No ","Metropolitian ","Sunny","Low ",1
"16/03/2022","18:00:00","18:15:00",36,"Snack ",36,4.6,13,"scooter ",2,"No ","Metropolitian ","Cloudy","Medium ",1
"2/04/2022","21:45:00","21:55:00",42,"Meal ",21,4.5,1,"motorcycle ",0,"No ","Metropolitian ","Fog","Jam ",1
"13/02/2022","22:10:00","22:25:00",20,"Drinks ",26,4.5,8,"motorcycle ",0,"No ","Metropolitian ","Stormy","Low ",1
"14/02/2022","22:40:00","22:50:00",18,"Drinks ",34,4.9,4,"electric_scooter ",2,"No ","Metropolitian ","Windy","Low ",0
"5/04/2022","21:55:00","22:10:00",20,"Snack ",28,5,22,"motorcycle ",0,"No ","Urban ","Cloudy","Jam ",0
"30/03/2022","21:30:00","21:35:00",34,"Drinks ",32,4.1,3,"electric_scooter ",2,"No ","Metropolitian ","Sandstorms","Jam ",1
"25/03/2022","22:50:00","23:05:00",19,"Snack ",21,4.9,21,"motorcycle ",0,"No ","Metropolitian ","Windy","Low ",0
"11/02/2022","22:40:00","22:45:00",15,"Snack ",28,4.9,15,"scooter ",2,"No ","Urban ","Stormy","Low ",0
"7/03/2022","18:20:00","18:30:00",24,"Meal ",21,4.6,18,"motorcycle ",2,"No ","Metropolitian ","Windy","Medium ",0
"16/03/2022","20:35:00","20:40:00",45,"Buffet ",37,4.6,16,"motorcycle ",0,"No ","Metropolitian ","Fog","Jam ",1
"24/03/2022","21:40:00","21:45:00",23,"Buffet ",27,4.9,22,"motorcycle ",1,"No ","Metropolitian ","Fog","Jam ",1
"11/03/2022","11:30:00","11:40:00",14,"Drinks ",21,4.7,14,"motorcycle ",1,"No ","Metropolitian ","Stormy","High ",0
"14/03/2022","18:10:00","18:15:00",28,"Snack ",24,4.9,19,"motorcycle ",0,"No ","Metropolitian ","Windy","Medium ",1
"10/03/2022","17:50:00","18:05:00",24,"Drinks ",20,4.8,9,"motorcycle ",1,"No ","Metropolitian ","Stormy","Medium ",1
"13/03/2022","9:10:00","9:15:00",17,"Drinks ",38,4.8,18,"motorcycle ",1,"No ","Urban ","Fog","Low ",1
"15/02/2022","16:50:00","17:00:00",32,"Buffet ",36,4.8,2,"motorcycle ",1,"No ","Metropolitian ","Windy","Medium ",0
"29/03/2022","20:00:00","20:05:00",24,"Snack ",25,4.9,19,"scooter ",2,"No ","Metropolitian ","Sunny","Jam ",1
"6/04/2022","23:50:00","0:05:00",21,"Meal ",30,4.8,23,"motorcycle ",0,"No ","Metropolitian ","Windy","Low ",1
"14/03/2022","19:00:00","19:15:00",14,"Drinks ",28,4.6,23,"motorcycle ",2,"No ","Metropolitian ","Sunny","Medium ",0
"1/04/2022","15:50:00","16:05:00",27,"Snack ",28,4.7,23,"scooter ",1,"No ","Metropolitian ","Sandstorms","Medium ",1
"13/03/2022","16:35:00","16:45:00",12,"Buffet ",22,4.6,14,"scooter ",1,"No ","Metropolitian ","Cloudy","Medium ",1
"2/03/2022","20:25:00","20:30:00",53,"Snack ",30,4.2,2,"motorcycle ",0,"Yes ","Metropolitian ","Stormy","Jam ",3
"19/03/2022","10:00:00","10:05:00",26,"Meal ",36,4.9,3,"scooter ",1,"No ","Metropolitian ","Sandstorms","Low ",1
"5/03/2022","9:40:00","9:55:00",22,"Snack ",32,4.6,12,"scooter ",2,"No ","Metropolitian ","Windy","Low ",1
"5/04/2022","12:40:00","12:55:00",38,"Snack ",28,4.7,22,"motorcycle ",0,"No ","Urban ","Sandstorms","High ",0
"3/03/2022","13:25:00","13:30:00",45,"Snack ",30,4.6,13,"motorcycle ",0,"No ","Metropolitian ","Sandstorms","High ",1
"13/02/2022","23:50:00","0:05:00",13,"Snack ",20,4.6,9,"electric_scooter ",2,"No ","Metropolitian ","Fog","Low ",0
"8/03/2022","19:55:00","20:10:00",29,"Buffet ",29,4.7,16,"motorcycle ",0,"No ","Urban ","Stormy","Jam ",1
"25/03/2022","19:00:00","19:10:00",38,"Buffet ",24,4.8,16,"motorcycle ",0,"No ","Urban ","Fog","Medium ",2
"28/03/2022","8:45:00","9:00:00",15,"Drinks ",23,4.6,14,"scooter ",2,"No ","Metropolitian ","Fog","Low ",1
"31/03/2022","17:15:00","17:25:00",23,"Snack ",22,4.5,19,"motorcycle ",1,"No ","Metropolitian ","Windy","Medium ",1
"27/03/2022","22:00:00","22:15:00",25,"Meal ",37,5,15,"motorcycle ",1,"No ","Urban ","Sandstorms","Jam ",0
"18/03/2022","21:10:00","21:20:00",29,"Drinks ",36,4.8,21,"electric_scooter ",2,"No ","Urban ","Sunny","Jam ",1
"24/03/2022","22:25:00","22:30:00",28,"Snack ",37,4.6,23,"motorcycle ",2,"No ","Metropolitian ","Windy","Low ",1
"2/04/2022","17:15:00","17:30:00",15,"Drinks ",39,4.6,19,"motorcycle ",1,"No ","Metropolitian ","Sunny","Medium ",1
"16/02/2022","21:10:00","21:20:00",43,"Buffet ",26,4.7,6,"motorcycle ",1,"Yes ","Metropolitian ","Stormy","Jam ",1
"16/03/2022","18:55:00","19:00:00",15,"Buffet ",28,4.7,22,"motorcycle ",2,"No ","Urban ","Windy","Medium ",1
"6/04/2022","18:45:00","18:50:00",41,"Drinks ",22,4.9,19,"motorcycle ",0,"No ","Metropolitian ","Cloudy","Medium ",1
"21/03/2022","0:00:00","0:05:00",29,"Drinks ",36,4.9,5,"scooter ",1,"No ","Metropolitian ","Stormy","Low ",1
"15/02/2022","21:45:00","22:00:00",34,"Meal ",39,4.3,6,"motorcycle ",1,"No ","Metropolitian ","Stormy","Jam ",0
"15/03/2022","21:40:00","21:50:00",31,"Drinks ",24,4.9,9,"scooter ",1,"No ","Metropolitian ","Fog","Jam ",0
"14/02/2022","18:15:00","18:30:00",27,"Drinks ",22,4.6,21,"scooter ",1,"No ","Urban ","Cloudy","Medium ",1
"5/04/2022","20:40:00","20:55:00",31,"Snack ",34,4.8,15,"scooter ",2,"No ","Urban ","Stormy","Jam ",1
"15/02/2022","10:15:00","10:30:00",20,"Meal ",26,4.3,6,"motorcycle ",0,"No ","Metropolitian ","Sandstorms","Low ",0
"2/04/2022","18:50:00","19:00:00",39,"Meal ",30,4.8,8,"scooter ",2,"No ","Metropolitian ","Cloudy","Medium ",2
"4/03/2022","22:55:00","23:00:00",15,"Snack ",22,4.9,17,"motorcycle ",1,"No ","Metropolitian ","Stormy","Low ",0
"14/02/2022","17:25:00","17:30:00",38,"Meal ",24,4.9,9,"motorcycle ",1,"No ","Metropolitian ","Fog","Medium ",0
"15/02/2022","13:40:00","13:50:00",32,"Meal ",39,4.2,8,"motorcycle ",1,"No ","Metropolitian ","Windy","High ",1
"1/04/2022","9:15:00","9:20:00",15,"Drinks ",25,4.8,21,"scooter ",2,"No ","Metropolitian ","Stormy","Low ",0
"20/03/2022","22:00:00","22:10:00",44,"Snack ",36,4.9,3,"motorcycle ",0,"Yes ","Metropolitian ","Cloudy","Jam ",1
"19/03/2022","9:30:00","9:40:00",28,"Snack ",36,4.8,21,"motorcycle ",2,"No ","Urban ","Sandstorms","Low ",1
"11/02/2022","16:35:00","16:45:00",34,"Snack ",34,4.4,8,"motorcycle ",0,"No ","Metropolitian ","Sandstorms","Medium ",0
"5/04/2022","23:20:00","23:35:00",15,"Meal ",22,4.2,3,"motorcycle ",0,"No ","Metropolitian ","Stormy","Low ",1
"6/04/2022","23:00:00","23:15:00",25,"Drinks ",31,4.9,19,"motorcycle ",2,"No ","Metropolitian ","Windy","Low ",1
"31/03/2022","22:50:00","23:05:00",27,"Meal ",21,5,22,"electric_scooter ",2,"No ","Metropolitian ","Fog","Low ",1
"29/03/2022","20:50:00","21:00:00",27,"Buffet ",32,4.6,16,"scooter ",2,"No ","Metropolitian ","Stormy","Jam ",1
"27/03/2022","17:50:00","18:00:00",27,"Buffet ",20,5,14,"motorcycle ",0,"No ","Metropolitian ","Windy","Medium ",1
"29/03/2022","17:35:00","17:50:00",13,"Snack ",29,4.8,22,"scooter ",1,"No ","Metropolitian ","Sunny","Medium ",0
"13/03/2022","20:15:00","20:25:00",11,"Meal ",22,4.7,16,"scooter ",1,"No ","Metropolitian ","Stormy","Jam ",1
"12/02/2022","20:55:00","21:00:00",22,"Drinks ",25,4.8,5,"motorcycle ",2,"No ","Metropolitian ","Windy","Jam ",0
"12/02/2022","23:35:00","23:45:00",31,"Drinks ",38,4.1,10,"scooter ",1,"No ","Metropolitian ","Stormy","Low ",1
"11/03/2022","18:25:00","18:30:00",31,"Drinks ",32,5,23,"motorcycle ",1,"No ","Metropolitian ","Stormy","Medium ",1
"2/04/2022","22:50:00","23:05:00",24,"Buffet ",28,4.8,21,"scooter ",1,"No ","Metropolitian ","Fog","Low ",0
"21/03/2022","14:40:00","14:55:00",28,"Drinks ",37,4.6,19,"motorcycle ",2,"No ","Metropolitian ","Stormy","High ",1
"9/03/2022","22:45:00","22:55:00",14,"Snack ",26,4.7,16,"motorcycle ",2,"No ","Metropolitian ","Windy","Low ",0
"9/03/2022","15:10:00","15:15:00",28,"Snack ",28,5,22,"scooter ",2,"No ","Metropolitian ","Windy","Medium ",1
"19/03/2022","8:20:00","8:35:00",23,"Meal ",35,4.3,4,"motorcycle ",0,"No ","Metropolitian ","Windy","Low ",1
"18/03/2022","20:40:00","20:50:00",32,"Snack ",23,4.2,19,"motorcycle ",0,"No ","Metropolitian ","Sandstorms","Jam ",1
"14/02/2022","21:25:00","21:40:00",54,"Buffet ",34,4.2,3,"motorcycle ",0,"No ","Metropolitian ","Sandstorms","Jam ",3
"5/03/2022","17:55:00","18:10:00",17,"Drinks ",34,4.9,15,"motorcycle ",1,"No ","Metropolitian ","Sunny","Medium ",0
"12/03/2022","17:45:00","17:55:00",37,"Meal ",23,4.9,14,"motorcycle ",0,"No ","Metropolitian ","Sandstorms","Medium ",1
"19/03/2022","15:20:00","15:35:00",19,"Buffet ",39,5,2,"scooter ",2,"No ","Metropolitian ","Fog","Medium ",1
"13/02/2022","10:55:00","11:05:00",16,"Snack ",37,5,7,"motorcycle ",1,"No ","Metropolitian ","Sunny","Low ",1
"5/03/2022","12:35:00","12:50:00",12,"Buffet ",25,4.9,9,"electric_scooter ",2,"No ","Metropolitian ","Sunny","High ",1
"16/03/2022","20:40:00","20:45:00",44,"Meal ",36,4,2,"motorcycle ",0,"No ","Metropolitian ","Sunny","Jam ",3
"30/03/2022","8:35:00","8:45:00",18,"Snack ",26,4,18,"motorcycle ",0,"No ","Urban ","Sandstorms","Low ",1
"27/03/2022","22:10:00","22:25:00",25,"Snack ",35,4.9,23,"scooter ",1,"No ","Metropolitian ","Sunny","Low ",1
"21/03/2022","23:40:00","23:45:00",28,"Snack ",34,5,13,"motorcycle ",1,"No ","Metropolitian ","Windy","Low ",1
"13/03/2022","18:40:00","18:50:00",34,"Drinks ",37,4.7,17,"motorcycle ",0,"No ","Metropolitian ","Windy","Medium ",1
"5/04/2022","22:55:00","23:00:00",29,"Buffet ",32,4.6,15,"motorcycle ",2,"No ","Metropolitian ","Stormy","Low ",1
"11/02/2022","20:45:00","20:50:00",17,"Drinks ",21,4.9,23,"scooter ",2,"No ","Urban ","Sunny","Jam ",1
"28/03/2022","20:30:00","20:40:00",27,"Snack ",37,4.8,13,"scooter ",1,"No ","Metropolitian ","Windy","Jam ",1
"6/03/2022","19:35:00","19:45:00",29,"Meal ",33,4.5,15,"scooter ",1,"No ","Metropolitian ","Sandstorms","Jam ",1
"31/03/2022","23:35:00","23:50:00",25,"Snack ",23,4.8,13,"motorcycle ",0,"No ","Metropolitian ","Sunny","Low ",0
"14/02/2022","21:30:00","21:45:00",21,"Drinks ",23,4.7,2,"scooter ",2,"No ","Metropolitian ","Windy","Jam ",1
"17/02/2022","11:50:00","12:00:00",31,"Snack ",34,4.7,4,"motorcycle ",0,"No ","Metropolitian ","Sandstorms","High ",1
"6/03/2022","18:15:00","18:30:00",27,"Drinks ",31,4.7,21,"electric_scooter ",2,"No ","Urban ","Stormy","Medium ",1
"26/03/2022","23:55:00","0:10:00",25,"Snack ",35,4.7,18,"motorcycle ",1,"No ","Metropolitian ","Sandstorms","Low ",1
"7/03/2022","19:15:00","19:20:00",25,"Meal ",21,4.7,15,"scooter ",1,"No ","Urban ","Stormy","Jam ",1
"11/02/2022","10:30:00","10:35:00",27,"Buffet ",33,4.8,3,"motorcycle ",1,"No ","Metropolitian ","Stormy","Low ",1
"28/03/2022","13:55:00","14:10:00",11,"Meal ",28,4.8,18,"motorcycle ",1,"No ","Metropolitian ","Sunny","High ",0
"18/03/2022","23:45:00","23:50:00",21,"Buffet ",24,4.7,8,"scooter ",1,"No ","Metropolitian ","Cloudy","Low ",0
"11/02/2022","21:55:00","22:05:00",29,"Meal ",24,4.6,7,"scooter ",1,"No ","Metropolitian ","Fog","Jam ",1
"21/03/2022","18:15:00","18:25:00",24,"Buffet ",31,4.8,15,"scooter ",2,"No ","Metropolitian ","Sunny","Medium ",1
"28/03/2022","11:20:00","11:30:00",23,"Snack ",27,4.9,15,"motorcycle ",1,"No ","Metropolitian ","Sandstorms","High ",1
"6/03/2022","23:50:00","0:00:00",25,"Snack ",31,4.6,17,"motorcycle ",1,"No ","Metropolitian ","Windy","Low ",1
"6/04/2022","0:00:00","0:15:00",17,"Meal ",35,4.9,18,"scooter ",1,"No ","Urban ","Stormy","Low ",1
"3/04/2022","10:45:00","10:50:00",10,"Snack ",26,4.9,23,"scooter ",2,"No ","Metropolitian ","Windy","Low ",1
"10/03/2022","21:35:00","21:45:00",47,"Drinks ",38,4.1,3,"motorcycle ",0,"No ","Semi-Urban ","Stormy","Jam ",1
"16/02/2022","20:15:00","20:20:00",44,"Meal ",30,4,10,"motorcycle ",1,"No ","Metropolitian ","Fog","Jam ",1
"3/03/2022","21:35:00","21:45:00",19,"Buffet ",30,4.7,15,"scooter ",1,"No ","Metropolitian ","Sunny","Jam ",1
"17/03/2022","9:55:00","10:05:00",16,"Meal ",22,4.4,21,"motorcycle ",0,"No ","Metropolitian ","Sandstorms","Low ",1
"20/03/2022","21:15:00","21:25:00",23,"Meal ",21,4.9,18,"electric_scooter ",2,"No ","Metropolitian ","Sunny","Jam ",0
"3/03/2022","11:25:00","11:30:00",33,"Drinks ",37,4.9,22,"motorcycle ",0,"No ","Metropolitian ","Stormy","High ",1
"6/04/2022","23:50:00","0:00:00",22,"Meal ",23,4.9,17,"motorcycle ",0,"No ","Metropolitian ","Sunny","Low ",1
"27/03/2022","18:40:00","18:55:00",14,"Snack ",26,4.9,18,"motorcycle ",1,"No ","Urban ","Sunny","Medium ",0
"17/03/2022","14:45:00","14:50:00",42,"Buffet ",32,4,19,"motorcycle ",0,"No ","Metropolitian ","Sandstorms","High ",1
"16/03/2022","19:15:00","19:25:00",27,"Drinks ",27,4.7,13,"motorcycle ",0,"No ","Metropolitian ","Sandstorms","Jam ",1
"16/02/2022","19:25:00","19:40:00",37,"Buffet ",32,4.7,7,"motorcycle ",0,"No ","Metropolitian ","Sandstorms","Jam ",1
"14/02/2022","21:20:00","21:25:00",22,"Meal ",38,4.5,4,"scooter ",2,"No ","Urban ","Sunny","Jam ",1
"21/03/2022","19:20:00","19:30:00",32,"Buffet ",30,4.1,4,"motorcycle ",0,"No ","Metropolitian ","Cloudy","Jam ",1
"15/02/2022","11:30:00","11:35:00",33,"Buffet ",23,4.6,6,"motorcycle ",1,"No ","Metropolitian ","Fog","High ",2
"1/04/2022","10:00:00","10:10:00",10,"Drinks ",21,4.9,15,"motorcycle ",1,"No ","Urban ","Windy","Low ",0
"31/03/2022","20:45:00","21:00:00",29,"Drinks ",27,4.7,4,"scooter ",2,"No ","Metropolitian ","Sandstorms","Jam ",1
"17/03/2022","11:20:00","11:30:00",27,"Drinks ",35,4.8,3,"motorcycle ",2,"No ","Metropolitian ","Cloudy","High ",1
"13/02/2022","17:25:00","17:40:00",19,"Drinks ",35,4.7,6,"motorcycle ",1,"No ","Metropolitian ","Stormy","Medium ",1
"6/04/2022","21:35:00","21:40:00",25,"Drinks ",22,4.9,21,"motorcycle ",1,"No ","Metropolitian ","Sandstorms","Jam ",1
"15/03/2022","19:45:00","19:50:00",30,"Meal ",29,4.9,23,"scooter ",2,"No ","Metropolitian ","Fog","Jam ",0
"30/03/2022","20:35:00","20:40:00",25,"Meal ",34,5,5,"motorcycle ",0,"No ","Urban ","Sunny","Jam ",1
"12/03/2022","23:30:00","23:40:00",30,"Drinks ",33,4.8,16,"scooter ",1,"No ","Metropolitian ","Cloudy","Low ",1
"15/02/2022","9:15:00","9:20:00",28,"Drinks ",34,4.5,9,"electric_scooter ",2,"No ","Metropolitian ","Sandstorms","Low ",1
"18/02/2022","17:50:00","17:55:00",34,"Drinks ",30,4.3,9,"motorcycle ",1,"No ","Metropolitian ","Sandstorms","Medium ",1
"20/03/2022","17:50:00","18:00:00",28,"Buffet ",39,4.5,9,"electric_scooter ",2,"No ","Metropolitian ","Stormy","Medium ",1
"21/03/2022","8:15:00","8:30:00",25,"Meal ",35,4.6,16,"scooter ",1,"No ","Metropolitian ","Windy","Low ",0
"14/03/2022","20:50:00","21:00:00",39,"Meal ",32,3.9,7,"scooter ",1,"No ","Metropolitian ","Windy","Jam ",1
"23/03/2022","23:15:00","23:30:00",27,"Drinks ",35,4.7,16,"electric_scooter ",2,"No ","Metropolitian ","Cloudy","Low ",1
"31/03/2022","18:45:00","18:50:00",26,"Meal ",21,4.6,12,"scooter ",2,"No ","Metropolitian ","Fog","Medium ",1
"29/03/2022","23:10:00","23:15:00",24,"Drinks ",21,4.8,19,"motorcycle ",0,"No ","Metropolitian ","Sandstorms","Low ",1
"28/03/2022","8:45:00","8:55:00",25,"Buffet ",32,4.9,17,"scooter ",2,"No ","Urban ","Windy","Low ",1
"28/03/2022","22:20:00","22:25:00",19,"Drinks ",36,4.6,13,"scooter ",1,"No ","Metropolitian ","Stormy","Low ",1
"2/03/2022","23:10:00","23:15:00",41,"Meal ",39,5,14,"motorcycle ",0,"No ","Metropolitian ","Stormy","Low ",1
"6/03/2022","21:45:00","21:50:00",16,"Snack ",25,4.9,17,"electric_scooter ",2,"No ","Urban ","Stormy","Jam ",0
"13/03/2022","9:15:00","9:30:00",30,"Drinks ",36,4.2,6,"motorcycle ",0,"No ","Metropolitian ","Windy","Low ",0
"7/03/2022","21:20:00","21:30:00",18,"Meal ",25,4.9,22,"motorcycle ",0,"No ","Metropolitian ","Windy","Jam ",1
"2/03/2022","22:35:00","22:50:00",18,"Drinks ",32,4.8,9,"motorcycle ",2,"No ","Metropolitian ","Sunny","Low ",1
"4/04/2022","23:15:00","23:20:00",16,"Drinks ",20,4.8,23,"motorcycle ",0,"No ","Metropolitian ","Stormy","Low ",1
"13/02/2022","22:10:00","22:15:00",14,"Drinks ",25,4.8,19,"scooter ",2,"No ","Urban ","Fog","Low ",1
"31/03/2022","17:55:00","18:10:00",15,"Buffet ",23,4.6,23,"electric_scooter ",2,"No ","Metropolitian ","Windy","Medium ",0
"26/03/2022","20:00:00","20:10:00",27,"Meal ",26,4.6,23,"scooter ",1,"No ","Metropolitian ","Cloudy","Jam ",1
"14/03/2022","17:45:00","17:55:00",22,"Snack ",34,4.7,19,"scooter ",1,"No ","Metropolitian ","Windy","Medium ",1
"23/03/2022","22:45:00","23:00:00",12,"Buffet ",23,5,15,"electric_scooter ",2,"No ","Urban ","Windy","Low ",0
"6/04/2022","23:30:00","23:35:00",23,"Snack ",31,4.9,18,"motorcycle ",0,"No ","Metropolitian ","Stormy","Low ",1
"8/03/2022","23:15:00","23:20:00",15,"Drinks ",23,4.6,15,"motorcycle ",0,"No ","Urban ","Stormy","Low ",0
"15/03/2022","10:55:00","11:00:00",21,"Snack ",23,4.9,23,"motorcycle ",0,"No ","Urban ","Cloudy","Low ",1
"3/04/2022","19:35:00","19:45:00",12,"Buffet ",23,4.7,23,"scooter ",1,"No ","Metropolitian ","Sandstorms","Jam ",0
"17/03/2022","8:45:00","8:55:00",25,"Drinks ",33,4.6,17,"electric_scooter ",2,"No ","Metropolitian ","Windy","Low ",1
"11/02/2022","14:20:00","14:35:00",19,"Snack ",37,4.8,5,"scooter ",2,"No ","Metropolitian ","Sunny","High ",0
"1/03/2022","11:50:00","11:55:00",37,"Drinks ",33,4.2,1,"motorcycle ",0,"No ","Metropolitian ","Stormy","High ",1
"15/02/2022","10:40:00","10:50:00",19,"Buffet ",24,4.9,7,"scooter ",2,"No ","Metropolitian ","Windy","Low ",0
"25/03/2022","22:10:00","22:25:00",24,"Snack ",28,4.7,14,"scooter ",1,"No ","Metropolitian ","Fog","Low ",1
"14/02/2022","17:50:00","17:55:00",24,"Meal ",35,4.8,2,"motorcycle ",1,"No ","Metropolitian ","Sandstorms","Medium ",1
"24/03/2022","18:40:00","18:50:00",19,"Drinks ",32,4.7,12,"motorcycle ",2,"No ","Metropolitian ","Cloudy","Medium ",1
"21/03/2022","14:25:00","14:35:00",27,"Drinks ",34,4.9,14,"motorcycle ",1,"No ","Metropolitian ","Windy","High ",1
"16/03/2022","21:45:00","21:55:00",16,"Snack ",26,4.8,19,"scooter ",1,"No ","Metropolitian ","Windy","Jam ",1
"14/03/2022","22:00:00","22:05:00",41,"Meal ",38,5,12,"motorcycle ",0,"No ","Metropolitian ","Cloudy","Jam ",2
"12/03/2022","22:20:00","22:30:00",29,"Snack ",29,4.8,17,"motorcycle ",1,"No ","Metropolitian ","Cloudy","Low ",0
"10/03/2022","17:45:00","17:50:00",15,"Buffet ",24,5,23,"scooter ",2,"No ","Metropolitian ","Sunny","Medium ",1
"16/03/2022","23:35:00","23:40:00",38,"Buffet ",31,4.8,15,"motorcycle ",0,"No ","Metropolitian ","Cloudy","Low ",0
"11/03/2022","19:15:00","19:20:00",35,"Snack ",28,5,21,"motorcycle ",0,"No ","Urban ","Stormy","Jam ",0
"2/03/2022","22:25:00","22:30:00",41,"Snack ",37,4.9,22,"motorcycle ",0,"No ","Urban ","Cloudy","Low ",1
"7/03/2022","22:15:00","22:25:00",20,"Buffet ",31,4.8,12,"scooter ",1,"No ","Metropolitian ","Windy","Low ",0
"3/04/2022","12:15:00","12:30:00",30,"Buffet ",30,4.9,7,"scooter ",1,"No ","Metropolitian ","Windy","High ",1
"3/03/2022","8:55:00","9:10:00",13,"Snack ",35,4.8,12,"scooter ",1,"No ","Metropolitian ","Sunny","Low ",0
"11/03/2022","8:10:00","8:20:00",25,"Drinks ",30,5,14,"scooter ",1,"No ","Metropolitian ","Sandstorms","Low ",0
"16/02/2022","23:25:00","23:30:00",26,"Buffet ",39,4.7,5,"motorcycle ",1,"No ","Metropolitian ","Windy","Low ",1
"3/04/2022","11:25:00","11:30:00",20,"Snack ",24,4.6,9,"scooter ",1,"No ","Metropolitian ","Fog","High ",1
"1/04/2022","21:25:00","21:30:00",34,"Drinks ",37,5,8,"scooter ",2,"No ","Metropolitian ","Fog","Jam ",1
"7/03/2022","11:40:00","11:50:00",20,"Buffet ",24,5,18,"scooter ",2,"No ","Metropolitian ","Sandstorms","High ",1
"26/03/2022","8:50:00","9:05:00",26,"Snack ",34,4.6,18,"motorcycle ",0,"No ","Urban ","Cloudy","Low ",1
"16/03/2022","23:45:00","0:00:00",37,"Drinks ",35,4.2,3,"scooter ",1,"No ","Metropolitian ","Cloudy","Low ",2
"16/03/2022","22:25:00","22:30:00",26,"Buffet ",25,4.9,21,"motorcycle ",0,"No ","Metropolitian ","Sunny","Low ",1
"20/03/2022","19:40:00","19:45:00",33,"Meal ",27,4.2,5,"motorcycle ",1,"No ","Metropolitian ","Fog","Jam ",0
"21/03/2022","18:50:00","18:55:00",27,"Meal ",36,4.8,15,"motorcycle ",0,"No ","Metropolitian ","Sunny","Medium ",1
"19/03/2022","9:45:00","9:55:00",26,"Drinks ",31,4.4,16,"motorcycle ",0,"No ","Metropolitian ","Stormy","Low ",0
"20/03/2022","23:00:00","23:15:00",26,"Meal ",30,4.7,15,"motorcycle ",1,"No ","Urban ","Sunny","Low ",1
"19/03/2022","17:10:00","17:20:00",18,"Buffet ",38,4.9,19,"electric_scooter ",2,"No ","Urban ","Fog","Medium ",1
"15/02/2022","10:10:00","10:20:00",21,"Drinks ",28,4.8,7,"motorcycle ",1,"No ","Metropolitian ","Sunny","Low ",0
"29/03/2022","23:40:00","23:50:00",15,"Buffet ",36,4.8,12,"motorcycle ",1,"No ","Metropolitian ","Sunny","Low ",1
"20/03/2022","20:35:00","20:40:00",38,"Buffet ",28,4.9,16,"scooter ",2,"No ","Urban ","Fog","Jam ",1
"2/03/2022","23:35:00","23:50:00",28,"Meal ",23,4.9,18,"scooter ",2,"No ","Metropolitian ","Fog","Low ",0
"12/02/2022","23:35:00","23:45:00",17,"Snack ",37,5,22,"motorcycle ",1,"No ","Urban ","Sandstorms","Low ",0
"16/02/2022","23:25:00","23:40:00",18,"Snack ",21,4.6,5,"motorcycle ",0,"No ","Metropolitian ","Windy","Low ",1
"18/03/2022","22:30:00","22:40:00",22,"Meal ",27,4.8,8,"motorcycle ",0,"No ","Metropolitian ","Windy","Low ",0
"8/03/2022","17:35:00","17:45:00",19,"Snack ",26,4.6,22,"motorcycle ",2,"No ","Metropolitian ","Sandstorms","Medium ",1
"8/03/2022","21:10:00","21:20:00",32,"Buffet ",23,4.6,16,"motorcycle ",0,"No ","Metropolitian ","Windy","Jam ",1
"2/04/2022","23:25:00","23:35:00",17,"Snack ",33,4.6,17,"electric_scooter ",2,"No ","Urban ","Sandstorms","Low ",1
"17/02/2022","22:10:00","22:20:00",33,"Meal ",32,4.3,9,"motorcycle ",0,"No ","Metropolitian ","Stormy","Low ",1
"6/04/2022","18:40:00","18:55:00",20,"Drinks ",36,4.5,5,"electric_scooter ",2,"No ","Metropolitian ","Sandstorms","Medium ",1
"7/03/2022","21:10:00","21:15:00",11,"Meal ",23,5,19,"scooter ",2,"No ","Urban ","Stormy","Jam ",0
"28/03/2022","22:55:00","23:00:00",19,"Buffet ",39,4.9,18,"scooter ",1,"No ","Urban ","Sunny","Low ",1
"31/03/2022","22:55:00","23:10:00",26,"Buffet ",30,4.6,2,"scooter ",2,"No ","Urban ","Stormy","Low ",1
"17/03/2022","11:50:00","12:05:00",20,"Snack ",24,4.6,3,"motorcycle ",0,"No ","Metropolitian ","Windy","High ",1
"28/03/2022","11:00:00","11:10:00",28,"Snack ",37,4.8,21,"scooter ",2,"No ","Metropolitian ","Sandstorms","Low ",1
"20/03/2022","19:10:00","19:25:00",48,"Meal ",37,4.9,3,"motorcycle ",0,"No ","Metropolitian ","Fog","Jam ",2
"2/03/2022","20:25:00","20:30:00",49,"Snack ",38,4.8,14,"motorcycle ",1,"No ","Metropolitian ","Stormy","Jam ",3
"3/04/2022","23:20:00","23:35:00",15,"Snack ",26,4.5,19,"motorcycle ",0,"No ","Metropolitian ","Cloudy","Low ",1
"13/02/2022","18:15:00","18:20:00",25,"Meal ",25,4.6,2,"motorcycle ",0,"No ","Metropolitian ","Stormy","Medium ",0
"6/03/2022","17:20:00","17:30:00",37,"Drinks ",39,5,13,"motorcycle ",1,"No ","Metropolitian ","Fog","Medium ",1
"10/03/2022","22:25:00","22:35:00",27,"Meal ",36,4.7,22,"electric_scooter ",2,"No ","Metropolitian ","Fog","Low ",0
"28/03/2022","19:45:00","19:50:00",27,"Snack ",28,5,16,"electric_scooter ",2,"No ","Metropolitian ","Fog","Jam ",1
"31/03/2022","19:20:00","19:35:00",34,"Drinks ",26,4.7,1,"scooter ",2,"No ","Metropolitian ","Cloudy","Jam ",0
"14/03/2022","20:25:00","20:30:00",22,"Meal ",23,4.7,9,"scooter ",1,"No ","Metropolitian ","Stormy","Jam ",1
"7/03/2022","14:30:00","14:40:00",18,"Meal ",29,4.9,23,"motorcycle ",1,"No ","Metropolitian ","Sunny","High ",0
"11/03/2022","21:30:00","21:40:00",25,"Snack ",38,4.9,17,"scooter ",2,"No ","Metropolitian ","Sandstorms","Jam ",1
"4/03/2022","21:25:00","21:40:00",31,"Buffet ",28,4,5,"scooter ",1,"No ","Urban ","Stormy","Jam ",1
"13/02/2022","22:30:00","22:40:00",20,"Meal ",37,4.5,6,"motorcycle ",1,"No ","Urban ","Windy","Low ",0
"27/03/2022","18:45:00","18:50:00",46,"Snack ",38,4.7,4,"motorcycle ",0,"No ","Metropolitian ","Stormy","Medium ",1
"28/03/2022","21:30:00","21:40:00",23,"Drinks ",37,4.9,16,"motorcycle ",0,"No ","Urban ","Sunny","Jam ",0
"26/03/2022","10:20:00","10:35:00",14,"Meal ",24,4.8,15,"scooter ",2,"No ","Urban ","Sandstorms","Low ",1
"8/03/2022","20:30:00","20:35:00",30,"Buffet ",33,4.8,23,"motorcycle ",0,"No ","Metropolitian ","Sunny","Jam ",0
"23/03/2022","22:45:00","23:00:00",12,"Buffet ",23,5,15,"electric_scooter ",2,"No ","Urban ","Windy","Low ",0
"3/04/2022","21:30:00","21:40:00",26,"Drinks ",36,4.6,23,"motorcycle ",0,"No ","Metropolitian ","Sunny","Jam ",0
"19/03/2022","11:25:00","11:40:00",35,"Snack ",37,4.6,23,"scooter ",2,"No ","Metropolitian ","Fog","High ",1
"3/03/2022","20:55:00","21:10:00",30,"Snack ",37,4.7,18,"motorcycle ",0,"No ","Metropolitian ","Sandstorms","Jam ",1
"6/03/2022","21:35:00","21:50:00",40,"Snack ",35,4.4,17,"motorcycle ",0,"No ","Metropolitian ","Sunny","Jam ",1
"8/03/2022","22:00:00","22:10:00",43,"Drinks ",26,4,6,"motorcycle ",1,"No ","Urban ","Stormy","Jam ",3
"17/02/2022","16:30:00","16:40:00",26,"Drinks ",28,4.7,16,"scooter ",2,"No ","Urban ","Stormy","Medium ",0
"3/03/2022","19:00:00","19:10:00",24,"Drinks ",22,4.8,16,"scooter ",2,"No ","Metropolitian ","Windy","Medium ",0
"6/04/2022","17:25:00","17:30:00",23,"Snack ",30,4.5,17,"scooter ",1,"No ","Urban ","Windy","Medium ",1
"31/03/2022","21:35:00","21:50:00",24,"Meal ",27,4.7,12,"motorcycle ",1,"No ","Metropolitian ","Sandstorms","Jam ",1
"24/03/2022","10:30:00","10:40:00",13,"Drinks ",27,5,22,"motorcycle ",1,"No ","Urban ","Sandstorms","Low ",1
"19/03/2022","23:30:00","23:35:00",13,"Snack ",23,4.8,18,"motorcycle ",1,"No ","Urban ","Windy","Low ",1
"16/02/2022","20:20:00","20:35:00",38,"Buffet ",34,4.7,2,"electric_scooter ",2,"No ","Metropolitian ","Stormy","Jam ",2
"4/04/2022","20:00:00","20:10:00",35,"Buffet ",23,4.7,22,"motorcycle ",0,"No ","Urban ","Fog","Jam ",1
"13/02/2022","14:10:00","14:25:00",23,"Snack ",26,5,19,"scooter ",1,"No ","Urban ","Sandstorms","High ",1
"16/02/2022","19:35:00","19:40:00",36,"Meal ",37,4.5,2,"scooter ",2,"No ","Metropolitian ","Windy","Jam ",1
"3/03/2022","9:20:00","9:25:00",17,"Buffet ",24,5,9,"motorcycle ",1,"No ","Metropolitian ","Fog","Low ",0
"5/04/2022","22:45:00","22:50:00",13,"Snack ",21,4.9,22,"motorcycle ",0,"No ","Metropolitian ","Sunny","Low ",0
"26/03/2022","9:40:00","9:55:00",12,"Snack ",21,4.8,13,"motorcycle ",1,"No ","Metropolitian ","Windy","Low ",0
"24/03/2022","19:45:00","19:55:00",17,"Snack ",28,4.9,16,"motorcycle ",1,"No ","Urban ","Sandstorms","Jam ",1
"31/03/2022","19:30:00","19:45:00",25,"Drinks ",36,4.6,16,"motorcycle ",1,"No ","Metropolitian ","Stormy","Jam ",1
"12/02/2022","22:30:00","22:40:00",20,"Snack ",26,4.6,6,"motorcycle ",0,"No ","Metropolitian ","Sandstorms","Low ",1
"3/04/2022","21:30:00","21:45:00",21,"Buffet ",20,4.9,23,"motorcycle ",2,"No ","Urban ","Fog","Jam ",0
"29/03/2022","20:25:00","20:35:00",54,"Snack ",33,4.1,13,"motorcycle ",0,"No ","Metropolitian ","Stormy","Jam ",2
"31/03/2022","23:45:00","23:55:00",36,"Drinks ",39,4.4,2,"scooter ",1,"No ","Metropolitian ","Fog","Low ",2
"12/03/2022","17:20:00","17:35:00",17,"Meal ",25,4.5,22,"motorcycle ",2,"No ","Metropolitian ","Sunny","Medium ",0
"18/02/2022","17:55:00","18:10:00",40,"Meal ",38,4.8,3,"motorcycle ",0,"No ","Metropolitian ","Stormy","Medium ",0
"6/03/2022","22:40:00","22:50:00",29,"Meal ",26,4.7,19,"scooter ",1,"No ","Metropolitian ","Sunny","Low ",1
"4/04/2022","21:15:00","21:25:00",30,"Snack ",38,4.9,4,"scooter ",2,"No ","Metropolitian ","Stormy","Jam ",1
"10/03/2022","19:30:00","19:40:00",34,"Snack ",23,4.3,19,"motorcycle ",1,"No ","Metropolitian ","Fog","Jam ",1
"28/03/2022","23:20:00","23:25:00",20,"Buffet ",38,4.7,18,"motorcycle ",0,"No ","Metropolitian ","Fog","Low ",0
"11/03/2022","21:45:00","21:55:00",33,"Snack ",30,4.9,19,"electric_scooter ",2,"No ","Metropolitian ","Windy","Jam ",1
"5/04/2022","22:00:00","22:15:00",32,"Buffet ",25,4.6,23,"scooter ",2,"No ","Metropolitian ","Fog","Jam ",1
"13/02/2022","11:00:00","11:15:00",23,"Meal ",37,4,12,"motorcycle ",0,"No ","Metropolitian ","Stormy","Low ",1
"11/02/2022","18:45:00","19:00:00",19,"Snack ",29,5,5,"scooter ",1,"No ","Metropolitian ","Fog","Medium ",1
"11/02/2022","9:45:00","9:55:00",27,"Drinks ",35,4.5,5,"scooter ",2,"No ","Urban ","Sandstorms","Low ",1
"12/03/2022","20:30:00","20:45:00",36,"Snack ",24,4.1,11,"scooter ",2,"No ","Metropolitian ","Fog","Jam ",1
"12/03/2022","22:35:00","22:45:00",22,"Buffet ",27,4.6,23,"motorcycle ",0,"No ","Metropolitian ","Cloudy","Low ",0
"3/04/2022","19:35:00","19:45:00",12,"Buffet ",23,4.7,23,"scooter ",1,"No ","Metropolitian ","Sandstorms","Jam ",0
"4/03/2022","20:50:00","21:05:00",14,"Drinks ",20,4.9,23,"electric_scooter ",2,"No ","Metropolitian ","Sunny","Jam ",0
"13/02/2022","20:25:00","20:35:00",30,"Snack ",32,4.7,9,"scooter ",2,"No ","Metropolitian ","Stormy","Jam ",1
"13/03/2022","17:35:00","17:50:00",32,"Meal ",33,4.9,12,"motorcycle ",0,"No ","Metropolitian ","Windy","Medium ",0
"2/03/2022","20:20:00","20:35:00",24,"Buffet ",24,5,22,"motorcycle ",1,"No ","Metropolitian ","Sandstorms","Jam ",0
"1/03/2022","17:35:00","17:50:00",26,"Buffet ",20,5,23,"motorcycle ",0,"No ","Metropolitian ","Fog","Medium ",0
"7/03/2022","19:45:00","19:55:00",21,"Meal ",20,4.9,14,"electric_scooter ",2,"No ","Metropolitian ","Stormy","Jam ",1
"5/03/2022","16:20:00","16:35:00",31,"Buffet ",33,4.6,22,"scooter ",2,"No ","Metropolitian ","Stormy","Medium ",1
"13/02/2022","23:20:00","23:25:00",23,"Drinks ",34,4.6,3,"motorcycle ",0,"No ","Metropolitian ","Fog","Low ",1
"27/03/2022","18:30:00","18:35:00",28,"Buffet ",21,5,18,"motorcycle ",1,"No ","Urban ","Fog","Medium ",1
"10/03/2022","17:45:00","17:50:00",31,"Meal ",24,4.7,19,"motorcycle ",0,"No ","Metropolitian ","Stormy","Medium ",1
"7/03/2022","11:00:00","11:05:00",18,"Buffet ",21,4.5,23,"electric_scooter ",2,"No ","Metropolitian ","Sunny","Low ",0
"18/02/2022","19:40:00","19:45:00",42,"Meal ",33,3.9,14,"scooter ",2,"No ","Metropolitian ","Fog","Jam ",1
"25/03/2022","22:15:00","22:30:00",25,"Buffet ",37,4.9,14,"scooter ",1,"No ","Metropolitian ","Sandstorms","Low ",0
"14/03/2022","23:30:00","23:45:00",38,"Drinks ",39,3.5,5,"motorcycle ",1,"No ","Metropolitian ","Cloudy","Low ",1
"14/02/2022","22:15:00","22:25:00",29,"Snack ",24,4.6,7,"motorcycle ",1,"No ","Metropolitian ","Stormy","Low ",1
"26/03/2022","10:45:00","11:00:00",22,"Meal ",36,4.4,6,"motorcycle ",0,"No ","Urban ","Windy","Low ",1
"21/03/2022","19:50:00","19:55:00",37,"Snack ",35,4.2,13,"motorcycle ",0,"No ","Metropolitian ","Sandstorms","Jam ",1
"1/04/2022","19:50:00","19:55:00",27,"Buffet ",21,4.6,22,"motorcycle ",0,"No ","Metropolitian ","Sandstorms","Jam ",1
"18/02/2022","21:45:00","21:55:00",40,"Buffet ",36,4.3,6,"motorcycle ",2,"No ","Metropolitian ","Fog","Jam ",1
"17/03/2022","15:40:00","15:45:00",27,"Drinks ",32,4.6,12,"motorcycle ",1,"No ","Metropolitian ","Stormy","Medium ",1
"1/03/2022","20:15:00","20:30:00",30,"Buffet ",32,4.7,18,"motorcycle ",0,"No ","Metropolitian ","Stormy","Jam ",0
"14/02/2022","21:50:00","22:05:00",15,"Buffet ",26,4.8,4,"scooter ",2,"No ","Metropolitian ","Sunny","Jam ",1
"1/04/2022","16:35:00","16:45:00",16,"Drinks ",20,5,16,"motorcycle ",2,"No ","Urban ","Cloudy","Medium ",1
"17/03/2022","21:55:00","22:00:00",25,"Snack ",35,5,18,"motorcycle ",1,"No ","Metropolitian ","Windy","Jam ",1
"16/03/2022","22:20:00","22:35:00",15,"Drinks ",30,5,16,"scooter ",2,"No ","Urban ","Stormy","Low ",1
"3/04/2022","23:40:00","23:55:00",12,"Meal ",27,4.6,22,"scooter ",2,"No ","Metropolitian ","Sandstorms","Low ",0
"21/03/2022","20:35:00","20:50:00",31,"Meal ",32,4.8,21,"motorcycle ",1,"No ","Urban ","Windy","Jam ",1
"21/03/2022","20:55:00","21:05:00",16,"Meal ",23,4.8,21,"motorcycle ",0,"No ","Urban ","Sandstorms","Jam ",0
"5/03/2022","12:40:00","12:50:00",46,"Drinks ",37,4.7,12,"motorcycle ",0,"Yes ","Metropolitian ","Windy","High ",1
"11/03/2022","19:55:00","20:10:00",18,"Snack ",29,4.6,16,"electric_scooter ",2,"No ","Urban ","Sunny","Jam ",1
"15/03/2022","22:40:00","22:50:00",22,"Meal ",28,4.7,18,"motorcycle ",0,"No ","Metropolitian ","Fog","Low ",0
"21/03/2022","18:00:00","18:10:00",30,"Drinks ",37,4.8,3,"motorcycle ",2,"No ","Metropolitian ","Stormy","Medium ",1
"12/02/2022","19:35:00","19:40:00",36,"Snack ",30,3.8,11,"scooter ",2,"No ","Metropolitian ","Stormy","Jam ",1
"28/03/2022","15:00:00","15:10:00",11,"Meal ",29,4.9,23,"scooter ",2,"No ","Urban ","Sandstorms","High ",0
"13/03/2022","9:30:00","9:45:00",25,"Snack ",32,4.7,21,"electric_scooter ",2,"No ","Urban ","Windy","Low ",1
"30/03/2022","11:55:00","12:00:00",14,"Snack ",27,4.7,12,"scooter ",2,"No ","Metropolitian ","Windy","High ",1
"11/03/2022","20:45:00","20:55:00",38,"Buffet ",34,4.6,23,"motorcycle ",2,"No ","Metropolitian ","Cloudy","Jam ",1
"9/03/2022","12:40:00","12:55:00",10,"Drinks ",25,4.5,22,"scooter ",2,"No ","Metropolitian ","Sandstorms","High ",0
"31/03/2022","22:45:00","22:50:00",11,"Drinks ",28,4.7,21,"motorcycle ",1,"No ","Metropolitian ","Sandstorms","Low ",0
"3/03/2022","15:50:00","16:00:00",29,"Drinks ",35,4.5,3,"scooter ",1,"No ","Urban ","Sandstorms","Medium ",1
"23/03/2022","19:45:00","19:50:00",41,"Drinks ",38,4,9,"motorcycle ",0,"No ","Metropolitian ","Windy","Jam ",1
"11/03/2022","11:40:00","11:50:00",22,"Meal ",20,4.6,18,"scooter ",1,"No ","Metropolitian ","Windy","High ",0
"15/03/2022","10:25:00","10:30:00",27,"Snack ",39,4.6,16,"motorcycle ",2,"No ","Metropolitian ","Windy","Low ",1
"20/03/2022","21:35:00","21:50:00",38,"Meal ",25,4.8,13,"motorcycle ",0,"No ","Metropolitian ","Cloudy","Jam ",1
"3/04/2022","18:25:00","18:35:00",14,"Meal ",23,5,9,"motorcycle ",0,"No ","Metropolitian ","Windy","Medium ",1
"1/04/2022","12:40:00","12:55:00",13,"Drinks ",21,4.6,6,"scooter ",1,"No ","Urban ","Windy","High ",1
"1/03/2022","20:40:00","20:45:00",33,"Meal ",30,4,13,"motorcycle ",0,"No ","Metropolitian ","Fog","Jam ",0
"12/02/2022","18:25:00","18:30:00",39,"Meal ",35,4.2,6,"electric_scooter ",2,"No ","Metropolitian ","Stormy","Medium ",2
"18/03/2022","17:25:00","17:40:00",38,"Drinks ",30,5,18,"electric_scooter ",2,"No ","Metropolitian ","Fog","Medium ",1
"17/02/2022","19:50:00","20:00:00",13,"Buffet ",27,4.7,16,"motorcycle ",1,"No ","Urban ","Windy","Jam ",1
"31/03/2022","20:50:00","21:05:00",49,"Meal ",20,4.5,9,"motorcycle ",0,"No ","Metropolitian ","Fog","Jam ",1
"2/04/2022","18:00:00","18:15:00",37,"Drinks ",34,3.6,5,"electric_scooter ",2,"No ","Metropolitian ","Sandstorms","Medium ",1
"14/03/2022","22:15:00","22:25:00",23,"Drinks ",24,4.7,19,"motorcycle ",0,"No ","Urban ","Fog","Low ",0
"13/03/2022","19:20:00","19:25:00",32,"Drinks ",33,4.1,5,"motorcycle ",0,"No ","Metropolitian ","Sandstorms","Jam ",1
"6/03/2022","23:35:00","23:45:00",15,"Drinks ",24,4.6,14,"scooter ",2,"No ","Metropolitian ","Sandstorms","Low ",1
"1/04/2022","11:45:00","11:50:00",37,"Buffet ",34,5,19,"motorcycle ",0,"No ","Urban ","Windy","High ",1
"11/02/2022","10:20:00","10:35:00",29,"Buffet ",34,4.6,5,"motorcycle ",0,"No ","Metropolitian ","Stormy","Low ",1
"12/03/2022","22:25:00","22:30:00",37,"Buffet ",22,3.1,8,"scooter ",2,"No ","Metropolitian ","Sunny","Low ",1
"25/03/2022","22:00:00","22:15:00",41,"Drinks ",30,4.8,3,"motorcycle ",0,"No ","Metropolitian ","Cloudy","Jam ",1
"28/03/2022","19:45:00","20:00:00",25,"Meal ",28,4.7,13,"motorcycle ",0,"No ","Metropolitian ","Fog","Jam ",1
"11/03/2022","16:20:00","16:30:00",16,"Meal ",28,4.5,2,"electric_scooter ",2,"No ","Urban ","Fog","Medium ",0
"31/03/2022","19:40:00","19:55:00",21,"Snack ",26,4.7,1,"electric_scooter ",2,"No ","Urban ","Windy","Jam ",1
"27/03/2022","23:15:00","23:20:00",22,"Drinks ",36,4.5,19,"motorcycle ",2,"No ","Metropolitian ","Stormy","Low ",0
"14/02/2022","18:40:00","18:50:00",36,"Snack ",35,4.2,6,"scooter ",1,"No ","Urban ","Stormy","Medium ",1
"1/04/2022","10:35:00","10:40:00",18,"Meal ",28,4.5,23,"scooter ",2,"No ","Metropolitian ","Sandstorms","Low ",1
"5/04/2022","23:35:00","23:40:00",28,"Buffet ",35,4.4,17,"motorcycle ",0,"No ","Urban ","Stormy","Low ",1
"21/03/2022","10:50:00","11:05:00",27,"Drinks ",32,4.6,21,"motorcycle ",1,"No ","Metropolitian ","Stormy","Low ",1
"14/02/2022","20:35:00","20:50:00",35,"Buffet ",38,4.8,5,"motorcycle ",0,"No ","Metropolitian ","Sunny","Jam ",1
"6/04/2022","23:40:00","23:50:00",23,"Meal ",28,4.7,19,"electric_scooter ",2,"No ","Metropolitian ","Fog","Low ",1
"17/03/2022","11:55:00","12:00:00",28,"Buffet ",23,4.7,7,"scooter ",1,"No ","Metropolitian ","Stormy","High ",1
"6/04/2022","17:40:00","17:50:00",35,"Snack ",33,3.8,3,"scooter ",1,"No ","Metropolitian ","Windy","Medium ",1
"13/03/2022","13:45:00","14:00:00",16,"Buffet ",32,4.7,18,"scooter ",2,"No ","Urban ","Sunny","High ",1
"14/03/2022","19:50:00","19:55:00",33,"Snack ",22,4.9,15,"motorcycle ",0,"No ","Metropolitian ","Stormy","Jam ",1
"5/03/2022","23:10:00","23:20:00",31,"Meal ",35,4.2,7,"motorcycle ",0,"No ","Metropolitian ","Sunny","Low ",1
"26/03/2022","8:40:00","8:50:00",14,"Buffet ",26,4.6,23,"motorcycle ",1,"No ","Metropolitian ","Cloudy","Low ",0
"5/04/2022","19:15:00","19:20:00",23,"Drinks ",26,4.8,19,"motorcycle ",0,"No ","Urban ","Fog","Jam ",1
"3/03/2022","17:15:00","17:30:00",28,"Buffet ",32,4.6,13,"motorcycle ",1,"No ","Metropolitian ","Stormy","Medium ",0
"24/03/2022","12:40:00","12:50:00",35,"Snack ",30,4.7,13,"motorcycle ",0,"No ","Metropolitian ","Windy","High ",2
"16/03/2022","17:25:00","17:35:00",38,"Buffet ",33,4.3,16,"motorcycle ",0,"No ","Metropolitian ","Sunny","Medium ",1
"24/03/2022","16:10:00","16:20:00",25,"Buffet ",30,4.5,21,"scooter ",2,"No ","Metropolitian ","Windy","Medium ",0
"4/03/2022","19:40:00","19:50:00",15,"Buffet ",26,4.8,14,"scooter ",2,"No ","Metropolitian ","Sunny","Jam ",0
"15/03/2022","18:55:00","19:10:00",27,"Snack ",20,4.7,12,"motorcycle ",2,"No ","Metropolitian ","Windy","Medium ",1
"11/02/2022","21:55:00","22:10:00",23,"Snack ",35,4.9,9,"motorcycle ",0,"No ","Metropolitian ","Sunny","Jam ",0
"18/03/2022","18:35:00","18:40:00",42,"Drinks ",36,4,15,"scooter ",2,"No ","Metropolitian ","Cloudy","Medium ",1
"26/03/2022","8:55:00","9:10:00",27,"Meal ",33,5,22,"motorcycle ",1,"No ","Metropolitian ","Windy","Low ",1
"31/03/2022","22:10:00","22:25:00",15,"Meal ",23,4.7,23,"motorcycle ",0,"No ","Metropolitian ","Windy","Low ",0
"13/03/2022","15:00:00","15:10:00",27,"Meal ",22,4.5,16,"scooter ",1,"No ","Metropolitian ","Stormy","High ",0
"9/03/2022","22:20:00","22:25:00",33,"Buffet ",35,4.2,3,"motorcycle ",0,"No ","Metropolitian ","Windy","Low ",2
"5/04/2022","11:25:00","11:35:00",30,"Drinks ",31,5,19,"scooter ",2,"No ","Metropolitian ","Sandstorms","High ",1
"3/03/2022","23:25:00","23:40:00",16,"Meal ",37,4.9,18,"scooter ",1,"No ","Urban ","Sunny","Low ",0
"4/03/2022","17:10:00","17:20:00",43,"Meal ",33,4.6,15,"motorcycle ",0,"No ","Metropolitian ","Sandstorms","Medium ",1
"11/02/2022","22:45:00","22:50:00",22,"Snack ",34,4.2,5,"motorcycle ",0,"No ","Metropolitian ","Sandstorms","Low ",1
"13/02/2022","8:55:00","9:10:00",18,"Snack ",21,4.5,8,"scooter ",1,"No ","Metropolitian ","Sandstorms","Low ",1
"10/03/2022","23:55:00","0:10:00",38,"Snack ",37,3.7,8,"motorcycle ",1,"No ","Metropolitian ","Fog","Low ",1
"3/03/2022","15:35:00","15:45:00",21,"Drinks ",37,4.8,16,"motorcycle ",1,"No ","Metropolitian ","Sunny","Medium ",0
"6/03/2022","19:20:00","19:35:00",37,"Buffet ",35,3.6,4,"electric_scooter ",2,"No ","Metropolitian ","Stormy","Jam ",0
"17/03/2022","9:55:00","10:00:00",24,"Buffet ",30,4.8,19,"motorcycle ",2,"No ","Urban ","Windy","Low ",0
"18/02/2022","21:15:00","21:25:00",46,"Meal ",32,4.8,8,"motorcycle ",0,"No ","Metropolitian ","Fog","Jam ",3
"17/02/2022","18:55:00","19:00:00",17,"Drinks ",23,4.8,5,"scooter ",1,"No ","Metropolitian ","Fog","Medium ",0
"30/03/2022","11:45:00","11:55:00",25,"Meal ",30,5,3,"scooter ",2,"No ","Urban ","Stormy","High ",1
"11/02/2022","23:15:00","23:20:00",23,"Buffet ",30,4.7,19,"scooter ",1,"No ","Urban ","Windy","Low ",0
"1/03/2022","23:30:00","23:40:00",25,"Drinks ",32,4.8,17,"scooter ",2,"No ","Metropolitian ","Stormy","Low ",0
"12/02/2022","21:35:00","21:40:00",43,"Snack ",24,5,5,"electric_scooter ",2,"No ","Metropolitian ","Stormy","Jam ",0
"14/02/2022","19:25:00","19:40:00",46,"Buffet ",30,4.9,8,"motorcycle ",0,"Yes ","Metropolitian ","Stormy","Jam ",3
"31/03/2022","19:15:00","19:30:00",36,"Meal ",20,5,3,"motorcycle ",0,"No ","Urban ","Cloudy","Jam ",1
"23/03/2022","19:25:00","19:30:00",42,"Drinks ",25,4.7,19,"scooter ",2,"No ","Urban ","Fog","Jam ",2
"12/02/2022","17:55:00","18:05:00",25,"Drinks ",21,5,9,"scooter ",2,"No ","Metropolitian ","Sandstorms","Medium ",0
"10/03/2022","20:00:00","20:15:00",49,"Snack ",32,4.5,9,"motorcycle ",0,"Yes ","Metropolitian ","Fog","Jam ",1
"6/03/2022","22:20:00","22:25:00",11,"Buffet ",27,4.6,21,"scooter ",2,"No ","Metropolitian ","Sandstorms","Low ",0
"30/03/2022","13:50:00","14:00:00",25,"Meal ",27,4.5,12,"motorcycle ",0,"No ","Metropolitian ","Fog","High ",1
"1/03/2022","11:10:00","11:25:00",33,"Meal ",37,4.3,23,"scooter ",1,"No ","Metropolitian ","Sandstorms","High ",1
"23/03/2022","19:40:00","19:45:00",40,"Snack ",33,4.7,9,"motorcycle ",1,"No ","Metropolitian ","Fog","Jam ",1
"5/03/2022","20:45:00","20:55:00",26,"Drinks ",37,4.9,23,"motorcycle ",0,"No ","Metropolitian ","Sunny","Jam ",1
"7/03/2022","23:25:00","23:30:00",12,"Snack ",20,4.9,14,"scooter ",1,"No ","Metropolitian ","Windy","Low ",1
"8/03/2022","19:20:00","19:35:00",21,"Buffet ",20,4.8,23,"motorcycle ",1,"No ","Urban ","Stormy","Jam ",0
"20/03/2022","20:15:00","20:25:00",41,"Buffet ",34,4.4,1,"motorcycle ",1,"Yes ","Urban ","Windy","Jam ",0
"4/04/2022","23:20:00","23:35:00",19,"Drinks ",29,4.8,22,"motorcycle ",0,"No ","Metropolitian ","Sandstorms","Low ",1
"5/03/2022","11:00:00","11:15:00",17,"Meal ",32,4.6,16,"motorcycle ",1,"No ","Metropolitian ","Sunny","Low ",1
"28/03/2022","15:40:00","15:55:00",39,"Buffet ",32,4.1,4,"motorcycle ",0,"No ","Metropolitian ","Sandstorms","Medium ",0
"11/03/2022","8:30:00","8:35:00",26,"Snack ",34,5,17,"motorcycle ",0,"No ","Metropolitian ","Sunny","Low ",1
"5/03/2022","11:15:00","11:20:00",33,"Snack ",33,4.8,17,"scooter ",1,"No ","Metropolitian ","Sunny","High ",1
"13/02/2022","21:35:00","21:45:00",17,"Drinks ",22,4.6,19,"electric_scooter ",2,"No ","Urban ","Sunny","Jam ",1
"4/03/2022","18:40:00","18:50:00",28,"Snack ",24,4.8,12,"motorcycle ",1,"No ","Metropolitian ","Fog","Medium ",1
"3/03/2022","15:25:00","15:40:00",29,"Meal ",28,4.7,17,"motorcycle ",0,"No ","Urban ","Sandstorms","Medium ",1
"18/02/2022","23:50:00","0:00:00",21,"Snack ",39,4.9,5,"motorcycle ",0,"No ","Metropolitian ","Fog","Low ",1
"7/03/2022","12:00:00","12:15:00",14,"Buffet ",25,4.5,4,"electric_scooter ",2,"No ","Urban ","Stormy","High ",1
"13/03/2022","12:45:00","13:00:00",36,"Buffet ",37,4.3,17,"scooter ",2,"No ","Metropolitian ","Fog","High ",1
"3/03/2022","15:55:00","16:05:00",25,"Drinks ",20,4.8,17,"electric_scooter ",2,"No ","Urban ","Windy","Medium ",1
"11/03/2022","8:15:00","8:25:00",19,"Drinks ",32,4.6,23,"electric_scooter ",2,"No ","Urban ","Fog","Low ",1
"14/02/2022","21:00:00","21:10:00",19,"Buffet ",24,4.9,9,"motorcycle ",1,"No ","Metropolitian ","Windy","Jam ",0
"13/02/2022","23:00:00","23:05:00",16,"Snack ",31,4.9,4,"scooter ",2,"No ","Metropolitian ","Stormy","Low ",0
"21/03/2022","9:45:00","10:00:00",15,"Drinks ",21,4.7,19,"motorcycle ",0,"No ","Urban ","Cloudy","Low ",0
"1/04/2022","19:00:00","19:10:00",23,"Drinks ",20,4.6,22,"motorcycle ",1,"No ","Metropolitian ","Stormy","Medium ",0
"11/02/2022","14:50:00","15:00:00",33,"Snack ",27,4.8,2,"motorcycle ",2,"No ","Metropolitian ","Fog","High ",0
"6/04/2022","23:45:00","0:00:00",10,"Snack ",29,4.9,19,"motorcycle ",1,"No ","Urban ","Stormy","Low ",1
"19/03/2022","19:15:00","19:20:00",47,"Buffet ",31,4,4,"motorcycle ",0,"No ","Semi-Urban ","Windy","Jam ",3
"17/02/2022","11:45:00","12:00:00",33,"Meal ",20,4.8,15,"scooter ",2,"No ","Urban ","Cloudy","High ",1
"13/03/2022","8:20:00","8:25:00",12,"Drinks ",25,4.5,21,"scooter ",2,"No ","Metropolitian ","Stormy","Low ",1
"6/03/2022","22:10:00","22:25:00",21,"Snack ",32,4.9,21,"motorcycle ",0,"No ","Metropolitian ","Sandstorms","Low ",1
"12/02/2022","21:15:00","21:20:00",44,"Snack ",20,4.7,4,"motorcycle ",0,"Yes ","Metropolitian ","Fog","Jam ",2
"30/03/2022","9:25:00","9:35:00",22,"Drinks ",25,4.9,17,"motorcycle ",0,"No ","Metropolitian ","Fog","Low ",1
"12/02/2022","20:30:00","20:40:00",41,"Drinks ",37,3.6,13,"scooter ",1,"No ","Metropolitian ","Stormy","Jam ",0
"11/02/2022","23:15:00","23:25:00",15,"Meal ",29,4.1,2,"motorcycle ",0,"No ","Urban ","Sandstorms","Low ",1
"20/03/2022","23:25:00","23:40:00",29,"Buffet ",31,5,2,"motorcycle ",0,"No ","Metropolitian ","Windy","Low ",1
"25/03/2022","17:40:00","17:50:00",29,"Buffet ",27,4.7,17,"motorcycle ",0,"No ","Urban ","Sunny","Medium ",0
"1/04/2022","14:35:00","14:40:00",23,"Meal ",33,4.6,2,"motorcycle ",1,"No ","Urban ","Sunny","High ",1
"23/03/2022","21:15:00","21:30:00",20,"Buffet ",20,4.9,18,"motorcycle ",1,"No ","Metropolitian ","Windy","Jam ",1
"7/03/2022","8:45:00","8:50:00",18,"Snack ",25,4.9,21,"motorcycle ",1,"No ","Urban ","Stormy","Low ",1
"16/03/2022","19:40:00","19:45:00",30,"Meal ",27,4.8,16,"scooter ",1,"No ","Metropolitian ","Fog","Jam ",0
"14/02/2022","17:30:00","17:35:00",27,"Meal ",37,4.7,8,"scooter ",1,"No ","Metropolitian ","Stormy","Medium ",1
"2/04/2022","18:10:00","18:20:00",18,"Drinks ",20,4.5,9,"scooter ",1,"No ","Metropolitian ","Windy","Medium ",1
"4/03/2022","19:30:00","19:45:00",42,"Meal ",34,4.2,13,"scooter ",2,"No ","Metropolitian ","Stormy","Jam ",1
"11/03/2022","10:45:00","10:50:00",29,"Drinks ",33,4.7,18,"scooter ",1,"No ","Urban ","Windy","Low ",0
"19/03/2022","10:00:00","10:05:00",26,"Meal ",36,4.9,3,"scooter ",1,"No ","Metropolitian ","Sandstorms","Low ",1
"18/03/2022","20:45:00","21:00:00",22,"Snack ",27,4.9,8,"scooter ",2,"No ","Metropolitian ","Stormy","Jam ",0
"4/04/2022","18:10:00","18:25:00",28,"Meal ",29,4.5,23,"scooter ",1,"No ","Metropolitian ","Windy","Medium ",1
"25/03/2022","23:30:00","23:45:00",18,"Meal ",24,4.7,17,"electric_scooter ",2,"No ","Metropolitian ","Sandstorms","Low ",0
"30/03/2022","18:50:00","19:05:00",12,"Snack ",29,4.5,13,"scooter ",2,"No ","Metropolitian ","Sunny","Medium ",1
"10/03/2022","20:00:00","20:15:00",44,"Buffet ",28,4.3,19,"scooter ",1,"No ","Metropolitian ","Cloudy","Jam ",2
"6/03/2022","23:50:00","0:05:00",29,"Snack ",35,4.8,18,"motorcycle ",0,"No ","Urban ","Sandstorms","Low ",1
"16/03/2022","17:10:00","17:15:00",35,"Buffet ",21,4.7,22,"scooter ",1,"No ","Metropolitian ","Cloudy","Medium ",1
"13/03/2022","18:50:00","19:00:00",23,"Meal ",23,4.8,17,"motorcycle ",0,"No ","Metropolitian ","Cloudy","Medium ",0
"9/03/2022","23:20:00","23:30:00",21,"Meal ",20,4.9,16,"scooter ",1,"No ","Urban ","Sunny","Low ",0
"27/03/2022","21:50:00","22:00:00",36,"Drinks ",24,4.3,5,"scooter ",1,"No ","Metropolitian ","Fog","Jam ",1
"13/03/2022","11:25:00","11:30:00",25,"Drinks ",34,4.6,19,"scooter ",2,"No ","Metropolitian ","Fog","High ",1
"18/03/2022","18:00:00","18:05:00",33,"Drinks ",31,4.3,13,"scooter ",2,"No ","Metropolitian ","Sandstorms","Medium ",1
"18/03/2022","23:55:00","0:05:00",29,"Meal ",35,4.9,3,"scooter ",1,"No ","Metropolitian ","Stormy","Low ",0
"18/02/2022","18:35:00","18:45:00",32,"Drinks ",21,4.9,6,"motorcycle ",0,"No ","Metropolitian ","Sandstorms","Medium ",1
"13/03/2022","8:55:00","9:10:00",23,"Snack ",37,4.9,16,"motorcycle ",0,"No ","Metropolitian ","Fog","Low ",1
"7/03/2022","12:50:00","13:00:00",11,"Snack ",29,4.5,5,"scooter ",1,"No ","Urban ","Stormy","High ",0
"13/03/2022","10:25:00","10:30:00",18,"Snack ",35,5,19,"motorcycle ",1,"No ","Urban ","Fog","Low ",0
"18/03/2022","20:30:00","20:35:00",23,"Meal ",24,4.7,19,"electric_scooter ",2,"No ","Urban ","Sunny","Jam ",1
"28/03/2022","19:50:00","20:05:00",47,"Buffet ",38,4.3,6,"motorcycle ",0,"No ","Metropolitian ","Sandstorms","Jam ",3
"13/03/2022","9:00:00","9:15:00",17,"Meal ",24,4.9,23,"motorcycle ",0,"No ","Urban ","Cloudy","Low ",0
"24/03/2022","8:45:00","8:55:00",30,"Meal ",39,4.1,5,"motorcycle ",0,"No ","Metropolitian ","Stormy","Low ",1
"5/04/2022","19:20:00","19:30:00",37,"Drinks ",32,4.2,4,"scooter ",2,"No ","Metropolitian ","Cloudy","Jam ",0
"23/03/2022","18:55:00","19:05:00",32,"Buffet ",38,4.3,4,"scooter ",2,"No ","Metropolitian ","Cloudy","Medium ",1
"15/02/2022","13:10:00","13:25:00",10,"Buffet ",29,4.8,21,"scooter ",2,"No ","Urban ","Sunny","High ",0
"27/03/2022","21:50:00","22:00:00",30,"Meal ",24,4.7,17,"motorcycle ",1,"No ","Urban ","Fog","Jam ",0
"27/03/2022","18:45:00","19:00:00",26,"Meal ",39,4.7,21,"motorcycle ",1,"No ","Urban ","Windy","Medium ",0
"2/04/2022","20:00:00","20:10:00",37,"Buffet ",29,4.2,13,"scooter ",1,"No ","Metropolitian ","Fog","Jam ",1
"24/03/2022","11:35:00","11:45:00",23,"Meal ",23,5,23,"motorcycle ",0,"No ","Metropolitian ","Stormy","High ",0
"24/03/2022","21:45:00","21:50:00",34,"Meal ",39,4.1,11,"scooter ",1,"No ","Metropolitian ","Stormy","Jam ",1
"3/03/2022","11:30:00","11:40:00",37,"Meal ",27,4.2,9,"motorcycle ",0,"No ","Metropolitian ","Sandstorms","High ",0
"19/03/2022","9:10:00","9:20:00",15,"Snack ",28,4.6,22,"scooter ",1,"No ","Metropolitian ","Windy","Low ",0
"14/02/2022","23:50:00","0:00:00",29,"Meal ",30,4.8,5,"motorcycle ",0,"No ","Metropolitian ","Stormy","Low ",0
"12/03/2022","22:10:00","22:25:00",15,"Meal ",35,4.6,9,"electric_scooter ",2,"No ","Metropolitian ","Windy","Low ",0
"27/03/2022","19:50:00","20:05:00",33,"Snack ",20,4.9,4,"scooter ",2,"No ","Metropolitian ","Fog","Jam ",1
"9/03/2022","19:55:00","20:10:00",27,"Drinks ",27,4.8,23,"motorcycle ",0,"No ","Metropolitian ","Cloudy","Jam ",1
"16/03/2022","19:15:00","19:30:00",52,"Buffet ",39,5,16,"motorcycle ",0,"No ","Metropolitian ","Windy","Jam ",1
"29/03/2022","21:25:00","21:30:00",10,"Snack ",25,4.6,3,"scooter ",2,"No ","Urban ","Sunny","Jam ",0
"6/03/2022","22:55:00","23:00:00",10,"Drinks ",29,4.9,16,"electric_scooter ",2,"No ","Urban ","Stormy","Low ",0
"28/03/2022","10:25:00","10:40:00",17,"Drinks ",28,5,12,"scooter ",2,"No ","Metropolitian ","Stormy","Low ",0
"1/03/2022","22:00:00","22:05:00",22,"Buffet ",26,5,19,"scooter ",2,"No ","Urban ","Sandstorms","Jam ",1
"2/03/2022","19:45:00","19:55:00",23,"Buffet ",27,4.8,23,"motorcycle ",1,"No ","Metropolitian ","Windy","Jam ",1
"21/03/2022","23:35:00","23:50:00",25,"Buffet ",34,4.9,23,"scooter ",1,"No ","Metropolitian ","Stormy","Low ",1
"4/04/2022","20:25:00","20:35:00",24,"Snack ",29,4.9,19,"motorcycle ",2,"No ","Metropolitian ","Sandstorms","Jam ",1
"30/03/2022","9:45:00","9:50:00",29,"Drinks ",38,4.6,11,"electric_scooter ",2,"No ","Metropolitian ","Windy","Low ",1
"28/03/2022","8:15:00","8:20:00",23,"Buffet ",36,4.8,23,"motorcycle ",1,"No ","Metropolitian ","Stormy","Low ",0
"19/03/2022","17:10:00","17:15:00",19,"Drinks ",22,5,3,"motorcycle ",0,"No ","Metropolitian ","Sandstorms","Medium ",0
"3/04/2022","20:35:00","20:50:00",11,"Snack ",22,5,18,"scooter ",2,"No ","Urban ","Sandstorms","Jam ",0
"1/04/2022","11:15:00","11:20:00",34,"Meal ",25,5,13,"motorcycle ",0,"No ","Metropolitian ","Stormy","High ",0
"11/03/2022","22:50:00","23:00:00",23,"Meal ",37,4.7,17,"scooter ",2,"No ","Metropolitian ","Stormy","Low ",1
"11/03/2022","19:15:00","19:30:00",14,"Buffet ",22,4.9,14,"scooter ",2,"No ","Metropolitian ","Sunny","Jam ",0
"30/03/2022","9:50:00","10:05:00",26,"Drinks ",36,4.3,21,"motorcycle ",0,"No ","Urban ","Sandstorms","Low ",1
"16/03/2022","22:20:00","22:25:00",18,"Drinks ",27,4.9,16,"scooter ",1,"No ","Metropolitian ","Sandstorms","Low ",1
"9/03/2022","23:45:00","23:50:00",21,"Snack ",33,4.9,18,"motorcycle ",1,"No ","Urban ","Stormy","Low ",1
"13/02/2022","12:35:00","12:50:00",39,"Meal ",36,4.3,3,"scooter ",2,"No ","Urban ","Cloudy","High ",2
"21/03/2022","11:30:00","11:35:00",34,"Snack ",35,4,9,"motorcycle ",1,"No ","Metropolitian ","Windy","High ",2
"6/03/2022","18:50:00","19:00:00",41,"Meal ",34,5,16,"motorcycle ",0,"No ","Metropolitian ","Sunny","Medium ",2
"16/03/2022","17:40:00","17:45:00",34,"Snack ",36,3.5,13,"motorcycle ",1,"No ","Metropolitian ","Sandstorms","Medium ",1
"27/03/2022","20:50:00","21:00:00",48,"Snack ",34,4.7,4,"motorcycle ",1,"No ","Metropolitian ","Cloudy","Jam ",1
"20/03/2022","19:40:00","19:45:00",39,"Snack ",36,5,3,"scooter ",2,"No ","Metropolitian ","Cloudy","Jam ",1
"14/03/2022","22:15:00","22:25:00",38,"Meal ",38,4.1,9,"scooter ",2,"No ","Metropolitian ","Fog","Low ",1
"20/03/2022","17:25:00","17:35:00",49,"Buffet ",35,4.9,18,"motorcycle ",0,"No ","Urban ","Fog","Medium ",0
"4/03/2022","20:40:00","20:50:00",28,"Drinks ",34,4.7,19,"scooter ",2,"No ","Metropolitian ","Sandstorms","Jam ",1
"30/03/2022","23:45:00","0:00:00",34,"Meal ",31,4.3,5,"motorcycle ",0,"No ","Metropolitian ","Windy","Low ",1
"18/02/2022","21:35:00","21:40:00",41,"Meal ",38,3.6,10,"electric_scooter ",2,"No ","Metropolitian ","Sandstorms","Jam ",1
"10/03/2022","21:50:00","21:55:00",22,"Buffet ",20,4.7,17,"motorcycle ",1,"No ","Urban ","Sandstorms","Jam ",0
"2/04/2022","23:45:00","23:55:00",23,"Buffet ",26,4.6,23,"scooter ",1,"No ","Metropolitian ","Cloudy","Low ",0
"17/02/2022","13:00:00","13:10:00",27,"Meal ",36,4.9,7,"motorcycle ",0,"No ","Metropolitian ","Fog","High ",1
"15/02/2022","21:45:00","22:00:00",34,"Meal ",39,4.3,6,"motorcycle ",1,"No ","Metropolitian ","Stormy","Jam ",0
"26/03/2022","10:25:00","10:30:00",16,"Drinks ",29,4,9,"motorcycle ",0,"No ","Metropolitian ","Sandstorms","Low ",1
"15/02/2022","23:10:00","23:15:00",11,"Drinks ",27,4.5,2,"scooter ",1,"No ","Metropolitian ","Sandstorms","Low ",0
"4/03/2022","20:10:00","20:20:00",19,"Meal ",24,4.6,17,"scooter ",1,"No ","Metropolitian ","Sandstorms","Jam ",1
"15/03/2022","20:45:00","20:55:00",25,"Buffet ",28,4.9,13,"motorcycle ",0,"No ","Metropolitian ","Cloudy","Jam ",0
"16/03/2022","22:45:00","22:50:00",28,"Meal ",34,4.8,18,"motorcycle ",0,"No ","Metropolitian ","Windy","Low ",1
"28/03/2022","11:00:00","11:05:00",18,"Meal ",20,4,12,"motorcycle ",0,"No ","Metropolitian ","Windy","Low ",1
"20/03/2022","22:10:00","22:15:00",26,"Snack ",23,5,15,"motorcycle ",1,"No ","Metropolitian ","Fog","Low ",1
"3/03/2022","19:15:00","19:20:00",21,"Buffet ",37,4.8,12,"motorcycle ",0,"No ","Metropolitian ","Sunny","Jam ",0
"30/03/2022","11:50:00","11:55:00",22,"Buffet ",35,4.9,12,"motorcycle ",1,"No ","Metropolitian ","Sunny","High ",0
"5/04/2022","10:15:00","10:25:00",21,"Buffet ",39,4.6,17,"motorcycle ",2,"No ","Metropolitian ","Windy","Low ",1
"2/03/2022","22:55:00","23:05:00",39,"Snack ",32,4.3,9,"motorcycle ",0,"No ","Metropolitian ","Fog","Low ",2
"4/04/2022","23:45:00","23:55:00",25,"Meal ",20,4.8,23,"scooter ",2,"No ","Metropolitian ","Cloudy","Low ",1
"20/03/2022","20:50:00","21:00:00",20,"Buffet ",26,4.6,17,"motorcycle ",1,"No ","Metropolitian ","Stormy","Jam ",1
"11/02/2022","11:50:00","12:05:00",28,"Meal ",36,4.9,3,"electric_scooter ",2,"No ","Metropolitian ","Stormy","High ",1
"2/04/2022","23:30:00","23:45:00",23,"Meal ",25,5,18,"motorcycle ",0,"No ","Metropolitian ","Fog","Low ",0
"11/02/2022","19:00:00","19:05:00",28,"Buffet ",23,4.7,4,"scooter ",1,"No ","Metropolitian ","Windy","Medium ",1
"7/03/2022","20:25:00","20:40:00",30,"Drinks ",22,4.8,17,"motorcycle ",1,"No ","Urban ","Stormy","Jam ",1
"2/04/2022","23:30:00","23:40:00",16,"Snack ",28,4.9,19,"electric_scooter ",2,"No ","Metropolitian ","Stormy","Low ",1
"1/03/2022","8:55:00","9:10:00",10,"Snack ",39,4.8,9,"motorcycle ",1,"No ","Metropolitian ","Sunny","Low ",0
"15/02/2022","14:20:00","14:35:00",26,"Snack ",37,4.7,5,"motorcycle ",0,"No ","Metropolitian ","Fog","High ",1
"14/03/2022","18:45:00","18:50:00",23,"Drinks ",27,4.6,19,"motorcycle ",2,"No ","Metropolitian ","Sandstorms","Medium ",1
"15/02/2022","15:20:00","15:25:00",12,"Meal ",20,4.7,8,"scooter ",1,"No ","Metropolitian ","Sunny","Medium ",0
"25/03/2022","21:10:00","21:25:00",27,"Drinks ",30,4.5,2,"electric_scooter ",2,"No ","Urban ","Sunny","Jam ",1
"16/03/2022","20:30:00","20:40:00",36,"Drinks ",24,4.9,19,"scooter ",1,"No ","Urban ","Cloudy","Jam ",0
"24/03/2022","12:55:00","13:05:00",35,"Buffet ",36,4.9,7,"motorcycle ",0,"No ","Metropolitian ","Stormy","High ",0
"3/04/2022","15:00:00","15:15:00",16,"Drinks ",23,4.8,18,"scooter ",1,"No ","Metropolitian ","Stormy","High ",0
"13/03/2022","20:15:00","20:25:00",29,"Buffet ",21,4.6,17,"motorcycle ",0,"No ","Metropolitian ","Windy","Jam ",1
"6/04/2022","23:30:00","23:45:00",42,"Snack ",23,3.4,6,"motorcycle ",1,"No ","Metropolitian ","Sunny","Low ",1
"2/03/2022","22:45:00","22:55:00",19,"Drinks ",33,4.7,12,"scooter ",2,"No ","Metropolitian ","Stormy","Low ",0
"3/04/2022","20:25:00","20:35:00",29,"Snack ",26,4.6,8,"motorcycle ",2,"No ","Metropolitian ","Stormy","Jam ",0
"13/02/2022","22:40:00","22:50:00",22,"Drinks ",35,5,8,"motorcycle ",0,"No ","Metropolitian ","Stormy","Low ",1
"15/02/2022","8:45:00","9:00:00",16,"Buffet ",36,4.7,15,"scooter ",2,"No ","Urban ","Cloudy","Low ",0
"5/03/2022","19:35:00","19:45:00",39,"Meal ",34,4,3,"scooter ",2,"No ","Metropolitian ","Sunny","Jam ",2
"15/02/2022","18:25:00","18:30:00",33,"Meal ",31,4.3,7,"motorcycle ",2,"No ","Metropolitian ","Windy","Medium ",1
"11/02/2022","20:45:00","21:00:00",33,"Drinks ",34,4.7,7,"scooter ",1,"No ","Metropolitian ","Sandstorms","Jam ",1
"14/03/2022","23:55:00","0:00:00",28,"Snack ",33,4.8,18,"motorcycle ",0,"No ","Urban ","Stormy","Low ",0
"25/03/2022","22:25:00","22:35:00",38,"Drinks ",38,4.3,8,"motorcycle ",1,"No ","Metropolitian ","Cloudy","Low ",0
"11/02/2022","9:15:00","9:20:00",11,"Meal ",25,4.7,15,"motorcycle ",1,"No ","Urban ","Sandstorms","Low ",1
"16/03/2022","20:50:00","21:05:00",37,"Buffet ",29,4.4,17,"motorcycle ",1,"No ","Metropolitian ","Cloudy","Jam ",1
"17/02/2022","18:35:00","18:40:00",19,"Drinks ",39,4.7,8,"scooter ",1,"No ","Metropolitian ","Stormy","Medium ",1
"14/03/2022","22:15:00","22:25:00",37,"Meal ",36,4.2,5,"motorcycle ",1,"No ","Metropolitian ","Fog","Low ",1
"5/04/2022","18:50:00","19:00:00",16,"Meal ",33,4.8,21,"scooter ",1,"No ","Metropolitian ","Cloudy","Medium ",0
"7/03/2022","9:35:00","9:50:00",17,"Meal ",28,4.7,18,"scooter ",1,"No ","Urban ","Stormy","Low ",0
"6/04/2022","20:25:00","20:35:00",33,"Buffet ",38,4.3,5,"scooter ",1,"No ","Metropolitian ","Sunny","Jam ",0
"13/03/2022","19:35:00","19:50:00",27,"Drinks ",22,4.5,19,"scooter ",2,"No ","Metropolitian ","Windy","Jam ",0
"3/03/2022","21:40:00","21:50:00",26,"Meal ",24,4.5,15,"scooter ",2,"No ","Metropolitian ","Fog","Jam ",0
"15/03/2022","21:40:00","21:55:00",13,"Drinks ",20,5,16,"scooter ",1,"No ","Urban ","Sunny","Jam ",0
"8/03/2022","23:45:00","23:50:00",26,"Drinks ",35,4.8,9,"motorcycle ",0,"No ","Metropolitian ","Stormy","Low ",1
"16/02/2022","17:35:00","17:45:00",16,"Drinks ",25,4.8,6,"scooter ",1,"No ","Metropolitian ","Windy","Medium ",1
"6/04/2022","18:20:00","18:35:00",28,"Snack ",29,4.6,15,"motorcycle ",1,"No ","Metropolitian ","Fog","Medium ",1
"2/03/2022","17:10:00","17:25:00",38,"Buffet ",34,4.2,7,"scooter ",2,"No ","Metropolitian ","Fog","Medium ",1
"26/03/2022","19:40:00","19:50:00",32,"Drinks ",39,4.3,7,"motorcycle ",1,"No ","Metropolitian ","Fog","Jam ",1
"30/03/2022","9:25:00","9:30:00",25,"Drinks ",39,4.7,9,"motorcycle ",1,"No ","Metropolitian ","Sandstorms","Low ",0
"10/03/2022","17:40:00","17:50:00",17,"Drinks ",24,4.7,17,"motorcycle ",2,"No ","Urban ","Sunny","Medium ",1
"20/03/2022","19:30:00","19:45:00",43,"Meal ",33,3.5,1,"electric_scooter ",2,"No ","Urban ","Windy","Jam ",1
"18/02/2022","19:35:00","19:40:00",33,"Meal ",36,3.8,11,"scooter ",2,"No ","Metropolitian ","Fog","Jam ",1
"18/03/2022","22:55:00","23:05:00",24,"Meal ",25,4.7,15,"scooter ",2,"No ","Urban ","Fog","Low ",1
"5/04/2022","8:40:00","8:55:00",14,"Drinks ",29,4.6,19,"scooter ",1,"No ","Metropolitian ","Cloudy","Low ",0
"16/02/2022","17:40:00","17:45:00",22,"Buffet ",32,4.9,5,"scooter ",1,"No ","Metropolitian ","Windy","Medium ",1
"15/03/2022","21:00:00","21:15:00",29,"Meal ",20,4.9,23,"motorcycle ",0,"No ","Metropolitian ","Fog","Jam ",1
"1/03/2022","9:45:00","9:55:00",13,"Drinks ",27,4.6,15,"scooter ",1,"No ","Metropolitian ","Fog","Low ",0
"13/02/2022","23:20:00","23:30:00",27,"Drinks ",30,4,10,"motorcycle ",0,"No ","Metropolitian ","Stormy","Low ",1
"12/02/2022","17:10:00","17:20:00",22,"Snack ",21,4.5,5,"scooter ",1,"No ","Urban ","Stormy","Medium ",1
"21/03/2022","23:00:00","23:15:00",22,"Buffet ",33,5,15,"motorcycle ",0,"No ","Metropolitian ","Sunny","Low ",0
"17/03/2022","11:10:00","11:25:00",33,"Meal ",38,4.4,21,"scooter ",1,"No ","Metropolitian ","Windy","High ",1
"11/02/2022","18:25:00","18:30:00",24,"Meal ",24,4.7,3,"scooter ",1,"No ","Metropolitian ","Sandstorms","Medium ",1
"13/02/2022","22:10:00","22:25:00",15,"Snack ",24,4.8,4,"scooter ",2,"No ","Metropolitian ","Fog","Low ",1
"17/03/2022","14:50:00","15:00:00",31,"Drinks ",31,4,13,"motorcycle ",0,"No ","Metropolitian ","Fog","High ",1
"11/03/2022","15:55:00","16:00:00",25,"Drinks ",37,5,19,"motorcycle ",0,"No ","Urban ","Stormy","Medium ",1
"5/04/2022","9:55:00","10:05:00",23,"Buffet ",33,4.8,15,"motorcycle ",0,"No ","Metropolitian ","Fog","Low ",1
"23/03/2022","21:50:00","22:05:00",50,"Buffet ",34,4.9,19,"motorcycle ",0,"Yes ","Urban ","Sandstorms","Jam ",3
"9/03/2022","10:35:00","10:40:00",20,"Buffet ",22,4,5,"motorcycle ",0,"No ","Metropolitian ","Sandstorms","Low ",0
"16/02/2022","21:10:00","21:25:00",31,"Buffet ",35,4.2,6,"scooter ",2,"No ","Metropolitian ","Sandstorms","Jam ",1
"23/03/2022","23:30:00","23:45:00",14,"Buffet ",29,4.5,23,"scooter ",2,"No ","Metropolitian ","Windy","Low ",0
"1/04/2022","17:30:00","17:35:00",16,"Snack ",22,4.7,19,"scooter ",2,"No ","Metropolitian ","Cloudy","Medium ",1
"7/03/2022","8:45:00","8:50:00",18,"Snack ",25,4.9,21,"motorcycle ",1,"No ","Urban ","Stormy","Low ",1
"31/03/2022","23:15:00","23:20:00",18,"Snack ",35,4.7,21,"scooter ",2,"No ","Metropolitian ","Stormy","Low ",1
"16/03/2022","19:15:00","19:25:00",27,"Snack ",28,4.9,22,"motorcycle ",0,"No ","Metropolitian ","Windy","Jam ",0
"4/04/2022","18:00:00","18:15:00",27,"Snack ",21,4.8,21,"scooter ",2,"No ","Metropolitian ","Sandstorms","Medium ",1
"1/04/2022","12:50:00","12:55:00",33,"Meal ",35,4.1,14,"scooter ",2,"No ","Metropolitian ","Sandstorms","High ",1
"16/03/2022","19:25:00","19:35:00",24,"Drinks ",22,4.6,19,"motorcycle ",1,"No ","Urban ","Windy","Jam ",0
"28/03/2022","0:00:00","0:15:00",14,"Snack ",37,4.9,15,"scooter ",2,"No ","Urban ","Sunny","Low ",0
"10/03/2022","22:55:00","23:05:00",29,"Meal ",26,5,21,"scooter ",1,"No ","Metropolitian ","Cloudy","Low ",0
"29/03/2022","19:00:00","19:15:00",25,"Meal ",34,4.8,16,"scooter ",2,"No ","Metropolitian ","Sandstorms","Medium ",1
"23/03/2022","23:30:00","23:45:00",39,"Meal ",26,2.8,1,"electric_scooter ",2,"No ","Metropolitian ","Sunny","Low ",0
"20/03/2022","18:00:00","18:15:00",21,"Drinks ",39,4.6,22,"scooter ",1,"No ","Metropolitian ","Stormy","Medium ",1
"10/03/2022","20:00:00","20:15:00",41,"Snack ",28,4.6,17,"scooter ",1,"No ","Metropolitian ","Cloudy","Jam ",1
"11/02/2022","12:15:00","12:30:00",31,"Buffet ",39,4.4,5,"electric_scooter ",2,"No ","Metropolitian ","Stormy","High ",0
"4/03/2022","23:45:00","23:55:00",10,"Meal ",25,4.9,17,"scooter ",1,"No ","Urban ","Stormy","Low ",0
"29/03/2022","17:55:00","18:05:00",35,"Snack ",33,4.3,3,"scooter ",2,"No ","Metropolitian ","Fog","Medium ",1
"11/03/2022","11:35:00","11:50:00",29,"Drinks ",34,4.9,14,"motorcycle ",1,"No ","Metropolitian ","Stormy","High ",1
"19/03/2022","9:15:00","9:20:00",10,"Meal ",25,4.8,8,"scooter ",1,"No ","Metropolitian ","Cloudy","Low ",1
"11/03/2022","22:50:00","23:00:00",23,"Meal ",37,4.7,17,"scooter ",2,"No ","Metropolitian ","Stormy","Low ",1
"2/04/2022","19:25:00","19:40:00",24,"Drinks ",29,4.7,23,"motorcycle ",2,"No ","Urban ","Windy","Jam ",1
"14/03/2022","20:15:00","20:25:00",45,"Drinks ",21,5,15,"motorcycle ",0,"No ","Urban ","Cloudy","Jam ",1
"1/03/2022","9:20:00","9:35:00",27,"Drinks ",37,4.9,19,"scooter ",2,"No ","Metropolitian ","Sandstorms","Low ",0
"3/03/2022","8:35:00","8:45:00",28,"Snack ",32,4.9,9,"motorcycle ",1,"No ","Metropolitian ","Windy","Low ",1
"31/03/2022","20:30:00","20:45:00",37,"Meal ",20,4.8,2,"motorcycle ",0,"No ","Urban ","Fog","Jam ",2
"23/03/2022","21:45:00","21:55:00",24,"Drinks ",26,5,12,"scooter ",1,"No ","Metropolitian ","Sandstorms","Jam ",1
"12/03/2022","18:30:00","18:45:00",27,"Buffet ",37,4.6,15,"motorcycle ",1,"No ","Metropolitian ","Windy","Medium ",1
"3/03/2022","21:50:00","22:05:00",33,"Buffet ",38,4.7,18,"motorcycle ",0,"No ","Metropolitian ","Windy","Jam ",0
"20/03/2022","22:20:00","22:25:00",18,"Drinks ",37,4.9,17,"scooter ",2,"No ","Metropolitian ","Sunny","Low ",1
"3/03/2022","8:45:00","9:00:00",31,"Meal ",30,4,5,"motorcycle ",0,"No ","Metropolitian ","Stormy","Low ",1
"8/03/2022","23:25:00","23:30:00",14,"Buffet ",26,4.7,16,"scooter ",1,"No ","Urban ","Stormy","Low ",1
"19/03/2022","18:25:00","18:30:00",27,"Buffet ",26,4.6,23,"motorcycle ",0,"No ","Urban ","Cloudy","Medium ",1
"6/04/2022","18:25:00","18:40:00",27,"Snack ",20,4.7,23,"motorcycle ",1,"No ","Metropolitian ","Stormy","Medium ",1
"17/03/2022","12:25:00","12:30:00",21,"Meal ",23,4.6,6,"motorcycle ",0,"No ","Metropolitian ","Cloudy","High ",0
"8/03/2022","17:15:00","17:25:00",33,"Drinks ",28,4.7,18,"motorcycle ",0,"No ","Urban ","Stormy","Medium ",1
"30/03/2022","21:20:00","21:30:00",31,"Meal ",31,4,5,"scooter ",1,"No ","Metropolitian ","Windy","Jam ",1
"5/03/2022","11:50:00","11:55:00",26,"Buffet ",21,4.6,17,"motorcycle ",0,"No ","Metropolitian ","Stormy","High ",1
"5/03/2022","8:35:00","8:40:00",10,"Meal ",22,4.7,17,"scooter ",2,"No ","Urban ","Stormy","Low ",0
"29/03/2022","19:00:00","19:15:00",28,"Drinks ",39,4.6,23,"scooter ",2,"No ","Metropolitian ","Sunny","Medium ",1
"24/03/2022","10:15:00","10:30:00",19,"Meal ",35,4.9,23,"scooter ",1,"No ","Metropolitian ","Fog","Low ",1
"10/03/2022","21:55:00","22:05:00",30,"Snack ",31,5,14,"scooter ",2,"No ","Metropolitian ","Sandstorms","Jam ",0
"2/03/2022","22:30:00","22:35:00",31,"Drinks ",28,3.4,2,"motorcycle ",1,"No ","Urban ","Sunny","Low ",1
"16/02/2022","21:15:00","21:25:00",48,"Snack ",32,4.4,2,"motorcycle ",1,"No ","Metropolitian ","Stormy","Jam ",0
"3/04/2022","23:15:00","23:20:00",16,"Snack ",22,4.6,9,"scooter ",1,"No ","Metropolitian ","Stormy","Low ",1
"18/02/2022","21:55:00","22:00:00",38,"Snack ",32,3.8,10,"electric_scooter ",2,"No ","Metropolitian ","Sandstorms","Jam ",2
"15/03/2022","17:45:00","18:00:00",10,"Snack ",25,4.9,15,"motorcycle ",2,"No ","Metropolitian ","Sunny","Medium ",0
"10/03/2022","21:30:00","21:45:00",36,"Buffet ",35,5,19,"motorcycle ",0,"No ","Metropolitian ","Sandstorms","Jam ",0
"27/03/2022","19:35:00","19:45:00",40,"Snack ",37,4.3,3,"motorcycle ",2,"No ","Metropolitian ","Stormy","Jam ",1
"19/03/2022","22:35:00","22:40:00",16,"Drinks ",23,4.6,19,"motorcycle ",0,"No ","Metropolitian ","Sunny","Low ",0
"13/02/2022","22:55:00","23:00:00",28,"Meal ",35,4.7,3,"motorcycle ",0,"No ","Metropolitian ","Stormy","Low ",0
"29/03/2022","19:30:00","19:40:00",47,"Meal ",37,4.3,8,"scooter ",1,"No ","Metropolitian ","Fog","Jam ",2
"27/03/2022","20:20:00","20:30:00",39,"Meal ",31,4.1,5,"scooter ",2,"No ","Urban ","Fog","Jam ",1
"29/03/2022","21:15:00","21:20:00",44,"Meal ",39,4.1,6,"motorcycle ",1,"No ","Metropolitian ","Stormy","Jam ",1
"14/02/2022","21:00:00","21:05:00",15,"Meal ",28,4.8,7,"scooter ",2,"No ","Metropolitian ","Stormy","Jam ",0
"9/03/2022","19:25:00","19:40:00",24,"Snack ",26,4.6,15,"scooter ",1,"No ","Metropolitian ","Windy","Jam ",1
"29/03/2022","22:15:00","22:25:00",16,"Buffet ",29,4.6,18,"motorcycle ",0,"No ","Metropolitian ","Stormy","Low ",1
"6/04/2022","22:45:00","23:00:00",18,"Drinks ",25,4.7,16,"motorcycle ",0,"No ","Metropolitian ","Stormy","Low ",1
"6/04/2022","19:15:00","19:25:00",30,"Drinks ",37,5,23,"scooter ",2,"No ","Metropolitian ","Windy","Jam ",1
"31/03/2022","17:20:00","17:35:00",20,"Buffet ",23,4.6,6,"scooter ",2,"No ","Urban ","Windy","Medium ",1
"3/03/2022","10:35:00","10:40:00",17,"Buffet ",25,4.7,22,"scooter ",1,"No ","Metropolitian ","Stormy","Low ",1
"5/03/2022","20:10:00","20:25:00",33,"Meal ",36,4.6,23,"motorcycle ",1,"No ","Metropolitian ","Sandstorms","Jam ",1
"31/03/2022","23:00:00","23:15:00",26,"Drinks ",29,4.8,21,"motorcycle ",2,"No ","Metropolitian ","Fog","Low ",1
"21/03/2022","10:30:00","10:35:00",15,"Drinks ",29,4.9,16,"motorcycle ",0,"No ","Urban ","Fog","Low ",1
"13/02/2022","10:45:00","10:55:00",16,"Drinks ",24,4.1,3,"motorcycle ",0,"No ","Urban ","Sandstorms","Low ",0
"18/03/2022","19:25:00","19:40:00",27,"Buffet ",34,4.8,11,"motorcycle ",1,"No ","Metropolitian ","Stormy","Jam ",1
"16/02/2022","22:25:00","22:35:00",18,"Meal ",26,4.9,16,"motorcycle ",0,"No ","Urban ","Stormy","Low ",1
"26/03/2022","18:35:00","18:40:00",27,"Buffet ",29,4.7,21,"motorcycle ",0,"No ","Metropolitian ","Sandstorms","Medium ",1
"6/04/2022","23:35:00","23:50:00",36,"Buffet ",35,4.8,16,"motorcycle ",0,"No ","Metropolitian ","Fog","Low ",1
"20/03/2022","22:35:00","22:40:00",28,"Drinks ",35,4.6,14,"motorcycle ",0,"No ","Metropolitian ","Sunny","Low ",1
"18/03/2022","23:40:00","23:55:00",27,"Buffet ",32,4.9,16,"scooter ",1,"No ","Urban ","Cloudy","Low ",1
"1/04/2022","9:00:00","9:10:00",28,"Snack ",32,5,22,"motorcycle ",1,"No ","Metropolitian ","Windy","Low ",1
"7/03/2022","19:40:00","19:55:00",28,"Buffet ",35,4.8,23,"motorcycle ",0,"No ","Metropolitian ","Sunny","Jam ",1
"11/03/2022","11:10:00","11:20:00",14,"Meal ",28,4.9,17,"scooter ",1,"No ","Metropolitian ","Stormy","High ",0
"31/03/2022","23:40:00","23:55:00",28,"Drinks ",28,4.8,14,"scooter ",2,"No ","Metropolitian ","Cloudy","Low ",1
"24/03/2022","21:40:00","21:50:00",17,"Buffet ",36,4.7,13,"scooter ",1,"No ","Metropolitian ","Sunny","Jam ",1
"12/02/2022","23:55:00","0:10:00",25,"Meal ",31,4.7,19,"motorcycle ",0,"No ","Urban ","Sunny","Low ",1
"10/03/2022","22:55:00","23:05:00",29,"Meal ",26,5,21,"scooter ",1,"No ","Metropolitian ","Cloudy","Low ",0
"12/03/2022","22:25:00","22:35:00",21,"Drinks ",20,4.9,16,"motorcycle ",1,"No ","Urban ","Cloudy","Low ",0
"31/03/2022","17:50:00","17:55:00",39,"Snack ",30,4.4,13,"scooter ",1,"Yes ","Metropolitian ","Fog","Medium ",2
"12/02/2022","23:10:00","23:20:00",20,"Buffet ",24,5,5,"motorcycle ",0,"No ","Metropolitian ","Stormy","Low ",0
"17/03/2022","12:00:00","12:10:00",28,"Snack ",27,4.8,13,"motorcycle ",1,"No ","Metropolitian ","Fog","High ",1
"5/04/2022","14:40:00","14:45:00",19,"Meal ",24,4.5,6,"scooter ",1,"No ","Metropolitian ","Sunny","High ",1
"1/04/2022","11:50:00","11:55:00",23,"Buffet ",21,4.6,4,"motorcycle ",1,"No ","Urban ","Windy","High ",1
"6/04/2022","18:40:00","18:55:00",17,"Snack ",21,4.8,21,"electric_scooter ",2,"No ","Metropolitian ","Sunny","Medium ",0
"3/03/2022","10:50:00","11:00:00",11,"Drinks ",22,4.8,19,"motorcycle ",1,"No ","Urban ","Fog","Low ",0
"25/03/2022","18:30:00","18:40:00",34,"Meal ",35,4.9,3,"scooter ",2,"No ","Metropolitian ","Fog","Medium ",0
"7/03/2022","17:35:00","17:40:00",23,"Drinks ",27,4.9,23,"motorcycle ",1,"No ","Urban ","Stormy","Medium ",1
"5/04/2022","10:35:00","10:50:00",11,"Meal ",22,4.7,16,"motorcycle ",0,"No ","Urban ","Sunny","Low ",0
"31/03/2022","21:20:00","21:30:00",31,"Snack ",24,4,15,"motorcycle ",0,"No ","Metropolitian ","Windy","Jam ",0
"2/04/2022","20:55:00","21:00:00",39,"Buffet ",21,4,6,"scooter ",2,"No ","Metropolitian ","Cloudy","Jam ",1
"3/03/2022","23:45:00","0:00:00",27,"Buffet ",38,4.9,19,"scooter ",2,"No ","Metropolitian ","Sandstorms","Low ",1
"6/04/2022","20:20:00","20:35:00",34,"Buffet ",28,5,15,"scooter ",1,"No ","Urban ","Cloudy","Jam ",1
"12/03/2022","22:15:00","22:25:00",23,"Buffet ",20,4.7,18,"scooter ",2,"No ","Metropolitian ","Cloudy","Low ",0
"5/04/2022","23:15:00","23:25:00",18,"Meal ",22,4.5,3,"scooter ",1,"No ","Metropolitian ","Stormy","Low ",0
"18/02/2022","18:30:00","18:45:00",22,"Meal ",31,4.6,9,"scooter ",1,"No ","Metropolitian ","Sandstorms","Medium ",1
"8/03/2022","23:20:00","23:25:00",42,"Drinks ",31,4.3,17,"motorcycle ",0,"No ","Metropolitian ","Sunny","Low ",1
"24/03/2022","22:20:00","22:30:00",13,"Snack ",29,4.7,9,"scooter ",2,"No ","Metropolitian ","Windy","Low ",0
"26/03/2022","20:35:00","20:50:00",24,"Snack ",23,4.9,15,"electric_scooter ",2,"No ","Metropolitian ","Windy","Jam ",1
"18/02/2022","22:50:00","22:55:00",25,"Buffet ",28,4.7,17,"scooter ",2,"No ","Urban ","Sunny","Low ",1
"3/04/2022","20:25:00","20:40:00",30,"Drinks ",39,4.6,16,"scooter ",2,"No ","Urban ","Windy","Jam ",1
"11/03/2022","9:00:00","9:05:00",12,"Buffet ",27,4.9,15,"scooter ",2,"No ","Metropolitian ","Stormy","Low ",0
"6/04/2022","18:20:00","18:25:00",34,"Drinks ",29,5,22,"motorcycle ",0,"No ","Metropolitian ","Stormy","Medium ",1
"15/03/2022","18:15:00","18:30:00",18,"Meal ",26,4.7,17,"motorcycle ",2,"No ","Metropolitian ","Cloudy","Medium ",1
"25/03/2022","23:55:00","0:10:00",22,"Meal ",31,4.8,16,"motorcycle ",1,"No ","Urban ","Windy","Low ",1
"26/03/2022","18:40:00","18:45:00",26,"Snack ",23,4.5,18,"scooter ",2,"No ","Metropolitian ","Sandstorms","Medium ",1
"29/03/2022","20:15:00","20:25:00",42,"Meal ",35,4.7,6,"motorcycle ",0,"No ","Urban ","Fog","Jam ",1
"18/03/2022","23:15:00","23:30:00",22,"Drinks ",38,4.9,4,"motorcycle ",2,"No ","Metropolitian ","Stormy","Low ",1
"31/03/2022","19:45:00","20:00:00",44,"Buffet ",34,4.3,8,"motorcycle ",0,"Yes ","Metropolitian ","Windy","Jam ",1
"2/03/2022","18:35:00","18:45:00",24,"Drinks ",33,4.9,15,"scooter ",2,"No ","Metropolitian ","Windy","Medium ",1
"21/03/2022","20:25:00","20:35:00",20,"Meal ",39,4.7,23,"motorcycle ",0,"No ","Urban ","Sunny","Jam ",1
"3/03/2022","16:50:00","17:05:00",17,"Snack ",32,4.6,22,"scooter ",2,"No ","Metropolitian ","Fog","Medium ",0
"3/03/2022","23:50:00","23:55:00",20,"Drinks ",26,4.2,4,"motorcycle ",0,"No ","Urban ","Windy","Low ",0
"9/03/2022","8:40:00","8:55:00",15,"Drinks ",36,4.9,18,"motorcycle ",1,"No ","Metropolitian ","Cloudy","Low ",0
"11/03/2022","10:15:00","10:20:00",12,"Meal ",27,4.9,23,"scooter ",1,"No ","Metropolitian ","Windy","Low ",0
"11/03/2022","10:00:00","10:15:00",17,"Meal ",22,4.9,19,"motorcycle ",0,"No ","Urban ","Fog","Low ",1
"20/03/2022","23:40:00","23:55:00",17,"Snack ",35,5,21,"scooter ",1,"No ","Metropolitian ","Sandstorms","Low ",1
"1/04/2022","13:30:00","13:45:00",42,"Buffet ",21,3.5,15,"motorcycle ",0,"No ","Metropolitian ","Sunny","High ",2
"23/03/2022","20:10:00","20:20:00",34,"Drinks ",30,3.9,9,"motorcycle ",1,"No ","Metropolitian ","Windy","Jam ",0
"10/03/2022","21:50:00","22:00:00",21,"Snack ",29,5,18,"electric_scooter ",2,"No ","Metropolitian ","Sandstorms","Jam ",0
"3/04/2022","8:30:00","8:45:00",15,"Snack ",25,4.7,18,"scooter ",2,"No ","Metropolitian ","Windy","Low ",0
"2/03/2022","21:25:00","21:40:00",17,"Meal ",24,4.9,12,"scooter ",1,"No ","Metropolitian ","Sunny","Jam ",1
"12/03/2022","18:55:00","19:10:00",42,"Snack ",35,4.8,9,"motorcycle ",0,"No ","Metropolitian ","Cloudy","Medium ",1
"6/04/2022","18:55:00","19:00:00",39,"Buffet ",33,4.7,18,"scooter ",2,"No ","Urban ","Fog","Medium ",1
"3/04/2022","18:20:00","18:25:00",14,"Snack ",27,4.6,17,"motorcycle ",0,"No ","Urban ","Sandstorms","Medium ",0
"28/03/2022","11:40:00","11:50:00",29,"Snack ",37,4.6,21,"electric_scooter ",2,"No ","Urban ","Fog","High ",1
"11/03/2022","18:20:00","18:25:00",24,"Drinks ",26,4.5,13,"motorcycle ",0,"No ","Metropolitian ","Windy","Medium ",1
"29/03/2022","18:10:00","18:20:00",34,"Meal ",27,4.5,6,"motorcycle ",0,"No ","Urban ","Fog","Medium ",1
"1/04/2022","9:55:00","10:00:00",14,"Buffet ",24,4.6,18,"motorcycle ",2,"No ","Urban ","Fog","Low ",0
"26/03/2022","10:25:00","10:40:00",16,"Snack ",28,4.6,21,"scooter ",2,"No ","Urban ","Windy","Low ",0
"3/04/2022","17:10:00","17:25:00",26,"Drinks ",25,4.9,23,"scooter ",2,"No ","Urban ","Stormy","Medium ",0
"15/02/2022","23:55:00","0:00:00",23,"Meal ",25,4,14,"motorcycle ",0,"No ","Metropolitian ","Stormy","Low ",0
"2/03/2022","17:50:00","18:00:00",31,"Drinks ",27,4.4,17,"scooter ",1,"No ","Metropolitian ","Stormy","Medium ",0
"29/03/2022","17:20:00","17:30:00",18,"Snack ",25,4.6,23,"electric_scooter ",2,"No ","Metropolitian ","Stormy","Medium ",0
"28/03/2022","17:40:00","17:45:00",21,"Drinks ",27,4.9,13,"scooter ",1,"No ","Metropolitian ","Stormy","Medium ",0
"15/03/2022","9:10:00","9:20:00",24,"Buffet ",26,4.9,12,"scooter ",1,"No ","Metropolitian ","Sunny","Low ",0
"30/03/2022","21:20:00","21:35:00",20,"Drinks ",32,4.8,23,"motorcycle ",1,"No ","Metropolitian ","Sunny","Jam ",1
"12/02/2022","17:45:00","18:00:00",41,"Buffet ",36,4.7,4,"motorcycle ",0,"No ","Metropolitian ","Stormy","Medium ",1
"7/03/2022","21:55:00","22:00:00",32,"Drinks ",26,4.9,21,"motorcycle ",2,"No ","Metropolitian ","Fog","Jam ",1
"19/03/2022","11:00:00","11:15:00",12,"Drinks ",27,4.6,17,"scooter ",2,"No ","Metropolitian ","Stormy","Low ",0
"14/03/2022","18:45:00","18:50:00",27,"Snack ",23,4.5,16,"electric_scooter ",2,"No ","Metropolitian ","Sandstorms","Medium ",0
"11/02/2022","17:50:00","18:00:00",20,"Snack ",22,4.7,5,"motorcycle ",0,"No ","Metropolitian ","Windy","Medium ",0
"19/03/2022","8:20:00","8:25:00",20,"Buffet ",33,4.8,13,"motorcycle ",2,"No ","Metropolitian ","Stormy","Low ",0
"7/03/2022","11:10:00","11:25:00",30,"Meal ",34,5,23,"motorcycle ",1,"No ","Metropolitian ","Windy","High ",1
"3/04/2022","18:35:00","18:50:00",18,"Meal ",25,5,22,"electric_scooter ",2,"No ","Metropolitian ","Fog","Medium ",1
"28/03/2022","14:35:00","14:45:00",30,"Snack ",32,4.6,8,"motorcycle ",0,"No ","Metropolitian ","Windy","High ",1
"20/03/2022","19:30:00","19:40:00",36,"Drinks ",27,4.3,11,"scooter ",1,"No ","Metropolitian ","Fog","Jam ",2
"1/04/2022","16:50:00","16:55:00",26,"Buffet ",21,4.7,19,"electric_scooter ",2,"No ","Urban ","Stormy","Medium ",0
"13/02/2022","21:10:00","21:20:00",21,"Meal ",33,4.6,4,"motorcycle ",0,"No ","Metropolitian ","Sunny","Jam ",1
"13/02/2022","23:50:00","23:55:00",18,"Snack ",35,4.8,21,"electric_scooter ",2,"No ","Urban ","Sunny","Low ",0
"14/02/2022","21:55:00","22:00:00",36,"Drinks ",21,4.2,8,"motorcycle ",0,"No ","Metropolitian ","Sandstorms","Jam ",1
"14/02/2022","21:00:00","21:10:00",18,"Drinks ",38,4.8,9,"scooter ",2,"No ","Metropolitian ","Sunny","Jam ",1
"13/03/2022","21:30:00","21:35:00",23,"Drinks ",27,4.9,23,"motorcycle ",0,"No ","Metropolitian ","Windy","Jam ",1
"13/02/2022","10:50:00","11:05:00",19,"Snack ",29,4.9,4,"motorcycle ",2,"No ","Metropolitian ","Sunny","Low ",1
"21/03/2022","23:00:00","23:05:00",18,"Meal ",31,4.9,9,"scooter ",2,"No ","Metropolitian ","Cloudy","Low ",0
"12/03/2022","21:25:00","21:35:00",21,"Snack ",20,4.7,12,"motorcycle ",1,"No ","Metropolitian ","Sunny","Jam ",0
"15/03/2022","22:45:00","22:50:00",21,"Meal ",33,4.7,17,"scooter ",1,"No ","Urban ","Sandstorms","Low ",1
"7/03/2022","17:15:00","17:25:00",29,"Buffet ",30,4.7,23,"motorcycle ",0,"No ","Metropolitian ","Windy","Medium ",0
"31/03/2022","22:30:00","22:35:00",27,"Meal ",32,4.8,23,"motorcycle ",1,"No ","Metropolitian ","Cloudy","Low ",1
"3/04/2022","22:45:00","23:00:00",28,"Drinks ",37,4.8,9,"motorcycle ",1,"No ","Metropolitian ","Stormy","Low ",1
"9/03/2022","20:55:00","21:00:00",30,"Snack ",38,4.7,14,"motorcycle ",0,"No ","Metropolitian ","Fog","Jam ",0
"29/03/2022","23:35:00","23:40:00",27,"Buffet ",39,5,21,"motorcycle ",1,"No ","Metropolitian ","Stormy","Low ",1
"5/03/2022","10:35:00","10:50:00",15,"Snack ",25,4.8,17,"motorcycle ",0,"No ","Urban ","Stormy","Low ",1
"8/03/2022","21:20:00","21:35:00",44,"Buffet ",22,4.1,9,"scooter ",1,"No ","Metropolitian ","Sunny","Jam ",1
"24/03/2022","14:20:00","14:30:00",36,"Snack ",36,4.8,6,"motorcycle ",2,"No ","Metropolitian ","Cloudy","High ",1
"3/03/2022","23:15:00","23:25:00",15,"Snack ",21,5,23,"motorcycle ",0,"No ","Urban ","Cloudy","Low ",0
"13/03/2022","11:30:00","11:40:00",12,"Snack ",22,4.8,23,"electric_scooter ",2,"No ","Urban ","Sunny","High ",1
"2/03/2022","21:50:00","21:55:00",29,"Buffet ",38,4.6,22,"scooter ",2,"No ","Metropolitian ","Windy","Jam ",0
"4/04/2022","17:50:00","17:55:00",36,"Meal ",25,4.8,12,"motorcycle ",1,"No ","Metropolitian ","Cloudy","Medium ",1
"12/03/2022","23:00:00","23:10:00",29,"Snack ",31,4.7,22,"electric_scooter ",2,"No ","Urban ","Stormy","Low ",1
"25/03/2022","18:55:00","19:00:00",34,"Buffet ",36,4.6,7,"motorcycle ",2,"No ","Metropolitian ","Fog","Medium ",0
"3/04/2022","18:45:00","18:55:00",18,"Snack ",32,4.9,22,"motorcycle ",1,"No ","Urban ","Cloudy","Medium ",1
"2/03/2022","18:15:00","18:30:00",29,"Drinks ",33,4.9,18,"motorcycle ",1,"No ","Metropolitian ","Stormy","Medium ",0
"8/03/2022","19:25:00","19:40:00",33,"Snack ",31,3.8,13,"motorcycle ",1,"No ","Metropolitian ","Sunny","Jam ",1
"6/04/2022","17:35:00","17:50:00",25,"Meal ",23,5,15,"motorcycle ",2,"No ","Metropolitian ","Stormy","Medium ",0
"2/03/2022","21:20:00","21:25:00",38,"Snack ",38,4,7,"motorcycle ",0,"No ","Metropolitian ","Stormy","Jam ",1
"6/04/2022","20:25:00","20:30:00",30,"Meal ",37,4.5,18,"scooter ",1,"No ","Urban ","Stormy","Jam ",0
"16/03/2022","18:15:00","18:25:00",20,"Snack ",34,4.9,21,"motorcycle ",1,"No ","Metropolitian ","Sunny","Medium ",0
"12/02/2022","21:35:00","21:40:00",19,"Snack ",26,4.8,18,"scooter ",1,"No ","Urban ","Sunny","Jam ",0
"15/03/2022","0:00:00","0:10:00",27,"Buffet ",22,4.4,9,"motorcycle ",0,"No ","Metropolitian ","Sandstorms","Low ",1
"7/03/2022","9:35:00","9:50:00",17,"Meal ",28,4.7,18,"scooter ",1,"No ","Urban ","Stormy","Low ",0
"5/03/2022","22:10:00","22:15:00",10,"Snack ",31,4.9,15,"scooter ",1,"No ","Urban ","Stormy","Low ",0
"19/03/2022","8:35:00","8:45:00",26,"Snack ",31,4.7,1,"scooter ",1,"No ","Metropolitian ","Stormy","Low ",1
"6/03/2022","20:20:00","20:25:00",42,"Buffet ",32,3.5,4,"scooter ",1,"No ","Metropolitian ","Sandstorms","Jam ",1
"2/04/2022","17:20:00","17:30:00",42,"Buffet ",39,4,14,"scooter ",2,"No ","Metropolitian ","Cloudy","Medium ",1
"16/02/2022","23:25:00","23:30:00",29,"Meal ",35,4.6,6,"electric_scooter ",2,"No ","Metropolitian ","Sandstorms","Low ",1
"11/03/2022","19:40:00","19:45:00",25,"Buffet ",37,4.9,22,"scooter ",1,"No ","Urban ","Fog","Jam ",1
"27/03/2022","21:50:00","22:00:00",15,"Drinks ",25,4.6,23,"motorcycle ",1,"No ","Metropolitian ","Stormy","Jam ",0
"13/03/2022","13:00:00","13:15:00",27,"Buffet ",20,4.9,15,"motorcycle ",1,"No ","Metropolitian ","Fog","High ",1
"17/03/2022","18:55:00","19:05:00",34,"Snack ",35,5,17,"scooter ",1,"No ","Urban ","Windy","Medium ",1
"19/03/2022","10:20:00","10:35:00",22,"Drinks ",27,4.7,9,"motorcycle ",0,"No ","Metropolitian ","Fog","Low ",1
"2/04/2022","21:45:00","21:55:00",35,"Drinks ",20,4.3,9,"motorcycle ",0,"No ","Metropolitian ","Sandstorms","Jam ",1
"3/03/2022","21:45:00","22:00:00",38,"Buffet ",30,4.6,23,"electric_scooter ",2,"No ","Metropolitian ","Stormy","Jam ",2
"25/03/2022","21:20:00","21:30:00",42,"Buffet ",32,3.9,2,"motorcycle ",2,"Yes ","Metropolitian ","Stormy","Jam ",0
"4/04/2022","17:25:00","17:35:00",26,"Snack ",22,4.8,19,"motorcycle ",1,"No ","Metropolitian ","Windy","Medium ",1
"1/04/2022","18:20:00","18:35:00",30,"Meal ",32,4.7,2,"motorcycle ",1,"No ","Urban ","Windy","Medium ",1
"13/02/2022","18:40:00","18:55:00",21,"Snack ",28,4.9,21,"motorcycle ",0,"No ","Urban ","Cloudy","Medium ",0
"12/03/2022","18:00:00","18:15:00",15,"Drinks ",35,4.7,17,"motorcycle ",1,"No ","Metropolitian ","Sunny","Medium ",1
"26/03/2022","15:10:00","15:15:00",33,"Meal ",37,4.3,3,"motorcycle ",0,"No ","Urban ","Stormy","Medium ",1
"16/02/2022","21:35:00","21:40:00",24,"Drinks ",24,4.9,7,"motorcycle ",1,"No ","Metropolitian ","Sandstorms","Jam ",0
"16/02/2022","20:10:00","20:20:00",44,"Meal ",32,4.8,2,"motorcycle ",0,"Yes ","Metropolitian ","Sunny","Jam ",3
"25/03/2022","23:00:00","23:05:00",36,"Drinks ",37,4.2,9,"scooter ",2,"No ","Metropolitian ","Cloudy","Low ",0
"19/03/2022","17:00:00","17:05:00",21,"Drinks ",27,4.9,15,"motorcycle ",0,"No ","Urban ","Fog","Medium ",0
"12/03/2022","19:55:00","20:10:00",15,"Snack ",21,5,17,"motorcycle ",0,"No ","Urban ","Sunny","Jam ",1
"1/03/2022","18:45:00","18:50:00",20,"Meal ",28,4.7,13,"scooter ",2,"No ","Metropolitian ","Windy","Medium ",0
"18/02/2022","20:45:00","21:00:00",24,"Snack ",21,4.9,8,"electric_scooter ",2,"No ","Metropolitian ","Fog","Jam ",1
"7/03/2022","8:15:00","8:30:00",15,"Meal ",21,5,15,"motorcycle ",0,"No ","Metropolitian ","Sunny","Low ",0
"19/03/2022","9:30:00","9:45:00",25,"Meal ",35,4.6,17,"motorcycle ",0,"No ","Urban ","Fog","Low ",1
"14/03/2022","18:40:00","18:50:00",22,"Buffet ",36,5,22,"scooter ",1,"No ","Metropolitian ","Windy","Medium ",1
"16/02/2022","19:45:00","19:55:00",17,"Snack ",26,4.9,2,"scooter ",2,"No ","Metropolitian ","Sandstorms","Jam ",0
"21/03/2022","15:50:00","16:05:00",29,"Meal ",29,4.8,7,"scooter ",1,"No ","Metropolitian ","Sandstorms","Medium ",1
"21/03/2022","12:55:00","13:00:00",28,"Snack ",35,4.6,23,"motorcycle ",2,"No ","Metropolitian ","Fog","High ",1
"24/03/2022","8:25:00","8:30:00",11,"Snack ",22,4.9,19,"motorcycle ",1,"No ","Metropolitian ","Cloudy","Low ",0
"17/03/2022","9:25:00","9:40:00",14,"Drinks ",23,5,9,"scooter ",2,"No ","Metropolitian ","Fog","Low ",0
"5/04/2022","22:25:00","22:35:00",29,"Snack ",34,4.9,18,"motorcycle ",0,"No ","Urban ","Fog","Low ",0
"3/03/2022","10:45:00","10:55:00",16,"Buffet ",24,4.5,22,"scooter ",2,"No ","Metropolitian ","Fog","Low ",0
"11/03/2022","23:20:00","23:30:00",18,"Meal ",20,4.8,17,"scooter ",2,"No ","Metropolitian ","Sandstorms","Low ",1
"17/02/2022","21:55:00","22:10:00",26,"Snack ",26,4.5,5,"scooter ",1,"No ","Metropolitian ","Fog","Jam ",1
"18/03/2022","21:45:00","21:50:00",18,"Snack ",35,4.8,4,"scooter ",2,"No ","Metropolitian ","Sunny","Jam ",1
"14/03/2022","20:10:00","20:20:00",15,"Meal ",26,4.6,19,"motorcycle ",1,"No ","Urban ","Windy","Jam ",1
"3/03/2022","12:00:00","12:15:00",35,"Buffet ",25,5,9,"motorcycle ",0,"No ","Metropolitian ","Stormy","High ",1
"4/03/2022","18:50:00","18:55:00",25,"Meal ",25,4.6,16,"motorcycle ",0,"No ","Metropolitian ","Sandstorms","Medium ",0
"24/03/2022","22:15:00","22:25:00",19,"Meal ",26,4.8,23,"scooter ",1,"No ","Metropolitian ","Stormy","Low ",1
"2/03/2022","19:00:00","19:15:00",29,"Buffet ",27,4.6,21,"motorcycle ",2,"No ","Metropolitian ","Stormy","Medium ",1
"27/03/2022","21:00:00","21:10:00",51,"Buffet ",38,4.6,13,"motorcycle ",0,"No ","Metropolitian ","Stormy","Jam ",2
"14/02/2022","23:00:00","23:05:00",29,"Drinks ",39,4.6,9,"scooter ",1,"No ","Metropolitian ","Sandstorms","Low ",1
"27/03/2022","18:35:00","18:50:00",20,"Meal ",38,4.6,12,"motorcycle ",1,"No ","Metropolitian ","Windy","Medium ",0
"1/04/2022","8:45:00","8:50:00",15,"Snack ",33,4.7,18,"scooter ",2,"No ","Metropolitian ","Fog","Low ",0
"9/03/2022","14:55:00","15:10:00",39,"Snack ",39,4.7,16,"motorcycle ",1,"No ","Metropolitian ","Fog","High ",0
"11/03/2022","10:55:00","11:10:00",28,"Meal ",22,4.3,6,"motorcycle ",0,"No ","Urban ","Sandstorms","Low ",1
"12/03/2022","20:00:00","20:05:00",54,"Snack ",36,4.9,12,"motorcycle ",0,"No ","Metropolitian ","Cloudy","Jam ",0
"9/03/2022","20:00:00","20:05:00",25,"Drinks ",32,4.6,13,"electric_scooter ",2,"No ","Metropolitian ","Sandstorms","Jam ",1
"26/03/2022","17:10:00","17:25:00",29,"Buffet ",26,4.8,22,"motorcycle ",1,"No ","Urban ","Sandstorms","Medium ",1
"12/03/2022","22:40:00","22:55:00",18,"Meal ",29,4.8,22,"electric_scooter ",2,"No ","Metropolitian ","Stormy","Low ",0
"14/02/2022","21:45:00","22:00:00",16,"Drinks ",26,4.7,6,"scooter ",2,"No ","Metropolitian ","Sandstorms","Jam ",1
"5/04/2022","12:00:00","12:15:00",22,"Drinks ",29,5,22,"motorcycle ",0,"No ","Metropolitian ","Windy","High ",1
"16/02/2022","19:55:00","20:10:00",16,"Buffet ",28,4.8,4,"motorcycle ",1,"No ","Metropolitian ","Sandstorms","Jam ",1
"3/03/2022","18:25:00","18:35:00",16,"Meal ",24,4.7,17,"electric_scooter ",2,"No ","Urban ","Cloudy","Medium ",1
"6/03/2022","17:30:00","17:35:00",18,"Snack ",26,4.6,18,"scooter ",2,"No ","Metropolitian ","Sunny","Medium ",1
"21/03/2022","22:20:00","22:25:00",23,"Snack ",39,4.9,23,"motorcycle ",1,"No ","Metropolitian ","Stormy","Low ",1
"23/03/2022","22:15:00","22:25:00",16,"Meal ",35,5,19,"motorcycle ",2,"No ","Metropolitian ","Stormy","Low ",1
"16/02/2022","23:45:00","23:55:00",10,"Meal ",27,4.5,5,"motorcycle ",1,"No ","Urban ","Stormy","Low ",0
"26/03/2022","10:10:00","10:20:00",10,"Buffet ",25,4.9,19,"scooter ",2,"No ","Urban ","Windy","Low ",0
"4/03/2022","19:00:00","19:05:00",38,"Meal ",35,4.9,21,"motorcycle ",0,"No ","Metropolitian ","Windy","Medium ",1
"9/03/2022","8:45:00","8:50:00",28,"Meal ",38,4.9,23,"motorcycle ",1,"No ","Metropolitian ","Sandstorms","Low ",1
"30/03/2022","9:30:00","9:35:00",26,"Meal ",34,4.6,3,"motorcycle ",0,"No ","Urban ","Cloudy","Low ",1
"30/03/2022","12:25:00","12:40:00",38,"Buffet ",28,4,13,"motorcycle ",0,"No ","Metropolitian ","Sandstorms","High ",1
"11/02/2022","19:10:00","19:25:00",32,"Buffet ",22,4.3,4,"motorcycle ",1,"No ","Metropolitian ","Fog","Jam ",1
"5/04/2022","23:00:00","23:05:00",20,"Buffet ",28,4,1,"motorcycle ",0,"No ","Metropolitian ","Windy","Low ",0
"18/03/2022","17:30:00","17:35:00",24,"Buffet ",36,4.9,16,"scooter ",1,"No ","Urban ","Stormy","Medium ",1
"13/03/2022","19:35:00","19:40:00",29,"Snack ",33,4.6,23,"motorcycle ",1,"No ","Metropolitian ","Sandstorms","Jam ",1
"16/02/2022","18:40:00","18:45:00",26,"Meal ",24,4.6,18,"scooter ",1,"No ","Urban ","Stormy","Medium ",1
"11/02/2022","21:35:00","21:40:00",32,"Meal ",22,4,16,"motorcycle ",0,"No ","Metropolitian ","Sandstorms","Jam ",2
"19/03/2022","14:10:00","14:15:00",20,"Meal ",35,4.8,19,"scooter ",1,"No ","Urban ","Sunny","High ",1
"29/03/2022","23:25:00","23:30:00",17,"Drinks ",24,4.8,13,"scooter ",1,"No ","Metropolitian ","Sandstorms","Low ",0
"15/03/2022","23:40:00","23:55:00",10,"Drinks ",28,4.6,23,"motorcycle ",1,"No ","Urban ","Cloudy","Low ",1
"17/03/2022","22:10:00","22:15:00",22,"Snack ",27,4.3,4,"motorcycle ",0,"No ","Urban ","Sandstorms","Low ",1
"10/03/2022","20:25:00","20:35:00",33,"Buffet ",36,3.9,7,"motorcycle ",1,"No ","Metropolitian ","Stormy","Jam ",0
"7/03/2022","16:10:00","16:15:00",17,"Meal ",24,4.9,19,"motorcycle ",0,"No ","Urban ","Stormy","Medium ",0
"25/03/2022","19:30:00","19:40:00",21,"Drinks ",27,4.7,17,"scooter ",1,"No ","Metropolitian ","Windy","Jam ",1
"12/03/2022","18:40:00","18:50:00",23,"Drinks ",34,4.9,21,"scooter ",1,"No ","Metropolitian ","Stormy","Medium ",0
"4/04/2022","22:40:00","22:45:00",20,"Meal ",34,4.6,9,"scooter ",1,"No ","Metropolitian ","Windy","Low ",1
"8/03/2022","17:50:00","18:05:00",32,"Meal ",28,4.8,14,"motorcycle ",0,"No ","Metropolitian ","Sunny","Medium ",1
"4/04/2022","18:00:00","18:10:00",22,"Snack ",31,4.9,17,"scooter ",1,"No ","Metropolitian ","Sandstorms","Medium ",0
"16/03/2022","20:00:00","20:10:00",36,"Snack ",38,4.8,13,"scooter ",1,"No ","Metropolitian ","Fog","Jam ",1
"5/04/2022","23:35:00","23:45:00",17,"Drinks ",25,4.9,15,"scooter ",2,"No ","Metropolitian ","Windy","Low ",1
"1/03/2022","11:10:00","11:15:00",34,"Meal ",32,4.8,22,"scooter ",2,"No ","Metropolitian ","Sandstorms","High ",1
"2/04/2022","18:55:00","19:00:00",16,"Drinks ",29,4.9,21,"scooter ",2,"No ","Urban ","Sunny","Medium ",0
"2/03/2022","19:35:00","19:45:00",31,"Drinks ",28,4.4,9,"motorcycle ",1,"No ","Metropolitian ","Stormy","Jam ",1
"12/03/2022","21:55:00","22:10:00",39,"Buffet ",26,5,23,"motorcycle ",0,"No ","Metropolitian ","Cloudy","Jam ",1
"18/03/2022","23:00:00","23:05:00",31,"Buffet ",33,4.3,9,"scooter ",2,"No ","Metropolitian ","Fog","Low ",1
"3/03/2022","23:30:00","23:35:00",23,"Snack ",35,4.8,13,"scooter ",2,"No ","Metropolitian ","Stormy","Low ",1
"25/03/2022","19:50:00","19:55:00",33,"Drinks ",24,4.2,3,"motorcycle ",1,"No ","Urban ","Fog","Jam ",1
"20/03/2022","22:10:00","22:25:00",20,"Snack ",21,4.7,19,"motorcycle ",0,"No ","Metropolitian ","Cloudy","Low ",1
"17/02/2022","10:50:00","10:55:00",13,"Snack ",27,4.5,6,"motorcycle ",1,"No ","Metropolitian ","Sandstorms","Low ",0
"31/03/2022","21:10:00","21:20:00",32,"Drinks ",39,3.8,9,"electric_scooter ",2,"No ","Metropolitian ","Stormy","Jam ",1
"13/03/2022","8:30:00","8:45:00",25,"Buffet ",36,4.5,16,"scooter ",1,"No ","Metropolitian ","Sandstorms","Low ",1
"15/02/2022","22:25:00","22:40:00",25,"Buffet ",30,4.6,5,"motorcycle ",0,"No ","Metropolitian ","Stormy","Low ",1
"1/04/2022","17:15:00","17:30:00",34,"Snack ",39,4.6,1,"electric_scooter ",2,"No ","Metropolitian ","Stormy","Medium ",0
"25/03/2022","17:35:00","17:45:00",12,"Drinks ",21,4.8,16,"scooter ",1,"No ","Urban ","Sunny","Medium ",1
"12/03/2022","17:30:00","17:45:00",20,"Buffet ",30,4.7,23,"electric_scooter ",2,"No ","Metropolitian ","Windy","Medium ",0
"6/04/2022","20:00:00","20:15:00",31,"Snack ",38,3.5,6,"scooter ",2,"No ","Metropolitian ","Sunny","Jam ",1
"25/03/2022","17:35:00","17:50:00",23,"Buffet ",22,4.8,22,"electric_scooter ",2,"No ","Metropolitian ","Stormy","Medium ",1
"1/03/2022","19:30:00","19:35:00",26,"Meal ",35,4.6,16,"scooter ",2,"No ","Urban ","Stormy","Jam ",1
"17/02/2022","11:10:00","11:25:00",15,"Drinks ",20,4.9,9,"scooter ",1,"No ","Metropolitian ","Sandstorms","High ",0
"17/03/2022","15:10:00","15:15:00",13,"Drinks ",24,4.6,23,"scooter ",2,"No ","Urban ","Cloudy","Medium ",0
"27/03/2022","22:35:00","22:50:00",22,"Meal ",35,4.9,22,"motorcycle ",0,"No ","Metropolitian ","Sandstorms","Low ",0
"25/03/2022","0:00:00","0:15:00",15,"Snack ",28,4.5,3,"motorcycle ",0,"No ","Urban ","Sandstorms","Low ",0
"5/03/2022","9:00:00","9:15:00",21,"Buffet ",39,4.6,15,"scooter ",2,"No ","Urban ","Stormy","Low ",0
"24/03/2022","8:40:00","8:50:00",21,"Snack ",27,5,16,"scooter ",1,"No ","Urban ","Sunny","Low ",0
"26/03/2022","23:55:00","0:10:00",19,"Snack ",25,4.8,15,"scooter ",1,"No ","Urban ","Cloudy","Low ",1
"2/03/2022","22:40:00","22:50:00",24,"Buffet ",28,4.8,14,"motorcycle ",0,"No ","Metropolitian ","Sandstorms","Low ",1
"26/03/2022","23:20:00","23:35:00",34,"Snack ",30,4.2,9,"motorcycle ",0,"No ","Metropolitian ","Stormy","Low ",2
"4/04/2022","23:30:00","23:40:00",18,"Snack ",26,4.7,23,"scooter ",1,"No ","Metropolitian ","Windy","Low ",0
"23/03/2022","18:45:00","18:50:00",28,"Meal ",25,4.6,14,"motorcycle ",1,"No ","Metropolitian ","Sandstorms","Medium ",1
"17/03/2022","19:00:00","19:15:00",37,"Snack ",39,4.4,17,"motorcycle ",0,"No ","Metropolitian ","Sandstorms","Medium ",2
"25/03/2022","17:15:00","17:25:00",38,"Meal ",24,4.3,13,"motorcycle ",0,"No ","Metropolitian ","Windy","Medium ",0
"9/03/2022","17:10:00","17:20:00",24,"Buffet ",27,4.9,17,"motorcycle ",1,"No ","Urban ","Stormy","Medium ",1
"17/03/2022","10:20:00","10:25:00",21,"Snack ",39,4.7,6,"motorcycle ",0,"No ","Metropolitian ","Cloudy","Low ",0
"29/03/2022","17:20:00","17:25:00",20,"Snack ",38,4.6,5,"motorcycle ",1,"No ","Urban ","Sunny","Medium ",1
"10/03/2022","17:55:00","18:05:00",44,"Buffet ",30,4.7,13,"motorcycle ",0,"No ","Metropolitian ","Windy","Medium ",0
"12/03/2022","17:50:00","18:05:00",30,"Meal ",28,5,14,"scooter ",2,"No ","Metropolitian ","Fog","Medium ",0
"24/03/2022","16:10:00","16:15:00",27,"Snack ",25,4.9,18,"motorcycle ",1,"No ","Urban ","Stormy","Medium ",1
"30/03/2022","10:00:00","10:15:00",17,"Drinks ",25,4.7,14,"motorcycle ",0,"No ","Metropolitian ","Fog","Low ",1
"1/03/2022","17:00:00","17:05:00",28,"Buffet ",33,4.6,13,"motorcycle ",1,"No ","Metropolitian ","Sandstorms","Medium ",1
"10/03/2022","23:35:00","23:40:00",34,"Meal ",34,3.3,3,"motorcycle ",0,"No ","Metropolitian ","Sunny","Low ",1
"11/02/2022","21:00:00","21:15:00",26,"Drinks ",35,4.7,2,"motorcycle ",2,"No ","Metropolitian ","Stormy","Jam ",1
"15/03/2022","18:20:00","18:25:00",18,"Drinks ",29,4.8,18,"motorcycle ",0,"No ","Metropolitian ","Sunny","Medium ",1
"19/03/2022","9:35:00","9:45:00",23,"Snack ",36,4.8,8,"motorcycle ",0,"No ","Metropolitian ","Fog","Low ",1
"7/03/2022","22:35:00","22:50:00",22,"Buffet ",38,4.9,22,"motorcycle ",2,"No ","Urban ","Sandstorms","Low ",1
"27/03/2022","17:25:00","17:30:00",31,"Drinks ",36,4.6,21,"motorcycle ",0,"No ","Urban ","Stormy","Medium ",1
"14/02/2022","22:55:00","23:05:00",24,"Snack ",23,4.6,8,"scooter ",1,"No ","Metropolitian ","Stormy","Low ",1
"20/03/2022","22:25:00","22:35:00",44,"Meal ",29,2.5,6,"scooter ",2,"No ","Metropolitian ","Sunny","Low ",1
"24/03/2022","22:10:00","22:20:00",14,"Drinks ",28,4.8,19,"motorcycle ",1,"No ","Metropolitian ","Windy","Low ",0
"24/03/2022","22:20:00","22:35:00",24,"Buffet ",32,4.9,22,"motorcycle ",0,"No ","Urban ","Fog","Low ",1
"7/03/2022","9:55:00","10:00:00",29,"Buffet ",33,4.8,9,"motorcycle ",0,"No ","Metropolitian ","Sunny","Low ",1
"18/02/2022","22:20:00","22:30:00",15,"Snack ",29,4.8,9,"motorcycle ",1,"No ","Metropolitian ","Sandstorms","Low ",1
"14/02/2022","18:45:00","18:55:00",38,"Snack ",37,4.5,6,"motorcycle ",0,"No ","Metropolitian ","Stormy","Medium ",1
"16/02/2022","19:35:00","19:45:00",36,"Buffet ",37,3.7,14,"scooter ",2,"No ","Metropolitian ","Stormy","Jam ",0
"5/03/2022","18:35:00","18:50:00",21,"Snack ",23,4.9,12,"scooter ",2,"No ","Metropolitian ","Sunny","Medium ",1
"6/04/2022","19:45:00","19:50:00",15,"Drinks ",36,4.8,15,"motorcycle ",2,"No ","Metropolitian ","Sunny","Jam ",1
"19/03/2022","18:00:00","18:15:00",10,"Buffet ",21,4.7,1,"scooter ",1,"No ","Metropolitian ","Sunny","Medium ",0
"1/03/2022","11:45:00","11:55:00",32,"Snack ",28,4,7,"motorcycle ",1,"No ","Metropolitian ","Stormy","High ",1
"17/02/2022","22:50:00","23:00:00",17,"Snack ",26,4.5,3,"scooter ",1,"No ","Urban ","Windy","Low ",0
"1/04/2022","21:25:00","21:30:00",25,"Snack ",33,4.9,18,"motorcycle ",0,"No ","Metropolitian ","Cloudy","Jam ",1
"11/03/2022","23:55:00","0:00:00",21,"Meal ",32,4.6,12,"motorcycle ",0,"No ","Metropolitian ","Sunny","Low ",1
"15/02/2022","19:35:00","19:40:00",26,"Snack ",39,4.5,9,"motorcycle ",1,"No ","Metropolitian ","Sandstorms","Jam ",0
"29/03/2022","21:45:00","21:55:00",35,"Snack ",31,3.6,4,"scooter ",1,"No ","Metropolitian ","Sandstorms","Jam ",1
"8/03/2022","21:45:00","21:55:00",40,"Snack ",34,5,18,"motorcycle ",0,"Yes ","Metropolitian ","Sunny","Jam ",1
"14/03/2022","18:50:00","19:05:00",26,"Meal ",20,5,17,"scooter ",1,"No ","Urban ","Windy","Medium ",1
"11/03/2022","22:40:00","22:55:00",22,"Drinks ",21,4.9,16,"electric_scooter ",2,"No ","Metropolitian ","Sunny","Low ",0
"21/03/2022","21:35:00","21:50:00",27,"Meal ",33,4.8,16,"motorcycle ",0,"No ","Metropolitian ","Fog","Jam ",1
"5/04/2022","14:15:00","14:30:00",31,"Meal ",33,4,6,"motorcycle ",1,"No ","Urban ","Windy","High ",1
"10/03/2022","19:45:00","19:50:00",46,"Snack ",25,4.6,22,"motorcycle ",0,"No ","Metropolitian ","Fog","Jam ",0
"16/02/2022","19:35:00","19:40:00",42,"Buffet ",39,5,3,"electric_scooter ",2,"No ","Metropolitian ","Fog","Jam ",1
"20/03/2022","23:40:00","23:55:00",17,"Snack ",35,5,21,"scooter ",1,"No ","Metropolitian ","Sandstorms","Low ",1
"3/04/2022","22:25:00","22:30:00",15,"Drinks ",22,4.5,18,"motorcycle ",2,"No ","Urban ","Cloudy","Low ",0
"12/02/2022","21:15:00","21:20:00",37,"Snack ",24,4.9,7,"scooter ",1,"No ","Metropolitian ","Stormy","Jam ",2
"17/03/2022","17:55:00","18:00:00",33,"Snack ",34,4.3,6,"scooter ",2,"No ","Urban ","Sandstorms","Medium ",0
"23/03/2022","18:30:00","18:40:00",48,"Snack ",38,4.8,9,"motorcycle ",0,"No ","Metropolitian ","Cloudy","Medium ",1
"21/03/2022","11:00:00","11:15:00",20,"Drinks ",29,5,18,"motorcycle ",0,"No ","Urban ","Cloudy","Low ",1
"28/03/2022","9:20:00","9:30:00",16,"Drinks ",22,4.6,23,"motorcycle ",0,"No ","Metropolitian ","Sunny","Low ",0
"2/03/2022","22:25:00","22:30:00",38,"Meal ",28,3.5,9,"scooter ",1,"No ","Metropolitian ","Sunny","Low ",1
"5/03/2022","22:30:00","22:40:00",12,"Buffet ",28,4.9,18,"scooter ",2,"No ","Metropolitian ","Stormy","Low ",0
"20/03/2022","23:50:00","0:00:00",13,"Meal ",24,4.6,16,"scooter ",1,"No ","Metropolitian ","Stormy","Low ",0
"27/03/2022","20:30:00","20:35:00",22,"Buffet ",27,4.9,21,"scooter ",1,"No ","Metropolitian ","Stormy","Jam ",1
"16/03/2022","23:00:00","23:10:00",29,"Meal ",33,4.9,15,"motorcycle ",0,"No ","Metropolitian ","Sandstorms","Low ",1
"13/03/2022","18:10:00","18:25:00",21,"Drinks ",29,4.8,15,"motorcycle ",1,"No ","Metropolitian ","Stormy","Medium ",1
"19/03/2022","17:10:00","17:20:00",15,"Buffet ",33,4.5,5,"scooter ",2,"No ","Urban ","Fog","Medium ",0
"14/03/2022","18:35:00","18:45:00",39,"Drinks ",37,4.7,14,"motorcycle ",0,"No ","Metropolitian ","Sunny","Medium ",0
"26/03/2022","22:30:00","22:45:00",19,"Meal ",22,4.8,15,"motorcycle ",2,"No ","Metropolitian ","Stormy","Low ",1
"15/02/2022","18:30:00","18:45:00",18,"Snack ",24,4.5,2,"scooter ",2,"No ","Metropolitian ","Sunny","Medium ",0
"13/03/2022","15:45:00","16:00:00",39,"Buffet ",37,4.9,23,"motorcycle ",0,"No ","Urban ","Stormy","Medium ",1
"1/04/2022","13:25:00","13:35:00",32,"Buffet ",28,4.1,13,"motorcycle ",2,"No ","Metropolitian ","Fog","High ",0
"28/03/2022","12:50:00","12:55:00",27,"Drinks ",36,4.9,18,"scooter ",2,"No ","Urban ","Cloudy","High ",0
"13/03/2022","16:25:00","16:30:00",21,"Snack ",31,4.8,23,"motorcycle ",1,"No ","Metropolitian ","Sunny","Medium ",1
"27/03/2022","17:35:00","17:40:00",34,"Drinks ",26,4.4,8,"motorcycle ",1,"No ","Metropolitian ","Fog","Medium ",1
"28/03/2022","9:30:00","9:40:00",19,"Meal ",31,4.9,14,"motorcycle ",1,"No ","Metropolitian ","Cloudy","Low ",0
"26/03/2022","8:20:00","8:30:00",13,"Snack ",21,4.5,23,"scooter ",2,"No ","Metropolitian ","Fog","Low ",1
"11/03/2022","8:55:00","9:05:00",26,"Buffet ",37,4.8,21,"electric_scooter ",2,"No ","Metropolitian ","Sandstorms","Low ",0
"11/03/2022","11:50:00","12:00:00",10,"Drinks ",26,4.9,19,"motorcycle ",1,"No ","Urban ","Sunny","High ",0
"19/03/2022","15:45:00","15:55:00",23,"Meal ",39,4.6,5,"scooter ",1,"No ","Metropolitian ","Sunny","Medium ",1
"17/02/2022","17:20:00","17:35:00",32,"Drinks ",38,4.9,2,"scooter ",1,"No ","Metropolitian ","Sandstorms","Medium ",1
"4/04/2022","19:10:00","19:15:00",24,"Snack ",24,5,15,"scooter ",2,"No ","Urban ","Stormy","Jam ",1
"31/03/2022","22:15:00","22:25:00",28,"Buffet ",24,4.5,23,"scooter ",2,"No ","Metropolitian ","Sunny","Low ",1
"1/03/2022","10:25:00","10:30:00",20,"Meal ",35,4.8,18,"motorcycle ",0,"No ","Metropolitian ","Stormy","Low ",1
"9/03/2022","18:35:00","18:45:00",18,"Drinks ",30,4.6,19,"scooter ",1,"No ","Metropolitian ","Cloudy","Medium ",1
"11/03/2022","11:00:00","11:05:00",26,"Drinks ",32,4.9,9,"scooter ",1,"No ","Metropolitian ","Windy","Low ",1
"17/02/2022","18:55:00","19:05:00",28,"Buffet ",29,4.7,6,"scooter ",2,"No ","Metropolitian ","Stormy","Medium ",1
"31/03/2022","18:30:00","18:35:00",30,"Drinks ",33,4.8,4,"scooter ",1,"No ","Metropolitian ","Sandstorms","Medium ",1
"13/02/2022","17:25:00","17:35:00",19,"Buffet ",25,4.9,18,"electric_scooter ",2,"No ","Urban ","Cloudy","Medium ",0
"7/03/2022","20:45:00","20:50:00",22,"Snack ",37,4.7,21,"motorcycle ",1,"No ","Urban ","Stormy","Jam ",1
"11/02/2022","17:40:00","17:45:00",31,"Drinks ",38,4.7,9,"scooter ",1,"No ","Metropolitian ","Sandstorms","Medium ",0
"15/02/2022","17:10:00","17:25:00",19,"Drinks ",29,4.8,5,"scooter ",2,"No ","Metropolitian ","Sunny","Medium ",1
"30/03/2022","19:40:00","19:55:00",26,"Meal ",25,4.6,3,"motorcycle ",1,"No ","Urban ","Windy","Jam ",0
"14/02/2022","0:00:00","0:10:00",22,"Drinks ",26,4.6,4,"motorcycle ",0,"No ","Metropolitian ","Sunny","Low ",1
"26/03/2022","20:55:00","21:05:00",17,"Drinks ",27,4.6,16,"motorcycle ",2,"No ","Urban ","Sunny","Jam ",1
"16/03/2022","17:25:00","17:40:00",37,"Buffet ",39,4.5,23,"scooter ",2,"No ","Metropolitian ","Stormy","Medium ",1
"15/02/2022","23:45:00","23:55:00",24,"Buffet ",35,4.6,3,"motorcycle ",1,"No ","Metropolitian ","Sandstorms","Low ",1
"18/02/2022","18:45:00","18:50:00",23,"Drinks ",25,4.8,7,"motorcycle ",0,"No ","Metropolitian ","Sandstorms","Medium ",1
"5/03/2022","19:10:00","19:25:00",31,"Snack ",39,4.6,14,"motorcycle ",1,"No ","Metropolitian ","Sandstorms","Jam ",0
"16/02/2022","19:35:00","19:45:00",26,"Meal ",32,4.8,6,"motorcycle ",1,"No ","Metropolitian ","Sunny","Jam ",1
"1/04/2022","17:20:00","17:35:00",24,"Buffet ",37,4.6,5,"scooter ",1,"No ","Urban ","Sunny","Medium ",1
"25/03/2022","17:45:00","17:50:00",18,"Meal ",25,4.7,14,"motorcycle ",0,"No ","Metropolitian ","Sunny","Medium ",1
"10/03/2022","19:10:00","19:15:00",18,"Meal ",24,4.7,15,"motorcycle ",2,"No ","Urban ","Sandstorms","Jam ",0
"17/02/2022","9:30:00","9:35:00",22,"Snack ",38,4.7,8,"motorcycle ",1,"No ","Metropolitian ","Windy","Low ",1
"13/03/2022","15:10:00","15:15:00",15,"Meal ",25,4.9,22,"scooter ",2,"No ","Metropolitian ","Cloudy","Medium ",0
"17/02/2022","23:35:00","23:50:00",22,"Buffet ",34,4.1,18,"motorcycle ",0,"No ","Metropolitian ","Sandstorms","Low ",1
"6/03/2022","19:45:00","20:00:00",33,"Drinks ",37,3.8,11,"motorcycle ",2,"No ","Metropolitian ","Stormy","Jam ",1
"9/03/2022","9:45:00","10:00:00",16,"Drinks ",25,5,16,"motorcycle ",1,"No ","Metropolitian ","Windy","Low ",0
"11/02/2022","18:10:00","18:25:00",26,"Meal ",37,4.8,18,"motorcycle ",1,"No ","Urban ","Sandstorms","Medium ",1
"28/03/2022","18:50:00","19:00:00",26,"Buffet ",29,4.6,21,"electric_scooter ",2,"No ","Metropolitian ","Stormy","Medium ",1
"17/02/2022","22:30:00","22:40:00",22,"Meal ",28,4.8,22,"electric_scooter ",2,"No ","Urban ","Sunny","Low ",1
"21/03/2022","19:15:00","19:30:00",12,"Snack ",23,4.7,23,"electric_scooter ",2,"No ","Metropolitian ","Sandstorms","Jam ",1
"17/03/2022","22:35:00","22:45:00",18,"Drinks ",34,4.8,23,"scooter ",2,"No ","Metropolitian ","Cloudy","Low ",1
"3/03/2022","8:25:00","8:30:00",12,"Buffet ",39,4.9,22,"scooter ",2,"No ","Metropolitian ","Sunny","Low ",0
"28/03/2022","21:25:00","21:30:00",15,"Snack ",36,5,15,"scooter ",1,"No ","Urban ","Sunny","Jam ",0
"6/03/2022","18:55:00","19:05:00",26,"Meal ",25,4.6,12,"electric_scooter ",2,"No ","Metropolitian ","Fog","Medium ",1
"28/03/2022","22:25:00","22:30:00",15,"Drinks ",30,4.8,22,"scooter ",1,"No ","Metropolitian ","Cloudy","Low ",1
"18/02/2022","20:00:00","20:10:00",36,"Buffet ",39,4.1,12,"motorcycle ",1,"No ","Metropolitian ","Sandstorms","Jam ",1
"20/03/2022","17:45:00","17:50:00",29,"Drinks ",20,5,3,"motorcycle ",1,"No ","Metropolitian ","Windy","Medium ",1
"9/03/2022","14:45:00","14:50:00",18,"Snack ",35,4.5,17,"electric_scooter ",2,"No ","Metropolitian ","Sunny","High ",0
"24/03/2022","18:40:00","18:50:00",31,"Buffet ",34,4.1,3,"scooter ",2,"No ","Urban ","Windy","Medium ",1
"28/03/2022","11:30:00","11:35:00",20,"Snack ",28,5,15,"scooter ",1,"No ","Urban ","Fog","High ",0
"13/03/2022","10:10:00","10:25:00",25,"Drinks ",38,4.5,2,"scooter ",1,"No ","Urban ","Stormy","Low ",0
"5/04/2022","22:10:00","22:25:00",20,"Snack ",35,4.7,16,"motorcycle ",1,"No ","Metropolitian ","Sandstorms","Low ",1
"30/03/2022","19:20:00","19:35:00",30,"Buffet ",34,4.7,7,"motorcycle ",1,"No ","Metropolitian ","Windy","Jam ",1
"9/03/2022","8:15:00","8:20:00",22,"Buffet ",30,4.7,17,"motorcycle ",0,"No ","Metropolitian ","Sunny","Low ",0
"7/03/2022","21:35:00","21:50:00",47,"Buffet ",27,4.5,17,"motorcycle ",0,"No ","Metropolitian ","Sunny","Jam ",2
"9/03/2022","10:35:00","10:45:00",25,"Snack ",32,4.8,15,"motorcycle ",1,"No ","Urban ","Stormy","Low ",1
"31/03/2022","20:55:00","21:05:00",26,"Meal ",31,4.6,3,"motorcycle ",1,"No ","Urban ","Windy","Jam ",0
"15/02/2022","13:45:00","14:00:00",27,"Buffet ",32,4.7,2,"motorcycle ",1,"No ","Metropolitian ","Stormy","High ",1
"28/03/2022","13:35:00","13:45:00",32,"Meal ",20,4.8,6,"motorcycle ",0,"No ","Metropolitian ","Windy","High ",1
"11/02/2022","8:40:00","8:50:00",15,"Buffet ",39,4.9,21,"motorcycle ",2,"No ","Urban ","Cloudy","Low ",0
"30/03/2022","11:25:00","11:30:00",44,"Drinks ",36,4.6,2,"motorcycle ",0,"No ","Metropolitian ","Windy","High ",1
"15/03/2022","8:45:00","9:00:00",29,"Meal ",34,4.7,9,"electric_scooter ",2,"No ","Metropolitian ","Sandstorms","Low ",0
"28/03/2022","16:35:00","16:45:00",28,"Snack ",39,4.7,9,"electric_scooter ",2,"No ","Metropolitian ","Windy","Medium ",1
"25/03/2022","20:10:00","20:25:00",32,"Snack ",34,4.4,11,"scooter ",2,"No ","Metropolitian ","Stormy","Jam ",1
"20/03/2022","21:45:00","22:00:00",33,"Drinks ",22,4,3,"motorcycle ",0,"No ","Metropolitian ","Sandstorms","Jam ",0
"30/03/2022","11:45:00","12:00:00",27,"Drinks ",24,4.6,15,"motorcycle ",0,"No ","Metropolitian ","Fog","High ",0
"15/03/2022","22:40:00","22:50:00",14,"Meal ",25,4.9,17,"motorcycle ",1,"No ","Urban ","Fog","Low ",0
"16/03/2022","17:25:00","17:35:00",34,"Buffet ",39,4.5,22,"scooter ",2,"No ","Metropolitian ","Sandstorms","Medium ",1
"12/02/2022","19:45:00","19:55:00",26,"Drinks ",22,4.8,9,"electric_scooter ",2,"No ","Metropolitian ","Windy","Jam ",1
"18/03/2022","18:35:00","18:45:00",33,"Drinks ",39,4.6,17,"scooter ",1,"No ","Metropolitian ","Fog","Medium ",1
"13/03/2022","21:30:00","21:45:00",37,"Buffet ",37,4.4,1,"electric_scooter ",2,"No ","Urban ","Fog","Jam ",1
"2/04/2022","21:00:00","21:05:00",30,"Meal ",37,5,2,"motorcycle ",1,"No ","Metropolitian ","Windy","Jam ",1
"25/03/2022","17:35:00","17:45:00",19,"Buffet ",38,4.8,23,"scooter ",1,"No ","Urban ","Sunny","Medium ",1
"9/03/2022","9:40:00","9:50:00",14,"Snack ",24,4.5,23,"motorcycle ",0,"No ","Metropolitian ","Sunny","Low ",0
"1/03/2022","20:50:00","20:55:00",29,"Snack ",20,5,16,"motorcycle ",1,"No ","Metropolitian ","Fog","Jam ",1
"17/02/2022","17:15:00","17:20:00",26,"Snack ",38,4.7,9,"motorcycle ",1,"No ","Metropolitian ","Windy","Medium ",1
"19/03/2022","12:30:00","12:35:00",26,"Buffet ",22,4.6,3,"motorcycle ",2,"No ","Metropolitian ","Sandstorms","High ",1
"23/03/2022","0:00:00","0:15:00",30,"Buffet ",35,5,9,"scooter ",2,"No ","Metropolitian ","Cloudy","Low ",1
"2/03/2022","20:20:00","20:35:00",10,"Snack ",25,4.7,21,"motorcycle ",2,"No ","Metropolitian ","Sunny","Jam ",0
"19/03/2022","8:45:00","8:50:00",28,"Buffet ",37,4.9,3,"motorcycle ",1,"No ","Metropolitian ","Windy","Low ",1
"18/03/2022","21:45:00","21:55:00",48,"Meal ",31,4,17,"electric_scooter ",2,"No ","Metropolitian ","Cloudy","Jam ",1
"2/03/2022","20:00:00","20:10:00",27,"Snack ",22,5,22,"scooter ",2,"No ","Urban ","Windy","Jam ",1
"5/04/2022","10:00:00","10:15:00",18,"Meal ",37,4.6,23,"scooter ",1,"No ","Metropolitian ","Cloudy","Low ",0
"17/03/2022","18:40:00","18:55:00",22,"Snack ",28,4.5,23,"motorcycle ",0,"No ","Metropolitian ","Sunny","Medium ",1
"4/04/2022","19:30:00","19:45:00",38,"Meal ",32,4.8,4,"motorcycle ",0,"No ","Metropolitian ","Sunny","Jam ",2
"13/03/2022","10:30:00","10:35:00",21,"Drinks ",22,4.2,1,"motorcycle ",0,"No ","Urban ","Stormy","Low ",1
"11/03/2022","21:00:00","21:15:00",33,"Meal ",26,4.8,22,"scooter ",1,"No ","Metropolitian ","Cloudy","Jam ",1
"10/03/2022","19:10:00","19:15:00",18,"Meal ",24,4.7,15,"motorcycle ",2,"No ","Urban ","Sandstorms","Jam ",0
"13/03/2022","12:55:00","13:00:00",24,"Snack ",29,4.6,15,"motorcycle ",0,"No ","Metropolitian ","Fog","High ",1
"19/03/2022","23:00:00","23:15:00",20,"Meal ",39,4.7,22,"scooter ",2,"No ","Urban ","Stormy","Low ",1
"16/02/2022","19:25:00","19:40:00",43,"Meal ",33,4,17,"electric_scooter ",2,"No ","Metropolitian ","Stormy","Jam ",2
"2/03/2022","22:50:00","23:05:00",31,"Meal ",37,3.7,2,"scooter ",1,"No ","Urban ","Cloudy","Low ",1
"20/03/2022","23:00:00","23:15:00",23,"Meal ",26,4.6,16,"motorcycle ",0,"No ","Metropolitian ","Fog","Low ",1
"7/03/2022","18:45:00","18:55:00",26,"Drinks ",33,5,15,"motorcycle ",0,"No ","Metropolitian ","Fog","Medium ",1
"10/03/2022","17:30:00","17:45:00",16,"Buffet ",21,4.7,14,"scooter ",2,"No ","Metropolitian ","Sunny","Medium ",1
"31/03/2022","21:15:00","21:30:00",44,"Snack ",26,4.7,5,"scooter ",1,"No ","Urban ","Cloudy","Jam ",0
"1/03/2022","9:40:00","9:50:00",26,"Drinks ",38,4.6,22,"motorcycle ",0,"No ","Metropolitian ","Sunny","Low ",1
"18/02/2022","19:50:00","19:55:00",41,"Meal ",36,4.4,2,"motorcycle ",2,"No ","Metropolitian ","Sandstorms","Jam ",1
"8/03/2022","17:55:00","18:10:00",39,"Buffet ",35,5,9,"scooter ",1,"No ","Metropolitian ","Sunny","Medium ",1
"12/03/2022","20:00:00","20:05:00",54,"Snack ",36,4.9,12,"motorcycle ",0,"No ","Metropolitian ","Cloudy","Jam ",0
"3/04/2022","14:10:00","14:25:00",26,"Meal ",23,4.5,9,"scooter ",2,"No ","Metropolitian ","Sandstorms","High ",0
"1/03/2022","20:10:00","20:25:00",12,"Buffet ",26,4.5,21,"scooter ",2,"No ","Metropolitian ","Stormy","Jam ",0
"24/03/2022","23:25:00","23:35:00",29,"Meal ",38,4.9,16,"scooter ",1,"No ","Urban ","Sandstorms","Low ",1
"21/03/2022","11:40:00","11:45:00",20,"Buffet ",32,5,13,"motorcycle ",2,"No ","Metropolitian ","Sunny","High ",1
"19/03/2022","13:50:00","14:00:00",26,"Buffet ",28,4.9,19,"motorcycle ",0,"No ","Urban ","Windy","High ",1
"21/03/2022","16:10:00","16:25:00",22,"Meal ",39,4.9,21,"electric_scooter ",2,"No ","Metropolitian ","Sunny","Medium ",1
"1/03/2022","8:55:00","9:05:00",17,"Drinks ",25,4.6,16,"scooter ",2,"No ","Metropolitian ","Stormy","Low ",0
"16/02/2022","18:45:00","19:00:00",26,"Buffet ",26,4.8,8,"motorcycle ",0,"No ","Metropolitian ","Stormy","Medium ",1
"26/03/2022","22:40:00","22:55:00",22,"Snack ",37,4.7,15,"scooter ",2,"No ","Metropolitian ","Sandstorms","Low ",1
"1/04/2022","13:00:00","13:05:00",27,"Buffet ",21,4.5,23,"motorcycle ",1,"No ","Metropolitian ","Windy","High ",1
"3/03/2022","14:35:00","14:50:00",33,"Snack ",35,5,16,"scooter ",2,"No ","Metropolitian ","Sandstorms","High ",1
"5/04/2022","22:55:00","23:00:00",29,"Buffet ",32,4.6,15,"motorcycle ",2,"No ","Metropolitian ","Stormy","Low ",1
"6/03/2022","22:35:00","22:50:00",21,"Meal ",28,4.5,9,"motorcycle ",2,"No ","Metropolitian ","Fog","Low ",1
"3/03/2022","8:30:00","8:40:00",23,"Snack ",35,4.5,3,"motorcycle ",0,"No ","Urban ","Fog","Low ",0
"13/02/2022","21:30:00","21:35:00",17,"Meal ",24,5,4,"scooter ",1,"No ","Metropolitian ","Windy","Jam ",1
"10/03/2022","19:20:00","19:30:00",40,"Snack ",34,3.8,1,"electric_scooter ",2,"No ","Metropolitian ","Stormy","Jam ",1
"16/03/2022","17:15:00","17:25:00",21,"Meal ",24,4.7,16,"motorcycle ",0,"No ","Urban ","Sunny","Medium ",0
"11/02/2022","9:35:00","9:45:00",17,"Snack ",30,4.8,5,"scooter ",2,"No ","Metropolitian ","Stormy","Low ",0
"16/02/2022","17:25:00","17:40:00",37,"Drinks ",39,3.5,11,"scooter ",1,"No ","Metropolitian ","Stormy","Medium ",0
"1/04/2022","14:15:00","14:30:00",23,"Buffet ",39,4.5,22,"motorcycle ",0,"No ","Metropolitian ","Sunny","High ",1
"3/04/2022","19:35:00","19:45:00",12,"Buffet ",23,4.7,23,"scooter ",1,"No ","Metropolitian ","Sandstorms","Jam ",0
"17/03/2022","18:10:00","18:20:00",16,"Snack ",20,4.9,15,"motorcycle ",1,"No ","Metropolitian ","Fog","Medium ",1
"18/02/2022","22:20:00","22:30:00",18,"Buffet ",26,4.8,2,"motorcycle ",1,"No ","Metropolitian ","Fog","Low ",1
"21/03/2022","20:15:00","20:25:00",23,"Snack ",34,4.8,15,"motorcycle ",2,"No ","Urban ","Sunny","Jam ",1
"4/04/2022","19:30:00","19:40:00",17,"Snack ",27,4.8,21,"scooter ",1,"No ","Metropolitian ","Sandstorms","Jam ",1
"13/02/2022","23:45:00","23:50:00",10,"Snack ",25,5,8,"motorcycle ",2,"No ","Metropolitian ","Stormy","Low ",0
"13/02/2022","9:15:00","9:25:00",19,"Snack ",25,4.8,4,"scooter ",2,"No ","Metropolitian ","Fog","Low ",1
"16/02/2022","23:25:00","23:30:00",23,"Buffet ",35,4.8,2,"motorcycle ",0,"No ","Metropolitian ","Stormy","Low ",1
"17/02/2022","8:25:00","8:35:00",14,"Snack ",37,4.9,16,"motorcycle ",1,"No ","Urban ","Sunny","Low ",0
"31/03/2022","19:00:00","19:05:00",42,"Meal ",37,4.3,7,"scooter ",2,"No ","Metropolitian ","Cloudy","Medium ",1
"11/03/2022","22:00:00","22:10:00",25,"Snack ",34,4.6,12,"motorcycle ",0,"No ","Metropolitian ","Cloudy","Jam ",1
"14/02/2022","19:40:00","19:55:00",47,"Snack ",37,4.7,6,"motorcycle ",0,"No ","Metropolitian ","Stormy","Jam ",2
"7/03/2022","22:35:00","22:45:00",22,"Buffet ",34,4.9,17,"motorcycle ",0,"No ","Metropolitian ","Sunny","Low ",1
"2/04/2022","21:35:00","21:45:00",40,"Drinks ",33,4.9,6,"scooter ",1,"No ","Metropolitian ","Fog","Jam ",2
"11/02/2022","22:55:00","23:00:00",16,"Snack ",27,4.7,9,"motorcycle ",0,"No ","Metropolitian ","Fog","Low ",1
"3/04/2022","9:35:00","9:50:00",25,"Buffet ",31,4.9,18,"scooter ",1,"No ","Metropolitian ","Windy","Low ",0
"9/03/2022","20:00:00","20:05:00",29,"Buffet ",32,5,13,"motorcycle ",1,"No ","Metropolitian ","Sandstorms","Jam ",1
"16/02/2022","22:00:00","22:10:00",20,"Snack ",29,4.8,5,"motorcycle ",2,"No ","Metropolitian ","Stormy","Jam ",1
"13/03/2022","20:30:00","20:40:00",47,"Snack ",30,5,23,"motorcycle ",0,"Yes ","Metropolitian ","Windy","Jam ",2
"7/03/2022","23:55:00","0:10:00",20,"Meal ",39,4.5,23,"motorcycle ",2,"No ","Metropolitian ","Windy","Low ",0
"29/03/2022","18:55:00","19:10:00",36,"Buffet ",25,4.8,13,"motorcycle ",0,"No ","Metropolitian ","Cloudy","Medium ",0
"14/02/2022","22:10:00","22:15:00",29,"Buffet ",34,4.6,9,"scooter ",1,"No ","Metropolitian ","Stormy","Low ",1
"16/03/2022","20:00:00","20:05:00",37,"Drinks ",38,3.8,8,"scooter ",2,"No ","Metropolitian ","Sandstorms","Jam ",1
"11/03/2022","9:30:00","9:40:00",24,"Snack ",38,4.3,4,"motorcycle ",0,"No ","Urban ","Stormy","Low ",1
"2/03/2022","19:50:00","20:05:00",34,"Meal ",24,4.3,13,"motorcycle ",0,"No ","Metropolitian ","Sandstorms","Jam ",1
"17/02/2022","13:00:00","13:10:00",30,"Meal ",31,4.8,8,"scooter ",1,"No ","Metropolitian ","Fog","High ",1
"6/03/2022","21:50:00","22:00:00",35,"Snack ",32,4,2,"scooter ",1,"No ","Metropolitian ","Sunny","Jam ",1
"16/02/2022","23:40:00","23:55:00",25,"Snack ",30,4.8,2,"motorcycle ",1,"No ","Metropolitian ","Windy","Low ",1
"15/03/2022","9:40:00","9:55:00",21,"Drinks ",30,4.7,19,"motorcycle ",0,"No ","Metropolitian ","Sunny","Low ",1
"28/03/2022","9:35:00","9:50:00",14,"Snack ",24,4.8,22,"scooter ",1,"No ","Metropolitian ","Windy","Low ",0
"21/03/2022","11:25:00","11:30:00",16,"Meal ",29,4.8,9,"motorcycle ",0,"No ","Metropolitian ","Stormy","High ",0
"6/03/2022","21:30:00","21:45:00",38,"Buffet ",20,4.7,9,"motorcycle ",0,"No ","Metropolitian ","Fog","Jam ",1
"1/04/2022","22:10:00","22:15:00",24,"Buffet ",27,4.3,1,"motorcycle ",0,"No ","Urban ","Stormy","Low ",1
"31/03/2022","21:10:00","21:15:00",47,"Snack ",35,4.6,15,"motorcycle ",0,"Yes ","Semi-Urban ","Fog","Jam ",1
"14/03/2022","17:15:00","17:25:00",15,"Drinks ",26,4.7,23,"scooter ",1,"No ","Metropolitian ","Sunny","Medium ",0
"9/03/2022","9:55:00","10:00:00",28,"Meal ",31,4.9,16,"scooter ",1,"No ","Metropolitian ","Stormy","Low ",1
"25/03/2022","19:45:00","19:55:00",47,"Buffet ",30,4,5,"motorcycle ",0,"Yes ","Semi-Urban ","Stormy","Jam ",1
"24/03/2022","10:35:00","10:45:00",18,"Meal ",30,4.7,21,"motorcycle ",2,"No ","Metropolitian ","Fog","Low ",0
"17/02/2022","14:45:00","14:50:00",11,"Meal ",28,5,19,"scooter ",1,"No ","Urban ","Stormy","High ",0
"8/03/2022","20:20:00","20:25:00",35,"Buffet ",33,4.1,8,"scooter ",2,"No ","Metropolitian ","Windy","Jam ",1
"11/03/2022","22:30:00","22:45:00",13,"Buffet ",26,4.5,16,"motorcycle ",1,"No ","Metropolitian ","Fog","Low ",1
"2/03/2022","22:40:00","22:55:00",20,"Snack ",39,4.9,22,"scooter ",2,"No ","Metropolitian ","Sandstorms","Low ",1
"16/02/2022","19:45:00","19:55:00",27,"Drinks ",22,4.9,3,"scooter ",1,"No ","Metropolitian ","Stormy","Jam ",1
"15/03/2022","18:30:00","18:35:00",15,"Drinks ",37,4.8,21,"scooter ",2,"No ","Urban ","Cloudy","Medium ",1
"16/03/2022","18:00:00","18:05:00",32,"Snack ",24,4.8,16,"scooter ",1,"No ","Urban ","Cloudy","Medium ",1
"29/03/2022","21:20:00","21:35:00",41,"Buffet ",37,3.5,9,"scooter ",1,"No ","Metropolitian ","Sandstorms","Jam ",1
"31/03/2022","22:30:00","22:35:00",29,"Snack ",35,4.8,6,"scooter ",2,"No ","Metropolitian ","Sunny","Low ",1
"24/03/2022","12:00:00","12:05:00",26,"Meal ",20,4.5,4,"motorcycle ",0,"No ","Urban ","Fog","High ",1
"24/03/2022","9:15:00","9:25:00",26,"Meal ",32,4.8,23,"motorcycle ",2,"No ","Metropolitian ","Sandstorms","Low ",1
"4/03/2022","19:25:00","19:30:00",41,"Meal ",35,4.4,12,"scooter ",2,"No ","Metropolitian ","Sunny","Jam ",0
"1/04/2022","14:25:00","14:30:00",29,"Meal ",38,4.7,7,"scooter ",2,"No ","Metropolitian ","Cloudy","High ",0
"26/03/2022","8:10:00","8:20:00",16,"Drinks ",34,4.9,12,"electric_scooter ",2,"No ","Metropolitian ","Sunny","Low ",1
"21/03/2022","21:10:00","21:20:00",22,"Meal ",37,4.5,23,"motorcycle ",0,"No ","Metropolitian ","Sunny","Jam ",1
"29/03/2022","19:40:00","19:50:00",19,"Buffet ",22,4.8,3,"scooter ",1,"No ","Urban ","Sandstorms","Jam ",1
"15/02/2022","15:45:00","15:55:00",16,"Snack ",33,4.9,2,"scooter ",2,"No ","Metropolitian ","Fog","Medium ",0
"11/02/2022","14:10:00","14:25:00",35,"Drinks ",31,4.7,6,"motorcycle ",0,"No ","Metropolitian ","Sandstorms","High ",1
"7/03/2022","17:40:00","17:55:00",17,"Buffet ",28,4.9,9,"motorcycle ",1,"No ","Metropolitian ","Fog","Medium ",0
"2/03/2022","21:30:00","21:35:00",44,"Meal ",29,4.4,21,"scooter ",1,"No ","Metropolitian ","Fog","Jam ",1
"13/03/2022","17:15:00","17:30:00",20,"Snack ",22,4.5,17,"scooter ",1,"No ","Metropolitian ","Windy","Medium ",1
"3/04/2022","18:20:00","18:35:00",17,"Drinks ",32,4.9,23,"scooter ",1,"No ","Metropolitian ","Sunny","Medium ",1
"16/03/2022","17:55:00","18:00:00",25,"Drinks ",24,4.7,23,"electric_scooter ",2,"No ","Metropolitian ","Sandstorms","Medium ",1
"18/03/2022","21:50:00","22:00:00",26,"Snack ",26,4.6,18,"motorcycle ",1,"No ","Urban ","Windy","Jam ",1
"28/03/2022","22:45:00","22:55:00",17,"Snack ",28,4.8,9,"electric_scooter ",2,"No ","Metropolitian ","Sandstorms","Low ",1
"23/03/2022","23:20:00","23:35:00",22,"Snack ",30,4.8,21,"scooter ",2,"No ","Metropolitian ","Sunny","Low ",0
"24/03/2022","8:25:00","8:40:00",21,"Buffet ",37,4.7,23,"electric_scooter ",2,"No ","Metropolitian ","Sandstorms","Low ",0
"19/03/2022","15:15:00","15:30:00",30,"Snack ",33,4.6,22,"motorcycle ",1,"No ","Metropolitian ","Windy","Medium ",1
"13/02/2022","14:10:00","14:15:00",25,"Buffet ",35,4.6,4,"scooter ",2,"No ","Metropolitian ","Stormy","High ",1
"25/03/2022","17:35:00","17:40:00",48,"Meal ",38,4.4,8,"motorcycle ",0,"No ","Metropolitian ","Windy","Medium ",3
"8/03/2022","18:35:00","18:45:00",38,"Meal ",29,4.6,22,"motorcycle ",2,"No ","Metropolitian ","Fog","Medium ",2
"21/03/2022","13:45:00","13:55:00",26,"Drinks ",35,5,16,"scooter ",2,"No ","Metropolitian ","Windy","High ",0
"13/02/2022","19:55:00","20:05:00",27,"Meal ",23,4.9,2,"motorcycle ",0,"No ","Metropolitian ","Stormy","Jam ",1
"3/04/2022","21:40:00","21:45:00",14,"Buffet ",23,4.7,22,"electric_scooter ",2,"No ","Metropolitian ","Sunny","Jam ",1
"15/02/2022","20:20:00","20:30:00",31,"Buffet ",20,4,4,"motorcycle ",0,"No ","Urban ","Stormy","Jam ",1
"25/03/2022","21:10:00","21:25:00",27,"Drinks ",30,4.5,2,"electric_scooter ",2,"No ","Urban ","Sunny","Jam ",1
"18/03/2022","18:25:00","18:30:00",36,"Buffet ",31,4.3,23,"motorcycle ",1,"No ","Metropolitian ","Sandstorms","Medium ",0
"2/03/2022","17:15:00","17:30:00",26,"Snack ",29,4.9,21,"scooter ",1,"No ","Metropolitian ","Stormy","Medium ",1
"2/03/2022","22:50:00","22:55:00",15,"Drinks ",22,4.5,12,"motorcycle ",1,"No ","Metropolitian ","Windy","Low ",0
"2/03/2022","20:55:00","21:05:00",34,"Meal ",22,4.9,21,"motorcycle ",1,"No ","Metropolitian ","Fog","Jam ",1
"9/03/2022","18:25:00","18:35:00",25,"Snack ",30,4.8,23,"motorcycle ",2,"No ","Metropolitian ","Windy","Medium ",0
"31/03/2022","17:40:00","17:50:00",33,"Snack ",33,4.9,11,"motorcycle ",0,"No ","Metropolitian ","Sunny","Medium ",1
"29/03/2022","19:55:00","20:05:00",41,"Drinks ",25,4.5,7,"motorcycle ",0,"No ","Metropolitian ","Fog","Jam ",1
"13/03/2022","22:45:00","22:50:00",20,"Meal ",30,4.8,23,"scooter ",2,"No ","Metropolitian ","Windy","Low ",1
"4/03/2022","21:55:00","22:05:00",44,"Snack ",32,4.8,9,"motorcycle ",0,"No ","Metropolitian ","Sunny","Jam ",1
"14/03/2022","17:10:00","17:25:00",32,"Snack ",31,4.5,23,"scooter ",1,"No ","Metropolitian ","Sandstorms","Medium ",1
"8/03/2022","21:30:00","21:45:00",51,"Drinks ",34,4.6,19,"motorcycle ",0,"No ","Urban ","Stormy","Jam ",2
"20/03/2022","18:45:00","19:00:00",37,"Drinks ",30,5,13,"motorcycle ",0,"No ","Metropolitian ","Sunny","Medium ",1
"1/03/2022","16:10:00","16:20:00",33,"Drinks ",33,4.1,8,"motorcycle ",1,"No ","Metropolitian ","Sandstorms","Medium ",1
"1/04/2022","10:20:00","10:30:00",16,"Meal ",33,4.8,23,"motorcycle ",1,"No ","Metropolitian ","Cloudy","Low ",0
"21/03/2022","11:35:00","11:40:00",27,"Meal ",37,5,23,"motorcycle ",0,"No ","Urban ","Cloudy","High ",1
"4/04/2022","23:10:00","23:15:00",28,"Buffet ",31,4.7,16,"motorcycle ",0,"No ","Urban ","Sandstorms","Low ",1
"13/03/2022","17:15:00","17:30:00",23,"Buffet ",35,4.9,13,"motorcycle ",0,"No ","Metropolitian ","Sunny","Medium ",0
"10/03/2022","19:25:00","19:30:00",44,"Snack ",20,4.3,17,"scooter ",1,"No ","Metropolitian ","Fog","Jam ",1
"3/04/2022","22:10:00","22:15:00",14,"Snack ",21,4.5,23,"electric_scooter ",2,"No ","Urban ","Fog","Low ",1
"31/03/2022","17:25:00","17:35:00",26,"Meal ",36,4.7,5,"motorcycle ",0,"No ","Urban ","Sunny","Medium ",1
"14/03/2022","22:45:00","22:50:00",28,"Snack ",34,4.7,21,"motorcycle ",0,"No ","Urban ","Windy","Low ",1
"24/03/2022","10:30:00","10:40:00",18,"Meal ",22,4.2,23,"motorcycle ",0,"No ","Metropolitian ","Stormy","Low ",1
"31/03/2022","23:15:00","23:25:00",28,"Buffet ",28,4.7,14,"electric_scooter ",2,"No ","Metropolitian ","Fog","Low ",1
"4/03/2022","18:20:00","18:35:00",29,"Meal ",25,4.5,12,"scooter ",2,"No ","Metropolitian ","Fog","Medium ",1
"2/03/2022","23:20:00","23:30:00",12,"Buffet ",25,4.6,12,"scooter ",1,"No ","Metropolitian ","Stormy","Low ",0
"17/03/2022","23:00:00","23:05:00",21,"Buffet ",31,5,17,"motorcycle ",2,"No ","Urban ","Stormy","Low ",0
"1/03/2022","20:50:00","20:55:00",29,"Snack ",20,5,16,"motorcycle ",1,"No ","Metropolitian ","Fog","Jam ",1
"17/03/2022","20:25:00","20:35:00",27,"Meal ",33,4.8,16,"electric_scooter ",2,"No ","Metropolitian ","Sandstorms","Jam ",1
"15/03/2022","19:45:00","19:50:00",30,"Meal ",29,4.9,23,"scooter ",2,"No ","Metropolitian ","Fog","Jam ",0
"19/03/2022","13:50:00","14:05:00",23,"Drinks ",28,4.5,7,"motorcycle ",0,"No ","Metropolitian ","Windy","High ",1
"13/03/2022","9:20:00","9:25:00",29,"Meal ",35,4.8,21,"scooter ",1,"No ","Urban ","Sandstorms","Low ",1
"14/03/2022","20:50:00","21:00:00",39,"Meal ",32,3.9,7,"scooter ",1,"No ","Metropolitian ","Windy","Jam ",1
"11/02/2022","17:30:00","17:35:00",28,"Drinks ",32,4.8,4,"scooter ",2,"No ","Metropolitian ","Stormy","Medium ",0
"4/03/2022","22:40:00","22:50:00",22,"Snack ",26,4.9,19,"motorcycle ",0,"No ","Metropolitian ","Fog","Low ",0
"30/03/2022","20:40:00","20:45:00",24,"Meal ",26,4.7,6,"scooter ",2,"No ","Urban ","Fog","Jam ",1
"8/03/2022","17:10:00","17:20:00",34,"Meal ",25,4.8,15,"scooter ",2,"No ","Metropolitian ","Fog","Medium ",1
"28/03/2022","17:40:00","17:55:00",29,"Meal ",37,4.8,3,"motorcycle ",0,"No ","Metropolitian ","Sunny","Medium ",1
"31/03/2022","17:25:00","17:40:00",25,"Meal ",26,4.8,9,"scooter ",2,"No ","Metropolitian ","Fog","Medium ",1
"17/02/2022","9:15:00","9:20:00",17,"Drinks ",29,5,7,"scooter ",1,"No ","Metropolitian ","Sandstorms","Low ",0
"21/03/2022","21:15:00","21:25:00",26,"Snack ",34,4.8,17,"scooter ",1,"No ","Metropolitian ","Cloudy","Jam ",0
"13/03/2022","18:35:00","18:45:00",24,"Meal ",34,4.5,21,"motorcycle ",0,"No ","Metropolitian ","Sunny","Medium ",1
"17/02/2022","23:50:00","0:05:00",18,"Buffet ",27,4.6,7,"motorcycle ",0,"No ","Metropolitian ","Sunny","Low ",1
"17/03/2022","17:30:00","17:45:00",18,"Drinks ",31,4.9,22,"scooter ",2,"No ","Urban ","Fog","Medium ",0
"2/03/2022","22:55:00","23:10:00",13,"Buffet ",28,5,16,"motorcycle ",1,"No ","Urban ","Stormy","Low ",0
"1/04/2022","12:40:00","12:50:00",48,"Meal ",33,4.4,1,"motorcycle ",0,"No ","Urban ","Sandstorms","High ",1
"16/02/2022","20:20:00","20:25:00",26,"Meal ",25,4.9,9,"scooter ",2,"No ","Metropolitian ","Sandstorms","Jam ",1
"14/03/2022","19:55:00","20:05:00",54,"Snack ",35,4,7,"motorcycle ",0,"No ","Metropolitian ","Windy","Jam ",0
"28/03/2022","17:20:00","17:35:00",27,"Snack ",23,4.8,19,"motorcycle ",2,"No ","Urban ","Stormy","Medium ",0
"6/03/2022","23:10:00","23:25:00",34,"Drinks ",29,3.1,6,"scooter ",1,"No ","Metropolitian ","Sunny","Low ",1
"26/03/2022","20:25:00","20:40:00",21,"Buffet ",29,4.7,16,"motorcycle ",0,"No ","Metropolitian ","Cloudy","Jam ",0
"2/04/2022","18:40:00","18:55:00",20,"Meal ",29,4.6,18,"motorcycle ",0,"No ","Metropolitian ","Sunny","Medium ",1
"17/03/2022","9:20:00","9:30:00",24,"Snack ",31,4,3,"motorcycle ",0,"No ","Urban ","Windy","Low ",1
"30/03/2022","13:55:00","14:00:00",20,"Meal ",24,4.7,3,"scooter ",1,"No ","Urban ","Windy","High ",1
"1/04/2022","14:15:00","14:20:00",28,"Drinks ",39,4.5,23,"motorcycle ",1,"No ","Metropolitian ","Stormy","High ",1
"3/03/2022","11:15:00","11:20:00",22,"Meal ",23,4.9,23,"scooter ",1,"No ","Metropolitian ","Windy","High ",0
"18/03/2022","21:15:00","21:30:00",42,"Buffet ",34,4.4,23,"motorcycle ",1,"No ","Metropolitian ","Sandstorms","Jam ",0
"30/03/2022","19:30:00","19:35:00",45,"Meal ",20,4.1,2,"motorcycle ",0,"No ","Metropolitian ","Sunny","Jam ",1
"31/03/2022","20:50:00","21:05:00",30,"Meal ",39,5,3,"scooter ",2,"No ","Metropolitian ","Stormy","Jam ",1
"12/03/2022","18:25:00","18:35:00",30,"Buffet ",31,4.6,18,"scooter ",1,"No ","Metropolitian ","Stormy","Medium ",1
"28/03/2022","13:20:00","13:25:00",31,"Meal ",30,5,22,"motorcycle ",0,"No ","Urban ","Fog","High ",1
"5/04/2022","12:35:00","12:40:00",30,"Drinks ",30,4.7,17,"motorcycle ",0,"No ","Metropolitian ","Cloudy","High ",1
"23/03/2022","21:15:00","21:25:00",17,"Snack ",27,4.8,12,"motorcycle ",2,"No ","Metropolitian ","Stormy","Jam ",0
"16/02/2022","17:35:00","17:45:00",16,"Buffet ",30,4.8,8,"motorcycle ",2,"No ","Metropolitian ","Sunny","Medium ",0
"4/03/2022","23:30:00","23:35:00",10,"Buffet ",21,5,16,"scooter ",2,"No ","Urban ","Stormy","Low ",0
"2/03/2022","19:35:00","19:50:00",26,"Drinks ",27,4.8,12,"scooter ",1,"No ","Metropolitian ","Windy","Jam ",1
"29/03/2022","21:25:00","21:40:00",32,"Snack ",24,4.8,7,"motorcycle ",0,"No ","Metropolitian ","Stormy","Jam ",1
"18/03/2022","20:10:00","20:25:00",26,"Buffet ",24,4.8,1,"scooter ",1,"No ","Metropolitian ","Windy","Jam ",1
"31/03/2022","22:50:00","22:55:00",18,"Drinks ",34,4.5,22,"motorcycle ",1,"No ","Metropolitian ","Sandstorms","Low ",0
"5/04/2022","23:20:00","23:35:00",18,"Snack ",24,5,15,"motorcycle ",1,"No ","Metropolitian ","Fog","Low ",1
"30/03/2022","12:00:00","12:15:00",33,"Buffet ",25,4.3,4,"motorcycle ",0,"No ","Metropolitian ","Sandstorms","High ",1
"14/02/2022","20:30:00","20:35:00",17,"Snack ",27,4.9,3,"scooter ",1,"No ","Metropolitian ","Sunny","Jam ",1
"13/03/2022","15:15:00","15:25:00",10,"Snack ",29,4.6,18,"motorcycle ",2,"No ","Urban ","Sunny","Medium ",0
"5/03/2022","10:25:00","10:30:00",15,"Snack ",24,4.3,23,"motorcycle ",0,"No ","Metropolitian ","Windy","Low ",0
"3/03/2022","17:35:00","17:50:00",34,"Buffet ",31,4.4,22,"motorcycle ",0,"No ","Metropolitian ","Windy","Medium ",1
"9/03/2022","9:00:00","9:15:00",25,"Meal ",33,4.2,11,"motorcycle ",0,"No ","Metropolitian ","Sandstorms","Low ",0
"2/03/2022","18:10:00","18:20:00",36,"Meal ",26,4.7,13,"motorcycle ",0,"No ","Metropolitian ","Stormy","Medium ",1
"17/02/2022","18:20:00","18:30:00",37,"Meal ",38,4.9,6,"motorcycle ",0,"No ","Metropolitian ","Fog","Medium ",0
"23/03/2022","23:25:00","23:30:00",16,"Snack ",37,4.6,15,"scooter ",1,"No ","Metropolitian ","Stormy","Low ",1
"29/03/2022","20:25:00","20:30:00",45,"Buffet ",33,4.3,5,"scooter ",2,"No ","Metropolitian ","Cloudy","Jam ",2
"29/03/2022","22:40:00","22:45:00",17,"Drinks ",25,4.7,16,"motorcycle ",0,"No ","Metropolitian ","Windy","Low ",0
"6/04/2022","23:50:00","23:55:00",18,"Meal ",27,4.9,21,"motorcycle ",0,"No ","Metropolitian ","Sandstorms","Low ",0
"3/04/2022","18:25:00","18:30:00",29,"Buffet ",33,4.6,15,"scooter ",1,"No ","Metropolitian ","Windy","Medium ",1
"6/03/2022","18:55:00","19:05:00",17,"Drinks ",21,5,13,"motorcycle ",1,"No ","Metropolitian ","Stormy","Medium ",1
"19/03/2022","9:30:00","9:45:00",22,"Meal ",22,4.5,4,"motorcycle ",0,"No ","Metropolitian ","Fog","Low ",1
"6/03/2022","19:45:00","19:50:00",26,"Snack ",31,5,9,"scooter ",1,"No ","Metropolitian ","Sandstorms","Jam ",1
"30/03/2022","11:55:00","12:10:00",18,"Snack ",21,4.7,1,"scooter ",2,"No ","Urban ","Stormy","High ",0
"14/03/2022","18:30:00","18:40:00",43,"Meal ",23,4.8,23,"motorcycle ",0,"No ","Metropolitian ","Fog","Medium ",0
"2/03/2022","20:15:00","20:20:00",35,"Meal ",25,4.6,15,"electric_scooter ",2,"No ","Urban ","Cloudy","Jam ",1
"17/03/2022","8:40:00","8:50:00",24,"Drinks ",37,4.9,22,"scooter ",2,"No ","Urban ","Stormy","Low ",1
"7/03/2022","11:40:00","11:50:00",28,"Meal ",28,5,15,"motorcycle ",1,"No ","Urban ","Sandstorms","High ",1
"30/03/2022","8:35:00","8:45:00",19,"Drinks ",33,4.6,2,"electric_scooter ",2,"No ","Urban ","Cloudy","Low ",1
"21/03/2022","13:40:00","13:45:00",27,"Drinks ",35,4.6,17,"motorcycle ",2,"No ","Metropolitian ","Fog","High ",0
"4/03/2022","22:50:00","23:05:00",21,"Buffet ",27,5,19,"motorcycle ",2,"No ","Metropolitian ","Stormy","Low ",0
"27/03/2022","20:55:00","21:10:00",16,"Drinks ",21,4.9,15,"motorcycle ",0,"No ","Urban ","Sunny","Jam ",0
"27/03/2022","18:50:00","19:00:00",42,"Buffet ",32,4.6,23,"motorcycle ",0,"No ","Urban ","Cloudy","Medium ",1
"1/04/2022","17:25:00","17:30:00",19,"Meal ",24,4.9,23,"motorcycle ",0,"No ","Metropolitian ","Stormy","Medium ",1
"17/03/2022","17:50:00","18:05:00",30,"Buffet ",39,4.8,21,"motorcycle ",0,"No ","Urban ","Stormy","Medium ",0
"18/03/2022","23:10:00","23:15:00",10,"Drinks ",26,4.9,11,"scooter ",2,"No ","Metropolitian ","Windy","Low ",1
"17/03/2022","10:30:00","10:35:00",29,"Drinks ",30,4.7,21,"motorcycle ",2,"No ","Metropolitian ","Sandstorms","Low ",1
"13/02/2022","9:45:00","10:00:00",29,"Meal ",32,4.6,7,"scooter ",2,"No ","Metropolitian ","Windy","Low ",1
"9/03/2022","9:40:00","9:45:00",25,"Snack ",33,4.7,22,"motorcycle ",1,"No ","Urban ","Sandstorms","Low ",1
"19/03/2022","10:25:00","10:30:00",23,"Snack ",38,4.9,16,"scooter ",2,"No ","Metropolitian ","Sandstorms","Low ",0
"3/03/2022","22:10:00","22:25:00",20,"Drinks ",27,4.2,3,"motorcycle ",0,"No ","Metropolitian ","Stormy","Low ",1
"28/03/2022","19:10:00","19:15:00",31,"Snack ",38,4.6,6,"motorcycle ",1,"No ","Metropolitian ","Fog","Jam ",1
"21/03/2022","18:00:00","18:15:00",26,"Drinks ",37,4.8,9,"scooter ",2,"No ","Metropolitian ","Sandstorms","Medium ",1
"3/03/2022","19:00:00","19:15:00",15,"Drinks ",24,4.8,23,"motorcycle ",1,"No ","Urban ","Fog","Medium ",1
"20/03/2022","17:50:00","18:00:00",26,"Meal ",20,4.5,3,"scooter ",2,"No ","Urban ","Fog","Medium ",0
"18/02/2022","21:35:00","21:50:00",19,"Drinks ",25,4.5,8,"scooter ",1,"No ","Metropolitian ","Stormy","Jam ",0
"17/03/2022","8:30:00","8:35:00",21,"Buffet ",25,4.8,12,"motorcycle ",0,"No ","Metropolitian ","Fog","Low ",1
"2/03/2022","20:40:00","20:55:00",40,"Meal ",27,4.7,23,"electric_scooter ",2,"No ","Urban ","Cloudy","Jam ",2
"6/03/2022","19:20:00","19:30:00",17,"Buffet ",28,4.6,18,"scooter ",1,"No ","Metropolitian ","Windy","Jam ",1
"5/04/2022","10:00:00","10:15:00",14,"Meal ",26,4.9,22,"scooter ",2,"No ","Metropolitian ","Stormy","Low ",1
"4/03/2022","23:50:00","0:05:00",17,"Meal ",21,4.8,18,"motorcycle ",2,"No ","Urban ","Stormy","Low ",1
"4/04/2022","19:30:00","19:45:00",42,"Drinks ",33,4.6,13,"motorcycle ",2,"No ","Metropolitian ","Cloudy","Jam ",2
"14/02/2022","19:30:00","19:40:00",19,"Buffet ",25,4.7,6,"scooter ",1,"No ","Metropolitian ","Stormy","Jam ",1
"15/03/2022","8:35:00","8:50:00",11,"Snack ",23,4.7,16,"electric_scooter ",2,"No ","Urban ","Sandstorms","Low ",0
"3/03/2022","20:15:00","20:25:00",37,"Meal ",39,4.2,5,"scooter ",1,"No ","Urban ","Cloudy","Jam ",0
"31/03/2022","20:45:00","20:50:00",47,"Meal ",39,4.1,6,"scooter ",2,"Yes ","Metropolitian ","Fog","Jam ",2
"3/03/2022","13:30:00","13:45:00",34,"Snack ",30,4.4,16,"motorcycle ",0,"No ","Metropolitian ","Fog","High ",1
"2/03/2022","23:30:00","23:35:00",18,"Snack ",27,4.9,17,"motorcycle ",0,"No ","Urban ","Windy","Low ",1
"21/03/2022","11:50:00","11:55:00",34,"Meal ",37,4.1,4,"scooter ",1,"No ","Metropolitian ","Fog","High ",1
"25/03/2022","18:25:00","18:30:00",17,"Meal ",27,4.9,21,"scooter ",1,"No ","Metropolitian ","Stormy","Medium ",1
"12/02/2022","23:20:00","23:35:00",17,"Snack ",33,4.6,22,"scooter ",2,"No ","Urban ","Stormy","Low ",0
"4/03/2022","23:30:00","23:35:00",27,"Drinks ",26,5,23,"motorcycle ",2,"No ","Urban ","Stormy","Low ",0
"2/03/2022","21:10:00","21:20:00",42,"Meal ",34,4.4,19,"scooter ",2,"No ","Metropolitian ","Stormy","Jam ",1
"1/04/2022","18:55:00","19:10:00",24,"Drinks ",37,4.7,9,"motorcycle ",1,"No ","Metropolitian ","Sunny","Medium ",1
"16/03/2022","19:15:00","19:25:00",25,"Buffet ",20,4.8,16,"scooter ",2,"No ","Metropolitian ","Stormy","Jam ",0
"21/03/2022","18:20:00","18:25:00",30,"Meal ",33,4.9,3,"scooter ",1,"No ","Metropolitian ","Stormy","Medium ",1
"10/03/2022","18:25:00","18:35:00",24,"Buffet ",27,4.9,23,"electric_scooter ",2,"No ","Metropolitian ","Windy","Medium ",1
"11/03/2022","11:10:00","11:15:00",26,"Snack ",34,4.8,14,"motorcycle ",1,"No ","Metropolitian ","Stormy","High ",1
"16/03/2022","19:10:00","19:15:00",43,"Meal ",39,5,21,"electric_scooter ",2,"No ","Metropolitian ","Cloudy","Jam ",1
"23/03/2022","20:30:00","20:35:00",42,"Buffet ",39,4.6,15,"electric_scooter ",2,"No ","Urban ","Cloudy","Jam ",1
"27/03/2022","17:25:00","17:40:00",32,"Snack ",31,3.8,9,"motorcycle ",1,"No ","Metropolitian ","Stormy","Medium ",1
"9/03/2022","17:25:00","17:40:00",19,"Snack ",38,4.8,9,"scooter ",2,"No ","Metropolitian ","Sunny","Medium ",1
"2/03/2022","19:20:00","19:25:00",20,"Snack ",27,4.5,23,"scooter ",2,"No ","Metropolitian ","Stormy","Jam ",1
"17/03/2022","11:50:00","11:55:00",29,"Buffet ",25,4.9,2,"scooter ",2,"No ","Metropolitian ","Windy","High ",1
"12/02/2022","23:00:00","23:10:00",41,"Snack ",38,4.4,9,"motorcycle ",0,"No ","Metropolitian ","Stormy","Low ",1
"5/04/2022","21:25:00","21:40:00",15,"Drinks ",38,5,15,"motorcycle ",1,"No ","Urban ","Sunny","Jam ",1
"28/03/2022","21:15:00","21:25:00",33,"Meal ",35,4.2,7,"electric_scooter ",2,"No ","Metropolitian ","Stormy","Jam ",0
"7/03/2022","18:35:00","18:45:00",11,"Snack ",26,4.9,15,"motorcycle ",0,"No ","Metropolitian ","Sandstorms","Medium ",1
"11/03/2022","10:55:00","11:05:00",16,"Meal ",21,4.7,23,"scooter ",2,"No ","Metropolitian ","Windy","Low ",0
"2/03/2022","23:25:00","23:35:00",21,"Snack ",24,4.9,16,"motorcycle ",0,"No ","Metropolitian ","Fog","Low ",0
"9/03/2022","11:45:00","11:55:00",28,"Buffet ",37,4.8,9,"motorcycle ",1,"No ","Metropolitian ","Cloudy","High ",1
"1/03/2022","11:55:00","12:10:00",22,"Buffet ",25,4.8,23,"scooter ",1,"No ","Metropolitian ","Stormy","High ",1
"31/03/2022","18:55:00","19:00:00",25,"Meal ",22,4.5,17,"motorcycle ",0,"No ","Metropolitian ","Sandstorms","Medium ",1
"19/03/2022","20:15:00","20:30:00",25,"Meal ",35,4.5,6,"scooter ",1,"No ","Metropolitian ","Cloudy","Jam ",1
"30/03/2022","9:50:00","10:05:00",21,"Buffet ",28,4.9,2,"motorcycle ",0,"No ","Urban ","Cloudy","Low ",0
"6/03/2022","23:50:00","0:05:00",42,"Meal ",34,4.6,9,"motorcycle ",0,"Yes ","Metropolitian ","Sunny","Low ",1
"30/03/2022","19:55:00","20:00:00",39,"Snack ",22,4.7,13,"motorcycle ",0,"No ","Metropolitian ","Stormy","Jam ",2
"7/03/2022","9:55:00","10:10:00",21,"Meal ",39,4.7,16,"motorcycle ",0,"No ","Metropolitian ","Fog","Low ",1
"12/02/2022","18:30:00","18:35:00",34,"Drinks ",32,4.6,2,"scooter ",2,"No ","Metropolitian ","Stormy","Medium ",0
"15/02/2022","19:10:00","19:15:00",34,"Snack ",29,4.2,3,"scooter ",1,"No ","Metropolitian ","Fog","Jam ",2
"24/03/2022","9:15:00","9:25:00",21,"Buffet ",20,4.8,22,"motorcycle ",0,"No ","Urban ","Cloudy","Low ",0
"10/03/2022","20:20:00","20:25:00",38,"Drinks ",31,4.5,23,"scooter ",2,"No ","Metropolitian ","Sandstorms","Jam ",1
"25/03/2022","18:00:00","18:05:00",26,"Buffet ",36,4.9,14,"motorcycle ",1,"No ","Metropolitian ","Windy","Medium ",0
"21/03/2022","12:50:00","13:05:00",15,"Snack ",22,4.7,23,"motorcycle ",1,"No ","Urban ","Windy","High ",1
"4/04/2022","17:50:00","18:05:00",20,"Buffet ",29,4.9,9,"scooter ",1,"No ","Metropolitian ","Sandstorms","Medium ",1
"30/03/2022","21:10:00","21:15:00",31,"Buffet ",33,4.7,11,"motorcycle ",0,"No ","Metropolitian ","Fog","Jam ",0
"15/02/2022","10:20:00","10:30:00",16,"Snack ",28,4.7,17,"scooter ",2,"No ","Urban ","Cloudy","Low ",0
"28/03/2022","23:50:00","23:55:00",15,"Buffet ",22,4.5,3,"motorcycle ",0,"No ","Urban ","Fog","Low ",0
"5/04/2022","10:25:00","10:40:00",20,"Drinks ",39,4.4,3,"motorcycle ",0,"No ","Metropolitian ","Windy","Low ",0
"10/03/2022","18:20:00","18:25:00",35,"Drinks ",32,3.7,5,"scooter ",1,"No ","Urban ","Stormy","Medium ",1
"3/04/2022","8:30:00","8:45:00",17,"Meal ",25,4.9,18,"scooter ",2,"No ","Urban ","Sandstorms","Low ",1
"12/03/2022","22:50:00","23:00:00",22,"Meal ",25,4.8,14,"scooter ",2,"No ","Metropolitian ","Cloudy","Low ",1
"26/03/2022","18:55:00","19:10:00",14,"Buffet ",21,4.7,21,"motorcycle ",2,"No ","Urban ","Fog","Medium ",1
"27/03/2022","23:45:00","0:00:00",16,"Drinks ",21,5,12,"motorcycle ",0,"No ","Metropolitian ","Stormy","Low ",1
"13/03/2022","11:20:00","11:35:00",30,"Drinks ",24,4.7,23,"scooter ",1,"No ","Metropolitian ","Cloudy","High ",1
"9/03/2022","9:25:00","9:40:00",19,"Drinks ",24,4.5,22,"motorcycle ",1,"No ","Metropolitian ","Windy","Low ",1
"4/04/2022","22:40:00","22:45:00",29,"Snack ",24,4.9,21,"scooter ",1,"No ","Urban ","Sunny","Low ",1
"14/03/2022","23:50:00","0:00:00",29,"Drinks ",24,4.8,9,"scooter ",1,"No ","Metropolitian ","Cloudy","Low ",1
"4/03/2022","21:15:00","21:30:00",19,"Snack ",23,4.9,15,"scooter ",2,"No ","Urban ","Stormy","Jam ",1
"6/04/2022","22:40:00","22:45:00",19,"Drinks ",21,4.7,19,"motorcycle ",1,"No ","Urban ","Sandstorms","Low ",1
"17/03/2022","21:55:00","22:05:00",41,"Drinks ",21,4.5,3,"motorcycle ",0,"No ","Urban ","Sunny","Jam ",0
"10/03/2022","17:55:00","18:00:00",19,"Buffet ",24,4.7,23,"motorcycle ",0,"No ","Urban ","Sunny","Medium ",0
"14/03/2022","19:30:00","19:45:00",20,"Meal ",37,4.6,23,"motorcycle ",1,"No ","Metropolitian ","Sunny","Jam ",1
"27/03/2022","17:15:00","17:20:00",29,"Buffet ",29,4.6,5,"motorcycle ",1,"No ","Metropolitian ","Stormy","Medium ",1
"11/03/2022","11:00:00","11:10:00",17,"Snack ",23,4.7,19,"electric_scooter ",2,"No ","Metropolitian ","Cloudy","Low ",1
"6/04/2022","20:15:00","20:30:00",18,"Drinks ",24,4.5,1,"electric_scooter ",2,"No ","Metropolitian ","Windy","Jam ",0
"16/03/2022","22:30:00","22:45:00",16,"Snack ",24,4.8,17,"motorcycle ",1,"No ","Urban ","Stormy","Low ",1
"25/03/2022","18:40:00","18:50:00",33,"Buffet ",33,5,4,"motorcycle ",0,"No ","Metropolitian ","Sandstorms","Medium ",2
"21/03/2022","18:55:00","19:05:00",22,"Drinks ",23,4.8,16,"scooter ",2,"No ","Metropolitian ","Sandstorms","Medium ",1
"16/02/2022","18:30:00","18:35:00",29,"Meal ",22,5,8,"motorcycle ",0,"No ","Metropolitian ","Sandstorms","Medium ",1
"16/02/2022","17:25:00","17:40:00",12,"Drinks ",23,4.6,7,"electric_scooter ",2,"No ","Metropolitian ","Sunny","Medium ",0
"14/03/2022","21:45:00","21:50:00",31,"Buffet ",35,3.6,3,"motorcycle ",1,"No ","Urban ","Sunny","Jam ",0
"16/03/2022","23:25:00","23:35:00",11,"Meal ",21,4.8,22,"scooter ",1,"No ","Metropolitian ","Stormy","Low ",0
"14/02/2022","19:20:00","19:25:00",38,"Drinks ",29,4.8,3,"motorcycle ",0,"No ","Metropolitian ","Fog","Jam ",0
"24/03/2022","23:35:00","23:50:00",12,"Buffet ",25,4.7,23,"motorcycle ",0,"No ","Urban ","Sunny","Low ",1
"25/03/2022","17:10:00","17:25:00",28,"Meal ",27,4.6,23,"scooter ",2,"No ","Metropolitian ","Stormy","Medium ",1
"6/04/2022","20:30:00","20:45:00",25,"Buffet ",32,4.9,21,"motorcycle ",0,"No ","Metropolitian ","Sunny","Jam ",1
"9/03/2022","20:30:00","20:40:00",25,"Drinks ",32,4.5,12,"motorcycle ",1,"No ","Metropolitian ","Cloudy","Jam ",1
"24/03/2022","16:30:00","16:35:00",14,"Snack ",24,4.8,23,"electric_scooter ",2,"No ","Metropolitian ","Cloudy","Medium ",0
"5/04/2022","17:55:00","18:05:00",37,"Drinks ",36,4.1,2,"motorcycle ",0,"No ","Metropolitian ","Sandstorms","Medium ",0
"29/03/2022","20:00:00","20:15:00",37,"Meal ",30,4.3,4,"scooter ",1,"No ","Metropolitian ","Cloudy","Jam ",2
"18/03/2022","23:30:00","23:35:00",18,"Meal ",37,4.8,15,"scooter ",2,"No ","Urban ","Windy","Low ",0
"4/04/2022","20:10:00","20:15:00",23,"Meal ",21,4.9,22,"scooter ",1,"No ","Metropolitian ","Stormy","Jam ",1
"5/04/2022","18:35:00","18:45:00",15,"Meal ",35,4.8,15,"electric_scooter ",2,"No ","Metropolitian ","Cloudy","Medium ",1
"5/04/2022","21:50:00","21:55:00",22,"Snack ",27,4.6,21,"scooter ",2,"No ","Urban ","Sandstorms","Jam ",1
"6/03/2022","19:10:00","19:15:00",37,"Buffet ",25,4.6,12,"scooter ",1,"No ","Metropolitian ","Fog","Jam ",1
"12/02/2022","22:15:00","22:30:00",20,"Drinks ",24,5,19,"scooter ",1,"No ","Urban ","Fog","Low ",1
"25/03/2022","20:00:00","20:10:00",35,"Snack ",34,4,11,"motorcycle ",1,"No ","Metropolitian ","Fog","Jam ",1
"17/02/2022","21:25:00","21:30:00",12,"Buffet ",24,4.8,6,"scooter ",2,"No ","Metropolitian ","Sandstorms","Jam ",1
"12/02/2022","19:40:00","19:55:00",51,"Snack ",30,4.8,9,"motorcycle ",0,"Yes ","Metropolitian ","Fog","Jam ",1
"19/03/2022","17:50:00","18:05:00",27,"Meal ",34,4.6,7,"scooter ",2,"No ","Metropolitian ","Windy","Medium ",0
"12/03/2022","19:55:00","20:10:00",15,"Snack ",21,5,17,"motorcycle ",0,"No ","Urban ","Sunny","Jam ",1
"21/03/2022","18:25:00","18:40:00",19,"Drinks ",35,4.8,13,"scooter ",1,"No ","Metropolitian ","Cloudy","Medium ",0
"25/03/2022","18:00:00","18:10:00",29,"Buffet ",29,4.9,3,"motorcycle ",0,"No ","Metropolitian ","Sandstorms","Medium ",1
"4/04/2022","23:10:00","23:25:00",16,"Snack ",20,4.7,21,"electric_scooter ",2,"No ","Urban ","Sandstorms","Low ",1
"2/03/2022","17:10:00","17:15:00",22,"Drinks ",27,4.6,15,"motorcycle ",1,"No ","Metropolitian ","Windy","Medium ",1
"26/03/2022","12:00:00","12:15:00",20,"Meal ",20,4.7,17,"motorcycle ",0,"No ","Metropolitian ","Cloudy","High ",1
"12/02/2022","23:45:00","23:50:00",24,"Buffet ",25,4.7,8,"motorcycle ",2,"No ","Metropolitian ","Stormy","Low ",1
"18/02/2022","21:45:00","21:50:00",37,"Buffet ",25,4.7,5,"motorcycle ",0,"No ","Metropolitian ","Sandstorms","Jam ",1
"28/03/2022","14:25:00","14:35:00",32,"Drinks ",25,4.8,11,"motorcycle ",0,"No ","Metropolitian ","Sandstorms","High ",1
"18/03/2022","22:50:00","22:55:00",40,"Drinks ",38,4.2,12,"motorcycle ",0,"No ","Metropolitian ","Fog","Low ",1
"6/03/2022","20:20:00","20:35:00",27,"Drinks ",27,4.7,13,"motorcycle ",2,"No ","Metropolitian ","Stormy","Jam ",1
"15/02/2022","17:35:00","17:50:00",16,"Buffet ",20,4.7,15,"scooter ",1,"No ","Urban ","Fog","Medium ",1
"18/02/2022","22:40:00","22:55:00",17,"Snack ",30,4.7,6,"electric_scooter ",2,"No ","Metropolitian ","Sandstorms","Low ",1
"3/04/2022","10:00:00","10:10:00",23,"Snack ",21,4.2,17,"motorcycle ",0,"No ","Urban ","Windy","Low ",0
"2/03/2022","18:40:00","18:55:00",39,"Snack ",21,4.3,21,"scooter ",1,"No ","Metropolitian ","Fog","Medium ",1
"26/03/2022","10:45:00","10:55:00",19,"Drinks ",21,4.7,22,"scooter ",1,"No ","Urban ","Stormy","Low ",0
"12/03/2022","19:25:00","19:30:00",30,"Snack ",36,4.9,16,"electric_scooter ",2,"No ","Metropolitian ","Sandstorms","Jam ",0
"6/03/2022","21:35:00","21:50:00",41,"Snack ",21,5,16,"scooter ",2,"No ","Metropolitian ","Sunny","Jam ",2
"23/03/2022","21:00:00","21:15:00",33,"Buffet ",25,4.7,7,"motorcycle ",0,"No ","Metropolitian ","Sandstorms","Jam ",1
"30/03/2022","18:10:00","18:25:00",26,"Drinks ",31,4.8,19,"motorcycle ",0,"No ","Metropolitian ","Fog","Medium ",0
"12/02/2022","19:50:00","20:05:00",48,"Buffet ",35,4.8,9,"motorcycle ",0,"Yes ","Metropolitian ","Fog","Jam ",2
"31/03/2022","22:30:00","22:35:00",15,"Drinks ",39,4.7,17,"scooter ",1,"No ","Metropolitian ","Sunny","Low ",1
"3/03/2022","20:10:00","20:20:00",19,"Buffet ",37,4.7,16,"scooter ",1,"No ","Metropolitian ","Sunny","Jam ",0
"5/04/2022","12:50:00","13:00:00",24,"Snack ",21,4.8,21,"motorcycle ",1,"No ","Metropolitian ","Fog","High ",1
"15/02/2022","19:20:00","19:35:00",17,"Meal ",33,4.8,6,"motorcycle ",1,"No ","Metropolitian ","Sunny","Jam ",1
"2/04/2022","23:00:00","23:10:00",37,"Meal ",35,4.2,14,"motorcycle ",0,"No ","Metropolitian ","Fog","Low ",0
"17/03/2022","10:50:00","11:05:00",24,"Buffet ",28,4.8,21,"motorcycle ",0,"No ","Urban ","Cloudy","Low ",1
"2/03/2022","22:40:00","22:50:00",19,"Buffet ",34,4.7,23,"motorcycle ",1,"No ","Metropolitian ","Stormy","Low ",1
"6/04/2022","0:00:00","0:15:00",17,"Meal ",35,4.9,18,"scooter ",1,"No ","Urban ","Stormy","Low ",1
"16/03/2022","17:30:00","17:40:00",28,"Buffet ",30,4.9,13,"motorcycle ",1,"No ","Metropolitian ","Windy","Medium ",1
"1/03/2022","18:55:00","19:05:00",27,"Snack ",26,4.9,19,"motorcycle ",2,"No ","Urban ","Windy","Medium ",1
"14/03/2022","22:15:00","22:25:00",21,"Meal ",36,4.6,18,"motorcycle ",1,"No ","Urban ","Sandstorms","Low ",1
"5/04/2022","18:00:00","18:05:00",22,"Meal ",26,4.8,17,"motorcycle ",1,"No ","Metropolitian ","Sandstorms","Medium ",1
"27/03/2022","0:00:00","0:05:00",21,"Snack ",26,4.7,16,"motorcycle ",0,"No ","Urban ","Cloudy","Low ",0
"2/03/2022","20:10:00","20:15:00",24,"Buffet ",25,4.9,23,"motorcycle ",1,"No ","Metropolitian ","Stormy","Jam ",0
"25/03/2022","17:40:00","17:55:00",37,"Meal ",30,4.2,11,"electric_scooter ",2,"No ","Metropolitian ","Sandstorms","Medium ",2
"8/03/2022","23:30:00","23:45:00",14,"Drinks ",26,5,17,"scooter ",2,"No ","Metropolitian ","Sandstorms","Low ",1
"11/03/2022","20:25:00","20:35:00",11,"Drinks ",22,4.9,23,"scooter ",2,"No ","Metropolitian ","Windy","Jam ",0
"3/04/2022","13:50:00","14:00:00",27,"Meal ",39,4.6,23,"motorcycle ",1,"No ","Metropolitian ","Fog","High ",1
"12/03/2022","22:25:00","22:35:00",20,"Buffet ",28,4.9,21,"motorcycle ",0,"No ","Metropolitian ","Stormy","Low ",0
"26/03/2022","11:25:00","11:30:00",13,"Snack ",24,4.7,23,"electric_scooter ",2,"No ","Urban ","Sandstorms","High ",0
"21/03/2022","17:35:00","17:45:00",29,"Buffet ",34,4.6,1,"motorcycle ",1,"No ","Metropolitian ","Sandstorms","Medium ",0
"25/03/2022","20:30:00","20:45:00",13,"Meal ",27,4.9,17,"motorcycle ",1,"No ","Urban ","Sunny","Jam ",1
"2/03/2022","17:55:00","18:05:00",27,"Meal ",36,4.7,9,"scooter ",1,"No ","Metropolitian ","Sunny","Medium ",0
"25/03/2022","20:00:00","20:10:00",42,"Snack ",32,4.6,5,"motorcycle ",2,"No ","Metropolitian ","Fog","Jam ",1
"29/03/2022","23:50:00","23:55:00",24,"Drinks ",27,4.5,4,"scooter ",2,"No ","Urban ","Cloudy","Low ",1
"5/04/2022","17:30:00","17:40:00",20,"Buffet ",24,4.5,1,"motorcycle ",0,"No ","Metropolitian ","Sunny","Medium ",0
"3/04/2022","23:45:00","0:00:00",26,"Buffet ",34,4.9,18,"motorcycle ",2,"No ","Urban ","Sandstorms","Low ",1
"16/03/2022","19:20:00","19:35:00",25,"Snack ",26,4.9,9,"motorcycle ",0,"No ","Metropolitian ","Sunny","Jam ",1
"6/04/2022","20:25:00","20:30:00",39,"Meal ",32,3.6,3,"scooter ",2,"No ","Urban ","Stormy","Jam ",1
"12/02/2022","23:45:00","23:55:00",27,"Meal ",31,4.6,8,"scooter ",2,"No ","Metropolitian ","Stormy","Low ",0
"26/03/2022","23:15:00","23:25:00",18,"Drinks ",21,4.7,19,"motorcycle ",0,"No ","Metropolitian ","Sunny","Low ",1
"9/03/2022","23:35:00","23:40:00",14,"Drinks ",29,4.5,3,"electric_scooter ",2,"No ","Urban ","Sandstorms","Low ",0
"5/04/2022","10:25:00","10:40:00",23,"Meal ",27,4.2,5,"motorcycle ",0,"No ","Metropolitian ","Windy","Low ",1
"10/03/2022","19:40:00","19:50:00",13,"Buffet ",24,4.7,18,"motorcycle ",1,"No ","Metropolitian ","Sunny","Jam ",0
"31/03/2022","18:00:00","18:10:00",44,"Meal ",32,4.6,3,"motorcycle ",0,"No ","Metropolitian ","Cloudy","Medium ",1
"12/03/2022","21:40:00","21:50:00",45,"Meal ",35,4.8,12,"motorcycle ",0,"No ","Metropolitian ","Fog","Jam ",0
"21/03/2022","17:25:00","17:35:00",26,"Snack ",36,5,19,"motorcycle ",0,"No ","Metropolitian ","Windy","Medium ",1
"2/03/2022","22:45:00","22:50:00",19,"Drinks ",31,4.7,18,"motorcycle ",1,"No ","Urban ","Sunny","Low ",1
"2/03/2022","23:30:00","23:45:00",39,"Meal ",35,4.1,2,"motorcycle ",0,"No ","Urban ","Cloudy","Low ",0
"2/04/2022","17:45:00","18:00:00",24,"Buffet ",21,5,15,"motorcycle ",0,"No ","Urban ","Windy","Medium ",1
"4/04/2022","19:10:00","19:15:00",24,"Snack ",24,5,15,"scooter ",2,"No ","Urban ","Stormy","Jam ",1
"26/03/2022","17:55:00","18:10:00",21,"Buffet ",24,4.6,23,"scooter ",1,"No ","Metropolitian ","Sandstorms","Medium ",1
"3/03/2022","23:30:00","23:35:00",27,"Snack ",28,4.1,6,"motorcycle ",0,"No ","Metropolitian ","Sandstorms","Low ",1
"26/03/2022","19:25:00","19:30:00",20,"Drinks ",39,4.8,12,"electric_scooter ",2,"No ","Metropolitian ","Sunny","Jam ",1
"2/03/2022","17:25:00","17:35:00",38,"Drinks ",39,4.9,21,"motorcycle ",0,"No ","Metropolitian ","Sunny","Medium ",1
"10/03/2022","17:50:00","18:05:00",20,"Snack ",26,4.7,22,"motorcycle ",0,"No ","Urban ","Windy","Medium ",1
"24/03/2022","20:55:00","21:10:00",19,"Buffet ",25,4.7,15,"electric_scooter ",2,"No ","Metropolitian ","Stormy","Jam ",0
"16/03/2022","17:10:00","17:20:00",48,"Meal ",31,4.2,3,"motorcycle ",0,"No ","Metropolitian ","Sandstorms","Medium ",0
"14/03/2022","17:20:00","17:30:00",27,"Buffet ",22,4.5,23,"motorcycle ",1,"No ","Metropolitian ","Cloudy","Medium ",1
"19/03/2022","12:30:00","12:35:00",25,"Meal ",33,4.8,18,"motorcycle ",0,"No ","Metropolitian ","Cloudy","High ",0
"20/03/2022","22:25:00","22:35:00",44,"Meal ",29,2.5,6,"scooter ",2,"No ","Metropolitian ","Sunny","Low ",1
"31/03/2022","17:15:00","17:25:00",30,"Buffet ",37,4.7,4,"motorcycle ",0,"No ","Urban ","Sunny","Medium ",1
"12/02/2022","18:20:00","18:30:00",34,"Drinks ",22,4.6,4,"motorcycle ",0,"No ","Metropolitian ","Fog","Medium ",1
"23/03/2022","23:45:00","23:50:00",30,"Drinks ",39,5,9,"motorcycle ",1,"No ","Metropolitian ","Cloudy","Low ",1
"3/04/2022","17:40:00","17:45:00",34,"Snack ",39,4.4,11,"motorcycle ",0,"No ","Metropolitian ","Stormy","Medium ",1
"19/03/2022","9:15:00","9:30:00",11,"Meal ",23,4.9,17,"motorcycle ",1,"No ","Urban ","Stormy","Low ",1
"19/03/2022","22:30:00","22:35:00",23,"Snack ",34,4.5,19,"motorcycle ",0,"No ","Metropolitian ","Cloudy","Low ",0
"12/02/2022","19:55:00","20:00:00",21,"Snack ",24,4.7,23,"motorcycle ",1,"No ","Urban ","Sandstorms","Jam ",1
"3/04/2022","15:45:00","15:50:00",16,"Meal ",32,4.6,18,"motorcycle ",1,"No ","Metropolitian ","Cloudy","Medium ",0
"3/03/2022","8:20:00","8:25:00",19,"Drinks ",35,4.7,23,"electric_scooter ",2,"No ","Metropolitian ","Fog","Low ",0
"7/03/2022","22:10:00","22:20:00",22,"Meal ",20,4.1,5,"motorcycle ",0,"No ","Metropolitian ","Sandstorms","Low ",0
"9/03/2022","8:30:00","8:45:00",20,"Meal ",33,4.2,2,"motorcycle ",0,"No ","Metropolitian ","Stormy","Low ",0
"25/03/2022","21:55:00","22:05:00",22,"Buffet ",21,4.6,16,"scooter ",1,"No ","Metropolitian ","Sunny","Jam ",0
"1/04/2022","9:20:00","9:30:00",20,"Drinks ",30,4.8,19,"motorcycle ",1,"No ","Metropolitian ","Stormy","Low ",1
"2/04/2022","18:30:00","18:35:00",27,"Buffet ",37,4.8,18,"scooter ",1,"No ","Metropolitian ","Stormy","Medium ",1
"13/02/2022","21:25:00","21:40:00",20,"Buffet ",35,4.7,6,"motorcycle ",2,"No ","Metropolitian ","Sunny","Jam ",1
"5/03/2022","10:00:00","10:15:00",20,"Drinks ",30,4.9,16,"motorcycle ",0,"No ","Urban ","Stormy","Low ",0
"17/03/2022","9:35:00","9:45:00",14,"Drinks ",21,4.6,5,"motorcycle ",2,"No ","Metropolitian ","Stormy","Low ",0
"9/03/2022","10:10:00","10:20:00",11,"Drinks ",23,4.6,14,"motorcycle ",1,"No ","Metropolitian ","Windy","Low ",0
"7/03/2022","22:25:00","22:30:00",16,"Snack ",22,4.8,18,"scooter ",1,"No ","Metropolitian ","Sandstorms","Low ",1
"14/02/2022","20:40:00","20:45:00",47,"Meal ",24,4.7,9,"motorcycle ",0,"No ","Metropolitian ","Stormy","Jam ",0
"30/03/2022","10:45:00","10:55:00",18,"Meal ",39,4.9,15,"motorcycle ",2,"No ","Metropolitian ","Fog","Low ",1
"13/03/2022","8:55:00","9:10:00",23,"Snack ",37,4.9,16,"motorcycle ",0,"No ","Metropolitian ","Fog","Low ",1
"26/03/2022","23:20:00","23:30:00",18,"Meal ",21,4.5,3,"scooter ",1,"No ","Urban ","Fog","Low ",1
"12/02/2022","17:30:00","17:40:00",36,"Meal ",35,4.9,17,"motorcycle ",0,"No ","Urban ","Fog","Medium ",2
"30/03/2022","23:20:00","23:35:00",19,"Buffet ",26,4.5,2,"electric_scooter ",2,"No ","Urban ","Sandstorms","Low ",0
"27/03/2022","19:20:00","19:25:00",33,"Buffet ",32,4.1,5,"scooter ",2,"No ","Metropolitian ","Windy","Jam ",1
"21/03/2022","16:40:00","16:50:00",24,"Drinks ",28,5,23,"motorcycle ",0,"No ","Metropolitian ","Cloudy","Medium ",0
"5/04/2022","17:35:00","17:50:00",21,"Drinks ",37,5,23,"motorcycle ",0,"No ","Metropolitian ","Sunny","Medium ",1
"31/03/2022","20:40:00","20:50:00",39,"Buffet ",39,4.1,11,"scooter ",1,"No ","Metropolitian ","Stormy","Jam ",0
"10/03/2022","20:55:00","21:00:00",46,"Meal ",33,4.7,16,"motorcycle ",0,"No ","Metropolitian ","Cloudy","Jam ",2
"27/03/2022","18:20:00","18:35:00",25,"Snack ",25,4.6,9,"motorcycle ",0,"No ","Metropolitian ","Sandstorms","Medium ",1
"12/03/2022","23:20:00","23:25:00",21,"Drinks ",38,4.6,19,"motorcycle ",0,"No ","Metropolitian ","Stormy","Low ",1
"10/03/2022","22:50:00","23:05:00",22,"Drinks ",23,4.5,17,"scooter ",1,"No ","Metropolitian ","Fog","Low ",0
"13/02/2022","22:15:00","22:20:00",28,"Drinks ",38,4.8,4,"scooter ",1,"No ","Metropolitian ","Sandstorms","Low ",1
"9/03/2022","11:50:00","12:05:00",21,"Drinks ",25,5,23,"motorcycle ",1,"No ","Metropolitian ","Cloudy","High ",0
"29/03/2022","20:40:00","20:55:00",22,"Snack ",22,4.8,4,"scooter ",1,"No ","Urban ","Sandstorms","Jam ",1
"23/03/2022","23:30:00","23:35:00",19,"Meal ",31,4.9,19,"motorcycle ",1,"No ","Urban ","Sunny","Low ",1
"11/03/2022","19:15:00","19:25:00",27,"Snack ",36,5,23,"scooter ",2,"No ","Metropolitian ","Windy","Jam ",1
"28/03/2022","11:45:00","11:50:00",24,"Snack ",23,5,21,"motorcycle ",0,"No ","Urban ","Fog","High ",1
"4/04/2022","20:00:00","20:15:00",20,"Buffet ",27,4.8,19,"scooter ",2,"No ","Urban ","Stormy","Jam ",1
"8/03/2022","18:10:00","18:25:00",44,"Meal ",34,4.7,13,"motorcycle ",0,"No ","Metropolitian ","Sandstorms","Medium ",2
"4/03/2022","23:30:00","23:35:00",27,"Drinks ",26,5,23,"motorcycle ",2,"No ","Urban ","Stormy","Low ",0
"9/03/2022","21:45:00","21:55:00",31,"Drinks ",21,4.7,15,"scooter ",2,"No ","Urban ","Sandstorms","Jam ",1
"5/04/2022","18:45:00","18:50:00",33,"Drinks ",39,4.1,3,"scooter ",2,"No ","Metropolitian ","Sandstorms","Medium ",1
"9/03/2022","9:25:00","9:35:00",25,"Buffet ",37,4.8,16,"scooter ",2,"No ","Urban ","Stormy","Low ",1
"11/02/2022","20:00:00","20:10:00",27,"Buffet ",26,4.7,17,"scooter ",2,"No ","Urban ","Cloudy","Jam ",1
"15/03/2022","16:40:00","16:55:00",17,"Snack ",29,4.9,22,"motorcycle ",0,"No ","Urban ","Stormy","Medium ",0
"5/03/2022","15:00:00","15:10:00",36,"Snack ",38,4.4,15,"scooter ",2,"No ","Metropolitian ","Fog","High ",1
"3/03/2022","9:10:00","9:25:00",26,"Meal ",33,4.5,23,"scooter ",1,"No ","Metropolitian ","Stormy","Low ",1
"3/04/2022","10:10:00","10:15:00",29,"Snack ",35,4.6,23,"scooter ",2,"No ","Urban ","Windy","Low ",0
"17/03/2022","8:25:00","8:30:00",34,"Meal ",34,4.2,7,"motorcycle ",0,"No ","Metropolitian ","Windy","Low ",1
"15/03/2022","8:45:00","9:00:00",19,"Meal ",24,4.3,2,"motorcycle ",0,"No ","Urban ","Sandstorms","Low ",0
"13/02/2022","10:30:00","10:45:00",15,"Meal ",22,4.8,9,"motorcycle ",0,"No ","Metropolitian ","Fog","Low ",1
"18/03/2022","18:20:00","18:25:00",27,"Drinks ",24,4.8,3,"motorcycle ",0,"No ","Metropolitian ","Windy","Medium ",1
"2/03/2022","19:20:00","19:25:00",39,"Meal ",39,4.4,13,"scooter ",1,"No ","Metropolitian ","Stormy","Jam ",1
"2/04/2022","18:10:00","18:20:00",32,"Snack ",21,4.5,11,"motorcycle ",0,"No ","Metropolitian ","Fog","Medium ",1
"12/02/2022","20:15:00","20:25:00",23,"Buffet ",33,4.9,7,"motorcycle ",1,"No ","Metropolitian ","Sunny","Jam ",0
"30/03/2022","16:35:00","16:40:00",34,"Snack ",39,4.4,21,"motorcycle ",2,"No ","Urban ","Stormy","Medium ",0
"15/02/2022","0:00:00","0:05:00",15,"Drinks ",30,4.5,5,"motorcycle ",2,"No ","Metropolitian ","Stormy","Low ",1
"12/03/2022","17:30:00","17:40:00",16,"Drinks ",28,4.6,12,"motorcycle ",1,"No ","Metropolitian ","Sunny","Medium ",0
"20/03/2022","18:45:00","18:50:00",26,"Meal ",37,4.9,22,"scooter ",2,"No ","Urban ","Sandstorms","Medium ",1
"2/04/2022","23:40:00","23:50:00",34,"Buffet ",35,4.4,13,"scooter ",1,"No ","Metropolitian ","Cloudy","Low ",0
"27/03/2022","23:40:00","23:45:00",19,"Meal ",36,4.7,17,"scooter ",2,"No ","Urban ","Sandstorms","Low ",0
"11/02/2022","10:40:00","10:50:00",25,"Meal ",34,4.6,6,"scooter ",2,"No ","Metropolitian ","Stormy","Low ",1
"9/03/2022","23:30:00","23:45:00",22,"Drinks ",24,5,23,"electric_scooter ",2,"No ","Metropolitian ","Sunny","Low ",0
"15/02/2022","10:45:00","10:55:00",27,"Meal ",38,5,8,"motorcycle ",0,"No ","Metropolitian ","Sunny","Low ",0
"1/03/2022","22:25:00","22:30:00",19,"Snack ",27,4.6,15,"electric_scooter ",2,"No ","Metropolitian ","Windy","Low ",1
"11/02/2022","20:30:00","20:45:00",32,"Snack ",38,4,17,"scooter ",2,"No ","Metropolitian ","Fog","Jam ",1
"25/03/2022","19:15:00","19:20:00",26,"Snack ",36,4.6,23,"motorcycle ",0,"No ","Metropolitian ","Sunny","Jam ",0
"18/03/2022","17:30:00","17:35:00",36,"Drinks ",33,4,19,"scooter ",1,"No ","Metropolitian ","Cloudy","Medium ",1
"20/03/2022","19:25:00","19:35:00",44,"Buffet ",33,4.4,3,"motorcycle ",0,"No ","Urban ","Stormy","Jam ",1
"7/03/2022","22:25:00","22:40:00",25,"Drinks ",36,4.7,9,"scooter ",2,"No ","Metropolitian ","Windy","Low ",1
"12/03/2022","20:10:00","20:15:00",36,"Snack ",28,4.2,8,"motorcycle ",0,"No ","Metropolitian ","Windy","Jam ",1
"4/03/2022","17:55:00","18:00:00",38,"Snack ",22,4.1,3,"electric_scooter ",2,"No ","Metropolitian ","Fog","Medium ",0
"6/04/2022","19:40:00","19:50:00",43,"Snack ",25,4.1,5,"electric_scooter ",2,"No ","Metropolitian ","Fog","Jam ",1
"5/03/2022","11:00:00","11:10:00",10,"Meal ",26,4.8,21,"motorcycle ",1,"No ","Metropolitian ","Windy","Low ",1
"17/03/2022","20:35:00","20:45:00",28,"Buffet ",36,4.7,22,"motorcycle ",1,"No ","Urban ","Stormy","Jam ",1
"24/03/2022","21:35:00","21:40:00",39,"Snack ",38,4,1,"motorcycle ",0,"No ","Metropolitian ","Windy","Jam ",0
"20/03/2022","19:25:00","19:30:00",39,"Snack ",30,4.9,1,"scooter ",1,"No ","Metropolitian ","Fog","Jam ",1
"15/03/2022","21:15:00","21:25:00",22,"Buffet ",20,4.9,23,"motorcycle ",2,"No ","Metropolitian ","Cloudy","Jam ",0
"15/02/2022","10:45:00","10:50:00",25,"Meal ",33,5,16,"motorcycle ",1,"No ","Urban ","Sandstorms","Low ",1
"12/03/2022","17:50:00","17:55:00",26,"Buffet ",34,4.9,21,"scooter ",2,"No ","Urban ","Sunny","Medium ",0
"3/04/2022","9:00:00","9:15:00",23,"Drinks ",30,4.6,19,"motorcycle ",0,"No ","Metropolitian ","Fog","Low ",1
"10/03/2022","19:15:00","19:20:00",36,"Buffet ",36,4.1,4,"scooter ",1,"No ","Urban ","Cloudy","Jam ",0
"9/03/2022","19:30:00","19:35:00",25,"Snack ",33,4.5,17,"motorcycle ",1,"No ","Metropolitian ","Sandstorms","Jam ",1
"15/03/2022","18:55:00","19:05:00",17,"Buffet ",31,4.7,23,"motorcycle ",1,"No ","Metropolitian ","Cloudy","Medium ",1
"16/03/2022","23:20:00","23:35:00",16,"Snack ",30,4.7,23,"electric_scooter ",2,"No ","Metropolitian ","Sunny","Low ",0
"3/04/2022","11:40:00","11:55:00",37,"Drinks ",28,4.3,14,"motorcycle ",0,"No ","Metropolitian ","Stormy","High ",0
"14/02/2022","19:25:00","19:30:00",21,"Drinks ",22,4.6,15,"electric_scooter ",2,"No ","Urban ","Windy","Jam ",1
"13/03/2022","18:10:00","18:15:00",15,"Meal ",35,4.6,15,"scooter ",2,"No ","Metropolitian ","Fog","Medium ",0
"13/03/2022","23:00:00","23:15:00",29,"Snack ",35,4.5,23,"electric_scooter ",2,"No ","Metropolitian ","Windy","Low ",0
"11/03/2022","13:55:00","14:10:00",26,"Buffet ",33,4.8,14,"motorcycle ",0,"No ","Metropolitian ","Cloudy","High ",0
"24/03/2022","14:20:00","14:30:00",36,"Snack ",36,4.8,6,"motorcycle ",2,"No ","Metropolitian ","Cloudy","High ",1
"5/04/2022","18:45:00","18:50:00",25,"Snack ",37,4.7,15,"motorcycle ",1,"No ","Urban ","Stormy","Medium ",1
"10/03/2022","23:55:00","0:00:00",28,"Meal ",33,4.7,13,"scooter ",1,"No ","Metropolitian ","Sandstorms","Low ",0
"14/02/2022","23:30:00","23:40:00",34,"Meal ",37,4.5,9,"scooter ",2,"No ","Metropolitian ","Stormy","Low ",1
"15/02/2022","18:30:00","18:40:00",32,"Meal ",36,4.7,9,"motorcycle ",1,"No ","Metropolitian ","Sandstorms","Medium ",2
"14/03/2022","17:35:00","17:40:00",24,"Drinks ",26,4.8,15,"motorcycle ",1,"No ","Metropolitian ","Windy","Medium ",1
"18/02/2022","20:00:00","20:10:00",43,"Drinks ",30,4.1,16,"electric_scooter ",2,"Yes ","Metropolitian ","Sandstorms","Jam ",2
"9/03/2022","19:35:00","19:40:00",26,"Buffet ",32,4.7,15,"scooter ",2,"No ","Metropolitian ","Stormy","Jam ",1
"4/04/2022","20:20:00","20:35:00",27,"Snack ",24,4.7,23,"motorcycle ",0,"No ","Metropolitian ","Stormy","Jam ",1
"31/03/2022","20:55:00","21:05:00",29,"Meal ",21,4.6,3,"motorcycle ",1,"No ","Metropolitian ","Windy","Jam ",1
"13/02/2022","8:55:00","9:00:00",16,"Buffet ",34,5,18,"scooter ",1,"No ","Urban ","Cloudy","Low ",1
"18/03/2022","20:00:00","20:10:00",29,"Drinks ",23,4.7,2,"motorcycle ",1,"No ","Metropolitian ","Windy","Jam ",1
"3/03/2022","10:55:00","11:10:00",19,"Meal ",37,4.9,17,"electric_scooter ",2,"No ","Metropolitian ","Stormy","Low ",0
"4/03/2022","21:55:00","22:00:00",16,"Buffet ",21,4.9,23,"motorcycle ",1,"No ","Urban ","Stormy","Jam ",0
"16/03/2022","21:55:00","22:05:00",16,"Buffet ",24,4.9,21,"motorcycle ",1,"No ","Metropolitian ","Sunny","Jam ",1
"18/02/2022","21:25:00","21:40:00",19,"Snack ",26,4.6,9,"motorcycle ",2,"No ","Metropolitian ","Sandstorms","Jam ",0
"11/03/2022","0:00:00","0:15:00",16,"Drinks ",39,5,9,"scooter ",1,"No ","Metropolitian ","Sunny","Low ",1
"15/03/2022","11:15:00","11:30:00",27,"Meal ",35,4.8,19,"scooter ",2,"No ","Urban ","Stormy","High ",1
"2/03/2022","23:25:00","23:35:00",26,"Buffet ",22,4.7,18,"electric_scooter ",2,"No ","Metropolitian ","Fog","Low ",1
"31/03/2022","17:25:00","17:40:00",24,"Snack ",22,4.6,22,"scooter ",2,"No ","Metropolitian ","Windy","Medium ",1
"12/03/2022","17:50:00","17:55:00",20,"Snack ",32,5,22,"scooter ",2,"No ","Metropolitian ","Windy","Medium ",1
"15/03/2022","21:45:00","21:55:00",23,"Snack ",29,4.9,9,"motorcycle ",0,"No ","Metropolitian ","Cloudy","Jam ",1
"30/03/2022","10:45:00","10:50:00",18,"Snack ",35,4.7,22,"motorcycle ",1,"No ","Metropolitian ","Fog","Low ",1
"11/02/2022","23:25:00","23:30:00",19,"Meal ",31,4.8,5,"motorcycle ",1,"No ","Metropolitian ","Sunny","Low ",0
"15/02/2022","15:35:00","15:45:00",18,"Meal ",37,4.6,15,"electric_scooter ",2,"No ","Urban ","Sunny","Medium ",0
"7/03/2022","21:45:00","21:50:00",33,"Meal ",34,4.8,16,"scooter ",1,"No ","Metropolitian ","Windy","Jam ",1
"2/04/2022","23:45:00","23:50:00",36,"Meal ",35,4.3,11,"motorcycle ",0,"No ","Metropolitian ","Cloudy","Low ",0
"4/03/2022","19:20:00","19:30:00",16,"Meal ",26,4.8,15,"scooter ",1,"No ","Metropolitian ","Stormy","Jam ",0
"1/04/2022","14:45:00","15:00:00",17,"Buffet ",20,4.9,21,"electric_scooter ",2,"No ","Metropolitian ","Sunny","High ",1
"6/03/2022","20:45:00","20:50:00",28,"Buffet ",28,4.9,16,"scooter ",2,"No ","Metropolitian ","Stormy","Jam ",1
"17/03/2022","19:25:00","19:30:00",54,"Buffet ",22,4.1,3,"motorcycle ",0,"No ","Metropolitian ","Sunny","Jam ",3
"5/03/2022","17:35:00","17:50:00",22,"Snack ",30,4.9,16,"motorcycle ",0,"No ","Metropolitian ","Stormy","Medium ",1
"31/03/2022","22:30:00","22:35:00",15,"Drinks ",39,4.7,17,"scooter ",1,"No ","Metropolitian ","Sunny","Low ",1
"8/03/2022","20:30:00","20:35:00",30,"Buffet ",33,4.8,23,"motorcycle ",0,"No ","Metropolitian ","Sunny","Jam ",0
"5/03/2022","22:25:00","22:40:00",28,"Meal ",30,4.6,17,"scooter ",1,"No ","Metropolitian ","Sunny","Low ",1
"14/03/2022","20:00:00","20:05:00",28,"Snack ",30,4.9,19,"scooter ",1,"No ","Metropolitian ","Sunny","Jam ",1
"5/04/2022","19:50:00","20:05:00",34,"Drinks ",39,4.8,18,"scooter ",1,"No ","Metropolitian ","Fog","Jam ",1
"5/03/2022","15:30:00","15:45:00",15,"Snack ",21,4.8,16,"motorcycle ",0,"No ","Metropolitian ","Stormy","Medium ",1
"15/02/2022","22:10:00","22:25:00",24,"Drinks ",37,5,5,"scooter ",2,"No ","Metropolitian ","Stormy","Low ",1
"25/03/2022","17:45:00","17:55:00",27,"Drinks ",33,4.8,17,"scooter ",2,"No ","Metropolitian ","Sandstorms","Medium ",1
"10/03/2022","22:30:00","22:35:00",34,"Buffet ",35,3.5,9,"scooter ",1,"No ","Metropolitian ","Fog","Low ",1
"3/03/2022","10:25:00","10:35:00",29,"Meal ",36,5,21,"motorcycle ",1,"No ","Metropolitian ","Windy","Low ",1
"18/02/2022","22:00:00","22:10:00",39,"Drinks ",37,4.4,4,"motorcycle ",0,"No ","Metropolitian ","Sandstorms","Jam ",1
"26/03/2022","8:15:00","8:25:00",17,"Buffet ",29,4.9,18,"motorcycle ",0,"No ","Metropolitian ","Fog","Low ",1
"5/03/2022","0:00:00","0:10:00",29,"Meal ",33,4.6,16,"motorcycle ",0,"No ","Metropolitian ","Sunny","Low ",1
"7/03/2022","8:25:00","8:35:00",28,"Drinks ",36,4,8,"motorcycle ",0,"No ","Metropolitian ","Sandstorms","Low ",1
"31/03/2022","17:25:00","17:40:00",11,"Snack ",25,4.9,15,"motorcycle ",2,"No ","Urban ","Sunny","Medium ",0
"10/03/2022","20:25:00","20:35:00",15,"Buffet ",22,4.7,15,"scooter ",1,"No ","Urban ","Sandstorms","Jam ",1
"23/03/2022","17:35:00","17:50:00",24,"Buffet ",21,4.7,21,"motorcycle ",1,"No ","Metropolitian ","Sandstorms","Medium ",1
"14/03/2022","18:10:00","18:20:00",26,"Meal ",30,4.8,12,"electric_scooter ",2,"No ","Metropolitian ","Windy","Medium ",1
"1/04/2022","12:10:00","12:20:00",30,"Meal ",31,5,12,"scooter ",2,"No ","Metropolitian ","Sandstorms","High ",1
"18/03/2022","18:15:00","18:20:00",30,"Snack ",37,4.6,17,"motorcycle ",0,"No ","Metropolitian ","Windy","Medium ",1
"15/03/2022","16:35:00","16:50:00",24,"Meal ",26,4.8,12,"scooter ",1,"No ","Metropolitian ","Windy","Medium ",1
"1/03/2022","20:15:00","20:30:00",30,"Buffet ",32,4.7,18,"motorcycle ",0,"No ","Metropolitian ","Stormy","Jam ",0
"17/03/2022","17:50:00","18:05:00",18,"Buffet ",21,4.5,15,"motorcycle ",0,"No ","Metropolitian ","Sunny","Medium ",1
"1/03/2022","9:10:00","9:25:00",22,"Drinks ",32,4.5,14,"motorcycle ",0,"No ","Metropolitian ","Stormy","Low ",1
"31/03/2022","23:10:00","23:15:00",15,"Meal ",28,4.7,17,"motorcycle ",0,"No ","Metropolitian ","Stormy","Low ",0
"12/02/2022","19:35:00","19:50:00",22,"Drinks ",28,4.6,17,"motorcycle ",0,"No ","Urban ","Sunny","Jam ",1
"2/03/2022","22:25:00","22:30:00",16,"Meal ",23,4.8,18,"scooter ",2,"No ","Urban ","Sandstorms","Low ",0
"21/03/2022","13:45:00","13:55:00",26,"Drinks ",35,5,16,"scooter ",2,"No ","Metropolitian ","Windy","High ",0
"30/03/2022","22:25:00","22:30:00",16,"Drinks ",38,4.8,5,"motorcycle ",1,"No ","Urban ","Fog","Low ",0
"3/04/2022","23:20:00","23:35:00",20,"Buffet ",20,5,19,"motorcycle ",1,"No ","Metropolitian ","Sunny","Low ",1
"31/03/2022","21:55:00","22:00:00",37,"Snack ",30,4.2,9,"motorcycle ",1,"No ","Metropolitian ","Sandstorms","Jam ",1
"9/03/2022","14:55:00","15:05:00",36,"Snack ",33,5,16,"scooter ",1,"No ","Metropolitian ","Fog","High ",1
"1/04/2022","21:15:00","21:20:00",30,"Buffet ",34,4.8,2,"electric_scooter ",2,"No ","Metropolitian ","Windy","Jam ",0
"5/03/2022","19:40:00","19:50:00",34,"Drinks ",32,5,13,"motorcycle ",1,"No ","Metropolitian ","Stormy","Jam ",1
"12/03/2022","22:35:00","22:45:00",29,"Buffet ",28,4.8,13,"scooter ",2,"No ","Metropolitian ","Cloudy","Low ",1
"8/03/2022","21:40:00","21:55:00",42,"Drinks ",38,4.1,13,"scooter ",1,"No ","Metropolitian ","Sandstorms","Jam ",1
"5/03/2022","9:15:00","9:30:00",17,"Buffet ",24,4.8,17,"scooter ",1,"No ","Metropolitian ","Sandstorms","Low ",0
"14/03/2022","19:50:00","20:00:00",48,"Buffet ",21,4.5,23,"motorcycle ",0,"No ","Metropolitian ","Fog","Jam ",1
"13/02/2022","12:20:00","12:30:00",20,"Buffet ",34,4.8,8,"scooter ",1,"No ","Metropolitian ","Sunny","High ",1
"13/02/2022","14:25:00","14:40:00",15,"Snack ",26,4.9,9,"scooter ",1,"No ","Metropolitian ","Sandstorms","High ",1
"6/04/2022","23:55:00","0:00:00",24,"Snack ",24,4.8,22,"scooter ",2,"No ","Metropolitian ","Fog","Low ",0
"8/03/2022","17:15:00","17:20:00",38,"Buffet ",31,4.6,19,"motorcycle ",0,"No ","Metropolitian ","Sunny","Medium ",0
"11/03/2022","11:50:00","11:55:00",35,"Buffet ",33,4.8,9,"scooter ",1,"No ","Metropolitian ","Cloudy","High ",0
"2/03/2022","21:00:00","21:05:00",49,"Drinks ",36,4.8,23,"motorcycle ",0,"Yes ","Metropolitian ","Sandstorms","Jam ",3
"17/02/2022","9:25:00","9:40:00",21,"Snack ",35,4,11,"motorcycle ",0,"No ","Metropolitian ","Sandstorms","Low ",1
"1/03/2022","13:55:00","14:05:00",21,"Buffet ",21,4.6,17,"motorcycle ",0,"No ","Metropolitian ","Fog","High ",1
"23/03/2022","21:45:00","22:00:00",34,"Buffet ",24,4.1,13,"electric_scooter ",2,"No ","Metropolitian ","Fog","Jam ",1
"20/03/2022","22:20:00","22:25:00",30,"Drinks ",21,4.5,3,"scooter ",2,"No ","Urban ","Sunny","Low ",0
"6/04/2022","23:40:00","23:45:00",33,"Meal ",37,3.7,3,"motorcycle ",1,"No ","Urban ","Cloudy","Low ",1
"4/04/2022","23:00:00","23:10:00",20,"Meal ",21,4.9,19,"electric_scooter ",2,"No ","Urban ","Cloudy","Low ",0
"13/02/2022","9:30:00","9:45:00",20,"Meal ",38,4.8,9,"motorcycle ",0,"No ","Metropolitian ","Sunny","Low ",1
"3/03/2022","17:55:00","18:10:00",16,"Snack ",30,4.8,22,"motorcycle ",1,"No ","Metropolitian ","Stormy","Medium ",1
"6/04/2022","20:15:00","20:30:00",49,"Drinks ",34,4.4,1,"scooter ",1,"No ","Metropolitian ","Cloudy","Jam ",0
"15/03/2022","11:55:00","12:05:00",34,"Meal ",37,4.3,16,"scooter ",2,"No ","Metropolitian ","Stormy","High ",1
"1/04/2022","16:50:00","17:00:00",28,"Snack ",33,4.7,9,"scooter ",2,"No ","Metropolitian ","Stormy","Medium ",1
"2/03/2022","17:55:00","18:10:00",22,"Meal ",33,4.8,19,"scooter ",2,"No ","Urban ","Sandstorms","Medium ",1
"1/03/2022","23:35:00","23:40:00",17,"Snack ",35,4.9,23,"motorcycle ",1,"No ","Metropolitian ","Stormy","Low ",1
"18/02/2022","20:30:00","20:40:00",24,"Snack ",26,4.9,2,"motorcycle ",2,"No ","Metropolitian ","Windy","Jam ",0
"10/03/2022","18:25:00","18:40:00",12,"Meal ",25,4.6,23,"scooter ",2,"No ","Metropolitian ","Sunny","Medium ",0
"30/03/2022","17:35:00","17:40:00",17,"Meal ",28,4.9,12,"motorcycle ",2,"No ","Metropolitian ","Cloudy","Medium ",0
"1/04/2022","17:45:00","17:55:00",17,"Drinks ",25,4.7,4,"motorcycle ",0,"No ","Urban ","Sunny","Medium ",1
"9/03/2022","15:35:00","15:45:00",19,"Meal ",24,4.8,19,"motorcycle ",1,"No ","Urban ","Cloudy","Medium ",0
"18/03/2022","18:45:00","19:00:00",36,"Drinks ",24,4.5,23,"motorcycle ",0,"No ","Metropolitian ","Fog","Medium ",1
"13/03/2022","17:00:00","17:15:00",24,"Drinks ",26,5,23,"scooter ",2,"No ","Metropolitian ","Windy","Medium ",1
"14/03/2022","20:25:00","20:35:00",40,"Drinks ",21,4.7,21,"motorcycle ",0,"No ","Metropolitian ","Fog","Jam ",0
"5/04/2022","10:35:00","10:45:00",27,"Meal ",34,4.7,17,"motorcycle ",2,"No ","Metropolitian ","Sandstorms","Low ",1
"19/03/2022","21:25:00","21:30:00",35,"Meal ",38,4.1,23,"motorcycle ",0,"No ","Metropolitian ","Windy","Jam ",1
"4/03/2022","20:00:00","20:05:00",25,"Drinks ",35,4.8,17,"motorcycle ",1,"No ","Metropolitian ","Sandstorms","Jam ",1
"12/02/2022","20:45:00","20:50:00",34,"Snack ",22,4.6,3,"motorcycle ",0,"No ","Metropolitian ","Sunny","Jam ",0
"14/03/2022","21:00:00","21:15:00",37,"Buffet ",34,4.1,13,"scooter ",1,"No ","Metropolitian ","Stormy","Jam ",0
"30/03/2022","22:35:00","22:50:00",18,"Snack ",26,4.6,17,"motorcycle ",0,"No ","Metropolitian ","Sunny","Low ",1
"11/02/2022","22:35:00","22:40:00",24,"Snack ",37,4.5,3,"motorcycle ",0,"No ","Metropolitian ","Stormy","Low ",1
"16/02/2022","18:55:00","19:05:00",22,"Meal ",31,4.9,8,"electric_scooter ",2,"No ","Metropolitian ","Stormy","Medium ",1
"13/03/2022","15:20:00","15:30:00",24,"Drinks ",27,5,19,"scooter ",1,"No ","Urban ","Sandstorms","Medium ",1
"14/03/2022","21:45:00","21:50:00",43,"Drinks ",31,4.1,5,"motorcycle ",1,"No ","Urban ","Fog","Jam ",1
"1/03/2022","11:00:00","11:15:00",17,"Snack ",27,4.8,23,"scooter ",1,"No ","Metropolitian ","Stormy","Low ",1
"29/03/2022","19:10:00","19:25:00",37,"Buffet ",34,4.3,17,"scooter ",1,"No ","Urban ","Fog","Jam ",0
"13/02/2022","23:00:00","23:15:00",23,"Meal ",37,4.2,3,"motorcycle ",0,"No ","Metropolitian ","Sandstorms","Low ",1
"16/03/2022","22:10:00","22:25:00",20,"Meal ",28,4.8,19,"motorcycle ",0,"No ","Metropolitian ","Cloudy","Low ",1
"13/03/2022","21:10:00","21:25:00",19,"Snack ",37,4.9,16,"electric_scooter ",2,"No ","Urban ","Sunny","Jam ",1
"13/02/2022","12:15:00","12:20:00",37,"Meal ",34,4.2,2,"electric_scooter ",2,"No ","Metropolitian ","Fog","High ",0
"8/03/2022","20:20:00","20:30:00",43,"Drinks ",35,4.9,17,"motorcycle ",0,"No ","Metropolitian ","Stormy","Jam ",0
"17/03/2022","11:00:00","11:15:00",19,"Snack ",28,4.6,5,"scooter ",1,"No ","Metropolitian ","Windy","Low ",0
"20/03/2022","22:00:00","22:10:00",15,"Drinks ",20,4.8,14,"scooter ",2,"No ","Metropolitian ","Sunny","Jam ",0
"3/03/2022","18:25:00","18:35:00",16,"Meal ",24,4.7,17,"electric_scooter ",2,"No ","Urban ","Cloudy","Medium ",1
"8/03/2022","19:15:00","19:20:00",35,"Snack ",24,4.4,23,"scooter ",2,"No ","Metropolitian ","Fog","Jam ",1
"17/02/2022","14:25:00","14:40:00",28,"Buffet ",22,4.9,2,"scooter ",1,"No ","Metropolitian ","Fog","High ",1
"30/03/2022","11:35:00","11:40:00",46,"Snack ",33,4.4,3,"motorcycle ",0,"Yes ","Metropolitian ","Sandstorms","High ",2
"19/03/2022","17:55:00","18:10:00",32,"Meal ",35,4.9,17,"scooter ",1,"No ","Metropolitian ","Windy","Medium ",1
"10/03/2022","21:50:00","22:05:00",49,"Buffet ",34,4.3,1,"motorcycle ",0,"No ","Urban ","Stormy","Jam ",0
"3/03/2022","19:20:00","19:25:00",18,"Drinks ",33,4.6,17,"scooter ",2,"No ","Urban ","Sunny","Jam ",1
"7/03/2022","19:50:00","20:05:00",34,"Drinks ",28,4.3,9,"scooter ",1,"No ","Metropolitian ","Fog","Jam ",1
"19/03/2022","21:35:00","21:45:00",31,"Meal ",37,5,15,"motorcycle ",0,"No ","Metropolitian ","Fog","Jam ",1
"5/03/2022","9:00:00","9:15:00",21,"Buffet ",39,4.6,15,"scooter ",2,"No ","Urban ","Stormy","Low ",0
"16/03/2022","0:00:00","0:05:00",43,"Meal ",22,3.1,4,"scooter ",1,"Yes ","Metropolitian ","Sunny","Low ",1
"2/04/2022","17:25:00","17:30:00",17,"Drinks ",20,4.9,15,"scooter ",1,"No ","Urban ","Stormy","Medium ",1
"6/04/2022","21:20:00","21:35:00",36,"Snack ",30,4.7,19,"motorcycle ",1,"No ","Metropolitian ","Cloudy","Jam ",0
"12/02/2022","21:10:00","21:20:00",50,"Buffet ",34,4.6,8,"motorcycle ",0,"Yes ","Metropolitian ","Fog","Jam ",3
"3/04/2022","10:50:00","11:05:00",25,"Meal ",35,4.2,18,"motorcycle ",0,"No ","Metropolitian ","Sandstorms","Low ",1
"26/03/2022","20:25:00","20:30:00",16,"Drinks ",23,4.7,18,"motorcycle ",1,"No ","Metropolitian ","Stormy","Jam ",0
"6/03/2022","22:45:00","22:55:00",18,"Snack ",27,5,23,"motorcycle ",0,"No ","Metropolitian ","Stormy","Low ",0
"23/03/2022","23:20:00","23:25:00",35,"Snack ",32,3.5,9,"scooter ",2,"No ","Metropolitian ","Fog","Low ",1
"13/02/2022","22:35:00","22:40:00",13,"Buffet ",26,5,23,"motorcycle ",2,"No ","Urban ","Cloudy","Low ",1
"13/03/2022","18:50:00","19:05:00",29,"Buffet ",22,4.6,15,"scooter ",1,"No ","Metropolitian ","Sandstorms","Medium ",1
"12/02/2022","18:30:00","18:35:00",27,"Meal ",37,4.7,9,"motorcycle ",1,"No ","Metropolitian ","Sunny","Medium ",1
"3/04/2022","17:10:00","17:20:00",27,"Drinks ",29,4.5,23,"motorcycle ",0,"No ","Metropolitian ","Windy","Medium ",1
"27/03/2022","21:30:00","21:45:00",19,"Buffet ",24,4.7,15,"scooter ",1,"No ","Urban ","Windy","Jam ",1
"15/02/2022","22:25:00","22:30:00",10,"Meal ",20,4.6,5,"motorcycle ",1,"No ","Metropolitian ","Fog","Low ",0
"7/03/2022","21:25:00","21:40:00",26,"Buffet ",39,5,21,"motorcycle ",0,"No ","Metropolitian ","Sunny","Jam ",0
"23/03/2022","22:00:00","22:15:00",38,"Meal ",38,3.7,2,"scooter ",2,"No ","Metropolitian ","Sandstorms","Jam ",0
"31/03/2022","17:55:00","18:10:00",15,"Buffet ",23,4.6,23,"electric_scooter ",2,"No ","Metropolitian ","Windy","Medium ",0
"25/03/2022","23:25:00","23:40:00",42,"Meal ",31,4.8,4,"motorcycle ",0,"Yes ","Metropolitian ","Cloudy","Low ",1
"17/02/2022","10:00:00","10:15:00",26,"Snack ",32,4.9,6,"motorcycle ",0,"No ","Metropolitian ","Fog","Low ",1
"10/03/2022","18:00:00","18:15:00",31,"Snack ",24,4.9,15,"motorcycle ",0,"No ","Metropolitian ","Windy","Medium ",1
"6/04/2022","17:45:00","18:00:00",44,"Buffet ",32,4.8,22,"motorcycle ",1,"No ","Metropolitian ","Fog","Medium ",1
"4/03/2022","19:50:00","20:05:00",26,"Drinks ",37,4.9,12,"motorcycle ",1,"No ","Metropolitian ","Sunny","Jam ",0
"5/03/2022","22:40:00","22:45:00",17,"Drinks ",22,4.2,3,"motorcycle ",0,"No ","Metropolitian ","Stormy","Low ",1
"26/03/2022","10:30:00","10:45:00",16,"Drinks ",33,4.8,23,"scooter ",2,"No ","Metropolitian ","Cloudy","Low ",0
"1/03/2022","22:30:00","22:35:00",19,"Drinks ",30,4.8,15,"electric_scooter ",2,"No ","Urban ","Sunny","Low ",0
"14/03/2022","23:55:00","0:10:00",24,"Buffet ",27,4.5,19,"motorcycle ",0,"No ","Metropolitian ","Sandstorms","Low ",1
"13/03/2022","8:10:00","8:25:00",19,"Snack ",30,4.8,15,"scooter ",2,"No ","Metropolitian ","Sunny","Low ",1
"12/03/2022","17:40:00","17:45:00",26,"Meal ",20,4.8,14,"motorcycle ",0,"No ","Metropolitian ","Windy","Medium ",1
"2/04/2022","17:20:00","17:30:00",34,"Snack ",39,4.2,15,"motorcycle ",1,"No ","Metropolitian ","Windy","Medium ",1
"5/03/2022","8:45:00","8:50:00",24,"Buffet ",39,4.9,13,"electric_scooter ",2,"No ","Metropolitian ","Windy","Low ",1
"24/03/2022","17:40:00","17:55:00",17,"Buffet ",37,4.5,3,"motorcycle ",2,"No ","Urban ","Cloudy","Medium ",1
"12/02/2022","18:45:00","18:55:00",33,"Drinks ",24,4.7,7,"electric_scooter ",2,"No ","Metropolitian ","Fog","Medium ",1
"1/03/2022","20:40:00","20:45:00",25,"Drinks ",38,4.8,16,"motorcycle ",0,"No ","Metropolitian ","Stormy","Jam ",0
"31/03/2022","21:55:00","22:10:00",35,"Buffet ",21,4,11,"motorcycle ",0,"No ","Metropolitian ","Stormy","Jam ",1
"19/03/2022","8:45:00","8:55:00",18,"Snack ",33,4.9,7,"electric_scooter ",2,"No ","Metropolitian ","Sunny","Low ",1
"26/03/2022","21:20:00","21:30:00",31,"Drinks ",38,5,2,"motorcycle ",1,"No ","Metropolitian ","Stormy","Jam ",1
"6/04/2022","19:50:00","19:55:00",54,"Meal ",39,4.2,4,"motorcycle ",0,"No ","Semi-Urban ","Windy","Jam ",1
"15/02/2022","15:25:00","15:35:00",33,"Meal ",32,4.4,5,"electric_scooter ",2,"No ","Urban ","Sandstorms","Medium ",1
"8/03/2022","19:40:00","19:45:00",15,"Drinks ",26,4.5,3,"scooter ",2,"No ","Urban ","Stormy","Jam ",1
"19/03/2022","21:45:00","21:55:00",25,"Snack ",35,4.7,5,"motorcycle ",0,"No ","Metropolitian ","Cloudy","Jam ",1
"29/03/2022","19:00:00","19:15:00",36,"Snack ",20,4.5,9,"motorcycle ",0,"No ","Metropolitian ","Cloudy","Medium ",1
"28/03/2022","12:25:00","12:40:00",38,"Drinks ",38,4.8,13,"motorcycle ",1,"No ","Metropolitian ","Fog","High ",1
"4/03/2022","17:10:00","17:20:00",43,"Meal ",33,4.6,15,"motorcycle ",0,"No ","Metropolitian ","Sandstorms","Medium ",1
"16/02/2022","20:40:00","20:55:00",39,"Drinks ",26,5,2,"motorcycle ",1,"No ","Metropolitian ","Fog","Jam ",1
"12/03/2022","22:00:00","22:05:00",39,"Buffet ",22,4.6,12,"motorcycle ",0,"No ","Metropolitian ","Cloudy","Jam ",1
"6/03/2022","20:10:00","20:25:00",34,"Meal ",25,4.6,19,"motorcycle ",0,"No ","Metropolitian ","Windy","Jam ",1
"13/02/2022","21:45:00","21:50:00",24,"Drinks ",21,4.6,6,"motorcycle ",0,"No ","Metropolitian ","Sandstorms","Jam ",1
"14/03/2022","23:00:00","23:05:00",27,"Drinks ",31,5,12,"motorcycle ",0,"No ","Metropolitian ","Windy","Low ",0
"10/03/2022","18:40:00","18:45:00",25,"Drinks ",39,4.8,19,"scooter ",1,"No ","Metropolitian ","Sandstorms","Medium ",0
"1/04/2022","11:55:00","12:00:00",13,"Drinks ",28,4.6,21,"scooter ",2,"No ","Metropolitian ","Stormy","High ",1
"13/03/2022","9:15:00","9:25:00",24,"Drinks ",33,4.7,9,"motorcycle ",0,"No ","Metropolitian ","Sunny","Low ",1
"15/02/2022","17:15:00","17:30:00",28,"Snack ",23,4.9,8,"motorcycle ",0,"No ","Metropolitian ","Fog","Medium ",1
"21/03/2022","17:45:00","17:50:00",27,"Drinks ",39,4.5,23,"scooter ",2,"No ","Metropolitian ","Windy","Medium ",1
"2/03/2022","19:25:00","19:35:00",21,"Buffet ",29,4.8,12,"motorcycle ",0,"No ","Metropolitian ","Sunny","Jam ",0
"17/03/2022","9:25:00","9:40:00",14,"Drinks ",23,5,9,"scooter ",2,"No ","Metropolitian ","Fog","Low ",0
"23/03/2022","21:50:00","22:00:00",41,"Buffet ",26,4.3,1,"motorcycle ",1,"No ","Metropolitian ","Cloudy","Jam ",2
"5/04/2022","9:30:00","9:35:00",26,"Snack ",38,4.6,23,"scooter ",1,"No ","Urban ","Stormy","Low ",1
"15/02/2022","23:25:00","23:35:00",16,"Snack ",21,5,17,"scooter ",2,"No ","Urban ","Windy","Low ",0
"12/03/2022","18:50:00","18:55:00",40,"Buffet ",37,4.3,16,"motorcycle ",2,"No ","Metropolitian ","Cloudy","Medium ",1
"6/03/2022","17:45:00","17:55:00",32,"Meal ",27,4.3,18,"motorcycle ",1,"No ","Metropolitian ","Sunny","Medium ",1
"2/03/2022","23:15:00","23:25:00",24,"Drinks ",25,4.7,19,"motorcycle ",0,"No ","Metropolitian ","Fog","Low ",0
"18/03/2022","17:10:00","17:25:00",28,"Meal ",23,4.7,9,"motorcycle ",0,"No ","Metropolitian ","Stormy","Medium ",1
"2/04/2022","23:20:00","23:25:00",25,"Snack ",36,4.6,9,"electric_scooter ",2,"No ","Metropolitian ","Sandstorms","Low ",1
"7/03/2022","20:50:00","20:55:00",25,"Meal ",37,4.8,17,"motorcycle ",0,"No ","Metropolitian ","Sunny","Jam ",0
"11/03/2022","0:00:00","0:10:00",16,"Buffet ",27,4.8,14,"motorcycle ",0,"No ","Metropolitian ","Fog","Low ",1
"26/03/2022","21:35:00","21:40:00",19,"Snack ",25,4.7,19,"scooter ",1,"No ","Metropolitian ","Sunny","Jam ",0
"12/02/2022","22:30:00","22:35:00",29,"Drinks ",39,4.7,2,"scooter ",1,"No ","Metropolitian ","Fog","Low ",0
"5/04/2022","10:40:00","10:45:00",18,"Buffet ",20,5,18,"scooter ",1,"No ","Metropolitian ","Fog","Low ",1
"9/03/2022","13:45:00","14:00:00",39,"Meal ",33,4.1,11,"scooter ",1,"No ","Metropolitian ","Fog","High ",2
"20/03/2022","22:50:00","23:05:00",29,"Drinks ",35,4.7,1,"scooter ",2,"No ","Metropolitian ","Windy","Low ",1
"13/02/2022","15:25:00","15:35:00",16,"Drinks ",34,4.7,8,"motorcycle ",1,"No ","Metropolitian ","Stormy","Medium ",1
"13/03/2022","13:30:00","13:45:00",36,"Meal ",33,4.4,13,"motorcycle ",1,"No ","Metropolitian ","Fog","High ",1
"2/04/2022","23:00:00","23:05:00",29,"Buffet ",23,4.8,6,"motorcycle ",0,"No ","Metropolitian ","Sunny","Low ",1
"16/03/2022","18:35:00","18:50:00",34,"Meal ",39,4.8,21,"motorcycle ",0,"No ","Metropolitian ","Stormy","Medium ",1
"11/03/2022","11:35:00","11:50:00",22,"Snack ",23,4.9,17,"scooter ",2,"No ","Metropolitian ","Stormy","High ",0
"2/03/2022","23:00:00","23:10:00",23,"Snack ",34,4.6,15,"motorcycle ",0,"No ","Urban ","Sunny","Low ",0
"14/02/2022","18:35:00","18:45:00",27,"Buffet ",30,4.7,3,"scooter ",2,"No ","Metropolitian ","Windy","Medium ",1
"18/02/2022","22:15:00","22:30:00",27,"Buffet ",35,4.7,2,"motorcycle ",1,"No ","Metropolitian ","Stormy","Low ",0
"21/03/2022","0:00:00","0:10:00",17,"Drinks ",22,4.7,23,"scooter ",1,"No ","Metropolitian ","Stormy","Low ",1
"7/03/2022","18:25:00","18:30:00",23,"Drinks ",39,4.7,18,"motorcycle ",0,"No ","Urban ","Stormy","Medium ",0
"23/03/2022","18:25:00","18:35:00",34,"Drinks ",23,4.9,1,"scooter ",1,"No ","Metropolitian ","Fog","Medium ",0
"17/03/2022","20:50:00","21:05:00",29,"Drinks ",25,4.5,5,"scooter ",1,"No ","Metropolitian ","Sandstorms","Jam ",0
"25/03/2022","20:40:00","20:55:00",31,"Meal ",22,4.3,11,"motorcycle ",1,"No ","Metropolitian ","Fog","Jam ",0
"29/03/2022","19:55:00","20:00:00",42,"Meal ",31,4.1,15,"scooter ",1,"No ","Urban ","Sandstorms","Jam ",1
"15/03/2022","16:20:00","16:30:00",17,"Snack ",26,4.8,23,"scooter ",2,"No ","Urban ","Cloudy","Medium ",1
"21/03/2022","21:25:00","21:30:00",34,"Drinks ",38,4.3,11,"electric_scooter ",2,"No ","Metropolitian ","Fog","Jam ",1
"4/03/2022","23:00:00","23:10:00",29,"Buffet ",39,4.8,21,"electric_scooter ",2,"No ","Urban ","Stormy","Low ",0
"29/03/2022","22:25:00","22:30:00",11,"Meal ",22,4.6,2,"scooter ",2,"No ","Urban ","Windy","Low ",1
"1/04/2022","16:10:00","16:15:00",23,"Buffet ",30,4.9,19,"motorcycle ",2,"No ","Metropolitian ","Sunny","Medium ",1
"20/03/2022","17:50:00","18:05:00",36,"Buffet ",38,4.2,3,"motorcycle ",1,"No ","Metropolitian ","Sandstorms","Medium ",1
"18/02/2022","19:25:00","19:40:00",38,"Drinks ",25,4.4,3,"motorcycle ",0,"No ","Metropolitian ","Sandstorms","Jam ",1
"16/03/2022","19:40:00","19:55:00",47,"Meal ",33,4.8,19,"motorcycle ",0,"Yes ","Metropolitian ","Sandstorms","Jam ",0
"29/03/2022","23:10:00","23:15:00",37,"Meal ",34,3.9,7,"scooter ",2,"No ","Metropolitian ","Fog","Low ",1
"3/04/2022","20:35:00","20:50:00",11,"Snack ",22,5,18,"scooter ",2,"No ","Urban ","Sandstorms","Jam ",0
"23/03/2022","19:00:00","19:15:00",34,"Meal ",34,4.7,8,"motorcycle ",1,"No ","Metropolitian ","Fog","Medium ",1
"3/03/2022","23:50:00","23:55:00",26,"Snack ",29,4.2,3,"motorcycle ",0,"No ","Metropolitian ","Stormy","Low ",1
"11/03/2022","0:00:00","0:05:00",22,"Meal ",25,4.7,23,"motorcycle ",0,"No ","Metropolitian ","Fog","Low ",0
"1/04/2022","23:20:00","23:25:00",18,"Buffet ",31,4.8,18,"scooter ",1,"No ","Metropolitian ","Sunny","Low ",0
"24/03/2022","23:10:00","23:15:00",17,"Buffet ",38,4.8,12,"motorcycle ",2,"No ","Metropolitian ","Sunny","Low ",1
"18/02/2022","23:25:00","23:40:00",18,"Drinks ",36,4.7,23,"motorcycle ",2,"No ","Urban ","Sunny","Low ",0
"17/02/2022","8:50:00","9:00:00",19,"Meal ",21,4.7,21,"motorcycle ",1,"No ","Urban ","Cloudy","Low ",0
"18/02/2022","18:15:00","18:25:00",29,"Drinks ",27,4.5,3,"motorcycle ",2,"No ","Metropolitian ","Fog","Medium ",0
"31/03/2022","17:15:00","17:25:00",11,"Buffet ",20,5,21,"motorcycle ",1,"No ","Metropolitian ","Sunny","Medium ",0
"8/03/2022","19:00:00","19:05:00",44,"Drinks ",24,4.7,16,"motorcycle ",0,"Yes ","Metropolitian ","Fog","Medium ",1
"17/02/2022","21:45:00","21:55:00",20,"Buffet ",32,4.5,9,"motorcycle ",0,"No ","Metropolitian ","Fog","Jam ",1
"28/03/2022","11:35:00","11:50:00",32,"Drinks ",39,4.2,3,"scooter ",2,"No ","Metropolitian ","Sandstorms","High ",1
"15/02/2022","10:10:00","10:20:00",21,"Drinks ",28,4.8,7,"motorcycle ",1,"No ","Metropolitian ","Sunny","Low ",0
"3/04/2022","18:40:00","18:55:00",23,"Buffet ",24,4.8,21,"motorcycle ",1,"No ","Metropolitian ","Sandstorms","Medium ",1
"25/03/2022","21:20:00","21:35:00",45,"Snack ",37,4.9,3,"motorcycle ",0,"No ","Metropolitian ","Cloudy","Jam ",1
"7/03/2022","16:40:00","16:55:00",31,"Drinks ",39,4.1,1,"electric_scooter ",2,"No ","Metropolitian ","Sandstorms","Medium ",1
"15/02/2022","23:15:00","23:25:00",19,"Meal ",30,5,16,"scooter ",2,"No ","Urban ","Cloudy","Low ",1
"4/04/2022","23:20:00","23:25:00",20,"Drinks ",30,5,18,"scooter ",1,"No ","Metropolitian ","Sandstorms","Low ",1
"13/03/2022","13:45:00","13:55:00",33,"Buffet ",24,4.1,2,"motorcycle ",0,"No ","Urban ","Sandstorms","High ",2
"29/03/2022","17:40:00","17:45:00",44,"Drinks ",23,5,13,"motorcycle ",0,"Yes ","Metropolitian ","Cloudy","Medium ",1
"1/03/2022","17:10:00","17:25:00",17,"Snack ",25,4.8,9,"motorcycle ",1,"No ","Metropolitian ","Fog","Medium ",1
"11/03/2022","12:45:00","12:55:00",26,"Meal ",32,4.9,13,"motorcycle ",0,"No ","Metropolitian ","Sunny","High ",1
"13/02/2022","9:10:00","9:25:00",13,"Drinks ",37,4.7,23,"scooter ",1,"No ","Urban ","Sunny","Low ",0
"12/03/2022","23:00:00","23:15:00",39,"Buffet ",30,4.9,16,"motorcycle ",0,"No ","Urban ","Fog","Low ",0
"6/03/2022","23:50:00","23:55:00",21,"Buffet ",20,4.7,12,"motorcycle ",2,"No ","Metropolitian ","Sunny","Low ",1
"23/03/2022","19:40:00","19:50:00",46,"Drinks ",35,4.4,6,"electric_scooter ",2,"No ","Metropolitian ","Fog","Jam ",0
"27/03/2022","20:40:00","20:50:00",23,"Drinks ",37,4.7,23,"scooter ",1,"No ","Metropolitian ","Sunny","Jam ",1
"13/02/2022","8:10:00","8:20:00",18,"Buffet ",25,4.4,5,"motorcycle ",0,"No ","Metropolitian ","Sandstorms","Low ",0
"15/02/2022","9:25:00","9:35:00",24,"Buffet ",21,5,4,"scooter ",2,"No ","Metropolitian ","Sunny","Low ",1
"15/02/2022","20:10:00","20:15:00",30,"Meal ",33,4.9,8,"motorcycle ",2,"No ","Metropolitian ","Stormy","Jam ",1
"3/03/2022","22:35:00","22:50:00",22,"Snack ",35,4.9,9,"electric_scooter ",2,"No ","Metropolitian ","Sandstorms","Low ",0
"27/03/2022","18:10:00","18:25:00",25,"Drinks ",22,4.9,16,"motorcycle ",0,"No ","Metropolitian ","Stormy","Medium ",1
"3/04/2022","12:00:00","12:15:00",10,"Drinks ",24,4.9,22,"scooter ",2,"No ","Metropolitian ","Sunny","High ",0
"20/03/2022","23:15:00","23:30:00",42,"Drinks ",30,4.8,3,"motorcycle ",0,"No ","Metropolitian ","Cloudy","Low ",1
"2/04/2022","19:20:00","19:30:00",28,"Drinks ",29,4.9,15,"scooter ",1,"No ","Urban ","Sandstorms","Jam ",0
"1/03/2022","19:30:00","19:35:00",49,"Meal ",34,4,3,"motorcycle ",0,"No ","Metropolitian ","Stormy","Jam ",1
"13/03/2022","19:30:00","19:35:00",33,"Drinks ",39,4.6,13,"motorcycle ",1,"No ","Metropolitian ","Windy","Jam ",1
"19/03/2022","17:20:00","17:35:00",28,"Snack ",21,4.8,2,"motorcycle ",1,"No ","Metropolitian ","Windy","Medium ",1
"31/03/2022","23:10:00","23:25:00",26,"Drinks ",22,5,18,"motorcycle ",0,"No ","Metropolitian ","Sunny","Low ",1
"29/03/2022","22:35:00","22:50:00",32,"Buffet ",29,2.7,23,"motorcycle ",2,"No ","Urban ","Sunny","Low ",1
"19/03/2022","9:55:00","10:05:00",18,"Snack ",26,4.8,9,"motorcycle ",0,"No ","Metropolitian ","Cloudy","Low ",1
"14/03/2022","20:40:00","20:55:00",35,"Drinks ",37,3.6,1,"scooter ",1,"No ","Metropolitian ","Windy","Jam ",0
"6/04/2022","22:20:00","22:30:00",15,"Buffet ",37,4.9,22,"motorcycle ",1,"No ","Urban ","Sandstorms","Low ",1
"17/02/2022","19:00:00","19:15:00",16,"Snack ",38,4.9,8,"scooter ",1,"No ","Metropolitian ","Fog","Medium ",0
"7/03/2022","22:30:00","22:35:00",17,"Meal ",25,4.9,22,"scooter ",2,"No ","Metropolitian ","Sandstorms","Low ",1
"16/02/2022","20:00:00","20:10:00",39,"Snack ",26,4.6,8,"motorcycle ",0,"No ","Metropolitian ","Stormy","Jam ",1
"24/03/2022","13:40:00","13:45:00",32,"Drinks ",32,4.6,19,"scooter ",1,"No ","Urban ","Fog","High ",1
"21/03/2022","19:50:00","19:55:00",28,"Buffet ",32,4.9,18,"motorcycle ",0,"No ","Urban ","Fog","Jam ",1
"17/03/2022","11:45:00","11:50:00",29,"Drinks ",31,4.7,16,"motorcycle ",0,"No ","Urban ","Sunny","High ",1
"16/02/2022","17:55:00","18:00:00",37,"Drinks ",31,4.3,4,"motorcycle ",0,"No ","Metropolitian ","Stormy","Medium ",1
"26/03/2022","21:50:00","22:05:00",28,"Meal ",37,4.8,9,"motorcycle ",1,"No ","Metropolitian ","Stormy","Jam ",1
"3/04/2022","19:00:00","19:15:00",16,"Drinks ",31,4.7,9,"motorcycle ",1,"No ","Metropolitian ","Cloudy","Medium ",1
"28/03/2022","11:10:00","11:25:00",23,"Buffet ",26,4.9,18,"motorcycle ",1,"No ","Urban ","Cloudy","High ",0
"11/03/2022","10:25:00","10:40:00",16,"Snack ",36,4.7,18,"electric_scooter ",2,"No ","Urban ","Cloudy","Low ",0
"23/03/2022","23:55:00","0:05:00",11,"Meal ",23,5,16,"scooter ",1,"No ","Urban ","Sandstorms","Low ",1
"6/04/2022","23:40:00","23:50:00",24,"Meal ",27,4.6,21,"motorcycle ",0,"No ","Metropolitian ","Stormy","Low ",1
"12/02/2022","22:25:00","22:35:00",39,"Drinks ",39,3.7,20,"motorcycle ",2,"No ","Metropolitian ","Stormy","Low ",1
"1/04/2022","23:50:00","0:00:00",27,"Drinks ",23,4.2,18,"motorcycle ",0,"No ","Metropolitian ","Stormy","Low ",1
"30/03/2022","21:15:00","21:20:00",39,"Buffet ",34,5,3,"motorcycle ",0,"No ","Metropolitian ","Stormy","Jam ",2
"5/03/2022","19:55:00","20:05:00",26,"Drinks ",30,4.9,18,"scooter ",1,"No ","Metropolitian ","Stormy","Jam ",0
"13/03/2022","19:30:00","19:40:00",24,"Buffet ",25,4.8,12,"electric_scooter ",2,"No ","Metropolitian ","Cloudy","Jam ",1
"24/03/2022","21:00:00","21:10:00",20,"Meal ",29,4.5,17,"scooter ",2,"No ","Metropolitian ","Stormy","Jam ",1
"10/03/2022","19:45:00","19:55:00",30,"Drinks ",20,5,15,"motorcycle ",1,"No ","Urban ","Fog","Jam ",1
"28/03/2022","14:25:00","14:35:00",32,"Drinks ",25,4.8,11,"motorcycle ",0,"No ","Metropolitian ","Sandstorms","High ",1
"3/03/2022","0:00:00","0:05:00",22,"Buffet ",33,4.7,16,"motorcycle ",0,"No ","Metropolitian ","Stormy","Low ",1
"27/03/2022","23:55:00","0:10:00",26,"Meal ",35,4.9,9,"motorcycle ",0,"No ","Metropolitian ","Sandstorms","Low ",1
"4/03/2022","19:40:00","19:50:00",34,"Meal ",21,4.2,7,"motorcycle ",1,"No ","Metropolitian ","Fog","Jam ",2
"20/03/2022","19:30:00","19:40:00",37,"Snack ",20,4.6,18,"motorcycle ",0,"No ","Urban ","Sandstorms","Jam ",1
"29/03/2022","18:20:00","18:30:00",20,"Snack ",34,4.8,9,"scooter ",2,"No ","Metropolitian ","Windy","Medium ",1
"1/03/2022","22:55:00","23:05:00",18,"Drinks ",20,4.6,22,"scooter ",2,"No ","Metropolitian ","Fog","Low ",0
"14/03/2022","22:25:00","22:35:00",22,"Drinks ",39,4.6,9,"motorcycle ",0,"No ","Metropolitian ","Sandstorms","Low ",0
"26/03/2022","19:30:00","19:45:00",16,"Drinks ",31,4.7,9,"motorcycle ",2,"No ","Metropolitian ","Sunny","Jam ",1
"17/03/2022","9:25:00","9:30:00",14,"Snack ",20,4.8,15,"scooter ",2,"No ","Urban ","Windy","Low ",0
"14/02/2022","23:55:00","0:05:00",22,"Meal ",27,4.8,22,"motorcycle ",0,"No ","Urban ","Sandstorms","Low ",1
"15/02/2022","23:40:00","23:50:00",23,"Buffet ",31,4.5,3,"motorcycle ",0,"No ","Metropolitian ","Stormy","Low ",1
"17/03/2022","23:50:00","23:55:00",21,"Meal ",20,4.5,1,"motorcycle ",0,"No ","Metropolitian ","Cloudy","Low ",0
"31/03/2022","18:15:00","18:30:00",34,"Drinks ",25,4,13,"electric_scooter ",2,"No ","Metropolitian ","Cloudy","Medium ",1
"6/03/2022","22:35:00","22:40:00",32,"Buffet ",36,4.2,9,"motorcycle ",1,"No ","Metropolitian ","Sunny","Low ",1
"11/03/2022","23:20:00","23:35:00",32,"Buffet ",35,4.3,21,"motorcycle ",0,"No ","Metropolitian ","Stormy","Low ",1
"24/03/2022","18:50:00","19:00:00",21,"Buffet ",25,4.8,9,"motorcycle ",0,"No ","Metropolitian ","Stormy","Medium ",0
"29/03/2022","17:25:00","17:30:00",33,"Buffet ",27,4.9,23,"motorcycle ",0,"No ","Urban ","Cloudy","Medium ",1
"24/03/2022","23:25:00","23:30:00",18,"Meal ",31,4.7,9,"scooter ",1,"No ","Metropolitian ","Cloudy","Low ",1
"13/03/2022","20:55:00","21:00:00",31,"Snack ",36,5,22,"electric_scooter ",2,"No ","Urban ","Sandstorms","Jam ",1
"17/02/2022","17:20:00","17:30:00",22,"Buffet ",28,4.5,6,"motorcycle ",0,"No ","Metropolitian ","Fog","Medium ",0
"9/03/2022","20:55:00","21:10:00",32,"Buffet ",23,4.3,23,"scooter ",2,"No ","Metropolitian ","Cloudy","Jam ",0
"4/03/2022","22:30:00","22:35:00",26,"Meal ",39,4.6,23,"scooter ",1,"No ","Metropolitian ","Windy","Low ",1
"17/02/2022","17:20:00","17:30:00",22,"Buffet ",28,4.5,6,"motorcycle ",0,"No ","Metropolitian ","Fog","Medium ",0
"4/04/2022","20:20:00","20:35:00",41,"Drinks ",29,4.7,11,"motorcycle ",0,"Yes ","Metropolitian ","Cloudy","Jam ",1
"12/03/2022","17:10:00","17:20:00",39,"Snack ",31,4.9,19,"motorcycle ",0,"No ","Metropolitian ","Cloudy","Medium ",0
"2/04/2022","21:10:00","21:25:00",37,"Buffet ",37,4.5,1,"scooter ",2,"No ","Metropolitian ","Sandstorms","Jam ",1
"27/03/2022","17:20:00","17:35:00",38,"Meal ",37,3.5,1,"motorcycle ",1,"No ","Metropolitian ","Stormy","Medium ",2
"11/02/2022","20:40:00","20:55:00",26,"Snack ",25,4.7,4,"motorcycle ",0,"No ","Metropolitian ","Windy","Jam ",1
"7/03/2022","10:40:00","10:45:00",23,"Snack ",30,4.9,16,"scooter ",1,"No ","Metropolitian ","Sandstorms","Low ",1
"29/03/2022","17:20:00","17:25:00",28,"Buffet ",39,4.5,22,"motorcycle ",0,"No ","Metropolitian ","Sunny","Medium ",1
"6/03/2022","20:10:00","20:15:00",27,"Meal ",25,4.9,17,"scooter ",1,"No ","Urban ","Stormy","Jam ",1
"17/03/2022","21:30:00","21:40:00",26,"Snack ",31,4.9,5,"motorcycle ",1,"No ","Metropolitian ","Cloudy","Jam ",0
"5/04/2022","8:30:00","8:45:00",14,"Buffet ",32,4.9,17,"motorcycle ",1,"No ","Metropolitian ","Sunny","Low ",1
"27/03/2022","23:25:00","23:30:00",30,"Snack ",38,4.9,8,"motorcycle ",1,"No ","Metropolitian ","Fog","Low ",1
"28/03/2022","20:30:00","20:35:00",38,"Drinks ",37,4.7,11,"motorcycle ",0,"No ","Metropolitian ","Windy","Jam ",1
"25/03/2022","19:20:00","19:30:00",38,"Snack ",37,3.7,4,"motorcycle ",1,"No ","Metropolitian ","Stormy","Jam ",2
"13/03/2022","20:35:00","20:40:00",30,"Meal ",33,4.7,23,"motorcycle ",0,"No ","Metropolitian ","Fog","Jam ",1
"16/03/2022","22:45:00","22:50:00",24,"Buffet ",32,4.9,9,"motorcycle ",0,"No ","Metropolitian ","Windy","Low ",1
"23/03/2022","22:15:00","22:30:00",29,"Snack ",34,4.6,6,"motorcycle ",1,"No ","Metropolitian ","Cloudy","Low ",1
"1/03/2022","21:45:00","22:00:00",35,"Drinks ",28,4.2,6,"motorcycle ",0,"No ","Urban ","Windy","Jam ",1
"27/03/2022","20:35:00","20:40:00",48,"Buffet ",37,4,4,"scooter ",2,"Yes ","Metropolitian ","Cloudy","Jam ",2
"6/04/2022","22:15:00","22:25:00",17,"Drinks ",26,4.9,18,"scooter ",1,"No ","Metropolitian ","Stormy","Low ",0
"17/03/2022","9:55:00","10:10:00",15,"Buffet ",24,4.6,12,"motorcycle ",0,"No ","Metropolitian ","Cloudy","Low ",1
"10/03/2022","20:40:00","20:45:00",35,"Meal ",26,5,22,"motorcycle ",0,"No ","Metropolitian ","Stormy","Jam ",1
"16/03/2022","20:20:00","20:25:00",31,"Snack ",22,4.1,4,"motorcycle ",0,"No ","Metropolitian ","Sandstorms","Jam ",1
"30/03/2022","15:35:00","15:50:00",23,"Drinks ",20,4.9,22,"motorcycle ",0,"No ","Metropolitian ","Cloudy","Medium ",1
"7/03/2022","23:55:00","0:10:00",24,"Snack ",35,4.5,19,"scooter ",1,"No ","Metropolitian ","Sandstorms","Low ",0
"10/03/2022","19:25:00","19:35:00",16,"Buffet ",23,4.7,23,"motorcycle ",2,"No ","Urban ","Sandstorms","Jam ",1
"8/03/2022","22:40:00","22:45:00",22,"Buffet ",23,4.8,13,"motorcycle ",0,"No ","Metropolitian ","Sunny","Low ",1
"1/04/2022","9:20:00","9:25:00",18,"Meal ",35,4.9,19,"scooter ",1,"No ","Metropolitian ","Cloudy","Low ",1
"15/02/2022","12:00:00","12:05:00",44,"Drinks ",35,4.8,2,"motorcycle ",0,"No ","Metropolitian ","Sandstorms","High ",1
"7/03/2022","19:15:00","19:30:00",33,"Snack ",21,4.9,15,"scooter ",1,"No ","Urban ","Stormy","Jam ",1
"29/03/2022","22:50:00","23:05:00",21,"Snack ",33,4.6,12,"motorcycle ",2,"No ","Metropolitian ","Windy","Low ",1
"19/03/2022","8:15:00","8:25:00",10,"Meal ",22,4.8,8,"scooter ",2,"No ","Metropolitian ","Cloudy","Low ",0
"21/03/2022","9:25:00","9:35:00",24,"Snack ",39,4.8,22,"motorcycle ",0,"No ","Urban ","Fog","Low ",1
"18/02/2022","22:20:00","22:30:00",28,"Meal ",26,4.9,4,"electric_scooter ",2,"No ","Metropolitian ","Stormy","Low ",0
"4/04/2022","18:35:00","18:40:00",28,"Snack ",30,4.5,18,"motorcycle ",1,"No ","Metropolitian ","Windy","Medium ",1
"21/03/2022","16:45:00","16:55:00",37,"Buffet ",35,4.1,4,"motorcycle ",0,"No ","Metropolitian ","Sandstorms","Medium ",0
"18/03/2022","21:45:00","22:00:00",28,"Meal ",35,4.7,1,"motorcycle ",2,"No ","Metropolitian ","Sandstorms","Jam ",1
"6/03/2022","19:45:00","19:55:00",48,"Meal ",37,4.6,19,"motorcycle ",0,"No ","Metropolitian ","Fog","Jam ",2
"4/04/2022","20:00:00","20:10:00",22,"Meal ",37,4.6,23,"scooter ",2,"No ","Urban ","Sunny","Jam ",1
"3/04/2022","11:25:00","11:35:00",34,"Drinks ",26,4.3,3,"scooter ",1,"No ","Metropolitian ","Fog","High ",1
"6/03/2022","20:20:00","20:30:00",20,"Snack ",24,4.8,9,"electric_scooter ",2,"No ","Metropolitian ","Windy","Jam ",1
"15/02/2022","21:40:00","21:50:00",27,"Drinks ",37,4.9,2,"scooter ",2,"No ","Metropolitian ","Stormy","Jam ",1
"15/03/2022","17:25:00","17:30:00",15,"Drinks ",29,4.9,15,"motorcycle ",1,"No ","Urban ","Fog","Medium ",1
"2/03/2022","23:20:00","23:30:00",37,"Meal ",32,4.9,14,"motorcycle ",0,"No ","Metropolitian ","Stormy","Low ",2
"26/03/2022","15:45:00","15:55:00",26,"Snack ",26,4.9,22,"scooter ",1,"No ","Metropolitian ","Stormy","Medium ",1
"9/03/2022","15:10:00","15:15:00",28,"Snack ",28,5,22,"scooter ",2,"No ","Metropolitian ","Windy","Medium ",1
"17/03/2022","9:10:00","9:15:00",18,"Buffet ",27,4.9,18,"scooter ",1,"No ","Urban ","Fog","Low ",1
"23/03/2022","23:15:00","23:20:00",33,"Drinks ",32,4.4,2,"motorcycle ",1,"No ","Metropolitian ","Fog","Low ",1
"1/04/2022","9:50:00","10:00:00",18,"Snack ",37,4.8,17,"motorcycle ",1,"No ","Urban ","Cloudy","Low ",0
"9/03/2022","22:50:00","23:00:00",17,"Meal ",25,4.6,23,"motorcycle ",1,"No ","Metropolitian ","Windy","Low ",1
"14/03/2022","21:40:00","21:55:00",37,"Drinks ",37,4,6,"scooter ",2,"No ","Metropolitian ","Cloudy","Jam ",2
"9/03/2022","22:55:00","23:05:00",11,"Buffet ",26,4.9,19,"motorcycle ",1,"No ","Metropolitian ","Sandstorms","Low ",0
"17/02/2022","22:40:00","22:55:00",14,"Drinks ",23,4.8,4,"motorcycle ",1,"No ","Metropolitian ","Sandstorms","Low ",0
"6/04/2022","18:55:00","19:10:00",47,"Meal ",36,5,22,"motorcycle ",0,"No ","Urban ","Sandstorms","Medium ",1
"31/03/2022","22:35:00","22:50:00",22,"Drinks ",24,4.9,23,"motorcycle ",0,"No ","Metropolitian ","Sandstorms","Low ",1
"30/03/2022","13:55:00","14:05:00",32,"Meal ",32,4.1,8,"motorcycle ",0,"No ","Metropolitian ","Stormy","High ",1
"28/03/2022","9:10:00","9:20:00",13,"Drinks ",20,4.6,23,"scooter ",1,"No ","Metropolitian ","Sandstorms","Low ",0
"21/03/2022","22:20:00","22:25:00",29,"Drinks ",36,4.8,6,"motorcycle ",0,"No ","Metropolitian ","Cloudy","Low ",0
"16/03/2022","21:50:00","22:00:00",21,"Buffet ",27,4.8,12,"scooter ",2,"No ","Metropolitian ","Sandstorms","Jam ",1
"25/03/2022","21:45:00","22:00:00",28,"Snack ",23,4.5,6,"scooter ",2,"No ","Urban ","Windy","Jam ",0
"21/03/2022","19:30:00","19:40:00",33,"Drinks ",27,4.1,13,"motorcycle ",0,"No ","Metropolitian ","Windy","Jam ",1
"7/03/2022","20:40:00","20:45:00",16,"Drinks ",25,4.8,19,"scooter ",1,"No ","Urban ","Stormy","Jam ",0
"8/03/2022","19:00:00","19:15:00",26,"Drinks ",23,4.6,23,"motorcycle ",1,"No ","Metropolitian ","Windy","Medium ",1
"18/03/2022","19:45:00","20:00:00",35,"Buffet ",24,4.2,15,"motorcycle ",0,"No ","Metropolitian ","Windy","Jam ",2
"23/03/2022","17:35:00","17:45:00",31,"Snack ",36,4.9,8,"motorcycle ",1,"No ","Metropolitian ","Cloudy","Medium ",0
"25/03/2022","17:55:00","18:00:00",33,"Buffet ",29,4.6,5,"scooter ",2,"No ","Metropolitian ","Fog","Medium ",1
"16/03/2022","18:40:00","18:50:00",39,"Drinks ",22,4,2,"motorcycle ",0,"No ","Metropolitian ","Sandstorms","Medium ",1
"18/02/2022","19:15:00","19:25:00",24,"Snack ",28,4.7,4,"scooter ",1,"No ","Metropolitian ","Windy","Jam ",0
"17/03/2022","23:35:00","23:45:00",22,"Meal ",31,4.6,6,"motorcycle ",0,"No ","Metropolitian ","Sunny","Low ",0
"1/04/2022","20:15:00","20:20:00",25,"Meal ",21,4.9,22,"motorcycle ",2,"No ","Metropolitian ","Sandstorms","Jam ",1
"26/03/2022","11:45:00","11:50:00",23,"Drinks ",27,4.6,21,"scooter ",2,"No ","Metropolitian ","Cloudy","High ",1
"19/03/2022","11:40:00","11:50:00",30,"Snack ",22,4.8,13,"scooter ",2,"No ","Metropolitian ","Fog","High ",0
"16/02/2022","21:00:00","21:05:00",23,"Drinks ",23,4.7,9,"scooter ",2,"No ","Metropolitian ","Sandstorms","Jam ",1
"28/03/2022","12:25:00","12:30:00",20,"Snack ",25,5,18,"scooter ",1,"No ","Urban ","Stormy","High ",0
"1/03/2022","19:35:00","19:50:00",25,"Snack ",37,4.7,19,"motorcycle ",1,"No ","Urban ","Sandstorms","Jam ",1
"14/03/2022","20:25:00","20:35:00",45,"Snack ",21,4.7,19,"motorcycle ",0,"No ","Urban ","Cloudy","Jam ",1
"2/03/2022","19:25:00","19:30:00",28,"Drinks ",27,4.5,4,"motorcycle ",0,"No ","Urban ","Windy","Jam ",1
"10/03/2022","18:50:00","19:00:00",11,"Meal ",20,4.8,14,"motorcycle ",1,"No ","Metropolitian ","Sunny","Medium ",0
"24/03/2022","21:10:00","21:15:00",21,"Buffet ",28,5,16,"motorcycle ",2,"No ","Urban ","Fog","Jam ",1
"6/04/2022","23:35:00","23:40:00",21,"Buffet ",38,4.8,15,"motorcycle ",1,"No ","Metropolitian ","Sunny","Low ",1
"3/04/2022","10:30:00","10:40:00",17,"Drinks ",33,5,22,"electric_scooter ",2,"No ","Metropolitian ","Cloudy","Low ",1
"5/03/2022","21:30:00","21:40:00",32,"Snack ",38,4.2,11,"scooter ",1,"No ","Metropolitian ","Stormy","Jam ",1
"3/03/2022","18:45:00","19:00:00",21,"Buffet ",29,4.6,16,"electric_scooter ",2,"No ","Urban ","Windy","Medium ",1
"6/04/2022","19:20:00","19:30:00",32,"Snack ",37,4.5,5,"motorcycle ",1,"No ","Metropolitian ","Sunny","Jam ",1
"30/03/2022","21:15:00","21:20:00",33,"Meal ",39,4.9,9,"motorcycle ",0,"No ","Metropolitian ","Cloudy","Jam ",1
"3/03/2022","18:30:00","18:35:00",21,"Drinks ",23,5,13,"motorcycle ",0,"No ","Metropolitian ","Fog","Medium ",0
"20/03/2022","18:10:00","18:15:00",19,"Buffet ",27,4.7,15,"motorcycle ",1,"No ","Metropolitian ","Stormy","Medium ",1
"11/02/2022","22:20:00","22:35:00",22,"Buffet ",38,4.4,1,"motorcycle ",0,"No ","Urban ","Stormy","Low ",0
"26/03/2022","21:15:00","21:30:00",44,"Snack ",37,5,3,"motorcycle ",0,"No ","Metropolitian ","Stormy","Jam ",1
"11/02/2022","21:35:00","21:40:00",28,"Buffet ",37,4.8,5,"electric_scooter ",2,"No ","Metropolitian ","Stormy","Jam ",1
"19/03/2022","9:25:00","9:35:00",28,"Buffet ",37,4.6,7,"motorcycle ",0,"No ","Metropolitian ","Sunny","Low ",1
"1/04/2022","9:35:00","9:45:00",19,"Meal ",37,4.8,3,"scooter ",1,"No ","Urban ","Fog","Low ",1
"27/03/2022","17:30:00","17:40:00",32,"Buffet ",20,4.9,7,"motorcycle ",0,"No ","Metropolitian ","Fog","Medium ",1
"3/04/2022","12:20:00","12:35:00",38,"Meal ",37,4.8,9,"motorcycle ",0,"No ","Metropolitian ","Windy","High ",1
"17/02/2022","16:20:00","16:35:00",30,"Drinks ",36,5,18,"motorcycle ",0,"No ","Urban ","Cloudy","Medium ",1
"15/02/2022","17:55:00","18:05:00",26,"Snack ",26,4.5,6,"motorcycle ",1,"No ","Urban ","Windy","Medium ",1
"3/03/2022","10:00:00","10:15:00",16,"Meal ",34,4.9,16,"motorcycle ",1,"No ","Urban ","Cloudy","Low ",0
"4/03/2022","18:00:00","18:15:00",31,"Snack ",31,4.5,9,"motorcycle ",1,"No ","Metropolitian ","Sandstorms","Medium ",1
"4/04/2022","22:50:00","22:55:00",33,"Drinks ",31,3.2,13,"motorcycle ",0,"No ","Metropolitian ","Sunny","Low ",1
"2/03/2022","23:55:00","0:00:00",23,"Snack ",23,4.9,15,"motorcycle ",0,"No ","Urban ","Sunny","Low ",0
"2/04/2022","18:30:00","18:35:00",30,"Drinks ",37,4.7,14,"motorcycle ",1,"No ","Metropolitian ","Windy","Medium ",1
"4/04/2022","20:10:00","20:15:00",39,"Drinks ",34,4.6,16,"motorcycle ",2,"No ","Metropolitian ","Fog","Jam ",0
"30/03/2022","10:30:00","10:35:00",14,"Meal ",20,4.7,12,"scooter ",2,"No ","Metropolitian ","Cloudy","Low ",0
"1/04/2022","13:35:00","13:40:00",37,"Drinks ",34,4.8,4,"motorcycle ",0,"No ","Urban ","Windy","High ",1
"1/03/2022","8:10:00","8:25:00",28,"Meal ",26,4.4,12,"motorcycle ",0,"No ","Metropolitian ","Stormy","Low ",1
"11/02/2022","18:25:00","18:30:00",24,"Meal ",24,4.7,3,"scooter ",1,"No ","Metropolitian ","Sandstorms","Medium ",1
"21/03/2022","8:20:00","8:25:00",22,"Drinks ",27,4.1,3,"motorcycle ",0,"No ","Urban ","Windy","Low ",1
"25/03/2022","18:00:00","18:10:00",22,"Buffet ",31,4.9,21,"scooter ",1,"No ","Urban ","Windy","Medium ",1
"26/03/2022","11:45:00","11:50:00",24,"Drinks ",22,5,16,"scooter ",1,"No ","Metropolitian ","Fog","High ",1
"17/03/2022","18:15:00","18:25:00",28,"Drinks ",35,4.5,7,"motorcycle ",0,"No ","Metropolitian ","Sunny","Medium ",0
"7/03/2022","11:25:00","11:40:00",15,"Meal ",30,4.7,15,"motorcycle ",1,"No ","Urban ","Stormy","High ",0
"6/04/2022","17:10:00","17:25:00",31,"Meal ",36,4.8,16,"electric_scooter ",2,"No ","Metropolitian ","Cloudy","Medium ",1
"26/03/2022","11:50:00","12:00:00",18,"Drinks ",29,4.8,22,"scooter ",1,"No ","Metropolitian ","Windy","High ",0
"6/04/2022","20:40:00","20:50:00",40,"Snack ",30,4.1,2,"motorcycle ",1,"No ","Metropolitian ","Windy","Jam ",0
"4/04/2022","18:15:00","18:25:00",34,"Meal ",27,5,12,"motorcycle ",0,"No ","Metropolitian ","Fog","Medium ",2
"15/03/2022","14:15:00","14:20:00",41,"Buffet ",31,4.2,4,"motorcycle ",0,"No ","Urban ","Windy","High ",2
"19/03/2022","8:45:00","8:55:00",18,"Snack ",33,4.9,7,"electric_scooter ",2,"No ","Metropolitian ","Sunny","Low ",1
"27/03/2022","19:00:00","19:15:00",29,"Drinks ",29,4.7,11,"motorcycle ",2,"No ","Metropolitian ","Windy","Medium ",0
"14/02/2022","17:10:00","17:15:00",19,"Drinks ",29,4.7,17,"electric_scooter ",2,"No ","Urban ","Sunny","Medium ",1
"24/03/2022","10:30:00","10:35:00",15,"Buffet ",32,4.9,12,"motorcycle ",2,"No ","Metropolitian ","Sunny","Low ",0
"1/03/2022","10:55:00","11:00:00",10,"Meal ",24,4.9,21,"scooter ",1,"No ","Urban ","Windy","Low ",0
"28/03/2022","9:50:00","9:55:00",19,"Buffet ",26,4.7,13,"motorcycle ",1,"No ","Metropolitian ","Cloudy","Low ",0
"6/03/2022","17:55:00","18:10:00",38,"Drinks ",27,4.8,13,"motorcycle ",0,"No ","Metropolitian ","Stormy","Medium ",2
"6/03/2022","20:15:00","20:30:00",23,"Drinks ",27,4.8,18,"scooter ",1,"No ","Metropolitian ","Stormy","Jam ",0
"27/03/2022","21:15:00","21:30:00",43,"Meal ",27,4.9,9,"motorcycle ",0,"No ","Metropolitian ","Cloudy","Jam ",1
"7/03/2022","11:15:00","11:30:00",33,"Drinks ",38,4.2,9,"scooter ",1,"No ","Metropolitian ","Sunny","High ",0
"9/03/2022","23:45:00","23:55:00",24,"Drinks ",30,4.8,21,"motorcycle ",2,"No ","Metropolitian ","Windy","Low ",1
"5/04/2022","19:25:00","19:35:00",21,"Snack ",38,4.6,19,"motorcycle ",0,"No ","Metropolitian ","Sunny","Jam ",1
"24/03/2022","18:30:00","18:40:00",31,"Meal ",38,4.4,5,"motorcycle ",0,"No ","Metropolitian ","Stormy","Medium ",1
"20/03/2022","19:20:00","19:35:00",28,"Drinks ",28,4.9,22,"scooter ",2,"No ","Urban ","Stormy","Jam ",1
"3/03/2022","15:40:00","15:50:00",16,"Drinks ",23,4.8,16,"motorcycle ",0,"No ","Urban ","Stormy","Medium ",1
"18/03/2022","18:20:00","18:25:00",27,"Drinks ",24,4.8,3,"motorcycle ",0,"No ","Metropolitian ","Windy","Medium ",1
"12/02/2022","17:45:00","17:50:00",29,"Meal ",21,4.8,6,"motorcycle ",0,"No ","Metropolitian ","Stormy","Medium ",1
"31/03/2022","21:00:00","21:15:00",38,"Drinks ",26,4.7,8,"motorcycle ",0,"No ","Metropolitian ","Cloudy","Jam ",1
"17/02/2022","21:25:00","21:40:00",27,"Snack ",39,4.8,6,"scooter ",2,"No ","Metropolitian ","Fog","Jam ",0
"19/03/2022","19:10:00","19:20:00",30,"Drinks ",29,5,9,"motorcycle ",0,"No ","Metropolitian ","Sandstorms","Jam ",1
"6/03/2022","17:15:00","17:30:00",39,"Buffet ",36,4.3,3,"motorcycle ",0,"No ","Urban ","Stormy","Medium ",1
"2/04/2022","18:30:00","18:45:00",11,"Snack ",22,5,15,"motorcycle ",1,"No ","Urban ","Sunny","Medium ",0
"13/03/2022","8:30:00","8:35:00",23,"Drinks ",36,4.9,22,"scooter ",2,"No ","Metropolitian ","Stormy","Low ",1
"1/03/2022","14:00:00","14:10:00",30,"Meal ",33,4.7,21,"motorcycle ",0,"No ","Metropolitian ","Stormy","High ",1
"10/03/2022","18:10:00","18:15:00",28,"Buffet ",20,5,19,"electric_scooter ",2,"No ","Metropolitian ","Sandstorms","Medium ",1
"7/03/2022","0:00:00","0:05:00",20,"Snack ",25,4.6,14,"motorcycle ",0,"No ","Metropolitian ","Fog","Low ",1
"7/03/2022","20:10:00","20:25:00",27,"Meal ",34,4.9,16,"scooter ",2,"No ","Urban ","Stormy","Jam ",1
"30/03/2022","13:50:00","14:05:00",47,"Buffet ",38,4.8,7,"motorcycle ",0,"No ","Metropolitian ","Stormy","High ",1
"4/04/2022","20:55:00","21:10:00",37,"Buffet ",34,3.8,12,"motorcycle ",1,"No ","Metropolitian ","Stormy","Jam ",1
"19/03/2022","10:40:00","10:50:00",11,"Snack ",25,4.7,23,"motorcycle ",1,"No ","Urban ","Sandstorms","Low ",0
"27/03/2022","18:40:00","18:55:00",14,"Snack ",26,4.9,18,"motorcycle ",1,"No ","Urban ","Sunny","Medium ",0
"8/03/2022","17:55:00","18:10:00",31,"Drinks ",22,4.6,19,"motorcycle ",0,"No ","Urban ","Stormy","Medium ",0
"4/03/2022","19:30:00","19:35:00",19,"Drinks ",38,4.9,18,"motorcycle ",1,"No ","Metropolitian ","Sunny","Jam ",1
"1/03/2022","10:35:00","10:40:00",16,"Meal ",27,4.6,23,"motorcycle ",1,"No ","Metropolitian ","Sandstorms","Low ",0
"17/03/2022","10:20:00","10:25:00",26,"Meal ",20,4.2,9,"motorcycle ",0,"No ","Metropolitian ","Sandstorms","Low ",0
"3/03/2022","11:40:00","11:45:00",23,"Buffet ",38,4.8,17,"scooter ",2,"No ","Metropolitian ","Sunny","High ",1
"15/02/2022","9:15:00","9:25:00",23,"Buffet ",26,4.2,1,"motorcycle ",0,"No ","Urban ","Stormy","Low ",1
"1/04/2022","12:50:00","12:55:00",15,"Meal ",26,4.6,21,"motorcycle ",0,"No ","Metropolitian ","Sandstorms","High ",0
"1/04/2022","11:35:00","11:40:00",33,"Snack ",34,5,5,"motorcycle ",0,"No ","Metropolitian ","Sandstorms","High ",1
"14/02/2022","22:25:00","22:30:00",25,"Drinks ",32,4.8,9,"electric_scooter ",2,"No ","Metropolitian ","Sunny","Low ",1
"3/04/2022","23:50:00","0:05:00",20,"Buffet ",27,4.4,9,"motorcycle ",0,"No ","Metropolitian ","Windy","Low ",1
"12/02/2022","18:35:00","18:50:00",27,"Snack ",27,4.6,5,"scooter ",1,"No ","Metropolitian ","Stormy","Medium ",1
"6/04/2022","23:50:00","0:00:00",29,"Meal ",36,4.7,22,"motorcycle ",0,"No ","Metropolitian ","Sunny","Low ",1
"7/03/2022","15:15:00","15:30:00",19,"Buffet ",37,4.5,5,"electric_scooter ",2,"No ","Urban ","Stormy","Medium ",0
"28/03/2022","17:35:00","17:40:00",12,"Snack ",22,4.7,22,"scooter ",1,"No ","Metropolitian ","Cloudy","Medium ",1
"1/03/2022","11:45:00","12:00:00",29,"Drinks ",35,4.6,21,"motorcycle ",0,"No ","Metropolitian ","Stormy","High ",1
"16/02/2022","20:45:00","21:00:00",36,"Snack ",22,4.6,4,"scooter ",2,"No ","Metropolitian ","Fog","Jam ",1
"13/02/2022","22:20:00","22:30:00",24,"Snack ",37,4.9,9,"motorcycle ",1,"No ","Metropolitian ","Sandstorms","Low ",1
"16/03/2022","17:40:00","17:45:00",34,"Buffet ",39,5,13,"scooter ",1,"No ","Metropolitian ","Fog","Medium ",1
"8/03/2022","23:15:00","23:25:00",26,"Drinks ",31,4.9,17,"motorcycle ",1,"No ","Metropolitian ","Sandstorms","Low ",1
"3/04/2022","9:00:00","9:15:00",29,"Meal ",22,4.2,9,"motorcycle ",0,"No ","Metropolitian ","Stormy","Low ",1
"19/03/2022","12:25:00","12:35:00",31,"Drinks ",24,4,12,"scooter ",1,"No ","Metropolitian ","Fog","High ",1
"30/03/2022","8:35:00","8:45:00",19,"Drinks ",33,4.6,2,"electric_scooter ",2,"No ","Urban ","Cloudy","Low ",1
"1/03/2022","22:10:00","22:15:00",17,"Meal ",22,4.7,21,"motorcycle ",1,"No ","Urban ","Sandstorms","Low ",0
"16/02/2022","22:00:00","22:15:00",37,"Snack ",24,4.1,10,"motorcycle ",0,"No ","Metropolitian ","Windy","Jam ",1
"12/02/2022","21:35:00","21:50:00",47,"Drinks ",28,4.8,9,"motorcycle ",0,"Yes ","Metropolitian ","Fog","Jam ",1
"25/03/2022","18:15:00","18:30:00",20,"Buffet ",20,4.7,23,"motorcycle ",0,"No ","Metropolitian ","Sunny","Medium ",1
"18/02/2022","22:35:00","22:40:00",23,"Drinks ",38,4.8,5,"motorcycle ",0,"No ","Metropolitian ","Sunny","Low ",0
"1/03/2022","20:50:00","20:55:00",33,"Drinks ",39,4.1,3,"electric_scooter ",2,"No ","Metropolitian ","Windy","Jam ",1
"1/03/2022","22:10:00","22:25:00",27,"Snack ",38,4.6,14,"scooter ",2,"No ","Metropolitian ","Stormy","Low ",0
"31/03/2022","19:30:00","19:45:00",30,"Buffet ",38,4.9,22,"motorcycle ",2,"No ","Urban ","Sunny","Jam ",0
"1/03/2022","10:30:00","10:35:00",25,"Meal ",29,4.4,2,"motorcycle ",0,"No ","Urban ","Windy","Low ",1
"7/03/2022","12:20:00","12:35:00",28,"Drinks ",32,4.7,16,"motorcycle ",0,"No ","Metropolitian ","Sunny","High ",1
"24/03/2022","18:55:00","19:10:00",10,"Buffet ",23,4.8,14,"motorcycle ",0,"No ","Metropolitian ","Windy","Medium ",0
"21/03/2022","10:25:00","10:30:00",25,"Drinks ",37,4.2,15,"motorcycle ",0,"No ","Metropolitian ","Windy","Low ",0
"20/03/2022","18:15:00","18:25:00",26,"Snack ",21,4.5,3,"scooter ",1,"No ","Urban ","Sandstorms","Medium ",1
"5/03/2022","20:15:00","20:30:00",31,"Snack ",33,4.2,8,"motorcycle ",1,"No ","Metropolitian ","Stormy","Jam ",0
"9/03/2022","10:25:00","10:35:00",14,"Snack ",20,4.9,23,"motorcycle ",1,"No ","Metropolitian ","Stormy","Low ",1
"3/03/2022","11:15:00","11:20:00",29,"Drinks ",38,5,15,"motorcycle ",1,"No ","Urban ","Fog","High ",1
"3/04/2022","9:40:00","9:45:00",25,"Drinks ",36,4.7,23,"motorcycle ",0,"No ","Metropolitian ","Sunny","Low ",0
"5/04/2022","12:40:00","12:55:00",22,"Meal ",28,4.6,16,"scooter ",1,"No ","Metropolitian ","Sandstorms","High ",1
"28/03/2022","17:40:00","17:45:00",10,"Drinks ",20,4.9,18,"scooter ",2,"No ","Metropolitian ","Cloudy","Medium ",0
"12/03/2022","21:30:00","21:40:00",42,"Snack ",20,4.6,21,"motorcycle ",2,"No ","Metropolitian ","Fog","Jam ",2
"15/03/2022","10:30:00","10:35:00",13,"Meal ",22,4.7,18,"motorcycle ",2,"No ","Urban ","Windy","Low ",1
"1/03/2022","18:10:00","18:15:00",26,"Snack ",29,4.9,23,"motorcycle ",2,"No ","Metropolitian ","Windy","Medium ",1
"21/03/2022","21:35:00","21:40:00",49,"Drinks ",31,4.9,22,"motorcycle ",0,"No ","Urban ","Stormy","Jam ",3
"5/03/2022","10:20:00","10:30:00",21,"Drinks ",36,4.5,19,"motorcycle ",0,"No ","Metropolitian ","Stormy","Low ",1
"8/03/2022","22:40:00","22:55:00",19,"Drinks ",38,4.8,12,"scooter ",2,"No ","Metropolitian ","Windy","Low ",1
"15/02/2022","8:45:00","8:55:00",23,"Meal ",20,4,15,"motorcycle ",0,"No ","Metropolitian ","Windy","Low ",0
"3/03/2022","19:20:00","19:25:00",27,"Drinks ",22,4.9,22,"motorcycle ",0,"No ","Metropolitian ","Fog","Jam ",0
"14/02/2022","20:25:00","20:30:00",41,"Drinks ",33,4.3,5,"motorcycle ",0,"No ","Metropolitian ","Stormy","Jam ",1
"16/02/2022","19:40:00","19:45:00",23,"Meal ",24,4.8,7,"motorcycle ",0,"No ","Metropolitian ","Sunny","Jam ",0
"2/03/2022","21:40:00","21:55:00",36,"Drinks ",31,4.4,4,"motorcycle ",0,"No ","Urban ","Sandstorms","Jam ",1
"13/03/2022","20:35:00","20:50:00",32,"Snack ",38,4.1,2,"motorcycle ",0,"No ","Metropolitian ","Stormy","Jam ",1
"2/04/2022","21:00:00","21:15:00",37,"Snack ",34,4.3,6,"scooter ",2,"No ","Metropolitian ","Cloudy","Jam ",1
"20/03/2022","22:00:00","22:10:00",44,"Snack ",36,4.9,3,"motorcycle ",0,"Yes ","Metropolitian ","Cloudy","Jam ",1
"11/03/2022","8:40:00","8:50:00",14,"Buffet ",26,4.7,22,"motorcycle ",0,"No ","Urban ","Sunny","Low ",1
"27/03/2022","22:15:00","22:20:00",17,"Buffet ",29,4.8,19,"motorcycle ",2,"No ","Metropolitian ","Sandstorms","Low ",0
"18/03/2022","21:55:00","22:00:00",35,"Drinks ",39,4.9,16,"motorcycle ",0,"No ","Urban ","Stormy","Jam ",2
"13/03/2022","8:10:00","8:15:00",27,"Drinks ",35,4.7,18,"electric_scooter ",2,"No ","Metropolitian ","Stormy","Low ",0
"3/03/2022","10:15:00","10:20:00",18,"Drinks ",27,5,19,"motorcycle ",1,"No ","Metropolitian ","Sandstorms","Low ",1
"11/02/2022","18:35:00","18:50:00",17,"Meal ",30,4.7,2,"scooter ",1,"No ","Metropolitian ","Stormy","Medium ",0
"20/03/2022","19:40:00","19:55:00",35,"Buffet ",38,4.8,4,"motorcycle ",2,"No ","Metropolitian ","Cloudy","Jam ",1
"14/02/2022","17:35:00","17:40:00",26,"Drinks ",39,5,6,"motorcycle ",1,"No ","Metropolitian ","Sunny","Medium ",1
"2/03/2022","19:10:00","19:15:00",17,"Drinks ",21,4.8,13,"scooter ",2,"No ","Metropolitian ","Windy","Jam ",1
"2/03/2022","19:25:00","19:30:00",24,"Buffet ",23,4.7,16,"motorcycle ",0,"No ","Metropolitian ","Sunny","Jam ",1
"1/03/2022","17:25:00","17:30:00",25,"Meal ",25,4.8,13,"motorcycle ",1,"No ","Metropolitian ","Windy","Medium ",1
"11/02/2022","9:15:00","9:30:00",21,"Drinks ",32,4.5,4,"motorcycle ",2,"No ","Metropolitian ","Sandstorms","Low ",0
"10/03/2022","17:10:00","17:25:00",49,"Meal ",33,4.6,9,"motorcycle ",0,"No ","Metropolitian ","Fog","Medium ",2
"14/02/2022","17:30:00","17:35:00",37,"Drinks ",26,4.6,4,"motorcycle ",2,"No ","Metropolitian ","Fog","Medium ",1
"13/03/2022","19:15:00","19:30:00",29,"Snack ",22,4.7,22,"motorcycle ",0,"No ","Urban ","Cloudy","Jam ",1
"3/03/2022","21:20:00","21:25:00",30,"Buffet ",37,5,21,"scooter ",1,"No ","Metropolitian ","Stormy","Jam ",1
"5/04/2022","18:55:00","19:05:00",31,"Drinks ",30,4.7,15,"electric_scooter ",2,"No ","Metropolitian ","Windy","Medium ",1
"17/03/2022","22:30:00","22:45:00",13,"Drinks ",26,4.8,13,"scooter ",1,"No ","Metropolitian ","Cloudy","Low ",0
"5/04/2022","17:40:00","17:50:00",25,"Drinks ",34,5,18,"motorcycle ",0,"No ","Metropolitian ","Stormy","Medium ",1
"29/03/2022","19:55:00","20:00:00",18,"Drinks ",28,4.5,23,"motorcycle ",2,"No ","Metropolitian ","Windy","Jam ",0
"6/03/2022","20:55:00","21:10:00",42,"Snack ",37,4.8,16,"motorcycle ",0,"No ","Metropolitian ","Sunny","Jam ",1
"18/02/2022","23:00:00","23:10:00",27,"Meal ",39,4.9,7,"scooter ",2,"No ","Metropolitian ","Fog","Low ",1
"11/03/2022","21:40:00","21:50:00",31,"Meal ",22,4.7,18,"scooter ",1,"No ","Metropolitian ","Cloudy","Jam ",0
"11/03/2022","23:00:00","23:10:00",15,"Meal ",29,4.9,14,"scooter ",1,"No ","Metropolitian ","Sandstorms","Low ",0
"1/04/2022","18:00:00","18:15:00",27,"Snack ",23,4.7,23,"motorcycle ",0,"No ","Metropolitian ","Cloudy","Medium ",1
"5/04/2022","9:40:00","9:50:00",24,"Drinks ",36,5,17,"scooter ",2,"No ","Metropolitian ","Stormy","Low ",1
"18/02/2022","19:50:00","19:55:00",38,"Drinks ",30,4.4,4,"motorcycle ",0,"No ","Metropolitian ","Fog","Jam ",1
"3/04/2022","18:20:00","18:35:00",17,"Drinks ",32,4.9,23,"scooter ",1,"No ","Metropolitian ","Sunny","Medium ",1
"8/03/2022","19:45:00","20:00:00",50,"Snack ",32,4.7,18,"motorcycle ",0,"Yes ","Metropolitian ","Sandstorms","Jam ",2
"1/04/2022","15:15:00","15:20:00",22,"Buffet ",21,4.8,22,"motorcycle ",0,"No ","Metropolitian ","Windy","Medium ",1
"5/03/2022","18:40:00","18:45:00",19,"Snack ",26,4.6,16,"motorcycle ",1,"No ","Metropolitian ","Stormy","Medium ",1
"11/02/2022","9:50:00","9:55:00",22,"Meal ",38,4.6,7,"motorcycle ",1,"No ","Metropolitian ","Windy","Low ",1
"9/03/2022","23:30:00","23:40:00",17,"Meal ",39,4.6,15,"scooter ",1,"No ","Urban ","Stormy","Low ",1
"28/03/2022","18:10:00","18:25:00",15,"Drinks ",30,4.8,9,"scooter ",1,"No ","Metropolitian ","Fog","Medium ",1
"31/03/2022","17:55:00","18:10:00",26,"Snack ",31,4.6,18,"motorcycle ",0,"No ","Metropolitian ","Sunny","Medium ",1
"3/03/2022","19:15:00","19:25:00",45,"Buffet ",34,4.1,4,"motorcycle ",0,"No ","Metropolitian ","Windy","Jam ",3
"17/03/2022","17:15:00","17:25:00",29,"Drinks ",33,4.7,18,"motorcycle ",0,"No ","Metropolitian ","Cloudy","Medium ",1
"2/04/2022","23:10:00","23:15:00",24,"Meal ",21,4.6,19,"motorcycle ",0,"No ","Metropolitian ","Fog","Low ",1
"11/03/2022","15:25:00","15:40:00",29,"Meal ",31,4.7,12,"scooter ",1,"No ","Metropolitian ","Sandstorms","Medium ",1
"11/03/2022","15:20:00","15:25:00",32,"Drinks ",32,4,11,"motorcycle ",0,"No ","Metropolitian ","Sandstorms","Medium ",1
"26/03/2022","16:35:00","16:45:00",32,"Drinks ",36,4.1,2,"scooter ",1,"No ","Urban ","Windy","Medium ",1
"6/04/2022","17:50:00","18:05:00",23,"Buffet ",33,4.6,21,"scooter ",1,"No ","Metropolitian ","Sunny","Medium ",0
"26/03/2022","23:15:00","23:30:00",23,"Meal ",24,4.8,23,"scooter ",1,"No ","Metropolitian ","Sunny","Low ",1
"16/02/2022","19:10:00","19:15:00",23,"Snack ",25,4.5,8,"scooter ",2,"No ","Metropolitian ","Sandstorms","Jam ",0
"25/03/2022","23:25:00","23:40:00",27,"Drinks ",28,4.8,19,"motorcycle ",0,"No ","Metropolitian ","Sunny","Low ",1
"15/02/2022","23:20:00","23:25:00",31,"Meal ",32,4.3,7,"motorcycle ",0,"No ","Metropolitian ","Sandstorms","Low ",1
"13/03/2022","20:15:00","20:25:00",22,"Meal ",28,4.9,23,"motorcycle ",1,"No ","Metropolitian ","Windy","Jam ",1
"12/03/2022","21:45:00","21:50:00",40,"Meal ",30,4.9,12,"motorcycle ",0,"Yes ","Metropolitian ","Stormy","Jam ",1
"4/03/2022","19:30:00","19:45:00",36,"Drinks ",38,4.8,23,"scooter ",1,"No ","Metropolitian ","Fog","Jam ",1
"4/04/2022","19:55:00","20:05:00",15,"Snack ",26,4.8,21,"scooter ",1,"No ","Metropolitian ","Windy","Jam ",0
"4/04/2022","19:35:00","19:40:00",19,"Snack ",21,4.9,19,"scooter ",1,"No ","Metropolitian ","Windy","Jam ",1
"6/03/2022","18:20:00","18:30:00",30,"Drinks ",31,4.5,16,"scooter ",2,"No ","Metropolitian ","Windy","Medium ",1
"5/04/2022","23:45:00","23:55:00",17,"Snack ",39,4.6,15,"scooter ",2,"No ","Urban ","Cloudy","Low ",0
"6/04/2022","18:55:00","19:10:00",18,"Buffet ",30,4.6,15,"motorcycle ",2,"No ","Urban ","Sunny","Medium ",1
"19/03/2022","9:40:00","9:50:00",18,"Drinks ",23,4.8,22,"motorcycle ",0,"No ","Urban ","Fog","Low ",0
"3/04/2022","10:30:00","10:40:00",16,"Meal ",24,5,9,"scooter ",2,"No ","Metropolitian ","Windy","Low ",0
"6/03/2022","18:10:00","18:25:00",30,"Meal ",31,4.7,9,"motorcycle ",2,"No ","Metropolitian ","Sunny","Medium ",1
"14/03/2022","17:15:00","17:25:00",24,"Buffet ",30,4.7,23,"scooter ",2,"No ","Urban ","Sunny","Medium ",1
"5/04/2022","10:45:00","10:50:00",24,"Buffet ",33,4.8,22,"motorcycle ",0,"No ","Metropolitian ","Cloudy","Low ",0
"14/03/2022","19:30:00","19:35:00",38,"Snack ",34,4.8,15,"motorcycle ",0,"No ","Urban ","Stormy","Jam ",1
"8/03/2022","23:50:00","0:05:00",27,"Meal ",25,5,21,"electric_scooter ",2,"No ","Urban ","Stormy","Low ",0
"27/03/2022","20:45:00","21:00:00",17,"Drinks ",27,4.6,19,"electric_scooter ",2,"No ","Urban ","Sandstorms","Jam ",0
"14/03/2022","21:25:00","21:35:00",35,"Buffet ",25,4,5,"motorcycle ",0,"No ","Metropolitian ","Sandstorms","Jam ",2
"3/03/2022","11:30:00","11:40:00",37,"Meal ",27,4.2,9,"motorcycle ",0,"No ","Metropolitian ","Sandstorms","High ",0
"26/03/2022","21:30:00","21:35:00",34,"Meal ",35,5,11,"motorcycle ",1,"No ","Metropolitian ","Sandstorms","Jam ",0
"3/04/2022","18:25:00","18:30:00",18,"Meal ",22,4.9,23,"motorcycle ",2,"No ","Metropolitian ","Cloudy","Medium ",1
"16/02/2022","23:40:00","23:50:00",42,"Drinks ",39,4.4,7,"motorcycle ",0,"No ","Metropolitian ","Fog","Low ",2
"4/03/2022","19:45:00","20:00:00",23,"Snack ",20,4.7,12,"scooter ",2,"No ","Metropolitian ","Sunny","Jam ",1
"17/02/2022","16:20:00","16:35:00",30,"Drinks ",36,5,18,"motorcycle ",0,"No ","Urban ","Cloudy","Medium ",1
"7/03/2022","9:45:00","9:50:00",17,"Snack ",22,4.1,2,"motorcycle ",0,"No ","Metropolitian ","Stormy","Low ",0
"14/03/2022","21:50:00","21:55:00",28,"Drinks ",25,4.9,19,"electric_scooter ",2,"No ","Metropolitian ","Sandstorms","Jam ",1
"1/03/2022","18:35:00","18:40:00",34,"Drinks ",30,4.7,17,"electric_scooter ",2,"No ","Metropolitian ","Sandstorms","Medium ",1
"8/03/2022","18:25:00","18:40:00",36,"Drinks ",25,4.2,4,"motorcycle ",0,"No ","Urban ","Stormy","Medium ",1
"3/03/2022","8:10:00","8:25:00",16,"Meal ",28,4.7,18,"scooter ",2,"No ","Metropolitian ","Windy","Low ",1
"3/03/2022","16:10:00","16:25:00",25,"Drinks ",22,4.9,15,"motorcycle ",0,"No ","Metropolitian ","Sandstorms","Medium ",0
"26/03/2022","19:15:00","19:25:00",46,"Buffet ",38,4.6,7,"motorcycle ",0,"No ","Metropolitian ","Sandstorms","Jam ",1
"2/04/2022","20:25:00","20:40:00",22,"Snack ",29,4.7,9,"motorcycle ",1,"No ","Metropolitian ","Stormy","Jam ",0
"13/03/2022","23:45:00","0:00:00",10,"Buffet ",21,4.7,22,"motorcycle ",0,"No ","Urban ","Sunny","Low ",0
"21/03/2022","8:20:00","8:30:00",21,"Buffet ",38,5,15,"scooter ",2,"No ","Metropolitian ","Sandstorms","Low ",1
"8/03/2022","22:30:00","22:40:00",21,"Buffet ",25,4.8,21,"motorcycle ",0,"No ","Urban ","Sandstorms","Low ",1
"25/03/2022","21:50:00","22:00:00",25,"Meal ",35,4.8,23,"motorcycle ",1,"No ","Metropolitian ","Sandstorms","Jam ",1
"14/03/2022","17:35:00","17:40:00",24,"Drinks ",26,4.8,15,"motorcycle ",1,"No ","Metropolitian ","Windy","Medium ",1
"26/03/2022","11:25:00","11:40:00",37,"Meal ",36,4.7,11,"motorcycle ",0,"No ","Metropolitian ","Windy","High ",2
"26/03/2022","13:10:00","13:25:00",27,"Drinks ",27,4.9,15,"scooter ",1,"No ","Metropolitian ","Cloudy","High ",1
"4/03/2022","19:00:00","19:05:00",38,"Meal ",35,4.9,21,"motorcycle ",0,"No ","Metropolitian ","Windy","Medium ",1
"5/04/2022","20:40:00","20:55:00",11,"Drinks ",27,4.6,19,"motorcycle ",1,"No ","Urban ","Sunny","Jam ",0
"26/03/2022","23:15:00","23:25:00",25,"Snack ",39,4.8,21,"motorcycle ",0,"No ","Metropolitian ","Cloudy","Low ",1
"5/04/2022","20:55:00","21:00:00",26,"Meal ",33,4.6,15,"scooter ",1,"No ","Metropolitian ","Fog","Jam ",1
"29/03/2022","22:35:00","22:45:00",18,"Drinks ",21,4.7,17,"motorcycle ",0,"No ","Metropolitian ","Sandstorms","Low ",1
"6/04/2022","17:35:00","17:40:00",16,"Meal ",20,4.5,3,"scooter ",1,"No ","Metropolitian ","Sunny","Medium ",1
"3/04/2022","22:45:00","23:00:00",28,"Drinks ",37,4.8,9,"motorcycle ",1,"No ","Metropolitian ","Stormy","Low ",1
"6/04/2022","19:40:00","19:55:00",19,"Buffet ",24,5,16,"motorcycle ",2,"No ","Metropolitian ","Windy","Jam ",1
"16/02/2022","18:50:00","19:00:00",41,"Meal ",39,4.8,9,"motorcycle ",0,"Yes ","Metropolitian ","Stormy","Medium ",1
"25/03/2022","21:35:00","21:45:00",44,"Drinks ",31,4.3,8,"motorcycle ",1,"No ","Metropolitian ","Windy","Jam ",0
"1/04/2022","11:50:00","12:00:00",27,"Snack ",32,4.6,3,"motorcycle ",1,"No ","Urban ","Windy","High ",1
"16/02/2022","22:20:00","22:30:00",15,"Drinks ",27,4.9,2,"motorcycle ",2,"No ","Metropolitian ","Sandstorms","Low ",0
"1/04/2022","17:40:00","17:45:00",15,"Snack ",32,4.6,2,"scooter ",2,"No ","Urban ","Cloudy","Medium ",0
"19/03/2022","22:55:00","23:05:00",15,"Buffet ",27,4.9,19,"scooter ",2,"No ","Urban ","Cloudy","Low ",0
"18/03/2022","20:40:00","20:50:00",36,"Drinks ",21,4.9,12,"motorcycle ",0,"No ","Metropolitian ","Cloudy","Jam ",1
"18/03/2022","19:40:00","19:50:00",26,"Drinks ",24,4.6,3,"scooter ",1,"No ","Metropolitian ","Windy","Jam ",0
"27/03/2022","21:55:00","22:05:00",42,"Meal ",35,3.7,3,"motorcycle ",1,"No ","Metropolitian ","Stormy","Jam ",1
"23/03/2022","20:00:00","20:15:00",27,"Drinks ",24,4.9,14,"motorcycle ",1,"No ","Metropolitian ","Sandstorms","Jam ",0
"31/03/2022","19:55:00","20:05:00",43,"Buffet ",32,4.6,2,"motorcycle ",0,"Yes ","Metropolitian ","Fog","Jam ",1
"15/03/2022","17:25:00","17:30:00",11,"Buffet ",29,4.5,23,"scooter ",2,"No ","Metropolitian ","Fog","Medium ",0
"18/02/2022","19:10:00","19:15:00",36,"Buffet ",35,4.3,8,"motorcycle ",0,"No ","Metropolitian ","Fog","Jam ",1
"3/04/2022","9:50:00","9:55:00",20,"Meal ",39,4.8,22,"motorcycle ",0,"No ","Metropolitian ","Fog","Low ",1
"4/04/2022","22:00:00","22:10:00",12,"Drinks ",25,4.9,23,"scooter ",2,"No ","Metropolitian ","Sunny","Jam ",1
"16/03/2022","21:30:00","21:35:00",40,"Drinks ",33,5,17,"motorcycle ",0,"No ","Metropolitian ","Sandstorms","Jam ",1
"13/03/2022","15:15:00","15:25:00",19,"Buffet ",30,5,9,"scooter ",2,"No ","Metropolitian ","Fog","Medium ",1
"1/04/2022","9:10:00","9:25:00",27,"Drinks ",33,4.4,23,"motorcycle ",0,"No ","Metropolitian ","Stormy","Low ",0
"11/02/2022","20:45:00","21:00:00",25,"Snack ",26,4.7,19,"electric_scooter ",2,"No ","Urban ","Windy","Jam ",1
"4/04/2022","23:30:00","23:45:00",25,"Meal ",32,4.7,23,"scooter ",2,"No ","Metropolitian ","Windy","Low ",1
"25/03/2022","17:30:00","17:40:00",38,"Meal ",35,4,1,"scooter ",1,"No ","Metropolitian ","Cloudy","Medium ",1
"4/04/2022","22:20:00","22:25:00",22,"Drinks ",38,4.6,19,"motorcycle ",0,"No ","Metropolitian ","Windy","Low ",0
"11/03/2022","8:30:00","8:45:00",21,"Snack ",36,4.7,21,"motorcycle ",0,"No ","Urban ","Fog","Low ",1
"1/03/2022","15:55:00","16:00:00",25,"Snack ",33,4.6,16,"scooter ",1,"No ","Metropolitian ","Sandstorms","Medium ",0
"12/03/2022","22:15:00","22:30:00",20,"Buffet ",38,4.8,18,"scooter ",1,"No ","Urban ","Sandstorms","Low ",0
"16/03/2022","18:50:00","19:05:00",39,"Drinks ",37,4.6,23,"motorcycle ",0,"No ","Metropolitian ","Fog","Medium ",0
"1/04/2022","11:35:00","11:45:00",22,"Meal ",31,4.8,18,"motorcycle ",0,"No ","Metropolitian ","Sunny","High ",1
"3/04/2022","17:25:00","17:30:00",11,"Snack ",24,4.8,15,"electric_scooter ",2,"No ","Urban ","Cloudy","Medium ",0
"31/03/2022","18:50:00","19:05:00",27,"Meal ",34,4.5,19,"scooter ",1,"No ","Metropolitian ","Stormy","Medium ",1
"23/03/2022","20:55:00","21:10:00",40,"Drinks ",22,4.4,5,"motorcycle ",2,"No ","Metropolitian ","Fog","Jam ",1
"25/03/2022","23:40:00","23:45:00",23,"Snack ",35,4.9,9,"motorcycle ",0,"No ","Metropolitian ","Sandstorms","Low ",1
"12/03/2022","19:25:00","19:35:00",40,"Drinks ",36,3.6,11,"motorcycle ",2,"No ","Metropolitian ","Stormy","Jam ",2
"16/03/2022","22:20:00","22:30:00",30,"Buffet ",35,4.9,22,"motorcycle ",1,"No ","Metropolitian ","Cloudy","Low ",0
"14/02/2022","22:55:00","23:10:00",21,"Drinks ",34,4.9,5,"scooter ",1,"No ","Metropolitian ","Windy","Low ",1
"1/03/2022","10:35:00","10:40:00",22,"Buffet ",26,4.8,13,"scooter ",1,"No ","Metropolitian ","Sunny","Low ",1
"19/03/2022","19:10:00","19:25:00",27,"Buffet ",34,4.9,11,"scooter ",2,"No ","Metropolitian ","Fog","Jam ",1
"15/03/2022","17:10:00","17:15:00",26,"Drinks ",24,4.9,9,"motorcycle ",0,"No ","Metropolitian ","Windy","Medium ",1
"4/04/2022","20:40:00","20:45:00",23,"Meal ",32,4.6,17,"motorcycle ",1,"No ","Metropolitian ","Sunny","Jam ",0
"11/03/2022","10:00:00","10:10:00",31,"Drinks ",37,4,2,"motorcycle ",0,"No ","Metropolitian ","Stormy","Low ",1
"8/03/2022","21:40:00","21:50:00",32,"Drinks ",24,4.4,13,"electric_scooter ",2,"No ","Metropolitian ","Sunny","Jam ",1
"19/03/2022","8:35:00","8:40:00",17,"Snack ",22,4.6,1,"electric_scooter ",2,"No ","Metropolitian ","Stormy","Low ",1
"3/03/2022","17:55:00","18:10:00",16,"Snack ",30,4.8,22,"motorcycle ",1,"No ","Metropolitian ","Stormy","Medium ",1
"1/03/2022","11:55:00","12:05:00",20,"Meal ",38,5,18,"motorcycle ",0,"No ","Metropolitian ","Sunny","High ",1
"7/03/2022","20:10:00","20:25:00",27,"Meal ",34,4.9,16,"scooter ",2,"No ","Urban ","Stormy","Jam ",1
"13/03/2022","9:15:00","9:30:00",30,"Drinks ",36,4.2,6,"motorcycle ",0,"No ","Metropolitian ","Windy","Low ",0
"25/03/2022","21:40:00","21:55:00",27,"Buffet ",39,4.6,19,"motorcycle ",1,"No ","Metropolitian ","Stormy","Jam ",0
"3/03/2022","22:10:00","22:25:00",20,"Drinks ",27,4.2,3,"motorcycle ",0,"No ","Metropolitian ","Stormy","Low ",1
"17/03/2022","18:10:00","18:20:00",36,"Drinks ",37,4.2,8,"motorcycle ",0,"No ","Metropolitian ","Stormy","Medium ",1
"4/03/2022","22:55:00","23:00:00",43,"Buffet ",39,4.3,9,"motorcycle ",0,"No ","Metropolitian ","Fog","Low ",1
"5/03/2022","22:40:00","22:55:00",28,"Buffet ",35,4.6,9,"motorcycle ",1,"No ","Metropolitian ","Sandstorms","Low ",0
"1/03/2022","20:25:00","20:30:00",22,"Meal ",22,4.8,17,"motorcycle ",1,"No ","Metropolitian ","Sandstorms","Jam ",1
"11/03/2022","20:10:00","20:15:00",18,"Snack ",26,4.9,19,"motorcycle ",1,"No ","Urban ","Sunny","Jam ",1
"16/02/2022","21:35:00","21:50:00",47,"Drinks ",37,4.9,18,"motorcycle ",0,"No ","Urban ","Fog","Jam ",1
"2/04/2022","20:40:00","20:45:00",53,"Meal ",35,4.6,13,"motorcycle ",0,"No ","Metropolitian ","Sandstorms","Jam ",1
"27/03/2022","23:30:00","23:40:00",27,"Snack ",26,4.8,14,"scooter ",1,"No ","Metropolitian ","Cloudy","Low ",1
"27/03/2022","20:15:00","20:25:00",24,"Drinks ",21,4.6,15,"scooter ",1,"No ","Metropolitian ","Stormy","Jam ",1
"9/03/2022","10:35:00","10:45:00",27,"Snack ",25,4.4,12,"motorcycle ",0,"No ","Metropolitian ","Windy","Low ",1
"1/04/2022","12:00:00","12:05:00",22,"Snack ",37,4.6,4,"motorcycle ",2,"No ","Urban ","Sunny","High ",1
"13/03/2022","15:10:00","15:20:00",31,"Buffet ",31,4.9,17,"motorcycle ",0,"No ","Urban ","Fog","Medium ",1
"14/02/2022","17:20:00","17:25:00",41,"Buffet ",33,4.7,3,"electric_scooter ",2,"No ","Metropolitian ","Stormy","Medium ",2
"27/03/2022","17:40:00","17:45:00",33,"Buffet ",36,3.6,4,"scooter ",2,"No ","Urban ","Stormy","Medium ",0
"13/02/2022","18:15:00","18:30:00",28,"Meal ",30,5,9,"electric_scooter ",2,"No ","Metropolitian ","Sandstorms","Medium ",0
"27/03/2022","21:55:00","22:05:00",27,"Buffet ",23,4.9,23,"motorcycle ",1,"No ","Urban ","Windy","Jam ",0
"26/03/2022","16:35:00","16:40:00",16,"Meal ",36,4.7,19,"motorcycle ",1,"No ","Metropolitian ","Sunny","Medium ",0
"24/03/2022","23:45:00","0:00:00",15,"Drinks ",30,4.7,16,"motorcycle ",1,"No ","Metropolitian ","Sunny","Low ",0
"11/02/2022","22:35:00","22:40:00",24,"Snack ",37,4.5,3,"motorcycle ",0,"No ","Metropolitian ","Stormy","Low ",1
"15/03/2022","0:00:00","0:15:00",19,"Buffet ",36,4.6,14,"motorcycle ",1,"No ","Metropolitian ","Cloudy","Low ",0
"19/03/2022","11:30:00","11:45:00",29,"Buffet ",25,4.5,5,"scooter ",1,"No ","Metropolitian ","Stormy","High ",1
"15/02/2022","22:15:00","22:30:00",21,"Snack ",35,4.7,6,"motorcycle ",0,"No ","Metropolitian ","Fog","Low ",0
"7/03/2022","17:40:00","17:55:00",17,"Buffet ",28,4.9,9,"motorcycle ",1,"No ","Metropolitian ","Fog","Medium ",0
"9/03/2022","11:15:00","11:30:00",24,"Snack ",32,4.9,12,"scooter ",1,"No ","Metropolitian ","Sunny","High ",0
"16/03/2022","20:55:00","21:00:00",34,"Meal ",26,4.4,17,"motorcycle ",0,"No ","Metropolitian ","Stormy","Jam ",1
"9/03/2022","12:45:00","13:00:00",30,"Meal ",35,4.9,15,"motorcycle ",0,"No ","Metropolitian ","Cloudy","High ",0
"8/03/2022","17:10:00","17:25:00",34,"Meal ",31,4.1,3,"motorcycle ",2,"No ","Urban ","Sandstorms","Medium ",0
"16/02/2022","20:45:00","21:00:00",40,"Drinks ",27,4.1,3,"scooter ",2,"No ","Urban ","Fog","Jam ",0
"26/03/2022","8:25:00","8:40:00",17,"Meal ",36,4.6,17,"motorcycle ",1,"No ","Metropolitian ","Cloudy","Low ",1
"7/03/2022","11:35:00","11:40:00",25,"Meal ",34,4.6,21,"motorcycle ",1,"No ","Metropolitian ","Windy","High ",1
"1/04/2022","23:45:00","23:55:00",19,"Snack ",32,5,21,"motorcycle ",2,"No ","Metropolitian ","Fog","Low ",0
"4/03/2022","17:20:00","17:25:00",38,"Meal ",39,4.1,13,"scooter ",2,"No ","Metropolitian ","Fog","Medium ",2
"25/03/2022","19:55:00","20:10:00",19,"Drinks ",23,4.5,23,"scooter ",1,"No ","Metropolitian ","Stormy","Jam ",1
"19/03/2022","20:20:00","20:35:00",29,"Meal ",33,4.6,8,"scooter ",2,"No ","Metropolitian ","Stormy","Jam ",1
"5/04/2022","12:55:00","13:10:00",18,"Snack ",28,4.8,17,"motorcycle ",1,"No ","Metropolitian ","Sandstorms","High ",1
"13/02/2022","8:15:00","8:25:00",25,"Buffet ",31,5,9,"motorcycle ",0,"No ","Metropolitian ","Fog","Low ",1
"25/03/2022","22:20:00","22:35:00",11,"Meal ",23,4.6,13,"motorcycle ",2,"No ","Metropolitian ","Sandstorms","Low ",0
"4/04/2022","18:10:00","18:20:00",37,"Buffet ",32,4.3,13,"electric_scooter ",2,"No ","Metropolitian ","Sandstorms","Medium ",2
"2/04/2022","18:30:00","18:40:00",33,"Drinks ",34,4.3,2,"motorcycle ",0,"No ","Metropolitian ","Windy","Medium ",1
"17/03/2022","20:45:00","21:00:00",34,"Drinks ",31,5,12,"motorcycle ",1,"No ","Metropolitian ","Sandstorms","Jam ",1
"24/03/2022","8:10:00","8:20:00",10,"Drinks ",29,4.7,13,"motorcycle ",1,"No ","Metropolitian ","Windy","Low ",0
"17/03/2022","15:50:00","16:00:00",16,"Meal ",23,5,14,"motorcycle ",0,"No ","Metropolitian ","Stormy","Medium ",1
"25/03/2022","20:55:00","21:00:00",37,"Snack ",36,4.1,3,"scooter ",1,"No ","Metropolitian ","Fog","Jam ",0
"13/03/2022","15:10:00","15:15:00",16,"Meal ",35,4.9,23,"motorcycle ",2,"No ","Metropolitian ","Fog","Medium ",0
"15/03/2022","21:20:00","21:25:00",29,"Snack ",26,4.8,23,"motorcycle ",1,"No ","Metropolitian ","Cloudy","Jam ",1
"1/04/2022","13:00:00","13:05:00",25,"Snack ",30,4.8,21,"scooter ",2,"No ","Metropolitian ","Fog","High ",1
"2/04/2022","20:40:00","20:45:00",38,"Buffet ",25,4.1,13,"scooter ",2,"No ","Metropolitian ","Cloudy","Jam ",1
"31/03/2022","21:00:00","21:10:00",15,"Drinks ",21,4.6,16,"scooter ",2,"No ","Metropolitian ","Sunny","Jam ",1
"17/03/2022","19:20:00","19:35:00",21,"Meal ",20,5,6,"motorcycle ",0,"No ","Metropolitian ","Cloudy","Jam ",0
"16/03/2022","18:45:00","19:00:00",20,"Meal ",31,4.9,18,"electric_scooter ",2,"No ","Metropolitian ","Sandstorms","Medium ",1
"31/03/2022","23:20:00","23:25:00",24,"Snack ",24,4.7,15,"motorcycle ",0,"No ","Metropolitian ","Windy","Low ",0
"29/03/2022","18:00:00","18:10:00",35,"Drinks ",39,4.6,13,"motorcycle ",0,"No ","Metropolitian ","Sunny","Medium ",1
"9/03/2022","23:45:00","23:50:00",21,"Snack ",33,4.9,18,"motorcycle ",1,"No ","Urban ","Stormy","Low ",1
"6/04/2022","19:30:00","19:40:00",49,"Buffet ",27,4.9,22,"motorcycle ",0,"No ","Metropolitian ","Fog","Jam ",1
"21/03/2022","8:20:00","8:25:00",22,"Drinks ",27,4.1,3,"motorcycle ",0,"No ","Urban ","Windy","Low ",1
"20/03/2022","21:25:00","21:35:00",16,"Meal ",29,5,12,"motorcycle ",1,"No ","Metropolitian ","Windy","Jam ",1
"15/02/2022","21:30:00","21:45:00",26,"Snack ",37,4.5,6,"motorcycle ",0,"No ","Metropolitian ","Stormy","Jam ",1
"3/03/2022","20:45:00","20:55:00",13,"Buffet ",28,4.6,12,"electric_scooter ",2,"No ","Metropolitian ","Sandstorms","Jam ",1
"7/03/2022","20:20:00","20:30:00",28,"Meal ",21,4.9,18,"motorcycle ",0,"No ","Metropolitian ","Sandstorms","Jam ",1
"12/02/2022","22:00:00","22:10:00",24,"Meal ",22,4.5,9,"scooter ",1,"No ","Metropolitian ","Sunny","Jam ",1
"28/03/2022","22:20:00","22:25:00",20,"Drinks ",22,4.5,12,"motorcycle ",0,"No ","Metropolitian ","Cloudy","Low ",1
"3/04/2022","18:50:00","19:05:00",15,"Drinks ",29,4.9,23,"electric_scooter ",2,"No ","Metropolitian ","Sunny","Medium ",0
"3/03/2022","22:35:00","22:40:00",13,"Snack ",28,4.5,2,"electric_scooter ",2,"No ","Urban ","Sandstorms","Low ",1
"29/03/2022","18:45:00","18:50:00",26,"Buffet ",23,4.6,21,"motorcycle ",0,"No ","Metropolitian ","Sunny","Medium ",0
"12/02/2022","18:00:00","18:05:00",41,"Snack ",37,5,2,"motorcycle ",0,"No ","Metropolitian ","Stormy","Medium ",2
"3/04/2022","16:10:00","16:15:00",16,"Drinks ",33,4.6,23,"motorcycle ",1,"No ","Urban ","Sunny","Medium ",0
"3/03/2022","9:40:00","9:50:00",19,"Buffet ",34,4.9,15,"motorcycle ",1,"No ","Metropolitian ","Stormy","Low ",0
"3/04/2022","22:20:00","22:25:00",20,"Snack ",32,4.9,23,"scooter ",2,"No ","Urban ","Windy","Low ",1
"12/03/2022","18:50:00","19:05:00",30,"Meal ",39,4.5,1,"scooter ",2,"No ","Urban ","Sandstorms","Medium ",1
"19/03/2022","13:10:00","13:25:00",31,"Snack ",30,5,16,"motorcycle ",2,"No ","Metropolitian ","Stormy","High ",1
"9/03/2022","9:40:00","9:50:00",18,"Snack ",24,4.6,13,"motorcycle ",0,"No ","Metropolitian ","Fog","Low ",0
"13/03/2022","8:25:00","8:35:00",18,"Snack ",24,4.1,3,"motorcycle ",0,"No ","Metropolitian ","Stormy","Low ",1
"20/03/2022","20:40:00","20:45:00",18,"Meal ",21,4.7,22,"electric_scooter ",2,"No ","Metropolitian ","Stormy","Jam ",0
"17/03/2022","10:20:00","10:35:00",15,"Drinks ",29,4.8,21,"scooter ",1,"No ","Urban ","Cloudy","Low ",0
"26/03/2022","18:20:00","18:35:00",25,"Meal ",37,4.7,18,"scooter ",2,"No ","Metropolitian ","Windy","Medium ",0
"16/02/2022","23:10:00","23:20:00",28,"Meal ",38,4.9,4,"motorcycle ",2,"No ","Metropolitian ","Stormy","Low ",1
"19/03/2022","9:30:00","9:35:00",21,"Buffet ",35,4.1,13,"motorcycle ",0,"No ","Metropolitian ","Windy","Low ",1
"30/03/2022","21:30:00","21:35:00",45,"Meal ",21,3.7,13,"motorcycle ",0,"No ","Metropolitian ","Sunny","Jam ",1
"24/03/2022","9:00:00","9:15:00",13,"Buffet ",32,4.7,23,"scooter ",1,"No ","Urban ","Sunny","Low ",1
"12/02/2022","18:55:00","19:10:00",18,"Snack ",22,5,2,"scooter ",1,"No ","Metropolitian ","Windy","Medium ",1
"30/03/2022","15:50:00","15:55:00",18,"Snack ",35,4.7,12,"motorcycle ",2,"No ","Metropolitian ","Sunny","Medium ",0
"26/03/2022","17:55:00","18:10:00",26,"Drinks ",22,4.7,15,"scooter ",1,"No ","Metropolitian ","Sandstorms","Medium ",1
"21/03/2022","21:50:00","22:00:00",32,"Drinks ",31,4.8,5,"motorcycle ",0,"No ","Metropolitian ","Fog","Jam ",1
"18/02/2022","20:55:00","21:10:00",42,"Meal ",26,5,4,"scooter ",1,"No ","Metropolitian ","Fog","Jam ",2
"31/03/2022","23:20:00","23:30:00",29,"Meal ",23,4.9,8,"motorcycle ",1,"No ","Metropolitian ","Cloudy","Low ",1
"28/03/2022","12:10:00","12:20:00",25,"Buffet ",32,4.6,23,"scooter ",1,"No ","Metropolitian ","Sandstorms","High ",0
"3/03/2022","19:35:00","19:45:00",23,"Snack ",20,4.6,23,"scooter ",2,"No ","Urban ","Windy","Jam ",0
"21/03/2022","10:55:00","11:05:00",28,"Snack ",39,4.6,14,"motorcycle ",1,"No ","Metropolitian ","Sandstorms","Low ",1
"12/02/2022","17:50:00","18:05:00",12,"Snack ",25,4.7,22,"scooter ",2,"No ","Urban ","Sunny","Medium ",0
"4/03/2022","19:15:00","19:30:00",29,"Buffet ",21,4.9,22,"scooter ",1,"No ","Metropolitian ","Windy","Jam ",1
"1/03/2022","9:10:00","9:25:00",22,"Drinks ",32,4.5,14,"motorcycle ",0,"No ","Metropolitian ","Stormy","Low ",1
"11/03/2022","20:25:00","20:35:00",34,"Snack ",20,4.7,18,"scooter ",2,"No ","Urban ","Fog","Jam ",1
"3/03/2022","23:10:00","23:20:00",16,"Meal ",25,4.5,12,"motorcycle ",1,"No ","Metropolitian ","Stormy","Low ",1
"1/03/2022","19:20:00","19:25:00",28,"Buffet ",32,4.6,18,"motorcycle ",0,"No ","Metropolitian ","Sunny","Jam ",1
"13/03/2022","19:55:00","20:10:00",26,"Meal ",24,4.7,15,"motorcycle ",0,"No ","Metropolitian ","Cloudy","Jam ",1
"14/02/2022","20:20:00","20:30:00",28,"Meal ",37,5,9,"scooter ",2,"No ","Metropolitian ","Sandstorms","Jam ",1
"10/03/2022","21:55:00","22:05:00",40,"Buffet ",33,4.8,17,"motorcycle ",1,"No ","Metropolitian ","Fog","Jam ",0
"24/03/2022","17:50:00","17:55:00",32,"Drinks ",33,5,3,"motorcycle ",0,"No ","Metropolitian ","Fog","Medium ",2
"3/04/2022","20:25:00","20:30:00",18,"Meal ",27,4.8,18,"motorcycle ",1,"No ","Urban ","Sandstorms","Jam ",0
"28/03/2022","17:20:00","17:35:00",24,"Meal ",25,4.6,16,"motorcycle ",2,"No ","Urban ","Stormy","Medium ",1
"29/03/2022","17:10:00","17:15:00",32,"Snack ",34,5,5,"scooter ",2,"No ","Metropolitian ","Fog","Medium ",0
"12/02/2022","17:35:00","17:45:00",42,"Drinks ",37,4.7,7,"motorcycle ",0,"No ","Metropolitian ","Fog","Medium ",1
"17/03/2022","19:40:00","19:55:00",20,"Snack ",29,4.5,12,"motorcycle ",0,"No ","Metropolitian ","Fog","Jam ",1
"28/03/2022","23:15:00","23:30:00",23,"Drinks ",37,4.9,12,"motorcycle ",2,"No ","Metropolitian ","Sandstorms","Low ",1
"6/04/2022","17:10:00","17:15:00",39,"Snack ",30,3.6,1,"motorcycle ",1,"No ","Metropolitian ","Windy","Medium ",1
"26/03/2022","9:15:00","9:20:00",16,"Drinks ",25,4.7,23,"motorcycle ",1,"No ","Metropolitian ","Windy","Low ",0
"13/03/2022","11:55:00","12:00:00",29,"Drinks ",22,4.6,13,"motorcycle ",2,"No ","Metropolitian ","Windy","High ",1
"19/03/2022","20:00:00","20:15:00",26,"Drinks ",23,4.7,16,"scooter ",2,"No ","Urban ","Stormy","Jam ",1
"5/03/2022","21:25:00","21:30:00",20,"Snack ",38,4.9,14,"electric_scooter ",2,"No ","Metropolitian ","Sunny","Jam ",1
"27/03/2022","18:40:00","18:55:00",14,"Snack ",26,4.9,18,"motorcycle ",1,"No ","Urban ","Sunny","Medium ",0
"28/03/2022","15:55:00","16:05:00",17,"Snack ",36,4.9,16,"scooter ",2,"No ","Urban ","Cloudy","Medium ",0
"2/03/2022","23:25:00","23:40:00",20,"Meal ",23,4.7,9,"scooter ",2,"No ","Metropolitian ","Fog","Low ",1
"18/02/2022","20:20:00","20:30:00",24,"Meal ",28,5,8,"scooter ",2,"No ","Metropolitian ","Sandstorms","Jam ",1
"19/03/2022","20:35:00","20:45:00",32,"Meal ",21,4.6,23,"motorcycle ",0,"No ","Metropolitian ","Stormy","Jam ",1
"3/03/2022","13:20:00","13:25:00",12,"Buffet ",23,4.9,23,"motorcycle ",1,"No ","Metropolitian ","Windy","High ",0
"13/03/2022","22:30:00","22:35:00",26,"Buffet ",36,4.8,14,"motorcycle ",1,"No ","Metropolitian ","Windy","Low ",0
"10/03/2022","20:50:00","21:00:00",18,"Snack ",26,4.9,22,"motorcycle ",2,"No ","Urban ","Windy","Jam ",1
"17/03/2022","20:50:00","21:05:00",28,"Buffet ",30,4.6,1,"motorcycle ",0,"No ","Metropolitian ","Cloudy","Jam ",0
"6/04/2022","17:50:00","17:55:00",35,"Buffet ",20,5,22,"motorcycle ",1,"No ","Metropolitian ","Fog","Medium ",1
"12/02/2022","23:45:00","23:50:00",24,"Buffet ",25,4.7,8,"motorcycle ",2,"No ","Metropolitian ","Stormy","Low ",1
"6/03/2022","23:55:00","0:10:00",21,"Snack ",25,4.9,16,"motorcycle ",1,"No ","Urban ","Stormy","Low ",0
"13/02/2022","14:50:00","15:00:00",54,"Buffet ",22,4.3,2,"motorcycle ",0,"No ","Metropolitian ","Sunny","High ",2
"17/03/2022","8:15:00","8:30:00",21,"Meal ",32,4,4,"motorcycle ",0,"No ","Metropolitian ","Sandstorms","Low ",0
"15/03/2022","10:45:00","10:50:00",26,"Buffet ",33,4.1,5,"motorcycle ",0,"No ","Urban ","Stormy","Low ",1
"9/03/2022","19:45:00","19:50:00",19,"Snack ",38,4.9,13,"scooter ",2,"No ","Metropolitian ","Sunny","Jam ",0
"15/03/2022","22:35:00","22:50:00",29,"Snack ",33,5,23,"scooter ",1,"No ","Urban ","Stormy","Low ",0
"15/02/2022","10:45:00","11:00:00",24,"Snack ",26,4.8,7,"motorcycle ",1,"No ","Metropolitian ","Sunny","Low ",0
"1/04/2022","20:45:00","20:50:00",28,"Snack ",30,5,19,"scooter ",2,"No ","Metropolitian ","Windy","Jam ",1
"10/03/2022","22:55:00","23:00:00",24,"Snack ",30,4.8,18,"scooter ",1,"No ","Metropolitian ","Sunny","Low ",1
"3/04/2022","11:10:00","11:15:00",22,"Buffet ",26,4.8,17,"motorcycle ",2,"No ","Urban ","Sandstorms","High ",1
"28/03/2022","21:55:00","22:00:00",40,"Buffet ",26,3.9,2,"motorcycle ",0,"No ","Urban ","Sunny","Jam ",2
"18/02/2022","18:10:00","18:25:00",39,"Drinks ",30,4.5,2,"scooter ",2,"No ","Metropolitian ","Sandstorms","Medium ",1
"11/02/2022","13:25:00","13:40:00",17,"Snack ",34,5,6,"electric_scooter ",2,"No ","Metropolitian ","Sunny","High ",1
"27/03/2022","20:55:00","21:10:00",20,"Snack ",30,4.7,19,"scooter ",2,"No ","Urban ","Sunny","Jam ",0
"4/04/2022","23:35:00","23:40:00",24,"Meal ",20,4.7,19,"motorcycle ",0,"No ","Urban ","Cloudy","Low ",0
"26/03/2022","21:10:00","21:15:00",13,"Meal ",24,5,21,"motorcycle ",1,"No ","Urban ","Stormy","Jam ",0
"13/03/2022","18:00:00","18:15:00",24,"Meal ",20,4.7,15,"motorcycle ",2,"No ","Urban ","Sandstorms","Medium ",1
"16/02/2022","21:45:00","21:55:00",52,"Buffet ",32,4.6,15,"motorcycle ",0,"No ","Urban ","Sandstorms","Jam ",1
"4/04/2022","23:30:00","23:40:00",17,"Meal ",31,4.9,18,"scooter ",2,"No ","Metropolitian ","Stormy","Low ",1
"27/03/2022","19:40:00","19:50:00",32,"Drinks ",34,3.7,1,"motorcycle ",1,"No ","Urban ","Sunny","Jam ",0
"23/03/2022","19:25:00","19:30:00",50,"Buffet ",35,4.9,7,"motorcycle ",0,"No ","Metropolitian ","Cloudy","Jam ",2
"4/03/2022","17:30:00","17:40:00",39,"Drinks ",28,4.5,12,"motorcycle ",0,"No ","Metropolitian ","Fog","Medium ",1
"9/03/2022","20:00:00","20:10:00",22,"Buffet ",29,4.8,21,"motorcycle ",0,"No ","Metropolitian ","Fog","Jam ",1
"11/02/2022","11:50:00","12:00:00",20,"Buffet ",32,4.8,7,"motorcycle ",0,"No ","Metropolitian ","Sunny","High ",0
"6/04/2022","20:25:00","20:30:00",29,"Meal ",21,4.7,21,"electric_scooter ",2,"No ","Metropolitian ","Stormy","Jam ",1
"26/03/2022","16:00:00","16:10:00",16,"Buffet ",33,4.8,13,"scooter ",2,"No ","Metropolitian ","Fog","Medium ",1
"26/03/2022","21:10:00","21:15:00",18,"Buffet ",30,4.6,14,"scooter ",2,"No ","Metropolitian ","Sunny","Jam ",1
"2/03/2022","21:45:00","21:55:00",52,"Meal ",30,5,16,"motorcycle ",0,"Yes ","Metropolitian ","Windy","Jam ",3
"21/03/2022","22:40:00","22:50:00",24,"Buffet ",39,4.2,6,"motorcycle ",0,"No ","Urban ","Sandstorms","Low ",1
"23/03/2022","23:55:00","0:10:00",17,"Snack ",24,4.6,15,"motorcycle ",0,"No ","Metropolitian ","Sandstorms","Low ",0
"2/03/2022","23:20:00","23:35:00",22,"Buffet ",22,4.9,18,"motorcycle ",0,"No ","Metropolitian ","Fog","Low ",1
"5/04/2022","19:50:00","20:05:00",29,"Buffet ",35,4.9,17,"scooter ",1,"No ","Metropolitian ","Stormy","Jam ",1
"12/03/2022","17:15:00","17:20:00",38,"Buffet ",39,4.1,8,"motorcycle ",0,"No ","Metropolitian ","Sunny","Medium ",1
"3/04/2022","11:40:00","11:55:00",39,"Snack ",25,4.4,19,"motorcycle ",0,"No ","Urban ","Stormy","High ",1
"29/03/2022","18:45:00","18:55:00",33,"Buffet ",22,5,11,"motorcycle ",2,"No ","Metropolitian ","Cloudy","Medium ",1
"1/03/2022","9:40:00","9:50:00",26,"Drinks ",38,4.6,22,"motorcycle ",0,"No ","Metropolitian ","Sunny","Low ",1
"23/03/2022","23:30:00","23:45:00",20,"Snack ",29,4.8,23,"motorcycle ",0,"No ","Metropolitian ","Sandstorms","Low ",1
"30/03/2022","14:50:00","15:05:00",28,"Snack ",30,5,23,"motorcycle ",1,"No ","Metropolitian ","Fog","High ",1
"2/03/2022","18:45:00","18:55:00",44,"Snack ",33,4.1,9,"electric_scooter ",2,"No ","Metropolitian ","Stormy","Medium ",1
"12/03/2022","22:00:00","22:10:00",37,"Meal ",23,4.6,23,"motorcycle ",0,"No ","Metropolitian ","Windy","Jam ",1
"2/03/2022","20:35:00","20:45:00",23,"Buffet ",26,4.6,12,"motorcycle ",2,"No ","Metropolitian ","Stormy","Jam ",1
"4/04/2022","18:45:00","19:00:00",30,"Buffet ",34,4.7,7,"motorcycle ",2,"No ","Metropolitian ","Fog","Medium ",1
"26/03/2022","22:25:00","22:40:00",19,"Buffet ",29,4.7,21,"scooter ",1,"No ","Metropolitian ","Fog","Low ",1
"1/03/2022","8:30:00","8:45:00",25,"Drinks ",36,5,18,"scooter ",1,"No ","Metropolitian ","Windy","Low ",0
"23/03/2022","17:40:00","17:45:00",27,"Meal ",26,4.9,23,"electric_scooter ",2,"No ","Metropolitian ","Fog","Medium ",1
"1/03/2022","16:35:00","16:45:00",29,"Buffet ",21,4.7,21,"motorcycle ",1,"No ","Metropolitian ","Stormy","Medium ",1
"30/03/2022","11:40:00","11:55:00",40,"Drinks ",35,4.9,11,"motorcycle ",0,"No ","Metropolitian ","Windy","High ",1
"8/03/2022","22:50:00","22:55:00",29,"Snack ",39,4.9,23,"motorcycle ",1,"No ","Metropolitian ","Sunny","Low ",1
"13/03/2022","17:25:00","17:35:00",20,"Buffet ",28,4.7,16,"motorcycle ",0,"No ","Metropolitian ","Windy","Medium ",0
"6/03/2022","18:55:00","19:05:00",15,"Meal ",22,4.9,23,"scooter ",1,"No ","Metropolitian ","Stormy","Medium ",0
"12/02/2022","22:50:00","22:55:00",17,"Drinks ",34,4.7,4,"motorcycle ",2,"No ","Metropolitian ","Stormy","Low ",0
"16/03/2022","23:25:00","23:35:00",22,"Buffet ",25,4.6,16,"scooter ",2,"No ","Metropolitian ","Cloudy","Low ",0
"24/03/2022","8:35:00","8:40:00",15,"Buffet ",33,4.8,18,"scooter ",1,"No ","Metropolitian ","Sunny","Low ",1
"9/03/2022","9:30:00","9:35:00",21,"Snack ",30,4.7,9,"motorcycle ",0,"No ","Metropolitian ","Cloudy","Low ",0
"18/03/2022","23:35:00","23:50:00",32,"Drinks ",34,3.4,22,"motorcycle ",0,"No ","Metropolitian ","Sunny","Low ",1
"17/02/2022","19:25:00","19:30:00",27,"Buffet ",24,4.6,5,"motorcycle ",2,"No ","Metropolitian ","Fog","Jam ",1
"14/03/2022","21:55:00","22:10:00",29,"Snack ",22,4.8,15,"motorcycle ",0,"No ","Metropolitian ","Windy","Jam ",1
"1/04/2022","19:25:00","19:35:00",11,"Buffet ",24,5,18,"scooter ",2,"No ","Urban ","Stormy","Jam ",0
"25/03/2022","22:50:00","23:00:00",15,"Drinks ",27,4.6,13,"scooter ",1,"No ","Metropolitian ","Stormy","Low ",0
"16/02/2022","17:35:00","17:40:00",38,"Buffet ",26,4.4,3,"motorcycle ",0,"No ","Metropolitian ","Windy","Medium ",1
"2/04/2022","0:00:00","0:05:00",25,"Meal ",37,4.7,23,"scooter ",1,"No ","Metropolitian ","Fog","Low ",1
"3/03/2022","10:20:00","10:35:00",24,"Buffet ",30,4.9,15,"motorcycle ",2,"No ","Urban ","Windy","Low ",1
"18/03/2022","18:35:00","18:50:00",45,"Snack ",35,4.3,18,"motorcycle ",0,"No ","Metropolitian ","Stormy","Medium ",0
"25/03/2022","19:10:00","19:15:00",20,"Meal ",24,4.9,18,"scooter ",2,"No ","Metropolitian ","Windy","Jam ",1
"15/02/2022","21:35:00","21:45:00",16,"Meal ",28,4.9,3,"motorcycle ",0,"No ","Metropolitian ","Stormy","Jam ",1
"16/03/2022","19:45:00","19:50:00",34,"Buffet ",36,3.8,3,"scooter ",1,"No ","Metropolitian ","Windy","Jam ",1
"5/03/2022","11:35:00","11:45:00",32,"Snack ",32,5,18,"motorcycle ",0,"No ","Metropolitian ","Fog","High ",1
"12/03/2022","20:25:00","20:35:00",40,"Meal ",30,4.6,15,"motorcycle ",0,"No ","Metropolitian ","Fog","Jam ",1
"12/02/2022","17:40:00","17:45:00",27,"Meal ",30,5,3,"scooter ",2,"No ","Metropolitian ","Sandstorms","Medium ",1
"14/03/2022","17:30:00","17:35:00",27,"Snack ",25,4.5,13,"scooter ",2,"No ","Metropolitian ","Stormy","Medium ",1
"14/02/2022","23:50:00","0:05:00",36,"Buffet ",25,2.9,1,"scooter ",1,"No ","Urban ","Sunny","Low ",1
"2/04/2022","20:15:00","20:30:00",30,"Drinks ",23,4.8,3,"motorcycle ",0,"No ","Metropolitian ","Sandstorms","Jam ",1
"23/03/2022","21:25:00","21:30:00",31,"Meal ",23,4.3,13,"motorcycle ",0,"No ","Metropolitian ","Stormy","Jam ",1
"12/03/2022","0:00:00","0:15:00",25,"Drinks ",33,4.8,18,"motorcycle ",0,"No ","Metropolitian ","Sandstorms","Low ",1
"19/03/2022","23:50:00","23:55:00",25,"Buffet ",38,4.7,15,"scooter ",2,"No ","Metropolitian ","Sandstorms","Low ",0
"20/03/2022","19:40:00","19:45:00",36,"Buffet ",23,4.6,6,"motorcycle ",1,"No ","Metropolitian ","Cloudy","Jam ",1
"18/03/2022","21:35:00","21:45:00",43,"Meal ",31,4.3,19,"scooter ",2,"No ","Metropolitian ","Stormy","Jam ",1
"24/03/2022","11:35:00","11:45:00",32,"Meal ",30,4.8,2,"motorcycle ",1,"No ","Metropolitian ","Windy","High ",0
"11/02/2022","11:55:00","12:00:00",28,"Drinks ",36,4.7,6,"electric_scooter ",2,"No ","Metropolitian ","Stormy","High ",1
"5/04/2022","20:50:00","20:55:00",19,"Snack ",36,4.8,16,"motorcycle ",1,"No ","Metropolitian ","Sunny","Jam ",1
"13/02/2022","18:15:00","18:20:00",35,"Buffet ",36,4.8,9,"motorcycle ",0,"No ","Metropolitian ","Windy","Medium ",1
"11/02/2022","10:35:00","10:45:00",15,"Meal ",27,4.7,19,"motorcycle ",0,"No ","Urban ","Fog","Low ",1
"11/03/2022","11:10:00","11:20:00",14,"Meal ",28,4.9,17,"scooter ",1,"No ","Metropolitian ","Stormy","High ",0
"25/03/2022","18:15:00","18:25:00",44,"Buffet ",28,4.6,21,"motorcycle ",0,"No ","Urban ","Fog","Medium ",2
"3/04/2022","18:00:00","18:05:00",29,"Snack ",38,4.5,21,"motorcycle ",0,"No ","Urban ","Fog","Medium ",1
"9/03/2022","21:00:00","21:05:00",35,"Buffet ",37,4.1,13,"motorcycle ",2,"No ","Metropolitian ","Cloudy","Jam ",1
"2/03/2022","18:20:00","18:35:00",34,"Meal ",23,4.6,14,"motorcycle ",0,"No ","Metropolitian ","Fog","Medium ",1
"6/04/2022","20:55:00","21:00:00",44,"Snack ",21,4.7,21,"motorcycle ",0,"No ","Metropolitian ","Cloudy","Jam ",3
"17/02/2022","11:30:00","11:45:00",36,"Snack ",31,4.2,5,"electric_scooter ",2,"No ","Urban ","Cloudy","High ",1
"12/02/2022","23:30:00","23:35:00",23,"Drinks ",21,4.6,3,"motorcycle ",0,"No ","Metropolitian ","Stormy","Low ",1
"15/02/2022","23:30:00","23:40:00",19,"Meal ",35,4.8,4,"scooter ",2,"No ","Metropolitian ","Fog","Low ",1
"9/03/2022","20:45:00","21:00:00",22,"Buffet ",22,4.8,21,"scooter ",2,"No ","Metropolitian ","Stormy","Jam ",0
"1/04/2022","8:20:00","8:30:00",15,"Snack ",22,4.9,18,"electric_scooter ",2,"No ","Metropolitian ","Fog","Low ",1
"6/03/2022","23:50:00","0:05:00",29,"Snack ",35,4.8,18,"motorcycle ",0,"No ","Urban ","Sandstorms","Low ",1
"12/03/2022","22:25:00","22:30:00",37,"Buffet ",22,3.1,8,"scooter ",2,"No ","Metropolitian ","Sunny","Low ",1
"1/03/2022","17:20:00","17:25:00",27,"Meal ",36,5,17,"motorcycle ",0,"No ","Metropolitian ","Windy","Medium ",1
"19/03/2022","9:30:00","9:45:00",25,"Meal ",35,4.6,17,"motorcycle ",0,"No ","Urban ","Fog","Low ",1
"5/03/2022","20:10:00","20:20:00",46,"Buffet ",32,4.3,21,"motorcycle ",0,"No ","Metropolitian ","Sunny","Jam ",2
"30/03/2022","23:40:00","23:50:00",24,"Snack ",36,4.5,15,"motorcycle ",1,"No ","Metropolitian ","Stormy","Low ",1
"15/03/2022","15:35:00","15:45:00",33,"Buffet ",31,4.4,19,"motorcycle ",2,"No ","Metropolitian ","Sandstorms","Medium ",1
"1/03/2022","12:00:00","12:05:00",24,"Meal ",23,4.9,19,"scooter ",1,"No ","Metropolitian ","Windy","High ",1
"18/02/2022","20:20:00","20:25:00",28,"Buffet ",23,4.6,18,"motorcycle ",1,"No ","Urban ","Windy","Jam ",1
"15/03/2022","8:40:00","8:50:00",29,"Snack ",35,4.5,1,"motorcycle ",1,"No ","Urban ","Windy","Low ",1
"19/03/2022","9:50:00","10:05:00",20,"Buffet ",20,4.9,15,"motorcycle ",0,"No ","Metropolitian ","Fog","Low ",0
"2/04/2022","22:45:00","22:55:00",24,"Meal ",21,4.6,17,"motorcycle ",0,"No ","Urban ","Windy","Low ",1
"16/03/2022","18:35:00","18:40:00",34,"Meal ",29,5,9,"motorcycle ",0,"No ","Metropolitian ","Stormy","Medium ",1
"11/03/2022","18:00:00","18:10:00",15,"Meal ",25,4.6,9,"motorcycle ",1,"No ","Metropolitian ","Cloudy","Medium ",0
"3/03/2022","20:50:00","21:05:00",13,"Drinks ",22,4.8,16,"scooter ",2,"No ","Metropolitian ","Sandstorms","Jam ",0
"9/03/2022","16:40:00","16:55:00",33,"Drinks ",35,4.3,17,"motorcycle ",1,"No ","Metropolitian ","Sandstorms","Medium ",1
"3/04/2022","16:40:00","16:45:00",24,"Meal ",21,5,19,"motorcycle ",0,"No ","Metropolitian ","Sunny","Medium ",1
"16/03/2022","18:55:00","19:00:00",36,"Snack ",33,5,9,"motorcycle ",0,"No ","Metropolitian ","Windy","Medium ",1
"16/03/2022","20:25:00","20:40:00",25,"Meal ",32,4.7,12,"scooter ",2,"No ","Metropolitian ","Sunny","Jam ",1
"17/02/2022","22:20:00","22:30:00",21,"Snack ",33,4.8,18,"motorcycle ",0,"No ","Urban ","Sunny","Low ",1
"11/03/2022","11:45:00","11:55:00",28,"Drinks ",32,5,16,"scooter ",2,"No ","Metropolitian ","Fog","High ",1
"29/03/2022","17:20:00","17:25:00",24,"Meal ",25,4.6,23,"motorcycle ",0,"No ","Metropolitian ","Stormy","Medium ",1
"24/03/2022","19:45:00","20:00:00",32,"Snack ",24,4.4,1,"electric_scooter ",2,"No ","Urban ","Cloudy","Jam ",1
"20/03/2022","20:20:00","20:30:00",31,"Snack ",28,4.4,3,"electric_scooter ",2,"No ","Metropolitian ","Fog","Jam ",1
"9/03/2022","15:30:00","15:35:00",26,"Meal ",22,4.6,9,"scooter ",1,"No ","Metropolitian ","Windy","Medium ",0
"20/03/2022","19:40:00","19:45:00",33,"Meal ",27,4.2,5,"motorcycle ",1,"No ","Metropolitian ","Fog","Jam ",0
"11/03/2022","8:15:00","8:25:00",19,"Drinks ",32,4.6,23,"electric_scooter ",2,"No ","Urban ","Fog","Low ",1
"16/02/2022","17:15:00","17:25:00",30,"Snack ",37,4.7,22,"scooter ",2,"No ","Urban ","Stormy","Medium ",0
"5/04/2022","19:10:00","19:20:00",26,"Drinks ",31,4.7,16,"scooter ",2,"No ","Metropolitian ","Windy","Jam ",1
"10/03/2022","23:40:00","23:55:00",10,"Buffet ",27,4.5,15,"motorcycle ",2,"No ","Metropolitian ","Sandstorms","Low ",1
"30/03/2022","17:40:00","17:55:00",26,"Drinks ",39,4.5,22,"motorcycle ",0,"No ","Metropolitian ","Fog","Medium ",1
"3/03/2022","9:50:00","9:55:00",19,"Snack ",25,4.8,23,"scooter ",2,"No ","Metropolitian ","Sandstorms","Low ",1
"17/02/2022","23:35:00","23:50:00",19,"Buffet ",30,4.7,6,"scooter ",2,"No ","Metropolitian ","Sunny","Low ",1
"1/04/2022","11:45:00","11:55:00",25,"Buffet ",25,5,19,"motorcycle ",0,"No ","Metropolitian ","Fog","High ",1
"15/02/2022","11:25:00","11:40:00",20,"Buffet ",22,4.6,21,"motorcycle ",1,"No ","Urban ","Sandstorms","High ",0
"3/03/2022","15:00:00","15:05:00",32,"Meal ",30,4.2,1,"scooter ",1,"No ","Urban ","Sandstorms","High ",1
"3/04/2022","8:15:00","8:20:00",19,"Drinks ",20,4.9,18,"scooter ",1,"No ","Metropolitian ","Fog","Low ",1
"24/03/2022","22:45:00","22:50:00",27,"Meal ",26,4.3,12,"motorcycle ",0,"No ","Metropolitian ","Sandstorms","Low ",1
"3/03/2022","14:35:00","14:50:00",33,"Snack ",35,5,16,"scooter ",2,"No ","Metropolitian ","Sandstorms","High ",1
"16/03/2022","23:40:00","23:45:00",25,"Drinks ",31,4.8,22,"scooter ",2,"No ","Urban ","Cloudy","Low ",1
"6/03/2022","19:10:00","19:25:00",30,"Snack ",20,4.6,18,"motorcycle ",0,"No ","Metropolitian ","Windy","Jam ",1
"12/03/2022","22:35:00","22:45:00",34,"Buffet ",33,3,3,"motorcycle ",0,"No ","Urban ","Sunny","Low ",2
"13/02/2022","22:20:00","22:25:00",19,"Buffet ",27,4.8,6,"motorcycle ",0,"No ","Metropolitian ","Stormy","Low ",1
"26/03/2022","23:20:00","23:35:00",26,"Snack ",34,4.8,23,"scooter ",2,"No ","Metropolitian ","Windy","Low ",1
"3/04/2022","8:30:00","8:40:00",24,"Buffet ",32,4.2,17,"motorcycle ",0,"No ","Urban ","Sandstorms","Low ",0
"16/03/2022","23:35:00","23:40:00",38,"Buffet ",31,4.8,15,"motorcycle ",0,"No ","Metropolitian ","Cloudy","Low ",0
"18/02/2022","19:15:00","19:25:00",49,"Drinks ",25,4.8,6,"motorcycle ",0,"Yes ","Metropolitian ","Sandstorms","Jam ",1
"7/03/2022","18:45:00","18:50:00",32,"Snack ",31,4.1,9,"motorcycle ",0,"No ","Metropolitian ","Stormy","Medium ",1
"17/02/2022","17:30:00","17:35:00",17,"Drinks ",35,4.7,7,"motorcycle ",1,"No ","Metropolitian ","Sandstorms","Medium ",0
"30/03/2022","10:30:00","10:45:00",30,"Drinks ",39,4.2,1,"motorcycle ",0,"No ","Metropolitian ","Stormy","Low ",1
"8/03/2022","17:15:00","17:25:00",42,"Drinks ",27,4.8,21,"motorcycle ",0,"No ","Metropolitian ","Fog","Medium ",1
"20/03/2022","18:30:00","18:45:00",37,"Drinks ",24,4.9,8,"motorcycle ",0,"No ","Metropolitian ","Windy","Medium ",1
"25/03/2022","19:35:00","19:50:00",21,"Snack ",22,4.5,13,"scooter ",2,"No ","Metropolitian ","Sandstorms","Jam ",1
"1/04/2022","10:25:00","10:30:00",18,"Drinks ",28,4.7,9,"scooter ",1,"No ","Metropolitian ","Cloudy","Low ",1
"1/04/2022","17:25:00","17:35:00",25,"Meal ",34,4.6,22,"motorcycle ",1,"No ","Urban ","Stormy","Medium ",0
"2/03/2022","21:40:00","21:55:00",37,"Meal ",37,3.9,7,"scooter ",2,"No ","Metropolitian ","Windy","Jam ",1
"26/03/2022","22:50:00","22:55:00",18,"Meal ",23,4.1,17,"motorcycle ",0,"No ","Metropolitian ","Windy","Low ",0
"17/02/2022","9:55:00","10:10:00",27,"Snack ",32,4.4,8,"motorcycle ",0,"No ","Metropolitian ","Sandstorms","Low ",0
"1/04/2022","8:40:00","8:50:00",13,"Buffet ",28,4.5,22,"electric_scooter ",2,"No ","Urban ","Windy","Low ",0
"15/03/2022","8:40:00","8:55:00",10,"Drinks ",21,4.7,21,"scooter ",1,"No ","Urban ","Windy","Low ",0
"20/03/2022","20:15:00","20:20:00",37,"Snack ",26,4.6,9,"motorcycle ",0,"No ","Metropolitian ","Cloudy","Jam ",1
"17/03/2022","18:40:00","18:55:00",23,"Drinks ",20,5,12,"motorcycle ",0,"No ","Metropolitian ","Sunny","Medium ",1
"17/03/2022","9:30:00","9:40:00",18,"Drinks ",28,4.5,14,"motorcycle ",0,"No ","Metropolitian ","Sandstorms","Low ",1
"13/03/2022","23:00:00","23:10:00",15,"Buffet ",35,4.9,13,"scooter ",1,"No ","Metropolitian ","Cloudy","Low ",1
"11/03/2022","9:55:00","10:00:00",18,"Buffet ",31,4.7,19,"motorcycle ",1,"No ","Metropolitian ","Cloudy","Low ",1
"6/03/2022","18:50:00","19:05:00",36,"Snack ",30,4.5,3,"motorcycle ",0,"No ","Urban ","Stormy","Medium ",1
"15/03/2022","18:20:00","18:35:00",22,"Buffet ",33,4.8,14,"motorcycle ",0,"No ","Metropolitian ","Sunny","Medium ",1
"19/03/2022","9:30:00","9:45:00",26,"Meal ",33,4.7,8,"electric_scooter ",2,"No ","Metropolitian ","Stormy","Low ",1
"9/03/2022","17:45:00","17:55:00",13,"Meal ",28,4.9,13,"motorcycle ",0,"No ","Metropolitian ","Windy","Medium ",1
"6/03/2022","22:30:00","22:40:00",16,"Meal ",20,4.8,22,"motorcycle ",0,"No ","Metropolitian ","Windy","Low ",1
"15/03/2022","10:00:00","10:10:00",22,"Buffet ",20,4,8,"motorcycle ",0,"No ","Metropolitian ","Stormy","Low ",1
"21/03/2022","17:45:00","17:55:00",29,"Snack ",33,5,7,"motorcycle ",1,"No ","Metropolitian ","Windy","Medium ",1
"26/03/2022","8:20:00","8:30:00",17,"Snack ",38,4.8,14,"electric_scooter ",2,"No ","Metropolitian ","Sunny","Low ",1
"11/02/2022","17:55:00","18:05:00",23,"Snack ",22,4.9,15,"scooter ",1,"No ","Urban ","Sandstorms","Medium ",1
"30/03/2022","21:40:00","21:55:00",44,"Buffet ",39,4,11,"motorcycle ",0,"No ","Metropolitian ","Windy","Jam ",1
"31/03/2022","23:20:00","23:35:00",31,"Meal ",35,3.4,5,"motorcycle ",0,"No ","Metropolitian ","Sunny","Low ",1
"11/02/2022","10:55:00","11:05:00",29,"Snack ",32,4.8,6,"scooter ",2,"No ","Metropolitian ","Windy","Low ",1
"18/03/2022","19:10:00","19:20:00",15,"Drinks ",22,4.6,18,"electric_scooter ",2,"No ","Urban ","Stormy","Jam ",1
"12/02/2022","19:50:00","20:05:00",46,"Snack ",38,4.7,4,"scooter ",2,"No ","Metropolitian ","Stormy","Jam ",1
"13/03/2022","22:10:00","22:20:00",29,"Meal ",38,4.4,14,"motorcycle ",0,"No ","Metropolitian ","Windy","Low ",1
"27/03/2022","17:55:00","18:05:00",37,"Buffet ",33,5,2,"motorcycle ",0,"No ","Metropolitian ","Windy","Medium ",1
"26/03/2022","19:50:00","20:05:00",30,"Snack ",28,4.5,7,"motorcycle ",2,"No ","Metropolitian ","Cloudy","Jam ",1
"11/03/2022","8:40:00","8:55:00",18,"Snack ",22,4.7,23,"scooter ",2,"No ","Metropolitian ","Fog","Low ",0
"28/03/2022","19:15:00","19:25:00",14,"Meal ",23,4.5,1,"motorcycle ",1,"No ","Urban ","Stormy","Jam ",1
"12/03/2022","19:10:00","19:15:00",24,"Buffet ",28,4.8,21,"electric_scooter ",2,"No ","Metropolitian ","Sandstorms","Jam ",1
"19/03/2022","10:25:00","10:40:00",29,"Drinks ",39,4.8,2,"motorcycle ",1,"No ","Metropolitian ","Stormy","Low ",0
"6/04/2022","19:25:00","19:35:00",39,"Meal ",30,5,21,"scooter ",1,"No ","Metropolitian ","Cloudy","Jam ",2
"1/04/2022","20:45:00","20:50:00",15,"Drinks ",30,4.9,23,"electric_scooter ",2,"No ","Metropolitian ","Sunny","Jam ",1
"11/03/2022","9:30:00","9:45:00",13,"Snack ",21,4.8,16,"scooter ",1,"No ","Urban ","Fog","Low ",0
"8/03/2022","23:20:00","23:30:00",21,"Buffet ",27,4.9,12,"motorcycle ",0,"No ","Metropolitian ","Sandstorms","Low ",0
"20/03/2022","19:15:00","19:20:00",20,"Snack ",21,4.5,22,"electric_scooter ",2,"No ","Metropolitian ","Sandstorms","Jam ",0
"28/03/2022","17:20:00","17:30:00",21,"Buffet ",28,4.6,14,"electric_scooter ",2,"No ","Metropolitian ","Sandstorms","Medium ",1
"1/04/2022","10:30:00","10:40:00",21,"Meal ",35,4.8,22,"motorcycle ",0,"No ","Metropolitian ","Cloudy","Low ",1
"4/03/2022","23:25:00","23:40:00",16,"Buffet ",31,4.8,15,"scooter ",2,"No ","Urban ","Stormy","Low ",0
"19/03/2022","20:35:00","20:50:00",23,"Snack ",29,4.5,7,"electric_scooter ",2,"No ","Metropolitian ","Cloudy","Jam ",1
"13/03/2022","8:35:00","8:40:00",10,"Drinks ",26,4.6,9,"scooter ",1,"No ","Metropolitian ","Cloudy","Low ",1
"23/03/2022","21:45:00","21:55:00",46,"Meal ",38,4,8,"scooter ",1,"No ","Metropolitian ","Fog","Jam ",2
"4/03/2022","17:20:00","17:25:00",38,"Meal ",39,4.1,13,"scooter ",2,"No ","Metropolitian ","Fog","Medium ",2
"13/03/2022","18:45:00","18:50:00",33,"Buffet ",34,4,11,"motorcycle ",0,"No ","Metropolitian ","Fog","Medium ",1
"19/03/2022","10:15:00","10:30:00",11,"Snack ",34,4.8,12,"scooter ",2,"No ","Metropolitian ","Sunny","Low ",0
"7/03/2022","8:20:00","8:30:00",15,"Meal ",25,4.8,19,"scooter ",2,"No ","Metropolitian ","Windy","Low ",0
"31/03/2022","0:00:00","0:05:00",24,"Drinks ",33,4.6,14,"motorcycle ",1,"No ","Metropolitian ","Sunny","Low ",1
"8/03/2022","19:00:00","19:05:00",35,"Drinks ",21,4.8,19,"motorcycle ",2,"No ","Metropolitian ","Sunny","Medium ",2
"3/03/2022","15:55:00","16:10:00",33,"Meal ",33,4.8,18,"motorcycle ",2,"No ","Metropolitian ","Stormy","Medium ",1
"15/03/2022","23:30:00","23:35:00",29,"Snack ",36,4.7,14,"scooter ",1,"No ","Metropolitian ","Sandstorms","Low ",1
"6/04/2022","22:30:00","22:35:00",25,"Drinks ",30,4.6,17,"motorcycle ",2,"No ","Urban ","Sunny","Low ",1
"26/03/2022","22:20:00","22:35:00",16,"Snack ",33,4.9,18,"motorcycle ",2,"No ","Urban ","Fog","Low ",1
"3/03/2022","15:50:00","16:05:00",18,"Buffet ",37,4.7,14,"electric_scooter ",2,"No ","Metropolitian ","Fog","Medium ",1
"17/02/2022","14:15:00","14:20:00",28,"Buffet ",25,4.8,19,"motorcycle ",0,"No ","Urban ","Stormy","High ",0
"13/02/2022","17:25:00","17:30:00",32,"Drinks ",36,4.8,2,"scooter ",1,"No ","Metropolitian ","Windy","Medium ",1
"23/03/2022","18:20:00","18:30:00",30,"Snack ",31,4.7,1,"motorcycle ",2,"No ","Metropolitian ","Cloudy","Medium ",1
"26/03/2022","17:30:00","17:45:00",32,"Drinks ",36,4.6,2,"motorcycle ",1,"No ","Metropolitian ","Stormy","Medium ",1
"5/04/2022","16:35:00","16:45:00",25,"Snack ",30,4.9,21,"motorcycle ",0,"No ","Metropolitian ","Stormy","Medium ",1
"5/04/2022","21:10:00","21:25:00",22,"Snack ",27,4.8,15,"motorcycle ",0,"No ","Metropolitian ","Sandstorms","Jam ",0
"21/03/2022","8:30:00","8:40:00",20,"Drinks ",26,4.5,19,"motorcycle ",0,"No ","Metropolitian ","Stormy","Low ",1
"9/03/2022","11:40:00","11:50:00",26,"Snack ",20,4.6,16,"motorcycle ",0,"No ","Urban ","Windy","High ",1
"11/02/2022","11:30:00","11:45:00",18,"Drinks ",24,4.9,5,"motorcycle ",0,"No ","Metropolitian ","Stormy","High ",1
"30/03/2022","18:15:00","18:20:00",19,"Meal ",33,4.6,22,"scooter ",2,"No ","Metropolitian ","Sunny","Medium ",1
"6/03/2022","18:40:00","18:45:00",27,"Buffet ",37,4.8,16,"motorcycle ",2,"No ","Metropolitian ","Windy","Medium ",1
"11/03/2022","22:10:00","22:15:00",32,"Buffet ",31,4.1,1,"motorcycle ",0,"No ","Metropolitian ","Stormy","Low ",0
"15/02/2022","15:15:00","15:25:00",29,"Snack ",39,4.8,7,"motorcycle ",2,"No ","Metropolitian ","Stormy","Medium ",1
"4/04/2022","22:45:00","22:55:00",30,"Snack ",25,4.8,22,"motorcycle ",1,"No ","Urban ","Sunny","Low ",1
"1/03/2022","23:55:00","0:10:00",18,"Meal ",28,4.9,15,"motorcycle ",2,"No ","Metropolitian ","Sandstorms","Low ",1
"1/03/2022","14:55:00","15:00:00",13,"Drinks ",27,5,21,"motorcycle ",1,"No ","Urban ","Stormy","High ",1
"10/03/2022","20:10:00","20:25:00",37,"Meal ",29,4.9,19,"scooter ",2,"No ","Urban ","Cloudy","Jam ",2
"19/03/2022","10:00:00","10:15:00",15,"Meal ",39,4.7,18,"scooter ",2,"No ","Urban ","Fog","Low ",1
"25/03/2022","23:35:00","23:45:00",24,"Buffet ",27,4.7,23,"scooter ",1,"No ","Metropolitian ","Fog","Low ",0
"11/03/2022","18:25:00","18:30:00",26,"Meal ",39,5,14,"electric_scooter ",2,"No ","Metropolitian ","Windy","Medium ",0
"4/04/2022","20:20:00","20:25:00",10,"Drinks ",29,4.7,22,"motorcycle ",1,"No ","Urban ","Sunny","Jam ",1
"4/04/2022","23:55:00","0:00:00",22,"Buffet ",35,4.5,21,"motorcycle ",0,"No ","Metropolitian ","Sunny","Low ",1
"1/04/2022","17:50:00","18:00:00",29,"Drinks ",26,5,8,"scooter ",1,"No ","Metropolitian ","Stormy","Medium ",1
"7/03/2022","9:35:00","9:45:00",23,"Meal ",34,4.9,17,"motorcycle ",2,"No ","Metropolitian ","Stormy","Low ",1
"6/04/2022","21:00:00","21:10:00",41,"Meal ",21,4.5,3,"motorcycle ",0,"No ","Metropolitian ","Cloudy","Jam ",1
"2/03/2022","22:10:00","22:25:00",29,"Meal ",23,4.8,17,"motorcycle ",0,"No ","Metropolitian ","Sunny","Low ",1
"15/03/2022","17:20:00","17:30:00",24,"Snack ",25,4.8,17,"scooter ",2,"No ","Urban ","Sandstorms","Medium ",1
"4/03/2022","23:15:00","23:30:00",44,"Snack ",37,4.6,23,"motorcycle ",0,"No ","Metropolitian ","Stormy","Low ",1
"16/03/2022","22:30:00","22:35:00",20,"Buffet ",27,4.9,12,"motorcycle ",0,"No ","Metropolitian ","Stormy","Low ",1
"13/02/2022","19:30:00","19:45:00",29,"Meal ",21,5,3,"scooter ",1,"No ","Metropolitian ","Stormy","Jam ",1
"4/03/2022","23:15:00","23:30:00",20,"Buffet ",21,4.6,17,"motorcycle ",0,"No ","Metropolitian ","Fog","Low ",1
"11/02/2022","18:15:00","18:20:00",21,"Snack ",27,4.7,17,"motorcycle ",1,"No ","Urban ","Sandstorms","Medium ",1
"13/02/2022","11:40:00","11:45:00",26,"Drinks ",26,4.7,9,"motorcycle ",1,"No ","Metropolitian ","Windy","High ",1
"1/04/2022","13:00:00","13:05:00",25,"Snack ",30,4.8,21,"scooter ",2,"No ","Metropolitian ","Fog","High ",1
"10/03/2022","19:15:00","19:30:00",31,"Meal ",20,4,13,"motorcycle ",1,"No ","Metropolitian ","Fog","Jam ",0
"14/02/2022","17:10:00","17:25:00",38,"Meal ",37,4.2,5,"electric_scooter ",2,"No ","Metropolitian ","Windy","Medium ",1
"23/03/2022","17:55:00","18:05:00",37,"Drinks ",32,4.1,3,"motorcycle ",0,"No ","Metropolitian ","Sunny","Medium ",1
"30/03/2022","10:30:00","10:40:00",22,"Snack ",22,4.2,13,"motorcycle ",0,"No ","Metropolitian ","Windy","Low ",1
"11/02/2022","10:30:00","10:35:00",27,"Buffet ",33,4.8,3,"motorcycle ",1,"No ","Metropolitian ","Stormy","Low ",1
"6/03/2022","19:10:00","19:15:00",38,"Snack ",26,4.6,18,"motorcycle ",0,"No ","Metropolitian ","Sunny","Jam ",1
"4/04/2022","20:00:00","20:10:00",29,"Meal ",24,4.7,16,"electric_scooter ",2,"No ","Metropolitian ","Windy","Jam ",1
"21/03/2022","8:40:00","8:45:00",12,"Drinks ",31,4.9,9,"motorcycle ",1,"No ","Metropolitian ","Sunny","Low ",0
"21/03/2022","20:50:00","20:55:00",37,"Buffet ",33,5,5,"scooter ",2,"No ","Metropolitian ","Fog","Jam ",2
"7/03/2022","11:55:00","12:05:00",16,"Buffet ",22,5,16,"scooter ",2,"No ","Metropolitian ","Sandstorms","High ",1
"10/03/2022","21:15:00","21:20:00",36,"Meal ",34,4.2,4,"scooter ",1,"No ","Metropolitian ","Fog","Jam ",0
"16/03/2022","20:45:00","20:50:00",25,"Buffet ",24,4.7,13,"motorcycle ",0,"No ","Metropolitian ","Windy","Jam ",1
"17/02/2022","20:50:00","21:00:00",29,"Meal ",39,4.6,5,"scooter ",1,"No ","Metropolitian ","Fog","Jam ",1
"13/02/2022","21:40:00","21:55:00",25,"Snack ",37,4.7,7,"motorcycle ",0,"No ","Metropolitian ","Stormy","Jam ",1
"24/03/2022","20:20:00","20:35:00",25,"Meal ",31,4.7,16,"motorcycle ",2,"No ","Metropolitian ","Sandstorms","Jam ",1
"9/03/2022","20:45:00","21:00:00",36,"Meal ",34,4,13,"motorcycle ",2,"No ","Metropolitian ","Fog","Jam ",1
"18/02/2022","19:15:00","19:25:00",37,"Snack ",26,4.6,5,"scooter ",2,"No ","Metropolitian ","Fog","Jam ",1
"15/03/2022","8:55:00","9:10:00",17,"Buffet ",39,4.6,21,"scooter ",2,"No ","Urban ","Cloudy","Low ",0
"10/03/2022","19:20:00","19:25:00",40,"Snack ",34,4.2,2,"motorcycle ",1,"No ","Urban ","Stormy","Jam ",0
"2/04/2022","18:00:00","18:15:00",36,"Meal ",21,4.9,13,"motorcycle ",1,"No ","Metropolitian ","Cloudy","Medium ",1
"2/03/2022","19:10:00","19:25:00",21,"Buffet ",28,4.7,17,"scooter ",1,"No ","Urban ","Stormy","Jam ",1
"27/03/2022","18:35:00","18:40:00",20,"Drinks ",23,4.8,18,"motorcycle ",1,"No ","Urban ","Sandstorms","Medium ",0
"9/03/2022","8:10:00","8:25:00",23,"Meal ",32,4.9,23,"scooter ",1,"No ","Metropolitian ","Stormy","Low ",1
"12/02/2022","22:30:00","22:35:00",15,"Snack ",20,5,4,"scooter ",2,"No ","Metropolitian ","Sandstorms","Low ",0
"1/04/2022","21:20:00","21:35:00",25,"Buffet ",22,4.7,23,"scooter ",2,"No ","Metropolitian ","Windy","Jam ",1
"11/02/2022","19:25:00","19:35:00",23,"Buffet ",27,4.7,9,"scooter ",1,"No ","Metropolitian ","Stormy","Jam ",1
"11/02/2022","11:40:00","11:55:00",24,"Buffet ",33,4.8,4,"motorcycle ",0,"No ","Metropolitian ","Sunny","High ",1
"29/03/2022","17:55:00","18:05:00",35,"Snack ",33,4.3,3,"scooter ",2,"No ","Metropolitian ","Fog","Medium ",1
"12/03/2022","18:20:00","18:30:00",31,"Snack ",29,4.3,1,"motorcycle ",0,"No ","Urban ","Stormy","Medium ",1
"6/03/2022","22:50:00","23:05:00",43,"Snack ",37,4,6,"motorcycle ",0,"Yes ","Metropolitian ","Fog","Low ",2
"7/03/2022","17:20:00","17:35:00",28,"Buffet ",21,4.8,17,"scooter ",2,"No ","Metropolitian ","Stormy","Medium ",0
"25/03/2022","18:15:00","18:25:00",20,"Meal ",31,4.9,12,"electric_scooter ",2,"No ","Metropolitian ","Windy","Medium ",1
"5/04/2022","19:35:00","19:50:00",24,"Drinks ",20,5,17,"motorcycle ",0,"No ","Urban ","Stormy","Jam ",1
"17/02/2022","11:35:00","11:40:00",26,"Meal ",34,4.6,8,"motorcycle ",0,"No ","Metropolitian ","Fog","High ",1
"16/03/2022","20:00:00","20:10:00",25,"Snack ",28,5,16,"scooter ",1,"No ","Metropolitian ","Stormy","Jam ",1
"13/03/2022","12:30:00","12:40:00",28,"Snack ",22,4.9,17,"motorcycle ",1,"No ","Metropolitian ","Fog","High ",0
"17/03/2022","18:40:00","18:55:00",23,"Drinks ",20,5,12,"motorcycle ",0,"No ","Metropolitian ","Sunny","Medium ",1
"25/03/2022","19:25:00","19:40:00",44,"Drinks ",33,4.9,8,"motorcycle ",0,"No ","Metropolitian ","Sunny","Jam ",0
"5/04/2022","19:50:00","19:55:00",33,"Meal ",33,4.7,15,"scooter ",1,"No ","Metropolitian ","Windy","Jam ",1
"16/02/2022","22:10:00","22:25:00",17,"Meal ",31,4.8,6,"scooter ",1,"No ","Metropolitian ","Sandstorms","Low ",1
"16/02/2022","21:10:00","21:20:00",36,"Drinks ",31,4.6,2,"motorcycle ",0,"No ","Metropolitian ","Sunny","Jam ",0
"6/03/2022","19:35:00","19:45:00",37,"Buffet ",31,4.7,16,"motorcycle ",2,"No ","Metropolitian ","Sunny","Jam ",0
"12/02/2022","17:25:00","17:40:00",34,"Buffet ",34,4.7,3,"scooter ",2,"No ","Metropolitian ","Fog","Medium ",1
"10/03/2022","17:55:00","18:05:00",44,"Buffet ",30,4.7,13,"motorcycle ",0,"No ","Metropolitian ","Windy","Medium ",0
"17/02/2022","19:25:00","19:30:00",27,"Buffet ",24,4.6,5,"motorcycle ",2,"No ","Metropolitian ","Fog","Jam ",1
"28/03/2022","12:00:00","12:05:00",29,"Snack ",23,4.9,13,"scooter ",2,"No ","Metropolitian ","Fog","High ",1
"15/03/2022","12:35:00","12:40:00",31,"Buffet ",28,4.9,21,"scooter ",2,"No ","Metropolitian ","Cloudy","High ",1
"15/03/2022","20:00:00","20:15:00",25,"Snack ",36,4.6,22,"electric_scooter ",2,"No ","Urban ","Cloudy","Jam ",1
"21/03/2022","9:50:00","9:55:00",28,"Drinks ",29,4.1,9,"motorcycle ",0,"No ","Metropolitian ","Sandstorms","Low ",1
"13/02/2022","23:40:00","23:50:00",21,"Buffet ",31,4.4,9,"motorcycle ",0,"No ","Metropolitian ","Windy","Low ",1
"5/03/2022","19:45:00","20:00:00",33,"Buffet ",38,4.4,22,"motorcycle ",0,"No ","Metropolitian ","Stormy","Jam ",1
"18/03/2022","23:00:00","23:05:00",14,"Meal ",24,4.6,8,"motorcycle ",1,"No ","Metropolitian ","Windy","Low ",0
"11/03/2022","16:20:00","16:35:00",11,"Drinks ",26,4.6,21,"electric_scooter ",2,"No ","Metropolitian ","Sunny","Medium ",1
"28/03/2022","9:35:00","9:45:00",29,"Meal ",35,4.1,7,"motorcycle ",0,"No ","Metropolitian ","Sandstorms","Low ",1
"2/04/2022","21:50:00","21:55:00",27,"Snack ",35,5,9,"motorcycle ",1,"No ","Metropolitian ","Windy","Jam ",0
"24/03/2022","18:45:00","18:55:00",15,"Meal ",20,4.6,15,"electric_scooter ",2,"No ","Metropolitian ","Sunny","Medium ",0
"14/02/2022","19:30:00","19:45:00",30,"Drinks ",36,4.7,3,"motorcycle ",1,"No ","Metropolitian ","Sandstorms","Jam ",1
"16/02/2022","21:10:00","21:20:00",43,"Buffet ",26,4.7,6,"motorcycle ",1,"Yes ","Metropolitian ","Stormy","Jam ",1
"6/03/2022","20:40:00","20:45:00",29,"Snack ",31,4.8,21,"motorcycle ",1,"No ","Metropolitian ","Sunny","Jam ",0
"6/04/2022","17:10:00","17:25:00",29,"Drinks ",30,4.5,5,"scooter ",2,"No ","Metropolitian ","Stormy","Medium ",1
"10/03/2022","18:10:00","18:20:00",35,"Meal ",39,4,2,"motorcycle ",0,"No ","Metropolitian ","Sandstorms","Medium ",1
"12/03/2022","22:10:00","22:25:00",15,"Meal ",35,4.6,9,"electric_scooter ",2,"No ","Metropolitian ","Windy","Low ",0
"14/02/2022","21:55:00","22:00:00",43,"Meal ",35,4.3,6,"electric_scooter ",2,"No ","Metropolitian ","Windy","Jam ",1
"4/03/2022","20:55:00","21:10:00",17,"Snack ",29,4.7,13,"scooter ",1,"No ","Metropolitian ","Stormy","Jam ",1
"18/03/2022","19:45:00","19:50:00",49,"Meal ",22,4.6,18,"motorcycle ",0,"Yes ","Metropolitian ","Cloudy","Jam ",3
"23/03/2022","18:30:00","18:40:00",48,"Snack ",38,4.8,9,"motorcycle ",0,"No ","Metropolitian ","Cloudy","Medium ",1
"9/03/2022","21:55:00","22:10:00",27,"Buffet ",32,5,21,"scooter ",2,"No ","Urban ","Stormy","Jam ",1
"7/03/2022","17:20:00","17:30:00",10,"Meal ",25,4.8,18,"motorcycle ",1,"No ","Urban ","Stormy","Medium ",0
"3/03/2022","22:35:00","22:40:00",17,"Snack ",38,4.6,23,"electric_scooter ",2,"No ","Metropolitian ","Stormy","Low ",0
"25/03/2022","17:35:00","17:50:00",37,"Drinks ",39,3.7,4,"motorcycle ",1,"No ","Metropolitian ","Windy","Medium ",1
"14/03/2022","0:00:00","0:05:00",16,"Buffet ",23,4.6,23,"scooter ",2,"No ","Metropolitian ","Sandstorms","Low ",1
"26/03/2022","20:40:00","20:55:00",22,"Buffet ",35,4.6,21,"scooter ",1,"No ","Metropolitian ","Sunny","Jam ",1
"12/03/2022","19:20:00","19:35:00",32,"Meal ",23,4.8,23,"motorcycle ",2,"No ","Metropolitian ","Fog","Jam ",1
"19/03/2022","18:55:00","19:10:00",31,"Meal ",37,4.4,23,"motorcycle ",1,"No ","Metropolitian ","Sandstorms","Medium ",1
"2/03/2022","23:20:00","23:30:00",37,"Meal ",32,4.9,14,"motorcycle ",0,"No ","Metropolitian ","Stormy","Low ",2
"11/02/2022","17:55:00","18:00:00",25,"Snack ",34,4.6,3,"motorcycle ",0,"No ","Metropolitian ","Sandstorms","Medium ",0
"18/02/2022","21:35:00","21:45:00",46,"Meal ",38,4.6,7,"motorcycle ",0,"Yes ","Metropolitian ","Sandstorms","Jam ",1
"7/03/2022","22:45:00","23:00:00",18,"Snack ",37,4.9,23,"electric_scooter ",2,"No ","Metropolitian ","Fog","Low ",1
"2/03/2022","20:55:00","21:05:00",34,"Meal ",22,4.9,21,"motorcycle ",1,"No ","Metropolitian ","Fog","Jam ",1
"14/02/2022","18:50:00","18:55:00",18,"Snack ",22,4.6,4,"scooter ",1,"No ","Metropolitian ","Windy","Medium ",1
"14/03/2022","23:20:00","23:25:00",22,"Meal ",27,4.9,12,"motorcycle ",0,"No ","Metropolitian ","Stormy","Low ",1
"15/03/2022","20:00:00","20:15:00",19,"Drinks ",25,4.5,23,"motorcycle ",1,"No ","Metropolitian ","Sunny","Jam ",1
"4/04/2022","17:55:00","18:10:00",23,"Drinks ",34,4.5,19,"electric_scooter ",2,"No ","Metropolitian ","Stormy","Medium ",1
"27/03/2022","20:20:00","20:25:00",25,"Snack ",28,4.8,13,"scooter ",1,"No ","Metropolitian ","Windy","Jam ",0
"5/03/2022","18:35:00","18:40:00",13,"Buffet ",21,5,12,"scooter ",1,"No ","Metropolitian ","Fog","Medium ",0
"25/03/2022","22:30:00","22:40:00",15,"Buffet ",23,5,22,"motorcycle ",2,"No ","Metropolitian ","Stormy","Low ",1
"2/03/2022","23:00:00","23:10:00",23,"Snack ",34,4.6,15,"motorcycle ",0,"No ","Urban ","Sunny","Low ",0
"7/03/2022","22:45:00","22:50:00",32,"Meal ",34,4.1,8,"motorcycle ",0,"No ","Metropolitian ","Stormy","Low ",1
"6/04/2022","17:40:00","17:55:00",25,"Buffet ",29,4.6,19,"scooter ",1,"No ","Urban ","Fog","Medium ",1
"15/02/2022","22:45:00","22:55:00",19,"Drinks ",29,4.6,6,"motorcycle ",2,"No ","Metropolitian ","Sandstorms","Low ",1
"2/03/2022","19:00:00","19:15:00",23,"Meal ",38,4.6,15,"electric_scooter ",2,"No ","Metropolitian ","Stormy","Medium ",1
"5/03/2022","22:20:00","22:25:00",16,"Meal ",35,4.7,15,"motorcycle ",1,"No ","Metropolitian ","Stormy","Low ",1
"3/03/2022","10:00:00","10:05:00",18,"Drinks ",30,4.7,19,"scooter ",1,"No ","Urban ","Cloudy","Low ",0
"27/03/2022","21:15:00","21:25:00",39,"Snack ",21,4.4,13,"motorcycle ",1,"No ","Metropolitian ","Fog","Jam ",1
"16/03/2022","20:25:00","20:40:00",39,"Drinks ",38,5,22,"scooter ",1,"No ","Urban ","Fog","Jam ",1
"31/03/2022","23:40:00","23:45:00",30,"Meal ",35,4.8,1,"motorcycle ",0,"No ","Metropolitian ","Sunny","Low ",1
"17/02/2022","11:15:00","11:30:00",28,"Buffet ",24,5,6,"scooter ",2,"No ","Metropolitian ","Sandstorms","High ",1
"6/03/2022","18:00:00","18:15:00",23,"Drinks ",25,4.8,23,"scooter ",2,"No ","Metropolitian ","Stormy","Medium ",0
"23/03/2022","20:10:00","20:15:00",28,"Buffet ",28,4.8,16,"motorcycle ",1,"No ","Metropolitian ","Stormy","Jam ",1
"28/03/2022","9:40:00","9:50:00",30,"Meal ",31,4,13,"motorcycle ",0,"No ","Metropolitian ","Stormy","Low ",1
"21/03/2022","8:55:00","9:00:00",20,"Buffet ",34,4.9,14,"motorcycle ",1,"No ","Metropolitian ","Windy","Low ",1
"13/03/2022","11:30:00","11:45:00",26,"Buffet ",20,5,16,"scooter ",1,"No ","Metropolitian ","Fog","High ",1
"15/03/2022","11:45:00","12:00:00",24,"Drinks ",21,4.8,23,"electric_scooter ",2,"No ","Metropolitian ","Cloudy","High ",1
"6/03/2022","20:20:00","20:30:00",32,"Meal ",38,3.5,3,"scooter ",2,"No ","Metropolitian ","Windy","Jam ",2
"23/03/2022","22:20:00","22:30:00",15,"Buffet ",29,4.6,9,"scooter ",1,"No ","Metropolitian ","Stormy","Low ",0
"14/03/2022","17:15:00","17:20:00",44,"Snack ",24,5,23,"motorcycle ",0,"No ","Metropolitian ","Cloudy","Medium ",1
"12/03/2022","20:30:00","20:45:00",48,"Meal ",34,4.2,7,"motorcycle ",0,"No ","Metropolitian ","Sandstorms","Jam ",2
"17/02/2022","11:55:00","12:00:00",16,"Snack ",21,4.6,18,"scooter ",1,"No ","Urban ","Stormy","High ",1
"16/03/2022","22:40:00","22:45:00",25,"Buffet ",37,4.5,23,"motorcycle ",1,"No ","Metropolitian ","Windy","Low ",1
"7/03/2022","21:40:00","21:45:00",21,"Snack ",26,4.6,21,"motorcycle ",0,"No ","Metropolitian ","Windy","Jam ",1
"5/03/2022","14:35:00","14:50:00",35,"Drinks ",38,4.8,9,"motorcycle ",0,"No ","Metropolitian ","Sandstorms","High ",1
"16/02/2022","19:40:00","19:55:00",44,"Snack ",22,5,9,"scooter ",2,"No ","Metropolitian ","Stormy","Jam ",3
"11/02/2022","9:40:00","9:45:00",10,"Snack ",29,5,8,"motorcycle ",1,"No ","Metropolitian ","Stormy","Low ",0
"15/02/2022","10:45:00","11:00:00",19,"Buffet ",23,5,2,"scooter ",2,"No ","Metropolitian ","Stormy","Low ",1
"4/04/2022","17:50:00","17:55:00",41,"Buffet ",37,4.6,13,"scooter ",2,"No ","Metropolitian ","Fog","Medium ",1
"29/03/2022","20:55:00","21:05:00",13,"Drinks ",22,4.8,16,"electric_scooter ",2,"No ","Metropolitian ","Sunny","Jam ",0
"11/02/2022","19:40:00","19:45:00",42,"Buffet ",32,4.7,7,"motorcycle ",0,"No ","Metropolitian ","Windy","Jam ",2
"17/02/2022","22:50:00","23:05:00",27,"Drinks ",35,4.7,7,"motorcycle ",2,"No ","Metropolitian ","Stormy","Low ",1
"1/03/2022","18:35:00","18:40:00",16,"Buffet ",25,4.9,4,"scooter ",2,"No ","Metropolitian ","Fog","Medium ",1
"18/02/2022","19:00:00","19:10:00",31,"Drinks ",23,4.9,19,"motorcycle ",0,"No ","Urban ","Cloudy","Medium ",1
"2/04/2022","18:45:00","18:50:00",22,"Meal ",29,4.9,21,"scooter ",2,"No ","Metropolitian ","Windy","Medium ",1
"1/03/2022","8:20:00","8:35:00",17,"Meal ",26,4.5,16,"motorcycle ",1,"No ","Metropolitian ","Fog","Low ",1
"11/03/2022","23:25:00","23:30:00",16,"Drinks ",37,5,23,"motorcycle ",1,"No ","Metropolitian ","Fog","Low ",0
"2/04/2022","23:45:00","23:50:00",36,"Meal ",35,4.3,11,"motorcycle ",0,"No ","Metropolitian ","Cloudy","Low ",0
"28/03/2022","9:50:00","10:00:00",13,"Drinks ",28,5,15,"motorcycle ",1,"No ","Urban ","Cloudy","Low ",1
"18/03/2022","19:00:00","19:15:00",22,"Snack ",20,5,6,"motorcycle ",0,"No ","Metropolitian ","Sunny","Medium ",1
"1/04/2022","20:30:00","20:45:00",24,"Drinks ",20,4.8,21,"motorcycle ",2,"No ","Metropolitian ","Cloudy","Jam ",0
"3/04/2022","10:50:00","11:05:00",11,"Buffet ",27,4.5,23,"scooter ",1,"No ","Metropolitian ","Stormy","Low ",0
"18/02/2022","21:40:00","21:55:00",31,"Snack ",26,4.4,4,"electric_scooter ",2,"No ","Metropolitian ","Sandstorms","Jam ",1
"3/04/2022","22:15:00","22:20:00",23,"Snack ",22,4.3,17,"motorcycle ",0,"No ","Urban ","Stormy","Low ",1
"18/03/2022","20:10:00","20:20:00",29,"Buffet ",33,4.6,3,"scooter ",2,"No ","Metropolitian ","Sunny","Jam ",0
"25/03/2022","21:30:00","21:45:00",43,"Buffet ",32,4.4,5,"motorcycle ",1,"No ","Metropolitian ","Sandstorms","Jam ",2
"9/03/2022","23:00:00","23:10:00",18,"Drinks ",32,4.6,18,"electric_scooter ",2,"No ","Urban ","Sandstorms","Low ",1
"2/04/2022","20:45:00","21:00:00",35,"Drinks ",37,4.8,23,"scooter ",2,"No ","Urban ","Fog","Jam ",1
"19/03/2022","22:40:00","22:45:00",10,"Buffet ",20,4.6,3,"motorcycle ",0,"No ","Metropolitian ","Sunny","Low ",1
"5/04/2022","13:45:00","13:50:00",31,"Drinks ",36,4.2,3,"scooter ",2,"No ","Metropolitian ","Cloudy","High ",1
"17/03/2022","18:15:00","18:30:00",13,"Buffet ",27,4.7,15,"motorcycle ",1,"No ","Urban ","Fog","Medium ",0
"21/03/2022","10:50:00","11:05:00",27,"Drinks ",32,4.6,21,"motorcycle ",1,"No ","Metropolitian ","Stormy","Low ",1
"21/03/2022","8:50:00","9:00:00",21,"Meal ",36,4.7,21,"motorcycle ",1,"No ","Urban ","Stormy","Low ",1
"6/03/2022","17:10:00","17:25:00",37,"Meal ",37,4.2,2,"motorcycle ",0,"No ","Metropolitian ","Stormy","Medium ",2
"24/03/2022","22:20:00","22:35:00",24,"Drinks ",29,5,18,"electric_scooter ",2,"No ","Urban ","Sunny","Low ",0
"1/03/2022","10:00:00","10:05:00",28,"Snack ",32,4.6,13,"motorcycle ",1,"No ","Metropolitian ","Sandstorms","Low ",1
"5/04/2022","16:10:00","16:25:00",32,"Snack ",32,4.6,16,"motorcycle ",0,"No ","Metropolitian ","Stormy","Medium ",1
"15/03/2022","8:50:00","9:05:00",18,"Buffet ",23,4.9,16,"scooter ",2,"No ","Metropolitian ","Stormy","Low ",0
"31/03/2022","18:40:00","18:45:00",25,"Drinks ",23,4.8,12,"scooter ",1,"No ","Metropolitian ","Stormy","Medium ",1
"3/03/2022","12:10:00","12:25:00",39,"Buffet ",30,4,7,"electric_scooter ",2,"No ","Metropolitian ","Stormy","High ",0
"1/04/2022","15:15:00","15:20:00",26,"Drinks ",25,4.8,22,"scooter ",1,"No ","Metropolitian ","Stormy","Medium ",1
"11/02/2022","8:10:00","8:20:00",27,"Drinks ",22,4.3,6,"motorcycle ",0,"No ","Urban ","Windy","Low ",0
"12/02/2022","17:30:00","17:40:00",30,"Buffet ",33,4.6,4,"electric_scooter ",2,"No ","Metropolitian ","Windy","Medium ",1
"27/03/2022","17:25:00","17:40:00",32,"Snack ",31,3.8,9,"motorcycle ",1,"No ","Metropolitian ","Stormy","Medium ",1
"5/04/2022","11:55:00","12:05:00",49,"Meal ",23,4.4,6,"motorcycle ",0,"No ","Metropolitian ","Sunny","High ",1
"30/03/2022","23:35:00","23:40:00",28,"Meal ",39,4.6,21,"motorcycle ",0,"No ","Metropolitian ","Fog","Low ",1
"31/03/2022","22:55:00","23:00:00",26,"Drinks ",28,4.8,19,"scooter ",2,"No ","Metropolitian ","Cloudy","Low ",0
"28/03/2022","13:45:00","13:50:00",22,"Drinks ",27,4.7,19,"motorcycle ",2,"No ","Metropolitian ","Stormy","High ",0
"16/03/2022","21:35:00","21:45:00",36,"Buffet ",25,4.8,21,"motorcycle ",0,"No ","Urban ","Windy","Jam ",1
"7/03/2022","19:40:00","19:50:00",20,"Drinks ",23,5,23,"motorcycle ",0,"No ","Metropolitian ","Sandstorms","Jam ",1
"4/04/2022","18:45:00","18:55:00",48,"Buffet ",35,4.6,8,"motorcycle ",0,"No ","Metropolitian ","Cloudy","Medium ",3
"24/03/2022","15:55:00","16:10:00",22,"Buffet ",26,4.9,21,"motorcycle ",0,"No ","Metropolitian ","Fog","Medium ",1
"29/03/2022","22:50:00","22:55:00",17,"Snack ",34,4.8,9,"scooter ",2,"No ","Metropolitian ","Sunny","Low ",1
"9/03/2022","9:35:00","9:50:00",32,"Drinks ",36,4.3,21,"motorcycle ",0,"No ","Metropolitian ","Stormy","Low ",0
"30/03/2022","10:40:00","10:50:00",21,"Snack ",38,4.3,22,"motorcycle ",0,"No ","Urban ","Sandstorms","Low ",0
"16/02/2022","22:15:00","22:30:00",19,"Buffet ",24,4.7,5,"motorcycle ",0,"No ","Metropolitian ","Windy","Low ",1
"14/02/2022","18:45:00","19:00:00",39,"Buffet ",39,4.6,5,"motorcycle ",1,"No ","Metropolitian ","Stormy","Medium ",2
"12/03/2022","21:35:00","21:50:00",17,"Drinks ",29,4.8,13,"scooter ",2,"No ","Metropolitian ","Sunny","Jam ",1
"9/03/2022","10:40:00","10:55:00",17,"Snack ",24,4.8,23,"scooter ",2,"No ","Urban ","Stormy","Low ",1
"18/03/2022","22:55:00","23:10:00",22,"Buffet ",27,4.6,3,"motorcycle ",0,"No ","Metropolitian ","Cloudy","Low ",1
"24/03/2022","14:30:00","14:40:00",29,"Snack ",23,4.9,11,"motorcycle ",0,"No ","Metropolitian ","Sandstorms","High ",1
"16/03/2022","18:10:00","18:15:00",39,"Snack ",31,4.2,8,"scooter ",2,"No ","Metropolitian ","Fog","Medium ",0
"3/03/2022","11:50:00","12:05:00",29,"Drinks ",29,4.5,14,"motorcycle ",1,"No ","Metropolitian ","Stormy","High ",1
"17/02/2022","17:15:00","17:25:00",31,"Meal ",34,4.8,6,"motorcycle ",0,"No ","Metropolitian ","Sandstorms","Medium ",1
"26/03/2022","11:35:00","11:40:00",30,"Meal ",36,4.8,2,"scooter ",2,"No ","Metropolitian ","Fog","High ",1
"30/03/2022","13:40:00","13:45:00",12,"Drinks ",22,4.7,13,"scooter ",1,"No ","Metropolitian ","Sunny","High ",0
"17/02/2022","11:15:00","11:30:00",28,"Buffet ",24,5,6,"scooter ",2,"No ","Metropolitian ","Sandstorms","High ",1
"11/03/2022","20:25:00","20:35:00",11,"Drinks ",22,4.9,23,"scooter ",2,"No ","Metropolitian ","Windy","Jam ",0
"6/03/2022","19:45:00","19:55:00",37,"Buffet ",20,4.3,19,"scooter ",1,"No ","Metropolitian ","Sunny","Jam ",1
"5/03/2022","10:55:00","11:00:00",26,"Drinks ",39,4.6,23,"motorcycle ",0,"No ","Metropolitian ","Sunny","Low ",1
"26/03/2022","20:15:00","20:30:00",17,"Drinks ",24,4.7,21,"motorcycle ",0,"No ","Urban ","Sandstorms","Jam ",0
"27/03/2022","21:45:00","21:50:00",16,"Drinks ",38,4.8,19,"motorcycle ",2,"No ","Metropolitian ","Sunny","Jam ",0
"1/03/2022","17:35:00","17:50:00",28,"Buffet ",35,4.6,23,"scooter ",1,"No ","Metropolitian ","Windy","Medium ",1
"2/04/2022","22:30:00","22:40:00",39,"Snack ",30,4.4,5,"motorcycle ",0,"No ","Metropolitian ","Fog","Low ",0
"16/03/2022","0:00:00","0:15:00",27,"Buffet ",31,4.9,9,"motorcycle ",1,"No ","Metropolitian ","Fog","Low ",0
"16/03/2022","21:00:00","21:10:00",42,"Buffet ",28,5,17,"motorcycle ",0,"No ","Metropolitian ","Cloudy","Jam ",2
"14/03/2022","23:20:00","23:35:00",22,"Meal ",25,4.6,22,"motorcycle ",0,"No ","Metropolitian ","Sunny","Low ",1
"16/02/2022","18:10:00","18:20:00",15,"Meal ",23,4.7,19,"motorcycle ",2,"No ","Urban ","Sunny","Medium ",0
"3/03/2022","8:30:00","8:40:00",25,"Buffet ",28,4.3,5,"motorcycle ",0,"No ","Urban ","Sandstorms","Low ",1
"27/03/2022","19:35:00","19:40:00",28,"Drinks ",39,4.5,16,"motorcycle ",2,"No ","Metropolitian ","Sandstorms","Jam ",1
"9/03/2022","16:50:00","17:00:00",32,"Snack ",38,4.3,13,"motorcycle ",0,"No ","Metropolitian ","Sandstorms","Medium ",1
"3/04/2022","21:40:00","21:55:00",10,"Snack ",29,4.7,17,"motorcycle ",1,"No ","Urban ","Windy","Jam ",0
"5/03/2022","19:15:00","19:20:00",34,"Buffet ",29,4.8,9,"motorcycle ",1,"No ","Metropolitian ","Sunny","Jam ",1
"10/03/2022","18:30:00","18:35:00",30,"Buffet ",33,5,17,"scooter ",1,"No ","Metropolitian ","Fog","Medium ",0
"4/04/2022","22:20:00","22:25:00",26,"Meal ",37,4.9,23,"motorcycle ",1,"No ","Metropolitian ","Stormy","Low ",1
"16/02/2022","17:20:00","17:25:00",36,"Meal ",36,4.6,23,"motorcycle ",0,"No ","Urban ","Cloudy","Medium ",0
"5/03/2022","8:15:00","8:25:00",23,"Snack ",30,4.8,14,"motorcycle ",1,"No ","Metropolitian ","Stormy","Low ",0
"19/03/2022","11:40:00","11:50:00",33,"Snack ",35,4.2,16,"electric_scooter ",2,"No ","Metropolitian ","Sandstorms","High ",1
"16/03/2022","19:10:00","19:15:00",27,"Buffet ",37,4.9,18,"motorcycle ",1,"No ","Urban ","Sandstorms","Jam ",1
"13/03/2022","12:20:00","12:25:00",15,"Snack ",23,4.5,21,"motorcycle ",0,"No ","Metropolitian ","Stormy","High ",1
"4/03/2022","22:20:00","22:35:00",25,"Meal ",32,5,17,"motorcycle ",1,"No ","Metropolitian ","Sandstorms","Low ",1
"17/03/2022","15:00:00","15:05:00",34,"Drinks ",36,5,19,"scooter ",1,"No ","Urban ","Stormy","High ",1
"18/02/2022","19:50:00","19:55:00",38,"Drinks ",30,4.4,4,"motorcycle ",0,"No ","Metropolitian ","Fog","Jam ",1
"13/02/2022","10:25:00","10:30:00",23,"Drinks ",38,4.4,6,"motorcycle ",0,"No ","Metropolitian ","Windy","Low ",1
"8/03/2022","17:15:00","17:20:00",38,"Buffet ",31,4.6,19,"motorcycle ",0,"No ","Metropolitian ","Sunny","Medium ",0
"26/03/2022","9:45:00","9:50:00",20,"Meal ",36,4.8,17,"motorcycle ",2,"No ","Metropolitian ","Stormy","Low ",0
"17/03/2022","17:55:00","18:05:00",30,"Buffet ",36,4.8,12,"motorcycle ",0,"No ","Metropolitian ","Cloudy","Medium ",1
"23/03/2022","17:30:00","17:40:00",29,"Snack ",39,4.9,3,"motorcycle ",2,"No ","Metropolitian ","Sandstorms","Medium ",1
"11/03/2022","17:10:00","17:15:00",24,"Snack ",29,4.7,18,"scooter ",1,"No ","Metropolitian ","Windy","Medium ",1
"9/03/2022","9:40:00","9:55:00",14,"Snack ",25,4.6,18,"motorcycle ",2,"No ","Metropolitian ","Sandstorms","Low ",0
"17/03/2022","9:55:00","10:05:00",26,"Snack ",30,4.4,23,"motorcycle ",0,"No ","Metropolitian ","Windy","Low ",1
"29/03/2022","21:40:00","21:45:00",37,"Snack ",34,4.4,9,"scooter ",1,"No ","Metropolitian ","Fog","Jam ",1
"25/03/2022","19:10:00","19:20:00",30,"Meal ",38,5,15,"motorcycle ",2,"No ","Urban ","Stormy","Jam ",1
"18/02/2022","23:10:00","23:15:00",19,"Snack ",22,4.6,2,"motorcycle ",2,"No ","Metropolitian ","Sandstorms","Low ",1
"12/03/2022","23:25:00","23:30:00",20,"Drinks ",29,4.9,15,"motorcycle ",0,"No ","Metropolitian ","Sandstorms","Low ",0
"2/04/2022","21:40:00","21:45:00",12,"Snack ",26,4.7,17,"scooter ",2,"No ","Urban ","Sunny","Jam ",0
"17/02/2022","22:15:00","22:25:00",18,"Buffet ",36,4.6,3,"motorcycle ",1,"No ","Metropolitian ","Stormy","Low ",1
"16/03/2022","18:30:00","18:45:00",18,"Drinks ",29,4.6,19,"motorcycle ",2,"No ","Urban ","Windy","Medium ",1
"2/03/2022","22:50:00","22:55:00",26,"Drinks ",31,4.7,9,"motorcycle ",0,"No ","Metropolitian ","Stormy","Low ",1
"4/03/2022","20:35:00","20:40:00",53,"Snack ",31,4.5,1,"motorcycle ",0,"No ","Semi-Urban ","Fog","Jam ",3
"11/02/2022","16:15:00","16:30:00",33,"Drinks ",35,4.3,5,"motorcycle ",0,"No ","Metropolitian ","Sandstorms","Medium ",1
"5/04/2022","22:00:00","22:05:00",24,"Drinks ",27,4.6,23,"electric_scooter ",2,"No ","Metropolitian ","Stormy","Jam ",0
"12/02/2022","21:25:00","21:35:00",39,"Drinks ",38,4.3,5,"electric_scooter ",2,"No ","Metropolitian ","Sandstorms","Jam ",2
"18/02/2022","18:40:00","18:45:00",33,"Meal ",33,4.4,2,"motorcycle ",0,"No ","Metropolitian ","Fog","Medium ",1
"15/02/2022","17:40:00","17:55:00",22,"Buffet ",39,4.6,7,"motorcycle ",1,"No ","Metropolitian ","Sunny","Medium ",1
"25/03/2022","22:10:00","22:15:00",20,"Drinks ",28,5,22,"motorcycle ",0,"No ","Metropolitian ","Sandstorms","Low ",1
"21/03/2022","9:40:00","9:45:00",23,"Snack ",36,4.5,5,"electric_scooter ",2,"No ","Urban ","Windy","Low ",0
"14/02/2022","21:55:00","22:05:00",34,"Snack ",20,4.4,3,"electric_scooter ",2,"No ","Metropolitian ","Fog","Jam ",1
"20/03/2022","17:30:00","17:35:00",19,"Drinks ",20,4.5,15,"motorcycle ",1,"No ","Metropolitian ","Windy","Medium ",1
"11/02/2022","12:00:00","12:10:00",20,"Snack ",30,4.8,23,"scooter ",1,"No ","Urban ","Sunny","High ",1
"18/02/2022","20:45:00","21:00:00",25,"Snack ",21,5,3,"scooter ",1,"No ","Metropolitian ","Sandstorms","Jam ",1
"1/04/2022","9:20:00","9:25:00",12,"Snack ",20,5,23,"scooter ",2,"No ","Urban ","Sandstorms","Low ",1
"7/03/2022","21:55:00","22:00:00",32,"Drinks ",26,4.9,21,"motorcycle ",2,"No ","Metropolitian ","Fog","Jam ",1
"24/03/2022","11:00:00","11:10:00",25,"Buffet ",39,4.1,9,"motorcycle ",0,"No ","Metropolitian ","Stormy","Low ",1
"21/03/2022","19:30:00","19:40:00",22,"Drinks ",20,4.7,15,"motorcycle ",2,"No ","Metropolitian ","Windy","Jam ",0
"19/03/2022","18:40:00","18:45:00",27,"Meal ",36,4.6,13,"scooter ",1,"No ","Metropolitian ","Stormy","Medium ",1
"5/03/2022","8:10:00","8:20:00",25,"Buffet ",29,4.5,1,"motorcycle ",0,"No ","Urban ","Stormy","Low ",0
"13/02/2022","11:45:00","12:00:00",26,"Drinks ",33,4.9,3,"scooter ",1,"No ","Metropolitian ","Sandstorms","High ",1
"30/03/2022","18:30:00","18:45:00",14,"Snack ",22,4.6,23,"motorcycle ",1,"No ","Metropolitian ","Sunny","Medium ",0
"28/03/2022","11:10:00","11:15:00",44,"Snack ",20,4.2,1,"motorcycle ",0,"Yes ","Metropolitian ","Sunny","High ",1
"3/04/2022","10:35:00","10:50:00",15,"Drinks ",23,4.9,21,"motorcycle ",0,"No ","Metropolitian ","Cloudy","Low ",1
"9/03/2022","17:55:00","18:00:00",27,"Buffet ",38,4.8,9,"motorcycle ",0,"No ","Metropolitian ","Fog","Medium ",0
"28/03/2022","23:45:00","0:00:00",15,"Buffet ",36,4.5,18,"scooter ",1,"No ","Metropolitian ","Cloudy","Low ",0
"11/03/2022","15:20:00","15:30:00",23,"Drinks ",20,4.9,21,"motorcycle ",0,"No ","Metropolitian ","Sunny","Medium ",0
"25/03/2022","23:50:00","0:00:00",37,"Meal ",33,3.9,11,"scooter ",1,"No ","Metropolitian ","Cloudy","Low ",1
"31/03/2022","19:10:00","19:20:00",41,"Buffet ",38,3.9,6,"motorcycle ",1,"No ","Metropolitian ","Windy","Jam ",1
"5/03/2022","17:45:00","17:50:00",19,"Snack ",33,5,18,"electric_scooter ",2,"No ","Metropolitian ","Sunny","Medium ",0
"1/03/2022","20:25:00","20:35:00",14,"Meal ",20,4.8,15,"scooter ",2,"No ","Urban ","Sunny","Jam ",1
"4/03/2022","18:50:00","19:00:00",25,"Buffet ",23,4.9,17,"motorcycle ",0,"No ","Urban ","Sunny","Medium ",1
"18/03/2022","23:55:00","0:10:00",21,"Snack ",33,4.9,5,"motorcycle ",0,"No ","Metropolitian ","Sunny","Low ",0
"6/03/2022","23:10:00","23:20:00",31,"Drinks ",34,3.4,6,"motorcycle ",0,"No ","Metropolitian ","Sunny","Low ",2
"6/03/2022","21:25:00","21:40:00",48,"Buffet ",23,4.8,17,"motorcycle ",0,"No ","Metropolitian ","Fog","Jam ",2
"16/03/2022","20:20:00","20:30:00",29,"Buffet ",31,4.5,1,"motorcycle ",2,"No ","Urban ","Stormy","Jam ",1
"18/03/2022","22:15:00","22:25:00",27,"Buffet ",39,4.6,6,"scooter ",2,"No ","Metropolitian ","Sandstorms","Low ",1
"10/03/2022","18:50:00","19:05:00",18,"Meal ",30,4.7,13,"scooter ",2,"No ","Metropolitian ","Sunny","Medium ",1
"27/03/2022","18:00:00","18:15:00",10,"Snack ",23,4.8,19,"motorcycle ",2,"No ","Urban ","Sunny","Medium ",0
"11/03/2022","11:20:00","11:25:00",21,"Drinks ",26,4.9,21,"motorcycle ",1,"No ","Metropolitian ","Fog","High ",1
"9/03/2022","10:50:00","10:55:00",15,"Meal ",32,5,16,"motorcycle ",1,"No ","Metropolitian ","Fog","Low ",1
"2/03/2022","20:55:00","21:10:00",22,"Snack ",28,4.8,18,"scooter ",2,"No ","Metropolitian ","Sandstorms","Jam ",1
"18/03/2022","18:25:00","18:30:00",36,"Buffet ",31,4.3,23,"motorcycle ",1,"No ","Metropolitian ","Sandstorms","Medium ",0
"20/03/2022","17:55:00","18:10:00",13,"Buffet ",27,4.5,15,"scooter ",2,"No ","Metropolitian ","Sunny","Medium ",0
"7/03/2022","19:00:00","19:10:00",26,"Buffet ",30,4.6,23,"motorcycle ",0,"No ","Metropolitian ","Sunny","Medium ",1
"2/04/2022","21:25:00","21:30:00",20,"Snack ",28,5,19,"scooter ",2,"No ","Urban ","Stormy","Jam ",1
"5/04/2022","20:10:00","20:15:00",25,"Drinks ",26,4.9,22,"scooter ",2,"No ","Metropolitian ","Fog","Jam ",0
"3/03/2022","9:20:00","9:30:00",24,"Buffet ",27,4.7,9,"motorcycle ",0,"No ","Metropolitian ","Stormy","Low ",0
"29/03/2022","19:10:00","19:25:00",35,"Buffet ",31,4.3,4,"motorcycle ",1,"No ","Metropolitian ","Cloudy","Jam ",2
"26/03/2022","12:25:00","12:30:00",34,"Buffet ",25,4,9,"motorcycle ",1,"No ","Metropolitian ","Cloudy","High ",1
"6/04/2022","0:00:00","0:05:00",29,"Drinks ",37,4.5,15,"motorcycle ",1,"No ","Urban ","Cloudy","Low ",1
"12/03/2022","21:55:00","22:05:00",41,"Drinks ",26,4.7,23,"scooter ",1,"No ","Metropolitian ","Fog","Jam ",2
"24/03/2022","12:45:00","12:50:00",33,"Drinks ",36,4.6,6,"motorcycle ",0,"No ","Metropolitian ","Fog","High ",1
"26/03/2022","18:20:00","18:35:00",25,"Meal ",37,4.7,18,"scooter ",2,"No ","Metropolitian ","Windy","Medium ",0
"3/03/2022","11:10:00","11:25:00",27,"Meal ",30,4.8,15,"motorcycle ",2,"No ","Metropolitian ","Windy","High ",0
"27/03/2022","21:15:00","21:30:00",16,"Meal ",27,4.9,16,"scooter ",2,"No ","Urban ","Windy","Jam ",1
"17/03/2022","23:40:00","23:55:00",16,"Drinks ",24,4.5,21,"scooter ",1,"No ","Metropolitian ","Stormy","Low ",1
"16/02/2022","19:15:00","19:20:00",32,"Snack ",28,4,20,"motorcycle ",1,"No ","Metropolitian ","Stormy","Jam ",1
"3/03/2022","19:10:00","19:20:00",23,"Buffet ",24,4.7,21,"motorcycle ",0,"No ","Metropolitian ","Sandstorms","Jam ",1
"21/03/2022","10:15:00","10:25:00",25,"Drinks ",37,4.7,9,"motorcycle ",0,"No ","Metropolitian ","Cloudy","Low ",1
"16/02/2022","23:15:00","23:25:00",38,"Snack ",34,4.1,12,"motorcycle ",0,"No ","Metropolitian ","Stormy","Low ",1
"5/04/2022","19:15:00","19:30:00",17,"Meal ",31,4.9,17,"motorcycle ",1,"No ","Metropolitian ","Sunny","Jam ",1
"16/02/2022","20:10:00","20:25:00",27,"Snack ",29,4.6,4,"electric_scooter ",2,"No ","Metropolitian ","Windy","Jam ",1
"3/03/2022","11:25:00","11:40:00",12,"Drinks ",21,4.8,19,"scooter ",1,"No ","Urban ","Sunny","High ",0
"30/03/2022","19:40:00","19:45:00",37,"Buffet ",22,4.9,11,"motorcycle ",0,"No ","Metropolitian ","Windy","Jam ",1
"11/02/2022","18:00:00","18:15:00",15,"Buffet ",31,4.6,9,"electric_scooter ",2,"No ","Metropolitian ","Sunny","Medium ",1
"13/02/2022","12:55:00","13:00:00",32,"Snack ",38,4.7,7,"motorcycle ",0,"No ","Metropolitian ","Stormy","High ",1
"3/04/2022","17:35:00","17:50:00",17,"Meal ",32,4.6,18,"scooter ",1,"No ","Urban ","Fog","Medium ",1
"3/03/2022","10:25:00","10:35:00",17,"Meal ",25,4.9,17,"scooter ",1,"No ","Urban ","Stormy","Low ",1
"28/03/2022","13:50:00","14:00:00",21,"Snack ",23,4.8,13,"scooter ",1,"No ","Metropolitian ","Sandstorms","High ",1
"2/03/2022","23:20:00","23:35:00",35,"Drinks ",34,4.1,6,"motorcycle ",1,"No ","Urban ","Cloudy","Low ",1
"26/03/2022","12:35:00","12:50:00",15,"Buffet ",34,4.9,19,"scooter ",2,"No ","Metropolitian ","Sunny","High ",1
"1/03/2022","9:55:00","10:00:00",10,"Meal ",23,4.8,23,"motorcycle ",1,"No ","Urban ","Windy","Low ",0
"13/03/2022","17:10:00","17:25:00",38,"Drinks ",30,4.6,15,"motorcycle ",0,"No ","Metropolitian ","Stormy","Medium ",0
"11/03/2022","16:55:00","17:00:00",27,"Snack ",31,4.7,9,"motorcycle ",0,"No ","Metropolitian ","Sandstorms","Medium ",1
"30/03/2022","10:55:00","11:00:00",24,"Snack ",37,4.7,18,"scooter ",1,"No ","Metropolitian ","Stormy","Low ",1
"11/03/2022","8:15:00","8:20:00",18,"Drinks ",21,4.5,2,"electric_scooter ",2,"No ","Urban ","Windy","Low ",1
"11/02/2022","21:20:00","21:30:00",32,"Meal ",30,4.4,7,"motorcycle ",0,"No ","Metropolitian ","Sandstorms","Jam ",1
"4/04/2022","20:15:00","20:30:00",44,"Snack ",30,4.6,12,"motorcycle ",0,"No ","Metropolitian ","Cloudy","Jam ",2
"7/03/2022","10:45:00","10:55:00",19,"Meal ",25,4,2,"motorcycle ",0,"No ","Metropolitian ","Windy","Low ",0
"10/03/2022","18:00:00","18:05:00",24,"Drinks ",21,5,16,"motorcycle ",0,"No ","Metropolitian ","Sunny","Medium ",1
"5/04/2022","10:00:00","10:15:00",16,"Snack ",22,4.3,3,"motorcycle ",0,"No ","Metropolitian ","Stormy","Low ",0
"17/03/2022","20:30:00","20:40:00",16,"Buffet ",22,4.9,13,"motorcycle ",2,"No ","Metropolitian ","Windy","Jam ",1
"13/03/2022","20:15:00","20:30:00",35,"Buffet ",39,4.6,23,"electric_scooter ",2,"No ","Metropolitian ","Cloudy","Jam ",1
"15/03/2022","8:10:00","8:20:00",21,"Drinks ",36,4.7,19,"scooter ",2,"No ","Metropolitian ","Sandstorms","Low ",1
"18/03/2022","19:40:00","19:45:00",48,"Buffet ",33,5,23,"motorcycle ",0,"No ","Metropolitian ","Windy","Jam ",3
"23/03/2022","18:15:00","18:25:00",38,"Buffet ",36,4.7,4,"motorcycle ",0,"No ","Metropolitian ","Fog","Medium ",1
"20/03/2022","18:55:00","19:05:00",26,"Buffet ",20,4.7,23,"motorcycle ",0,"No ","Urban ","Sunny","Medium ",1
"11/03/2022","15:20:00","15:30:00",28,"Buffet ",20,4.9,17,"motorcycle ",0,"No ","Metropolitian ","Stormy","Medium ",1
"23/03/2022","20:55:00","21:05:00",50,"Buffet ",35,4,6,"motorcycle ",0,"No ","Semi-Urban ","Windy","Jam ",2
"4/04/2022","21:50:00","22:00:00",25,"Drinks ",29,4.8,21,"scooter ",2,"No ","Metropolitian ","Windy","Jam ",0
"14/03/2022","20:55:00","21:00:00",33,"Meal ",23,4,3,"scooter ",1,"No ","Urban ","Cloudy","Jam ",1
"13/02/2022","20:40:00","20:45:00",30,"Drinks ",32,4.7,9,"motorcycle ",2,"No ","Metropolitian ","Sandstorms","Jam ",1
"31/03/2022","23:40:00","23:50:00",20,"Buffet ",37,5,23,"motorcycle ",0,"No ","Metropolitian ","Windy","Low ",1
"2/04/2022","18:45:00","18:55:00",23,"Buffet ",33,4.9,23,"motorcycle ",2,"No ","Metropolitian ","Stormy","Medium ",0
"7/03/2022","21:20:00","21:25:00",24,"Drinks ",29,4.8,9,"motorcycle ",2,"No ","Metropolitian ","Sandstorms","Jam ",1
"27/03/2022","23:10:00","23:15:00",20,"Drinks ",30,4.6,18,"motorcycle ",0,"No ","Urban ","Sandstorms","Low ",0
"21/03/2022","18:20:00","18:35:00",17,"Buffet ",38,4.9,23,"electric_scooter ",2,"No ","Metropolitian ","Fog","Medium ",0
"17/03/2022","19:25:00","19:35:00",24,"Drinks ",29,4.9,14,"scooter ",2,"No ","Metropolitian ","Stormy","Jam ",1
"18/02/2022","20:15:00","20:25:00",22,"Snack ",29,4.8,23,"electric_scooter ",2,"No ","Urban ","Sunny","Jam ",1
"8/03/2022","22:00:00","22:10:00",30,"Meal ",20,4.8,17,"motorcycle ",0,"No ","Urban ","Stormy","Jam ",1
"12/03/2022","22:15:00","22:30:00",35,"Meal ",37,4.3,16,"motorcycle ",1,"No ","Metropolitian ","Cloudy","Low ",1
"25/03/2022","20:20:00","20:25:00",51,"Meal ",31,4.5,8,"motorcycle ",0,"No ","Metropolitian ","Cloudy","Jam ",3
"31/03/2022","19:55:00","20:05:00",19,"Meal ",28,4.7,19,"scooter ",2,"No ","Metropolitian ","Sandstorms","Jam ",1
"7/03/2022","19:55:00","20:00:00",20,"Buffet ",23,4.8,14,"scooter ",2,"No ","Metropolitian ","Sandstorms","Jam ",0
"5/04/2022","10:35:00","10:40:00",16,"Buffet ",36,4.7,22,"motorcycle ",1,"No ","Metropolitian ","Sunny","Low ",1
"17/03/2022","8:25:00","8:40:00",15,"Drinks ",27,4.3,3,"motorcycle ",0,"No ","Urban ","Stormy","Low ",1
"13/02/2022","17:55:00","18:00:00",27,"Drinks ",26,5,5,"scooter ",2,"No ","Metropolitian ","Stormy","Medium ",1
"2/04/2022","23:35:00","23:50:00",17,"Buffet ",31,4.8,18,"motorcycle ",1,"No ","Metropolitian ","Windy","Low ",1
"13/03/2022","15:00:00","15:10:00",27,"Meal ",22,4.5,16,"scooter ",1,"No ","Metropolitian ","Stormy","High ",0
"2/04/2022","23:20:00","23:35:00",17,"Drinks ",29,4.7,18,"scooter ",2,"No ","Metropolitian ","Stormy","Low ",0
"25/03/2022","22:45:00","23:00:00",23,"Buffet ",38,4.9,23,"electric_scooter ",2,"No ","Metropolitian ","Windy","Low ",1
"19/03/2022","11:45:00","11:50:00",27,"Snack ",37,4.8,1,"scooter ",1,"No ","Metropolitian ","Fog","High ",1
"14/03/2022","23:55:00","0:10:00",43,"Snack ",34,4.9,18,"motorcycle ",0,"No ","Metropolitian ","Cloudy","Low ",2
"23/03/2022","20:50:00","21:05:00",33,"Meal ",38,3.8,6,"motorcycle ",1,"No ","Urban ","Sandstorms","Jam ",1
"4/04/2022","18:40:00","18:55:00",25,"Snack ",21,4.7,19,"motorcycle ",1,"No ","Metropolitian ","Windy","Medium ",0
"13/03/2022","22:45:00","23:00:00",17,"Drinks ",25,4.5,17,"scooter ",2,"No ","Metropolitian ","Windy","Low ",1
"30/03/2022","20:35:00","20:40:00",17,"Drinks ",20,4.7,5,"motorcycle ",1,"No ","Urban ","Sunny","Jam ",0
"25/03/2022","18:10:00","18:25:00",37,"Snack ",32,4,9,"motorcycle ",2,"No ","Metropolitian ","Fog","Medium ",1
"4/03/2022","18:55:00","19:00:00",28,"Buffet ",27,4.5,23,"motorcycle ",0,"No ","Metropolitian ","Sandstorms","Medium ",1
"29/03/2022","20:35:00","20:50:00",39,"Snack ",39,3.6,8,"scooter ",2,"No ","Metropolitian ","Windy","Jam ",0
"13/02/2022","9:45:00","9:55:00",17,"Buffet ",36,4.6,3,"motorcycle ",2,"No ","Metropolitian ","Stormy","Low ",1
"14/03/2022","22:15:00","22:20:00",27,"Meal ",25,4.5,23,"electric_scooter ",2,"No ","Metropolitian ","Fog","Low ",0
"11/03/2022","10:20:00","10:30:00",23,"Snack ",34,4.6,13,"scooter ",2,"No ","Metropolitian ","Stormy","Low ",0
"1/04/2022","11:10:00","11:20:00",29,"Drinks ",38,4.5,19,"electric_scooter ",2,"No ","Urban ","Sandstorms","High ",0
"18/02/2022","18:25:00","18:30:00",21,"Drinks ",38,4.9,9,"motorcycle ",2,"No ","Metropolitian ","Sandstorms","Medium ",1
"14/03/2022","19:35:00","19:40:00",48,"Buffet ",31,4.8,23,"motorcycle ",0,"No ","Metropolitian ","Fog","Jam ",1
"5/04/2022","22:00:00","22:10:00",26,"Drinks ",26,4.6,17,"scooter ",1,"No ","Urban ","Sandstorms","Jam ",1
"14/02/2022","20:45:00","21:00:00",24,"Meal ",29,4.8,3,"motorcycle ",1,"No ","Metropolitian ","Sunny","Jam ",1
"2/04/2022","18:40:00","18:50:00",23,"Buffet ",20,4.6,19,"motorcycle ",0,"No ","Metropolitian ","Stormy","Medium ",1
"3/04/2022","19:40:00","19:50:00",11,"Snack ",29,4.8,23,"motorcycle ",2,"No ","Metropolitian ","Sunny","Jam ",0
"3/04/2022","17:10:00","17:25:00",30,"Buffet ",30,4.8,11,"scooter ",2,"No ","Metropolitian ","Stormy","Medium ",1
"15/02/2022","14:55:00","15:10:00",31,"Meal ",36,4.3,7,"scooter ",1,"No ","Metropolitian ","Windy","High ",0
"24/03/2022","18:55:00","19:10:00",31,"Drinks ",32,4.6,6,"motorcycle ",0,"No ","Metropolitian ","Stormy","Medium ",1
"7/03/2022","18:55:00","19:10:00",11,"Buffet ",29,4.7,17,"scooter ",2,"No ","Urban ","Stormy","Medium ",0
"16/03/2022","21:15:00","21:20:00",44,"Drinks ",34,3.5,7,"scooter ",1,"No ","Metropolitian ","Windy","Jam ",1
"9/03/2022","22:10:00","22:25:00",28,"Buffet ",38,4.5,19,"electric_scooter ",2,"No ","Metropolitian ","Windy","Low ",1
"26/03/2022","22:45:00","22:50:00",15,"Drinks ",25,4.4,3,"motorcycle ",0,"No ","Urban ","Windy","Low ",0
"2/04/2022","19:30:00","19:35:00",13,"Drinks ",27,4.6,21,"motorcycle ",2,"No ","Metropolitian ","Sunny","Jam ",0
"18/02/2022","22:25:00","22:35:00",17,"Meal ",20,4.7,18,"scooter ",2,"No ","Urban ","Stormy","Low ",1
"21/03/2022","10:20:00","10:25:00",16,"Drinks ",27,4.2,2,"motorcycle ",0,"No ","Urban ","Stormy","Low ",1
"2/03/2022","21:55:00","22:10:00",28,"Drinks ",30,4.7,22,"scooter ",2,"No ","Urban ","Windy","Jam ",1
"1/03/2022","10:50:00","10:55:00",23,"Drinks ",24,5,14,"motorcycle ",0,"No ","Metropolitian ","Fog","Low ",1
"16/03/2022","21:00:00","21:15:00",35,"Drinks ",31,4.1,1,"motorcycle ",2,"No ","Metropolitian ","Cloudy","Jam ",1
"11/03/2022","10:40:00","10:50:00",29,"Snack ",39,4.6,17,"motorcycle ",1,"No ","Metropolitian ","Windy","Low ",1
"19/03/2022","12:45:00","12:55:00",11,"Snack ",23,5,15,"scooter ",1,"No ","Metropolitian ","Sunny","High ",0
"21/03/2022","12:55:00","13:10:00",21,"Meal ",23,4.6,18,"motorcycle ",0,"No ","Metropolitian ","Fog","High ",1
"1/03/2022","8:50:00","9:00:00",19,"Snack ",25,4,11,"motorcycle ",0,"No ","Metropolitian ","Stormy","Low ",1
"6/04/2022","22:50:00","23:00:00",29,"Drinks ",39,4.6,23,"electric_scooter ",2,"No ","Metropolitian ","Stormy","Low ",1
"2/03/2022","19:25:00","19:35:00",21,"Buffet ",29,4.8,12,"motorcycle ",0,"No ","Metropolitian ","Sunny","Jam ",0
"4/03/2022","19:30:00","19:45:00",27,"Buffet ",22,4.9,21,"motorcycle ",0,"No ","Urban ","Stormy","Jam ",0
"4/04/2022","18:50:00","19:05:00",25,"Snack ",28,4.7,15,"scooter ",2,"No ","Metropolitian ","Cloudy","Medium ",0
"8/03/2022","19:00:00","19:05:00",35,"Drinks ",21,4.8,19,"motorcycle ",2,"No ","Metropolitian ","Sunny","Medium ",2
"11/03/2022","18:30:00","18:35:00",35,"Drinks ",38,4.3,18,"motorcycle ",0,"No ","Metropolitian ","Windy","Medium ",0
"26/03/2022","23:45:00","0:00:00",14,"Buffet ",22,4.9,22,"scooter ",1,"No ","Urban ","Stormy","Low ",0
"30/03/2022","22:10:00","22:25:00",13,"Meal ",38,4.8,23,"motorcycle ",2,"No ","Metropolitian ","Sunny","Low ",0
"15/03/2022","22:15:00","22:30:00",21,"Snack ",33,4.6,9,"motorcycle ",0,"No ","Metropolitian ","Sunny","Low ",1
"26/03/2022","21:45:00","21:50:00",38,"Meal ",29,4.2,13,"motorcycle ",0,"No ","Metropolitian ","Sandstorms","Jam ",2
"3/03/2022","8:45:00","8:50:00",15,"Buffet ",23,5,13,"motorcycle ",0,"No ","Metropolitian ","Fog","Low ",0
"7/03/2022","22:40:00","22:55:00",28,"Buffet ",38,4.3,13,"motorcycle ",0,"No ","Metropolitian ","Sandstorms","Low ",1
"5/04/2022","22:20:00","22:30:00",18,"Meal ",25,4.7,17,"electric_scooter ",2,"No ","Urban ","Sandstorms","Low ",1
"1/04/2022","14:55:00","15:05:00",27,"Meal ",22,5,21,"scooter ",1,"No ","Metropolitian ","Sandstorms","High ",1
"20/03/2022","18:30:00","18:45:00",19,"Buffet ",27,4.7,22,"motorcycle ",0,"No ","Urban ","Sunny","Medium ",0
"3/04/2022","19:25:00","19:35:00",20,"Buffet ",26,5,18,"scooter ",1,"No ","Metropolitian ","Cloudy","Jam ",1
"29/03/2022","23:30:00","23:45:00",39,"Drinks ",35,4.2,13,"scooter ",1,"No ","Metropolitian ","Cloudy","Low ",2
"5/03/2022","10:50:00","11:05:00",29,"Buffet ",30,4.7,15,"motorcycle ",0,"No ","Metropolitian ","Sunny","Low ",1
"16/03/2022","21:15:00","21:20:00",23,"Meal ",20,4.7,23,"motorcycle ",2,"No ","Metropolitian ","Windy","Jam ",1
"9/03/2022","23:35:00","23:50:00",22,"Snack ",31,4.9,13,"motorcycle ",1,"No ","Metropolitian ","Stormy","Low ",1
"15/02/2022","18:00:00","18:05:00",27,"Drinks ",34,4.8,9,"motorcycle ",1,"No ","Metropolitian ","Sandstorms","Medium ",1
"3/04/2022","15:50:00","16:00:00",23,"Snack ",24,4.8,22,"scooter ",1,"No ","Metropolitian ","Stormy","Medium ",1
"14/03/2022","21:35:00","21:50:00",30,"Drinks ",39,4.7,19,"motorcycle ",0,"No ","Metropolitian ","Sunny","Jam ",1
"8/03/2022","17:50:00","18:05:00",36,"Drinks ",27,5,13,"scooter ",1,"No ","Metropolitian ","Fog","Medium ",2
"29/03/2022","17:55:00","18:10:00",38,"Buffet ",28,4.4,7,"electric_scooter ",2,"No ","Metropolitian ","Cloudy","Medium ",2
"3/04/2022","16:45:00","17:00:00",19,"Meal ",28,4.5,23,"scooter ",2,"No ","Metropolitian ","Cloudy","Medium ",1
"27/03/2022","19:50:00","20:00:00",39,"Meal ",22,4.4,2,"motorcycle ",0,"No ","Metropolitian ","Sandstorms","Jam ",0
"9/03/2022","20:40:00","20:55:00",28,"Snack ",37,4.8,22,"electric_scooter ",2,"No ","Metropolitian ","Windy","Jam ",1
"28/03/2022","21:10:00","21:20:00",44,"Drinks ",32,4.9,21,"motorcycle ",0,"No ","Urban ","Stormy","Jam ",3
"3/04/2022","17:15:00","17:25:00",27,"Snack ",35,4.6,18,"motorcycle ",2,"No ","Metropolitian ","Sandstorms","Medium ",1
"14/02/2022","0:00:00","0:15:00",16,"Meal ",21,4.9,17,"scooter ",1,"No ","Urban ","Sandstorms","Low ",1
"20/03/2022","17:20:00","17:25:00",37,"Meal ",23,4.6,6,"motorcycle ",1,"No ","Metropolitian ","Cloudy","Medium ",1
"15/02/2022","18:30:00","18:35:00",10,"Meal ",21,4.9,15,"motorcycle ",1,"No ","Urban ","Sunny","Medium ",1
"12/03/2022","21:50:00","22:00:00",20,"Buffet ",22,4.8,16,"scooter ",2,"No ","Urban ","Sunny","Jam ",1
"13/03/2022","10:00:00","10:15:00",19,"Drinks ",37,4.6,14,"scooter ",2,"No ","Metropolitian ","Fog","Low ",0
"4/04/2022","23:10:00","23:25:00",16,"Snack ",20,4.7,21,"electric_scooter ",2,"No ","Urban ","Sandstorms","Low ",1
"7/03/2022","12:30:00","12:40:00",29,"Buffet ",26,4.6,17,"motorcycle ",0,"No ","Metropolitian ","Sunny","High ",1
"13/03/2022","11:20:00","11:25:00",26,"Drinks ",39,4.8,17,"scooter ",2,"No ","Urban ","Fog","High ",1
"1/04/2022","20:45:00","20:55:00",39,"Drinks ",32,4.1,14,"motorcycle ",0,"No ","Metropolitian ","Sandstorms","Jam ",1
"8/03/2022","20:20:00","20:25:00",36,"Buffet ",31,5,16,"motorcycle ",0,"No ","Metropolitian ","Stormy","Jam ",2
"13/03/2022","20:40:00","20:55:00",38,"Snack ",37,4.1,3,"motorcycle ",0,"No ","Metropolitian ","Stormy","Jam ",1
"21/03/2022","13:20:00","13:30:00",19,"Buffet ",25,4.8,18,"motorcycle ",1,"No ","Urban ","Sandstorms","High ",1
"1/03/2022","20:35:00","20:45:00",28,"Snack ",32,5,9,"motorcycle ",1,"No ","Metropolitian ","Sandstorms","Jam ",1
"19/03/2022","18:40:00","18:45:00",25,"Drinks ",29,4.7,7,"motorcycle ",1,"No ","Metropolitian ","Stormy","Medium ",1
"31/03/2022","21:50:00","22:05:00",38,"Buffet ",25,4.6,3,"motorcycle ",1,"No ","Metropolitian ","Cloudy","Jam ",0
"16/02/2022","19:25:00","19:35:00",39,"Meal ",37,4.5,9,"scooter ",2,"No ","Metropolitian ","Stormy","Jam ",1
"6/03/2022","19:00:00","19:05:00",29,"Meal ",30,4.7,22,"motorcycle ",2,"No ","Metropolitian ","Sunny","Medium ",1
"27/03/2022","20:40:00","20:45:00",24,"Drinks ",24,4.7,18,"scooter ",1,"No ","Metropolitian ","Sandstorms","Jam ",1
"17/03/2022","17:10:00","17:25:00",25,"Snack ",21,4.5,17,"motorcycle ",2,"No ","Metropolitian ","Sandstorms","Medium ",1
"29/03/2022","17:50:00","17:55:00",32,"Drinks ",22,4.6,6,"motorcycle ",0,"No ","Metropolitian ","Windy","Medium ",1
"7/03/2022","20:15:00","20:20:00",38,"Snack ",36,4.3,19,"scooter ",1,"No ","Metropolitian ","Sunny","Jam ",1
"18/02/2022","20:45:00","20:50:00",42,"Meal ",37,4.2,3,"scooter ",2,"No ","Metropolitian ","Sandstorms","Jam ",2
"8/03/2022","20:15:00","20:20:00",25,"Buffet ",25,4.6,9,"motorcycle ",1,"No ","Metropolitian ","Stormy","Jam ",1
"6/03/2022","18:45:00","19:00:00",34,"Meal ",30,3.9,5,"scooter ",1,"No ","Metropolitian ","Stormy","Medium ",1
"26/03/2022","13:25:00","13:40:00",28,"Buffet ",20,4.9,17,"scooter ",2,"No ","Metropolitian ","Cloudy","High ",0
"28/03/2022","19:30:00","19:35:00",15,"Snack ",30,5,16,"motorcycle ",1,"No ","Metropolitian ","Sunny","Jam ",1
"24/03/2022","20:50:00","21:00:00",22,"Drinks ",26,4.9,18,"scooter ",1,"No ","Urban ","Sandstorms","Jam ",1
"16/03/2022","23:35:00","23:40:00",25,"Drinks ",38,5,13,"motorcycle ",2,"No ","Metropolitian ","Stormy","Low ",0
"2/03/2022","17:20:00","17:25:00",36,"Meal ",29,4.7,13,"motorcycle ",2,"No ","Metropolitian ","Stormy","Medium ",1
"13/03/2022","10:45:00","11:00:00",15,"Meal ",30,4.9,16,"scooter ",1,"No ","Urban ","Fog","Low ",1
"14/03/2022","17:45:00","17:55:00",44,"Meal ",34,4.7,14,"motorcycle ",0,"No ","Metropolitian ","Fog","Medium ",2
"27/03/2022","21:55:00","22:05:00",33,"Buffet ",32,4.5,3,"scooter ",2,"No ","Metropolitian ","Sandstorms","Jam ",1
"18/03/2022","18:35:00","18:40:00",31,"Snack ",25,4.1,9,"scooter ",2,"No ","Metropolitian ","Cloudy","Medium ",1
"17/02/2022","18:20:00","18:35:00",31,"Snack ",37,4.1,10,"motorcycle ",0,"No ","Metropolitian ","Stormy","Medium ",1
"15/03/2022","17:40:00","17:50:00",10,"Meal ",20,4.9,21,"electric_scooter ",2,"No ","Urban ","Sunny","Medium ",0
"12/02/2022","17:55:00","18:10:00",38,"Buffet ",37,3.5,11,"scooter ",2,"No ","Metropolitian ","Stormy","Medium ",1
"1/04/2022","8:45:00","8:55:00",26,"Buffet ",21,4.3,9,"motorcycle ",0,"No ","Metropolitian ","Sandstorms","Low ",1
"18/03/2022","19:15:00","19:25:00",34,"Drinks ",27,4.4,6,"scooter ",2,"No ","Urban ","Fog","Jam ",1
"15/03/2022","22:45:00","22:50:00",11,"Snack ",21,4.9,16,"motorcycle ",2,"No ","Metropolitian ","Cloudy","Low ",0
"11/03/2022","12:50:00","12:55:00",27,"Buffet ",38,4.7,19,"scooter ",2,"No ","Metropolitian ","Stormy","High ",1
"30/03/2022","8:15:00","8:30:00",29,"Meal ",31,4.9,6,"motorcycle ",1,"No ","Metropolitian ","Sandstorms","Low ",1
"17/03/2022","22:30:00","22:40:00",19,"Buffet ",27,5,17,"electric_scooter ",2,"No ","Metropolitian ","Sandstorms","Low ",1
"14/03/2022","23:00:00","23:05:00",27,"Drinks ",31,5,12,"motorcycle ",0,"No ","Metropolitian ","Windy","Low ",0
"14/02/2022","18:20:00","18:35:00",17,"Snack ",23,4.9,3,"scooter ",1,"No ","Metropolitian ","Sandstorms","Medium ",1
"5/04/2022","18:55:00","19:10:00",34,"Buffet ",35,4.6,18,"motorcycle ",1,"No ","Metropolitian ","Windy","Medium ",2
"12/03/2022","19:55:00","20:05:00",28,"Drinks ",32,4.6,9,"scooter ",1,"No ","Metropolitian ","Sunny","Jam ",1
"12/03/2022","18:10:00","18:15:00",37,"Meal ",21,4.1,11,"motorcycle ",0,"No ","Metropolitian ","Windy","Medium ",1
"14/02/2022","20:40:00","20:50:00",48,"Buffet ",36,4.3,9,"motorcycle ",1,"Yes ","Metropolitian ","Fog","Jam ",3
"14/03/2022","17:40:00","17:45:00",34,"Meal ",26,4.1,3,"motorcycle ",1,"No ","Metropolitian ","Cloudy","Medium ",0
"9/03/2022","12:00:00","12:15:00",28,"Drinks ",38,4.8,17,"scooter ",1,"No ","Metropolitian ","Cloudy","High ",1
"23/03/2022","17:40:00","17:55:00",31,"Drinks ",33,3.7,3,"electric_scooter ",2,"No ","Metropolitian ","Windy","Medium ",1
"28/03/2022","11:25:00","11:40:00",34,"Drinks ",35,4.4,4,"scooter ",1,"No ","Urban ","Cloudy","High ",1
"1/03/2022","23:15:00","23:30:00",21,"Buffet ",35,4.6,21,"motorcycle ",2,"No ","Metropolitian ","Stormy","Low ",1
"24/03/2022","21:35:00","21:45:00",30,"Snack ",38,4.7,3,"electric_scooter ",2,"No ","Metropolitian ","Windy","Jam ",1
"18/02/2022","21:15:00","21:25:00",38,"Drinks ",33,4.4,8,"motorcycle ",1,"No ","Metropolitian ","Fog","Jam ",1
"12/02/2022","22:15:00","22:25:00",26,"Buffet ",32,4.9,3,"scooter ",2,"No ","Metropolitian ","Fog","Low ",1
"19/03/2022","10:35:00","10:50:00",12,"Snack ",27,4.9,19,"motorcycle ",1,"No ","Urban ","Stormy","Low ",0
"4/04/2022","0:00:00","0:05:00",23,"Drinks ",32,4.8,23,"electric_scooter ",2,"No ","Metropolitian ","Sandstorms","Low ",1
"7/03/2022","22:30:00","22:40:00",11,"Buffet ",20,4.8,23,"motorcycle ",1,"No ","Urban ","Stormy","Low ",1
"26/03/2022","20:35:00","20:50:00",42,"Meal ",39,4.6,11,"motorcycle ",0,"No ","Metropolitian ","Sandstorms","Jam ",1
"14/03/2022","19:55:00","20:05:00",18,"Buffet ",20,4.8,19,"motorcycle ",2,"No ","Metropolitian ","Sandstorms","Jam ",1
"7/03/2022","17:00:00","17:05:00",27,"Drinks ",22,4.6,18,"motorcycle ",2,"No ","Metropolitian ","Stormy","Medium ",1
"11/03/2022","21:55:00","22:00:00",27,"Drinks ",22,4.9,17,"motorcycle ",1,"No ","Metropolitian ","Fog","Jam ",1
"8/03/2022","19:25:00","19:30:00",32,"Buffet ",22,4.1,6,"motorcycle ",0,"No ","Metropolitian ","Sandstorms","Jam ",0
"20/03/2022","19:55:00","20:00:00",41,"Drinks ",25,4.8,3,"motorcycle ",1,"No ","Metropolitian ","Cloudy","Jam ",1
"5/03/2022","18:40:00","18:45:00",19,"Snack ",26,4.6,16,"motorcycle ",1,"No ","Metropolitian ","Stormy","Medium ",1
"8/03/2022","19:25:00","19:30:00",32,"Buffet ",22,4.1,6,"motorcycle ",0,"No ","Metropolitian ","Sandstorms","Jam ",0
"24/03/2022","11:00:00","11:15:00",15,"Meal ",21,4.7,22,"motorcycle ",0,"No ","Metropolitian ","Sunny","Low ",1
"21/03/2022","15:30:00","15:40:00",16,"Meal ",35,4.9,22,"motorcycle ",1,"No ","Metropolitian ","Fog","Medium ",1
"2/03/2022","17:40:00","17:45:00",17,"Buffet ",26,5,22,"motorcycle ",0,"No ","Urban ","Sunny","Medium ",0
"16/03/2022","17:15:00","17:20:00",26,"Meal ",29,4.8,17,"scooter ",1,"No ","Urban ","Stormy","Medium ",1
"26/03/2022","8:40:00","8:50:00",16,"Snack ",20,5,15,"motorcycle ",1,"No ","Metropolitian ","Sunny","Low ",0
"2/04/2022","17:15:00","17:20:00",34,"Drinks ",38,5,1,"scooter ",1,"No ","Metropolitian ","Fog","Medium ",1
"26/03/2022","9:00:00","9:10:00",19,"Snack ",24,4.6,15,"scooter ",1,"No ","Metropolitian ","Windy","Low ",0
"12/03/2022","18:40:00","18:50:00",22,"Meal ",24,4.6,13,"motorcycle ",1,"No ","Metropolitian ","Sandstorms","Medium ",0
"10/03/2022","18:40:00","18:50:00",36,"Meal ",27,4.4,17,"motorcycle ",0,"No ","Metropolitian ","Sandstorms","Medium ",1
"11/02/2022","23:45:00","23:50:00",15,"Buffet ",25,4.6,8,"scooter ",1,"No ","Metropolitian ","Stormy","Low ",1
"15/03/2022","8:20:00","8:25:00",15,"Meal ",36,5,22,"scooter ",2,"No ","Urban ","Fog","Low ",1
"14/02/2022","22:55:00","23:10:00",22,"Snack ",37,4.6,6,"motorcycle ",1,"No ","Metropolitian ","Stormy","Low ",0
"2/04/2022","0:00:00","0:05:00",37,"Drinks ",35,4.7,13,"motorcycle ",0,"No ","Metropolitian ","Fog","Low ",0
"15/03/2022","21:45:00","22:00:00",26,"Meal ",27,4.5,3,"scooter ",1,"No ","Urban ","Fog","Jam ",0
"1/04/2022","22:55:00","23:00:00",17,"Drinks ",25,4.5,18,"motorcycle ",0,"No ","Urban ","Sandstorms","Low ",0
"5/04/2022","20:20:00","20:35:00",19,"Snack ",24,4.9,18,"scooter ",2,"No ","Metropolitian ","Stormy","Jam ",1
"20/03/2022","20:25:00","20:35:00",27,"Snack ",38,4.8,16,"motorcycle ",2,"No ","Urban ","Windy","Jam ",0
"16/02/2022","23:35:00","23:50:00",25,"Meal ",31,4.8,2,"motorcycle ",1,"No ","Metropolitian ","Stormy","Low ",1
"4/03/2022","23:10:00","23:15:00",24,"Drinks ",36,4.7,23,"scooter ",2,"No ","Urban ","Stormy","Low ",0
"1/03/2022","22:55:00","23:00:00",21,"Snack ",35,4.5,23,"scooter ",2,"No ","Metropolitian ","Sandstorms","Low ",0
"30/03/2022","14:30:00","14:40:00",26,"Meal ",22,4.7,17,"motorcycle ",0,"No ","Metropolitian ","Fog","High ",0
"12/02/2022","22:40:00","22:50:00",27,"Snack ",25,4.8,8,"scooter ",1,"No ","Metropolitian ","Fog","Low ",0
"7/03/2022","8:55:00","9:00:00",23,"Drinks ",30,4.7,13,"motorcycle ",1,"No ","Metropolitian ","Stormy","Low ",1
"31/03/2022","17:55:00","18:10:00",26,"Buffet ",33,4.7,13,"motorcycle ",0,"No ","Metropolitian ","Sunny","Medium ",1
"27/03/2022","18:15:00","18:20:00",42,"Snack ",32,4.7,2,"scooter ",1,"No ","Metropolitian ","Cloudy","Medium ",1
"18/02/2022","22:20:00","22:25:00",19,"Meal ",21,5,3,"motorcycle ",0,"No ","Metropolitian ","Windy","Low ",0
"17/03/2022","11:40:00","11:55:00",24,"Meal ",32,4.9,3,"motorcycle ",0,"No ","Metropolitian ","Sunny","High ",1
"4/04/2022","17:25:00","17:30:00",36,"Buffet ",22,4.5,9,"motorcycle ",0,"No ","Metropolitian ","Fog","Medium ",2
"20/03/2022","17:35:00","17:50:00",25,"Buffet ",20,4.8,21,"motorcycle ",0,"No ","Metropolitian ","Sunny","Medium ",1
"2/04/2022","19:20:00","19:35:00",15,"Drinks ",22,4.8,23,"motorcycle ",1,"No ","Metropolitian ","Sandstorms","Jam ",1
"24/03/2022","15:20:00","15:30:00",27,"Drinks ",31,4.8,14,"motorcycle ",0,"No ","Metropolitian ","Sandstorms","Medium ",1
"24/03/2022","9:45:00","10:00:00",28,"Drinks ",30,4.9,14,"motorcycle ",1,"No ","Metropolitian ","Windy","Low ",1
"17/03/2022","12:00:00","12:10:00",20,"Meal ",22,4.9,21,"scooter ",2,"No ","Urban ","Sandstorms","High ",0
"17/02/2022","17:10:00","17:15:00",16,"Meal ",32,4.6,19,"scooter ",1,"No ","Urban ","Fog","Medium ",1
"19/03/2022","22:55:00","23:05:00",15,"Snack ",32,4.8,17,"scooter ",1,"No ","Urban ","Fog","Low ",1
"12/02/2022","0:00:00","0:05:00",22,"Snack ",26,4.8,2,"motorcycle ",0,"No ","Metropolitian ","Fog","Low ",0
"17/03/2022","18:15:00","18:25:00",31,"Snack ",32,4.7,23,"motorcycle ",1,"No ","Urban ","Stormy","Medium ",0
"19/03/2022","18:40:00","18:45:00",27,"Meal ",36,4.6,13,"scooter ",1,"No ","Metropolitian ","Stormy","Medium ",1
"31/03/2022","23:40:00","23:55:00",28,"Drinks ",28,4.8,14,"scooter ",2,"No ","Metropolitian ","Cloudy","Low ",1
"13/03/2022","12:00:00","12:15:00",34,"Meal ",35,4.7,22,"scooter ",2,"No ","Metropolitian ","Stormy","High ",1
"30/03/2022","10:40:00","10:55:00",17,"Meal ",25,5,9,"motorcycle ",1,"No ","Metropolitian ","Fog","Low ",1
"10/03/2022","23:25:00","23:35:00",35,"Buffet ",37,3.5,3,"scooter ",1,"No ","Metropolitian ","Cloudy","Low ",1
"11/02/2022","18:00:00","18:10:00",16,"Meal ",34,4.5,4,"motorcycle ",1,"No ","Metropolitian ","Fog","Medium ",0
"5/03/2022","14:45:00","14:50:00",39,"Snack ",34,4.2,1,"motorcycle ",0,"No ","Metropolitian ","Sandstorms","High ",1
"6/04/2022","22:25:00","22:40:00",21,"Buffet ",37,4.8,23,"motorcycle ",1,"No ","Urban ","Sunny","Low ",1
"28/03/2022","22:30:00","22:35:00",12,"Snack ",21,4.8,22,"motorcycle ",1,"No ","Urban ","Windy","Low ",0
"2/03/2022","20:40:00","20:55:00",46,"Buffet ",30,4.6,9,"motorcycle ",0,"No ","Metropolitian ","Stormy","Jam ",1
"10/03/2022","21:35:00","21:50:00",19,"Meal ",28,4.8,23,"motorcycle ",0,"No ","Metropolitian ","Sunny","Jam ",1
"11/03/2022","15:30:00","15:40:00",16,"Meal ",35,4.8,12,"scooter ",2,"No ","Metropolitian ","Fog","Medium ",1
"13/03/2022","17:10:00","17:15:00",17,"Drinks ",28,4.6,18,"scooter ",1,"No ","Metropolitian ","Fog","Medium ",1
"3/04/2022","9:45:00","9:55:00",24,"Drinks ",30,4.1,21,"motorcycle ",0,"No ","Metropolitian ","Sandstorms","Low ",0
"7/03/2022","15:00:00","15:10:00",26,"Drinks ",28,4.7,13,"electric_scooter ",2,"No ","Metropolitian ","Sunny","High ",1
"15/03/2022","20:35:00","20:50:00",27,"Snack ",35,4.8,15,"scooter ",2,"No ","Metropolitian ","Sandstorms","Jam ",1
"16/02/2022","22:45:00","22:55:00",12,"Buffet ",28,4.6,3,"scooter ",1,"No ","Metropolitian ","Windy","Low ",0
"11/02/2022","22:20:00","22:25:00",22,"Buffet ",38,4.2,6,"motorcycle ",0,"No ","Urban ","Sandstorms","Low ",1
"17/03/2022","8:40:00","8:50:00",19,"Snack ",21,5,23,"motorcycle ",0,"No ","Metropolitian ","Sunny","Low ",1
"12/03/2022","17:55:00","18:05:00",42,"Snack ",37,4.7,14,"scooter ",1,"No ","Metropolitian ","Cloudy","Medium ",2
"1/04/2022","17:45:00","17:55:00",30,"Drinks ",31,4.7,3,"scooter ",1,"No ","Metropolitian ","Stormy","Medium ",0
"13/03/2022","12:35:00","12:40:00",25,"Snack ",38,4.8,9,"scooter ",1,"No ","Metropolitian ","Windy","High ",1
"29/03/2022","21:25:00","21:30:00",17,"Drinks ",27,4.6,13,"scooter ",2,"No ","Metropolitian ","Windy","Jam ",1
"1/04/2022","19:50:00","19:55:00",27,"Buffet ",21,4.6,22,"motorcycle ",0,"No ","Metropolitian ","Sandstorms","Jam ",1
"3/03/2022","19:10:00","19:20:00",31,"Snack ",21,4.4,17,"motorcycle ",0,"No ","Metropolitian ","Windy","Jam ",1
"6/03/2022","22:10:00","22:20:00",20,"Buffet ",24,5,19,"scooter ",1,"No ","Metropolitian ","Sunny","Low ",0
"2/04/2022","17:50:00","17:55:00",19,"Drinks ",32,4.8,18,"motorcycle ",1,"No ","Metropolitian ","Sunny","Medium ",1
"8/03/2022","21:50:00","22:00:00",33,"Snack ",29,4.9,15,"motorcycle ",0,"No ","Metropolitian ","Sandstorms","Jam ",0
"12/03/2022","22:15:00","22:25:00",23,"Buffet ",20,4.7,18,"scooter ",2,"No ","Metropolitian ","Cloudy","Low ",0
"14/03/2022","22:20:00","22:30:00",17,"Drinks ",25,4.8,23,"scooter ",2,"No ","Metropolitian ","Windy","Low ",1
"8/03/2022","19:15:00","19:20:00",30,"Buffet ",21,4.7,23,"electric_scooter ",2,"No ","Metropolitian ","Fog","Jam ",1
"9/03/2022","11:15:00","11:30:00",24,"Snack ",32,4.9,12,"scooter ",1,"No ","Metropolitian ","Sunny","High ",0
"15/02/2022","23:25:00","23:35:00",16,"Snack ",21,5,17,"scooter ",2,"No ","Urban ","Windy","Low ",0
"12/02/2022","18:35:00","18:50:00",27,"Snack ",27,4.6,5,"scooter ",1,"No ","Metropolitian ","Stormy","Medium ",1
"5/04/2022","20:20:00","20:30:00",29,"Drinks ",32,4.8,16,"motorcycle ",1,"No ","Metropolitian ","Sandstorms","Jam ",1
"4/03/2022","21:10:00","21:25:00",39,"Buffet ",24,4.2,3,"scooter ",2,"No ","Metropolitian ","Fog","Jam ",1
"26/03/2022","11:25:00","11:40:00",37,"Meal ",36,4.7,11,"motorcycle ",0,"No ","Metropolitian ","Windy","High ",2
"28/03/2022","12:00:00","12:15:00",32,"Drinks ",36,4.4,2,"scooter ",2,"No ","Metropolitian ","Stormy","High ",1
"25/03/2022","18:40:00","18:50:00",29,"Drinks ",28,4.6,17,"motorcycle ",1,"No ","Urban ","Windy","Medium ",1
"14/02/2022","18:10:00","18:25:00",36,"Buffet ",30,4.7,19,"motorcycle ",1,"No ","Urban ","Cloudy","Medium ",2
"5/04/2022","20:00:00","20:15:00",25,"Drinks ",38,4.9,15,"motorcycle ",0,"No ","Metropolitian ","Cloudy","Jam ",1
"28/03/2022","15:00:00","15:05:00",31,"Snack ",34,4,5,"motorcycle ",0,"No ","Metropolitian ","Fog","High ",1
"9/03/2022","9:55:00","10:00:00",23,"Meal ",38,4.8,22,"electric_scooter ",2,"No ","Urban ","Sandstorms","Low ",1
"2/04/2022","19:40:00","19:45:00",35,"Snack ",36,3.7,13,"scooter ",2,"No ","Metropolitian ","Stormy","Jam ",2
"11/02/2022","19:25:00","19:30:00",29,"Drinks ",32,4.7,17,"motorcycle ",1,"No ","Urban ","Stormy","Jam ",1
"12/03/2022","22:40:00","22:55:00",34,"Drinks ",30,4.4,23,"scooter ",2,"No ","Metropolitian ","Cloudy","Low ",1
"11/03/2022","21:45:00","21:55:00",26,"Buffet ",39,4.8,15,"electric_scooter ",2,"No ","Metropolitian ","Sandstorms","Jam ",0
"5/04/2022","14:55:00","15:00:00",26,"Buffet ",32,5,16,"motorcycle ",1,"No ","Metropolitian ","Sandstorms","High ",1
"10/03/2022","17:40:00","17:45:00",28,"Drinks ",26,4.7,12,"motorcycle ",0,"No ","Metropolitian ","Windy","Medium ",1
"8/03/2022","20:15:00","20:30:00",38,"Drinks ",32,4.4,14,"scooter ",2,"No ","Metropolitian ","Windy","Jam ",0
"31/03/2022","19:40:00","19:50:00",46,"Drinks ",34,4.6,13,"motorcycle ",0,"No ","Metropolitian ","Fog","Jam ",2
"11/03/2022","0:00:00","0:15:00",16,"Snack ",26,4.8,16,"scooter ",2,"No ","Metropolitian ","Stormy","Low ",1
"29/03/2022","17:45:00","18:00:00",30,"Drinks ",25,4.8,7,"scooter ",2,"No ","Metropolitian ","Fog","Medium ",0
"29/03/2022","21:40:00","21:50:00",51,"Drinks ",37,4.7,5,"motorcycle ",0,"No ","Metropolitian ","Windy","Jam ",1
"12/03/2022","23:40:00","23:55:00",28,"Snack ",21,4.7,21,"scooter ",1,"No ","Metropolitian ","Sunny","Low ",1
"2/03/2022","20:20:00","20:25:00",49,"Meal ",32,4.1,6,"motorcycle ",1,"No ","Metropolitian ","Stormy","Jam ",1
"12/02/2022","23:35:00","23:40:00",27,"Drinks ",31,4.8,8,"scooter ",1,"No ","Metropolitian ","Fog","Low ",1
"17/02/2022","20:00:00","20:15:00",28,"Meal ",39,5,6,"scooter ",2,"No ","Metropolitian ","Sandstorms","Jam ",1
"7/03/2022","23:50:00","23:55:00",11,"Snack ",34,4.7,23,"scooter ",1,"No ","Metropolitian ","Sunny","Low ",0
"5/04/2022","9:40:00","9:55:00",15,"Buffet ",33,4.9,23,"motorcycle ",1,"No ","Metropolitian ","Fog","Low ",1
"31/03/2022","19:30:00","19:45:00",49,"Snack ",33,4.1,11,"scooter ",2,"No ","Metropolitian ","Cloudy","Jam ",2
"15/03/2022","9:20:00","9:30:00",15,"Meal ",36,4.8,21,"scooter ",1,"No ","Urban ","Sunny","Low ",1
"15/02/2022","17:25:00","17:35:00",30,"Buffet ",38,4.9,6,"motorcycle ",0,"No ","Metropolitian ","Stormy","Medium ",1
"14/02/2022","21:25:00","21:35:00",50,"Meal ",36,4.6,6,"motorcycle ",0,"No ","Metropolitian ","Fog","Jam ",2
"14/03/2022","22:40:00","22:55:00",22,"Drinks ",21,4.6,23,"motorcycle ",0,"No ","Metropolitian ","Cloudy","Low ",1
"7/03/2022","19:10:00","19:25:00",22,"Snack ",21,4.5,22,"scooter ",2,"No ","Metropolitian ","Windy","Jam ",0
"1/03/2022","17:20:00","17:25:00",17,"Meal ",39,4.7,19,"scooter ",2,"No ","Metropolitian ","Fog","Medium ",0
"29/03/2022","23:20:00","23:25:00",28,"Drinks ",38,4.5,17,"scooter ",2,"No ","Metropolitian ","Cloudy","Low ",0
"3/04/2022","21:40:00","21:45:00",30,"Buffet ",33,4.6,22,"motorcycle ",0,"No ","Urban ","Fog","Jam ",1
"4/04/2022","22:50:00","22:55:00",17,"Meal ",28,4.9,15,"scooter ",2,"No ","Urban ","Stormy","Low ",0
"15/03/2022","8:25:00","8:30:00",15,"Drinks ",28,4.7,21,"motorcycle ",1,"No ","Urban ","Cloudy","Low ",1
"7/03/2022","8:15:00","8:20:00",19,"Snack ",25,4.8,22,"scooter ",1,"No ","Urban ","Sandstorms","Low ",1
"4/03/2022","20:00:00","20:15:00",33,"Snack ",24,4.2,11,"motorcycle ",1,"No ","Metropolitian ","Fog","Jam ",0
"18/03/2022","22:35:00","22:40:00",37,"Drinks ",31,3.9,16,"electric_scooter ",2,"No ","Metropolitian ","Cloudy","Low ",1
"10/03/2022","19:20:00","19:30:00",28,"Drinks ",35,4.9,17,"scooter ",1,"No ","Metropolitian ","Sandstorms","Jam ",1
"19/03/2022","19:45:00","20:00:00",32,"Drinks ",20,4.7,13,"motorcycle ",2,"No ","Metropolitian ","Fog","Jam ",1
"28/03/2022","11:40:00","11:45:00",20,"Snack ",33,4.7,21,"motorcycle ",0,"No ","Urban ","Sunny","High ",1
"13/02/2022","23:50:00","0:00:00",12,"Snack ",29,4.9,15,"motorcycle ",1,"No ","Urban ","Fog","Low ",0
"4/03/2022","18:15:00","18:25:00",22,"Snack ",28,4.7,15,"motorcycle ",0,"No ","Metropolitian ","Stormy","Medium ",1
"9/03/2022","16:30:00","16:35:00",23,"Meal ",39,5,22,"scooter ",2,"No ","Metropolitian ","Sunny","Medium ",1
"17/03/2022","17:15:00","17:30:00",23,"Snack ",21,4.5,13,"motorcycle ",1,"No ","Metropolitian ","Windy","Medium ",1
"3/04/2022","20:45:00","20:50:00",34,"Drinks ",38,4.7,15,"scooter ",1,"No ","Metropolitian ","Cloudy","Jam ",1
"8/03/2022","22:00:00","22:15:00",48,"Snack ",34,4.2,5,"motorcycle ",0,"No ","Metropolitian ","Sandstorms","Jam ",3
"1/03/2022","8:15:00","8:25:00",18,"Drinks ",38,4.6,21,"scooter ",2,"No ","Metropolitian ","Stormy","Low ",1
"2/03/2022","18:10:00","18:25:00",41,"Drinks ",37,4.7,16,"motorcycle ",0,"No ","Metropolitian ","Stormy","Medium ",1
"11/02/2022","9:25:00","9:30:00",13,"Drinks ",32,5,19,"motorcycle ",1,"No ","Urban ","Sunny","Low ",0
"26/03/2022","19:35:00","19:45:00",36,"Snack ",30,4.6,2,"motorcycle ",0,"No ","Metropolitian ","Stormy","Jam ",1
"3/03/2022","23:10:00","23:15:00",23,"Meal ",29,4.4,9,"motorcycle ",0,"No ","Metropolitian ","Windy","Low ",1
"19/03/2022","22:25:00","22:30:00",14,"Meal ",26,4.5,3,"scooter ",1,"No ","Urban ","Fog","Low ",0
"20/03/2022","17:30:00","17:35:00",46,"Buffet ",37,4.9,11,"motorcycle ",0,"No ","Metropolitian ","Cloudy","Medium ",1
"24/03/2022","8:15:00","8:20:00",14,"Meal ",23,4.5,21,"motorcycle ",0,"No ","Metropolitian ","Sunny","Low ",1
"25/03/2022","18:50:00","19:00:00",26,"Meal ",24,4.9,17,"motorcycle ",2,"No ","Urban ","Stormy","Medium ",1
"17/02/2022","23:15:00","23:25:00",17,"Buffet ",33,4.9,3,"motorcycle ",1,"No ","Metropolitian ","Fog","Low ",0
"4/04/2022","17:45:00","18:00:00",32,"Drinks ",29,4.7,23,"motorcycle ",0,"No ","Urban ","Fog","Medium ",1
"14/02/2022","20:20:00","20:25:00",24,"Meal ",22,4.8,7,"scooter ",1,"No ","Metropolitian ","Windy","Jam ",0
"1/04/2022","20:15:00","20:20:00",32,"Drinks ",37,4.3,12,"scooter ",2,"No ","Metropolitian ","Cloudy","Jam ",0
"2/04/2022","18:55:00","19:10:00",19,"Buffet ",23,4.7,18,"motorcycle ",2,"No ","Metropolitian ","Sunny","Medium ",1
"5/03/2022","8:25:00","8:40:00",25,"Drinks ",35,4.7,15,"motorcycle ",1,"No ","Urban ","Sandstorms","Low ",0
"25/03/2022","17:55:00","18:05:00",39,"Snack ",32,4.1,8,"motorcycle ",0,"No ","Metropolitian ","Stormy","Medium ",1
"10/03/2022","21:40:00","21:50:00",48,"Snack ",35,4.1,3,"scooter ",1,"No ","Semi-Urban ","Cloudy","Jam ",1
"18/03/2022","20:55:00","21:05:00",23,"Snack ",22,4.8,5,"motorcycle ",0,"No ","Metropolitian ","Sunny","Jam ",1
"5/04/2022","11:20:00","11:25:00",25,"Snack ",24,4.5,1,"scooter ",1,"No ","Metropolitian ","Sandstorms","High ",1
"19/03/2022","21:20:00","21:30:00",23,"Snack ",25,4.6,21,"motorcycle ",0,"No ","Metropolitian ","Cloudy","Jam ",0
"1/03/2022","8:30:00","8:35:00",20,"Snack ",25,4.2,3,"motorcycle ",0,"No ","Urban ","Sandstorms","Low ",0
"15/03/2022","12:40:00","12:55:00",19,"Snack ",29,4.9,23,"motorcycle ",1,"No ","Metropolitian ","Sunny","High ",1
"23/03/2022","21:35:00","21:40:00",33,"Meal ",21,4.7,7,"motorcycle ",1,"No ","Metropolitian ","Cloudy","Jam ",0
"12/03/2022","0:00:00","0:10:00",19,"Snack ",22,4.5,23,"motorcycle ",1,"No ","Metropolitian ","Stormy","Low ",1
"8/03/2022","19:00:00","19:05:00",35,"Drinks ",21,4.8,19,"motorcycle ",2,"No ","Metropolitian ","Sunny","Medium ",2
"2/04/2022","20:40:00","20:50:00",16,"Drinks ",35,4.6,22,"motorcycle ",2,"No ","Metropolitian ","Sunny","Jam ",0
"6/03/2022","17:55:00","18:10:00",38,"Drinks ",27,4.8,13,"motorcycle ",0,"No ","Metropolitian ","Stormy","Medium ",2
"12/02/2022","19:35:00","19:40:00",44,"Meal ",34,3.8,12,"scooter ",2,"No ","Metropolitian ","Windy","Jam ",0
"9/03/2022","15:40:00","15:50:00",19,"Drinks ",20,4.6,16,"motorcycle ",1,"No ","Urban ","Stormy","Medium ",1
"28/03/2022","22:50:00","23:00:00",19,"Drinks ",25,4.7,19,"motorcycle ",0,"No ","Urban ","Fog","Low ",1
"18/02/2022","21:45:00","21:55:00",44,"Snack ",33,4.1,16,"motorcycle ",0,"No ","Metropolitian ","Sandstorms","Jam ",2
"18/03/2022","23:35:00","23:50:00",31,"Snack ",31,3.5,4,"scooter ",2,"No ","Urban ","Fog","Low ",1
"5/03/2022","10:20:00","10:30:00",24,"Meal ",29,4.6,23,"motorcycle ",0,"No ","Metropolitian ","Fog","Low ",0
"11/03/2022","11:40:00","11:50:00",31,"Snack ",23,4.6,16,"scooter ",2,"No ","Metropolitian ","Cloudy","High ",1
"6/04/2022","18:45:00","18:50:00",41,"Drinks ",22,4.9,19,"motorcycle ",0,"No ","Metropolitian ","Cloudy","Medium ",1
"4/03/2022","23:45:00","0:00:00",42,"Snack ",38,5,21,"motorcycle ",0,"No ","Urban ","Sandstorms","Low ",1
"24/03/2022","23:45:00","23:50:00",14,"Snack ",27,4.8,13,"motorcycle ",2,"No ","Metropolitian ","Cloudy","Low ",1
"20/03/2022","22:25:00","22:40:00",43,"Drinks ",20,3.1,3,"electric_scooter ",2,"No ","Metropolitian ","Sunny","Low ",2
"25/03/2022","21:40:00","21:55:00",38,"Drinks ",29,4.4,4,"electric_scooter ",2,"No ","Urban ","Fog","Jam ",2
"21/03/2022","10:55:00","11:10:00",12,"Drinks ",35,4.9,15,"scooter ",2,"No ","Urban ","Sunny","Low ",0
"31/03/2022","21:15:00","21:20:00",39,"Snack ",25,4.2,13,"motorcycle ",0,"No ","Metropolitian ","Windy","Jam ",0
"1/03/2022","20:50:00","21:00:00",49,"Meal ",32,4.4,18,"motorcycle ",0,"No ","Metropolitian ","Stormy","Jam ",1
"2/03/2022","17:40:00","17:45:00",25,"Drinks ",30,4.5,23,"scooter ",1,"No ","Metropolitian ","Sunny","Medium ",1
"16/03/2022","21:40:00","21:45:00",19,"Snack ",20,4.5,9,"motorcycle ",2,"No ","Metropolitian ","Stormy","Jam ",1
"6/03/2022","23:50:00","23:55:00",21,"Buffet ",20,4.7,12,"motorcycle ",2,"No ","Metropolitian ","Sunny","Low ",1
"15/03/2022","9:15:00","9:30:00",29,"Buffet ",36,4.7,16,"electric_scooter ",2,"No ","Metropolitian ","Sandstorms","Low ",1
"4/03/2022","20:40:00","20:50:00",19,"Meal ",27,4.5,21,"electric_scooter ",2,"No ","Metropolitian ","Stormy","Jam ",0
"17/02/2022","15:15:00","15:30:00",30,"Meal ",39,4.6,3,"scooter ",1,"No ","Metropolitian ","Sandstorms","Medium ",1
"17/03/2022","22:40:00","22:50:00",15,"Drinks ",23,4.7,21,"electric_scooter ",2,"No ","Urban ","Sunny","Low ",1
"14/03/2022","21:55:00","22:05:00",47,"Snack ",34,5,23,"motorcycle ",0,"No ","Metropolitian ","Cloudy","Jam ",1
"18/02/2022","18:00:00","18:15:00",24,"Meal ",28,4.7,5,"motorcycle ",0,"No ","Metropolitian ","Sandstorms","Medium ",1
"13/03/2022","19:55:00","20:00:00",30,"Snack ",35,4.8,21,"scooter ",2,"No ","Urban ","Fog","Jam ",0
"29/03/2022","18:20:00","18:25:00",25,"Buffet ",28,4.8,17,"scooter ",1,"No ","Urban ","Cloudy","Medium ",1
"13/03/2022","19:50:00","19:55:00",34,"Snack ",35,4.9,9,"scooter ",1,"No ","Metropolitian ","Cloudy","Jam ",1
"15/03/2022","11:55:00","12:05:00",34,"Meal ",37,4.3,16,"scooter ",2,"No ","Metropolitian ","Stormy","High ",1
"8/03/2022","17:55:00","18:10:00",21,"Snack ",30,5,17,"motorcycle ",2,"No ","Urban ","Sandstorms","Medium ",0
"23/03/2022","23:40:00","23:50:00",25,"Snack ",29,4.8,21,"scooter ",1,"No ","Metropolitian ","Fog","Low ",1
"23/03/2022","23:35:00","23:45:00",19,"Snack ",23,4.8,17,"scooter ",1,"No ","Urban ","Sandstorms","Low ",0
"21/03/2022","10:25:00","10:30:00",25,"Drinks ",37,4.2,15,"motorcycle ",0,"No ","Metropolitian ","Windy","Low ",0
"13/02/2022","11:10:00","11:15:00",21,"Meal ",28,4.9,4,"motorcycle ",0,"No ","Metropolitian ","Stormy","High ",1
"12/02/2022","21:10:00","21:20:00",21,"Snack ",20,4.8,6,"scooter ",1,"No ","Metropolitian ","Sandstorms","Jam ",0
"20/03/2022","22:35:00","22:45:00",18,"Drinks ",21,4.7,16,"scooter ",2,"No ","Urban ","Sandstorms","Low ",1
"31/03/2022","18:30:00","18:45:00",38,"Drinks ",39,4.8,1,"motorcycle ",0,"No ","Metropolitian ","Fog","Medium ",1
"24/03/2022","17:40:00","17:45:00",35,"Meal ",33,4.9,3,"motorcycle ",0,"No ","Metropolitian ","Sandstorms","Medium ",0
"5/03/2022","22:45:00","22:50:00",28,"Snack ",25,4.3,22,"motorcycle ",0,"No ","Metropolitian ","Stormy","Low ",1
"11/03/2022","21:35:00","21:45:00",24,"Drinks ",21,4.7,16,"motorcycle ",0,"No ","Metropolitian ","Sandstorms","Jam ",0
"15/02/2022","19:20:00","19:35:00",24,"Buffet ",37,4.6,8,"motorcycle ",0,"No ","Metropolitian ","Sunny","Jam ",1
"21/03/2022","11:55:00","12:10:00",27,"Meal ",37,4.5,16,"motorcycle ",2,"No ","Metropolitian ","Fog","High ",1
"20/03/2022","22:10:00","22:20:00",23,"Snack ",33,4.8,21,"scooter ",1,"No ","Metropolitian ","Sunny","Low ",1
"31/03/2022","19:35:00","19:40:00",53,"Snack ",33,4.5,2,"motorcycle ",0,"No ","Metropolitian ","Cloudy","Jam ",1
"16/03/2022","17:30:00","17:35:00",42,"Drinks ",26,4.9,16,"motorcycle ",0,"No ","Metropolitian ","Cloudy","Medium ",1
"28/03/2022","23:20:00","23:25:00",20,"Buffet ",38,4.7,18,"motorcycle ",0,"No ","Metropolitian ","Fog","Low ",0
"13/02/2022","17:55:00","18:10:00",18,"Snack ",26,4.6,17,"motorcycle ",1,"No ","Urban ","Sunny","Medium ",1
"27/03/2022","22:25:00","22:30:00",22,"Buffet ",37,4.8,17,"motorcycle ",0,"No ","Urban ","Sandstorms","Low ",0
"6/03/2022","23:00:00","23:10:00",15,"Drinks ",36,4.8,17,"motorcycle ",1,"No ","Urban ","Stormy","Low ",1
"28/03/2022","10:20:00","10:35:00",28,"Snack ",35,4.7,21,"motorcycle ",1,"No ","Urban ","Stormy","Low ",0
"5/04/2022","23:50:00","0:00:00",21,"Buffet ",31,4.8,15,"electric_scooter ",2,"No ","Metropolitian ","Stormy","Low ",1
"17/02/2022","21:55:00","22:10:00",26,"Snack ",26,4.5,5,"scooter ",1,"No ","Metropolitian ","Fog","Jam ",1
"8/03/2022","17:45:00","18:00:00",23,"Buffet ",24,4.9,23,"motorcycle ",1,"No ","Metropolitian ","Windy","Medium ",1
"3/04/2022","8:30:00","8:45:00",27,"Buffet ",36,4.5,21,"motorcycle ",0,"No ","Metropolitian ","Fog","Low ",0
"4/04/2022","23:25:00","23:35:00",25,"Buffet ",20,4.9,18,"motorcycle ",2,"No ","Metropolitian ","Sunny","Low ",0
"24/03/2022","17:55:00","18:00:00",17,"Meal ",36,4.7,16,"motorcycle ",2,"No ","Metropolitian ","Cloudy","Medium ",0
"31/03/2022","17:10:00","17:15:00",23,"Drinks ",27,4.6,13,"scooter ",2,"No ","Metropolitian ","Windy","Medium ",1
"5/03/2022","12:40:00","12:45:00",37,"Drinks ",34,4.2,8,"motorcycle ",0,"No ","Metropolitian ","Stormy","High ",2
"29/03/2022","18:50:00","19:00:00",27,"Drinks ",33,5,3,"scooter ",1,"No ","Urban ","Sunny","Medium ",1
"15/03/2022","9:55:00","10:05:00",20,"Drinks ",35,4.8,19,"motorcycle ",0,"No ","Metropolitian ","Cloudy","Low ",0
"21/03/2022","11:10:00","11:25:00",36,"Buffet ",31,5,22,"motorcycle ",1,"No ","Urban ","Fog","High ",1
"16/02/2022","22:55:00","23:10:00",22,"Snack ",31,4.9,2,"motorcycle ",1,"No ","Metropolitian ","Windy","Low ",1
"14/03/2022","19:15:00","19:25:00",49,"Snack ",20,4.8,15,"motorcycle ",0,"Yes ","Urban ","Fog","Jam ",1
"17/02/2022","11:35:00","11:50:00",28,"Snack ",34,4.6,23,"electric_scooter ",2,"No ","Urban ","Cloudy","High ",1
"12/03/2022","22:30:00","22:40:00",21,"Snack ",24,4.9,14,"motorcycle ",2,"No ","Metropolitian ","Cloudy","Low ",0
"18/03/2022","21:50:00","22:00:00",34,"Drinks ",38,3.7,19,"motorcycle ",1,"No ","Metropolitian ","Sandstorms","Jam ",2
"31/03/2022","22:20:00","22:25:00",33,"Buffet ",39,4.2,7,"electric_scooter ",2,"No ","Metropolitian ","Cloudy","Low ",0
"25/03/2022","18:25:00","18:40:00",16,"Snack ",28,4.8,21,"motorcycle ",1,"No ","Metropolitian ","Sandstorms","Medium ",0
"23/03/2022","23:40:00","23:45:00",22,"Snack ",31,4.9,13,"motorcycle ",0,"No ","Metropolitian ","Sandstorms","Low ",1
"13/02/2022","23:35:00","23:50:00",17,"Snack ",27,4.4,9,"motorcycle ",0,"No ","Metropolitian ","Sandstorms","Low ",0
"24/03/2022","12:40:00","12:50:00",30,"Snack ",38,4.7,7,"motorcycle ",0,"No ","Metropolitian ","Cloudy","High ",1
"2/04/2022","22:50:00","23:00:00",33,"Drinks ",22,2.9,12,"scooter ",2,"No ","Metropolitian ","Sunny","Low ",1
"21/03/2022","22:55:00","23:00:00",27,"Buffet ",36,4.9,15,"motorcycle ",0,"No ","Metropolitian ","Fog","Low ",0
"13/02/2022","13:25:00","13:30:00",31,"Drinks ",38,4,17,"scooter ",1,"No ","Metropolitian ","Sandstorms","High ",1
"3/03/2022","17:45:00","17:55:00",19,"Drinks ",37,4.7,16,"motorcycle ",2,"No ","Urban ","Sunny","Medium ",0
"31/03/2022","21:40:00","21:55:00",27,"Buffet ",35,4.8,1,"electric_scooter ",2,"No ","Urban ","Sandstorms","Jam ",1
"11/02/2022","20:45:00","21:00:00",33,"Drinks ",34,4.7,7,"scooter ",1,"No ","Metropolitian ","Sandstorms","Jam ",1
"26/03/2022","21:00:00","21:05:00",26,"Meal ",37,4.8,13,"scooter ",1,"No ","Metropolitian ","Fog","Jam ",1
"18/02/2022","20:15:00","20:25:00",22,"Snack ",29,4.8,23,"electric_scooter ",2,"No ","Urban ","Sunny","Jam ",1
"29/03/2022","20:00:00","20:10:00",52,"Buffet ",36,4,9,"motorcycle ",0,"No ","Metropolitian ","Windy","Jam ",1
"12/02/2022","21:20:00","21:30:00",40,"Snack ",31,4.7,6,"motorcycle ",0,"No ","Metropolitian ","Fog","Jam ",1
"1/04/2022","10:35:00","10:40:00",17,"Snack ",20,4.7,9,"motorcycle ",1,"No ","Metropolitian ","Windy","Low ",1
"26/03/2022","13:25:00","13:40:00",28,"Buffet ",20,4.9,17,"scooter ",2,"No ","Metropolitian ","Cloudy","High ",0
"20/03/2022","19:30:00","19:40:00",36,"Drinks ",27,4.3,11,"scooter ",1,"No ","Metropolitian ","Fog","Jam ",2
"5/04/2022","14:50:00","14:55:00",16,"Meal ",28,4.5,3,"scooter ",2,"No ","Metropolitian ","Sandstorms","High ",0
"28/03/2022","10:00:00","10:10:00",29,"Snack ",38,4.7,11,"motorcycle ",0,"No ","Metropolitian ","Sunny","Low ",1
"1/04/2022","19:25:00","19:35:00",25,"Snack ",33,4.9,22,"motorcycle ",1,"No ","Metropolitian ","Fog","Jam ",0
"1/04/2022","15:50:00","15:55:00",29,"Buffet ",34,4.9,11,"motorcycle ",1,"No ","Metropolitian ","Stormy","Medium ",1
"7/03/2022","17:35:00","17:45:00",34,"Snack ",36,4,8,"scooter ",1,"No ","Metropolitian ","Stormy","Medium ",1
"25/03/2022","19:45:00","19:55:00",37,"Drinks ",21,4.1,5,"scooter ",2,"No ","Metropolitian ","Cloudy","Jam ",0
"9/03/2022","16:55:00","17:05:00",18,"Snack ",30,4.7,22,"scooter ",1,"No ","Urban ","Sunny","Medium ",0
"11/02/2022","13:35:00","13:50:00",33,"Buffet ",23,4,15,"scooter ",2,"No ","Metropolitian ","Stormy","High ",1
"19/03/2022","17:50:00","17:55:00",21,"Buffet ",33,4.5,2,"motorcycle ",2,"No ","Metropolitian ","Sunny","Medium ",0
"17/03/2022","8:35:00","8:50:00",29,"Snack ",35,4.9,7,"motorcycle ",0,"No ","Metropolitian ","Sunny","Low ",0
"16/03/2022","17:40:00","17:55:00",30,"Drinks ",33,4.6,22,"electric_scooter ",2,"No ","Metropolitian ","Cloudy","Medium ",1
"3/03/2022","8:45:00","8:55:00",13,"Drinks ",21,5,23,"scooter ",1,"No ","Metropolitian ","Sandstorms","Low ",0
"1/04/2022","22:25:00","22:40:00",28,"Snack ",32,4.8,23,"scooter ",1,"No ","Metropolitian ","Windy","Low ",1
"7/03/2022","17:20:00","17:25:00",24,"Snack ",28,4.9,13,"scooter ",2,"No ","Metropolitian ","Stormy","Medium ",1
"28/03/2022","21:55:00","22:00:00",19,"Drinks ",29,4.9,16,"motorcycle ",0,"No ","Metropolitian ","Stormy","Jam ",0
"13/02/2022","12:00:00","12:10:00",30,"Drinks ",36,4.7,2,"motorcycle ",1,"No ","Metropolitian ","Stormy","High ",1
"26/03/2022","23:50:00","0:05:00",12,"Buffet ",25,5,19,"scooter ",1,"No ","Urban ","Sandstorms","Low ",1
"16/02/2022","21:30:00","21:45:00",30,"Buffet ",38,4.5,1,"scooter ",1,"No ","Urban ","Sunny","Jam ",1
"3/04/2022","10:35:00","10:45:00",20,"Snack ",30,4.7,9,"motorcycle ",2,"No ","Metropolitian ","Sandstorms","Low ",0
"12/02/2022","21:40:00","21:55:00",42,"Snack ",36,4.2,3,"scooter ",1,"No ","Urban ","Fog","Jam ",2
"1/04/2022","20:20:00","20:30:00",23,"Drinks ",27,4.6,23,"electric_scooter ",2,"No ","Metropolitian ","Cloudy","Jam ",1
"18/02/2022","20:55:00","21:00:00",18,"Snack ",26,4.7,22,"scooter ",2,"No ","Urban ","Windy","Jam ",0
"7/03/2022","10:55:00","11:05:00",19,"Drinks ",34,4.8,23,"scooter ",2,"No ","Metropolitian ","Sunny","Low ",1
"3/04/2022","23:55:00","0:10:00",23,"Snack ",39,4.4,23,"motorcycle ",0,"No ","Metropolitian ","Stormy","Low ",0
"10/03/2022","23:20:00","23:25:00",26,"Meal ",28,4.9,18,"motorcycle ",1,"No ","Metropolitian ","Cloudy","Low ",0
"17/03/2022","10:55:00","11:10:00",17,"Drinks ",33,5,14,"scooter ",1,"No ","Metropolitian ","Fog","Low ",1
"14/02/2022","23:30:00","23:45:00",17,"Drinks ",39,4.6,3,"motorcycle ",1,"No ","Metropolitian ","Windy","Low ",1
"8/03/2022","22:15:00","22:25:00",24,"Meal ",27,5,23,"motorcycle ",1,"No ","Urban ","Stormy","Low ",0
"10/03/2022","23:55:00","0:05:00",43,"Snack ",22,2.7,6,"scooter ",1,"No ","Metropolitian ","Sunny","Low ",2
"15/03/2022","15:35:00","15:40:00",15,"Drinks ",39,4.9,18,"scooter ",1,"No ","Metropolitian ","Cloudy","Medium ",0
"3/04/2022","10:40:00","10:55:00",19,"Meal ",39,4.7,23,"motorcycle ",2,"No ","Metropolitian ","Fog","Low ",1
"18/02/2022","23:45:00","0:00:00",21,"Snack ",34,4.6,19,"motorcycle ",0,"No ","Urban ","Sandstorms","Low ",1
"12/03/2022","19:25:00","19:35:00",54,"Drinks ",31,4,6,"motorcycle ",0,"No ","Urban ","Windy","Jam ",1
"21/03/2022","15:10:00","15:20:00",33,"Meal ",38,4.1,13,"motorcycle ",0,"No ","Metropolitian ","Stormy","Medium ",0
"27/03/2022","23:50:00","0:05:00",37,"Meal ",35,3.7,4,"motorcycle ",1,"No ","Metropolitian ","Cloudy","Low ",0
"15/02/2022","15:30:00","15:35:00",31,"Meal ",34,4.2,4,"scooter ",2,"No ","Metropolitian ","Sandstorms","Medium ",0
"2/03/2022","23:15:00","23:20:00",15,"Meal ",24,4.9,13,"scooter ",1,"No ","Metropolitian ","Stormy","Low ",1
"29/03/2022","20:45:00","20:50:00",21,"Drinks ",25,4.9,14,"scooter ",1,"No ","Metropolitian ","Stormy","Jam ",0
"17/03/2022","18:20:00","18:35:00",17,"Drinks ",25,4.9,3,"motorcycle ",0,"No ","Metropolitian ","Windy","Medium ",0
"13/02/2022","19:25:00","19:30:00",20,"Snack ",39,4.6,7,"motorcycle ",0,"No ","Metropolitian ","Sunny","Jam ",1
"3/04/2022","9:50:00","9:55:00",25,"Drinks ",24,4.5,23,"motorcycle ",0,"No ","Metropolitian ","Sandstorms","Low ",0
"3/03/2022","18:30:00","18:45:00",26,"Snack ",35,4.9,19,"motorcycle ",0,"No ","Metropolitian ","Stormy","Medium ",1
"12/03/2022","21:00:00","21:10:00",37,"Buffet ",24,4.9,18,"motorcycle ",0,"No ","Metropolitian ","Fog","Jam ",1
"14/03/2022","20:10:00","20:20:00",35,"Buffet ",39,3.8,9,"scooter ",2,"No ","Metropolitian ","Stormy","Jam ",1
"12/02/2022","19:20:00","19:35:00",50,"Snack ",39,4.9,15,"motorcycle ",0,"Yes ","Semi-Urban ","Windy","Jam ",0
"8/03/2022","20:00:00","20:05:00",35,"Snack ",37,3.8,6,"scooter ",1,"No ","Metropolitian ","Windy","Jam ",1
"18/03/2022","22:55:00","23:00:00",27,"Buffet ",32,4.7,6,"motorcycle ",0,"No ","Metropolitian ","Windy","Low ",1
"30/03/2022","10:30:00","10:35:00",21,"Snack ",35,4,12,"motorcycle ",0,"No ","Metropolitian ","Stormy","Low ",0
"12/03/2022","22:10:00","22:25:00",15,"Meal ",35,4.6,9,"electric_scooter ",2,"No ","Metropolitian ","Windy","Low ",0
"11/02/2022","22:20:00","22:35:00",22,"Buffet ",38,4.4,1,"motorcycle ",0,"No ","Urban ","Stormy","Low ",0
"15/02/2022","15:30:00","15:35:00",16,"Snack ",34,4.9,5,"scooter ",2,"No ","Metropolitian ","Stormy","Medium ",0
"6/03/2022","22:30:00","22:45:00",22,"Meal ",28,4.6,22,"motorcycle ",0,"No ","Metropolitian ","Sunny","Low ",1
"26/03/2022","22:35:00","22:40:00",22,"Drinks ",26,4,22,"motorcycle ",0,"No ","Metropolitian ","Stormy","Low ",1
"29/03/2022","23:10:00","23:15:00",37,"Meal ",34,3.9,7,"scooter ",2,"No ","Metropolitian ","Fog","Low ",1
"2/04/2022","20:55:00","21:05:00",39,"Buffet ",23,4.3,5,"scooter ",1,"No ","Metropolitian ","Fog","Jam ",1
"12/03/2022","17:25:00","17:30:00",43,"Meal ",33,4.7,15,"motorcycle ",0,"No ","Metropolitian ","Stormy","Medium ",0
"3/03/2022","15:40:00","15:55:00",25,"Meal ",21,4.7,16,"motorcycle ",0,"No ","Urban ","Fog","Medium ",0
"14/03/2022","17:10:00","17:15:00",26,"Snack ",27,4.5,18,"electric_scooter ",2,"No ","Metropolitian ","Sandstorms","Medium ",1
"13/02/2022","18:55:00","19:05:00",29,"Snack ",35,4.9,21,"motorcycle ",1,"No ","Urban ","Windy","Medium ",1
"4/04/2022","18:35:00","18:50:00",17,"Snack ",24,4.9,22,"scooter ",2,"No ","Metropolitian ","Stormy","Medium ",1
"28/03/2022","23:45:00","23:55:00",18,"Snack ",38,4.7,15,"motorcycle ",1,"No ","Metropolitian ","Fog","Low ",1
"15/02/2022","13:20:00","13:35:00",31,"Drinks ",30,4.4,4,"electric_scooter ",2,"No ","Metropolitian ","Stormy","High ",1
"26/03/2022","11:55:00","12:10:00",44,"Meal ",34,4.7,11,"motorcycle ",0,"No ","Metropolitian ","Stormy","High ",3
"16/03/2022","21:50:00","21:55:00",27,"Buffet ",25,4.6,15,"scooter ",1,"No ","Metropolitian ","Sandstorms","Jam ",1
"5/04/2022","15:00:00","15:15:00",28,"Drinks ",22,4.6,15,"motorcycle ",0,"No ","Metropolitian ","Stormy","High ",1
"8/03/2022","20:45:00","20:50:00",20,"Drinks ",26,4.6,23,"scooter ",2,"No ","Metropolitian ","Sunny","Jam ",0
"26/03/2022","22:20:00","22:35:00",16,"Snack ",33,4.9,18,"motorcycle ",2,"No ","Urban ","Fog","Low ",1
"2/04/2022","22:00:00","22:15:00",39,"Buffet ",24,4.8,4,"motorcycle ",0,"No ","Metropolitian ","Cloudy","Jam ",2
"30/03/2022","9:30:00","9:35:00",22,"Snack ",39,4.7,9,"motorcycle ",0,"No ","Metropolitian ","Cloudy","Low ",1
"2/03/2022","23:55:00","0:00:00",31,"Drinks ",21,3.1,4,"motorcycle ",2,"No ","Metropolitian ","Sunny","Low ",1
"13/03/2022","20:00:00","20:05:00",39,"Buffet ",32,5,22,"scooter ",2,"Yes ","Urban ","Fog","Jam ",2
"17/02/2022","16:20:00","16:30:00",22,"Drinks ",28,4.9,5,"motorcycle ",0,"No ","Metropolitian ","Fog","Medium ",1
"7/03/2022","21:35:00","21:50:00",24,"Meal ",22,5,17,"motorcycle ",0,"No ","Urban ","Sandstorms","Jam ",1
"21/03/2022","13:35:00","13:40:00",24,"Snack ",26,4.6,18,"motorcycle ",2,"No ","Metropolitian ","Stormy","High ",1
"1/03/2022","8:45:00","8:55:00",26,"Buffet ",31,4.4,23,"motorcycle ",0,"No ","Metropolitian ","Stormy","Low ",1
"2/04/2022","18:45:00","18:50:00",32,"Drinks ",20,4.2,8,"scooter ",2,"No ","Metropolitian ","Fog","Medium ",1
"21/03/2022","10:00:00","10:10:00",26,"Buffet ",22,4.1,13,"motorcycle ",0,"No ","Metropolitian ","Windy","Low ",1
"5/03/2022","19:15:00","19:25:00",22,"Snack ",20,4.9,19,"motorcycle ",1,"No ","Metropolitian ","Sunny","Jam ",1
"9/03/2022","18:35:00","18:50:00",19,"Meal ",24,4.6,15,"motorcycle ",1,"No ","Urban ","Stormy","Medium ",1
"12/02/2022","18:50:00","19:00:00",37,"Buffet ",32,4.3,2,"motorcycle ",0,"No ","Urban ","Sunny","Medium ",1
"6/03/2022","21:40:00","21:50:00",37,"Meal ",35,4.9,21,"scooter ",1,"No ","Metropolitian ","Fog","Jam ",1
"19/03/2022","22:20:00","22:25:00",19,"Snack ",22,4.1,1,"motorcycle ",0,"No ","Urban ","Stormy","Low ",0
"30/03/2022","21:40:00","21:50:00",27,"Snack ",35,4.6,9,"motorcycle ",2,"No ","Metropolitian ","Fog","Jam ",1
"20/03/2022","17:15:00","17:20:00",23,"Snack ",34,4.9,19,"scooter ",2,"No ","Urban ","Windy","Medium ",0
"24/03/2022","11:25:00","11:40:00",25,"Meal ",22,5,15,"scooter ",2,"No ","Metropolitian ","Cloudy","High ",0
"2/04/2022","17:35:00","17:40:00",30,"Drinks ",30,4.9,2,"scooter ",1,"No ","Metropolitian ","Cloudy","Medium ",0
"5/03/2022","8:40:00","8:45:00",15,"Meal ",33,4.8,19,"scooter ",2,"No ","Urban ","Stormy","Low ",1
"28/03/2022","21:40:00","21:50:00",16,"Snack ",27,4.9,16,"electric_scooter ",2,"No ","Metropolitian ","Sunny","Jam ",0
"28/03/2022","9:10:00","9:15:00",15,"Meal ",25,4.7,23,"scooter ",2,"No ","Urban ","Cloudy","Low ",0
"11/03/2022","12:45:00","12:55:00",18,"Meal ",31,4.7,15,"electric_scooter ",2,"No ","Urban ","Sunny","High ",1
"7/03/2022","23:35:00","23:50:00",16,"Drinks ",24,5,13,"scooter ",2,"No ","Metropolitian ","Windy","Low ",1
"28/03/2022","17:55:00","18:10:00",19,"Meal ",25,4.7,15,"motorcycle ",1,"No ","Metropolitian ","Cloudy","Medium ",0
"28/03/2022","9:50:00","10:00:00",10,"Snack ",20,4.6,18,"electric_scooter ",2,"No ","Urban ","Sandstorms","Low ",0
"11/03/2022","19:50:00","20:05:00",29,"Drinks ",34,4.7,16,"motorcycle ",0,"No ","Metropolitian ","Sunny","Jam ",1
"1/03/2022","23:10:00","23:15:00",19,"Drinks ",30,4.7,16,"motorcycle ",1,"No ","Urban ","Cloudy","Low ",1
"27/03/2022","21:50:00","22:00:00",30,"Meal ",24,4.7,17,"motorcycle ",1,"No ","Urban ","Fog","Jam ",0
"3/04/2022","17:50:00","18:05:00",25,"Drinks ",23,4.8,19,"motorcycle ",0,"No ","Metropolitian ","Stormy","Medium ",0
"16/02/2022","21:35:00","21:40:00",24,"Drinks ",24,4.9,7,"motorcycle ",1,"No ","Metropolitian ","Sandstorms","Jam ",0
"18/02/2022","18:50:00","18:55:00",35,"Buffet ",32,5,4,"scooter ",1,"No ","Metropolitian ","Sandstorms","Medium ",1
"20/03/2022","21:30:00","21:35:00",41,"Drinks ",27,5,3,"motorcycle ",0,"Yes ","Metropolitian ","Fog","Jam ",0
"5/03/2022","11:15:00","11:30:00",28,"Snack ",30,4.6,13,"scooter ",2,"No ","Metropolitian ","Windy","High ",1
"12/03/2022","19:00:00","19:15:00",32,"Drinks ",24,4.2,3,"motorcycle ",0,"No ","Metropolitian ","Windy","Medium ",1
"11/03/2022","10:50:00","10:55:00",16,"Meal ",33,5,17,"scooter ",2,"No ","Urban ","Sunny","Low ",1
"2/04/2022","20:35:00","20:45:00",51,"Snack ",36,4.6,7,"motorcycle ",0,"No ","Metropolitian ","Fog","Jam ",1
"11/02/2022","22:10:00","22:20:00",20,"Meal ",39,4.8,19,"motorcycle ",1,"No ","Urban ","Windy","Low ",1
"26/03/2022","22:10:00","22:15:00",28,"Meal ",38,4.9,23,"motorcycle ",1,"No ","Metropolitian ","Windy","Low ",1
"2/04/2022","20:45:00","21:00:00",35,"Drinks ",37,4.8,23,"scooter ",2,"No ","Urban ","Fog","Jam ",1
"4/03/2022","23:50:00","0:00:00",10,"Drinks ",29,4.7,23,"scooter ",2,"No ","Urban ","Stormy","Low ",1
"4/04/2022","18:40:00","18:50:00",44,"Snack ",24,4.8,23,"motorcycle ",0,"Yes ","Urban ","Fog","Medium ",0
"16/02/2022","20:25:00","20:30:00",50,"Buffet ",36,4.5,5,"motorcycle ",0,"No ","Urban ","Fog","Jam ",2
"14/02/2022","19:15:00","19:25:00",43,"Meal ",38,4.2,6,"scooter ",2,"No ","Metropolitian ","Stormy","Jam ",1
"19/03/2022","12:35:00","12:40:00",31,"Meal ",32,4.1,12,"motorcycle ",1,"No ","Metropolitian ","Sandstorms","High ",1
"17/02/2022","19:25:00","19:30:00",27,"Buffet ",24,4.6,5,"motorcycle ",2,"No ","Metropolitian ","Fog","Jam ",1
"13/02/2022","23:25:00","23:30:00",17,"Snack ",34,4.9,5,"scooter ",2,"No ","Metropolitian ","Fog","Low ",1
"17/02/2022","10:20:00","10:25:00",25,"Meal ",33,4.7,6,"motorcycle ",0,"No ","Metropolitian ","Stormy","Low ",1
"6/04/2022","23:10:00","23:15:00",24,"Drinks ",34,4.9,17,"scooter ",2,"No ","Metropolitian ","Sandstorms","Low ",1
"30/03/2022","23:00:00","23:10:00",17,"Drinks ",25,4.9,15,"motorcycle ",0,"No ","Metropolitian ","Cloudy","Low ",1
"17/02/2022","20:10:00","20:25:00",33,"Buffet ",32,4.8,4,"motorcycle ",0,"No ","Metropolitian ","Sandstorms","Jam ",1
"5/03/2022","9:50:00","10:05:00",14,"Buffet ",26,4.6,13,"motorcycle ",2,"No ","Metropolitian ","Sunny","Low ",1
"21/03/2022","15:50:00","16:00:00",25,"Snack ",28,4.8,14,"motorcycle ",0,"No ","Metropolitian ","Sandstorms","Medium ",1
"1/03/2022","17:45:00","18:00:00",21,"Drinks ",27,4.6,15,"motorcycle ",1,"No ","Urban ","Stormy","Medium ",1
"17/02/2022","23:45:00","0:00:00",11,"Drinks ",26,4.6,15,"scooter ",2,"No ","Urban ","Cloudy","Low ",1
"11/02/2022","20:20:00","20:25:00",30,"Meal ",32,4.7,5,"scooter ",2,"No ","Metropolitian ","Sandstorms","Jam ",1
"5/04/2022","21:25:00","21:35:00",30,"Drinks ",38,4.7,22,"motorcycle ",0,"No ","Metropolitian ","Stormy","Jam ",1
"26/03/2022","17:20:00","17:35:00",33,"Meal ",39,4.1,4,"motorcycle ",0,"No ","Metropolitian ","Windy","Medium ",1
"5/04/2022","12:35:00","12:45:00",29,"Buffet ",37,5,15,"motorcycle ",1,"No ","Metropolitian ","Stormy","High ",1
"20/03/2022","23:15:00","23:25:00",20,"Meal ",28,5,23,"motorcycle ",1,"No ","Metropolitian ","Cloudy","Low ",0
"25/03/2022","21:20:00","21:25:00",44,"Meal ",25,4.5,3,"motorcycle ",0,"Yes ","Metropolitian ","Fog","Jam ",1
"13/03/2022","22:30:00","22:40:00",18,"Buffet ",23,4.9,18,"scooter ",1,"No ","Urban ","Fog","Low ",1
"3/03/2022","15:20:00","15:35:00",25,"Meal ",23,4.8,19,"scooter ",2,"No ","Metropolitian ","Stormy","Medium ",1
"5/03/2022","13:30:00","13:40:00",29,"Buffet ",38,4.7,21,"motorcycle ",2,"No ","Metropolitian ","Sandstorms","High ",1
"23/03/2022","21:00:00","21:05:00",48,"Drinks ",29,5,11,"motorcycle ",0,"No ","Metropolitian ","Fog","Jam ",1
"29/03/2022","21:50:00","22:00:00",44,"Meal ",35,4.8,11,"motorcycle ",0,"No ","Metropolitian ","Windy","Jam ",1
"11/02/2022","17:10:00","17:25:00",29,"Meal ",20,4.7,19,"scooter ",1,"No ","Urban ","Stormy","Medium ",1
"18/03/2022","23:25:00","23:30:00",29,"Drinks ",38,4.8,3,"motorcycle ",2,"No ","Metropolitian ","Stormy","Low ",0
"12/03/2022","22:25:00","22:35:00",20,"Buffet ",28,4.9,21,"motorcycle ",0,"No ","Metropolitian ","Stormy","Low ",0
"15/03/2022","11:20:00","11:35:00",32,"Meal ",36,4.1,3,"scooter ",2,"No ","Metropolitian ","Sandstorms","High ",1
"17/03/2022","9:15:00","9:30:00",28,"Meal ",39,5,18,"motorcycle ",2,"No ","Metropolitian ","Stormy","Low ",1
"4/04/2022","22:35:00","22:40:00",17,"Snack ",21,4.7,9,"motorcycle ",2,"No ","Metropolitian ","Windy","Low ",1
"13/02/2022","23:30:00","23:40:00",29,"Snack ",23,4,19,"motorcycle ",0,"No ","Metropolitian ","Windy","Low ",1
"2/04/2022","20:35:00","20:45:00",21,"Meal ",22,4.6,21,"scooter ",1,"No ","Metropolitian ","Sunny","Jam ",1
"13/02/2022","23:45:00","0:00:00",11,"Snack ",24,4.8,5,"electric_scooter ",2,"No ","Metropolitian ","Fog","Low ",0
"17/03/2022","20:15:00","20:30:00",21,"Drinks ",23,4.7,12,"scooter ",2,"No ","Metropolitian ","Cloudy","Jam ",1
"6/03/2022","19:40:00","19:55:00",31,"Snack ",24,4.1,5,"scooter ",2,"No ","Metropolitian ","Sunny","Jam ",1
"7/03/2022","23:45:00","23:50:00",24,"Buffet ",25,4.1,3,"motorcycle ",0,"No ","Metropolitian ","Windy","Low ",1
"28/03/2022","14:40:00","14:50:00",23,"Buffet ",28,4.6,18,"motorcycle ",0,"No ","Metropolitian ","Fog","High ",0
"13/03/2022","10:10:00","10:25:00",32,"Snack ",33,4,3,"motorcycle ",0,"No ","Metropolitian ","Sandstorms","Low ",1
"13/02/2022","19:10:00","19:15:00",30,"Snack ",30,4.7,9,"motorcycle ",0,"No ","Metropolitian ","Windy","Jam ",1
"13/02/2022","9:25:00","9:40:00",29,"Drinks ",32,4.9,6,"scooter ",2,"No ","Metropolitian ","Sandstorms","Low ",1
"1/04/2022","8:15:00","8:30:00",22,"Meal ",36,4.9,16,"motorcycle ",0,"No ","Urban ","Fog","Low ",0
"14/03/2022","18:55:00","19:10:00",42,"Buffet ",27,4.9,23,"motorcycle ",0,"No ","Urban ","Fog","Medium ",1
"2/03/2022","21:30:00","21:35:00",44,"Buffet ",25,4.9,22,"scooter ",1,"No ","Metropolitian ","Fog","Jam ",0
"18/02/2022","23:15:00","23:20:00",20,"Meal ",31,4.7,8,"motorcycle ",0,"No ","Metropolitian ","Stormy","Low ",0
"5/03/2022","9:00:00","9:15:00",29,"Meal ",36,4.8,15,"electric_scooter ",2,"No ","Metropolitian ","Windy","Low ",0
"24/03/2022","20:45:00","20:55:00",25,"Drinks ",22,4.8,19,"motorcycle ",0,"No ","Metropolitian ","Fog","Jam ",1
"6/04/2022","18:20:00","18:35:00",21,"Snack ",20,4.7,15,"scooter ",1,"No ","Urban ","Sandstorms","Medium ",1
"11/02/2022","10:20:00","10:35:00",29,"Buffet ",34,4.6,5,"motorcycle ",0,"No ","Metropolitian ","Stormy","Low ",1
"17/02/2022","22:30:00","22:45:00",33,"Meal ",34,4.2,5,"motorcycle ",0,"No ","Metropolitian ","Sandstorms","Low ",0
"3/03/2022","19:00:00","19:10:00",11,"Meal ",26,4.6,23,"scooter ",2,"No ","Metropolitian ","Sunny","Medium ",0
"23/03/2022","19:50:00","20:05:00",26,"Snack ",29,4.9,21,"motorcycle ",0,"No ","Metropolitian ","Stormy","Jam ",1
"7/03/2022","17:25:00","17:35:00",20,"Buffet ",25,4.5,13,"motorcycle ",2,"No ","Metropolitian ","Windy","Medium ",1
"24/03/2022","0:00:00","0:05:00",27,"Snack ",38,4.3,1,"motorcycle ",0,"No ","Urban ","Stormy","Low ",1
"28/03/2022","19:30:00","19:45:00",25,"Buffet ",36,4.5,21,"scooter ",2,"No ","Metropolitian ","Windy","Jam ",1
"1/03/2022","19:55:00","20:00:00",24,"Meal ",33,4.9,22,"motorcycle ",1,"No ","Metropolitian ","Sunny","Jam ",1
"16/02/2022","17:20:00","17:30:00",28,"Drinks ",26,4.8,2,"motorcycle ",2,"No ","Metropolitian ","Stormy","Medium ",1
"16/02/2022","19:25:00","19:40:00",52,"Snack ",30,4.6,15,"motorcycle ",0,"Yes ","Semi-Urban ","Stormy","Jam ",3
"5/03/2022","21:50:00","22:05:00",28,"Snack ",32,4.7,19,"motorcycle ",0,"No ","Metropolitian ","Sunny","Jam ",1
"9/03/2022","22:45:00","22:55:00",14,"Snack ",26,4.7,16,"motorcycle ",2,"No ","Metropolitian ","Windy","Low ",0
"21/03/2022","19:25:00","19:40:00",30,"Buffet ",30,4.9,6,"scooter ",1,"No ","Metropolitian ","Cloudy","Jam ",1
"14/02/2022","17:40:00","17:45:00",36,"Meal ",30,4.4,7,"scooter ",1,"No ","Metropolitian ","Windy","Medium ",1
"29/03/2022","22:30:00","22:40:00",14,"Drinks ",24,4.8,13,"motorcycle ",1,"No ","Metropolitian ","Sandstorms","Low ",1
"14/03/2022","18:25:00","18:40:00",34,"Snack ",36,4.4,23,"scooter ",2,"No ","Metropolitian ","Fog","Medium ",1
"9/03/2022","22:45:00","22:55:00",18,"Buffet ",27,4.5,3,"scooter ",2,"No ","Urban ","Stormy","Low ",1
"1/04/2022","8:15:00","8:20:00",25,"Drinks ",38,4.7,23,"motorcycle ",0,"No ","Metropolitian ","Sunny","Low ",1
"20/03/2022","21:40:00","21:55:00",36,"Snack ",35,4.8,7,"motorcycle ",2,"No ","Metropolitian ","Cloudy","Jam ",1
"4/03/2022","22:35:00","22:50:00",25,"Drinks ",39,4.6,13,"motorcycle ",0,"No ","Metropolitian ","Sunny","Low ",0
"26/03/2022","19:10:00","19:15:00",30,"Drinks ",38,4.8,6,"scooter ",1,"No ","Metropolitian ","Fog","Jam ",1
"18/03/2022","23:35:00","23:50:00",32,"Drinks ",34,3.4,22,"motorcycle ",0,"No ","Metropolitian ","Sunny","Low ",1
"6/03/2022","20:30:00","20:45:00",20,"Drinks ",37,4.7,23,"scooter ",2,"No ","Metropolitian ","Sunny","Jam ",0
"28/03/2022","8:40:00","8:45:00",22,"Drinks ",27,4.8,23,"scooter ",1,"No ","Urban ","Sunny","Low ",0
"8/03/2022","19:45:00","19:55:00",28,"Meal ",31,4.6,13,"scooter ",1,"No ","Metropolitian ","Stormy","Jam ",1
"1/04/2022","14:45:00","14:55:00",32,"Drinks ",26,4.2,6,"motorcycle ",0,"No ","Metropolitian ","Sandstorms","High ",1
"17/02/2022","23:45:00","23:55:00",13,"Meal ",29,5,5,"scooter ",1,"No ","Metropolitian ","Stormy","Low ",1
"4/03/2022","17:15:00","17:20:00",14,"Drinks ",24,4.5,13,"motorcycle ",1,"No ","Metropolitian ","Sunny","Medium ",1
"15/02/2022","10:35:00","10:50:00",27,"Meal ",35,4.6,4,"electric_scooter ",2,"No ","Metropolitian ","Stormy","Low ",0
"2/03/2022","22:45:00","22:50:00",39,"Drinks ",37,3.7,7,"scooter ",2,"No ","Metropolitian ","Stormy","Low ",1
"9/03/2022","17:30:00","17:35:00",16,"Drinks ",32,4.7,19,"motorcycle ",1,"No ","Metropolitian ","Fog","Medium ",0
"8/03/2022","17:15:00","17:20:00",16,"Meal ",27,4.5,4,"motorcycle ",1,"No ","Urban ","Stormy","Medium ",0
"9/03/2022","10:40:00","10:50:00",17,"Snack ",26,4.9,18,"scooter ",2,"No ","Urban ","Windy","Low ",0
"16/03/2022","19:20:00","19:25:00",16,"Buffet ",22,4.7,22,"electric_scooter ",2,"No ","Urban ","Windy","Jam ",0
"13/02/2022","23:35:00","23:45:00",27,"Snack ",36,4.5,5,"motorcycle ",0,"No ","Metropolitian ","Sunny","Low ",1
"18/03/2022","17:30:00","17:35:00",24,"Buffet ",36,4.9,16,"scooter ",1,"No ","Urban ","Stormy","Medium ",1
"30/03/2022","16:35:00","16:45:00",12,"Meal ",26,4.7,1,"scooter ",2,"No ","Urban ","Fog","Medium ",1
"25/03/2022","22:00:00","22:05:00",35,"Meal ",25,4.4,11,"motorcycle ",2,"No ","Metropolitian ","Fog","Jam ",1
"28/03/2022","8:25:00","8:30:00",15,"Buffet ",29,5,22,"motorcycle ",0,"No ","Urban ","Fog","Low ",1
"26/03/2022","20:20:00","20:30:00",33,"Buffet ",37,5,11,"scooter ",2,"No ","Metropolitian ","Windy","Jam ",0
"26/03/2022","8:30:00","8:45:00",17,"Drinks ",27,4.6,21,"motorcycle ",0,"No ","Urban ","Cloudy","Low ",1
"11/02/2022","18:45:00","19:00:00",32,"Drinks ",36,4.2,6,"motorcycle ",0,"No ","Metropolitian ","Stormy","Medium ",1
"8/03/2022","19:25:00","19:30:00",36,"Snack ",20,4.9,13,"motorcycle ",0,"No ","Metropolitian ","Sandstorms","Jam ",0
"3/04/2022","20:35:00","20:45:00",33,"Drinks ",36,4.6,19,"motorcycle ",2,"No ","Urban ","Windy","Jam ",0
"3/03/2022","11:30:00","11:40:00",28,"Snack ",29,4.5,14,"electric_scooter ",2,"No ","Metropolitian ","Stormy","High ",1
"2/03/2022","17:15:00","17:20:00",22,"Drinks ",33,4.8,21,"motorcycle ",1,"No ","Urban ","Stormy","Medium ",1
"23/03/2022","18:45:00","18:50:00",37,"Meal ",28,4.5,3,"motorcycle ",0,"No ","Metropolitian ","Fog","Medium ",1
"27/03/2022","22:50:00","23:00:00",39,"Meal ",32,4.5,8,"scooter ",1,"No ","Metropolitian ","Cloudy","Low ",0
"1/03/2022","19:55:00","20:00:00",24,"Meal ",33,4.9,22,"motorcycle ",1,"No ","Metropolitian ","Sunny","Jam ",1
"13/02/2022","9:45:00","9:55:00",20,"Drinks ",38,4.4,9,"motorcycle ",0,"No ","Metropolitian ","Sandstorms","Low ",1
"29/03/2022","20:55:00","21:05:00",42,"Meal ",32,4.3,23,"motorcycle ",0,"No ","Urban ","Windy","Jam ",1
"21/03/2022","11:35:00","11:50:00",25,"Snack ",39,4.8,14,"scooter ",2,"No ","Metropolitian ","Windy","High ",0
"15/02/2022","17:50:00","18:05:00",18,"Meal ",36,4.9,7,"motorcycle ",1,"No ","Metropolitian ","Fog","Medium ",1
"26/03/2022","20:50:00","21:05:00",34,"Drinks ",30,4.9,7,"motorcycle ",0,"No ","Metropolitian ","Fog","Jam ",0
"20/03/2022","20:35:00","20:50:00",39,"Meal ",39,3.8,8,"scooter ",1,"No ","Metropolitian ","Stormy","Jam ",1
"3/03/2022","0:00:00","0:10:00",17,"Meal ",37,5,18,"scooter ",1,"No ","Urban ","Sunny","Low ",1
"29/03/2022","20:30:00","20:40:00",22,"Snack ",23,4.8,1,"motorcycle ",1,"No ","Urban ","Sunny","Jam ",1
"13/02/2022","23:25:00","23:30:00",25,"Meal ",31,4.4,9,"motorcycle ",0,"No ","Metropolitian ","Sandstorms","Low ",1
"5/04/2022","18:25:00","18:30:00",20,"Meal ",30,4.6,23,"motorcycle ",0,"No ","Urban ","Sunny","Medium ",1
"19/03/2022","16:10:00","16:20:00",13,"Meal ",26,4.9,5,"motorcycle ",0,"No ","Metropolitian ","Sandstorms","Medium ",1
"1/04/2022","13:00:00","13:10:00",15,"Buffet ",23,4.9,18,"electric_scooter ",2,"No ","Metropolitian ","Sandstorms","High ",0
"10/03/2022","18:55:00","19:00:00",35,"Meal ",37,4,2,"scooter ",2,"No ","Metropolitian ","Cloudy","Medium ",1
"8/03/2022","17:10:00","17:15:00",38,"Meal ",31,4,13,"scooter ",2,"No ","Metropolitian ","Fog","Medium ",1
"14/02/2022","23:35:00","23:45:00",25,"Meal ",36,4.8,2,"scooter ",1,"No ","Metropolitian ","Stormy","Low ",1
"6/03/2022","18:35:00","18:50:00",27,"Drinks ",27,4.6,9,"motorcycle ",0,"No ","Metropolitian ","Sunny","Medium ",1
"23/03/2022","21:30:00","21:35:00",16,"Meal ",27,4.7,19,"scooter ",2,"No ","Urban ","Windy","Jam ",1
"6/03/2022","19:55:00","20:05:00",33,"Buffet ",32,3.8,1,"scooter ",1,"No ","Urban ","Stormy","Jam ",1
"1/04/2022","11:45:00","11:50:00",26,"Buffet ",25,4.8,3,"scooter ",1,"No ","Urban ","Windy","High ",1
"27/03/2022","19:10:00","19:25:00",15,"Drinks ",38,4.8,17,"motorcycle ",2,"No ","Metropolitian ","Sunny","Jam ",0
"1/04/2022","20:55:00","21:00:00",33,"Snack ",35,4.3,13,"motorcycle ",2,"No ","Metropolitian ","Sandstorms","Jam ",0
"1/04/2022","18:30:00","18:40:00",25,"Drinks ",21,5,22,"electric_scooter ",2,"No ","Metropolitian ","Stormy","Medium ",1
"9/03/2022","18:30:00","18:35:00",16,"Meal ",21,4.6,9,"scooter ",2,"No ","Metropolitian ","Sunny","Medium ",0
"12/03/2022","21:30:00","21:45:00",38,"Buffet ",24,4.9,21,"electric_scooter ",2,"No ","Metropolitian ","Fog","Jam ",1
"17/03/2022","18:25:00","18:35:00",17,"Meal ",27,4.8,23,"motorcycle ",0,"No ","Urban ","Sunny","Medium ",0
"1/04/2022","14:15:00","14:20:00",29,"Buffet ",33,4.9,3,"electric_scooter ",2,"No ","Metropolitian ","Fog","High ",0
"25/03/2022","23:55:00","0:05:00",18,"Buffet ",26,4.8,19,"scooter ",2,"No ","Urban ","Windy","Low ",1
"26/03/2022","9:20:00","9:25:00",15,"Drinks ",33,4.6,23,"scooter ",1,"No ","Urban ","Cloudy","Low ",0
"18/02/2022","18:20:00","18:30:00",26,"Snack ",23,4.9,4,"electric_scooter ",2,"No ","Metropolitian ","Fog","Medium ",0
"8/03/2022","17:30:00","17:40:00",30,"Drinks ",21,4.8,23,"motorcycle ",0,"No ","Metropolitian ","Sandstorms","Medium ",0
"4/03/2022","20:25:00","20:35:00",41,"Meal ",35,4.8,23,"motorcycle ",0,"Yes ","Metropolitian ","Fog","Jam ",1
"11/02/2022","8:50:00","9:05:00",26,"Meal ",38,4.1,14,"motorcycle ",0,"No ","Metropolitian ","Stormy","Low ",1
"12/02/2022","22:50:00","23:00:00",16,"Drinks ",31,4.7,15,"electric_scooter ",2,"No ","Urban ","Sandstorms","Low ",0
"11/03/2022","18:00:00","18:15:00",18,"Snack ",31,4.8,16,"scooter ",1,"No ","Urban ","Sunny","Medium ",0
"10/03/2022","22:45:00","22:50:00",15,"Snack ",22,4.7,12,"motorcycle ",2,"No ","Metropolitian ","Sandstorms","Low ",0
"11/03/2022","20:50:00","20:55:00",26,"Drinks ",31,4.7,23,"motorcycle ",1,"No ","Metropolitian ","Stormy","Jam ",1
"4/03/2022","0:00:00","0:10:00",15,"Drinks ",28,4.9,23,"motorcycle ",0,"No ","Metropolitian ","Stormy","Low ",1
"7/03/2022","14:20:00","14:25:00",43,"Snack ",32,4.3,14,"motorcycle ",0,"No ","Metropolitian ","Stormy","High ",1
"2/04/2022","17:35:00","17:40:00",20,"Buffet ",38,4.7,18,"motorcycle ",2,"No ","Metropolitian ","Sandstorms","Medium ",0
"30/03/2022","18:30:00","18:45:00",15,"Drinks ",20,4.8,6,"scooter ",2,"No ","Urban ","Fog","Medium ",1
"4/03/2022","21:25:00","21:40:00",29,"Buffet ",27,4.6,21,"motorcycle ",0,"No ","Metropolitian ","Sandstorms","Jam ",1
"1/04/2022","11:00:00","11:10:00",14,"Drinks ",20,4.7,2,"motorcycle ",2,"No ","Urban ","Fog","Low ",1
"12/03/2022","19:10:00","19:20:00",36,"Buffet ",32,4.8,17,"motorcycle ",0,"No ","Metropolitian ","Sunny","Jam ",1
"15/03/2022","8:30:00","8:45:00",15,"Drinks ",22,4.2,3,"motorcycle ",0,"No ","Metropolitian ","Windy","Low ",1
"7/03/2022","15:15:00","15:20:00",21,"Drinks ",29,4.6,16,"motorcycle ",1,"No ","Urban ","Stormy","Medium ",0
"15/03/2022","18:00:00","18:05:00",23,"Meal ",22,4.5,17,"electric_scooter ",2,"No ","Metropolitian ","Windy","Medium ",1
"16/03/2022","22:15:00","22:20:00",32,"Meal ",39,3.5,5,"motorcycle ",2,"No ","Urban ","Cloudy","Low ",0
"1/03/2022","14:55:00","15:10:00",28,"Buffet ",21,4.9,12,"scooter ",1,"No ","Metropolitian ","Stormy","High ",0
"31/03/2022","20:20:00","20:30:00",36,"Meal ",28,4.1,15,"motorcycle ",0,"No ","Urban ","Windy","Jam ",2
"12/03/2022","20:35:00","20:45:00",49,"Drinks ",38,4.9,12,"scooter ",1,"No ","Metropolitian ","Fog","Jam ",3
"18/03/2022","18:40:00","18:55:00",22,"Snack ",27,4.6,2,"motorcycle ",1,"No ","Metropolitian ","Sandstorms","Medium ",1
"15/02/2022","21:00:00","21:05:00",36,"Meal ",26,4.9,2,"motorcycle ",0,"No ","Metropolitian ","Windy","Jam ",0
"17/02/2022","8:45:00","8:55:00",16,"Buffet ",25,5,2,"scooter ",2,"No ","Metropolitian ","Sunny","Low ",1
"21/03/2022","11:40:00","11:55:00",11,"Meal ",25,4.6,12,"scooter ",1,"No ","Metropolitian ","Sunny","High ",0
"4/03/2022","23:35:00","23:50:00",23,"Meal ",34,4.8,22,"electric_scooter ",2,"No ","Urban ","Stormy","Low ",1
"11/03/2022","12:00:00","12:05:00",31,"Buffet ",32,5,19,"electric_scooter ",2,"No ","Metropolitian ","Sandstorms","High ",1
"3/03/2022","8:55:00","9:00:00",11,"Snack ",25,4.6,15,"scooter ",1,"No ","Metropolitian ","Stormy","Low ",1
"5/03/2022","21:00:00","21:15:00",12,"Buffet ",27,4.6,22,"scooter ",1,"No ","Metropolitian ","Sunny","Jam ",1
"26/03/2022","9:15:00","9:30:00",18,"Snack ",33,4.6,22,"scooter ",1,"No ","Urban ","Fog","Low ",1
"2/04/2022","18:10:00","18:20:00",18,"Drinks ",20,4.5,9,"scooter ",1,"No ","Metropolitian ","Windy","Medium ",1
"23/03/2022","23:25:00","23:35:00",21,"Drinks ",36,4.9,14,"motorcycle ",0,"No ","Metropolitian ","Windy","Low ",1
"14/03/2022","17:55:00","18:05:00",28,"Buffet ",33,4.7,22,"motorcycle ",2,"No ","Urban ","Windy","Medium ",1
"31/03/2022","18:10:00","18:25:00",17,"Buffet ",23,4.6,23,"motorcycle ",2,"No ","Metropolitian ","Sunny","Medium ",0
"14/03/2022","20:55:00","21:05:00",37,"Meal ",37,4.8,15,"motorcycle ",0,"No ","Urban ","Stormy","Jam ",2
"16/02/2022","21:30:00","21:40:00",36,"Buffet ",38,4.3,8,"motorcycle ",0,"No ","Metropolitian ","Stormy","Jam ",1
"7/03/2022","21:50:00","21:55:00",35,"Meal ",36,4.2,9,"motorcycle ",0,"No ","Metropolitian ","Sandstorms","Jam ",1
"28/03/2022","16:40:00","16:45:00",29,"Snack ",34,4.5,1,"motorcycle ",0,"No ","Metropolitian ","Fog","Medium ",1
"18/02/2022","22:40:00","22:55:00",28,"Snack ",35,4.5,6,"scooter ",2,"No ","Metropolitian ","Sandstorms","Low ",1
"28/03/2022","11:45:00","12:00:00",16,"Snack ",23,4.7,15,"motorcycle ",1,"No ","Urban ","Sunny","High ",1
"11/02/2022","17:45:00","17:50:00",15,"Buffet ",24,5,4,"motorcycle ",1,"No ","Metropolitian ","Stormy","Medium ",1
"28/03/2022","18:55:00","19:00:00",19,"Snack ",39,4.6,21,"motorcycle ",1,"No ","Urban ","Fog","Medium ",1
"13/02/2022","15:40:00","15:50:00",21,"Drinks ",36,4.7,16,"scooter ",2,"No ","Urban ","Sunny","Medium ",1
"29/03/2022","23:30:00","23:35:00",39,"Drinks ",39,4.3,5,"scooter ",1,"Yes ","Metropolitian ","Cloudy","Low ",1
"16/02/2022","20:10:00","20:20:00",44,"Meal ",32,4.8,2,"motorcycle ",0,"Yes ","Metropolitian ","Sunny","Jam ",3
"5/03/2022","22:15:00","22:30:00",18,"Drinks ",38,4.9,12,"scooter ",1,"No ","Metropolitian ","Stormy","Low ",1
"31/03/2022","17:45:00","17:50:00",19,"Snack ",23,4.6,23,"motorcycle ",1,"No ","Metropolitian ","Stormy","Medium ",1
"15/02/2022","15:45:00","15:55:00",16,"Snack ",22,4.5,6,"motorcycle ",0,"No ","Urban ","Windy","Medium ",1
"11/02/2022","16:55:00","17:00:00",34,"Meal ",38,4.8,9,"motorcycle ",1,"No ","Metropolitian ","Stormy","Medium ",0
"5/04/2022","21:25:00","21:40:00",32,"Drinks ",26,4.9,21,"motorcycle ",0,"No ","Metropolitian ","Windy","Jam ",0
"3/04/2022","17:45:00","18:00:00",28,"Snack ",36,4.7,17,"scooter ",1,"No ","Urban ","Windy","Medium ",0
"21/03/2022","19:50:00","19:55:00",37,"Snack ",35,4.2,13,"motorcycle ",0,"No ","Metropolitian ","Sandstorms","Jam ",1
"14/02/2022","0:00:00","0:10:00",34,"Snack ",35,3.7,11,"electric_scooter ",2,"No ","Metropolitian ","Stormy","Low ",0
"31/03/2022","20:15:00","20:20:00",43,"Meal ",36,4.5,4,"motorcycle ",1,"No ","Metropolitian ","Stormy","Jam ",0
"1/03/2022","8:40:00","8:45:00",12,"Buffet ",35,4.9,14,"scooter ",1,"No ","Metropolitian ","Sunny","Low ",0
"23/03/2022","18:35:00","18:50:00",45,"Meal ",30,4,4,"motorcycle ",0,"No ","Metropolitian ","Sandstorms","Medium ",0
"16/03/2022","18:30:00","18:45:00",29,"Drinks ",36,4.8,17,"motorcycle ",0,"No ","Metropolitian ","Sunny","Medium ",1
"15/03/2022","15:55:00","16:00:00",26,"Meal ",22,4.9,14,"scooter ",1,"No ","Metropolitian ","Stormy","Medium ",0
"28/03/2022","17:45:00","18:00:00",19,"Buffet ",35,4.7,23,"scooter ",1,"No ","Urban ","Cloudy","Medium ",1
"9/03/2022","19:55:00","20:10:00",17,"Drinks ",22,4.8,15,"scooter ",2,"No ","Metropolitian ","Sunny","Jam ",1
"15/02/2022","21:10:00","21:20:00",28,"Snack ",25,5,7,"motorcycle ",1,"No ","Metropolitian ","Stormy","Jam ",1
"16/03/2022","20:10:00","20:25:00",43,"Meal ",36,4.3,17,"scooter ",1,"No ","Metropolitian ","Fog","Jam ",0
"30/03/2022","9:20:00","9:30:00",22,"Meal ",30,4.5,14,"electric_scooter ",2,"No ","Metropolitian ","Stormy","Low ",1
"5/03/2022","8:20:00","8:30:00",13,"Snack ",26,4.8,15,"motorcycle ",1,"No ","Metropolitian ","Sandstorms","Low ",0
"26/03/2022","23:25:00","23:40:00",12,"Snack ",26,4.7,19,"scooter ",1,"No ","Metropolitian ","Cloudy","Low ",0
"2/04/2022","23:10:00","23:15:00",15,"Drinks ",34,4.8,23,"scooter ",1,"No ","Metropolitian ","Stormy","Low ",1
"3/04/2022","17:35:00","17:50:00",17,"Buffet ",35,5,15,"scooter ",1,"No ","Urban ","Sunny","Medium ",0
"16/03/2022","18:50:00","19:00:00",15,"Snack ",21,5,13,"scooter ",2,"No ","Metropolitian ","Sandstorms","Medium ",0
"21/03/2022","11:00:00","11:15:00",20,"Drinks ",29,5,18,"motorcycle ",0,"No ","Urban ","Cloudy","Low ",1
"9/03/2022","13:00:00","13:10:00",36,"Drinks ",37,4.3,15,"motorcycle ",1,"No ","Metropolitian ","Fog","High ",1
"21/03/2022","22:10:00","22:15:00",18,"Snack ",24,5,15,"scooter ",1,"No ","Urban ","Sunny","Low ",1
"28/03/2022","11:20:00","11:30:00",30,"Buffet ",39,4.7,1,"motorcycle ",1,"No ","Metropolitian ","Windy","High ",1
"31/03/2022","21:10:00","21:15:00",47,"Snack ",35,4.6,15,"motorcycle ",0,"Yes ","Semi-Urban ","Fog","Jam ",1
"3/04/2022","21:45:00","21:55:00",15,"Meal ",29,4.6,18,"motorcycle ",0,"No ","Metropolitian ","Sandstorms","Jam ",0
"11/02/2022","10:10:00","10:25:00",19,"Snack ",30,5,2,"scooter ",1,"No ","Metropolitian ","Stormy","Low ",1
"31/03/2022","20:15:00","20:30:00",18,"Meal ",20,4.8,2,"motorcycle ",0,"No ","Urban ","Sunny","Jam ",0
"27/03/2022","18:30:00","18:40:00",22,"Buffet ",20,4.9,18,"motorcycle ",1,"No ","Urban ","Windy","Medium ",0
"29/03/2022","17:30:00","17:45:00",20,"Meal ",20,4.9,21,"scooter ",2,"No ","Metropolitian ","Sandstorms","Medium ",0
"1/04/2022","22:35:00","22:50:00",18,"Snack ",25,4.6,9,"scooter ",1,"No ","Metropolitian ","Stormy","Low ",1
"3/04/2022","21:25:00","21:40:00",21,"Snack ",27,4.9,19,"scooter ",2,"No ","Urban ","Stormy","Jam ",1
"1/04/2022","10:25:00","10:40:00",24,"Buffet ",34,4.9,23,"motorcycle ",0,"No ","Metropolitian ","Fog","Low ",0
"21/03/2022","19:30:00","19:40:00",33,"Drinks ",27,4.1,13,"motorcycle ",0,"No ","Metropolitian ","Windy","Jam ",1
"18/03/2022","22:55:00","23:05:00",16,"Snack ",21,4.6,11,"scooter ",2,"No ","Metropolitian ","Sandstorms","Low ",1
"29/03/2022","21:00:00","21:15:00",45,"Snack ",34,5,4,"motorcycle ",0,"No ","Metropolitian ","Stormy","Jam ",0
"15/02/2022","18:15:00","18:30:00",22,"Meal ",32,4.8,8,"scooter ",2,"No ","Metropolitian ","Sunny","Medium ",1
"12/03/2022","21:45:00","21:50:00",40,"Meal ",30,4.9,12,"motorcycle ",0,"Yes ","Metropolitian ","Stormy","Jam ",1
"25/03/2022","20:40:00","20:45:00",15,"Drinks ",28,4.8,21,"motorcycle ",1,"No ","Metropolitian ","Sunny","Jam ",1
"18/03/2022","21:20:00","21:30:00",47,"Snack ",33,4.1,16,"motorcycle ",1,"No ","Metropolitian ","Fog","Jam ",0
"30/03/2022","10:30:00","10:40:00",22,"Snack ",22,4.2,13,"motorcycle ",0,"No ","Metropolitian ","Windy","Low ",1
"15/03/2022","23:40:00","23:55:00",10,"Drinks ",28,4.6,23,"motorcycle ",1,"No ","Urban ","Cloudy","Low ",1
"6/04/2022","23:55:00","0:00:00",24,"Snack ",24,4.8,22,"scooter ",2,"No ","Metropolitian ","Fog","Low ",0
"17/03/2022","9:30:00","9:40:00",12,"Meal ",31,4.9,6,"motorcycle ",1,"No ","Metropolitian ","Sunny","Low ",0
"31/03/2022","17:35:00","17:45:00",42,"Buffet ",34,4.7,6,"motorcycle ",0,"No ","Metropolitian ","Sandstorms","Medium ",1
"25/03/2022","19:30:00","19:35:00",26,"Meal ",26,4.8,12,"motorcycle ",0,"No ","Metropolitian ","Windy","Jam ",1
"12/03/2022","21:50:00","22:00:00",25,"Drinks ",27,5,13,"scooter ",1,"No ","Metropolitian ","Sandstorms","Jam ",1
"3/04/2022","16:25:00","16:40:00",26,"Meal ",27,5,21,"motorcycle ",0,"No ","Metropolitian ","Sandstorms","Medium ",1
"28/03/2022","23:30:00","23:40:00",12,"Meal ",21,4.6,13,"motorcycle ",2,"No ","Metropolitian ","Fog","Low ",0
"18/03/2022","18:55:00","19:00:00",24,"Snack ",22,4.9,9,"motorcycle ",0,"No ","Metropolitian ","Windy","Medium ",1
"20/03/2022","20:45:00","20:55:00",26,"Snack ",25,4.9,18,"scooter ",1,"No ","Metropolitian ","Sandstorms","Jam ",1
"17/03/2022","13:55:00","14:00:00",15,"Buffet ",36,4.7,17,"scooter ",1,"No ","Urban ","Sunny","High ",1
"27/03/2022","21:40:00","21:50:00",45,"Snack ",37,4.7,3,"motorcycle ",0,"No ","Metropolitian ","Fog","Jam ",2
"24/03/2022","21:15:00","21:25:00",13,"Snack ",29,4.9,13,"scooter ",1,"No ","Metropolitian ","Windy","Jam ",1
"15/02/2022","11:20:00","11:30:00",20,"Snack ",20,4.9,9,"motorcycle ",0,"No ","Metropolitian ","Fog","High ",1
"31/03/2022","22:15:00","22:30:00",16,"Snack ",28,4.7,3,"motorcycle ",0,"No ","Urban ","Windy","Low ",0
"17/03/2022","18:10:00","18:15:00",25,"Snack ",26,4.6,19,"motorcycle ",1,"No ","Metropolitian ","Stormy","Medium ",1
"6/03/2022","23:25:00","23:40:00",29,"Meal ",23,5,12,"scooter ",2,"No ","Metropolitian ","Sunny","Low ",1
"19/03/2022","8:55:00","9:00:00",22,"Buffet ",31,4.8,8,"motorcycle ",0,"No ","Metropolitian ","Cloudy","Low ",1
"14/02/2022","17:35:00","17:45:00",19,"Drinks ",31,4.6,8,"motorcycle ",2,"No ","Metropolitian ","Sunny","Medium ",0
"17/03/2022","10:25:00","10:30:00",19,"Meal ",22,4.7,5,"scooter ",2,"No ","Metropolitian ","Fog","Low ",0
"23/03/2022","19:35:00","19:45:00",42,"Snack ",26,4.4,7,"motorcycle ",1,"No ","Metropolitian ","Cloudy","Jam ",3
"9/03/2022","23:35:00","23:40:00",16,"Drinks ",35,4.9,21,"scooter ",2,"No ","Metropolitian ","Sunny","Low ",1
"10/03/2022","20:55:00","21:05:00",48,"Meal ",33,4.8,17,"motorcycle ",0,"Yes ","Metropolitian ","Cloudy","Jam ",2
"7/03/2022","10:00:00","10:05:00",24,"Buffet ",30,4.5,9,"motorcycle ",0,"No ","Metropolitian ","Sunny","Low ",1
"26/03/2022","17:40:00","17:50:00",22,"Meal ",26,4.5,18,"electric_scooter ",2,"No ","Metropolitian ","Stormy","Medium ",1
"21/03/2022","14:15:00","14:30:00",28,"Buffet ",35,4.5,21,"motorcycle ",0,"No ","Metropolitian ","Fog","High ",0
"30/03/2022","19:55:00","20:10:00",22,"Buffet ",29,4.9,15,"motorcycle ",1,"No ","Metropolitian ","Cloudy","Jam ",1
"7/03/2022","12:50:00","13:00:00",29,"Meal ",25,4.9,17,"motorcycle ",2,"No ","Metropolitian ","Windy","High ",1
"20/03/2022","21:50:00","21:55:00",42,"Snack ",30,3.8,6,"motorcycle ",1,"No ","Metropolitian ","Stormy","Jam ",1
"19/03/2022","11:25:00","11:30:00",25,"Snack ",27,5,7,"motorcycle ",0,"No ","Metropolitian ","Fog","High ",1
"28/03/2022","18:25:00","18:40:00",30,"Drinks ",31,4.7,9,"scooter ",2,"No ","Metropolitian ","Stormy","Medium ",1
"12/03/2022","23:00:00","23:15:00",26,"Drinks ",34,4.7,13,"scooter ",2,"No ","Metropolitian ","Sunny","Low ",1
"3/03/2022","23:25:00","23:35:00",23,"Buffet ",24,5,14,"motorcycle ",0,"No ","Metropolitian ","Fog","Low ",0
"2/04/2022","21:30:00","21:45:00",35,"Buffet ",29,4.6,4,"motorcycle ",2,"No ","Metropolitian ","Cloudy","Jam ",0
"15/02/2022","19:45:00","19:50:00",21,"Drinks ",26,4.7,4,"motorcycle ",1,"No ","Metropolitian ","Fog","Jam ",1
"11/02/2022","17:15:00","17:20:00",17,"Drinks ",35,5,6,"motorcycle ",1,"No ","Metropolitian ","Sunny","Medium ",0
"11/02/2022","19:35:00","19:40:00",31,"Snack ",34,5,3,"motorcycle ",0,"No ","Metropolitian ","Windy","Jam ",1
"10/03/2022","22:10:00","22:20:00",29,"Snack ",38,4.9,21,"scooter ",1,"No ","Urban ","Sandstorms","Low ",1
"12/02/2022","19:15:00","19:30:00",52,"Meal ",31,4.8,3,"motorcycle ",0,"No ","Metropolitian ","Fog","Jam ",1
"18/02/2022","18:30:00","18:45:00",28,"Snack ",28,4.9,23,"scooter ",2,"No ","Urban ","Sandstorms","Medium ",0
"7/03/2022","9:45:00","9:50:00",17,"Snack ",22,4.1,2,"motorcycle ",0,"No ","Metropolitian ","Stormy","Low ",0
"17/03/2022","19:20:00","19:30:00",34,"Meal ",31,4.1,3,"motorcycle ",0,"No ","Metropolitian ","Windy","Jam ",1
"15/03/2022","9:50:00","10:05:00",18,"Drinks ",21,4.9,9,"motorcycle ",0,"No ","Metropolitian ","Fog","Low ",0
"4/04/2022","23:10:00","23:25:00",35,"Snack ",24,3.2,15,"scooter ",1,"No ","Metropolitian ","Sunny","Low ",1
"13/03/2022","22:35:00","22:45:00",12,"Buffet ",33,4.7,23,"scooter ",1,"No ","Urban ","Sunny","Low ",0
"18/02/2022","20:55:00","21:10:00",38,"Buffet ",20,5,4,"scooter ",1,"No ","Metropolitian ","Fog","Jam ",1
"10/03/2022","19:25:00","19:30:00",39,"Snack ",20,4.7,23,"electric_scooter ",2,"No ","Metropolitian ","Cloudy","Jam ",1
"9/03/2022","17:25:00","17:35:00",15,"Meal ",28,4.6,18,"scooter ",2,"No ","Metropolitian ","Fog","Medium ",1
"25/03/2022","21:35:00","21:40:00",36,"Meal ",30,4.9,22,"motorcycle ",0,"No ","Urban ","Stormy","Jam ",1
"11/03/2022","9:35:00","9:50:00",11,"Snack ",26,4.8,21,"scooter ",1,"No ","Urban ","Cloudy","Low ",1
"13/02/2022","9:55:00","10:05:00",19,"Drinks ",23,4.6,16,"motorcycle ",1,"No ","Urban ","Stormy","Low ",1
"30/03/2022","21:50:00","22:00:00",27,"Snack ",20,4.7,17,"motorcycle ",2,"No ","Metropolitian ","Windy","Jam ",1
"11/02/2022","19:45:00","19:50:00",34,"Buffet ",37,4,11,"motorcycle ",2,"No ","Metropolitian ","Windy","Jam ",1
"27/03/2022","21:30:00","21:40:00",34,"Buffet ",34,3.7,6,"scooter ",1,"No ","Metropolitian ","Stormy","Jam ",1
"16/03/2022","18:20:00","18:25:00",14,"Drinks ",26,4.6,17,"motorcycle ",1,"No ","Metropolitian ","Sunny","Medium ",1
"12/03/2022","17:55:00","18:00:00",17,"Snack ",29,4.8,21,"scooter ",1,"No ","Metropolitian ","Sunny","Medium ",1
"6/04/2022","23:40:00","23:50:00",18,"Buffet ",32,4.6,23,"motorcycle ",1,"No ","Urban ","Stormy","Low ",0
"15/02/2022","18:35:00","18:50:00",28,"Buffet ",35,4.8,23,"motorcycle ",0,"No ","Urban ","Sandstorms","Medium ",1
"5/04/2022","20:10:00","20:15:00",25,"Drinks ",26,4.9,22,"scooter ",2,"No ","Metropolitian ","Fog","Jam ",0
"1/04/2022","19:45:00","19:50:00",26,"Drinks ",26,4.9,21,"motorcycle ",0,"No ","Metropolitian ","Cloudy","Jam ",1
"31/03/2022","18:35:00","18:50:00",22,"Drinks ",39,4.6,16,"motorcycle ",1,"No ","Metropolitian ","Sunny","Medium ",1
"30/03/2022","21:45:00","21:50:00",26,"Drinks ",38,4.5,12,"motorcycle ",0,"No ","Metropolitian ","Sunny","Jam ",0
"25/03/2022","21:55:00","22:05:00",40,"Buffet ",39,3.7,11,"motorcycle ",1,"No ","Metropolitian ","Windy","Jam ",2
"28/03/2022","11:25:00","11:35:00",17,"Meal ",21,4.8,16,"electric_scooter ",2,"No ","Metropolitian ","Sandstorms","High ",1
"25/03/2022","19:50:00","19:55:00",28,"Buffet ",25,4.9,18,"scooter ",1,"No ","Metropolitian ","Stormy","Jam ",1
"17/02/2022","21:00:00","21:05:00",27,"Snack ",31,4.8,5,"motorcycle ",0,"No ","Metropolitian ","Sandstorms","Jam ",1
"21/03/2022","11:55:00","12:05:00",32,"Buffet ",39,4.2,1,"motorcycle ",0,"No ","Urban ","Fog","High ",1
"2/03/2022","23:25:00","23:40:00",28,"Meal ",29,4.6,13,"motorcycle ",0,"No ","Metropolitian ","Sunny","Low ",1
"2/03/2022","21:10:00","21:20:00",42,"Meal ",34,4.4,19,"scooter ",2,"No ","Metropolitian ","Stormy","Jam ",1
"20/03/2022","20:10:00","20:15:00",38,"Drinks ",23,4,8,"scooter ",1,"No ","Metropolitian ","Cloudy","Jam ",0
"29/03/2022","17:45:00","17:55:00",31,"Buffet ",30,5,8,"motorcycle ",1,"No ","Metropolitian ","Cloudy","Medium ",1
"6/03/2022","22:00:00","22:10:00",47,"Snack ",33,4.9,9,"scooter ",1,"No ","Metropolitian ","Sunny","Jam ",1
"2/04/2022","22:35:00","22:50:00",23,"Meal ",35,4.7,22,"motorcycle ",0,"No ","Metropolitian ","Stormy","Low ",0
"31/03/2022","23:40:00","23:55:00",20,"Meal ",27,4.9,17,"scooter ",2,"No ","Metropolitian ","Cloudy","Low ",1
"30/03/2022","10:55:00","11:10:00",12,"Drinks ",20,4.7,18,"scooter ",1,"No ","Metropolitian ","Cloudy","Low ",0
"18/03/2022","21:35:00","21:40:00",44,"Meal ",34,4,12,"motorcycle ",1,"Yes ","Metropolitian ","Cloudy","Jam ",1
"26/03/2022","21:20:00","21:30:00",31,"Drinks ",38,5,2,"motorcycle ",1,"No ","Metropolitian ","Stormy","Jam ",1
"29/03/2022","23:20:00","23:25:00",18,"Drinks ",34,4.8,12,"scooter ",1,"No ","Metropolitian ","Sunny","Low ",1
"16/03/2022","20:15:00","20:30:00",40,"Drinks ",37,4.2,2,"scooter ",1,"No ","Metropolitian ","Fog","Jam ",1
"4/04/2022","17:40:00","17:50:00",39,"Drinks ",38,4.7,13,"motorcycle ",1,"No ","Metropolitian ","Cloudy","Medium ",1
"14/03/2022","23:20:00","23:35:00",27,"Buffet ",30,4.7,21,"motorcycle ",0,"No ","Urban ","Windy","Low ",1
"10/03/2022","19:10:00","19:25:00",29,"Snack ",37,4.9,19,"scooter ",1,"No ","Urban ","Windy","Jam ",0
"23/03/2022","19:55:00","20:10:00",44,"Meal ",30,3.7,3,"scooter ",2,"Yes ","Metropolitian ","Windy","Jam ",2
"8/03/2022","21:30:00","21:45:00",40,"Drinks ",39,4,5,"scooter ",2,"No ","Metropolitian ","Sunny","Jam ",1
"10/03/2022","17:50:00","18:05:00",38,"Buffet ",27,5,16,"motorcycle ",0,"No ","Metropolitian ","Stormy","Medium ",0
"6/04/2022","22:10:00","22:20:00",19,"Drinks ",25,4.8,15,"motorcycle ",0,"No ","Metropolitian ","Stormy","Low ",1
"30/03/2022","19:55:00","20:00:00",39,"Snack ",22,4.7,13,"motorcycle ",0,"No ","Metropolitian ","Stormy","Jam ",2
"11/02/2022","15:25:00","15:35:00",14,"Drinks ",24,4.6,3,"scooter ",2,"No ","Metropolitian ","Fog","Medium ",1
"14/03/2022","22:55:00","23:10:00",37,"Buffet ",38,3.6,1,"scooter ",1,"No ","Metropolitian ","Cloudy","Low ",0
"13/02/2022","23:40:00","23:50:00",21,"Buffet ",31,4.4,9,"motorcycle ",0,"No ","Metropolitian ","Windy","Low ",1
"18/03/2022","22:15:00","22:30:00",20,"Meal ",24,4.5,6,"motorcycle ",0,"No ","Metropolitian ","Fog","Low ",1
"1/03/2022","16:30:00","16:40:00",15,"Snack ",34,4.7,21,"motorcycle ",2,"No ","Metropolitian ","Fog","Medium ",0
"10/03/2022","17:45:00","17:50:00",15,"Buffet ",24,5,23,"scooter ",2,"No ","Metropolitian ","Sunny","Medium ",1
"9/03/2022","10:35:00","10:45:00",17,"Buffet ",29,4.7,13,"motorcycle ",0,"No ","Metropolitian ","Fog","Low ",1
"28/03/2022","16:20:00","16:30:00",26,"Drinks ",39,4.7,23,"motorcycle ",1,"No ","Urban ","Windy","Medium ",1
"18/02/2022","21:50:00","22:00:00",42,"Snack ",37,3.7,18,"motorcycle ",1,"No ","Metropolitian ","Sandstorms","Jam ",0
"1/04/2022","19:15:00","19:30:00",31,"Snack ",26,4.3,1,"scooter ",2,"No ","Metropolitian ","Fog","Jam ",0
"31/03/2022","20:40:00","20:55:00",18,"Drinks ",23,4.9,21,"motorcycle ",2,"No ","Urban ","Windy","Jam ",0
"6/04/2022","21:20:00","21:25:00",15,"Meal ",21,4.6,23,"scooter ",2,"No ","Metropolitian ","Sandstorms","Jam ",1
"1/04/2022","9:15:00","9:30:00",16,"Meal ",38,4.6,19,"motorcycle ",2,"No ","Metropolitian ","Cloudy","Low ",0
"14/02/2022","18:55:00","19:05:00",21,"Buffet ",36,4.7,7,"electric_scooter ",2,"No ","Metropolitian ","Sunny","Medium ",1
"4/04/2022","21:15:00","21:30:00",30,"Snack ",30,4.6,3,"scooter ",1,"No ","Metropolitian ","Sandstorms","Jam ",1
"13/02/2022","19:10:00","19:15:00",11,"Buffet ",28,5,6,"motorcycle ",2,"No ","Metropolitian ","Stormy","Jam ",0
"3/03/2022","9:00:00","9:10:00",15,"Snack ",24,5,22,"scooter ",2,"No ","Urban ","Sandstorms","Low ",0
"15/03/2022","14:10:00","14:20:00",28,"Drinks ",32,4.8,14,"motorcycle ",1,"No ","Metropolitian ","Windy","High ",1
"15/02/2022","9:00:00","9:10:00",21,"Snack ",38,5,8,"motorcycle ",1,"No ","Metropolitian ","Windy","Low ",1
"13/03/2022","9:15:00","9:30:00",14,"Buffet ",26,4.5,5,"motorcycle ",0,"No ","Urban ","Sunny","Low ",0
"10/03/2022","23:45:00","0:00:00",33,"Drinks ",30,4.4,23,"scooter ",1,"No ","Metropolitian ","Fog","Low ",0
"1/04/2022","21:10:00","21:20:00",28,"Meal ",38,4.9,22,"scooter ",1,"No ","Metropolitian ","Windy","Jam ",1
"7/03/2022","21:10:00","21:15:00",32,"Buffet ",31,4.1,13,"motorcycle ",0,"No ","Metropolitian ","Windy","Jam ",1
"3/03/2022","21:10:00","21:15:00",19,"Snack ",29,4.5,23,"motorcycle ",0,"No ","Metropolitian ","Sandstorms","Jam ",1
"24/03/2022","14:15:00","14:20:00",34,"Drinks ",33,4.6,2,"electric_scooter ",2,"No ","Metropolitian ","Cloudy","High ",1
"5/03/2022","13:00:00","13:05:00",18,"Buffet ",32,4.8,15,"motorcycle ",2,"No ","Urban ","Sandstorms","High ",1
"9/03/2022","13:50:00","13:55:00",27,"Snack ",32,4.8,16,"motorcycle ",0,"No ","Metropolitian ","Sunny","High ",1
"31/03/2022","20:10:00","20:15:00",17,"Snack ",25,4.8,2,"scooter ",2,"No ","Urban ","Stormy","Jam ",0
"16/02/2022","19:25:00","19:40:00",17,"Buffet ",29,5,2,"electric_scooter ",2,"No ","Metropolitian ","Sandstorms","Jam ",1
"11/02/2022","13:10:00","13:15:00",30,"Meal ",32,4.9,3,"motorcycle ",1,"No ","Metropolitian ","Windy","High ",0
"25/03/2022","21:40:00","21:55:00",20,"Snack ",21,4.6,19,"scooter ",1,"No ","Metropolitian ","Sunny","Jam ",0
"21/03/2022","8:10:00","8:20:00",19,"Meal ",22,4.9,13,"motorcycle ",1,"No ","Metropolitian ","Windy","Low ",1
"11/02/2022","8:30:00","8:45:00",12,"Drinks ",28,4.9,3,"motorcycle ",1,"No ","Metropolitian ","Stormy","Low ",0
"20/03/2022","21:15:00","21:30:00",26,"Snack ",20,4.9,17,"scooter ",1,"No ","Urban ","Windy","Jam ",0
"25/03/2022","20:10:00","20:20:00",21,"Drinks ",28,4.8,22,"scooter ",2,"No ","Metropolitian ","Sunny","Jam ",1
"7/03/2022","18:45:00","18:50:00",32,"Snack ",31,4.1,9,"motorcycle ",0,"No ","Metropolitian ","Stormy","Medium ",1
"7/03/2022","12:00:00","12:15:00",43,"Buffet ",26,4.2,13,"motorcycle ",0,"No ","Metropolitian ","Sunny","High ",0
"14/02/2022","19:00:00","19:05:00",26,"Snack ",26,4.5,1,"electric_scooter ",2,"No ","Urban ","Sandstorms","Medium ",0
"11/03/2022","10:50:00","11:00:00",24,"Buffet ",37,4.3,12,"motorcycle ",0,"No ","Metropolitian ","Windy","Low ",0
"14/03/2022","19:50:00","20:05:00",27,"Snack ",36,4.6,18,"motorcycle ",0,"No ","Metropolitian ","Sunny","Jam ",0
"14/03/2022","19:45:00","19:55:00",36,"Drinks ",25,4,11,"motorcycle ",1,"No ","Metropolitian ","Cloudy","Jam ",1
"21/03/2022","11:10:00","11:15:00",28,"Buffet ",28,4.8,15,"scooter ",1,"No ","Metropolitian ","Fog","High ",1
"12/03/2022","20:55:00","21:00:00",38,"Meal ",32,4.3,9,"motorcycle ",0,"No ","Metropolitian ","Stormy","Jam ",1
"21/03/2022","8:35:00","8:40:00",20,"Snack ",39,4.8,18,"scooter ",1,"No ","Metropolitian ","Windy","Low ",1
"13/02/2022","21:45:00","22:00:00",29,"Buffet ",28,4.7,4,"motorcycle ",0,"No ","Metropolitian ","Fog","Jam ",1
"23/03/2022","17:55:00","18:05:00",35,"Drinks ",30,4.8,6,"motorcycle ",2,"No ","Metropolitian ","Cloudy","Medium ",1
"11/02/2022","18:45:00","19:00:00",11,"Drinks ",26,4.9,17,"motorcycle ",1,"No ","Urban ","Sunny","Medium ",0
"24/03/2022","10:55:00","11:00:00",28,"Snack ",36,4.8,22,"scooter ",2,"No ","Metropolitian ","Sandstorms","Low ",1
"4/03/2022","23:20:00","23:25:00",22,"Meal ",22,4.9,18,"scooter ",2,"No ","Metropolitian ","Fog","Low ",1
"12/02/2022","17:25:00","17:35:00",36,"Drinks ",25,4.9,18,"motorcycle ",0,"No ","Urban ","Sandstorms","Medium ",1
"24/03/2022","18:40:00","18:50:00",19,"Drinks ",32,4.7,12,"motorcycle ",2,"No ","Metropolitian ","Cloudy","Medium ",1
"14/03/2022","23:50:00","0:05:00",24,"Snack ",21,4.7,19,"motorcycle ",1,"No ","Urban ","Fog","Low ",1
"19/03/2022","22:00:00","22:05:00",49,"Meal ",39,4.8,23,"motorcycle ",0,"No ","Urban ","Windy","Jam ",1
"1/04/2022","9:20:00","9:30:00",20,"Drinks ",30,4.8,19,"motorcycle ",1,"No ","Metropolitian ","Stormy","Low ",1
"18/02/2022","19:40:00","19:45:00",42,"Meal ",33,3.9,14,"scooter ",2,"No ","Metropolitian ","Fog","Jam ",1
"15/02/2022","8:55:00","9:10:00",14,"Meal ",21,4.6,4,"motorcycle ",1,"No ","Metropolitian ","Fog","Low ",1
"4/03/2022","21:50:00","22:05:00",46,"Snack ",27,4.5,13,"motorcycle ",0,"No ","Metropolitian ","Stormy","Jam ",1
"15/03/2022","20:40:00","20:45:00",22,"Meal ",24,4.9,19,"motorcycle ",0,"No ","Metropolitian ","Fog","Jam ",1
"11/02/2022","9:40:00","9:55:00",16,"Snack ",20,4.5,2,"motorcycle ",2,"No ","Metropolitian ","Stormy","Low ",1
"11/03/2022","10:25:00","10:30:00",12,"Drinks ",36,4.7,21,"scooter ",1,"No ","Metropolitian ","Sunny","Low ",0
"4/03/2022","17:35:00","17:50:00",33,"Meal ",38,4.1,7,"motorcycle ",0,"No ","Metropolitian ","Sunny","Medium ",1
"11/02/2022","8:25:00","8:35:00",27,"Snack ",36,4,14,"motorcycle ",0,"No ","Metropolitian ","Stormy","Low ",0
"12/03/2022","17:15:00","17:30:00",32,"Buffet ",22,4.9,15,"motorcycle ",1,"No ","Metropolitian ","Fog","Medium ",1
"26/03/2022","16:40:00","16:45:00",14,"Snack ",20,5,9,"motorcycle ",1,"No ","Metropolitian ","Fog","Medium ",1
"12/03/2022","20:40:00","20:50:00",19,"Drinks ",30,4.7,22,"motorcycle ",1,"No ","Urban ","Sunny","Jam ",0
"12/02/2022","18:50:00","19:00:00",30,"Snack ",26,4.8,3,"motorcycle ",0,"No ","Metropolitian ","Stormy","Medium ",1
"9/03/2022","23:40:00","23:55:00",15,"Drinks ",34,4.9,17,"electric_scooter ",2,"No ","Metropolitian ","Fog","Low ",1
"10/03/2022","20:55:00","21:10:00",30,"Snack ",30,4.8,9,"motorcycle ",0,"No ","Metropolitian ","Sunny","Jam ",1
"5/03/2022","20:30:00","20:45:00",20,"Buffet ",29,4.8,15,"scooter ",2,"No ","Metropolitian ","Sunny","Jam ",0
"12/03/2022","17:40:00","17:45:00",28,"Drinks ",23,5,17,"scooter ",1,"No ","Metropolitian ","Sandstorms","Medium ",0
"17/03/2022","21:20:00","21:35:00",34,"Snack ",28,4.6,23,"motorcycle ",0,"No ","Metropolitian ","Stormy","Jam ",2
"30/03/2022","19:55:00","20:00:00",51,"Drinks ",27,3.5,3,"motorcycle ",0,"No ","Metropolitian ","Sunny","Jam ",3
"10/03/2022","22:45:00","22:50:00",24,"Snack ",27,4.5,17,"motorcycle ",0,"No ","Metropolitian ","Fog","Low ",0
"2/04/2022","19:35:00","19:40:00",23,"Buffet ",29,4.8,19,"electric_scooter ",2,"No ","Metropolitian ","Sunny","Jam ",1
"2/04/2022","20:10:00","20:20:00",36,"Drinks ",22,4.6,1,"motorcycle ",1,"No ","Metropolitian ","Cloudy","Jam ",2
"5/04/2022","10:20:00","10:25:00",21,"Snack ",20,4.8,17,"motorcycle ",1,"No ","Urban ","Sunny","Low ",0
"28/03/2022","11:35:00","11:40:00",21,"Meal ",31,4.9,13,"electric_scooter ",2,"No ","Metropolitian ","Sunny","High ",1
"15/02/2022","19:45:00","19:50:00",30,"Meal ",25,4.6,18,"scooter ",2,"No ","Urban ","Cloudy","Jam ",0
"29/03/2022","17:55:00","18:00:00",23,"Snack ",25,4.5,16,"motorcycle ",2,"No ","Metropolitian ","Stormy","Medium ",1
"28/03/2022","15:15:00","15:25:00",13,"Drinks ",24,4.9,16,"scooter ",1,"No ","Metropolitian ","Cloudy","Medium ",1
"15/02/2022","23:45:00","0:00:00",10,"Meal ",24,4.6,17,"electric_scooter ",2,"No ","Urban ","Fog","Low ",1
"13/02/2022","18:50:00","19:05:00",28,"Snack ",37,4.7,5,"motorcycle ",0,"No ","Metropolitian ","Stormy","Medium ",1
"18/03/2022","22:50:00","22:55:00",40,"Drinks ",38,4.2,12,"motorcycle ",0,"No ","Metropolitian ","Fog","Low ",1
"5/04/2022","18:45:00","18:50:00",22,"Drinks ",20,4.9,16,"scooter ",1,"No ","Metropolitian ","Stormy","Medium ",0
"4/04/2022","22:40:00","22:45:00",21,"Snack ",25,4.9,21,"motorcycle ",0,"No ","Metropolitian ","Cloudy","Low ",0
"14/02/2022","17:10:00","17:25:00",38,"Meal ",37,4.2,5,"electric_scooter ",2,"No ","Metropolitian ","Windy","Medium ",1
"17/03/2022","21:55:00","22:10:00",32,"Drinks ",30,4.2,19,"scooter ",2,"No ","Metropolitian ","Stormy","Jam ",0
"1/04/2022","22:00:00","22:05:00",25,"Drinks ",37,4.9,22,"motorcycle ",2,"No ","Metropolitian ","Fog","Jam ",0
"16/02/2022","23:45:00","23:55:00",16,"Snack ",27,4.8,21,"motorcycle ",2,"No ","Urban ","Sandstorms","Low ",1
"14/02/2022","20:10:00","20:20:00",28,"Snack ",20,5,8,"scooter ",1,"No ","Metropolitian ","Stormy","Jam ",0
"6/03/2022","21:15:00","21:30:00",48,"Meal ",28,4.6,19,"motorcycle ",0,"Yes ","Metropolitian ","Sunny","Jam ",2
"5/04/2022","18:25:00","18:40:00",27,"Drinks ",39,4.5,15,"scooter ",1,"No ","Urban ","Sandstorms","Medium ",1
"31/03/2022","22:50:00","23:00:00",34,"Buffet ",39,3.5,16,"motorcycle ",0,"No ","Urban ","Sunny","Low ",1
"18/03/2022","18:30:00","18:35:00",24,"Buffet ",28,4.5,1,"scooter ",1,"No ","Urban ","Windy","Medium ",1
"7/03/2022","10:25:00","10:30:00",23,"Drinks ",20,5,15,"electric_scooter ",2,"No ","Metropolitian ","Sunny","Low ",1
"13/03/2022","10:25:00","10:40:00",16,"Meal ",34,4.9,21,"motorcycle ",1,"No ","Metropolitian ","Sunny","Low ",0
"13/02/2022","9:55:00","10:05:00",10,"Snack ",20,4.7,18,"motorcycle ",1,"No ","Urban ","Sandstorms","Low ",0
"29/03/2022","17:20:00","17:25:00",18,"Drinks ",24,4.9,3,"scooter ",1,"No ","Urban ","Sandstorms","Medium ",0
"4/03/2022","19:55:00","20:05:00",37,"Snack ",29,5,18,"motorcycle ",0,"No ","Metropolitian ","Windy","Jam ",2
"16/02/2022","22:00:00","22:05:00",24,"Drinks ",29,4.7,21,"electric_scooter ",2,"No ","Urban ","Stormy","Jam ",0
"20/03/2022","20:50:00","21:05:00",44,"Buffet ",39,4.2,6,"motorcycle ",0,"No ","Metropolitian ","Sandstorms","Jam ",1
"3/04/2022","18:40:00","18:50:00",25,"Drinks ",25,4.9,9,"motorcycle ",0,"No ","Metropolitian ","Cloudy","Medium ",1
"31/03/2022","19:15:00","19:30:00",36,"Meal ",20,5,3,"motorcycle ",0,"No ","Urban ","Cloudy","Jam ",1
"7/03/2022","22:10:00","22:15:00",19,"Buffet ",30,4.5,17,"scooter ",1,"No ","Metropolitian ","Fog","Low ",1
"5/04/2022","14:40:00","14:45:00",24,"Drinks ",25,4.6,15,"scooter ",2,"No ","Metropolitian ","Fog","High ",1
"7/03/2022","9:55:00","10:00:00",29,"Buffet ",33,4.8,9,"motorcycle ",0,"No ","Metropolitian ","Sunny","Low ",1
"26/03/2022","13:45:00","13:50:00",33,"Drinks ",34,4.1,3,"motorcycle ",0,"No ","Metropolitian ","Windy","High ",1
"14/03/2022","18:20:00","18:25:00",25,"Drinks ",30,4.7,21,"scooter ",1,"No ","Metropolitian ","Stormy","Medium ",1
"4/03/2022","17:25:00","17:35:00",25,"Drinks ",34,4.9,23,"scooter ",2,"No ","Metropolitian ","Sandstorms","Medium ",1
"16/03/2022","19:25:00","19:35:00",24,"Drinks ",22,4.6,19,"motorcycle ",1,"No ","Urban ","Windy","Jam ",0
"15/02/2022","15:20:00","15:35:00",25,"Meal ",33,5,3,"motorcycle ",0,"No ","Metropolitian ","Stormy","Medium ",0
"15/02/2022","20:00:00","20:05:00",38,"Meal ",39,5,4,"scooter ",1,"No ","Metropolitian ","Stormy","Jam ",0
"14/03/2022","21:20:00","21:35:00",35,"Drinks ",29,4.9,21,"motorcycle ",0,"No ","Metropolitian ","Cloudy","Jam ",1
"1/03/2022","22:50:00","22:55:00",18,"Buffet ",30,4.7,15,"electric_scooter ",2,"No ","Metropolitian ","Fog","Low ",0
"30/03/2022","11:45:00","12:00:00",20,"Meal ",21,4.8,23,"motorcycle ",0,"No ","Metropolitian ","Cloudy","High ",1
"12/02/2022","19:15:00","19:30:00",52,"Meal ",31,4.8,3,"motorcycle ",0,"No ","Metropolitian ","Fog","Jam ",1
"29/03/2022","22:15:00","22:25:00",10,"Meal ",26,4.7,23,"scooter ",1,"No ","Metropolitian ","Windy","Low ",0
"18/03/2022","22:00:00","22:10:00",38,"Meal ",20,4.9,23,"motorcycle ",0,"No ","Metropolitian ","Fog","Jam ",1
"13/03/2022","23:55:00","0:10:00",21,"Buffet ",37,4.1,1,"motorcycle ",0,"No ","Urban ","Windy","Low ",1
"7/03/2022","9:15:00","9:20:00",13,"Drinks ",25,4.7,17,"motorcycle ",1,"No ","Urban ","Sandstorms","Low ",0
"5/04/2022","17:45:00","17:55:00",13,"Buffet ",27,4.6,19,"motorcycle ",0,"No ","Metropolitian ","Stormy","Medium ",1
"7/03/2022","10:20:00","10:35:00",16,"Drinks ",27,4.7,19,"scooter ",1,"No ","Metropolitian ","Windy","Low ",0
"18/02/2022","23:10:00","23:15:00",19,"Snack ",22,4.6,2,"motorcycle ",2,"No ","Metropolitian ","Sandstorms","Low ",1
"16/03/2022","22:25:00","22:40:00",37,"Snack ",39,4.3,23,"motorcycle ",0,"No ","Metropolitian ","Cloudy","Low ",1
"5/03/2022","20:10:00","20:25:00",29,"Snack ",22,4.7,13,"motorcycle ",1,"No ","Metropolitian ","Windy","Jam ",0
"17/02/2022","21:35:00","21:40:00",20,"Drinks ",26,4.5,4,"motorcycle ",0,"No ","Metropolitian ","Sandstorms","Jam ",1
"14/02/2022","23:00:00","23:15:00",28,"Meal ",39,4.9,7,"electric_scooter ",2,"No ","Metropolitian ","Sunny","Low ",0
"5/03/2022","20:15:00","20:20:00",26,"Drinks ",22,4.7,16,"motorcycle ",0,"No ","Metropolitian ","Sunny","Jam ",1
"17/02/2022","16:20:00","16:35:00",24,"Meal ",29,4.8,9,"motorcycle ",1,"No ","Metropolitian ","Stormy","Medium ",1
"15/02/2022","15:30:00","15:40:00",27,"Snack ",22,4.8,7,"motorcycle ",2,"No ","Metropolitian ","Windy","Medium ",0
"16/03/2022","22:50:00","23:00:00",17,"Meal ",23,4.8,23,"motorcycle ",0,"No ","Metropolitian ","Windy","Low ",0
"18/02/2022","17:15:00","17:30:00",40,"Buffet ",36,4.6,4,"motorcycle ",0,"No ","Metropolitian ","Fog","Medium ",1
"7/03/2022","14:50:00","15:05:00",26,"Snack ",31,4.9,18,"scooter ",1,"No ","Urban ","Stormy","High ",0
"14/02/2022","23:25:00","23:30:00",38,"Drinks ",36,3.8,17,"motorcycle ",1,"No ","Metropolitian ","Fog","Low ",1
"6/04/2022","23:20:00","23:30:00",23,"Snack ",35,4.6,17,"motorcycle ",0,"No ","Urban ","Windy","Low ",1
"17/02/2022","12:40:00","12:45:00",27,"Snack ",24,4.6,2,"motorcycle ",2,"No ","Metropolitian ","Fog","High ",0
"18/03/2022","20:10:00","20:20:00",34,"Meal ",29,4.8,9,"motorcycle ",0,"No ","Metropolitian ","Stormy","Jam ",1
"28/03/2022","21:15:00","21:20:00",18,"Buffet ",20,4.7,19,"motorcycle ",0,"No ","Urban ","Sandstorms","Jam ",0
"23/03/2022","23:00:00","23:05:00",16,"Drinks ",29,4.6,23,"motorcycle ",1,"No ","Metropolitian ","Stormy","Low ",1
"20/03/2022","18:20:00","18:35:00",44,"Snack ",30,5,13,"motorcycle ",0,"Yes ","Metropolitian ","Fog","Medium ",0
"23/03/2022","21:40:00","21:55:00",25,"Drinks ",38,4.7,12,"scooter ",1,"No ","Metropolitian ","Windy","Jam ",1
"11/03/2022","12:00:00","12:05:00",30,"Buffet ",31,4.9,21,"electric_scooter ",2,"No ","Urban ","Sandstorms","High ",1
"17/02/2022","20:50:00","21:00:00",29,"Meal ",39,4.6,5,"scooter ",1,"No ","Metropolitian ","Fog","Jam ",1
"21/03/2022","16:20:00","16:25:00",33,"Meal ",31,4.1,9,"motorcycle ",0,"No ","Metropolitian ","Sandstorms","Medium ",0
"13/03/2022","12:50:00","13:05:00",20,"Snack ",38,4.5,19,"scooter ",1,"No ","Metropolitian ","Sunny","High ",0
"31/03/2022","23:25:00","23:30:00",43,"Buffet ",35,4,19,"motorcycle ",0,"No ","Urban ","Fog","Low ",2
"11/03/2022","9:50:00","10:05:00",11,"Meal ",23,4.9,16,"scooter ",1,"No ","Urban ","Sandstorms","Low ",0
"5/04/2022","21:10:00","21:20:00",22,"Buffet ",22,4.7,17,"motorcycle ",0,"No ","Metropolitian ","Cloudy","Jam ",1
"17/02/2022","8:25:00","8:35:00",28,"Drinks ",31,4.7,3,"motorcycle ",1,"No ","Metropolitian ","Windy","Low ",1
"27/03/2022","23:30:00","23:45:00",42,"Meal ",39,4.3,1,"motorcycle ",0,"No ","Metropolitian ","Cloudy","Low ",1
"13/02/2022","23:55:00","0:05:00",18,"Drinks ",36,4.7,9,"scooter ",1,"No ","Metropolitian ","Fog","Low ",1
"14/03/2022","23:00:00","23:15:00",22,"Snack ",27,4.9,22,"motorcycle ",0,"No ","Metropolitian ","Cloudy","Low ",1
"15/03/2022","16:50:00","17:05:00",33,"Buffet ",35,4.7,16,"motorcycle ",0,"No ","Metropolitian ","Fog","Medium ",1
"5/03/2022","14:20:00","14:30:00",33,"Drinks ",36,4.6,14,"scooter ",1,"No ","Metropolitian ","Stormy","High ",1
"18/03/2022","0:00:00","0:15:00",31,"Drinks ",34,3.5,19,"scooter ",1,"No ","Metropolitian ","Cloudy","Low ",0
"31/03/2022","22:55:00","23:10:00",33,"Drinks ",34,3.8,5,"motorcycle ",2,"No ","Metropolitian ","Cloudy","Low ",1
"3/04/2022","19:45:00","19:55:00",34,"Snack ",33,4.8,8,"scooter ",1,"No ","Metropolitian ","Windy","Jam ",1
"6/04/2022","23:35:00","23:45:00",18,"Snack ",24,4.8,22,"scooter ",1,"No ","Metropolitian ","Sandstorms","Low ",1
"9/03/2022","9:00:00","9:05:00",15,"Buffet ",29,4.7,17,"scooter ",1,"No ","Metropolitian ","Sunny","Low ",1
"1/04/2022","9:30:00","9:35:00",14,"Drinks ",37,4.9,19,"motorcycle ",1,"No ","Urban ","Sunny","Low ",1
"16/02/2022","21:25:00","21:30:00",30,"Snack ",23,5,5,"motorcycle ",0,"No ","Metropolitian ","Stormy","Jam ",0
"12/02/2022","18:15:00","18:30:00",15,"Meal ",21,4.6,23,"scooter ",2,"No ","Urban ","Sunny","Medium ",0
"6/03/2022","23:25:00","23:30:00",20,"Buffet ",20,4.8,23,"scooter ",1,"No ","Metropolitian ","Sunny","Low ",1
"25/03/2022","18:15:00","18:25:00",20,"Meal ",31,4.9,12,"electric_scooter ",2,"No ","Metropolitian ","Windy","Medium ",1
"17/03/2022","10:10:00","10:25:00",17,"Meal ",25,4.8,21,"motorcycle ",1,"No ","Urban ","Fog","Low ",1
"15/02/2022","21:25:00","21:35:00",39,"Snack ",38,4.3,9,"scooter ",1,"Yes ","Metropolitian ","Stormy","Jam ",1
"15/02/2022","11:50:00","12:00:00",21,"Drinks ",39,4.6,8,"scooter ",2,"No ","Metropolitian ","Sunny","High ",0
"17/02/2022","18:10:00","18:20:00",15,"Buffet ",34,4.9,15,"electric_scooter ",2,"No ","Urban ","Fog","Medium ",0
"2/03/2022","17:25:00","17:40:00",34,"Snack ",28,4.9,9,"motorcycle ",0,"No ","Metropolitian ","Fog","Medium ",1
"30/03/2022","15:35:00","15:50:00",23,"Drinks ",20,4.9,22,"motorcycle ",0,"No ","Metropolitian ","Cloudy","Medium ",1
"13/02/2022","20:20:00","20:35:00",29,"Buffet ",36,4.7,8,"motorcycle ",0,"No ","Metropolitian ","Stormy","Jam ",1
"11/03/2022","8:45:00","9:00:00",18,"Drinks ",23,4.8,17,"scooter ",1,"No ","Urban ","Cloudy","Low ",1
"23/03/2022","20:50:00","21:00:00",29,"Snack ",23,4.6,1,"motorcycle ",0,"No ","Metropolitian ","Sandstorms","Jam ",1
"12/02/2022","21:20:00","21:35:00",28,"Drinks ",27,4.6,6,"scooter ",2,"No ","Metropolitian ","Windy","Jam ",0
"12/03/2022","22:10:00","22:25:00",21,"Snack ",21,4.8,18,"motorcycle ",1,"No ","Urban ","Cloudy","Low ",1
"29/03/2022","22:25:00","22:30:00",21,"Snack ",30,5,18,"motorcycle ",0,"No ","Metropolitian ","Windy","Low ",1
"14/03/2022","19:50:00","19:55:00",33,"Snack ",22,4.9,15,"motorcycle ",0,"No ","Metropolitian ","Stormy","Jam ",1
"26/03/2022","9:10:00","9:20:00",27,"Meal ",29,4.3,15,"motorcycle ",0,"No ","Metropolitian ","Windy","Low ",1
"23/03/2022","23:00:00","23:05:00",16,"Drinks ",29,4.6,23,"motorcycle ",1,"No ","Metropolitian ","Stormy","Low ",1
"5/04/2022","18:35:00","18:45:00",36,"Buffet ",35,4.7,15,"motorcycle ",0,"No ","Urban ","Windy","Medium ",1
"15/02/2022","15:20:00","15:30:00",16,"Meal ",36,4.7,22,"scooter ",2,"No ","Urban ","Cloudy","Medium ",0
"13/02/2022","23:00:00","23:15:00",21,"Meal ",32,4.1,14,"motorcycle ",0,"No ","Metropolitian ","Windy","Low ",1
"30/03/2022","12:40:00","12:55:00",25,"Buffet ",33,4.7,6,"motorcycle ",2,"No ","Urban ","Stormy","High ",0
"2/03/2022","19:15:00","19:20:00",44,"Meal ",25,4.7,12,"motorcycle ",0,"No ","Metropolitian ","Fog","Jam ",2
"28/03/2022","10:55:00","11:10:00",27,"Buffet ",39,4.9,9,"scooter ",1,"No ","Metropolitian ","Stormy","Low ",1
"16/03/2022","23:35:00","23:40:00",38,"Buffet ",31,4.8,15,"motorcycle ",0,"No ","Metropolitian ","Cloudy","Low ",0
"24/03/2022","21:15:00","21:30:00",20,"Drinks ",24,5,18,"motorcycle ",1,"No ","Urban ","Windy","Jam ",1
"11/03/2022","9:40:00","9:55:00",19,"Buffet ",23,5,17,"motorcycle ",2,"No ","Metropolitian ","Sunny","Low ",0
"19/03/2022","21:30:00","21:35:00",21,"Snack ",23,4.6,9,"scooter ",2,"No ","Metropolitian ","Windy","Jam ",1
"26/03/2022","22:00:00","22:15:00",21,"Buffet ",24,4.9,22,"scooter ",2,"No ","Urban ","Cloudy","Jam ",1
"28/03/2022","17:30:00","17:35:00",27,"Buffet ",29,4.7,23,"motorcycle ",1,"No ","Metropolitian ","Windy","Medium ",0
"2/03/2022","20:45:00","20:55:00",34,"Drinks ",35,4.2,6,"scooter ",2,"No ","Urban ","Windy","Jam ",1
"16/02/2022","23:25:00","23:40:00",20,"Meal ",24,4.6,2,"motorcycle ",0,"No ","Metropolitian ","Sunny","Low ",1
"2/04/2022","23:10:00","23:25:00",22,"Buffet ",38,4.8,21,"motorcycle ",0,"No ","Metropolitian ","Stormy","Low ",1
"6/03/2022","23:30:00","23:45:00",35,"Snack ",35,4.5,15,"scooter ",2,"No ","Metropolitian ","Sunny","Low ",1
"16/03/2022","22:50:00","23:05:00",16,"Meal ",37,4.6,23,"scooter ",1,"No ","Metropolitian ","Windy","Low ",0
"1/04/2022","13:40:00","13:55:00",28,"Meal ",23,4.9,9,"motorcycle ",2,"No ","Metropolitian ","Cloudy","High ",1
"14/03/2022","18:30:00","18:40:00",49,"Snack ",36,4.9,17,"motorcycle ",0,"No ","Metropolitian ","Stormy","Medium ",0
"17/03/2022","23:30:00","23:35:00",18,"Snack ",22,4.3,1,"motorcycle ",0,"No ","Urban ","Stormy","Low ",0
"1/03/2022","12:35:00","12:45:00",16,"Buffet ",26,4.6,17,"motorcycle ",2,"No ","Urban ","Sandstorms","High ",0
"7/03/2022","10:50:00","10:55:00",21,"Buffet ",28,4.8,17,"scooter ",1,"No ","Metropolitian ","Sunny","Low ",1
"2/04/2022","20:00:00","20:15:00",33,"Snack ",36,4.5,11,"motorcycle ",1,"No ","Metropolitian ","Sunny","Jam ",1
"1/03/2022","13:50:00","14:05:00",31,"Meal ",38,4.6,22,"motorcycle ",0,"No ","Urban ","Cloudy","High ",0
"3/04/2022","23:35:00","23:45:00",16,"Buffet ",24,4.8,23,"electric_scooter ",2,"No ","Metropolitian ","Cloudy","Low ",0
"11/03/2022","22:35:00","22:50:00",17,"Drinks ",31,5,23,"scooter ",1,"No ","Metropolitian ","Fog","Low ",1
"19/03/2022","23:30:00","23:35:00",13,"Snack ",23,4.8,18,"motorcycle ",1,"No ","Urban ","Windy","Low ",1
"4/03/2022","20:25:00","20:30:00",41,"Snack ",31,4.5,23,"scooter ",1,"No ","Metropolitian ","Sandstorms","Jam ",1
"10/03/2022","17:55:00","18:05:00",13,"Buffet ",20,4.6,19,"motorcycle ",1,"No ","Metropolitian ","Sunny","Medium ",1
"8/03/2022","21:00:00","21:05:00",31,"Snack ",23,4.7,21,"motorcycle ",0,"No ","Metropolitian ","Sandstorms","Jam ",1
"23/03/2022","20:40:00","20:45:00",16,"Meal ",20,4.6,16,"scooter ",1,"No ","Urban ","Stormy","Jam ",1
"1/03/2022","23:20:00","23:25:00",28,"Snack ",33,4.5,18,"scooter ",2,"No ","Metropolitian ","Sandstorms","Low ",0
"14/02/2022","17:25:00","17:35:00",35,"Meal ",33,4.8,9,"motorcycle ",0,"No ","Metropolitian ","Sandstorms","Medium ",1
"6/04/2022","22:20:00","22:35:00",18,"Meal ",33,4.7,16,"scooter ",1,"No ","Metropolitian ","Windy","Low ",0
"9/03/2022","9:45:00","9:50:00",28,"Buffet ",38,4.3,3,"motorcycle ",0,"No ","Urban ","Stormy","Low ",1
"11/03/2022","10:40:00","10:55:00",13,"Snack ",22,4.6,23,"scooter ",1,"No ","Metropolitian ","Sandstorms","Low ",0
"18/03/2022","20:45:00","20:55:00",18,"Drinks ",23,4.9,6,"scooter ",1,"No ","Metropolitian ","Windy","Jam ",1
"16/03/2022","18:55:00","19:00:00",31,"Drinks ",24,4.2,6,"electric_scooter ",2,"No ","Metropolitian ","Fog","Medium ",1
"19/03/2022","8:20:00","8:25:00",20,"Buffet ",33,4.8,13,"motorcycle ",2,"No ","Metropolitian ","Stormy","Low ",0
"3/04/2022","21:00:00","21:10:00",32,"Snack ",26,4,7,"motorcycle ",0,"No ","Metropolitian ","Windy","Jam ",1
"16/03/2022","19:45:00","19:50:00",15,"Buffet ",20,4.9,16,"motorcycle ",1,"No ","Metropolitian ","Stormy","Jam ",1
"5/03/2022","19:40:00","19:50:00",33,"Buffet ",22,4.7,19,"electric_scooter ",2,"No ","Metropolitian ","Sunny","Jam ",2
"28/03/2022","10:55:00","11:00:00",11,"Snack ",29,4.5,9,"motorcycle ",1,"No ","Metropolitian ","Cloudy","Low ",0
"5/04/2022","21:25:00","21:40:00",32,"Drinks ",26,4.9,21,"motorcycle ",0,"No ","Metropolitian ","Windy","Jam ",0
"28/03/2022","11:40:00","11:45:00",17,"Meal ",34,4.8,22,"motorcycle ",1,"No ","Metropolitian ","Sunny","High ",0
"2/03/2022","21:55:00","22:10:00",35,"Meal ",32,3.7,13,"scooter ",1,"No ","Metropolitian ","Sandstorms","Jam ",1
"12/02/2022","17:40:00","17:45:00",22,"Drinks ",24,4.6,6,"motorcycle ",2,"No ","Metropolitian ","Sandstorms","Medium ",0
"27/03/2022","19:15:00","19:30:00",42,"Snack ",31,3.6,6,"electric_scooter ",2,"No ","Metropolitian ","Sandstorms","Jam ",2
"5/04/2022","23:30:00","23:40:00",11,"Buffet ",26,4.6,16,"scooter ",1,"No ","Metropolitian ","Windy","Low ",0
"28/03/2022","14:55:00","15:10:00",28,"Meal ",24,4.5,15,"motorcycle ",0,"No ","Metropolitian ","Fog","High ",0
"3/04/2022","16:45:00","16:55:00",15,"Drinks ",22,4.8,22,"motorcycle ",0,"No ","Metropolitian ","Sunny","Medium ",0
"6/03/2022","22:30:00","22:40:00",22,"Drinks ",20,5,15,"motorcycle ",0,"No ","Metropolitian ","Fog","Low ",1
"30/03/2022","14:40:00","14:55:00",27,"Buffet ",32,5,14,"scooter ",1,"No ","Metropolitian ","Windy","High ",1
"11/03/2022","0:00:00","0:05:00",15,"Drinks ",38,4.6,12,"electric_scooter ",2,"No ","Metropolitian ","Fog","Low ",1
"20/03/2022","23:25:00","23:30:00",24,"Buffet ",22,5,13,"motorcycle ",0,"No ","Metropolitian ","Sandstorms","Low ",0
"3/03/2022","8:15:00","8:25:00",16,"Drinks ",24,4.6,15,"scooter ",1,"No ","Urban ","Windy","Low ",1
"11/02/2022","10:10:00","10:25:00",27,"Drinks ",35,5,2,"motorcycle ",1,"No ","Metropolitian ","Stormy","Low ",1
"11/02/2022","10:40:00","10:45:00",20,"Meal ",23,4,1,"motorcycle ",0,"No ","Urban ","Sandstorms","Low ",1
"12/02/2022","22:25:00","22:30:00",25,"Snack ",31,4.7,5,"scooter ",2,"No ","Metropolitian ","Windy","Low ",1
"5/04/2022","9:45:00","9:55:00",23,"Drinks ",33,4.2,6,"motorcycle ",0,"No ","Metropolitian ","Sandstorms","Low ",1
"6/03/2022","19:10:00","19:15:00",37,"Buffet ",25,4.6,12,"scooter ",1,"No ","Metropolitian ","Fog","Jam ",1
"9/03/2022","21:55:00","22:05:00",17,"Snack ",37,4.5,5,"scooter ",1,"No ","Urban ","Sunny","Jam ",1
"2/04/2022","17:40:00","17:55:00",30,"Meal ",35,4.6,14,"motorcycle ",0,"No ","Metropolitian ","Windy","Medium ",1
"18/03/2022","0:00:00","0:05:00",32,"Buffet ",30,4.1,21,"scooter ",2,"No ","Metropolitian ","Fog","Low ",1
"17/02/2022","8:55:00","9:10:00",18,"Buffet ",35,4.6,19,"scooter ",2,"No ","Urban ","Fog","Low ",0
"1/04/2022","11:30:00","11:40:00",32,"Snack ",35,4.6,12,"scooter ",2,"No ","Metropolitian ","Windy","High ",0
"15/02/2022","21:55:00","22:00:00",21,"Drinks ",30,4.9,9,"electric_scooter ",2,"No ","Metropolitian ","Sunny","Jam ",1
"3/03/2022","19:30:00","19:45:00",25,"Drinks ",37,5,15,"motorcycle ",2,"No ","Metropolitian ","Stormy","Jam ",0
"12/03/2022","23:15:00","23:20:00",35,"Buffet ",37,4.3,3,"scooter ",2,"No ","Urban ","Fog","Low ",0
"5/04/2022","10:50:00","10:55:00",12,"Meal ",21,4.7,16,"motorcycle ",0,"No ","Metropolitian ","Sunny","Low ",1
"5/03/2022","10:40:00","10:45:00",21,"Meal ",36,4.9,21,"motorcycle ",1,"No ","Urban ","Stormy","Low ",1
"9/03/2022","23:10:00","23:20:00",15,"Buffet ",26,5,9,"scooter ",1,"No ","Metropolitian ","Sandstorms","Low ",0
"27/03/2022","23:50:00","23:55:00",24,"Buffet ",20,4.9,13,"motorcycle ",0,"No ","Metropolitian ","Cloudy","Low ",1
"2/04/2022","22:25:00","22:30:00",27,"Snack ",27,4.6,18,"scooter ",1,"No ","Metropolitian ","Cloudy","Low ",1
"3/03/2022","10:20:00","10:25:00",25,"Drinks ",25,4.2,7,"motorcycle ",0,"No ","Metropolitian ","Windy","Low ",1
"19/03/2022","9:15:00","9:25:00",25,"Buffet ",30,5,4,"motorcycle ",0,"No ","Metropolitian ","Cloudy","Low ",1
"15/03/2022","11:55:00","12:00:00",27,"Snack ",25,4.8,16,"motorcycle ",2,"No ","Metropolitian ","Stormy","High ",0
"11/02/2022","18:35:00","18:50:00",21,"Buffet ",39,4.6,23,"motorcycle ",1,"No ","Urban ","Sunny","Medium ",1
"4/03/2022","21:45:00","21:50:00",37,"Buffet ",38,4.8,22,"electric_scooter ",2,"No ","Metropolitian ","Sandstorms","Jam ",0
"16/02/2022","19:35:00","19:45:00",41,"Snack ",34,4.1,10,"scooter ",1,"No ","Metropolitian ","Stormy","Jam ",2
"12/02/2022","23:00:00","23:15:00",26,"Snack ",37,4.7,15,"motorcycle ",0,"No ","Urban ","Stormy","Low ",1
"10/03/2022","23:55:00","0:00:00",28,"Meal ",33,4.7,13,"scooter ",1,"No ","Metropolitian ","Sandstorms","Low ",0
"18/02/2022","17:55:00","18:10:00",42,"Meal ",38,4.7,2,"scooter ",1,"No ","Metropolitian ","Fog","Medium ",2
"12/03/2022","18:40:00","18:50:00",28,"Meal ",27,5,22,"motorcycle ",1,"No ","Metropolitian ","Windy","Medium ",0
"13/03/2022","19:15:00","19:20:00",26,"Buffet ",27,4.9,19,"motorcycle ",2,"No ","Urban ","Sandstorms","Jam ",0
"26/03/2022","8:10:00","8:20:00",16,"Drinks ",34,4.9,12,"electric_scooter ",2,"No ","Metropolitian ","Sunny","Low ",1
"7/03/2022","21:00:00","21:10:00",13,"Drinks ",21,4.9,23,"motorcycle ",1,"No ","Metropolitian ","Sandstorms","Jam ",0
"3/03/2022","20:00:00","20:05:00",13,"Snack ",27,5,18,"scooter ",2,"No ","Metropolitian ","Stormy","Jam ",1
"14/02/2022","23:25:00","23:35:00",23,"Buffet ",24,4.6,8,"motorcycle ",0,"No ","Metropolitian ","Stormy","Low ",0
"14/03/2022","23:00:00","23:10:00",18,"Snack ",28,4.7,21,"motorcycle ",0,"No ","Urban ","Windy","Low ",1
"6/04/2022","21:15:00","21:30:00",49,"Meal ",39,4.7,15,"scooter ",1,"No ","Urban ","Cloudy","Jam ",1
"4/03/2022","20:50:00","21:00:00",30,"Buffet ",38,4.6,12,"electric_scooter ",2,"No ","Metropolitian ","Sunny","Jam ",1
"20/03/2022","21:30:00","21:45:00",36,"Meal ",35,5,2,"motorcycle ",0,"No ","Metropolitian ","Stormy","Jam ",1
"3/03/2022","17:30:00","17:35:00",34,"Buffet ",30,4.8,18,"scooter ",2,"No ","Metropolitian ","Windy","Medium ",1
"16/02/2022","19:00:00","19:05:00",24,"Snack ",25,4.8,3,"motorcycle ",0,"No ","Metropolitian ","Windy","Medium ",0
"3/04/2022","20:45:00","20:55:00",34,"Meal ",33,4.1,7,"scooter ",1,"No ","Metropolitian ","Stormy","Jam ",1
"15/02/2022","9:15:00","9:25:00",23,"Buffet ",26,4.2,1,"motorcycle ",0,"No ","Urban ","Stormy","Low ",1
"23/03/2022","19:40:00","19:50:00",38,"Snack ",36,4.9,5,"motorcycle ",0,"No ","Metropolitian ","Windy","Jam ",1
"27/03/2022","21:45:00","21:50:00",45,"Buffet ",37,4.1,4,"scooter ",1,"No ","Metropolitian ","Cloudy","Jam ",2
"16/02/2022","21:25:00","21:30:00",30,"Snack ",28,4.8,5,"motorcycle ",1,"No ","Metropolitian ","Stormy","Jam ",1
"10/03/2022","17:45:00","18:00:00",17,"Drinks ",20,4.8,15,"motorcycle ",0,"No ","Metropolitian ","Sunny","Medium ",0
"17/03/2022","23:25:00","23:35:00",16,"Drinks ",26,4.9,9,"scooter ",2,"No ","Metropolitian ","Stormy","Low ",0
"29/03/2022","23:40:00","23:50:00",15,"Buffet ",36,4.8,12,"motorcycle ",1,"No ","Metropolitian ","Sunny","Low ",1
"16/03/2022","19:20:00","19:35:00",36,"Buffet ",29,4.3,13,"motorcycle ",0,"No ","Metropolitian ","Windy","Jam ",1
"7/03/2022","21:00:00","21:05:00",30,"Snack ",31,4.5,16,"motorcycle ",0,"No ","Metropolitian ","Sunny","Jam ",0
"9/03/2022","17:40:00","17:45:00",26,"Drinks ",27,4.9,16,"motorcycle ",0,"No ","Urban ","Sandstorms","Medium ",1
"2/04/2022","17:15:00","17:25:00",33,"Meal ",27,4.8,1,"scooter ",2,"No ","Metropolitian ","Fog","Medium ",1
"3/04/2022","20:45:00","20:50:00",29,"Snack ",26,4.6,15,"scooter ",2,"No ","Metropolitian ","Sandstorms","Jam ",1
"16/03/2022","18:25:00","18:35:00",31,"Drinks ",37,4,3,"motorcycle ",0,"No ","Urban ","Stormy","Medium ",1
"16/03/2022","21:55:00","22:10:00",21,"Drinks ",28,5,22,"motorcycle ",1,"No ","Metropolitian ","Windy","Jam ",1
"17/03/2022","22:10:00","22:15:00",16,"Buffet ",32,4.7,18,"motorcycle ",1,"No ","Urban ","Cloudy","Low ",1
"26/03/2022","20:35:00","20:50:00",33,"Buffet ",38,4.6,6,"electric_scooter ",2,"No ","Metropolitian ","Cloudy","Jam ",1
"10/03/2022","19:15:00","19:30:00",36,"Drinks ",30,4.3,19,"scooter ",1,"No ","Metropolitian ","Cloudy","Jam ",1
"13/02/2022","10:30:00","10:45:00",27,"Buffet ",34,4.7,8,"motorcycle ",1,"No ","Metropolitian ","Windy","Low ",1
"17/03/2022","23:00:00","23:10:00",17,"Buffet ",32,4.6,19,"motorcycle ",1,"No ","Urban ","Fog","Low ",1
"27/03/2022","23:45:00","23:55:00",21,"Buffet ",27,4.9,12,"motorcycle ",0,"No ","Metropolitian ","Sunny","Low ",1
"12/02/2022","21:00:00","21:10:00",38,"Snack ",38,4.5,2,"motorcycle ",1,"No ","Metropolitian ","Stormy","Jam ",2
"16/02/2022","19:45:00","20:00:00",34,"Buffet ",39,3.9,15,"electric_scooter ",2,"No ","Metropolitian ","Sandstorms","Jam ",0
"14/02/2022","0:00:00","0:05:00",31,"Buffet ",29,2.6,15,"electric_scooter ",2,"No ","Metropolitian ","Sunny","Low ",1
"13/02/2022","11:00:00","11:15:00",16,"Buffet ",31,5,2,"scooter ",1,"No ","Metropolitian ","Fog","Low ",1
"25/03/2022","17:15:00","17:20:00",37,"Meal ",25,4.6,11,"motorcycle ",0,"No ","Metropolitian ","Fog","Medium ",1
"16/03/2022","23:35:00","23:40:00",37,"Buffet ",34,4.3,18,"scooter ",1,"No ","Metropolitian ","Cloudy","Low ",0
"26/03/2022","19:45:00","20:00:00",20,"Snack ",27,4.9,19,"motorcycle ",0,"No ","Metropolitian ","Cloudy","Jam ",1
"4/03/2022","17:45:00","17:50:00",27,"Meal ",20,4.6,18,"motorcycle ",0,"No ","Metropolitian ","Windy","Medium ",1
"16/02/2022","21:15:00","21:25:00",30,"Buffet ",36,4.6,3,"scooter ",1,"No ","Metropolitian ","Sunny","Jam ",0
"20/03/2022","20:45:00","20:55:00",37,"Drinks ",22,4.3,5,"motorcycle ",2,"No ","Metropolitian ","Fog","Jam ",0
"25/03/2022","21:40:00","21:55:00",20,"Snack ",21,4.6,19,"scooter ",1,"No ","Metropolitian ","Sunny","Jam ",0
"28/03/2022","21:10:00","21:25:00",20,"Meal ",22,4.8,22,"motorcycle ",0,"No ","Metropolitian ","Sandstorms","Jam ",1
"18/03/2022","19:45:00","20:00:00",41,"Snack ",25,4.2,23,"motorcycle ",2,"No ","Metropolitian ","Cloudy","Jam ",0
"27/03/2022","22:20:00","22:30:00",21,"Buffet ",37,4.7,23,"scooter ",2,"No ","Metropolitian ","Windy","Low ",1
"17/03/2022","10:35:00","10:45:00",28,"Drinks ",38,4.7,23,"motorcycle ",1,"No ","Metropolitian ","Windy","Low ",1
"27/03/2022","20:25:00","20:40:00",20,"Snack ",21,5,15,"scooter ",1,"No ","Metropolitian ","Stormy","Jam ",0
"21/03/2022","22:35:00","22:50:00",23,"Snack ",21,4.5,21,"motorcycle ",0,"No ","Metropolitian ","Windy","Low ",1
"4/03/2022","17:40:00","17:50:00",12,"Drinks ",24,4.9,13,"scooter ",2,"No ","Metropolitian ","Sunny","Medium ",0
"6/04/2022","20:10:00","20:25:00",17,"Drinks ",20,4.7,19,"scooter ",2,"No ","Metropolitian ","Sunny","Jam ",0
"5/03/2022","9:35:00","9:40:00",23,"Buffet ",30,4.6,22,"motorcycle ",2,"No ","Urban ","Stormy","Low ",1
"5/03/2022","9:20:00","9:30:00",10,"Meal ",29,4.6,19,"motorcycle ",2,"No ","Urban ","Stormy","Low ",1
"24/03/2022","10:30:00","10:35:00",19,"Buffet ",21,4.7,9,"scooter ",1,"No ","Metropolitian ","Sandstorms","Low ",1
"2/04/2022","17:25:00","17:40:00",15,"Snack ",28,4.9,9,"scooter ",1,"No ","Metropolitian ","Windy","Medium ",0
"16/02/2022","21:10:00","21:15:00",26,"Buffet ",33,4.8,6,"motorcycle ",1,"No ","Metropolitian ","Sandstorms","Jam ",1
"9/03/2022","15:00:00","15:10:00",25,"Drinks ",30,4.7,17,"scooter ",1,"No ","Metropolitian ","Fog","High ",1
"17/03/2022","12:00:00","12:10:00",28,"Snack ",27,4.8,13,"motorcycle ",1,"No ","Metropolitian ","Fog","High ",1
"24/03/2022","9:50:00","10:00:00",15,"Snack ",27,4.8,14,"scooter ",2,"No ","Metropolitian ","Cloudy","Low ",1
"13/02/2022","19:15:00","19:25:00",31,"Drinks ",21,4.6,9,"motorcycle ",0,"No ","Metropolitian ","Stormy","Jam ",1
"2/03/2022","20:20:00","20:25:00",49,"Meal ",32,4.1,6,"motorcycle ",1,"No ","Metropolitian ","Stormy","Jam ",1
"18/02/2022","19:45:00","19:55:00",40,"Snack ",38,4.1,13,"motorcycle ",0,"No ","Metropolitian ","Sandstorms","Jam ",1
"14/03/2022","19:00:00","19:10:00",27,"Snack ",25,4.7,18,"motorcycle ",1,"No ","Metropolitian ","Fog","Medium ",1
"28/03/2022","23:20:00","23:25:00",25,"Drinks ",36,4.8,14,"motorcycle ",0,"No ","Metropolitian ","Stormy","Low ",1
"31/03/2022","20:00:00","20:15:00",38,"Buffet ",39,3.8,9,"scooter ",1,"No ","Metropolitian ","Windy","Jam ",1
"25/03/2022","23:10:00","23:15:00",23,"Meal ",22,4.8,17,"motorcycle ",2,"No ","Urban ","Fog","Low ",1
"18/03/2022","20:45:00","20:55:00",32,"Meal ",36,3.8,23,"scooter ",1,"No ","Metropolitian ","Sandstorms","Jam ",1
"30/03/2022","18:25:00","18:40:00",17,"Buffet ",22,4.7,3,"scooter ",2,"No ","Urban ","Fog","Medium ",1
"26/03/2022","10:20:00","10:35:00",14,"Meal ",24,4.8,15,"scooter ",2,"No ","Urban ","Sandstorms","Low ",1
"16/02/2022","18:10:00","18:15:00",44,"Buffet ",31,4.9,3,"motorcycle ",0,"No ","Metropolitian ","Fog","Medium ",1
"28/03/2022","17:20:00","17:35:00",24,"Meal ",25,4.6,16,"motorcycle ",2,"No ","Urban ","Stormy","Medium ",1
"26/03/2022","20:15:00","20:30:00",33,"Buffet ",31,4.9,2,"motorcycle ",1,"No ","Metropolitian ","Stormy","Jam ",1
"19/03/2022","0:00:00","0:15:00",28,"Buffet ",37,4.7,3,"electric_scooter ",2,"No ","Metropolitian ","Sandstorms","Low ",1
"20/03/2022","20:20:00","20:35:00",42,"Meal ",39,4.8,15,"motorcycle ",0,"No ","Urban ","Cloudy","Jam ",0
"13/03/2022","20:55:00","21:00:00",31,"Snack ",36,5,22,"electric_scooter ",2,"No ","Urban ","Sandstorms","Jam ",1
"11/02/2022","8:30:00","8:45:00",12,"Drinks ",28,4.9,3,"motorcycle ",1,"No ","Metropolitian ","Stormy","Low ",0
"14/03/2022","21:40:00","21:55:00",27,"Snack ",35,4.7,22,"scooter ",2,"No ","Metropolitian ","Sunny","Jam ",0
"31/03/2022","22:25:00","22:40:00",31,"Meal ",22,3.3,4,"electric_scooter ",2,"No ","Urban ","Sunny","Low ",0
"20/03/2022","18:55:00","19:00:00",20,"Snack ",24,4.8,14,"motorcycle ",1,"No ","Metropolitian ","Stormy","Medium ",1
"2/04/2022","18:25:00","18:30:00",22,"Buffet ",39,4.7,23,"scooter ",1,"No ","Metropolitian ","Stormy","Medium ",1
"10/03/2022","22:15:00","22:25:00",32,"Drinks ",32,3.5,11,"motorcycle ",1,"No ","Metropolitian ","Cloudy","Low ",1
"7/03/2022","9:00:00","9:05:00",19,"Meal ",21,4.9,21,"motorcycle ",1,"No ","Urban ","Sandstorms","Low ",1
"9/03/2022","14:15:00","14:25:00",10,"Meal ",22,4.7,22,"motorcycle ",2,"No ","Urban ","Windy","High ",0
"23/03/2022","20:55:00","21:05:00",14,"Drinks ",28,4.8,19,"scooter ",2,"No ","Metropolitian ","Sunny","Jam ",0
"7/03/2022","10:40:00","10:50:00",18,"Drinks ",24,4,3,"motorcycle ",0,"No ","Metropolitian ","Stormy","Low ",1
"20/03/2022","18:35:00","18:45:00",39,"Meal ",28,5,8,"scooter ",1,"No ","Metropolitian ","Fog","Medium ",2
"8/03/2022","19:35:00","19:40:00",30,"Snack ",24,4.7,16,"scooter ",2,"No ","Metropolitian ","Fog","Jam ",1
"17/02/2022","22:35:00","22:45:00",12,"Snack ",25,4.7,4,"scooter ",1,"No ","Metropolitian ","Sandstorms","Low ",0
"29/03/2022","21:20:00","21:30:00",25,"Snack ",22,4.9,9,"motorcycle ",0,"No ","Metropolitian ","Stormy","Jam ",0
"5/03/2022","9:00:00","9:10:00",11,"Meal ",33,4.7,14,"scooter ",2,"No ","Metropolitian ","Stormy","Low ",1
"17/02/2022","9:00:00","9:15:00",26,"Buffet ",37,5,4,"scooter ",2,"No ","Metropolitian ","Stormy","Low ",1
"15/02/2022","19:45:00","19:50:00",21,"Drinks ",26,4.7,4,"motorcycle ",1,"No ","Metropolitian ","Fog","Jam ",1
"15/03/2022","11:25:00","11:40:00",26,"Snack ",39,4.9,14,"motorcycle ",1,"No ","Metropolitian ","Windy","High ",1
"20/03/2022","18:45:00","19:00:00",35,"Snack ",37,4.2,9,"scooter ",2,"No ","Metropolitian ","Fog","Medium ",0
"5/04/2022","21:50:00","22:00:00",27,"Drinks ",39,4.8,21,"electric_scooter ",2,"No ","Metropolitian ","Cloudy","Jam ",1
"14/02/2022","21:10:00","21:15:00",25,"Meal ",37,4.9,23,"scooter ",2,"No ","Urban ","Windy","Jam ",1
"17/02/2022","11:50:00","12:00:00",31,"Snack ",34,4.7,4,"motorcycle ",0,"No ","Metropolitian ","Sandstorms","High ",1
"30/03/2022","21:15:00","21:30:00",23,"Drinks ",29,4.9,16,"motorcycle ",0,"No ","Metropolitian ","Cloudy","Jam ",1
"3/03/2022","13:45:00","13:50:00",30,"Drinks ",39,4.8,23,"scooter ",1,"No ","Urban ","Cloudy","High ",1
"21/03/2022","14:35:00","14:40:00",40,"Buffet ",26,4.4,9,"motorcycle ",0,"No ","Metropolitian ","Sunny","High ",1
"27/03/2022","23:40:00","23:50:00",28,"Drinks ",35,4.8,23,"motorcycle ",0,"No ","Metropolitian ","Windy","Low ",1
"5/03/2022","9:45:00","10:00:00",22,"Meal ",21,4.6,19,"motorcycle ",0,"No ","Urban ","Stormy","Low ",0
"11/03/2022","16:40:00","16:50:00",27,"Snack ",26,4.8,15,"scooter ",1,"No ","Metropolitian ","Windy","Medium ",1
"26/03/2022","20:45:00","21:00:00",34,"Drinks ",31,4.9,13,"electric_scooter ",2,"No ","Metropolitian ","Windy","Jam ",1
"14/02/2022","21:45:00","22:00:00",34,"Buffet ",38,4.4,3,"motorcycle ",1,"No ","Metropolitian ","Sandstorms","Jam ",1
"1/03/2022","23:50:00","23:55:00",24,"Snack ",26,4.3,14,"motorcycle ",0,"No ","Metropolitian ","Stormy","Low ",0
"20/03/2022","19:10:00","19:25:00",48,"Snack ",27,4.6,3,"motorcycle ",0,"No ","Metropolitian ","Fog","Jam ",2
"19/03/2022","18:40:00","18:55:00",17,"Meal ",28,4.7,6,"motorcycle ",0,"No ","Metropolitian ","Sunny","Medium ",0
"8/03/2022","21:35:00","21:50:00",25,"Snack ",35,4.8,9,"motorcycle ",0,"No ","Metropolitian ","Sunny","Jam ",0
"21/03/2022","17:35:00","17:40:00",24,"Snack ",23,4.5,18,"scooter ",1,"No ","Metropolitian ","Sandstorms","Medium ",1
"16/03/2022","20:55:00","21:10:00",44,"Drinks ",37,4.8,17,"motorcycle ",0,"No ","Metropolitian ","Fog","Jam ",1
"26/03/2022","9:50:00","9:55:00",24,"Meal ",36,4.9,14,"motorcycle ",0,"No ","Metropolitian ","Sunny","Low ",0
"5/03/2022","18:20:00","18:25:00",28,"Snack ",35,4.9,22,"motorcycle ",0,"No ","Metropolitian ","Stormy","Medium ",1
"23/03/2022","17:10:00","17:15:00",16,"Snack ",20,4.7,15,"scooter ",2,"No ","Urban ","Sandstorms","Medium ",1
"11/02/2022","12:00:00","12:10:00",28,"Buffet ",39,4.6,4,"scooter ",2,"No ","Metropolitian ","Stormy","High ",1
"14/03/2022","18:00:00","18:05:00",40,"Drinks ",32,4.2,1,"motorcycle ",0,"No ","Metropolitian ","Sandstorms","Medium ",1
"2/04/2022","21:35:00","21:45:00",28,"Buffet ",28,5,9,"motorcycle ",1,"No ","Metropolitian ","Sandstorms","Jam ",0
"17/02/2022","22:50:00","23:00:00",18,"Buffet ",26,4.9,7,"motorcycle ",0,"No ","Metropolitian ","Sandstorms","Low ",0
"16/02/2022","20:35:00","20:40:00",28,"Snack ",26,4.9,6,"scooter ",2,"No ","Metropolitian ","Windy","Jam ",1
"1/04/2022","17:55:00","18:00:00",25,"Snack ",35,4.6,19,"motorcycle ",2,"No ","Metropolitian ","Sandstorms","Medium ",1
"27/03/2022","22:55:00","23:00:00",24,"Snack ",27,4.8,23,"motorcycle ",1,"No ","Metropolitian ","Cloudy","Low ",0
"4/04/2022","17:10:00","17:15:00",25,"Meal ",32,4.6,15,"motorcycle ",2,"No ","Urban ","Sandstorms","Medium ",0
"24/03/2022","9:20:00","9:30:00",18,"Meal ",20,4.9,16,"electric_scooter ",2,"No ","Metropolitian ","Sunny","Low ",0
"11/03/2022","23:35:00","23:45:00",16,"Drinks ",25,4.9,23,"motorcycle ",0,"No ","Urban ","Fog","Low ",1
"17/03/2022","18:40:00","18:45:00",32,"Buffet ",30,4.1,16,"motorcycle ",0,"No ","Metropolitian ","Windy","Medium ",0
"12/03/2022","18:45:00","18:50:00",37,"Meal ",36,4,4,"motorcycle ",1,"No ","Metropolitian ","Cloudy","Medium ",1
"19/03/2022","9:40:00","9:55:00",28,"Drinks ",32,4.9,11,"motorcycle ",1,"No ","Metropolitian ","Stormy","Low ",1
"5/04/2022","13:50:00","14:00:00",25,"Meal ",38,5,22,"motorcycle ",2,"No ","Metropolitian ","Sandstorms","High ",1
"30/03/2022","23:30:00","23:40:00",23,"Meal ",20,4.1,19,"motorcycle ",0,"No ","Metropolitian ","Windy","Low ",0
"7/03/2022","9:55:00","10:05:00",22,"Snack ",36,5,15,"motorcycle ",1,"No ","Metropolitian ","Sandstorms","Low ",1
"5/04/2022","19:45:00","20:00:00",17,"Snack ",38,4.7,15,"scooter ",1,"No ","Metropolitian ","Sunny","Jam ",0
"3/03/2022","9:30:00","9:45:00",34,"Meal ",35,4,3,"motorcycle ",0,"No ","Metropolitian ","Sandstorms","Low ",1
"15/03/2022","9:20:00","9:30:00",32,"Buffet ",37,4.2,7,"motorcycle ",0,"No ","Metropolitian ","Windy","Low ",1
"11/03/2022","18:30:00","18:45:00",21,"Meal ",23,4.9,13,"motorcycle ",0,"No ","Metropolitian ","Fog","Medium ",1
"13/02/2022","12:15:00","12:20:00",37,"Meal ",34,4.2,2,"electric_scooter ",2,"No ","Metropolitian ","Fog","High ",0
"20/03/2022","18:30:00","18:45:00",19,"Buffet ",27,4.7,22,"motorcycle ",0,"No ","Urban ","Sunny","Medium ",0
"7/03/2022","0:00:00","0:05:00",28,"Meal ",28,4,13,"motorcycle ",0,"No ","Metropolitian ","Stormy","Low ",1
"5/04/2022","22:20:00","22:35:00",16,"Drinks ",35,4.8,21,"motorcycle ",1,"No ","Metropolitian ","Fog","Low ",1
"30/03/2022","18:35:00","18:45:00",24,"Snack ",26,4.8,16,"motorcycle ",0,"No ","Metropolitian ","Sunny","Medium ",0
"20/03/2022","21:30:00","21:35:00",42,"Buffet ",27,4.6,5,"motorcycle ",2,"Yes ","Metropolitian ","Fog","Jam ",2
"16/02/2022","20:20:00","20:25:00",18,"Buffet ",22,4.7,4,"electric_scooter ",2,"No ","Metropolitian ","Sandstorms","Jam ",0
"5/04/2022","8:10:00","8:25:00",18,"Buffet ",34,4.8,15,"motorcycle ",2,"No ","Metropolitian ","Cloudy","Low ",1
"6/03/2022","21:00:00","21:05:00",36,"Snack ",36,4.1,6,"scooter ",1,"No ","Urban ","Stormy","Jam ",1
"18/03/2022","21:40:00","21:50:00",40,"Snack ",20,5,17,"scooter ",1,"Yes ","Metropolitian ","Fog","Jam ",2
"5/04/2022","19:35:00","19:45:00",35,"Meal ",37,4.2,21,"motorcycle ",1,"No ","Urban ","Fog","Jam ",0
"8/03/2022","23:45:00","23:55:00",30,"Buffet ",38,4.7,22,"scooter ",2,"No ","Metropolitian ","Fog","Low ",0
"16/02/2022","18:35:00","18:40:00",43,"Snack ",39,4.9,2,"motorcycle ",0,"No ","Metropolitian ","Stormy","Medium ",2
"1/04/2022","20:50:00","21:00:00",20,"Snack ",39,4.6,21,"scooter ",1,"No ","Metropolitian ","Sunny","Jam ",0
"8/03/2022","18:20:00","18:25:00",36,"Buffet ",36,3.6,5,"electric_scooter ",2,"No ","Urban ","Stormy","Medium ",2
"11/03/2022","20:20:00","20:35:00",22,"Meal ",26,4.6,12,"motorcycle ",0,"No ","Metropolitian ","Stormy","Jam ",1
"3/03/2022","19:00:00","19:15:00",19,"Buffet ",21,4.7,14,"motorcycle ",0,"No ","Metropolitian ","Sunny","Medium ",1
"11/02/2022","23:10:00","23:25:00",27,"Drinks ",24,4.1,14,"motorcycle ",0,"No ","Metropolitian ","Stormy","Low ",0
"13/03/2022","18:25:00","18:40:00",16,"Buffet ",25,4.7,12,"electric_scooter ",2,"No ","Metropolitian ","Cloudy","Medium ",0
"18/02/2022","20:30:00","20:40:00",38,"Buffet ",21,4.4,4,"electric_scooter ",2,"No ","Metropolitian ","Sandstorms","Jam ",1
"13/03/2022","19:50:00","19:55:00",34,"Snack ",35,4.9,9,"scooter ",1,"No ","Metropolitian ","Cloudy","Jam ",1
"12/03/2022","20:50:00","21:00:00",36,"Snack ",34,4.2,6,"motorcycle ",0,"No ","Metropolitian ","Sandstorms","Jam ",2
"6/03/2022","21:00:00","21:10:00",49,"Meal ",31,4.6,22,"motorcycle ",0,"No ","Metropolitian ","Sunny","Jam ",3
"13/03/2022","19:40:00","19:55:00",24,"Meal ",20,4.8,23,"motorcycle ",1,"No ","Metropolitian ","Cloudy","Jam ",0
"11/03/2022","12:00:00","12:05:00",19,"Meal ",20,4.9,23,"scooter ",2,"No ","Metropolitian ","Sunny","High ",1
"6/03/2022","21:45:00","21:50:00",28,"Meal ",32,4.7,12,"motorcycle ",1,"No ","Metropolitian ","Sunny","Jam ",1
"14/03/2022","23:50:00","0:00:00",15,"Buffet ",35,4.6,21,"motorcycle ",1,"No ","Metropolitian ","Sandstorms","Low ",0
"17/02/2022","22:40:00","22:55:00",14,"Buffet ",28,4.7,8,"motorcycle ",1,"No ","Metropolitian ","Sandstorms","Low ",1
"1/03/2022","8:25:00","8:35:00",19,"Buffet ",26,4.7,21,"scooter ",1,"No ","Urban ","Sunny","Low ",0
"15/03/2022","10:00:00","10:15:00",16,"Snack ",21,4.2,6,"motorcycle ",0,"No ","Metropolitian ","Sandstorms","Low ",0
"8/03/2022","21:00:00","21:15:00",27,"Buffet ",29,4.8,13,"electric_scooter ",2,"No ","Metropolitian ","Windy","Jam ",1
"20/03/2022","18:40:00","18:50:00",27,"Meal ",23,5,16,"motorcycle ",1,"No ","Metropolitian ","Sandstorms","Medium ",0
"15/02/2022","11:45:00","12:00:00",45,"Buffet ",38,4,18,"motorcycle ",0,"No ","Metropolitian ","Windy","High ",2
"17/03/2022","9:10:00","9:15:00",17,"Meal ",30,4.9,22,"motorcycle ",2,"No ","Urban ","Cloudy","Low ",1
"19/03/2022","13:10:00","13:25:00",31,"Snack ",30,5,16,"motorcycle ",2,"No ","Metropolitian ","Stormy","High ",1
"15/03/2022","22:55:00","23:10:00",28,"Snack ",28,4.1,1,"motorcycle ",0,"No ","Urban ","Windy","Low ",1
"18/03/2022","22:30:00","22:40:00",22,"Meal ",27,4.8,8,"motorcycle ",0,"No ","Metropolitian ","Windy","Low ",0
"18/03/2022","23:10:00","23:20:00",17,"Snack ",32,4.8,2,"scooter ",2,"No ","Metropolitian ","Sandstorms","Low ",0
"17/02/2022","9:55:00","10:10:00",22,"Snack ",24,4.2,9,"motorcycle ",0,"No ","Metropolitian ","Stormy","Low ",1
"12/02/2022","20:40:00","20:55:00",39,"Buffet ",35,4,19,"scooter ",2,"No ","Metropolitian ","Stormy","Jam ",1
"3/03/2022","10:55:00","11:10:00",23,"Meal ",27,4.1,11,"motorcycle ",0,"No ","Metropolitian ","Sandstorms","Low ",1
"19/03/2022","14:10:00","14:15:00",20,"Meal ",35,4.8,19,"scooter ",1,"No ","Urban ","Sunny","High ",1
"5/03/2022","22:55:00","23:05:00",18,"Buffet ",35,4.5,3,"scooter ",1,"No ","Urban ","Stormy","Low ",0
"5/03/2022","23:40:00","23:55:00",14,"Snack ",29,4.9,14,"electric_scooter ",2,"No ","Metropolitian ","Stormy","Low ",1
"14/02/2022","20:00:00","20:10:00",41,"Meal ",22,4,12,"motorcycle ",1,"No ","Metropolitian ","Stormy","Jam ",1
"25/03/2022","19:35:00","19:50:00",21,"Snack ",22,4.5,13,"scooter ",2,"No ","Metropolitian ","Sandstorms","Jam ",1
"23/03/2022","20:25:00","20:40:00",17,"Meal ",21,4.8,13,"scooter ",1,"No ","Metropolitian ","Windy","Jam ",0
"15/03/2022","21:35:00","21:40:00",27,"Snack ",36,4.5,3,"scooter ",2,"No ","Urban ","Fog","Jam ",1
"2/03/2022","20:00:00","20:05:00",24,"Buffet ",28,4.8,21,"motorcycle ",1,"No ","Metropolitian ","Stormy","Jam ",1
"14/03/2022","19:30:00","19:40:00",29,"Snack ",27,4.7,13,"motorcycle ",0,"No ","Metropolitian ","Sunny","Jam ",1
"2/03/2022","21:50:00","22:00:00",27,"Snack ",23,4.6,18,"motorcycle ",0,"No ","Metropolitian ","Stormy","Jam ",1
"3/03/2022","10:20:00","10:30:00",21,"Drinks ",35,4.5,17,"scooter ",2,"No ","Metropolitian ","Sandstorms","Low ",0
"6/03/2022","23:50:00","0:05:00",11,"Meal ",28,4.6,23,"motorcycle ",2,"No ","Urban ","Stormy","Low ",1
"17/03/2022","11:50:00","11:55:00",29,"Buffet ",25,4.9,2,"scooter ",2,"No ","Metropolitian ","Windy","High ",1
"18/03/2022","21:55:00","22:00:00",31,"Meal ",32,4.1,21,"motorcycle ",1,"No ","Metropolitian ","Sunny","Jam ",0
"18/03/2022","23:30:00","23:35:00",18,"Meal ",37,4.8,15,"scooter ",2,"No ","Urban ","Windy","Low ",0
"19/03/2022","9:30:00","9:45:00",14,"Meal ",20,5,17,"motorcycle ",1,"No ","Metropolitian ","Fog","Low ",0
"9/03/2022","8:10:00","8:20:00",28,"Buffet ",30,4.9,21,"motorcycle ",0,"No ","Urban ","Stormy","Low ",1
"30/03/2022","9:15:00","9:30:00",20,"Meal ",31,4.7,19,"motorcycle ",0,"No ","Metropolitian ","Fog","Low ",0
"17/02/2022","17:35:00","17:40:00",27,"Drinks ",38,4.8,2,"motorcycle ",1,"No ","Metropolitian ","Windy","Medium ",1
"23/03/2022","17:55:00","18:10:00",20,"Meal ",22,4.7,23,"scooter ",2,"No ","Metropolitian ","Windy","Medium ",1
"14/02/2022","17:20:00","17:30:00",28,"Meal ",39,4.9,8,"scooter ",1,"No ","Metropolitian ","Sandstorms","Medium ",1
"10/03/2022","22:25:00","22:30:00",14,"Drinks ",20,4.9,14,"scooter ",2,"No ","Metropolitian ","Windy","Low ",0
"25/03/2022","20:35:00","20:50:00",27,"Meal ",39,4.9,21,"motorcycle ",1,"No ","Metropolitian ","Stormy","Jam ",1
"11/02/2022","17:25:00","17:40:00",22,"Buffet ",37,4.8,7,"motorcycle ",0,"No ","Metropolitian ","Sunny","Medium ",0
"10/03/2022","19:35:00","19:50:00",35,"Buffet ",25,5,12,"motorcycle ",1,"No ","Metropolitian ","Fog","Jam ",1
"28/03/2022","18:40:00","18:50:00",27,"Buffet ",34,4.7,13,"electric_scooter ",2,"No ","Metropolitian ","Stormy","Medium ",0
"11/03/2022","12:10:00","12:25:00",34,"Buffet ",34,5,23,"motorcycle ",1,"No ","Metropolitian ","Stormy","High ",1
"2/03/2022","22:10:00","22:25:00",19,"Buffet ",31,4.6,23,"scooter ",2,"No ","Metropolitian ","Sunny","Low ",1
"14/03/2022","23:55:00","0:05:00",15,"Buffet ",31,4.8,12,"motorcycle ",1,"No ","Metropolitian ","Sandstorms","Low ",1
"5/03/2022","20:00:00","20:10:00",10,"Snack ",24,4.9,9,"scooter ",2,"No ","Metropolitian ","Stormy","Jam ",0
"30/03/2022","10:30:00","10:35:00",21,"Snack ",35,4,12,"motorcycle ",0,"No ","Metropolitian ","Stormy","Low ",0
"16/03/2022","23:40:00","23:50:00",23,"Meal ",30,4.8,13,"scooter ",1,"No ","Metropolitian ","Sandstorms","Low ",1
"6/04/2022","23:25:00","23:35:00",21,"Snack ",23,4.9,23,"motorcycle ",0,"No ","Metropolitian ","Sandstorms","Low ",1
"2/03/2022","22:50:00","23:05:00",24,"Buffet ",28,4.8,23,"motorcycle ",0,"No ","Metropolitian ","Stormy","Low ",1
"20/03/2022","20:15:00","20:30:00",19,"Drinks ",24,5,23,"scooter ",2,"No ","Urban ","Stormy","Jam ",0
"20/03/2022","22:50:00","22:55:00",28,"Snack ",30,4.5,5,"motorcycle ",0,"No ","Urban ","Sunny","Low ",1
"6/04/2022","22:25:00","22:40:00",21,"Buffet ",37,4.8,23,"motorcycle ",1,"No ","Urban ","Sunny","Low ",1
"18/03/2022","21:20:00","21:30:00",18,"Snack ",21,4.5,13,"scooter ",1,"No ","Metropolitian ","Stormy","Jam ",0
"24/03/2022","9:50:00","10:05:00",26,"Buffet ",38,4.6,18,"motorcycle ",0,"No ","Metropolitian ","Fog","Low ",1
"27/03/2022","18:25:00","18:35:00",18,"Drinks ",23,4.9,14,"scooter ",2,"No ","Metropolitian ","Sunny","Medium ",0
"12/03/2022","19:10:00","19:20:00",36,"Buffet ",32,4.8,17,"motorcycle ",0,"No ","Metropolitian ","Sunny","Jam ",1
"30/03/2022","18:10:00","18:25:00",16,"Snack ",22,4.8,22,"scooter ",2,"No ","Metropolitian ","Sunny","Medium ",1
"17/03/2022","14:45:00","14:50:00",42,"Buffet ",32,4,19,"motorcycle ",0,"No ","Metropolitian ","Sandstorms","High ",1
"16/03/2022","17:25:00","17:40:00",35,"Meal ",28,4.6,22,"motorcycle ",0,"No ","Urban ","Fog","Medium ",1
"24/03/2022","15:15:00","15:20:00",12,"Buffet ",25,4.6,17,"scooter ",2,"No ","Metropolitian ","Sunny","Medium ",0
"4/03/2022","0:00:00","0:10:00",15,"Drinks ",28,4.9,23,"motorcycle ",0,"No ","Metropolitian ","Stormy","Low ",1
"4/03/2022","21:25:00","21:30:00",37,"Meal ",33,3.7,8,"motorcycle ",1,"No ","Metropolitian ","Windy","Jam ",1
"21/03/2022","15:45:00","15:50:00",32,"Snack ",33,4,5,"motorcycle ",0,"No ","Metropolitian ","Stormy","Medium ",1
"25/03/2022","19:50:00","20:05:00",50,"Meal ",33,4.7,3,"motorcycle ",0,"No ","Metropolitian ","Sandstorms","Jam ",1
"15/03/2022","10:30:00","10:35:00",16,"Snack ",33,4.8,23,"motorcycle ",1,"No ","Urban ","Sunny","Low ",0
"5/03/2022","19:30:00","19:35:00",19,"Buffet ",26,4.8,19,"motorcycle ",2,"No ","Metropolitian ","Sunny","Jam ",1
"26/03/2022","9:35:00","9:50:00",19,"Meal ",21,4.9,21,"motorcycle ",0,"No ","Metropolitian ","Sunny","Low ",0
"16/02/2022","22:50:00","23:05:00",15,"Buffet ",22,4.8,22,"motorcycle ",0,"No ","Urban ","Stormy","Low ",0
"28/03/2022","9:15:00","9:30:00",22,"Drinks ",31,4.9,9,"motorcycle ",1,"No ","Metropolitian ","Windy","Low ",1
"29/03/2022","19:30:00","19:40:00",34,"Buffet ",35,3.5,21,"scooter ",2,"No ","Urban ","Windy","Jam ",1
"2/04/2022","21:45:00","21:50:00",46,"Meal ",37,4.2,2,"motorcycle ",1,"No ","Semi-Urban ","Cloudy","Jam ",2
"6/04/2022","19:00:00","19:05:00",39,"Meal ",38,4.4,2,"scooter ",2,"No ","Metropolitian ","Fog","Medium ",2
"15/02/2022","11:20:00","11:30:00",20,"Snack ",20,4.9,9,"motorcycle ",0,"No ","Metropolitian ","Fog","High ",1
"1/03/2022","17:10:00","17:25:00",17,"Snack ",25,4.8,9,"motorcycle ",1,"No ","Metropolitian ","Fog","Medium ",1
"4/04/2022","17:55:00","18:10:00",18,"Meal ",22,4.6,17,"scooter ",1,"No ","Metropolitian ","Windy","Medium ",0
"14/02/2022","20:50:00","21:05:00",15,"Buffet ",20,4.6,2,"motorcycle ",2,"No ","Metropolitian ","Stormy","Jam ",1
"4/03/2022","19:40:00","19:55:00",27,"Snack ",32,4.8,22,"scooter ",2,"No ","Metropolitian ","Stormy","Jam ",0
"17/03/2022","8:10:00","8:25:00",20,"Meal ",27,5,14,"motorcycle ",0,"No ","Metropolitian ","Cloudy","Low ",1
"21/03/2022","9:10:00","9:15:00",11,"Drinks ",26,4.5,21,"scooter ",2,"No ","Metropolitian ","Fog","Low ",0
"16/02/2022","20:00:00","20:15:00",29,"Drinks ",36,4.5,3,"electric_scooter ",2,"No ","Metropolitian ","Stormy","Jam ",0
"15/03/2022","18:45:00","18:55:00",26,"Buffet ",39,4.5,15,"motorcycle ",0,"No ","Metropolitian ","Windy","Medium ",0
"27/03/2022","19:00:00","19:15:00",29,"Drinks ",29,4.7,11,"motorcycle ",2,"No ","Metropolitian ","Windy","Medium ",0
"12/03/2022","22:45:00","22:55:00",29,"Snack ",36,4.9,22,"motorcycle ",2,"No ","Metropolitian ","Fog","Low ",1
"27/03/2022","18:30:00","18:45:00",38,"Meal ",31,4.2,7,"motorcycle ",1,"No ","Metropolitian ","Windy","Medium ",1
"14/02/2022","17:25:00","17:35:00",24,"Meal ",30,4.7,15,"motorcycle ",2,"No ","Urban ","Sandstorms","Medium ",0
"1/03/2022","12:55:00","13:10:00",38,"Drinks ",28,4,7,"motorcycle ",0,"No ","Metropolitian ","Sandstorms","High ",1
"12/03/2022","23:15:00","23:30:00",12,"Buffet ",29,5,21,"motorcycle ",1,"No ","Urban ","Windy","Low ",1
"15/02/2022","19:25:00","19:30:00",11,"Meal ",20,4.9,22,"scooter ",2,"No ","Urban ","Sunny","Jam ",0
"3/04/2022","23:50:00","0:00:00",23,"Meal ",30,4.4,23,"motorcycle ",0,"No ","Metropolitian ","Windy","Low ",1
"13/03/2022","10:35:00","10:50:00",16,"Drinks ",21,4.7,23,"scooter ",2,"No ","Metropolitian ","Stormy","Low ",0
"29/03/2022","18:55:00","19:10:00",35,"Meal ",25,4.6,8,"motorcycle ",1,"No ","Metropolitian ","Cloudy","Medium ",1
"24/03/2022","14:20:00","14:25:00",25,"Snack ",23,4.7,19,"electric_scooter ",2,"No ","Metropolitian ","Fog","High ",1
"12/02/2022","17:50:00","18:05:00",12,"Snack ",25,4.7,22,"scooter ",2,"No ","Urban ","Sunny","Medium ",0
"16/02/2022","23:10:00","23:25:00",20,"Buffet ",33,4.8,3,"scooter ",1,"No ","Metropolitian ","Sandstorms","Low ",0
"27/03/2022","19:15:00","19:30:00",42,"Snack ",31,3.6,6,"electric_scooter ",2,"No ","Metropolitian ","Sandstorms","Jam ",2
"25/03/2022","20:50:00","20:55:00",21,"Drinks ",21,4.9,22,"scooter ",2,"No ","Metropolitian ","Stormy","Jam ",1
"9/03/2022","17:15:00","17:30:00",24,"Snack ",21,4.7,22,"scooter ",1,"No ","Urban ","Stormy","Medium ",1
"17/03/2022","21:50:00","21:55:00",30,"Snack ",35,4.6,16,"motorcycle ",0,"No ","Urban ","Cloudy","Jam ",0
"15/02/2022","21:00:00","21:10:00",33,"Buffet ",22,4.6,9,"motorcycle ",0,"No ","Metropolitian ","Windy","Jam ",1
"5/03/2022","14:55:00","15:00:00",18,"Buffet ",22,4.9,12,"motorcycle ",2,"No ","Metropolitian ","Sandstorms","High ",1
"12/03/2022","18:25:00","18:35:00",37,"Snack ",23,4.9,15,"motorcycle ",0,"No ","Metropolitian ","Fog","Medium ",1
"14/03/2022","18:30:00","18:35:00",36,"Buffet ",35,4,3,"scooter ",2,"No ","Urban ","Cloudy","Medium ",1
"6/03/2022","23:55:00","0:05:00",32,"Meal ",34,3.8,4,"scooter ",1,"No ","Urban ","Stormy","Low ",1
"12/03/2022","18:55:00","19:05:00",44,"Drinks ",37,4.6,18,"scooter ",1,"No ","Metropolitian ","Fog","Medium ",0
"1/03/2022","23:25:00","23:35:00",20,"Buffet ",31,4.6,15,"motorcycle ",1,"No ","Urban ","Windy","Low ",1
"18/03/2022","18:25:00","18:30:00",36,"Snack ",32,4.2,9,"motorcycle ",0,"No ","Metropolitian ","Windy","Medium ",2
"26/03/2022","9:15:00","9:25:00",18,"Drinks ",35,4.9,19,"motorcycle ",2,"No ","Metropolitian ","Cloudy","Low ",1
"3/03/2022","10:35:00","10:50:00",28,"Buffet ",34,4.8,15,"scooter ",1,"No ","Metropolitian ","Windy","Low ",0
"27/03/2022","21:40:00","21:50:00",43,"Snack ",26,4.4,13,"electric_scooter ",2,"No ","Metropolitian ","Cloudy","Jam ",0
"24/03/2022","10:10:00","10:25:00",19,"Buffet ",34,4.7,16,"scooter ",1,"No ","Metropolitian ","Fog","Low ",0
"13/02/2022","20:30:00","20:45:00",42,"Drinks ",32,4.3,7,"motorcycle ",0,"No ","Metropolitian ","Stormy","Jam ",0
"18/03/2022","22:10:00","22:25:00",26,"Meal ",35,4.9,11,"scooter ",1,"No ","Metropolitian ","Windy","Low ",1
"6/03/2022","17:40:00","17:45:00",39,"Drinks ",37,4.1,1,"electric_scooter ",2,"No ","Metropolitian ","Sandstorms","Medium ",2
"9/03/2022","8:10:00","8:25:00",23,"Meal ",32,4.9,23,"scooter ",1,"No ","Metropolitian ","Stormy","Low ",1
"6/03/2022","23:00:00","23:10:00",16,"Drinks ",25,4.9,18,"motorcycle ",0,"No ","Urban ","Sandstorms","Low ",1
"14/03/2022","22:15:00","22:25:00",18,"Buffet ",20,4.8,9,"scooter ",2,"No ","Metropolitian ","Stormy","Low ",1
"14/02/2022","22:00:00","22:10:00",42,"Drinks ",35,4.6,4,"motorcycle ",0,"No ","Metropolitian ","Windy","Jam ",0
"1/03/2022","9:00:00","9:05:00",14,"Snack ",26,4.6,19,"motorcycle ",1,"No ","Metropolitian ","Sandstorms","Low ",0
"31/03/2022","17:45:00","17:50:00",19,"Snack ",23,4.6,23,"motorcycle ",1,"No ","Metropolitian ","Stormy","Medium ",1
"24/03/2022","11:40:00","11:55:00",33,"Snack ",39,4.8,18,"motorcycle ",1,"No ","Urban ","Stormy","High ",1
"5/04/2022","11:35:00","11:45:00",42,"Snack ",22,4.5,3,"motorcycle ",0,"No ","Metropolitian ","Sunny","High ",1
"15/03/2022","16:45:00","16:50:00",27,"Snack ",28,4.9,19,"electric_scooter ",2,"No ","Metropolitian ","Stormy","Medium ",1
"15/02/2022","18:40:00","18:45:00",15,"Drinks ",27,4.9,9,"motorcycle ",0,"No ","Metropolitian ","Stormy","Medium ",0
"15/03/2022","11:20:00","11:30:00",19,"Snack ",22,4.9,14,"scooter ",2,"No ","Metropolitian ","Sandstorms","High ",0
"17/03/2022","21:30:00","21:40:00",20,"Snack ",38,4.6,19,"scooter ",2,"No ","Metropolitian ","Sunny","Jam ",1
"15/03/2022","9:40:00","9:50:00",16,"Buffet ",35,4.7,18,"motorcycle ",1,"No ","Urban ","Cloudy","Low ",1
"16/03/2022","17:35:00","17:45:00",29,"Drinks ",37,4.8,17,"scooter ",2,"No ","Urban ","Sandstorms","Medium ",1
"1/03/2022","9:20:00","9:30:00",10,"Buffet ",21,5,16,"scooter ",1,"No ","Metropolitian ","Fog","Low ",0
"1/03/2022","21:15:00","21:25:00",30,"Drinks ",39,4.9,18,"electric_scooter ",2,"No ","Metropolitian ","Stormy","Jam ",1
"4/04/2022","23:30:00","23:45:00",24,"Buffet ",33,4.6,23,"scooter ",2,"No ","Metropolitian ","Sandstorms","Low ",0
"13/02/2022","22:40:00","22:45:00",14,"Drinks ",22,4.5,9,"scooter ",2,"No ","Metropolitian ","Windy","Low ",0
"11/02/2022","23:55:00","0:00:00",19,"Snack ",20,4.7,9,"motorcycle ",1,"No ","Metropolitian ","Sandstorms","Low ",1
"17/02/2022","10:00:00","10:15:00",14,"Snack ",20,4.5,7,"scooter ",1,"No ","Metropolitian ","Windy","Low ",1
"16/03/2022","21:25:00","21:35:00",48,"Meal ",30,4.3,19,"motorcycle ",1,"No ","Metropolitian ","Cloudy","Jam ",3
"17/02/2022","11:40:00","11:50:00",27,"Drinks ",32,5,2,"motorcycle ",0,"No ","Metropolitian ","Fog","High ",1
"16/02/2022","19:25:00","19:30:00",31,"Meal ",39,3.9,20,"scooter ",2,"No ","Metropolitian ","Windy","Jam ",0
"21/03/2022","11:55:00","12:10:00",30,"Meal ",32,4.9,8,"motorcycle ",0,"No ","Metropolitian ","Stormy","High ",1
"9/03/2022","23:40:00","23:50:00",16,"Drinks ",28,4.1,4,"motorcycle ",0,"No ","Urban ","Stormy","Low ",1
"3/04/2022","20:40:00","20:55:00",32,"Drinks ",33,4.9,14,"scooter ",2,"No ","Metropolitian ","Stormy","Jam ",1
"12/02/2022","19:10:00","19:15:00",45,"Snack ",34,4.8,15,"scooter ",1,"No ","Urban ","Fog","Jam ",2
"14/03/2022","20:45:00","20:50:00",32,"Meal ",35,4.5,9,"motorcycle ",1,"No ","Metropolitian ","Stormy","Jam ",1
"7/03/2022","9:15:00","9:20:00",24,"Buffet ",26,4.1,8,"motorcycle ",0,"No ","Metropolitian ","Stormy","Low ",0
"7/03/2022","10:20:00","10:30:00",10,"Meal ",20,4.6,15,"scooter ",1,"No ","Urban ","Sandstorms","Low ",1
"8/03/2022","0:00:00","0:05:00",35,"Meal ",36,3.6,13,"scooter ",2,"No ","Metropolitian ","Fog","Low ",1
"16/02/2022","22:35:00","22:50:00",34,"Meal ",35,3.8,16,"scooter ",2,"No ","Metropolitian ","Stormy","Low ",2
"12/03/2022","21:40:00","21:55:00",26,"Meal ",21,4.8,23,"scooter ",1,"No ","Metropolitian ","Stormy","Jam ",0
"1/03/2022","19:00:00","19:10:00",18,"Drinks ",26,4.9,15,"scooter ",1,"No ","Metropolitian ","Sunny","Medium ",1
"17/02/2022","23:00:00","23:15:00",34,"Buffet ",37,4.2,6,"motorcycle ",0,"No ","Metropolitian ","Fog","Low ",0
"30/03/2022","19:25:00","19:35:00",39,"Snack ",39,4.9,13,"motorcycle ",0,"No ","Metropolitian ","Windy","Jam ",1
"17/03/2022","19:10:00","19:15:00",33,"Buffet ",34,4.2,5,"motorcycle ",0,"No ","Metropolitian ","Fog","Jam ",1
"13/02/2022","18:10:00","18:15:00",27,"Drinks ",38,4.7,5,"motorcycle ",2,"No ","Metropolitian ","Windy","Medium ",1
"27/03/2022","19:15:00","19:20:00",38,"Buffet ",38,4.6,23,"motorcycle ",0,"No ","Urban ","Sunny","Jam ",1
"26/03/2022","22:45:00","22:55:00",21,"Buffet ",32,4.9,13,"motorcycle ",2,"No ","Metropolitian ","Windy","Low ",1
"10/03/2022","23:25:00","23:35:00",26,"Meal ",39,4.8,9,"scooter ",2,"No ","Metropolitian ","Windy","Low ",1
"10/03/2022","23:25:00","23:35:00",18,"Drinks ",22,4.6,23,"scooter ",2,"No ","Metropolitian ","Stormy","Low ",1
"27/03/2022","23:50:00","0:00:00",34,"Buffet ",33,3.5,7,"scooter ",1,"No ","Metropolitian ","Cloudy","Low ",1
"14/02/2022","17:25:00","17:30:00",23,"Snack ",22,4.8,22,"motorcycle ",0,"No ","Urban ","Stormy","Medium ",1
"17/03/2022","22:00:00","22:15:00",30,"Meal ",34,5,15,"motorcycle ",2,"No ","Urban ","Windy","Jam ",1
"14/02/2022","18:55:00","19:10:00",47,"Drinks ",35,4.8,8,"motorcycle ",0,"Yes ","Metropolitian ","Sandstorms","Medium ",0
"29/03/2022","23:25:00","23:30:00",30,"Meal ",24,4.7,4,"electric_scooter ",2,"No ","Metropolitian ","Sunny","Low ",1
"29/03/2022","22:10:00","22:15:00",22,"Snack ",25,4.6,22,"motorcycle ",1,"No ","Metropolitian ","Fog","Low ",0
"27/03/2022","23:50:00","0:00:00",34,"Buffet ",33,3.5,7,"scooter ",1,"No ","Metropolitian ","Cloudy","Low ",1
"3/04/2022","9:00:00","9:15:00",23,"Drinks ",30,4.6,19,"motorcycle ",0,"No ","Metropolitian ","Fog","Low ",1
"6/03/2022","21:20:00","21:35:00",45,"Buffet ",32,4.9,23,"motorcycle ",0,"No ","Metropolitian ","Sunny","Jam ",2
"12/02/2022","21:25:00","21:40:00",18,"Buffet ",26,5,9,"motorcycle ",1,"No ","Metropolitian ","Windy","Jam ",1
"29/03/2022","22:40:00","22:45:00",20,"Meal ",23,4.8,19,"motorcycle ",0,"No ","Metropolitian ","Stormy","Low ",1
"26/03/2022","21:35:00","21:45:00",26,"Buffet ",21,4.9,12,"motorcycle ",0,"No ","Metropolitian ","Fog","Jam ",1
"3/04/2022","20:40:00","20:50:00",29,"Drinks ",20,4.9,18,"scooter ",1,"No ","Urban ","Windy","Jam ",1
"12/02/2022","17:55:00","18:10:00",38,"Buffet ",37,3.5,11,"scooter ",2,"No ","Metropolitian ","Stormy","Medium ",1
"16/02/2022","20:00:00","20:15:00",26,"Snack ",25,4.7,5,"electric_scooter ",2,"No ","Metropolitian ","Stormy","Jam ",0
"13/03/2022","15:15:00","15:20:00",19,"Meal ",23,4.8,17,"electric_scooter ",2,"No ","Metropolitian ","Fog","Medium ",1
"13/03/2022","9:35:00","9:45:00",19,"Snack ",33,4.7,12,"scooter ",1,"No ","Metropolitian ","Sunny","Low ",1
"24/03/2022","17:35:00","17:45:00",14,"Snack ",24,4.5,22,"scooter ",1,"No ","Metropolitian ","Sunny","Medium ",1
"18/02/2022","17:25:00","17:40:00",33,"Buffet ",33,4.4,6,"motorcycle ",1,"No ","Metropolitian ","Sandstorms","Medium ",1
"3/03/2022","12:15:00","12:30:00",40,"Snack ",36,4.7,22,"motorcycle ",0,"No ","Urban ","Stormy","High ",1
"13/03/2022","8:25:00","8:40:00",34,"Meal ",34,4.2,6,"motorcycle ",0,"No ","Urban ","Windy","Low ",1
"3/04/2022","23:55:00","0:10:00",16,"Meal ",31,4.8,23,"scooter ",2,"No ","Metropolitian ","Fog","Low ",1
"24/03/2022","11:00:00","11:15:00",17,"Snack ",28,4.6,19,"scooter ",1,"No ","Urban ","Stormy","Low ",1
"13/02/2022","22:15:00","22:30:00",18,"Drinks ",24,4.6,5,"motorcycle ",2,"No ","Metropolitian ","Stormy","Low ",1
"1/03/2022","20:55:00","21:05:00",14,"Drinks ",27,4.6,19,"motorcycle ",1,"No ","Metropolitian ","Stormy","Jam ",1
"31/03/2022","18:35:00","18:40:00",18,"Drinks ",27,4.8,13,"electric_scooter ",2,"No ","Metropolitian ","Stormy","Medium ",0
"10/03/2022","21:50:00","22:05:00",49,"Buffet ",34,4.3,1,"motorcycle ",0,"No ","Urban ","Stormy","Jam ",0
"24/03/2022","9:10:00","9:15:00",15,"Meal ",34,4.9,18,"scooter ",1,"No ","Metropolitian ","Fog","Low ",0
"2/04/2022","18:10:00","18:20:00",38,"Snack ",34,3.6,6,"scooter ",1,"No ","Urban ","Stormy","Medium ",0
"17/03/2022","21:10:00","21:15:00",26,"Buffet ",32,4.5,19,"motorcycle ",1,"No ","Metropolitian ","Windy","Jam ",1
"9/03/2022","9:25:00","9:35:00",27,"Meal ",32,5,22,"motorcycle ",2,"No ","Metropolitian ","Windy","Low ",0
"14/03/2022","23:50:00","0:00:00",28,"Buffet ",33,4.6,23,"motorcycle ",0,"No ","Metropolitian ","Windy","Low ",0
"26/03/2022","17:25:00","17:40:00",26,"Meal ",26,4.9,9,"motorcycle ",0,"No ","Metropolitian ","Cloudy","Medium ",0
"17/03/2022","19:20:00","19:25:00",22,"Drinks ",22,4.8,23,"motorcycle ",0,"No ","Metropolitian ","Cloudy","Jam ",1
"1/03/2022","8:25:00","8:35:00",28,"Drinks ",33,4.5,12,"scooter ",2,"No ","Metropolitian ","Sandstorms","Low ",1
"18/02/2022","19:10:00","19:15:00",36,"Buffet ",35,4.3,8,"motorcycle ",0,"No ","Metropolitian ","Fog","Jam ",1
"27/03/2022","21:30:00","21:40:00",41,"Meal ",33,3.7,13,"motorcycle ",1,"No ","Metropolitian ","Sandstorms","Jam ",0
"2/04/2022","19:25:00","19:35:00",29,"Buffet ",36,4.8,5,"motorcycle ",0,"No ","Metropolitian ","Sunny","Jam ",1
"11/02/2022","13:00:00","13:05:00",27,"Buffet ",30,4.8,7,"motorcycle ",2,"No ","Metropolitian ","Fog","High ",1
"25/03/2022","18:10:00","18:25:00",24,"Drinks ",37,4.7,22,"motorcycle ",2,"No ","Metropolitian ","Sandstorms","Medium ",1
"8/03/2022","19:45:00","19:50:00",46,"Buffet ",39,5,16,"motorcycle ",0,"Yes ","Metropolitian ","Fog","Jam ",1
"9/03/2022","19:35:00","19:45:00",16,"Drinks ",21,4.5,2,"scooter ",1,"No ","Urban ","Sunny","Jam ",0
"13/03/2022","22:00:00","22:05:00",18,"Buffet ",25,5,12,"electric_scooter ",2,"No ","Metropolitian ","Stormy","Jam ",1
"4/04/2022","19:30:00","19:45:00",30,"Drinks ",29,4.5,4,"scooter ",1,"No ","Metropolitian ","Fog","Jam ",0
"16/02/2022","21:50:00","21:55:00",31,"Meal ",24,4.3,2,"scooter ",1,"No ","Metropolitian ","Stormy","Jam ",2
"21/03/2022","21:30:00","21:35:00",24,"Meal ",24,4.6,9,"motorcycle ",0,"No ","Metropolitian ","Fog","Jam ",1
"3/04/2022","21:55:00","22:05:00",26,"Meal ",34,4.8,21,"motorcycle ",2,"No ","Metropolitian ","Windy","Jam ",1
"2/04/2022","23:20:00","23:25:00",38,"Drinks ",39,3.9,1,"scooter ",1,"No ","Metropolitian ","Fog","Low ",2
"3/04/2022","21:50:00","21:55:00",15,"Drinks ",29,4.9,17,"scooter ",1,"No ","Urban ","Sunny","Jam ",0
"12/02/2022","21:20:00","21:35:00",53,"Drinks ",37,4.5,7,"motorcycle ",0,"Yes ","Metropolitian ","Stormy","Jam ",1
"10/03/2022","20:10:00","20:25:00",37,"Meal ",29,4.9,19,"scooter ",2,"No ","Urban ","Cloudy","Jam ",2
"20/03/2022","23:15:00","23:30:00",28,"Buffet ",31,4.8,14,"motorcycle ",2,"No ","Metropolitian ","Stormy","Low ",0
"25/03/2022","21:50:00","22:00:00",16,"Snack ",29,4.7,23,"motorcycle ",2,"No ","Metropolitian ","Sunny","Jam ",1
"8/03/2022","23:15:00","23:25:00",37,"Buffet ",31,4.2,8,"scooter ",2,"No ","Metropolitian ","Fog","Low ",0
"1/03/2022","15:20:00","15:30:00",26,"Buffet ",20,4.5,14,"motorcycle ",0,"No ","Metropolitian ","Sandstorms","Medium ",1
"9/03/2022","19:30:00","19:35:00",26,"Drinks ",28,4.8,12,"scooter ",2,"No ","Metropolitian ","Fog","Jam ",1
"21/03/2022","8:40:00","8:45:00",16,"Meal ",39,4.6,12,"scooter ",1,"No ","Metropolitian ","Fog","Low ",0
"26/03/2022","8:50:00","9:00:00",15,"Snack ",23,4.9,23,"motorcycle ",1,"No ","Urban ","Sunny","Low ",0
"6/04/2022","18:45:00","18:50:00",25,"Meal ",34,4.9,19,"electric_scooter ",2,"No ","Metropolitian ","Sunny","Medium ",1
"18/02/2022","22:40:00","22:45:00",23,"Meal ",23,5,3,"motorcycle ",0,"No ","Metropolitian ","Fog","Low ",1
"16/02/2022","18:50:00","19:05:00",21,"Snack ",27,4.6,23,"motorcycle ",0,"No ","Urban ","Windy","Medium ",1
"27/03/2022","19:25:00","19:35:00",22,"Meal ",28,4.8,22,"electric_scooter ",2,"No ","Metropolitian ","Sandstorms","Jam ",1
"24/03/2022","20:15:00","20:25:00",38,"Snack ",39,4.9,2,"motorcycle ",1,"No ","Metropolitian ","Cloudy","Jam ",1
"14/02/2022","19:10:00","19:25:00",34,"Meal ",33,4.2,4,"motorcycle ",1,"No ","Urban ","Sunny","Jam ",1
"16/02/2022","23:10:00","23:15:00",12,"Drinks ",23,4.6,3,"motorcycle ",1,"No ","Metropolitian ","Stormy","Low ",1
"18/02/2022","20:40:00","20:50:00",33,"Meal ",38,4.3,6,"scooter ",2,"No ","Metropolitian ","Fog","Jam ",1
"8/03/2022","23:25:00","23:40:00",20,"Meal ",31,4.7,12,"motorcycle ",0,"No ","Metropolitian ","Stormy","Low ",1
"26/03/2022","10:00:00","10:10:00",14,"Snack ",26,4.8,23,"motorcycle ",1,"No ","Metropolitian ","Windy","Low ",0
"15/03/2022","20:20:00","20:35:00",26,"Snack ",24,4.9,22,"electric_scooter ",2,"No ","Urban ","Cloudy","Jam ",1
"4/04/2022","19:15:00","19:30:00",40,"Meal ",22,4.9,3,"scooter ",2,"No ","Metropolitian ","Fog","Jam ",1
"4/03/2022","22:30:00","22:35:00",17,"Snack ",28,4.7,18,"scooter ",2,"No ","Urban ","Stormy","Low ",0
"17/03/2022","11:10:00","11:20:00",22,"Buffet ",39,4.5,1,"motorcycle ",0,"No ","Metropolitian ","Sunny","High ",0
"2/04/2022","22:15:00","22:30:00",24,"Meal ",37,4.6,22,"scooter ",1,"No ","Metropolitian ","Stormy","Low ",1
"2/03/2022","18:00:00","18:15:00",22,"Meal ",38,4.5,9,"motorcycle ",1,"No ","Metropolitian ","Windy","Medium ",1
"14/03/2022","23:10:00","23:20:00",28,"Snack ",29,5,22,"electric_scooter ",2,"No ","Metropolitian ","Cloudy","Low ",0
"25/03/2022","21:10:00","21:25:00",27,"Drinks ",30,4.5,2,"electric_scooter ",2,"No ","Urban ","Sunny","Jam ",1
"2/04/2022","19:20:00","19:25:00",36,"Drinks ",32,4.4,7,"scooter ",1,"No ","Metropolitian ","Windy","Jam ",2
"18/03/2022","17:35:00","17:45:00",38,"Buffet ",24,4.1,18,"scooter ",2,"No ","Metropolitian ","Cloudy","Medium ",2
"5/04/2022","23:40:00","23:55:00",13,"Snack ",22,4.7,19,"motorcycle ",2,"No ","Metropolitian ","Windy","Low ",0
"15/03/2022","19:10:00","19:20:00",28,"Drinks ",34,5,16,"motorcycle ",1,"No ","Metropolitian ","Windy","Jam ",1
"13/03/2022","12:35:00","12:50:00",16,"Snack ",23,4.6,16,"scooter ",2,"No ","Metropolitian ","Sunny","High ",0
"11/03/2022","23:20:00","23:25:00",19,"Snack ",22,4.6,19,"electric_scooter ",2,"No ","Metropolitian ","Fog","Low ",1
"19/03/2022","22:35:00","22:45:00",12,"Drinks ",22,4.8,23,"scooter ",2,"No ","Metropolitian ","Fog","Low ",0
"11/02/2022","11:50:00","12:05:00",28,"Meal ",36,4.9,3,"electric_scooter ",2,"No ","Metropolitian ","Stormy","High ",1
"1/03/2022","13:40:00","13:50:00",14,"Meal ",21,4.6,21,"motorcycle ",1,"No ","Metropolitian ","Sunny","High ",1
"31/03/2022","20:40:00","20:55:00",18,"Drinks ",23,4.9,21,"motorcycle ",2,"No ","Urban ","Windy","Jam ",0
"30/03/2022","11:45:00","12:00:00",27,"Buffet ",31,4.6,1,"motorcycle ",0,"No ","Urban ","Cloudy","High ",1
"14/03/2022","17:40:00","17:50:00",24,"Buffet ",23,4.9,12,"motorcycle ",0,"No ","Metropolitian ","Sunny","Medium ",1
"19/03/2022","8:35:00","8:40:00",10,"Snack ",29,4.6,21,"motorcycle ",1,"No ","Urban ","Cloudy","Low ",0
"12/03/2022","17:50:00","17:55:00",20,"Snack ",32,5,22,"scooter ",2,"No ","Metropolitian ","Windy","Medium ",1
"6/03/2022","18:15:00","18:30:00",47,"Buffet ",38,4.6,22,"motorcycle ",0,"No ","Metropolitian ","Stormy","Medium ",0
"3/03/2022","11:30:00","11:40:00",27,"Meal ",37,4.5,12,"motorcycle ",0,"No ","Metropolitian ","Stormy","High ",0
"30/03/2022","21:45:00","21:50:00",26,"Drinks ",38,4.5,12,"motorcycle ",0,"No ","Metropolitian ","Sunny","Jam ",0
"18/03/2022","21:45:00","21:55:00",48,"Meal ",31,4,17,"electric_scooter ",2,"No ","Metropolitian ","Cloudy","Jam ",1
"14/02/2022","23:40:00","23:50:00",27,"Buffet ",27,4.9,2,"scooter ",1,"No ","Metropolitian ","Stormy","Low ",1
"14/03/2022","22:45:00","22:55:00",16,"Snack ",21,4.7,23,"scooter ",1,"No ","Urban ","Windy","Low ",0
"16/02/2022","21:30:00","21:35:00",38,"Buffet ",23,4.9,9,"electric_scooter ",2,"No ","Metropolitian ","Fog","Jam ",1
"17/02/2022","14:10:00","14:15:00",13,"Meal ",28,4.8,23,"scooter ",1,"No ","Urban ","Sunny","High ",0
"2/04/2022","21:25:00","21:40:00",28,"Snack ",29,4.9,23,"motorcycle ",1,"No ","Metropolitian ","Stormy","Jam ",1
"5/04/2022","19:40:00","19:50:00",15,"Drinks ",22,4.9,17,"scooter ",2,"No ","Metropolitian ","Stormy","Jam ",0
"13/03/2022","23:25:00","23:35:00",18,"Buffet ",29,4.6,21,"electric_scooter ",2,"No ","Metropolitian ","Sandstorms","Low ",1
"6/03/2022","23:20:00","23:30:00",42,"Snack ",20,3.2,3,"scooter ",2,"No ","Metropolitian ","Sunny","Low ",2
"5/03/2022","11:50:00","12:00:00",23,"Drinks ",26,4.5,1,"motorcycle ",0,"No ","Urban ","Stormy","High ",1
"3/04/2022","21:00:00","21:05:00",28,"Meal ",21,4.9,21,"motorcycle ",0,"No ","Metropolitian ","Stormy","Jam ",1
"5/03/2022","12:45:00","13:00:00",25,"Drinks ",30,5,16,"motorcycle ",0,"No ","Metropolitian ","Sunny","High ",1
"4/04/2022","21:30:00","21:35:00",39,"Meal ",31,4.4,4,"motorcycle ",0,"No ","Metropolitian ","Sandstorms","Jam ",1
"8/03/2022","19:25:00","19:30:00",16,"Buffet ",21,4.7,15,"scooter ",2,"No ","Urban ","Sandstorms","Jam ",1
"20/03/2022","20:10:00","20:20:00",35,"Snack ",29,5,7,"motorcycle ",1,"No ","Metropolitian ","Cloudy","Jam ",1
"15/02/2022","21:15:00","21:25:00",32,"Meal ",26,4.7,2,"motorcycle ",1,"No ","Metropolitian ","Fog","Jam ",1
"20/03/2022","18:40:00","18:50:00",27,"Meal ",23,5,16,"motorcycle ",1,"No ","Metropolitian ","Sandstorms","Medium ",0
"17/02/2022","22:30:00","22:45:00",33,"Snack ",34,4.1,19,"motorcycle ",0,"No ","Metropolitian ","Sandstorms","Low ",1
"11/02/2022","16:15:00","16:20:00",12,"Meal ",24,4.6,22,"scooter ",2,"No ","Urban ","Fog","Medium ",0
"16/02/2022","18:25:00","18:40:00",15,"Drinks ",26,4.8,4,"motorcycle ",0,"No ","Metropolitian ","Sunny","Medium ",1
"12/03/2022","0:00:00","0:10:00",19,"Snack ",22,4.5,23,"motorcycle ",1,"No ","Metropolitian ","Stormy","Low ",1
"16/02/2022","20:50:00","21:05:00",30,"Buffet ",20,4.9,2,"motorcycle ",0,"No ","Metropolitian ","Stormy","Jam ",1
"14/02/2022","19:10:00","19:20:00",38,"Drinks ",31,4.1,20,"motorcycle ",0,"No ","Metropolitian ","Sandstorms","Jam ",1
"11/03/2022","13:10:00","13:20:00",23,"Snack ",29,5,22,"motorcycle ",1,"No ","Urban ","Sandstorms","High ",1
"31/03/2022","23:15:00","23:25:00",18,"Meal ",21,4.9,13,"motorcycle ",0,"No ","Metropolitian ","Sandstorms","Low ",1
"6/03/2022","19:45:00","19:55:00",37,"Buffet ",20,4.3,19,"scooter ",1,"No ","Metropolitian ","Sunny","Jam ",1
"5/04/2022","16:00:00","16:15:00",18,"Snack ",34,4.8,22,"electric_scooter ",2,"No ","Urban ","Fog","Medium ",0
"17/02/2022","8:50:00","8:55:00",29,"Meal ",35,4.6,5,"motorcycle ",1,"No ","Metropolitian ","Sandstorms","Low ",1
"3/04/2022","14:00:00","14:05:00",29,"Drinks ",25,4.5,5,"motorcycle ",1,"No ","Metropolitian ","Sandstorms","High ",1
"3/04/2022","20:50:00","20:55:00",27,"Meal ",38,4.6,23,"scooter ",1,"No ","Metropolitian ","Sandstorms","Jam ",1
"4/03/2022","20:55:00","21:10:00",35,"Drinks ",36,4.3,2,"scooter ",2,"No ","Urban ","Stormy","Jam ",1
"15/02/2022","13:45:00","13:50:00",15,"Buffet ",22,4.7,18,"motorcycle ",0,"No ","Urban ","Windy","High ",0
"6/03/2022","21:35:00","21:45:00",54,"Meal ",31,4.9,9,"motorcycle ",0,"No ","Metropolitian ","Fog","Jam ",1
"13/03/2022","14:10:00","14:20:00",28,"Drinks ",31,4.6,16,"scooter ",2,"No ","Urban ","Windy","High ",1
"18/03/2022","20:45:00","20:55:00",25,"Snack ",37,4.8,22,"motorcycle ",1,"No ","Urban ","Windy","Jam ",0
"4/03/2022","21:15:00","21:25:00",34,"Buffet ",20,4.9,21,"scooter ",2,"No ","Urban ","Stormy","Jam ",1
"26/03/2022","10:55:00","11:05:00",32,"Snack ",31,4.2,5,"motorcycle ",0,"No ","Urban ","Windy","Low ",0
"25/03/2022","20:45:00","20:55:00",41,"Buffet ",23,4.4,2,"motorcycle ",1,"No ","Metropolitian ","Cloudy","Jam ",1
"26/03/2022","10:15:00","10:30:00",21,"Meal ",33,4.9,23,"electric_scooter ",2,"No ","Urban ","Windy","Low ",0
"21/03/2022","15:45:00","15:55:00",19,"Meal ",31,4.6,15,"scooter ",1,"No ","Metropolitian ","Cloudy","Medium ",0
"4/04/2022","18:00:00","18:05:00",24,"Snack ",36,4.9,22,"scooter ",1,"No ","Urban ","Windy","Medium ",0
"14/03/2022","22:50:00","23:05:00",28,"Drinks ",27,4.8,9,"motorcycle ",1,"No ","Metropolitian ","Fog","Low ",1
"12/03/2022","20:45:00","20:55:00",37,"Drinks ",24,4.1,5,"motorcycle ",0,"No ","Urban ","Stormy","Jam ",1
"5/04/2022","10:50:00","11:05:00",17,"Drinks ",20,4.8,15,"motorcycle ",0,"No ","Metropolitian ","Cloudy","Low ",1
"7/03/2022","10:25:00","10:35:00",22,"Drinks ",29,4.7,16,"motorcycle ",1,"No ","Urban ","Stormy","Low ",0
"28/03/2022","14:10:00","14:25:00",33,"Meal ",30,4.4,3,"electric_scooter ",2,"No ","Metropolitian ","Cloudy","High ",1
"6/04/2022","21:40:00","21:45:00",18,"Meal ",21,4.9,16,"motorcycle ",1,"No ","Metropolitian ","Stormy","Jam ",0
"16/02/2022","23:50:00","0:05:00",12,"Drinks ",23,4.5,3,"scooter ",1,"No ","Urban ","Windy","Low ",1
"6/03/2022","17:30:00","17:40:00",31,"Snack ",34,3.7,9,"motorcycle ",1,"No ","Metropolitian ","Sandstorms","Medium ",1
"2/03/2022","22:30:00","22:45:00",26,"Snack ",27,4.8,13,"motorcycle ",1,"No ","Metropolitian ","Fog","Low ",1
"8/03/2022","21:35:00","21:45:00",37,"Meal ",28,4.7,12,"motorcycle ",0,"No ","Metropolitian ","Sunny","Jam ",1
"9/03/2022","13:00:00","13:05:00",32,"Drinks ",36,4.2,3,"motorcycle ",1,"No ","Metropolitian ","Cloudy","High ",1
"30/03/2022","16:45:00","16:50:00",28,"Meal ",22,4.6,17,"scooter ",1,"No ","Metropolitian ","Sandstorms","Medium ",1
"31/03/2022","21:00:00","21:05:00",20,"Buffet ",25,4.9,3,"motorcycle ",1,"No ","Urban ","Stormy","Jam ",1
"13/03/2022","17:40:00","17:45:00",33,"Buffet ",38,4.8,23,"motorcycle ",2,"No ","Metropolitian ","Stormy","Medium ",0
"15/03/2022","9:30:00","9:45:00",23,"Drinks ",37,4,2,"motorcycle ",0,"No ","Urban ","Sandstorms","Low ",0
"29/03/2022","23:10:00","23:20:00",16,"Drinks ",20,4.7,9,"motorcycle ",0,"No ","Metropolitian ","Stormy","Low ",0
"16/03/2022","20:10:00","20:15:00",37,"Meal ",23,4.9,23,"motorcycle ",0,"No ","Metropolitian ","Cloudy","Jam ",1
"7/03/2022","14:20:00","14:35:00",14,"Meal ",22,4.9,23,"motorcycle ",1,"No ","Urban ","Stormy","High ",0
"15/03/2022","20:35:00","20:45:00",17,"Snack ",26,4.7,17,"scooter ",2,"No ","Urban ","Sunny","Jam ",0
"25/03/2022","22:15:00","22:25:00",19,"Drinks ",23,4.8,23,"scooter ",1,"No ","Metropolitian ","Windy","Low ",0
"21/03/2022","10:55:00","11:10:00",27,"Drinks ",30,4.8,12,"scooter ",1,"No ","Metropolitian ","Windy","Low ",1
"20/03/2022","21:55:00","22:10:00",33,"Drinks ",33,3.8,5,"electric_scooter ",2,"No ","Metropolitian ","Sandstorms","Jam ",0
"28/03/2022","22:45:00","23:00:00",21,"Buffet ",27,4,4,"motorcycle ",0,"No ","Urban ","Sandstorms","Low ",1
"11/03/2022","18:45:00","18:55:00",27,"Drinks ",26,4.9,16,"scooter ",1,"No ","Metropolitian ","Stormy","Medium ",0
"3/04/2022","12:00:00","12:05:00",29,"Drinks ",33,4.5,7,"scooter ",2,"No ","Metropolitian ","Windy","High ",1
"6/04/2022","19:10:00","19:20:00",19,"Meal ",21,5,19,"motorcycle ",1,"No ","Urban ","Sunny","Jam ",1
"9/03/2022","21:15:00","21:20:00",21,"Meal ",30,4.7,22,"motorcycle ",0,"No ","Metropolitian ","Sunny","Jam ",1
"16/02/2022","19:00:00","19:05:00",43,"Buffet ",37,4.2,5,"scooter ",1,"No ","Metropolitian ","Stormy","Medium ",1
"28/03/2022","11:25:00","11:35:00",27,"Buffet ",20,4.6,9,"motorcycle ",0,"No ","Metropolitian ","Cloudy","High ",1
"18/02/2022","20:25:00","20:40:00",43,"Snack ",34,4.5,2,"motorcycle ",0,"No ","Metropolitian ","Sandstorms","Jam ",2
"16/02/2022","18:00:00","18:05:00",38,"Meal ",26,4.1,10,"motorcycle ",0,"No ","Metropolitian ","Sandstorms","Medium ",1
"9/03/2022","19:15:00","19:20:00",21,"Meal ",35,4.6,23,"motorcycle ",1,"No ","Metropolitian ","Sunny","Jam ",0
"5/03/2022","8:20:00","8:25:00",10,"Drinks ",22,4.8,9,"scooter ",2,"No ","Metropolitian ","Windy","Low ",0
"31/03/2022","23:40:00","23:55:00",28,"Drinks ",28,4.8,14,"scooter ",2,"No ","Metropolitian ","Cloudy","Low ",1
"15/02/2022","16:40:00","16:55:00",17,"Snack ",28,4.9,19,"electric_scooter ",2,"No ","Urban ","Fog","Medium ",1
"23/03/2022","18:35:00","18:45:00",29,"Buffet ",33,4.6,13,"motorcycle ",2,"No ","Metropolitian ","Sunny","Medium ",0
"4/04/2022","23:20:00","23:35:00",28,"Drinks ",37,4.5,23,"motorcycle ",2,"No ","Metropolitian ","Fog","Low ",1
"5/04/2022","12:30:00","12:40:00",31,"Drinks ",35,5,19,"motorcycle ",2,"No ","Metropolitian ","Cloudy","High ",1
"17/03/2022","23:40:00","23:50:00",15,"Snack ",36,4.7,16,"scooter ",1,"No ","Metropolitian ","Sunny","Low ",1
"11/03/2022","23:20:00","23:35:00",32,"Buffet ",35,4.3,21,"motorcycle ",0,"No ","Metropolitian ","Stormy","Low ",1
"11/03/2022","13:55:00","14:10:00",26,"Buffet ",33,4.8,14,"motorcycle ",0,"No ","Metropolitian ","Cloudy","High ",0
"21/03/2022","15:35:00","15:45:00",30,"Meal ",33,4.5,2,"motorcycle ",0,"No ","Metropolitian ","Cloudy","Medium ",0
"13/03/2022","20:15:00","20:20:00",15,"Drinks ",29,4.6,23,"motorcycle ",1,"No ","Metropolitian ","Sunny","Jam ",1
"5/04/2022","20:40:00","20:55:00",31,"Snack ",34,4.8,15,"scooter ",2,"No ","Urban ","Stormy","Jam ",1
"14/02/2022","20:50:00","21:05:00",36,"Meal ",28,4.3,4,"electric_scooter ",2,"No ","Metropolitian ","Fog","Jam ",1
"3/04/2022","18:50:00","19:00:00",27,"Meal ",26,4.9,19,"motorcycle ",0,"No ","Metropolitian ","Stormy","Medium ",1
"20/03/2022","17:45:00","17:50:00",37,"Drinks ",36,4.3,3,"scooter ",1,"No ","Metropolitian ","Stormy","Medium ",1
"13/03/2022","16:50:00","17:05:00",22,"Meal ",21,4.8,18,"motorcycle ",2,"No ","Metropolitian ","Sandstorms","Medium ",0
"18/02/2022","18:50:00","19:05:00",22,"Meal ",32,4.7,4,"scooter ",2,"No ","Metropolitian ","Sandstorms","Medium ",1
"14/03/2022","17:45:00","17:55:00",25,"Snack ",30,4.8,19,"scooter ",1,"No ","Metropolitian ","Sandstorms","Medium ",0
"3/03/2022","21:20:00","21:25:00",25,"Meal ",28,4.8,13,"electric_scooter ",2,"No ","Metropolitian ","Stormy","Jam ",1
"12/03/2022","22:25:00","22:35:00",43,"Drinks ",24,2.6,3,"scooter ",1,"Yes ","Metropolitian ","Sunny","Low ",1
"2/03/2022","23:45:00","23:55:00",25,"Buffet ",39,4.5,13,"scooter ",1,"No ","Metropolitian ","Stormy","Low ",1
"14/03/2022","19:15:00","19:25:00",43,"Drinks ",38,4,3,"motorcycle ",2,"No ","Urban ","Fog","Jam ",1
"18/03/2022","22:00:00","22:10:00",38,"Meal ",20,4.9,23,"motorcycle ",0,"No ","Metropolitian ","Fog","Jam ",1
"30/03/2022","21:25:00","21:35:00",26,"Drinks ",20,4.7,17,"scooter ",2,"No ","Metropolitian ","Cloudy","Jam ",0
"16/02/2022","22:50:00","23:05:00",15,"Buffet ",22,4.8,22,"motorcycle ",0,"No ","Urban ","Stormy","Low ",0
"1/04/2022","16:30:00","16:45:00",18,"Drinks ",30,4.7,19,"scooter ",1,"No ","Metropolitian ","Sunny","Medium ",1
"28/03/2022","20:55:00","21:05:00",25,"Drinks ",35,4.8,17,"motorcycle ",1,"No ","Urban ","Sandstorms","Jam ",1
"13/02/2022","10:20:00","10:25:00",28,"Drinks ",35,4.3,2,"motorcycle ",0,"No ","Metropolitian ","Windy","Low ",0
"14/02/2022","18:40:00","18:50:00",23,"Drinks ",31,4.7,19,"scooter ",1,"No ","Urban ","Sunny","Medium ",0
"9/03/2022","21:50:00","22:05:00",29,"Buffet ",22,4.9,19,"motorcycle ",0,"No ","Urban ","Windy","Jam ",0
"13/03/2022","15:25:00","15:40:00",15,"Meal ",38,4.6,16,"motorcycle ",2,"No ","Urban ","Cloudy","Medium ",1
"4/03/2022","21:40:00","21:55:00",35,"Buffet ",28,4.2,1,"scooter ",1,"No ","Urban ","Stormy","Jam ",0
"21/03/2022","13:45:00","13:50:00",36,"Meal ",39,4.2,2,"motorcycle ",1,"No ","Metropolitian ","Fog","High ",0
"8/03/2022","21:25:00","21:30:00",26,"Drinks ",26,4.7,17,"motorcycle ",0,"No ","Urban ","Stormy","Jam ",0
"18/02/2022","18:15:00","18:25:00",38,"Snack ",30,4.3,3,"electric_scooter ",2,"No ","Metropolitian ","Stormy","Medium ",0
"9/03/2022","8:10:00","8:25:00",15,"Snack ",37,4.8,23,"scooter ",1,"No ","Urban ","Stormy","Low ",1
"29/03/2022","18:15:00","18:25:00",31,"Drinks ",21,4.3,3,"scooter ",2,"No ","Metropolitian ","Fog","Medium ",1
"16/03/2022","23:00:00","23:15:00",29,"Buffet ",34,4.6,19,"motorcycle ",2,"No ","Metropolitian ","Cloudy","Low ",1
"27/03/2022","18:35:00","18:50:00",15,"Meal ",29,4.5,18,"electric_scooter ",2,"No ","Metropolitian ","Sunny","Medium ",1
"6/03/2022","23:20:00","23:35:00",26,"Snack ",20,4.7,14,"motorcycle ",1,"No ","Metropolitian ","Fog","Low ",1
"18/03/2022","18:50:00","19:05:00",16,"Snack ",25,4.5,5,"scooter ",2,"No ","Urban ","Sandstorms","Medium ",0
"19/03/2022","11:55:00","12:00:00",25,"Drinks ",35,4.9,3,"motorcycle ",0,"No ","Metropolitian ","Fog","High ",1
"1/04/2022","9:20:00","9:25:00",18,"Meal ",35,4.9,19,"scooter ",1,"No ","Metropolitian ","Cloudy","Low ",1
"3/04/2022","22:20:00","22:35:00",19,"Drinks ",22,4.2,22,"motorcycle ",0,"No ","Urban ","Windy","Low ",1
"30/03/2022","16:40:00","16:55:00",21,"Snack ",20,4.7,22,"motorcycle ",0,"No ","Metropolitian ","Windy","Medium ",1
"16/03/2022","20:00:00","20:10:00",36,"Snack ",38,4.8,13,"scooter ",1,"No ","Metropolitian ","Fog","Jam ",1
"9/03/2022","9:45:00","10:00:00",16,"Drinks ",25,5,16,"motorcycle ",1,"No ","Metropolitian ","Windy","Low ",0
"15/03/2022","23:50:00","0:05:00",15,"Buffet ",22,4,8,"motorcycle ",0,"No ","Metropolitian ","Stormy","Low ",1
"11/02/2022","18:45:00","19:00:00",11,"Drinks ",26,4.9,17,"motorcycle ",1,"No ","Urban ","Sunny","Medium ",0
"4/04/2022","22:30:00","22:35:00",39,"Meal ",20,2.7,7,"scooter ",1,"No ","Metropolitian ","Sunny","Low ",2
"6/03/2022","19:55:00","20:05:00",54,"Buffet ",32,5,14,"motorcycle ",0,"Yes ","Metropolitian ","Stormy","Jam ",1
"5/04/2022","8:30:00","8:45:00",11,"Drinks ",23,4.8,17,"motorcycle ",1,"No ","Metropolitian ","Cloudy","Low ",0
"13/02/2022","15:10:00","15:20:00",26,"Meal ",38,4.9,4,"motorcycle ",0,"No ","Metropolitian ","Sunny","Medium ",1
"23/03/2022","21:15:00","21:30:00",23,"Buffet ",24,4.5,15,"scooter ",2,"No ","Metropolitian ","Sandstorms","Jam ",1
"10/03/2022","18:30:00","18:45:00",30,"Drinks ",25,4.7,23,"motorcycle ",0,"No ","Metropolitian ","Cloudy","Medium ",1
"2/04/2022","19:35:00","19:40:00",36,"Meal ",26,4.1,12,"scooter ",2,"No ","Metropolitian ","Fog","Jam ",1
"17/02/2022","19:30:00","19:40:00",29,"Snack ",37,4.8,9,"motorcycle ",1,"No ","Metropolitian ","Sandstorms","Jam ",1
"7/03/2022","20:20:00","20:30:00",10,"Drinks ",23,4.7,18,"scooter ",1,"No ","Urban ","Stormy","Jam ",0
"15/03/2022","11:35:00","11:45:00",29,"Buffet ",34,4.6,14,"scooter ",2,"No ","Metropolitian ","Cloudy","High ",1
"9/03/2022","8:45:00","9:00:00",21,"Snack ",34,4,2,"motorcycle ",0,"No ","Metropolitian ","Stormy","Low ",1
"28/03/2022","15:10:00","15:15:00",19,"Snack ",39,4.9,23,"motorcycle ",1,"No ","Metropolitian ","Cloudy","Medium ",0
"4/04/2022","21:30:00","21:35:00",39,"Meal ",31,4.4,4,"motorcycle ",0,"No ","Metropolitian ","Sandstorms","Jam ",1
"5/04/2022","8:45:00","8:55:00",23,"Snack ",38,4.8,19,"scooter ",1,"No ","Metropolitian ","Sandstorms","Low ",1
"24/03/2022","9:40:00","9:55:00",27,"Snack ",32,4.6,21,"electric_scooter ",2,"No ","Metropolitian ","Windy","Low ",1
"10/03/2022","18:50:00","19:05:00",18,"Meal ",30,4.7,13,"scooter ",2,"No ","Metropolitian ","Sunny","Medium ",1
"15/02/2022","22:00:00","22:15:00",20,"Meal ",34,4.7,3,"motorcycle ",0,"No ","Metropolitian ","Sunny","Jam ",0
"9/03/2022","20:15:00","20:30:00",24,"Drinks ",36,4.9,16,"motorcycle ",0,"No ","Metropolitian ","Sunny","Jam ",1
"31/03/2022","18:20:00","18:25:00",40,"Snack ",34,5,9,"motorcycle ",0,"No ","Metropolitian ","Cloudy","Medium ",1
"18/02/2022","20:00:00","20:05:00",27,"Drinks ",31,4.8,6,"scooter ",1,"No ","Metropolitian ","Fog","Jam ",1
"24/03/2022","17:10:00","17:15:00",32,"Drinks ",33,4.9,2,"motorcycle ",0,"No ","Metropolitian ","Windy","Medium ",0
"7/03/2022","21:35:00","21:50:00",47,"Buffet ",27,4.5,17,"motorcycle ",0,"No ","Metropolitian ","Sunny","Jam ",2
"6/04/2022","18:00:00","18:10:00",36,"Meal ",21,4.6,18,"scooter ",2,"No ","Metropolitian ","Cloudy","Medium ",0
"5/04/2022","13:00:00","13:10:00",29,"Snack ",30,4.8,19,"scooter ",2,"No ","Urban ","Sandstorms","High ",1
"4/04/2022","21:25:00","21:30:00",38,"Drinks ",30,4.1,5,"motorcycle ",1,"No ","Metropolitian ","Windy","Jam ",2
"31/03/2022","22:10:00","22:20:00",14,"Drinks ",20,4.8,2,"motorcycle ",1,"No ","Urban ","Stormy","Low ",0
"20/03/2022","22:20:00","22:35:00",37,"Snack ",38,4.1,4,"motorcycle ",0,"No ","Urban ","Cloudy","Low ",1
"25/03/2022","20:50:00","21:00:00",36,"Drinks ",30,4,8,"motorcycle ",0,"No ","Metropolitian ","Windy","Jam ",1
"1/04/2022","22:45:00","22:55:00",23,"Meal ",33,4.9,23,"motorcycle ",2,"No ","Metropolitian ","Windy","Low ",1
"3/04/2022","21:40:00","21:45:00",26,"Drinks ",39,4.7,18,"scooter ",2,"No ","Metropolitian ","Sandstorms","Jam ",0
"3/04/2022","21:15:00","21:25:00",23,"Buffet ",26,5,23,"scooter ",1,"No ","Metropolitian ","Stormy","Jam ",1
"4/04/2022","19:15:00","19:30:00",39,"Buffet ",32,4.3,15,"motorcycle ",0,"No ","Urban ","Stormy","Jam ",0
"10/03/2022","21:15:00","21:20:00",36,"Meal ",34,4.2,4,"scooter ",1,"No ","Metropolitian ","Fog","Jam ",0
"4/04/2022","20:35:00","20:50:00",42,"Drinks ",28,4,15,"electric_scooter ",2,"No ","Metropolitian ","Fog","Jam ",1
"29/03/2022","21:35:00","21:45:00",37,"Snack ",37,5,11,"motorcycle ",1,"No ","Metropolitian ","Cloudy","Jam ",1
"14/03/2022","20:30:00","20:35:00",38,"Drinks ",25,4.3,6,"scooter ",1,"No ","Urban ","Cloudy","Jam ",1
"24/03/2022","23:35:00","23:50:00",13,"Meal ",25,4.5,16,"motorcycle ",1,"No ","Metropolitian ","Windy","Low ",0
"12/03/2022","21:45:00","21:50:00",43,"Snack ",33,4.8,13,"motorcycle ",0,"Yes ","Metropolitian ","Fog","Jam ",1
"19/03/2022","15:10:00","15:20:00",24,"Drinks ",26,4.9,9,"motorcycle ",0,"No ","Metropolitian ","Fog","Medium ",1
"19/03/2022","22:45:00","22:55:00",12,"Meal ",22,4.5,2,"scooter ",2,"No ","Urban ","Cloudy","Low ",0
"5/04/2022","17:45:00","17:55:00",32,"Snack ",34,4.7,21,"motorcycle ",0,"No ","Metropolitian ","Fog","Medium ",1
"8/03/2022","21:45:00","22:00:00",50,"Snack ",36,4.2,7,"motorcycle ",0,"No ","Metropolitian ","Windy","Jam ",1
"27/03/2022","19:40:00","19:50:00",37,"Buffet ",27,4.9,3,"motorcycle ",0,"No ","Metropolitian ","Cloudy","Jam ",1
"13/02/2022","11:25:00","11:40:00",20,"Meal ",23,4.6,4,"scooter ",2,"No ","Metropolitian ","Fog","High ",0
"21/03/2022","10:15:00","10:25:00",28,"Snack ",37,4.9,9,"motorcycle ",0,"No ","Metropolitian ","Sunny","Low ",1
"20/03/2022","22:25:00","22:40:00",16,"Drinks ",20,4.6,18,"motorcycle ",0,"No ","Metropolitian ","Sandstorms","Low ",1
"1/04/2022","9:10:00","9:20:00",19,"Buffet ",38,4.9,23,"motorcycle ",1,"No ","Metropolitian ","Sunny","Low ",1
"2/03/2022","17:20:00","17:35:00",23,"Snack ",21,4.6,23,"scooter ",1,"No ","Metropolitian ","Windy","Medium ",1
"16/03/2022","23:55:00","0:10:00",17,"Buffet ",39,4.6,21,"scooter ",2,"No ","Metropolitian ","Stormy","Low ",0
"17/03/2022","18:55:00","19:00:00",15,"Drinks ",29,4.7,17,"scooter ",2,"No ","Urban ","Cloudy","Medium ",0
"27/03/2022","20:15:00","20:25:00",38,"Buffet ",20,4.8,7,"motorcycle ",0,"No ","Metropolitian ","Cloudy","Jam ",1
"17/02/2022","11:00:00","11:05:00",17,"Drinks ",24,4.7,23,"motorcycle ",2,"No ","Urban ","Sunny","Low ",0
"4/04/2022","21:55:00","22:10:00",17,"Drinks ",21,5,17,"motorcycle ",0,"No ","Metropolitian ","Sunny","Jam ",0
"3/03/2022","9:50:00","9:55:00",19,"Snack ",25,4.8,23,"scooter ",2,"No ","Metropolitian ","Sandstorms","Low ",1
"5/04/2022","23:55:00","0:00:00",21,"Buffet ",31,4.8,18,"motorcycle ",0,"No ","Metropolitian ","Cloudy","Low ",1
"4/03/2022","18:40:00","18:55:00",40,"Meal ",32,4.1,4,"scooter ",2,"No ","Urban ","Cloudy","Medium ",1
"6/04/2022","23:50:00","0:05:00",21,"Meal ",30,4.8,23,"motorcycle ",0,"No ","Metropolitian ","Windy","Low ",1
"28/03/2022","12:00:00","12:05:00",33,"Drinks ",34,4.7,11,"motorcycle ",1,"No ","Metropolitian ","Windy","High ",0
"28/03/2022","22:55:00","23:10:00",24,"Snack ",39,5,23,"scooter ",2,"No ","Metropolitian ","Windy","Low ",1
"13/03/2022","11:40:00","11:45:00",20,"Buffet ",23,4.7,22,"motorcycle ",1,"No ","Urban ","Stormy","High ",0
"28/03/2022","17:35:00","17:40:00",12,"Snack ",22,4.7,22,"scooter ",1,"No ","Metropolitian ","Cloudy","Medium ",1
"7/03/2022","9:10:00","9:25:00",18,"Buffet ",38,4.8,17,"scooter ",1,"No ","Metropolitian ","Sunny","Low ",1
"7/03/2022","21:50:00","22:05:00",19,"Meal ",25,4.7,14,"electric_scooter ",2,"No ","Metropolitian ","Sandstorms","Jam ",1
"2/04/2022","22:30:00","22:45:00",37,"Drinks ",36,5,13,"motorcycle ",0,"No ","Metropolitian ","Fog","Low ",1
"17/02/2022","18:25:00","18:40:00",29,"Snack ",30,4.6,6,"motorcycle ",1,"No ","Metropolitian ","Stormy","Medium ",1
"24/03/2022","11:00:00","11:10:00",18,"Meal ",29,4.4,12,"motorcycle ",0,"No ","Metropolitian ","Stormy","Low ",1
"28/03/2022","22:25:00","22:30:00",15,"Drinks ",30,4.8,22,"scooter ",1,"No ","Metropolitian ","Cloudy","Low ",1
"19/03/2022","21:40:00","21:55:00",15,"Buffet ",37,4.8,23,"scooter ",1,"No ","Metropolitian ","Sunny","Jam ",0
"1/03/2022","20:50:00","20:55:00",33,"Drinks ",39,4.1,3,"electric_scooter ",2,"No ","Metropolitian ","Windy","Jam ",1
"15/03/2022","9:40:00","9:55:00",21,"Drinks ",30,4.7,19,"motorcycle ",0,"No ","Metropolitian ","Sunny","Low ",1
"26/03/2022","11:20:00","11:35:00",38,"Buffet ",37,4.1,4,"electric_scooter ",2,"No ","Metropolitian ","Cloudy","High ",2
"6/03/2022","20:55:00","21:00:00",32,"Snack ",31,4.3,14,"scooter ",1,"No ","Metropolitian ","Stormy","Jam ",1
"15/03/2022","12:15:00","12:20:00",33,"Buffet ",27,4.1,9,"scooter ",2,"No ","Metropolitian ","Fog","High ",1
"14/03/2022","20:55:00","21:00:00",33,"Meal ",23,4,3,"scooter ",1,"No ","Urban ","Cloudy","Jam ",1
"11/03/2022","11:55:00","12:05:00",27,"Buffet ",24,4.6,22,"motorcycle ",1,"No ","Metropolitian ","Stormy","High ",1
"25/03/2022","17:15:00","17:30:00",34,"Snack ",21,4.5,6,"motorcycle ",0,"No ","Metropolitian ","Cloudy","Medium ",1
"14/02/2022","21:40:00","21:50:00",34,"Buffet ",23,4.8,2,"motorcycle ",0,"No ","Metropolitian ","Stormy","Jam ",1
"4/03/2022","20:35:00","20:40:00",31,"Buffet ",23,4.6,12,"motorcycle ",0,"No ","Metropolitian ","Sunny","Jam ",0
"1/03/2022","20:25:00","20:40:00",10,"Snack ",25,4.8,18,"electric_scooter ",2,"No ","Metropolitian ","Sandstorms","Jam ",0
"1/04/2022","8:45:00","9:00:00",18,"Snack ",25,4.9,23,"scooter ",2,"No ","Urban ","Cloudy","Low ",1
"18/03/2022","19:25:00","19:40:00",34,"Buffet ",35,3.8,2,"motorcycle ",1,"No ","Urban ","Sandstorms","Jam ",1
"4/04/2022","17:40:00","17:55:00",41,"Meal ",24,4.9,2,"motorcycle ",0,"No ","Metropolitian ","Cloudy","Medium ",2
"4/03/2022","22:20:00","22:35:00",39,"Drinks ",34,4.1,13,"motorcycle ",0,"No ","Metropolitian ","Fog","Low ",2
"1/03/2022","20:10:00","20:25:00",26,"Buffet ",20,4.6,22,"motorcycle ",2,"No ","Metropolitian ","Sandstorms","Jam ",1
"15/03/2022","14:10:00","14:15:00",32,"Meal ",32,4.1,4,"motorcycle ",1,"No ","Urban ","Sandstorms","High ",1
"2/04/2022","22:25:00","22:40:00",32,"Drinks ",39,3.7,15,"scooter ",1,"No ","Metropolitian ","Cloudy","Low ",1
"24/03/2022","17:15:00","17:30:00",34,"Buffet ",30,4.2,11,"motorcycle ",0,"No ","Metropolitian ","Windy","Medium ",0
"21/03/2022","9:40:00","9:50:00",17,"Buffet ",20,5,18,"motorcycle ",1,"No ","Urban ","Sunny","Low ",0
"18/03/2022","18:20:00","18:30:00",39,"Drinks ",38,4.3,14,"motorcycle ",1,"No ","Metropolitian ","Stormy","Medium ",1
"4/04/2022","23:25:00","23:35:00",18,"Meal ",32,4.6,21,"motorcycle ",1,"No ","Metropolitian ","Windy","Low ",1
"2/04/2022","20:50:00","21:00:00",36,"Buffet ",31,4.3,4,"scooter ",2,"No ","Metropolitian ","Fog","Jam ",2
"9/03/2022","16:50:00","17:00:00",26,"Drinks ",24,4.6,17,"scooter ",2,"No ","Metropolitian ","Sandstorms","Medium ",1
"17/02/2022","11:25:00","11:35:00",22,"Meal ",25,4.5,6,"motorcycle ",1,"No ","Metropolitian ","Sandstorms","High ",0
"7/03/2022","11:35:00","11:50:00",20,"Meal ",29,4.5,16,"scooter ",2,"No ","Metropolitian ","Stormy","High ",1
"5/03/2022","17:55:00","18:10:00",33,"Snack ",37,4.4,9,"motorcycle ",0,"No ","Metropolitian ","Fog","Medium ",0
"7/03/2022","12:00:00","12:15:00",15,"Buffet ",32,4.9,17,"motorcycle ",1,"No ","Urban ","Stormy","High ",1
"7/03/2022","13:30:00","13:45:00",21,"Drinks ",36,4.8,9,"motorcycle ",0,"No ","Metropolitian ","Sunny","High ",0
"25/03/2022","20:50:00","21:00:00",36,"Drinks ",30,4,8,"motorcycle ",0,"No ","Metropolitian ","Windy","Jam ",1
"21/03/2022","10:00:00","10:05:00",16,"Meal ",24,5,18,"motorcycle ",0,"No ","Urban ","Sunny","Low ",1
"18/02/2022","19:30:00","19:40:00",46,"Snack ",37,4.8,18,"motorcycle ",0,"No ","Urban ","Cloudy","Jam ",0
"1/03/2022","10:10:00","10:25:00",13,"Drinks ",21,5,17,"scooter ",1,"No ","Urban ","Windy","Low ",1
"3/03/2022","11:30:00","11:40:00",37,"Meal ",27,4.2,9,"motorcycle ",0,"No ","Metropolitian ","Sandstorms","High ",0
"11/03/2022","9:55:00","10:10:00",28,"Buffet ",36,4.5,14,"motorcycle ",1,"No ","Metropolitian ","Stormy","Low ",1
"11/02/2022","20:30:00","20:45:00",32,"Snack ",38,4,17,"scooter ",2,"No ","Metropolitian ","Fog","Jam ",1
"4/03/2022","18:25:00","18:35:00",17,"Snack ",25,4.7,18,"scooter ",1,"No ","Metropolitian ","Stormy","Medium ",1
"4/03/2022","20:55:00","21:10:00",33,"Buffet ",35,4.1,11,"motorcycle ",2,"No ","Metropolitian ","Stormy","Jam ",2
"23/03/2022","17:50:00","18:00:00",31,"Drinks ",21,5,1,"motorcycle ",1,"No ","Metropolitian ","Fog","Medium ",1
"10/03/2022","20:25:00","20:30:00",40,"Drinks ",21,4.9,18,"electric_scooter ",2,"No ","Metropolitian ","Fog","Jam ",2
"16/03/2022","22:25:00","22:35:00",15,"Buffet ",39,4.8,22,"scooter ",2,"No ","Urban ","Sunny","Low ",0
"13/02/2022","8:10:00","8:25:00",27,"Buffet ",32,4.6,8,"motorcycle ",2,"No ","Metropolitian ","Stormy","Low ",1
"17/03/2022","16:40:00","16:45:00",27,"Snack ",32,5,15,"motorcycle ",0,"No ","Metropolitian ","Stormy","Medium ",1
"18/02/2022","21:00:00","21:15:00",44,"Buffet ",32,4,10,"motorcycle ",2,"No ","Metropolitian ","Fog","Jam ",0
"12/02/2022","21:25:00","21:40:00",31,"Drinks ",33,3.7,17,"scooter ",2,"No ","Metropolitian ","Sunny","Jam ",1
"17/02/2022","17:20:00","17:35:00",18,"Buffet ",26,4.5,7,"scooter ",2,"No ","Metropolitian ","Fog","Medium ",1
"19/03/2022","18:25:00","18:30:00",27,"Buffet ",26,4.6,23,"motorcycle ",0,"No ","Urban ","Cloudy","Medium ",1
"20/03/2022","23:00:00","23:05:00",16,"Buffet ",28,4.8,13,"scooter ",2,"No ","Metropolitian ","Sandstorms","Low ",0
"23/03/2022","21:15:00","21:30:00",23,"Buffet ",24,4.5,15,"scooter ",2,"No ","Metropolitian ","Sandstorms","Jam ",1
"1/03/2022","15:50:00","15:55:00",17,"Buffet ",30,4.7,5,"scooter ",1,"No ","Metropolitian ","Fog","Medium ",1
"3/04/2022","23:20:00","23:35:00",15,"Drinks ",30,4.8,16,"scooter ",2,"No ","Urban ","Cloudy","Low ",0
"19/03/2022","9:15:00","9:30:00",11,"Meal ",23,4.9,17,"motorcycle ",1,"No ","Urban ","Stormy","Low ",1
"26/03/2022","23:30:00","23:40:00",14,"Snack ",29,4.7,16,"scooter ",1,"No ","Urban ","Cloudy","Low ",1
"5/03/2022","23:40:00","23:55:00",20,"Drinks ",33,5,23,"motorcycle ",2,"No ","Metropolitian ","Windy","Low ",1
"21/03/2022","8:30:00","8:45:00",15,"Buffet ",37,4.8,21,"scooter ",1,"No ","Metropolitian ","Fog","Low ",0
"24/03/2022","19:20:00","19:30:00",26,"Meal ",23,4.5,13,"scooter ",1,"No ","Metropolitian ","Cloudy","Jam ",1
"25/03/2022","21:45:00","22:00:00",26,"Snack ",39,4.7,19,"scooter ",2,"No ","Metropolitian ","Stormy","Jam ",1
"7/03/2022","17:50:00","17:55:00",24,"Buffet ",33,4.5,23,"motorcycle ",0,"No ","Metropolitian ","Sunny","Medium ",1
"15/03/2022","17:20:00","17:25:00",28,"Snack ",22,4.8,17,"scooter ",2,"No ","Urban ","Sandstorms","Medium ",1
"25/03/2022","0:00:00","0:10:00",18,"Drinks ",30,4.7,12,"motorcycle ",1,"No ","Metropolitian ","Sunny","Low ",1
"14/03/2022","18:40:00","18:50:00",12,"Buffet ",26,4.9,15,"electric_scooter ",2,"No ","Urban ","Sunny","Medium ",0
"27/03/2022","21:55:00","22:05:00",53,"Snack ",37,4.6,11,"motorcycle ",0,"No ","Metropolitian ","Cloudy","Jam ",1
"14/02/2022","19:15:00","19:30:00",32,"Buffet ",25,5,22,"scooter ",1,"No ","Urban ","Cloudy","Jam ",0
"23/03/2022","22:10:00","22:20:00",25,"Snack ",31,4.9,12,"scooter ",2,"No ","Metropolitian ","Windy","Low ",1
"29/03/2022","19:35:00","19:40:00",52,"Meal ",35,4.3,1,"motorcycle ",0,"Yes ","Metropolitian ","Sandstorms","Jam ",1
"2/04/2022","20:30:00","20:40:00",25,"Snack ",30,5,22,"motorcycle ",2,"No ","Metropolitian ","Sandstorms","Jam ",1
"13/03/2022","8:20:00","8:30:00",19,"Buffet ",34,4.7,18,"scooter ",2,"No ","Metropolitian ","Fog","Low ",0
"24/03/2022","9:40:00","9:55:00",23,"Snack ",37,4.7,23,"motorcycle ",0,"No ","Metropolitian ","Sunny","Low ",1
"12/03/2022","22:20:00","22:30:00",29,"Snack ",29,4.8,17,"motorcycle ",1,"No ","Metropolitian ","Cloudy","Low ",0
"19/03/2022","17:20:00","17:25:00",18,"Snack ",27,4.5,3,"scooter ",1,"No ","Urban ","Fog","Medium ",1
"6/03/2022","23:50:00","0:05:00",22,"Snack ",24,4.9,22,"motorcycle ",0,"No ","Metropolitian ","Stormy","Low ",1
"12/02/2022","18:55:00","19:05:00",33,"Snack ",38,3.5,12,"motorcycle ",1,"No ","Metropolitian ","Stormy","Medium ",1
"15/03/2022","21:40:00","21:55:00",13,"Drinks ",20,5,16,"scooter ",1,"No ","Urban ","Sunny","Jam ",0
"17/02/2022","9:50:00","10:00:00",20,"Buffet ",34,4.6,2,"scooter ",2,"No ","Metropolitian ","Stormy","Low ",1
"1/04/2022","9:55:00","10:05:00",29,"Buffet ",37,4.5,12,"motorcycle ",0,"No ","Metropolitian ","Cloudy","Low ",1
"15/03/2022","10:00:00","10:05:00",33,"Buffet ",33,4.2,5,"motorcycle ",0,"No ","Metropolitian ","Windy","Low ",1
"31/03/2022","23:15:00","23:20:00",21,"Drinks ",22,4.9,22,"motorcycle ",1,"No ","Metropolitian ","Fog","Low ",1
"8/03/2022","22:55:00","23:00:00",15,"Drinks ",21,4.7,23,"motorcycle ",0,"No ","Metropolitian ","Sandstorms","Low ",1
"26/03/2022","21:15:00","21:30:00",14,"Meal ",25,4.8,22,"electric_scooter ",2,"No ","Urban ","Sandstorms","Jam ",1
"5/03/2022","21:10:00","21:20:00",29,"Snack ",22,4.9,23,"motorcycle ",1,"No ","Metropolitian ","Windy","Jam ",1
"20/03/2022","20:25:00","20:40:00",39,"Snack ",25,5,8,"motorcycle ",2,"No ","Metropolitian ","Cloudy","Jam ",1
"15/03/2022","8:10:00","8:15:00",15,"Drinks ",22,4.8,9,"electric_scooter ",2,"No ","Metropolitian ","Sunny","Low ",1
"1/04/2022","12:00:00","12:05:00",49,"Meal ",37,4.6,13,"motorcycle ",0,"No ","Metropolitian ","Windy","High ",3
"5/03/2022","14:55:00","15:05:00",27,"Snack ",39,4.8,23,"scooter ",2,"No ","Metropolitian ","Windy","High ",1
"4/03/2022","22:25:00","22:30:00",29,"Snack ",27,4.5,6,"motorcycle ",0,"No ","Urban ","Stormy","Low ",1
"11/02/2022","11:45:00","12:00:00",28,"Drinks ",38,4.8,2,"scooter ",1,"No ","Metropolitian ","Stormy","High ",1
"2/03/2022","19:15:00","19:20:00",44,"Meal ",25,4.7,12,"motorcycle ",0,"No ","Metropolitian ","Fog","Jam ",2
"25/03/2022","19:15:00","19:25:00",27,"Meal ",27,4.9,17,"motorcycle ",1,"No ","Metropolitian ","Sandstorms","Jam ",1
"6/04/2022","19:25:00","19:35:00",39,"Meal ",30,5,21,"scooter ",1,"No ","Metropolitian ","Cloudy","Jam ",2
"28/03/2022","18:25:00","18:40:00",10,"Meal ",29,4.8,22,"scooter ",2,"No ","Metropolitian ","Sunny","Medium ",0
"10/03/2022","23:15:00","23:20:00",20,"Snack ",27,5,15,"motorcycle ",0,"No ","Metropolitian ","Cloudy","Low ",1
"7/03/2022","10:50:00","11:00:00",16,"Buffet ",28,5,9,"motorcycle ",0,"No ","Metropolitian ","Sunny","Low ",1
"21/03/2022","17:40:00","17:55:00",27,"Buffet ",34,4.8,19,"motorcycle ",0,"No ","Metropolitian ","Sunny","Medium ",1
"21/03/2022","19:30:00","19:35:00",25,"Buffet ",24,4.9,18,"scooter ",1,"No ","Metropolitian ","Fog","Jam ",0
"11/03/2022","10:20:00","10:35:00",24,"Buffet ",24,4.8,22,"motorcycle ",1,"No ","Metropolitian ","Sunny","Low ",0
"17/02/2022","16:25:00","16:35:00",27,"Buffet ",35,4.7,9,"motorcycle ",0,"No ","Metropolitian ","Windy","Medium ",1
"9/03/2022","9:55:00","10:00:00",23,"Meal ",38,4.8,22,"electric_scooter ",2,"No ","Urban ","Sandstorms","Low ",1
"14/03/2022","19:10:00","19:15:00",26,"Snack ",22,4.9,13,"scooter ",1,"No ","Metropolitian ","Stormy","Jam ",0
"29/03/2022","20:00:00","20:05:00",26,"Snack ",38,4.9,23,"scooter ",1,"No ","Metropolitian ","Stormy","Jam ",1
"6/04/2022","19:15:00","19:25:00",30,"Drinks ",37,5,23,"scooter ",2,"No ","Metropolitian ","Windy","Jam ",1
"4/03/2022","17:10:00","17:20:00",35,"Snack ",28,4.9,15,"motorcycle ",0,"No ","Metropolitian ","Stormy","Medium ",0
"30/03/2022","19:30:00","19:35:00",27,"Buffet ",21,4.9,13,"motorcycle ",2,"No ","Metropolitian ","Stormy","Jam ",1
"13/03/2022","10:35:00","10:40:00",27,"Meal ",31,5,22,"motorcycle ",0,"No ","Metropolitian ","Cloudy","Low ",1
"5/03/2022","14:15:00","14:20:00",48,"Drinks ",36,5,19,"motorcycle ",0,"Yes ","Metropolitian ","Sunny","High ",2
"18/03/2022","18:10:00","18:20:00",33,"Meal ",30,4.2,14,"motorcycle ",0,"No ","Metropolitian ","Sandstorms","Medium ",1
"7/03/2022","13:15:00","13:25:00",24,"Meal ",23,5,23,"motorcycle ",0,"No ","Metropolitian ","Fog","High ",1
"3/04/2022","23:00:00","23:05:00",21,"Drinks ",31,4.6,22,"scooter ",2,"No ","Urban ","Sandstorms","Low ",1
"5/04/2022","8:40:00","8:55:00",21,"Meal ",28,5,16,"electric_scooter ",2,"No ","Metropolitian ","Sunny","Low ",1
"16/02/2022","21:25:00","21:30:00",45,"Buffet ",39,5,8,"motorcycle ",0,"No ","Metropolitian ","Fog","Jam ",1
"5/03/2022","19:20:00","19:35:00",16,"Meal ",28,4.9,15,"scooter ",2,"No ","Metropolitian ","Windy","Jam ",0
"5/03/2022","15:50:00","16:00:00",20,"Drinks ",24,4.9,14,"motorcycle ",2,"No ","Metropolitian ","Stormy","Medium ",0
"5/04/2022","23:40:00","23:55:00",16,"Drinks ",25,4.9,21,"motorcycle ",0,"No ","Metropolitian ","Cloudy","Low ",1
"2/04/2022","20:15:00","20:20:00",48,"Snack ",38,4.1,1,"motorcycle ",1,"No ","Semi-Urban ","Cloudy","Jam ",0
"24/03/2022","16:30:00","16:35:00",14,"Snack ",24,4.8,23,"electric_scooter ",2,"No ","Metropolitian ","Cloudy","Medium ",0
"16/02/2022","19:55:00","20:10:00",43,"Snack ",23,5,8,"scooter ",1,"No ","Metropolitian ","Fog","Jam ",0
"5/03/2022","14:20:00","14:30:00",31,"Meal ",36,4.4,9,"scooter ",2,"No ","Metropolitian ","Sunny","High ",1
"13/03/2022","15:00:00","15:05:00",20,"Snack ",35,4.8,16,"motorcycle ",0,"No ","Urban ","Sunny","High ",0
"3/03/2022","20:30:00","20:40:00",24,"Drinks ",23,5,19,"motorcycle ",0,"No ","Urban ","Sandstorms","Jam ",1
"28/03/2022","18:50:00","19:05:00",22,"Meal ",38,4.5,22,"scooter ",1,"No ","Metropolitian ","Sunny","Medium ",1
"21/03/2022","11:20:00","11:30:00",28,"Buffet ",37,4.8,23,"motorcycle ",0,"No ","Metropolitian ","Cloudy","High ",1
"18/03/2022","20:00:00","20:10:00",37,"Drinks ",27,5,21,"motorcycle ",0,"No ","Urban ","Cloudy","Jam ",1
"18/03/2022","22:45:00","23:00:00",25,"Meal ",36,4.8,13,"motorcycle ",0,"No ","Metropolitian ","Stormy","Low ",1
"10/03/2022","23:25:00","23:35:00",18,"Drinks ",22,4.6,23,"scooter ",2,"No ","Metropolitian ","Stormy","Low ",1
"16/03/2022","20:45:00","20:55:00",26,"Snack ",28,4.9,21,"motorcycle ",1,"No ","Metropolitian ","Stormy","Jam ",1
"30/03/2022","12:00:00","12:05:00",42,"Buffet ",24,4.3,18,"motorcycle ",0,"Yes ","Urban ","Sunny","High ",0
"11/03/2022","20:40:00","20:45:00",20,"Meal ",24,4.6,22,"electric_scooter ",2,"No ","Metropolitian ","Stormy","Jam ",1
"7/03/2022","19:55:00","20:05:00",36,"Drinks ",30,4.9,16,"motorcycle ",0,"No ","Metropolitian ","Windy","Jam ",2
"26/03/2022","21:50:00","22:05:00",28,"Meal ",37,4.8,9,"motorcycle ",1,"No ","Metropolitian ","Stormy","Jam ",1
"20/03/2022","17:40:00","17:55:00",34,"Buffet ",30,4,13,"electric_scooter ",2,"No ","Metropolitian ","Cloudy","Medium ",0
"9/03/2022","11:00:00","11:15:00",20,"Drinks ",25,4.7,15,"scooter ",1,"No ","Urban ","Stormy","Low ",1
"18/03/2022","18:45:00","18:50:00",42,"Drinks ",39,4.2,23,"scooter ",2,"No ","Metropolitian ","Fog","Medium ",1
"2/04/2022","21:20:00","21:25:00",15,"Meal ",24,4.5,22,"scooter ",1,"No ","Metropolitian ","Windy","Jam ",1
"15/03/2022","19:10:00","19:25:00",13,"Buffet ",29,4.6,21,"motorcycle ",1,"No ","Metropolitian ","Windy","Jam ",1
"20/03/2022","18:25:00","18:35:00",18,"Snack ",28,4.6,21,"motorcycle ",1,"No ","Urban ","Sandstorms","Medium ",1
"2/04/2022","18:15:00","18:25:00",37,"Buffet ",30,4.4,9,"motorcycle ",2,"No ","Metropolitian ","Cloudy","Medium ",1
"17/02/2022","13:55:00","14:05:00",42,"Drinks ",36,5,8,"motorcycle ",0,"No ","Metropolitian ","Sandstorms","High ",1
"3/04/2022","10:15:00","10:20:00",10,"Buffet ",20,5,22,"scooter ",2,"No ","Metropolitian ","Cloudy","Low ",0
"16/02/2022","0:00:00","0:15:00",20,"Buffet ",39,4.8,16,"motorcycle ",0,"No ","Urban ","Windy","Low ",1
"24/03/2022","9:15:00","9:25:00",21,"Buffet ",20,4.8,22,"motorcycle ",0,"No ","Urban ","Cloudy","Low ",0
"26/03/2022","8:20:00","8:25:00",18,"Drinks ",28,4.6,22,"scooter ",2,"No ","Urban ","Stormy","Low ",0
"15/02/2022","0:00:00","0:10:00",16,"Drinks ",31,4.9,15,"scooter ",2,"No ","Urban ","Cloudy","Low ",1
"15/03/2022","16:45:00","16:50:00",14,"Meal ",20,4.6,16,"motorcycle ",2,"No ","Urban ","Sunny","Medium ",1
"18/03/2022","17:55:00","18:10:00",31,"Buffet ",30,4,13,"scooter ",2,"No ","Metropolitian ","Fog","Medium ",0
"4/03/2022","20:20:00","20:30:00",33,"Buffet ",32,4.2,5,"motorcycle ",1,"No ","Metropolitian ","Sunny","Jam ",1
"6/04/2022","19:10:00","19:20:00",34,"Buffet ",39,3.5,6,"motorcycle ",1,"No ","Urban ","Sandstorms","Jam ",1
"16/03/2022","21:35:00","21:50:00",30,"Snack ",22,4.7,22,"electric_scooter ",2,"No ","Metropolitian ","Fog","Jam ",0
"27/03/2022","22:15:00","22:25:00",23,"Meal ",23,4.9,16,"scooter ",2,"No ","Metropolitian ","Fog","Low ",1
"26/03/2022","20:25:00","20:30:00",16,"Drinks ",23,4.7,18,"motorcycle ",1,"No ","Metropolitian ","Stormy","Jam ",0
"6/04/2022","20:15:00","20:20:00",21,"Drinks ",26,4.5,3,"scooter ",2,"No ","Metropolitian ","Sunny","Jam ",0
"31/03/2022","23:10:00","23:15:00",28,"Buffet ",38,5,12,"scooter ",1,"No ","Metropolitian ","Fog","Low ",1
"29/03/2022","18:45:00","18:50:00",11,"Drinks ",21,4.6,1,"electric_scooter ",2,"No ","Urban ","Sunny","Medium ",0
"4/03/2022","22:35:00","22:45:00",23,"Snack ",25,4.7,23,"motorcycle ",0,"No ","Metropolitian ","Windy","Low ",1
"25/03/2022","22:20:00","22:25:00",14,"Meal ",24,4.7,12,"scooter ",2,"No ","Metropolitian ","Stormy","Low ",0
"18/03/2022","19:20:00","19:35:00",22,"Snack ",33,4.9,21,"scooter ",1,"No ","Urban ","Sunny","Jam ",0
"19/03/2022","22:40:00","22:50:00",26,"Drinks ",39,4.8,4,"scooter ",2,"No ","Metropolitian ","Stormy","Low ",1
"28/03/2022","19:55:00","20:05:00",35,"Drinks ",30,4.2,6,"scooter ",2,"No ","Metropolitian ","Cloudy","Jam ",2
"9/03/2022","9:20:00","9:35:00",19,"Snack ",22,4.7,22,"motorcycle ",2,"No ","Metropolitian ","Fog","Low ",1
"28/03/2022","22:15:00","22:20:00",21,"Drinks ",34,4.4,12,"motorcycle ",0,"No ","Metropolitian ","Windy","Low ",0
"15/02/2022","10:15:00","10:30:00",16,"Buffet ",20,4.9,2,"motorcycle ",1,"No ","Metropolitian ","Fog","Low ",1
"4/03/2022","20:20:00","20:25:00",35,"Drinks ",31,4.3,23,"motorcycle ",0,"No ","Metropolitian ","Stormy","Jam ",1
"10/03/2022","18:55:00","19:05:00",38,"Meal ",31,4.4,12,"motorcycle ",1,"No ","Metropolitian ","Fog","Medium ",1
"11/03/2022","21:30:00","21:35:00",25,"Snack ",30,4.8,13,"scooter ",2,"No ","Metropolitian ","Stormy","Jam ",0
"8/03/2022","22:00:00","22:15:00",48,"Snack ",34,4.2,5,"motorcycle ",0,"No ","Metropolitian ","Sandstorms","Jam ",3
"5/04/2022","10:20:00","10:25:00",21,"Snack ",20,4.8,17,"motorcycle ",1,"No ","Urban ","Sunny","Low ",0
"3/04/2022","21:15:00","21:25:00",36,"Snack ",30,4.3,13,"scooter ",1,"No ","Metropolitian ","Fog","Jam ",1
"12/02/2022","18:15:00","18:25:00",38,"Buffet ",30,4.1,17,"scooter ",1,"No ","Metropolitian ","Stormy","Medium ",1
"15/03/2022","10:35:00","10:50:00",13,"Snack ",21,4.7,17,"motorcycle ",1,"No ","Urban ","Windy","Low ",0
"4/04/2022","17:35:00","17:40:00",32,"Snack ",38,3.7,3,"electric_scooter ",2,"No ","Metropolitian ","Windy","Medium ",1
"7/03/2022","19:50:00","19:55:00",27,"Meal ",27,4.6,19,"scooter ",2,"No ","Metropolitian ","Fog","Jam ",1
"12/02/2022","21:35:00","21:45:00",42,"Meal ",39,4.1,13,"scooter ",2,"Yes ","Metropolitian ","Stormy","Jam ",3
"1/04/2022","19:25:00","19:35:00",11,"Buffet ",24,5,18,"scooter ",2,"No ","Urban ","Stormy","Jam ",0
"12/03/2022","23:20:00","23:25:00",16,"Snack ",32,4.9,22,"scooter ",1,"No ","Metropolitian ","Sunny","Low ",0
"5/03/2022","18:45:00","18:50:00",26,"Snack ",31,4.6,17,"motorcycle ",0,"No ","Urban ","Sandstorms","Medium ",1
"1/04/2022","11:15:00","11:30:00",19,"Drinks ",34,4.8,23,"electric_scooter ",2,"No ","Metropolitian ","Sunny","High ",1
"14/03/2022","21:40:00","21:45:00",15,"Drinks ",22,4.7,15,"scooter ",1,"No ","Urban ","Windy","Jam ",1
"1/03/2022","22:50:00","22:55:00",18,"Buffet ",30,4.7,15,"electric_scooter ",2,"No ","Metropolitian ","Fog","Low ",0
"11/03/2022","17:45:00","17:55:00",28,"Snack ",31,4.9,17,"motorcycle ",0,"No ","Metropolitian ","Sunny","Medium ",1
"2/04/2022","19:15:00","19:25:00",18,"Snack ",27,4.7,15,"scooter ",2,"No ","Urban ","Stormy","Jam ",0
"25/03/2022","20:45:00","20:55:00",35,"Snack ",37,4.9,4,"motorcycle ",1,"No ","Metropolitian ","Fog","Jam ",1
"4/04/2022","22:30:00","22:40:00",40,"Snack ",30,4.9,12,"motorcycle ",0,"No ","Metropolitian ","Fog","Low ",1
"24/03/2022","11:30:00","11:40:00",37,"Buffet ",39,4.9,1,"scooter ",1,"No ","Metropolitian ","Fog","High ",1
"19/03/2022","9:20:00","9:35:00",21,"Buffet ",24,5,18,"motorcycle ",0,"No ","Urban ","Fog","Low ",0
"20/03/2022","19:30:00","19:45:00",38,"Snack ",28,4.2,6,"motorcycle ",0,"No ","Urban ","Windy","Jam ",1
"6/04/2022","21:30:00","21:35:00",35,"Snack ",27,4.3,3,"motorcycle ",0,"No ","Metropolitian ","Windy","Jam ",0
"21/03/2022","9:40:00","9:50:00",17,"Buffet ",20,5,18,"motorcycle ",1,"No ","Urban ","Sunny","Low ",0
"5/03/2022","20:45:00","21:00:00",46,"Meal ",31,5,23,"motorcycle ",0,"No ","Metropolitian ","Stormy","Jam ",3
"27/03/2022","22:55:00","23:05:00",26,"Drinks ",31,5,23,"scooter ",2,"No ","Urban ","Sandstorms","Low ",1
"29/03/2022","19:15:00","19:20:00",21,"Drinks ",36,4.5,2,"electric_scooter ",2,"No ","Urban ","Sunny","Jam ",0
"15/03/2022","21:35:00","21:45:00",22,"Buffet ",20,4.7,23,"motorcycle ",0,"No ","Metropolitian ","Cloudy","Jam ",1
"28/03/2022","21:25:00","21:40:00",33,"Snack ",21,4.6,3,"scooter ",2,"No ","Metropolitian ","Cloudy","Jam ",0
"24/03/2022","10:00:00","10:05:00",11,"Snack ",27,4.6,23,"scooter ",1,"No ","Metropolitian ","Windy","Low ",0
"12/02/2022","22:20:00","22:35:00",24,"Meal ",39,4.8,9,"motorcycle ",0,"No ","Metropolitian ","Sandstorms","Low ",1
"1/03/2022","21:55:00","22:10:00",26,"Buffet ",25,4.9,23,"scooter ",2,"No ","Urban ","Stormy","Jam ",1
"17/03/2022","19:55:00","20:10:00",30,"Buffet ",39,4.9,12,"motorcycle ",0,"No ","Metropolitian ","Fog","Jam ",0
"31/03/2022","23:40:00","23:45:00",15,"Meal ",31,4.9,23,"motorcycle ",1,"No ","Metropolitian ","Sandstorms","Low ",1
"14/02/2022","18:20:00","18:25:00",31,"Snack ",26,5,8,"motorcycle ",0,"No ","Metropolitian ","Stormy","Medium ",1
"12/03/2022","21:15:00","21:25:00",26,"Meal ",24,4.8,9,"motorcycle ",0,"No ","Metropolitian ","Sunny","Jam ",0
"1/03/2022","10:40:00","10:45:00",17,"Buffet ",22,4.9,19,"motorcycle ",1,"No ","Urban ","Stormy","Low ",1
"25/03/2022","22:50:00","23:05:00",19,"Snack ",21,4.9,21,"motorcycle ",0,"No ","Metropolitian ","Windy","Low ",0
"28/03/2022","17:30:00","17:35:00",37,"Meal ",33,4,3,"motorcycle ",0,"No ","Metropolitian ","Sandstorms","Medium ",1
"26/03/2022","19:20:00","19:35:00",37,"Buffet ",25,4.8,8,"motorcycle ",0,"No ","Metropolitian ","Stormy","Jam ",1
"9/03/2022","13:00:00","13:10:00",33,"Buffet ",35,4.3,23,"motorcycle ",0,"No ","Metropolitian ","Fog","High ",1
"29/03/2022","22:30:00","22:35:00",26,"Drinks ",30,4.6,3,"motorcycle ",1,"No ","Urban ","Windy","Low ",0
"16/02/2022","22:00:00","22:10:00",26,"Snack ",36,4.8,9,"motorcycle ",1,"No ","Metropolitian ","Sandstorms","Jam ",1
"6/03/2022","23:20:00","23:25:00",18,"Snack ",27,4.9,12,"motorcycle ",1,"No ","Metropolitian ","Stormy","Low ",0
"3/04/2022","13:40:00","13:50:00",23,"Snack ",28,4.9,21,"motorcycle ",0,"No ","Metropolitian ","Cloudy","High ",1
"2/03/2022","0:00:00","0:05:00",41,"Drinks ",32,4.8,16,"motorcycle ",0,"No ","Metropolitian ","Stormy","Low ",1
"12/02/2022","21:55:00","22:00:00",42,"Meal ",26,4.9,8,"motorcycle ",0,"No ","Metropolitian ","Stormy","Jam ",2
"4/03/2022","18:40:00","18:55:00",25,"Meal ",38,4.8,14,"motorcycle ",0,"No ","Metropolitian ","Sunny","Medium ",1
"31/03/2022","19:35:00","19:50:00",47,"Meal ",39,5,18,"scooter ",2,"Yes ","Semi-Urban ","Cloudy","Jam ",1
"28/03/2022","12:35:00","12:50:00",44,"Buffet ",33,4.1,9,"motorcycle ",0,"No ","Metropolitian ","Sandstorms","High ",1
"23/03/2022","18:45:00","18:55:00",39,"Meal ",34,4.2,5,"scooter ",2,"No ","Metropolitian ","Cloudy","Medium ",2
"11/02/2022","9:55:00","10:00:00",25,"Drinks ",39,4.8,6,"motorcycle ",0,"No ","Metropolitian ","Fog","Low ",1
"7/03/2022","13:55:00","14:00:00",13,"Snack ",29,4.7,21,"scooter ",1,"No ","Urban ","Stormy","High ",1
"13/03/2022","9:50:00","9:55:00",22,"Drinks ",33,4.7,23,"scooter ",1,"No ","Metropolitian ","Sandstorms","Low ",0
"5/03/2022","17:30:00","17:35:00",28,"Buffet ",21,5,16,"motorcycle ",0,"No ","Metropolitian ","Sunny","Medium ",1
"18/03/2022","17:45:00","18:00:00",17,"Meal ",23,4.6,8,"electric_scooter ",2,"No ","Metropolitian ","Sandstorms","Medium ",0
"5/04/2022","10:35:00","10:40:00",16,"Buffet ",36,4.7,22,"motorcycle ",1,"No ","Metropolitian ","Sunny","Low ",1
"2/03/2022","22:50:00","23:00:00",22,"Snack ",20,4.9,17,"motorcycle ",0,"No ","Metropolitian ","Windy","Low ",1
"14/03/2022","18:20:00","18:35:00",16,"Snack ",28,4.6,12,"scooter ",1,"No ","Metropolitian ","Sandstorms","Medium ",0
"26/03/2022","18:50:00","18:55:00",29,"Meal ",36,4.8,5,"motorcycle ",0,"No ","Metropolitian ","Cloudy","Medium ",0
"10/03/2022","22:50:00","22:55:00",21,"Meal ",37,5,13,"electric_scooter ",2,"No ","Metropolitian ","Stormy","Low ",0
"21/03/2022","9:40:00","9:50:00",25,"Buffet ",32,4.7,18,"electric_scooter ",2,"No ","Metropolitian ","Windy","Low ",0
"11/03/2022","21:50:00","21:55:00",23,"Meal ",31,4.8,23,"motorcycle ",2,"No ","Metropolitian ","Sunny","Jam ",0
"12/03/2022","19:40:00","19:55:00",44,"Buffet ",29,4.2,9,"scooter ",2,"No ","Metropolitian ","Cloudy","Jam ",3
"30/03/2022","11:50:00","12:05:00",23,"Snack ",30,4.8,17,"scooter ",2,"No ","Metropolitian ","Sunny","High ",1
"30/03/2022","17:30:00","17:35:00",26,"Drinks ",30,5,9,"motorcycle ",0,"No ","Metropolitian ","Windy","Medium ",1
"20/03/2022","20:40:00","20:50:00",46,"Snack ",35,4.3,3,"scooter ",2,"No ","Metropolitian ","Fog","Jam ",1
"2/03/2022","22:25:00","22:30:00",18,"Drinks ",24,4.7,18,"motorcycle ",1,"No ","Urban ","Windy","Low ",0
"18/02/2022","22:20:00","22:30:00",18,"Buffet ",26,4.8,2,"motorcycle ",1,"No ","Metropolitian ","Fog","Low ",1
"3/04/2022","19:15:00","19:25:00",39,"Buffet ",30,4.4,5,"motorcycle ",1,"No ","Metropolitian ","Fog","Jam ",2
"3/03/2022","21:25:00","21:30:00",19,"Meal ",22,4.8,21,"motorcycle ",2,"No ","Metropolitian ","Windy","Jam ",0
"21/03/2022","23:10:00","23:25:00",18,"Snack ",35,4.9,23,"motorcycle ",1,"No ","Urban ","Sunny","Low ",0
"25/03/2022","21:50:00","21:55:00",38,"Snack ",29,4.3,11,"motorcycle ",0,"No ","Metropolitian ","Sandstorms","Jam ",1
"25/03/2022","20:30:00","20:35:00",43,"Drinks ",27,4.4,8,"scooter ",2,"No ","Metropolitian ","Cloudy","Jam ",2
"5/03/2022","11:45:00","11:55:00",15,"Buffet ",23,4.7,15,"motorcycle ",2,"No ","Urban ","Stormy","High ",0
"21/03/2022","22:55:00","23:10:00",20,"Snack ",30,4.6,16,"motorcycle ",2,"No ","Metropolitian ","Stormy","Low ",1
"17/03/2022","23:35:00","23:40:00",32,"Meal ",37,4.2,15,"motorcycle ",0,"No ","Metropolitian ","Stormy","Low ",0
"31/03/2022","18:00:00","18:10:00",49,"Meal ",33,4.9,8,"motorcycle ",0,"No ","Metropolitian ","Sandstorms","Medium ",1
"16/02/2022","20:10:00","20:15:00",32,"Snack ",35,4.1,18,"motorcycle ",1,"No ","Metropolitian ","Sunny","Jam ",1
"14/02/2022","23:25:00","23:35:00",26,"Buffet ",35,4.9,5,"scooter ",2,"No ","Metropolitian ","Stormy","Low ",1
"3/04/2022","17:25:00","17:40:00",38,"Buffet ",34,4.7,9,"motorcycle ",0,"No ","Metropolitian ","Windy","Medium ",0
"1/03/2022","19:30:00","19:35:00",26,"Meal ",35,4.6,16,"scooter ",2,"No ","Urban ","Stormy","Jam ",1
"26/03/2022","15:30:00","15:45:00",16,"Snack ",25,4.9,14,"motorcycle ",0,"No ","Metropolitian ","Stormy","Medium ",1
"3/03/2022","22:55:00","23:00:00",19,"Drinks ",23,4.9,15,"motorcycle ",1,"No ","Metropolitian ","Stormy","Low ",0
"31/03/2022","18:20:00","18:30:00",16,"Buffet ",26,4.9,21,"motorcycle ",1,"No ","Urban ","Sandstorms","Medium ",0
"25/03/2022","22:40:00","22:45:00",27,"Buffet ",34,4.9,16,"scooter ",2,"No ","Metropolitian ","Fog","Low ",1
"4/04/2022","18:50:00","19:00:00",34,"Drinks ",33,5,22,"motorcycle ",0,"No ","Urban ","Sunny","Medium ",0
"30/03/2022","21:20:00","21:30:00",10,"Meal ",29,4.6,23,"scooter ",2,"No ","Metropolitian ","Sandstorms","Jam ",0
"6/04/2022","20:55:00","21:10:00",32,"Snack ",22,4.9,18,"motorcycle ",0,"No ","Metropolitian ","Sandstorms","Jam ",1
"8/03/2022","18:00:00","18:05:00",35,"Meal ",23,4.7,15,"motorcycle ",0,"No ","Urban ","Stormy","Medium ",1
"3/03/2022","9:35:00","9:45:00",13,"Drinks ",21,4.7,19,"scooter ",2,"No ","Urban ","Cloudy","Low ",0
"13/03/2022","17:50:00","18:00:00",28,"Snack ",28,4.7,18,"scooter ",2,"No ","Metropolitian ","Stormy","Medium ",0
"19/03/2022","22:40:00","22:50:00",26,"Drinks ",39,4.8,4,"scooter ",2,"No ","Metropolitian ","Stormy","Low ",1
"5/04/2022","20:10:00","20:20:00",25,"Snack ",21,4.7,19,"motorcycle ",1,"No ","Metropolitian ","Cloudy","Jam ",1
"5/03/2022","17:25:00","17:30:00",19,"Snack ",34,5,21,"electric_scooter ",2,"No ","Urban ","Sandstorms","Medium ",0
"16/03/2022","22:10:00","22:15:00",15,"Buffet ",30,4.8,19,"electric_scooter ",2,"No ","Urban ","Stormy","Low ",0
"11/03/2022","23:00:00","23:10:00",15,"Meal ",21,4.6,18,"motorcycle ",0,"No ","Urban ","Fog","Low ",1
"12/03/2022","23:10:00","23:15:00",15,"Drinks ",29,4.9,23,"scooter ",2,"No ","Metropolitian ","Stormy","Low ",1
"5/04/2022","19:45:00","19:50:00",33,"Buffet ",37,4.1,6,"motorcycle ",0,"No ","Metropolitian ","Stormy","Jam ",0
"31/03/2022","17:25:00","17:30:00",39,"Snack ",37,4.3,3,"scooter ",1,"No ","Metropolitian ","Fog","Medium ",0
"12/02/2022","22:50:00","22:55:00",23,"Snack ",26,4.6,23,"motorcycle ",0,"No ","Urban ","Fog","Low ",1
"3/04/2022","21:15:00","21:25:00",23,"Snack ",25,4.8,19,"electric_scooter ",2,"No ","Urban ","Sandstorms","Jam ",1
"18/02/2022","19:25:00","19:40:00",39,"Snack ",26,4.3,6,"motorcycle ",2,"No ","Metropolitian ","Fog","Jam ",2
"16/03/2022","17:35:00","17:45:00",40,"Drinks ",39,4.6,13,"scooter ",1,"No ","Metropolitian ","Fog","Medium ",1
"11/02/2022","21:55:00","22:05:00",29,"Meal ",24,4.6,7,"scooter ",1,"No ","Metropolitian ","Fog","Jam ",1
"21/03/2022","9:20:00","9:30:00",13,"Meal ",24,4.8,16,"motorcycle ",1,"No ","Urban ","Cloudy","Low ",1
"3/04/2022","19:10:00","19:25:00",33,"Meal ",30,4.4,6,"scooter ",1,"No ","Metropolitian ","Sandstorms","Jam ",0
"21/03/2022","21:45:00","21:50:00",33,"Snack ",26,4.7,8,"motorcycle ",2,"No ","Metropolitian ","Cloudy","Jam ",0
"11/02/2022","17:15:00","17:20:00",20,"Drinks ",25,5,21,"motorcycle ",0,"No ","Urban ","Fog","Medium ",1
"9/03/2022","19:55:00","20:10:00",28,"Meal ",31,4.9,18,"motorcycle ",0,"No ","Metropolitian ","Cloudy","Jam ",1
"1/03/2022","19:45:00","20:00:00",33,"Meal ",24,4.3,16,"scooter ",1,"No ","Metropolitian ","Fog","Jam ",0
"4/03/2022","20:35:00","20:45:00",23,"Drinks ",23,4.7,18,"motorcycle ",1,"No ","Metropolitian ","Windy","Jam ",1
"9/03/2022","9:35:00","9:45:00",27,"Meal ",34,4.9,21,"motorcycle ",2,"No ","Metropolitian ","Stormy","Low ",1
"19/03/2022","21:15:00","21:25:00",24,"Snack ",24,4.8,9,"scooter ",1,"No ","Metropolitian ","Cloudy","Jam ",1
"9/03/2022","18:30:00","18:35:00",23,"Drinks ",39,5,12,"motorcycle ",0,"No ","Metropolitian ","Sunny","Medium ",0
"24/03/2022","8:25:00","8:30:00",21,"Meal ",38,4.2,3,"motorcycle ",0,"No ","Urban ","Stormy","Low ",1
"24/03/2022","16:45:00","17:00:00",18,"Snack ",29,4.8,13,"scooter ",1,"No ","Metropolitian ","Fog","Medium ",0
"2/04/2022","21:25:00","21:40:00",47,"Snack ",39,4.3,5,"motorcycle ",0,"Yes ","Metropolitian ","Stormy","Jam ",2
"11/02/2022","10:55:00","11:05:00",18,"Drinks ",33,4.9,23,"motorcycle ",2,"No ","Urban ","Cloudy","Low ",0
"24/03/2022","17:50:00","18:05:00",28,"Meal ",24,4.5,3,"scooter ",2,"No ","Urban ","Sandstorms","Medium ",0
"2/04/2022","22:55:00","23:05:00",29,"Meal ",22,4.6,15,"motorcycle ",2,"No ","Metropolitian ","Fog","Low ",1
"18/03/2022","19:30:00","19:35:00",18,"Buffet ",28,4.9,2,"scooter ",2,"No ","Metropolitian ","Windy","Jam ",1
"10/03/2022","18:25:00","18:30:00",32,"Buffet ",22,4.9,18,"motorcycle ",1,"No ","Urban ","Cloudy","Medium ",1
"2/03/2022","18:10:00","18:25:00",26,"Drinks ",32,4.6,15,"motorcycle ",0,"No ","Metropolitian ","Sunny","Medium ",1
"21/03/2022","19:30:00","19:35:00",25,"Buffet ",24,4.9,18,"scooter ",1,"No ","Metropolitian ","Fog","Jam ",0
"6/03/2022","18:20:00","18:25:00",35,"Snack ",39,3.9,9,"motorcycle ",1,"No ","Metropolitian ","Stormy","Medium ",1
"31/03/2022","22:30:00","22:35:00",29,"Snack ",35,4.8,6,"scooter ",2,"No ","Metropolitian ","Sunny","Low ",1
"15/02/2022","17:30:00","17:45:00",16,"Buffet ",33,4.9,6,"scooter ",1,"No ","Metropolitian ","Fog","Medium ",0
"18/02/2022","18:50:00","19:05:00",30,"Drinks ",30,4.8,4,"motorcycle ",2,"No ","Metropolitian ","Fog","Medium ",1
"15/02/2022","12:00:00","12:05:00",29,"Snack ",34,4.9,9,"scooter ",2,"No ","Metropolitian ","Stormy","High ",1
"17/03/2022","17:40:00","17:50:00",25,"Meal ",35,4.7,15,"motorcycle ",1,"No ","Metropolitian ","Stormy","Medium ",1
"3/03/2022","8:20:00","8:30:00",19,"Meal ",21,5,15,"motorcycle ",0,"No ","Metropolitian ","Fog","Low ",0
"18/02/2022","20:00:00","20:15:00",38,"Meal ",37,4.9,4,"scooter ",1,"No ","Metropolitian ","Fog","Jam ",1
"12/03/2022","23:55:00","0:10:00",12,"Buffet ",29,4.8,23,"scooter ",1,"No ","Urban ","Windy","Low ",1
"11/03/2022","23:25:00","23:40:00",24,"Drinks ",30,4,1,"motorcycle ",0,"No ","Metropolitian ","Stormy","Low ",0
"12/03/2022","23:00:00","23:15:00",26,"Drinks ",34,4.7,13,"scooter ",2,"No ","Metropolitian ","Sunny","Low ",1
"5/04/2022","11:15:00","11:25:00",13,"Buffet ",27,4.8,19,"electric_scooter ",2,"No ","Urban ","Sandstorms","High ",1
"23/03/2022","20:55:00","21:05:00",37,"Snack ",33,4.3,3,"motorcycle ",1,"No ","Metropolitian ","Stormy","Jam ",1
"16/03/2022","21:40:00","21:50:00",21,"Meal ",20,4.8,23,"scooter ",2,"No ","Metropolitian ","Windy","Jam ",1
"25/03/2022","21:45:00","21:55:00",38,"Meal ",28,4.6,4,"motorcycle ",1,"No ","Metropolitian ","Fog","Jam ",2
"4/03/2022","17:50:00","18:00:00",44,"Buffet ",34,4.8,22,"motorcycle ",0,"No ","Metropolitian ","Stormy","Medium ",1
"11/02/2022","10:10:00","10:15:00",24,"Drinks ",21,4.8,6,"motorcycle ",0,"No ","Metropolitian ","Stormy","Low ",1
"12/03/2022","18:35:00","18:40:00",30,"Buffet ",32,4.5,23,"motorcycle ",0,"No ","Metropolitian ","Stormy","Medium ",1
"16/03/2022","20:15:00","20:30:00",26,"Buffet ",30,4.8,21,"scooter ",2,"No ","Metropolitian ","Sunny","Jam ",1
"14/03/2022","20:45:00","20:55:00",16,"Meal ",20,4.8,16,"scooter ",1,"No ","Metropolitian ","Sunny","Jam ",0
"18/02/2022","22:25:00","22:40:00",42,"Meal ",34,4,12,"motorcycle ",0,"No ","Metropolitian ","Stormy","Low ",0
"13/02/2022","13:25:00","13:30:00",18,"Drinks ",29,4.5,3,"motorcycle ",2,"No ","Metropolitian ","Windy","High ",1
"7/03/2022","20:40:00","20:45:00",16,"Drinks ",25,4.8,19,"scooter ",1,"No ","Urban ","Stormy","Jam ",0
"25/03/2022","21:40:00","21:55:00",48,"Drinks ",39,4.2,3,"scooter ",1,"No ","Urban ","Cloudy","Jam ",0
"10/03/2022","22:35:00","22:40:00",23,"Snack ",36,4.9,13,"motorcycle ",2,"No ","Metropolitian ","Windy","Low ",1
"18/02/2022","17:15:00","17:25:00",49,"Drinks ",30,4.8,5,"motorcycle ",0,"No ","Metropolitian ","Sandstorms","Medium ",1
"18/03/2022","23:20:00","23:35:00",15,"Snack ",25,4.6,21,"scooter ",2,"No ","Urban ","Stormy","Low ",0
"18/03/2022","18:15:00","18:20:00",35,"Drinks ",39,4.4,23,"motorcycle ",0,"No ","Metropolitian ","Sunny","Medium ",1
"19/03/2022","18:55:00","19:10:00",31,"Meal ",37,4.4,23,"motorcycle ",1,"No ","Metropolitian ","Sandstorms","Medium ",1
"6/04/2022","17:20:00","17:25:00",39,"Buffet ",39,4.6,15,"motorcycle ",0,"No ","Metropolitian ","Fog","Medium ",1
"23/03/2022","23:40:00","23:45:00",22,"Snack ",31,4.9,13,"motorcycle ",0,"No ","Metropolitian ","Sandstorms","Low ",1
"10/03/2022","21:50:00","22:05:00",26,"Buffet ",28,4.9,23,"motorcycle ",2,"No ","Metropolitian ","Sandstorms","Jam ",0
"14/03/2022","19:10:00","19:25:00",49,"Drinks ",34,4.4,16,"scooter ",1,"No ","Metropolitian ","Fog","Jam ",0
"21/03/2022","10:30:00","10:45:00",23,"Snack ",37,4.5,22,"motorcycle ",0,"No ","Metropolitian ","Sandstorms","Low ",0
"12/02/2022","21:25:00","21:30:00",36,"Buffet ",28,4.9,2,"motorcycle ",0,"No ","Metropolitian ","Stormy","Jam ",0
"4/03/2022","17:35:00","17:50:00",10,"Snack ",22,4.8,17,"motorcycle ",1,"No ","Urban ","Sunny","Medium ",1
"8/03/2022","19:20:00","19:35:00",21,"Buffet ",20,4.8,23,"motorcycle ",1,"No ","Urban ","Stormy","Jam ",0
"1/04/2022","16:55:00","17:10:00",29,"Buffet ",39,4.7,4,"scooter ",2,"No ","Metropolitian ","Stormy","Medium ",0
"24/03/2022","15:15:00","15:25:00",23,"Buffet ",22,4.7,16,"scooter ",2,"No ","Metropolitian ","Windy","Medium ",1
"2/03/2022","19:10:00","19:20:00",41,"Snack ",23,4.9,14,"motorcycle ",2,"Yes ","Metropolitian ","Fog","Jam ",1
"18/03/2022","17:50:00","18:05:00",13,"Snack ",27,4.5,11,"motorcycle ",1,"No ","Metropolitian ","Sunny","Medium ",0
"26/03/2022","8:20:00","8:25:00",24,"Drinks ",25,4.8,21,"motorcycle ",0,"No ","Metropolitian ","Cloudy","Low ",1
"8/03/2022","19:20:00","19:30:00",40,"Snack ",39,4,3,"scooter ",1,"No ","Metropolitian ","Fog","Jam ",2
"21/03/2022","20:15:00","20:20:00",33,"Drinks ",35,5,3,"scooter ",1,"No ","Metropolitian ","Windy","Jam ",1
"18/03/2022","20:55:00","21:00:00",30,"Snack ",29,4.5,2,"scooter ",2,"No ","Urban ","Cloudy","Jam ",1
"15/02/2022","16:00:00","16:10:00",17,"Snack ",31,4.6,9,"motorcycle ",1,"No ","Metropolitian ","Sunny","Medium ",1
"28/03/2022","18:40:00","18:50:00",27,"Buffet ",34,4.7,13,"electric_scooter ",2,"No ","Metropolitian ","Stormy","Medium ",0
"8/03/2022","17:50:00","17:55:00",18,"Meal ",24,4.7,21,"electric_scooter ",2,"No ","Urban ","Stormy","Medium ",1
"5/04/2022","17:45:00","17:50:00",24,"Meal ",29,4.9,15,"electric_scooter ",2,"No ","Metropolitian ","Sandstorms","Medium ",1
"1/03/2022","22:35:00","22:45:00",11,"Snack ",21,5,18,"motorcycle ",0,"No ","Metropolitian ","Sunny","Low ",0
"16/02/2022","20:00:00","20:05:00",39,"Snack ",37,3.7,19,"scooter ",2,"No ","Metropolitian ","Windy","Jam ",1
"17/02/2022","21:25:00","21:30:00",29,"Meal ",26,4.9,5,"scooter ",2,"No ","Metropolitian ","Sandstorms","Jam ",1
"16/02/2022","23:50:00","23:55:00",17,"Drinks ",30,4.9,2,"scooter ",2,"No ","Metropolitian ","Sandstorms","Low ",1
"15/02/2022","12:10:00","12:15:00",21,"Drinks ",25,4.8,5,"motorcycle ",2,"No ","Metropolitian ","Stormy","High ",0
"6/03/2022","22:45:00","22:50:00",24,"Drinks ",24,4.5,23,"motorcycle ",0,"No ","Metropolitian ","Fog","Low ",0
"5/04/2022","17:55:00","18:05:00",28,"Meal ",38,4.6,23,"motorcycle ",1,"No ","Urban ","Windy","Medium ",1
"21/03/2022","23:30:00","23:35:00",28,"Buffet ",30,4.9,23,"scooter ",1,"No ","Metropolitian ","Stormy","Low ",1
"8/03/2022","17:50:00","18:05:00",32,"Meal ",28,4.8,14,"motorcycle ",0,"No ","Metropolitian ","Sunny","Medium ",1
"3/03/2022","17:00:00","17:10:00",28,"Buffet ",33,4.8,18,"scooter ",1,"No ","Urban ","Windy","Medium ",0
"7/03/2022","11:15:00","11:30:00",33,"Drinks ",38,4.2,9,"scooter ",1,"No ","Metropolitian ","Sunny","High ",0
"5/04/2022","9:10:00","9:25:00",17,"Meal ",23,4.5,17,"motorcycle ",0,"No ","Urban ","Sunny","Low ",0
"26/03/2022","23:40:00","23:50:00",25,"Drinks ",36,4.8,17,"electric_scooter ",2,"No ","Metropolitian ","Sandstorms","Low ",1
"21/03/2022","11:20:00","11:30:00",26,"Meal ",37,4.6,15,"scooter ",1,"No ","Urban ","Fog","High ",1
"31/03/2022","22:50:00","22:55:00",18,"Drinks ",34,4.5,22,"motorcycle ",1,"No ","Metropolitian ","Sandstorms","Low ",0
"20/03/2022","22:40:00","22:45:00",23,"Drinks ",22,4.6,9,"motorcycle ",0,"No ","Metropolitian ","Sandstorms","Low ",0
"6/03/2022","22:20:00","22:30:00",39,"Meal ",37,4.7,21,"motorcycle ",0,"No ","Metropolitian ","Sunny","Low ",1
"10/03/2022","20:40:00","20:55:00",38,"Snack ",21,4.4,16,"motorcycle ",0,"No ","Metropolitian ","Windy","Jam ",1
"17/03/2022","22:40:00","22:55:00",18,"Drinks ",26,4.7,21,"motorcycle ",0,"No ","Metropolitian ","Sunny","Low ",1
"18/02/2022","18:20:00","18:30:00",26,"Snack ",23,4.9,4,"electric_scooter ",2,"No ","Metropolitian ","Fog","Medium ",0
"5/03/2022","11:20:00","11:25:00",19,"Buffet ",29,4.7,23,"motorcycle ",1,"No ","Metropolitian ","Windy","High ",1
"16/02/2022","18:20:00","18:35:00",25,"Buffet ",27,4.6,3,"scooter ",1,"No ","Metropolitian ","Windy","Medium ",1
"4/03/2022","21:55:00","22:05:00",26,"Snack ",21,4.8,23,"motorcycle ",0,"No ","Urban ","Stormy","Jam ",1
"11/03/2022","10:15:00","10:20:00",12,"Meal ",27,4.9,23,"scooter ",1,"No ","Metropolitian ","Windy","Low ",0
"30/03/2022","18:20:00","18:35:00",28,"Snack ",39,4.9,13,"motorcycle ",0,"No ","Metropolitian ","Sunny","Medium ",0
"16/03/2022","23:00:00","23:15:00",20,"Drinks ",39,4.6,19,"motorcycle ",1,"No ","Metropolitian ","Windy","Low ",1
"8/03/2022","18:25:00","18:40:00",25,"Meal ",28,4.5,23,"scooter ",2,"No ","Metropolitian ","Windy","Medium ",1
"2/04/2022","17:20:00","17:35:00",15,"Snack ",21,4.7,23,"scooter ",1,"No ","Metropolitian ","Stormy","Medium ",1
"11/02/2022","21:15:00","21:20:00",32,"Snack ",35,4.7,7,"motorcycle ",1,"No ","Metropolitian ","Sandstorms","Jam ",0
"11/02/2022","9:40:00","9:55:00",11,"Drinks ",28,4.6,9,"electric_scooter ",2,"No ","Metropolitian ","Sandstorms","Low ",0
"3/03/2022","11:50:00","11:55:00",26,"Meal ",35,5,17,"motorcycle ",2,"No ","Metropolitian ","Sandstorms","High ",1
"6/03/2022","17:25:00","17:35:00",22,"Drinks ",29,4.6,22,"motorcycle ",1,"No ","Urban ","Stormy","Medium ",0
"31/03/2022","17:25:00","17:40:00",24,"Snack ",22,4.6,22,"scooter ",2,"No ","Metropolitian ","Windy","Medium ",1
"16/03/2022","19:00:00","19:05:00",28,"Meal ",33,5,17,"electric_scooter ",2,"No ","Metropolitian ","Sandstorms","Medium ",1
"3/04/2022","19:50:00","19:55:00",47,"Drinks ",29,4.2,8,"motorcycle ",0,"No ","Metropolitian ","Sunny","Jam ",2
"13/02/2022","18:35:00","18:45:00",17,"Snack ",28,4.8,7,"motorcycle ",0,"No ","Metropolitian ","Windy","Medium ",0
"30/03/2022","19:00:00","19:10:00",26,"Buffet ",22,5,23,"scooter ",2,"No ","Metropolitian ","Windy","Medium ",1
"3/04/2022","13:45:00","13:50:00",31,"Buffet ",36,4.9,17,"motorcycle ",1,"No ","Urban ","Stormy","High ",1
"13/02/2022","18:15:00","18:30:00",28,"Meal ",30,5,9,"electric_scooter ",2,"No ","Metropolitian ","Sandstorms","Medium ",0
"1/03/2022","22:20:00","22:30:00",18,"Drinks ",35,4.8,22,"motorcycle ",2,"No ","Metropolitian ","Fog","Low ",1
"16/02/2022","19:15:00","19:30:00",51,"Meal ",32,4.8,3,"motorcycle ",0,"No ","Metropolitian ","Stormy","Jam ",3
"3/03/2022","21:35:00","21:45:00",27,"Snack ",30,4.7,12,"scooter ",2,"No ","Metropolitian ","Stormy","Jam ",1
"7/03/2022","19:55:00","20:00:00",42,"Buffet ",26,3.7,1,"motorcycle ",0,"No ","Urban ","Stormy","Jam ",1
"13/03/2022","8:10:00","8:15:00",27,"Drinks ",35,4.7,18,"electric_scooter ",2,"No ","Metropolitian ","Stormy","Low ",0
"31/03/2022","19:20:00","19:30:00",36,"Drinks ",23,4.7,3,"scooter ",2,"No ","Metropolitian ","Fog","Jam ",1
"23/03/2022","23:40:00","23:50:00",38,"Drinks ",30,4.3,4,"motorcycle ",0,"No ","Urban ","Fog","Low ",0
"18/03/2022","18:25:00","18:40:00",39,"Meal ",39,4.2,12,"motorcycle ",0,"No ","Metropolitian ","Sandstorms","Medium ",1
"3/04/2022","10:10:00","10:15:00",19,"Snack ",33,4.8,21,"scooter ",1,"No ","Metropolitian ","Sunny","Low ",1
"1/04/2022","17:15:00","17:30:00",23,"Meal ",26,4.6,18,"motorcycle ",0,"No ","Metropolitian ","Fog","Medium ",1
"12/02/2022","17:45:00","17:55:00",37,"Drinks ",32,4.1,13,"motorcycle ",2,"No ","Metropolitian ","Fog","Medium ",0
"6/03/2022","18:35:00","18:40:00",14,"Snack ",29,4.6,22,"scooter ",1,"No ","Urban ","Stormy","Medium ",1
"1/03/2022","10:00:00","10:10:00",28,"Meal ",35,4.7,18,"scooter ",1,"No ","Metropolitian ","Windy","Low ",0
"16/02/2022","22:25:00","22:30:00",21,"Snack ",35,4.7,3,"motorcycle ",1,"No ","Metropolitian ","Sunny","Low ",1
"4/04/2022","19:40:00","19:55:00",17,"Drinks ",28,4.9,19,"scooter ",2,"No ","Metropolitian ","Sandstorms","Jam ",0
"15/02/2022","10:20:00","10:30:00",10,"Snack ",31,4.8,4,"scooter ",1,"No ","Metropolitian ","Sunny","Low ",1
"26/03/2022","17:25:00","17:35:00",29,"Snack ",38,4.9,9,"motorcycle ",1,"No ","Metropolitian ","Windy","Medium ",0
"1/03/2022","9:50:00","9:55:00",23,"Drinks ",33,4.6,21,"scooter ",1,"No ","Metropolitian ","Windy","Low ",1
"23/03/2022","17:40:00","17:50:00",30,"Buffet ",34,4.6,16,"motorcycle ",0,"No ","Urban ","Windy","Medium ",1
"2/04/2022","18:25:00","18:40:00",11,"Meal ",21,4.9,22,"motorcycle ",2,"No ","Urban ","Sunny","Medium ",1
"6/03/2022","19:20:00","19:30:00",30,"Buffet ",27,4.7,18,"motorcycle ",0,"No ","Metropolitian ","Sunny","Jam ",1
"15/02/2022","21:10:00","21:20:00",19,"Meal ",28,4.8,3,"motorcycle ",0,"No ","Metropolitian ","Sandstorms","Jam ",0
"7/03/2022","17:20:00","17:25:00",16,"Buffet ",21,4.5,3,"motorcycle ",0,"No ","Urban ","Stormy","Medium ",1
"18/02/2022","18:55:00","19:10:00",37,"Drinks ",26,4.6,9,"motorcycle ",0,"No ","Metropolitian ","Fog","Medium ",1
"2/04/2022","19:50:00","19:55:00",12,"Snack ",29,4.9,19,"motorcycle ",1,"No ","Urban ","Sunny","Jam ",1
"20/03/2022","17:10:00","17:15:00",26,"Snack ",25,4.7,17,"scooter ",1,"No ","Urban ","Windy","Medium ",1
"4/03/2022","17:50:00","18:00:00",31,"Buffet ",20,4.2,2,"motorcycle ",1,"No ","Metropolitian ","Fog","Medium ",0
"12/02/2022","18:45:00","19:00:00",39,"Buffet ",28,4.1,18,"motorcycle ",0,"No ","Metropolitian ","Stormy","Medium ",1
"15/02/2022","22:45:00","22:55:00",19,"Drinks ",29,4.6,6,"motorcycle ",2,"No ","Metropolitian ","Sandstorms","Low ",1
"1/04/2022","9:15:00","9:20:00",18,"Meal ",21,4.9,21,"scooter ",1,"No ","Urban ","Sunny","Low ",1
"30/03/2022","20:40:00","20:50:00",26,"Drinks ",34,5,23,"scooter ",1,"No ","Metropolitian ","Sandstorms","Jam ",1
"7/03/2022","23:35:00","23:50:00",27,"Buffet ",38,4.6,13,"scooter ",1,"No ","Metropolitian ","Windy","Low ",1
"13/03/2022","22:10:00","22:20:00",18,"Meal ",39,4.5,23,"scooter ",1,"No ","Metropolitian ","Cloudy","Low ",1
"18/03/2022","19:00:00","19:05:00",24,"Meal ",32,4.9,21,"scooter ",1,"No ","Urban ","Sunny","Medium ",1
"17/03/2022","20:25:00","20:35:00",29,"Drinks ",36,4.9,17,"scooter ",1,"No ","Metropolitian ","Windy","Jam ",1
"2/03/2022","18:40:00","18:50:00",15,"Meal ",28,4.9,17,"motorcycle ",1,"No ","Metropolitian ","Windy","Medium ",1
"28/03/2022","22:15:00","22:25:00",22,"Meal ",36,5,22,"scooter ",2,"No ","Urban ","Sandstorms","Low ",1
"16/02/2022","22:20:00","22:35:00",29,"Buffet ",33,4.6,4,"motorcycle ",1,"No ","Metropolitian ","Sunny","Low ",1
"27/03/2022","23:55:00","0:00:00",17,"Buffet ",29,4.9,13,"motorcycle ",1,"No ","Metropolitian ","Stormy","Low ",0
"21/03/2022","8:25:00","8:40:00",19,"Drinks ",30,5,14,"electric_scooter ",2,"No ","Metropolitian ","Sunny","Low ",1
"18/02/2022","19:15:00","19:25:00",49,"Drinks ",25,4.8,6,"motorcycle ",0,"Yes ","Metropolitian ","Sandstorms","Jam ",1
"17/02/2022","20:30:00","20:40:00",13,"Buffet ",21,4.7,2,"scooter ",2,"No ","Metropolitian ","Fog","Jam ",1
"18/03/2022","22:00:00","22:15:00",45,"Meal ",38,4.4,12,"motorcycle ",2,"No ","Metropolitian ","Cloudy","Jam ",1
"26/03/2022","10:45:00","10:55:00",18,"Buffet ",31,4.6,15,"scooter ",2,"No ","Metropolitian ","Cloudy","Low ",0
"17/02/2022","12:15:00","12:25:00",28,"Buffet ",35,4.8,6,"scooter ",2,"No ","Metropolitian ","Sandstorms","High ",1
"3/03/2022","14:45:00","14:50:00",39,"Meal ",33,4.1,3,"motorcycle ",1,"No ","Metropolitian ","Fog","High ",2
"19/03/2022","17:15:00","17:30:00",21,"Buffet ",29,4.7,13,"motorcycle ",0,"No ","Metropolitian ","Fog","Medium ",0
"13/03/2022","10:10:00","10:15:00",13,"Drinks ",33,5,17,"electric_scooter ",2,"No ","Metropolitian ","Sunny","Low ",0
"13/02/2022","11:15:00","11:20:00",24,"Drinks ",29,4.7,8,"motorcycle ",1,"No ","Metropolitian ","Stormy","High ",1
"4/03/2022","20:40:00","20:50:00",35,"Snack ",30,4.1,6,"scooter ",2,"No ","Metropolitian ","Stormy","Jam ",1
"1/04/2022","18:00:00","18:10:00",29,"Snack ",34,4.8,13,"scooter ",1,"No ","Metropolitian ","Windy","Medium ",1
"15/02/2022","22:20:00","22:30:00",21,"Drinks ",32,4.3,7,"motorcycle ",0,"No ","Metropolitian ","Sandstorms","Low ",0
"1/04/2022","19:40:00","19:45:00",30,"Buffet ",36,4.7,17,"electric_scooter ",2,"No ","Urban ","Fog","Jam ",0
"19/03/2022","12:00:00","12:05:00",25,"Snack ",38,5,13,"motorcycle ",0,"No ","Metropolitian ","Cloudy","High ",0
"4/04/2022","17:30:00","17:35:00",40,"Buffet ",35,4,2,"motorcycle ",0,"No ","Metropolitian ","Windy","Medium ",1
"7/03/2022","20:00:00","20:05:00",23,"Buffet ",29,4.5,4,"motorcycle ",0,"No ","Urban ","Stormy","Jam ",1
"2/03/2022","20:20:00","20:25:00",31,"Snack ",27,4.6,21,"scooter ",2,"No ","Metropolitian ","Fog","Jam ",1
"14/02/2022","18:20:00","18:35:00",26,"Drinks ",31,4.5,2,"motorcycle ",0,"No ","Urban ","Sunny","Medium ",1
"5/04/2022","13:20:00","13:25:00",23,"Buffet ",33,4.7,19,"scooter ",1,"No ","Metropolitian ","Sunny","High ",1
"19/03/2022","8:35:00","8:50:00",22,"Snack ",39,4.2,1,"motorcycle ",0,"No ","Metropolitian ","Windy","Low ",1
"14/03/2022","21:40:00","21:55:00",27,"Snack ",35,4.7,22,"scooter ",2,"No ","Metropolitian ","Sunny","Jam ",0
"17/03/2022","10:10:00","10:25:00",23,"Drinks ",31,4.9,18,"motorcycle ",0,"No ","Urban ","Fog","Low ",0
"6/03/2022","22:50:00","23:00:00",24,"Snack ",34,4.7,22,"scooter ",1,"No ","Urban ","Stormy","Low ",1
"25/03/2022","21:35:00","21:40:00",30,"Snack ",31,4.8,23,"scooter ",2,"No ","Urban ","Sandstorms","Jam ",1
"16/03/2022","23:45:00","0:00:00",39,"Drinks ",35,4.5,9,"scooter ",2,"No ","Metropolitian ","Fog","Low ",1
"3/03/2022","17:45:00","17:55:00",19,"Drinks ",37,4.7,16,"motorcycle ",2,"No ","Urban ","Sunny","Medium ",0
"30/03/2022","21:40:00","21:55:00",44,"Buffet ",39,4,11,"motorcycle ",0,"No ","Metropolitian ","Windy","Jam ",1
"3/03/2022","10:45:00","10:50:00",29,"Meal ",33,4.6,13,"motorcycle ",0,"No ","Metropolitian ","Stormy","Low ",0
"5/03/2022","11:40:00","11:50:00",32,"Snack ",32,4.3,3,"motorcycle ",1,"No ","Urban ","Stormy","High ",0
"12/03/2022","19:45:00","19:50:00",53,"Buffet ",31,4.2,2,"motorcycle ",0,"No ","Semi-Urban ","Stormy","Jam ",1
"13/03/2022","19:30:00","19:35:00",29,"Snack ",29,4.7,17,"scooter ",2,"No ","Metropolitian ","Stormy","Jam ",1
"29/03/2022","21:25:00","21:40:00",19,"Meal ",26,4.8,4,"electric_scooter ",2,"No ","Urban ","Windy","Jam ",0
"8/03/2022","20:30:00","20:40:00",49,"Meal ",36,4.1,1,"scooter ",1,"No ","Metropolitian ","Fog","Jam ",0
"6/03/2022","23:50:00","0:05:00",42,"Meal ",34,4.6,9,"motorcycle ",0,"Yes ","Metropolitian ","Sunny","Low ",1
"8/03/2022","21:10:00","21:20:00",41,"Meal ",38,4.2,8,"motorcycle ",1,"No ","Metropolitian ","Sandstorms","Jam ",1
"5/03/2022","19:25:00","19:30:00",29,"Meal ",28,4.5,15,"motorcycle ",0,"No ","Metropolitian ","Windy","Jam ",1
"10/03/2022","22:30:00","22:35:00",22,"Meal ",39,4.5,1,"motorcycle ",0,"No ","Urban ","Sandstorms","Low ",1
"20/03/2022","19:55:00","20:10:00",50,"Buffet ",39,4.2,1,"motorcycle ",0,"No ","Urban ","Sandstorms","Jam ",3
"12/02/2022","22:40:00","22:55:00",18,"Snack ",35,4.6,2,"motorcycle ",2,"No ","Metropolitian ","Stormy","Low ",0
"1/03/2022","13:50:00","14:00:00",28,"Snack ",29,4.7,23,"scooter ",2,"No ","Metropolitian ","Windy","High ",1
"9/03/2022","12:10:00","12:25:00",29,"Snack ",25,4.9,9,"motorcycle ",0,"No ","Metropolitian ","Stormy","High ",0
"12/03/2022","19:40:00","19:45:00",20,"Meal ",24,4.6,12,"motorcycle ",1,"No ","Metropolitian ","Sandstorms","Jam ",0
"27/03/2022","22:20:00","22:35:00",28,"Buffet ",32,5,23,"scooter ",2,"No ","Metropolitian ","Stormy","Low ",0
"12/03/2022","23:35:00","23:40:00",21,"Drinks ",37,4.7,19,"scooter ",2,"No ","Urban ","Stormy","Low ",1
"9/03/2022","8:25:00","8:30:00",26,"Buffet ",22,4.4,23,"motorcycle ",0,"No ","Metropolitian ","Stormy","Low ",1
"15/03/2022","9:25:00","9:35:00",17,"Buffet ",29,4.9,23,"motorcycle ",1,"No ","Urban ","Sunny","Low ",1
"3/04/2022","16:35:00","16:40:00",31,"Snack ",36,4.6,3,"scooter ",1,"No ","Metropolitian ","Windy","Medium ",1
"11/02/2022","11:55:00","12:00:00",28,"Drinks ",36,4.7,6,"electric_scooter ",2,"No ","Metropolitian ","Stormy","High ",1
"14/02/2022","21:55:00","22:00:00",43,"Meal ",35,4.3,6,"electric_scooter ",2,"No ","Metropolitian ","Windy","Jam ",1
"1/03/2022","19:10:00","19:15:00",20,"Buffet ",26,4.5,12,"scooter ",2,"No ","Metropolitian ","Stormy","Jam ",1
"24/03/2022","11:25:00","11:30:00",33,"Drinks ",32,4.2,2,"motorcycle ",1,"No ","Metropolitian ","Cloudy","High ",1
"29/03/2022","22:35:00","22:50:00",38,"Drinks ",36,3.6,13,"scooter ",2,"No ","Metropolitian ","Fog","Low ",1
"25/03/2022","17:25:00","17:35:00",42,"Meal ",20,4.9,4,"motorcycle ",0,"No ","Metropolitian ","Fog","Medium ",1
"15/03/2022","16:15:00","16:20:00",19,"Buffet ",31,4.8,19,"motorcycle ",2,"No ","Metropolitian ","Cloudy","Medium ",0
"3/03/2022","22:10:00","22:20:00",19,"Buffet ",26,4.9,23,"motorcycle ",1,"No ","Metropolitian ","Stormy","Low ",1
"20/03/2022","20:00:00","20:15:00",44,"Meal ",34,4.9,3,"motorcycle ",1,"No ","Metropolitian ","Cloudy","Jam ",2
"7/03/2022","10:30:00","10:35:00",18,"Drinks ",24,4.8,22,"scooter ",1,"No ","Urban ","Stormy","Low ",0
"30/03/2022","9:45:00","9:50:00",16,"Drinks ",33,4.7,3,"motorcycle ",2,"No ","Urban ","Sunny","Low ",0
"9/03/2022","18:35:00","18:40:00",18,"Meal ",39,4.8,23,"scooter ",1,"No ","Metropolitian ","Sunny","Medium ",0
"24/03/2022","23:30:00","23:35:00",14,"Snack ",36,4.8,22,"scooter ",1,"No ","Metropolitian ","Sunny","Low ",0
"14/02/2022","18:30:00","18:40:00",25,"Snack ",25,4.7,4,"scooter ",1,"No ","Metropolitian ","Windy","Medium ",1
"4/04/2022","20:50:00","21:00:00",26,"Snack ",36,4.7,22,"electric_scooter ",2,"No ","Metropolitian ","Sunny","Jam ",1
"31/03/2022","19:10:00","19:25:00",38,"Drinks ",25,4.9,4,"motorcycle ",0,"No ","Metropolitian ","Cloudy","Jam ",2
"7/03/2022","9:20:00","9:25:00",24,"Snack ",28,4.8,19,"motorcycle ",0,"No ","Urban ","Sandstorms","Low ",0
"2/03/2022","19:20:00","19:35:00",25,"Meal ",26,4.8,22,"motorcycle ",2,"No ","Urban ","Sandstorms","Jam ",1
"3/04/2022","19:55:00","20:05:00",29,"Buffet ",39,4.7,2,"motorcycle ",0,"No ","Metropolitian ","Fog","Jam ",1
"30/03/2022","23:10:00","23:15:00",12,"Meal ",22,4.8,13,"scooter ",1,"No ","Metropolitian ","Sandstorms","Low ",1
"30/03/2022","9:45:00","10:00:00",11,"Snack ",22,4.9,9,"scooter ",2,"No ","Metropolitian ","Cloudy","Low ",0
"14/02/2022","21:10:00","21:25:00",37,"Meal ",22,5,5,"motorcycle ",0,"No ","Metropolitian ","Fog","Jam ",1
"13/03/2022","8:10:00","8:25:00",19,"Snack ",30,4.8,15,"scooter ",2,"No ","Metropolitian ","Sunny","Low ",1
"29/03/2022","22:25:00","22:30:00",11,"Buffet ",20,4.9,3,"scooter ",2,"No ","Urban ","Stormy","Low ",0
"28/03/2022","23:00:00","23:10:00",18,"Meal ",24,4.7,22,"motorcycle ",2,"No ","Metropolitian ","Stormy","Low ",0
"2/04/2022","22:40:00","22:45:00",18,"Meal ",27,4.6,17,"motorcycle ",0,"No ","Urban ","Stormy","Low ",0
"20/03/2022","18:45:00","18:50:00",25,"Meal ",32,5,16,"scooter ",2,"No ","Metropolitian ","Windy","Medium ",1
"6/03/2022","19:40:00","19:55:00",29,"Snack ",27,4.6,21,"scooter ",1,"No ","Metropolitian ","Windy","Jam ",1
"24/03/2022","14:55:00","15:10:00",26,"Buffet ",36,4.8,18,"scooter ",2,"No ","Metropolitian ","Stormy","High ",0
"18/02/2022","19:10:00","19:25:00",43,"Meal ",31,5,5,"motorcycle ",0,"No ","Metropolitian ","Sandstorms","Jam ",1
"3/03/2022","11:30:00","11:45:00",26,"Meal ",34,4.7,22,"scooter ",1,"No ","Metropolitian ","Sandstorms","High ",1
"18/02/2022","23:35:00","23:45:00",26,"Buffet ",23,4.7,5,"scooter ",1,"No ","Metropolitian ","Fog","Low ",1
"21/03/2022","18:30:00","18:35:00",24,"Buffet ",27,4.7,23,"motorcycle ",0,"No ","Metropolitian ","Fog","Medium ",0
"17/02/2022","17:40:00","17:45:00",12,"Drinks ",24,4.7,15,"scooter ",1,"No ","Urban ","Sunny","Medium ",1
"3/03/2022","19:45:00","20:00:00",29,"Snack ",34,5,22,"motorcycle ",2,"No ","Metropolitian ","Stormy","Jam ",1
"12/03/2022","17:55:00","18:05:00",32,"Snack ",26,4.6,9,"motorcycle ",1,"No ","Metropolitian ","Cloudy","Medium ",0
"7/03/2022","16:20:00","16:30:00",19,"Drinks ",34,4.9,13,"motorcycle ",1,"No ","Metropolitian ","Fog","Medium ",0
"23/03/2022","17:10:00","17:15:00",37,"Drinks ",30,5,4,"motorcycle ",0,"No ","Metropolitian ","Stormy","Medium ",1
"28/03/2022","17:20:00","17:30:00",19,"Snack ",28,4.8,12,"motorcycle ",0,"No ","Metropolitian ","Sunny","Medium ",1
"12/03/2022","22:20:00","22:30:00",19,"Snack ",36,4.8,16,"scooter ",1,"No ","Metropolitian ","Sandstorms","Low ",0
"12/02/2022","23:30:00","23:45:00",12,"Buffet ",22,4.8,23,"scooter ",1,"No ","Urban ","Sandstorms","Low ",0
"13/02/2022","21:40:00","21:50:00",32,"Drinks ",38,5,4,"motorcycle ",0,"No ","Metropolitian ","Stormy","Jam ",1
"5/04/2022","20:25:00","20:35:00",33,"Meal ",31,5,18,"scooter ",2,"No ","Urban ","Fog","Jam ",1
"30/03/2022","11:45:00","11:55:00",36,"Buffet ",35,4.6,4,"scooter ",1,"No ","Metropolitian ","Fog","High ",1
"7/03/2022","23:50:00","0:00:00",21,"Buffet ",28,4.1,2,"motorcycle ",0,"No ","Metropolitian ","Windy","Low ",0
"15/02/2022","9:10:00","9:20:00",16,"Meal ",27,4.6,22,"scooter ",1,"No ","Urban ","Windy","Low ",0
"19/03/2022","23:40:00","23:55:00",16,"Drinks ",26,5,17,"scooter ",1,"No ","Urban ","Stormy","Low ",1
"13/03/2022","12:40:00","12:50:00",13,"Drinks ",24,4.7,17,"scooter ",1,"No ","Urban ","Sunny","High ",0
"26/03/2022","12:40:00","12:50:00",21,"Drinks ",21,4.6,9,"motorcycle ",0,"No ","Metropolitian ","Cloudy","High ",1
"17/02/2022","20:55:00","21:00:00",21,"Buffet ",24,4.8,8,"electric_scooter ",2,"No ","Metropolitian ","Fog","Jam ",0
"10/03/2022","21:30:00","21:35:00",42,"Drinks ",23,4.9,18,"scooter ",1,"Yes ","Metropolitian ","Fog","Jam ",1
"1/04/2022","19:10:00","19:25:00",25,"Meal ",30,5,23,"motorcycle ",1,"No ","Metropolitian ","Stormy","Jam ",1
"23/03/2022","17:15:00","17:20:00",18,"Drinks ",28,4.9,15,"scooter ",2,"No ","Urban ","Sunny","Medium ",1
"9/03/2022","23:30:00","23:40:00",17,"Meal ",39,4.6,15,"scooter ",1,"No ","Urban ","Stormy","Low ",1
"7/03/2022","11:25:00","11:35:00",38,"Snack ",31,4.6,17,"motorcycle ",0,"No ","Metropolitian ","Stormy","High ",0
"11/02/2022","22:10:00","22:25:00",19,"Drinks ",20,4.7,18,"scooter ",2,"No ","Urban ","Fog","Low ",1
"14/02/2022","22:25:00","22:30:00",25,"Drinks ",32,4.8,9,"electric_scooter ",2,"No ","Metropolitian ","Sunny","Low ",1
"31/03/2022","22:30:00","22:35:00",27,"Meal ",32,4.8,23,"motorcycle ",1,"No ","Metropolitian ","Cloudy","Low ",1
"12/03/2022","21:10:00","21:20:00",17,"Snack ",20,4.8,15,"motorcycle ",0,"No ","Urban ","Sunny","Jam ",0
"9/03/2022","19:55:00","20:10:00",17,"Drinks ",22,4.8,15,"scooter ",2,"No ","Metropolitian ","Sunny","Jam ",1
"15/03/2022","9:25:00","9:35:00",19,"Meal ",28,4.8,23,"motorcycle ",2,"No ","Metropolitian ","Sunny","Low ",0
"8/03/2022","23:25:00","23:30:00",16,"Drinks ",30,4.8,14,"motorcycle ",1,"No ","Metropolitian ","Stormy","Low ",1
"13/03/2022","9:10:00","9:25:00",23,"Buffet ",25,5,13,"motorcycle ",1,"No ","Metropolitian ","Sunny","Low ",0
"6/04/2022","18:40:00","18:55:00",25,"Snack ",26,4.6,15,"scooter ",2,"No ","Urban ","Cloudy","Medium ",0
"1/04/2022","22:30:00","22:35:00",29,"Snack ",38,4.8,12,"motorcycle ",0,"No ","Metropolitian ","Sunny","Low ",1
"16/02/2022","20:50:00","21:00:00",35,"Snack ",37,3.8,15,"electric_scooter ",2,"No ","Metropolitian ","Stormy","Jam ",0
"2/04/2022","18:15:00","18:30:00",33,"Meal ",24,4.2,16,"motorcycle ",1,"No ","Urban ","Fog","Medium ",1
"2/03/2022","22:35:00","22:50:00",24,"Drinks ",24,5,15,"motorcycle ",0,"No ","Urban ","Stormy","Low ",1
"21/03/2022","17:15:00","17:20:00",25,"Snack ",29,5,13,"scooter ",2,"No ","Metropolitian ","Stormy","Medium ",1
"4/03/2022","21:45:00","21:50:00",22,"Meal ",22,4.6,9,"motorcycle ",1,"No ","Metropolitian ","Sunny","Jam ",1
"3/03/2022","14:50:00","15:05:00",43,"Buffet ",27,3.8,8,"motorcycle ",0,"Yes ","Metropolitian ","Sunny","High ",2
"15/03/2022","10:10:00","10:20:00",28,"Snack ",37,4.5,16,"motorcycle ",0,"No ","Metropolitian ","Sandstorms","Low ",0
"4/03/2022","23:00:00","23:10:00",21,"Buffet ",38,4.9,23,"motorcycle ",2,"No ","Metropolitian ","Windy","Low ",1
"2/03/2022","17:20:00","17:30:00",34,"Snack ",29,4.1,13,"motorcycle ",0,"No ","Metropolitian ","Sandstorms","Medium ",1
"29/03/2022","22:55:00","23:05:00",18,"Snack ",31,4.8,22,"electric_scooter ",2,"No ","Metropolitian ","Windy","Low ",0
"2/04/2022","17:25:00","17:35:00",42,"Buffet ",39,4.7,15,"motorcycle ",1,"No ","Metropolitian ","Fog","Medium ",1
"13/03/2022","13:35:00","13:40:00",46,"Buffet ",30,4.3,19,"motorcycle ",0,"No ","Metropolitian ","Windy","High ",0
"4/04/2022","23:35:00","23:45:00",16,"Meal ",33,4.7,21,"motorcycle ",1,"No ","Metropolitian ","Stormy","Low ",0
"26/03/2022","17:40:00","17:45:00",30,"Buffet ",36,5,21,"motorcycle ",0,"No ","Urban ","Fog","Medium ",1
"17/03/2022","11:25:00","11:35:00",30,"Meal ",33,4.7,15,"motorcycle ",2,"No ","Metropolitian ","Stormy","High ",1
"13/03/2022","16:55:00","17:05:00",22,"Buffet ",28,4.9,19,"scooter ",1,"No ","Metropolitian ","Sandstorms","Medium ",1
"1/03/2022","8:25:00","8:30:00",11,"Snack ",25,4.7,23,"motorcycle ",2,"No ","Urban ","Stormy","Low ",1
"13/02/2022","9:45:00","9:55:00",20,"Meal ",26,4.7,9,"electric_scooter ",2,"No ","Metropolitian ","Sunny","Low ",0
"5/03/2022","13:40:00","13:55:00",32,"Drinks ",26,4.2,8,"motorcycle ",1,"No ","Metropolitian ","Fog","High ",1
"2/04/2022","23:15:00","23:20:00",38,"Drinks ",21,2.6,13,"motorcycle ",1,"No ","Metropolitian ","Sunny","Low ",1
"28/03/2022","11:40:00","11:50:00",32,"Buffet ",31,4.7,5,"motorcycle ",0,"No ","Metropolitian ","Cloudy","High ",1
"21/03/2022","18:25:00","18:40:00",16,"Snack ",38,4.6,17,"scooter ",2,"No ","Urban ","Cloudy","Medium ",1
"3/04/2022","18:40:00","18:55:00",24,"Snack ",22,4.9,19,"motorcycle ",0,"No ","Metropolitian ","Fog","Medium ",1
"6/04/2022","17:30:00","17:45:00",26,"Buffet ",26,4.6,18,"scooter ",2,"No ","Metropolitian ","Stormy","Medium ",1
"27/03/2022","21:00:00","21:15:00",43,"Buffet ",32,5,8,"motorcycle ",0,"No ","Metropolitian ","Windy","Jam ",1
"8/03/2022","17:45:00","18:00:00",27,"Meal ",20,4.7,16,"scooter ",2,"No ","Metropolitian ","Sunny","Medium ",1
"3/03/2022","17:20:00","17:35:00",23,"Meal ",27,4.5,22,"motorcycle ",2,"No ","Metropolitian ","Sandstorms","Medium ",1
"15/02/2022","11:30:00","11:40:00",38,"Drinks ",30,4.7,3,"scooter ",1,"No ","Metropolitian ","Stormy","High ",2
"3/03/2022","22:30:00","22:35:00",25,"Meal ",36,4.9,14,"motorcycle ",1,"No ","Metropolitian ","Windy","Low ",1
"23/03/2022","23:50:00","23:55:00",37,"Buffet ",39,4.4,13,"motorcycle ",0,"No ","Metropolitian ","Fog","Low ",0
"13/02/2022","20:00:00","20:15:00",30,"Buffet ",36,4.5,6,"motorcycle ",0,"No ","Metropolitian ","Fog","Jam ",1
"5/03/2022","19:10:00","19:20:00",19,"Buffet ",34,4.7,9,"motorcycle ",1,"No ","Metropolitian ","Sunny","Jam ",0
"16/02/2022","21:35:00","21:45:00",29,"Meal ",21,4.7,17,"scooter ",1,"No ","Urban ","Stormy","Jam ",1
"12/03/2022","21:25:00","21:35:00",21,"Snack ",20,4.7,12,"motorcycle ",1,"No ","Metropolitian ","Sunny","Jam ",0
"25/03/2022","19:35:00","19:45:00",31,"Snack ",27,4.7,9,"motorcycle ",0,"No ","Metropolitian ","Windy","Jam ",1
"30/03/2022","14:00:00","14:10:00",31,"Buffet ",30,4,5,"motorcycle ",0,"No ","Metropolitian ","Sandstorms","High ",1
"9/03/2022","21:10:00","21:15:00",26,"Meal ",26,4.8,23,"scooter ",2,"No ","Metropolitian ","Windy","Jam ",1
"2/03/2022","20:15:00","20:20:00",26,"Buffet ",31,4.8,15,"motorcycle ",0,"No ","Metropolitian ","Sunny","Jam ",1
"6/04/2022","21:45:00","22:00:00",30,"Buffet ",23,4.6,21,"electric_scooter ",2,"No ","Metropolitian ","Fog","Jam ",0
"12/03/2022","23:30:00","23:40:00",21,"Meal ",35,4.6,23,"motorcycle ",0,"No ","Urban ","Stormy","Low ",0
"25/03/2022","22:45:00","22:50:00",28,"Meal ",23,4.8,21,"scooter ",1,"No ","Urban ","Cloudy","Low ",1
"14/03/2022","23:55:00","0:05:00",15,"Buffet ",31,4.8,12,"motorcycle ",1,"No ","Metropolitian ","Sandstorms","Low ",1
"7/03/2022","9:30:00","9:35:00",23,"Snack ",32,4.9,16,"motorcycle ",0,"No ","Urban ","Sunny","Low ",1
"11/03/2022","20:20:00","20:25:00",25,"Drinks ",21,4.6,9,"scooter ",1,"No ","Metropolitian ","Windy","Jam ",0
"11/02/2022","22:30:00","22:45:00",10,"Meal ",34,4.7,21,"scooter ",1,"No ","Urban ","Sunny","Low ",1
"1/04/2022","20:50:00","20:55:00",31,"Snack ",32,4.7,21,"motorcycle ",0,"No ","Urban ","Cloudy","Jam ",0
"1/04/2022","17:30:00","17:35:00",14,"Buffet ",20,4.5,15,"motorcycle ",0,"No ","Urban ","Windy","Medium ",0
"3/04/2022","17:25:00","17:30:00",26,"Snack ",38,4.6,18,"scooter ",1,"No ","Metropolitian ","Windy","Medium ",0
"12/03/2022","21:35:00","21:50:00",41,"Meal ",33,4.7,21,"motorcycle ",0,"No ","Metropolitian ","Fog","Jam ",1
"17/03/2022","20:15:00","20:20:00",21,"Snack ",26,4.6,17,"motorcycle ",0,"No ","Metropolitian ","Cloudy","Jam ",1
"15/03/2022","17:10:00","17:25:00",34,"Buffet ",30,4.6,9,"scooter ",2,"No ","Metropolitian ","Windy","Medium ",0
"3/03/2022","8:20:00","8:25:00",19,"Drinks ",35,4.7,23,"electric_scooter ",2,"No ","Metropolitian ","Fog","Low ",0
"11/02/2022","9:45:00","9:55:00",24,"Buffet ",39,4.7,7,"motorcycle ",0,"No ","Metropolitian ","Fog","Low ",1
"31/03/2022","19:35:00","19:40:00",53,"Snack ",33,4.5,2,"motorcycle ",0,"No ","Metropolitian ","Cloudy","Jam ",1
"29/03/2022","18:45:00","18:50:00",31,"Drinks ",36,4.8,15,"motorcycle ",2,"No ","Urban ","Fog","Medium ",1
"2/04/2022","23:00:00","23:05:00",29,"Buffet ",23,4.8,6,"motorcycle ",0,"No ","Metropolitian ","Sunny","Low ",1
"31/03/2022","20:25:00","20:40:00",45,"Meal ",26,4.7,4,"motorcycle ",0,"Yes ","Metropolitian ","Cloudy","Jam ",1
"3/04/2022","23:35:00","23:40:00",29,"Snack ",22,4.3,15,"motorcycle ",0,"No ","Metropolitian ","Stormy","Low ",0
"11/03/2022","18:55:00","19:05:00",22,"Snack ",20,4.9,9,"motorcycle ",0,"No ","Metropolitian ","Fog","Medium ",0
"28/03/2022","10:00:00","10:10:00",17,"Buffet ",22,4.9,21,"electric_scooter ",2,"No ","Urban ","Sandstorms","Low ",0
"12/02/2022","19:15:00","19:30:00",41,"Buffet ",33,3.6,14,"scooter ",2,"No ","Metropolitian ","Sandstorms","Jam ",1
"14/03/2022","19:15:00","19:20:00",54,"Meal ",30,4.6,19,"motorcycle ",0,"Yes ","Metropolitian ","Fog","Jam ",3
"4/03/2022","22:20:00","22:30:00",35,"Meal ",28,2.7,5,"scooter ",1,"No ","Metropolitian ","Sunny","Low ",1
"3/04/2022","21:45:00","21:55:00",21,"Snack ",20,4.6,23,"motorcycle ",0,"No ","Metropolitian ","Sandstorms","Jam ",1
"7/03/2022","8:15:00","8:30:00",15,"Meal ",21,5,15,"motorcycle ",0,"No ","Metropolitian ","Sunny","Low ",0
"20/03/2022","21:55:00","22:00:00",30,"Drinks ",34,4.9,9,"electric_scooter ",2,"No ","Metropolitian ","Windy","Jam ",1
"28/03/2022","21:50:00","22:05:00",20,"Buffet ",21,5,21,"motorcycle ",2,"No ","Metropolitian ","Windy","Jam ",0
"16/03/2022","20:35:00","20:50:00",26,"Drinks ",25,4.5,23,"motorcycle ",0,"No ","Metropolitian ","Windy","Jam ",1
"19/03/2022","20:40:00","20:50:00",26,"Meal ",28,4.7,15,"motorcycle ",2,"No ","Metropolitian ","Windy","Jam ",0
"5/03/2022","20:45:00","20:55:00",29,"Meal ",38,4.5,23,"scooter ",2,"No ","Metropolitian ","Sandstorms","Jam ",1
"6/03/2022","22:30:00","22:45:00",22,"Meal ",28,4.6,22,"motorcycle ",0,"No ","Metropolitian ","Sunny","Low ",1
"16/02/2022","22:30:00","22:35:00",38,"Buffet ",35,4.3,6,"motorcycle ",0,"No ","Metropolitian ","Fog","Low ",1
"28/03/2022","14:35:00","14:45:00",30,"Snack ",32,4.6,8,"motorcycle ",0,"No ","Metropolitian ","Windy","High ",1
"23/03/2022","19:25:00","19:35:00",25,"Meal ",24,4.8,14,"electric_scooter ",2,"No ","Metropolitian ","Windy","Jam ",0
"13/03/2022","17:15:00","17:30:00",21,"Meal ",22,5,18,"motorcycle ",0,"No ","Metropolitian ","Windy","Medium ",1
"18/02/2022","19:10:00","19:20:00",39,"Meal ",36,4.7,2,"motorcycle ",1,"No ","Metropolitian ","Sandstorms","Jam ",1
"2/03/2022","21:20:00","21:25:00",38,"Snack ",38,4,7,"motorcycle ",0,"No ","Metropolitian ","Stormy","Jam ",1
"10/03/2022","23:10:00","23:20:00",19,"Drinks ",26,4.8,23,"scooter ",1,"No ","Metropolitian ","Sandstorms","Low ",0
"23/03/2022","22:35:00","22:50:00",20,"Snack ",37,4.5,17,"scooter ",2,"No ","Metropolitian ","Sunny","Low ",1
"28/03/2022","23:25:00","23:30:00",24,"Drinks ",32,4.2,14,"motorcycle ",0,"No ","Metropolitian ","Windy","Low ",1
"15/02/2022","16:55:00","17:00:00",34,"Snack ",33,4.1,13,"motorcycle ",0,"No ","Metropolitian ","Stormy","Medium ",1
"9/03/2022","19:40:00","19:45:00",31,"Buffet ",39,5,19,"motorcycle ",0,"No ","Metropolitian ","Cloudy","Jam ",1
"15/03/2022","8:30:00","8:40:00",23,"Meal ",35,4.6,16,"motorcycle ",1,"No ","Metropolitian ","Stormy","Low ",1
"1/03/2022","8:30:00","8:45:00",16,"Buffet ",21,4.8,23,"scooter ",2,"No ","Metropolitian ","Sandstorms","Low ",1
"8/03/2022","21:30:00","21:45:00",51,"Drinks ",34,4.6,19,"motorcycle ",0,"No ","Urban ","Stormy","Jam ",2
"1/03/2022","11:45:00","12:00:00",21,"Meal ",39,4.6,17,"motorcycle ",0,"No ","Metropolitian ","Sunny","High ",1
"5/04/2022","21:50:00","21:55:00",19,"Buffet ",33,4.5,18,"electric_scooter ",2,"No ","Urban ","Sunny","Jam ",1
"13/03/2022","16:20:00","16:30:00",16,"Snack ",30,4.6,17,"electric_scooter ",2,"No ","Metropolitian ","Fog","Medium ",0
"23/03/2022","22:25:00","22:30:00",21,"Snack ",26,4.8,15,"electric_scooter ",2,"No ","Urban ","Fog","Low ",1
"1/04/2022","19:45:00","20:00:00",29,"Buffet ",29,4.8,13,"motorcycle ",2,"No ","Metropolitian ","Cloudy","Jam ",1
"17/03/2022","17:15:00","17:25:00",17,"Drinks ",29,5,15,"motorcycle ",2,"No ","Urban ","Fog","Medium ",1
"7/03/2022","8:45:00","8:55:00",34,"Meal ",30,4,2,"motorcycle ",0,"No ","Metropolitian ","Windy","Low ",1
"25/03/2022","22:55:00","23:00:00",30,"Drinks ",23,4.9,3,"electric_scooter ",2,"No ","Metropolitian ","Sunny","Low ",1
"6/04/2022","22:35:00","22:40:00",25,"Snack ",30,4.7,23,"scooter ",1,"No ","Metropolitian ","Fog","Low ",1
"25/03/2022","21:20:00","21:25:00",15,"Snack ",27,4.9,9,"motorcycle ",1,"No ","Metropolitian ","Sunny","Jam ",1
"12/02/2022","23:30:00","23:40:00",18,"Drinks ",26,4.7,4,"motorcycle ",0,"No ","Metropolitian ","Stormy","Low ",0
"23/03/2022","17:30:00","17:40:00",44,"Meal ",32,4.2,11,"motorcycle ",0,"No ","Metropolitian ","Windy","Medium ",2
"6/04/2022","23:30:00","23:35:00",25,"Snack ",21,4.6,17,"motorcycle ",1,"No ","Metropolitian ","Cloudy","Low ",0
"23/03/2022","23:30:00","23:45:00",20,"Snack ",29,4.8,23,"motorcycle ",0,"No ","Metropolitian ","Sandstorms","Low ",1
"6/04/2022","21:50:00","22:05:00",28,"Meal ",33,5,15,"motorcycle ",1,"No ","Urban ","Stormy","Jam ",0
"6/03/2022","22:40:00","22:50:00",22,"Snack ",30,4.9,16,"motorcycle ",0,"No ","Metropolitian ","Sandstorms","Low ",1
"3/04/2022","13:25:00","13:35:00",16,"Drinks ",21,4.8,23,"motorcycle ",0,"No ","Urban ","Windy","High ",1
"13/03/2022","21:10:00","21:25:00",19,"Snack ",37,4.9,16,"electric_scooter ",2,"No ","Urban ","Sunny","Jam ",1
"13/03/2022","10:15:00","10:20:00",20,"Snack ",24,4.6,23,"motorcycle ",0,"No ","Metropolitian ","Fog","Low ",1
"1/03/2022","23:40:00","23:55:00",29,"Snack ",31,4.9,12,"motorcycle ",0,"No ","Metropolitian ","Fog","Low ",1
"12/03/2022","20:40:00","20:50:00",20,"Meal ",33,4.6,18,"scooter ",1,"No ","Metropolitian ","Sunny","Jam ",1
"17/03/2022","23:15:00","23:25:00",15,"Buffet ",25,4.9,16,"scooter ",2,"No ","Urban ","Sandstorms","Low ",1
"2/04/2022","18:50:00","18:55:00",29,"Buffet ",38,4.9,11,"scooter ",1,"No ","Metropolitian ","Sunny","Medium ",0
"2/04/2022","22:20:00","22:35:00",29,"Buffet ",27,5,18,"motorcycle ",1,"No ","Urban ","Sunny","Low ",0
"5/03/2022","16:00:00","16:15:00",28,"Drinks ",26,4.9,17,"motorcycle ",1,"No ","Urban ","Sandstorms","Medium ",1
"30/03/2022","9:20:00","9:25:00",20,"Meal ",29,4.5,16,"motorcycle ",0,"No ","Metropolitian ","Cloudy","Low ",1
"2/04/2022","22:20:00","22:30:00",34,"Drinks ",32,4.1,5,"scooter ",2,"No ","Urban ","Cloudy","Low ",2
"18/02/2022","18:10:00","18:25:00",20,"Snack ",33,4.7,17,"motorcycle ",2,"No ","Urban ","Sunny","Medium ",1
"1/04/2022","10:50:00","10:55:00",20,"Buffet ",38,4.9,22,"scooter ",1,"No ","Metropolitian ","Windy","Low ",1
"7/03/2022","10:15:00","10:25:00",10,"Snack ",21,4.6,15,"motorcycle ",0,"No ","Metropolitian ","Sunny","Low ",1
"2/03/2022","22:15:00","22:25:00",30,"Snack ",29,4.5,12,"motorcycle ",1,"No ","Metropolitian ","Sunny","Low ",1
"11/02/2022","20:50:00","20:55:00",15,"Buffet ",20,4.9,2,"motorcycle ",0,"No ","Metropolitian ","Stormy","Jam ",1
"17/02/2022","15:50:00","15:55:00",28,"Meal ",22,5,6,"motorcycle ",1,"No ","Metropolitian ","Fog","Medium ",0
"13/03/2022","12:35:00","12:40:00",46,"Buffet ",37,4.3,14,"motorcycle ",0,"No ","Metropolitian ","Sandstorms","High ",2
"5/04/2022","21:55:00","22:10:00",20,"Snack ",28,5,22,"motorcycle ",0,"No ","Urban ","Cloudy","Jam ",0
"6/03/2022","23:00:00","23:05:00",19,"Meal ",23,4.6,23,"motorcycle ",1,"No ","Metropolitian ","Sandstorms","Low ",1
"18/03/2022","18:15:00","18:20:00",17,"Buffet ",21,4.9,2,"scooter ",1,"No ","Metropolitian ","Windy","Medium ",0
"24/03/2022","23:55:00","0:10:00",10,"Buffet ",28,4.7,17,"electric_scooter ",2,"No ","Metropolitian ","Cloudy","Low ",0
"27/03/2022","19:25:00","19:35:00",36,"Meal ",35,4.4,11,"motorcycle ",1,"No ","Metropolitian ","Stormy","Jam ",0
"12/03/2022","18:40:00","18:50:00",22,"Meal ",24,4.6,13,"motorcycle ",1,"No ","Metropolitian ","Sandstorms","Medium ",0
"4/03/2022","18:00:00","18:10:00",25,"Buffet ",29,4.8,16,"motorcycle ",0,"No ","Metropolitian ","Stormy","Medium ",0
"9/03/2022","15:45:00","15:55:00",13,"Drinks ",29,4.9,12,"motorcycle ",1,"No ","Metropolitian ","Cloudy","Medium ",1
"30/03/2022","19:25:00","19:40:00",41,"Buffet ",27,3.9,8,"motorcycle ",0,"No ","Metropolitian ","Sunny","Jam ",1
"24/03/2022","17:30:00","17:35:00",11,"Drinks ",25,4.7,21,"scooter ",1,"No ","Urban ","Fog","Medium ",0
"19/03/2022","13:35:00","13:40:00",31,"Meal ",36,4.9,19,"motorcycle ",1,"No ","Metropolitian ","Fog","High ",1
"12/02/2022","22:30:00","22:45:00",21,"Snack ",21,4.5,1,"motorcycle ",1,"No ","Urban ","Cloudy","Low ",0
"20/03/2022","21:50:00","22:05:00",41,"Snack ",25,4.6,13,"electric_scooter ",2,"Yes ","Metropolitian ","Fog","Jam ",1
"2/04/2022","22:35:00","22:40:00",23,"Buffet ",20,4.6,21,"scooter ",2,"No ","Metropolitian ","Fog","Low ",1
"5/04/2022","19:30:00","19:40:00",28,"Drinks ",32,4.8,23,"scooter ",2,"No ","Urban ","Stormy","Jam ",0
"26/03/2022","9:20:00","9:25:00",13,"Buffet ",24,4.7,21,"scooter ",2,"No ","Metropolitian ","Cloudy","Low ",0
"11/03/2022","17:15:00","17:25:00",17,"Buffet ",25,4.8,22,"electric_scooter ",2,"No ","Urban ","Fog","Medium ",1
"16/02/2022","19:25:00","19:40:00",37,"Buffet ",32,4.7,7,"motorcycle ",0,"No ","Metropolitian ","Sandstorms","Jam ",1
"30/03/2022","22:30:00","22:45:00",10,"Meal ",26,4.7,2,"scooter ",1,"No ","Urban ","Windy","Low ",0
"15/02/2022","15:25:00","15:40:00",37,"Drinks ",36,4.9,21,"motorcycle ",0,"No ","Urban ","Windy","Medium ",1
"29/03/2022","18:20:00","18:25:00",44,"Snack ",31,4.4,8,"scooter ",1,"Yes ","Metropolitian ","Cloudy","Medium ",1
"29/03/2022","17:50:00","18:00:00",37,"Meal ",35,3.5,22,"scooter ",2,"No ","Urban ","Stormy","Medium ",1
"6/04/2022","22:35:00","22:40:00",39,"Drinks ",26,2.9,4,"scooter ",1,"No ","Urban ","Sunny","Low ",2
"30/03/2022","16:25:00","16:30:00",34,"Buffet ",39,4.4,2,"motorcycle ",2,"No ","Metropolitian ","Windy","Medium ",1
"4/03/2022","21:10:00","21:15:00",30,"Meal ",24,5,9,"motorcycle ",1,"No ","Metropolitian ","Fog","Jam ",1
"3/03/2022","17:45:00","17:55:00",14,"Drinks ",28,4.9,23,"motorcycle ",2,"No ","Metropolitian ","Fog","Medium ",0
"6/03/2022","23:55:00","0:05:00",39,"Drinks ",32,4.8,23,"motorcycle ",0,"No ","Metropolitian ","Sunny","Low ",0
"30/03/2022","18:40:00","18:50:00",25,"Snack ",36,4.5,3,"motorcycle ",0,"No ","Urban ","Windy","Medium ",1
"5/03/2022","10:55:00","11:10:00",13,"Drinks ",20,4.6,19,"scooter ",2,"No ","Metropolitian ","Sunny","Low ",1
"3/04/2022","12:00:00","12:15:00",10,"Drinks ",24,4.9,22,"scooter ",2,"No ","Metropolitian ","Sunny","High ",0
"3/04/2022","10:25:00","10:30:00",12,"Meal ",25,4.6,23,"motorcycle ",1,"No ","Urban ","Sandstorms","Low ",0
"31/03/2022","18:40:00","18:55:00",33,"Meal ",38,4.6,2,"motorcycle ",2,"No ","Urban ","Cloudy","Medium ",2
"28/03/2022","0:00:00","0:10:00",21,"Snack ",33,4.4,22,"motorcycle ",0,"No ","Metropolitian ","Sandstorms","Low ",1
"13/03/2022","17:40:00","17:45:00",33,"Buffet ",38,4.8,23,"motorcycle ",2,"No ","Metropolitian ","Stormy","Medium ",0
"9/03/2022","9:40:00","9:50:00",14,"Snack ",24,4.5,23,"motorcycle ",0,"No ","Metropolitian ","Sunny","Low ",0
"20/03/2022","18:35:00","18:50:00",38,"Snack ",35,4.2,6,"scooter ",1,"No ","Metropolitian ","Fog","Medium ",2
"8/03/2022","18:45:00","18:55:00",37,"Meal ",26,4.5,23,"motorcycle ",0,"No ","Metropolitian ","Fog","Medium ",1
"24/03/2022","11:00:00","11:15:00",18,"Snack ",26,4.7,17,"scooter ",2,"No ","Urban ","Sandstorms","Low ",1
"7/03/2022","21:55:00","22:00:00",16,"Buffet ",36,5,12,"scooter ",1,"No ","Metropolitian ","Sunny","Jam ",1
"17/03/2022","15:40:00","15:50:00",33,"Buffet ",35,4.9,22,"motorcycle ",1,"No ","Metropolitian ","Sandstorms","Medium ",1
"24/03/2022","21:10:00","21:15:00",32,"Drinks ",29,4.2,3,"motorcycle ",0,"No ","Metropolitian ","Windy","Jam ",1
"10/03/2022","17:10:00","17:15:00",37,"Meal ",25,5,17,"motorcycle ",0,"No ","Urban ","Cloudy","Medium ",1
"29/03/2022","23:15:00","23:20:00",17,"Buffet ",22,4.9,18,"scooter ",1,"No ","Metropolitian ","Windy","Low ",1
"31/03/2022","21:25:00","21:40:00",42,"Drinks ",38,4.1,2,"motorcycle ",2,"No ","Metropolitian ","Fog","Jam ",1
"7/03/2022","13:50:00","13:55:00",26,"Buffet ",36,4.8,9,"motorcycle ",0,"No ","Metropolitian ","Sunny","High ",1
"17/03/2022","15:15:00","15:30:00",24,"Buffet ",34,4.9,11,"scooter ",2,"No ","Metropolitian ","Sunny","Medium ",0
"18/02/2022","19:20:00","19:25:00",31,"Buffet ",30,4.1,16,"scooter ",2,"No ","Metropolitian ","Fog","Jam ",1
"17/03/2022","9:10:00","9:15:00",16,"Buffet ",38,4.8,16,"scooter ",1,"No ","Urban ","Fog","Low ",0
"2/03/2022","23:00:00","23:15:00",20,"Snack ",28,4.9,18,"motorcycle ",0,"No ","Metropolitian ","Fog","Low ",1
"29/03/2022","22:50:00","23:00:00",16,"Meal ",24,4.9,23,"motorcycle ",0,"No ","Metropolitian ","Stormy","Low ",1
"27/03/2022","20:50:00","21:05:00",46,"Drinks ",39,4.7,11,"motorcycle ",2,"Yes ","Metropolitian ","Fog","Jam ",2
"24/03/2022","10:00:00","10:05:00",26,"Buffet ",32,4.5,14,"motorcycle ",0,"No ","Metropolitian ","Sunny","Low ",1
"15/02/2022","20:15:00","20:20:00",32,"Buffet ",39,4,10,"motorcycle ",1,"No ","Metropolitian ","Sandstorms","Jam ",1
"5/03/2022","22:00:00","22:15:00",22,"Drinks ",20,4.8,23,"motorcycle ",0,"No ","Metropolitian ","Sunny","Jam ",1
"4/04/2022","21:45:00","21:50:00",41,"Buffet ",29,4.9,21,"motorcycle ",0,"No ","Metropolitian ","Cloudy","Jam ",0
"27/03/2022","20:30:00","20:35:00",23,"Drinks ",33,4.6,17,"scooter ",1,"No ","Urban ","Sunny","Jam ",0
"1/03/2022","10:10:00","10:25:00",12,"Drinks ",36,5,14,"scooter ",1,"No ","Metropolitian ","Sunny","Low ",1
"28/03/2022","11:50:00","12:05:00",30,"Snack ",30,4.6,17,"electric_scooter ",2,"No ","Urban ","Fog","High ",1
"27/03/2022","22:20:00","22:25:00",29,"Meal ",38,4.6,3,"motorcycle ",0,"No ","Metropolitian ","Sandstorms","Low ",1
"15/02/2022","12:10:00","12:20:00",29,"Snack ",23,4.8,7,"motorcycle ",1,"No ","Metropolitian ","Fog","High ",0
"17/03/2022","9:15:00","9:30:00",20,"Meal ",30,4.7,19,"scooter ",2,"No ","Urban ","Stormy","Low ",1
"17/02/2022","20:35:00","20:40:00",39,"Buffet ",38,4.2,4,"scooter ",2,"No ","Metropolitian ","Fog","Jam ",1
"31/03/2022","21:35:00","21:50:00",14,"Drinks ",20,5,23,"scooter ",1,"No ","Metropolitian ","Sunny","Jam ",1
"2/04/2022","21:55:00","22:05:00",44,"Drinks ",32,4.8,8,"motorcycle ",0,"No ","Metropolitian ","Cloudy","Jam ",1
"31/03/2022","18:10:00","18:20:00",33,"Meal ",37,4,9,"scooter ",2,"No ","Metropolitian ","Cloudy","Medium ",1
"7/03/2022","20:40:00","20:50:00",32,"Meal ",32,4.3,3,"scooter ",1,"No ","Urban ","Stormy","Jam ",1
"14/02/2022","22:55:00","23:00:00",40,"Drinks ",24,3.2,14,"motorcycle ",1,"No ","Metropolitian ","Sunny","Low ",2
"2/04/2022","22:45:00","22:50:00",26,"Buffet ",39,4.9,15,"motorcycle ",1,"No ","Urban ","Windy","Low ",0
"31/03/2022","22:30:00","22:45:00",14,"Buffet ",20,4.6,5,"motorcycle ",1,"No ","Urban ","Sandstorms","Low ",0
"21/03/2022","0:00:00","0:05:00",29,"Drinks ",36,4.9,5,"scooter ",1,"No ","Metropolitian ","Stormy","Low ",1
"13/02/2022","12:25:00","12:35:00",39,"Meal ",35,4.2,5,"motorcycle ",0,"No ","Metropolitian ","Stormy","High ",0
"13/03/2022","23:25:00","23:30:00",15,"Snack ",24,4.6,19,"motorcycle ",0,"No ","Urban ","Cloudy","Low ",1
"18/02/2022","22:20:00","22:30:00",19,"Meal ",26,4.9,4,"motorcycle ",0,"No ","Metropolitian ","Sandstorms","Low ",1
"16/02/2022","18:50:00","18:55:00",33,"Buffet ",37,3.7,10,"electric_scooter ",2,"No ","Metropolitian ","Sandstorms","Medium ",1
"3/03/2022","11:35:00","11:45:00",28,"Drinks ",38,4.9,17,"motorcycle ",2,"No ","Metropolitian ","Sandstorms","High ",1
"30/03/2022","23:25:00","23:35:00",28,"Drinks ",32,4.6,22,"motorcycle ",1,"No ","Metropolitian ","Sandstorms","Low ",0
"13/02/2022","10:30:00","10:40:00",13,"Drinks ",29,4.9,16,"scooter ",1,"No ","Urban ","Sandstorms","Low ",1
"13/02/2022","19:35:00","19:40:00",29,"Meal ",35,4.6,15,"motorcycle ",1,"No ","Urban ","Windy","Jam ",1
"3/04/2022","16:10:00","16:15:00",27,"Snack ",21,4.6,23,"motorcycle ",0,"No ","Metropolitian ","Stormy","Medium ",1
"2/03/2022","22:20:00","22:30:00",17,"Drinks ",23,4.9,14,"motorcycle ",2,"No ","Metropolitian ","Sandstorms","Low ",0
"24/03/2022","10:10:00","10:20:00",16,"Snack ",31,4.8,23,"scooter ",1,"No ","Metropolitian ","Sunny","Low ",0
"3/03/2022","21:10:00","21:25:00",18,"Drinks ",36,4.6,12,"motorcycle ",1,"No ","Metropolitian ","Sunny","Jam ",1
"13/02/2022","21:55:00","22:00:00",13,"Meal ",24,4.7,3,"scooter ",1,"No ","Metropolitian ","Sandstorms","Jam ",0
"5/03/2022","22:40:00","22:50:00",14,"Drinks ",25,4.6,23,"motorcycle ",1,"No ","Metropolitian ","Stormy","Low ",0
"19/03/2022","12:00:00","12:05:00",28,"Meal ",31,4.6,7,"scooter ",2,"No ","Metropolitian ","Stormy","High ",1
"16/03/2022","17:25:00","17:30:00",31,"Snack ",34,4.7,19,"motorcycle ",0,"No ","Metropolitian ","Windy","Medium ",1
"10/03/2022","18:35:00","18:45:00",36,"Snack ",28,4.6,23,"motorcycle ",0,"No ","Metropolitian ","Cloudy","Medium ",1
"13/03/2022","19:15:00","19:25:00",20,"Drinks ",32,4.7,9,"motorcycle ",1,"No ","Metropolitian ","Sunny","Jam ",1
"1/04/2022","22:45:00","22:55:00",19,"Buffet ",38,4.8,9,"motorcycle ",1,"No ","Metropolitian ","Fog","Low ",1
"10/03/2022","17:10:00","17:25:00",41,"Meal ",28,5,21,"motorcycle ",0,"No ","Metropolitian ","Fog","Medium ",1
"14/03/2022","18:00:00","18:15:00",28,"Drinks ",34,4.7,18,"motorcycle ",1,"No ","Metropolitian ","Stormy","Medium ",1
"5/04/2022","19:50:00","20:05:00",33,"Drinks ",36,4.1,3,"motorcycle ",1,"No ","Metropolitian ","Cloudy","Jam ",2
"9/03/2022","9:55:00","10:10:00",22,"Snack ",23,4.3,17,"motorcycle ",0,"No ","Metropolitian ","Sandstorms","Low ",1
"18/02/2022","22:40:00","22:50:00",11,"Snack ",20,4.9,7,"scooter ",2,"No ","Metropolitian ","Sandstorms","Low ",1
"5/03/2022","22:10:00","22:15:00",26,"Buffet ",37,4.6,12,"scooter ",1,"No ","Metropolitian ","Windy","Low ",1
"31/03/2022","21:55:00","22:00:00",28,"Meal ",22,4.8,3,"motorcycle ",1,"No ","Urban ","Sandstorms","Jam ",1
"1/04/2022","13:20:00","13:30:00",26,"Snack ",28,4.7,23,"motorcycle ",2,"No ","Metropolitian ","Cloudy","High ",1
"30/03/2022","20:00:00","20:05:00",25,"Buffet ",33,4.8,1,"motorcycle ",0,"No ","Urban ","Sunny","Jam ",1
"14/03/2022","19:20:00","19:35:00",32,"Buffet ",36,4.3,23,"scooter ",2,"No ","Metropolitian ","Windy","Jam ",1
"30/03/2022","21:55:00","22:00:00",42,"Buffet ",32,4.1,3,"motorcycle ",0,"No ","Metropolitian ","Stormy","Jam ",1
"10/03/2022","17:45:00","17:55:00",34,"Buffet ",29,4.8,18,"motorcycle ",0,"No ","Metropolitian ","Sandstorms","Medium ",0
"18/03/2022","21:00:00","21:05:00",46,"Meal ",36,4.4,22,"scooter ",1,"No ","Metropolitian ","Fog","Jam ",0
"16/03/2022","20:45:00","20:50:00",46,"Buffet ",27,4.6,21,"motorcycle ",0,"No ","Urban ","Cloudy","Jam ",1
"1/03/2022","22:55:00","23:00:00",28,"Meal ",38,5,19,"motorcycle ",0,"No ","Metropolitian ","Fog","Low ",0
"29/03/2022","21:20:00","21:35:00",41,"Drinks ",36,3.6,3,"motorcycle ",1,"No ","Metropolitian ","Windy","Jam ",2
"21/03/2022","10:35:00","10:50:00",12,"Buffet ",26,4.6,21,"motorcycle ",0,"No ","Urban ","Sunny","Low ",0
"20/03/2022","23:35:00","23:50:00",25,"Drinks ",38,4.6,15,"scooter ",2,"No ","Metropolitian ","Windy","Low ",1
"31/03/2022","23:00:00","23:15:00",29,"Meal ",31,4.6,7,"scooter ",1,"No ","Metropolitian ","Fog","Low ",1
"8/03/2022","19:30:00","19:45:00",16,"Meal ",33,4.7,23,"scooter ",1,"No ","Metropolitian ","Sunny","Jam ",0
"1/04/2022","20:45:00","20:50:00",23,"Drinks ",21,4.8,18,"motorcycle ",2,"No ","Metropolitian ","Fog","Jam ",0
"24/03/2022","10:25:00","10:30:00",22,"Buffet ",30,4.9,13,"motorcycle ",0,"No ","Metropolitian ","Sunny","Low ",0
"18/02/2022","23:00:00","23:05:00",26,"Snack ",29,5,9,"scooter ",2,"No ","Metropolitian ","Stormy","Low ",0
"17/03/2022","18:40:00","18:50:00",28,"Meal ",36,4.6,12,"motorcycle ",0,"No ","Metropolitian ","Cloudy","Medium ",1
"18/03/2022","18:45:00","18:50:00",37,"Meal ",33,3.8,1,"motorcycle ",1,"No ","Urban ","Stormy","Medium ",2
"16/02/2022","17:35:00","17:50:00",31,"Drinks ",23,4.8,5,"motorcycle ",0,"No ","Metropolitian ","Stormy","Medium ",1
"4/04/2022","20:10:00","20:15:00",17,"Meal ",29,4.7,21,"scooter ",1,"No ","Urban ","Sandstorms","Jam ",0
"20/03/2022","18:15:00","18:20:00",11,"Meal ",26,4.7,19,"scooter ",1,"No ","Urban ","Sunny","Medium ",1
"5/03/2022","21:50:00","22:00:00",30,"Drinks ",39,4.8,9,"motorcycle ",1,"No ","Metropolitian ","Windy","Jam ",1
"13/02/2022","16:55:00","17:00:00",16,"Snack ",30,4.8,19,"scooter ",1,"No ","Urban ","Fog","Medium ",1
"2/04/2022","23:55:00","0:10:00",24,"Buffet ",24,4.6,18,"motorcycle ",0,"No ","Metropolitian ","Stormy","Low ",1
"12/03/2022","23:50:00","23:55:00",37,"Snack ",38,4.3,9,"motorcycle ",2,"No ","Metropolitian ","Fog","Low ",0
"1/04/2022","12:20:00","12:25:00",49,"Buffet ",36,5,22,"motorcycle ",0,"Yes ","Semi-Urban ","Windy","High ",1
"1/03/2022","10:50:00","11:05:00",32,"Meal ",34,4.3,18,"motorcycle ",0,"No ","Metropolitian ","Sandstorms","Low ",0
"13/02/2022","9:45:00","9:55:00",20,"Drinks ",38,4.4,9,"motorcycle ",0,"No ","Metropolitian ","Sandstorms","Low ",1
"11/03/2022","19:15:00","19:25:00",49,"Meal ",36,5,23,"motorcycle ",0,"Yes ","Metropolitian ","Windy","Jam ",0
"1/04/2022","10:35:00","10:40:00",11,"Drinks ",33,4.9,23,"motorcycle ",1,"No ","Metropolitian ","Sunny","Low ",0
"28/03/2022","22:45:00","22:55:00",17,"Snack ",28,4.8,9,"electric_scooter ",2,"No ","Metropolitian ","Sandstorms","Low ",1
"15/03/2022","19:25:00","19:35:00",21,"Meal ",26,4.9,18,"scooter ",1,"No ","Urban ","Cloudy","Jam ",1
"24/03/2022","15:00:00","15:15:00",13,"Buffet ",26,5,22,"scooter ",1,"No ","Metropolitian ","Stormy","High ",0
"1/04/2022","8:40:00","8:50:00",13,"Buffet ",28,4.5,22,"electric_scooter ",2,"No ","Urban ","Windy","Low ",0
"14/03/2022","22:35:00","22:50:00",23,"Drinks ",21,4.7,23,"scooter ",2,"No ","Metropolitian ","Fog","Low ",1
"24/03/2022","23:15:00","23:20:00",18,"Buffet ",27,4.6,15,"motorcycle ",0,"No ","Metropolitian ","Cloudy","Low ",0
"15/03/2022","18:00:00","18:10:00",15,"Drinks ",34,5,21,"motorcycle ",2,"No ","Metropolitian ","Fog","Medium ",1
"15/03/2022","9:10:00","9:25:00",16,"Meal ",37,4.9,19,"scooter ",2,"No ","Metropolitian ","Cloudy","Low ",1
"6/03/2022","19:20:00","19:35:00",36,"Drinks ",34,4.7,19,"scooter ",1,"No ","Metropolitian ","Fog","Jam ",2
"5/04/2022","23:00:00","23:15:00",28,"Drinks ",39,4.1,2,"motorcycle ",0,"No ","Metropolitian ","Stormy","Low ",1
"17/03/2022","19:10:00","19:15:00",30,"Meal ",27,4.9,19,"motorcycle ",2,"No ","Metropolitian ","Fog","Jam ",0
"1/03/2022","23:55:00","0:00:00",26,"Buffet ",30,4.7,19,"motorcycle ",0,"No ","Metropolitian ","Stormy","Low ",1
"1/04/2022","18:45:00","18:55:00",21,"Drinks ",36,5,15,"motorcycle ",0,"No ","Urban ","Sunny","Medium ",1
"31/03/2022","21:15:00","21:20:00",39,"Snack ",25,4.2,13,"motorcycle ",0,"No ","Metropolitian ","Windy","Jam ",0
"18/03/2022","18:10:00","18:25:00",37,"Drinks ",30,4.6,9,"motorcycle ",0,"No ","Metropolitian ","Fog","Medium ",1
"31/03/2022","17:25:00","17:35:00",17,"Drinks ",30,4.7,1,"motorcycle ",1,"No ","Urban ","Sunny","Medium ",1
"18/02/2022","23:55:00","0:05:00",17,"Snack ",35,4.7,16,"motorcycle ",1,"No ","Urban ","Sunny","Low ",1
"14/03/2022","18:55:00","19:00:00",32,"Buffet ",39,4.1,2,"motorcycle ",0,"No ","Metropolitian ","Windy","Medium ",1
"25/03/2022","22:45:00","22:50:00",17,"Drinks ",38,4.8,16,"scooter ",1,"No ","Metropolitian ","Stormy","Low ",0
"2/04/2022","21:10:00","21:20:00",36,"Meal ",36,4.1,4,"electric_scooter ",2,"No ","Metropolitian ","Stormy","Jam ",1
"2/04/2022","21:50:00","21:55:00",27,"Snack ",35,5,9,"motorcycle ",1,"No ","Metropolitian ","Windy","Jam ",0
"7/03/2022","9:40:00","9:55:00",15,"Drinks ",28,4.5,2,"motorcycle ",1,"No ","Urban ","Fog","Low ",1
"12/03/2022","20:10:00","20:20:00",44,"Meal ",29,4.2,3,"motorcycle ",1,"No ","Metropolitian ","Fog","Jam ",1
"23/03/2022","20:10:00","20:15:00",39,"Drinks ",25,4.2,13,"motorcycle ",0,"No ","Metropolitian ","Sandstorms","Jam ",2
"8/03/2022","22:50:00","22:55:00",10,"Drinks ",21,4.6,21,"scooter ",2,"No ","Metropolitian ","Sandstorms","Low ",0
"8/03/2022","23:15:00","23:30:00",36,"Snack ",23,3.2,4,"motorcycle ",1,"No ","Metropolitian ","Sunny","Low ",1
"16/03/2022","18:45:00","19:00:00",38,"Meal ",30,3.5,11,"scooter ",1,"No ","Metropolitian ","Windy","Medium ",1
"29/03/2022","22:15:00","22:25:00",29,"Buffet ",38,4.9,3,"motorcycle ",2,"No ","Metropolitian ","Fog","Low ",1
"1/04/2022","18:50:00","19:00:00",16,"Meal ",31,4.6,18,"scooter ",2,"No ","Metropolitian ","Sunny","Medium ",0
"28/03/2022","11:25:00","11:40:00",30,"Buffet ",25,4.8,7,"scooter ",2,"No ","Metropolitian ","Cloudy","High ",1
"12/03/2022","20:55:00","21:05:00",33,"Meal ",24,4.9,9,"scooter ",2,"No ","Metropolitian ","Fog","Jam ",0
"3/04/2022","10:40:00","10:45:00",25,"Meal ",33,4.7,9,"electric_scooter ",2,"No ","Metropolitian ","Sandstorms","Low ",1
"11/03/2022","18:45:00","18:55:00",27,"Drinks ",26,4.9,16,"scooter ",1,"No ","Metropolitian ","Stormy","Medium ",0
"14/03/2022","22:40:00","22:55:00",27,"Snack ",34,5,14,"motorcycle ",0,"No ","Metropolitian ","Sandstorms","Low ",1
"28/03/2022","18:00:00","18:10:00",32,"Buffet ",35,4.6,4,"motorcycle ",1,"No ","Metropolitian ","Windy","Medium ",1
"2/04/2022","21:30:00","21:40:00",47,"Buffet ",32,4.2,3,"motorcycle ",0,"No ","Metropolitian ","Sandstorms","Jam ",1
"19/03/2022","23:20:00","23:35:00",17,"Meal ",28,4.7,9,"scooter ",2,"No ","Metropolitian ","Cloudy","Low ",0
"29/03/2022","19:55:00","20:00:00",30,"Drinks ",37,4.8,3,"scooter ",2,"No ","Urban ","Windy","Jam ",1
"18/03/2022","17:50:00","17:55:00",40,"Meal ",35,4.6,17,"motorcycle ",0,"No ","Metropolitian ","Fog","Medium ",2
"25/03/2022","21:00:00","21:15:00",25,"Meal ",20,4.9,23,"scooter ",1,"No ","Metropolitian ","Stormy","Jam ",1
"16/03/2022","20:35:00","20:40:00",45,"Buffet ",35,4.9,9,"scooter ",1,"No ","Metropolitian ","Cloudy","Jam ",1
"18/03/2022","22:35:00","22:45:00",42,"Snack ",26,3.2,12,"motorcycle ",2,"No ","Metropolitian ","Sunny","Low ",2
"14/03/2022","22:30:00","22:35:00",29,"Buffet ",21,4.5,21,"scooter ",2,"No ","Metropolitian ","Fog","Low ",1
"14/02/2022","23:00:00","23:05:00",36,"Meal ",35,4.1,16,"motorcycle ",2,"No ","Metropolitian ","Stormy","Low ",1
"11/03/2022","8:45:00","9:00:00",26,"Drinks ",36,4.7,15,"scooter ",1,"No ","Metropolitian ","Windy","Low ",1
"12/02/2022","22:30:00","22:45:00",10,"Meal ",25,4.8,19,"motorcycle ",1,"No ","Urban ","Stormy","Low ",0
"6/03/2022","22:20:00","22:35:00",38,"Meal ",32,4.9,17,"motorcycle ",0,"No ","Metropolitian ","Fog","Low ",1
"14/02/2022","19:45:00","19:50:00",46,"Snack ",35,4.7,5,"motorcycle ",1,"No ","Metropolitian ","Stormy","Jam ",1
"12/02/2022","23:00:00","23:10:00",29,"Drinks ",37,4.7,7,"motorcycle ",2,"No ","Metropolitian ","Fog","Low ",1
"14/02/2022","18:45:00","19:00:00",17,"Drinks ",21,5,17,"motorcycle ",1,"No ","Urban ","Sunny","Medium ",0
"13/03/2022","10:40:00","10:45:00",25,"Snack ",31,5,23,"motorcycle ",2,"No ","Metropolitian ","Stormy","Low ",1
"8/03/2022","0:00:00","0:15:00",15,"Snack ",37,5,19,"scooter ",2,"No ","Metropolitian ","Sunny","Low ",0
"14/03/2022","19:00:00","19:15:00",22,"Snack ",33,4.9,22,"motorcycle ",1,"No ","Metropolitian ","Sunny","Medium ",0
"7/03/2022","21:20:00","21:25:00",19,"Drinks ",25,4.9,22,"motorcycle ",1,"No ","Urban ","Stormy","Jam ",1
"18/03/2022","23:35:00","23:45:00",17,"Buffet ",31,4.8,15,"motorcycle ",1,"No ","Urban ","Sandstorms","Low ",0
"26/03/2022","23:45:00","23:50:00",16,"Meal ",23,4.8,17,"motorcycle ",1,"No ","Urban ","Cloudy","Low ",0
"6/04/2022","23:40:00","23:50:00",20,"Buffet ",24,4.7,19,"motorcycle ",0,"No ","Metropolitian ","Cloudy","Low ",1
"11/02/2022","18:25:00","18:35:00",39,"Drinks ",33,4.1,17,"motorcycle ",0,"No ","Metropolitian ","Windy","Medium ",1
"4/03/2022","22:10:00","22:25:00",41,"Buffet ",25,3.5,3,"scooter ",1,"No ","Metropolitian ","Sunny","Low ",1
"10/03/2022","23:25:00","23:30:00",32,"Buffet ",37,3.7,4,"scooter ",1,"No ","Metropolitian ","Cloudy","Low ",1
"1/03/2022","11:55:00","12:10:00",12,"Snack ",25,4.8,9,"scooter ",1,"No ","Metropolitian ","Windy","High ",0
"11/02/2022","21:00:00","21:05:00",21,"Snack ",39,5,5,"motorcycle ",1,"No ","Metropolitian ","Sunny","Jam ",1
"26/03/2022","17:10:00","17:15:00",29,"Meal ",25,4.9,11,"scooter ",2,"No ","Metropolitian ","Windy","Medium ",1
"9/03/2022","19:25:00","19:40:00",24,"Snack ",26,4.6,15,"scooter ",1,"No ","Metropolitian ","Windy","Jam ",1
"6/03/2022","22:00:00","22:15:00",28,"Drinks ",23,4.5,9,"motorcycle ",0,"No ","Metropolitian ","Sandstorms","Jam ",0
"14/03/2022","22:40:00","22:45:00",39,"Drinks ",37,4.3,23,"electric_scooter ",2,"No ","Metropolitian ","Cloudy","Low ",1
"11/03/2022","8:30:00","8:45:00",17,"Drinks ",39,4.9,19,"scooter ",1,"No ","Metropolitian ","Fog","Low ",1
"18/03/2022","21:55:00","22:00:00",27,"Meal ",37,4.6,1,"electric_scooter ",2,"No ","Metropolitian ","Sunny","Jam ",0
"15/03/2022","10:45:00","10:50:00",26,"Meal ",33,4.5,23,"motorcycle ",0,"No ","Metropolitian ","Stormy","Low ",1
"4/03/2022","21:00:00","21:05:00",43,"Drinks ",39,4.6,23,"motorcycle ",1,"No ","Metropolitian ","Stormy","Jam ",1
"3/04/2022","10:55:00","11:10:00",18,"Meal ",21,4.7,16,"scooter ",2,"No ","Urban ","Sandstorms","Low ",1
"20/03/2022","22:50:00","22:55:00",28,"Snack ",30,4.5,5,"motorcycle ",0,"No ","Urban ","Sunny","Low ",1
"30/03/2022","8:10:00","8:15:00",13,"Snack ",38,4.8,23,"motorcycle ",2,"No ","Metropolitian ","Sunny","Low ",1
"1/03/2022","20:55:00","21:00:00",19,"Snack ",26,4.7,9,"electric_scooter ",2,"No ","Metropolitian ","Stormy","Jam ",0
"20/03/2022","20:15:00","20:30:00",37,"Buffet ",26,5,1,"motorcycle ",0,"No ","Metropolitian ","Cloudy","Jam ",2
"4/03/2022","23:10:00","23:15:00",24,"Drinks ",36,4.7,23,"scooter ",2,"No ","Urban ","Stormy","Low ",0
"2/03/2022","17:20:00","17:35:00",20,"Drinks ",30,4.7,13,"scooter ",1,"No ","Metropolitian ","Sunny","Medium ",0
"9/03/2022","13:00:00","13:15:00",33,"Snack ",25,4.1,13,"scooter ",2,"No ","Metropolitian ","Cloudy","High ",1
"4/04/2022","21:35:00","21:50:00",26,"Snack ",27,4.8,16,"electric_scooter ",2,"No ","Metropolitian ","Windy","Jam ",1
"9/03/2022","17:15:00","17:30:00",25,"Buffet ",22,4.9,9,"scooter ",2,"No ","Metropolitian ","Windy","Medium ",1
"31/03/2022","21:35:00","21:50:00",14,"Drinks ",20,5,23,"scooter ",1,"No ","Metropolitian ","Sunny","Jam ",1
"18/02/2022","17:10:00","17:25:00",25,"Meal ",36,4.7,8,"motorcycle ",1,"No ","Metropolitian ","Fog","Medium ",1
"13/02/2022","16:20:00","16:25:00",25,"Drinks ",33,4.9,15,"motorcycle ",0,"No ","Urban ","Windy","Medium ",1
"29/03/2022","20:00:00","20:05:00",49,"Buffet ",36,4.9,4,"motorcycle ",0,"No ","Metropolitian ","Fog","Jam ",2
"13/03/2022","15:15:00","15:20:00",21,"Buffet ",27,4.8,18,"scooter ",2,"No ","Urban ","Stormy","Medium ",0
"27/03/2022","17:45:00","18:00:00",22,"Buffet ",33,4.6,17,"motorcycle ",1,"No ","Metropolitian ","Sandstorms","Medium ",1
"3/03/2022","17:20:00","17:25:00",25,"Buffet ",27,4.8,17,"motorcycle ",1,"No ","Metropolitian ","Stormy","Medium ",1
"20/03/2022","18:15:00","18:20:00",11,"Meal ",26,4.7,19,"scooter ",1,"No ","Urban ","Sunny","Medium ",1
"11/02/2022","11:45:00","12:00:00",21,"Meal ",26,4.8,17,"motorcycle ",2,"No ","Urban ","Fog","High ",1
"28/03/2022","21:30:00","21:35:00",25,"Buffet ",22,4.7,13,"motorcycle ",0,"No ","Metropolitian ","Stormy","Jam ",1
"5/03/2022","9:25:00","9:30:00",14,"Buffet ",39,5,23,"scooter ",2,"No ","Metropolitian ","Sunny","Low ",1
"30/03/2022","17:40:00","17:50:00",33,"Snack ",34,4,9,"motorcycle ",0,"No ","Metropolitian ","Sandstorms","Medium ",1
"18/03/2022","19:20:00","19:30:00",35,"Snack ",21,4.1,5,"motorcycle ",0,"No ","Urban ","Windy","Jam ",1
"24/03/2022","20:10:00","20:25:00",27,"Drinks ",37,4.6,22,"motorcycle ",0,"No ","Metropolitian ","Fog","Jam ",0
"2/04/2022","22:30:00","22:40:00",16,"Meal ",28,4.7,23,"motorcycle ",2,"No ","Urban ","Stormy","Low ",0
"17/03/2022","11:00:00","11:15:00",19,"Snack ",26,4.8,11,"motorcycle ",0,"No ","Metropolitian ","Fog","Low ",0
"5/03/2022","14:50:00","15:00:00",53,"Buffet ",28,4.1,3,"motorcycle ",0,"Yes ","Semi-Urban ","Sunny","High ",3
"18/02/2022","18:15:00","18:20:00",31,"Meal ",25,4.9,2,"motorcycle ",1,"No ","Metropolitian ","Fog","Medium ",1
"18/03/2022","21:45:00","21:55:00",29,"Drinks ",39,4.9,2,"scooter ",1,"No ","Metropolitian ","Stormy","Jam ",1
"21/03/2022","17:30:00","17:35:00",20,"Drinks ",39,4.6,22,"motorcycle ",0,"No ","Metropolitian ","Sunny","Medium ",1
"14/03/2022","19:55:00","20:00:00",37,"Buffet ",35,4.3,14,"motorcycle ",0,"No ","Metropolitian ","Stormy","Jam ",0
"18/02/2022","22:15:00","22:20:00",27,"Drinks ",21,5,6,"motorcycle ",0,"No ","Metropolitian ","Fog","Low ",1
"2/03/2022","21:25:00","21:40:00",28,"Snack ",32,4.9,15,"motorcycle ",0,"No ","Urban ","Sunny","Jam ",0
"3/03/2022","18:35:00","18:40:00",28,"Drinks ",38,4.6,22,"scooter ",2,"No ","Urban ","Stormy","Medium ",1
"5/04/2022","23:55:00","0:00:00",13,"Buffet ",26,4.9,15,"motorcycle ",1,"No ","Metropolitian ","Cloudy","Low ",0
"10/03/2022","23:30:00","23:35:00",21,"Drinks ",23,4.8,19,"motorcycle ",1,"No ","Urban ","Cloudy","Low ",1
"12/03/2022","19:55:00","20:10:00",15,"Snack ",21,5,17,"motorcycle ",0,"No ","Urban ","Sunny","Jam ",1
"9/03/2022","23:40:00","23:55:00",16,"Snack ",21,4.9,18,"motorcycle ",1,"No ","Metropolitian ","Sunny","Low ",0
"16/03/2022","22:30:00","22:45:00",19,"Meal ",26,5,17,"motorcycle ",2,"No ","Urban ","Stormy","Low ",1
"12/03/2022","20:00:00","20:10:00",23,"Buffet ",27,4.9,23,"scooter ",2,"No ","Metropolitian ","Windy","Jam ",0
"3/04/2022","17:35:00","17:40:00",18,"Meal ",36,4.9,23,"electric_scooter ",2,"No ","Metropolitian ","Cloudy","Medium ",1
"11/02/2022","10:30:00","10:40:00",19,"Drinks ",34,4.9,17,"scooter ",2,"No ","Urban ","Sunny","Low ",0
"4/04/2022","19:15:00","19:20:00",29,"Snack ",25,4.9,23,"motorcycle ",0,"No ","Metropolitian ","Windy","Jam ",1
"15/02/2022","11:20:00","11:30:00",25,"Drinks ",27,4.8,18,"scooter ",1,"No ","Urban ","Cloudy","High ",1
"18/03/2022","23:40:00","23:50:00",42,"Drinks ",38,4.9,15,"motorcycle ",0,"No ","Metropolitian ","Cloudy","Low ",1
"13/02/2022","22:15:00","22:20:00",29,"Snack ",31,4.8,6,"motorcycle ",1,"No ","Metropolitian ","Windy","Low ",1
"16/03/2022","23:30:00","23:35:00",29,"Drinks ",32,4.5,9,"electric_scooter ",2,"No ","Metropolitian ","Fog","Low ",1
"23/03/2022","20:30:00","20:35:00",42,"Buffet ",39,4.6,15,"electric_scooter ",2,"No ","Urban ","Cloudy","Jam ",1
"8/03/2022","20:45:00","21:00:00",44,"Buffet ",32,3.7,8,"motorcycle ",2,"No ","Metropolitian ","Sandstorms","Jam ",0
"17/02/2022","9:30:00","9:35:00",19,"Snack ",21,4.5,6,"motorcycle ",0,"No ","Urban ","Fog","Low ",0
"15/03/2022","8:20:00","8:35:00",23,"Buffet ",24,4.9,9,"motorcycle ",0,"No ","Metropolitian ","Cloudy","Low ",1
"26/03/2022","10:10:00","10:20:00",16,"Buffet ",25,4.6,23,"motorcycle ",2,"No ","Metropolitian ","Windy","Low ",1
"3/03/2022","20:40:00","20:50:00",28,"Buffet ",33,4.7,18,"scooter ",2,"No ","Metropolitian ","Fog","Jam ",1
"15/02/2022","0:00:00","0:10:00",16,"Drinks ",31,4.9,15,"scooter ",2,"No ","Urban ","Cloudy","Low ",1
"23/03/2022","18:45:00","18:55:00",39,"Meal ",34,4.2,5,"scooter ",2,"No ","Metropolitian ","Cloudy","Medium ",2
"26/03/2022","9:00:00","9:10:00",19,"Snack ",24,4.6,15,"scooter ",1,"No ","Metropolitian ","Windy","Low ",0
"27/03/2022","17:30:00","17:35:00",33,"Buffet ",27,4.4,2,"motorcycle ",0,"No ","Metropolitian ","Stormy","Medium ",1
"25/03/2022","22:10:00","22:15:00",15,"Buffet ",24,4.8,16,"motorcycle ",1,"No ","Urban ","Sandstorms","Low ",1
"11/02/2022","9:00:00","9:10:00",27,"Buffet ",38,4,13,"motorcycle ",0,"No ","Metropolitian ","Sandstorms","Low ",1
"5/03/2022","14:35:00","14:50:00",33,"Meal ",29,4.8,16,"motorcycle ",1,"No ","Metropolitian ","Sunny","High ",2
"14/03/2022","18:15:00","18:20:00",41,"Snack ",35,4.8,18,"motorcycle ",0,"No ","Metropolitian ","Sandstorms","Medium ",1
"5/04/2022","8:45:00","8:50:00",20,"Snack ",22,4.8,18,"motorcycle ",1,"No ","Urban ","Sunny","Low ",1
"25/03/2022","18:20:00","18:35:00",31,"Drinks ",35,4.4,11,"motorcycle ",1,"No ","Metropolitian ","Stormy","Medium ",1
"15/03/2022","15:10:00","15:25:00",20,"Buffet ",20,4.8,23,"motorcycle ",0,"No ","Metropolitian ","Windy","Medium ",1
"28/03/2022","22:00:00","22:10:00",31,"Buffet ",31,4.8,9,"motorcycle ",1,"No ","Metropolitian ","Stormy","Jam ",0
"18/02/2022","21:10:00","21:15:00",27,"Meal ",21,4.5,4,"motorcycle ",0,"No ","Metropolitian ","Sandstorms","Jam ",1
"15/03/2022","21:30:00","21:45:00",33,"Snack ",31,4.8,23,"scooter ",2,"No ","Metropolitian ","Stormy","Jam ",0
"4/04/2022","19:15:00","19:20:00",17,"Meal ",21,5,19,"motorcycle ",2,"No ","Urban ","Sunny","Jam ",1
"3/04/2022","22:30:00","22:40:00",19,"Snack ",28,4.6,21,"motorcycle ",2,"No ","Metropolitian ","Cloudy","Low ",0
"16/03/2022","18:45:00","19:00:00",30,"Meal ",33,4.7,19,"electric_scooter ",2,"No ","Urban ","Fog","Medium ",1
"13/02/2022","8:10:00","8:25:00",14,"Snack ",29,4.9,6,"electric_scooter ",2,"No ","Metropolitian ","Sandstorms","Low ",0
"11/03/2022","9:20:00","9:25:00",16,"Snack ",37,4.8,22,"electric_scooter ",2,"No ","Urban ","Cloudy","Low ",1
"14/02/2022","21:35:00","21:40:00",49,"Drinks ",31,4.8,3,"scooter ",1,"Yes ","Metropolitian ","Fog","Jam ",2
"29/03/2022","21:15:00","21:30:00",37,"Meal ",31,4.1,7,"electric_scooter ",2,"No ","Metropolitian ","Stormy","Jam ",2
"21/03/2022","19:30:00","19:45:00",29,"Meal ",37,4.5,5,"motorcycle ",0,"No ","Metropolitian ","Sunny","Jam ",0
"27/03/2022","21:55:00","22:10:00",28,"Snack ",24,4.5,21,"scooter ",1,"No ","Metropolitian ","Stormy","Jam ",1
"29/03/2022","19:10:00","19:20:00",46,"Drinks ",34,4.4,7,"motorcycle ",0,"No ","Metropolitian ","Windy","Jam ",1
"17/02/2022","22:35:00","22:50:00",15,"Meal ",33,4.7,23,"motorcycle ",2,"No ","Urban ","Fog","Low ",0
"5/03/2022","8:45:00","8:50:00",11,"Buffet ",21,4.6,21,"motorcycle ",1,"No ","Urban ","Sandstorms","Low ",0
"4/03/2022","22:10:00","22:20:00",10,"Meal ",27,4.6,22,"motorcycle ",1,"No ","Metropolitian ","Windy","Low ",1
"16/03/2022","22:25:00","22:35:00",39,"Buffet ",32,4.2,8,"scooter ",2,"No ","Metropolitian ","Fog","Low ",0
"13/03/2022","20:40:00","20:55:00",28,"Meal ",26,4.8,21,"motorcycle ",0,"No ","Metropolitian ","Fog","Jam ",1
"12/02/2022","17:45:00","18:00:00",41,"Buffet ",36,4.7,4,"motorcycle ",0,"No ","Metropolitian ","Stormy","Medium ",1
"14/03/2022","19:35:00","19:45:00",29,"Buffet ",28,4.9,22,"motorcycle ",0,"No ","Metropolitian ","Stormy","Jam ",1
"12/03/2022","18:15:00","18:25:00",24,"Snack ",29,4.6,21,"motorcycle ",0,"No ","Metropolitian ","Sunny","Medium ",0
"29/03/2022","18:00:00","18:10:00",35,"Drinks ",39,4.6,13,"motorcycle ",0,"No ","Metropolitian ","Sunny","Medium ",1
"15/03/2022","11:15:00","11:25:00",10,"Meal ",28,4.9,22,"scooter ",2,"No ","Urban ","Sandstorms","High ",0
"13/03/2022","19:25:00","19:40:00",18,"Drinks ",27,4.7,16,"scooter ",2,"No ","Metropolitian ","Windy","Jam ",1
"24/03/2022","17:20:00","17:30:00",31,"Meal ",34,4.7,3,"motorcycle ",0,"No ","Metropolitian ","Fog","Medium ",1
"19/03/2022","23:30:00","23:35:00",21,"Snack ",35,4.8,15,"scooter ",2,"No ","Metropolitian ","Sandstorms","Low ",0
"5/04/2022","10:45:00","11:00:00",16,"Meal ",24,4.8,18,"scooter ",1,"No ","Urban ","Sunny","Low ",0
"15/03/2022","21:30:00","21:35:00",13,"Meal ",25,4.9,12,"motorcycle ",1,"No ","Metropolitian ","Sandstorms","Jam ",1
"21/03/2022","18:35:00","18:45:00",24,"Meal ",27,4.8,23,"motorcycle ",2,"No ","Urban ","Stormy","Medium ",0
"3/04/2022","13:45:00","13:55:00",33,"Drinks ",39,5,6,"scooter ",2,"No ","Metropolitian ","Stormy","High ",1
"29/03/2022","22:45:00","23:00:00",13,"Snack ",23,4.6,18,"scooter ",1,"No ","Metropolitian ","Stormy","Low ",0
"5/04/2022","14:50:00","15:05:00",25,"Buffet ",22,5,21,"scooter ",1,"No ","Metropolitian ","Cloudy","High ",1
"26/03/2022","23:55:00","0:10:00",25,"Snack ",35,4.7,18,"motorcycle ",1,"No ","Metropolitian ","Sandstorms","Low ",1
"27/03/2022","22:35:00","22:40:00",18,"Meal ",30,4.8,18,"scooter ",1,"No ","Metropolitian ","Sandstorms","Low ",0
"31/03/2022","17:45:00","18:00:00",19,"Meal ",20,4.9,23,"electric_scooter ",2,"No ","Metropolitian ","Windy","Medium ",1
"6/04/2022","19:45:00","20:00:00",36,"Buffet ",36,4.1,2,"scooter ",2,"No ","Metropolitian ","Stormy","Jam ",1
"21/03/2022","11:10:00","11:25:00",36,"Buffet ",31,5,22,"motorcycle ",1,"No ","Urban ","Fog","High ",1
"7/03/2022","16:25:00","16:30:00",25,"Drinks ",30,4.9,13,"motorcycle ",0,"No ","Metropolitian ","Sunny","Medium ",1
"19/03/2022","17:20:00","17:25:00",26,"Drinks ",30,4.7,5,"motorcycle ",0,"No ","Metropolitian ","Cloudy","Medium ",0
"13/02/2022","8:55:00","9:00:00",16,"Buffet ",34,5,18,"scooter ",1,"No ","Urban ","Cloudy","Low ",1
"6/04/2022","18:40:00","18:45:00",18,"Snack ",23,4.8,16,"scooter ",1,"No ","Metropolitian ","Sunny","Medium ",0
"2/04/2022","23:10:00","23:15:00",24,"Meal ",21,4.6,19,"motorcycle ",0,"No ","Metropolitian ","Fog","Low ",1
"21/03/2022","10:45:00","11:00:00",26,"Drinks ",36,4.1,17,"motorcycle ",0,"No ","Metropolitian ","Stormy","Low ",0
"6/03/2022","17:45:00","18:00:00",44,"Meal ",25,4.8,9,"motorcycle ",0,"No ","Metropolitian ","Fog","Medium ",2
"3/04/2022","10:55:00","11:05:00",19,"Meal ",29,4.8,16,"scooter ",1,"No ","Urban ","Cloudy","Low ",1
"21/03/2022","13:25:00","13:40:00",29,"Snack ",31,4.6,11,"motorcycle ",2,"No ","Metropolitian ","Windy","High ",1
"23/03/2022","22:20:00","22:25:00",23,"Buffet ",20,4.8,16,"motorcycle ",2,"No ","Metropolitian ","Cloudy","Low ",1
"1/04/2022","22:55:00","23:05:00",20,"Snack ",27,4.8,2,"motorcycle ",1,"No ","Urban ","Sunny","Low ",1
"12/03/2022","23:40:00","23:45:00",27,"Drinks ",33,4.6,16,"scooter ",1,"No ","Metropolitian ","Sandstorms","Low ",1
"12/03/2022","20:30:00","20:40:00",16,"Buffet ",22,4.9,14,"scooter ",2,"No ","Metropolitian ","Stormy","Jam ",0
"13/03/2022","11:25:00","11:40:00",30,"Meal ",30,4.8,13,"motorcycle ",0,"No ","Metropolitian ","Cloudy","High ",0
"19/03/2022","17:10:00","17:15:00",26,"Drinks ",38,4.6,16,"motorcycle ",0,"No ","Urban ","Cloudy","Medium ",0
"18/03/2022","22:20:00","22:30:00",20,"Meal ",20,4.7,22,"scooter ",1,"No ","Urban ","Cloudy","Low ",0
"18/02/2022","21:00:00","21:10:00",39,"Drinks ",27,4.9,6,"motorcycle ",0,"No ","Metropolitian ","Sandstorms","Jam ",2
"11/03/2022","23:35:00","23:50:00",19,"Meal ",22,4.5,9,"motorcycle ",0,"No ","Metropolitian ","Cloudy","Low ",0
"5/03/2022","21:35:00","21:50:00",29,"Buffet ",29,4.5,22,"electric_scooter ",2,"No ","Metropolitian ","Windy","Jam ",1
"30/03/2022","12:30:00","12:45:00",27,"Meal ",30,4.8,23,"scooter ",2,"No ","Metropolitian ","Stormy","High ",0
"3/04/2022","11:35:00","11:40:00",32,"Snack ",26,4.1,14,"motorcycle ",0,"No ","Metropolitian ","Stormy","High ",1
"12/03/2022","17:25:00","17:30:00",17,"Drinks ",29,4.5,18,"scooter ",1,"No ","Metropolitian ","Sandstorms","Medium ",0
"5/04/2022","10:00:00","10:10:00",23,"Snack ",25,4.1,6,"motorcycle ",0,"No ","Metropolitian ","Windy","Low ",1
"30/03/2022","19:00:00","19:05:00",18,"Buffet ",31,4.7,9,"electric_scooter ",2,"No ","Metropolitian ","Sunny","Medium ",1
"21/03/2022","20:50:00","20:55:00",36,"Meal ",37,4,13,"scooter ",2,"No ","Metropolitian ","Cloudy","Jam ",2
"27/03/2022","23:30:00","23:45:00",35,"Drinks ",30,4.9,9,"motorcycle ",0,"No ","Metropolitian ","Cloudy","Low ",1
"1/04/2022","9:35:00","9:40:00",15,"Meal ",29,4.9,18,"scooter ",1,"No ","Urban ","Windy","Low ",0
"1/04/2022","20:15:00","20:25:00",25,"Snack ",35,4.8,23,"electric_scooter ",2,"No ","Metropolitian ","Stormy","Jam ",1
"1/04/2022","12:30:00","12:35:00",18,"Drinks ",23,4.6,22,"motorcycle ",0,"No ","Metropolitian ","Sandstorms","High ",1
"17/02/2022","11:20:00","11:25:00",31,"Drinks ",23,4.4,5,"motorcycle ",2,"No ","Metropolitian ","Sandstorms","High ",1
"24/03/2022","16:55:00","17:00:00",34,"Buffet ",36,4.2,4,"motorcycle ",1,"No ","Urban ","Stormy","Medium ",0
"3/04/2022","19:25:00","19:40:00",28,"Buffet ",33,4.7,23,"motorcycle ",0,"No ","Metropolitian ","Fog","Jam ",1
"24/03/2022","12:55:00","13:05:00",35,"Buffet ",36,4.9,7,"motorcycle ",0,"No ","Metropolitian ","Stormy","High ",0
"28/03/2022","19:45:00","20:00:00",25,"Meal ",28,4.7,13,"motorcycle ",0,"No ","Metropolitian ","Fog","Jam ",1
"2/03/2022","19:35:00","19:45:00",31,"Drinks ",28,4.4,9,"motorcycle ",1,"No ","Metropolitian ","Stormy","Jam ",1
"17/02/2022","8:35:00","8:40:00",20,"Meal ",37,4.7,4,"motorcycle ",0,"No ","Metropolitian ","Fog","Low ",0
"14/02/2022","21:35:00","21:50:00",39,"Buffet ",34,4,15,"scooter ",2,"No ","Metropolitian ","Fog","Jam ",0
"18/02/2022","23:10:00","23:15:00",24,"Snack ",32,4.6,6,"motorcycle ",0,"No ","Metropolitian ","Fog","Low ",1
"14/02/2022","23:55:00","0:10:00",21,"Snack ",35,4.7,23,"scooter ",1,"No ","Urban ","Windy","Low ",1
"3/04/2022","8:15:00","8:20:00",26,"Drinks ",35,4.9,17,"scooter ",2,"No ","Urban ","Sandstorms","Low ",1
"17/02/2022","10:10:00","10:25:00",11,"Buffet ",21,4.7,8,"scooter ",1,"No ","Metropolitian ","Sandstorms","Low ",0
"5/03/2022","16:20:00","16:35:00",31,"Buffet ",33,4.6,22,"scooter ",2,"No ","Metropolitian ","Stormy","Medium ",1
"29/03/2022","20:00:00","20:05:00",26,"Snack ",38,4.9,23,"scooter ",1,"No ","Metropolitian ","Stormy","Jam ",1
"19/03/2022","21:45:00","21:50:00",25,"Meal ",26,4.9,18,"scooter ",1,"No ","Metropolitian ","Stormy","Jam ",0
"15/02/2022","10:10:00","10:25:00",23,"Meal ",37,5,5,"scooter ",2,"No ","Metropolitian ","Windy","Low ",1
"7/03/2022","23:10:00","23:20:00",22,"Snack ",26,4.7,19,"motorcycle ",0,"No ","Urban ","Fog","Low ",1
"26/03/2022","13:30:00","13:40:00",15,"Meal ",39,4.8,12,"motorcycle ",1,"No ","Metropolitian ","Sunny","High ",1
"24/03/2022","23:35:00","23:45:00",10,"Meal ",23,4.8,21,"motorcycle ",2,"No ","Urban ","Cloudy","Low ",0
"20/03/2022","23:10:00","23:15:00",29,"Snack ",37,4.6,3,"motorcycle ",1,"No ","Metropolitian ","Stormy","Low ",1
"11/03/2022","9:20:00","9:35:00",15,"Snack ",33,5,18,"electric_scooter ",2,"No ","Urban ","Cloudy","Low ",0
"11/02/2022","11:50:00","11:55:00",34,"Snack ",39,4.2,7,"electric_scooter ",2,"No ","Metropolitian ","Windy","High ",2
"13/02/2022","8:20:00","8:25:00",17,"Meal ",35,4.9,5,"electric_scooter ",2,"No ","Metropolitian ","Fog","Low ",1
"2/03/2022","21:40:00","21:45:00",36,"Drinks ",36,4.2,7,"scooter ",2,"No ","Metropolitian ","Sandstorms","Jam ",1
"8/03/2022","23:00:00","23:05:00",10,"Buffet ",27,4.7,12,"motorcycle ",2,"No ","Metropolitian ","Windy","Low ",0
"29/03/2022","21:10:00","21:25:00",25,"Meal ",32,5,16,"scooter ",1,"No ","Metropolitian ","Sandstorms","Jam ",0
"13/02/2022","12:35:00","12:50:00",39,"Meal ",36,4.3,3,"scooter ",2,"No ","Urban ","Cloudy","High ",2
"18/03/2022","23:00:00","23:15:00",44,"Buffet ",22,2.6,22,"scooter ",1,"No ","Metropolitian ","Sunny","Low ",2
"30/03/2022","17:10:00","17:25:00",31,"Buffet ",37,4.1,8,"motorcycle ",0,"No ","Metropolitian ","Windy","Medium ",1
"6/04/2022","20:00:00","20:10:00",29,"Drinks ",28,4.9,16,"motorcycle ",0,"No ","Metropolitian ","Sandstorms","Jam ",1
"15/03/2022","23:00:00","23:15:00",16,"Drinks ",27,4.5,3,"motorcycle ",0,"No ","Urban ","Fog","Low ",0
"16/02/2022","23:00:00","23:15:00",11,"Snack ",24,4.6,15,"scooter ",1,"No ","Urban ","Windy","Low ",0
"3/04/2022","8:55:00","9:00:00",24,"Drinks ",33,4.7,19,"motorcycle ",0,"No ","Metropolitian ","Cloudy","Low ",0
"26/03/2022","23:15:00","23:30:00",25,"Meal ",37,4,13,"motorcycle ",0,"No ","Metropolitian ","Stormy","Low ",1
"15/02/2022","17:40:00","17:50:00",15,"Meal ",27,4.6,5,"scooter ",1,"No ","Metropolitian ","Fog","Medium ",0
"18/03/2022","21:45:00","21:55:00",29,"Drinks ",39,4.9,2,"scooter ",1,"No ","Metropolitian ","Stormy","Jam ",1
"9/03/2022","20:35:00","20:45:00",20,"Drinks ",29,4.6,18,"motorcycle ",2,"No ","Metropolitian ","Windy","Jam ",1
"28/03/2022","9:35:00","9:45:00",29,"Meal ",35,4.1,7,"motorcycle ",0,"No ","Metropolitian ","Sandstorms","Low ",1
"9/03/2022","11:45:00","12:00:00",27,"Snack ",31,4.6,16,"scooter ",1,"No ","Metropolitian ","Fog","High ",0
"8/03/2022","17:55:00","18:10:00",21,"Snack ",30,5,17,"motorcycle ",2,"No ","Urban ","Sandstorms","Medium ",0
"28/03/2022","21:35:00","21:45:00",10,"Meal ",20,4.5,3,"scooter ",1,"No ","Urban ","Sunny","Jam ",0
"3/04/2022","21:30:00","21:45:00",21,"Buffet ",20,4.9,23,"motorcycle ",2,"No ","Urban ","Fog","Jam ",0
"18/03/2022","23:55:00","0:10:00",24,"Drinks ",28,4.6,17,"motorcycle ",0,"No ","Urban ","Stormy","Low ",0
"1/04/2022","22:00:00","22:10:00",29,"Buffet ",36,4.7,3,"electric_scooter ",2,"No ","Metropolitian ","Stormy","Jam ",0
"6/03/2022","22:00:00","22:10:00",47,"Snack ",33,4.9,9,"scooter ",1,"No ","Metropolitian ","Sunny","Jam ",1
"26/03/2022","11:25:00","11:40:00",21,"Meal ",29,4.7,23,"motorcycle ",1,"No ","Metropolitian ","Fog","High ",1
"18/03/2022","23:15:00","23:25:00",15,"Buffet ",28,4.7,5,"motorcycle ",0,"No ","Metropolitian ","Stormy","Low ",1
"23/03/2022","18:10:00","18:20:00",17,"Drinks ",29,4.8,22,"electric_scooter ",2,"No ","Metropolitian ","Stormy","Medium ",0
"6/03/2022","19:35:00","19:40:00",22,"Snack ",25,4.9,12,"motorcycle ",1,"No ","Metropolitian ","Sunny","Jam ",0
"12/03/2022","19:20:00","19:30:00",19,"Drinks ",35,4.9,21,"motorcycle ",1,"No ","Metropolitian ","Sunny","Jam ",1
"11/02/2022","11:00:00","11:05:00",17,"Drinks ",27,4.7,2,"motorcycle ",0,"No ","Metropolitian ","Fog","Low ",1
"11/03/2022","10:25:00","10:40:00",18,"Buffet ",23,4.6,15,"motorcycle ",0,"No ","Metropolitian ","Sunny","Low ",1
"1/04/2022","21:35:00","21:40:00",27,"Drinks ",23,4.5,5,"motorcycle ",2,"No ","Urban ","Fog","Jam ",1
"6/03/2022","22:50:00","23:00:00",18,"Snack ",24,4.9,14,"motorcycle ",2,"No ","Metropolitian ","Sandstorms","Low ",1
"30/03/2022","21:15:00","21:25:00",26,"Buffet ",37,4.9,13,"motorcycle ",1,"No ","Metropolitian ","Windy","Jam ",0
"14/02/2022","23:10:00","23:15:00",26,"Meal ",30,4.7,7,"motorcycle ",0,"No ","Metropolitian ","Sunny","Low ",1
"14/03/2022","22:25:00","22:35:00",18,"Drinks ",28,4.6,17,"electric_scooter ",2,"No ","Metropolitian ","Windy","Low ",0
"29/03/2022","18:00:00","18:05:00",27,"Drinks ",25,4.9,15,"scooter ",1,"No ","Metropolitian ","Windy","Medium ",1
"1/04/2022","17:40:00","17:55:00",10,"Buffet ",23,4.9,21,"motorcycle ",2,"No ","Metropolitian ","Sunny","Medium ",0
"24/03/2022","22:25:00","22:40:00",31,"Drinks ",36,4.1,6,"motorcycle ",0,"No ","Metropolitian ","Sandstorms","Low ",1
"12/02/2022","21:35:00","21:45:00",30,"Meal ",30,4.6,21,"scooter ",1,"No ","Urban ","Sandstorms","Jam ",1
"5/03/2022","9:20:00","9:25:00",24,"Buffet ",32,4,7,"motorcycle ",0,"No ","Metropolitian ","Windy","Low ",1
"14/02/2022","23:40:00","23:45:00",27,"Drinks ",26,4.6,7,"scooter ",1,"No ","Metropolitian ","Fog","Low ",1
"18/03/2022","17:50:00","18:00:00",25,"Buffet ",24,4.6,6,"scooter ",1,"No ","Metropolitian ","Fog","Medium ",1
"4/04/2022","17:25:00","17:30:00",23,"Meal ",33,4.9,21,"motorcycle ",2,"No ","Metropolitian ","Sandstorms","Medium ",1
"15/03/2022","19:45:00","20:00:00",12,"Buffet ",25,4.6,22,"motorcycle ",2,"No ","Urban ","Sunny","Jam ",1
"14/02/2022","21:20:00","21:35:00",22,"Snack ",26,4.7,7,"electric_scooter ",2,"No ","Metropolitian ","Sunny","Jam ",0
"3/04/2022","14:00:00","14:05:00",29,"Drinks ",25,4.5,5,"motorcycle ",1,"No ","Metropolitian ","Sandstorms","High ",1
"14/03/2022","23:30:00","23:45:00",16,"Meal ",26,5,13,"motorcycle ",1,"No ","Metropolitian ","Stormy","Low ",0
"11/02/2022","18:15:00","18:20:00",21,"Snack ",27,4.7,17,"motorcycle ",1,"No ","Urban ","Sandstorms","Medium ",1
"9/03/2022","11:00:00","11:15:00",25,"Meal ",39,5,19,"motorcycle ",1,"No ","Metropolitian ","Stormy","Low ",1
"1/04/2022","8:15:00","8:20:00",27,"Snack ",31,4.5,18,"motorcycle ",0,"No ","Metropolitian ","Fog","Low ",1
"27/03/2022","17:25:00","17:30:00",27,"Drinks ",33,4.6,13,"scooter ",1,"No ","Metropolitian ","Sunny","Medium ",1
"2/04/2022","23:55:00","0:00:00",27,"Meal ",34,4.8,18,"electric_scooter ",2,"No ","Metropolitian ","Stormy","Low ",1
"15/02/2022","20:10:00","20:20:00",23,"Drinks ",25,5,9,"scooter ",2,"No ","Metropolitian ","Stormy","Jam ",1
"18/02/2022","22:35:00","22:50:00",27,"Meal ",36,5,2,"motorcycle ",0,"No ","Metropolitian ","Sandstorms","Low ",1
"19/03/2022","9:00:00","9:05:00",13,"Meal ",30,4.9,12,"scooter ",2,"No ","Metropolitian ","Sunny","Low ",0
"15/02/2022","16:45:00","16:55:00",29,"Snack ",37,4.9,5,"motorcycle ",0,"No ","Metropolitian ","Stormy","Medium ",1
"10/03/2022","18:15:00","18:25:00",28,"Drinks ",37,4.6,15,"motorcycle ",1,"No ","Metropolitian ","Stormy","Medium ",1
"16/02/2022","20:20:00","20:35:00",35,"Buffet ",28,4.7,7,"motorcycle ",0,"No ","Metropolitian ","Windy","Jam ",0
"25/03/2022","17:20:00","17:25:00",44,"Drinks ",37,4.7,11,"motorcycle ",1,"No ","Metropolitian ","Cloudy","Medium ",1
"24/03/2022","19:00:00","19:15:00",18,"Buffet ",34,4.6,13,"electric_scooter ",2,"No ","Metropolitian ","Cloudy","Medium ",1
"15/03/2022","15:10:00","15:20:00",17,"Snack ",20,5,16,"motorcycle ",1,"No ","Metropolitian ","Fog","Medium ",1
"14/02/2022","18:55:00","19:00:00",30,"Buffet ",35,5,3,"motorcycle ",0,"No ","Metropolitian ","Windy","Medium ",1
"31/03/2022","20:00:00","20:10:00",30,"Snack ",31,4.5,2,"motorcycle ",1,"No ","Metropolitian ","Sunny","Jam ",1
"27/03/2022","22:30:00","22:45:00",27,"Drinks ",33,4.8,22,"motorcycle ",1,"No ","Metropolitian ","Fog","Low ",1
"11/02/2022","19:25:00","19:30:00",29,"Drinks ",32,4.7,17,"motorcycle ",1,"No ","Urban ","Stormy","Jam ",1
"29/03/2022","20:50:00","21:00:00",31,"Meal ",22,4.9,7,"scooter ",1,"No ","Metropolitian ","Cloudy","Jam ",1
"17/03/2022","15:10:00","15:25:00",31,"Drinks ",34,5,16,"scooter ",1,"No ","Metropolitian ","Windy","Medium ",0
"14/02/2022","17:45:00","18:00:00",31,"Drinks ",34,4.9,18,"scooter ",1,"No ","Urban ","Cloudy","Medium ",1
"3/04/2022","20:50:00","20:55:00",27,"Meal ",38,4.6,23,"scooter ",1,"No ","Metropolitian ","Sandstorms","Jam ",1
"7/03/2022","15:55:00","16:05:00",25,"Buffet ",21,4.7,23,"motorcycle ",0,"No ","Metropolitian ","Fog","Medium ",1
"7/03/2022","20:10:00","20:15:00",30,"Buffet ",32,4.7,14,"motorcycle ",1,"No ","Metropolitian ","Fog","Jam ",1
"28/03/2022","9:20:00","9:35:00",14,"Snack ",22,4.9,15,"scooter ",2,"No ","Metropolitian ","Cloudy","Low ",0
"24/03/2022","8:50:00","9:00:00",16,"Buffet ",30,4.7,9,"scooter ",1,"No ","Metropolitian ","Sunny","Low ",1
"8/03/2022","19:25:00","19:35:00",35,"Drinks ",37,4.4,1,"scooter ",2,"No ","Urban ","Stormy","Jam ",0
"1/04/2022","21:20:00","21:35:00",26,"Drinks ",30,4.6,9,"motorcycle ",0,"No ","Metropolitian ","Cloudy","Jam ",0
"2/03/2022","23:55:00","0:10:00",26,"Meal ",31,4.6,16,"motorcycle ",0,"No ","Metropolitian ","Sunny","Low ",1
"13/03/2022","20:40:00","20:45:00",26,"Drinks ",26,4.6,13,"scooter ",1,"No ","Metropolitian ","Cloudy","Jam ",0
"29/03/2022","18:30:00","18:45:00",31,"Snack ",33,3.6,2,"motorcycle ",1,"No ","Metropolitian ","Stormy","Medium ",0
"23/03/2022","19:10:00","19:20:00",25,"Buffet ",35,5,17,"motorcycle ",1,"No ","Metropolitian ","Stormy","Jam ",1
"18/02/2022","20:10:00","20:20:00",39,"Meal ",30,4.8,6,"motorcycle ",0,"No ","Metropolitian ","Fog","Jam ",1
"14/03/2022","19:50:00","20:05:00",27,"Snack ",36,4.6,18,"motorcycle ",0,"No ","Metropolitian ","Sunny","Jam ",0
"12/03/2022","18:00:00","18:05:00",20,"Drinks ",21,4.9,16,"motorcycle ",0,"No ","Metropolitian ","Stormy","Medium ",1
"2/04/2022","22:00:00","22:05:00",42,"Snack ",35,3.6,1,"scooter ",2,"No ","Urban ","Windy","Jam ",1
"24/03/2022","9:25:00","9:35:00",15,"Snack ",28,4.6,19,"electric_scooter ",2,"No ","Metropolitian ","Sandstorms","Low ",0
"18/02/2022","17:35:00","17:50:00",27,"Drinks ",36,4.7,7,"scooter ",2,"No ","Metropolitian ","Fog","Medium ",1
"2/03/2022","22:15:00","22:25:00",35,"Buffet ",22,2.5,3,"motorcycle ",2,"No ","Metropolitian ","Sunny","Low ",1
"23/03/2022","18:55:00","19:00:00",35,"Drinks ",34,4.1,8,"motorcycle ",2,"No ","Metropolitian ","Windy","Medium ",2
"24/03/2022","10:10:00","10:20:00",29,"Snack ",31,4.9,7,"scooter ",2,"No ","Metropolitian ","Sandstorms","Low ",1
"1/03/2022","9:10:00","9:25:00",22,"Drinks ",32,4.5,14,"motorcycle ",0,"No ","Metropolitian ","Stormy","Low ",1
"13/03/2022","11:50:00","11:55:00",12,"Meal ",23,4.7,15,"scooter ",2,"No ","Metropolitian ","Stormy","High ",1
"13/03/2022","22:55:00","23:00:00",16,"Drinks ",38,4.6,9,"scooter ",1,"No ","Metropolitian ","Cloudy","Low ",0
"4/04/2022","22:35:00","22:40:00",17,"Snack ",21,4.7,9,"motorcycle ",2,"No ","Metropolitian ","Windy","Low ",1
"6/03/2022","23:00:00","23:10:00",28,"Snack ",39,4.6,9,"scooter ",1,"No ","Metropolitian ","Fog","Low ",1
"15/03/2022","10:15:00","10:25:00",29,"Meal ",32,4.8,9,"motorcycle ",1,"No ","Metropolitian ","Windy","Low ",1
"18/03/2022","20:10:00","20:15:00",33,"Buffet ",33,3.8,16,"motorcycle ",1,"No ","Metropolitian ","Sunny","Jam ",1
"16/03/2022","18:45:00","19:00:00",20,"Meal ",31,4.9,18,"electric_scooter ",2,"No ","Metropolitian ","Sandstorms","Medium ",1
"2/04/2022","22:20:00","22:35:00",29,"Buffet ",27,5,18,"motorcycle ",1,"No ","Urban ","Sunny","Low ",0
"21/03/2022","22:45:00","23:00:00",19,"Buffet ",23,4.6,22,"motorcycle ",0,"No ","Metropolitian ","Fog","Low ",1
"9/03/2022","20:50:00","21:05:00",47,"Snack ",37,4,6,"motorcycle ",0,"No ","Metropolitian ","Stormy","Jam ",1
"15/03/2022","16:40:00","16:50:00",19,"Buffet ",23,4.7,16,"motorcycle ",0,"No ","Urban ","Sunny","Medium ",1
"5/04/2022","8:15:00","8:25:00",26,"Drinks ",22,4,3,"motorcycle ",0,"No ","Metropolitian ","Stormy","Low ",1
"11/03/2022","11:10:00","11:15:00",26,"Snack ",34,4.8,14,"motorcycle ",1,"No ","Metropolitian ","Stormy","High ",1
"2/03/2022","23:55:00","0:00:00",23,"Buffet ",30,4.9,23,"scooter ",2,"No ","Metropolitian ","Sandstorms","Low ",1
"11/02/2022","11:40:00","11:50:00",21,"Snack ",20,4.7,16,"motorcycle ",1,"No ","Urban ","Fog","High ",0
"12/02/2022","21:25:00","21:30:00",15,"Meal ",25,4.8,9,"scooter ",1,"No ","Metropolitian ","Sandstorms","Jam ",0
"9/03/2022","22:20:00","22:25:00",24,"Buffet ",23,4.5,21,"motorcycle ",0,"No ","Metropolitian ","Cloudy","Low ",1
"6/04/2022","19:25:00","19:35:00",49,"Snack ",35,4.9,19,"motorcycle ",1,"Yes ","Metropolitian ","Cloudy","Jam ",3
"25/03/2022","17:30:00","17:35:00",20,"Snack ",29,4.6,22,"motorcycle ",2,"No ","Metropolitian ","Sandstorms","Medium ",0
"4/04/2022","20:20:00","20:30:00",53,"Meal ",33,4.3,11,"motorcycle ",0,"No ","Metropolitian ","Windy","Jam ",3
"15/03/2022","22:45:00","22:50:00",18,"Meal ",33,4.9,23,"scooter ",1,"No ","Metropolitian ","Fog","Low ",0
"14/03/2022","17:30:00","17:45:00",32,"Meal ",39,4,6,"motorcycle ",1,"No ","Metropolitian ","Fog","Medium ",2
"19/03/2022","11:30:00","11:45:00",22,"Drinks ",30,4.6,16,"electric_scooter ",2,"No ","Urban ","Sunny","High ",1
"27/03/2022","20:45:00","21:00:00",18,"Buffet ",26,4.6,14,"electric_scooter ",2,"No ","Metropolitian ","Windy","Jam ",0
"23/03/2022","22:55:00","23:05:00",27,"Snack ",37,5,21,"motorcycle ",0,"No ","Metropolitian ","Stormy","Low ",0
"12/02/2022","22:55:00","23:10:00",36,"Drinks ",39,5,7,"motorcycle ",0,"No ","Metropolitian ","Stormy","Low ",0
"26/03/2022","9:20:00","9:25:00",15,"Buffet ",28,4.9,16,"scooter ",1,"No ","Metropolitian ","Fog","Low ",0
"1/03/2022","17:40:00","17:50:00",20,"Meal ",29,4.6,21,"scooter ",2,"No ","Metropolitian ","Stormy","Medium ",1
"31/03/2022","21:10:00","21:15:00",44,"Buffet ",39,4.9,13,"motorcycle ",0,"No ","Metropolitian ","Windy","Jam ",1
"17/02/2022","10:15:00","10:25:00",16,"Meal ",27,4.7,15,"electric_scooter ",2,"No ","Urban ","Cloudy","Low ",1
"28/03/2022","11:40:00","11:50:00",30,"Buffet ",36,4.6,3,"motorcycle ",1,"No ","Metropolitian ","Sandstorms","High ",0
"31/03/2022","20:00:00","20:05:00",44,"Meal ",37,4.8,9,"scooter ",2,"No ","Metropolitian ","Fog","Jam ",1
"3/03/2022","18:25:00","18:30:00",25,"Snack ",20,4.6,23,"electric_scooter ",2,"No ","Metropolitian ","Windy","Medium ",1
"9/03/2022","22:15:00","22:30:00",16,"Meal ",27,4.5,4,"scooter ",1,"No ","Urban ","Sandstorms","Low ",0
"17/02/2022","20:35:00","20:50:00",30,"Drinks ",31,5,5,"motorcycle ",1,"No ","Metropolitian ","Fog","Jam ",1
"26/03/2022","23:30:00","23:35:00",24,"Meal ",36,4.7,23,"motorcycle ",0,"No ","Urban ","Fog","Low ",1
"26/03/2022","17:30:00","17:35:00",31,"Meal ",39,4,3,"scooter ",2,"No ","Metropolitian ","Stormy","Medium ",1
"12/03/2022","22:30:00","22:45:00",27,"Buffet ",24,4.8,18,"scooter ",1,"No ","Metropolitian ","Fog","Low ",1
"11/03/2022","18:20:00","18:30:00",21,"Meal ",27,4.6,18,"scooter ",2,"No ","Metropolitian ","Windy","Medium ",1
"30/03/2022","19:30:00","19:45:00",41,"Drinks ",31,4.3,2,"motorcycle ",0,"No ","Metropolitian ","Stormy","Jam ",1
"11/03/2022","20:30:00","20:40:00",29,"Drinks ",30,4.8,12,"scooter ",1,"No ","Metropolitian ","Fog","Jam ",0
"15/03/2022","9:50:00","9:55:00",20,"Drinks ",21,4.4,19,"motorcycle ",0,"No ","Metropolitian ","Sandstorms","Low ",1
"20/03/2022","21:30:00","21:35:00",31,"Buffet ",34,4.1,13,"electric_scooter ",2,"No ","Metropolitian ","Windy","Jam ",1
"2/04/2022","21:55:00","22:05:00",41,"Meal ",39,4.1,13,"scooter ",2,"No ","Metropolitian ","Windy","Jam ",0
"17/02/2022","21:50:00","21:55:00",20,"Drinks ",21,4.7,4,"motorcycle ",0,"No ","Metropolitian ","Fog","Jam ",0
"15/02/2022","21:40:00","21:50:00",25,"Snack ",34,4.8,2,"electric_scooter ",2,"No ","Metropolitian ","Sandstorms","Jam ",1
"14/03/2022","21:20:00","21:35:00",34,"Drinks ",38,4.3,16,"scooter ",2,"No ","Metropolitian ","Sandstorms","Jam ",0
"14/02/2022","21:50:00","22:05:00",36,"Buffet ",34,3.9,3,"scooter ",1,"No ","Urban ","Windy","Jam ",1
"14/03/2022","21:00:00","21:10:00",32,"Buffet ",32,4.2,7,"motorcycle ",1,"No ","Metropolitian ","Sunny","Jam ",1
"4/03/2022","22:20:00","22:30:00",28,"Drinks ",21,4.9,23,"electric_scooter ",2,"No ","Metropolitian ","Fog","Low ",0
"10/03/2022","23:15:00","23:30:00",35,"Snack ",30,3.7,7,"scooter ",1,"No ","Metropolitian ","Fog","Low ",0
"15/02/2022","11:20:00","11:35:00",16,"Meal ",26,4.9,7,"scooter ",2,"No ","Metropolitian ","Stormy","High ",0
"3/03/2022","8:35:00","8:40:00",24,"Snack ",35,4.5,13,"motorcycle ",0,"No ","Metropolitian ","Sunny","Low ",1
"1/03/2022","22:40:00","22:45:00",17,"Buffet ",27,4.7,9,"scooter ",1,"No ","Metropolitian ","Sandstorms","Low ",1
"3/03/2022","12:30:00","12:40:00",32,"Meal ",36,4,3,"motorcycle ",2,"No ","Metropolitian ","Windy","High ",1
"20/03/2022","18:45:00","19:00:00",28,"Drinks ",26,4.7,17,"scooter ",1,"No ","Metropolitian ","Cloudy","Medium ",1
"11/03/2022","17:10:00","17:15:00",24,"Snack ",29,4.7,18,"scooter ",1,"No ","Metropolitian ","Windy","Medium ",1
"9/03/2022","9:45:00","10:00:00",14,"Drinks ",29,4.9,16,"electric_scooter ",2,"No ","Metropolitian ","Windy","Low ",0
"16/02/2022","20:10:00","20:15:00",20,"Snack ",22,4.7,9,"electric_scooter ",2,"No ","Metropolitian ","Sunny","Jam ",0
"1/04/2022","8:10:00","8:25:00",22,"Snack ",29,4.6,23,"motorcycle ",0,"No ","Metropolitian ","Cloudy","Low ",0
"21/03/2022","8:55:00","9:10:00",24,"Snack ",37,4.9,23,"scooter ",2,"No ","Metropolitian ","Windy","Low ",1
"19/03/2022","15:40:00","15:55:00",10,"Snack ",23,4.7,1,"scooter ",2,"No ","Metropolitian ","Sunny","Medium ",0
"17/03/2022","9:10:00","9:20:00",19,"Drinks ",27,4.6,22,"motorcycle ",0,"No ","Urban ","Cloudy","Low ",1
"13/02/2022","21:20:00","21:30:00",34,"Snack ",23,4.7,18,"scooter ",2,"No ","Urban ","Cloudy","Jam ",1
"6/04/2022","17:15:00","17:30:00",27,"Snack ",32,4.6,15,"motorcycle ",2,"No ","Metropolitian ","Windy","Medium ",1
"18/02/2022","22:30:00","22:45:00",28,"Drinks ",20,4.7,18,"motorcycle ",0,"No ","Urban ","Sunny","Low ",1
"2/04/2022","23:10:00","23:15:00",25,"Meal ",34,5,21,"motorcycle ",0,"No ","Metropolitian ","Sandstorms","Low ",1
"11/03/2022","8:55:00","9:05:00",17,"Meal ",39,4.5,23,"electric_scooter ",2,"No ","Metropolitian ","Cloudy","Low ",1
"21/03/2022","19:20:00","19:35:00",35,"Snack ",30,4,4,"motorcycle ",1,"No ","Metropolitian ","Cloudy","Jam ",1
"15/02/2022","15:00:00","15:15:00",25,"Buffet ",30,4.9,2,"motorcycle ",0,"No ","Metropolitian ","Sunny","High ",1
"7/03/2022","8:15:00","8:30:00",17,"Meal ",28,4.9,16,"scooter ",1,"No ","Metropolitian ","Sunny","Low ",1
"16/02/2022","23:30:00","23:35:00",34,"Snack ",21,2.6,10,"motorcycle ",2,"No ","Metropolitian ","Sunny","Low ",1
"6/04/2022","18:55:00","19:05:00",30,"Snack ",21,4.9,19,"scooter ",2,"No ","Metropolitian ","Fog","Medium ",1
"23/03/2022","22:45:00","22:55:00",23,"Snack ",24,4.9,22,"motorcycle ",0,"No ","Urban ","Fog","Low ",0
"5/04/2022","10:25:00","10:40:00",20,"Drinks ",39,4.4,3,"motorcycle ",0,"No ","Metropolitian ","Windy","Low ",0
"31/03/2022","18:30:00","18:45:00",35,"Buffet ",31,4.3,11,"motorcycle ",0,"No ","Metropolitian ","Sunny","Medium ",1
"15/03/2022","14:25:00","14:30:00",16,"Snack ",25,4.5,2,"scooter ",1,"No ","Urban ","Windy","High ",1
"27/03/2022","17:45:00","18:00:00",21,"Snack ",37,5,19,"scooter ",2,"No ","Urban ","Stormy","Medium ",0
"5/04/2022","12:00:00","12:15:00",28,"Snack ",30,4.7,16,"scooter ",2,"No ","Urban ","Cloudy","High ",1
"9/03/2022","11:00:00","11:15:00",20,"Snack ",23,4.7,19,"motorcycle ",1,"No ","Urban ","Stormy","Low ",1
"19/03/2022","10:25:00","10:30:00",19,"Buffet ",31,4.6,22,"motorcycle ",1,"No ","Urban ","Cloudy","Low ",1
"4/04/2022","17:45:00","18:00:00",25,"Drinks ",29,4.7,22,"scooter ",1,"No ","Metropolitian ","Fog","Medium ",1
"13/03/2022","11:55:00","12:10:00",17,"Snack ",21,4.5,21,"scooter ",2,"No ","Metropolitian ","Sunny","High ",1
"15/03/2022","23:00:00","23:10:00",16,"Meal ",37,4.5,14,"scooter ",1,"No ","Metropolitian ","Fog","Low ",1
"14/02/2022","22:30:00","22:45:00",10,"Meal ",24,4.9,4,"electric_scooter ",2,"No ","Metropolitian ","Stormy","Low ",0
"3/04/2022","9:20:00","9:25:00",28,"Snack ",31,4.6,9,"motorcycle ",0,"No ","Metropolitian ","Fog","Low ",1
"2/04/2022","18:45:00","18:50:00",28,"Buffet ",21,4.6,19,"motorcycle ",0,"No ","Metropolitian ","Windy","Medium ",0
"15/02/2022","22:15:00","22:30:00",21,"Snack ",35,4.7,6,"motorcycle ",0,"No ","Metropolitian ","Fog","Low ",0
"18/03/2022","19:55:00","20:05:00",23,"Meal ",20,4.7,6,"electric_scooter ",2,"No ","Metropolitian ","Stormy","Jam ",1
"28/03/2022","12:10:00","12:20:00",25,"Buffet ",32,4.6,23,"scooter ",1,"No ","Metropolitian ","Sandstorms","High ",0
"11/03/2022","19:25:00","19:40:00",27,"Drinks ",24,4.9,15,"motorcycle ",1,"No ","Metropolitian ","Fog","Jam ",1
"16/02/2022","21:20:00","21:25:00",42,"Drinks ",24,4.7,3,"motorcycle ",0,"Yes ","Metropolitian ","Stormy","Jam ",2
"20/03/2022","19:25:00","19:35:00",44,"Snack ",34,4.2,2,"motorcycle ",0,"No ","Metropolitian ","Stormy","Jam ",1
"11/02/2022","10:50:00","11:05:00",23,"Drinks ",37,4.8,9,"motorcycle ",1,"No ","Metropolitian ","Windy","Low ",0
"14/03/2022","19:50:00","19:55:00",35,"Meal ",21,4.4,9,"motorcycle ",0,"No ","Metropolitian ","Stormy","Jam ",0
"18/03/2022","17:20:00","17:25:00",18,"Drinks ",24,4.8,1,"motorcycle ",0,"No ","Metropolitian ","Sunny","Medium ",1
"15/03/2022","20:50:00","20:55:00",28,"Snack ",20,4.6,23,"motorcycle ",1,"No ","Metropolitian ","Stormy","Jam ",0
"12/02/2022","22:20:00","22:30:00",14,"Drinks ",21,4.9,4,"motorcycle ",2,"No ","Metropolitian ","Windy","Low ",1
"15/03/2022","21:55:00","22:10:00",30,"Meal ",34,4.7,17,"scooter ",1,"No ","Urban ","Windy","Jam ",1
"8/03/2022","21:35:00","21:40:00",37,"Buffet ",38,4.8,17,"scooter ",2,"No ","Metropolitian ","Fog","Jam ",1
"2/04/2022","21:10:00","21:15:00",19,"Snack ",26,4.9,21,"electric_scooter ",2,"No ","Metropolitian ","Sandstorms","Jam ",1
"4/04/2022","18:40:00","18:55:00",12,"Buffet ",20,4.8,16,"electric_scooter ",2,"No ","Metropolitian ","Sunny","Medium ",0
"20/03/2022","19:25:00","19:30:00",39,"Snack ",30,4.9,1,"scooter ",1,"No ","Metropolitian ","Fog","Jam ",1
"21/03/2022","11:35:00","11:40:00",27,"Meal ",37,5,23,"motorcycle ",0,"No ","Urban ","Cloudy","High ",1
"16/02/2022","23:45:00","23:55:00",23,"Drinks ",25,4.6,4,"motorcycle ",0,"No ","Metropolitian ","Fog","Low ",1
"28/03/2022","14:50:00","15:00:00",11,"Drinks ",26,4.6,22,"scooter ",2,"No ","Urban ","Windy","High ",0
"1/03/2022","8:50:00","9:05:00",15,"Meal ",25,4.5,12,"scooter ",2,"No ","Metropolitian ","Sandstorms","Low ",0
"10/03/2022","23:10:00","23:20:00",25,"Buffet ",21,5,22,"motorcycle ",1,"No ","Metropolitian ","Cloudy","Low ",0
"11/03/2022","16:40:00","16:50:00",27,"Snack ",26,4.8,15,"scooter ",1,"No ","Metropolitian ","Windy","Medium ",1
"30/03/2022","9:25:00","9:35:00",22,"Buffet ",31,4.9,17,"motorcycle ",0,"No ","Metropolitian ","Fog","Low ",0
"23/03/2022","17:40:00","17:45:00",26,"Snack ",39,4.9,16,"scooter ",1,"No ","Metropolitian ","Windy","Medium ",1
"24/03/2022","17:55:00","18:00:00",20,"Drinks ",21,4.9,13,"scooter ",1,"No ","Metropolitian ","Sandstorms","Medium ",1
"2/03/2022","21:30:00","21:35:00",44,"Buffet ",25,4.9,22,"scooter ",1,"No ","Metropolitian ","Fog","Jam ",0
"14/03/2022","20:55:00","21:05:00",16,"Snack ",20,4.6,23,"scooter ",1,"No ","Urban ","Sandstorms","Jam ",0
"16/03/2022","23:20:00","23:35:00",35,"Meal ",37,4.9,19,"motorcycle ",0,"No ","Metropolitian ","Cloudy","Low ",1
"29/03/2022","0:00:00","0:10:00",37,"Meal ",33,3.8,8,"scooter ",2,"No ","Metropolitian ","Fog","Low ",0
"26/03/2022","20:25:00","20:40:00",21,"Buffet ",29,4.7,16,"motorcycle ",0,"No ","Metropolitian ","Cloudy","Jam ",0
"13/03/2022","13:40:00","13:55:00",23,"Buffet ",29,4.8,23,"motorcycle ",0,"No ","Metropolitian ","Cloudy","High ",1
"6/04/2022","20:35:00","20:45:00",42,"Meal ",39,4.9,22,"motorcycle ",0,"No ","Metropolitian ","Cloudy","Jam ",2
"5/04/2022","16:00:00","16:15:00",25,"Drinks ",28,4.7,22,"motorcycle ",0,"No ","Metropolitian ","Cloudy","Medium ",0
"10/03/2022","19:35:00","19:40:00",31,"Buffet ",33,4.3,2,"motorcycle ",2,"No ","Urban ","Sunny","Jam ",1
"1/04/2022","19:50:00","19:55:00",27,"Buffet ",21,4.6,22,"motorcycle ",0,"No ","Metropolitian ","Sandstorms","Jam ",1
"5/04/2022","19:50:00","20:05:00",34,"Drinks ",39,4.8,18,"scooter ",1,"No ","Metropolitian ","Fog","Jam ",1
"12/03/2022","20:50:00","20:55:00",48,"Snack ",26,4.7,9,"motorcycle ",0,"No ","Metropolitian ","Fog","Jam ",3
"3/04/2022","10:30:00","10:40:00",17,"Drinks ",33,5,22,"electric_scooter ",2,"No ","Metropolitian ","Cloudy","Low ",1
"12/03/2022","18:30:00","18:35:00",35,"Buffet ",28,4.9,9,"motorcycle ",0,"No ","Metropolitian ","Sandstorms","Medium ",1
"29/03/2022","21:15:00","21:20:00",38,"Snack ",32,4.9,1,"motorcycle ",0,"No ","Metropolitian ","Windy","Jam ",1
"8/03/2022","23:45:00","23:50:00",22,"Buffet ",29,4.9,16,"scooter ",2,"No ","Urban ","Stormy","Low ",1
"15/03/2022","14:35:00","14:45:00",31,"Drinks ",32,4.2,6,"motorcycle ",1,"No ","Metropolitian ","Stormy","High ",0
"2/03/2022","23:40:00","23:45:00",39,"Snack ",21,2.6,13,"scooter ",1,"No ","Metropolitian ","Sunny","Low ",0
"9/03/2022","21:40:00","21:55:00",32,"Meal ",28,4.6,17,"scooter ",2,"No ","Metropolitian ","Fog","Jam ",1
"13/03/2022","19:10:00","19:20:00",36,"Buffet ",34,4.9,19,"scooter ",2,"No ","Metropolitian ","Fog","Jam ",1
"18/02/2022","20:10:00","20:15:00",20,"Drinks ",25,4.5,7,"scooter ",2,"No ","Metropolitian ","Fog","Jam ",1
"13/02/2022","23:35:00","23:50:00",22,"Meal ",36,4.7,18,"motorcycle ",1,"No ","Urban ","Stormy","Low ",1
"12/03/2022","23:40:00","23:55:00",28,"Snack ",21,4.7,21,"scooter ",1,"No ","Metropolitian ","Sunny","Low ",1
"14/03/2022","18:20:00","18:30:00",29,"Meal ",34,4.5,15,"scooter ",2,"No ","Metropolitian ","Sandstorms","Medium ",1
"24/03/2022","17:45:00","17:50:00",29,"Snack ",35,4.8,9,"scooter ",1,"No ","Metropolitian ","Stormy","Medium ",1
"18/02/2022","21:55:00","22:00:00",47,"Snack ",32,4.9,5,"motorcycle ",1,"No ","Metropolitian ","Sandstorms","Jam ",1
"16/02/2022","20:00:00","20:10:00",40,"Meal ",30,4.3,2,"scooter ",2,"No ","Metropolitian ","Fog","Jam ",1
"16/02/2022","21:15:00","21:30:00",54,"Meal ",38,4.8,5,"motorcycle ",0,"Yes ","Metropolitian ","Windy","Jam ",3
"2/03/2022","23:25:00","23:35:00",24,"Drinks ",31,4.7,15,"scooter ",1,"No ","Metropolitian ","Windy","Low ",1
"1/04/2022","8:45:00","8:55:00",29,"Drinks ",38,4.7,13,"motorcycle ",2,"No ","Metropolitian ","Sandstorms","Low ",1
"5/04/2022","22:10:00","22:25:00",19,"Snack ",27,4.6,22,"motorcycle ",0,"No ","Urban ","Sunny","Low ",0
"6/04/2022","18:10:00","18:20:00",23,"Buffet ",21,5,17,"scooter ",2,"No ","Metropolitian ","Sandstorms","Medium ",1
"6/04/2022","22:55:00","23:05:00",19,"Snack ",21,4.9,19,"scooter ",2,"No ","Urban ","Sandstorms","Low ",1
"13/02/2022","10:55:00","11:10:00",21,"Buffet ",35,4.9,5,"scooter ",2,"No ","Metropolitian ","Sandstorms","Low ",0
"3/03/2022","21:30:00","21:40:00",20,"Meal ",23,4.8,17,"motorcycle ",0,"No ","Metropolitian ","Sandstorms","Jam ",1
"17/03/2022","11:40:00","11:45:00",44,"Drinks ",31,4.7,23,"motorcycle ",0,"No ","Metropolitian ","Windy","High ",0
"18/03/2022","19:40:00","19:55:00",25,"Buffet ",31,4.7,22,"motorcycle ",1,"No ","Urban ","Sandstorms","Jam ",0
"6/03/2022","18:45:00","18:55:00",48,"Buffet ",36,4.5,22,"motorcycle ",0,"Yes ","Metropolitian ","Fog","Medium ",1
"30/03/2022","8:20:00","8:25:00",21,"Snack ",34,4.9,9,"motorcycle ",0,"No ","Metropolitian ","Sunny","Low ",1
"30/03/2022","10:00:00","10:05:00",11,"Meal ",24,4.6,2,"scooter ",2,"No ","Urban ","Windy","Low ",1
"2/04/2022","22:50:00","23:05:00",36,"Buffet ",23,3.3,4,"scooter ",1,"No ","Urban ","Sunny","Low ",0
"8/03/2022","21:25:00","21:35:00",17,"Drinks ",24,5,18,"electric_scooter ",2,"No ","Urban ","Stormy","Jam ",0
"17/03/2022","0:00:00","0:05:00",18,"Buffet ",28,4.7,18,"motorcycle ",0,"No ","Urban ","Cloudy","Low ",0
"12/02/2022","18:10:00","18:15:00",33,"Snack ",20,4.8,5,"scooter ",1,"No ","Metropolitian ","Fog","Medium ",0
"17/02/2022","20:00:00","20:05:00",27,"Meal ",39,4.7,2,"motorcycle ",2,"No ","Metropolitian ","Stormy","Jam ",1
"18/03/2022","21:45:00","22:00:00",29,"Meal ",27,4.6,7,"motorcycle ",0,"No ","Metropolitian ","Sandstorms","Jam ",1
"18/02/2022","18:40:00","18:50:00",44,"Snack ",35,4.9,2,"motorcycle ",0,"Yes ","Metropolitian ","Fog","Medium ",3
"11/02/2022","9:55:00","10:10:00",20,"Buffet ",33,4.3,4,"motorcycle ",0,"No ","Urban ","Sandstorms","Low ",1
"18/03/2022","17:35:00","17:45:00",38,"Buffet ",24,4.1,18,"scooter ",2,"No ","Metropolitian ","Cloudy","Medium ",2
"4/03/2022","18:50:00","18:55:00",48,"Meal ",36,4.9,19,"motorcycle ",0,"No ","Urban ","Windy","Medium ",2
"18/03/2022","21:20:00","21:35:00",40,"Meal ",32,5,18,"motorcycle ",0,"No ","Metropolitian ","Cloudy","Jam ",1
"20/03/2022","23:40:00","23:50:00",42,"Meal ",36,4.8,13,"motorcycle ",0,"No ","Metropolitian ","Fog","Low ",2
"5/04/2022","13:40:00","13:45:00",26,"Snack ",39,5,22,"motorcycle ",0,"No ","Metropolitian ","Cloudy","High ",1
"11/02/2022","18:30:00","18:45:00",19,"Snack ",22,4.9,7,"motorcycle ",1,"No ","Metropolitian ","Fog","Medium ",1
"2/04/2022","17:55:00","18:05:00",15,"Snack ",22,4.8,16,"motorcycle ",2,"No ","Urban ","Sunny","Medium ",0
"20/03/2022","17:10:00","17:20:00",31,"Meal ",21,4,4,"electric_scooter ",2,"No ","Metropolitian ","Cloudy","Medium ",1
"24/03/2022","14:25:00","14:30:00",14,"Meal ",26,4.8,23,"motorcycle ",2,"No ","Metropolitian ","Sandstorms","High ",0
"29/03/2022","22:00:00","22:10:00",41,"Meal ",30,4.1,7,"scooter ",2,"No ","Metropolitian ","Sandstorms","Jam ",1
"13/02/2022","9:45:00","9:55:00",20,"Drinks ",38,4.4,9,"motorcycle ",0,"No ","Metropolitian ","Sandstorms","Low ",1
"13/02/2022","15:55:00","16:00:00",22,"Buffet ",29,4.6,17,"motorcycle ",0,"No ","Urban ","Cloudy","Medium ",1
"12/03/2022","21:35:00","21:40:00",48,"Drinks ",23,4.9,9,"motorcycle ",0,"No ","Metropolitian ","Fog","Jam ",1
"1/03/2022","22:45:00","22:50:00",27,"Buffet ",34,4.9,12,"motorcycle ",0,"No ","Metropolitian ","Fog","Low ",1
"17/02/2022","20:20:00","20:35:00",17,"Drinks ",22,4.8,6,"scooter ",2,"No ","Metropolitian ","Sandstorms","Jam ",1
"9/03/2022","12:55:00","13:05:00",22,"Snack ",32,4.6,15,"scooter ",1,"No ","Metropolitian ","Sunny","High ",0
"6/04/2022","17:20:00","17:25:00",30,"Meal ",34,4.9,22,"motorcycle ",1,"No ","Metropolitian ","Fog","Medium ",1
"5/03/2022","12:35:00","12:50:00",12,"Buffet ",25,4.9,9,"electric_scooter ",2,"No ","Metropolitian ","Sunny","High ",1
"5/03/2022","21:15:00","21:25:00",15,"Drinks ",39,4.8,15,"electric_scooter ",2,"No ","Urban ","Stormy","Jam ",0
"5/03/2022","11:00:00","11:10:00",10,"Meal ",26,4.8,21,"motorcycle ",1,"No ","Metropolitian ","Windy","Low ",1
"31/03/2022","19:30:00","19:35:00",32,"Meal ",20,5,7,"motorcycle ",2,"No ","Metropolitian ","Fog","Jam ",1
"24/03/2022","17:45:00","18:00:00",26,"Drinks ",22,4.5,19,"motorcycle ",2,"No ","Metropolitian ","Windy","Medium ",1
"4/03/2022","17:30:00","17:35:00",29,"Drinks ",38,4.9,16,"motorcycle ",1,"No ","Metropolitian ","Sunny","Medium ",0
"10/03/2022","19:30:00","19:40:00",37,"Buffet ",27,4.3,13,"scooter ",1,"No ","Metropolitian ","Fog","Jam ",1
"8/03/2022","22:45:00","22:55:00",25,"Drinks ",28,4.6,9,"motorcycle ",1,"No ","Metropolitian ","Fog","Low ",0
"5/03/2022","8:40:00","8:45:00",18,"Snack ",32,4.5,3,"scooter ",2,"No ","Urban ","Stormy","Low ",0
"20/03/2022","20:30:00","20:45:00",42,"Snack ",31,4,9,"scooter ",2,"No ","Metropolitian ","Fog","Jam ",1
"6/04/2022","17:35:00","17:50:00",17,"Meal ",29,4.9,21,"motorcycle ",1,"No ","Metropolitian ","Sandstorms","Medium ",1
"5/03/2022","23:20:00","23:25:00",16,"Snack ",35,4.8,22,"motorcycle ",2,"No ","Metropolitian ","Sunny","Low ",0
"16/03/2022","22:00:00","22:05:00",45,"Meal ",27,4.8,14,"motorcycle ",0,"Yes ","Metropolitian ","Cloudy","Jam ",0
"4/04/2022","21:45:00","21:55:00",22,"Meal ",25,4.6,9,"scooter ",2,"No ","Metropolitian ","Stormy","Jam ",1
"21/03/2022","22:50:00","23:05:00",17,"Drinks ",32,4.5,6,"scooter ",1,"No ","Urban ","Fog","Low ",0
"19/03/2022","13:40:00","13:50:00",16,"Snack ",27,4.6,16,"motorcycle ",1,"No ","Metropolitian ","Sunny","High ",0
"23/03/2022","22:30:00","22:35:00",31,"Buffet ",37,4.1,4,"electric_scooter ",2,"No ","Urban ","Fog","Low ",1
"1/03/2022","13:55:00","14:05:00",38,"Meal ",35,4.2,5,"scooter ",2,"No ","Metropolitian ","Stormy","High ",1
"13/02/2022","9:10:00","9:15:00",19,"Buffet ",28,4.8,3,"motorcycle ",1,"No ","Metropolitian ","Sandstorms","Low ",1
"11/03/2022","16:35:00","16:40:00",33,"Meal ",37,4.4,16,"motorcycle ",2,"No ","Metropolitian ","Stormy","Medium ",1
"16/03/2022","17:10:00","17:20:00",48,"Meal ",31,4.2,3,"motorcycle ",0,"No ","Metropolitian ","Sandstorms","Medium ",0
"17/03/2022","12:50:00","12:55:00",17,"Meal ",29,4.6,4,"motorcycle ",2,"No ","Metropolitian ","Sandstorms","High ",0
"20/03/2022","21:30:00","21:40:00",26,"Drinks ",37,5,19,"scooter ",1,"No ","Urban ","Sandstorms","Jam ",1
"7/03/2022","8:30:00","8:45:00",13,"Meal ",28,4.8,12,"scooter ",1,"No ","Metropolitian ","Fog","Low ",0
"18/02/2022","19:00:00","19:10:00",30,"Snack ",25,4.9,7,"motorcycle ",2,"No ","Metropolitian ","Fog","Medium ",1
"6/03/2022","19:55:00","20:00:00",43,"Meal ",31,4.5,12,"motorcycle ",2,"No ","Metropolitian ","Stormy","Jam ",1
"21/03/2022","21:00:00","21:10:00",21,"Buffet ",21,4.6,19,"electric_scooter ",2,"No ","Urban ","Fog","Jam ",1
"5/04/2022","11:55:00","12:00:00",38,"Drinks ",33,4.8,16,"scooter ",1,"No ","Urban ","Fog","High ",1
"15/03/2022","23:25:00","23:30:00",23,"Meal ",24,5,17,"scooter ",1,"No ","Metropolitian ","Sunny","Low ",1
"15/03/2022","18:35:00","18:40:00",25,"Snack ",24,4.8,21,"scooter ",1,"No ","Urban ","Stormy","Medium ",0
"24/03/2022","18:40:00","18:45:00",24,"Meal ",37,4.9,19,"scooter ",1,"No ","Metropolitian ","Sunny","Medium ",1
"15/02/2022","19:35:00","19:40:00",26,"Buffet ",35,4.6,8,"motorcycle ",0,"No ","Metropolitian ","Fog","Jam ",1
"13/03/2022","20:40:00","20:45:00",29,"Buffet ",37,4.9,19,"scooter ",2,"No ","Metropolitian ","Cloudy","Jam ",1
"30/03/2022","22:50:00","23:05:00",23,"Meal ",22,4.9,9,"motorcycle ",2,"No ","Metropolitian ","Sunny","Low ",1
"15/03/2022","10:10:00","10:15:00",19,"Snack ",34,4.6,18,"scooter ",1,"No ","Metropolitian ","Fog","Low ",0
"17/03/2022","10:35:00","10:50:00",17,"Meal ",33,4.6,22,"scooter ",1,"No ","Metropolitian ","Cloudy","Low ",1
"2/03/2022","23:50:00","0:00:00",21,"Buffet ",23,4.6,21,"motorcycle ",0,"No ","Metropolitian ","Stormy","Low ",1
"29/03/2022","19:35:00","19:40:00",52,"Meal ",35,4.3,1,"motorcycle ",0,"Yes ","Metropolitian ","Sandstorms","Jam ",1
"13/03/2022","22:10:00","22:25:00",19,"Snack ",36,4.7,21,"electric_scooter ",2,"No ","Urban ","Fog","Low ",1
"14/02/2022","23:10:00","23:20:00",27,"Snack ",29,4.7,6,"motorcycle ",1,"No ","Metropolitian ","Stormy","Low ",1
"19/03/2022","10:35:00","10:50:00",26,"Drinks ",30,4.2,6,"motorcycle ",0,"No ","Metropolitian ","Stormy","Low ",1
"29/03/2022","21:30:00","21:45:00",46,"Meal ",36,4.8,3,"motorcycle ",1,"No ","Metropolitian ","Cloudy","Jam ",1
"16/03/2022","23:00:00","23:05:00",20,"Drinks ",25,4.6,23,"motorcycle ",1,"No ","Metropolitian ","Fog","Low ",1
"5/04/2022","11:35:00","11:45:00",42,"Snack ",22,4.5,3,"motorcycle ",0,"No ","Metropolitian ","Sunny","High ",1
"16/03/2022","20:35:00","20:40:00",17,"Meal ",24,4.7,21,"scooter ",2,"No ","Urban ","Windy","Jam ",1
"18/02/2022","22:20:00","22:30:00",18,"Buffet ",26,4.8,2,"motorcycle ",1,"No ","Metropolitian ","Fog","Low ",1
"13/03/2022","22:15:00","22:30:00",23,"Meal ",36,4.7,22,"motorcycle ",2,"No ","Metropolitian ","Stormy","Low ",1
"10/03/2022","21:15:00","21:30:00",44,"Meal ",34,3.5,13,"scooter ",2,"No ","Metropolitian ","Windy","Jam ",2
"24/03/2022","9:10:00","9:25:00",16,"Drinks ",25,4.5,19,"motorcycle ",2,"No ","Metropolitian ","Windy","Low ",0
"16/02/2022","19:40:00","19:50:00",40,"Buffet ",36,4.4,6,"motorcycle ",1,"No ","Metropolitian ","Sandstorms","Jam ",1
"9/03/2022","10:20:00","10:25:00",18,"Snack ",30,4.7,18,"motorcycle ",2,"No ","Urban ","Cloudy","Low ",0
"9/03/2022","21:10:00","21:15:00",16,"Snack ",37,4.9,23,"scooter ",2,"No ","Urban ","Sunny","Jam ",0
"1/03/2022","15:45:00","15:55:00",29,"Meal ",33,4.7,19,"motorcycle ",1,"No ","Metropolitian ","Windy","Medium ",1
"4/04/2022","22:50:00","23:05:00",37,"Buffet ",37,3.5,6,"scooter ",2,"No ","Urban ","Cloudy","Low ",1
"11/03/2022","12:00:00","12:10:00",13,"Drinks ",24,4.7,17,"electric_scooter ",2,"No ","Urban ","Sunny","High ",0
"14/03/2022","23:35:00","23:50:00",44,"Snack ",37,4.4,12,"motorcycle ",0,"No ","Metropolitian ","Fog","Low ",1
"24/03/2022","12:25:00","12:35:00",26,"Meal ",31,4.9,9,"scooter ",2,"No ","Metropolitian ","Stormy","High ",1
"17/03/2022","8:45:00","8:55:00",22,"Drinks ",31,4.8,18,"scooter ",1,"No ","Metropolitian ","Stormy","Low ",1
"3/04/2022","20:40:00","20:55:00",19,"Snack ",36,5,15,"scooter ",1,"No ","Urban ","Sunny","Jam ",1
"31/03/2022","23:00:00","23:15:00",15,"Drinks ",32,5,16,"motorcycle ",2,"No ","Metropolitian ","Sandstorms","Low ",1
"29/03/2022","23:25:00","23:30:00",18,"Drinks ",36,4.6,3,"motorcycle ",1,"No ","Urban ","Sunny","Low ",0
"5/03/2022","23:10:00","23:20:00",31,"Meal ",35,4.2,7,"motorcycle ",0,"No ","Metropolitian ","Sunny","Low ",1
"26/03/2022","17:30:00","17:40:00",29,"Buffet ",20,4.9,1,"motorcycle ",0,"No ","Metropolitian ","Windy","Medium ",1
"16/02/2022","17:55:00","18:00:00",28,"Drinks ",23,4.7,6,"scooter ",2,"No ","Metropolitian ","Fog","Medium ",1
"25/03/2022","21:10:00","21:25:00",43,"Drinks ",28,4.8,3,"motorcycle ",1,"No ","Metropolitian ","Cloudy","Jam ",3
"21/03/2022","9:15:00","9:30:00",16,"Drinks ",27,4.7,22,"scooter ",2,"No ","Metropolitian ","Windy","Low ",1
"27/03/2022","21:30:00","21:45:00",35,"Snack ",36,4.8,5,"scooter ",2,"No ","Metropolitian ","Fog","Jam ",2
"6/03/2022","23:55:00","0:05:00",18,"Drinks ",27,4.8,17,"motorcycle ",1,"No ","Metropolitian ","Sandstorms","Low ",1
"31/03/2022","20:20:00","20:30:00",34,"Snack ",24,4.4,2,"motorcycle ",2,"No ","Metropolitian ","Cloudy","Jam ",1
"11/03/2022","23:50:00","0:05:00",15,"Buffet ",37,4.7,16,"motorcycle ",1,"No ","Urban ","Fog","Low ",0
"9/03/2022","18:50:00","19:05:00",27,"Buffet ",33,5,23,"motorcycle ",0,"No ","Metropolitian ","Stormy","Medium ",1
"3/04/2022","15:50:00","16:00:00",23,"Meal ",26,4.8,9,"electric_scooter ",2,"No ","Metropolitian ","Windy","Medium ",1
"3/03/2022","11:20:00","11:25:00",25,"Snack ",29,4.7,16,"scooter ",1,"No ","Metropolitian ","Windy","High ",1
"29/03/2022","19:25:00","19:30:00",42,"Meal ",26,4.2,3,"scooter ",1,"No ","Metropolitian ","Fog","Jam ",1
"18/02/2022","17:25:00","17:40:00",33,"Buffet ",33,4.4,6,"motorcycle ",1,"No ","Metropolitian ","Sandstorms","Medium ",1
"3/04/2022","9:25:00","9:30:00",16,"Snack ",38,4.9,23,"scooter ",2,"No ","Metropolitian ","Sunny","Low ",1
"27/03/2022","23:45:00","0:00:00",27,"Meal ",32,4.8,19,"scooter ",1,"No ","Urban ","Sandstorms","Low ",1
"5/04/2022","12:30:00","12:40:00",35,"Buffet ",37,4.3,1,"scooter ",1,"No ","Metropolitian ","Fog","High ",2
"2/04/2022","21:25:00","21:40:00",47,"Snack ",39,4.3,5,"motorcycle ",0,"Yes ","Metropolitian ","Stormy","Jam ",2
"30/03/2022","11:00:00","11:05:00",16,"Buffet ",27,4,19,"motorcycle ",0,"No ","Metropolitian ","Sandstorms","Low ",1
"13/03/2022","13:00:00","13:15:00",31,"Buffet ",37,4.9,17,"scooter ",1,"No ","Metropolitian ","Windy","High ",1
"29/03/2022","23:10:00","23:20:00",38,"Meal ",34,4.5,5,"electric_scooter ",2,"No ","Metropolitian ","Fog","Low ",1
"12/03/2022","21:35:00","21:45:00",41,"Snack ",39,4.1,3,"scooter ",2,"No ","Urban ","Fog","Jam ",1
"16/02/2022","21:20:00","21:35:00",21,"Meal ",24,4.7,17,"motorcycle ",0,"No ","Urban ","Sunny","Jam ",0
"1/03/2022","11:15:00","11:20:00",41,"Meal ",38,4.2,13,"motorcycle ",0,"Yes ","Metropolitian ","Windy","High ",1
"15/03/2022","8:25:00","8:40:00",25,"Buffet ",39,4.7,16,"motorcycle ",0,"No ","Urban ","Fog","Low ",1
"13/03/2022","22:45:00","22:50:00",16,"Buffet ",21,4.9,19,"scooter ",1,"No ","Urban ","Sunny","Low ",1
"11/03/2022","13:30:00","13:35:00",38,"Meal ",37,4.8,15,"motorcycle ",0,"No ","Metropolitian ","Windy","High ",1
"12/02/2022","17:30:00","17:40:00",16,"Snack ",20,4.7,9,"scooter ",2,"No ","Metropolitian ","Sandstorms","Medium ",1
"18/02/2022","20:50:00","21:05:00",29,"Snack ",24,4.6,15,"scooter ",1,"No ","Urban ","Stormy","Jam ",1
"8/03/2022","22:45:00","22:55:00",17,"Snack ",23,4.6,21,"scooter ",1,"No ","Urban ","Stormy","Low ",0
"3/04/2022","9:55:00","10:10:00",21,"Meal ",39,4.8,16,"motorcycle ",0,"No ","Urban ","Sunny","Low ",0
"19/03/2022","22:55:00","23:10:00",21,"Snack ",28,4.6,1,"motorcycle ",0,"No ","Metropolitian ","Fog","Low ",1
"1/04/2022","10:45:00","10:55:00",23,"Snack ",31,4,9,"motorcycle ",0,"No ","Metropolitian ","Stormy","Low ",1
"18/02/2022","22:30:00","22:40:00",15,"Meal ",29,4.5,6,"motorcycle ",2,"No ","Metropolitian ","Sandstorms","Low ",1
"20/03/2022","21:30:00","21:35:00",46,"Drinks ",30,4.2,7,"scooter ",1,"Yes ","Metropolitian ","Fog","Jam ",3
"13/02/2022","17:20:00","17:35:00",17,"Snack ",28,4.6,6,"scooter ",2,"No ","Metropolitian ","Stormy","Medium ",1
"5/03/2022","23:40:00","23:45:00",11,"Drinks ",23,4.8,22,"scooter ",2,"No ","Urban ","Stormy","Low ",1
"5/03/2022","11:35:00","11:45:00",32,"Snack ",32,5,18,"motorcycle ",0,"No ","Metropolitian ","Fog","High ",1
"6/03/2022","21:30:00","21:40:00",43,"Buffet ",36,3.6,7,"motorcycle ",1,"No ","Metropolitian ","Sandstorms","Jam ",1
"12/03/2022","20:10:00","20:20:00",42,"Meal ",20,4.9,13,"motorcycle ",0,"No ","Metropolitian ","Cloudy","Jam ",2
"2/04/2022","21:10:00","21:15:00",39,"Drinks ",32,4.2,1,"motorcycle ",1,"No ","Metropolitian ","Sandstorms","Jam ",1
"15/02/2022","8:35:00","8:45:00",16,"Drinks ",24,4.6,16,"motorcycle ",0,"No ","Urban ","Sunny","Low ",1
"11/03/2022","8:55:00","9:00:00",12,"Snack ",39,5,18,"motorcycle ",1,"No ","Metropolitian ","Sunny","Low ",0
"4/04/2022","18:20:00","18:35:00",22,"Drinks ",21,4.8,21,"motorcycle ",0,"No ","Urban ","Sandstorms","Medium ",1
"5/04/2022","12:55:00","13:10:00",18,"Snack ",28,4.8,17,"motorcycle ",1,"No ","Metropolitian ","Sandstorms","High ",1
"18/02/2022","22:40:00","22:55:00",17,"Snack ",30,4.7,6,"electric_scooter ",2,"No ","Metropolitian ","Sandstorms","Low ",1
"28/03/2022","19:30:00","19:40:00",18,"Drinks ",26,4.6,17,"motorcycle ",0,"No ","Urban ","Stormy","Jam ",1
"4/03/2022","23:55:00","0:00:00",16,"Buffet ",29,4.8,22,"electric_scooter ",2,"No ","Metropolitian ","Stormy","Low ",1
"6/03/2022","21:45:00","22:00:00",44,"Drinks ",26,4.2,4,"scooter ",2,"No ","Metropolitian ","Fog","Jam ",1
"14/02/2022","22:00:00","22:05:00",35,"Snack ",32,4.4,6,"motorcycle ",1,"No ","Urban ","Sandstorms","Jam ",1
"15/03/2022","9:15:00","9:20:00",18,"Buffet ",36,4.9,12,"motorcycle ",1,"No ","Metropolitian ","Cloudy","Low ",0
"11/02/2022","12:30:00","12:45:00",26,"Buffet ",39,4.5,6,"motorcycle ",0,"No ","Metropolitian ","Fog","High ",1
"24/03/2022","21:15:00","21:25:00",11,"Meal ",24,4.7,18,"scooter ",2,"No ","Urban ","Sandstorms","Jam ",0
"31/03/2022","19:45:00","19:50:00",36,"Buffet ",20,4,16,"scooter ",1,"No ","Urban ","Fog","Jam ",1
"6/04/2022","18:35:00","18:50:00",35,"Meal ",38,3.7,4,"electric_scooter ",2,"No ","Metropolitian ","Sandstorms","Medium ",0
"5/04/2022","10:15:00","10:30:00",21,"Drinks ",23,4.9,17,"motorcycle ",0,"No ","Metropolitian ","Fog","Low ",1
"17/02/2022","20:30:00","20:40:00",34,"Drinks ",29,4.2,8,"scooter ",1,"No ","Metropolitian ","Fog","Jam ",0
"15/03/2022","23:45:00","23:55:00",12,"Buffet ",28,4.6,19,"scooter ",2,"No ","Metropolitian ","Sandstorms","Low ",1
"3/03/2022","18:00:00","18:15:00",18,"Meal ",29,4.8,18,"scooter ",2,"No ","Metropolitian ","Sunny","Medium ",1
"8/03/2022","20:40:00","20:45:00",44,"Drinks ",38,3.8,8,"scooter ",1,"No ","Metropolitian ","Sandstorms","Jam ",2
"2/03/2022","20:50:00","21:05:00",30,"Meal ",22,4.6,19,"scooter ",1,"No ","Metropolitian ","Fog","Jam ",0
"12/03/2022","17:25:00","17:35:00",25,"Drinks ",39,4.8,16,"motorcycle ",0,"No ","Metropolitian ","Sunny","Medium ",0
"23/03/2022","23:30:00","23:35:00",25,"Drinks ",31,4.8,23,"motorcycle ",0,"No ","Metropolitian ","Stormy","Low ",1
"15/02/2022","20:10:00","20:20:00",27,"Meal ",29,4.5,7,"scooter ",1,"No ","Metropolitian ","Fog","Jam ",1
"18/02/2022","22:55:00","23:05:00",41,"Drinks ",29,2.5,11,"scooter ",2,"Yes ","Metropolitian ","Fog","Low ",1
"26/03/2022","22:10:00","22:25:00",26,"Snack ",37,4.7,22,"motorcycle ",0,"No ","Metropolitian ","Cloudy","Low ",0
"21/03/2022","20:55:00","21:05:00",26,"Buffet ",30,4.7,13,"scooter ",2,"No ","Metropolitian ","Windy","Jam ",0
"29/03/2022","18:00:00","18:15:00",21,"Buffet ",29,4.6,2,"motorcycle ",0,"No ","Urban ","Stormy","Medium ",1
"1/04/2022","23:40:00","23:50:00",24,"Snack ",38,4.6,15,"electric_scooter ",2,"No ","Urban ","Stormy","Low ",0
"15/03/2022","12:20:00","12:30:00",25,"Snack ",24,4.9,21,"motorcycle ",0,"No ","Urban ","Cloudy","High ",1
"2/03/2022","19:00:00","19:10:00",48,"Meal ",38,4.7,22,"motorcycle ",0,"No ","Urban ","Cloudy","Medium ",0
"13/03/2022","12:25:00","12:35:00",22,"Drinks ",23,4.6,22,"motorcycle ",0,"No ","Urban ","Fog","High ",1
"27/03/2022","19:35:00","19:40:00",34,"Buffet ",22,4.2,4,"electric_scooter ",2,"No ","Metropolitian ","Fog","Jam ",1
"28/03/2022","10:15:00","10:25:00",18,"Snack ",22,4.5,1,"scooter ",2,"No ","Urban ","Fog","Low ",0
"17/02/2022","22:10:00","22:15:00",19,"Meal ",21,4.9,7,"motorcycle ",0,"No ","Metropolitian ","Stormy","Low ",1
"15/03/2022","15:40:00","15:55:00",24,"Buffet ",23,4.7,23,"scooter ",1,"No ","Metropolitian ","Stormy","Medium ",0
"13/03/2022","17:00:00","17:15:00",24,"Snack ",24,4.6,16,"scooter ",2,"No ","Metropolitian ","Sandstorms","Medium ",1
"11/03/2022","19:15:00","19:20:00",17,"Meal ",28,4.7,19,"motorcycle ",1,"No ","Urban ","Sunny","Jam ",1
"14/03/2022","17:25:00","17:40:00",35,"Drinks ",33,5,23,"motorcycle ",0,"No ","Metropolitian ","Sandstorms","Medium ",0
"10/03/2022","23:10:00","23:20:00",39,"Snack ",32,4.7,17,"motorcycle ",0,"No ","Urban ","Fog","Low ",0
"4/04/2022","19:50:00","19:55:00",29,"Buffet ",33,4.6,17,"scooter ",2,"No ","Metropolitian ","Sunny","Jam ",0
"19/03/2022","9:30:00","9:35:00",21,"Buffet ",35,4.1,13,"motorcycle ",0,"No ","Metropolitian ","Windy","Low ",1
"15/03/2022","14:45:00","14:55:00",26,"Snack ",22,4.9,16,"scooter ",2,"No ","Metropolitian ","Fog","High ",1
"13/03/2022","15:45:00","15:55:00",20,"Drinks ",30,4.6,14,"motorcycle ",1,"No ","Metropolitian ","Sunny","Medium ",1
"4/04/2022","19:30:00","19:35:00",38,"Drinks ",29,4.6,7,"motorcycle ",0,"No ","Metropolitian ","Fog","Jam ",1
"3/03/2022","8:10:00","8:20:00",18,"Meal ",21,4.8,13,"scooter ",2,"No ","Metropolitian ","Fog","Low ",1
"5/03/2022","19:50:00","19:55:00",27,"Snack ",29,4.6,13,"motorcycle ",1,"No ","Metropolitian ","Fog","Jam ",1
"3/04/2022","20:10:00","20:15:00",23,"Buffet ",36,4.5,23,"scooter ",1,"No ","Metropolitian ","Sunny","Jam ",0
"15/03/2022","16:55:00","17:00:00",33,"Snack ",32,4.6,18,"motorcycle ",0,"No ","Metropolitian ","Stormy","Medium ",1
"3/03/2022","8:50:00","8:55:00",19,"Buffet ",21,4.9,18,"scooter ",1,"No ","Metropolitian ","Sandstorms","Low ",1
"24/03/2022","16:45:00","16:55:00",31,"Drinks ",38,4,5,"motorcycle ",0,"No ","Metropolitian ","Sandstorms","Medium ",1
"18/02/2022","19:10:00","19:20:00",28,"Snack ",24,4.9,5,"motorcycle ",0,"No ","Metropolitian ","Fog","Jam ",1
"3/03/2022","11:15:00","11:25:00",12,"Buffet ",27,4.7,15,"motorcycle ",2,"No ","Metropolitian ","Windy","High ",0
"27/03/2022","20:10:00","20:15:00",17,"Buffet ",22,4.6,23,"motorcycle ",1,"No ","Urban ","Stormy","Jam ",0
"13/03/2022","18:20:00","18:30:00",32,"Snack ",37,4.4,18,"motorcycle ",1,"No ","Metropolitian ","Stormy","Medium ",0
"23/03/2022","20:55:00","21:05:00",50,"Buffet ",35,4,6,"motorcycle ",0,"No ","Semi-Urban ","Windy","Jam ",2
"21/03/2022","11:10:00","11:15:00",12,"Meal ",26,4.9,15,"motorcycle ",1,"No ","Metropolitian ","Stormy","High ",0
"1/04/2022","18:30:00","18:45:00",23,"Meal ",31,4.8,23,"scooter ",2,"No ","Metropolitian ","Sunny","Medium ",1
"18/03/2022","23:35:00","23:45:00",25,"Meal ",21,4.5,5,"scooter ",2,"No ","Urban ","Fog","Low ",1
"11/03/2022","10:15:00","10:20:00",21,"Buffet ",20,4.9,19,"scooter ",2,"No ","Metropolitian ","Sunny","Low ",0
"13/02/2022","8:20:00","8:25:00",17,"Meal ",35,4.9,5,"electric_scooter ",2,"No ","Metropolitian ","Fog","Low ",1
"13/03/2022","23:30:00","23:40:00",10,"Snack ",26,4.5,6,"motorcycle ",2,"No ","Urban ","Sandstorms","Low ",0
"2/03/2022","21:40:00","21:50:00",47,"Meal ",23,4.7,12,"motorcycle ",0,"No ","Metropolitian ","Fog","Jam ",2
"7/03/2022","23:10:00","23:25:00",18,"Meal ",23,4.5,15,"motorcycle ",2,"No ","Metropolitian ","Stormy","Low ",1
"2/03/2022","17:20:00","17:25:00",15,"Meal ",25,4.9,14,"scooter ",1,"No ","Metropolitian ","Sandstorms","Medium ",0
"14/02/2022","18:00:00","18:05:00",30,"Drinks ",35,4.6,17,"scooter ",1,"No ","Urban ","Stormy","Medium ",0
"8/03/2022","19:15:00","19:25:00",27,"Snack ",24,5,22,"motorcycle ",0,"No ","Metropolitian ","Sunny","Jam ",0
"3/03/2022","10:35:00","10:45:00",24,"Meal ",26,5,21,"motorcycle ",0,"No ","Metropolitian ","Stormy","Low ",0
"5/03/2022","23:50:00","0:00:00",16,"Buffet ",37,4.8,23,"motorcycle ",1,"No ","Metropolitian ","Sunny","Low ",0
"9/03/2022","13:45:00","14:00:00",39,"Meal ",33,4.1,11,"scooter ",1,"No ","Metropolitian ","Fog","High ",2
"15/03/2022","17:15:00","17:30:00",28,"Buffet ",23,4.9,14,"motorcycle ",0,"No ","Metropolitian ","Fog","Medium ",1
"14/02/2022","21:10:00","21:15:00",25,"Meal ",37,4.9,23,"scooter ",2,"No ","Urban ","Windy","Jam ",1
"5/03/2022","10:25:00","10:40:00",17,"Snack ",24,4.6,9,"electric_scooter ",2,"No ","Metropolitian ","Windy","Low ",1
"1/04/2022","19:45:00","20:00:00",29,"Buffet ",29,4.8,13,"motorcycle ",2,"No ","Metropolitian ","Cloudy","Jam ",1
"21/03/2022","8:20:00","8:35:00",18,"Drinks ",29,5,21,"motorcycle ",0,"No ","Urban ","Sunny","Low ",1
"2/04/2022","19:50:00","19:55:00",43,"Meal ",22,4,3,"scooter ",2,"No ","Metropolitian ","Cloudy","Jam ",1
"15/02/2022","11:50:00","12:00:00",29,"Drinks ",25,4.9,5,"scooter ",2,"No ","Metropolitian ","Stormy","High ",1
"28/03/2022","8:10:00","8:15:00",26,"Meal ",22,4.3,15,"motorcycle ",0,"No ","Metropolitian ","Windy","Low ",0
"15/03/2022","9:50:00","10:00:00",15,"Buffet ",21,4.6,18,"scooter ",2,"No ","Urban ","Cloudy","Low ",1
"17/02/2022","23:15:00","23:25:00",23,"Snack ",34,4.7,4,"motorcycle ",0,"No ","Metropolitian ","Stormy","Low ",1
"25/03/2022","22:30:00","22:45:00",19,"Drinks ",20,4.5,23,"motorcycle ",0,"No ","Metropolitian ","Sandstorms","Low ",1
"8/03/2022","17:55:00","18:00:00",25,"Drinks ",23,4.6,18,"scooter ",2,"No ","Metropolitian ","Windy","Medium ",1
"18/03/2022","17:45:00","17:55:00",15,"Drinks ",29,5,3,"motorcycle ",2,"No ","Metropolitian ","Windy","Medium ",1
"4/04/2022","21:25:00","21:40:00",10,"Buffet ",20,4.9,17,"scooter ",1,"No ","Metropolitian ","Sunny","Jam ",0
"2/03/2022","20:35:00","20:45:00",37,"Drinks ",36,4.9,16,"motorcycle ",0,"No ","Metropolitian ","Sandstorms","Jam ",1
"15/03/2022","11:35:00","11:40:00",29,"Drinks ",22,4.6,9,"motorcycle ",0,"No ","Metropolitian ","Fog","High ",1
"16/02/2022","23:40:00","23:55:00",21,"Snack ",27,4.5,7,"motorcycle ",0,"No ","Metropolitian ","Stormy","Low ",1
"5/04/2022","21:00:00","21:10:00",15,"Drinks ",37,4.6,19,"scooter ",1,"No ","Metropolitian ","Sunny","Jam ",1
"18/02/2022","22:35:00","22:40:00",23,"Drinks ",38,4.8,5,"motorcycle ",0,"No ","Metropolitian ","Sunny","Low ",0
"23/03/2022","22:40:00","22:55:00",23,"Drinks ",26,4.6,17,"scooter ",2,"No ","Metropolitian ","Cloudy","Low ",1
"2/04/2022","19:15:00","19:25:00",33,"Snack ",27,4.7,1,"motorcycle ",0,"No ","Metropolitian ","Sandstorms","Jam ",1
"17/02/2022","11:35:00","11:40:00",20,"Meal ",28,4.7,21,"motorcycle ",2,"No ","Urban ","Fog","High ",0
"12/02/2022","23:55:00","0:00:00",26,"Meal ",38,5,9,"motorcycle ",0,"No ","Metropolitian ","Sandstorms","Low ",1
"5/03/2022","22:10:00","22:25:00",28,"Meal ",35,4.8,23,"motorcycle ",0,"No ","Urban ","Stormy","Low ",1
"2/04/2022","21:10:00","21:15:00",39,"Drinks ",32,4.2,1,"motorcycle ",1,"No ","Metropolitian ","Sandstorms","Jam ",1
"17/03/2022","10:45:00","10:50:00",17,"Buffet ",27,4.9,17,"scooter ",1,"No ","Metropolitian ","Sunny","Low ",1
"24/03/2022","22:50:00","22:55:00",15,"Buffet ",39,4.5,23,"motorcycle ",2,"No ","Metropolitian ","Cloudy","Low ",0
"28/03/2022","11:30:00","11:45:00",21,"Snack ",37,4.7,23,"scooter ",2,"No ","Urban ","Sunny","High ",1
"14/02/2022","20:10:00","20:20:00",54,"Snack ",39,5,2,"motorcycle ",0,"No ","Metropolitian ","Fog","Jam ",0
"3/03/2022","9:40:00","9:50:00",19,"Buffet ",34,4.9,15,"motorcycle ",1,"No ","Metropolitian ","Stormy","Low ",0
"12/02/2022","20:55:00","21:00:00",31,"Snack ",33,4.7,2,"motorcycle ",0,"No ","Metropolitian ","Sunny","Jam ",1
"17/03/2022","20:40:00","20:55:00",22,"Snack ",28,4.6,23,"scooter ",2,"No ","Metropolitian ","Cloudy","Jam ",1
"12/03/2022","23:55:00","0:10:00",42,"Buffet ",31,4.1,8,"motorcycle ",0,"No ","Metropolitian ","Fog","Low ",1
"28/03/2022","18:20:00","18:35:00",18,"Meal ",39,4.9,16,"scooter ",1,"No ","Metropolitian ","Cloudy","Medium ",0
"3/03/2022","18:10:00","18:20:00",15,"Snack ",28,4.7,17,"motorcycle ",2,"No ","Urban ","Sunny","Medium ",0
"15/03/2022","19:10:00","19:20:00",12,"Buffet ",28,4.5,17,"scooter ",2,"No ","Metropolitian ","Sunny","Jam ",0
"13/03/2022","20:35:00","20:40:00",31,"Meal ",25,4.2,7,"motorcycle ",0,"No ","Metropolitian ","Windy","Jam ",0
"15/03/2022","19:50:00","20:00:00",28,"Snack ",24,4.9,13,"scooter ",1,"No ","Metropolitian ","Stormy","Jam ",1
"15/03/2022","18:55:00","19:10:00",27,"Snack ",20,4.7,12,"motorcycle ",2,"No ","Metropolitian ","Windy","Medium ",1
"14/02/2022","18:45:00","18:55:00",16,"Meal ",20,4.6,6,"scooter ",1,"No ","Metropolitian ","Windy","Medium ",0
"7/03/2022","11:20:00","11:35:00",25,"Drinks ",27,4.9,9,"scooter ",1,"No ","Metropolitian ","Windy","High ",0
"16/03/2022","21:30:00","21:35:00",26,"Buffet ",36,4.5,17,"scooter ",2,"No ","Metropolitian ","Stormy","Jam ",1
"23/03/2022","19:55:00","20:05:00",36,"Meal ",31,4.1,2,"scooter ",2,"No ","Metropolitian ","Windy","Jam ",1
"6/04/2022","17:15:00","17:30:00",27,"Snack ",32,4.6,15,"motorcycle ",2,"No ","Metropolitian ","Windy","Medium ",1
"23/03/2022","22:50:00","23:00:00",23,"Buffet ",23,4.7,23,"scooter ",1,"No ","Metropolitian ","Cloudy","Low ",0
"28/03/2022","21:15:00","21:30:00",39,"Snack ",37,4.9,11,"motorcycle ",2,"No ","Metropolitian ","Fog","Jam ",0
"7/03/2022","11:40:00","11:50:00",28,"Meal ",28,5,15,"motorcycle ",1,"No ","Urban ","Sandstorms","High ",1
"2/03/2022","21:30:00","21:45:00",48,"Drinks ",26,5,19,"motorcycle ",0,"No ","Semi-Urban ","Cloudy","Jam ",0
"3/03/2022","11:45:00","11:50:00",27,"Drinks ",33,4.7,15,"motorcycle ",0,"No ","Metropolitian ","Fog","High ",1
"6/03/2022","18:30:00","18:45:00",40,"Meal ",32,4.8,18,"motorcycle ",0,"No ","Metropolitian ","Stormy","Medium ",1
"3/04/2022","18:55:00","19:00:00",22,"Drinks ",25,4.9,19,"motorcycle ",1,"No ","Metropolitian ","Stormy","Medium ",1
"2/04/2022","19:30:00","19:35:00",49,"Drinks ",28,5,5,"motorcycle ",0,"Yes ","Metropolitian ","Fog","Jam ",3
"12/03/2022","20:55:00","21:05:00",20,"Snack ",29,4.6,23,"scooter ",2,"No ","Metropolitian ","Sunny","Jam ",0
"1/04/2022","19:20:00","19:25:00",25,"Snack ",35,4.8,23,"scooter ",1,"No ","Metropolitian ","Cloudy","Jam ",1
"11/02/2022","10:30:00","10:35:00",28,"Drinks ",37,4.5,9,"motorcycle ",1,"No ","Metropolitian ","Windy","Low ",1
"24/03/2022","14:50:00","15:00:00",29,"Meal ",32,4.8,4,"motorcycle ",1,"No ","Metropolitian ","Windy","High ",1
"1/03/2022","14:20:00","14:35:00",23,"Snack ",34,4.7,14,"scooter ",2,"No ","Metropolitian ","Sunny","High ",0
"1/03/2022","23:35:00","23:50:00",23,"Drinks ",29,4.9,13,"scooter ",1,"No ","Metropolitian ","Sunny","Low ",1
"13/02/2022","23:30:00","23:45:00",24,"Meal ",35,4,11,"motorcycle ",0,"No ","Metropolitian ","Sandstorms","Low ",1
"5/03/2022","15:30:00","15:35:00",15,"Snack ",34,5,16,"scooter ",1,"No ","Urban ","Stormy","Medium ",1
"1/04/2022","20:00:00","20:15:00",47,"Meal ",34,5,12,"motorcycle ",0,"No ","Metropolitian ","Sandstorms","Jam ",1
"3/04/2022","18:45:00","19:00:00",26,"Buffet ",25,4.7,18,"motorcycle ",1,"No ","Metropolitian ","Stormy","Medium ",1
"21/03/2022","11:40:00","11:45:00",27,"Drinks ",26,4.5,9,"scooter ",1,"No ","Metropolitian ","Windy","High ",1
"23/03/2022","17:40:00","17:55:00",36,"Drinks ",37,4.6,7,"motorcycle ",0,"No ","Metropolitian ","Sunny","Medium ",1
"14/03/2022","20:35:00","20:50:00",43,"Drinks ",35,3.7,5,"scooter ",2,"No ","Urban ","Windy","Jam ",1
"25/03/2022","18:25:00","18:40:00",38,"Drinks ",26,4.8,1,"motorcycle ",0,"No ","Metropolitian ","Fog","Medium ",1
"1/04/2022","14:50:00","15:05:00",12,"Meal ",22,4.7,17,"scooter ",2,"No ","Urban ","Stormy","High ",0
"14/02/2022","19:15:00","19:30:00",32,"Buffet ",25,5,22,"scooter ",1,"No ","Urban ","Cloudy","Jam ",0
"6/03/2022","19:15:00","19:30:00",39,"Drinks ",23,4.9,18,"motorcycle ",0,"No ","Urban ","Sandstorms","Jam ",1
"20/03/2022","17:50:00","17:55:00",30,"Meal ",39,4.8,5,"scooter ",1,"No ","Metropolitian ","Windy","Medium ",0
"3/03/2022","23:40:00","23:50:00",15,"Buffet ",21,4.9,23,"motorcycle ",0,"No ","Metropolitian ","Sunny","Low ",0
"12/02/2022","18:15:00","18:30:00",15,"Meal ",21,4.6,23,"scooter ",2,"No ","Urban ","Sunny","Medium ",0
"2/03/2022","21:15:00","21:20:00",36,"Meal ",39,4.9,16,"electric_scooter ",2,"No ","Metropolitian ","Stormy","Jam ",0
"26/03/2022","21:55:00","22:10:00",32,"Buffet ",38,4.6,18,"motorcycle ",0,"No ","Urban ","Cloudy","Jam ",1
"26/03/2022","10:30:00","10:45:00",28,"Snack ",36,4.7,14,"scooter ",2,"No ","Metropolitian ","Sandstorms","Low ",1
"30/03/2022","9:40:00","9:55:00",17,"Meal ",22,4.6,9,"scooter ",1,"No ","Metropolitian ","Windy","Low ",1
"7/03/2022","15:15:00","15:30:00",19,"Snack ",20,4.9,21,"motorcycle ",0,"No ","Metropolitian ","Stormy","Medium ",0
"3/03/2022","12:45:00","12:55:00",29,"Snack ",34,5,14,"motorcycle ",0,"No ","Metropolitian ","Fog","High ",1
"15/03/2022","13:25:00","13:35:00",17,"Meal ",29,4.7,9,"scooter ",2,"No ","Metropolitian ","Windy","High ",0
"20/03/2022","22:50:00","22:55:00",20,"Drinks ",25,4.8,17,"scooter ",2,"No ","Metropolitian ","Cloudy","Low ",0
"20/03/2022","19:25:00","19:35:00",25,"Meal ",21,5,19,"motorcycle ",0,"No ","Metropolitian ","Sandstorms","Jam ",1
"15/03/2022","16:35:00","16:40:00",19,"Snack ",37,4.9,13,"scooter ",1,"No ","Metropolitian ","Cloudy","Medium ",1
"27/03/2022","21:15:00","21:30:00",16,"Meal ",27,4.9,16,"scooter ",2,"No ","Urban ","Windy","Jam ",1
"15/03/2022","12:00:00","12:05:00",31,"Buffet ",31,4.9,16,"motorcycle ",0,"No ","Metropolitian ","Fog","High ",1
"29/03/2022","23:00:00","23:05:00",20,"Meal ",30,4.8,23,"motorcycle ",0,"No ","Metropolitian ","Windy","Low ",1
"5/03/2022","21:45:00","22:00:00",21,"Drinks ",29,4.7,14,"motorcycle ",0,"No ","Metropolitian ","Sandstorms","Jam ",0
"18/03/2022","20:45:00","20:50:00",25,"Snack ",20,4.9,6,"motorcycle ",0,"No ","Metropolitian ","Windy","Jam ",1
"8/03/2022","19:50:00","20:05:00",32,"Snack ",23,4.1,6,"motorcycle ",1,"No ","Urban ","Stormy","Jam ",1
"15/03/2022","11:35:00","11:50:00",34,"Meal ",22,4.7,16,"motorcycle ",0,"No ","Metropolitian ","Stormy","High ",1
"6/04/2022","22:50:00","23:05:00",18,"Drinks ",26,4.6,19,"motorcycle ",0,"No ","Urban ","Stormy","Low ",0
"29/03/2022","22:15:00","22:25:00",28,"Buffet ",32,4.9,14,"motorcycle ",1,"No ","Metropolitian ","Fog","Low ",1
"14/02/2022","23:50:00","0:05:00",36,"Buffet ",25,2.9,1,"scooter ",1,"No ","Urban ","Sunny","Low ",1
"16/02/2022","23:45:00","23:55:00",29,"Buffet ",27,4.9,23,"motorcycle ",1,"No ","Urban ","Sunny","Low ",1
"5/04/2022","12:30:00","12:45:00",35,"Meal ",25,4.2,21,"motorcycle ",0,"No ","Urban ","Sandstorms","High ",1
"1/03/2022","17:20:00","17:25:00",17,"Meal ",39,4.7,19,"scooter ",2,"No ","Metropolitian ","Fog","Medium ",0
"13/03/2022","21:10:00","21:15:00",35,"Meal ",34,4.8,16,"scooter ",2,"No ","Metropolitian ","Cloudy","Jam ",1
"21/03/2022","10:30:00","10:35:00",22,"Snack ",38,4.5,16,"motorcycle ",0,"No ","Metropolitian ","Sunny","Low ",1
"19/03/2022","21:35:00","21:45:00",31,"Snack ",34,4.6,18,"scooter ",1,"No ","Metropolitian ","Windy","Jam ",1
"2/03/2022","19:45:00","19:50:00",28,"Snack ",25,4.6,9,"motorcycle ",0,"No ","Metropolitian ","Windy","Jam ",0
"1/03/2022","9:15:00","9:20:00",20,"Snack ",32,4.7,14,"motorcycle ",0,"No ","Metropolitian ","Stormy","Low ",1
"3/03/2022","11:25:00","11:40:00",29,"Meal ",28,4.7,9,"motorcycle ",1,"No ","Metropolitian ","Windy","High ",1
"12/02/2022","20:55:00","21:10:00",40,"Drinks ",36,4.5,5,"motorcycle ",1,"No ","Metropolitian ","Sandstorms","Jam ",1
"15/02/2022","16:50:00","17:00:00",15,"Buffet ",25,4.8,23,"motorcycle ",0,"No ","Urban ","Windy","Medium ",1
"2/03/2022","21:50:00","21:55:00",29,"Buffet ",38,4.6,22,"scooter ",2,"No ","Metropolitian ","Windy","Jam ",0
"21/03/2022","22:00:00","22:15:00",25,"Buffet ",25,4.9,18,"motorcycle ",0,"No ","Urban ","Sandstorms","Jam ",1
"17/02/2022","20:45:00","20:55:00",12,"Snack ",26,4.8,7,"scooter ",2,"No ","Metropolitian ","Fog","Jam ",1
"14/02/2022","18:45:00","18:50:00",26,"Drinks ",27,5,9,"motorcycle ",2,"No ","Metropolitian ","Fog","Medium ",1
"18/02/2022","21:50:00","22:00:00",42,"Snack ",37,3.7,18,"motorcycle ",1,"No ","Metropolitian ","Sandstorms","Jam ",0
"28/03/2022","8:15:00","8:30:00",17,"Buffet ",39,4.7,19,"scooter ",1,"No ","Urban ","Cloudy","Low ",1
"14/02/2022","20:10:00","20:25:00",44,"Meal ",31,4,14,"motorcycle ",0,"No ","Metropolitian ","Windy","Jam ",2
"13/02/2022","0:00:00","0:15:00",23,"Buffet ",37,4.7,18,"electric_scooter ",2,"No ","Urban ","Sandstorms","Low ",1
"26/03/2022","19:40:00","19:50:00",32,"Drinks ",39,4.3,7,"motorcycle ",1,"No ","Metropolitian ","Fog","Jam ",1
"7/03/2022","19:40:00","19:50:00",29,"Drinks ",35,4.9,12,"motorcycle ",0,"No ","Metropolitian ","Sunny","Jam ",1
"25/03/2022","22:15:00","22:30:00",12,"Snack ",22,4.8,21,"motorcycle ",2,"No ","Urban ","Windy","Low ",0
"5/04/2022","14:45:00","14:55:00",39,"Snack ",20,4.9,16,"motorcycle ",0,"No ","Urban ","Windy","High ",1
"5/03/2022","12:15:00","12:25:00",26,"Snack ",39,5,17,"electric_scooter ",2,"No ","Metropolitian ","Sandstorms","High ",1
"7/03/2022","9:45:00","9:55:00",15,"Drinks ",29,4.6,23,"motorcycle ",1,"No ","Metropolitian ","Sunny","Low ",0
"5/03/2022","22:35:00","22:40:00",18,"Buffet ",25,4.7,18,"motorcycle ",0,"No ","Metropolitian ","Sunny","Low ",1
"21/03/2022","14:10:00","14:15:00",33,"Meal ",26,4.4,9,"motorcycle ",0,"No ","Metropolitian ","Stormy","High ",1
"19/03/2022","10:30:00","10:35:00",27,"Snack ",35,4.8,3,"electric_scooter ",2,"No ","Metropolitian ","Stormy","Low ",1
"14/02/2022","22:15:00","22:25:00",28,"Snack ",31,4.7,8,"motorcycle ",0,"No ","Metropolitian ","Sunny","Low ",1
"2/04/2022","20:20:00","20:30:00",23,"Buffet ",24,4.9,23,"motorcycle ",1,"No ","Metropolitian ","Windy","Jam ",1
"20/03/2022","19:50:00","19:55:00",44,"Meal ",34,4.5,2,"motorcycle ",1,"No ","Metropolitian ","Stormy","Jam ",1
"6/03/2022","17:50:00","17:55:00",29,"Meal ",26,4.8,9,"scooter ",2,"No ","Metropolitian ","Sunny","Medium ",1
"1/03/2022","10:40:00","10:55:00",17,"Meal ",32,4.6,22,"electric_scooter ",2,"No ","Urban ","Fog","Low ",1
"23/03/2022","22:50:00","23:00:00",23,"Buffet ",23,4.7,23,"scooter ",1,"No ","Metropolitian ","Cloudy","Low ",0
"3/03/2022","10:25:00","10:35:00",27,"Snack ",28,4.5,19,"motorcycle ",0,"No ","Metropolitian ","Sandstorms","Low ",1
"13/03/2022","22:00:00","22:05:00",15,"Drinks ",23,4.7,18,"motorcycle ",1,"No ","Metropolitian ","Sandstorms","Jam ",1
"14/02/2022","23:15:00","23:30:00",20,"Buffet ",25,4.5,6,"motorcycle ",0,"No ","Metropolitian ","Sandstorms","Low ",1
"4/03/2022","23:25:00","23:35:00",31,"Snack ",37,4.5,12,"scooter ",1,"No ","Metropolitian ","Fog","Low ",1
"19/03/2022","17:20:00","17:35:00",28,"Snack ",21,4.8,2,"motorcycle ",1,"No ","Metropolitian ","Windy","Medium ",1
"26/03/2022","20:00:00","20:10:00",27,"Meal ",39,4.9,16,"motorcycle ",2,"No ","Urban ","Cloudy","Jam ",1
"29/03/2022","19:00:00","19:15:00",23,"Drinks ",29,4.5,23,"motorcycle ",0,"No ","Metropolitian ","Sandstorms","Medium ",1
"16/02/2022","19:25:00","19:40:00",20,"Meal ",23,4.5,6,"electric_scooter ",2,"No ","Urban ","Windy","Jam ",1
"31/03/2022","22:20:00","22:30:00",32,"Meal ",32,4.5,5,"scooter ",2,"No ","Metropolitian ","Fog","Low ",1
"4/04/2022","23:30:00","23:40:00",18,"Snack ",26,4.7,23,"scooter ",1,"No ","Metropolitian ","Windy","Low ",0
"17/02/2022","18:45:00","18:50:00",20,"Buffet ",28,4.5,3,"motorcycle ",0,"No ","Metropolitian ","Sandstorms","Medium ",0
"27/03/2022","21:45:00","21:55:00",44,"Snack ",23,4.2,1,"motorcycle ",1,"No ","Urban ","Cloudy","Jam ",0
"2/04/2022","18:40:00","18:45:00",28,"Drinks ",25,4.8,23,"motorcycle ",1,"No ","Metropolitian ","Stormy","Medium ",0
"29/03/2022","23:00:00","23:05:00",25,"Buffet ",32,4.7,13,"motorcycle ",0,"No ","Metropolitian ","Windy","Low ",1
"26/03/2022","19:20:00","19:35:00",29,"Drinks ",31,4.9,13,"scooter ",1,"No ","Metropolitian ","Sandstorms","Jam ",0
"28/03/2022","21:15:00","21:20:00",29,"Drinks ",34,4.8,1,"motorcycle ",0,"No ","Metropolitian ","Sunny","Jam ",1
"5/03/2022","19:40:00","19:45:00",23,"Snack ",27,4.6,23,"scooter ",2,"No ","Metropolitian ","Fog","Jam ",0
"18/03/2022","23:00:00","23:05:00",18,"Buffet ",26,4.7,19,"scooter ",1,"No ","Urban ","Stormy","Low ",1
"6/03/2022","23:40:00","23:45:00",29,"Snack ",37,4.6,21,"scooter ",2,"No ","Metropolitian ","Fog","Low ",1
"29/03/2022","21:40:00","21:50:00",27,"Buffet ",29,4.5,21,"motorcycle ",0,"No ","Metropolitian ","Stormy","Jam ",1
"15/03/2022","22:10:00","22:15:00",15,"Meal ",29,4.7,15,"motorcycle ",2,"No ","Urban ","Sandstorms","Low ",1
"3/04/2022","15:50:00","16:00:00",23,"Meal ",26,4.8,9,"electric_scooter ",2,"No ","Metropolitian ","Windy","Medium ",1
"23/03/2022","20:35:00","20:45:00",20,"Buffet ",27,4.8,12,"scooter ",2,"No ","Metropolitian ","Windy","Jam ",1
"26/03/2022","18:15:00","18:30:00",28,"Drinks ",34,5,16,"motorcycle ",0,"No ","Urban ","Fog","Medium ",1
"2/04/2022","23:30:00","23:35:00",27,"Drinks ",25,4.5,23,"scooter ",2,"No ","Metropolitian ","Fog","Low ",1
"8/03/2022","17:55:00","18:10:00",31,"Drinks ",22,4.6,19,"motorcycle ",0,"No ","Urban ","Stormy","Medium ",0
"6/03/2022","22:10:00","22:15:00",26,"Snack ",31,4.5,23,"motorcycle ",0,"No ","Metropolitian ","Windy","Low ",1
"16/03/2022","20:15:00","20:30:00",26,"Buffet ",30,4.8,21,"scooter ",2,"No ","Metropolitian ","Sunny","Jam ",1
"25/03/2022","22:15:00","22:30:00",25,"Buffet ",37,4.9,14,"scooter ",1,"No ","Metropolitian ","Sandstorms","Low ",0
"12/02/2022","20:50:00","21:00:00",40,"Meal ",36,3.6,11,"scooter ",1,"Yes ","Metropolitian ","Sandstorms","Jam ",1
"7/03/2022","11:00:00","11:05:00",33,"Drinks ",37,4.1,7,"motorcycle ",0,"No ","Metropolitian ","Stormy","Low ",0
"29/03/2022","17:20:00","17:30:00",18,"Snack ",25,4.6,23,"electric_scooter ",2,"No ","Metropolitian ","Stormy","Medium ",0
"18/03/2022","21:55:00","22:00:00",35,"Snack ",30,4.1,12,"motorcycle ",1,"No ","Metropolitian ","Windy","Jam ",1
"18/03/2022","22:15:00","22:25:00",27,"Buffet ",39,4.6,6,"scooter ",2,"No ","Metropolitian ","Sandstorms","Low ",1
"13/02/2022","18:25:00","18:40:00",24,"Buffet ",28,4.6,5,"scooter ",2,"No ","Metropolitian ","Windy","Medium ",1
"13/02/2022","20:50:00","21:05:00",18,"Meal ",37,4.8,9,"scooter ",2,"No ","Metropolitian ","Sunny","Jam ",0
"25/03/2022","21:10:00","21:25:00",40,"Drinks ",30,4.8,4,"motorcycle ",0,"No ","Metropolitian ","Sandstorms","Jam ",1
"3/03/2022","22:40:00","22:55:00",20,"Buffet ",26,4.7,16,"scooter ",2,"No ","Urban ","Sunny","Low ",1
"19/03/2022","23:30:00","23:45:00",29,"Snack ",31,4.7,5,"scooter ",2,"No ","Metropolitian ","Stormy","Low ",0
"6/04/2022","19:25:00","19:40:00",40,"Buffet ",31,3.9,2,"scooter ",2,"No ","Metropolitian ","Stormy","Jam ",1
"30/03/2022","22:45:00","22:55:00",15,"Snack ",22,4.5,21,"motorcycle ",0,"No ","Metropolitian ","Sunny","Low ",1
"23/03/2022","22:25:00","22:40:00",24,"Buffet ",29,4.7,22,"motorcycle ",0,"No ","Metropolitian ","Sunny","Low ",1
"13/03/2022","17:50:00","18:00:00",11,"Drinks ",24,4.8,21,"scooter ",1,"No ","Metropolitian ","Sunny","Medium ",0
"29/03/2022","22:25:00","22:30:00",11,"Meal ",22,4.6,2,"scooter ",2,"No ","Urban ","Windy","Low ",1
"1/04/2022","22:30:00","22:45:00",29,"Meal ",31,4.5,12,"scooter ",2,"No ","Metropolitian ","Stormy","Low ",1
"15/03/2022","14:40:00","14:55:00",26,"Snack ",35,4.6,16,"motorcycle ",0,"No ","Urban ","Cloudy","High ",0
"4/04/2022","17:45:00","17:50:00",32,"Buffet ",26,4.6,14,"motorcycle ",0,"No ","Metropolitian ","Cloudy","Medium ",1
"16/02/2022","21:50:00","22:05:00",41,"Snack ",39,4.4,5,"scooter ",1,"No ","Metropolitian ","Fog","Jam ",0
"2/04/2022","18:30:00","18:35:00",27,"Buffet ",37,4.8,18,"scooter ",1,"No ","Metropolitian ","Stormy","Medium ",1
"16/03/2022","17:25:00","17:30:00",38,"Meal ",34,4.7,15,"motorcycle ",0,"No ","Metropolitian ","Fog","Medium ",1
"30/03/2022","21:20:00","21:30:00",10,"Meal ",29,4.6,23,"scooter ",2,"No ","Metropolitian ","Sandstorms","Jam ",0
"4/04/2022","23:40:00","23:50:00",29,"Drinks ",36,4.7,22,"electric_scooter ",2,"No ","Metropolitian ","Sandstorms","Low ",0
"15/02/2022","9:40:00","9:45:00",24,"Buffet ",20,4.5,6,"motorcycle ",0,"No ","Metropolitian ","Fog","Low ",1
"4/04/2022","18:25:00","18:40:00",39,"Buffet ",38,4.1,8,"scooter ",2,"No ","Metropolitian ","Windy","Medium ",1
"17/02/2022","15:00:00","15:15:00",19,"Snack ",25,4.6,6,"scooter ",2,"No ","Metropolitian ","Fog","High ",0
"12/02/2022","20:55:00","21:05:00",32,"Snack ",30,4.4,6,"motorcycle ",0,"No ","Urban ","Sunny","Jam ",1
"10/03/2022","22:00:00","22:15:00",48,"Snack ",33,4.4,22,"scooter ",2,"No ","Metropolitian ","Cloudy","Jam ",0
"15/03/2022","10:00:00","10:05:00",22,"Buffet ",34,4.9,23,"motorcycle ",0,"No ","Urban ","Sunny","Low ",1
"5/03/2022","9:15:00","9:20:00",30,"Snack ",35,4.1,9,"motorcycle ",0,"No ","Metropolitian ","Windy","Low ",0
"6/03/2022","19:15:00","19:20:00",45,"Snack ",30,4.7,15,"motorcycle ",0,"No ","Metropolitian ","Fog","Jam ",1
"12/03/2022","19:25:00","19:40:00",33,"Snack ",32,3.7,2,"motorcycle ",1,"No ","Metropolitian ","Sandstorms","Jam ",1
"8/03/2022","22:35:00","22:50:00",27,"Buffet ",28,4.9,16,"scooter ",1,"No ","Metropolitian ","Fog","Low ",1
"1/03/2022","10:00:00","10:05:00",19,"Drinks ",31,4.7,21,"motorcycle ",1,"No ","Metropolitian ","Sunny","Low ",0
"4/04/2022","21:00:00","21:05:00",21,"Buffet ",26,4.8,19,"motorcycle ",1,"No ","Metropolitian ","Windy","Jam ",1
"23/03/2022","21:30:00","21:40:00",37,"Buffet ",34,4.7,3,"motorcycle ",0,"No ","Metropolitian ","Windy","Jam ",2
"17/03/2022","8:55:00","9:00:00",16,"Buffet ",36,4.9,21,"motorcycle ",2,"No ","Urban ","Sunny","Low ",0
"13/03/2022","15:55:00","16:10:00",25,"Snack ",23,4.8,12,"motorcycle ",1,"No ","Metropolitian ","Sandstorms","Medium ",0
"15/03/2022","23:55:00","0:00:00",10,"Meal ",24,4.6,19,"motorcycle ",1,"No ","Metropolitian ","Sandstorms","Low ",0
"27/03/2022","21:15:00","21:20:00",33,"Drinks ",28,4,3,"motorcycle ",0,"No ","Metropolitian ","Sandstorms","Jam ",2
"23/03/2022","23:20:00","23:25:00",20,"Buffet ",24,4.6,22,"motorcycle ",0,"No ","Metropolitian ","Fog","Low ",1
"16/03/2022","18:40:00","18:55:00",39,"Drinks ",28,4.1,1,"scooter ",1,"No ","Urban ","Fog","Medium ",0
"14/02/2022","17:25:00","17:35:00",35,"Meal ",33,4.8,9,"motorcycle ",0,"No ","Metropolitian ","Sandstorms","Medium ",1
"18/03/2022","20:20:00","20:25:00",19,"Meal ",25,4.7,11,"scooter ",1,"No ","Metropolitian ","Sunny","Jam ",0
"8/03/2022","22:40:00","22:45:00",15,"Snack ",26,4.8,23,"motorcycle ",2,"No ","Metropolitian ","Sandstorms","Low ",0
"1/04/2022","15:25:00","15:40:00",11,"Drinks ",29,4.6,18,"motorcycle ",1,"No ","Urban ","Sunny","Medium ",0
"6/03/2022","19:25:00","19:30:00",49,"Drinks ",38,4,3,"motorcycle ",1,"No ","Metropolitian ","Sunny","Jam ",1
"30/03/2022","8:20:00","8:25:00",21,"Snack ",34,4.9,9,"motorcycle ",0,"No ","Metropolitian ","Sunny","Low ",1
"7/03/2022","8:35:00","8:40:00",23,"Snack ",31,5,17,"electric_scooter ",2,"No ","Metropolitian ","Stormy","Low ",1
"31/03/2022","23:50:00","0:00:00",27,"Meal ",23,4.6,23,"motorcycle ",1,"No ","Metropolitian ","Fog","Low ",1
"2/04/2022","17:25:00","17:40:00",46,"Buffet ",36,4.1,1,"motorcycle ",0,"No ","Metropolitian ","Sandstorms","Medium ",0
"16/03/2022","17:35:00","17:50:00",18,"Buffet ",33,4.5,17,"scooter ",1,"No ","Metropolitian ","Sunny","Medium ",1
"11/03/2022","22:50:00","23:00:00",23,"Meal ",37,4.7,17,"scooter ",2,"No ","Metropolitian ","Stormy","Low ",1
"5/04/2022","16:40:00","16:45:00",14,"Buffet ",24,4.6,23,"motorcycle ",1,"No ","Urban ","Fog","Medium ",1
"6/03/2022","23:00:00","23:10:00",21,"Drinks ",25,4.8,23,"motorcycle ",1,"No ","Metropolitian ","Fog","Low ",1
"11/03/2022","12:55:00","13:10:00",32,"Buffet ",31,4.7,23,"motorcycle ",0,"No ","Metropolitian ","Stormy","High ",1
"14/03/2022","22:15:00","22:30:00",30,"Snack ",36,4.8,23,"scooter ",1,"No ","Metropolitian ","Cloudy","Low ",0
"23/03/2022","21:50:00","22:00:00",41,"Buffet ",26,4.3,1,"motorcycle ",1,"No ","Metropolitian ","Cloudy","Jam ",2
"4/03/2022","17:55:00","18:10:00",32,"Snack ",24,4.8,15,"motorcycle ",0,"No ","Metropolitian ","Sandstorms","Medium ",1
"5/03/2022","14:20:00","14:35:00",25,"Drinks ",22,4.8,13,"motorcycle ",0,"No ","Metropolitian ","Sunny","High ",0
"12/02/2022","17:45:00","18:00:00",41,"Buffet ",36,4.7,4,"motorcycle ",0,"No ","Metropolitian ","Stormy","Medium ",1
"6/03/2022","23:00:00","23:10:00",23,"Snack ",26,4.7,23,"motorcycle ",0,"No ","Metropolitian ","Sandstorms","Low ",0
"6/03/2022","21:35:00","21:45:00",26,"Buffet ",21,4.6,23,"motorcycle ",0,"No ","Metropolitian ","Sunny","Jam ",1
"1/04/2022","10:40:00","10:45:00",15,"Drinks ",35,4.8,2,"scooter ",2,"No ","Urban ","Cloudy","Low ",1
"19/03/2022","11:15:00","11:20:00",20,"Meal ",27,4.9,21,"scooter ",1,"No ","Urban ","Sandstorms","High ",0
"13/03/2022","18:10:00","18:25:00",27,"Drinks ",27,4.7,23,"motorcycle ",0,"No ","Metropolitian ","Cloudy","Medium ",1
"21/03/2022","9:35:00","9:40:00",20,"Meal ",38,4.4,17,"motorcycle ",0,"No ","Metropolitian ","Sandstorms","Low ",1
"9/03/2022","17:50:00","18:00:00",32,"Meal ",32,4.7,21,"electric_scooter ",2,"No ","Metropolitian ","Stormy","Medium ",0
"8/03/2022","21:40:00","21:45:00",43,"Meal ",25,4.2,4,"scooter ",1,"No ","Metropolitian ","Fog","Jam ",1
"21/03/2022","20:25:00","20:35:00",44,"Snack ",25,4.5,3,"motorcycle ",0,"Yes ","Metropolitian ","Sunny","Jam ",1
"4/03/2022","19:50:00","20:00:00",15,"Drinks ",27,4.8,15,"scooter ",2,"No ","Urban ","Stormy","Jam ",0
"29/03/2022","18:40:00","18:50:00",29,"Drinks ",37,4.8,4,"motorcycle ",2,"No ","Metropolitian ","Sunny","Medium ",0
"27/03/2022","23:15:00","23:20:00",21,"Meal ",29,4.5,22,"motorcycle ",0,"No ","Metropolitian ","Stormy","Low ",1
"14/02/2022","17:55:00","18:05:00",28,"Drinks ",21,4.6,3,"motorcycle ",1,"No ","Metropolitian ","Sandstorms","Medium ",1
"31/03/2022","20:50:00","20:55:00",31,"Drinks ",24,4.8,8,"scooter ",2,"No ","Metropolitian ","Fog","Jam ",1
"5/03/2022","11:45:00","12:00:00",24,"Meal ",27,5,22,"scooter ",2,"No ","Metropolitian ","Stormy","High ",1
"13/03/2022","9:35:00","9:45:00",13,"Snack ",31,4.8,16,"motorcycle ",1,"No ","Urban ","Sunny","Low ",0
"13/03/2022","9:10:00","9:15:00",17,"Drinks ",38,4.8,18,"motorcycle ",1,"No ","Urban ","Fog","Low ",1
"18/02/2022","22:35:00","22:50:00",25,"Buffet ",34,4.9,4,"motorcycle ",2,"No ","Metropolitian ","Sunny","Low ",0
"26/03/2022","22:30:00","22:45:00",19,"Meal ",22,4.8,15,"motorcycle ",2,"No ","Metropolitian ","Stormy","Low ",1
"11/03/2022","13:00:00","13:15:00",44,"Drinks ",31,4.7,19,"motorcycle ",0,"No ","Metropolitian ","Sandstorms","High ",2
"5/03/2022","23:25:00","23:30:00",18,"Snack ",35,4.9,22,"scooter ",1,"No ","Metropolitian ","Fog","Low ",0
"11/03/2022","8:55:00","9:05:00",15,"Snack ",33,4.6,15,"motorcycle ",1,"No ","Urban ","Cloudy","Low ",0
"15/03/2022","15:25:00","15:30:00",12,"Meal ",26,4.8,23,"scooter ",2,"No ","Urban ","Cloudy","Medium ",0
"19/03/2022","21:15:00","21:30:00",35,"Meal ",31,4.9,9,"motorcycle ",0,"No ","Metropolitian ","Sandstorms","Jam ",1
"15/02/2022","11:20:00","11:30:00",25,"Drinks ",27,4.8,18,"scooter ",1,"No ","Urban ","Cloudy","High ",1
"2/04/2022","22:20:00","22:35:00",28,"Snack ",29,4.6,21,"motorcycle ",1,"No ","Metropolitian ","Fog","Low ",0
"25/03/2022","17:30:00","17:40:00",38,"Meal ",35,4,1,"scooter ",1,"No ","Metropolitian ","Cloudy","Medium ",1
"10/03/2022","21:35:00","21:45:00",38,"Buffet ",28,4.6,21,"motorcycle ",0,"No ","Urban ","Windy","Jam ",1
"14/03/2022","21:30:00","21:40:00",35,"Buffet ",31,3.5,11,"scooter ",2,"No ","Metropolitian ","Sandstorms","Jam ",2
"1/03/2022","0:00:00","0:15:00",25,"Buffet ",38,4.6,22,"motorcycle ",2,"No ","Metropolitian ","Windy","Low ",1
"12/02/2022","21:25:00","21:40:00",26,"Snack ",27,4.9,2,"motorcycle ",2,"No ","Metropolitian ","Windy","Jam ",1
"23/03/2022","20:45:00","21:00:00",42,"Snack ",39,4.6,15,"scooter ",2,"No ","Urban ","Fog","Jam ",0
"16/02/2022","17:15:00","17:25:00",27,"Drinks ",22,5,5,"scooter ",2,"No ","Metropolitian ","Fog","Medium ",1
"7/03/2022","8:30:00","8:45:00",15,"Meal ",24,5,21,"motorcycle ",0,"No ","Metropolitian ","Sunny","Low ",0
"1/03/2022","9:55:00","10:05:00",26,"Meal ",29,4.4,2,"motorcycle ",0,"No ","Urban ","Stormy","Low ",0
"13/03/2022","17:15:00","17:30:00",23,"Buffet ",35,4.9,13,"motorcycle ",0,"No ","Metropolitian ","Sunny","Medium ",0
"14/02/2022","19:40:00","19:45:00",27,"Meal ",29,4.9,3,"motorcycle ",2,"No ","Metropolitian ","Windy","Jam ",1
"5/03/2022","17:55:00","18:10:00",33,"Snack ",37,4.4,9,"motorcycle ",0,"No ","Metropolitian ","Fog","Medium ",0
"20/03/2022","20:30:00","20:35:00",31,"Snack ",31,4.3,5,"electric_scooter ",2,"No ","Metropolitian ","Stormy","Jam ",1
"7/03/2022","22:35:00","22:40:00",29,"Snack ",36,4.8,12,"motorcycle ",0,"No ","Metropolitian ","Sunny","Low ",1
"21/03/2022","23:00:00","23:10:00",25,"Meal ",35,5,12,"motorcycle ",1,"No ","Metropolitian ","Sandstorms","Low ",0
"20/03/2022","18:45:00","19:00:00",24,"Snack ",31,4.8,14,"scooter ",1,"No ","Metropolitian ","Stormy","Medium ",1
"12/03/2022","23:10:00","23:15:00",10,"Snack ",24,4.6,18,"scooter ",2,"No ","Urban ","Windy","Low ",0
"1/03/2022","18:15:00","18:20:00",36,"Drinks ",33,4.8,6,"motorcycle ",0,"No ","Metropolitian ","Windy","Medium ",2
"2/03/2022","22:45:00","22:50:00",18,"Snack ",28,4.6,23,"motorcycle ",1,"No ","Metropolitian ","Stormy","Low ",1
"17/02/2022","15:00:00","15:15:00",19,"Snack ",25,4.6,6,"scooter ",2,"No ","Metropolitian ","Fog","High ",0
"16/03/2022","23:25:00","23:35:00",11,"Meal ",21,4.8,22,"scooter ",1,"No ","Metropolitian ","Stormy","Low ",0
"1/03/2022","8:10:00","8:25:00",28,"Meal ",26,4.4,12,"motorcycle ",0,"No ","Metropolitian ","Stormy","Low ",1
"9/03/2022","17:25:00","17:35:00",20,"Drinks ",23,4.8,9,"motorcycle ",0,"No ","Metropolitian ","Fog","Medium ",0
"12/02/2022","0:00:00","0:10:00",29,"Meal ",27,4.7,4,"scooter ",2,"No ","Metropolitian ","Stormy","Low ",0
"29/03/2022","21:15:00","21:20:00",48,"Meal ",34,4.6,1,"electric_scooter ",2,"No ","Metropolitian ","Fog","Jam ",2
"12/02/2022","19:20:00","19:35:00",28,"Drinks ",21,4.9,5,"scooter ",1,"No ","Metropolitian ","Windy","Jam ",1
"17/03/2022","20:45:00","20:55:00",30,"Snack ",35,4.5,18,"motorcycle ",1,"No ","Metropolitian ","Stormy","Jam ",1
"11/02/2022","9:25:00","9:35:00",17,"Buffet ",32,4.8,23,"scooter ",2,"No ","Urban ","Sunny","Low ",0
"15/03/2022","13:40:00","13:55:00",25,"Snack ",24,4.6,13,"scooter ",1,"No ","Metropolitian ","Sandstorms","High ",1
"19/03/2022","20:55:00","21:05:00",35,"Snack ",30,4.6,23,"motorcycle ",2,"No ","Metropolitian ","Cloudy","Jam ",1
"3/04/2022","23:50:00","23:55:00",23,"Meal ",31,4.8,22,"motorcycle ",1,"No ","Metropolitian ","Sandstorms","Low ",0
"19/03/2022","9:10:00","9:25:00",26,"Meal ",35,4.7,18,"scooter ",2,"No ","Urban ","Sandstorms","Low ",1
"16/02/2022","17:55:00","18:05:00",45,"Meal ",34,4.6,8,"motorcycle ",0,"No ","Metropolitian ","Fog","Medium ",1
"5/03/2022","10:55:00","11:05:00",19,"Buffet ",39,4.6,13,"scooter ",1,"No ","Metropolitian ","Fog","Low ",0
"29/03/2022","23:40:00","23:50:00",15,"Buffet ",36,4.8,12,"motorcycle ",1,"No ","Metropolitian ","Sunny","Low ",1
"1/04/2022","8:45:00","8:50:00",24,"Drinks ",33,4.9,22,"electric_scooter ",2,"No ","Urban ","Sandstorms","Low ",0
"10/03/2022","17:25:00","17:30:00",25,"Buffet ",25,4.9,17,"scooter ",2,"No ","Metropolitian ","Fog","Medium ",1
"25/03/2022","22:25:00","22:30:00",25,"Meal ",24,4.9,18,"motorcycle ",0,"No ","Metropolitian ","Sunny","Low ",1
"29/03/2022","22:30:00","22:35:00",16,"Meal ",34,4.9,9,"scooter ",2,"No ","Metropolitian ","Sandstorms","Low ",1
"19/03/2022","16:45:00","16:55:00",29,"Snack ",34,4.8,9,"motorcycle ",0,"No ","Metropolitian ","Windy","Medium ",1
"6/03/2022","18:15:00","18:30:00",47,"Buffet ",38,4.6,22,"motorcycle ",0,"No ","Metropolitian ","Stormy","Medium ",0
"19/03/2022","21:25:00","21:35:00",29,"Drinks ",27,4.7,3,"motorcycle ",0,"No ","Metropolitian ","Fog","Jam ",1
"12/03/2022","21:15:00","21:25:00",26,"Meal ",34,4.7,12,"motorcycle ",0,"No ","Metropolitian ","Sunny","Jam ",0
"20/03/2022","20:30:00","20:40:00",28,"Snack ",39,4.6,17,"motorcycle ",2,"No ","Metropolitian ","Sandstorms","Jam ",1
"5/04/2022","10:30:00","10:35:00",21,"Buffet ",34,4.6,18,"scooter ",2,"No ","Metropolitian ","Sandstorms","Low ",0
"16/03/2022","17:40:00","17:45:00",33,"Drinks ",27,4.8,23,"motorcycle ",0,"No ","Metropolitian ","Sandstorms","Medium ",0
"23/03/2022","19:25:00","19:35:00",30,"Drinks ",35,4.6,2,"motorcycle ",0,"No ","Metropolitian ","Sunny","Jam ",1
"13/02/2022","11:40:00","11:45:00",31,"Snack ",31,4.9,6,"scooter ",2,"No ","Metropolitian ","Windy","High ",1
"1/04/2022","22:40:00","22:45:00",19,"Meal ",29,4.7,17,"scooter ",1,"No ","Urban ","Sandstorms","Low ",0
"16/02/2022","17:55:00","18:10:00",27,"Buffet ",28,4.9,2,"scooter ",1,"No ","Metropolitian ","Stormy","Medium ",0
"14/03/2022","22:30:00","22:40:00",44,"Drinks ",32,4,4,"motorcycle ",0,"No ","Metropolitian ","Fog","Low ",2
"7/03/2022","20:25:00","20:40:00",36,"Meal ",35,4.4,2,"scooter ",1,"No ","Urban ","Stormy","Jam ",1
"15/02/2022","19:45:00","20:00:00",37,"Drinks ",23,4.4,3,"motorcycle ",0,"No ","Metropolitian ","Sandstorms","Jam ",1
"9/03/2022","23:25:00","23:40:00",24,"Meal ",33,4.8,17,"motorcycle ",0,"No ","Urban ","Stormy","Low ",1
"2/03/2022","18:00:00","18:10:00",28,"Meal ",37,4.8,13,"electric_scooter ",2,"No ","Metropolitian ","Windy","Medium ",1
"5/04/2022","21:40:00","21:50:00",23,"Snack ",36,4.6,15,"motorcycle ",1,"No ","Metropolitian ","Sunny","Jam ",1
"4/03/2022","23:25:00","23:40:00",16,"Buffet ",21,4.5,5,"motorcycle ",0,"No ","Urban ","Stormy","Low ",1
"1/04/2022","11:55:00","12:10:00",28,"Drinks ",23,4.9,9,"motorcycle ",0,"No ","Metropolitian ","Stormy","High ",0
"15/02/2022","8:15:00","8:25:00",27,"Meal ",36,4.8,3,"motorcycle ",1,"No ","Metropolitian ","Stormy","Low ",1
"9/03/2022","19:35:00","19:40:00",23,"Snack ",26,4.8,14,"motorcycle ",0,"No ","Metropolitian ","Sandstorms","Jam ",1
"24/03/2022","11:55:00","12:05:00",30,"Snack ",33,4.5,13,"scooter ",1,"No ","Metropolitian ","Sandstorms","High ",1
"3/03/2022","20:25:00","20:35:00",19,"Snack ",28,4.9,13,"scooter ",2,"No ","Metropolitian ","Sunny","Jam ",0
"1/04/2022","21:35:00","21:45:00",25,"Snack ",21,4.6,23,"motorcycle ",1,"No ","Metropolitian ","Windy","Jam ",1
"6/04/2022","17:55:00","18:10:00",28,"Drinks ",22,4.8,21,"motorcycle ",1,"No ","Metropolitian ","Stormy","Medium ",1
"24/03/2022","18:00:00","18:10:00",25,"Meal ",33,4.8,19,"scooter ",2,"No ","Metropolitian ","Sandstorms","Medium ",0
"2/03/2022","22:50:00","23:05:00",31,"Meal ",37,3.7,2,"scooter ",1,"No ","Urban ","Cloudy","Low ",1
"3/03/2022","23:35:00","23:45:00",21,"Meal ",34,4.8,14,"motorcycle ",0,"No ","Metropolitian ","Fog","Low ",1
"24/03/2022","8:55:00","9:00:00",26,"Meal ",33,4.8,23,"motorcycle ",0,"No ","Metropolitian ","Cloudy","Low ",1
"2/04/2022","17:25:00","17:35:00",30,"Meal ",24,4.9,22,"motorcycle ",0,"No ","Urban ","Sandstorms","Medium ",1
"4/03/2022","23:25:00","23:40:00",16,"Buffet ",21,4.5,5,"motorcycle ",0,"No ","Urban ","Stormy","Low ",1
"26/03/2022","13:10:00","13:25:00",27,"Drinks ",27,4.9,15,"scooter ",1,"No ","Metropolitian ","Cloudy","High ",1
"17/03/2022","9:15:00","9:20:00",16,"Drinks ",25,4.7,15,"motorcycle ",2,"No ","Urban ","Sandstorms","Low ",0
"27/03/2022","22:25:00","22:30:00",23,"Drinks ",29,5,15,"motorcycle ",1,"No ","Urban ","Fog","Low ",1
"27/03/2022","19:10:00","19:15:00",40,"Drinks ",38,4.8,13,"motorcycle ",1,"No ","Metropolitian ","Cloudy","Jam ",2
"8/03/2022","19:55:00","20:00:00",44,"Buffet ",31,5,21,"motorcycle ",1,"No ","Metropolitian ","Fog","Jam ",2
"2/03/2022","21:00:00","21:05:00",43,"Meal ",29,4.4,13,"scooter ",2,"No ","Metropolitian ","Fog","Jam ",1
"16/02/2022","19:30:00","19:40:00",46,"Buffet ",38,4.8,6,"motorcycle ",1,"No ","Metropolitian ","Fog","Jam ",3
"18/03/2022","22:40:00","22:50:00",27,"Snack ",37,4.9,7,"scooter ",1,"No ","Metropolitian ","Sunny","Low ",1
"10/03/2022","20:00:00","20:10:00",22,"Buffet ",21,5,22,"motorcycle ",0,"No ","Metropolitian ","Sunny","Jam ",1
"28/03/2022","16:10:00","16:25:00",17,"Buffet ",25,4.7,12,"motorcycle ",1,"No ","Metropolitian ","Cloudy","Medium ",1
"25/03/2022","19:35:00","19:45:00",44,"Drinks ",36,5,11,"motorcycle ",2,"No ","Metropolitian ","Cloudy","Jam ",3
"13/02/2022","18:00:00","18:05:00",15,"Drinks ",34,4.8,7,"scooter ",1,"No ","Metropolitian ","Stormy","Medium ",0
"1/03/2022","23:55:00","0:00:00",29,"Meal ",30,4.6,17,"electric_scooter ",2,"No ","Metropolitian ","Windy","Low ",0
"14/02/2022","19:50:00","20:00:00",43,"Meal ",39,4.8,2,"motorcycle ",1,"No ","Metropolitian ","Fog","Jam ",1
"3/03/2022","19:40:00","19:55:00",21,"Meal ",20,5,15,"electric_scooter ",2,"No ","Metropolitian ","Fog","Jam ",1
"20/03/2022","21:30:00","21:40:00",26,"Snack ",24,4.5,22,"scooter ",1,"No ","Metropolitian ","Stormy","Jam ",1
"17/02/2022","11:20:00","11:25:00",21,"Snack ",39,4.5,7,"motorcycle ",0,"No ","Metropolitian ","Fog","High ",1
"8/03/2022","18:50:00","19:05:00",36,"Drinks ",35,3.8,4,"scooter ",2,"No ","Metropolitian ","Sandstorms","Medium ",1
"2/03/2022","22:25:00","22:30:00",12,"Buffet ",26,4.9,17,"motorcycle ",1,"No ","Urban ","Sandstorms","Low ",0
"18/02/2022","20:25:00","20:35:00",39,"Buffet ",30,4.4,4,"motorcycle ",1,"No ","Metropolitian ","Fog","Jam ",1
"9/03/2022","8:20:00","8:25:00",17,"Snack ",33,4.5,23,"electric_scooter ",2,"No ","Metropolitian ","Fog","Low ",1
"15/03/2022","22:00:00","22:05:00",27,"Buffet ",20,4.6,18,"motorcycle ",0,"No ","Metropolitian ","Cloudy","Jam ",0
"3/03/2022","19:25:00","19:30:00",49,"Drinks ",20,3.9,5,"motorcycle ",0,"No ","Metropolitian ","Sunny","Jam ",2
"15/02/2022","18:30:00","18:35:00",10,"Meal ",21,4.9,15,"motorcycle ",1,"No ","Urban ","Sunny","Medium ",1
"15/03/2022","9:40:00","9:45:00",16,"Meal ",21,4.9,22,"scooter ",1,"No ","Urban ","Cloudy","Low ",1
"16/03/2022","21:25:00","21:35:00",16,"Drinks ",27,4.7,21,"motorcycle ",2,"No ","Urban ","Windy","Jam ",1
"18/03/2022","23:25:00","23:30:00",38,"Snack ",39,3.6,14,"scooter ",1,"No ","Metropolitian ","Fog","Low ",1
"5/04/2022","9:15:00","9:30:00",13,"Drinks ",23,5,23,"motorcycle ",0,"No ","Urban ","Sunny","Low ",1
"9/03/2022","18:45:00","18:55:00",29,"Buffet ",37,4.9,22,"motorcycle ",0,"No ","Urban ","Stormy","Medium ",1
"8/03/2022","18:15:00","18:30:00",37,"Snack ",39,3.9,11,"scooter ",2,"No ","Metropolitian ","Windy","Medium ",1
"14/03/2022","20:30:00","20:35:00",18,"Meal ",28,4.6,18,"motorcycle ",0,"No ","Metropolitian ","Sunny","Jam ",1
"19/03/2022","17:10:00","17:25:00",16,"Drinks ",26,5,23,"motorcycle ",0,"No ","Urban ","Sunny","Medium ",1
"18/02/2022","17:20:00","17:25:00",21,"Drinks ",31,4.6,22,"motorcycle ",1,"No ","Urban ","Windy","Medium ",1
"16/02/2022","18:00:00","18:05:00",38,"Meal ",26,4.1,10,"motorcycle ",0,"No ","Metropolitian ","Sandstorms","Medium ",1
"6/03/2022","21:25:00","21:30:00",49,"Meal ",36,4.2,6,"motorcycle ",0,"No ","Metropolitian ","Stormy","Jam ",0
"15/02/2022","22:20:00","22:35:00",18,"Drinks ",22,4.5,3,"scooter ",1,"No ","Metropolitian ","Sandstorms","Low ",1
"1/03/2022","11:35:00","11:40:00",30,"Snack ",32,4.8,22,"motorcycle ",0,"No ","Metropolitian ","Windy","High ",1
"1/03/2022","12:00:00","12:10:00",34,"Drinks ",28,4,4,"motorcycle ",2,"No ","Urban ","Fog","High ",1
"6/03/2022","23:20:00","23:30:00",20,"Drinks ",20,4.5,12,"motorcycle ",0,"No ","Metropolitian ","Sandstorms","Low ",1
"14/03/2022","19:00:00","19:05:00",28,"Buffet ",29,4.9,16,"motorcycle ",0,"No ","Metropolitian ","Windy","Medium ",1
"23/03/2022","22:30:00","22:35:00",12,"Meal ",20,4.7,12,"motorcycle ",1,"No ","Metropolitian ","Stormy","Low ",0
"3/03/2022","17:30:00","17:45:00",20,"Meal ",38,4.5,1,"scooter ",1,"No ","Urban ","Sunny","Medium ",1
"1/04/2022","17:45:00","17:55:00",30,"Drinks ",31,4.7,3,"scooter ",1,"No ","Metropolitian ","Stormy","Medium ",0
"21/03/2022","10:35:00","10:40:00",26,"Buffet ",35,4.6,23,"motorcycle ",2,"No ","Metropolitian ","Stormy","Low ",1
"13/02/2022","13:00:00","13:10:00",25,"Buffet ",32,4.5,6,"scooter ",2,"No ","Metropolitian ","Stormy","High ",1
"3/03/2022","9:50:00","10:00:00",19,"Drinks ",22,4.5,21,"motorcycle ",0,"No ","Metropolitian ","Sandstorms","Low ",1
"15/02/2022","10:30:00","10:45:00",22,"Meal ",34,4.9,8,"motorcycle ",0,"No ","Metropolitian ","Stormy","Low ",1
"28/03/2022","9:55:00","10:00:00",19,"Drinks ",27,4.9,12,"scooter ",2,"No ","Metropolitian ","Cloudy","Low ",0
"18/03/2022","21:00:00","21:05:00",37,"Snack ",39,4.4,17,"scooter ",1,"No ","Metropolitian ","Windy","Jam ",2
"26/03/2022","9:30:00","9:35:00",12,"Buffet ",35,4.7,14,"scooter ",2,"No ","Metropolitian ","Sunny","Low ",0
"10/03/2022","17:15:00","17:25:00",18,"Drinks ",26,4.8,18,"motorcycle ",0,"No ","Metropolitian ","Sunny","Medium ",0
"16/02/2022","23:50:00","0:00:00",18,"Meal ",27,4.8,7,"scooter ",2,"No ","Metropolitian ","Stormy","Low ",1
"4/03/2022","20:15:00","20:30:00",43,"Drinks ",38,3.9,2,"scooter ",2,"No ","Metropolitian ","Sandstorms","Jam ",1
"2/03/2022","19:10:00","19:15:00",40,"Meal ",28,5,13,"motorcycle ",0,"No ","Metropolitian ","Stormy","Jam ",0
"30/03/2022","20:30:00","20:45:00",36,"Snack ",35,4,5,"motorcycle ",0,"No ","Metropolitian ","Stormy","Jam ",1
"2/03/2022","19:00:00","19:15:00",22,"Snack ",30,4.6,15,"electric_scooter ",2,"No ","Metropolitian ","Stormy","Medium ",1
"1/03/2022","22:15:00","22:25:00",20,"Meal ",39,4.7,13,"motorcycle ",2,"No ","Metropolitian ","Windy","Low ",0
"1/03/2022","17:20:00","17:30:00",20,"Meal ",21,4.8,19,"motorcycle ",0,"No ","Urban ","Sunny","Medium ",1
"15/03/2022","19:45:00","19:55:00",26,"Meal ",26,4.7,18,"electric_scooter ",2,"No ","Metropolitian ","Windy","Jam ",1
"4/04/2022","17:25:00","17:35:00",25,"Buffet ",24,4.5,4,"scooter ",2,"No ","Metropolitian ","Fog","Medium ",0
"30/03/2022","17:00:00","17:15:00",18,"Meal ",35,4.6,16,"scooter ",1,"No ","Metropolitian ","Sunny","Medium ",1
"2/04/2022","21:20:00","21:30:00",15,"Meal ",20,4.8,23,"motorcycle ",1,"No ","Urban ","Windy","Jam ",1
"27/03/2022","18:35:00","18:40:00",28,"Buffet ",30,4.8,21,"motorcycle ",0,"No ","Metropolitian ","Sunny","Medium ",1
"6/04/2022","22:10:00","22:20:00",23,"Meal ",28,4.5,6,"motorcycle ",0,"No ","Metropolitian ","Stormy","Low ",0
"9/03/2022","9:20:00","9:25:00",17,"Meal ",27,4.8,19,"motorcycle ",0,"No ","Metropolitian ","Cloudy","Low ",1
"7/03/2022","22:10:00","22:20:00",22,"Meal ",20,4.1,5,"motorcycle ",0,"No ","Metropolitian ","Sandstorms","Low ",0
"31/03/2022","19:40:00","19:45:00",39,"Buffet ",34,4,2,"motorcycle ",0,"No ","Urban ","Windy","Jam ",1
"17/03/2022","8:40:00","8:55:00",22,"Drinks ",23,4,6,"motorcycle ",0,"No ","Urban ","Sandstorms","Low ",1
"7/03/2022","8:35:00","8:40:00",28,"Snack ",36,4.5,19,"scooter ",1,"No ","Metropolitian ","Stormy","Low ",1
"1/04/2022","23:40:00","23:50:00",19,"Meal ",25,4.6,17,"scooter ",1,"No ","Urban ","Fog","Low ",0
"26/03/2022","17:35:00","17:40:00",18,"Meal ",35,4.9,14,"scooter ",1,"No ","Metropolitian ","Sunny","Medium ",1
"18/02/2022","19:30:00","19:40:00",46,"Snack ",37,4.8,18,"motorcycle ",0,"No ","Urban ","Cloudy","Jam ",0
"27/03/2022","23:25:00","23:40:00",12,"Buffet ",21,4.8,23,"scooter ",1,"No ","Urban ","Windy","Low ",1
"17/03/2022","18:40:00","18:45:00",27,"Drinks ",32,4.5,14,"motorcycle ",2,"No ","Metropolitian ","Stormy","Medium ",1
"19/03/2022","10:10:00","10:25:00",20,"Buffet ",24,4.8,9,"scooter ",2,"No ","Metropolitian ","Sunny","Low ",0
"3/03/2022","18:30:00","18:40:00",19,"Buffet ",27,4.9,16,"motorcycle ",0,"No ","Metropolitian ","Stormy","Medium ",1
"31/03/2022","19:50:00","19:55:00",31,"Snack ",25,4.1,5,"electric_scooter ",2,"No ","Metropolitian ","Cloudy","Jam ",0
"5/03/2022","10:00:00","10:15:00",20,"Drinks ",30,4.9,16,"motorcycle ",0,"No ","Urban ","Stormy","Low ",0
"20/03/2022","18:15:00","18:25:00",49,"Snack ",32,4.9,3,"motorcycle ",0,"No ","Metropolitian ","Cloudy","Medium ",3
"11/03/2022","16:20:00","16:30:00",16,"Meal ",28,4.5,2,"electric_scooter ",2,"No ","Urban ","Fog","Medium ",0
"6/04/2022","17:15:00","17:20:00",31,"Meal ",24,4,1,"scooter ",2,"No ","Metropolitian ","Cloudy","Medium ",1
"4/04/2022","20:40:00","20:45:00",27,"Drinks ",28,4.8,18,"motorcycle ",0,"No ","Metropolitian ","Stormy","Jam ",1
"25/03/2022","19:00:00","19:15:00",20,"Drinks ",27,4.6,13,"electric_scooter ",2,"No ","Metropolitian ","Sandstorms","Medium ",1
"14/03/2022","19:00:00","19:05:00",28,"Buffet ",29,4.9,16,"motorcycle ",0,"No ","Metropolitian ","Windy","Medium ",1
"13/03/2022","8:25:00","8:35:00",17,"Snack ",23,4.9,17,"scooter ",1,"No ","Metropolitian ","Fog","Low ",1
"17/03/2022","9:25:00","9:40:00",14,"Drinks ",23,5,9,"scooter ",2,"No ","Metropolitian ","Fog","Low ",0
"12/03/2022","20:35:00","20:50:00",36,"Drinks ",33,4,3,"scooter ",1,"No ","Metropolitian ","Cloudy","Jam ",1
"5/03/2022","12:10:00","12:20:00",27,"Drinks ",32,5,17,"scooter ",2,"No ","Metropolitian ","Fog","High ",1
"15/03/2022","11:35:00","11:45:00",29,"Buffet ",34,4.6,14,"scooter ",2,"No ","Metropolitian ","Cloudy","High ",1
"15/02/2022","21:55:00","22:00:00",26,"Meal ",30,4.6,16,"motorcycle ",1,"No ","Urban ","Stormy","Jam ",1
"27/03/2022","18:20:00","18:35:00",27,"Snack ",27,4.7,22,"motorcycle ",1,"No ","Metropolitian ","Stormy","Medium ",1
"31/03/2022","18:15:00","18:20:00",48,"Buffet ",37,4.7,18,"motorcycle ",0,"No ","Semi-Urban ","Stormy","Medium ",0
"6/04/2022","22:40:00","22:45:00",21,"Buffet ",33,4.8,18,"electric_scooter ",2,"No ","Metropolitian ","Sandstorms","Low ",1
"4/04/2022","23:35:00","23:45:00",25,"Buffet ",33,4.9,22,"motorcycle ",2,"No ","Urban ","Stormy","Low ",0
"4/04/2022","22:40:00","22:45:00",29,"Snack ",24,4.9,21,"scooter ",1,"No ","Urban ","Sunny","Low ",1
"28/03/2022","11:35:00","11:40:00",17,"Snack ",26,4.5,1,"motorcycle ",1,"No ","Urban ","Sandstorms","High ",0
"7/03/2022","19:25:00","19:40:00",30,"Drinks ",28,4.9,19,"scooter ",2,"No ","Metropolitian ","Fog","Jam ",1
"4/04/2022","22:40:00","22:55:00",23,"Meal ",34,4.8,23,"motorcycle ",0,"No ","Metropolitian ","Stormy","Low ",0
"21/03/2022","8:30:00","8:35:00",29,"Drinks ",31,4.5,3,"scooter ",1,"No ","Urban ","Sandstorms","Low ",0
"20/03/2022","23:35:00","23:50:00",25,"Drinks ",38,4.6,15,"scooter ",2,"No ","Metropolitian ","Windy","Low ",1
"15/02/2022","16:15:00","16:25:00",22,"Drinks ",26,4.7,2,"scooter ",1,"No ","Metropolitian ","Sandstorms","Medium ",1
"16/02/2022","19:40:00","19:50:00",42,"Drinks ",21,5,6,"motorcycle ",0,"No ","Metropolitian ","Stormy","Jam ",1
"13/03/2022","23:35:00","23:40:00",20,"Meal ",32,4.5,21,"motorcycle ",0,"No ","Metropolitian ","Cloudy","Low ",1
"5/04/2022","19:00:00","19:05:00",25,"Snack ",39,5,23,"scooter ",2,"No ","Urban ","Sandstorms","Medium ",1
"14/02/2022","20:35:00","20:40:00",21,"Buffet ",27,4.9,5,"motorcycle ",1,"No ","Metropolitian ","Sunny","Jam ",0
"20/03/2022","23:00:00","23:10:00",16,"Meal ",36,4.8,21,"scooter ",2,"No ","Urban ","Stormy","Low ",1
"9/03/2022","21:35:00","21:45:00",26,"Buffet ",38,4.5,23,"motorcycle ",1,"No ","Metropolitian ","Fog","Jam ",0
"24/03/2022","21:55:00","22:10:00",12,"Snack ",28,4.8,21,"electric_scooter ",2,"No ","Metropolitian ","Sunny","Jam ",0
"4/04/2022","19:20:00","19:25:00",36,"Snack ",38,4.2,14,"motorcycle ",2,"No ","Metropolitian ","Stormy","Jam ",1
"14/02/2022","21:35:00","21:40:00",49,"Drinks ",31,4.8,3,"scooter ",1,"Yes ","Metropolitian ","Fog","Jam ",2
"16/03/2022","23:20:00","23:25:00",18,"Buffet ",29,4.9,15,"electric_scooter ",2,"No ","Metropolitian ","Sandstorms","Low ",1
"13/03/2022","11:40:00","11:55:00",32,"Buffet ",36,4.4,19,"motorcycle ",1,"No ","Metropolitian ","Windy","High ",1
"7/03/2022","23:10:00","23:20:00",15,"Drinks ",29,4.7,9,"motorcycle ",1,"No ","Metropolitian ","Sunny","Low ",1
"6/03/2022","18:50:00","19:00:00",37,"Meal ",20,4.9,9,"motorcycle ",0,"No ","Metropolitian ","Fog","Medium ",2
"19/03/2022","11:00:00","11:15:00",22,"Snack ",31,4.8,19,"motorcycle ",1,"No ","Metropolitian ","Sandstorms","Low ",0
"3/04/2022","11:35:00","11:50:00",25,"Meal ",39,4.9,18,"motorcycle ",1,"No ","Metropolitian ","Sandstorms","High ",1
"15/02/2022","16:35:00","16:50:00",25,"Meal ",22,4.5,9,"motorcycle ",0,"No ","Metropolitian ","Stormy","Medium ",0
"11/02/2022","11:45:00","11:50:00",53,"Drinks ",22,4.2,2,"motorcycle ",0,"No ","Metropolitian ","Sunny","High ",3
"11/03/2022","18:15:00","18:20:00",15,"Meal ",26,4.7,21,"motorcycle ",0,"No ","Urban ","Sunny","Medium ",1
"14/02/2022","23:20:00","23:25:00",21,"Snack ",26,4.7,22,"motorcycle ",0,"No ","Urban ","Cloudy","Low ",0
"2/03/2022","22:30:00","22:35:00",31,"Drinks ",28,3.4,2,"motorcycle ",1,"No ","Urban ","Sunny","Low ",1
"6/03/2022","17:30:00","17:35:00",28,"Meal ",25,4.7,22,"motorcycle ",0,"No ","Urban ","Stormy","Medium ",0
"12/02/2022","21:20:00","21:25:00",40,"Buffet ",30,4.4,6,"motorcycle ",0,"No ","Metropolitian ","Sandstorms","Jam ",1
"4/03/2022","22:35:00","22:45:00",25,"Buffet ",36,4.8,21,"motorcycle ",1,"No ","Metropolitian ","Fog","Low ",1
"5/04/2022","18:20:00","18:30:00",11,"Buffet ",25,4.9,18,"electric_scooter ",2,"No ","Metropolitian ","Fog","Medium ",0
"6/03/2022","22:25:00","22:40:00",20,"Buffet ",26,4.7,22,"motorcycle ",2,"No ","Metropolitian ","Sunny","Low ",1
"4/03/2022","17:25:00","17:40:00",33,"Buffet ",35,3.7,3,"motorcycle ",1,"No ","Metropolitian ","Stormy","Medium ",0
"5/03/2022","17:00:00","17:10:00",30,"Buffet ",39,4.6,22,"scooter ",2,"No ","Metropolitian ","Sandstorms","Medium ",0
"27/03/2022","22:00:00","22:15:00",43,"Snack ",32,4.8,19,"motorcycle ",1,"Yes ","Urban ","Fog","Jam ",1
"18/02/2022","23:20:00","23:25:00",22,"Drinks ",28,4.6,3,"motorcycle ",0,"No ","Metropolitian ","Sandstorms","Low ",1
"17/03/2022","13:40:00","13:45:00",23,"Drinks ",22,4.9,2,"motorcycle ",0,"No ","Metropolitian ","Sandstorms","High ",0
"21/03/2022","14:35:00","14:40:00",40,"Buffet ",26,4.4,9,"motorcycle ",0,"No ","Metropolitian ","Sunny","High ",1
"23/03/2022","18:50:00","19:05:00",38,"Buffet ",33,3.6,2,"motorcycle ",2,"No ","Urban ","Windy","Medium ",2
"1/03/2022","23:35:00","23:50:00",22,"Buffet ",33,4.7,23,"scooter ",1,"No ","Urban ","Windy","Low ",1
"5/04/2022","8:15:00","8:25:00",29,"Snack ",30,4.3,6,"motorcycle ",0,"No ","Metropolitian ","Windy","Low ",1
"3/03/2022","23:35:00","23:40:00",22,"Meal ",23,4.8,14,"scooter ",1,"No ","Metropolitian ","Sunny","Low ",1
"5/04/2022","11:00:00","11:10:00",18,"Snack ",38,4.7,17,"scooter ",1,"No ","Metropolitian ","Cloudy","Low ",0
"10/03/2022","17:10:00","17:25:00",41,"Meal ",28,5,21,"motorcycle ",0,"No ","Metropolitian ","Fog","Medium ",1
"13/02/2022","23:00:00","23:05:00",16,"Snack ",31,4.9,4,"scooter ",2,"No ","Metropolitian ","Stormy","Low ",0
"21/03/2022","12:25:00","12:30:00",33,"Meal ",33,4.7,7,"motorcycle ",0,"No ","Metropolitian ","Fog","High ",2
"17/03/2022","20:25:00","20:30:00",27,"Meal ",25,4.7,18,"scooter ",1,"No ","Metropolitian ","Windy","Jam ",1
"14/02/2022","17:20:00","17:25:00",41,"Buffet ",33,4.7,3,"electric_scooter ",2,"No ","Metropolitian ","Stormy","Medium ",2
"5/03/2022","16:40:00","16:50:00",15,"Snack ",21,5,17,"motorcycle ",0,"No ","Urban ","Stormy","Medium ",0
"11/02/2022","21:10:00","21:25:00",30,"Buffet ",26,4.6,4,"electric_scooter ",2,"No ","Metropolitian ","Fog","Jam ",0
"21/03/2022","11:10:00","11:25:00",29,"Meal ",36,4.7,21,"motorcycle ",0,"No ","Urban ","Sunny","High ",1
"4/03/2022","22:10:00","22:15:00",17,"Snack ",20,4.9,18,"motorcycle ",0,"No ","Metropolitian ","Sandstorms","Low ",0
"8/03/2022","18:45:00","19:00:00",29,"Meal ",36,4.5,15,"scooter ",1,"No ","Metropolitian ","Windy","Medium ",1
"9/03/2022","9:40:00","9:45:00",25,"Snack ",33,4.7,22,"motorcycle ",1,"No ","Urban ","Sandstorms","Low ",1
"23/03/2022","17:20:00","17:30:00",26,"Drinks ",20,4.7,17,"motorcycle ",2,"No ","Urban ","Stormy","Medium ",1
"25/03/2022","18:10:00","18:25:00",37,"Snack ",32,4,9,"motorcycle ",2,"No ","Metropolitian ","Fog","Medium ",1
"25/03/2022","22:40:00","22:55:00",25,"Meal ",36,5,23,"scooter ",2,"No ","Urban ","Stormy","Low ",1
"26/03/2022","21:20:00","21:30:00",31,"Drinks ",38,5,2,"motorcycle ",1,"No ","Metropolitian ","Stormy","Jam ",1
"28/03/2022","23:55:00","0:05:00",22,"Drinks ",36,4.7,19,"motorcycle ",0,"No ","Metropolitian ","Sunny","Low ",0
"20/03/2022","17:40:00","17:45:00",31,"Snack ",35,4.3,5,"electric_scooter ",2,"No ","Metropolitian ","Sandstorms","Medium ",1
"25/03/2022","21:45:00","21:50:00",29,"Drinks ",35,4.8,2,"motorcycle ",2,"No ","Metropolitian ","Sunny","Jam ",1
"1/03/2022","17:15:00","17:30:00",24,"Snack ",24,4.6,9,"motorcycle ",0,"No ","Metropolitian ","Fog","Medium ",1
"6/04/2022","17:45:00","18:00:00",30,"Buffet ",22,4.7,22,"scooter ",1,"No ","Metropolitian ","Cloudy","Medium ",0
"2/04/2022","21:25:00","21:40:00",20,"Snack ",32,4.8,23,"scooter ",1,"No ","Metropolitian ","Sunny","Jam ",1
"1/03/2022","22:35:00","22:45:00",28,"Snack ",27,4,2,"motorcycle ",0,"No ","Metropolitian ","Windy","Low ",1
"1/03/2022","15:15:00","15:30:00",17,"Drinks ",20,4.6,9,"scooter ",1,"No ","Metropolitian ","Fog","Medium ",0
"2/03/2022","21:10:00","21:20:00",42,"Meal ",34,4.4,19,"scooter ",2,"No ","Metropolitian ","Stormy","Jam ",1
"28/03/2022","10:25:00","10:30:00",19,"Drinks ",25,4.8,18,"scooter ",2,"No ","Metropolitian ","Stormy","Low ",1
"5/03/2022","9:45:00","9:50:00",19,"Buffet ",22,4.6,22,"scooter ",2,"No ","Metropolitian ","Stormy","Low ",0
"3/04/2022","23:20:00","23:35:00",16,"Drinks ",26,4.7,22,"motorcycle ",0,"No ","Metropolitian ","Fog","Low ",0
"16/02/2022","21:35:00","21:40:00",39,"Drinks ",30,4.2,6,"motorcycle ",0,"No ","Metropolitian ","Sunny","Jam ",0
"8/03/2022","19:10:00","19:25:00",35,"Drinks ",22,4.7,22,"motorcycle ",0,"No ","Metropolitian ","Fog","Jam ",1
"1/04/2022","10:20:00","10:35:00",34,"Snack ",34,4,13,"motorcycle ",0,"No ","Metropolitian ","Stormy","Low ",1
"16/03/2022","23:15:00","23:30:00",20,"Meal ",34,4.6,16,"electric_scooter ",2,"No ","Metropolitian ","Sunny","Low ",0
"15/02/2022","15:30:00","15:45:00",26,"Meal ",27,4.5,2,"scooter ",1,"No ","Metropolitian ","Windy","Medium ",0
"15/02/2022","13:30:00","13:40:00",31,"Snack ",39,4.4,2,"scooter ",1,"No ","Urban ","Windy","High ",1
"11/03/2022","21:25:00","21:30:00",39,"Buffet ",37,4.8,19,"motorcycle ",0,"No ","Urban ","Stormy","Jam ",1
"24/03/2022","14:15:00","14:30:00",40,"Drinks ",23,3.9,2,"motorcycle ",0,"No ","Metropolitian ","Sunny","High ",1
"14/03/2022","17:35:00","17:40:00",37,"Meal ",36,4,3,"motorcycle ",0,"No ","Metropolitian ","Sunny","Medium ",1
"12/03/2022","18:50:00","18:55:00",27,"Buffet ",36,4.5,9,"electric_scooter ",2,"No ","Metropolitian ","Windy","Medium ",1
"2/04/2022","21:25:00","21:30:00",42,"Snack ",29,4.7,1,"scooter ",2,"No ","Metropolitian ","Fog","Jam ",1
"9/03/2022","10:40:00","10:45:00",26,"Snack ",38,4.6,19,"scooter ",1,"No ","Metropolitian ","Stormy","Low ",1
"26/03/2022","17:55:00","18:10:00",27,"Meal ",26,4.9,16,"scooter ",2,"No ","Urban ","Sandstorms","Medium ",1
"6/04/2022","19:55:00","20:10:00",42,"Meal ",38,4.2,3,"motorcycle ",0,"No ","Metropolitian ","Stormy","Jam ",3
"14/03/2022","18:10:00","18:20:00",32,"Drinks ",22,4,3,"motorcycle ",0,"No ","Metropolitian ","Stormy","Medium ",0
"3/04/2022","19:15:00","19:30:00",31,"Drinks ",33,4,3,"motorcycle ",1,"No ","Metropolitian ","Sandstorms","Jam ",0
"13/03/2022","10:20:00","10:30:00",16,"Meal ",35,4.9,15,"scooter ",2,"No ","Urban ","Fog","Low ",1
"1/04/2022","21:55:00","22:05:00",32,"Snack ",39,5,13,"scooter ",1,"No ","Metropolitian ","Stormy","Jam ",1
"30/03/2022","21:35:00","21:40:00",28,"Drinks ",26,4.7,23,"scooter ",1,"No ","Metropolitian ","Cloudy","Jam ",1
"17/02/2022","11:55:00","12:05:00",27,"Buffet ",20,4.7,7,"motorcycle ",0,"No ","Metropolitian ","Fog","High ",1
"15/02/2022","21:10:00","21:25:00",26,"Snack ",34,4.5,3,"scooter ",2,"No ","Metropolitian ","Stormy","Jam ",1
"13/03/2022","11:55:00","12:10:00",30,"Buffet ",36,4.9,23,"motorcycle ",0,"No ","Metropolitian ","Stormy","High ",0
"2/03/2022","18:45:00","18:55:00",37,"Meal ",20,4.9,15,"scooter ",1,"No ","Metropolitian ","Fog","Medium ",1
"6/03/2022","23:40:00","23:45:00",22,"Drinks ",20,4.6,17,"scooter ",1,"No ","Urban ","Stormy","Low ",1
"14/02/2022","19:10:00","19:25:00",25,"Snack ",20,4.8,2,"motorcycle ",0,"No ","Metropolitian ","Sandstorms","Jam ",0
"4/04/2022","20:00:00","20:15:00",31,"Snack ",21,4.8,22,"scooter ",2,"No ","Metropolitian ","Fog","Jam ",0
"13/03/2022","23:35:00","23:50:00",21,"Buffet ",35,4.4,18,"motorcycle ",0,"No ","Metropolitian ","Sandstorms","Low ",1
"6/04/2022","20:20:00","20:35:00",40,"Buffet ",39,5,19,"motorcycle ",0,"No ","Metropolitian ","Windy","Jam ",0
"3/03/2022","12:30:00","12:35:00",39,"Drinks ",37,4.1,1,"motorcycle ",0,"No ","Metropolitian ","Sandstorms","High ",1
"17/02/2022","20:50:00","21:05:00",24,"Buffet ",20,4.7,3,"motorcycle ",2,"No ","Metropolitian ","Fog","Jam ",1
"17/03/2022","21:00:00","21:10:00",32,"Buffet ",36,4.8,22,"electric_scooter ",2,"No ","Metropolitian ","Windy","Jam ",1
"14/03/2022","20:10:00","20:20:00",20,"Snack ",27,4.7,14,"motorcycle ",1,"No ","Metropolitian ","Sandstorms","Jam ",0
"6/03/2022","21:40:00","21:50:00",37,"Meal ",35,4.9,21,"scooter ",1,"No ","Metropolitian ","Fog","Jam ",1
"3/04/2022","12:25:00","12:30:00",38,"Drinks ",36,4.1,11,"motorcycle ",1,"No ","Metropolitian ","Fog","High ",1
"17/03/2022","11:10:00","11:25:00",33,"Meal ",38,4.4,21,"scooter ",1,"No ","Metropolitian ","Windy","High ",1
"3/03/2022","10:50:00","11:00:00",33,"Buffet ",33,4.2,7,"motorcycle ",0,"No ","Metropolitian ","Stormy","Low ",1
"7/03/2022","20:45:00","20:55:00",25,"Buffet ",20,4.9,15,"scooter ",2,"No ","Metropolitian ","Sunny","Jam ",0
"8/03/2022","17:55:00","18:00:00",25,"Drinks ",23,4.6,18,"scooter ",2,"No ","Metropolitian ","Windy","Medium ",1
"12/02/2022","19:20:00","19:30:00",49,"Buffet ",34,4.6,8,"motorcycle ",0,"Yes ","Metropolitian ","Fog","Jam ",1
"12/03/2022","18:50:00","18:55:00",18,"Drinks ",28,4.6,21,"motorcycle ",2,"No ","Urban ","Windy","Medium ",1
"31/03/2022","18:30:00","18:45:00",38,"Drinks ",39,4.8,1,"motorcycle ",0,"No ","Metropolitian ","Fog","Medium ",1
"23/03/2022","18:15:00","18:30:00",18,"Snack ",29,4.8,15,"motorcycle ",1,"No ","Urban ","Sandstorms","Medium ",1
"4/04/2022","22:25:00","22:40:00",25,"Drinks ",26,4.7,23,"motorcycle ",0,"No ","Metropolitian ","Sunny","Low ",1
"20/03/2022","0:00:00","0:15:00",20,"Drinks ",21,4.7,23,"motorcycle ",0,"No ","Metropolitian ","Sandstorms","Low ",1
"20/03/2022","19:55:00","20:05:00",31,"Buffet ",35,4.2,1,"motorcycle ",2,"No ","Urban ","Sunny","Jam ",1
"6/04/2022","17:55:00","18:10:00",32,"Drinks ",26,4.7,16,"scooter ",1,"No ","Metropolitian ","Cloudy","Medium ",0
"16/02/2022","20:20:00","20:25:00",21,"Snack ",27,4.8,19,"motorcycle ",1,"No ","Urban ","Sunny","Jam ",0
"14/03/2022","17:10:00","17:25:00",43,"Meal ",35,4.4,18,"motorcycle ",2,"No ","Metropolitian ","Fog","Medium ",1
"6/03/2022","22:40:00","22:50:00",35,"Meal ",32,3.8,2,"scooter ",1,"No ","Metropolitian ","Sunny","Low ",2
"29/03/2022","0:00:00","0:05:00",11,"Meal ",22,4.9,1,"scooter ",2,"No ","Urban ","Windy","Low ",0
"16/02/2022","18:55:00","19:05:00",27,"Buffet ",28,4.9,22,"scooter ",1,"No ","Urban ","Fog","Medium ",0
"1/03/2022","18:30:00","18:35:00",15,"Snack ",25,4.7,22,"scooter ",1,"No ","Metropolitian ","Fog","Medium ",0
"16/03/2022","20:15:00","20:20:00",36,"Drinks ",26,4.8,13,"electric_scooter ",2,"No ","Metropolitian ","Cloudy","Jam ",0
"23/03/2022","23:30:00","23:35:00",19,"Meal ",31,4.9,19,"motorcycle ",1,"No ","Urban ","Sunny","Low ",1
"7/03/2022","18:45:00","18:50:00",31,"Drinks ",32,4.8,12,"motorcycle ",0,"No ","Metropolitian ","Windy","Medium ",0
"12/03/2022","19:10:00","19:15:00",24,"Buffet ",28,4.8,21,"electric_scooter ",2,"No ","Metropolitian ","Sandstorms","Jam ",1
"9/03/2022","9:50:00","10:05:00",27,"Meal ",20,4.3,23,"motorcycle ",0,"No ","Metropolitian ","Sandstorms","Low ",1
"26/03/2022","8:20:00","8:25:00",24,"Drinks ",20,4.3,16,"motorcycle ",0,"No ","Metropolitian ","Stormy","Low ",1
"11/02/2022","13:15:00","13:25:00",28,"Snack ",25,4.8,6,"motorcycle ",1,"No ","Metropolitian ","Windy","High ",1
"6/04/2022","20:10:00","20:20:00",25,"Snack ",27,4.8,18,"motorcycle ",1,"No ","Urban ","Sandstorms","Jam ",1
"31/03/2022","0:00:00","0:05:00",20,"Drinks ",39,4.9,15,"motorcycle ",0,"No ","Metropolitian ","Sandstorms","Low ",0
"23/03/2022","17:25:00","17:30:00",28,"Drinks ",37,4.5,23,"scooter ",2,"No ","Metropolitian ","Stormy","Medium ",1
"14/02/2022","17:10:00","17:15:00",38,"Drinks ",37,4.5,4,"motorcycle ",0,"No ","Metropolitian ","Fog","Medium ",2
"24/03/2022","10:30:00","10:40:00",18,"Meal ",22,4.2,23,"motorcycle ",0,"No ","Metropolitian ","Stormy","Low ",1
"2/04/2022","22:40:00","22:50:00",26,"Buffet ",39,4.6,23,"motorcycle ",0,"No ","Metropolitian ","Windy","Low ",1
"25/03/2022","23:10:00","23:15:00",24,"Buffet ",26,4.7,22,"motorcycle ",0,"No ","Metropolitian ","Cloudy","Low ",1
"16/03/2022","21:15:00","21:30:00",19,"Buffet ",20,4.7,16,"motorcycle ",1,"No ","Urban ","Windy","Jam ",0
"8/03/2022","23:50:00","0:00:00",24,"Meal ",32,4.8,17,"motorcycle ",0,"No ","Urban ","Stormy","Low ",1
"14/03/2022","23:00:00","23:05:00",21,"Snack ",31,4.6,16,"scooter ",2,"No ","Metropolitian ","Windy","Low ",0
"2/03/2022","23:35:00","23:40:00",12,"Drinks ",22,4.7,22,"electric_scooter ",2,"No ","Urban ","Sandstorms","Low ",0
"3/03/2022","9:00:00","9:10:00",15,"Snack ",24,5,22,"scooter ",2,"No ","Urban ","Sandstorms","Low ",0
"2/04/2022","19:50:00","20:05:00",15,"Meal ",21,4.8,19,"scooter ",1,"No ","Metropolitian ","Windy","Jam ",1
"30/03/2022","10:55:00","11:00:00",24,"Snack ",37,4.7,18,"scooter ",1,"No ","Metropolitian ","Stormy","Low ",1
"24/03/2022","11:20:00","11:30:00",23,"Drinks ",28,4.5,5,"scooter ",2,"No ","Urban ","Sandstorms","High ",1
"24/03/2022","11:45:00","11:50:00",19,"Buffet ",27,4.7,16,"scooter ",1,"No ","Urban ","Stormy","High ",1
"19/03/2022","10:10:00","10:20:00",25,"Buffet ",35,4.6,21,"motorcycle ",0,"No ","Urban ","Fog","Low ",0
"11/02/2022","19:50:00","20:05:00",37,"Buffet ",25,5,7,"motorcycle ",0,"No ","Metropolitian ","Stormy","Jam ",1
"13/03/2022","19:55:00","20:10:00",18,"Drinks ",26,4.5,12,"scooter ",2,"No ","Metropolitian ","Windy","Jam ",1
"30/03/2022","20:20:00","20:25:00",35,"Buffet ",34,4.4,11,"motorcycle ",0,"No ","Metropolitian ","Sandstorms","Jam ",0
"18/02/2022","19:15:00","19:25:00",49,"Drinks ",25,4.8,6,"motorcycle ",0,"Yes ","Metropolitian ","Sandstorms","Jam ",1
"9/03/2022","11:30:00","11:40:00",24,"Snack ",29,5,18,"scooter ",2,"No ","Urban ","Stormy","High ",1
"14/02/2022","21:10:00","21:20:00",27,"Meal ",34,4.8,2,"scooter ",2,"No ","Metropolitian ","Sandstorms","Jam ",1
"10/03/2022","22:10:00","22:25:00",19,"Buffet ",26,5,14,"scooter ",1,"No ","Metropolitian ","Sandstorms","Low ",0
"1/04/2022","10:35:00","10:40:00",17,"Snack ",38,4.7,9,"scooter ",2,"No ","Metropolitian ","Fog","Low ",1
"31/03/2022","22:45:00","22:55:00",25,"Buffet ",33,4.9,16,"scooter ",1,"No ","Metropolitian ","Windy","Low ",1
"28/03/2022","17:00:00","17:15:00",19,"Meal ",30,4.5,6,"electric_scooter ",2,"No ","Urban ","Sunny","Medium ",1
"11/03/2022","23:35:00","23:40:00",24,"Meal ",23,4.8,23,"scooter ",2,"No ","Metropolitian ","Sunny","Low ",0
"29/03/2022","21:25:00","21:35:00",52,"Drinks ",36,4.8,1,"motorcycle ",0,"Yes ","Metropolitian ","Sandstorms","Jam ",2
"3/04/2022","17:35:00","17:40:00",28,"Drinks ",30,4.9,21,"scooter ",1,"No ","Metropolitian ","Windy","Medium ",0
"25/03/2022","23:10:00","23:25:00",12,"Snack ",21,4.8,15,"scooter ",2,"No ","Urban ","Sandstorms","Low ",0
"4/04/2022","17:10:00","17:20:00",30,"Buffet ",25,4.8,14,"motorcycle ",0,"No ","Metropolitian ","Cloudy","Medium ",1
"30/03/2022","10:25:00","10:30:00",29,"Drinks ",39,4.6,1,"motorcycle ",1,"No ","Metropolitian ","Sandstorms","Low ",1
"9/03/2022","22:55:00","23:05:00",15,"Drinks ",36,4.7,22,"motorcycle ",2,"No ","Metropolitian ","Cloudy","Low ",1
"2/04/2022","22:00:00","22:10:00",35,"Meal ",33,3.8,2,"motorcycle ",1,"No ","Metropolitian ","Windy","Jam ",1
"21/03/2022","22:10:00","22:20:00",18,"Buffet ",22,4.6,19,"scooter ",1,"No ","Metropolitian ","Windy","Low ",0
"16/03/2022","20:00:00","20:10:00",36,"Snack ",38,4.8,13,"scooter ",1,"No ","Metropolitian ","Fog","Jam ",1
"8/03/2022","21:50:00","22:00:00",33,"Snack ",29,4.9,15,"motorcycle ",0,"No ","Metropolitian ","Sandstorms","Jam ",0
"12/02/2022","18:20:00","18:25:00",26,"Buffet ",26,4.5,7,"scooter ",2,"No ","Metropolitian ","Sandstorms","Medium ",1
"17/03/2022","11:55:00","12:05:00",27,"Snack ",32,4.5,13,"scooter ",2,"No ","Metropolitian ","Sandstorms","High ",1
"28/03/2022","9:10:00","9:20:00",13,"Drinks ",20,4.6,23,"scooter ",1,"No ","Metropolitian ","Sandstorms","Low ",0
"27/03/2022","18:55:00","19:10:00",35,"Snack ",21,4.4,5,"motorcycle ",2,"No ","Urban ","Fog","Medium ",1
"4/03/2022","19:45:00","19:50:00",48,"Snack ",21,4.7,17,"motorcycle ",0,"Yes ","Metropolitian ","Fog","Jam ",2
"21/03/2022","9:20:00","9:25:00",17,"Drinks ",22,4.7,23,"motorcycle ",0,"No ","Metropolitian ","Fog","Low ",1
"3/03/2022","11:10:00","11:20:00",25,"Buffet ",22,5,15,"motorcycle ",0,"No ","Metropolitian ","Fog","High ",1
"26/03/2022","23:55:00","0:00:00",22,"Meal ",36,4.5,15,"motorcycle ",0,"No ","Metropolitian ","Sandstorms","Low ",0
"16/03/2022","18:15:00","18:30:00",11,"Buffet ",25,4.7,21,"motorcycle ",1,"No ","Metropolitian ","Sunny","Medium ",1
"29/03/2022","21:15:00","21:20:00",27,"Drinks ",26,4.7,9,"motorcycle ",0,"No ","Metropolitian ","Windy","Jam ",1
"4/03/2022","21:45:00","22:00:00",41,"Snack ",36,4.4,19,"motorcycle ",2,"No ","Metropolitian ","Stormy","Jam ",2
"11/03/2022","17:45:00","17:50:00",17,"Snack ",33,4.7,22,"motorcycle ",2,"No ","Metropolitian ","Fog","Medium ",0
"7/03/2022","8:30:00","8:35:00",15,"Snack ",27,4.9,21,"scooter ",1,"No ","Metropolitian ","Sunny","Low ",1
"16/02/2022","17:40:00","17:55:00",19,"Buffet ",25,4.5,9,"electric_scooter ",2,"No ","Metropolitian ","Sunny","Medium ",1
"11/02/2022","19:35:00","19:50:00",19,"Snack ",36,5,9,"motorcycle ",2,"No ","Metropolitian ","Sunny","Jam ",1
"12/02/2022","17:25:00","17:30:00",38,"Snack ",21,4.8,8,"motorcycle ",0,"No ","Metropolitian ","Fog","Medium ",2
"26/03/2022","23:50:00","0:05:00",29,"Snack ",33,4.7,17,"scooter ",1,"No ","Urban ","Windy","Low ",1
"7/03/2022","10:25:00","10:30:00",22,"Meal ",31,4.8,18,"electric_scooter ",2,"No ","Urban ","Sandstorms","Low ",1
"1/04/2022","18:50:00","19:05:00",29,"Drinks ",36,4.6,11,"scooter ",2,"No ","Metropolitian ","Sandstorms","Medium ",1
"13/03/2022","21:40:00","21:45:00",52,"Buffet ",26,3.5,5,"motorcycle ",0,"Yes ","Metropolitian ","Sunny","Jam ",1
"5/03/2022","16:15:00","16:20:00",24,"Buffet ",28,4.9,9,"motorcycle ",1,"No ","Metropolitian ","Stormy","Medium ",1
"12/03/2022","19:40:00","19:45:00",20,"Meal ",24,4.6,12,"motorcycle ",1,"No ","Metropolitian ","Sandstorms","Jam ",0
"17/02/2022","10:35:00","10:40:00",11,"Meal ",25,4.9,16,"motorcycle ",1,"No ","Urban ","Windy","Low ",0
"23/03/2022","20:50:00","21:00:00",20,"Drinks ",22,4.6,19,"motorcycle ",1,"No ","Urban ","Windy","Jam ",1
"27/03/2022","21:50:00","22:00:00",36,"Drinks ",24,4.3,5,"scooter ",1,"No ","Metropolitian ","Fog","Jam ",1
"30/03/2022","20:30:00","20:40:00",24,"Drinks ",25,4.6,13,"motorcycle ",1,"No ","Metropolitian ","Cloudy","Jam ",0
"30/03/2022","21:45:00","22:00:00",34,"Buffet ",35,4.9,7,"motorcycle ",0,"No ","Metropolitian ","Cloudy","Jam ",1
"29/03/2022","22:55:00","23:00:00",39,"Drinks ",20,2.8,4,"scooter ",1,"No ","Urban ","Sunny","Low ",2
"15/02/2022","10:45:00","10:50:00",29,"Meal ",36,4.2,6,"motorcycle ",0,"No ","Urban ","Windy","Low ",0
"15/03/2022","9:50:00","10:05:00",18,"Drinks ",21,4.9,9,"motorcycle ",0,"No ","Metropolitian ","Fog","Low ",0
"13/03/2022","22:10:00","22:15:00",18,"Snack ",23,4.9,9,"scooter ",1,"No ","Metropolitian ","Fog","Low ",1
"31/03/2022","22:30:00","22:35:00",32,"Meal ",20,3.5,11,"scooter ",1,"No ","Metropolitian ","Sunny","Low ",1
"2/04/2022","19:30:00","19:35:00",26,"Meal ",23,4.6,21,"motorcycle ",0,"No ","Metropolitian ","Windy","Jam ",1
"2/04/2022","21:25:00","21:40:00",18,"Meal ",35,4.5,19,"motorcycle ",1,"No ","Metropolitian ","Sunny","Jam ",0
"5/04/2022","18:45:00","19:00:00",26,"Drinks ",35,4.5,5,"motorcycle ",0,"No ","Metropolitian ","Sandstorms","Medium ",0
"11/03/2022","20:45:00","20:50:00",19,"Drinks ",20,4.9,23,"motorcycle ",1,"No ","Metropolitian ","Sunny","Jam ",1
"16/02/2022","17:10:00","17:25:00",20,"Meal ",39,4.7,3,"scooter ",1,"No ","Metropolitian ","Windy","Medium ",1
"2/03/2022","21:30:00","21:45:00",48,"Drinks ",26,5,19,"motorcycle ",0,"No ","Semi-Urban ","Cloudy","Jam ",0
"2/04/2022","18:20:00","18:25:00",15,"Meal ",29,4.7,21,"motorcycle ",1,"No ","Metropolitian ","Sunny","Medium ",0
"17/03/2022","17:40:00","17:55:00",18,"Drinks ",37,4.5,23,"motorcycle ",1,"No ","Metropolitian ","Fog","Medium ",1
"15/02/2022","9:00:00","9:05:00",26,"Drinks ",21,4,20,"motorcycle ",0,"No ","Metropolitian ","Windy","Low ",1
"26/03/2022","22:15:00","22:20:00",13,"Meal ",29,4.9,14,"electric_scooter ",2,"No ","Metropolitian ","Sandstorms","Low ",1
"6/03/2022","18:10:00","18:20:00",15,"Drinks ",36,5,21,"scooter ",1,"No ","Metropolitian ","Sunny","Medium ",1
"7/03/2022","9:20:00","9:25:00",26,"Buffet ",30,4.9,17,"scooter ",1,"No ","Metropolitian ","Stormy","Low ",1
"3/04/2022","14:45:00","14:55:00",23,"Snack ",24,4.6,23,"motorcycle ",0,"No ","Metropolitian ","Fog","High ",0
"4/04/2022","17:15:00","17:25:00",31,"Snack ",23,4.9,4,"motorcycle ",0,"No ","Metropolitian ","Fog","Medium ",1
"9/03/2022","20:15:00","20:20:00",20,"Drinks ",22,4.6,17,"motorcycle ",1,"No ","Metropolitian ","Fog","Jam ",1
"12/03/2022","18:40:00","18:45:00",35,"Drinks ",39,4.7,18,"motorcycle ",2,"No ","Metropolitian ","Cloudy","Medium ",1
"5/03/2022","22:20:00","22:35:00",32,"Buffet ",39,4.1,13,"motorcycle ",0,"No ","Metropolitian ","Stormy","Low ",1
"17/02/2022","21:30:00","21:45:00",33,"Snack ",30,4.9,6,"motorcycle ",0,"No ","Metropolitian ","Fog","Jam ",1
"30/03/2022","20:40:00","20:55:00",53,"Drinks ",25,3.9,6,"motorcycle ",0,"Yes ","Metropolitian ","Sunny","Jam ",3
"31/03/2022","20:15:00","20:30:00",47,"Drinks ",20,4.7,9,"motorcycle ",0,"Yes ","Metropolitian ","Cloudy","Jam ",1
"6/03/2022","17:35:00","17:50:00",25,"Meal ",22,4.6,22,"motorcycle ",0,"No ","Metropolitian ","Windy","Medium ",1
"13/03/2022","14:40:00","14:55:00",28,"Drinks ",32,4.7,15,"motorcycle ",1,"No ","Urban ","Stormy","High ",0
"14/02/2022","21:00:00","21:10:00",19,"Buffet ",24,4.9,9,"motorcycle ",1,"No ","Metropolitian ","Windy","Jam ",0
"14/03/2022","18:40:00","18:50:00",38,"Snack ",33,4.3,15,"motorcycle ",0,"No ","Metropolitian ","Stormy","Medium ",0
"5/03/2022","20:15:00","20:20:00",26,"Drinks ",22,4.7,16,"motorcycle ",0,"No ","Metropolitian ","Sunny","Jam ",1
"11/03/2022","19:25:00","19:30:00",12,"Meal ",24,4.5,22,"motorcycle ",1,"No ","Metropolitian ","Sandstorms","Jam ",0
"10/03/2022","20:15:00","20:30:00",34,"Drinks ",21,4.9,16,"motorcycle ",0,"No ","Metropolitian ","Stormy","Jam ",1
"1/04/2022","21:40:00","21:50:00",33,"Buffet ",34,4.7,13,"scooter ",2,"No ","Metropolitian ","Cloudy","Jam ",1
"9/03/2022","20:45:00","20:55:00",26,"Snack ",37,4.9,15,"motorcycle ",2,"No ","Metropolitian ","Sandstorms","Jam ",1
"1/04/2022","10:15:00","10:20:00",22,"Buffet ",39,5,23,"scooter ",2,"No ","Metropolitian ","Sandstorms","Low ",1
"21/03/2022","19:15:00","19:25:00",34,"Snack ",31,4.4,9,"electric_scooter ",2,"No ","Metropolitian ","Windy","Jam ",1
"2/04/2022","19:30:00","19:35:00",26,"Meal ",23,4.6,21,"motorcycle ",0,"No ","Metropolitian ","Windy","Jam ",1
"11/03/2022","8:15:00","8:25:00",20,"Meal ",28,4.7,19,"electric_scooter ",2,"No ","Urban ","Sunny","Low ",0
"27/03/2022","21:00:00","21:15:00",24,"Buffet ",26,4.8,23,"scooter ",2,"No ","Metropolitian ","Windy","Jam ",1
"31/03/2022","23:10:00","23:20:00",27,"Buffet ",39,4.9,22,"motorcycle ",1,"No ","Metropolitian ","Fog","Low ",1
"5/04/2022","11:20:00","11:25:00",30,"Snack ",31,4.8,22,"motorcycle ",0,"No ","Metropolitian ","Cloudy","High ",1
"2/03/2022","19:55:00","20:05:00",23,"Buffet ",25,4.6,23,"scooter ",2,"No ","Metropolitian ","Windy","Jam ",1
"3/04/2022","20:40:00","20:45:00",33,"Meal ",30,4.8,5,"scooter ",1,"No ","Metropolitian ","Stormy","Jam ",1
"16/02/2022","23:25:00","23:40:00",28,"Snack ",30,4.6,5,"scooter ",1,"No ","Metropolitian ","Sunny","Low ",1
"2/04/2022","21:25:00","21:30:00",22,"Drinks ",20,4.8,18,"electric_scooter ",2,"No ","Metropolitian ","Stormy","Jam ",0
"2/03/2022","22:45:00","23:00:00",24,"Snack ",27,4.8,21,"motorcycle ",0,"No ","Metropolitian ","Sandstorms","Low ",1
"26/03/2022","21:30:00","21:35:00",10,"Meal ",25,4.7,18,"motorcycle ",1,"No ","Urban ","Stormy","Jam ",0
"26/03/2022","19:25:00","19:30:00",23,"Snack ",26,4.6,12,"scooter ",2,"No ","Metropolitian ","Sandstorms","Jam ",1
"7/03/2022","17:15:00","17:30:00",17,"Meal ",22,4.8,21,"scooter ",2,"No ","Metropolitian ","Sunny","Medium ",1
"14/02/2022","19:10:00","19:25:00",25,"Snack ",20,4.8,2,"motorcycle ",0,"No ","Metropolitian ","Sandstorms","Jam ",0
"4/04/2022","21:35:00","21:45:00",46,"Buffet ",22,4.8,8,"motorcycle ",0,"No ","Metropolitian ","Cloudy","Jam ",2
"17/03/2022","12:00:00","12:10:00",28,"Drinks ",34,4.5,3,"scooter ",2,"No ","Metropolitian ","Stormy","High ",1
"1/04/2022","23:50:00","23:55:00",24,"Buffet ",31,4.2,23,"motorcycle ",0,"No ","Urban ","Windy","Low ",0
"27/03/2022","17:15:00","17:25:00",39,"Meal ",36,4.4,4,"motorcycle ",0,"No ","Metropolitian ","Stormy","Medium ",2
"24/03/2022","10:55:00","11:10:00",15,"Meal ",22,5,17,"scooter ",1,"No ","Metropolitian ","Stormy","Low ",0
"6/03/2022","18:20:00","18:30:00",30,"Drinks ",31,4.5,16,"scooter ",2,"No ","Metropolitian ","Windy","Medium ",1
"19/03/2022","19:20:00","19:25:00",24,"Drinks ",26,4.7,6,"motorcycle ",2,"No ","Metropolitian ","Cloudy","Jam ",1
"31/03/2022","17:40:00","17:45:00",30,"Buffet ",22,4.8,3,"motorcycle ",2,"No ","Urban ","Fog","Medium ",1
"6/03/2022","23:30:00","23:45:00",19,"Meal ",20,4.8,16,"electric_scooter ",2,"No ","Urban ","Sandstorms","Low ",1
"1/03/2022","10:00:00","10:10:00",15,"Meal ",23,4.5,18,"motorcycle ",0,"No ","Metropolitian ","Sunny","Low ",0
"21/03/2022","8:30:00","8:35:00",13,"Meal ",21,4.8,15,"motorcycle ",2,"No ","Urban ","Sandstorms","Low ",0
"12/03/2022","20:25:00","20:35:00",29,"Drinks ",21,4.6,12,"motorcycle ",0,"No ","Metropolitian ","Stormy","Jam ",1
"11/02/2022","8:40:00","8:55:00",11,"Meal ",27,4.7,15,"electric_scooter ",2,"No ","Urban ","Cloudy","Low ",0
"13/02/2022","19:50:00","20:00:00",36,"Drinks ",22,4.3,2,"motorcycle ",0,"No ","Metropolitian ","Stormy","Jam ",0
"13/03/2022","19:15:00","19:25:00",20,"Drinks ",32,4.7,9,"motorcycle ",1,"No ","Metropolitian ","Sunny","Jam ",1
"27/03/2022","18:15:00","18:20:00",42,"Snack ",32,4.7,2,"scooter ",1,"No ","Metropolitian ","Cloudy","Medium ",1
"13/02/2022","0:00:00","0:05:00",13,"Snack ",20,4.6,19,"scooter ",1,"No ","Urban ","Sandstorms","Low ",0
"8/03/2022","21:40:00","21:55:00",45,"Snack ",29,4.8,23,"motorcycle ",0,"No ","Metropolitian ","Sunny","Jam ",1
"29/03/2022","21:45:00","21:50:00",28,"Snack ",29,4.9,23,"motorcycle ",0,"No ","Metropolitian ","Sandstorms","Jam ",0
"13/03/2022","19:45:00","20:00:00",42,"Drinks ",29,4.1,5,"motorcycle ",0,"No ","Metropolitian ","Sunny","Jam ",1
"14/02/2022","21:20:00","21:35:00",47,"Buffet ",30,4.1,11,"scooter ",2,"No ","Metropolitian ","Fog","Jam ",2
"15/02/2022","13:35:00","13:45:00",49,"Snack ",37,4.9,7,"motorcycle ",0,"No ","Metropolitian ","Windy","High ",1
"7/03/2022","20:45:00","20:55:00",36,"Meal ",34,4.4,16,"motorcycle ",1,"No ","Metropolitian ","Fog","Jam ",0
"14/03/2022","20:20:00","20:30:00",40,"Drinks ",30,3.8,9,"scooter ",2,"No ","Metropolitian ","Sandstorms","Jam ",1
"4/04/2022","22:10:00","22:25:00",28,"Buffet ",37,4.6,9,"motorcycle ",0,"No ","Metropolitian ","Windy","Low ",1
"2/03/2022","18:20:00","18:25:00",30,"Buffet ",30,4.7,18,"motorcycle ",1,"No ","Urban ","Sandstorms","Medium ",1
"16/02/2022","22:20:00","22:35:00",16,"Drinks ",26,4.7,23,"scooter ",2,"No ","Urban ","Stormy","Low ",1
"4/03/2022","21:55:00","22:10:00",44,"Drinks ",38,4.9,9,"motorcycle ",0,"No ","Metropolitian ","Windy","Jam ",1
"14/02/2022","22:40:00","22:45:00",23,"Drinks ",22,4.6,3,"motorcycle ",0,"No ","Metropolitian ","Stormy","Low ",1
"27/03/2022","21:45:00","21:50:00",16,"Drinks ",38,4.8,19,"motorcycle ",2,"No ","Metropolitian ","Sunny","Jam ",0
"15/02/2022","20:10:00","20:25:00",26,"Meal ",35,4.6,15,"scooter ",1,"No ","Urban ","Cloudy","Jam ",1
"14/03/2022","21:40:00","21:55:00",27,"Snack ",35,4.7,22,"scooter ",2,"No ","Metropolitian ","Sunny","Jam ",0
"31/03/2022","21:20:00","21:25:00",35,"Buffet ",35,3.5,13,"scooter ",1,"No ","Metropolitian ","Stormy","Jam ",0
"15/02/2022","17:30:00","17:45:00",16,"Buffet ",33,4.9,6,"scooter ",1,"No ","Metropolitian ","Fog","Medium ",0
"3/04/2022","17:45:00","18:00:00",28,"Snack ",36,4.7,17,"scooter ",1,"No ","Urban ","Windy","Medium ",0
"20/03/2022","19:15:00","19:20:00",44,"Buffet ",38,4.8,9,"motorcycle ",0,"No ","Metropolitian ","Windy","Jam ",1
"30/03/2022","12:45:00","12:55:00",31,"Snack ",36,4.3,17,"motorcycle ",2,"No ","Urban ","Stormy","High ",1
"6/04/2022","21:10:00","21:15:00",25,"Drinks ",36,4.6,23,"motorcycle ",0,"No ","Metropolitian ","Sunny","Jam ",1
"3/03/2022","20:25:00","20:40:00",25,"Meal ",37,5,19,"scooter ",1,"No ","Urban ","Sandstorms","Jam ",1
"21/03/2022","9:30:00","9:35:00",27,"Drinks ",38,5,18,"motorcycle ",1,"No ","Metropolitian ","Stormy","Low ",1
"11/03/2022","11:00:00","11:10:00",15,"Snack ",24,4.6,18,"motorcycle ",2,"No ","Metropolitian ","Sandstorms","Low ",0
"30/03/2022","18:45:00","18:50:00",27,"Snack ",28,4.7,17,"motorcycle ",1,"No ","Metropolitian ","Stormy","Medium ",1
"15/03/2022","16:10:00","16:20:00",21,"Buffet ",22,4.7,19,"motorcycle ",0,"No ","Metropolitian ","Cloudy","Medium ",0
"4/04/2022","22:25:00","22:35:00",23,"Buffet ",26,4.8,16,"motorcycle ",0,"No ","Metropolitian ","Fog","Low ",0
"9/03/2022","21:00:00","21:10:00",19,"Drinks ",24,4.9,16,"motorcycle ",2,"No ","Urban ","Sunny","Jam ",1
"24/03/2022","23:15:00","23:20:00",18,"Buffet ",27,4.6,15,"motorcycle ",0,"No ","Metropolitian ","Cloudy","Low ",0
"26/03/2022","17:55:00","18:00:00",29,"Drinks ",28,4.8,19,"motorcycle ",0,"No ","Urban ","Cloudy","Medium ",1
"12/02/2022","17:25:00","17:30:00",38,"Snack ",21,4.8,8,"motorcycle ",0,"No ","Metropolitian ","Fog","Medium ",2
"13/03/2022","8:45:00","9:00:00",23,"Snack ",34,4.7,21,"scooter ",2,"No ","Urban ","Windy","Low ",1
"19/03/2022","18:55:00","19:00:00",17,"Drinks ",25,4.9,2,"motorcycle ",2,"No ","Metropolitian ","Fog","Medium ",1
"24/03/2022","22:35:00","22:40:00",21,"Drinks ",38,4.5,22,"scooter ",2,"No ","Metropolitian ","Windy","Low ",0
"31/03/2022","22:50:00","22:55:00",15,"Meal ",23,4.7,12,"motorcycle ",1,"No ","Metropolitian ","Stormy","Low ",1
"13/02/2022","11:45:00","11:50:00",20,"Buffet ",34,4.8,3,"motorcycle ",0,"No ","Metropolitian ","Sunny","High ",1
"20/03/2022","18:15:00","18:25:00",49,"Snack ",32,4.9,3,"motorcycle ",0,"No ","Metropolitian ","Cloudy","Medium ",3
"5/03/2022","22:20:00","22:30:00",29,"Buffet ",24,4.1,11,"motorcycle ",0,"No ","Metropolitian ","Stormy","Low ",1
"12/02/2022","22:25:00","22:30:00",25,"Snack ",31,4.7,5,"scooter ",2,"No ","Metropolitian ","Windy","Low ",1
"4/03/2022","23:30:00","23:40:00",17,"Meal ",37,4.7,14,"electric_scooter ",2,"No ","Metropolitian ","Stormy","Low ",1
"19/03/2022","17:30:00","17:40:00",33,"Snack ",33,4.2,4,"scooter ",2,"No ","Urban ","Windy","Medium ",0
"5/03/2022","13:45:00","13:55:00",25,"Snack ",30,4.8,23,"scooter ",2,"No ","Metropolitian ","Windy","High ",1
"15/02/2022","23:15:00","23:30:00",23,"Drinks ",39,4.6,8,"motorcycle ",2,"No ","Metropolitian ","Sandstorms","Low ",1
"16/03/2022","17:20:00","17:30:00",21,"Drinks ",30,4.7,22,"scooter ",2,"No ","Metropolitian ","Sunny","Medium ",0
"17/02/2022","15:40:00","15:45:00",26,"Snack ",35,4.9,8,"motorcycle ",1,"No ","Metropolitian ","Sandstorms","Medium ",0
"27/03/2022","17:30:00","17:45:00",25,"Drinks ",29,4.6,22,"motorcycle ",0,"No ","Metropolitian ","Sunny","Medium ",1
"31/03/2022","21:55:00","22:05:00",41,"Meal ",32,4.4,17,"motorcycle ",0,"No ","Urban ","Windy","Jam ",2
"17/02/2022","21:15:00","21:25:00",17,"Drinks ",35,4.7,6,"electric_scooter ",2,"No ","Metropolitian ","Sandstorms","Jam ",1
"8/03/2022","23:10:00","23:25:00",16,"Buffet ",23,4.7,21,"motorcycle ",2,"No ","Metropolitian ","Stormy","Low ",0
"13/03/2022","17:20:00","17:25:00",31,"Meal ",39,4.4,12,"motorcycle ",0,"No ","Metropolitian ","Sandstorms","Medium ",1
"17/02/2022","20:40:00","20:50:00",31,"Drinks ",25,4.8,2,"motorcycle ",0,"No ","Metropolitian ","Fog","Jam ",1
"21/03/2022","22:25:00","22:30:00",15,"Drinks ",28,4.6,19,"motorcycle ",2,"No ","Metropolitian ","Windy","Low ",1
"10/03/2022","17:10:00","17:15:00",37,"Meal ",25,5,17,"motorcycle ",0,"No ","Urban ","Cloudy","Medium ",1
"18/02/2022","21:15:00","21:20:00",16,"Drinks ",28,4.5,1,"motorcycle ",2,"No ","Urban ","Sandstorms","Jam ",1
"5/04/2022","13:40:00","13:45:00",31,"Drinks ",28,5,17,"motorcycle ",0,"No ","Metropolitian ","Stormy","High ",1
"2/04/2022","17:50:00","18:05:00",31,"Buffet ",34,4,9,"motorcycle ",0,"No ","Metropolitian ","Windy","Medium ",0
"6/04/2022","20:45:00","20:50:00",44,"Meal ",34,4.3,1,"scooter ",1,"No ","Metropolitian ","Stormy","Jam ",3
"19/03/2022","19:35:00","19:50:00",26,"Meal ",31,4.7,2,"motorcycle ",1,"No ","Metropolitian ","Stormy","Jam ",1
"17/02/2022","12:00:00","12:10:00",28,"Meal ",21,4.9,4,"motorcycle ",0,"No ","Metropolitian ","Fog","High ",1
"26/03/2022","21:20:00","21:30:00",29,"Buffet ",35,4.5,2,"scooter ",1,"No ","Metropolitian ","Cloudy","Jam ",1
"2/04/2022","22:25:00","22:30:00",17,"Drinks ",37,4.5,23,"motorcycle ",1,"No ","Metropolitian ","Sandstorms","Low ",0
"13/03/2022","23:50:00","0:05:00",18,"Snack ",29,4.6,13,"motorcycle ",2,"No ","Metropolitian ","Stormy","Low ",1
"18/02/2022","17:20:00","17:30:00",37,"Drinks ",39,4.7,7,"motorcycle ",0,"No ","Metropolitian ","Fog","Medium ",2
"10/03/2022","21:15:00","21:20:00",45,"Meal ",29,4.5,17,"motorcycle ",0,"No ","Metropolitian ","Fog","Jam ",0
"11/03/2022","15:10:00","15:15:00",33,"Meal ",38,4.6,23,"scooter ",2,"No ","Metropolitian ","Windy","Medium ",1
"17/02/2022","22:30:00","22:35:00",18,"Drinks ",38,4.8,23,"motorcycle ",1,"No ","Urban ","Fog","Low ",0
"17/03/2022","10:35:00","10:50:00",22,"Buffet ",34,4.4,1,"motorcycle ",0,"No ","Urban ","Stormy","Low ",0
"3/03/2022","23:00:00","23:10:00",22,"Snack ",36,4.4,12,"motorcycle ",0,"No ","Metropolitian ","Sandstorms","Low ",1
"29/03/2022","21:55:00","22:05:00",42,"Drinks ",31,3.6,5,"motorcycle ",1,"No ","Urban ","Stormy","Jam ",2
"26/03/2022","8:10:00","8:20:00",19,"Drinks ",20,4.7,17,"scooter ",2,"No ","Metropolitian ","Sandstorms","Low ",0
"3/03/2022","21:15:00","21:25:00",13,"Buffet ",25,5,17,"motorcycle ",1,"No ","Urban ","Windy","Jam ",1
"18/02/2022","20:55:00","21:05:00",37,"Drinks ",36,4.2,5,"motorcycle ",0,"No ","Metropolitian ","Fog","Jam ",1
"12/03/2022","21:50:00","22:05:00",25,"Meal ",34,4.7,21,"scooter ",2,"No ","Metropolitian ","Sandstorms","Jam ",1
"1/04/2022","23:15:00","23:30:00",12,"Buffet ",24,4.5,21,"electric_scooter ",2,"No ","Metropolitian ","Stormy","Low ",1
"14/02/2022","21:25:00","21:40:00",54,"Buffet ",34,4.2,3,"motorcycle ",0,"No ","Metropolitian ","Sandstorms","Jam ",3
"14/03/2022","17:40:00","17:45:00",34,"Meal ",26,4.1,3,"motorcycle ",1,"No ","Metropolitian ","Cloudy","Medium ",0
"5/04/2022","22:20:00","22:25:00",25,"Buffet ",32,4.3,16,"motorcycle ",0,"No ","Urban ","Windy","Low ",1
"3/03/2022","14:45:00","14:50:00",35,"Drinks ",38,4,9,"scooter ",1,"No ","Metropolitian ","Fog","High ",1
"31/03/2022","18:10:00","18:20:00",20,"Buffet ",38,4.6,19,"motorcycle ",1,"No ","Metropolitian ","Windy","Medium ",0
"29/03/2022","21:25:00","21:30:00",17,"Drinks ",27,4.6,13,"scooter ",2,"No ","Metropolitian ","Windy","Jam ",1
"10/03/2022","20:55:00","21:00:00",22,"Snack ",20,4.8,18,"motorcycle ",2,"No ","Urban ","Stormy","Jam ",0
"15/02/2022","17:20:00","17:25:00",17,"Buffet ",39,4.9,21,"scooter ",2,"No ","Urban ","Sunny","Medium ",0
"9/03/2022","13:55:00","14:00:00",31,"Drinks ",37,4.2,2,"motorcycle ",2,"No ","Metropolitian ","Windy","High ",1
"5/04/2022","13:50:00","14:05:00",37,"Snack ",39,4.3,3,"motorcycle ",0,"No ","Metropolitian ","Sandstorms","High ",1
"29/03/2022","22:20:00","22:35:00",26,"Snack ",30,4.6,15,"motorcycle ",0,"No ","Metropolitian ","Sunny","Low ",0
"31/03/2022","18:45:00","19:00:00",23,"Snack ",20,4.6,4,"motorcycle ",0,"No ","Urban ","Stormy","Medium ",0
"12/03/2022","0:00:00","0:15:00",21,"Drinks ",21,4.8,9,"motorcycle ",0,"No ","Metropolitian ","Windy","Low ",0
"11/03/2022","13:10:00","13:15:00",30,"Snack ",26,4.6,13,"motorcycle ",2,"No ","Metropolitian ","Cloudy","High ",1
"11/03/2022","10:50:00","10:55:00",27,"Buffet ",34,4.7,17,"motorcycle ",0,"No ","Metropolitian ","Cloudy","Low ",1
"6/03/2022","22:15:00","22:25:00",29,"Meal ",32,4.5,14,"motorcycle ",0,"No ","Metropolitian ","Sandstorms","Low ",1
"31/03/2022","19:40:00","19:55:00",21,"Snack ",26,4.7,1,"electric_scooter ",2,"No ","Urban ","Windy","Jam ",1
"21/03/2022","18:20:00","18:25:00",20,"Meal ",20,4.7,16,"scooter ",1,"No ","Urban ","Stormy","Medium ",0
"14/02/2022","19:55:00","20:10:00",28,"Meal ",33,5,2,"scooter ",1,"No ","Metropolitian ","Windy","Jam ",1
"6/04/2022","21:40:00","21:50:00",51,"Buffet ",34,4.6,17,"motorcycle ",0,"No ","Semi-Urban ","Cloudy","Jam ",2
"14/02/2022","20:40:00","20:45:00",36,"Snack ",30,4.3,6,"scooter ",2,"No ","Metropolitian ","Sandstorms","Jam ",2
"19/03/2022","11:40:00","11:55:00",43,"Meal ",34,4.6,3,"motorcycle ",0,"No ","Metropolitian ","Windy","High ",0
"13/02/2022","16:50:00","16:55:00",16,"Buffet ",28,4.7,5,"scooter ",2,"No ","Metropolitian ","Fog","Medium ",0
"23/03/2022","19:40:00","19:50:00",38,"Snack ",36,4.9,5,"motorcycle ",0,"No ","Metropolitian ","Windy","Jam ",1
"6/04/2022","18:25:00","18:30:00",22,"Buffet ",35,4.9,23,"electric_scooter ",2,"No ","Urban ","Sandstorms","Medium ",0
"4/04/2022","23:00:00","23:10:00",31,"Snack ",35,3.7,6,"scooter ",1,"No ","Metropolitian ","Cloudy","Low ",1
"21/03/2022","16:45:00","16:55:00",37,"Buffet ",35,4.1,4,"motorcycle ",0,"No ","Metropolitian ","Sandstorms","Medium ",0
"2/04/2022","18:20:00","18:25:00",21,"Meal ",21,4.9,22,"motorcycle ",0,"No ","Metropolitian ","Sunny","Medium ",0
"18/03/2022","21:45:00","21:55:00",33,"Meal ",32,4.5,23,"scooter ",1,"No ","Metropolitian ","Windy","Jam ",0
"7/03/2022","23:10:00","23:20:00",15,"Drinks ",29,4.7,9,"motorcycle ",1,"No ","Metropolitian ","Sunny","Low ",1
"20/03/2022","23:55:00","0:10:00",19,"Snack ",32,4.9,21,"scooter ",2,"No ","Metropolitian ","Sunny","Low ",1
"2/04/2022","18:10:00","18:20:00",40,"Meal ",38,5,11,"motorcycle ",0,"No ","Metropolitian ","Stormy","Medium ",1
"3/03/2022","15:35:00","15:50:00",18,"Meal ",31,5,18,"scooter ",1,"No ","Urban ","Fog","Medium ",0
"11/03/2022","0:00:00","0:15:00",19,"Meal ",34,4.7,14,"electric_scooter ",2,"No ","Metropolitian ","Sunny","Low ",0
"9/03/2022","19:35:00","19:40:00",18,"Snack ",36,4.6,15,"motorcycle ",1,"No ","Metropolitian ","Sunny","Jam ",1
"14/03/2022","23:30:00","23:40:00",26,"Drinks ",27,4.6,16,"scooter ",1,"No ","Urban ","Fog","Low ",0
"23/03/2022","17:20:00","17:30:00",36,"Drinks ",27,5,11,"motorcycle ",0,"No ","Metropolitian ","Cloudy","Medium ",1
"8/03/2022","18:35:00","18:45:00",18,"Drinks ",33,4.8,23,"motorcycle ",1,"No ","Urban ","Stormy","Medium ",1
"3/03/2022","0:00:00","0:15:00",22,"Drinks ",33,4.3,13,"motorcycle ",0,"No ","Metropolitian ","Stormy","Low ",0
"18/02/2022","22:30:00","22:45:00",28,"Drinks ",20,4.7,18,"motorcycle ",0,"No ","Urban ","Sunny","Low ",1
"24/03/2022","10:50:00","10:55:00",25,"Buffet ",32,4.2,14,"motorcycle ",0,"No ","Metropolitian ","Sandstorms","Low ",1
"31/03/2022","17:45:00","17:50:00",30,"Buffet ",26,4.7,13,"motorcycle ",0,"No ","Metropolitian ","Cloudy","Medium ",1
"10/03/2022","20:40:00","20:45:00",34,"Meal ",39,4.5,19,"electric_scooter ",2,"No ","Metropolitian ","Sunny","Jam ",1
"19/03/2022","10:20:00","10:25:00",27,"Meal ",31,4.1,3,"motorcycle ",0,"No ","Metropolitian ","Windy","Low ",1
"25/03/2022","18:15:00","18:25:00",32,"Snack ",23,4,3,"motorcycle ",0,"No ","Metropolitian ","Stormy","Medium ",1
"11/03/2022","8:45:00","9:00:00",26,"Drinks ",32,4.7,14,"motorcycle ",0,"No ","Metropolitian ","Fog","Low ",1
"15/03/2022","19:30:00","19:35:00",34,"Snack ",20,4.4,13,"scooter ",2,"No ","Metropolitian ","Fog","Jam ",1
"29/03/2022","17:15:00","17:25:00",22,"Buffet ",25,4.6,12,"motorcycle ",1,"No ","Metropolitian ","Stormy","Medium ",0
"16/02/2022","19:20:00","19:30:00",33,"Drinks ",20,4,19,"motorcycle ",0,"No ","Metropolitian ","Sunny","Jam ",0
"16/02/2022","17:50:00","17:55:00",18,"Drinks ",23,4.8,23,"scooter ",1,"No ","Urban ","Sandstorms","Medium ",1
"16/02/2022","21:10:00","21:15:00",35,"Buffet ",37,4.4,2,"scooter ",2,"No ","Metropolitian ","Sandstorms","Jam ",2
"6/04/2022","21:50:00","22:00:00",40,"Meal ",33,3.8,1,"motorcycle ",1,"No ","Urban ","Sandstorms","Jam ",0
"19/03/2022","9:55:00","10:10:00",16,"Buffet ",36,4.5,8,"scooter ",2,"No ","Metropolitian ","Cloudy","Low ",1
"24/03/2022","0:00:00","0:05:00",22,"Snack ",39,4.3,22,"motorcycle ",0,"No ","Metropolitian ","Windy","Low ",1
"11/02/2022","19:35:00","19:40:00",31,"Snack ",34,5,3,"motorcycle ",0,"No ","Metropolitian ","Windy","Jam ",1
"18/03/2022","19:15:00","19:25:00",34,"Drinks ",27,4.4,6,"scooter ",2,"No ","Urban ","Fog","Jam ",1
"24/03/2022","9:35:00","9:40:00",16,"Snack ",29,4.8,14,"motorcycle ",2,"No ","Metropolitian ","Sunny","Low ",1
"6/04/2022","20:10:00","20:25:00",48,"Snack ",30,4.9,18,"scooter ",1,"Yes ","Semi-Urban ","Fog","Jam ",3
"17/03/2022","23:30:00","23:35:00",18,"Snack ",22,4.3,1,"motorcycle ",0,"No ","Urban ","Stormy","Low ",0
"7/03/2022","11:00:00","11:05:00",33,"Snack ",32,4.1,6,"motorcycle ",0,"No ","Metropolitian ","Windy","Low ",1
"29/03/2022","17:55:00","18:10:00",44,"Drinks ",34,4.3,17,"motorcycle ",0,"No ","Urban ","Stormy","Medium ",1
"15/02/2022","12:45:00","13:00:00",19,"Meal ",39,4.7,6,"scooter ",2,"No ","Metropolitian ","Sunny","High ",1
"5/03/2022","14:20:00","14:30:00",33,"Drinks ",36,4.6,14,"scooter ",1,"No ","Metropolitian ","Stormy","High ",1
"11/03/2022","12:00:00","12:05:00",30,"Buffet ",31,4.9,21,"electric_scooter ",2,"No ","Urban ","Sandstorms","High ",1
"2/03/2022","21:45:00","21:50:00",21,"Snack ",26,4.8,18,"motorcycle ",0,"No ","Metropolitian ","Sunny","Jam ",1
"6/04/2022","21:45:00","21:55:00",15,"Snack ",22,4.7,19,"motorcycle ",0,"No ","Metropolitian ","Sunny","Jam ",1
"17/02/2022","18:55:00","19:10:00",24,"Buffet ",27,5,3,"motorcycle ",1,"No ","Metropolitian ","Sandstorms","Medium ",0
"3/03/2022","9:20:00","9:30:00",18,"Drinks ",29,4.5,4,"motorcycle ",1,"No ","Urban ","Sandstorms","Low ",0
"10/03/2022","22:10:00","22:20:00",21,"Drinks ",23,4.7,23,"motorcycle ",2,"No ","Metropolitian ","Fog","Low ",1
"20/03/2022","21:20:00","21:30:00",36,"Drinks ",32,3.5,2,"electric_scooter ",2,"No ","Metropolitian ","Stormy","Jam ",1
"8/03/2022","21:25:00","21:30:00",36,"Snack ",32,3.7,13,"scooter ",1,"No ","Metropolitian ","Windy","Jam ",0
"30/03/2022","15:40:00","15:50:00",38,"Drinks ",37,4.9,3,"motorcycle ",0,"No ","Metropolitian ","Sandstorms","Medium ",1
"14/03/2022","17:15:00","17:30:00",39,"Drinks ",32,4.3,12,"scooter ",2,"No ","Metropolitian ","Stormy","Medium ",1
"9/03/2022","10:15:00","10:20:00",12,"Snack ",28,4.7,15,"motorcycle ",2,"No ","Urban ","Cloudy","Low ",0
"29/03/2022","23:45:00","23:50:00",29,"Drinks ",28,4.8,6,"scooter ",2,"No ","Urban ","Fog","Low ",1
"26/03/2022","15:50:00","15:55:00",27,"Buffet ",39,5,15,"motorcycle ",0,"No ","Metropolitian ","Sunny","Medium ",1
"27/03/2022","19:15:00","19:20:00",33,"Drinks ",27,4.9,6,"scooter ",1,"No ","Metropolitian ","Fog","Jam ",1
"18/02/2022","18:40:00","18:45:00",33,"Meal ",33,4.4,2,"motorcycle ",0,"No ","Metropolitian ","Fog","Medium ",1
"12/02/2022","21:35:00","21:45:00",35,"Drinks ",38,4.2,6,"motorcycle ",2,"No ","Metropolitian ","Fog","Jam ",1
"9/03/2022","9:10:00","9:25:00",18,"Snack ",25,4.5,19,"motorcycle ",0,"No ","Metropolitian ","Fog","Low ",0
"5/03/2022","13:15:00","13:20:00",37,"Meal ",28,4.1,2,"motorcycle ",0,"No ","Urban ","Stormy","High ",1
"18/03/2022","18:40:00","18:55:00",22,"Snack ",27,4.6,2,"motorcycle ",1,"No ","Metropolitian ","Sandstorms","Medium ",1
"19/03/2022","21:30:00","21:40:00",32,"Meal ",39,4.4,5,"motorcycle ",1,"No ","Urban ","Fog","Jam ",1
"11/02/2022","21:00:00","21:05:00",29,"Meal ",39,5,9,"scooter ",2,"No ","Metropolitian ","Stormy","Jam ",1
"16/03/2022","21:15:00","21:20:00",41,"Drinks ",31,4,2,"scooter ",1,"No ","Metropolitian ","Fog","Jam ",2
"18/03/2022","21:25:00","21:30:00",27,"Meal ",22,4.6,7,"scooter ",1,"No ","Metropolitian ","Stormy","Jam ",1
"25/03/2022","22:35:00","22:45:00",29,"Snack ",38,4.7,1,"electric_scooter ",2,"No ","Metropolitian ","Stormy","Low ",1
"23/03/2022","18:45:00","18:50:00",34,"Drinks ",21,4.9,7,"motorcycle ",0,"No ","Metropolitian ","Fog","Medium ",1
"5/04/2022","21:50:00","22:05:00",25,"Meal ",38,4.6,15,"motorcycle ",2,"No ","Metropolitian ","Windy","Jam ",0
"3/03/2022","10:00:00","10:15:00",16,"Meal ",34,4.9,16,"motorcycle ",1,"No ","Urban ","Cloudy","Low ",0
"24/03/2022","18:10:00","18:20:00",13,"Snack ",27,4.6,21,"electric_scooter ",2,"No ","Urban ","Sunny","Medium ",1
"15/02/2022","21:45:00","21:55:00",27,"Buffet ",20,4.5,4,"scooter ",2,"No ","Metropolitian ","Windy","Jam ",1
"18/02/2022","18:15:00","18:25:00",32,"Snack ",24,4.8,3,"scooter ",1,"No ","Metropolitian ","Fog","Medium ",0
"16/02/2022","19:20:00","19:25:00",40,"Snack ",30,4.4,3,"scooter ",2,"No ","Metropolitian ","Fog","Jam ",2
"3/04/2022","18:50:00","19:00:00",37,"Meal ",34,4.7,6,"motorcycle ",0,"No ","Metropolitian ","Sandstorms","Medium ",2
"1/04/2022","10:50:00","11:05:00",23,"Buffet ",35,4.7,18,"motorcycle ",1,"No ","Metropolitian ","Windy","Low ",1
"5/04/2022","9:30:00","9:40:00",13,"Snack ",39,4.9,15,"scooter ",2,"No ","Urban ","Sunny","Low ",1
"30/03/2022","21:50:00","22:05:00",47,"Drinks ",36,4.8,5,"motorcycle ",0,"No ","Metropolitian ","Stormy","Jam ",0
"18/02/2022","23:30:00","23:35:00",25,"Drinks ",32,5,17,"motorcycle ",0,"No ","Urban ","Sandstorms","Low ",1
"29/03/2022","17:10:00","17:20:00",49,"Snack ",31,4,6,"motorcycle ",0,"No ","Metropolitian ","Sandstorms","Medium ",0
"11/02/2022","19:10:00","19:15:00",25,"Snack ",30,4.6,6,"motorcycle ",2,"No ","Metropolitian ","Sandstorms","Jam ",1
"12/03/2022","18:15:00","18:30:00",44,"Buffet ",31,4.3,18,"motorcycle ",1,"No ","Metropolitian ","Cloudy","Medium ",0
"7/03/2022","18:40:00","18:55:00",25,"Snack ",20,5,14,"motorcycle ",1,"No ","Metropolitian ","Windy","Medium ",1
"29/03/2022","23:40:00","23:55:00",27,"Buffet ",32,4.6,18,"scooter ",1,"No ","Metropolitian ","Sandstorms","Low ",0
"10/03/2022","23:00:00","23:15:00",29,"Drinks ",32,4.7,17,"electric_scooter ",2,"No ","Metropolitian ","Cloudy","Low ",1
"20/03/2022","17:30:00","17:35:00",19,"Drinks ",20,4.5,15,"motorcycle ",1,"No ","Metropolitian ","Windy","Medium ",1
"16/03/2022","19:50:00","19:55:00",36,"Snack ",25,4.5,17,"motorcycle ",0,"No ","Metropolitian ","Fog","Jam ",1
"3/04/2022","18:10:00","18:20:00",19,"Drinks ",21,4.6,16,"scooter ",2,"No ","Urban ","Cloudy","Medium ",1
"20/03/2022","21:55:00","22:05:00",37,"Snack ",26,4.8,6,"motorcycle ",0,"No ","Metropolitian ","Stormy","Jam ",1
"28/03/2022","22:15:00","22:30:00",28,"Buffet ",36,4.9,12,"motorcycle ",0,"No ","Metropolitian ","Sunny","Low ",1
"19/03/2022","21:35:00","21:45:00",49,"Snack ",33,4.2,14,"motorcycle ",0,"Yes ","Metropolitian ","Windy","Jam ",1
"2/04/2022","17:40:00","17:55:00",27,"Snack ",22,4.9,22,"scooter ",1,"No ","Metropolitian ","Windy","Medium ",1
"27/03/2022","21:00:00","21:10:00",51,"Snack ",37,4,5,"motorcycle ",0,"No ","Metropolitian ","Windy","Jam ",2
"19/03/2022","19:20:00","19:25:00",21,"Meal ",37,4.6,13,"motorcycle ",0,"No ","Metropolitian ","Sunny","Jam ",1
"11/03/2022","8:55:00","9:05:00",26,"Buffet ",37,4.8,21,"electric_scooter ",2,"No ","Metropolitian ","Sandstorms","Low ",0
"25/03/2022","23:10:00","23:20:00",43,"Buffet ",33,4,2,"motorcycle ",0,"Yes ","Metropolitian ","Cloudy","Low ",1
"4/03/2022","23:40:00","23:55:00",26,"Snack ",29,4.9,16,"scooter ",1,"No ","Metropolitian ","Fog","Low ",1
"4/03/2022","20:55:00","21:10:00",24,"Meal ",22,4.6,15,"motorcycle ",0,"No ","Urban ","Stormy","Jam ",1
"17/03/2022","17:30:00","17:45:00",18,"Drinks ",31,4.9,22,"scooter ",2,"No ","Urban ","Fog","Medium ",0
"24/03/2022","21:20:00","21:35:00",34,"Buffet ",23,4.8,8,"electric_scooter ",2,"No ","Metropolitian ","Cloudy","Jam ",1
"24/03/2022","22:25:00","22:35:00",18,"Buffet ",23,4.6,23,"motorcycle ",0,"No ","Metropolitian ","Sunny","Low ",1
"2/03/2022","20:00:00","20:05:00",24,"Buffet ",28,4.8,21,"motorcycle ",1,"No ","Metropolitian ","Stormy","Jam ",1
"2/03/2022","21:30:00","21:40:00",49,"Meal ",39,4.7,17,"electric_scooter ",2,"Yes ","Semi-Urban ","Fog","Jam ",3
"16/03/2022","21:20:00","21:25:00",44,"Buffet ",39,5,14,"motorcycle ",1,"No ","Metropolitian ","Cloudy","Jam ",1
"29/03/2022","23:50:00","0:00:00",26,"Meal ",38,4.9,15,"scooter ",1,"No ","Metropolitian ","Sunny","Low ",0
"16/03/2022","17:30:00","17:35:00",42,"Drinks ",26,4.9,16,"motorcycle ",0,"No ","Metropolitian ","Cloudy","Medium ",1
"13/02/2022","19:40:00","19:55:00",32,"Snack ",33,4.9,2,"scooter ",2,"No ","Metropolitian ","Stormy","Jam ",1
"27/03/2022","19:50:00","19:55:00",29,"Snack ",21,4.8,8,"motorcycle ",0,"No ","Metropolitian ","Stormy","Jam ",1
"26/03/2022","8:30:00","8:40:00",12,"Meal ",26,4.5,18,"scooter ",2,"No ","Metropolitian ","Stormy","Low ",1
"2/04/2022","20:20:00","20:35:00",26,"Buffet ",32,4.8,15,"motorcycle ",0,"No ","Urban ","Sunny","Jam ",1
"6/03/2022","21:35:00","21:50:00",38,"Meal ",23,4.7,17,"electric_scooter ",2,"No ","Metropolitian ","Sunny","Jam ",1
"17/02/2022","20:45:00","20:50:00",21,"Meal ",21,5,6,"scooter ",2,"No ","Metropolitian ","Fog","Jam ",0
"27/03/2022","19:25:00","19:30:00",47,"Buffet ",34,4.6,2,"motorcycle ",0,"Yes ","Metropolitian ","Cloudy","Jam ",0
"6/04/2022","19:50:00","20:05:00",27,"Meal ",32,4.9,19,"scooter ",2,"No ","Metropolitian ","Stormy","Jam ",0
"5/03/2022","18:35:00","18:45:00",23,"Drinks ",22,4.5,23,"motorcycle ",1,"No ","Metropolitian ","Windy","Medium ",0
"4/03/2022","19:50:00","20:05:00",39,"Drinks ",25,4.4,12,"scooter ",2,"No ","Metropolitian ","Fog","Jam ",2
"18/02/2022","20:10:00","20:25:00",16,"Snack ",22,4.9,3,"motorcycle ",1,"No ","Metropolitian ","Sandstorms","Jam ",0
"2/04/2022","18:35:00","18:50:00",25,"Drinks ",27,4.7,23,"scooter ",2,"No ","Metropolitian ","Windy","Medium ",1
"26/03/2022","22:35:00","22:40:00",29,"Drinks ",39,4.7,3,"motorcycle ",1,"No ","Metropolitian ","Stormy","Low ",1
"6/04/2022","22:10:00","22:15:00",20,"Drinks ",32,4.7,18,"motorcycle ",0,"No ","Metropolitian ","Sunny","Low ",1
"31/03/2022","21:15:00","21:25:00",32,"Buffet ",28,5,3,"motorcycle ",2,"No ","Metropolitian ","Cloudy","Jam ",1
"6/03/2022","23:50:00","0:00:00",21,"Meal ",20,4.8,15,"motorcycle ",0,"No ","Metropolitian ","Sunny","Low ",1
"14/02/2022","19:15:00","19:20:00",21,"Snack ",22,4.8,3,"scooter ",1,"No ","Metropolitian ","Sunny","Jam ",1
"18/03/2022","23:45:00","23:50:00",25,"Drinks ",36,4.8,23,"motorcycle ",0,"No ","Urban ","Windy","Low ",0
"26/03/2022","11:20:00","11:35:00",38,"Buffet ",37,4.1,4,"electric_scooter ",2,"No ","Metropolitian ","Cloudy","High ",2
"3/04/2022","13:40:00","13:55:00",12,"Drinks ",24,5,19,"scooter ",2,"No ","Urban ","Sunny","High ",0
"15/02/2022","21:35:00","21:45:00",29,"Drinks ",24,4.9,9,"electric_scooter ",2,"No ","Metropolitian ","Stormy","Jam ",1
"20/03/2022","19:25:00","19:35:00",24,"Meal ",26,5,14,"scooter ",2,"No ","Metropolitian ","Stormy","Jam ",0
"21/03/2022","19:25:00","19:40:00",10,"Buffet ",24,4.6,19,"scooter ",2,"No ","Urban ","Sunny","Jam ",1
"9/03/2022","15:55:00","16:05:00",21,"Drinks ",23,4.6,12,"scooter ",2,"No ","Metropolitian ","Sandstorms","Medium ",0
"13/02/2022","22:00:00","22:15:00",34,"Drinks ",24,4.9,17,"electric_scooter ",2,"No ","Urban ","Fog","Jam ",1
"2/03/2022","20:30:00","20:35:00",31,"Buffet ",30,4.1,1,"electric_scooter ",2,"No ","Metropolitian ","Sunny","Jam ",1
"5/04/2022","11:55:00","12:00:00",33,"Snack ",23,4.1,4,"scooter ",2,"No ","Metropolitian ","Cloudy","High ",0
"2/03/2022","18:35:00","18:45:00",24,"Drinks ",33,4.9,15,"scooter ",2,"No ","Metropolitian ","Windy","Medium ",1
"6/03/2022","22:50:00","23:00:00",24,"Snack ",34,4.7,22,"scooter ",1,"No ","Urban ","Stormy","Low ",1
"11/02/2022","18:55:00","19:05:00",23,"Buffet ",38,5,7,"scooter ",1,"No ","Metropolitian ","Sunny","Medium ",0
"10/03/2022","19:40:00","19:55:00",28,"Buffet ",35,5,14,"scooter ",1,"No ","Metropolitian ","Stormy","Jam ",1
"30/03/2022","17:25:00","17:35:00",12,"Snack ",28,4.7,17,"scooter ",1,"No ","Metropolitian ","Sunny","Medium ",1
"2/03/2022","21:20:00","21:25:00",41,"Meal ",37,3.5,7,"scooter ",1,"No ","Metropolitian ","Windy","Jam ",1
"3/03/2022","23:35:00","23:50:00",15,"Snack ",31,5,14,"motorcycle ",1,"No ","Metropolitian ","Stormy","Low ",1
"2/03/2022","18:50:00","19:05:00",19,"Drinks ",24,4.7,19,"motorcycle ",1,"No ","Urban ","Stormy","Medium ",1
"13/02/2022","22:40:00","22:45:00",14,"Drinks ",22,4.5,9,"scooter ",2,"No ","Metropolitian ","Windy","Low ",0
"18/03/2022","0:00:00","0:15:00",31,"Drinks ",34,3.5,19,"scooter ",1,"No ","Metropolitian ","Cloudy","Low ",0
"15/02/2022","11:35:00","11:40:00",19,"Meal ",20,4.7,2,"scooter ",1,"No ","Metropolitian ","Sunny","High ",0
"13/03/2022","9:20:00","9:25:00",25,"Meal ",28,4.2,1,"motorcycle ",0,"No ","Urban ","Stormy","Low ",0
"16/02/2022","20:50:00","21:00:00",18,"Buffet ",29,4.6,21,"scooter ",1,"No ","Urban ","Stormy","Jam ",1
"11/02/2022","21:00:00","21:15:00",30,"Snack ",38,4.5,9,"motorcycle ",0,"No ","Metropolitian ","Windy","Jam ",0
"12/03/2022","18:25:00","18:30:00",28,"Buffet ",25,4.8,19,"scooter ",1,"No ","Metropolitian ","Cloudy","Medium ",1
"29/03/2022","17:35:00","17:50:00",40,"Drinks ",34,4.6,4,"motorcycle ",1,"No ","Metropolitian ","Cloudy","Medium ",1
"6/04/2022","22:00:00","22:05:00",32,"Meal ",25,4.8,22,"motorcycle ",0,"No ","Metropolitian ","Windy","Jam ",1
"4/03/2022","23:00:00","23:10:00",21,"Buffet ",38,4.9,23,"motorcycle ",2,"No ","Metropolitian ","Windy","Low ",1
"15/02/2022","19:55:00","20:10:00",33,"Snack ",22,4.1,17,"scooter ",1,"No ","Metropolitian ","Fog","Jam ",1
"3/04/2022","21:40:00","21:50:00",23,"Meal ",22,4.7,15,"motorcycle ",0,"No ","Urban ","Windy","Jam ",0
"16/03/2022","19:55:00","20:05:00",17,"Drinks ",22,4.7,14,"motorcycle ",1,"No ","Metropolitian ","Sandstorms","Jam ",1
"24/03/2022","14:00:00","14:10:00",32,"Drinks ",32,5,22,"scooter ",1,"No ","Urban ","Sandstorms","High ",1
"17/02/2022","22:50:00","22:55:00",16,"Drinks ",27,4.3,4,"motorcycle ",0,"No ","Urban ","Stormy","Low ",0
"11/02/2022","17:55:00","18:00:00",22,"Snack ",21,4.6,7,"scooter ",2,"No ","Metropolitian ","Sandstorms","Medium ",0
"1/03/2022","8:35:00","8:50:00",23,"Buffet ",30,4.5,22,"scooter ",2,"No ","Metropolitian ","Stormy","Low ",0
"11/03/2022","8:20:00","8:30:00",19,"Meal ",20,4.8,21,"motorcycle ",0,"No ","Metropolitian ","Sunny","Low ",1
"25/03/2022","19:40:00","19:55:00",17,"Buffet ",21,4.5,17,"motorcycle ",1,"No ","Metropolitian ","Sandstorms","Jam ",0
"11/03/2022","8:45:00","9:00:00",17,"Meal ",23,4.9,19,"scooter ",1,"No ","Urban ","Fog","Low ",0
"1/04/2022","16:25:00","16:30:00",12,"Meal ",20,5,23,"scooter ",1,"No ","Urban ","Sunny","Medium ",0
"27/03/2022","23:40:00","23:55:00",21,"Drinks ",38,4.5,21,"motorcycle ",0,"No ","Metropolitian ","Stormy","Low ",1
"15/03/2022","8:15:00","8:25:00",10,"Buffet ",34,4.9,23,"motorcycle ",2,"No ","Metropolitian ","Sunny","Low ",0
"29/03/2022","22:15:00","22:30:00",19,"Snack ",36,4.9,12,"scooter ",1,"No ","Metropolitian ","Sunny","Low ",0
"16/03/2022","21:45:00","21:55:00",44,"Buffet ",34,4.2,7,"motorcycle ",0,"No ","Metropolitian ","Stormy","Jam ",2
"20/03/2022","20:25:00","20:30:00",41,"Snack ",38,4,9,"motorcycle ",0,"No ","Metropolitian ","Windy","Jam ",0
"18/02/2022","21:10:00","21:15:00",33,"Meal ",29,4.1,11,"motorcycle ",0,"No ","Metropolitian ","Sunny","Jam ",0
"12/03/2022","17:45:00","17:55:00",34,"Drinks ",36,3.6,7,"scooter ",2,"No ","Metropolitian ","Windy","Medium ",1
"14/02/2022","21:00:00","21:10:00",25,"Meal ",32,4.8,9,"scooter ",2,"No ","Metropolitian ","Sunny","Jam ",1
"11/02/2022","12:10:00","12:15:00",32,"Meal ",39,4.2,7,"scooter ",2,"No ","Metropolitian ","Windy","High ",1
"1/04/2022","21:25:00","21:35:00",42,"Buffet ",32,4.1,9,"motorcycle ",0,"No ","Metropolitian ","Sandstorms","Jam ",1
"15/03/2022","8:35:00","8:50:00",23,"Drinks ",39,4.3,9,"motorcycle ",0,"No ","Metropolitian ","Windy","Low ",1
"4/03/2022","21:15:00","21:30:00",34,"Meal ",34,3.9,6,"scooter ",1,"No ","Metropolitian ","Stormy","Jam ",0
"28/03/2022","23:50:00","23:55:00",15,"Buffet ",22,4.5,3,"motorcycle ",0,"No ","Urban ","Fog","Low ",0
"12/02/2022","23:55:00","0:10:00",12,"Meal ",24,4.5,7,"motorcycle ",2,"No ","Metropolitian ","Sandstorms","Low ",0
"25/03/2022","19:00:00","19:10:00",24,"Drinks ",35,4.8,17,"scooter ",2,"No ","Metropolitian ","Windy","Medium ",1
"26/03/2022","22:30:00","22:35:00",19,"Meal ",24,4.9,19,"scooter ",1,"No ","Urban ","Windy","Low ",1
"2/03/2022","22:15:00","22:25:00",30,"Snack ",29,4.5,12,"motorcycle ",1,"No ","Metropolitian ","Sunny","Low ",1
"4/04/2022","17:45:00","18:00:00",32,"Drinks ",29,4.7,23,"motorcycle ",0,"No ","Urban ","Fog","Medium ",1
"10/03/2022","23:55:00","0:10:00",26,"Drinks ",20,4.6,16,"scooter ",1,"No ","Metropolitian ","Cloudy","Low ",1
"11/03/2022","11:55:00","12:10:00",39,"Meal ",30,4.2,4,"motorcycle ",1,"No ","Metropolitian ","Cloudy","High ",1
"11/03/2022","10:15:00","10:30:00",10,"Buffet ",24,4.7,22,"electric_scooter ",2,"No ","Urban ","Stormy","Low ",1
"5/03/2022","18:30:00","18:35:00",27,"Meal ",33,4.6,21,"motorcycle ",1,"No ","Urban ","Stormy","Medium ",1
"14/03/2022","17:25:00","17:35:00",29,"Snack ",21,4.8,13,"motorcycle ",2,"No ","Metropolitian ","Sandstorms","Medium ",1
"1/03/2022","12:00:00","12:10:00",46,"Snack ",22,4.1,18,"motorcycle ",0,"No ","Metropolitian ","Sunny","High ",2
"11/03/2022","21:45:00","21:50:00",19,"Drinks ",27,4.9,19,"motorcycle ",1,"No ","Urban ","Sunny","Jam ",0
"7/03/2022","9:15:00","9:30:00",28,"Buffet ",32,5,16,"motorcycle ",1,"No ","Urban ","Sandstorms","Low ",1
"17/02/2022","23:10:00","23:15:00",16,"Meal ",22,4.9,4,"scooter ",1,"No ","Metropolitian ","Stormy","Low ",1
"30/03/2022","13:00:00","13:05:00",29,"Meal ",35,4.6,1,"scooter ",2,"No ","Metropolitian ","Cloudy","High ",1
"1/04/2022","10:25:00","10:35:00",22,"Snack ",37,4.9,17,"scooter ",2,"No ","Urban ","Sandstorms","Low ",1
"21/03/2022","17:35:00","17:45:00",28,"Buffet ",27,4.5,22,"electric_scooter ",2,"No ","Metropolitian ","Sandstorms","Medium ",1
"1/04/2022","20:30:00","20:45:00",14,"Drinks ",29,4.8,4,"scooter ",1,"No ","Urban ","Stormy","Jam ",1
"6/03/2022","19:00:00","19:15:00",45,"Snack ",39,4.9,23,"motorcycle ",0,"Yes ","Metropolitian ","Fog","Medium ",1
"31/03/2022","19:55:00","20:10:00",37,"Buffet ",25,4.8,6,"motorcycle ",0,"No ","Metropolitian ","Sandstorms","Jam ",1
"4/03/2022","23:30:00","23:35:00",21,"Meal ",29,4.9,19,"scooter ",2,"No ","Metropolitian ","Fog","Low ",0
"2/03/2022","22:35:00","22:40:00",26,"Buffet ",20,4.9,17,"motorcycle ",1,"No ","Metropolitian ","Fog","Low ",0
"23/03/2022","19:00:00","19:15:00",24,"Snack ",29,4.6,18,"motorcycle ",1,"No ","Metropolitian ","Windy","Medium ",0
"9/03/2022","10:55:00","11:05:00",24,"Drinks ",22,4.6,17,"motorcycle ",0,"No ","Metropolitian ","Cloudy","Low ",1
"2/03/2022","19:15:00","19:30:00",43,"Buffet ",33,4.4,9,"motorcycle ",0,"No ","Metropolitian ","Sandstorms","Jam ",2
"8/03/2022","20:40:00","20:45:00",33,"Drinks ",35,4.1,6,"scooter ",2,"No ","Urban ","Stormy","Jam ",0
"25/03/2022","21:10:00","21:15:00",43,"Meal ",28,4.1,5,"motorcycle ",1,"Yes ","Metropolitian ","Cloudy","Jam ",1
"20/03/2022","21:00:00","21:05:00",47,"Snack ",35,4.1,11,"motorcycle ",2,"No ","Metropolitian ","Cloudy","Jam ",1
"4/04/2022","20:25:00","20:30:00",46,"Drinks ",33,4.8,3,"motorcycle ",0,"No ","Metropolitian ","Fog","Jam ",3
"17/03/2022","11:30:00","11:40:00",46,"Drinks ",33,4.8,9,"motorcycle ",0,"Yes ","Metropolitian ","Stormy","High ",1
"31/03/2022","20:50:00","20:55:00",28,"Drinks ",33,4.7,23,"electric_scooter ",2,"No ","Metropolitian ","Stormy","Jam ",1
"16/02/2022","22:40:00","22:55:00",17,"Snack ",33,4.7,21,"motorcycle ",2,"No ","Urban ","Sandstorms","Low ",1
"14/02/2022","17:10:00","17:15:00",20,"Snack ",20,4.8,17,"scooter ",2,"No ","Urban ","Windy","Medium ",1
"15/03/2022","10:00:00","10:10:00",25,"Meal ",32,4.9,18,"motorcycle ",0,"No ","Urban ","Sunny","Low ",0
"16/03/2022","23:00:00","23:05:00",20,"Drinks ",25,4.6,23,"motorcycle ",1,"No ","Metropolitian ","Fog","Low ",1
"4/04/2022","21:50:00","22:05:00",36,"Snack ",31,4.3,4,"scooter ",1,"No ","Metropolitian ","Cloudy","Jam ",1
"24/03/2022","9:00:00","9:15:00",13,"Buffet ",32,4.7,23,"scooter ",1,"No ","Urban ","Sunny","Low ",1
"14/02/2022","20:45:00","20:55:00",28,"Meal ",35,4.7,3,"scooter ",1,"No ","Metropolitian ","Sunny","Jam ",0
"29/03/2022","23:40:00","23:45:00",42,"Snack ",29,3.5,1,"motorcycle ",1,"No ","Metropolitian ","Sunny","Low ",1
"5/04/2022","20:30:00","20:45:00",27,"Drinks ",21,4.8,19,"motorcycle ",0,"No ","Metropolitian ","Stormy","Jam ",1
"3/04/2022","12:30:00","12:45:00",31,"Drinks ",33,4.8,3,"scooter ",2,"No ","Metropolitian ","Windy","High ",0
"24/03/2022","17:15:00","17:25:00",15,"Meal ",26,4.9,15,"scooter ",2,"No ","Metropolitian ","Sunny","Medium ",0
"20/03/2022","21:15:00","21:30:00",21,"Buffet ",37,4.9,23,"motorcycle ",2,"No ","Metropolitian ","Sunny","Jam ",1
"31/03/2022","23:20:00","23:35:00",27,"Drinks ",36,4.7,4,"motorcycle ",0,"No ","Urban ","Sunny","Low ",1
"4/04/2022","20:10:00","20:15:00",34,"Drinks ",35,4.4,8,"motorcycle ",2,"No ","Metropolitian ","Sandstorms","Jam ",1
"19/03/2022","8:35:00","8:40:00",17,"Snack ",22,4.6,1,"electric_scooter ",2,"No ","Metropolitian ","Stormy","Low ",1
"8/03/2022","22:45:00","22:50:00",30,"Snack ",33,4.8,9,"motorcycle ",0,"No ","Metropolitian ","Sunny","Low ",1
"29/03/2022","20:30:00","20:45:00",37,"Buffet ",33,4.1,6,"motorcycle ",0,"No ","Metropolitian ","Windy","Jam ",2
"1/04/2022","21:40:00","21:55:00",30,"Drinks ",30,4.8,1,"motorcycle ",0,"No ","Metropolitian ","Cloudy","Jam ",0
"15/03/2022","15:50:00","16:00:00",26,"Buffet ",37,4.8,9,"scooter ",1,"No ","Metropolitian ","Stormy","Medium ",0
"19/03/2022","8:15:00","8:20:00",15,"Snack ",23,4.8,11,"motorcycle ",1,"No ","Metropolitian ","Fog","Low ",1
"25/03/2022","17:25:00","17:30:00",29,"Snack ",24,4.6,3,"scooter ",1,"No ","Metropolitian ","Windy","Medium ",0
"31/03/2022","21:25:00","21:40:00",41,"Snack ",20,5,15,"motorcycle ",0,"No ","Urban ","Fog","Jam ",0
"12/02/2022","21:20:00","21:35:00",46,"Buffet ",39,4,5,"scooter ",2,"No ","Urban ","Cloudy","Jam ",1
"29/03/2022","19:35:00","19:45:00",35,"Buffet ",31,4.6,3,"motorcycle ",0,"No ","Metropolitian ","Windy","Jam ",1
"1/04/2022","10:15:00","10:20:00",13,"Buffet ",29,4.9,22,"electric_scooter ",2,"No ","Metropolitian ","Windy","Low ",0
"1/03/2022","15:45:00","15:55:00",28,"Drinks ",20,5,14,"scooter ",1,"No ","Metropolitian ","Windy","Medium ",1
"14/02/2022","21:25:00","21:40:00",30,"Buffet ",21,4.8,4,"motorcycle ",0,"No ","Metropolitian ","Windy","Jam ",1
"1/04/2022","9:55:00","10:10:00",12,"Buffet ",28,4.9,21,"scooter ",1,"No ","Metropolitian ","Windy","Low ",0
"5/03/2022","21:10:00","21:15:00",30,"Meal ",37,4.6,18,"electric_scooter ",2,"No ","Metropolitian ","Sunny","Jam ",1
"1/04/2022","19:20:00","19:30:00",13,"Snack ",22,4.8,22,"motorcycle ",1,"No ","Urban ","Windy","Jam ",0
"8/03/2022","19:45:00","19:55:00",19,"Meal ",34,5,17,"scooter ",1,"No ","Metropolitian ","Sunny","Jam ",0
"14/03/2022","19:10:00","19:15:00",24,"Snack ",20,5,14,"scooter ",1,"No ","Metropolitian ","Windy","Jam ",0
"6/03/2022","19:00:00","19:10:00",22,"Snack ",32,4.9,16,"electric_scooter ",2,"No ","Metropolitian ","Sunny","Medium ",1
"4/04/2022","23:50:00","0:05:00",35,"Drinks ",30,4.8,15,"motorcycle ",0,"No ","Metropolitian ","Cloudy","Low ",0
"6/04/2022","20:55:00","21:10:00",32,"Snack ",22,4.9,18,"motorcycle ",0,"No ","Metropolitian ","Sandstorms","Jam ",1
"16/03/2022","18:55:00","19:10:00",19,"Snack ",21,5,16,"scooter ",1,"No ","Urban ","Sunny","Medium ",1
"18/03/2022","23:20:00","23:35:00",13,"Buffet ",21,4.8,19,"scooter ",2,"No ","Urban ","Stormy","Low ",0
"11/03/2022","23:45:00","0:00:00",23,"Drinks ",34,4.1,8,"motorcycle ",0,"No ","Metropolitian ","Stormy","Low ",1
"27/03/2022","20:40:00","20:50:00",29,"Drinks ",27,4.8,23,"scooter ",2,"No ","Urban ","Sandstorms","Jam ",1
"20/03/2022","0:00:00","0:05:00",16,"Snack ",31,4.5,21,"motorcycle ",1,"No ","Metropolitian ","Windy","Low ",1
"28/03/2022","14:35:00","14:50:00",31,"Meal ",35,4.7,15,"scooter ",2,"No ","Urban ","Sandstorms","High ",0
"5/04/2022","11:45:00","12:00:00",34,"Drinks ",24,4.1,4,"scooter ",1,"No ","Metropolitian ","Fog","High ",1
"4/04/2022","20:15:00","20:30:00",31,"Meal ",22,4.4,1,"motorcycle ",2,"No ","Metropolitian ","Cloudy","Jam ",1
"29/03/2022","21:00:00","21:05:00",17,"Snack ",22,4.7,1,"motorcycle ",1,"No ","Urban ","Stormy","Jam ",1
"5/03/2022","10:55:00","11:10:00",17,"Snack ",36,4.9,19,"scooter ",2,"No ","Urban ","Stormy","Low ",0
"21/03/2022","15:00:00","15:15:00",16,"Drinks ",36,4.6,22,"scooter ",2,"No ","Metropolitian ","Sunny","High ",1
"9/03/2022","11:00:00","11:05:00",26,"Snack ",39,4.6,23,"motorcycle ",2,"No ","Metropolitian ","Windy","Low ",1
"16/02/2022","22:15:00","22:30:00",26,"Meal ",26,4.6,8,"motorcycle ",1,"No ","Metropolitian ","Fog","Low ",1
"21/03/2022","20:30:00","20:40:00",35,"Buffet ",35,4.3,6,"motorcycle ",0,"No ","Metropolitian ","Windy","Jam ",1
"5/03/2022","22:35:00","22:40:00",18,"Buffet ",25,4.7,18,"motorcycle ",0,"No ","Metropolitian ","Sunny","Low ",1
"23/03/2022","18:15:00","18:30:00",35,"Buffet ",29,4.9,2,"motorcycle ",1,"No ","Metropolitian ","Fog","Medium ",1
"16/03/2022","20:10:00","20:15:00",17,"Meal ",26,4.7,23,"motorcycle ",0,"No ","Urban ","Sunny","Jam ",0
"14/02/2022","17:30:00","17:35:00",37,"Drinks ",26,4.6,4,"motorcycle ",2,"No ","Metropolitian ","Fog","Medium ",1
"2/04/2022","23:10:00","23:20:00",15,"Meal ",34,4.6,21,"scooter ",2,"No ","Metropolitian ","Sandstorms","Low ",1
"5/03/2022","13:15:00","13:25:00",23,"Snack ",23,4.6,12,"scooter ",1,"No ","Metropolitian ","Sunny","High ",1
"27/03/2022","21:35:00","21:50:00",38,"Buffet ",26,4.9,3,"motorcycle ",0,"No ","Metropolitian ","Cloudy","Jam ",1
"18/03/2022","17:20:00","17:35:00",34,"Buffet ",38,4,14,"motorcycle ",1,"No ","Metropolitian ","Fog","Medium ",1
"3/04/2022","8:50:00","9:00:00",22,"Meal ",35,4.9,18,"motorcycle ",0,"No ","Metropolitian ","Fog","Low ",1
"11/03/2022","8:15:00","8:30:00",24,"Meal ",23,4.7,15,"motorcycle ",1,"No ","Urban ","Sunny","Low ",0
"23/03/2022","20:15:00","20:30:00",54,"Snack ",35,4.8,5,"motorcycle ",0,"Yes ","Metropolitian ","Stormy","Jam ",2
"27/03/2022","23:30:00","23:45:00",11,"Meal ",29,4.8,17,"motorcycle ",2,"No ","Urban ","Stormy","Low ",1
"8/03/2022","19:25:00","19:35:00",47,"Buffet ",28,4.6,13,"motorcycle ",0,"Yes ","Metropolitian ","Sunny","Jam ",1
"1/03/2022","13:40:00","13:50:00",14,"Meal ",21,4.6,21,"motorcycle ",1,"No ","Metropolitian ","Sunny","High ",1
"9/03/2022","10:40:00","10:45:00",21,"Buffet ",36,4.6,12,"motorcycle ",0,"No ","Metropolitian ","Sunny","Low ",1
"25/03/2022","19:00:00","19:15:00",35,"Snack ",33,3.9,3,"motorcycle ",1,"No ","Urban ","Stormy","Medium ",1
"6/04/2022","21:30:00","21:45:00",26,"Drinks ",24,4.6,18,"motorcycle ",0,"No ","Metropolitian ","Sunny","Jam ",1
"8/03/2022","22:10:00","22:20:00",19,"Buffet ",36,4.8,18,"motorcycle ",2,"No ","Urban ","Stormy","Low ",1
"29/03/2022","23:00:00","23:10:00",22,"Snack ",26,4.6,22,"motorcycle ",0,"No ","Metropolitian ","Cloudy","Low ",1
"21/03/2022","19:40:00","19:45:00",31,"Meal ",38,4.1,3,"motorcycle ",1,"No ","Urban ","Windy","Jam ",1
"12/03/2022","22:00:00","22:05:00",39,"Buffet ",22,4.6,12,"motorcycle ",0,"No ","Metropolitian ","Cloudy","Jam ",1
"9/03/2022","22:15:00","22:20:00",16,"Snack ",21,4.6,22,"scooter ",1,"No ","Urban ","Stormy","Low ",0
"6/03/2022","19:55:00","20:10:00",39,"Meal ",21,4.2,13,"motorcycle ",0,"No ","Metropolitian ","Sandstorms","Jam ",1
"19/03/2022","18:55:00","19:05:00",13,"Drinks ",20,5,18,"scooter ",2,"No ","Urban ","Fog","Medium ",0
"14/03/2022","23:35:00","23:45:00",18,"Snack ",34,4.5,6,"motorcycle ",1,"No ","Urban ","Sandstorms","Low ",0
"12/03/2022","19:20:00","19:25:00",35,"Drinks ",30,4.7,15,"scooter ",2,"No ","Metropolitian ","Fog","Jam ",1
"3/04/2022","9:00:00","9:10:00",26,"Drinks ",39,4.5,23,"scooter ",2,"No ","Metropolitian ","Stormy","Low ",1
"17/03/2022","18:25:00","18:30:00",12,"Buffet ",27,4.6,17,"scooter ",2,"No ","Urban ","Cloudy","Medium ",0
"18/03/2022","22:15:00","22:25:00",17,"Snack ",24,4.8,7,"scooter ",2,"No ","Metropolitian ","Stormy","Low ",0
"11/03/2022","8:30:00","8:35:00",23,"Snack ",39,4.9,16,"scooter ",1,"No ","Metropolitian ","Stormy","Low ",0
"8/03/2022","18:40:00","18:55:00",32,"Meal ",24,4.8,13,"electric_scooter ",2,"No ","Metropolitian ","Fog","Medium ",1
"3/04/2022","14:55:00","15:00:00",33,"Meal ",39,4.1,13,"motorcycle ",1,"No ","Metropolitian ","Stormy","High ",1
"14/03/2022","23:10:00","23:20:00",28,"Meal ",34,4.8,23,"motorcycle ",2,"No ","Metropolitian ","Fog","Low ",0
"17/03/2022","14:20:00","14:25:00",28,"Drinks ",38,4.9,4,"scooter ",2,"No ","Metropolitian ","Stormy","High ",0
"15/03/2022","17:55:00","18:00:00",20,"Buffet ",28,4.9,19,"motorcycle ",0,"No ","Metropolitian ","Sunny","Medium ",1
"2/04/2022","17:45:00","17:55:00",35,"Meal ",35,5,14,"motorcycle ",1,"No ","Metropolitian ","Fog","Medium ",1
"12/03/2022","19:50:00","19:55:00",19,"Meal ",22,4.9,16,"scooter ",2,"No ","Metropolitian ","Sandstorms","Jam ",0
"11/03/2022","12:45:00","12:55:00",15,"Snack ",21,4.7,16,"scooter ",2,"No ","Metropolitian ","Sunny","High ",1
"17/03/2022","21:15:00","21:20:00",27,"Snack ",24,4.7,21,"motorcycle ",0,"No ","Metropolitian ","Stormy","Jam ",1
"19/03/2022","23:25:00","23:40:00",25,"Meal ",20,4.3,13,"motorcycle ",0,"No ","Metropolitian ","Windy","Low ",0
"23/03/2022","18:10:00","18:20:00",37,"Buffet ",32,4.9,3,"scooter ",2,"No ","Metropolitian ","Cloudy","Medium ",2
"11/03/2022","19:15:00","19:20:00",24,"Snack ",22,4.6,13,"motorcycle ",0,"No ","Metropolitian ","Fog","Jam ",1
"23/03/2022","21:55:00","22:05:00",42,"Snack ",30,3.6,2,"scooter ",2,"Yes ","Metropolitian ","Sandstorms","Jam ",2
"15/03/2022","18:20:00","18:25:00",18,"Drinks ",29,4.8,18,"motorcycle ",0,"No ","Metropolitian ","Sunny","Medium ",1
"6/03/2022","21:35:00","21:40:00",36,"Drinks ",26,4.4,16,"motorcycle ",0,"No ","Metropolitian ","Stormy","Jam ",1
"17/02/2022","10:00:00","10:10:00",15,"Drinks ",21,4.8,16,"scooter ",2,"No ","Urban ","Cloudy","Low ",1
"3/04/2022","20:55:00","21:05:00",29,"Buffet ",32,4.9,12,"scooter ",2,"No ","Metropolitian ","Fog","Jam ",0
"20/03/2022","20:20:00","20:30:00",30,"Drinks ",35,4.7,9,"scooter ",1,"No ","Metropolitian ","Sandstorms","Jam ",1
"2/03/2022","20:20:00","20:30:00",26,"Buffet ",33,4.7,17,"motorcycle ",1,"No ","Urban ","Sunny","Jam ",1
"25/03/2022","18:30:00","18:45:00",31,"Buffet ",22,5,11,"motorcycle ",0,"No ","Metropolitian ","Windy","Medium ",1
"15/02/2022","10:50:00","11:00:00",12,"Snack ",25,4.6,2,"scooter ",1,"No ","Metropolitian ","Stormy","Low ",0
"11/03/2022","23:25:00","23:30:00",20,"Snack ",33,4.7,16,"motorcycle ",0,"No ","Metropolitian ","Fog","Low ",0
"6/04/2022","17:40:00","17:50:00",35,"Snack ",33,3.8,3,"scooter ",1,"No ","Metropolitian ","Windy","Medium ",1
"14/03/2022","18:25:00","18:40:00",24,"Meal ",29,4.7,15,"scooter ",2,"No ","Urban ","Stormy","Medium ",1
"18/02/2022","20:10:00","20:20:00",39,"Buffet ",30,4.2,8,"scooter ",2,"No ","Metropolitian ","Stormy","Jam ",0
"12/03/2022","22:30:00","22:45:00",14,"Buffet ",20,4.7,23,"electric_scooter ",2,"No ","Urban ","Windy","Low ",1
"13/03/2022","19:15:00","19:30:00",34,"Meal ",31,4.4,12,"motorcycle ",1,"No ","Metropolitian ","Stormy","Jam ",1
"18/02/2022","20:40:00","20:55:00",30,"Buffet ",29,4.9,3,"scooter ",2,"No ","Metropolitian ","Sandstorms","Jam ",1
"20/03/2022","20:15:00","20:20:00",15,"Snack ",33,4.9,22,"motorcycle ",1,"No ","Metropolitian ","Sunny","Jam ",1
"4/04/2022","18:20:00","18:35:00",33,"Meal ",38,4.2,2,"motorcycle ",0,"No ","Metropolitian ","Sandstorms","Medium ",0
"15/02/2022","23:55:00","0:00:00",19,"Drinks ",30,5,5,"scooter ",2,"No ","Metropolitian ","Fog","Low ",0
"25/03/2022","20:00:00","20:10:00",32,"Buffet ",21,5,6,"motorcycle ",0,"No ","Metropolitian ","Stormy","Jam ",1
"19/03/2022","22:55:00","23:00:00",28,"Meal ",31,5,4,"motorcycle ",0,"No ","Metropolitian ","Fog","Low ",1
"8/03/2022","23:45:00","23:55:00",28,"Snack ",37,4.9,9,"motorcycle ",0,"No ","Metropolitian ","Windy","Low ",1
"15/02/2022","23:25:00","23:30:00",20,"Buffet ",35,4.1,17,"motorcycle ",0,"No ","Metropolitian ","Windy","Low ",1
"4/03/2022","20:35:00","20:40:00",38,"Meal ",21,4.6,14,"motorcycle ",0,"No ","Metropolitian ","Fog","Jam ",1
"28/03/2022","11:40:00","11:50:00",25,"Meal ",31,4.9,16,"electric_scooter ",2,"No ","Urban ","Sandstorms","High ",1
"7/03/2022","11:15:00","11:30:00",33,"Drinks ",38,4.2,9,"scooter ",1,"No ","Metropolitian ","Sunny","High ",0
"1/04/2022","22:30:00","22:35:00",27,"Drinks ",24,4.3,22,"motorcycle ",0,"No ","Metropolitian ","Stormy","Low ",0
"3/04/2022","11:35:00","11:45:00",26,"Buffet ",38,4.7,19,"motorcycle ",2,"No ","Metropolitian ","Windy","High ",1
"1/04/2022","8:45:00","8:55:00",26,"Buffet ",21,4.3,9,"motorcycle ",0,"No ","Metropolitian ","Sandstorms","Low ",1
"10/03/2022","18:40:00","18:45:00",15,"Meal ",24,4.8,15,"motorcycle ",2,"No ","Metropolitian ","Sandstorms","Medium ",0
"18/02/2022","20:35:00","20:50:00",45,"Snack ",30,4.9,8,"scooter ",2,"Yes ","Metropolitian ","Sandstorms","Jam ",1
"5/03/2022","22:00:00","22:10:00",27,"Drinks ",26,4.5,23,"electric_scooter ",2,"No ","Metropolitian ","Sunny","Jam ",0
"25/03/2022","18:20:00","18:25:00",13,"Snack ",24,4.9,13,"electric_scooter ",2,"No ","Metropolitian ","Sunny","Medium ",0
"12/03/2022","22:15:00","22:20:00",23,"Buffet ",38,4.9,22,"scooter ",1,"No ","Metropolitian ","Sandstorms","Low ",0
"1/04/2022","10:15:00","10:20:00",15,"Snack ",23,4.7,9,"scooter ",1,"No ","Metropolitian ","Fog","Low ",1
"28/03/2022","19:20:00","19:25:00",17,"Drinks ",32,4.9,21,"scooter ",1,"No ","Metropolitian ","Sunny","Jam ",1
"4/03/2022","18:20:00","18:25:00",25,"Buffet ",27,4.6,23,"scooter ",1,"No ","Metropolitian ","Stormy","Medium ",0
"18/02/2022","20:45:00","21:00:00",49,"Meal ",32,4.2,4,"electric_scooter ",2,"No ","Metropolitian ","Fog","Jam ",2
"3/04/2022","13:45:00","13:50:00",31,"Meal ",24,4.9,18,"motorcycle ",0,"No ","Urban ","Sandstorms","High ",0
"15/03/2022","19:10:00","19:20:00",12,"Buffet ",28,4.5,17,"scooter ",2,"No ","Metropolitian ","Sunny","Jam ",0
"11/02/2022","18:45:00","18:50:00",18,"Meal ",28,4.9,8,"motorcycle ",2,"No ","Metropolitian ","Sunny","Medium ",1
"1/03/2022","10:25:00","10:30:00",25,"Buffet ",34,4.8,17,"scooter ",1,"No ","Metropolitian ","Windy","Low ",1
"16/02/2022","23:10:00","23:25:00",18,"Snack ",29,4.6,22,"scooter ",1,"No ","Urban ","Stormy","Low ",0
"5/03/2022","9:55:00","10:10:00",19,"Meal ",23,4.6,16,"scooter ",2,"No ","Urban ","Stormy","Low ",1
"6/04/2022","20:20:00","20:35:00",40,"Buffet ",39,5,19,"motorcycle ",0,"No ","Metropolitian ","Windy","Jam ",0
"27/03/2022","21:25:00","21:40:00",31,"Snack ",27,4.8,2,"motorcycle ",1,"No ","Metropolitian ","Fog","Jam ",0
"4/04/2022","23:35:00","23:50:00",22,"Snack ",35,4.5,1,"motorcycle ",2,"No ","Metropolitian ","Stormy","Low ",0
"24/03/2022","14:30:00","14:40:00",27,"Drinks ",35,5,15,"motorcycle ",1,"No ","Metropolitian ","Stormy","High ",1
"5/04/2022","14:45:00","14:50:00",31,"Buffet ",31,4.3,3,"motorcycle ",0,"No ","Metropolitian ","Fog","High ",1
"20/03/2022","20:15:00","20:25:00",19,"Meal ",25,4.9,16,"scooter ",2,"No ","Urban ","Sandstorms","Jam ",1
"18/03/2022","22:40:00","22:45:00",15,"Buffet ",26,4.8,15,"electric_scooter ",2,"No ","Urban ","Sandstorms","Low ",0
"7/03/2022","21:15:00","21:25:00",13,"Drinks ",29,4.7,21,"motorcycle ",2,"No ","Urban ","Stormy","Jam ",0
"3/03/2022","10:20:00","10:35:00",17,"Drinks ",28,4.8,9,"scooter ",1,"No ","Metropolitian ","Sunny","Low ",1
"18/02/2022","19:10:00","19:25:00",53,"Snack ",33,4.6,9,"motorcycle ",0,"No ","Metropolitian ","Fog","Jam ",1
"19/03/2022","14:10:00","14:15:00",46,"Snack ",24,3.7,13,"motorcycle ",0,"Yes ","Metropolitian ","Sunny","High ",1
"11/02/2022","8:20:00","8:25:00",24,"Meal ",36,4.8,7,"scooter ",2,"No ","Metropolitian ","Sandstorms","Low ",0
"31/03/2022","17:25:00","17:40:00",34,"Snack ",39,4.1,6,"motorcycle ",0,"No ","Metropolitian ","Windy","Medium ",1
"19/03/2022","17:35:00","17:50:00",29,"Buffet ",28,4.5,5,"scooter ",2,"No ","Urban ","Windy","Medium ",1
"28/03/2022","14:30:00","14:40:00",24,"Buffet ",35,4.7,13,"motorcycle ",1,"No ","Metropolitian ","Sunny","High ",0
"11/02/2022","19:25:00","19:30:00",30,"Snack ",35,5,4,"electric_scooter ",2,"No ","Metropolitian ","Fog","Jam ",1
"1/03/2022","15:40:00","15:55:00",25,"Meal ",37,4.7,22,"motorcycle ",1,"No ","Metropolitian ","Stormy","Medium ",1
"28/03/2022","18:10:00","18:20:00",11,"Snack ",24,4.9,16,"motorcycle ",1,"No ","Urban ","Sunny","Medium ",0
"12/03/2022","19:25:00","19:30:00",26,"Meal ",20,4.8,14,"motorcycle ",0,"No ","Metropolitian ","Stormy","Jam ",0
"19/03/2022","22:10:00","22:20:00",17,"Meal ",21,4.6,23,"motorcycle ",2,"No ","Metropolitian ","Fog","Low ",0
"4/03/2022","17:30:00","17:35:00",25,"Meal ",28,4.6,21,"scooter ",2,"No ","Metropolitian ","Stormy","Medium ",1
"13/02/2022","16:25:00","16:30:00",21,"Snack ",22,4.8,9,"scooter ",1,"No ","Metropolitian ","Sandstorms","Medium ",1
"28/03/2022","14:25:00","14:40:00",25,"Buffet ",35,4.6,23,"scooter ",1,"No ","Metropolitian ","Windy","High ",0
"6/04/2022","21:15:00","21:30:00",17,"Meal ",28,4.9,16,"motorcycle ",0,"No ","Metropolitian ","Sunny","Jam ",0
"2/04/2022","17:30:00","17:35:00",29,"Drinks ",39,4.9,13,"motorcycle ",0,"No ","Metropolitian ","Sunny","Medium ",1
"24/03/2022","10:10:00","10:15:00",24,"Buffet ",39,4.4,14,"motorcycle ",0,"No ","Metropolitian ","Windy","Low ",0
"11/02/2022","22:10:00","22:25:00",15,"Meal ",28,4.5,9,"motorcycle ",0,"No ","Metropolitian ","Sandstorms","Low ",1
"18/02/2022","22:30:00","22:40:00",22,"Snack ",28,4.5,7,"motorcycle ",0,"No ","Metropolitian ","Sandstorms","Low ",1
"15/03/2022","20:50:00","20:55:00",27,"Meal ",23,4.8,13,"motorcycle ",0,"No ","Metropolitian ","Cloudy","Jam ",0
"14/03/2022","19:40:00","19:55:00",21,"Snack ",22,5,19,"motorcycle ",2,"No ","Urban ","Stormy","Jam ",0
"9/03/2022","0:00:00","0:15:00",17,"Buffet ",27,4.5,18,"motorcycle ",1,"No ","Metropolitian ","Sandstorms","Low ",0
"4/03/2022","17:25:00","17:35:00",25,"Drinks ",33,4.9,19,"scooter ",1,"No ","Metropolitian ","Sunny","Medium ",0
"20/03/2022","23:50:00","0:05:00",36,"Drinks ",33,4.5,4,"motorcycle ",2,"No ","Metropolitian ","Fog","Low ",1
"21/03/2022","12:55:00","13:05:00",22,"Snack ",26,4.9,23,"electric_scooter ",2,"No ","Urban ","Windy","High ",1
"18/02/2022","19:00:00","19:10:00",40,"Drinks ",32,4.8,21,"motorcycle ",0,"Yes ","Urban ","Windy","Medium ",1
"31/03/2022","21:30:00","21:35:00",37,"Buffet ",35,5,13,"scooter ",2,"No ","Metropolitian ","Fog","Jam ",1
"25/03/2022","19:45:00","20:00:00",29,"Snack ",21,4.9,2,"motorcycle ",0,"No ","Metropolitian ","Sandstorms","Jam ",1
"19/03/2022","8:10:00","8:15:00",13,"Meal ",26,4.8,23,"scooter ",2,"No ","Urban ","Fog","Low ",1
"1/03/2022","17:50:00","18:05:00",20,"Drinks ",28,4.7,7,"motorcycle ",0,"No ","Metropolitian ","Stormy","Medium ",1
"28/03/2022","22:30:00","22:40:00",19,"Buffet ",29,5,12,"motorcycle ",2,"No ","Metropolitian ","Windy","Low ",0
"13/03/2022","9:00:00","9:10:00",24,"Drinks ",36,4.8,16,"motorcycle ",0,"No ","Urban ","Sunny","Low ",0
"15/02/2022","17:40:00","17:50:00",29,"Buffet ",26,4.5,3,"motorcycle ",0,"No ","Urban ","Fog","Medium ",1
"15/02/2022","21:50:00","22:00:00",16,"Buffet ",29,4.9,3,"motorcycle ",0,"No ","Metropolitian ","Windy","Jam ",1
"25/03/2022","20:30:00","20:35:00",50,"Buffet ",34,4.6,6,"motorcycle ",0,"Yes ","Metropolitian ","Cloudy","Jam ",1
"12/03/2022","23:00:00","23:10:00",12,"Buffet ",24,4.7,16,"scooter ",1,"No ","Metropolitian ","Windy","Low ",0
"2/03/2022","19:40:00","19:50:00",42,"Drinks ",38,4.1,2,"motorcycle ",0,"No ","Urban ","Sandstorms","Jam ",1
"19/03/2022","19:40:00","19:50:00",13,"Drinks ",25,4.7,17,"motorcycle ",1,"No ","Metropolitian ","Windy","Jam ",0
"30/03/2022","19:30:00","19:40:00",29,"Snack ",22,4.8,13,"scooter ",1,"No ","Metropolitian ","Fog","Jam ",0
"20/03/2022","20:10:00","20:15:00",39,"Snack ",27,5,11,"motorcycle ",0,"No ","Metropolitian ","Sandstorms","Jam ",1
"15/03/2022","10:55:00","11:10:00",13,"Buffet ",27,4.7,22,"motorcycle ",0,"No ","Urban ","Sunny","Low ",0
"11/03/2022","9:55:00","10:10:00",17,"Buffet ",28,4.7,15,"motorcycle ",0,"No ","Urban ","Fog","Low ",1
"16/02/2022","23:10:00","23:20:00",44,"Drinks ",36,4,10,"motorcycle ",0,"Yes ","Metropolitian ","Stormy","Low ",1
"8/03/2022","22:55:00","23:00:00",28,"Buffet ",32,4.8,21,"motorcycle ",0,"No ","Urban ","Stormy","Low ",1
"9/03/2022","22:25:00","22:35:00",16,"Meal ",23,4.5,21,"motorcycle ",0,"No ","Metropolitian ","Stormy","Low ",0
"4/03/2022","20:10:00","20:15:00",26,"Drinks ",32,4.9,15,"motorcycle ",0,"No ","Metropolitian ","Sunny","Jam ",1
"11/02/2022","10:30:00","10:35:00",14,"Meal ",20,4.9,22,"motorcycle ",1,"No ","Urban ","Sandstorms","Low ",1
"5/04/2022","19:50:00","20:05:00",29,"Buffet ",35,4.9,17,"scooter ",1,"No ","Metropolitian ","Stormy","Jam ",1
"30/03/2022","8:20:00","8:25:00",15,"Buffet ",28,5,21,"motorcycle ",1,"No ","Metropolitian ","Sunny","Low ",0
"16/03/2022","23:50:00","0:00:00",14,"Snack ",27,5,19,"scooter ",2,"No ","Urban ","Stormy","Low ",0
"31/03/2022","17:30:00","17:45:00",19,"Drinks ",29,4.8,23,"scooter ",2,"No ","Metropolitian ","Sunny","Medium ",1
"3/03/2022","16:25:00","16:35:00",19,"Meal ",35,4.5,6,"electric_scooter ",2,"No ","Urban ","Fog","Medium ",1
"15/02/2022","9:15:00","9:30:00",24,"Drinks ",33,4.7,2,"motorcycle ",0,"No ","Metropolitian ","Stormy","Low ",1
"17/02/2022","11:35:00","11:50:00",33,"Snack ",35,4.1,13,"scooter ",2,"No ","Metropolitian ","Sandstorms","High ",1
"31/03/2022","0:00:00","0:05:00",24,"Drinks ",33,4.6,14,"motorcycle ",1,"No ","Metropolitian ","Sunny","Low ",1
"18/02/2022","19:30:00","19:40:00",46,"Snack ",37,4.8,18,"motorcycle ",0,"No ","Urban ","Cloudy","Jam ",0
"30/03/2022","18:15:00","18:25:00",21,"Meal ",32,4.8,6,"motorcycle ",0,"No ","Urban ","Sunny","Medium ",1
"6/04/2022","19:20:00","19:25:00",25,"Snack ",24,4.6,17,"motorcycle ",1,"No ","Metropolitian ","Stormy","Jam ",1
"9/03/2022","8:30:00","8:35:00",23,"Meal ",36,4.9,14,"motorcycle ",0,"No ","Metropolitian ","Sunny","Low ",1
"28/03/2022","15:00:00","15:05:00",31,"Snack ",34,4,5,"motorcycle ",0,"No ","Metropolitian ","Fog","High ",1
"2/03/2022","21:35:00","21:40:00",35,"Meal ",33,5,18,"scooter ",1,"No ","Metropolitian ","Fog","Jam ",1
"24/03/2022","9:35:00","9:40:00",16,"Snack ",29,4.8,14,"motorcycle ",2,"No ","Metropolitian ","Sunny","Low ",1
"3/03/2022","8:45:00","9:00:00",15,"Drinks ",35,5,22,"scooter ",1,"No ","Urban ","Fog","Low ",0
"26/03/2022","20:35:00","20:50:00",42,"Meal ",39,4.6,11,"motorcycle ",0,"No ","Metropolitian ","Sandstorms","Jam ",1
"13/03/2022","13:35:00","13:40:00",46,"Buffet ",30,4.3,19,"motorcycle ",0,"No ","Metropolitian ","Windy","High ",0
"8/03/2022","23:30:00","23:35:00",28,"Snack ",24,4.7,12,"scooter ",1,"No ","Metropolitian ","Fog","Low ",1
"1/04/2022","22:45:00","22:55:00",19,"Buffet ",38,4.8,9,"motorcycle ",1,"No ","Metropolitian ","Fog","Low ",1
"10/03/2022","17:30:00","17:40:00",23,"Drinks ",22,4.6,19,"scooter ",2,"No ","Metropolitian ","Stormy","Medium ",1
"16/03/2022","20:25:00","20:40:00",21,"Buffet ",28,4.6,17,"scooter ",2,"No ","Urban ","Sunny","Jam ",1
"19/03/2022","0:00:00","0:15:00",12,"Drinks ",28,4.9,16,"scooter ",2,"No ","Metropolitian ","Stormy","Low ",0
"5/04/2022","8:15:00","8:20:00",22,"Buffet ",36,4.8,22,"scooter ",2,"No ","Metropolitian ","Stormy","Low ",1
"6/04/2022","19:00:00","19:15:00",34,"Drinks ",34,3.7,6,"scooter ",1,"No ","Metropolitian ","Sandstorms","Medium ",0
"12/03/2022","22:30:00","22:40:00",22,"Meal ",31,4.6,16,"scooter ",1,"No ","Metropolitian ","Stormy","Low ",0
"27/03/2022","17:55:00","18:00:00",15,"Snack ",24,4.9,19,"motorcycle ",1,"No ","Urban ","Windy","Medium ",1
"25/03/2022","21:55:00","22:00:00",35,"Buffet ",33,4.7,19,"motorcycle ",1,"No ","Urban ","Fog","Jam ",0
"9/03/2022","10:55:00","11:10:00",18,"Drinks ",22,5,17,"scooter ",1,"No ","Urban ","Cloudy","Low ",0
"8/03/2022","23:15:00","23:25:00",17,"Drinks ",31,4.9,16,"electric_scooter ",2,"No ","Metropolitian ","Sandstorms","Low ",0
"3/04/2022","17:50:00","18:00:00",25,"Drinks ",24,4.6,19,"scooter ",1,"No ","Metropolitian ","Stormy","Medium ",0
"26/03/2022","20:30:00","20:40:00",27,"Snack ",27,4.6,21,"motorcycle ",1,"No ","Metropolitian ","Sandstorms","Jam ",1
"21/03/2022","23:15:00","23:30:00",17,"Drinks ",25,4.5,12,"scooter ",2,"No ","Metropolitian ","Windy","Low ",1
"31/03/2022","22:50:00","23:05:00",27,"Meal ",21,5,22,"electric_scooter ",2,"No ","Metropolitian ","Fog","Low ",1
"26/03/2022","21:35:00","21:40:00",27,"Buffet ",20,4.5,14,"scooter ",1,"No ","Metropolitian ","Cloudy","Jam ",0
"29/03/2022","21:50:00","22:00:00",18,"Buffet ",30,4.6,16,"scooter ",1,"No ","Metropolitian ","Sunny","Jam ",0
"7/03/2022","14:15:00","14:30:00",22,"Buffet ",27,4.8,12,"motorcycle ",0,"No ","Metropolitian ","Sunny","High ",0
"12/02/2022","21:25:00","21:35:00",51,"Meal ",39,4.6,5,"motorcycle ",0,"No ","Metropolitian ","Fog","Jam ",1
"28/03/2022","21:55:00","22:10:00",27,"Drinks ",27,4.7,18,"motorcycle ",1,"No ","Metropolitian ","Windy","Jam ",0
"13/02/2022","23:50:00","23:55:00",18,"Snack ",35,4.8,21,"electric_scooter ",2,"No ","Urban ","Sunny","Low ",0
"14/03/2022","21:30:00","21:40:00",45,"Drinks ",38,4,8,"scooter ",1,"No ","Metropolitian ","Cloudy","Jam ",2
"9/03/2022","9:40:00","9:50:00",23,"Buffet ",31,4.3,18,"motorcycle ",0,"No ","Metropolitian ","Sandstorms","Low ",1
"4/03/2022","20:35:00","20:40:00",44,"Meal ",37,4.2,4,"motorcycle ",1,"No ","Urban ","Stormy","Jam ",1
"10/03/2022","22:00:00","22:10:00",34,"Meal ",32,4.1,11,"motorcycle ",1,"No ","Metropolitian ","Stormy","Jam ",0
"7/03/2022","22:35:00","22:50:00",27,"Snack ",21,4.1,9,"motorcycle ",0,"No ","Metropolitian ","Sandstorms","Low ",0
"3/03/2022","8:20:00","8:35:00",21,"Buffet ",30,4.6,13,"electric_scooter ",2,"No ","Metropolitian ","Windy","Low ",1
"6/03/2022","22:30:00","22:40:00",15,"Drinks ",30,4.8,13,"scooter ",1,"No ","Metropolitian ","Windy","Low ",1
"19/03/2022","18:45:00","18:50:00",29,"Meal ",37,4.7,11,"motorcycle ",1,"No ","Metropolitian ","Stormy","Medium ",1
"28/03/2022","18:20:00","18:25:00",31,"Snack ",39,5,18,"motorcycle ",2,"No ","Urban ","Windy","Medium ",1
"10/03/2022","17:50:00","18:00:00",42,"Drinks ",30,5,16,"motorcycle ",0,"No ","Metropolitian ","Cloudy","Medium ",0
"19/03/2022","13:40:00","13:45:00",36,"Drinks ",37,4.3,3,"scooter ",1,"No ","Urban ","Fog","High ",0
"29/03/2022","23:55:00","0:05:00",21,"Buffet ",24,4.6,23,"motorcycle ",0,"No ","Metropolitian ","Sandstorms","Low ",1
"14/02/2022","20:25:00","20:30:00",32,"Buffet ",35,3.9,13,"scooter ",1,"No ","Metropolitian ","Sandstorms","Jam ",1
"2/03/2022","21:25:00","21:30:00",39,"Buffet ",35,3.7,6,"motorcycle ",1,"No ","Metropolitian ","Windy","Jam ",1
"5/04/2022","17:15:00","17:25:00",16,"Snack ",33,4.8,15,"scooter ",1,"No ","Metropolitian ","Fog","Medium ",0
"7/03/2022","11:55:00","12:05:00",26,"Drinks ",36,4.6,17,"motorcycle ",0,"No ","Metropolitian ","Fog","High ",1
"17/03/2022","23:10:00","23:25:00",14,"Drinks ",28,4.9,5,"scooter ",2,"No ","Metropolitian ","Fog","Low ",0
"3/04/2022","9:20:00","9:35:00",21,"Meal ",23,4.3,16,"motorcycle ",0,"No ","Urban ","Stormy","Low ",1
"1/04/2022","12:40:00","12:55:00",13,"Drinks ",21,4.6,6,"scooter ",1,"No ","Urban ","Windy","High ",1
"3/04/2022","18:55:00","19:00:00",22,"Drinks ",25,4.9,19,"motorcycle ",1,"No ","Metropolitian ","Stormy","Medium ",1
"1/04/2022","9:40:00","9:50:00",11,"Drinks ",25,5,23,"motorcycle ",2,"No ","Metropolitian ","Windy","Low ",0
"11/02/2022","19:15:00","19:30:00",31,"Snack ",38,4.9,9,"motorcycle ",1,"No ","Metropolitian ","Fog","Jam ",0
"7/03/2022","9:20:00","9:25:00",24,"Snack ",28,4.8,19,"motorcycle ",0,"No ","Urban ","Sandstorms","Low ",0
"12/03/2022","17:20:00","17:30:00",44,"Meal ",35,4.8,22,"motorcycle ",1,"No ","Metropolitian ","Cloudy","Medium ",1
"11/02/2022","12:30:00","12:35:00",29,"Snack ",20,4.5,2,"motorcycle ",0,"No ","Metropolitian ","Windy","High ",0
"2/03/2022","18:10:00","18:20:00",37,"Drinks ",35,4.6,12,"motorcycle ",0,"No ","Metropolitian ","Sandstorms","Medium ",0
"17/03/2022","9:10:00","9:20:00",29,"Drinks ",34,4.8,16,"scooter ",2,"No ","Metropolitian ","Sandstorms","Low ",1
"2/03/2022","21:55:00","22:00:00",25,"Buffet ",31,4.5,13,"scooter ",1,"No ","Metropolitian ","Sandstorms","Jam ",1
"21/03/2022","16:35:00","16:50:00",27,"Snack ",34,4.8,15,"motorcycle ",0,"No ","Metropolitian ","Fog","Medium ",1
"4/03/2022","23:40:00","23:50:00",26,"Snack ",24,5,17,"scooter ",2,"No ","Metropolitian ","Sunny","Low ",1
"11/03/2022","9:30:00","9:45:00",15,"Snack ",20,4.8,13,"scooter ",2,"No ","Metropolitian ","Cloudy","Low ",1
"13/03/2022","21:40:00","21:50:00",37,"Drinks ",21,4.1,5,"motorcycle ",0,"No ","Metropolitian ","Windy","Jam ",2
"13/02/2022","22:15:00","22:30:00",28,"Buffet ",29,4.1,18,"motorcycle ",0,"No ","Metropolitian ","Stormy","Low ",1
"18/03/2022","17:50:00","18:05:00",39,"Snack ",31,4,15,"motorcycle ",1,"No ","Metropolitian ","Fog","Medium ",2
"11/03/2022","12:40:00","12:50:00",10,"Buffet ",24,4.6,23,"motorcycle ",1,"No ","Metropolitian ","Sunny","High ",0
"15/02/2022","13:50:00","13:55:00",20,"Snack ",24,4.8,5,"electric_scooter ",2,"No ","Metropolitian ","Fog","High ",1
"18/02/2022","20:15:00","20:30:00",38,"Drinks ",24,4.6,6,"motorcycle ",1,"No ","Metropolitian ","Fog","Jam ",1
"6/03/2022","17:30:00","17:45:00",15,"Buffet ",23,4.9,19,"scooter ",2,"No ","Urban ","Stormy","Medium ",1
"26/03/2022","18:30:00","18:45:00",19,"Snack ",31,4.6,16,"motorcycle ",1,"No ","Urban ","Cloudy","Medium ",1
"9/03/2022","10:20:00","10:35:00",23,"Drinks ",34,4.6,23,"motorcycle ",1,"No ","Metropolitian ","Sandstorms","Low ",1
"5/03/2022","8:10:00","8:25:00",26,"Snack ",39,4.7,9,"motorcycle ",0,"No ","Metropolitian ","Sunny","Low ",1
"14/03/2022","17:20:00","17:35:00",22,"Drinks ",39,5,12,"scooter ",1,"No ","Metropolitian ","Sandstorms","Medium ",1
"13/02/2022","9:40:00","9:55:00",22,"Snack ",34,4.9,18,"motorcycle ",2,"No ","Urban ","Sandstorms","Low ",1
"14/02/2022","20:45:00","21:00:00",36,"Meal ",35,4.7,3,"scooter ",2,"No ","Metropolitian ","Stormy","Jam ",2
"6/04/2022","20:20:00","20:25:00",17,"Meal ",24,4.7,17,"motorcycle ",0,"No ","Urban ","Sunny","Jam ",1
"2/03/2022","19:35:00","19:50:00",26,"Drinks ",27,4.8,12,"scooter ",1,"No ","Metropolitian ","Windy","Jam ",1
"26/03/2022","8:30:00","8:40:00",12,"Meal ",26,4.5,18,"scooter ",2,"No ","Metropolitian ","Stormy","Low ",1
"6/03/2022","23:20:00","23:35:00",22,"Snack ",34,5,22,"scooter ",2,"No ","Metropolitian ","Sunny","Low ",0
"23/03/2022","23:30:00","23:45:00",14,"Buffet ",29,4.5,23,"scooter ",2,"No ","Metropolitian ","Windy","Low ",0
"31/03/2022","23:45:00","23:55:00",10,"Snack ",27,4.5,3,"scooter ",1,"No ","Urban ","Windy","Low ",0
"18/03/2022","21:50:00","22:05:00",47,"Drinks ",25,5,12,"motorcycle ",0,"No ","Metropolitian ","Cloudy","Jam ",0
"5/04/2022","10:15:00","10:30:00",21,"Drinks ",23,4.9,17,"motorcycle ",0,"No ","Metropolitian ","Fog","Low ",1
"13/03/2022","9:55:00","10:00:00",18,"Meal ",36,5,21,"motorcycle ",1,"No ","Urban ","Fog","Low ",0
"1/03/2022","13:00:00","13:15:00",15,"Snack ",22,4.8,13,"scooter ",1,"No ","Metropolitian ","Stormy","High ",1
"19/03/2022","21:55:00","22:10:00",39,"Drinks ",39,4.7,22,"electric_scooter ",2,"No ","Metropolitian ","Fog","Jam ",2
"1/04/2022","17:30:00","17:40:00",16,"Drinks ",34,4.7,3,"scooter ",2,"No ","Urban ","Cloudy","Medium ",0
"29/03/2022","19:15:00","19:25:00",18,"Meal ",25,4.7,17,"scooter ",1,"No ","Metropolitian ","Sunny","Jam ",0
"15/02/2022","16:35:00","16:45:00",27,"Snack ",26,4.9,17,"motorcycle ",0,"No ","Urban ","Stormy","Medium ",1
"15/03/2022","17:45:00","17:55:00",23,"Buffet ",30,4.6,18,"scooter ",2,"No ","Metropolitian ","Sunny","Medium ",1
"1/03/2022","21:15:00","21:25:00",30,"Drinks ",39,4.9,18,"electric_scooter ",2,"No ","Metropolitian ","Stormy","Jam ",1
"6/04/2022","18:35:00","18:50:00",35,"Meal ",38,3.7,4,"electric_scooter ",2,"No ","Metropolitian ","Sandstorms","Medium ",0
"7/03/2022","20:15:00","20:25:00",19,"Snack ",23,4.9,22,"scooter ",1,"No ","Metropolitian ","Sunny","Jam ",1
"12/03/2022","19:45:00","19:55:00",20,"Meal ",23,4.6,21,"motorcycle ",2,"No ","Metropolitian ","Sandstorms","Jam ",0
"14/02/2022","21:45:00","22:00:00",38,"Buffet ",22,4.6,3,"scooter ",1,"No ","Metropolitian ","Fog","Jam ",0
"19/03/2022","16:45:00","16:55:00",29,"Snack ",34,4.8,9,"motorcycle ",0,"No ","Metropolitian ","Windy","Medium ",1
"30/03/2022","22:20:00","22:35:00",28,"Buffet ",30,4.2,14,"motorcycle ",0,"No ","Metropolitian ","Sandstorms","Low ",1
"13/03/2022","22:20:00","22:25:00",33,"Snack ",31,4.3,15,"motorcycle ",0,"No ","Metropolitian ","Sandstorms","Low ",0
"8/03/2022","18:25:00","18:35:00",17,"Meal ",31,4.8,16,"scooter ",1,"No ","Urban ","Sandstorms","Medium ",1
"16/03/2022","22:10:00","22:15:00",15,"Buffet ",30,4.8,19,"electric_scooter ",2,"No ","Urban ","Stormy","Low ",0
"26/03/2022","14:40:00","14:45:00",26,"Meal ",31,4.8,12,"scooter ",1,"No ","Metropolitian ","Stormy","High ",1
"20/03/2022","22:35:00","22:45:00",18,"Drinks ",21,4.7,16,"scooter ",2,"No ","Urban ","Sandstorms","Low ",1
"12/02/2022","21:25:00","21:40:00",52,"Snack ",37,4.8,8,"motorcycle ",0,"Yes ","Metropolitian ","Fog","Jam ",1
"26/03/2022","11:15:00","11:25:00",36,"Drinks ",36,4.9,15,"scooter ",2,"No ","Urban ","Cloudy","High ",1
"15/03/2022","19:50:00","20:05:00",22,"Snack ",25,4.8,18,"motorcycle ",2,"No ","Metropolitian ","Cloudy","Jam ",1
"4/03/2022","17:50:00","18:00:00",30,"Snack ",24,4.6,15,"motorcycle ",0,"No ","Metropolitian ","Stormy","Medium ",0
"15/02/2022","17:40:00","17:55:00",28,"Buffet ",32,4.8,19,"motorcycle ",0,"No ","Urban ","Sunny","Medium ",0
"7/03/2022","10:25:00","10:40:00",13,"Drinks ",20,4.8,16,"scooter ",2,"No ","Metropolitian ","Stormy","Low ",0
"18/02/2022","19:10:00","19:20:00",42,"Meal ",31,4.7,8,"scooter ",1,"No ","Metropolitian ","Fog","Jam ",1
"5/04/2022","13:55:00","14:05:00",29,"Drinks ",29,5,15,"motorcycle ",0,"No ","Metropolitian ","Stormy","High ",1
"6/03/2022","21:00:00","21:05:00",38,"Buffet ",24,4.3,14,"motorcycle ",0,"No ","Metropolitian ","Windy","Jam ",1
"21/03/2022","22:55:00","23:05:00",20,"Drinks ",39,4.3,21,"motorcycle ",0,"No ","Metropolitian ","Stormy","Low ",1
"8/03/2022","22:45:00","22:50:00",24,"Meal ",31,4.9,21,"motorcycle ",0,"No ","Metropolitian ","Windy","Low ",1
"1/03/2022","15:40:00","15:45:00",12,"Buffet ",29,4.9,13,"scooter ",2,"No ","Metropolitian ","Sunny","Medium ",0
"15/02/2022","20:45:00","20:55:00",28,"Snack ",28,4.7,7,"motorcycle ",0,"No ","Metropolitian ","Fog","Jam ",1
"15/02/2022","22:00:00","22:10:00",28,"Buffet ",23,4.9,16,"scooter ",1,"No ","Urban ","Sandstorms","Jam ",0
"30/03/2022","17:10:00","17:15:00",28,"Drinks ",30,4.6,6,"scooter ",2,"No ","Urban ","Sandstorms","Medium ",0
"13/02/2022","17:15:00","17:25:00",32,"Drinks ",35,4.1,17,"electric_scooter ",2,"No ","Metropolitian ","Sandstorms","Medium ",1
"16/02/2022","19:55:00","20:00:00",39,"Drinks ",35,4.6,19,"scooter ",2,"No ","Urban ","Cloudy","Jam ",1
"20/03/2022","18:40:00","18:50:00",27,"Meal ",23,5,16,"motorcycle ",1,"No ","Metropolitian ","Sandstorms","Medium ",0
"17/02/2022","16:20:00","16:35:00",15,"Meal ",33,4.9,15,"scooter ",2,"No ","Urban ","Cloudy","Medium ",0
"3/04/2022","16:15:00","16:25:00",22,"Drinks ",30,4.7,9,"scooter ",1,"No ","Metropolitian ","Sunny","Medium ",0
"25/03/2022","17:25:00","17:30:00",39,"Drinks ",27,5,1,"scooter ",2,"No ","Metropolitian ","Cloudy","Medium ",1
"14/03/2022","19:10:00","19:25:00",27,"Buffet ",38,4.9,12,"motorcycle ",1,"No ","Metropolitian ","Sandstorms","Jam ",1
"17/02/2022","21:35:00","21:50:00",36,"Drinks ",39,4.8,9,"scooter ",1,"No ","Metropolitian ","Fog","Jam ",1
"2/04/2022","22:15:00","22:20:00",20,"Buffet ",21,4.9,17,"motorcycle ",0,"No ","Urban ","Cloudy","Low ",1
"26/03/2022","23:45:00","23:55:00",19,"Buffet ",29,4.8,22,"motorcycle ",2,"No ","Metropolitian ","Cloudy","Low ",1
"27/03/2022","23:50:00","0:00:00",34,"Buffet ",33,3.5,7,"scooter ",1,"No ","Metropolitian ","Cloudy","Low ",1
"26/03/2022","19:00:00","19:15:00",15,"Buffet ",25,4.9,14,"motorcycle ",1,"No ","Metropolitian ","Cloudy","Medium ",0
"5/04/2022","10:15:00","10:20:00",11,"Buffet ",36,4.7,21,"scooter ",1,"No ","Metropolitian ","Sunny","Low ",0
"6/03/2022","20:30:00","20:40:00",27,"Buffet ",29,4.9,23,"motorcycle ",1,"No ","Metropolitian ","Windy","Jam ",0
"5/03/2022","14:20:00","14:30:00",31,"Meal ",36,4.4,9,"scooter ",2,"No ","Metropolitian ","Sunny","High ",1
"25/03/2022","17:10:00","17:25:00",36,"Meal ",32,4.7,5,"motorcycle ",0,"No ","Metropolitian ","Cloudy","Medium ",2
"2/04/2022","17:25:00","17:40:00",29,"Meal ",37,5,18,"scooter ",2,"No ","Urban ","Sandstorms","Medium ",1
"12/02/2022","21:00:00","21:10:00",32,"Snack ",27,4.2,8,"motorcycle ",1,"No ","Metropolitian ","Stormy","Jam ",1
"2/03/2022","21:25:00","21:35:00",34,"Drinks ",38,3.6,7,"scooter ",1,"No ","Metropolitian ","Stormy","Jam ",1
"31/03/2022","17:15:00","17:25:00",16,"Meal ",22,4.8,12,"motorcycle ",2,"No ","Metropolitian ","Sunny","Medium ",0
"1/04/2022","14:50:00","15:05:00",26,"Drinks ",23,4.7,22,"motorcycle ",1,"No ","Metropolitian ","Cloudy","High ",1
"8/03/2022","21:20:00","21:30:00",45,"Snack ",35,4.1,1,"motorcycle ",0,"No ","Metropolitian ","Windy","Jam ",0
"3/04/2022","8:30:00","8:45:00",10,"Buffet ",23,4.9,15,"scooter ",1,"No ","Urban ","Sandstorms","Low ",1
"5/03/2022","10:20:00","10:25:00",23,"Snack ",26,4.8,22,"motorcycle ",0,"No ","Metropolitian ","Stormy","Low ",1
"7/03/2022","10:55:00","11:05:00",23,"Meal ",32,4.8,21,"motorcycle ",0,"No ","Urban ","Sunny","Low ",1
"25/03/2022","22:20:00","22:25:00",14,"Meal ",24,4.7,12,"scooter ",2,"No ","Metropolitian ","Stormy","Low ",0
"18/02/2022","21:35:00","21:45:00",32,"Snack ",22,4.9,4,"scooter ",1,"No ","Metropolitian ","Fog","Jam ",1
"16/03/2022","21:15:00","21:25:00",34,"Meal ",34,3.7,1,"scooter ",1,"No ","Urban ","Stormy","Jam ",0
"16/02/2022","18:10:00","18:20:00",15,"Meal ",23,4.7,19,"motorcycle ",2,"No ","Urban ","Sunny","Medium ",0
"21/03/2022","11:20:00","11:25:00",37,"Buffet ",35,4.4,5,"electric_scooter ",2,"No ","Metropolitian ","Cloudy","High ",1
"2/04/2022","18:00:00","18:05:00",33,"Meal ",32,3.5,1,"scooter ",2,"No ","Urban ","Sandstorms","Medium ",1
"17/03/2022","23:15:00","23:20:00",27,"Drinks ",39,4.9,12,"motorcycle ",2,"No ","Metropolitian ","Sandstorms","Low ",1
"17/03/2022","21:10:00","21:15:00",26,"Buffet ",32,4.5,19,"motorcycle ",1,"No ","Metropolitian ","Windy","Jam ",1
"6/04/2022","20:00:00","20:15:00",35,"Buffet ",35,4.9,17,"scooter ",1,"No ","Metropolitian ","Cloudy","Jam ",1
"6/03/2022","20:20:00","20:30:00",42,"Buffet ",35,3.7,9,"motorcycle ",1,"No ","Metropolitian ","Windy","Jam ",1
"7/03/2022","21:00:00","21:10:00",14,"Meal ",21,4.9,14,"electric_scooter ",2,"No ","Metropolitian ","Windy","Jam ",1
"29/03/2022","19:35:00","19:40:00",47,"Meal ",31,4.7,5,"scooter ",2,"No ","Metropolitian ","Cloudy","Jam ",2
"21/03/2022","20:50:00","21:00:00",43,"Meal ",23,4.1,3,"motorcycle ",0,"No ","Metropolitian ","Sunny","Jam ",0
"15/03/2022","8:10:00","8:15:00",13,"Drinks ",26,4.8,15,"scooter ",1,"No ","Urban ","Fog","Low ",0
"1/03/2022","20:55:00","21:00:00",19,"Snack ",26,4.7,9,"electric_scooter ",2,"No ","Metropolitian ","Stormy","Jam ",0
"3/03/2022","12:30:00","12:35:00",15,"Buffet ",21,4.8,21,"scooter ",1,"No ","Urban ","Sunny","High ",0
"1/03/2022","18:10:00","18:15:00",24,"Snack ",26,5,21,"motorcycle ",0,"No ","Metropolitian ","Fog","Medium ",0
"31/03/2022","19:50:00","20:00:00",36,"Drinks ",30,5,3,"motorcycle ",0,"No ","Metropolitian ","Sandstorms","Jam ",2
"16/02/2022","17:40:00","17:45:00",33,"Buffet ",27,4.1,18,"motorcycle ",0,"No ","Metropolitian ","Stormy","Medium ",1
"14/03/2022","21:20:00","21:30:00",44,"Drinks ",35,4.9,15,"scooter ",2,"Yes ","Metropolitian ","Cloudy","Jam ",1
"26/03/2022","22:30:00","22:45:00",22,"Buffet ",38,4.5,23,"motorcycle ",0,"No ","Metropolitian ","Stormy","Low ",1
"20/03/2022","19:35:00","19:50:00",39,"Snack ",24,4.1,11,"scooter ",1,"No ","Metropolitian ","Cloudy","Jam ",1
"10/03/2022","19:30:00","19:45:00",30,"Meal ",29,4.6,12,"scooter ",1,"No ","Metropolitian ","Fog","Jam ",1
"2/03/2022","17:45:00","18:00:00",31,"Buffet ",39,4.4,22,"motorcycle ",0,"No ","Metropolitian ","Windy","Medium ",0
"13/02/2022","9:25:00","9:30:00",25,"Drinks ",32,4.8,7,"motorcycle ",0,"No ","Metropolitian ","Fog","Low ",1
"26/03/2022","22:10:00","22:15:00",24,"Meal ",34,5,16,"scooter ",1,"No ","Urban ","Stormy","Low ",1
"25/03/2022","20:35:00","20:45:00",34,"Meal ",25,4.9,6,"motorcycle ",0,"No ","Metropolitian ","Stormy","Jam ",1
"29/03/2022","21:55:00","22:00:00",45,"Buffet ",34,4.7,23,"scooter ",2,"Yes ","Urban ","Fog","Jam ",2
"10/03/2022","22:55:00","23:05:00",29,"Meal ",26,5,21,"scooter ",1,"No ","Metropolitian ","Cloudy","Low ",0
"1/04/2022","17:35:00","17:50:00",23,"Snack ",26,4.6,21,"motorcycle ",1,"No ","Metropolitian ","Sandstorms","Medium ",1
"19/03/2022","9:20:00","9:30:00",17,"Meal ",27,4.4,13,"motorcycle ",0,"No ","Metropolitian ","Windy","Low ",1
"20/03/2022","19:55:00","20:10:00",23,"Drinks ",31,4.5,2,"scooter ",2,"No ","Urban ","Sunny","Jam ",0
"12/02/2022","23:25:00","23:30:00",20,"Drinks ",34,4.5,4,"motorcycle ",2,"No ","Urban ","Windy","Low ",1
"18/03/2022","20:55:00","21:00:00",30,"Snack ",29,4.5,2,"scooter ",2,"No ","Urban ","Cloudy","Jam ",1
"17/03/2022","12:15:00","12:25:00",33,"Meal ",29,4,18,"motorcycle ",0,"No ","Metropolitian ","Stormy","High ",1
"14/02/2022","23:55:00","0:00:00",23,"Drinks ",31,4.5,5,"motorcycle ",0,"No ","Metropolitian ","Sunny","Low ",1
"19/03/2022","11:25:00","11:35:00",36,"Buffet ",31,5,18,"scooter ",2,"No ","Metropolitian ","Fog","High ",2
"14/03/2022","19:45:00","19:50:00",28,"Meal ",30,4.6,17,"scooter ",2,"No ","Urban ","Stormy","Jam ",1
"18/02/2022","22:40:00","22:55:00",24,"Snack ",20,4.7,9,"motorcycle ",0,"No ","Metropolitian ","Fog","Low ",1
"1/03/2022","10:00:00","10:10:00",24,"Snack ",20,4.6,13,"motorcycle ",0,"No ","Metropolitian ","Fog","Low ",1
"25/03/2022","23:00:00","23:10:00",32,"Snack ",37,4.2,2,"scooter ",2,"No ","Urban ","Cloudy","Low ",1
"13/02/2022","12:30:00","12:35:00",26,"Snack ",33,4.7,8,"scooter ",2,"No ","Metropolitian ","Fog","High ",1
"13/02/2022","17:50:00","18:05:00",18,"Drinks ",28,4.8,7,"motorcycle ",0,"No ","Metropolitian ","Windy","Medium ",0
"13/03/2022","15:15:00","15:25:00",17,"Drinks ",25,5,21,"scooter ",1,"No ","Urban ","Cloudy","Medium ",0
"17/02/2022","23:45:00","23:55:00",13,"Meal ",29,5,5,"scooter ",1,"No ","Metropolitian ","Stormy","Low ",1
"30/03/2022","23:55:00","0:05:00",16,"Meal ",22,4.5,9,"motorcycle ",0,"No ","Metropolitian ","Fog","Low ",0
"18/02/2022","23:00:00","23:15:00",29,"Drinks ",26,4.9,9,"scooter ",2,"No ","Metropolitian ","Sandstorms","Low ",1
"19/03/2022","17:20:00","17:25:00",26,"Drinks ",23,5,11,"motorcycle ",1,"No ","Metropolitian ","Windy","Medium ",1
"18/02/2022","18:25:00","18:35:00",18,"Buffet ",29,4.9,22,"scooter ",1,"No ","Urban ","Stormy","Medium ",0
"13/02/2022","19:30:00","19:45:00",29,"Meal ",21,5,3,"scooter ",1,"No ","Metropolitian ","Stormy","Jam ",1
"13/02/2022","8:30:00","8:35:00",31,"Snack ",35,4.2,6,"motorcycle ",0,"No ","Metropolitian ","Windy","Low ",1
"2/04/2022","22:15:00","22:30:00",13,"Buffet ",24,4.5,17,"electric_scooter ",2,"No ","Urban ","Sandstorms","Low ",0
"1/03/2022","8:15:00","8:25:00",24,"Meal ",20,4.5,2,"motorcycle ",0,"No ","Urban ","Cloudy","Low ",0
"19/03/2022","21:25:00","21:35:00",29,"Drinks ",27,4.7,3,"motorcycle ",0,"No ","Metropolitian ","Fog","Jam ",1
"13/02/2022","21:35:00","21:45:00",17,"Drinks ",22,4.6,19,"electric_scooter ",2,"No ","Urban ","Sunny","Jam ",1
"25/03/2022","21:30:00","21:35:00",42,"Drinks ",33,4.4,5,"scooter ",2,"No ","Metropolitian ","Cloudy","Jam ",2
"12/02/2022","20:35:00","20:40:00",43,"Drinks ",21,4.8,3,"motorcycle ",0,"No ","Metropolitian ","Stormy","Jam ",3
"1/04/2022","19:35:00","19:40:00",25,"Meal ",32,4.9,23,"motorcycle ",0,"No ","Metropolitian ","Cloudy","Jam ",1
"16/03/2022","23:15:00","23:25:00",11,"Meal ",28,4.6,15,"scooter ",1,"No ","Urban ","Windy","Low ",1
"5/04/2022","10:50:00","11:00:00",20,"Meal ",20,4.9,23,"motorcycle ",1,"No ","Metropolitian ","Sunny","Low ",0
"19/03/2022","17:10:00","17:15:00",26,"Drinks ",38,4.6,16,"motorcycle ",0,"No ","Urban ","Cloudy","Medium ",0
"26/03/2022","9:20:00","9:35:00",14,"Buffet ",23,4.8,9,"motorcycle ",0,"No ","Metropolitian ","Sunny","Low ",0
"2/03/2022","18:40:00","18:55:00",30,"Meal ",36,5,16,"scooter ",2,"No ","Metropolitian ","Fog","Medium ",1
"14/03/2022","23:35:00","23:50:00",26,"Snack ",36,4.7,19,"scooter ",2,"No ","Urban ","Stormy","Low ",0
"28/03/2022","11:55:00","12:10:00",20,"Drinks ",37,4.8,14,"motorcycle ",2,"No ","Metropolitian ","Sunny","High ",1
"17/03/2022","19:55:00","20:00:00",21,"Snack ",24,4.9,5,"motorcycle ",0,"No ","Metropolitian ","Sandstorms","Jam ",0
"3/04/2022","10:40:00","10:50:00",29,"Meal ",39,4.6,16,"scooter ",2,"No ","Urban ","Stormy","Low ",1
"28/03/2022","21:55:00","22:00:00",37,"Buffet ",33,4.8,13,"motorcycle ",2,"No ","Metropolitian ","Cloudy","Jam ",0
"10/03/2022","21:15:00","21:25:00",36,"Snack ",29,4.7,15,"motorcycle ",0,"No ","Metropolitian ","Sandstorms","Jam ",1
"11/03/2022","20:40:00","20:50:00",30,"Buffet ",25,4.8,17,"motorcycle ",1,"No ","Metropolitian ","Cloudy","Jam ",1
"3/03/2022","18:15:00","18:25:00",15,"Snack ",23,4.5,17,"motorcycle ",1,"No ","Metropolitian ","Fog","Medium ",1
"28/03/2022","21:25:00","21:30:00",28,"Drinks ",33,5,17,"electric_scooter ",2,"No ","Metropolitian ","Stormy","Jam ",0
"11/03/2022","18:15:00","18:20:00",32,"Snack ",30,4.8,23,"scooter ",2,"No ","Metropolitian ","Sandstorms","Medium ",0
"1/04/2022","11:25:00","11:30:00",32,"Snack ",32,5,14,"motorcycle ",0,"No ","Metropolitian ","Sandstorms","High ",2
"16/02/2022","21:55:00","22:00:00",26,"Snack ",28,4.7,2,"motorcycle ",0,"No ","Metropolitian ","Sandstorms","Jam ",0
"30/03/2022","21:10:00","21:20:00",29,"Snack ",30,5,1,"motorcycle ",1,"No ","Metropolitian ","Stormy","Jam ",0
"6/04/2022","21:10:00","21:15:00",25,"Drinks ",36,4.6,23,"motorcycle ",0,"No ","Metropolitian ","Sunny","Jam ",1
"4/03/2022","22:10:00","22:25:00",24,"Snack ",30,4.7,21,"scooter ",1,"No ","Urban ","Stormy","Low ",1
"2/04/2022","17:10:00","17:15:00",40,"Snack ",27,4.8,8,"motorcycle ",0,"No ","Metropolitian ","Fog","Medium ",1
"9/03/2022","21:45:00","22:00:00",14,"Drinks ",22,4.6,22,"scooter ",2,"No ","Metropolitian ","Windy","Jam ",0
"6/03/2022","21:10:00","21:15:00",47,"Meal ",32,5,15,"motorcycle ",0,"No ","Metropolitian ","Sunny","Jam ",0
"5/03/2022","14:20:00","14:30:00",31,"Meal ",36,4.4,9,"scooter ",2,"No ","Metropolitian ","Sunny","High ",1
"15/03/2022","9:50:00","10:05:00",18,"Buffet ",21,4.9,22,"scooter ",1,"No ","Metropolitian ","Cloudy","Low ",0
"12/03/2022","23:20:00","23:30:00",27,"Buffet ",36,4.6,17,"motorcycle ",1,"No ","Metropolitian ","Stormy","Low ",1
"1/03/2022","19:20:00","19:25:00",28,"Buffet ",32,4.6,18,"motorcycle ",0,"No ","Metropolitian ","Sunny","Jam ",1
"1/03/2022","17:25:00","17:30:00",29,"Meal ",30,4.9,19,"motorcycle ",0,"No ","Urban ","Cloudy","Medium ",1
"30/03/2022","18:45:00","18:55:00",25,"Snack ",30,4.9,22,"scooter ",1,"No ","Metropolitian ","Windy","Medium ",1
"7/03/2022","23:15:00","23:30:00",16,"Buffet ",24,4.7,19,"scooter ",1,"No ","Metropolitian ","Sunny","Low ",0
"3/04/2022","8:50:00","8:55:00",24,"Buffet ",36,4.9,22,"motorcycle ",1,"No ","Metropolitian ","Sandstorms","Low ",1
"27/03/2022","22:15:00","22:20:00",20,"Drinks ",37,4.7,22,"motorcycle ",1,"No ","Urban ","Windy","Low ",1
"25/03/2022","17:20:00","17:30:00",23,"Drinks ",30,4.7,22,"scooter ",2,"No ","Metropolitian ","Sandstorms","Medium ",1
"1/04/2022","17:50:00","18:05:00",26,"Snack ",23,4.6,22,"motorcycle ",2,"No ","Metropolitian ","Windy","Medium ",1
"21/03/2022","11:25:00","11:30:00",16,"Meal ",29,4.8,9,"motorcycle ",0,"No ","Metropolitian ","Stormy","High ",0
"17/03/2022","17:45:00","17:55:00",25,"Meal ",30,4.6,21,"motorcycle ",0,"No ","Metropolitian ","Sunny","Medium ",1
"28/03/2022","20:55:00","21:00:00",33,"Snack ",38,4.9,5,"motorcycle ",0,"No ","Metropolitian ","Stormy","Jam ",1
"5/03/2022","21:25:00","21:30:00",20,"Snack ",38,4.9,14,"electric_scooter ",2,"No ","Metropolitian ","Sunny","Jam ",1
"17/03/2022","17:50:00","18:05:00",22,"Snack ",27,4.8,13,"motorcycle ",0,"No ","Metropolitian ","Cloudy","Medium ",1
"20/03/2022","21:45:00","22:00:00",35,"Buffet ",39,4.6,3,"scooter ",2,"No ","Metropolitian ","Cloudy","Jam ",2
"8/03/2022","17:10:00","17:20:00",22,"Buffet ",39,4.5,14,"scooter ",1,"No ","Metropolitian ","Sunny","Medium ",1
"29/03/2022","21:20:00","21:25:00",23,"Meal ",25,4.5,23,"motorcycle ",2,"No ","Metropolitian ","Stormy","Jam ",1
"12/03/2022","22:35:00","22:45:00",27,"Drinks ",37,4.9,14,"scooter ",1,"No ","Metropolitian ","Fog","Low ",1
"12/03/2022","22:25:00","22:35:00",28,"Meal ",37,5,14,"motorcycle ",0,"No ","Metropolitian ","Stormy","Low ",1
"9/03/2022","15:20:00","15:25:00",18,"Snack ",21,4.9,16,"motorcycle ",1,"No ","Urban ","Stormy","Medium ",1
"11/03/2022","20:25:00","20:30:00",21,"Snack ",25,4.5,12,"scooter ",1,"No ","Metropolitian ","Stormy","Jam ",0
"1/03/2022","15:35:00","15:45:00",22,"Buffet ",29,4.9,18,"motorcycle ",2,"No ","Urban ","Sandstorms","Medium ",0
"4/03/2022","21:35:00","21:40:00",44,"Drinks ",30,4.9,23,"motorcycle ",0,"No ","Metropolitian ","Windy","Jam ",2
"13/02/2022","16:50:00","17:05:00",18,"Meal ",28,4.6,19,"motorcycle ",1,"No ","Urban ","Cloudy","Medium ",1
"11/03/2022","9:20:00","9:35:00",15,"Snack ",33,5,18,"electric_scooter ",2,"No ","Urban ","Cloudy","Low ",0
"6/03/2022","19:25:00","19:35:00",38,"Meal ",39,4.8,15,"motorcycle ",0,"No ","Metropolitian ","Stormy","Jam ",1
"12/02/2022","20:40:00","20:55:00",37,"Meal ",23,4.3,5,"scooter ",1,"No ","Metropolitian ","Stormy","Jam ",1
"6/04/2022","0:00:00","0:10:00",44,"Drinks ",24,3.2,2,"scooter ",2,"Yes ","Metropolitian ","Sunny","Low ",0
"19/03/2022","18:25:00","18:40:00",20,"Snack ",27,4.6,15,"scooter ",2,"No ","Urban ","Stormy","Medium ",1
"7/03/2022","8:35:00","8:45:00",12,"Buffet ",23,4.9,19,"motorcycle ",0,"No ","Metropolitian ","Sunny","Low ",0
"20/03/2022","23:25:00","23:30:00",24,"Buffet ",22,5,13,"motorcycle ",0,"No ","Metropolitian ","Sandstorms","Low ",0
"7/03/2022","20:45:00","20:55:00",36,"Meal ",34,4.4,16,"motorcycle ",1,"No ","Metropolitian ","Fog","Jam ",0
"1/04/2022","21:45:00","22:00:00",25,"Buffet ",35,4.9,9,"motorcycle ",1,"No ","Metropolitian ","Windy","Jam ",1
"7/03/2022","11:30:00","11:35:00",39,"Drinks ",30,4.1,2,"motorcycle ",0,"No ","Metropolitian ","Stormy","High ",1
"5/03/2022","14:25:00","14:35:00",37,"Buffet ",24,4.3,22,"motorcycle ",0,"No ","Metropolitian ","Stormy","High ",0
"3/03/2022","10:20:00","10:30:00",19,"Buffet ",39,4.7,18,"scooter ",2,"No ","Urban ","Sunny","Low ",0
"3/04/2022","16:40:00","16:50:00",16,"Drinks ",27,4.8,21,"scooter ",1,"No ","Metropolitian ","Fog","Medium ",0
"11/03/2022","11:35:00","11:50:00",22,"Snack ",23,4.9,17,"scooter ",2,"No ","Metropolitian ","Stormy","High ",0
"16/02/2022","19:35:00","19:50:00",39,"Buffet ",31,4.5,5,"motorcycle ",1,"No ","Metropolitian ","Windy","Jam ",2
"1/04/2022","10:50:00","11:05:00",18,"Snack ",32,4.6,23,"electric_scooter ",2,"No ","Metropolitian ","Fog","Low ",1
"11/02/2022","11:25:00","11:40:00",43,"Drinks ",35,4.3,7,"motorcycle ",0,"No ","Metropolitian ","Sandstorms","High ",1
"23/03/2022","17:20:00","17:30:00",35,"Meal ",35,4.7,19,"motorcycle ",0,"No ","Urban ","Sunny","Medium ",1
"16/03/2022","23:50:00","0:05:00",17,"Drinks ",27,4.8,18,"motorcycle ",0,"No ","Urban ","Stormy","Low ",1
"26/03/2022","12:00:00","12:15:00",20,"Meal ",20,4.7,17,"motorcycle ",0,"No ","Metropolitian ","Cloudy","High ",1
"21/03/2022","0:00:00","0:15:00",16,"Buffet ",35,4.8,22,"scooter ",1,"No ","Urban ","Sunny","Low ",1
"13/03/2022","22:40:00","22:50:00",29,"Drinks ",34,4.5,19,"motorcycle ",1,"No ","Metropolitian ","Sandstorms","Low ",1
"11/03/2022","16:35:00","16:40:00",33,"Meal ",37,4.4,16,"motorcycle ",2,"No ","Metropolitian ","Stormy","Medium ",1
"14/02/2022","23:00:00","23:05:00",36,"Meal ",35,4.1,16,"motorcycle ",2,"No ","Metropolitian ","Stormy","Low ",1
"20/03/2022","23:20:00","23:35:00",36,"Snack ",35,4.9,1,"motorcycle ",0,"No ","Metropolitian ","Cloudy","Low ",1
"14/02/2022","22:45:00","23:00:00",27,"Snack ",39,4.6,4,"motorcycle ",1,"No ","Metropolitian ","Sunny","Low ",1
"7/03/2022","23:55:00","0:00:00",21,"Drinks ",30,5,18,"scooter ",1,"No ","Metropolitian ","Stormy","Low ",1
"31/03/2022","22:50:00","23:00:00",23,"Meal ",36,4.7,22,"motorcycle ",1,"No ","Metropolitian ","Sunny","Low ",1
"12/03/2022","21:50:00","22:00:00",16,"Meal ",24,4.7,18,"motorcycle ",2,"No ","Urban ","Sunny","Jam ",1
"29/03/2022","22:30:00","22:40:00",29,"Snack ",30,4.6,2,"motorcycle ",0,"No ","Urban ","Stormy","Low ",0
"11/03/2022","12:50:00","13:00:00",31,"Snack ",39,4.3,22,"motorcycle ",1,"No ","Metropolitian ","Windy","High ",1
"20/03/2022","22:40:00","22:50:00",26,"Drinks ",22,5,18,"motorcycle ",1,"No ","Metropolitian ","Cloudy","Low ",1
"2/03/2022","17:30:00","17:40:00",26,"Drinks ",22,4.9,14,"scooter ",2,"No ","Metropolitian ","Windy","Medium ",1
"31/03/2022","20:00:00","20:10:00",35,"Snack ",23,4.6,9,"motorcycle ",1,"No ","Metropolitian ","Fog","Jam ",1
"9/03/2022","19:40:00","19:45:00",31,"Drinks ",36,4.3,16,"motorcycle ",1,"No ","Metropolitian ","Cloudy","Jam ",1
"15/02/2022","10:40:00","10:55:00",29,"Buffet ",29,4.2,9,"motorcycle ",0,"No ","Metropolitian ","Windy","Low ",0
"15/03/2022","20:20:00","20:35:00",31,"Drinks ",39,4.1,1,"motorcycle ",0,"No ","Urban ","Cloudy","Jam ",1
"3/03/2022","10:55:00","11:05:00",16,"Drinks ",21,4.7,14,"motorcycle ",2,"No ","Metropolitian ","Sandstorms","Low ",1
"23/03/2022","20:40:00","20:45:00",16,"Meal ",20,4.6,16,"scooter ",1,"No ","Urban ","Stormy","Jam ",1
"16/03/2022","20:00:00","20:10:00",30,"Drinks ",37,4.5,1,"scooter ",2,"No ","Urban ","Sunny","Jam ",1
"18/03/2022","17:30:00","17:45:00",37,"Drinks ",27,4.3,19,"scooter ",2,"No ","Metropolitian ","Cloudy","Medium ",1
"17/02/2022","16:40:00","16:55:00",21,"Drinks ",25,4.5,8,"scooter ",1,"No ","Metropolitian ","Stormy","Medium ",1
"17/03/2022","21:20:00","21:30:00",25,"Meal ",32,4.6,4,"scooter ",2,"No ","Metropolitian ","Fog","Jam ",0
"6/04/2022","19:30:00","19:45:00",26,"Buffet ",21,4.7,17,"motorcycle ",1,"No ","Metropolitian ","Windy","Jam ",1
"18/02/2022","20:35:00","20:40:00",15,"Drinks ",26,4.9,2,"scooter ",1,"No ","Metropolitian ","Stormy","Jam ",0
"1/04/2022","11:45:00","11:50:00",31,"Drinks ",24,4.9,3,"electric_scooter ",2,"No ","Metropolitian ","Fog","High ",1
"21/03/2022","18:15:00","18:30:00",26,"Snack ",30,4.9,14,"scooter ",1,"No ","Metropolitian ","Sandstorms","Medium ",1
"16/03/2022","20:10:00","20:25:00",48,"Drinks ",29,4.7,17,"motorcycle ",0,"No ","Metropolitian ","Cloudy","Jam ",0
"3/04/2022","22:00:00","22:10:00",28,"Drinks ",34,4.7,21,"scooter ",1,"No ","Urban ","Stormy","Jam ",1
"24/03/2022","13:00:00","13:15:00",26,"Buffet ",26,4.9,18,"scooter ",2,"No ","Metropolitian ","Windy","High ",1
"4/04/2022","19:00:00","19:05:00",20,"Buffet ",29,4.6,16,"motorcycle ",1,"No ","Metropolitian ","Sandstorms","Medium ",0
"12/03/2022","23:20:00","23:25:00",21,"Drinks ",38,4.6,19,"motorcycle ",0,"No ","Metropolitian ","Stormy","Low ",1
"13/02/2022","11:55:00","12:10:00",37,"Snack ",38,4.1,1,"motorcycle ",0,"No ","Urban ","Sandstorms","High ",1
"18/03/2022","21:45:00","21:55:00",48,"Meal ",31,4,17,"electric_scooter ",2,"No ","Metropolitian ","Cloudy","Jam ",1
"1/04/2022","8:40:00","8:45:00",23,"Drinks ",38,5,19,"motorcycle ",2,"No ","Metropolitian ","Stormy","Low ",0
"2/03/2022","18:20:00","18:35:00",34,"Meal ",23,4.6,14,"motorcycle ",0,"No ","Metropolitian ","Fog","Medium ",1
"8/03/2022","23:15:00","23:30:00",36,"Meal ",29,3.3,3,"electric_scooter ",2,"No ","Metropolitian ","Sunny","Low ",2
"18/02/2022","23:35:00","23:45:00",26,"Drinks ",30,4.5,3,"motorcycle ",1,"No ","Urban ","Windy","Low ",1
"17/03/2022","22:30:00","22:40:00",19,"Buffet ",27,5,17,"electric_scooter ",2,"No ","Metropolitian ","Sandstorms","Low ",1
"23/03/2022","18:45:00","19:00:00",25,"Drinks ",33,5,14,"motorcycle ",1,"No ","Metropolitian ","Sunny","Medium ",1
"23/03/2022","20:30:00","20:40:00",35,"Snack ",31,4.3,4,"motorcycle ",1,"No ","Urban ","Cloudy","Jam ",0
"18/03/2022","21:20:00","21:35:00",42,"Meal ",38,5,9,"scooter ",1,"No ","Metropolitian ","Cloudy","Jam ",2
"7/03/2022","23:15:00","23:30:00",18,"Drinks ",39,4.7,21,"scooter ",1,"No ","Urban ","Stormy","Low ",0
"9/03/2022","11:40:00","11:50:00",26,"Snack ",20,4.6,16,"motorcycle ",0,"No ","Urban ","Windy","High ",1
"16/03/2022","23:20:00","23:35:00",35,"Meal ",37,4.9,19,"motorcycle ",0,"No ","Metropolitian ","Cloudy","Low ",1
"3/04/2022","12:00:00","12:15:00",33,"Snack ",20,4.6,2,"electric_scooter ",2,"No ","Metropolitian ","Fog","High ",1
"3/03/2022","8:45:00","8:50:00",15,"Buffet ",23,5,13,"motorcycle ",0,"No ","Metropolitian ","Fog","Low ",0
"3/03/2022","11:55:00","12:05:00",26,"Buffet ",31,4.8,15,"electric_scooter ",2,"No ","Urban ","Cloudy","High ",1
"13/03/2022","19:30:00","19:45:00",29,"Drinks ",30,4.9,19,"scooter ",2,"No ","Metropolitian ","Fog","Jam ",1
"17/02/2022","8:10:00","8:20:00",17,"Snack ",23,4.6,5,"motorcycle ",0,"No ","Metropolitian ","Fog","Low ",0
"17/02/2022","8:20:00","8:30:00",26,"Snack ",34,4.7,8,"scooter ",2,"No ","Metropolitian ","Windy","Low ",1
"15/02/2022","21:20:00","21:25:00",33,"Drinks ",33,4.7,4,"motorcycle ",0,"No ","Metropolitian ","Windy","Jam ",0
"6/04/2022","18:40:00","18:55:00",38,"Buffet ",34,4,4,"scooter ",1,"No ","Metropolitian ","Fog","Medium ",1
"17/02/2022","11:00:00","11:05:00",17,"Drinks ",24,4.7,23,"motorcycle ",2,"No ","Urban ","Sunny","Low ",0
"16/03/2022","20:30:00","20:40:00",37,"Drinks ",35,4,4,"motorcycle ",0,"No ","Urban ","Sunny","Jam ",1
"14/02/2022","0:00:00","0:15:00",38,"Meal ",36,4.9,5,"motorcycle ",0,"No ","Metropolitian ","Fog","Low ",1
"25/03/2022","17:35:00","17:45:00",12,"Drinks ",21,4.8,16,"scooter ",1,"No ","Urban ","Sunny","Medium ",1
"5/03/2022","17:55:00","18:05:00",19,"Snack ",34,4.5,23,"scooter ",1,"No ","Metropolitian ","Fog","Medium ",0
"6/03/2022","17:15:00","17:30:00",39,"Buffet ",36,4.3,3,"motorcycle ",0,"No ","Urban ","Stormy","Medium ",1
"5/03/2022","20:10:00","20:20:00",30,"Drinks ",26,4.6,17,"motorcycle ",1,"No ","Urban ","Stormy","Jam ",1
"17/03/2022","12:50:00","13:05:00",28,"Meal ",29,4.9,1,"scooter ",1,"No ","Metropolitian ","Cloudy","High ",1
"29/03/2022","23:55:00","0:00:00",37,"Buffet ",30,4.4,1,"scooter ",1,"No ","Metropolitian ","Fog","Low ",0
"18/02/2022","22:55:00","23:05:00",23,"Meal ",35,4.9,9,"scooter ",2,"No ","Metropolitian ","Sunny","Low ",0
"27/03/2022","18:30:00","18:40:00",28,"Buffet ",35,4.8,18,"motorcycle ",1,"No ","Metropolitian ","Sandstorms","Medium ",0
"18/03/2022","17:35:00","17:40:00",29,"Buffet ",23,4.7,18,"motorcycle ",0,"No ","Urban ","Stormy","Medium ",1
"31/03/2022","17:55:00","18:05:00",36,"Drinks ",36,3.8,9,"motorcycle ",1,"No ","Metropolitian ","Sandstorms","Medium ",2
"14/02/2022","21:25:00","21:40:00",44,"Snack ",21,4.7,8,"motorcycle ",0,"Yes ","Metropolitian ","Fog","Jam ",2
"7/03/2022","15:40:00","15:50:00",23,"Buffet ",29,4.8,23,"motorcycle ",2,"No ","Metropolitian ","Windy","Medium ",0
"11/02/2022","18:00:00","18:15:00",15,"Buffet ",31,4.6,9,"electric_scooter ",2,"No ","Metropolitian ","Sunny","Medium ",1
"5/04/2022","19:55:00","20:00:00",20,"Meal ",21,4.9,15,"scooter ",2,"No ","Metropolitian ","Windy","Jam ",0
"3/03/2022","15:55:00","16:10:00",33,"Meal ",33,4.8,18,"motorcycle ",2,"No ","Metropolitian ","Stormy","Medium ",1
"30/03/2022","8:25:00","8:40:00",17,"Meal ",23,4.7,19,"electric_scooter ",2,"No ","Metropolitian ","Windy","Low ",1
"14/03/2022","23:40:00","23:50:00",22,"Snack ",30,4.5,17,"scooter ",1,"No ","Metropolitian ","Sandstorms","Low ",1
"23/03/2022","20:45:00","21:00:00",44,"Drinks ",24,4.8,11,"motorcycle ",1,"Yes ","Metropolitian ","Cloudy","Jam ",3
"12/03/2022","19:25:00","19:35:00",24,"Buffet ",36,4.7,17,"electric_scooter ",2,"No ","Metropolitian ","Sunny","Jam ",0
"14/02/2022","20:25:00","20:40:00",39,"Snack ",28,4.1,12,"electric_scooter ",2,"No ","Metropolitian ","Fog","Jam ",1
"12/03/2022","21:10:00","21:15:00",19,"Snack ",20,4.7,21,"motorcycle ",2,"No ","Urban ","Sandstorms","Jam ",1
"5/03/2022","22:35:00","22:45:00",19,"Drinks ",39,4.9,9,"motorcycle ",1,"No ","Metropolitian ","Fog","Low ",0
"13/03/2022","23:40:00","23:55:00",12,"Snack ",24,4.9,23,"scooter ",1,"No ","Urban ","Windy","Low ",0
"3/03/2022","0:00:00","0:10:00",20,"Snack ",39,4.2,8,"motorcycle ",0,"No ","Metropolitian ","Sandstorms","Low ",0
"4/03/2022","19:45:00","19:50:00",48,"Snack ",21,4.7,17,"motorcycle ",0,"Yes ","Metropolitian ","Fog","Jam ",2
"20/03/2022","21:25:00","21:30:00",33,"Snack ",39,3.9,4,"scooter ",2,"No ","Metropolitian ","Stormy","Jam ",1
"29/03/2022","20:50:00","21:00:00",31,"Meal ",22,4.9,7,"scooter ",1,"No ","Metropolitian ","Cloudy","Jam ",1
"4/03/2022","19:15:00","19:25:00",27,"Buffet ",24,4.6,19,"motorcycle ",2,"No ","Metropolitian ","Sandstorms","Jam ",1
"25/03/2022","23:55:00","0:00:00",23,"Snack ",32,4.5,9,"motorcycle ",0,"No ","Metropolitian ","Sandstorms","Low ",1
"6/03/2022","18:35:00","18:50:00",33,"Buffet ",39,4.1,1,"scooter ",1,"No ","Metropolitian ","Sandstorms","Medium ",2
"14/03/2022","17:20:00","17:35:00",20,"Buffet ",31,5,16,"motorcycle ",2,"No ","Urban ","Sandstorms","Medium ",1
"30/03/2022","12:00:00","12:05:00",25,"Snack ",20,4.6,23,"electric_scooter ",2,"No ","Metropolitian ","Stormy","High ",1
"1/04/2022","19:45:00","20:00:00",27,"Drinks ",34,4.8,9,"motorcycle ",0,"No ","Metropolitian ","Cloudy","Jam ",1
"5/04/2022","17:35:00","17:45:00",31,"Snack ",32,4.4,1,"motorcycle ",2,"No ","Metropolitian ","Stormy","Medium ",1
"16/02/2022","18:15:00","18:20:00",28,"Buffet ",38,4.6,8,"scooter ",1,"No ","Metropolitian ","Sandstorms","Medium ",0
"2/04/2022","22:50:00","23:05:00",32,"Snack ",36,4.1,7,"motorcycle ",1,"No ","Metropolitian ","Cloudy","Low ",1
"14/03/2022","21:50:00","22:00:00",42,"Meal ",32,4.9,15,"motorcycle ",0,"No ","Urban ","Fog","Jam ",0
"1/04/2022","12:20:00","12:35:00",28,"Meal ",26,4.9,19,"scooter ",2,"No ","Urban ","Cloudy","High ",0
"3/04/2022","17:35:00","17:40:00",18,"Meal ",36,4.9,23,"electric_scooter ",2,"No ","Metropolitian ","Cloudy","Medium ",1
"14/03/2022","18:45:00","19:00:00",37,"Meal ",30,4.3,13,"motorcycle ",0,"No ","Metropolitian ","Stormy","Medium ",2
"15/03/2022","11:55:00","12:05:00",34,"Meal ",37,4.3,16,"scooter ",2,"No ","Metropolitian ","Stormy","High ",1
"17/02/2022","22:20:00","22:30:00",10,"Meal ",28,4.6,8,"scooter ",2,"No ","Metropolitian ","Stormy","Low ",1
"18/02/2022","23:30:00","23:45:00",34,"Snack ",34,3.6,15,"scooter ",1,"No ","Metropolitian ","Fog","Low ",1
"11/02/2022","13:55:00","14:05:00",26,"Drinks ",29,4.7,4,"scooter ",1,"No ","Metropolitian ","Sandstorms","High ",1
"6/03/2022","22:30:00","22:35:00",38,"Meal ",30,4.3,1,"motorcycle ",0,"No ","Urban ","Sandstorms","Low ",1
"18/03/2022","17:45:00","18:00:00",20,"Meal ",24,4.6,23,"scooter ",2,"No ","Urban ","Windy","Medium ",1
"10/03/2022","18:15:00","18:25:00",15,"Meal ",29,4.6,21,"scooter ",2,"No ","Metropolitian ","Sunny","Medium ",1
"15/03/2022","19:50:00","20:05:00",22,"Snack ",25,4.8,18,"motorcycle ",2,"No ","Metropolitian ","Cloudy","Jam ",1
"29/03/2022","22:25:00","22:30:00",24,"Buffet ",26,4.6,23,"motorcycle ",0,"No ","Metropolitian ","Windy","Low ",1
"11/02/2022","23:50:00","23:55:00",22,"Buffet ",37,4.9,2,"motorcycle ",0,"No ","Metropolitian ","Fog","Low ",1
"6/03/2022","19:50:00","20:00:00",29,"Meal ",32,4.6,9,"motorcycle ",1,"No ","Metropolitian ","Stormy","Jam ",1
"18/03/2022","20:40:00","20:50:00",44,"Buffet ",22,5,14,"motorcycle ",2,"No ","Metropolitian ","Fog","Jam ",1
"2/03/2022","18:00:00","18:10:00",24,"Snack ",27,4.6,9,"motorcycle ",1,"No ","Metropolitian ","Sandstorms","Medium ",0
"3/04/2022","10:55:00","11:05:00",25,"Snack ",30,4.4,9,"motorcycle ",0,"No ","Metropolitian ","Windy","Low ",1
"27/03/2022","19:30:00","19:40:00",25,"Buffet ",26,4.8,13,"motorcycle ",1,"No ","Metropolitian ","Windy","Jam ",1
"19/03/2022","19:15:00","19:30:00",32,"Buffet ",31,4.3,12,"motorcycle ",1,"No ","Metropolitian ","Fog","Jam ",1
"9/03/2022","12:30:00","12:35:00",28,"Snack ",31,4.6,16,"motorcycle ",0,"No ","Metropolitian ","Sunny","High ",1
"9/03/2022","23:50:00","0:05:00",15,"Drinks ",36,4.9,9,"scooter ",2,"No ","Metropolitian ","Cloudy","Low ",1
"15/03/2022","10:30:00","10:35:00",13,"Meal ",22,4.7,18,"motorcycle ",2,"No ","Urban ","Windy","Low ",1
"15/03/2022","12:00:00","12:05:00",31,"Buffet ",31,4.9,16,"motorcycle ",0,"No ","Metropolitian ","Fog","High ",1
"12/02/2022","22:20:00","22:25:00",11,"Meal ",26,4.9,2,"electric_scooter ",2,"No ","Metropolitian ","Windy","Low ",0
"6/03/2022","21:35:00","21:40:00",38,"Snack ",31,3.9,3,"motorcycle ",1,"No ","Metropolitian ","Sandstorms","Jam ",0
"3/03/2022","19:25:00","19:30:00",49,"Drinks ",20,3.9,5,"motorcycle ",0,"No ","Metropolitian ","Sunny","Jam ",2
"6/04/2022","22:50:00","23:00:00",20,"Snack ",38,4.8,22,"motorcycle ",1,"No ","Metropolitian ","Sandstorms","Low ",0
"18/03/2022","21:50:00","22:05:00",44,"Snack ",36,3.6,19,"scooter ",2,"Yes ","Metropolitian ","Stormy","Jam ",1
"26/03/2022","9:50:00","10:00:00",33,"Snack ",36,4,4,"motorcycle ",0,"No ","Metropolitian ","Sandstorms","Low ",0
"13/02/2022","23:15:00","23:25:00",18,"Buffet ",20,4.7,8,"scooter ",1,"No ","Metropolitian ","Stormy","Low ",0
"3/03/2022","18:45:00","18:55:00",19,"Buffet ",26,4.8,17,"scooter ",2,"No ","Urban ","Fog","Medium ",0
"30/03/2022","17:50:00","17:55:00",17,"Snack ",20,4.8,2,"scooter ",1,"No ","Urban ","Fog","Medium ",1
"13/03/2022","20:15:00","20:25:00",11,"Meal ",22,4.7,16,"scooter ",1,"No ","Metropolitian ","Stormy","Jam ",1
"12/03/2022","22:45:00","22:55:00",24,"Drinks ",28,4.8,22,"motorcycle ",0,"No ","Urban ","Windy","Low ",1
"30/03/2022","10:20:00","10:25:00",17,"Snack ",30,4.8,16,"scooter ",1,"No ","Metropolitian ","Sunny","Low ",0
"17/03/2022","20:30:00","20:40:00",30,"Buffet ",28,4.8,12,"motorcycle ",0,"No ","Metropolitian ","Sandstorms","Jam ",0
"30/03/2022","22:15:00","22:20:00",17,"Buffet ",31,4.7,13,"scooter ",2,"No ","Metropolitian ","Sunny","Low ",0
"16/03/2022","17:25:00","17:40:00",11,"Buffet ",26,4.7,13,"scooter ",1,"No ","Metropolitian ","Sunny","Medium ",1
"15/02/2022","9:55:00","10:00:00",14,"Meal ",20,4.7,6,"scooter ",1,"No ","Metropolitian ","Windy","Low ",0
"28/03/2022","16:50:00","17:05:00",16,"Snack ",27,4.5,23,"scooter ",1,"No ","Metropolitian ","Fog","Medium ",1
"31/03/2022","20:20:00","20:30:00",23,"Snack ",26,4.6,19,"motorcycle ",2,"No ","Metropolitian ","Windy","Jam ",1
"9/03/2022","21:35:00","21:45:00",26,"Buffet ",38,4.5,23,"motorcycle ",1,"No ","Metropolitian ","Fog","Jam ",0
"9/03/2022","19:15:00","19:30:00",25,"Drinks ",34,4.7,18,"motorcycle ",0,"No ","Metropolitian ","Fog","Jam ",1
"23/03/2022","21:55:00","22:05:00",42,"Snack ",30,3.6,2,"scooter ",2,"Yes ","Metropolitian ","Sandstorms","Jam ",2
"11/03/2022","9:40:00","9:45:00",16,"Meal ",25,4.5,3,"electric_scooter ",2,"No ","Urban ","Stormy","Low ",1
"6/04/2022","20:55:00","21:05:00",48,"Meal ",31,5,17,"scooter ",1,"No ","Metropolitian ","Cloudy","Jam ",3
"13/03/2022","17:40:00","17:55:00",26,"Buffet ",31,4.7,16,"motorcycle ",0,"No ","Metropolitian ","Stormy","Medium ",0
"2/04/2022","17:30:00","17:40:00",23,"Buffet ",28,4.8,23,"motorcycle ",0,"No ","Metropolitian ","Sunny","Medium ",1
"6/04/2022","19:10:00","19:20:00",38,"Meal ",35,4.8,22,"scooter ",2,"No ","Metropolitian ","Fog","Jam ",1
"31/03/2022","23:30:00","23:40:00",20,"Meal ",29,4.7,22,"electric_scooter ",2,"No ","Metropolitian ","Fog","Low ",1
"3/04/2022","20:10:00","20:25:00",25,"Drinks ",28,4.6,21,"motorcycle ",1,"No ","Metropolitian ","Windy","Jam ",1
"30/03/2022","23:00:00","23:15:00",10,"Buffet ",20,4.6,2,"motorcycle ",1,"No ","Urban ","Cloudy","Low ",0
"15/02/2022","23:10:00","23:20:00",18,"Buffet ",38,4.5,9,"scooter ",2,"No ","Metropolitian ","Stormy","Low ",0
"9/03/2022","8:20:00","8:25:00",18,"Drinks ",29,4.5,13,"scooter ",2,"No ","Metropolitian ","Fog","Low ",0
"1/03/2022","17:40:00","17:50:00",27,"Drinks ",30,4.6,13,"scooter ",2,"No ","Metropolitian ","Windy","Medium ",1
"19/03/2022","8:45:00","8:50:00",13,"Snack ",24,4.6,23,"motorcycle ",0,"No ","Urban ","Sunny","Low ",0
"2/03/2022","18:45:00","19:00:00",32,"Meal ",25,4.6,18,"motorcycle ",0,"No ","Metropolitian ","Sandstorms","Medium ",0
"14/03/2022","19:20:00","19:35:00",43,"Snack ",33,4.2,3,"scooter ",1,"No ","Urban ","Stormy","Jam ",2
"13/02/2022","8:35:00","8:40:00",20,"Meal ",34,4.7,21,"motorcycle ",2,"No ","Urban ","Stormy","Low ",0
"28/03/2022","22:15:00","22:20:00",21,"Drinks ",34,4.4,12,"motorcycle ",0,"No ","Metropolitian ","Windy","Low ",0
"29/03/2022","23:45:00","23:55:00",22,"Buffet ",35,4.7,22,"scooter ",1,"No ","Metropolitian ","Windy","Low ",0
"14/03/2022","20:00:00","20:05:00",42,"Buffet ",31,4.2,3,"motorcycle ",0,"No ","Urban ","Stormy","Jam ",3
"23/03/2022","22:15:00","22:30:00",24,"Snack ",27,4.7,21,"motorcycle ",0,"No ","Metropolitian ","Windy","Low ",1
"13/03/2022","8:25:00","8:35:00",18,"Snack ",24,4.1,3,"motorcycle ",0,"No ","Metropolitian ","Stormy","Low ",1
"24/03/2022","9:55:00","10:00:00",14,"Buffet ",28,4.6,22,"electric_scooter ",2,"No ","Metropolitian ","Windy","Low ",1
"18/02/2022","19:35:00","19:50:00",22,"Meal ",28,4.5,3,"motorcycle ",1,"No ","Urban ","Sunny","Jam ",0
"11/03/2022","9:30:00","9:35:00",21,"Buffet ",35,4.8,9,"motorcycle ",0,"No ","Metropolitian ","Cloudy","Low ",1
"1/03/2022","11:40:00","11:45:00",28,"Meal ",39,4.9,13,"electric_scooter ",2,"No ","Metropolitian ","Stormy","High ",1
"17/02/2022","12:00:00","12:05:00",18,"Drinks ",28,4.9,5,"electric_scooter ",2,"No ","Metropolitian ","Fog","High ",0
"1/03/2022","18:55:00","19:05:00",27,"Snack ",26,4.9,19,"motorcycle ",2,"No ","Urban ","Windy","Medium ",1
"1/03/2022","8:30:00","8:45:00",22,"Drinks ",30,4.3,4,"motorcycle ",0,"No ","Urban ","Windy","Low ",0
"13/02/2022","20:45:00","21:00:00",26,"Buffet ",31,4.5,5,"motorcycle ",1,"No ","Metropolitian ","Stormy","Jam ",1
"21/03/2022","20:55:00","21:00:00",29,"Buffet ",24,4.8,1,"scooter ",1,"No ","Metropolitian ","Fog","Jam ",1
"23/03/2022","17:40:00","17:55:00",31,"Drinks ",33,3.7,3,"electric_scooter ",2,"No ","Metropolitian ","Windy","Medium ",1
"12/02/2022","21:40:00","21:50:00",47,"Meal ",37,4.4,6,"motorcycle ",2,"Yes ","Metropolitian ","Fog","Jam ",1
"26/03/2022","18:40:00","18:55:00",12,"Meal ",27,4.8,22,"scooter ",2,"No ","Metropolitian ","Sunny","Medium ",0
"5/03/2022","9:15:00","9:30:00",12,"Meal ",27,4.8,22,"motorcycle ",1,"No ","Metropolitian ","Stormy","Low ",1
"10/03/2022","23:10:00","23:20:00",39,"Snack ",32,4.7,17,"motorcycle ",0,"No ","Urban ","Fog","Low ",0
"15/03/2022","8:20:00","8:25:00",24,"Meal ",30,4.3,23,"motorcycle ",0,"No ","Metropolitian ","Stormy","Low ",1
"1/04/2022","19:25:00","19:30:00",23,"Meal ",29,4.9,18,"scooter ",2,"No ","Metropolitian ","Sandstorms","Jam ",0
"17/03/2022","19:25:00","19:35:00",34,"Meal ",33,5,22,"scooter ",1,"No ","Metropolitian ","Windy","Jam ",1
"18/03/2022","19:35:00","19:45:00",40,"Snack ",38,4.8,13,"motorcycle ",1,"No ","Metropolitian ","Fog","Jam ",1
"2/03/2022","19:15:00","19:20:00",42,"Drinks ",32,3.7,13,"scooter ",1,"No ","Metropolitian ","Sandstorms","Jam ",2
"14/02/2022","22:20:00","22:25:00",23,"Snack ",20,4.8,9,"motorcycle ",1,"No ","Metropolitian ","Fog","Low ",1
"5/03/2022","11:30:00","11:45:00",42,"Snack ",24,4.2,4,"motorcycle ",0,"No ","Metropolitian ","Sunny","High ",1
"12/02/2022","21:35:00","21:50:00",47,"Drinks ",28,4.8,9,"motorcycle ",0,"Yes ","Metropolitian ","Fog","Jam ",1
"2/04/2022","23:50:00","23:55:00",21,"Buffet ",23,4.8,15,"motorcycle ",0,"No ","Urban ","Sunny","Low ",0
"7/03/2022","20:20:00","20:25:00",26,"Drinks ",26,4.8,19,"motorcycle ",2,"No ","Urban ","Sandstorms","Jam ",1
"15/03/2022","18:00:00","18:10:00",19,"Meal ",26,4.9,12,"motorcycle ",2,"No ","Metropolitian ","Cloudy","Medium ",1
"9/03/2022","19:50:00","20:05:00",33,"Drinks ",36,5,18,"motorcycle ",1,"No ","Metropolitian ","Fog","Jam ",1
"9/03/2022","10:00:00","10:10:00",16,"Drinks ",38,4.7,19,"motorcycle ",1,"No ","Metropolitian ","Cloudy","Low ",1
"1/04/2022","22:55:00","23:10:00",18,"Drinks ",26,4.1,19,"motorcycle ",0,"No ","Metropolitian ","Sandstorms","Low ",1
"31/03/2022","21:15:00","21:20:00",52,"Meal ",32,4.8,3,"motorcycle ",0,"Yes ","Urban ","Fog","Jam ",1
"24/03/2022","22:40:00","22:45:00",17,"Drinks ",21,4.9,21,"scooter ",1,"No ","Metropolitian ","Windy","Low ",0
"28/03/2022","11:50:00","12:05:00",10,"Meal ",23,4.7,16,"scooter ",2,"No ","Urban ","Stormy","High ",0
"8/03/2022","23:20:00","23:35:00",30,"Meal ",39,4.6,22,"motorcycle ",0,"No ","Metropolitian ","Sunny","Low ",1
"1/03/2022","11:45:00","11:50:00",19,"Snack ",21,4.6,18,"motorcycle ",1,"No ","Metropolitian ","Windy","High ",0
"1/03/2022","22:10:00","22:25:00",23,"Snack ",30,4.9,23,"motorcycle ",0,"No ","Metropolitian ","Fog","Low ",1
"15/03/2022","20:15:00","20:25:00",25,"Meal ",30,4.6,22,"motorcycle ",0,"No ","Urban ","Cloudy","Jam ",0
"16/03/2022","18:35:00","18:45:00",16,"Snack ",25,4.9,21,"scooter ",1,"No ","Metropolitian ","Stormy","Medium ",1
"16/03/2022","23:10:00","23:15:00",13,"Snack ",28,4.9,21,"scooter ",1,"No ","Metropolitian ","Stormy","Low ",1
"17/03/2022","21:10:00","21:15:00",26,"Buffet ",32,4.5,19,"motorcycle ",1,"No ","Metropolitian ","Windy","Jam ",1
"4/03/2022","23:00:00","23:15:00",24,"Buffet ",27,4.7,14,"scooter ",2,"No ","Metropolitian ","Stormy","Low ",1
"14/02/2022","21:20:00","21:25:00",22,"Meal ",38,4.5,4,"scooter ",2,"No ","Urban ","Sunny","Jam ",1
"31/03/2022","18:10:00","18:20:00",30,"Meal ",25,5,8,"motorcycle ",0,"No ","Metropolitian ","Windy","Medium ",0
"11/03/2022","15:10:00","15:15:00",34,"Buffet ",32,4.7,22,"scooter ",2,"No ","Metropolitian ","Stormy","Medium ",0
"17/03/2022","10:35:00","10:40:00",10,"Drinks ",20,4.8,19,"scooter ",1,"No ","Urban ","Fog","Low ",0
"16/02/2022","18:35:00","18:40:00",47,"Drinks ",33,4.6,7,"motorcycle ",0,"No ","Metropolitian ","Stormy","Medium ",1
"31/03/2022","20:25:00","20:30:00",36,"Meal ",27,4.2,3,"scooter ",2,"No ","Metropolitian ","Fog","Jam ",2
"16/03/2022","21:45:00","21:55:00",31,"Buffet ",36,3.7,5,"motorcycle ",1,"No ","Urban ","Stormy","Jam ",1
"21/03/2022","10:00:00","10:05:00",14,"Drinks ",28,4.6,15,"motorcycle ",2,"No ","Urban ","Fog","Low ",1
"9/03/2022","10:35:00","10:45:00",27,"Snack ",25,4.4,12,"motorcycle ",0,"No ","Metropolitian ","Windy","Low ",1
"5/03/2022","22:35:00","22:45:00",16,"Meal ",21,4.9,13,"electric_scooter ",2,"No ","Metropolitian ","Stormy","Low ",0
"16/03/2022","20:35:00","20:50:00",39,"Drinks ",34,4.6,23,"motorcycle ",0,"No ","Metropolitian ","Windy","Jam ",2
"17/03/2022","21:15:00","21:30:00",10,"Drinks ",26,4.6,22,"motorcycle ",1,"No ","Urban ","Windy","Jam ",1
"29/03/2022","18:00:00","18:05:00",49,"Drinks ",30,4.4,11,"motorcycle ",0,"No ","Metropolitian ","Windy","Medium ",2
"1/04/2022","10:55:00","11:05:00",19,"Meal ",39,4.8,22,"motorcycle ",1,"No ","Urban ","Fog","Low ",0
"4/03/2022","22:35:00","22:40:00",15,"Snack ",32,4.5,18,"scooter ",2,"No ","Metropolitian ","Windy","Low ",0
"28/03/2022","16:20:00","16:35:00",25,"Drinks ",35,4.6,15,"scooter ",1,"No ","Metropolitian ","Windy","Medium ",1
"1/04/2022","21:30:00","21:40:00",25,"Buffet ",30,4.6,21,"motorcycle ",2,"No ","Metropolitian ","Cloudy","Jam ",0
"16/03/2022","21:30:00","21:45:00",46,"Snack ",30,4.8,18,"electric_scooter ",2,"Yes ","Metropolitian ","Fog","Jam ",0
"11/02/2022","22:00:00","22:15:00",29,"Snack ",33,4.9,8,"motorcycle ",2,"No ","Metropolitian ","Sandstorms","Jam ",0
"11/03/2022","10:30:00","10:35:00",28,"Meal ",20,4.4,3,"motorcycle ",0,"No ","Urban ","Stormy","Low ",0
"21/03/2022","17:35:00","17:50:00",29,"Drinks ",27,4.9,4,"motorcycle ",0,"No ","Metropolitian ","Windy","Medium ",1
"27/03/2022","19:00:00","19:10:00",18,"Buffet ",29,4.7,18,"motorcycle ",0,"No ","Urban ","Sunny","Medium ",1
"11/03/2022","18:40:00","18:50:00",24,"Snack ",24,4.8,19,"motorcycle ",0,"No ","Metropolitian ","Sunny","Medium ",1
"10/03/2022","23:15:00","23:30:00",25,"Buffet ",34,4.9,19,"scooter ",2,"No ","Metropolitian ","Fog","Low ",0
"17/02/2022","20:55:00","21:00:00",17,"Buffet ",20,4.7,3,"motorcycle ",1,"No ","Metropolitian ","Sandstorms","Jam ",0
"21/03/2022","18:35:00","18:45:00",24,"Meal ",27,4.8,23,"motorcycle ",2,"No ","Urban ","Stormy","Medium ",0
"2/04/2022","20:25:00","20:35:00",44,"Snack ",30,4.1,13,"scooter ",1,"Yes ","Metropolitian ","Windy","Jam ",1
"12/03/2022","18:35:00","18:40:00",33,"Buffet ",30,4.3,23,"motorcycle ",0,"No ","Metropolitian ","Sunny","Medium ",0
"15/02/2022","12:00:00","12:05:00",42,"Snack ",37,4.2,5,"motorcycle ",0,"No ","Metropolitian ","Stormy","High ",1
"31/03/2022","20:35:00","20:45:00",51,"Buffet ",34,4.8,4,"motorcycle ",0,"No ","Metropolitian ","Fog","Jam ",1
"25/03/2022","21:15:00","21:20:00",36,"Snack ",34,5,11,"motorcycle ",0,"No ","Metropolitian ","Windy","Jam ",1
"1/04/2022","11:40:00","11:50:00",18,"Snack ",27,4.8,23,"motorcycle ",1,"No ","Metropolitian ","Stormy","High ",0
"30/03/2022","19:50:00","20:05:00",29,"Drinks ",35,5,5,"scooter ",1,"No ","Metropolitian ","Stormy","Jam ",1
"1/03/2022","23:10:00","23:15:00",13,"Buffet ",31,4.8,14,"electric_scooter ",2,"No ","Metropolitian ","Sunny","Low ",0
"7/03/2022","11:00:00","11:05:00",27,"Snack ",35,4.7,22,"motorcycle ",0,"No ","Metropolitian ","Fog","Low ",0
"29/03/2022","19:40:00","19:50:00",15,"Snack ",27,4.6,17,"motorcycle ",0,"No ","Metropolitian ","Sunny","Jam ",0
"1/03/2022","17:35:00","17:40:00",12,"Drinks ",25,4.8,9,"motorcycle ",1,"No ","Metropolitian ","Fog","Medium ",0
"25/03/2022","19:35:00","19:50:00",34,"Buffet ",36,3.5,5,"scooter ",2,"No ","Metropolitian ","Sunny","Jam ",1
"5/04/2022","19:50:00","20:05:00",40,"Buffet ",35,4,4,"motorcycle ",0,"No ","Metropolitian ","Windy","Jam ",1
"19/03/2022","13:25:00","13:40:00",43,"Meal ",29,4.5,16,"motorcycle ",0,"No ","Metropolitian ","Sunny","High ",2
"31/03/2022","22:50:00","22:55:00",16,"Drinks ",26,4.5,22,"motorcycle ",1,"No ","Metropolitian ","Windy","Low ",1
"2/03/2022","22:30:00","22:40:00",21,"Buffet ",22,4.9,22,"motorcycle ",0,"No ","Metropolitian ","Fog","Low ",0
"14/02/2022","19:55:00","20:00:00",27,"Snack ",24,4.8,5,"scooter ",1,"No ","Metropolitian ","Stormy","Jam ",0
"2/04/2022","18:00:00","18:05:00",33,"Meal ",32,3.5,1,"scooter ",2,"No ","Urban ","Sandstorms","Medium ",1
"13/03/2022","8:30:00","8:45:00",21,"Drinks ",34,5,23,"scooter ",1,"No ","Metropolitian ","Stormy","Low ",1
"11/03/2022","15:35:00","15:40:00",25,"Drinks ",26,4.8,15,"motorcycle ",1,"No ","Metropolitian ","Sandstorms","Medium ",1
"4/04/2022","20:35:00","20:50:00",17,"Drinks ",20,4.8,17,"scooter ",1,"No ","Metropolitian ","Windy","Jam ",1
"17/03/2022","22:25:00","22:40:00",19,"Meal ",21,4.9,12,"motorcycle ",0,"No ","Metropolitian ","Fog","Low ",1
"19/03/2022","21:00:00","21:15:00",21,"Buffet ",28,4.7,3,"motorcycle ",0,"No ","Metropolitian ","Fog","Jam ",1
"18/03/2022","21:25:00","21:30:00",27,"Meal ",22,4.6,7,"scooter ",1,"No ","Metropolitian ","Stormy","Jam ",1
"25/03/2022","21:00:00","21:05:00",35,"Meal ",31,4.4,1,"motorcycle ",0,"No ","Metropolitian ","Windy","Jam ",1
"1/03/2022","10:30:00","10:45:00",28,"Buffet ",38,4,5,"motorcycle ",0,"No ","Metropolitian ","Stormy","Low ",1
"14/02/2022","17:15:00","17:20:00",38,"Meal ",39,4.9,9,"scooter ",2,"No ","Metropolitian ","Stormy","Medium ",1
"5/03/2022","9:00:00","9:10:00",27,"Snack ",31,4.7,15,"scooter ",1,"No ","Metropolitian ","Stormy","Low ",1
"19/03/2022","17:20:00","17:25:00",18,"Snack ",27,4.5,3,"scooter ",1,"No ","Urban ","Fog","Medium ",1
"21/03/2022","19:55:00","20:00:00",28,"Snack ",35,4.9,16,"scooter ",2,"No ","Metropolitian ","Stormy","Jam ",1
"15/03/2022","23:50:00","0:05:00",14,"Snack ",20,4.7,22,"motorcycle ",1,"No ","Metropolitian ","Fog","Low ",0
"3/04/2022","18:35:00","18:50:00",18,"Meal ",25,5,22,"electric_scooter ",2,"No ","Metropolitian ","Fog","Medium ",1
"20/03/2022","18:15:00","18:20:00",30,"Drinks ",22,4.7,2,"motorcycle ",0,"No ","Metropolitian ","Stormy","Medium ",1
"8/03/2022","22:00:00","22:05:00",31,"Snack ",28,4.2,4,"motorcycle ",0,"No ","Urban ","Stormy","Jam ",1
"16/03/2022","21:50:00","21:55:00",37,"Drinks ",30,4.4,21,"motorcycle ",0,"No ","Metropolitian ","Sunny","Jam ",1
"3/04/2022","11:00:00","11:15:00",22,"Buffet ",36,4.4,22,"motorcycle ",0,"No ","Metropolitian ","Sandstorms","Low ",0
"23/03/2022","19:55:00","20:00:00",36,"Buffet ",33,4.9,3,"scooter ",1,"No ","Metropolitian ","Cloudy","Jam ",1
"14/02/2022","17:55:00","18:10:00",49,"Buffet ",35,4,6,"motorcycle ",0,"No ","Semi-Urban ","Windy","Medium ",1
"1/03/2022","19:50:00","19:55:00",27,"Meal ",36,4.8,21,"motorcycle ",0,"No ","Metropolitian ","Stormy","Jam ",1
"13/03/2022","17:00:00","17:05:00",16,"Drinks ",22,4.6,23,"scooter ",2,"No ","Urban ","Sunny","Medium ",0
"15/02/2022","18:40:00","18:55:00",17,"Buffet ",24,4.6,15,"motorcycle ",2,"No ","Urban ","Sunny","Medium ",1
"31/03/2022","23:20:00","23:35:00",31,"Meal ",35,3.4,5,"motorcycle ",0,"No ","Metropolitian ","Sunny","Low ",1
"15/02/2022","17:15:00","17:30:00",26,"Drinks ",24,4.8,7,"scooter ",2,"No ","Metropolitian ","Stormy","Medium ",1
"23/03/2022","18:35:00","18:50:00",45,"Meal ",30,4,4,"motorcycle ",0,"No ","Metropolitian ","Sandstorms","Medium ",0
"17/03/2022","19:15:00","19:20:00",31,"Drinks ",30,4.1,8,"motorcycle ",0,"No ","Metropolitian ","Fog","Jam ",1
"2/04/2022","22:20:00","22:25:00",22,"Buffet ",21,4.8,22,"motorcycle ",0,"No ","Metropolitian ","Cloudy","Low ",1
"17/03/2022","10:45:00","10:55:00",20,"Drinks ",24,4.4,22,"motorcycle ",0,"No ","Metropolitian ","Windy","Low ",1
"20/03/2022","21:45:00","21:55:00",16,"Drinks ",26,4.5,15,"motorcycle ",2,"No ","Metropolitian ","Stormy","Jam ",0
"29/03/2022","19:35:00","19:40:00",20,"Snack ",31,4.6,17,"electric_scooter ",2,"No ","Metropolitian ","Sunny","Jam ",0
"13/03/2022","16:50:00","17:00:00",18,"Buffet ",39,4.7,19,"scooter ",2,"No ","Metropolitian ","Cloudy","Medium ",0
"6/04/2022","22:50:00","23:00:00",15,"Drinks ",25,4.9,22,"motorcycle ",0,"No ","Urban ","Windy","Low ",0
"23/03/2022","23:10:00","23:25:00",16,"Buffet ",22,4.5,12,"motorcycle ",1,"No ","Metropolitian ","Windy","Low ",1
"4/03/2022","17:35:00","17:50:00",29,"Drinks ",28,4.7,23,"motorcycle ",2,"No ","Urban ","Fog","Medium ",1
"1/03/2022","22:45:00","22:55:00",16,"Drinks ",36,5,23,"scooter ",2,"No ","Urban ","Fog","Low ",1
"12/02/2022","19:20:00","19:30:00",35,"Snack ",36,4.4,4,"scooter ",2,"No ","Metropolitian ","Windy","Jam ",1
"3/04/2022","16:45:00","16:50:00",27,"Drinks ",36,4.8,18,"motorcycle ",2,"No ","Metropolitian ","Sandstorms","Medium ",0
"14/03/2022","23:20:00","23:35:00",22,"Meal ",25,4.6,22,"motorcycle ",0,"No ","Metropolitian ","Sunny","Low ",1
"5/03/2022","18:15:00","18:20:00",21,"Drinks ",35,4.9,16,"scooter ",2,"No ","Metropolitian ","Sunny","Medium ",0
"2/03/2022","20:25:00","20:35:00",27,"Buffet ",38,4.6,18,"scooter ",1,"No ","Metropolitian ","Sandstorms","Jam ",1
"10/03/2022","18:40:00","18:55:00",24,"Snack ",37,4.7,21,"scooter ",1,"No ","Urban ","Stormy","Medium ",1
"6/03/2022","18:10:00","18:15:00",39,"Snack ",37,4.2,8,"motorcycle ",0,"No ","Metropolitian ","Windy","Medium ",1
"31/03/2022","23:20:00","23:25:00",24,"Drinks ",24,4.8,21,"scooter ",1,"No ","Metropolitian ","Fog","Low ",1
"12/03/2022","19:55:00","20:05:00",28,"Drinks ",32,4.6,9,"scooter ",1,"No ","Metropolitian ","Sunny","Jam ",1
"2/04/2022","18:50:00","19:00:00",22,"Snack ",23,4.7,23,"scooter ",1,"No ","Metropolitian ","Sandstorms","Medium ",1
"3/04/2022","10:10:00","10:15:00",19,"Snack ",33,4.8,21,"scooter ",1,"No ","Metropolitian ","Sunny","Low ",1
"16/03/2022","23:35:00","23:45:00",16,"Meal ",25,4.7,9,"motorcycle ",0,"No ","Metropolitian ","Sandstorms","Low ",1
"25/03/2022","18:15:00","18:30:00",38,"Drinks ",20,4.7,6,"motorcycle ",0,"No ","Metropolitian ","Cloudy","Medium ",2
"6/04/2022","18:55:00","19:05:00",29,"Drinks ",29,4.7,18,"motorcycle ",0,"No ","Metropolitian ","Stormy","Medium ",1
"2/04/2022","18:15:00","18:25:00",30,"Meal ",34,4.7,15,"motorcycle ",2,"No ","Metropolitian ","Fog","Medium ",1
"6/03/2022","22:25:00","22:30:00",22,"Drinks ",30,4.9,21,"motorcycle ",0,"No ","Metropolitian ","Sunny","Low ",0
"15/02/2022","13:30:00","13:40:00",26,"Snack ",24,4.7,9,"scooter ",2,"No ","Metropolitian ","Fog","High ",1
"11/03/2022","9:45:00","9:55:00",17,"Buffet ",22,4.2,7,"motorcycle ",0,"No ","Metropolitian ","Windy","Low ",1
"4/04/2022","21:55:00","22:00:00",41,"Snack ",22,4.6,9,"electric_scooter ",2,"No ","Metropolitian ","Fog","Jam ",1
"16/03/2022","22:15:00","22:30:00",40,"Buffet ",38,4.8,13,"motorcycle ",0,"No ","Metropolitian ","Fog","Low ",1
"17/03/2022","8:15:00","8:25:00",25,"Snack ",24,4,11,"motorcycle ",0,"No ","Metropolitian ","Windy","Low ",1
"18/03/2022","21:00:00","21:05:00",32,"Drinks ",24,4,1,"scooter ",1,"No ","Urban ","Cloudy","Jam ",1
"31/03/2022","20:10:00","20:25:00",35,"Snack ",24,4.9,2,"motorcycle ",0,"No ","Metropolitian ","Cloudy","Jam ",1
"9/03/2022","12:30:00","12:45:00",23,"Meal ",32,5,16,"electric_scooter ",2,"No ","Metropolitian ","Sunny","High ",1
"1/04/2022","20:55:00","21:00:00",24,"Snack ",34,4.5,19,"motorcycle ",0,"No ","Metropolitian ","Sunny","Jam ",1
"15/03/2022","8:45:00","9:00:00",18,"Meal ",20,4.5,19,"scooter ",2,"No ","Metropolitian ","Cloudy","Low ",0
"29/03/2022","18:45:00","18:50:00",14,"Meal ",24,4.8,15,"scooter ",1,"No ","Metropolitian ","Sunny","Medium ",0
"15/03/2022","19:10:00","19:20:00",28,"Drinks ",34,5,16,"motorcycle ",1,"No ","Metropolitian ","Windy","Jam ",1
"4/04/2022","17:50:00","18:05:00",20,"Buffet ",29,4.9,9,"scooter ",1,"No ","Metropolitian ","Sandstorms","Medium ",1
"23/03/2022","19:10:00","19:20:00",44,"Buffet ",23,4.8,8,"scooter ",2,"No ","Metropolitian ","Fog","Jam ",1
"27/03/2022","20:15:00","20:20:00",29,"Meal ",33,4.7,5,"motorcycle ",2,"No ","Metropolitian ","Stormy","Jam ",1
"3/03/2022","18:50:00","18:55:00",28,"Meal ",33,4.5,19,"electric_scooter ",2,"No ","Metropolitian ","Windy","Medium ",1
"4/03/2022","19:50:00","20:00:00",18,"Drinks ",26,4.7,16,"scooter ",2,"No ","Metropolitian ","Stormy","Jam ",0
"15/02/2022","23:25:00","23:40:00",16,"Drinks ",37,5,5,"scooter ",2,"No ","Metropolitian ","Fog","Low ",1
"1/04/2022","18:30:00","18:35:00",37,"Drinks ",36,4.2,14,"motorcycle ",0,"No ","Metropolitian ","Sandstorms","Medium ",1
"15/03/2022","18:20:00","18:25:00",18,"Drinks ",29,4.8,18,"motorcycle ",0,"No ","Metropolitian ","Sunny","Medium ",1
"15/02/2022","11:25:00","11:35:00",38,"Meal ",28,4.7,9,"motorcycle ",0,"No ","Metropolitian ","Windy","High ",1
"11/02/2022","9:10:00","9:25:00",24,"Meal ",37,4.1,12,"motorcycle ",0,"No ","Metropolitian ","Sandstorms","Low ",1
"5/04/2022","18:10:00","18:20:00",31,"Snack ",36,4.4,5,"motorcycle ",2,"No ","Metropolitian ","Stormy","Medium ",1
"15/03/2022","10:50:00","11:05:00",15,"Snack ",27,4.7,19,"scooter ",1,"No ","Urban ","Sunny","Low ",1
"31/03/2022","22:10:00","22:15:00",17,"Drinks ",21,4.9,18,"motorcycle ",1,"No ","Metropolitian ","Stormy","Low ",0
"16/02/2022","18:40:00","18:50:00",28,"Meal ",31,4.8,7,"motorcycle ",0,"No ","Metropolitian ","Sunny","Medium ",0
"7/03/2022","21:25:00","21:40:00",26,"Buffet ",39,5,21,"motorcycle ",0,"No ","Metropolitian ","Sunny","Jam ",0
"14/02/2022","21:50:00","21:55:00",43,"Buffet ",32,4.4,7,"motorcycle ",1,"No ","Metropolitian ","Stormy","Jam ",1
"1/03/2022","9:40:00","9:50:00",15,"Drinks ",36,4.7,21,"scooter ",1,"No ","Metropolitian ","Fog","Low ",0
"27/03/2022","22:45:00","23:00:00",27,"Drinks ",24,4.8,21,"scooter ",2,"No ","Metropolitian ","Cloudy","Low ",1
"11/03/2022","18:20:00","18:30:00",28,"Buffet ",21,5,22,"motorcycle ",0,"No ","Metropolitian ","Fog","Medium ",1
"1/04/2022","11:55:00","12:00:00",15,"Drinks ",22,4.7,9,"scooter ",1,"No ","Metropolitian ","Sunny","High ",1
"28/03/2022","8:45:00","8:50:00",15,"Drinks ",22,4.7,17,"electric_scooter ",2,"No ","Urban ","Cloudy","Low ",0
"8/03/2022","23:10:00","23:15:00",18,"Drinks ",27,4.6,16,"scooter ",2,"No ","Metropolitian ","Windy","Low ",0
"3/04/2022","22:20:00","22:30:00",33,"Drinks ",33,4,3,"motorcycle ",0,"No ","Metropolitian ","Sandstorms","Low ",1
"13/03/2022","8:50:00","8:55:00",11,"Meal ",20,4.5,2,"scooter ",1,"No ","Urban ","Stormy","Low ",0
"23/03/2022","19:40:00","19:50:00",33,"Meal ",24,4.2,4,"motorcycle ",0,"No ","Urban ","Sandstorms","Jam ",1
"3/04/2022","19:15:00","19:20:00",34,"Snack ",33,4.9,23,"motorcycle ",1,"No ","Urban ","Windy","Jam ",1
"13/03/2022","18:45:00","18:55:00",37,"Snack ",31,4.8,9,"motorcycle ",0,"No ","Metropolitian ","Windy","Medium ",2
"24/03/2022","19:10:00","19:15:00",33,"Snack ",38,4.4,6,"motorcycle ",0,"No ","Metropolitian ","Windy","Jam ",1
"1/03/2022","14:55:00","15:00:00",13,"Drinks ",27,5,21,"motorcycle ",1,"No ","Urban ","Stormy","High ",1
"2/03/2022","19:45:00","19:50:00",25,"Buffet ",39,5,19,"scooter ",2,"No ","Metropolitian ","Stormy","Jam ",1
"11/02/2022","18:30:00","18:45:00",26,"Drinks ",26,4.9,2,"scooter ",2,"No ","Metropolitian ","Stormy","Medium ",1
"4/03/2022","23:15:00","23:30:00",16,"Snack ",35,5,22,"scooter ",2,"No ","Metropolitian ","Sandstorms","Low ",1
"13/03/2022","8:10:00","8:20:00",13,"Meal ",27,4.7,15,"motorcycle ",2,"No ","Urban ","Windy","Low ",1
"18/03/2022","18:20:00","18:25:00",36,"Meal ",36,3.7,18,"scooter ",1,"No ","Metropolitian ","Stormy","Medium ",1
"18/03/2022","22:45:00","23:00:00",25,"Meal ",36,4.8,13,"motorcycle ",0,"No ","Metropolitian ","Stormy","Low ",1
"2/04/2022","21:45:00","21:55:00",15,"Buffet ",26,4.6,21,"motorcycle ",2,"No ","Metropolitian ","Stormy","Jam ",1
"7/03/2022","8:50:00","9:05:00",20,"Snack ",38,4.5,12,"scooter ",2,"No ","Metropolitian ","Stormy","Low ",1
"17/03/2022","11:15:00","11:20:00",18,"Buffet ",21,4.9,18,"motorcycle ",2,"No ","Urban ","Sunny","High ",1
"31/03/2022","20:00:00","20:05:00",43,"Snack ",32,4.7,9,"motorcycle ",0,"Yes ","Metropolitian ","Cloudy","Jam ",1
"11/03/2022","21:50:00","22:00:00",28,"Drinks ",31,4.7,15,"scooter ",1,"No ","Urban ","Stormy","Jam ",1
"14/02/2022","21:45:00","22:00:00",16,"Drinks ",26,4.7,6,"scooter ",2,"No ","Metropolitian ","Sandstorms","Jam ",1
"13/03/2022","18:00:00","18:10:00",23,"Meal ",20,4.8,12,"electric_scooter ",2,"No ","Metropolitian ","Windy","Medium ",0
"17/03/2022","23:35:00","23:40:00",32,"Meal ",37,4.2,15,"motorcycle ",0,"No ","Metropolitian ","Stormy","Low ",0
"25/03/2022","20:20:00","20:25:00",12,"Drinks ",20,4.8,13,"motorcycle ",1,"No ","Metropolitian ","Sunny","Jam ",0
"15/02/2022","17:40:00","17:50:00",15,"Meal ",27,4.6,5,"scooter ",1,"No ","Metropolitian ","Fog","Medium ",0
"28/03/2022","21:40:00","21:50:00",16,"Snack ",27,4.9,16,"electric_scooter ",2,"No ","Metropolitian ","Sunny","Jam ",0
"11/03/2022","23:35:00","23:45:00",16,"Drinks ",25,4.9,23,"motorcycle ",0,"No ","Urban ","Fog","Low ",1
"31/03/2022","19:55:00","20:00:00",17,"Buffet ",39,4.9,23,"electric_scooter ",2,"No ","Metropolitian ","Sunny","Jam ",0
"16/02/2022","23:40:00","23:45:00",15,"Meal ",29,4.5,3,"electric_scooter ",2,"No ","Metropolitian ","Stormy","Low ",0
"19/03/2022","17:10:00","17:15:00",29,"Meal ",35,4.9,19,"electric_scooter ",2,"No ","Urban ","Sandstorms","Medium ",0
"18/03/2022","20:25:00","20:40:00",33,"Buffet ",38,3.8,13,"motorcycle ",1,"No ","Metropolitian ","Sandstorms","Jam ",1
"2/03/2022","22:25:00","22:30:00",18,"Drinks ",24,4.7,18,"motorcycle ",1,"No ","Urban ","Windy","Low ",0
"25/03/2022","21:20:00","21:25:00",25,"Buffet ",21,4.5,4,"motorcycle ",1,"No ","Urban ","Sandstorms","Jam ",1
"17/03/2022","19:30:00","19:40:00",21,"Meal ",36,4.5,3,"scooter ",2,"No ","Metropolitian ","Sunny","Jam ",0
"16/03/2022","21:50:00","21:55:00",41,"Meal ",36,3.6,7,"motorcycle ",1,"No ","Metropolitian ","Sandstorms","Jam ",2
"26/03/2022","19:50:00","20:00:00",31,"Drinks ",24,4.8,15,"motorcycle ",1,"No ","Urban ","Fog","Jam ",0
"6/03/2022","23:45:00","23:55:00",26,"Buffet ",30,4.7,21,"electric_scooter ",2,"No ","Urban ","Sandstorms","Low ",1
"7/03/2022","21:15:00","21:25:00",14,"Snack ",24,4.9,21,"motorcycle ",1,"No ","Metropolitian ","Windy","Jam ",0
"21/03/2022","8:20:00","8:30:00",25,"Buffet ",32,5,13,"electric_scooter ",2,"No ","Metropolitian ","Windy","Low ",1
"12/02/2022","18:55:00","19:10:00",18,"Snack ",22,5,2,"scooter ",1,"No ","Metropolitian ","Windy","Medium ",1
"4/03/2022","19:50:00","20:05:00",45,"Snack ",25,4.8,14,"motorcycle ",0,"No ","Metropolitian ","Stormy","Jam ",0
"7/03/2022","9:45:00","9:50:00",24,"Drinks ",30,4.8,22,"motorcycle ",1,"No ","Metropolitian ","Sandstorms","Low ",1
"19/03/2022","17:50:00","18:05:00",27,"Meal ",34,4.6,7,"scooter ",2,"No ","Metropolitian ","Windy","Medium ",0
"12/03/2022","19:25:00","19:30:00",45,"Buffet ",35,4.3,18,"motorcycle ",0,"No ","Metropolitian ","Stormy","Jam ",2
"9/03/2022","17:20:00","17:35:00",16,"Snack ",23,4.9,19,"motorcycle ",1,"No ","Metropolitian ","Cloudy","Medium ",1
"11/02/2022","20:20:00","20:30:00",27,"Meal ",23,4.6,5,"scooter ",1,"No ","Metropolitian ","Stormy","Jam ",0
"26/03/2022","20:35:00","20:50:00",22,"Drinks ",34,4.8,16,"scooter ",1,"No ","Metropolitian ","Sunny","Jam ",0
"18/03/2022","22:20:00","22:25:00",10,"Drinks ",23,4.6,13,"scooter ",2,"No ","Metropolitian ","Stormy","Low ",0
"13/02/2022","11:20:00","11:35:00",14,"Buffet ",29,4.9,15,"motorcycle ",2,"No ","Urban ","Sandstorms","High ",0
"11/03/2022","9:30:00","9:35:00",25,"Meal ",34,4.8,15,"scooter ",2,"No ","Metropolitian ","Sandstorms","Low ",1
"17/03/2022","12:20:00","12:30:00",32,"Buffet ",36,4.8,15,"motorcycle ",0,"No ","Urban ","Sandstorms","High ",1
"3/03/2022","9:40:00","9:50:00",15,"Buffet ",26,4.4,13,"motorcycle ",0,"No ","Metropolitian ","Stormy","Low ",1
"1/03/2022","18:55:00","19:10:00",13,"Drinks ",29,4.7,21,"scooter ",1,"No ","Urban ","Cloudy","Medium ",1
"21/03/2022","21:50:00","22:00:00",28,"Snack ",36,5,21,"motorcycle ",0,"No ","Metropolitian ","Cloudy","Jam ",0
"14/02/2022","20:50:00","21:05:00",25,"Snack ",20,4.8,18,"motorcycle ",0,"No ","Urban ","Windy","Jam ",1
"3/03/2022","11:00:00","11:05:00",28,"Drinks ",26,4.1,7,"motorcycle ",0,"No ","Metropolitian ","Windy","Low ",1
"5/03/2022","18:45:00","19:00:00",27,"Buffet ",26,4.8,13,"scooter ",2,"No ","Metropolitian ","Windy","Medium ",0
"31/03/2022","18:35:00","18:40:00",36,"Drinks ",33,5,2,"motorcycle ",0,"No ","Metropolitian ","Sunny","Medium ",1
"15/03/2022","12:25:00","12:40:00",18,"Meal ",20,4.8,13,"motorcycle ",0,"No ","Metropolitian ","Stormy","High ",0
"17/02/2022","22:20:00","22:30:00",15,"Drinks ",33,4.6,2,"scooter ",1,"No ","Metropolitian ","Stormy","Low ",1
"6/03/2022","0:00:00","0:10:00",44,"Snack ",32,4.8,16,"motorcycle ",0,"No ","Metropolitian ","Fog","Low ",2
"9/03/2022","19:25:00","19:35:00",46,"Meal ",21,3.6,2,"motorcycle ",0,"No ","Urban ","Sunny","Jam ",1
"6/03/2022","20:35:00","20:45:00",32,"Meal ",37,3.7,5,"scooter ",1,"No ","Metropolitian ","Sandstorms","Jam ",1
"26/03/2022","8:55:00","9:05:00",17,"Snack ",29,4.6,21,"motorcycle ",1,"No ","Metropolitian ","Fog","Low ",0
"18/02/2022","18:15:00","18:25:00",22,"Snack ",31,4.9,4,"motorcycle ",2,"No ","Metropolitian ","Stormy","Medium ",0
"4/03/2022","22:55:00","23:05:00",15,"Drinks ",29,4.5,3,"motorcycle ",0,"No ","Urban ","Stormy","Low ",0
"18/03/2022","20:50:00","21:05:00",25,"Meal ",29,4.9,2,"scooter ",1,"No ","Metropolitian ","Sandstorms","Jam ",0
"18/02/2022","21:50:00","22:00:00",43,"Meal ",33,3.9,20,"scooter ",1,"No ","Metropolitian ","Fog","Jam ",1
"6/03/2022","21:15:00","21:20:00",41,"Meal ",30,4.4,22,"motorcycle ",0,"No ","Metropolitian ","Sandstorms","Jam ",2
"5/04/2022","23:35:00","23:40:00",17,"Drinks ",20,5,23,"motorcycle ",1,"No ","Metropolitian ","Fog","Low ",0
"23/03/2022","21:55:00","22:10:00",19,"Snack ",33,4.6,12,"electric_scooter ",2,"No ","Metropolitian ","Sunny","Jam ",1
"1/03/2022","15:45:00","16:00:00",27,"Drinks ",22,4.9,23,"motorcycle ",0,"No ","Metropolitian ","Windy","Medium ",0
"16/03/2022","18:20:00","18:35:00",38,"Meal ",27,4,5,"scooter ",2,"No ","Metropolitian ","Cloudy","Medium ",0
"14/02/2022","22:00:00","22:10:00",37,"Drinks ",31,4.7,7,"scooter ",2,"No ","Metropolitian ","Stormy","Jam ",1
"2/04/2022","19:10:00","19:15:00",34,"Snack ",38,4.2,21,"electric_scooter ",2,"No ","Urban ","Windy","Jam ",1
"12/02/2022","21:40:00","21:55:00",40,"Drinks ",24,4.9,5,"motorcycle ",2,"No ","Metropolitian ","Stormy","Jam ",1
"27/03/2022","20:25:00","20:30:00",40,"Drinks ",38,4.2,3,"motorcycle ",2,"No ","Urban ","Sandstorms","Jam ",1
"10/03/2022","18:10:00","18:20:00",35,"Meal ",39,4,2,"motorcycle ",0,"No ","Metropolitian ","Sandstorms","Medium ",1
"13/02/2022","11:45:00","11:50:00",20,"Buffet ",34,4.8,3,"motorcycle ",0,"No ","Metropolitian ","Sunny","High ",1
"4/03/2022","18:30:00","18:45:00",38,"Snack ",27,4,2,"motorcycle ",1,"No ","Metropolitian ","Stormy","Medium ",1
"13/02/2022","9:45:00","9:55:00",20,"Meal ",26,4.7,9,"electric_scooter ",2,"No ","Metropolitian ","Sunny","Low ",0
"3/04/2022","15:30:00","15:40:00",18,"Buffet ",35,4.8,9,"electric_scooter ",2,"No ","Metropolitian ","Sunny","Medium ",1
"26/03/2022","14:20:00","14:25:00",40,"Meal ",31,4.7,1,"motorcycle ",0,"No ","Metropolitian ","Sandstorms","High ",1
"28/03/2022","21:50:00","22:00:00",52,"Meal ",22,4.2,2,"motorcycle ",0,"No ","Metropolitian ","Sunny","Jam ",1
"4/04/2022","23:15:00","23:20:00",21,"Meal ",26,4.7,15,"scooter ",2,"No ","Metropolitian ","Fog","Low ",0
"13/03/2022","23:00:00","23:10:00",29,"Snack ",39,4.8,9,"motorcycle ",2,"No ","Metropolitian ","Windy","Low ",1
"31/03/2022","20:45:00","20:50:00",19,"Drinks ",29,4.7,15,"motorcycle ",0,"No ","Metropolitian ","Sunny","Jam ",1
"25/03/2022","21:15:00","21:30:00",43,"Snack ",38,4.4,4,"motorcycle ",0,"No ","Metropolitian ","Stormy","Jam ",0
"1/03/2022","23:20:00","23:25:00",28,"Snack ",33,4.5,18,"scooter ",2,"No ","Metropolitian ","Sandstorms","Low ",0
"3/04/2022","11:45:00","11:50:00",29,"Meal ",39,4.8,1,"motorcycle ",1,"No ","Metropolitian ","Cloudy","High ",1
"15/03/2022","8:20:00","8:25:00",24,"Snack ",21,4.1,13,"motorcycle ",0,"No ","Metropolitian ","Windy","Low ",1
"6/03/2022","18:15:00","18:20:00",41,"Meal ",27,4.8,22,"motorcycle ",0,"No ","Urban ","Sandstorms","Medium ",1
"15/03/2022","12:00:00","12:05:00",22,"Buffet ",26,4.8,22,"motorcycle ",1,"No ","Metropolitian ","Fog","High ",0
"5/03/2022","21:45:00","21:50:00",23,"Meal ",35,4.8,23,"scooter ",1,"No ","Metropolitian ","Sunny","Jam ",1
"9/03/2022","9:50:00","10:05:00",22,"Meal ",37,4.3,19,"motorcycle ",0,"No ","Metropolitian ","Stormy","Low ",1
"30/03/2022","22:20:00","22:30:00",26,"Drinks ",39,4.6,6,"electric_scooter ",2,"No ","Urban ","Windy","Low ",1
"9/03/2022","13:25:00","13:35:00",22,"Snack ",28,4.6,18,"electric_scooter ",2,"No ","Metropolitian ","Cloudy","High ",1
"1/04/2022","19:00:00","19:15:00",17,"Snack ",29,4.8,23,"scooter ",1,"No ","Metropolitian ","Cloudy","Medium ",1
"4/04/2022","23:30:00","23:35:00",10,"Meal ",28,4.8,19,"motorcycle ",1,"No ","Urban ","Windy","Low ",1
"11/03/2022","17:25:00","17:30:00",15,"Snack ",20,5,17,"electric_scooter ",2,"No ","Metropolitian ","Sunny","Medium ",0
"2/03/2022","19:10:00","19:15:00",41,"Meal ",31,4.2,13,"motorcycle ",0,"No ","Metropolitian ","Sandstorms","Jam ",1
"21/03/2022","17:25:00","17:30:00",22,"Buffet ",23,4.6,16,"scooter ",2,"No ","Metropolitian ","Windy","Medium ",1
"18/03/2022","22:15:00","22:30:00",20,"Meal ",24,4.5,6,"motorcycle ",0,"No ","Metropolitian ","Fog","Low ",1
"16/03/2022","0:00:00","0:10:00",20,"Buffet ",25,4.9,17,"electric_scooter ",2,"No ","Urban ","Cloudy","Low ",0
"12/02/2022","20:15:00","20:25:00",23,"Buffet ",33,4.9,7,"motorcycle ",1,"No ","Metropolitian ","Sunny","Jam ",0
"13/03/2022","10:40:00","10:55:00",17,"Drinks ",35,4.8,22,"motorcycle ",1,"No ","Metropolitian ","Cloudy","Low ",0
"3/04/2022","12:40:00","12:50:00",34,"Buffet ",32,4,5,"motorcycle ",2,"No ","Metropolitian ","Sandstorms","High ",1
"13/02/2022","10:30:00","10:45:00",24,"Drinks ",34,4.9,5,"scooter ",2,"No ","Metropolitian ","Stormy","Low ",1
"1/04/2022","12:00:00","12:15:00",31,"Snack ",34,4.9,6,"motorcycle ",0,"No ","Metropolitian ","Windy","High ",0
"19/03/2022","17:00:00","17:15:00",24,"Snack ",29,4.7,21,"motorcycle ",0,"No ","Urban ","Stormy","Medium ",1
"6/03/2022","22:15:00","22:25:00",29,"Snack ",25,4.9,23,"motorcycle ",0,"No ","Metropolitian ","Sunny","Low ",1
"24/03/2022","18:10:00","18:20:00",15,"Drinks ",29,4.6,23,"scooter ",2,"No ","Urban ","Fog","Medium ",1
"2/04/2022","19:10:00","19:25:00",43,"Buffet ",32,3.8,9,"motorcycle ",2,"No ","Metropolitian ","Sandstorms","Jam ",0
"30/03/2022","16:30:00","16:40:00",32,"Snack ",36,4.2,7,"motorcycle ",1,"No ","Metropolitian ","Windy","Medium ",1
"23/03/2022","19:40:00","19:45:00",40,"Snack ",33,4.7,9,"motorcycle ",1,"No ","Metropolitian ","Fog","Jam ",1
"21/03/2022","11:35:00","11:45:00",37,"Snack ",34,4.3,7,"scooter ",2,"No ","Metropolitian ","Cloudy","High ",0
"27/03/2022","20:35:00","20:45:00",36,"Meal ",37,4.8,3,"motorcycle ",0,"No ","Metropolitian ","Windy","Jam ",0
"17/03/2022","20:15:00","20:20:00",21,"Snack ",26,4.6,17,"motorcycle ",0,"No ","Metropolitian ","Cloudy","Jam ",1
"8/03/2022","17:55:00","18:00:00",37,"Meal ",28,4.1,3,"electric_scooter ",2,"No ","Metropolitian ","Fog","Medium ",1
"15/02/2022","11:00:00","11:05:00",11,"Buffet ",31,4.8,17,"scooter ",1,"No ","Urban ","Sunny","Low ",0
"28/03/2022","21:10:00","21:25:00",15,"Meal ",23,4.5,17,"scooter ",1,"No ","Metropolitian ","Sunny","Jam ",1
"13/03/2022","8:10:00","8:25:00",19,"Snack ",30,4.8,15,"scooter ",2,"No ","Metropolitian ","Sunny","Low ",1
"1/03/2022","9:10:00","9:25:00",29,"Drinks ",36,4.4,17,"motorcycle ",0,"No ","Metropolitian ","Windy","Low ",0
"9/03/2022","22:00:00","22:05:00",23,"Drinks ",24,4.8,23,"scooter ",2,"No ","Metropolitian ","Fog","Jam ",1
"26/03/2022","10:25:00","10:35:00",28,"Buffet ",37,4.9,18,"scooter ",2,"No ","Metropolitian ","Sandstorms","Low ",0
"18/03/2022","20:00:00","20:05:00",25,"Snack ",23,4.6,11,"motorcycle ",0,"No ","Metropolitian ","Stormy","Jam ",1
"15/03/2022","17:50:00","18:05:00",29,"Drinks ",26,4.9,23,"scooter ",1,"No ","Metropolitian ","Stormy","Medium ",0
"27/03/2022","23:25:00","23:30:00",30,"Snack ",38,4.9,8,"motorcycle ",1,"No ","Metropolitian ","Fog","Low ",1
"11/02/2022","9:55:00","10:05:00",17,"Meal ",29,4.9,17,"scooter ",2,"No ","Urban ","Sunny","Low ",1
"4/04/2022","19:30:00","19:35:00",38,"Drinks ",28,4.6,23,"motorcycle ",0,"No ","Metropolitian ","Windy","Jam ",1
"30/03/2022","22:25:00","22:40:00",15,"Drinks ",29,4.2,23,"motorcycle ",0,"No ","Metropolitian ","Stormy","Low ",1
"21/03/2022","18:15:00","18:20:00",30,"Meal ",38,4.5,3,"motorcycle ",0,"No ","Metropolitian ","Stormy","Medium ",1
"7/03/2022","8:35:00","8:45:00",21,"Snack ",30,4.8,9,"motorcycle ",1,"No ","Metropolitian ","Sandstorms","Low ",1
"3/04/2022","17:50:00","18:00:00",25,"Drinks ",24,4.6,19,"scooter ",1,"No ","Metropolitian ","Stormy","Medium ",0
"11/03/2022","12:45:00","13:00:00",30,"Meal ",23,4.7,17,"scooter ",1,"No ","Metropolitian ","Cloudy","High ",1
"29/03/2022","22:00:00","22:15:00",33,"Meal ",29,4.3,15,"motorcycle ",2,"No ","Urban ","Fog","Jam ",1
"21/03/2022","9:40:00","9:50:00",26,"Buffet ",24,4.1,18,"motorcycle ",0,"No ","Metropolitian ","Sandstorms","Low ",1
"24/03/2022","22:10:00","22:25:00",13,"Snack ",28,4.7,21,"motorcycle ",0,"No ","Metropolitian ","Sunny","Low ",0
"16/03/2022","19:35:00","19:45:00",34,"Snack ",31,4.4,17,"electric_scooter ",2,"No ","Metropolitian ","Sandstorms","Jam ",2
"23/03/2022","19:55:00","20:05:00",25,"Buffet ",27,4.5,21,"scooter ",2,"No ","Metropolitian ","Windy","Jam ",1
"1/04/2022","8:35:00","8:45:00",10,"Buffet ",26,4.7,22,"motorcycle ",1,"No ","Metropolitian ","Stormy","Low ",0
"13/02/2022","18:15:00","18:25:00",26,"Meal ",31,4.8,2,"motorcycle ",1,"No ","Metropolitian ","Windy","Medium ",0
"4/04/2022","20:25:00","20:30:00",46,"Drinks ",33,4.8,3,"motorcycle ",0,"No ","Metropolitian ","Fog","Jam ",3
"27/03/2022","21:10:00","21:20:00",18,"Meal ",33,4.8,19,"scooter ",2,"No ","Metropolitian ","Sunny","Jam ",0
"8/03/2022","22:00:00","22:15:00",48,"Snack ",34,4.2,5,"motorcycle ",0,"No ","Metropolitian ","Sandstorms","Jam ",3
"24/03/2022","17:45:00","18:00:00",24,"Drinks ",25,4.7,23,"scooter ",2,"No ","Metropolitian ","Stormy","Medium ",0
"19/03/2022","9:10:00","9:20:00",15,"Snack ",28,4.6,22,"scooter ",1,"No ","Metropolitian ","Windy","Low ",0
"7/03/2022","19:35:00","19:50:00",38,"Drinks ",39,4.6,19,"motorcycle ",1,"No ","Metropolitian ","Fog","Jam ",2
"16/03/2022","20:35:00","20:50:00",40,"Meal ",22,4.3,14,"scooter ",2,"No ","Metropolitian ","Cloudy","Jam ",1
"4/04/2022","22:40:00","22:55:00",23,"Meal ",34,4.8,23,"motorcycle ",0,"No ","Metropolitian ","Stormy","Low ",0
"5/04/2022","21:20:00","21:35:00",19,"Snack ",28,4.9,23,"motorcycle ",2,"No ","Metropolitian ","Sunny","Jam ",1
"3/04/2022","18:50:00","19:00:00",28,"Meal ",24,4.6,22,"electric_scooter ",2,"No ","Metropolitian ","Windy","Medium ",1
"18/03/2022","17:50:00","18:00:00",42,"Snack ",32,4.1,16,"motorcycle ",2,"No ","Metropolitian ","Cloudy","Medium ",1
"10/03/2022","23:20:00","23:25:00",19,"Meal ",33,5,15,"scooter ",1,"No ","Urban ","Sunny","Low ",0
"18/03/2022","19:35:00","19:50:00",36,"Drinks ",33,4.3,19,"electric_scooter ",2,"No ","Metropolitian ","Cloudy","Jam ",0
"16/03/2022","17:10:00","17:20:00",27,"Meal ",35,4.7,14,"scooter ",2,"No ","Metropolitian ","Stormy","Medium ",0
"28/03/2022","18:55:00","19:00:00",19,"Snack ",39,4.6,21,"motorcycle ",1,"No ","Urban ","Fog","Medium ",1
"11/03/2022","17:15:00","17:25:00",17,"Buffet ",25,4.8,22,"electric_scooter ",2,"No ","Urban ","Fog","Medium ",1
"17/02/2022","15:50:00","15:55:00",28,"Meal ",22,5,6,"motorcycle ",1,"No ","Metropolitian ","Fog","Medium ",0
"7/03/2022","14:10:00","14:25:00",27,"Meal ",34,4.6,17,"motorcycle ",1,"No ","Metropolitian ","Fog","High ",1
"1/03/2022","13:50:00","14:00:00",26,"Meal ",39,4.7,16,"motorcycle ",0,"No ","Metropolitian ","Sunny","High ",1
"27/03/2022","22:25:00","22:35:00",32,"Snack ",20,2.6,5,"scooter ",1,"No ","Metropolitian ","Sunny","Low ",1
"23/03/2022","20:45:00","21:00:00",50,"Snack ",37,4.8,5,"motorcycle ",0,"No ","Metropolitian ","Fog","Jam ",1
"23/03/2022","17:55:00","18:10:00",28,"Meal ",33,4.5,2,"motorcycle ",1,"No ","Urban ","Stormy","Medium ",1
"7/03/2022","8:50:00","8:55:00",18,"Snack ",32,4.9,17,"motorcycle ",2,"No ","Metropolitian ","Fog","Low ",0
"18/03/2022","20:10:00","20:20:00",23,"Snack ",23,4.9,8,"scooter ",1,"No ","Metropolitian ","Sandstorms","Jam ",0
"3/04/2022","18:35:00","18:45:00",19,"Snack ",30,4.7,22,"electric_scooter ",2,"No ","Metropolitian ","Cloudy","Medium ",1
"31/03/2022","20:15:00","20:25:00",34,"Buffet ",25,5,13,"scooter ",1,"No ","Metropolitian ","Cloudy","Jam ",1
"1/04/2022","21:35:00","21:50:00",10,"Drinks ",20,4.8,17,"scooter ",1,"No ","Urban ","Sunny","Jam ",0
"20/03/2022","17:15:00","17:30:00",25,"Drinks ",38,4.6,18,"electric_scooter ",2,"No ","Metropolitian ","Windy","Medium ",0
"28/03/2022","23:00:00","23:05:00",11,"Drinks ",20,4.5,1,"scooter ",2,"No ","Urban ","Stormy","Low ",1
"24/03/2022","21:15:00","21:25:00",11,"Meal ",24,4.7,18,"scooter ",2,"No ","Urban ","Sandstorms","Jam ",0
"9/03/2022","8:25:00","8:40:00",19,"Meal ",37,4.6,22,"scooter ",2,"No ","Metropolitian ","Fog","Low ",0
"6/03/2022","18:55:00","19:10:00",34,"Buffet ",29,4.6,17,"motorcycle ",2,"No ","Metropolitian ","Sunny","Medium ",1
"1/04/2022","22:35:00","22:45:00",10,"Buffet ",20,4.6,19,"motorcycle ",2,"No ","Metropolitian ","Fog","Low ",1
"27/03/2022","20:00:00","20:10:00",17,"Drinks ",26,4.8,16,"motorcycle ",1,"No ","Metropolitian ","Stormy","Jam ",0
"11/02/2022","19:55:00","20:05:00",33,"Buffet ",31,4.9,9,"electric_scooter ",2,"No ","Metropolitian ","Fog","Jam ",1
"20/03/2022","23:35:00","23:45:00",17,"Drinks ",24,4.9,19,"motorcycle ",2,"No ","Metropolitian ","Stormy","Low ",1
"15/02/2022","17:40:00","17:55:00",28,"Buffet ",32,4.8,19,"motorcycle ",0,"No ","Urban ","Sunny","Medium ",0
"4/03/2022","23:35:00","23:50:00",29,"Meal ",32,4.9,13,"scooter ",1,"No ","Metropolitian ","Fog","Low ",1
"17/02/2022","23:20:00","23:35:00",16,"Meal ",37,4.5,7,"scooter ",2,"No ","Metropolitian ","Sandstorms","Low ",0
"13/02/2022","10:50:00","11:00:00",12,"Meal ",28,4.7,23,"motorcycle ",2,"No ","Urban ","Stormy","Low ",1
"17/02/2022","11:40:00","11:45:00",26,"Buffet ",32,4.8,7,"electric_scooter ",2,"No ","Metropolitian ","Sandstorms","High ",1
"24/03/2022","17:50:00","18:05:00",39,"Drinks ",39,4.2,2,"motorcycle ",0,"No ","Metropolitian ","Stormy","Medium ",1
"2/03/2022","23:15:00","23:25:00",36,"Drinks ",30,3.7,6,"motorcycle ",1,"No ","Metropolitian ","Stormy","Low ",1
"11/03/2022","20:10:00","20:20:00",19,"Drinks ",24,4.5,15,"electric_scooter ",2,"No ","Metropolitian ","Windy","Jam ",1
"5/04/2022","22:00:00","22:15:00",26,"Snack ",35,4.9,22,"electric_scooter ",2,"No ","Metropolitian ","Windy","Jam ",1
"1/04/2022","22:55:00","23:05:00",15,"Drinks ",35,4.8,9,"scooter ",2,"No ","Metropolitian ","Fog","Low ",0
"24/03/2022","18:00:00","18:10:00",27,"Buffet ",21,4.8,23,"scooter ",2,"No ","Metropolitian ","Stormy","Medium ",0
"2/03/2022","17:35:00","17:40:00",38,"Meal ",28,4,3,"motorcycle ",2,"No ","Metropolitian ","Stormy","Medium ",1
"6/03/2022","18:40:00","18:55:00",25,"Meal ",21,4.8,21,"motorcycle ",0,"No ","Metropolitian ","Sunny","Medium ",1
"17/02/2022","19:40:00","19:55:00",31,"Snack ",35,4.6,8,"motorcycle ",0,"No ","Metropolitian ","Sandstorms","Jam ",1
"23/03/2022","21:00:00","21:10:00",26,"Drinks ",36,4.6,18,"scooter ",1,"No ","Metropolitian ","Windy","Jam ",1
"3/04/2022","18:10:00","18:15:00",13,"Drinks ",24,4.8,19,"scooter ",2,"No ","Metropolitian ","Fog","Medium ",1
"11/02/2022","10:20:00","10:25:00",17,"Buffet ",28,4.7,4,"scooter ",1,"No ","Metropolitian ","Windy","Low ",0
"15/03/2022","10:10:00","10:20:00",28,"Snack ",37,4.5,16,"motorcycle ",0,"No ","Metropolitian ","Sandstorms","Low ",0
"26/03/2022","8:30:00","8:45:00",25,"Buffet ",38,4.6,16,"electric_scooter ",2,"No ","Metropolitian ","Windy","Low ",1
"1/03/2022","9:45:00","10:00:00",15,"Drinks ",26,4.7,22,"scooter ",1,"No ","Metropolitian ","Stormy","Low ",0
"17/02/2022","11:15:00","11:30:00",46,"Drinks ",28,4.1,12,"motorcycle ",0,"No ","Metropolitian ","Sunny","High ",2
"2/04/2022","21:20:00","21:35:00",52,"Snack ",39,4.3,15,"motorcycle ",0,"Yes ","Metropolitian ","Stormy","Jam ",3
"16/02/2022","23:55:00","0:05:00",18,"Snack ",32,4.8,7,"motorcycle ",1,"No ","Metropolitian ","Sandstorms","Low ",0
"3/03/2022","17:25:00","17:35:00",12,"Buffet ",22,4.9,13,"scooter ",2,"No ","Metropolitian ","Fog","Medium ",0
"19/03/2022","23:00:00","23:10:00",15,"Buffet ",21,4.6,18,"scooter ",2,"No ","Urban ","Fog","Low ",1
"4/04/2022","17:30:00","17:45:00",31,"Snack ",39,4.3,13,"motorcycle ",2,"No ","Metropolitian ","Cloudy","Medium ",1
"17/03/2022","11:40:00","11:45:00",21,"Meal ",32,4.7,3,"motorcycle ",2,"No ","Metropolitian ","Sunny","High ",1
"2/03/2022","18:50:00","19:00:00",39,"Buffet ",35,4.6,18,"motorcycle ",0,"No ","Metropolitian ","Sunny","Medium ",0
"6/04/2022","19:20:00","19:30:00",50,"Meal ",32,4.7,17,"motorcycle ",0,"No ","Metropolitian ","Cloudy","Jam ",1
"5/04/2022","12:30:00","12:35:00",25,"Drinks ",36,4.6,23,"scooter ",1,"No ","Metropolitian ","Windy","High ",1
"30/03/2022","11:50:00","11:55:00",36,"Drinks ",25,4.1,5,"motorcycle ",0,"No ","Metropolitian ","Sandstorms","High ",2
"3/04/2022","17:25:00","17:35:00",25,"Meal ",34,4.6,21,"scooter ",1,"No ","Metropolitian ","Windy","Medium ",1
"1/03/2022","23:20:00","23:30:00",15,"Snack ",27,4.9,21,"motorcycle ",1,"No ","Metropolitian ","Fog","Low ",0
"24/03/2022","16:45:00","16:55:00",14,"Meal ",24,5,15,"motorcycle ",2,"No ","Urban ","Sunny","Medium ",0
"25/03/2022","17:55:00","18:05:00",39,"Snack ",32,4.1,8,"motorcycle ",0,"No ","Metropolitian ","Stormy","Medium ",1
"31/03/2022","23:15:00","23:25:00",28,"Buffet ",28,4.7,14,"electric_scooter ",2,"No ","Metropolitian ","Fog","Low ",1
"6/04/2022","17:15:00","17:30:00",16,"Meal ",27,4.6,18,"electric_scooter ",2,"No ","Metropolitian ","Sunny","Medium ",1
"4/03/2022","17:15:00","17:20:00",29,"Buffet ",29,4.7,19,"motorcycle ",1,"No ","Metropolitian ","Sandstorms","Medium ",0
"1/04/2022","15:00:00","15:05:00",21,"Buffet ",24,4.7,9,"motorcycle ",0,"No ","Metropolitian ","Sandstorms","High ",0
"18/02/2022","19:00:00","19:10:00",40,"Drinks ",32,4.8,21,"motorcycle ",0,"Yes ","Urban ","Windy","Medium ",1
"23/03/2022","21:20:00","21:30:00",28,"Buffet ",20,4.5,19,"electric_scooter ",2,"No ","Metropolitian ","Stormy","Jam ",0
"10/03/2022","22:15:00","22:20:00",12,"Meal ",22,4.6,12,"motorcycle ",1,"No ","Metropolitian ","Windy","Low ",1
"6/04/2022","18:15:00","18:25:00",10,"Drinks ",21,4.9,23,"scooter ",2,"No ","Urban ","Sunny","Medium ",0
"5/04/2022","18:40:00","18:45:00",31,"Drinks ",32,5,15,"scooter ",2,"No ","Metropolitian ","Stormy","Medium ",1
"11/03/2022","20:55:00","21:10:00",27,"Drinks ",23,4.8,23,"motorcycle ",0,"No ","Metropolitian ","Sandstorms","Jam ",1
"15/02/2022","11:20:00","11:30:00",29,"Buffet ",36,4.7,7,"electric_scooter ",2,"No ","Metropolitian ","Fog","High ",1
"21/03/2022","18:20:00","18:35:00",28,"Buffet ",22,4.7,19,"motorcycle ",1,"No ","Metropolitian ","Windy","Medium ",0
"25/03/2022","20:10:00","20:20:00",19,"Snack ",26,4.6,16,"scooter ",1,"No ","Metropolitian ","Windy","Jam ",1
"1/04/2022","17:40:00","17:55:00",23,"Buffet ",23,4.9,23,"scooter ",2,"No ","Metropolitian ","Sandstorms","Medium ",0
"16/02/2022","18:10:00","18:25:00",27,"Snack ",36,4.8,2,"scooter ",1,"No ","Metropolitian ","Stormy","Medium ",0
"25/03/2022","21:15:00","21:20:00",36,"Snack ",34,5,11,"motorcycle ",0,"No ","Metropolitian ","Windy","Jam ",1
"25/03/2022","20:15:00","20:20:00",35,"Buffet ",36,4.3,6,"motorcycle ",0,"No ","Metropolitian ","Windy","Jam ",1
"5/03/2022","21:45:00","21:50:00",41,"Drinks ",25,3.5,3,"motorcycle ",0,"No ","Metropolitian ","Sunny","Jam ",1
"5/04/2022","16:30:00","16:40:00",20,"Meal ",26,4.7,16,"scooter ",1,"No ","Metropolitian ","Windy","Medium ",0
"23/03/2022","22:20:00","22:30:00",33,"Snack ",33,3.6,8,"motorcycle ",1,"No ","Metropolitian ","Fog","Low ",1
"2/03/2022","18:50:00","19:00:00",29,"Buffet ",39,4.8,15,"scooter ",2,"No ","Metropolitian ","Sunny","Medium ",1
"13/03/2022","22:00:00","22:05:00",40,"Buffet ",38,4.9,13,"motorcycle ",0,"No ","Metropolitian ","Sandstorms","Jam ",1
"27/03/2022","17:25:00","17:35:00",11,"Meal ",25,4.8,17,"motorcycle ",1,"No ","Urban ","Sunny","Medium ",0
"24/03/2022","12:50:00","12:55:00",31,"Meal ",36,4.1,11,"motorcycle ",1,"No ","Metropolitian ","Cloudy","High ",1
"13/03/2022","11:50:00","11:55:00",21,"Buffet ",26,4.9,21,"motorcycle ",1,"No ","Urban ","Stormy","High ",1
"6/04/2022","23:10:00","23:20:00",15,"Drinks ",32,4.6,16,"scooter ",2,"No ","Metropolitian ","Windy","Low ",0
"27/03/2022","21:55:00","22:10:00",28,"Snack ",24,4.5,21,"scooter ",1,"No ","Metropolitian ","Stormy","Jam ",1
"31/03/2022","23:35:00","23:40:00",22,"Drinks ",27,4.8,23,"motorcycle ",0,"No ","Metropolitian ","Fog","Low ",1
"19/03/2022","16:20:00","16:35:00",16,"Drinks ",37,4.8,9,"scooter ",2,"No ","Metropolitian ","Sunny","Medium ",0
"11/03/2022","17:00:00","17:15:00",27,"Buffet ",26,4.7,15,"motorcycle ",0,"No ","Metropolitian ","Cloudy","Medium ",1
"27/03/2022","17:25:00","17:40:00",32,"Snack ",31,3.8,9,"motorcycle ",1,"No ","Metropolitian ","Stormy","Medium ",1
"4/04/2022","17:15:00","17:25:00",29,"Drinks ",35,4.5,1,"scooter ",2,"No ","Metropolitian ","Stormy","Medium ",1
"1/04/2022","9:20:00","9:25:00",18,"Meal ",35,4.9,19,"scooter ",1,"No ","Metropolitian ","Cloudy","Low ",1
"8/03/2022","22:45:00","22:50:00",30,"Snack ",33,4.8,9,"motorcycle ",0,"No ","Metropolitian ","Sunny","Low ",1
"2/04/2022","19:45:00","20:00:00",41,"Buffet ",32,4.9,5,"motorcycle ",0,"No ","Metropolitian ","Fog","Jam ",0
"5/04/2022","8:35:00","8:45:00",11,"Meal ",22,4.6,15,"scooter ",2,"No ","Metropolitian ","Stormy","Low ",0
"10/03/2022","20:10:00","20:20:00",40,"Meal ",34,4,11,"motorcycle ",2,"No ","Metropolitian ","Cloudy","Jam ",1
"9/03/2022","20:55:00","21:00:00",30,"Snack ",38,4.7,14,"motorcycle ",0,"No ","Metropolitian ","Fog","Jam ",0
"6/03/2022","21:55:00","22:05:00",29,"Buffet ",28,4.6,22,"scooter ",1,"No ","Urban ","Stormy","Jam ",1
"30/03/2022","9:30:00","9:35:00",26,"Meal ",34,4.6,3,"motorcycle ",0,"No ","Urban ","Cloudy","Low ",1
"13/03/2022","20:20:00","20:35:00",12,"Meal ",27,4.6,19,"motorcycle ",1,"No ","Urban ","Sunny","Jam ",0
"28/03/2022","22:20:00","22:35:00",16,"Snack ",24,4.9,18,"motorcycle ",1,"No ","Urban ","Fog","Low ",1
"4/03/2022","22:35:00","22:40:00",26,"Buffet ",39,4.6,23,"motorcycle ",2,"No ","Metropolitian ","Stormy","Low ",1
"29/03/2022","17:30:00","17:35:00",46,"Snack ",37,4.2,6,"motorcycle ",0,"No ","Metropolitian ","Stormy","Medium ",1
"17/02/2022","17:40:00","17:50:00",16,"Drinks ",30,4.6,9,"motorcycle ",1,"No ","Metropolitian ","Stormy","Medium ",1
"2/04/2022","21:00:00","21:05:00",42,"Drinks ",39,4.9,19,"motorcycle ",0,"No ","Urban ","Fog","Jam ",1
"14/03/2022","20:25:00","20:40:00",41,"Drinks ",39,4,13,"electric_scooter ",2,"No ","Metropolitian ","Fog","Jam ",0
"12/03/2022","17:35:00","17:50:00",26,"Snack ",35,4.5,6,"electric_scooter ",2,"No ","Urban ","Sunny","Medium ",1
"19/03/2022","21:55:00","22:05:00",34,"Snack ",30,4.6,23,"motorcycle ",0,"No ","Metropolitian ","Cloudy","Jam ",1
"21/03/2022","22:45:00","22:55:00",13,"Snack ",26,4.6,12,"electric_scooter ",2,"No ","Metropolitian ","Windy","Low ",1
"29/03/2022","22:20:00","22:30:00",27,"Buffet ",28,4.7,23,"motorcycle ",0,"No ","Metropolitian ","Sunny","Low ",1
"1/04/2022","18:10:00","18:20:00",28,"Meal ",39,4.6,22,"motorcycle ",0,"No ","Metropolitian ","Cloudy","Medium ",1
"5/03/2022","13:20:00","13:30:00",10,"Buffet ",22,4.5,9,"scooter ",2,"No ","Metropolitian ","Stormy","High ",1
"3/03/2022","21:50:00","22:05:00",23,"Snack ",24,4.6,19,"scooter ",2,"No ","Metropolitian ","Fog","Jam ",0
"2/03/2022","22:00:00","22:10:00",29,"Drinks ",27,4.8,22,"scooter ",2,"No ","Metropolitian ","Stormy","Jam ",1
"25/03/2022","22:30:00","22:35:00",18,"Meal ",30,4.7,23,"scooter ",1,"No ","Metropolitian ","Stormy","Low ",1
"5/03/2022","9:35:00","9:45:00",19,"Drinks ",26,4.8,23,"scooter ",2,"No ","Metropolitian ","Sunny","Low ",0
"5/04/2022","17:20:00","17:35:00",16,"Meal ",32,4.9,17,"motorcycle ",1,"No ","Urban ","Sunny","Medium ",0
"18/03/2022","21:40:00","21:55:00",38,"Drinks ",28,4.9,21,"motorcycle ",0,"No ","Metropolitian ","Windy","Jam ",0
"19/03/2022","18:40:00","18:45:00",25,"Drinks ",29,4.7,7,"motorcycle ",1,"No ","Metropolitian ","Stormy","Medium ",1
"6/04/2022","22:25:00","22:40:00",24,"Drinks ",24,4.7,17,"motorcycle ",0,"No ","Metropolitian ","Cloudy","Low ",0
"26/03/2022","23:30:00","23:45:00",34,"Drinks ",31,4.2,2,"motorcycle ",0,"No ","Metropolitian ","Windy","Low ",1
"14/03/2022","20:45:00","20:50:00",43,"Snack ",38,4.2,4,"motorcycle ",1,"Yes ","Metropolitian ","Windy","Jam ",2
"10/03/2022","23:40:00","23:55:00",44,"Snack ",33,5,19,"motorcycle ",0,"No ","Metropolitian ","Fog","Low ",1
"4/03/2022","18:20:00","18:25:00",25,"Buffet ",27,4.6,23,"scooter ",1,"No ","Metropolitian ","Stormy","Medium ",0
"6/03/2022","23:55:00","0:10:00",26,"Snack ",27,4.6,21,"scooter ",1,"No ","Metropolitian ","Fog","Low ",1
"15/03/2022","14:55:00","15:00:00",27,"Buffet ",29,4.7,14,"motorcycle ",0,"No ","Metropolitian ","Cloudy","High ",0
"20/03/2022","21:30:00","21:40:00",26,"Drinks ",37,5,19,"scooter ",1,"No ","Urban ","Sandstorms","Jam ",1
"3/03/2022","23:30:00","23:35:00",23,"Meal ",28,4.7,23,"motorcycle ",0,"No ","Urban ","Cloudy","Low ",0
"17/03/2022","17:15:00","17:30:00",16,"Snack ",28,5,13,"motorcycle ",1,"No ","Metropolitian ","Fog","Medium ",0
"11/03/2022","18:35:00","18:50:00",16,"Buffet ",36,5,19,"electric_scooter ",2,"No ","Metropolitian ","Cloudy","Medium ",1
"7/03/2022","12:20:00","12:25:00",22,"Snack ",30,4.7,23,"scooter ",2,"No ","Metropolitian ","Sunny","High ",0
"23/03/2022","23:15:00","23:20:00",29,"Snack ",36,4.8,5,"motorcycle ",0,"No ","Metropolitian ","Windy","Low ",1
"26/03/2022","22:55:00","23:00:00",34,"Meal ",33,4,11,"motorcycle ",0,"No ","Metropolitian ","Windy","Low ",1
"20/03/2022","22:00:00","22:15:00",54,"Snack ",30,4.5,1,"motorcycle ",0,"Yes ","Urban ","Fog","Jam ",2
"17/03/2022","20:15:00","20:20:00",21,"Snack ",26,4.6,17,"motorcycle ",0,"No ","Metropolitian ","Cloudy","Jam ",1
"3/03/2022","18:50:00","18:55:00",33,"Drinks ",36,4.3,23,"electric_scooter ",2,"No ","Metropolitian ","Windy","Medium ",1
"29/03/2022","23:00:00","23:10:00",22,"Meal ",23,4.8,16,"motorcycle ",0,"No ","Metropolitian ","Sandstorms","Low ",0
"14/03/2022","21:15:00","21:30:00",36,"Snack ",23,4.6,15,"motorcycle ",1,"No ","Urban ","Cloudy","Jam ",1
"11/02/2022","17:45:00","17:50:00",31,"Meal ",35,4.4,9,"scooter ",2,"No ","Metropolitian ","Stormy","Medium ",0
"18/02/2022","23:10:00","23:15:00",18,"Buffet ",33,4.9,6,"scooter ",2,"No ","Metropolitian ","Sandstorms","Low ",1
"29/03/2022","22:20:00","22:35:00",16,"Drinks ",28,4.7,3,"motorcycle ",0,"No ","Urban ","Windy","Low ",1
"17/03/2022","17:45:00","18:00:00",17,"Meal ",28,4.8,15,"motorcycle ",0,"No ","Urban ","Stormy","Medium ",0
"1/03/2022","22:55:00","23:05:00",18,"Drinks ",20,4.6,22,"scooter ",2,"No ","Metropolitian ","Fog","Low ",0
"12/02/2022","22:15:00","22:20:00",36,"Drinks ",33,4.6,2,"motorcycle ",0,"No ","Metropolitian ","Stormy","Low ",2
"18/02/2022","18:25:00","18:30:00",21,"Drinks ",38,4.9,9,"motorcycle ",2,"No ","Metropolitian ","Sandstorms","Medium ",1
"5/03/2022","23:55:00","0:05:00",21,"Drinks ",39,4.7,9,"motorcycle ",0,"No ","Metropolitian ","Stormy","Low ",1
"24/03/2022","9:50:00","10:00:00",15,"Snack ",27,4.8,14,"scooter ",2,"No ","Metropolitian ","Cloudy","Low ",1
"5/04/2022","16:30:00","16:45:00",19,"Buffet ",22,4.6,17,"motorcycle ",0,"No ","Metropolitian ","Sandstorms","Medium ",0
"19/03/2022","20:45:00","20:50:00",38,"Snack ",34,4.1,17,"scooter ",1,"No ","Metropolitian ","Cloudy","Jam ",1
"15/03/2022","23:55:00","0:10:00",19,"Meal ",21,4.7,9,"motorcycle ",0,"No ","Metropolitian ","Cloudy","Low ",0
"15/03/2022","10:15:00","10:30:00",15,"Snack ",28,4.6,22,"electric_scooter ",2,"No ","Urban ","Sandstorms","Low ",1
"20/03/2022","19:35:00","19:50:00",38,"Meal ",33,4.4,8,"scooter ",2,"No ","Metropolitian ","Sandstorms","Jam ",1
"5/03/2022","22:20:00","22:35:00",13,"Buffet ",21,4.7,15,"motorcycle ",1,"No ","Metropolitian ","Windy","Low ",0
"6/04/2022","20:50:00","21:05:00",33,"Buffet ",30,3.6,5,"scooter ",2,"No ","Metropolitian ","Stormy","Jam ",0
"1/04/2022","9:40:00","9:50:00",11,"Drinks ",25,5,23,"motorcycle ",2,"No ","Metropolitian ","Windy","Low ",0
"12/02/2022","21:25:00","21:30:00",34,"Meal ",28,4.8,4,"scooter ",2,"No ","Metropolitian ","Stormy","Jam ",1
"5/03/2022","23:15:00","23:30:00",26,"Drinks ",36,4.9,12,"motorcycle ",0,"No ","Metropolitian ","Sunny","Low ",1
"1/03/2022","18:25:00","18:40:00",22,"Meal ",22,4.6,21,"scooter ",2,"No ","Urban ","Stormy","Medium ",1
"3/03/2022","19:10:00","19:20:00",23,"Buffet ",24,4.7,21,"motorcycle ",0,"No ","Metropolitian ","Sandstorms","Jam ",1
"19/03/2022","18:25:00","18:30:00",28,"Buffet ",28,4.8,16,"scooter ",2,"No ","Urban ","Sandstorms","Medium ",1
"5/03/2022","16:45:00","17:00:00",32,"Drinks ",31,4.9,13,"motorcycle ",0,"No ","Metropolitian ","Sunny","Medium ",1
"29/03/2022","22:25:00","22:35:00",15,"Meal ",33,4.6,17,"scooter ",1,"No ","Metropolitian ","Stormy","Low ",1
"14/03/2022","22:10:00","22:20:00",28,"Meal ",29,4.7,17,"scooter ",2,"No ","Metropolitian ","Sunny","Low ",0
"8/03/2022","23:10:00","23:15:00",18,"Drinks ",27,4.6,16,"scooter ",2,"No ","Metropolitian ","Windy","Low ",0
"2/03/2022","23:45:00","0:00:00",11,"Buffet ",28,4.5,4,"motorcycle ",1,"No ","Urban ","Stormy","Low ",0
"15/03/2022","18:30:00","18:40:00",15,"Meal ",25,4.8,23,"motorcycle ",0,"No ","Metropolitian ","Stormy","Medium ",0
"20/03/2022","21:50:00","22:05:00",41,"Snack ",25,4.6,13,"electric_scooter ",2,"Yes ","Metropolitian ","Fog","Jam ",1
"15/03/2022","22:45:00","23:00:00",26,"Buffet ",38,4.7,19,"scooter ",2,"No ","Metropolitian ","Windy","Low ",0
"1/03/2022","11:50:00","12:00:00",33,"Meal ",20,4.7,15,"scooter ",1,"No ","Metropolitian ","Fog","High ",1
"3/04/2022","19:00:00","19:05:00",25,"Buffet ",24,5,21,"motorcycle ",0,"No ","Metropolitian ","Stormy","Medium ",1
"11/02/2022","16:50:00","16:55:00",25,"Drinks ",28,4.7,4,"motorcycle ",1,"No ","Metropolitian ","Windy","Medium ",1
"11/03/2022","10:20:00","10:35:00",13,"Buffet ",26,4.6,9,"scooter ",2,"No ","Metropolitian ","Stormy","Low ",1
"2/03/2022","20:30:00","20:45:00",34,"Buffet ",21,4.7,22,"scooter ",2,"No ","Metropolitian ","Fog","Jam ",0
"19/03/2022","15:20:00","15:30:00",31,"Meal ",38,4.8,23,"motorcycle ",0,"No ","Metropolitian ","Windy","Medium ",1
"5/03/2022","21:00:00","21:05:00",23,"Drinks ",24,4.8,18,"scooter ",2,"No ","Metropolitian ","Windy","Jam ",0
"12/02/2022","17:55:00","18:10:00",38,"Buffet ",37,3.5,11,"scooter ",2,"No ","Metropolitian ","Stormy","Medium ",1
"9/03/2022","8:20:00","8:30:00",23,"Drinks ",22,4.2,5,"motorcycle ",0,"No ","Metropolitian ","Sandstorms","Low ",1
"21/03/2022","20:40:00","20:55:00",10,"Drinks ",29,4.7,17,"scooter ",1,"No ","Metropolitian ","Windy","Jam ",0
"9/03/2022","17:25:00","17:40:00",25,"Buffet ",25,5,18,"scooter ",2,"No ","Metropolitian ","Windy","Medium ",0
"4/03/2022","18:30:00","18:40:00",17,"Buffet ",20,4.8,15,"scooter ",1,"No ","Metropolitian ","Stormy","Medium ",0
"31/03/2022","23:30:00","23:40:00",20,"Drinks ",30,4.6,12,"scooter ",1,"No ","Metropolitian ","Windy","Low ",0
"5/03/2022","22:35:00","22:50:00",19,"Drinks ",23,4.9,23,"scooter ",2,"No ","Urban ","Stormy","Low ",1
"2/04/2022","20:45:00","21:00:00",25,"Buffet ",21,5,23,"electric_scooter ",2,"No ","Metropolitian ","Windy","Jam ",0
"6/04/2022","19:15:00","19:20:00",28,"Buffet ",24,4.8,18,"motorcycle ",1,"No ","Metropolitian ","Stormy","Jam ",1
"20/03/2022","20:25:00","20:35:00",27,"Snack ",38,4.8,16,"motorcycle ",2,"No ","Urban ","Windy","Jam ",0
"23/03/2022","19:50:00","19:55:00",39,"Buffet ",27,4.6,7,"motorcycle ",2,"No ","Metropolitian ","Cloudy","Jam ",1
"29/03/2022","23:40:00","23:50:00",25,"Snack ",25,5,4,"scooter ",2,"No ","Urban ","Cloudy","Low ",0
"4/04/2022","20:15:00","20:30:00",28,"Snack ",35,4.9,23,"scooter ",2,"No ","Metropolitian ","Sandstorms","Jam ",1
"19/03/2022","8:25:00","8:35:00",28,"Snack ",27,4.3,1,"motorcycle ",0,"No ","Urban ","Sandstorms","Low ",0
"16/03/2022","17:15:00","17:30:00",15,"Drinks ",26,4.6,18,"scooter ",2,"No ","Metropolitian ","Windy","Medium ",1
"2/04/2022","23:25:00","23:40:00",39,"Meal ",34,5,3,"motorcycle ",0,"No ","Metropolitian ","Fog","Low ",1
"18/03/2022","21:10:00","21:25:00",31,"Drinks ",32,4.4,2,"scooter ",1,"No ","Urban ","Windy","Jam ",1
"27/03/2022","19:10:00","19:20:00",42,"Drinks ",31,4.8,11,"motorcycle ",0,"No ","Metropolitian ","Cloudy","Jam ",0
"13/02/2022","9:15:00","9:25:00",17,"Meal ",20,4.6,9,"motorcycle ",0,"No ","Metropolitian ","Sunny","Low ",1
"13/03/2022","16:25:00","16:30:00",21,"Snack ",31,4.8,23,"motorcycle ",1,"No ","Metropolitian ","Sunny","Medium ",1
"3/04/2022","17:50:00","18:05:00",18,"Meal ",30,4.6,23,"scooter ",1,"No ","Metropolitian ","Sunny","Medium ",1
"30/03/2022","18:20:00","18:25:00",21,"Meal ",37,4.8,17,"motorcycle ",1,"No ","Metropolitian ","Sunny","Medium ",1
"15/02/2022","11:40:00","11:50:00",18,"Drinks ",22,4.9,8,"motorcycle ",1,"No ","Metropolitian ","Windy","High ",1
"18/03/2022","20:30:00","20:45:00",20,"Buffet ",26,4.7,16,"scooter ",1,"No ","Urban ","Stormy","Jam ",1
"1/03/2022","22:50:00","22:55:00",20,"Buffet ",31,4.7,17,"motorcycle ",0,"No ","Metropolitian ","Fog","Low ",0
"9/03/2022","21:10:00","21:20:00",23,"Snack ",25,4.8,18,"motorcycle ",2,"No ","Urban ","Fog","Jam ",1
"26/03/2022","18:55:00","19:10:00",14,"Buffet ",21,4.7,21,"motorcycle ",2,"No ","Urban ","Fog","Medium ",1
"18/03/2022","18:00:00","18:15:00",35,"Buffet ",32,3.6,14,"motorcycle ",1,"No ","Metropolitian ","Windy","Medium ",0
"8/03/2022","18:30:00","18:45:00",29,"Snack ",33,4.6,19,"motorcycle ",1,"No ","Metropolitian ","Stormy","Medium ",1
"21/03/2022","12:00:00","12:15:00",13,"Buffet ",26,5,18,"scooter ",2,"No ","Metropolitian ","Windy","High ",0
"3/03/2022","10:00:00","10:15:00",17,"Meal ",30,4.9,23,"motorcycle ",1,"No ","Metropolitian ","Fog","Low ",1
"2/03/2022","19:25:00","19:35:00",21,"Buffet ",29,4.8,12,"motorcycle ",0,"No ","Metropolitian ","Sunny","Jam ",0
"9/03/2022","9:50:00","10:05:00",27,"Meal ",20,4.3,23,"motorcycle ",0,"No ","Metropolitian ","Sandstorms","Low ",1
"19/03/2022","21:30:00","21:45:00",44,"Drinks ",29,4.3,5,"motorcycle ",0,"No ","Urban ","Sunny","Jam ",1
"20/03/2022","22:45:00","23:00:00",24,"Drinks ",22,4.8,15,"motorcycle ",0,"No ","Urban ","Sunny","Low ",1
"11/03/2022","20:30:00","20:45:00",24,"Buffet ",34,4.5,5,"scooter ",1,"No ","Urban ","Sunny","Jam ",1
"10/03/2022","18:20:00","18:25:00",26,"Buffet ",24,4.8,18,"scooter ",1,"No ","Urban ","Sandstorms","Medium ",0
"14/03/2022","18:20:00","18:25:00",25,"Drinks ",30,4.7,21,"scooter ",1,"No ","Metropolitian ","Stormy","Medium ",1
"26/03/2022","23:10:00","23:15:00",21,"Drinks ",25,5,18,"motorcycle ",1,"No ","Metropolitian ","Sunny","Low ",1
"27/03/2022","21:40:00","21:55:00",38,"Snack ",32,4.6,7,"motorcycle ",1,"No ","Metropolitian ","Cloudy","Jam ",1
"18/03/2022","21:00:00","21:05:00",40,"Buffet ",36,4.4,9,"motorcycle ",1,"No ","Metropolitian ","Windy","Jam ",1
"18/03/2022","17:50:00","17:55:00",12,"Drinks ",29,4.8,6,"scooter ",2,"No ","Metropolitian ","Sunny","Medium ",0
"18/02/2022","17:40:00","17:50:00",33,"Buffet ",27,4.6,4,"scooter ",1,"No ","Metropolitian ","Fog","Medium ",0
"15/02/2022","12:55:00","13:00:00",29,"Meal ",37,4.6,16,"scooter ",1,"No ","Urban ","Stormy","High ",1
"3/03/2022","13:25:00","13:30:00",45,"Snack ",30,4.6,13,"motorcycle ",0,"No ","Metropolitian ","Sandstorms","High ",1
"27/03/2022","23:10:00","23:15:00",11,"Drinks ",27,4.7,14,"electric_scooter ",2,"No ","Metropolitian ","Sandstorms","Low ",0
"9/03/2022","16:25:00","16:30:00",33,"Meal ",34,4.1,6,"motorcycle ",1,"No ","Urban ","Stormy","Medium ",1
"4/04/2022","22:15:00","22:30:00",11,"Snack ",29,4.7,22,"scooter ",2,"No ","Metropolitian ","Sandstorms","Low ",0
"13/02/2022","22:30:00","22:35:00",18,"Drinks ",23,4.8,19,"motorcycle ",0,"No ","Urban ","Fog","Low ",1
"20/03/2022","21:00:00","21:05:00",40,"Snack ",37,4.8,1,"electric_scooter ",2,"No ","Metropolitian ","Fog","Jam ",2
"4/03/2022","19:50:00","19:55:00",43,"Snack ",38,4.2,9,"motorcycle ",0,"No ","Metropolitian ","Windy","Jam ",1
"3/04/2022","22:40:00","22:50:00",17,"Drinks ",35,5,18,"motorcycle ",1,"No ","Urban ","Fog","Low ",1
"23/03/2022","21:15:00","21:25:00",36,"Buffet ",39,4.9,22,"motorcycle ",0,"No ","Urban ","Windy","Jam ",1
"7/03/2022","17:50:00","18:00:00",25,"Drinks ",22,4.9,17,"motorcycle ",0,"No ","Metropolitian ","Fog","Medium ",1
"11/02/2022","14:00:00","14:10:00",15,"Buffet ",28,4.8,23,"scooter ",2,"No ","Urban ","Sunny","High ",0
"5/03/2022","23:50:00","0:00:00",17,"Buffet ",29,4.3,6,"motorcycle ",0,"No ","Urban ","Stormy","Low ",0
"26/03/2022","17:55:00","18:00:00",23,"Buffet ",25,4.6,14,"motorcycle ",0,"No ","Metropolitian ","Windy","Medium ",1
"1/03/2022","15:40:00","15:50:00",15,"Buffet ",20,4.8,2,"scooter ",1,"No ","Metropolitian ","Fog","Medium ",1
"13/02/2022","16:50:00","16:55:00",16,"Buffet ",28,4.7,5,"scooter ",2,"No ","Metropolitian ","Fog","Medium ",0
"15/02/2022","9:40:00","9:50:00",15,"Buffet ",36,4.9,23,"motorcycle ",1,"No ","Urban ","Fog","Low ",1
"4/03/2022","18:00:00","18:15:00",39,"Snack ",22,4.9,9,"motorcycle ",0,"No ","Metropolitian ","Fog","Medium ",1
"13/02/2022","11:35:00","11:50:00",11,"Buffet ",28,4.7,6,"electric_scooter ",2,"No ","Metropolitian ","Stormy","High ",0
"4/03/2022","21:45:00","22:00:00",41,"Snack ",36,4.4,19,"motorcycle ",2,"No ","Metropolitian ","Stormy","Jam ",2
"26/03/2022","21:25:00","21:35:00",41,"Drinks ",38,4.7,4,"motorcycle ",0,"No ","Metropolitian ","Windy","Jam ",1
"17/02/2022","18:55:00","19:00:00",20,"Meal ",24,4.7,2,"scooter ",1,"No ","Metropolitian ","Windy","Medium ",1
"5/03/2022","10:50:00","11:05:00",16,"Buffet ",39,4.6,18,"scooter ",1,"No ","Urban ","Stormy","Low ",1
"11/02/2022","19:55:00","20:05:00",20,"Drinks ",26,4.7,16,"motorcycle ",1,"No ","Urban ","Fog","Jam ",0
"28/03/2022","10:00:00","10:05:00",20,"Meal ",27,4.8,14,"motorcycle ",0,"No ","Metropolitian ","Fog","Low ",1
"29/03/2022","17:25:00","17:35:00",33,"Snack ",28,4,6,"motorcycle ",2,"No ","Metropolitian ","Fog","Medium ",0
"20/03/2022","21:55:00","22:10:00",37,"Buffet ",29,4.8,3,"motorcycle ",0,"No ","Metropolitian ","Fog","Jam ",1
"29/03/2022","18:35:00","18:50:00",26,"Meal ",22,4.8,13,"scooter ",2,"No ","Metropolitian ","Windy","Medium ",1
"6/03/2022","23:20:00","23:30:00",22,"Drinks ",29,4.7,15,"motorcycle ",0,"No ","Urban ","Sandstorms","Low ",1
"17/03/2022","11:40:00","11:50:00",22,"Snack ",22,4.8,9,"motorcycle ",0,"No ","Metropolitian ","Cloudy","High ",1
"24/03/2022","11:35:00","11:45:00",25,"Drinks ",31,4.7,23,"scooter ",1,"No ","Metropolitian ","Stormy","High ",1
"1/04/2022","8:25:00","8:40:00",17,"Snack ",20,4.9,21,"motorcycle ",0,"No ","Urban ","Sunny","Low ",0
"15/02/2022","20:10:00","20:20:00",23,"Drinks ",25,5,9,"scooter ",2,"No ","Metropolitian ","Stormy","Jam ",1
"15/03/2022","10:00:00","10:10:00",25,"Meal ",32,4.9,18,"motorcycle ",0,"No ","Urban ","Sunny","Low ",0
"27/03/2022","22:30:00","22:35:00",20,"Drinks ",28,4.7,15,"motorcycle ",2,"No ","Urban ","Fog","Low ",0
"11/02/2022","9:20:00","9:25:00",10,"Buffet ",26,4.6,2,"motorcycle ",1,"No ","Metropolitian ","Stormy","Low ",0
"27/03/2022","20:55:00","21:00:00",32,"Snack ",24,5,4,"scooter ",1,"No ","Metropolitian ","Cloudy","Jam ",1
"14/02/2022","23:50:00","23:55:00",22,"Drinks ",28,4.8,6,"motorcycle ",0,"No ","Metropolitian ","Sunny","Low ",1
"1/03/2022","21:55:00","22:10:00",26,"Buffet ",25,4.9,23,"scooter ",2,"No ","Urban ","Stormy","Jam ",1
"1/03/2022","8:55:00","9:00:00",16,"Buffet ",21,4.8,12,"motorcycle ",0,"No ","Metropolitian ","Sunny","Low ",0
"10/03/2022","18:55:00","19:10:00",40,"Drinks ",36,4.9,13,"motorcycle ",0,"Yes ","Metropolitian ","Fog","Medium ",0
"16/03/2022","17:30:00","17:40:00",26,"Buffet ",26,5,17,"motorcycle ",1,"No ","Urban ","Windy","Medium ",1
"13/03/2022","8:25:00","8:30:00",12,"Meal ",29,5,18,"motorcycle ",0,"No ","Urban ","Sunny","Low ",0
"10/03/2022","19:10:00","19:20:00",33,"Buffet ",28,4.6,23,"motorcycle ",0,"No ","Metropolitian ","Stormy","Jam ",1
"18/03/2022","19:30:00","19:40:00",35,"Buffet ",29,4.3,13,"electric_scooter ",2,"No ","Metropolitian ","Fog","Jam ",0
"27/03/2022","21:10:00","21:15:00",31,"Drinks ",35,4.4,4,"motorcycle ",1,"No ","Metropolitian ","Sunny","Jam ",1
"4/04/2022","18:40:00","18:45:00",39,"Snack ",39,4.1,14,"motorcycle ",2,"No ","Metropolitian ","Sandstorms","Medium ",2
"10/03/2022","20:40:00","20:45:00",33,"Drinks ",25,4.6,16,"scooter ",1,"No ","Metropolitian ","Cloudy","Jam ",0
"30/03/2022","21:20:00","21:35:00",20,"Drinks ",32,4.8,23,"motorcycle ",1,"No ","Metropolitian ","Sunny","Jam ",1
"1/04/2022","9:55:00","10:00:00",15,"Buffet ",25,4.8,3,"motorcycle ",0,"No ","Urban ","Sunny","Low ",1
"16/03/2022","18:00:00","18:05:00",48,"Drinks ",30,4.1,11,"motorcycle ",0,"No ","Metropolitian ","Stormy","Medium ",2
"4/04/2022","19:45:00","20:00:00",42,"Buffet ",22,4.2,12,"scooter ",2,"No ","Metropolitian ","Fog","Jam ",1
"14/03/2022","17:20:00","17:30:00",27,"Buffet ",22,4.5,23,"motorcycle ",1,"No ","Metropolitian ","Cloudy","Medium ",1
"12/02/2022","19:00:00","19:10:00",34,"Snack ",21,4.7,9,"scooter ",1,"No ","Metropolitian ","Fog","Medium ",1
"15/02/2022","18:55:00","19:05:00",21,"Snack ",23,4.6,2,"motorcycle ",2,"No ","Metropolitian ","Sandstorms","Medium ",0
"13/03/2022","19:50:00","19:55:00",26,"Drinks ",35,4.6,13,"motorcycle ",0,"No ","Metropolitian ","Sunny","Jam ",1
"18/02/2022","21:40:00","21:50:00",29,"Snack ",23,4.9,5,"motorcycle ",0,"No ","Metropolitian ","Fog","Jam ",1
"28/03/2022","13:50:00","14:00:00",21,"Snack ",23,4.8,13,"scooter ",1,"No ","Metropolitian ","Sandstorms","High ",1
"26/03/2022","18:45:00","18:50:00",10,"Meal ",27,4.7,19,"scooter ",1,"No ","Urban ","Fog","Medium ",0
"13/02/2022","12:45:00","12:50:00",30,"Buffet ",26,4.8,2,"scooter ",2,"No ","Metropolitian ","Fog","High ",1
"4/03/2022","17:45:00","18:00:00",25,"Snack ",34,4.5,3,"scooter ",1,"No ","Urban ","Stormy","Medium ",0
"11/02/2022","23:20:00","23:35:00",18,"Snack ",22,4.7,2,"motorcycle ",1,"No ","Metropolitian ","Windy","Low ",1
"7/03/2022","10:15:00","10:30:00",16,"Drinks ",28,4.6,21,"motorcycle ",1,"No ","Urban ","Stormy","Low ",0
"12/03/2022","22:15:00","22:20:00",24,"Buffet ",34,4.9,15,"scooter ",1,"No ","Metropolitian ","Stormy","Low ",1
"1/03/2022","22:20:00","22:35:00",21,"Meal ",38,4.5,18,"motorcycle ",0,"No ","Metropolitian ","Windy","Low ",1
"1/03/2022","15:20:00","15:30:00",22,"Snack ",22,4.7,22,"scooter ",2,"No ","Urban ","Stormy","Medium ",1
"26/03/2022","23:30:00","23:35:00",10,"Buffet ",23,4.8,22,"scooter ",1,"No ","Urban ","Cloudy","Low ",1
"6/03/2022","19:35:00","19:40:00",32,"Snack ",30,4.5,9,"electric_scooter ",2,"No ","Metropolitian ","Windy","Jam ",1
"30/03/2022","21:00:00","21:15:00",31,"Drinks ",31,4.7,6,"motorcycle ",1,"No ","Metropolitian ","Fog","Jam ",1
"8/03/2022","20:35:00","20:45:00",19,"Snack ",20,4.9,23,"motorcycle ",0,"No ","Metropolitian ","Sunny","Jam ",0
"17/02/2022","11:55:00","12:05:00",34,"Meal ",20,4.7,22,"motorcycle ",0,"No ","Urban ","Sandstorms","High ",1
"5/04/2022","10:35:00","10:40:00",16,"Drinks ",36,5,19,"motorcycle ",1,"No ","Urban ","Cloudy","Low ",1
"20/03/2022","20:55:00","21:05:00",47,"Buffet ",37,5,5,"motorcycle ",0,"No ","Metropolitian ","Windy","Jam ",3
"24/03/2022","18:30:00","18:40:00",31,"Meal ",38,4.4,5,"motorcycle ",0,"No ","Metropolitian ","Stormy","Medium ",1
"5/03/2022","16:55:00","17:05:00",37,"Buffet ",36,4.3,9,"motorcycle ",0,"No ","Metropolitian ","Stormy","Medium ",2
"13/03/2022","13:50:00","14:05:00",28,"Buffet ",39,4.8,23,"scooter ",2,"No ","Metropolitian ","Stormy","High ",1
"12/02/2022","22:00:00","22:15:00",43,"Buffet ",38,3.7,6,"motorcycle ",2,"Yes ","Urban ","Stormy","Jam ",2
"9/03/2022","20:50:00","21:00:00",29,"Drinks ",26,4.6,22,"scooter ",1,"No ","Metropolitian ","Cloudy","Jam ",1
"12/02/2022","23:45:00","23:50:00",25,"Snack ",33,4.7,21,"motorcycle ",0,"No ","Urban ","Windy","Low ",1
"18/02/2022","18:20:00","18:30:00",28,"Meal ",24,4.7,18,"scooter ",2,"No ","Urban ","Cloudy","Medium ",1
"1/03/2022","20:25:00","20:40:00",10,"Snack ",25,4.8,18,"electric_scooter ",2,"No ","Metropolitian ","Sandstorms","Jam ",0
"3/04/2022","15:55:00","16:00:00",39,"Snack ",38,4,14,"motorcycle ",0,"No ","Metropolitian ","Stormy","Medium ",1
"28/03/2022","11:30:00","11:40:00",24,"Drinks ",22,4.9,13,"scooter ",1,"No ","Metropolitian ","Windy","High ",1
"8/03/2022","18:25:00","18:40:00",25,"Meal ",28,4.5,23,"scooter ",2,"No ","Metropolitian ","Windy","Medium ",1
"21/03/2022","11:25:00","11:40:00",26,"Buffet ",27,4.6,16,"motorcycle ",0,"No ","Metropolitian ","Stormy","High ",0
"27/03/2022","23:35:00","23:40:00",18,"Buffet ",24,4.8,9,"scooter ",2,"No ","Metropolitian ","Sandstorms","Low ",1
"12/03/2022","18:30:00","18:45:00",27,"Buffet ",37,4.6,15,"motorcycle ",1,"No ","Metropolitian ","Windy","Medium ",1
"13/03/2022","10:00:00","10:15:00",19,"Drinks ",29,4.7,14,"electric_scooter ",2,"No ","Metropolitian ","Windy","Low ",1
"14/03/2022","19:55:00","20:05:00",49,"Buffet ",32,5,14,"motorcycle ",0,"No ","Metropolitian ","Fog","Jam ",0
"2/03/2022","17:35:00","17:40:00",38,"Meal ",28,4,3,"motorcycle ",2,"No ","Metropolitian ","Stormy","Medium ",1
"2/04/2022","21:20:00","21:35:00",15,"Meal ",33,4.6,19,"scooter ",2,"No ","Metropolitian ","Sunny","Jam ",0
"14/02/2022","19:30:00","19:45:00",30,"Drinks ",36,4.7,3,"motorcycle ",1,"No ","Metropolitian ","Sandstorms","Jam ",1
"29/03/2022","18:20:00","18:25:00",40,"Meal ",27,5,8,"motorcycle ",0,"No ","Metropolitian ","Fog","Medium ",1
"4/04/2022","19:50:00","20:00:00",24,"Drinks ",27,4.9,15,"motorcycle ",1,"No ","Urban ","Windy","Jam ",1
"6/04/2022","22:40:00","22:45:00",21,"Buffet ",33,4.8,18,"electric_scooter ",2,"No ","Metropolitian ","Sandstorms","Low ",1
"9/03/2022","8:45:00","9:00:00",19,"Meal ",38,5,19,"scooter ",2,"No ","Metropolitian ","Sunny","Low ",0
"17/02/2022","10:00:00","10:15:00",12,"Drinks ",29,5,21,"motorcycle ",2,"No ","Urban ","Stormy","Low ",0
"15/03/2022","14:10:00","14:25:00",39,"Meal ",31,4.1,3,"motorcycle ",0,"No ","Metropolitian ","Sandstorms","High ",0
"15/02/2022","11:00:00","11:15:00",14,"Buffet ",28,4.7,7,"motorcycle ",1,"No ","Metropolitian ","Sandstorms","Low ",0
"11/02/2022","18:35:00","18:45:00",22,"Buffet ",36,5,6,"motorcycle ",0,"No ","Metropolitian ","Sunny","Medium ",1
"12/03/2022","22:15:00","22:30:00",26,"Buffet ",37,4.8,13,"motorcycle ",0,"No ","Metropolitian ","Stormy","Low ",1
"8/03/2022","18:35:00","18:50:00",15,"Meal ",25,4.9,21,"scooter ",2,"No ","Urban ","Stormy","Medium ",1
"17/03/2022","19:30:00","19:40:00",21,"Meal ",36,4.5,3,"scooter ",2,"No ","Metropolitian ","Sunny","Jam ",0
"13/03/2022","21:30:00","21:45:00",20,"Drinks ",37,4.8,17,"motorcycle ",0,"No ","Urban ","Sunny","Jam ",0
"17/02/2022","9:00:00","9:15:00",26,"Buffet ",37,5,4,"scooter ",2,"No ","Metropolitian ","Stormy","Low ",1
"29/03/2022","22:30:00","22:45:00",24,"Meal ",23,4.6,1,"motorcycle ",0,"No ","Urban ","Sandstorms","Low ",1
"13/02/2022","21:25:00","21:40:00",20,"Buffet ",35,4.7,6,"motorcycle ",2,"No ","Metropolitian ","Sunny","Jam ",1
"3/03/2022","18:15:00","18:20:00",18,"Buffet ",27,5,23,"motorcycle ",0,"No ","Metropolitian ","Sunny","Medium ",0
"20/03/2022","23:55:00","0:10:00",30,"Snack ",36,4.7,23,"electric_scooter ",2,"No ","Urban ","Fog","Low ",1
"6/04/2022","21:45:00","21:50:00",34,"Meal ",36,4.5,16,"scooter ",1,"No ","Urban ","Stormy","Jam ",2
"25/03/2022","20:55:00","21:00:00",28,"Snack ",25,4.9,23,"scooter ",1,"No ","Metropolitian ","Sandstorms","Jam ",1
"30/03/2022","21:15:00","21:20:00",39,"Buffet ",34,5,3,"motorcycle ",0,"No ","Metropolitian ","Stormy","Jam ",2
"4/04/2022","18:50:00","19:05:00",33,"Meal ",39,4,11,"scooter ",1,"No ","Metropolitian ","Cloudy","Medium ",1
"31/03/2022","19:25:00","19:30:00",10,"Snack ",20,5,21,"scooter ",1,"No ","Urban ","Sunny","Jam ",0
"21/03/2022","11:10:00","11:15:00",28,"Snack ",39,4.7,13,"motorcycle ",2,"No ","Metropolitian ","Stormy","High ",1
"18/03/2022","20:25:00","20:30:00",25,"Snack ",26,4.8,1,"motorcycle ",0,"No ","Metropolitian ","Sunny","Jam ",1
"16/03/2022","17:25:00","17:30:00",37,"Snack ",24,4.4,9,"motorcycle ",1,"No ","Metropolitian ","Fog","Medium ",1
"13/02/2022","16:50:00","16:55:00",18,"Meal ",38,5,22,"motorcycle ",1,"No ","Urban ","Fog","Medium ",0
"25/03/2022","22:30:00","22:45:00",27,"Drinks ",35,4.8,23,"motorcycle ",0,"No ","Metropolitian ","Sandstorms","Low ",1
"26/03/2022","9:30:00","9:45:00",19,"Meal ",36,4.8,21,"scooter ",2,"No ","Metropolitian ","Fog","Low ",1
"23/03/2022","18:15:00","18:20:00",36,"Snack ",30,4.3,13,"electric_scooter ",2,"No ","Metropolitian ","Fog","Medium ",1
"21/03/2022","21:00:00","21:15:00",35,"Buffet ",37,4.3,9,"scooter ",2,"No ","Metropolitian ","Fog","Jam ",2
"21/03/2022","18:45:00","18:50:00",27,"Meal ",33,4.8,21,"motorcycle ",0,"No ","Metropolitian ","Sunny","Medium ",1
"14/02/2022","19:40:00","19:45:00",47,"Snack ",30,4.9,4,"motorcycle ",2,"Yes ","Metropolitian ","Fog","Jam ",2
"12/02/2022","19:50:00","20:00:00",20,"Meal ",20,4.6,6,"scooter ",2,"No ","Metropolitian ","Stormy","Jam ",1
"12/03/2022","19:40:00","19:55:00",38,"Buffet ",24,4.8,19,"motorcycle ",0,"No ","Metropolitian ","Sandstorms","Jam ",0
"5/03/2022","19:55:00","20:05:00",38,"Drinks ",30,4.6,14,"scooter ",1,"No ","Metropolitian ","Fog","Jam ",1
"15/02/2022","11:20:00","11:35:00",23,"Meal ",36,4.7,4,"motorcycle ",1,"No ","Metropolitian ","Sunny","High ",0
"3/04/2022","16:00:00","16:15:00",27,"Buffet ",27,4.6,22,"motorcycle ",0,"No ","Metropolitian ","Fog","Medium ",0
"12/03/2022","17:15:00","17:20:00",39,"Meal ",36,4.8,21,"motorcycle ",1,"No ","Urban ","Fog","Medium ",1
"26/03/2022","9:00:00","9:10:00",26,"Drinks ",32,4.7,23,"motorcycle ",0,"No ","Metropolitian ","Cloudy","Low ",0
"13/02/2022","8:35:00","8:45:00",20,"Buffet ",26,4.5,5,"motorcycle ",0,"No ","Urban ","Stormy","Low ",1
"2/04/2022","21:00:00","21:15:00",39,"Snack ",27,4.2,14,"scooter ",2,"No ","Metropolitian ","Cloudy","Jam ",1
"8/03/2022","20:15:00","20:20:00",25,"Buffet ",25,4.6,9,"motorcycle ",1,"No ","Metropolitian ","Stormy","Jam ",1
"15/03/2022","22:30:00","22:45:00",30,"Meal ",34,4.2,5,"motorcycle ",0,"No ","Metropolitian ","Sandstorms","Low ",1
"1/04/2022","22:50:00","22:55:00",29,"Drinks ",37,5,18,"motorcycle ",1,"No ","Urban ","Windy","Low ",1
"1/04/2022","13:30:00","13:35:00",29,"Meal ",32,4.6,11,"electric_scooter ",2,"No ","Metropolitian ","Stormy","High ",0
"19/03/2022","9:00:00","9:10:00",28,"Meal ",31,4.2,2,"motorcycle ",0,"No ","Metropolitian ","Windy","Low ",1
"11/02/2022","23:15:00","23:25:00",20,"Meal ",31,4.6,3,"motorcycle ",0,"No ","Metropolitian ","Sunny","Low ",1
"17/03/2022","15:40:00","15:45:00",27,"Drinks ",32,4.6,12,"motorcycle ",1,"No ","Metropolitian ","Stormy","Medium ",1
"19/03/2022","9:50:00","10:05:00",18,"Meal ",34,4.9,7,"motorcycle ",2,"No ","Metropolitian ","Fog","Low ",1
"30/03/2022","8:50:00","8:55:00",15,"Drinks ",23,4.9,15,"motorcycle ",0,"No ","Metropolitian ","Sunny","Low ",0
"11/02/2022","10:55:00","11:00:00",15,"Drinks ",31,4.9,2,"electric_scooter ",2,"No ","Metropolitian ","Fog","Low ",1
"29/03/2022","21:20:00","21:30:00",45,"Buffet ",30,4.8,8,"motorcycle ",0,"No ","Metropolitian ","Sandstorms","Jam ",3
"11/03/2022","21:15:00","21:20:00",26,"Snack ",35,4.5,6,"electric_scooter ",2,"No ","Urban ","Stormy","Jam ",1
"26/03/2022","11:15:00","11:20:00",24,"Snack ",37,4.7,18,"motorcycle ",1,"No ","Metropolitian ","Sunny","High ",0
"30/03/2022","22:30:00","22:35:00",22,"Drinks ",39,4.8,15,"scooter ",1,"No ","Metropolitian ","Sandstorms","Low ",1
"5/04/2022","19:10:00","19:20:00",26,"Meal ",39,4.6,22,"motorcycle ",0,"No ","Metropolitian ","Cloudy","Jam ",1
"18/03/2022","21:20:00","21:35:00",41,"Drinks ",23,5,22,"motorcycle ",0,"No ","Metropolitian ","Fog","Jam ",1
"12/02/2022","22:10:00","22:20:00",18,"Snack ",36,4.5,8,"motorcycle ",1,"No ","Metropolitian ","Windy","Low ",1
"16/03/2022","23:45:00","0:00:00",37,"Drinks ",35,4.2,3,"scooter ",1,"No ","Metropolitian ","Cloudy","Low ",2
"16/03/2022","18:45:00","18:55:00",15,"Snack ",24,4.6,15,"electric_scooter ",2,"No ","Urban ","Stormy","Medium ",1
"23/03/2022","18:35:00","18:40:00",36,"Drinks ",35,4.4,13,"scooter ",1,"No ","Metropolitian ","Fog","Medium ",1
"26/03/2022","18:20:00","18:25:00",15,"Meal ",24,4.6,22,"motorcycle ",2,"No ","Urban ","Cloudy","Medium ",1
"3/04/2022","21:55:00","22:05:00",26,"Meal ",34,4.8,21,"motorcycle ",2,"No ","Metropolitian ","Windy","Jam ",1
"3/03/2022","11:50:00","12:05:00",39,"Snack ",36,4.7,15,"motorcycle ",1,"No ","Metropolitian ","Stormy","High ",1
"15/02/2022","21:30:00","21:45:00",26,"Snack ",37,4.5,6,"motorcycle ",0,"No ","Metropolitian ","Stormy","Jam ",1
"7/03/2022","13:10:00","13:15:00",29,"Buffet ",30,4.6,19,"motorcycle ",1,"No ","Metropolitian ","Windy","High ",1
"14/03/2022","23:10:00","23:15:00",22,"Snack ",26,4.6,18,"scooter ",2,"No ","Urban ","Cloudy","Low ",0
"2/03/2022","17:25:00","17:35:00",36,"Snack ",38,5,15,"scooter ",2,"No ","Metropolitian ","Stormy","Medium ",2
"13/02/2022","10:55:00","11:00:00",17,"Buffet ",21,4.6,3,"motorcycle ",2,"No ","Metropolitian ","Fog","Low ",0
"20/03/2022","23:55:00","0:05:00",29,"Snack ",30,4.9,7,"motorcycle ",1,"No ","Metropolitian ","Fog","Low ",0
"21/03/2022","17:30:00","17:35:00",19,"Drinks ",32,4.6,19,"scooter ",1,"No ","Metropolitian ","Cloudy","Medium ",1
"28/03/2022","11:25:00","11:30:00",17,"Meal ",27,4.9,23,"motorcycle ",1,"No ","Metropolitian ","Sunny","High ",1
"1/04/2022","22:30:00","22:45:00",29,"Meal ",31,4.5,12,"scooter ",2,"No ","Metropolitian ","Stormy","Low ",1
"30/03/2022","14:40:00","14:55:00",27,"Drinks ",39,4.7,19,"scooter ",1,"No ","Metropolitian ","Stormy","High ",1
"5/04/2022","18:30:00","18:35:00",27,"Buffet ",26,4.6,18,"motorcycle ",0,"No ","Urban ","Sandstorms","Medium ",0
"29/03/2022","19:45:00","19:55:00",48,"Meal ",38,4.9,3,"scooter ",2,"No ","Metropolitian ","Cloudy","Jam ",1
"4/04/2022","23:20:00","23:25:00",20,"Drinks ",30,5,18,"scooter ",1,"No ","Metropolitian ","Sandstorms","Low ",1
"12/02/2022","22:25:00","22:35:00",29,"Buffet ",24,4.9,4,"motorcycle ",0,"No ","Metropolitian ","Sunny","Low ",1
"11/03/2022","20:45:00","21:00:00",30,"Drinks ",31,4.8,17,"scooter ",2,"No ","Urban ","Windy","Jam ",0
"16/03/2022","20:35:00","20:40:00",43,"Buffet ",37,4.3,23,"scooter ",2,"No ","Metropolitian ","Fog","Jam ",1
"28/03/2022","23:40:00","23:50:00",20,"Meal ",36,5,21,"motorcycle ",1,"No ","Urban ","Stormy","Low ",1
"19/03/2022","23:55:00","0:00:00",14,"Meal ",23,4.9,12,"motorcycle ",1,"No ","Metropolitian ","Fog","Low ",0
"1/04/2022","20:10:00","20:15:00",34,"Drinks ",32,4,9,"scooter ",2,"No ","Metropolitian ","Cloudy","Jam ",1
"17/03/2022","23:55:00","0:00:00",14,"Snack ",25,4.8,16,"motorcycle ",1,"No ","Metropolitian ","Windy","Low ",1
"27/03/2022","19:55:00","20:10:00",41,"Snack ",24,4.7,13,"motorcycle ",0,"No ","Metropolitian ","Fog","Jam ",1
"26/03/2022","8:35:00","8:40:00",19,"Drinks ",23,4.9,18,"scooter ",2,"No ","Urban ","Fog","Low ",1
"18/02/2022","17:40:00","17:55:00",30,"Drinks ",36,4.7,6,"electric_scooter ",2,"No ","Metropolitian ","Fog","Medium ",1
"21/03/2022","19:35:00","19:45:00",20,"Snack ",23,4.5,1,"scooter ",1,"No ","Urban ","Sandstorms","Jam ",0
"1/04/2022","8:55:00","9:05:00",30,"Meal ",32,4.3,3,"motorcycle ",0,"No ","Metropolitian ","Stormy","Low ",0
"24/03/2022","11:45:00","12:00:00",34,"Meal ",26,4.3,3,"motorcycle ",1,"No ","Metropolitian ","Cloudy","High ",1
"18/02/2022","22:20:00","22:25:00",19,"Meal ",21,5,3,"motorcycle ",0,"No ","Metropolitian ","Windy","Low ",0
"9/03/2022","12:00:00","12:10:00",17,"Snack ",22,4.7,16,"motorcycle ",1,"No ","Metropolitian ","Sunny","High ",1
"15/03/2022","10:55:00","11:05:00",22,"Snack ",29,4.3,13,"motorcycle ",0,"No ","Metropolitian ","Windy","Low ",0
"18/03/2022","17:40:00","17:50:00",38,"Snack ",27,5,15,"scooter ",1,"No ","Metropolitian ","Cloudy","Medium ",1
"13/02/2022","12:20:00","12:30:00",11,"Drinks ",21,4.6,16,"motorcycle ",1,"No ","Urban ","Sunny","High ",0
"23/03/2022","17:40:00","17:55:00",31,"Drinks ",33,3.7,3,"electric_scooter ",2,"No ","Metropolitian ","Windy","Medium ",1
"14/02/2022","19:50:00","19:55:00",40,"Snack ",32,4.4,5,"motorcycle ",0,"No ","Metropolitian ","Stormy","Jam ",0
"18/02/2022","18:20:00","18:30:00",28,"Meal ",24,4.7,18,"scooter ",2,"No ","Urban ","Cloudy","Medium ",1
"3/03/2022","17:20:00","17:35:00",13,"Meal ",22,4.7,16,"scooter ",2,"No ","Urban ","Fog","Medium ",1
"3/04/2022","13:25:00","13:30:00",21,"Meal ",28,4.6,22,"scooter ",1,"No ","Metropolitian ","Stormy","High ",0
"24/03/2022","15:30:00","15:40:00",25,"Snack ",39,4.6,12,"scooter ",1,"No ","Metropolitian ","Windy","Medium ",1
"27/03/2022","20:15:00","20:20:00",35,"Snack ",31,4.9,6,"motorcycle ",0,"No ","Metropolitian ","Sunny","Jam ",1
"4/04/2022","18:10:00","18:20:00",36,"Meal ",35,4.9,1,"motorcycle ",0,"No ","Metropolitian ","Windy","Medium ",1
"10/03/2022","20:55:00","21:00:00",33,"Snack ",23,4.6,18,"electric_scooter ",2,"No ","Metropolitian ","Cloudy","Jam ",0
"2/04/2022","21:25:00","21:30:00",42,"Snack ",29,4.7,1,"scooter ",2,"No ","Metropolitian ","Fog","Jam ",1
"5/03/2022","13:25:00","13:35:00",32,"Drinks ",36,5,18,"motorcycle ",0,"No ","Metropolitian ","Windy","High ",1
"26/03/2022","22:25:00","22:30:00",10,"Snack ",38,5,12,"scooter ",2,"No ","Metropolitian ","Sunny","Low ",0
"4/03/2022","19:50:00","20:00:00",33,"Buffet ",22,4.6,16,"motorcycle ",0,"No ","Metropolitian ","Windy","Jam ",1
"18/03/2022","22:15:00","22:30:00",39,"Meal ",34,3.8,19,"scooter ",1,"No ","Metropolitian ","Cloudy","Low ",1
"3/04/2022","22:15:00","22:30:00",23,"Snack ",36,4.8,23,"scooter ",2,"No ","Metropolitian ","Stormy","Low ",0
"26/03/2022","16:45:00","16:50:00",25,"Buffet ",22,4.8,22,"electric_scooter ",2,"No ","Metropolitian ","Windy","Medium ",0
"3/04/2022","18:00:00","18:10:00",28,"Meal ",33,4.8,22,"motorcycle ",2,"No ","Metropolitian ","Sandstorms","Medium ",1
"5/04/2022","14:55:00","15:00:00",26,"Buffet ",32,5,16,"motorcycle ",1,"No ","Metropolitian ","Sandstorms","High ",1
"20/03/2022","18:00:00","18:05:00",38,"Meal ",23,4.2,5,"motorcycle ",0,"No ","Metropolitian ","Stormy","Medium ",0
"6/03/2022","17:15:00","17:25:00",20,"Snack ",37,4.8,19,"scooter ",2,"No ","Metropolitian ","Stormy","Medium ",0
"19/03/2022","9:45:00","10:00:00",17,"Drinks ",28,5,18,"motorcycle ",2,"No ","Metropolitian ","Sunny","Low ",0
"31/03/2022","21:45:00","22:00:00",41,"Drinks ",39,4.7,9,"motorcycle ",0,"No ","Metropolitian ","Sandstorms","Jam ",1
"16/02/2022","21:55:00","22:10:00",49,"Meal ",21,4.6,21,"motorcycle ",0,"Yes ","Urban ","Fog","Jam ",0
"10/03/2022","18:20:00","18:30:00",24,"Snack ",25,4.8,18,"scooter ",2,"No ","Urban ","Sandstorms","Medium ",0
"3/03/2022","21:15:00","21:25:00",25,"Drinks ",36,4.7,22,"scooter ",1,"No ","Metropolitian ","Sandstorms","Jam ",1
"8/03/2022","19:00:00","19:15:00",30,"Buffet ",30,4.9,9,"electric_scooter ",2,"No ","Metropolitian ","Fog","Medium ",1
"6/03/2022","21:00:00","21:10:00",44,"Snack ",30,4.1,3,"motorcycle ",0,"No ","Metropolitian ","Sunny","Jam ",1
"28/03/2022","17:30:00","17:40:00",21,"Snack ",38,5,23,"scooter ",2,"No ","Metropolitian ","Sunny","Medium ",1
"13/03/2022","9:20:00","9:30:00",15,"Buffet ",28,4.6,16,"scooter ",2,"No ","Metropolitian ","Cloudy","Low ",0
"4/03/2022","17:40:00","17:55:00",30,"Drinks ",27,4.9,23,"motorcycle ",0,"No ","Metropolitian ","Stormy","Medium ",1
"12/02/2022","17:45:00","18:00:00",41,"Buffet ",36,4.7,4,"motorcycle ",0,"No ","Metropolitian ","Stormy","Medium ",1
"6/04/2022","19:15:00","19:20:00",28,"Buffet ",24,4.8,18,"motorcycle ",1,"No ","Metropolitian ","Stormy","Jam ",1
"2/03/2022","19:35:00","19:50:00",16,"Buffet ",20,4.6,9,"motorcycle ",2,"No ","Metropolitian ","Sunny","Jam ",0
"27/03/2022","23:10:00","23:15:00",20,"Drinks ",30,4.6,18,"motorcycle ",0,"No ","Urban ","Sandstorms","Low ",0
"31/03/2022","17:15:00","17:25:00",11,"Buffet ",20,5,21,"motorcycle ",1,"No ","Metropolitian ","Sunny","Medium ",0
"6/03/2022","17:10:00","17:25:00",40,"Drinks ",34,4.3,1,"motorcycle ",2,"No ","Urban ","Stormy","Medium ",2
"18/03/2022","20:55:00","21:00:00",38,"Buffet ",20,4.5,19,"motorcycle ",0,"No ","Metropolitian ","Fog","Jam ",0
"6/04/2022","21:20:00","21:35:00",22,"Buffet ",22,4.6,21,"scooter ",2,"No ","Urban ","Windy","Jam ",0
"28/03/2022","15:45:00","15:55:00",28,"Buffet ",25,4.8,17,"scooter ",2,"No ","Metropolitian ","Windy","Medium ",1
"16/03/2022","19:15:00","19:25:00",48,"Drinks ",39,4.9,17,"scooter ",1,"No ","Metropolitian ","Cloudy","Jam ",2
"1/04/2022","13:15:00","13:25:00",21,"Buffet ",28,5,18,"scooter ",2,"No ","Metropolitian ","Windy","High ",1
"24/03/2022","8:55:00","9:05:00",19,"Snack ",34,4.7,22,"scooter ",1,"No ","Metropolitian ","Cloudy","Low ",1
"19/03/2022","19:35:00","19:45:00",32,"Drinks ",37,4.6,23,"scooter ",2,"No ","Metropolitian ","Fog","Jam ",1
"12/03/2022","19:25:00","19:30:00",45,"Buffet ",35,4.3,18,"motorcycle ",0,"No ","Metropolitian ","Stormy","Jam ",2
"17/02/2022","18:40:00","18:45:00",15,"Buffet ",27,4.7,15,"scooter ",1,"No ","Urban ","Fog","Medium ",1
"23/03/2022","17:25:00","17:35:00",37,"Snack ",32,4.2,5,"motorcycle ",0,"No ","Metropolitian ","Sandstorms","Medium ",1
"2/03/2022","19:55:00","20:10:00",39,"Snack ",31,4.6,23,"motorcycle ",0,"No ","Metropolitian ","Sunny","Jam ",2
"17/03/2022","17:15:00","17:25:00",29,"Drinks ",33,4.7,18,"motorcycle ",0,"No ","Metropolitian ","Cloudy","Medium ",1
"29/03/2022","17:50:00","18:00:00",30,"Snack ",23,4.6,8,"scooter ",2,"No ","Metropolitian ","Fog","Medium ",1
"17/02/2022","11:10:00","11:15:00",26,"Drinks ",21,4.6,9,"scooter ",1,"No ","Metropolitian ","Fog","High ",1
"17/02/2022","17:10:00","17:15:00",16,"Meal ",32,4.6,19,"scooter ",1,"No ","Urban ","Fog","Medium ",1
"29/03/2022","20:45:00","20:50:00",17,"Snack ",27,4.7,18,"motorcycle ",0,"No ","Metropolitian ","Sunny","Jam ",1
"4/04/2022","20:30:00","20:45:00",40,"Meal ",31,4.4,5,"electric_scooter ",2,"No ","Metropolitian ","Sandstorms","Jam ",1
"11/02/2022","20:30:00","20:35:00",34,"Drinks ",30,4.1,3,"scooter ",1,"No ","Urban ","Cloudy","Jam ",1
"14/02/2022","17:45:00","18:00:00",39,"Meal ",36,4.4,7,"motorcycle ",1,"No ","Metropolitian ","Windy","Medium ",2
"1/04/2022","9:15:00","9:25:00",29,"Drinks ",34,4.7,3,"motorcycle ",0,"No ","Urban ","Sunny","Low ",1
"2/04/2022","23:10:00","23:20:00",15,"Meal ",34,4.6,21,"scooter ",2,"No ","Metropolitian ","Sandstorms","Low ",1
"26/03/2022","11:00:00","11:10:00",29,"Drinks ",38,4.4,5,"motorcycle ",0,"No ","Urban ","Windy","Low ",1
"11/02/2022","18:10:00","18:25:00",26,"Meal ",37,4.8,18,"motorcycle ",1,"No ","Urban ","Sandstorms","Medium ",1
"5/04/2022","15:35:00","15:45:00",21,"Drinks ",33,4.9,22,"scooter ",1,"No ","Urban ","Sunny","Medium ",1
"17/03/2022","23:00:00","23:05:00",26,"Buffet ",34,4.9,12,"motorcycle ",1,"No ","Metropolitian ","Windy","Low ",1
"16/03/2022","19:25:00","19:30:00",35,"Drinks ",33,4.8,21,"motorcycle ",0,"No ","Metropolitian ","Windy","Jam ",0
"19/03/2022","23:30:00","23:45:00",11,"Meal ",32,5,18,"motorcycle ",1,"No ","Metropolitian ","Sunny","Low ",0
"23/03/2022","18:35:00","18:50:00",45,"Meal ",30,4,4,"motorcycle ",0,"No ","Metropolitian ","Sandstorms","Medium ",0
"14/02/2022","20:35:00","20:50:00",12,"Snack ",27,4.7,9,"scooter ",2,"No ","Metropolitian ","Sunny","Jam ",0
"26/03/2022","22:10:00","22:20:00",33,"Snack ",38,4.3,11,"motorcycle ",0,"No ","Metropolitian ","Stormy","Low ",2
"1/03/2022","23:20:00","23:30:00",25,"Drinks ",37,4.6,12,"motorcycle ",1,"No ","Metropolitian ","Stormy","Low ",0
"13/02/2022","23:25:00","23:30:00",25,"Meal ",31,4.4,9,"motorcycle ",0,"No ","Metropolitian ","Sandstorms","Low ",1
"4/03/2022","23:35:00","23:45:00",36,"Snack ",33,4,3,"motorcycle ",0,"No ","Metropolitian ","Stormy","Low ",1
"4/04/2022","19:50:00","20:00:00",31,"Meal ",21,4.1,6,"motorcycle ",0,"No ","Urban ","Stormy","Jam ",0
"11/02/2022","23:25:00","23:35:00",23,"Meal ",30,4.7,5,"motorcycle ",0,"No ","Metropolitian ","Fog","Low ",1
"3/04/2022","9:30:00","9:35:00",29,"Buffet ",38,4.8,7,"scooter ",1,"No ","Metropolitian ","Sandstorms","Low ",0
"18/02/2022","22:50:00","23:05:00",27,"Meal ",39,4.7,4,"motorcycle ",1,"No ","Metropolitian ","Stormy","Low ",0
"16/03/2022","17:40:00","17:55:00",40,"Drinks ",38,4.9,18,"motorcycle ",0,"No ","Metropolitian ","Windy","Medium ",1
"29/03/2022","23:55:00","0:00:00",37,"Buffet ",30,4.4,1,"scooter ",1,"No ","Metropolitian ","Fog","Low ",0
"21/03/2022","10:00:00","10:10:00",15,"Meal ",39,4.6,22,"scooter ",1,"No ","Metropolitian ","Cloudy","Low ",1
"28/03/2022","18:20:00","18:25:00",21,"Buffet ",37,4.8,19,"scooter ",2,"No ","Urban ","Sunny","Medium ",1
"15/03/2022","19:00:00","19:05:00",18,"Meal ",35,4.7,17,"scooter ",2,"No ","Urban ","Sunny","Medium ",0
"5/04/2022","11:10:00","11:15:00",20,"Buffet ",24,4.6,19,"scooter ",2,"No ","Urban ","Cloudy","High ",1
"29/03/2022","17:35:00","17:50:00",13,"Snack ",29,4.8,22,"scooter ",1,"No ","Metropolitian ","Sunny","Medium ",0
"27/03/2022","18:10:00","18:25:00",33,"Drinks ",35,4.7,2,"motorcycle ",0,"No ","Metropolitian ","Sunny","Medium ",0
"21/03/2022","10:45:00","11:00:00",26,"Drinks ",36,4.1,17,"motorcycle ",0,"No ","Metropolitian ","Stormy","Low ",0
"5/03/2022","11:35:00","11:45:00",45,"Drinks ",33,4.1,2,"motorcycle ",0,"No ","Metropolitian ","Stormy","High ",1
"17/03/2022","18:20:00","18:25:00",15,"Drinks ",22,4.6,7,"electric_scooter ",2,"No ","Metropolitian ","Cloudy","Medium ",0
"14/02/2022","20:00:00","20:05:00",44,"Buffet ",35,4.1,14,"electric_scooter ",2,"No ","Metropolitian ","Fog","Jam ",0
"6/03/2022","21:25:00","21:40:00",38,"Drinks ",32,3.8,5,"motorcycle ",1,"No ","Metropolitian ","Stormy","Jam ",0
"5/03/2022","14:55:00","15:05:00",22,"Drinks ",21,4.6,22,"motorcycle ",0,"No ","Urban ","Stormy","High ",0
"27/03/2022","17:10:00","17:15:00",27,"Buffet ",21,4.9,18,"motorcycle ",1,"No ","Urban ","Stormy","Medium ",1
"18/03/2022","22:50:00","23:00:00",36,"Buffet ",22,3.5,9,"motorcycle ",1,"No ","Metropolitian ","Sunny","Low ",0
"2/03/2022","18:25:00","18:40:00",23,"Buffet ",25,4.9,18,"motorcycle ",0,"No ","Urban ","Sunny","Medium ",1
"5/03/2022","9:40:00","9:45:00",29,"Meal ",38,4.6,15,"electric_scooter ",2,"No ","Urban ","Stormy","Low ",0
"31/03/2022","23:15:00","23:25:00",21,"Drinks ",23,4.9,15,"motorcycle ",0,"No ","Metropolitian ","Sunny","Low ",1
"31/03/2022","17:25:00","17:30:00",39,"Snack ",29,5,4,"motorcycle ",0,"No ","Metropolitian ","Sandstorms","Medium ",1
"15/03/2022","8:20:00","8:35:00",23,"Buffet ",24,4.9,9,"motorcycle ",0,"No ","Metropolitian ","Cloudy","Low ",1
"21/03/2022","10:25:00","10:40:00",19,"Drinks ",21,4.6,16,"motorcycle ",0,"No ","Urban ","Sunny","Low ",0
"14/03/2022","17:30:00","17:35:00",44,"Buffet ",35,4.9,14,"motorcycle ",1,"No ","Metropolitian ","Cloudy","Medium ",1
"9/03/2022","23:35:00","23:50:00",19,"Meal ",37,4.6,19,"motorcycle ",2,"No ","Metropolitian ","Fog","Low ",1
"16/03/2022","19:20:00","19:35:00",30,"Drinks ",21,4.7,12,"motorcycle ",0,"No ","Metropolitian ","Sunny","Jam ",1
"30/03/2022","21:40:00","21:50:00",25,"Snack ",22,5,23,"motorcycle ",0,"No ","Metropolitian ","Cloudy","Jam ",1
"7/03/2022","21:45:00","22:00:00",38,"Drinks ",39,4.3,12,"scooter ",1,"No ","Metropolitian ","Sunny","Jam ",0
"6/04/2022","23:20:00","23:30:00",23,"Snack ",26,4.7,15,"motorcycle ",0,"No ","Metropolitian ","Cloudy","Low ",1
"24/03/2022","19:40:00","19:45:00",35,"Drinks ",38,4.6,2,"motorcycle ",0,"No ","Metropolitian ","Windy","Jam ",1
"20/03/2022","17:45:00","17:55:00",31,"Buffet ",22,4.4,8,"motorcycle ",1,"No ","Metropolitian ","Fog","Medium ",1
"25/03/2022","17:55:00","18:10:00",30,"Drinks ",33,4.8,4,"scooter ",2,"No ","Metropolitian ","Stormy","Medium ",1
"14/03/2022","19:55:00","20:10:00",37,"Snack ",28,5,22,"motorcycle ",0,"No ","Metropolitian ","Cloudy","Jam ",1
"1/03/2022","8:45:00","8:50:00",19,"Buffet ",23,4.9,18,"motorcycle ",2,"No ","Metropolitian ","Stormy","Low ",0
"20/03/2022","18:55:00","19:00:00",26,"Snack ",27,4.9,22,"scooter ",2,"No ","Metropolitian ","Cloudy","Medium ",0
"17/02/2022","14:45:00","15:00:00",34,"Drinks ",32,4.4,9,"motorcycle ",2,"No ","Metropolitian ","Fog","High ",1
"11/02/2022","17:25:00","17:40:00",22,"Buffet ",37,4.8,7,"motorcycle ",0,"No ","Metropolitian ","Sunny","Medium ",0
"4/04/2022","18:50:00","19:05:00",33,"Meal ",39,4,11,"scooter ",1,"No ","Metropolitian ","Cloudy","Medium ",1
"17/02/2022","15:15:00","15:20:00",28,"Buffet ",27,4.6,7,"motorcycle ",0,"No ","Metropolitian ","Windy","Medium ",1
"16/03/2022","22:55:00","23:05:00",17,"Drinks ",31,5,19,"scooter ",2,"No ","Metropolitian ","Sandstorms","Low ",0
"13/02/2022","15:35:00","15:40:00",34,"Snack ",34,4.6,8,"scooter ",1,"No ","Metropolitian ","Sandstorms","Medium ",1
"29/03/2022","20:35:00","20:50:00",25,"Meal ",21,4.7,17,"motorcycle ",1,"No ","Metropolitian ","Stormy","Jam ",0
"12/02/2022","21:45:00","22:00:00",25,"Buffet ",37,4.5,5,"scooter ",1,"No ","Urban ","Windy","Jam ",0
"5/03/2022","10:25:00","10:35:00",16,"Buffet ",37,5,18,"motorcycle ",1,"No ","Metropolitian ","Sunny","Low ",0
"3/03/2022","8:30:00","8:40:00",25,"Buffet ",28,4.3,5,"motorcycle ",0,"No ","Urban ","Sandstorms","Low ",1
"6/04/2022","21:00:00","21:10:00",41,"Meal ",21,4.5,3,"motorcycle ",0,"No ","Metropolitian ","Cloudy","Jam ",1
"5/03/2022","16:20:00","16:25:00",28,"Buffet ",29,4.9,12,"motorcycle ",1,"No ","Metropolitian ","Stormy","Medium ",1
"6/03/2022","19:55:00","20:05:00",31,"Drinks ",25,4.6,13,"motorcycle ",0,"No ","Metropolitian ","Sandstorms","Jam ",1
"15/03/2022","22:20:00","22:25:00",26,"Meal ",39,4.6,21,"scooter ",1,"No ","Urban ","Stormy","Low ",1
"9/03/2022","23:50:00","23:55:00",16,"Buffet ",37,4.5,17,"scooter ",2,"No ","Metropolitian ","Fog","Low ",0
"1/04/2022","9:25:00","9:40:00",10,"Meal ",21,4.7,19,"scooter ",2,"No ","Metropolitian ","Windy","Low ",0
"24/03/2022","17:45:00","17:55:00",23,"Drinks ",22,4.8,17,"scooter ",2,"No ","Metropolitian ","Stormy","Medium ",0
"30/03/2022","19:15:00","19:30:00",24,"Snack ",25,4.5,19,"motorcycle ",0,"No ","Metropolitian ","Stormy","Jam ",1
"18/02/2022","20:50:00","20:55:00",39,"Meal ",39,4.8,6,"motorcycle ",0,"No ","Metropolitian ","Sandstorms","Jam ",1
"4/04/2022","19:20:00","19:25:00",15,"Drinks ",23,4.7,18,"motorcycle ",1,"No ","Metropolitian ","Sandstorms","Jam ",0
"1/03/2022","17:15:00","17:20:00",33,"Drinks ",38,4,20,"motorcycle ",0,"No ","Metropolitian ","Fog","Medium ",1
"1/04/2022","23:35:00","23:50:00",20,"Meal ",32,4.6,18,"motorcycle ",1,"No ","Metropolitian ","Stormy","Low ",0
"13/02/2022","11:40:00","11:55:00",30,"Buffet ",38,4.7,7,"motorcycle ",0,"No ","Metropolitian ","Stormy","High ",1
"28/03/2022","19:15:00","19:25:00",27,"Drinks ",29,4.8,23,"motorcycle ",0,"No ","Metropolitian ","Windy","Jam ",1
"6/04/2022","19:15:00","19:20:00",42,"Drinks ",20,4.1,5,"motorcycle ",2,"No ","Urban ","Fog","Jam ",1
"1/03/2022","22:50:00","23:05:00",18,"Buffet ",27,4.5,13,"motorcycle ",1,"No ","Metropolitian ","Sandstorms","Low ",1
"29/03/2022","19:30:00","19:45:00",51,"Meal ",37,4.5,7,"motorcycle ",0,"No ","Metropolitian ","Fog","Jam ",2
"18/02/2022","20:20:00","20:35:00",44,"Meal ",36,4.5,7,"motorcycle ",0,"No ","Metropolitian ","Sandstorms","Jam ",1
"1/04/2022","23:35:00","23:50:00",14,"Meal ",37,4.7,4,"motorcycle ",2,"No ","Urban ","Sunny","Low ",1
"19/03/2022","11:55:00","12:05:00",34,"Meal ",35,4.8,14,"motorcycle ",0,"No ","Metropolitian ","Windy","High ",1
"20/03/2022","23:45:00","23:55:00",11,"Snack ",28,4.9,12,"scooter ",1,"No ","Metropolitian ","Sandstorms","Low ",1
"30/03/2022","11:35:00","11:40:00",38,"Snack ",31,4.1,4,"scooter ",1,"No ","Metropolitian ","Cloudy","High ",2
"2/03/2022","20:25:00","20:35:00",32,"Snack ",23,5,22,"motorcycle ",0,"No ","Metropolitian ","Sunny","Jam ",1
"26/03/2022","11:00:00","11:05:00",17,"Snack ",22,4.8,12,"scooter ",1,"No ","Metropolitian ","Sunny","Low ",1
"19/03/2022","9:50:00","10:05:00",20,"Buffet ",20,4.9,15,"motorcycle ",0,"No ","Metropolitian ","Fog","Low ",0
"6/04/2022","23:50:00","0:05:00",26,"Meal ",26,4.7,15,"motorcycle ",0,"No ","Metropolitian ","Sunny","Low ",0
"7/03/2022","14:45:00","14:50:00",38,"Snack ",36,4.7,17,"scooter ",1,"No ","Metropolitian ","Fog","High ",1
"5/03/2022","10:30:00","10:45:00",17,"Snack ",35,4.9,19,"scooter ",1,"No ","Metropolitian ","Sunny","Low ",1
"7/03/2022","11:45:00","11:50:00",20,"Snack ",28,4.6,21,"motorcycle ",0,"No ","Urban ","Stormy","High ",1
"6/03/2022","21:15:00","21:20:00",22,"Buffet ",29,4.9,19,"scooter ",2,"No ","Urban ","Stormy","Jam ",1
"18/03/2022","0:00:00","0:15:00",28,"Meal ",38,4.9,8,"motorcycle ",2,"No ","Metropolitian ","Cloudy","Low ",0
"21/03/2022","19:50:00","19:55:00",28,"Buffet ",32,4.9,18,"motorcycle ",0,"No ","Urban ","Fog","Jam ",1
"30/03/2022","20:55:00","21:00:00",32,"Meal ",23,4.1,3,"electric_scooter ",2,"No ","Metropolitian ","Fog","Jam ",1
"3/03/2022","10:15:00","10:30:00",19,"Meal ",21,4.7,16,"scooter ",1,"No ","Metropolitian ","Sunny","Low ",0
"17/02/2022","22:45:00","22:50:00",11,"Meal ",23,4.7,6,"electric_scooter ",2,"No ","Metropolitian ","Fog","Low ",1
"17/03/2022","23:15:00","23:25:00",17,"Snack ",23,4.8,17,"motorcycle ",1,"No ","Metropolitian ","Fog","Low ",1
"29/03/2022","17:15:00","17:30:00",28,"Meal ",22,4.7,3,"scooter ",1,"No ","Urban ","Windy","Medium ",1
"10/03/2022","18:25:00","18:30:00",25,"Drinks ",30,4.6,21,"scooter ",2,"No ","Urban ","Stormy","Medium ",1
"30/03/2022","8:40:00","8:55:00",29,"Snack ",39,4.5,3,"scooter ",1,"No ","Metropolitian ","Windy","Low ",1
"16/02/2022","21:15:00","21:30:00",35,"Meal ",31,4.6,7,"scooter ",2,"No ","Metropolitian ","Fog","Jam ",1
"8/03/2022","23:35:00","23:50:00",20,"Snack ",24,4.7,21,"electric_scooter ",2,"No ","Metropolitian ","Fog","Low ",1
"14/02/2022","18:15:00","18:30:00",43,"Snack ",37,4.8,4,"motorcycle ",0,"Yes ","Metropolitian ","Stormy","Medium ",1
"24/03/2022","15:50:00","15:55:00",29,"Drinks ",33,4.7,5,"motorcycle ",0,"No ","Metropolitian ","Windy","Medium ",1
"27/03/2022","22:00:00","22:05:00",40,"Snack ",39,4.9,2,"scooter ",1,"No ","Metropolitian ","Cloudy","Jam ",0
"9/03/2022","9:55:00","10:00:00",28,"Meal ",31,4.9,16,"scooter ",1,"No ","Metropolitian ","Stormy","Low ",1
"17/02/2022","22:45:00","22:50:00",11,"Meal ",23,4.7,6,"electric_scooter ",2,"No ","Metropolitian ","Fog","Low ",1
"8/03/2022","19:50:00","19:55:00",37,"Snack ",20,5,19,"motorcycle ",0,"No ","Metropolitian ","Windy","Jam ",0
"5/03/2022","10:30:00","10:40:00",27,"Meal ",22,4.2,3,"motorcycle ",0,"No ","Metropolitian ","Stormy","Low ",0
"11/03/2022","9:00:00","9:05:00",12,"Buffet ",27,4.9,15,"scooter ",2,"No ","Metropolitian ","Stormy","Low ",0
"18/03/2022","20:00:00","20:05:00",27,"Meal ",39,4.5,4,"scooter ",2,"No ","Metropolitian ","Sunny","Jam ",1
"1/03/2022","11:45:00","12:00:00",31,"Drinks ",33,4.2,1,"scooter ",1,"No ","Metropolitian ","Fog","High ",1
"5/03/2022","22:35:00","22:45:00",16,"Meal ",21,4.9,13,"electric_scooter ",2,"No ","Metropolitian ","Stormy","Low ",0
"8/03/2022","23:40:00","23:45:00",35,"Drinks ",32,4,1,"motorcycle ",0,"No ","Metropolitian ","Sunny","Low ",1
"19/03/2022","9:40:00","9:55:00",27,"Meal ",36,4.2,2,"motorcycle ",0,"No ","Metropolitian ","Sandstorms","Low ",1
"8/03/2022","21:45:00","22:00:00",28,"Snack ",30,4.6,21,"electric_scooter ",2,"No ","Metropolitian ","Sandstorms","Jam ",0
"21/03/2022","21:50:00","21:55:00",29,"Snack ",39,4.8,8,"motorcycle ",0,"No ","Metropolitian ","Cloudy","Jam ",1
"16/02/2022","20:00:00","20:15:00",39,"Snack ",37,4.4,6,"scooter ",2,"No ","Metropolitian ","Fog","Jam ",1
"17/02/2022","21:40:00","21:50:00",18,"Buffet ",39,4.8,22,"motorcycle ",2,"No ","Urban ","Sunny","Jam ",0
"31/03/2022","17:50:00","18:00:00",30,"Meal ",39,4.6,3,"motorcycle ",1,"No ","Urban ","Sandstorms","Medium ",0
"27/03/2022","0:00:00","0:10:00",20,"Buffet ",38,4.7,17,"scooter ",2,"No ","Urban ","Sunny","Low ",1
"1/04/2022","22:35:00","22:45:00",23,"Meal ",36,4.9,15,"scooter ",1,"No ","Urban ","Stormy","Low ",0
"1/03/2022","23:35:00","23:45:00",24,"Meal ",24,4.8,19,"scooter ",2,"No ","Metropolitian ","Sunny","Low ",0
"10/03/2022","18:20:00","18:25:00",35,"Drinks ",32,3.7,5,"scooter ",1,"No ","Urban ","Stormy","Medium ",1
"24/03/2022","10:55:00","11:05:00",18,"Buffet ",29,4.8,21,"motorcycle ",2,"No ","Metropolitian ","Cloudy","Low ",1
"18/03/2022","23:45:00","23:50:00",28,"Buffet ",30,4.6,7,"motorcycle ",1,"No ","Metropolitian ","Fog","Low ",1
"3/04/2022","21:40:00","21:55:00",29,"Drinks ",37,4.9,1,"motorcycle ",0,"No ","Metropolitian ","Sunny","Jam ",1
"17/02/2022","18:00:00","18:05:00",21,"Buffet ",23,4.9,6,"electric_scooter ",2,"No ","Metropolitian ","Sandstorms","Medium ",0
"18/02/2022","19:20:00","19:25:00",31,"Buffet ",30,4.1,16,"scooter ",2,"No ","Metropolitian ","Fog","Jam ",1
"26/03/2022","17:25:00","17:35:00",29,"Snack ",38,4.9,9,"motorcycle ",1,"No ","Metropolitian ","Windy","Medium ",0
"18/03/2022","20:55:00","21:00:00",36,"Buffet ",26,4.4,19,"scooter ",2,"No ","Metropolitian ","Fog","Jam ",1
"16/02/2022","19:15:00","19:30:00",51,"Meal ",32,4.8,3,"motorcycle ",0,"No ","Metropolitian ","Stormy","Jam ",3
"11/03/2022","10:50:00","11:05:00",19,"Snack ",24,4.7,21,"motorcycle ",0,"No ","Urban ","Cloudy","Low ",1
"4/03/2022","20:10:00","20:25:00",21,"Drinks ",24,4.7,23,"scooter ",1,"No ","Urban ","Stormy","Jam ",1
"12/03/2022","19:40:00","19:55:00",38,"Buffet ",24,4.8,19,"motorcycle ",0,"No ","Metropolitian ","Sandstorms","Jam ",0
"9/03/2022","16:25:00","16:30:00",33,"Meal ",34,4.1,6,"motorcycle ",1,"No ","Urban ","Stormy","Medium ",1
"3/04/2022","18:50:00","19:00:00",25,"Drinks ",32,5,23,"motorcycle ",1,"No ","Metropolitian ","Sandstorms","Medium ",1
"6/03/2022","23:30:00","23:45:00",19,"Meal ",20,4.8,16,"electric_scooter ",2,"No ","Urban ","Sandstorms","Low ",1
"23/03/2022","21:55:00","22:10:00",16,"Buffet ",25,5,19,"motorcycle ",1,"No ","Urban ","Sunny","Jam ",1
"18/02/2022","0:00:00","0:15:00",23,"Snack ",22,4.5,3,"motorcycle ",0,"No ","Metropolitian ","Fog","Low ",1
"10/03/2022","18:40:00","18:45:00",27,"Drinks ",27,4.7,17,"motorcycle ",0,"No ","Metropolitian ","Sandstorms","Medium ",1
"28/03/2022","9:00:00","9:05:00",27,"Meal ",38,4,22,"motorcycle ",0,"No ","Metropolitian ","Sandstorms","Low ",1
"15/03/2022","23:20:00","23:30:00",21,"Meal ",26,4.4,1,"motorcycle ",0,"No ","Urban ","Sandstorms","Low ",1
"20/03/2022","22:35:00","22:45:00",22,"Buffet ",29,4.8,16,"motorcycle ",0,"No ","Metropolitian ","Cloudy","Low ",1
"17/03/2022","11:20:00","11:35:00",29,"Snack ",37,4.6,16,"motorcycle ",0,"No ","Urban ","Sunny","High ",1
"8/03/2022","19:55:00","20:05:00",41,"Buffet ",30,4.5,16,"motorcycle ",0,"No ","Metropolitian ","Sunny","Jam ",1
"19/03/2022","19:30:00","19:45:00",18,"Snack ",34,4.5,13,"electric_scooter ",2,"No ","Metropolitian ","Sunny","Jam ",1
"15/02/2022","15:30:00","15:40:00",20,"Snack ",32,4.9,22,"motorcycle ",2,"No ","Urban ","Sunny","Medium ",0
"17/03/2022","9:10:00","9:20:00",15,"Snack ",38,4.9,23,"scooter ",1,"No ","Urban ","Cloudy","Low ",0
"12/03/2022","22:35:00","22:50:00",14,"Drinks ",20,4.6,16,"motorcycle ",1,"No ","Metropolitian ","Stormy","Low ",0
"17/03/2022","19:50:00","19:55:00",47,"Buffet ",38,4.1,2,"motorcycle ",0,"No ","Metropolitian ","Sandstorms","Jam ",1
"8/03/2022","17:20:00","17:30:00",10,"Snack ",22,4.8,22,"motorcycle ",2,"No ","Urban ","Stormy","Medium ",0
"25/03/2022","18:45:00","18:50:00",39,"Meal ",21,4.8,3,"electric_scooter ",2,"No ","Metropolitian ","Fog","Medium ",1
"16/03/2022","20:10:00","20:15:00",17,"Meal ",26,4.7,23,"motorcycle ",0,"No ","Urban ","Sunny","Jam ",0
"10/03/2022","20:15:00","20:20:00",32,"Buffet ",23,4.7,22,"motorcycle ",0,"No ","Metropolitian ","Windy","Jam ",1
"5/03/2022","23:50:00","23:55:00",27,"Snack ",30,4.9,18,"motorcycle ",0,"No ","Urban ","Stormy","Low ",1
"3/03/2022","14:40:00","14:55:00",19,"Buffet ",28,4.8,12,"scooter ",1,"No ","Metropolitian ","Stormy","High ",1
"17/03/2022","8:40:00","8:55:00",26,"Drinks ",37,4.5,9,"scooter ",2,"No ","Metropolitian ","Windy","Low ",0
"16/03/2022","23:40:00","23:45:00",20,"Drinks ",29,5,22,"motorcycle ",0,"No ","Metropolitian ","Cloudy","Low ",0
"19/03/2022","13:00:00","13:10:00",35,"Meal ",32,4.8,23,"scooter ",1,"No ","Metropolitian ","Fog","High ",2
"16/03/2022","19:45:00","19:50:00",42,"Snack ",39,4,8,"scooter ",2,"No ","Metropolitian ","Fog","Jam ",2
"24/03/2022","8:50:00","9:05:00",28,"Drinks ",30,4.7,15,"motorcycle ",2,"No ","Metropolitian ","Stormy","Low ",1
"24/03/2022","9:15:00","9:25:00",18,"Drinks ",21,4.5,3,"scooter ",1,"No ","Urban ","Stormy","Low ",0
"21/03/2022","22:40:00","22:45:00",23,"Buffet ",33,4.4,22,"motorcycle ",0,"No ","Metropolitian ","Windy","Low ",1
"16/02/2022","22:15:00","22:25:00",20,"Drinks ",21,4.5,3,"motorcycle ",1,"No ","Metropolitian ","Stormy","Low ",1
"11/02/2022","11:00:00","11:15:00",24,"Meal ",20,4.8,9,"motorcycle ",2,"No ","Metropolitian ","Sunny","Low ",1
"15/02/2022","0:00:00","0:05:00",15,"Drinks ",30,4.5,5,"motorcycle ",2,"No ","Metropolitian ","Stormy","Low ",1
"13/02/2022","21:55:00","22:05:00",29,"Drinks ",25,4.7,16,"motorcycle ",2,"No ","Urban ","Sandstorms","Jam ",1
"11/03/2022","15:20:00","15:30:00",11,"Drinks ",24,4.7,19,"motorcycle ",2,"No ","Urban ","Sunny","Medium ",1
"21/03/2022","16:55:00","17:10:00",35,"Snack ",38,4.7,4,"motorcycle ",0,"No ","Metropolitian ","Sandstorms","Medium ",0
"26/03/2022","8:50:00","9:00:00",27,"Meal ",36,4.7,23,"motorcycle ",0,"No ","Metropolitian ","Cloudy","Low ",1
"18/03/2022","18:50:00","19:00:00",35,"Snack ",36,4.3,14,"scooter ",1,"No ","Metropolitian ","Fog","Medium ",1
"7/03/2022","0:00:00","0:05:00",20,"Snack ",25,4.6,14,"motorcycle ",0,"No ","Metropolitian ","Fog","Low ",1
"27/03/2022","19:35:00","19:45:00",24,"Drinks ",27,4.7,18,"motorcycle ",2,"No ","Metropolitian ","Windy","Jam ",1
"20/03/2022","21:35:00","21:45:00",39,"Drinks ",33,4.1,13,"motorcycle ",0,"No ","Metropolitian ","Sandstorms","Jam ",1
"8/03/2022","21:35:00","21:50:00",39,"Drinks ",31,3.5,2,"scooter ",2,"Yes ","Metropolitian ","Stormy","Jam ",1
"23/03/2022","21:45:00","21:55:00",21,"Meal ",25,4.7,18,"motorcycle ",2,"No ","Urban ","Sunny","Jam ",0
"28/03/2022","9:00:00","9:15:00",15,"Meal ",25,4.5,18,"motorcycle ",0,"No ","Metropolitian ","Stormy","Low ",1
"14/02/2022","21:35:00","21:50:00",39,"Buffet ",24,4.7,17,"motorcycle ",0,"No ","Urban ","Fog","Jam ",1
"4/04/2022","22:55:00","23:00:00",12,"Drinks ",21,4.8,16,"scooter ",1,"No ","Urban ","Windy","Low ",0
"2/03/2022","20:40:00","20:50:00",48,"Buffet ",35,4.1,11,"motorcycle ",0,"No ","Metropolitian ","Stormy","Jam ",2
"16/03/2022","21:10:00","21:25:00",44,"Snack ",34,4.3,12,"electric_scooter ",2,"No ","Metropolitian ","Windy","Jam ",1
"26/03/2022","19:15:00","19:25:00",33,"Meal ",39,4.3,4,"motorcycle ",0,"No ","Metropolitian ","Windy","Jam ",1
"4/03/2022","19:40:00","19:55:00",41,"Buffet ",38,3.8,2,"scooter ",2,"No ","Metropolitian ","Stormy","Jam ",1
"11/03/2022","18:35:00","18:50:00",25,"Buffet ",38,5,17,"motorcycle ",0,"No ","Metropolitian ","Stormy","Medium ",1
"24/03/2022","18:00:00","18:05:00",20,"Meal ",29,4.9,19,"motorcycle ",0,"No ","Metropolitian ","Stormy","Medium ",0
"28/03/2022","22:20:00","22:35:00",21,"Buffet ",39,4.8,22,"scooter ",2,"No ","Urban ","Windy","Low ",1
"7/03/2022","18:15:00","18:25:00",16,"Drinks ",34,4.7,23,"motorcycle ",1,"No ","Urban ","Stormy","Medium ",1
"13/02/2022","23:45:00","0:00:00",11,"Snack ",24,4.8,5,"electric_scooter ",2,"No ","Metropolitian ","Fog","Low ",0
"5/03/2022","22:50:00","23:00:00",15,"Drinks ",24,4.7,18,"motorcycle ",2,"No ","Metropolitian ","Stormy","Low ",1
"15/03/2022","22:40:00","22:50:00",14,"Meal ",25,4.9,17,"motorcycle ",1,"No ","Urban ","Fog","Low ",0
"13/03/2022","16:30:00","16:35:00",21,"Meal ",28,4.5,6,"motorcycle ",1,"No ","Urban ","Windy","Medium ",1
"9/03/2022","20:55:00","21:05:00",29,"Buffet ",37,4.9,23,"scooter ",1,"No ","Metropolitian ","Stormy","Jam ",1
"3/03/2022","12:00:00","12:05:00",15,"Snack ",33,4.5,3,"scooter ",1,"No ","Urban ","Sunny","High ",0
"16/02/2022","23:40:00","23:50:00",17,"Buffet ",35,4.9,21,"motorcycle ",1,"No ","Urban ","Windy","Low ",0
"8/03/2022","20:50:00","20:55:00",43,"Buffet ",24,4.3,21,"motorcycle ",1,"No ","Metropolitian ","Fog","Jam ",1
"19/03/2022","17:40:00","17:55:00",25,"Snack ",27,4.6,7,"motorcycle ",1,"No ","Metropolitian ","Sandstorms","Medium ",0
"25/03/2022","23:25:00","23:40:00",42,"Meal ",31,4.8,4,"motorcycle ",0,"Yes ","Metropolitian ","Cloudy","Low ",1
"13/02/2022","15:10:00","15:20:00",26,"Meal ",38,4.9,4,"motorcycle ",0,"No ","Metropolitian ","Sunny","Medium ",1
"6/04/2022","19:20:00","19:30:00",42,"Meal ",36,3.7,2,"scooter ",1,"No ","Metropolitian ","Sandstorms","Jam ",1
"1/04/2022","13:55:00","14:05:00",18,"Snack ",26,4.6,22,"motorcycle ",2,"No ","Metropolitian ","Stormy","High ",1
"7/03/2022","15:20:00","15:30:00",29,"Drinks ",25,4.7,18,"scooter ",2,"No ","Metropolitian ","Stormy","Medium ",1
"14/02/2022","21:20:00","21:30:00",39,"Snack ",28,4.9,4,"motorcycle ",0,"No ","Metropolitian ","Stormy","Jam ",1
"15/03/2022","20:10:00","20:25:00",20,"Drinks ",21,4.9,22,"scooter ",1,"No ","Urban ","Cloudy","Jam ",0
"16/03/2022","21:10:00","21:15:00",42,"Drinks ",38,5,16,"motorcycle ",0,"No ","Urban ","Sandstorms","Jam ",0
"2/03/2022","21:40:00","21:45:00",43,"Drinks ",35,4.1,2,"motorcycle ",1,"No ","Urban ","Fog","Jam ",2
"5/03/2022","9:35:00","9:50:00",12,"Drinks ",35,4.9,15,"scooter ",1,"No ","Metropolitian ","Sunny","Low ",1
"13/02/2022","22:25:00","22:40:00",16,"Buffet ",26,4.7,8,"electric_scooter ",2,"No ","Metropolitian ","Sandstorms","Low ",1
"3/04/2022","23:30:00","23:45:00",16,"Snack ",29,4.3,23,"motorcycle ",0,"No ","Metropolitian ","Stormy","Low ",1
"10/03/2022","20:15:00","20:25:00",44,"Meal ",31,4.2,6,"scooter ",1,"No ","Metropolitian ","Cloudy","Jam ",2
"14/03/2022","17:10:00","17:25:00",48,"Drinks ",33,5,9,"motorcycle ",0,"Yes ","Metropolitian ","Cloudy","Medium ",2
"17/03/2022","19:55:00","20:10:00",30,"Buffet ",39,4.9,12,"motorcycle ",0,"No ","Metropolitian ","Fog","Jam ",0
"19/03/2022","21:10:00","21:20:00",22,"Meal ",26,4.6,22,"motorcycle ",0,"No ","Urban ","Cloudy","Jam ",1
"26/03/2022","22:55:00","23:00:00",34,"Meal ",33,4,11,"motorcycle ",0,"No ","Metropolitian ","Windy","Low ",1
"25/03/2022","18:40:00","18:45:00",36,"Meal ",25,4.6,4,"motorcycle ",0,"No ","Metropolitian ","Fog","Medium ",1
"2/04/2022","17:55:00","18:05:00",15,"Snack ",22,4.8,16,"motorcycle ",2,"No ","Urban ","Sunny","Medium ",0
"28/03/2022","10:55:00","11:10:00",16,"Meal ",33,4.7,16,"scooter ",1,"No ","Metropolitian ","Cloudy","Low ",0
"15/03/2022","8:45:00","9:00:00",20,"Snack ",23,4.4,1,"motorcycle ",0,"No ","Urban ","Stormy","Low ",0
"27/03/2022","17:45:00","17:55:00",34,"Meal ",30,4.3,4,"scooter ",2,"No ","Metropolitian ","Stormy","Medium ",0
"7/03/2022","11:30:00","11:35:00",39,"Drinks ",30,4.1,2,"motorcycle ",0,"No ","Metropolitian ","Stormy","High ",1
"19/03/2022","21:20:00","21:25:00",43,"Drinks ",34,4,13,"motorcycle ",0,"No ","Metropolitian ","Stormy","Jam ",1
"9/03/2022","10:00:00","10:10:00",16,"Drinks ",38,4.7,19,"motorcycle ",1,"No ","Metropolitian ","Cloudy","Low ",1
"1/03/2022","19:35:00","19:50:00",18,"Snack ",28,4.8,17,"motorcycle ",2,"No ","Metropolitian ","Sunny","Jam ",1
"11/03/2022","20:45:00","21:00:00",37,"Drinks ",36,4.6,18,"motorcycle ",0,"No ","Metropolitian ","Stormy","Jam ",1
"18/02/2022","21:25:00","21:30:00",24,"Buffet ",29,5,17,"scooter ",1,"No ","Urban ","Sunny","Jam ",1
"4/03/2022","17:35:00","17:45:00",24,"Drinks ",32,4.9,18,"motorcycle ",2,"No ","Metropolitian ","Stormy","Medium ",1
"21/03/2022","20:20:00","20:35:00",10,"Meal ",22,4.7,19,"motorcycle ",1,"No ","Urban ","Sandstorms","Jam ",0
"31/03/2022","20:00:00","20:15:00",40,"Snack ",35,4.2,8,"motorcycle ",1,"No ","Metropolitian ","Cloudy","Jam ",1
"2/04/2022","20:25:00","20:40:00",41,"Meal ",20,4.8,14,"scooter ",1,"No ","Metropolitian ","Cloudy","Jam ",0
"2/04/2022","21:30:00","21:45:00",45,"Drinks ",20,4.9,12,"motorcycle ",0,"No ","Metropolitian ","Fog","Jam ",1
"27/03/2022","22:00:00","22:05:00",26,"Snack ",34,4.8,9,"scooter ",1,"No ","Metropolitian ","Windy","Jam ",1
"19/03/2022","17:20:00","17:35:00",26,"Snack ",22,4.8,1,"motorcycle ",1,"No ","Metropolitian ","Windy","Medium ",1
"15/03/2022","14:20:00","14:25:00",10,"Meal ",22,5,17,"electric_scooter ",2,"No ","Urban ","Windy","High ",0
"2/03/2022","23:25:00","23:40:00",24,"Drinks ",38,4.8,23,"motorcycle ",0,"No ","Metropolitian ","Sunny","Low ",1
"6/03/2022","19:45:00","19:50:00",45,"Buffet ",38,5,16,"motorcycle ",0,"No ","Metropolitian ","Fog","Jam ",2
"17/03/2022","9:45:00","9:50:00",17,"Drinks ",34,4.9,17,"electric_scooter ",2,"No ","Urban ","Cloudy","Low ",1
"26/03/2022","19:55:00","20:10:00",40,"Drinks ",28,4.1,1,"motorcycle ",0,"No ","Metropolitian ","Sunny","Jam ",1
"2/04/2022","18:20:00","18:25:00",32,"Snack ",35,4.6,3,"motorcycle ",0,"No ","Metropolitian ","Sandstorms","Medium ",1
"16/03/2022","17:40:00","17:55:00",37,"Buffet ",35,4.1,4,"scooter ",2,"No ","Metropolitian ","Stormy","Medium ",1
"11/03/2022","9:30:00","9:45:00",15,"Snack ",20,4.8,13,"scooter ",2,"No ","Metropolitian ","Cloudy","Low ",1
"5/03/2022","23:55:00","0:10:00",29,"Buffet ",37,4.5,14,"motorcycle ",2,"No ","Metropolitian ","Windy","Low ",1
"3/04/2022","17:55:00","18:10:00",18,"Snack ",28,4.9,23,"scooter ",2,"No ","Metropolitian ","Fog","Medium ",0
"11/03/2022","16:55:00","17:05:00",32,"Buffet ",37,4.6,9,"scooter ",1,"No ","Metropolitian ","Windy","Medium ",1
"24/03/2022","10:25:00","10:30:00",19,"Buffet ",22,5,18,"scooter ",2,"No ","Metropolitian ","Windy","Low ",0
"29/03/2022","23:20:00","23:25:00",18,"Drinks ",34,4.8,12,"scooter ",1,"No ","Metropolitian ","Sunny","Low ",1
"20/03/2022","23:00:00","23:15:00",18,"Drinks ",22,4.7,12,"scooter ",2,"No ","Metropolitian ","Stormy","Low ",0
"3/03/2022","9:35:00","9:45:00",17,"Snack ",36,5,21,"motorcycle ",1,"No ","Urban ","Fog","Low ",0
"16/03/2022","19:25:00","19:35:00",15,"Buffet ",21,4.5,1,"motorcycle ",2,"No ","Urban ","Sunny","Jam ",0
"30/03/2022","21:15:00","21:30:00",49,"Drinks ",29,3.9,3,"motorcycle ",0,"No ","Semi-Urban ","Sunny","Jam ",2
"3/03/2022","10:00:00","10:05:00",26,"Meal ",38,4.6,22,"motorcycle ",1,"No ","Metropolitian ","Stormy","Low ",1
"23/03/2022","22:20:00","22:35:00",19,"Drinks ",34,4.6,18,"motorcycle ",1,"No ","Metropolitian ","Stormy","Low ",0
"9/03/2022","21:20:00","21:30:00",33,"Meal ",22,5,17,"motorcycle ",0,"No ","Metropolitian ","Stormy","Jam ",1
"17/02/2022","12:25:00","12:30:00",22,"Meal ",26,4.8,7,"scooter ",2,"No ","Metropolitian ","Fog","High ",1
"20/03/2022","19:00:00","19:15:00",30,"Buffet ",36,4.8,3,"motorcycle ",1,"No ","Metropolitian ","Sandstorms","Medium ",1
"2/03/2022","19:50:00","20:05:00",43,"Snack ",22,5,19,"motorcycle ",1,"No ","Metropolitian ","Fog","Jam ",2
"12/03/2022","19:55:00","20:10:00",37,"Snack ",21,4,9,"scooter ",1,"No ","Metropolitian ","Cloudy","Jam ",1
"24/03/2022","20:35:00","20:50:00",49,"Meal ",39,4,4,"motorcycle ",0,"No ","Urban ","Stormy","Jam ",0
"5/04/2022","14:40:00","14:45:00",24,"Drinks ",25,4.6,15,"scooter ",2,"No ","Metropolitian ","Fog","High ",1
"24/03/2022","11:45:00","11:55:00",15,"Buffet ",25,4.6,23,"motorcycle ",0,"No ","Metropolitian ","Windy","High ",0
"5/04/2022","20:25:00","20:35:00",33,"Meal ",31,4,1,"scooter ",1,"No ","Metropolitian ","Cloudy","Jam ",0
"15/03/2022","17:15:00","17:20:00",32,"Drinks ",33,4.3,9,"motorcycle ",0,"No ","Metropolitian ","Fog","Medium ",1
"24/03/2022","9:35:00","9:50:00",20,"Snack ",30,4.7,19,"motorcycle ",0,"No ","Urban ","Cloudy","Low ",1
"13/02/2022","12:15:00","12:20:00",37,"Meal ",34,4.2,2,"electric_scooter ",2,"No ","Metropolitian ","Fog","High ",0
"15/02/2022","14:55:00","15:10:00",31,"Meal ",36,4.3,7,"scooter ",1,"No ","Metropolitian ","Windy","High ",0
"13/03/2022","20:20:00","20:35:00",33,"Snack ",36,4.8,12,"motorcycle ",0,"No ","Metropolitian ","Sandstorms","Jam ",0
"5/03/2022","21:00:00","21:15:00",15,"Meal ",28,4.8,19,"scooter ",2,"No ","Urban ","Stormy","Jam ",1
"1/04/2022","17:20:00","17:35:00",24,"Buffet ",37,4.6,5,"scooter ",1,"No ","Urban ","Sunny","Medium ",1
"19/03/2022","17:55:00","18:05:00",13,"Drinks ",24,4.6,5,"motorcycle ",0,"No ","Metropolitian ","Sandstorms","Medium ",1
"23/03/2022","22:10:00","22:15:00",25,"Buffet ",30,4.9,16,"scooter ",2,"No ","Metropolitian ","Windy","Low ",1
"1/04/2022","17:15:00","17:25:00",27,"Buffet ",37,4.7,19,"motorcycle ",0,"No ","Metropolitian ","Stormy","Medium ",1
"13/03/2022","18:10:00","18:25:00",21,"Drinks ",29,4.8,15,"motorcycle ",1,"No ","Metropolitian ","Stormy","Medium ",1
"6/03/2022","19:50:00","20:05:00",28,"Snack ",33,4.7,22,"electric_scooter ",2,"No ","Metropolitian ","Sunny","Jam ",1
"5/04/2022","21:15:00","21:20:00",36,"Meal ",37,4.9,21,"motorcycle ",1,"No ","Metropolitian ","Fog","Jam ",0
"11/03/2022","20:25:00","20:35:00",34,"Snack ",20,4.7,18,"scooter ",2,"No ","Urban ","Fog","Jam ",1
"5/04/2022","23:35:00","23:40:00",17,"Drinks ",20,5,23,"motorcycle ",1,"No ","Metropolitian ","Fog","Low ",0
"14/03/2022","19:20:00","19:35:00",32,"Buffet ",36,4.3,23,"scooter ",2,"No ","Metropolitian ","Windy","Jam ",1
"3/03/2022","11:55:00","12:10:00",28,"Buffet ",33,4.5,17,"scooter ",1,"No ","Metropolitian ","Sandstorms","High ",1
"27/03/2022","17:35:00","17:45:00",31,"Buffet ",35,4.5,3,"motorcycle ",1,"No ","Metropolitian ","Sandstorms","Medium ",1
"29/03/2022","18:10:00","18:25:00",32,"Buffet ",23,4.1,11,"motorcycle ",2,"No ","Metropolitian ","Cloudy","Medium ",0
"28/03/2022","12:25:00","12:30:00",20,"Snack ",25,5,18,"scooter ",1,"No ","Urban ","Stormy","High ",0
"19/03/2022","23:25:00","23:40:00",25,"Meal ",20,4.3,13,"motorcycle ",0,"No ","Metropolitian ","Windy","Low ",0
"5/03/2022","21:40:00","21:55:00",26,"Snack ",24,4.6,22,"scooter ",2,"No ","Metropolitian ","Sunny","Jam ",0
"28/03/2022","8:10:00","8:15:00",19,"Snack ",21,4.8,17,"scooter ",2,"No ","Metropolitian ","Sandstorms","Low ",0
"8/03/2022","20:15:00","20:20:00",29,"Drinks ",24,4.8,19,"motorcycle ",2,"No ","Urban ","Sandstorms","Jam ",1
"12/03/2022","22:25:00","22:30:00",21,"Meal ",21,4.8,23,"scooter ",2,"No ","Metropolitian ","Cloudy","Low ",1
"16/03/2022","23:30:00","23:40:00",18,"Drinks ",24,4.7,14,"motorcycle ",0,"No ","Metropolitian ","Windy","Low ",0
"23/03/2022","17:55:00","18:10:00",28,"Drinks ",22,4.7,19,"scooter ",1,"No ","Urban ","Stormy","Medium ",1
"19/03/2022","18:40:00","18:55:00",17,"Meal ",28,4.7,6,"motorcycle ",0,"No ","Metropolitian ","Sunny","Medium ",0
"16/03/2022","21:40:00","21:55:00",45,"Drinks ",35,4.7,18,"motorcycle ",1,"No ","Urban ","Cloudy","Jam ",1
"31/03/2022","22:50:00","23:00:00",34,"Buffet ",39,3.5,16,"motorcycle ",0,"No ","Urban ","Sunny","Low ",1
"13/02/2022","23:15:00","23:25:00",23,"Buffet ",39,4.6,5,"motorcycle ",0,"No ","Metropolitian ","Fog","Low ",1
"19/03/2022","9:45:00","9:50:00",29,"Meal ",35,4.5,8,"scooter ",1,"No ","Metropolitian ","Sandstorms","Low ",0
"2/03/2022","17:25:00","17:30:00",38,"Buffet ",38,4.6,23,"motorcycle ",0,"No ","Metropolitian ","Stormy","Medium ",0
"12/03/2022","20:15:00","20:30:00",39,"Snack ",32,4.9,18,"motorcycle ",0,"No ","Metropolitian ","Stormy","Jam ",1
"21/03/2022","23:50:00","23:55:00",27,"Buffet ",35,4.5,19,"motorcycle ",2,"No ","Metropolitian ","Windy","Low ",1
"6/04/2022","20:45:00","20:50:00",27,"Drinks ",35,4.6,21,"motorcycle ",0,"No ","Metropolitian ","Sunny","Jam ",1
"18/03/2022","22:15:00","22:20:00",24,"Drinks ",38,5,13,"motorcycle ",0,"No ","Metropolitian ","Windy","Low ",1
"14/03/2022","19:30:00","19:35:00",31,"Snack ",26,4.2,3,"scooter ",1,"No ","Metropolitian ","Cloudy","Jam ",1
"26/03/2022","21:35:00","21:40:00",27,"Meal ",36,4.8,12,"scooter ",2,"No ","Metropolitian ","Windy","Jam ",1
"3/04/2022","13:55:00","14:00:00",10,"Meal ",29,4.9,18,"motorcycle ",1,"No ","Urban ","Sunny","High ",0
"31/03/2022","20:15:00","20:30:00",47,"Drinks ",20,4.7,9,"motorcycle ",0,"Yes ","Metropolitian ","Cloudy","Jam ",1
"2/04/2022","21:25:00","21:30:00",49,"Drinks ",32,4.3,6,"motorcycle ",0,"No ","Metropolitian ","Windy","Jam ",1
"3/04/2022","17:50:00","18:05:00",25,"Drinks ",23,4.8,19,"motorcycle ",0,"No ","Metropolitian ","Stormy","Medium ",0
"9/03/2022","8:20:00","8:30:00",23,"Drinks ",22,4.2,5,"motorcycle ",0,"No ","Metropolitian ","Sandstorms","Low ",1
"19/03/2022","12:40:00","12:45:00",25,"Snack ",39,4.7,22,"motorcycle ",0,"No ","Metropolitian ","Cloudy","High ",0
"23/03/2022","19:00:00","19:15:00",24,"Snack ",29,4.6,18,"motorcycle ",1,"No ","Metropolitian ","Windy","Medium ",0
"4/03/2022","18:10:00","18:25:00",29,"Buffet ",28,4.9,22,"scooter ",2,"No ","Urban ","Sandstorms","Medium ",0
"29/03/2022","22:20:00","22:25:00",37,"Buffet ",32,3.7,9,"electric_scooter ",2,"No ","Metropolitian ","Cloudy","Low ",0
"20/03/2022","22:20:00","22:25:00",41,"Buffet ",36,4.9,16,"motorcycle ",0,"No ","Urban ","Cloudy","Low ",2
"18/02/2022","21:15:00","21:20:00",38,"Snack ",22,5,18,"motorcycle ",1,"No ","Urban ","Cloudy","Jam ",2
"24/03/2022","19:40:00","19:50:00",31,"Buffet ",28,4.3,11,"motorcycle ",0,"No ","Metropolitian ","Windy","Jam ",0
"5/04/2022","10:50:00","11:00:00",20,"Meal ",20,4.9,23,"motorcycle ",1,"No ","Metropolitian ","Sunny","Low ",0
"21/03/2022","18:35:00","18:45:00",24,"Meal ",27,4.8,23,"motorcycle ",2,"No ","Urban ","Stormy","Medium ",0
"3/03/2022","18:10:00","18:25:00",19,"Drinks ",20,4.5,5,"electric_scooter ",2,"No ","Urban ","Cloudy","Medium ",1
"4/03/2022","20:30:00","20:40:00",32,"Snack ",39,4.1,5,"motorcycle ",1,"No ","Metropolitian ","Stormy","Jam ",0
"31/03/2022","20:50:00","20:55:00",28,"Drinks ",33,4.7,23,"electric_scooter ",2,"No ","Metropolitian ","Stormy","Jam ",1
"1/03/2022","10:40:00","10:50:00",26,"Drinks ",32,4.6,22,"electric_scooter ",2,"No ","Metropolitian ","Stormy","Low ",1
"13/02/2022","15:25:00","15:35:00",19,"Drinks ",35,4.9,9,"scooter ",2,"No ","Metropolitian ","Fog","Medium ",1
"31/03/2022","23:35:00","23:45:00",29,"Drinks ",35,4.9,8,"electric_scooter ",2,"No ","Metropolitian ","Cloudy","Low ",1
"9/03/2022","14:00:00","14:10:00",25,"Drinks ",22,4.8,19,"motorcycle ",0,"No ","Urban ","Stormy","High ",1
"31/03/2022","22:10:00","22:15:00",27,"Buffet ",39,4.7,1,"scooter ",1,"No ","Urban ","Fog","Low ",0
"10/03/2022","20:25:00","20:35:00",33,"Buffet ",36,3.9,7,"motorcycle ",1,"No ","Metropolitian ","Stormy","Jam ",0
"7/03/2022","10:15:00","10:30:00",18,"Snack ",34,4.8,15,"scooter ",2,"No ","Metropolitian ","Fog","Low ",0
"18/03/2022","17:50:00","17:55:00",37,"Drinks ",20,4.4,21,"scooter ",2,"No ","Metropolitian ","Fog","Medium ",1
"19/03/2022","11:30:00","11:40:00",46,"Buffet ",35,5,21,"motorcycle ",0,"No ","Metropolitian ","Windy","High ",2
"17/03/2022","8:25:00","8:40:00",15,"Drinks ",27,4.3,3,"motorcycle ",0,"No ","Urban ","Stormy","Low ",1
"30/03/2022","20:25:00","20:30:00",28,"Buffet ",26,5,14,"motorcycle ",0,"No ","Metropolitian ","Cloudy","Jam ",1
"3/04/2022","22:15:00","22:30:00",23,"Snack ",36,4.8,23,"scooter ",2,"No ","Metropolitian ","Stormy","Low ",0
"5/04/2022","8:50:00","9:05:00",29,"Buffet ",36,4.8,18,"motorcycle ",1,"No ","Metropolitian ","Windy","Low ",0
"17/03/2022","10:00:00","10:10:00",12,"Meal ",27,4.8,19,"scooter ",2,"No ","Metropolitian ","Fog","Low ",1
"1/03/2022","10:20:00","10:30:00",18,"Snack ",26,4.7,12,"scooter ",1,"No ","Metropolitian ","Fog","Low ",0
"11/02/2022","10:10:00","10:20:00",23,"Snack ",35,4.6,4,"motorcycle ",1,"No ","Metropolitian ","Windy","Low ",0
"20/03/2022","21:40:00","21:55:00",27,"Drinks ",39,5,13,"electric_scooter ",2,"No ","Metropolitian ","Stormy","Jam ",1
"19/03/2022","10:00:00","10:15:00",17,"Buffet ",29,4.5,1,"motorcycle ",0,"No ","Metropolitian ","Sandstorms","Low ",1
"6/03/2022","17:25:00","17:40:00",43,"Snack ",24,4.9,15,"motorcycle ",0,"Yes ","Metropolitian ","Sunny","Medium ",1
"7/03/2022","10:25:00","10:35:00",26,"Drinks ",38,4.9,15,"scooter ",2,"No ","Urban ","Windy","Low ",1
"7/03/2022","23:00:00","23:15:00",34,"Meal ",36,4.2,1,"motorcycle ",0,"No ","Urban ","Stormy","Low ",0
"15/03/2022","9:40:00","9:55:00",15,"Snack ",28,4.6,23,"scooter ",2,"No ","Urban ","Cloudy","Low ",0
"2/03/2022","17:40:00","17:45:00",17,"Buffet ",26,5,22,"motorcycle ",0,"No ","Urban ","Sunny","Medium ",0
"7/03/2022","23:00:00","23:05:00",19,"Meal ",26,4.7,14,"scooter ",1,"No ","Metropolitian ","Stormy","Low ",0
"27/03/2022","22:30:00","22:35:00",14,"Snack ",20,4.9,18,"motorcycle ",2,"No ","Metropolitian ","Stormy","Low ",0
"26/03/2022","11:25:00","11:30:00",15,"Snack ",20,4.8,15,"motorcycle ",2,"No ","Urban ","Sunny","High ",1
"14/02/2022","23:10:00","23:15:00",21,"Snack ",39,4.8,3,"motorcycle ",1,"No ","Metropolitian ","Sandstorms","Low ",0
"2/04/2022","18:35:00","18:40:00",39,"Buffet ",35,3.5,15,"motorcycle ",2,"No ","Metropolitian ","Stormy","Medium ",2
"16/03/2022","17:35:00","17:45:00",26,"Meal ",21,5,12,"scooter ",1,"No ","Metropolitian ","Windy","Medium ",1
"4/04/2022","23:55:00","0:10:00",24,"Meal ",33,4.8,9,"motorcycle ",0,"No ","Metropolitian ","Sandstorms","Low ",1
"1/03/2022","10:40:00","10:55:00",17,"Meal ",37,4.6,17,"motorcycle ",2,"No ","Urban ","Fog","Low ",1
"7/03/2022","14:20:00","14:35:00",14,"Meal ",22,4.9,23,"motorcycle ",1,"No ","Urban ","Stormy","High ",0
"9/03/2022","11:45:00","11:55:00",28,"Buffet ",37,4.8,9,"motorcycle ",1,"No ","Metropolitian ","Cloudy","High ",1
"4/03/2022","17:50:00","18:00:00",31,"Buffet ",20,4.2,2,"motorcycle ",1,"No ","Metropolitian ","Fog","Medium ",0
"28/03/2022","14:35:00","14:50:00",19,"Meal ",22,4.7,15,"motorcycle ",1,"No ","Urban ","Sandstorms","High ",0
"18/03/2022","20:45:00","20:55:00",22,"Buffet ",38,4.6,19,"motorcycle ",2,"No ","Urban ","Sunny","Jam ",1
"7/03/2022","8:45:00","8:50:00",15,"Snack ",22,4.7,12,"motorcycle ",0,"No ","Metropolitian ","Fog","Low ",1
"12/03/2022","21:10:00","21:20:00",19,"Drinks ",38,4.8,12,"electric_scooter ",2,"No ","Metropolitian ","Sunny","Jam ",0
"4/04/2022","20:20:00","20:25:00",10,"Drinks ",29,4.7,22,"motorcycle ",1,"No ","Urban ","Sunny","Jam ",1
"26/03/2022","8:45:00","8:55:00",14,"Buffet ",21,4.7,21,"electric_scooter ",2,"No ","Metropolitian ","Cloudy","Low ",0
"23/03/2022","19:15:00","19:30:00",25,"Buffet ",30,4.5,19,"motorcycle ",1,"No ","Metropolitian ","Stormy","Jam ",1
"18/03/2022","21:45:00","21:55:00",36,"Buffet ",35,4.2,18,"electric_scooter ",2,"No ","Metropolitian ","Stormy","Jam ",1
"3/04/2022","17:25:00","17:30:00",23,"Drinks ",28,4.7,19,"scooter ",1,"No ","Urban ","Windy","Medium ",1
"29/03/2022","19:25:00","19:35:00",46,"Drinks ",22,4.8,4,"motorcycle ",0,"No ","Urban ","Cloudy","Jam ",1
"11/03/2022","11:10:00","11:15:00",26,"Buffet ",38,4.6,17,"motorcycle ",0,"No ","Metropolitian ","Cloudy","High ",0
"5/04/2022","22:50:00","23:05:00",25,"Snack ",36,4.4,4,"motorcycle ",0,"No ","Metropolitian ","Sandstorms","Low ",1
"19/03/2022","10:35:00","10:50:00",22,"Drinks ",30,4.6,4,"electric_scooter ",2,"No ","Metropolitian ","Stormy","Low ",1
"18/03/2022","18:50:00","18:55:00",13,"Meal ",27,4.7,3,"motorcycle ",1,"No ","Metropolitian ","Sunny","Medium ",0
"4/04/2022","23:30:00","23:40:00",25,"Buffet ",25,4.8,19,"motorcycle ",1,"No ","Metropolitian ","Fog","Low ",1
"6/03/2022","19:25:00","19:30:00",36,"Meal ",33,4.3,6,"motorcycle ",0,"No ","Urban ","Stormy","Jam ",1
"30/03/2022","18:55:00","19:10:00",24,"Meal ",20,4.6,17,"scooter ",2,"No ","Metropolitian ","Windy","Medium ",0
"28/03/2022","15:00:00","15:05:00",34,"Drinks ",31,4.6,7,"motorcycle ",0,"No ","Metropolitian ","Fog","High ",1
"18/03/2022","20:10:00","20:25:00",26,"Buffet ",24,4.8,1,"scooter ",1,"No ","Metropolitian ","Windy","Jam ",1
"26/03/2022","22:40:00","22:50:00",18,"Drinks ",38,4.9,22,"motorcycle ",1,"No ","Metropolitian ","Fog","Low ",1
"2/03/2022","23:40:00","23:45:00",20,"Snack ",32,4.9,16,"scooter ",2,"No ","Urban ","Windy","Low ",0
"25/03/2022","21:55:00","22:10:00",40,"Meal ",38,5,15,"motorcycle ",0,"No ","Urban ","Sunny","Jam ",2
"8/03/2022","17:35:00","17:45:00",19,"Snack ",26,4.6,22,"motorcycle ",2,"No ","Metropolitian ","Sandstorms","Medium ",1
"26/03/2022","8:20:00","8:25:00",13,"Buffet ",31,4.8,15,"scooter ",1,"No ","Urban ","Sunny","Low ",1
"1/03/2022","9:20:00","9:35:00",27,"Drinks ",37,4.9,19,"scooter ",2,"No ","Metropolitian ","Sandstorms","Low ",0
"17/02/2022","10:15:00","10:25:00",11,"Snack ",33,4.8,17,"scooter ",2,"No ","Urban ","Sunny","Low ",0
"18/02/2022","19:45:00","20:00:00",38,"Snack ",37,4,3,"scooter ",1,"No ","Urban ","Cloudy","Jam ",2
"2/04/2022","22:00:00","22:05:00",28,"Meal ",24,4.7,22,"scooter ",1,"No ","Urban ","Stormy","Jam ",0
"5/03/2022","10:00:00","10:15:00",16,"Drinks ",29,4.9,13,"electric_scooter ",2,"No ","Metropolitian ","Sunny","Low ",0
"15/02/2022","18:40:00","18:45:00",13,"Meal ",25,4.7,3,"electric_scooter ",2,"No ","Metropolitian ","Stormy","Medium ",0
"12/02/2022","22:25:00","22:35:00",29,"Buffet ",24,4.9,4,"motorcycle ",0,"No ","Metropolitian ","Sunny","Low ",1
"7/03/2022","11:35:00","11:45:00",29,"Meal ",20,4.7,17,"motorcycle ",0,"No ","Urban ","Sandstorms","High ",1
"16/03/2022","21:30:00","21:35:00",19,"Snack ",29,4.5,5,"scooter ",1,"No ","Urban ","Stormy","Jam ",0
"28/03/2022","10:50:00","11:00:00",15,"Buffet ",23,4.8,21,"scooter ",2,"No ","Metropolitian ","Fog","Low ",1
"3/03/2022","19:40:00","19:45:00",30,"Drinks ",37,4.7,21,"electric_scooter ",2,"No ","Metropolitian ","Stormy","Jam ",1
"15/03/2022","21:35:00","21:40:00",14,"Snack ",25,4.7,15,"scooter ",1,"No ","Urban ","Windy","Jam ",0
"17/02/2022","10:00:00","10:15:00",26,"Snack ",32,4.9,6,"motorcycle ",0,"No ","Metropolitian ","Fog","Low ",1
"14/02/2022","17:30:00","17:35:00",38,"Snack ",30,4.8,8,"scooter ",2,"No ","Metropolitian ","Stormy","Medium ",2
"12/02/2022","19:30:00","19:45:00",37,"Meal ",27,4.8,8,"motorcycle ",0,"No ","Metropolitian ","Stormy","Jam ",1
"14/02/2022","17:20:00","17:30:00",21,"Drinks ",35,4.6,9,"scooter ",1,"No ","Metropolitian ","Sunny","Medium ",1
"3/03/2022","21:40:00","21:45:00",25,"Drinks ",25,4.9,16,"scooter ",1,"No ","Urban ","Sandstorms","Jam ",1
"11/02/2022","17:35:00","17:40:00",15,"Drinks ",26,4.5,2,"scooter ",2,"No ","Metropolitian ","Stormy","Medium ",0
"10/03/2022","17:20:00","17:25:00",37,"Drinks ",31,4,4,"scooter ",2,"No ","Metropolitian ","Cloudy","Medium ",1
"12/03/2022","23:50:00","0:05:00",36,"Snack ",33,3.6,1,"scooter ",1,"No ","Urban ","Fog","Low ",1
"17/02/2022","20:50:00","21:05:00",28,"Buffet ",20,4.8,6,"scooter ",1,"No ","Metropolitian ","Sandstorms","Jam ",1
"9/03/2022","19:35:00","19:45:00",31,"Meal ",24,4.2,7,"scooter ",2,"No ","Metropolitian ","Fog","Jam ",0
"28/03/2022","10:00:00","10:10:00",29,"Snack ",38,4.7,11,"motorcycle ",0,"No ","Metropolitian ","Sunny","Low ",1
"14/03/2022","20:10:00","20:15:00",43,"Buffet ",25,4.2,3,"scooter ",1,"No ","Urban ","Cloudy","Jam ",2
"17/03/2022","19:50:00","20:05:00",14,"Buffet ",25,4.7,22,"electric_scooter ",2,"No ","Metropolitian ","Sunny","Jam ",1
"18/02/2022","17:55:00","18:00:00",18,"Meal ",24,4.8,4,"scooter ",1,"No ","Metropolitian ","Sandstorms","Medium ",1
"3/03/2022","13:35:00","13:45:00",30,"Meal ",26,4.8,17,"motorcycle ",1,"No ","Metropolitian ","Fog","High ",1
"7/03/2022","21:50:00","22:00:00",21,"Meal ",20,4.7,9,"scooter ",1,"No ","Metropolitian ","Fog","Jam ",1
"30/03/2022","19:35:00","19:40:00",27,"Meal ",36,4.6,21,"motorcycle ",1,"No ","Metropolitian ","Fog","Jam ",1
"6/04/2022","17:50:00","17:55:00",25,"Snack ",31,4.6,15,"scooter ",1,"No ","Metropolitian ","Sunny","Medium ",0
"3/03/2022","17:55:00","18:10:00",15,"Meal ",36,4.6,19,"scooter ",1,"No ","Metropolitian ","Sunny","Medium ",0
"12/02/2022","21:25:00","21:35:00",48,"Drinks ",27,4.8,7,"motorcycle ",0,"No ","Metropolitian ","Stormy","Jam ",1
"18/02/2022","18:40:00","18:55:00",39,"Meal ",37,4.5,3,"scooter ",1,"No ","Metropolitian ","Fog","Medium ",1
"28/03/2022","10:20:00","10:25:00",23,"Buffet ",33,4.7,9,"motorcycle ",2,"No ","Metropolitian ","Windy","Low ",1
"16/03/2022","19:55:00","20:10:00",21,"Snack ",23,4.9,23,"electric_scooter ",2,"No ","Metropolitian ","Stormy","Jam ",1
"5/04/2022","9:55:00","10:05:00",16,"Buffet ",25,4.8,21,"motorcycle ",1,"No ","Urban ","Sunny","Low ",0
"14/03/2022","17:45:00","17:55:00",44,"Meal ",34,4.7,14,"motorcycle ",0,"No ","Metropolitian ","Fog","Medium ",2
"13/02/2022","19:10:00","19:20:00",22,"Buffet ",36,4.8,7,"motorcycle ",0,"No ","Metropolitian ","Sunny","Jam ",1
"15/03/2022","16:00:00","16:15:00",26,"Drinks ",30,4.8,18,"scooter ",1,"No ","Metropolitian ","Sandstorms","Medium ",1
"27/03/2022","22:15:00","22:20:00",17,"Buffet ",29,4.8,19,"motorcycle ",2,"No ","Metropolitian ","Sandstorms","Low ",0
"14/03/2022","18:00:00","18:15:00",39,"Drinks ",29,4.8,18,"electric_scooter ",2,"No ","Metropolitian ","Fog","Medium ",2
"5/04/2022","9:00:00","9:05:00",10,"Meal ",28,4.7,21,"motorcycle ",0,"No ","Metropolitian ","Sunny","Low ",0
"2/04/2022","19:25:00","19:40:00",24,"Drinks ",29,4.7,23,"motorcycle ",2,"No ","Urban ","Windy","Jam ",1
"16/03/2022","21:50:00","22:05:00",40,"Meal ",30,3.8,13,"scooter ",1,"Yes ","Metropolitian ","Windy","Jam ",1
"4/04/2022","17:30:00","17:40:00",26,"Drinks ",31,4.6,19,"scooter ",2,"No ","Urban ","Sunny","Medium ",1
"6/03/2022","22:55:00","23:10:00",34,"Buffet ",36,3.5,1,"scooter ",2,"No ","Metropolitian ","Sunny","Low ",1
"17/02/2022","22:50:00","23:00:00",29,"Buffet ",37,4.5,6,"motorcycle ",1,"No ","Metropolitian ","Sandstorms","Low ",0
"3/04/2022","10:15:00","10:20:00",10,"Buffet ",20,5,22,"scooter ",2,"No ","Metropolitian ","Cloudy","Low ",0
"25/03/2022","23:15:00","23:25:00",20,"Drinks ",39,4.8,21,"motorcycle ",0,"No ","Urban ","Stormy","Low ",1
"11/02/2022","12:10:00","12:15:00",25,"Buffet ",36,5,9,"scooter ",1,"No ","Metropolitian ","Stormy","High ",1
"4/03/2022","18:50:00","19:05:00",21,"Snack ",25,4.8,16,"scooter ",1,"No ","Urban ","Stormy","Medium ",0
"2/03/2022","17:15:00","17:30:00",28,"Buffet ",24,4.5,17,"scooter ",2,"No ","Metropolitian ","Sandstorms","Medium ",1
"5/03/2022","16:15:00","16:30:00",24,"Buffet ",25,4.5,6,"electric_scooter ",2,"No ","Urban ","Stormy","Medium ",0
"28/03/2022","12:45:00","13:00:00",26,"Buffet ",34,4.7,21,"motorcycle ",0,"No ","Urban ","Fog","High ",1
"18/03/2022","20:40:00","20:50:00",44,"Buffet ",22,5,14,"motorcycle ",2,"No ","Metropolitian ","Fog","Jam ",1
"17/03/2022","15:35:00","15:45:00",16,"Buffet ",35,4.6,4,"scooter ",2,"No ","Metropolitian ","Fog","Medium ",0
"11/03/2022","16:35:00","16:50:00",28,"Meal ",39,4.8,23,"scooter ",2,"No ","Metropolitian ","Windy","Medium ",1
"3/03/2022","18:15:00","18:25:00",15,"Snack ",23,4.5,17,"motorcycle ",1,"No ","Metropolitian ","Fog","Medium ",1
"19/03/2022","9:25:00","9:40:00",16,"Drinks ",20,4.7,19,"motorcycle ",0,"No ","Metropolitian ","Cloudy","Low ",0
"14/02/2022","23:40:00","23:45:00",27,"Drinks ",26,4.6,7,"scooter ",1,"No ","Metropolitian ","Fog","Low ",1
"28/03/2022","17:30:00","17:40:00",15,"Buffet ",23,4.7,15,"motorcycle ",0,"No ","Metropolitian ","Stormy","Medium ",0
"4/04/2022","19:30:00","19:45:00",38,"Meal ",32,4.8,4,"motorcycle ",0,"No ","Metropolitian ","Sunny","Jam ",2
"11/03/2022","12:45:00","12:55:00",15,"Snack ",21,4.7,16,"scooter ",2,"No ","Metropolitian ","Sunny","High ",1
"20/03/2022","20:40:00","20:45:00",50,"Buffet ",31,4.5,5,"motorcycle ",0,"No ","Urban ","Cloudy","Jam ",1
"5/03/2022","18:45:00","18:50:00",28,"Buffet ",27,4.5,16,"motorcycle ",0,"No ","Metropolitian ","Stormy","Medium ",1
"1/04/2022","23:40:00","23:50:00",18,"Snack ",32,4.8,19,"electric_scooter ",2,"No ","Metropolitian ","Cloudy","Low ",0
"12/03/2022","23:00:00","23:15:00",10,"Meal ",21,4.9,12,"motorcycle ",1,"No ","Metropolitian ","Windy","Low ",0
"1/03/2022","8:45:00","8:50:00",19,"Buffet ",23,4.9,18,"motorcycle ",2,"No ","Metropolitian ","Stormy","Low ",0
"19/03/2022","23:10:00","23:25:00",20,"Snack ",39,5,4,"motorcycle ",0,"No ","Metropolitian ","Sunny","Low ",1
"20/03/2022","22:10:00","22:25:00",23,"Buffet ",24,4.9,22,"motorcycle ",0,"No ","Metropolitian ","Windy","Low ",1
"28/03/2022","17:45:00","17:55:00",15,"Drinks ",24,4.9,17,"motorcycle ",0,"No ","Metropolitian ","Sandstorms","Medium ",1
"1/03/2022","18:10:00","18:15:00",19,"Drinks ",27,4.9,22,"motorcycle ",0,"No ","Metropolitian ","Windy","Medium ",1
"6/04/2022","23:00:00","23:15:00",23,"Drinks ",20,4.7,22,"scooter ",2,"No ","Metropolitian ","Cloudy","Low ",1
"10/03/2022","18:40:00","18:55:00",31,"Meal ",34,3.8,6,"scooter ",1,"No ","Metropolitian ","Stormy","Medium ",0
"30/03/2022","9:45:00","10:00:00",11,"Snack ",22,4.9,9,"scooter ",2,"No ","Metropolitian ","Cloudy","Low ",0
"4/03/2022","18:50:00","18:55:00",25,"Meal ",25,4.6,16,"motorcycle ",0,"No ","Metropolitian ","Sandstorms","Medium ",0
"16/02/2022","20:00:00","20:05:00",41,"Drinks ",37,4.8,23,"motorcycle ",0,"No ","Urban ","Cloudy","Jam ",0
"23/03/2022","17:40:00","17:45:00",38,"Drinks ",32,4.9,6,"scooter ",2,"No ","Metropolitian ","Fog","Medium ",1
"19/03/2022","22:35:00","22:45:00",12,"Drinks ",22,4.8,23,"scooter ",2,"No ","Metropolitian ","Fog","Low ",0
"31/03/2022","18:30:00","18:35:00",30,"Meal ",33,4.9,11,"motorcycle ",1,"No ","Metropolitian ","Cloudy","Medium ",1
"17/03/2022","10:25:00","10:35:00",10,"Buffet ",25,4.9,12,"motorcycle ",1,"No ","Metropolitian ","Fog","Low ",1
"31/03/2022","20:40:00","20:50:00",43,"Buffet ",28,4.8,1,"motorcycle ",0,"No ","Metropolitian ","Fog","Jam ",2
"23/03/2022","19:25:00","19:30:00",50,"Buffet ",35,4.9,7,"motorcycle ",0,"No ","Metropolitian ","Cloudy","Jam ",2
"5/03/2022","20:20:00","20:25:00",13,"Drinks ",21,4.7,9,"scooter ",2,"No ","Metropolitian ","Sunny","Jam ",0
"6/03/2022","21:15:00","21:25:00",47,"Snack ",34,4.7,21,"motorcycle ",0,"No ","Semi-Urban ","Stormy","Jam ",0
"19/03/2022","20:20:00","20:35:00",16,"Drinks ",27,4.9,11,"motorcycle ",0,"No ","Metropolitian ","Sandstorms","Jam ",1
"9/03/2022","17:45:00","17:55:00",27,"Snack ",21,4.8,23,"motorcycle ",1,"No ","Metropolitian ","Sandstorms","Medium ",1
"23/03/2022","22:20:00","22:25:00",23,"Buffet ",20,4.8,16,"motorcycle ",2,"No ","Metropolitian ","Cloudy","Low ",1
"4/04/2022","20:30:00","20:40:00",29,"Snack ",31,4.5,9,"motorcycle ",2,"No ","Metropolitian ","Sunny","Jam ",1
"24/03/2022","18:55:00","19:05:00",17,"Meal ",38,4.7,23,"motorcycle ",2,"No ","Urban ","Fog","Medium ",1
"7/03/2022","22:55:00","23:00:00",17,"Meal ",25,5,22,"motorcycle ",2,"No ","Metropolitian ","Stormy","Low ",1
"6/03/2022","19:45:00","20:00:00",26,"Meal ",28,4.9,16,"motorcycle ",0,"No ","Metropolitian ","Stormy","Jam ",1
"20/03/2022","21:55:00","22:00:00",31,"Snack ",31,3.8,8,"scooter ",2,"No ","Metropolitian ","Sunny","Jam ",1
"1/04/2022","9:25:00","9:35:00",26,"Drinks ",33,4.4,23,"motorcycle ",0,"No ","Metropolitian ","Windy","Low ",1
"28/03/2022","21:15:00","21:20:00",22,"Drinks ",36,4.5,13,"motorcycle ",0,"No ","Metropolitian ","Sunny","Jam ",1
"18/03/2022","19:15:00","19:30:00",36,"Buffet ",37,4.5,23,"scooter ",2,"No ","Metropolitian ","Sandstorms","Jam ",1
"17/02/2022","14:30:00","14:45:00",17,"Snack ",36,4.8,9,"scooter ",1,"No ","Metropolitian ","Fog","High ",1
"14/03/2022","20:00:00","20:10:00",21,"Snack ",23,4.7,21,"motorcycle ",1,"No ","Metropolitian ","Sunny","Jam ",0
"7/03/2022","23:00:00","23:05:00",19,"Buffet ",26,5,22,"motorcycle ",2,"No ","Metropolitian ","Windy","Low ",1
"3/03/2022","10:25:00","10:35:00",21,"Drinks ",24,4.7,18,"electric_scooter ",2,"No ","Metropolitian ","Sunny","Low ",1
"24/03/2022","8:25:00","8:30:00",11,"Snack ",22,4.9,19,"motorcycle ",1,"No ","Metropolitian ","Cloudy","Low ",0
"26/03/2022","21:55:00","22:10:00",19,"Buffet ",37,4.6,14,"motorcycle ",1,"No ","Metropolitian ","Sunny","Jam ",0
"15/02/2022","23:40:00","23:55:00",15,"Buffet ",26,4.8,3,"motorcycle ",1,"No ","Metropolitian ","Stormy","Low ",0
"1/04/2022","17:10:00","17:20:00",26,"Meal ",32,4.7,23,"scooter ",2,"No ","Metropolitian ","Windy","Medium ",0
"18/02/2022","18:30:00","18:35:00",36,"Buffet ",30,4.3,9,"motorcycle ",0,"No ","Metropolitian ","Fog","Medium ",1
"30/03/2022","23:50:00","0:00:00",15,"Snack ",22,4.9,22,"scooter ",2,"No ","Metropolitian ","Fog","Low ",0
"29/03/2022","19:30:00","19:45:00",51,"Meal ",37,4.5,7,"motorcycle ",0,"No ","Metropolitian ","Fog","Jam ",2
"12/02/2022","18:10:00","18:25:00",39,"Snack ",27,4.8,9,"scooter ",1,"No ","Metropolitian ","Fog","Medium ",1
"20/03/2022","17:45:00","17:50:00",37,"Drinks ",36,4.3,3,"scooter ",1,"No ","Metropolitian ","Stormy","Medium ",1
"3/04/2022","15:55:00","16:10:00",18,"Buffet ",25,4.9,18,"scooter ",1,"No ","Metropolitian ","Sunny","Medium ",1
"28/03/2022","10:10:00","10:25:00",19,"Snack ",21,4.8,19,"scooter ",1,"No ","Urban ","Sandstorms","Low ",1
"5/04/2022","11:55:00","12:00:00",27,"Buffet ",31,5,23,"motorcycle ",0,"No ","Metropolitian ","Sunny","High ",1
"30/03/2022","20:25:00","20:30:00",26,"Snack ",28,4.8,19,"motorcycle ",1,"No ","Metropolitian ","Stormy","Jam ",1
"2/04/2022","17:15:00","17:20:00",30,"Snack ",21,4.7,13,"motorcycle ",0,"No ","Metropolitian ","Windy","Medium ",1
"17/03/2022","22:40:00","22:50:00",24,"Buffet ",21,4.8,15,"scooter ",2,"No ","Metropolitian ","Sunny","Low ",1
"13/03/2022","9:35:00","9:45:00",20,"Snack ",36,4.6,15,"scooter ",2,"No ","Urban ","Stormy","Low ",1
"11/03/2022","20:20:00","20:25:00",25,"Drinks ",21,4.6,9,"scooter ",1,"No ","Metropolitian ","Windy","Jam ",0
"30/03/2022","15:40:00","15:50:00",38,"Drinks ",37,4.9,3,"motorcycle ",0,"No ","Metropolitian ","Sandstorms","Medium ",1
"31/03/2022","22:55:00","23:00:00",21,"Meal ",30,4.6,23,"motorcycle ",1,"No ","Metropolitian ","Sandstorms","Low ",1
"31/03/2022","22:20:00","22:30:00",25,"Meal ",33,4.7,18,"electric_scooter ",2,"No ","Metropolitian ","Sandstorms","Low ",0
"27/03/2022","19:55:00","20:05:00",41,"Meal ",35,4.9,1,"motorcycle ",0,"No ","Metropolitian ","Cloudy","Jam ",1
"29/03/2022","21:15:00","21:20:00",48,"Meal ",34,4.6,1,"electric_scooter ",2,"No ","Metropolitian ","Fog","Jam ",2
"24/03/2022","18:25:00","18:30:00",13,"Drinks ",21,4.7,17,"scooter ",1,"No ","Urban ","Fog","Medium ",1
"17/03/2022","22:40:00","22:50:00",24,"Buffet ",21,4.8,15,"scooter ",2,"No ","Metropolitian ","Sunny","Low ",1
"23/03/2022","17:50:00","18:00:00",37,"Snack ",37,4.6,7,"motorcycle ",0,"No ","Metropolitian ","Sunny","Medium ",1
"13/02/2022","22:35:00","22:50:00",15,"Snack ",36,4.9,4,"motorcycle ",1,"No ","Metropolitian ","Fog","Low ",0
"9/03/2022","9:20:00","9:35:00",19,"Snack ",22,4.7,22,"motorcycle ",2,"No ","Metropolitian ","Fog","Low ",1
"12/02/2022","19:45:00","20:00:00",38,"Buffet ",24,4.9,21,"motorcycle ",0,"No ","Urban ","Cloudy","Jam ",0
"14/03/2022","23:10:00","23:15:00",36,"Meal ",34,4.3,19,"motorcycle ",2,"No ","Metropolitian ","Cloudy","Low ",1
"23/03/2022","19:35:00","19:50:00",30,"Drinks ",21,4.8,6,"motorcycle ",0,"No ","Metropolitian ","Sunny","Jam ",1
"17/03/2022","16:00:00","16:05:00",11,"Meal ",28,4.9,4,"motorcycle ",0,"No ","Metropolitian ","Sandstorms","Medium ",0
"3/03/2022","19:15:00","19:25:00",45,"Buffet ",34,4.1,4,"motorcycle ",0,"No ","Metropolitian ","Windy","Jam ",3
"14/03/2022","18:55:00","19:05:00",25,"Drinks ",30,4.8,9,"motorcycle ",2,"No ","Metropolitian ","Sandstorms","Medium ",1
"5/04/2022","12:25:00","12:35:00",25,"Snack ",35,4.9,23,"motorcycle ",1,"No ","Metropolitian ","Windy","High ",0
"4/03/2022","19:40:00","19:55:00",41,"Buffet ",38,3.8,2,"scooter ",2,"No ","Metropolitian ","Stormy","Jam ",1
"16/02/2022","20:30:00","20:40:00",40,"Snack ",27,5,8,"electric_scooter ",2,"No ","Metropolitian ","Fog","Jam ",1
"12/03/2022","0:00:00","0:15:00",21,"Meal ",38,4.9,13,"electric_scooter ",2,"No ","Metropolitian ","Sunny","Low ",1
"15/03/2022","8:15:00","8:30:00",22,"Meal ",33,4.8,23,"motorcycle ",2,"No ","Urban ","Sandstorms","Low ",1
"18/02/2022","23:40:00","23:45:00",27,"Meal ",37,4.6,7,"motorcycle ",0,"No ","Metropolitian ","Fog","Low ",1
"8/03/2022","18:15:00","18:30:00",35,"Drinks ",38,4.1,3,"scooter ",2,"No ","Metropolitian ","Fog","Medium ",1
"4/03/2022","22:00:00","22:15:00",25,"Buffet ",27,4.8,16,"motorcycle ",2,"No ","Metropolitian ","Windy","Jam ",1
"21/03/2022","15:30:00","15:45:00",31,"Meal ",36,4.1,3,"scooter ",2,"No ","Metropolitian ","Stormy","Medium ",1
"11/03/2022","23:20:00","23:25:00",19,"Snack ",22,4.6,19,"electric_scooter ",2,"No ","Metropolitian ","Fog","Low ",1
"15/03/2022","10:20:00","10:35:00",21,"Buffet ",34,4.9,14,"motorcycle ",1,"No ","Metropolitian ","Sandstorms","Low ",0
"11/03/2022","11:50:00","11:55:00",25,"Drinks ",28,4.6,19,"motorcycle ",1,"No ","Metropolitian ","Windy","High ",1
"25/03/2022","23:45:00","23:55:00",21,"Meal ",20,4.8,16,"motorcycle ",0,"No ","Metropolitian ","Cloudy","Low ",1
"15/03/2022","10:00:00","10:10:00",22,"Buffet ",20,4,8,"motorcycle ",0,"No ","Metropolitian ","Stormy","Low ",1
"6/03/2022","20:00:00","20:15:00",33,"Drinks ",28,4.1,2,"motorcycle ",0,"No ","Urban ","Stormy","Jam ",1
"23/03/2022","18:10:00","18:25:00",32,"Buffet ",39,4.8,5,"motorcycle ",0,"No ","Metropolitian ","Sunny","Medium ",1
"13/03/2022","18:30:00","18:35:00",20,"Buffet ",20,4.8,23,"scooter ",1,"No ","Metropolitian ","Windy","Medium ",1
"12/02/2022","19:35:00","19:50:00",36,"Snack ",30,3.8,18,"motorcycle ",2,"No ","Metropolitian ","Sandstorms","Jam ",0
"10/03/2022","22:20:00","22:35:00",38,"Snack ",31,4.6,21,"motorcycle ",0,"No ","Metropolitian ","Fog","Low ",1
"12/03/2022","19:30:00","19:40:00",37,"Meal ",26,4.8,15,"scooter ",2,"No ","Metropolitian ","Fog","Jam ",1
"5/04/2022","16:10:00","16:25:00",25,"Buffet ",27,4.6,22,"scooter ",2,"No ","Metropolitian ","Sandstorms","Medium ",1
"21/03/2022","21:45:00","21:55:00",28,"Drinks ",33,4.7,23,"motorcycle ",2,"No ","Metropolitian ","Stormy","Jam ",1
"11/03/2022","10:35:00","10:45:00",33,"Buffet ",38,4,1,"motorcycle ",0,"No ","Urban ","Stormy","Low ",1
"24/03/2022","21:35:00","21:45:00",30,"Snack ",38,4.7,3,"electric_scooter ",2,"No ","Metropolitian ","Windy","Jam ",1
"5/04/2022","18:55:00","19:10:00",34,"Buffet ",35,4.6,18,"motorcycle ",1,"No ","Metropolitian ","Windy","Medium ",2
"20/03/2022","21:55:00","22:10:00",37,"Buffet ",29,4.8,3,"motorcycle ",0,"No ","Metropolitian ","Fog","Jam ",1
"2/03/2022","17:10:00","17:25:00",38,"Buffet ",34,4.2,7,"scooter ",2,"No ","Metropolitian ","Fog","Medium ",1
"7/03/2022","16:45:00","16:55:00",30,"Meal ",39,4.6,13,"scooter ",1,"No ","Metropolitian ","Stormy","Medium ",0
"28/03/2022","23:15:00","23:30:00",23,"Drinks ",37,4.9,12,"motorcycle ",2,"No ","Metropolitian ","Sandstorms","Low ",1
"18/03/2022","21:20:00","21:25:00",28,"Drinks ",37,4.6,8,"motorcycle ",1,"No ","Metropolitian ","Sunny","Jam ",1
"4/03/2022","20:40:00","20:50:00",41,"Snack ",27,4.8,12,"motorcycle ",0,"No ","Metropolitian ","Fog","Jam ",1
"28/03/2022","19:20:00","19:25:00",17,"Drinks ",32,4.9,21,"scooter ",1,"No ","Metropolitian ","Sunny","Jam ",1
"18/02/2022","21:40:00","21:50:00",18,"Buffet ",24,5,9,"scooter ",1,"No ","Metropolitian ","Sandstorms","Jam ",0
"21/03/2022","10:50:00","10:55:00",30,"Drinks ",37,4.1,5,"motorcycle ",0,"No ","Urban ","Sandstorms","Low ",1
"3/04/2022","23:20:00","23:35:00",20,"Buffet ",39,4.1,23,"motorcycle ",0,"No ","Metropolitian ","Sandstorms","Low ",1
"21/03/2022","9:20:00","9:35:00",15,"Meal ",38,4.9,18,"scooter ",2,"No ","Metropolitian ","Sunny","Low ",1
"17/03/2022","22:10:00","22:20:00",28,"Meal ",37,4.7,15,"motorcycle ",0,"No ","Urban ","Sunny","Low ",1
"17/02/2022","16:25:00","16:30:00",21,"Meal ",25,4.8,8,"electric_scooter ",2,"No ","Metropolitian ","Stormy","Medium ",1
"2/04/2022","20:35:00","20:50:00",36,"Meal ",23,4.8,4,"motorcycle ",0,"No ","Metropolitian ","Windy","Jam ",1
"27/03/2022","18:40:00","18:45:00",29,"Snack ",31,4.7,2,"electric_scooter ",2,"No ","Metropolitian ","Sunny","Medium ",1
"13/03/2022","8:50:00","9:05:00",18,"Meal ",37,5,19,"motorcycle ",1,"No ","Urban ","Fog","Low ",0
"30/03/2022","14:50:00","14:55:00",17,"Drinks ",25,4.8,18,"scooter ",1,"No ","Metropolitian ","Stormy","High ",0
"2/03/2022","20:40:00","20:50:00",16,"Drinks ",24,4.7,21,"motorcycle ",1,"No ","Urban ","Stormy","Jam ",1
"23/03/2022","20:25:00","20:35:00",32,"Buffet ",33,4.3,3,"scooter ",1,"No ","Metropolitian ","Sunny","Jam ",0
"26/03/2022","21:30:00","21:40:00",29,"Drinks ",35,4.9,5,"scooter ",1,"No ","Metropolitian ","Stormy","Jam ",1
"17/03/2022","8:45:00","8:50:00",20,"Meal ",29,4.8,18,"electric_scooter ",2,"No ","Metropolitian ","Sunny","Low ",1
"13/02/2022","22:30:00","22:45:00",24,"Buffet ",30,4.9,3,"motorcycle ",0,"No ","Metropolitian ","Fog","Low ",1
"3/04/2022","19:10:00","19:25:00",30,"Buffet ",39,4.6,8,"scooter ",2,"No ","Metropolitian ","Stormy","Jam ",0
"7/03/2022","11:25:00","11:40:00",34,"Meal ",21,4,2,"scooter ",1,"No ","Urban ","Stormy","High ",1
"15/03/2022","10:35:00","10:40:00",18,"Drinks ",29,4.9,23,"motorcycle ",1,"No ","Metropolitian ","Sunny","Low ",1
"13/02/2022","9:15:00","9:25:00",16,"Meal ",24,4.9,5,"motorcycle ",1,"No ","Metropolitian ","Stormy","Low ",0
"13/03/2022","12:20:00","12:30:00",20,"Meal ",33,4.9,14,"motorcycle ",1,"No ","Metropolitian ","Sunny","High ",1
"31/03/2022","19:10:00","19:20:00",41,"Buffet ",38,3.9,6,"motorcycle ",1,"No ","Metropolitian ","Windy","Jam ",1
"11/02/2022","11:50:00","11:55:00",23,"Buffet ",21,4.6,5,"motorcycle ",0,"No ","Metropolitian ","Stormy","High ",1
"2/03/2022","19:35:00","19:45:00",46,"Drinks ",37,4.9,9,"motorcycle ",0,"Yes ","Metropolitian ","Fog","Jam ",1
"13/02/2022","10:55:00","11:05:00",16,"Snack ",37,5,7,"motorcycle ",1,"No ","Metropolitian ","Sunny","Low ",1
"1/03/2022","11:25:00","11:40:00",30,"Drinks ",33,5,9,"electric_scooter ",2,"No ","Metropolitian ","Windy","High ",1
"9/03/2022","14:30:00","14:35:00",26,"Buffet ",35,4.8,9,"motorcycle ",0,"No ","Metropolitian ","Sunny","High ",1
"1/03/2022","8:50:00","9:00:00",29,"Buffet ",38,4.7,9,"scooter ",2,"No ","Metropolitian ","Stormy","Low ",1
"5/04/2022","16:10:00","16:25:00",32,"Snack ",32,4.6,16,"motorcycle ",0,"No ","Metropolitian ","Stormy","Medium ",1
"4/03/2022","20:20:00","20:30:00",20,"Buffet ",36,4.8,18,"scooter ",1,"No ","Urban ","Stormy","Jam ",1
"6/04/2022","22:35:00","22:50:00",24,"Buffet ",29,4.6,16,"motorcycle ",0,"No ","Metropolitian ","Stormy","Low ",1
"5/03/2022","14:25:00","14:35:00",37,"Buffet ",24,4.3,22,"motorcycle ",0,"No ","Metropolitian ","Stormy","High ",0
"30/03/2022","20:20:00","20:25:00",21,"Snack ",27,4.7,5,"scooter ",2,"No ","Urban ","Sandstorms","Jam ",1
"5/03/2022","23:40:00","23:55:00",11,"Snack ",23,4.7,18,"scooter ",2,"No ","Urban ","Sandstorms","Low ",0
"31/03/2022","23:35:00","23:50:00",35,"Snack ",39,4.3,1,"motorcycle ",0,"No ","Metropolitian ","Cloudy","Low ",1
"4/03/2022","17:15:00","17:20:00",14,"Drinks ",24,4.5,13,"motorcycle ",1,"No ","Metropolitian ","Sunny","Medium ",1
"1/04/2022","13:45:00","14:00:00",30,"Meal ",33,4.9,4,"scooter ",2,"No ","Metropolitian ","Fog","High ",1
"2/03/2022","20:00:00","20:10:00",26,"Meal ",36,4.7,13,"motorcycle ",2,"No ","Metropolitian ","Sandstorms","Jam ",1
"18/02/2022","19:35:00","19:50:00",40,"Buffet ",38,4.5,7,"electric_scooter ",2,"No ","Metropolitian ","Windy","Jam ",0
"25/03/2022","18:50:00","18:55:00",21,"Meal ",28,4.7,21,"scooter ",2,"No ","Metropolitian ","Stormy","Medium ",1
"19/03/2022","8:20:00","8:35:00",22,"Meal ",32,4.2,2,"motorcycle ",0,"No ","Metropolitian ","Stormy","Low ",1
"3/03/2022","20:25:00","20:30:00",34,"Drinks ",38,4.2,9,"motorcycle ",0,"No ","Metropolitian ","Fog","Jam ",2
"17/03/2022","15:15:00","15:20:00",21,"Meal ",22,4.6,15,"motorcycle ",1,"No ","Metropolitian ","Stormy","Medium ",1
"9/03/2022","16:20:00","16:35:00",12,"Meal ",23,4.6,13,"motorcycle ",1,"No ","Metropolitian ","Cloudy","Medium ",0
"26/03/2022","23:45:00","23:50:00",16,"Meal ",23,4.8,17,"motorcycle ",1,"No ","Urban ","Cloudy","Low ",0
"10/03/2022","20:30:00","20:40:00",35,"Meal ",29,4.2,4,"scooter ",1,"No ","Metropolitian ","Cloudy","Jam ",1
"17/03/2022","17:55:00","18:00:00",29,"Meal ",28,4.7,15,"motorcycle ",1,"No ","Metropolitian ","Windy","Medium ",1
"12/02/2022","20:30:00","20:40:00",24,"Snack ",39,4.6,2,"scooter ",1,"No ","Metropolitian ","Sunny","Jam ",1
"20/03/2022","20:20:00","20:35:00",22,"Buffet ",25,4.5,22,"motorcycle ",2,"No ","Metropolitian ","Sandstorms","Jam ",1
"28/03/2022","10:10:00","10:15:00",20,"Drinks ",20,4.7,18,"motorcycle ",2,"No ","Urban ","Sunny","Low ",1
"29/03/2022","22:30:00","22:45:00",23,"Snack ",29,4.8,3,"motorcycle ",0,"No ","Urban ","Cloudy","Low ",1
"4/03/2022","18:35:00","18:45:00",24,"Drinks ",29,5,23,"scooter ",2,"No ","Metropolitian ","Windy","Medium ",1
"25/03/2022","17:50:00","17:55:00",15,"Buffet ",33,4.8,16,"scooter ",2,"No ","Metropolitian ","Sunny","Medium ",1
"25/03/2022","21:00:00","21:05:00",50,"Meal ",35,4.6,3,"motorcycle ",0,"No ","Metropolitian ","Stormy","Jam ",1
"23/03/2022","19:20:00","19:35:00",53,"Drinks ",37,4.9,3,"motorcycle ",0,"Yes ","Metropolitian ","Sandstorms","Jam ",3
"30/03/2022","19:55:00","20:10:00",31,"Meal ",37,4.8,4,"scooter ",1,"No ","Urban ","Sandstorms","Jam ",1
"5/04/2022","21:30:00","21:40:00",38,"Snack ",24,5,18,"motorcycle ",0,"No ","Metropolitian ","Stormy","Jam ",1
"6/03/2022","20:45:00","20:50:00",41,"Drinks ",22,4.3,21,"motorcycle ",2,"No ","Metropolitian ","Fog","Jam ",1
"8/03/2022","18:40:00","18:55:00",47,"Snack ",34,4.1,1,"motorcycle ",0,"No ","Metropolitian ","Sandstorms","Medium ",0
"2/03/2022","18:10:00","18:15:00",17,"Snack ",32,4.9,9,"scooter ",1,"No ","Metropolitian ","Sunny","Medium ",1
"5/03/2022","22:20:00","22:30:00",29,"Buffet ",24,4.1,11,"motorcycle ",0,"No ","Metropolitian ","Stormy","Low ",1
"5/04/2022","17:40:00","17:55:00",16,"Meal ",30,4.9,23,"scooter ",2,"No ","Metropolitian ","Fog","Medium ",0
"10/03/2022","22:25:00","22:30:00",17,"Snack ",24,4.6,15,"electric_scooter ",2,"No ","Metropolitian ","Sandstorms","Low ",0
"11/02/2022","8:20:00","8:35:00",13,"Snack ",27,4.6,22,"scooter ",2,"No ","Urban ","Sandstorms","Low ",1
"17/03/2022","10:35:00","10:40:00",15,"Snack ",36,4.8,16,"motorcycle ",1,"No ","Urban ","Fog","Low ",0
"24/03/2022","19:25:00","19:40:00",19,"Buffet ",23,4.6,19,"motorcycle ",1,"No ","Metropolitian ","Windy","Jam ",1
"5/03/2022","23:30:00","23:45:00",16,"Snack ",34,4.9,23,"motorcycle ",2,"No ","Metropolitian ","Sunny","Low ",1
"17/02/2022","8:15:00","8:25:00",23,"Snack ",25,4.8,9,"motorcycle ",1,"No ","Metropolitian ","Sunny","Low ",1
"6/03/2022","18:25:00","18:35:00",44,"Meal ",31,4.6,21,"motorcycle ",0,"No ","Urban ","Sandstorms","Medium ",0
"23/03/2022","19:40:00","19:50:00",27,"Snack ",36,4.8,23,"scooter ",2,"No ","Metropolitian ","Stormy","Jam ",1
"13/02/2022","20:25:00","20:35:00",29,"Snack ",24,4.6,4,"motorcycle ",0,"No ","Metropolitian ","Stormy","Jam ",0
"6/03/2022","22:35:00","22:45:00",18,"Meal ",22,4.8,23,"electric_scooter ",2,"No ","Metropolitian ","Stormy","Low ",0
"14/03/2022","23:15:00","23:25:00",28,"Meal ",32,4.8,22,"motorcycle ",1,"No ","Metropolitian ","Fog","Low ",1
"8/03/2022","17:50:00","17:55:00",18,"Meal ",24,4.7,21,"electric_scooter ",2,"No ","Urban ","Stormy","Medium ",1
"25/03/2022","22:45:00","23:00:00",15,"Snack ",20,4.7,17,"motorcycle ",2,"No ","Metropolitian ","Sandstorms","Low ",0
"20/03/2022","20:25:00","20:40:00",39,"Snack ",25,5,8,"motorcycle ",2,"No ","Metropolitian ","Cloudy","Jam ",1
"1/03/2022","22:55:00","23:10:00",29,"Snack ",37,4.5,19,"motorcycle ",0,"No ","Metropolitian ","Fog","Low ",1
"9/03/2022","18:10:00","18:20:00",27,"Buffet ",37,4.9,17,"motorcycle ",0,"No ","Metropolitian ","Fog","Medium ",1
"21/03/2022","23:25:00","23:40:00",17,"Buffet ",25,4.6,23,"motorcycle ",0,"No ","Metropolitian ","Cloudy","Low ",0
"12/03/2022","21:10:00","21:20:00",45,"Snack ",20,5,17,"motorcycle ",0,"Yes ","Metropolitian ","Cloudy","Jam ",1
"24/03/2022","11:35:00","11:45:00",32,"Meal ",30,4.8,2,"motorcycle ",1,"No ","Metropolitian ","Windy","High ",0
"23/03/2022","22:25:00","22:30:00",24,"Snack ",30,4.8,22,"motorcycle ",0,"No ","Urban ","Sandstorms","Low ",0
"2/04/2022","23:30:00","23:45:00",14,"Buffet ",23,4.8,19,"scooter ",2,"No ","Metropolitian ","Stormy","Low ",1
"12/03/2022","22:50:00","23:05:00",24,"Snack ",21,4.8,22,"motorcycle ",0,"No ","Metropolitian ","Sandstorms","Low ",0
"16/02/2022","17:55:00","18:05:00",35,"Snack ",28,4.4,5,"motorcycle ",1,"No ","Metropolitian ","Stormy","Medium ",2
"9/03/2022","16:40:00","16:50:00",30,"Drinks ",31,4.6,14,"motorcycle ",0,"No ","Metropolitian ","Windy","Medium ",1
"7/03/2022","22:50:00","23:05:00",23,"Drinks ",22,4.9,22,"motorcycle ",2,"No ","Metropolitian ","Sunny","Low ",1
"19/03/2022","9:30:00","9:45:00",25,"Meal ",35,4.6,17,"motorcycle ",0,"No ","Urban ","Fog","Low ",1
"3/04/2022","15:15:00","15:25:00",19,"Buffet ",33,4.7,9,"motorcycle ",1,"No ","Metropolitian ","Sunny","Medium ",0
"1/03/2022","15:45:00","16:00:00",27,"Drinks ",22,4.9,23,"motorcycle ",0,"No ","Metropolitian ","Windy","Medium ",0
"15/02/2022","18:10:00","18:20:00",26,"Meal ",21,4.9,5,"scooter ",1,"No ","Metropolitian ","Windy","Medium ",1
"25/03/2022","23:50:00","0:05:00",36,"Meal ",24,3.3,4,"electric_scooter ",2,"No ","Metropolitian ","Sunny","Low ",2
"4/03/2022","23:25:00","23:30:00",20,"Meal ",26,4.9,14,"motorcycle ",0,"No ","Metropolitian ","Stormy","Low ",1
"30/03/2022","21:40:00","21:55:00",11,"Snack ",27,4.8,2,"motorcycle ",2,"No ","Urban ","Sunny","Jam ",0
"30/03/2022","8:50:00","9:00:00",25,"Drinks ",36,4.9,15,"scooter ",1,"No ","Metropolitian ","Stormy","Low ",0
"1/03/2022","18:35:00","18:40:00",34,"Drinks ",30,4.7,17,"electric_scooter ",2,"No ","Metropolitian ","Sandstorms","Medium ",1
"17/03/2022","23:35:00","23:45:00",22,"Meal ",31,4.6,6,"motorcycle ",0,"No ","Metropolitian ","Sunny","Low ",0
"18/03/2022","20:55:00","21:00:00",36,"Buffet ",26,4.4,19,"scooter ",2,"No ","Metropolitian ","Fog","Jam ",1
"6/04/2022","21:35:00","21:40:00",38,"Meal ",27,4.9,16,"motorcycle ",0,"No ","Urban ","Sandstorms","Jam ",1
"17/02/2022","8:45:00","8:50:00",14,"Buffet ",27,4.8,8,"scooter ",1,"No ","Metropolitian ","Stormy","Low ",1
"13/03/2022","23:10:00","23:15:00",24,"Snack ",34,4.2,2,"motorcycle ",0,"No ","Urban ","Windy","Low ",0
"1/03/2022","18:45:00","18:50:00",20,"Meal ",28,4.7,13,"scooter ",2,"No ","Metropolitian ","Windy","Medium ",0
"10/03/2022","22:50:00","23:05:00",17,"Buffet ",33,4.5,9,"scooter ",2,"No ","Metropolitian ","Stormy","Low ",0
"4/04/2022","23:10:00","23:15:00",37,"Buffet ",34,4.7,4,"motorcycle ",0,"No ","Metropolitian ","Cloudy","Low ",1
"1/04/2022","23:50:00","23:55:00",17,"Buffet ",27,4.9,19,"motorcycle ",0,"No ","Urban ","Sunny","Low ",1
"2/04/2022","19:45:00","19:50:00",29,"Meal ",23,4.6,11,"motorcycle ",0,"No ","Metropolitian ","Sandstorms","Jam ",0
"29/03/2022","18:50:00","18:55:00",29,"Meal ",25,4.9,2,"motorcycle ",1,"No ","Metropolitian ","Windy","Medium ",0
"4/04/2022","21:15:00","21:25:00",31,"Buffet ",30,4.5,15,"electric_scooter ",2,"No ","Urban ","Sunny","Jam ",0
"11/02/2022","21:10:00","21:20:00",23,"Buffet ",24,5,8,"scooter ",1,"No ","Metropolitian ","Stormy","Jam ",0
"15/03/2022","15:50:00","16:05:00",27,"Meal ",39,4.8,23,"motorcycle ",1,"No ","Metropolitian ","Stormy","Medium ",1
"5/03/2022","20:00:00","20:10:00",17,"Drinks ",21,4.6,23,"scooter ",2,"No ","Metropolitian ","Windy","Jam ",0
"1/03/2022","15:30:00","15:45:00",29,"Snack ",24,4.7,14,"motorcycle ",2,"No ","Metropolitian ","Windy","Medium ",0
"6/03/2022","17:45:00","17:55:00",32,"Meal ",27,4.3,18,"motorcycle ",1,"No ","Metropolitian ","Sunny","Medium ",1
"5/03/2022","19:25:00","19:35:00",23,"Snack ",26,5,12,"motorcycle ",2,"No ","Metropolitian ","Fog","Jam ",1
"18/03/2022","17:15:00","17:30:00",27,"Snack ",20,4.9,4,"scooter ",2,"No ","Metropolitian ","Windy","Medium ",1
"25/03/2022","19:45:00","19:55:00",11,"Buffet ",20,4.7,19,"motorcycle ",1,"No ","Urban ","Sunny","Jam ",1
"2/04/2022","17:50:00","18:05:00",31,"Buffet ",34,4,9,"motorcycle ",0,"No ","Metropolitian ","Windy","Medium ",0
"29/03/2022","17:15:00","17:20:00",49,"Drinks ",31,4.1,2,"motorcycle ",0,"Yes ","Semi-Urban ","Stormy","Medium ",3
"5/03/2022","16:00:00","16:15:00",26,"Buffet ",24,4.7,23,"motorcycle ",0,"No ","Metropolitian ","Sunny","Medium ",1
"14/02/2022","19:50:00","20:00:00",53,"Snack ",31,4.8,5,"motorcycle ",0,"No ","Metropolitian ","Fog","Jam ",2
"14/02/2022","17:45:00","18:00:00",18,"Drinks ",24,4.7,16,"scooter ",1,"No ","Urban ","Sandstorms","Medium ",1
"25/03/2022","18:25:00","18:40:00",32,"Snack ",27,4.7,11,"motorcycle ",0,"No ","Metropolitian ","Cloudy","Medium ",0
"11/03/2022","9:15:00","9:25:00",15,"Snack ",22,4.8,21,"scooter ",1,"No ","Metropolitian ","Sandstorms","Low ",1
"2/04/2022","23:25:00","23:30:00",25,"Snack ",37,4.7,19,"scooter ",1,"No ","Metropolitian ","Sunny","Low ",0
"11/02/2022","13:35:00","13:45:00",31,"Drinks ",38,5,4,"scooter ",1,"No ","Metropolitian ","Windy","High ",1
"3/03/2022","13:45:00","13:55:00",18,"Drinks ",35,4.6,9,"scooter ",2,"No ","Metropolitian ","Sunny","High ",1
"11/03/2022","22:15:00","22:30:00",20,"Snack ",28,4.2,9,"motorcycle ",0,"No ","Metropolitian ","Windy","Low ",1
"26/03/2022","21:30:00","21:35:00",34,"Meal ",35,5,11,"motorcycle ",1,"No ","Metropolitian ","Sandstorms","Jam ",0
"21/03/2022","9:10:00","9:15:00",22,"Buffet ",20,5,16,"electric_scooter ",2,"No ","Urban ","Sunny","Low ",0
"1/04/2022","17:40:00","17:45:00",15,"Snack ",32,4.6,2,"scooter ",2,"No ","Urban ","Cloudy","Medium ",0
"9/03/2022","10:45:00","10:50:00",18,"Drinks ",26,4.6,19,"scooter ",1,"No ","Metropolitian ","Cloudy","Low ",0
"16/03/2022","18:15:00","18:25:00",26,"Drinks ",26,4.6,12,"motorcycle ",2,"No ","Metropolitian ","Windy","Medium ",1
"25/03/2022","22:10:00","22:20:00",24,"Buffet ",33,4.9,19,"motorcycle ",1,"No ","Urban ","Sandstorms","Low ",1
"20/03/2022","22:30:00","22:45:00",27,"Snack ",34,4.6,12,"motorcycle ",1,"No ","Metropolitian ","Stormy","Low ",1
"18/02/2022","18:55:00","19:00:00",39,"Drinks ",29,4.1,11,"scooter ",1,"No ","Metropolitian ","Stormy","Medium ",0
"1/03/2022","22:45:00","22:55:00",18,"Drinks ",37,4.8,9,"motorcycle ",1,"No ","Metropolitian ","Fog","Low ",1
"7/03/2022","18:50:00","19:00:00",34,"Buffet ",35,4.9,16,"motorcycle ",0,"No ","Metropolitian ","Sandstorms","Medium ",1
"8/03/2022","18:55:00","19:10:00",38,"Snack ",20,4.2,4,"motorcycle ",2,"No ","Metropolitian ","Fog","Medium ",1
"1/03/2022","11:45:00","11:50:00",19,"Snack ",21,4.6,18,"motorcycle ",1,"No ","Metropolitian ","Windy","High ",0
"16/02/2022","20:00:00","20:10:00",42,"Buffet ",29,5,18,"motorcycle ",1,"No ","Urban ","Cloudy","Jam ",2
"6/04/2022","17:20:00","17:30:00",41,"Buffet ",36,4.4,3,"motorcycle ",2,"No ","Metropolitian ","Fog","Medium ",1
"17/02/2022","15:40:00","15:45:00",26,"Snack ",35,4.9,8,"motorcycle ",1,"No ","Metropolitian ","Sandstorms","Medium ",0
"13/03/2022","0:00:00","0:05:00",23,"Snack ",39,4,9,"motorcycle ",0,"No ","Metropolitian ","Windy","Low ",0
"15/03/2022","20:45:00","20:55:00",25,"Buffet ",28,4.9,13,"motorcycle ",0,"No ","Metropolitian ","Cloudy","Jam ",0
"15/03/2022","11:45:00","11:55:00",34,"Meal ",38,4.1,13,"motorcycle ",0,"No ","Metropolitian ","Cloudy","High ",1
"15/03/2022","22:50:00","22:55:00",28,"Buffet ",36,4.7,19,"motorcycle ",2,"No ","Urban ","Sandstorms","Low ",1
"6/03/2022","20:40:00","20:55:00",33,"Meal ",27,4.3,17,"motorcycle ",0,"No ","Metropolitian ","Stormy","Jam ",2
"26/03/2022","10:25:00","10:30:00",17,"Snack ",31,4.9,18,"scooter ",2,"No ","Urban ","Sunny","Low ",1
"20/03/2022","19:45:00","20:00:00",15,"Buffet ",27,4.9,19,"motorcycle ",2,"No ","Metropolitian ","Sunny","Jam ",1
"12/03/2022","19:55:00","20:10:00",27,"Meal ",33,4.6,15,"motorcycle ",1,"No ","Metropolitian ","Sandstorms","Jam ",1
"21/03/2022","8:55:00","9:05:00",16,"Buffet ",28,4.6,17,"motorcycle ",2,"No ","Urban ","Stormy","Low ",1
"3/04/2022","10:25:00","10:30:00",23,"Meal ",23,4.8,23,"motorcycle ",2,"No ","Metropolitian ","Sunny","Low ",1
"25/03/2022","22:25:00","22:35:00",21,"Drinks ",39,4.7,15,"motorcycle ",0,"No ","Metropolitian ","Windy","Low ",1
"1/04/2022","16:15:00","16:30:00",11,"Drinks ",21,4.6,21,"motorcycle ",0,"No ","Metropolitian ","Sandstorms","Medium ",0
"14/02/2022","18:15:00","18:30:00",42,"Meal ",30,4.4,3,"electric_scooter ",2,"No ","Metropolitian ","Stormy","Medium ",2
"19/03/2022","13:30:00","13:40:00",15,"Drinks ",24,4.9,7,"scooter ",2,"No ","Metropolitian ","Sunny","High ",1
"11/02/2022","19:40:00","19:55:00",32,"Snack ",30,4.3,5,"motorcycle ",1,"No ","Metropolitian ","Sandstorms","Jam ",1
"1/04/2022","23:15:00","23:20:00",23,"Meal ",37,4.9,19,"electric_scooter ",2,"No ","Metropolitian ","Stormy","Low ",1
"8/03/2022","18:50:00","19:05:00",36,"Drinks ",35,3.8,4,"scooter ",2,"No ","Metropolitian ","Sandstorms","Medium ",1
"4/04/2022","20:25:00","20:35:00",41,"Snack ",27,4.7,14,"motorcycle ",0,"No ","Metropolitian ","Fog","Jam ",1
"21/03/2022","15:50:00","16:05:00",13,"Drinks ",26,4.7,16,"scooter ",1,"No ","Urban ","Sunny","Medium ",0
"4/04/2022","23:40:00","23:45:00",25,"Snack ",38,4.7,23,"motorcycle ",0,"No ","Metropolitian ","Sandstorms","Low ",1
"15/03/2022","20:00:00","20:10:00",33,"Snack ",25,4.6,14,"motorcycle ",0,"No ","Metropolitian ","Sandstorms","Jam ",1
"30/03/2022","19:55:00","20:10:00",22,"Buffet ",29,4.9,15,"motorcycle ",1,"No ","Metropolitian ","Cloudy","Jam ",1
"11/02/2022","18:35:00","18:50:00",17,"Meal ",30,4.7,2,"scooter ",1,"No ","Metropolitian ","Stormy","Medium ",0
"11/02/2022","8:40:00","8:50:00",16,"Drinks ",31,4.9,4,"scooter ",2,"No ","Metropolitian ","Fog","Low ",1
"16/02/2022","20:25:00","20:30:00",40,"Snack ",34,4.3,5,"motorcycle ",0,"Yes ","Urban ","Sunny","Jam ",2
"3/04/2022","17:15:00","17:20:00",25,"Snack ",27,4.9,23,"motorcycle ",2,"No ","Metropolitian ","Sandstorms","Medium ",0
"5/03/2022","21:00:00","21:10:00",27,"Buffet ",31,4.7,16,"motorcycle ",1,"No ","Metropolitian ","Sandstorms","Jam ",1
"4/04/2022","20:15:00","20:30:00",31,"Meal ",22,4.4,1,"motorcycle ",2,"No ","Metropolitian ","Cloudy","Jam ",1
"5/03/2022","13:45:00","13:50:00",26,"Buffet ",30,4.7,13,"motorcycle ",1,"No ","Metropolitian ","Fog","High ",0
"8/03/2022","19:00:00","19:15:00",27,"Buffet ",25,5,15,"motorcycle ",0,"No ","Metropolitian ","Sunny","Medium ",1
"8/03/2022","20:50:00","20:55:00",43,"Buffet ",24,4.3,21,"motorcycle ",1,"No ","Metropolitian ","Fog","Jam ",1
"25/03/2022","22:25:00","22:35:00",38,"Drinks ",38,4.3,8,"motorcycle ",1,"No ","Metropolitian ","Cloudy","Low ",0
"1/04/2022","17:25:00","17:30:00",19,"Meal ",24,4.9,23,"motorcycle ",0,"No ","Metropolitian ","Stormy","Medium ",1
"4/04/2022","20:00:00","20:05:00",28,"Buffet ",24,5,21,"motorcycle ",0,"No ","Metropolitian ","Stormy","Jam ",1
"16/02/2022","23:20:00","23:35:00",27,"Drinks ",30,4.8,7,"motorcycle ",0,"No ","Metropolitian ","Sandstorms","Low ",0
"20/03/2022","22:45:00","22:50:00",16,"Meal ",22,4.9,17,"motorcycle ",0,"No ","Urban ","Windy","Low ",1
"5/03/2022","9:35:00","9:45:00",29,"Buffet ",31,4.7,23,"motorcycle ",0,"No ","Metropolitian ","Sunny","Low ",1
"12/03/2022","22:45:00","23:00:00",35,"Snack ",31,5,21,"motorcycle ",0,"No ","Metropolitian ","Fog","Low ",1
"1/04/2022","22:20:00","22:25:00",18,"Drinks ",25,5,23,"motorcycle ",1,"No ","Metropolitian ","Fog","Low ",1
"16/02/2022","17:50:00","18:00:00",27,"Buffet ",21,4.9,2,"motorcycle ",2,"No ","Metropolitian ","Stormy","Medium ",1
"12/03/2022","21:35:00","21:40:00",50,"Buffet ",30,4.8,21,"motorcycle ",0,"No ","Metropolitian ","Fog","Jam ",1
"8/03/2022","20:00:00","20:15:00",36,"Buffet ",33,4.7,23,"scooter ",1,"No ","Metropolitian ","Fog","Jam ",1
"28/03/2022","17:20:00","17:30:00",19,"Snack ",28,4.8,12,"motorcycle ",0,"No ","Metropolitian ","Sunny","Medium ",1
"27/03/2022","18:40:00","18:45:00",22,"Drinks ",23,4.7,15,"motorcycle ",0,"No ","Urban ","Sandstorms","Medium ",0
"30/03/2022","16:40:00","16:50:00",15,"Drinks ",21,4.7,16,"motorcycle ",1,"No ","Metropolitian ","Fog","Medium ",0
"13/02/2022","19:20:00","19:30:00",23,"Buffet ",34,5,3,"electric_scooter ",2,"No ","Metropolitian ","Sunny","Jam ",1
"5/03/2022","22:30:00","22:45:00",16,"Drinks ",26,4.2,2,"motorcycle ",0,"No ","Metropolitian ","Windy","Low ",1
"16/03/2022","17:40:00","17:55:00",30,"Drinks ",33,4.6,22,"electric_scooter ",2,"No ","Metropolitian ","Cloudy","Medium ",1
"23/03/2022","19:30:00","19:45:00",43,"Buffet ",36,4.9,3,"scooter ",1,"No ","Metropolitian ","Fog","Jam ",2
"15/02/2022","10:40:00","10:50:00",27,"Snack ",38,4.8,7,"scooter ",2,"No ","Metropolitian ","Stormy","Low ",0
"2/04/2022","18:00:00","18:15:00",37,"Drinks ",34,3.6,5,"electric_scooter ",2,"No ","Metropolitian ","Sandstorms","Medium ",1
"13/02/2022","10:55:00","11:05:00",28,"Buffet ",31,5,4,"motorcycle ",1,"No ","Metropolitian ","Stormy","Low ",1
"12/03/2022","22:40:00","22:50:00",27,"Buffet ",38,4.8,18,"motorcycle ",2,"No ","Metropolitian ","Cloudy","Low ",1
"3/03/2022","22:10:00","22:20:00",25,"Drinks ",30,4.8,18,"electric_scooter ",2,"No ","Metropolitian ","Windy","Low ",1
"14/03/2022","20:20:00","20:30:00",42,"Meal ",22,4.3,14,"scooter ",1,"No ","Metropolitian ","Fog","Jam ",0
"5/04/2022","8:45:00","8:55:00",19,"Snack ",21,4.8,18,"motorcycle ",1,"No ","Urban ","Sunny","Low ",1
"17/02/2022","17:40:00","17:55:00",29,"Snack ",39,5,6,"motorcycle ",0,"No ","Metropolitian ","Sandstorms","Medium ",1
"16/03/2022","17:55:00","18:05:00",35,"Drinks ",30,4.4,23,"motorcycle ",2,"No ","Metropolitian ","Fog","Medium ",1
"25/03/2022","23:00:00","23:10:00",14,"Drinks ",29,4.9,15,"motorcycle ",2,"No ","Metropolitian ","Sandstorms","Low ",1
"19/03/2022","15:55:00","16:10:00",21,"Snack ",32,4.9,9,"scooter ",2,"No ","Metropolitian ","Sunny","Medium ",1
"17/03/2022","19:15:00","19:25:00",28,"Snack ",35,4.5,23,"scooter ",2,"No ","Metropolitian ","Windy","Jam ",1
"18/03/2022","18:35:00","18:45:00",49,"Drinks ",39,4.8,23,"motorcycle ",0,"No ","Metropolitian ","Cloudy","Medium ",0
"29/03/2022","22:35:00","22:40:00",16,"Drinks ",26,4.6,14,"scooter ",1,"No ","Metropolitian ","Windy","Low ",1
"20/03/2022","20:50:00","21:05:00",44,"Buffet ",39,4.2,6,"motorcycle ",0,"No ","Metropolitian ","Sandstorms","Jam ",1
"19/03/2022","20:45:00","20:55:00",40,"Meal ",33,4.4,5,"motorcycle ",0,"No ","Urban ","Windy","Jam ",2
"3/03/2022","13:30:00","13:35:00",30,"Buffet ",36,4.7,16,"scooter ",2,"No ","Urban ","Windy","High ",1
"7/03/2022","17:35:00","17:45:00",28,"Buffet ",26,5,17,"scooter ",2,"No ","Urban ","Stormy","Medium ",1
"12/03/2022","21:35:00","21:50:00",17,"Drinks ",29,4.8,13,"scooter ",2,"No ","Metropolitian ","Sunny","Jam ",1
"13/03/2022","0:00:00","0:10:00",15,"Meal ",37,4.7,13,"scooter ",2,"No ","Metropolitian ","Sunny","Low ",0
"3/04/2022","23:45:00","23:50:00",21,"Drinks ",27,4.2,19,"motorcycle ",0,"No ","Metropolitian ","Stormy","Low ",1
"18/03/2022","21:20:00","21:25:00",28,"Drinks ",37,4.6,8,"motorcycle ",1,"No ","Metropolitian ","Sunny","Jam ",1
"15/03/2022","11:35:00","11:45:00",15,"Snack ",25,4.9,21,"motorcycle ",0,"No ","Metropolitian ","Windy","High ",1
"1/04/2022","9:35:00","9:45:00",19,"Meal ",37,4.8,3,"scooter ",1,"No ","Urban ","Fog","Low ",1
"17/03/2022","20:35:00","20:45:00",31,"Meal ",27,4.1,23,"scooter ",1,"No ","Metropolitian ","Fog","Jam ",0
"26/03/2022","19:35:00","19:45:00",20,"Buffet ",35,4.7,15,"motorcycle ",2,"No ","Urban ","Sunny","Jam ",0
"9/03/2022","10:40:00","10:55:00",17,"Buffet ",32,4.8,14,"motorcycle ",1,"No ","Metropolitian ","Fog","Low ",0
"14/03/2022","17:45:00","17:55:00",37,"Meal ",33,3.9,7,"motorcycle ",2,"No ","Metropolitian ","Windy","Medium ",2
"25/03/2022","19:40:00","19:50:00",44,"Snack ",25,4.6,9,"electric_scooter ",2,"No ","Metropolitian ","Cloudy","Jam ",2
"15/03/2022","8:35:00","8:50:00",23,"Drinks ",39,4.3,9,"motorcycle ",0,"No ","Metropolitian ","Windy","Low ",1
"3/03/2022","9:20:00","9:35:00",13,"Snack ",23,4.7,18,"scooter ",1,"No ","Metropolitian ","Stormy","Low ",1
"17/03/2022","11:30:00","11:35:00",32,"Snack ",32,4.7,14,"electric_scooter ",2,"No ","Metropolitian ","Fog","High ",1
"25/03/2022","19:55:00","20:10:00",35,"Snack ",34,4.8,3,"electric_scooter ",2,"No ","Metropolitian ","Fog","Jam ",1
"12/03/2022","21:35:00","21:40:00",50,"Buffet ",30,4.8,21,"motorcycle ",0,"No ","Metropolitian ","Fog","Jam ",1
"9/03/2022","15:15:00","15:30:00",33,"Snack ",35,4.6,18,"motorcycle ",0,"No ","Metropolitian ","Windy","Medium ",1
"30/03/2022","18:25:00","18:35:00",22,"Snack ",38,4.9,6,"scooter ",1,"No ","Urban ","Sunny","Medium ",0
"14/02/2022","18:20:00","18:25:00",42,"Buffet ",21,4.8,8,"motorcycle ",0,"No ","Metropolitian ","Stormy","Medium ",2
"15/02/2022","20:40:00","20:45:00",26,"Meal ",28,4.7,4,"motorcycle ",0,"No ","Metropolitian ","Fog","Jam ",1
"2/03/2022","18:35:00","18:45:00",24,"Drinks ",33,4.9,15,"scooter ",2,"No ","Metropolitian ","Windy","Medium ",1
"17/03/2022","15:15:00","15:25:00",26,"Snack ",26,4.6,22,"scooter ",1,"No ","Metropolitian ","Sandstorms","Medium ",1
"29/03/2022","19:25:00","19:40:00",33,"Buffet ",33,4.2,13,"scooter ",1,"No ","Metropolitian ","Sunny","Jam ",1
"12/03/2022","20:40:00","20:45:00",41,"Drinks ",35,3.6,5,"scooter ",2,"No ","Metropolitian ","Sandstorms","Jam ",1
"5/04/2022","11:35:00","11:45:00",42,"Snack ",22,4.5,3,"motorcycle ",0,"No ","Metropolitian ","Sunny","High ",1
"28/03/2022","20:50:00","21:05:00",26,"Snack ",39,4.8,19,"scooter ",2,"No ","Urban ","Stormy","Jam ",0
"4/04/2022","22:10:00","22:20:00",15,"Snack ",28,4.8,15,"motorcycle ",0,"No ","Urban ","Windy","Low ",0
"26/03/2022","9:50:00","10:00:00",18,"Snack ",25,4.7,22,"scooter ",2,"No ","Metropolitian ","Stormy","Low ",1
"8/03/2022","21:35:00","21:45:00",37,"Meal ",28,4.7,12,"motorcycle ",0,"No ","Metropolitian ","Sunny","Jam ",1
"16/03/2022","23:20:00","23:25:00",27,"Snack ",25,5,13,"scooter ",1,"No ","Metropolitian ","Sunny","Low ",1
"2/03/2022","19:20:00","19:30:00",35,"Meal ",21,4,4,"motorcycle ",1,"No ","Metropolitian ","Fog","Jam ",0
"10/03/2022","21:20:00","21:30:00",38,"Buffet ",30,3.5,2,"scooter ",2,"No ","Metropolitian ","Windy","Jam ",0
"31/03/2022","20:10:00","20:15:00",47,"Buffet ",32,4.8,4,"motorcycle ",1,"No ","Metropolitian ","Cloudy","Jam ",2
"4/03/2022","22:50:00","22:55:00",15,"Buffet ",26,4.8,22,"motorcycle ",0,"No ","Metropolitian ","Windy","Low ",0
"15/02/2022","9:10:00","9:20:00",16,"Snack ",38,4.6,7,"scooter ",2,"No ","Metropolitian ","Stormy","Low ",1
"3/03/2022","21:55:00","22:05:00",33,"Buffet ",38,4.9,18,"motorcycle ",1,"No ","Metropolitian ","Sandstorms","Jam ",1
"6/04/2022","18:55:00","19:10:00",36,"Snack ",30,4.7,17,"motorcycle ",0,"No ","Metropolitian ","Windy","Medium ",1
"23/03/2022","18:35:00","18:50:00",48,"Meal ",39,4,13,"motorcycle ",0,"No ","Metropolitian ","Windy","Medium ",3
"12/02/2022","20:00:00","20:15:00",38,"Snack ",32,3.7,15,"motorcycle ",2,"No ","Metropolitian ","Stormy","Jam ",2
"8/03/2022","20:45:00","20:55:00",33,"Buffet ",39,4.4,23,"scooter ",1,"No ","Metropolitian ","Sandstorms","Jam ",1
"5/04/2022","19:15:00","19:20:00",24,"Buffet ",24,4.6,15,"scooter ",2,"No ","Metropolitian ","Stormy","Jam ",1
"12/02/2022","20:40:00","20:55:00",48,"Meal ",31,4.7,5,"motorcycle ",0,"No ","Metropolitian ","Fog","Jam ",1
"13/02/2022","8:35:00","8:45:00",10,"Buffet ",20,4.9,21,"scooter ",1,"No ","Urban ","Windy","Low ",0
"19/03/2022","22:55:00","23:10:00",21,"Snack ",28,4.6,1,"motorcycle ",0,"No ","Metropolitian ","Fog","Low ",1
"31/03/2022","21:35:00","21:50:00",24,"Meal ",27,4.7,12,"motorcycle ",1,"No ","Metropolitian ","Sandstorms","Jam ",1
"3/03/2022","23:15:00","23:20:00",18,"Buffet ",20,4.8,22,"motorcycle ",2,"No ","Metropolitian ","Sandstorms","Low ",1
"2/04/2022","21:35:00","21:45:00",32,"Drinks ",30,4.2,13,"scooter ",1,"No ","Metropolitian ","Stormy","Jam ",1
"7/03/2022","16:10:00","16:15:00",17,"Meal ",24,4.9,19,"motorcycle ",0,"No ","Urban ","Stormy","Medium ",0
"12/02/2022","21:00:00","21:10:00",28,"Buffet ",35,4.9,8,"electric_scooter ",2,"No ","Metropolitian ","Sandstorms","Jam ",0
"19/03/2022","18:20:00","18:35:00",12,"Drinks ",29,4.9,3,"motorcycle ",2,"No ","Metropolitian ","Sunny","Medium ",0
"12/02/2022","19:20:00","19:25:00",36,"Drinks ",39,4.2,4,"scooter ",1,"No ","Metropolitian ","Stormy","Jam ",1
"30/03/2022","16:20:00","16:35:00",15,"Meal ",30,4.7,17,"motorcycle ",1,"No ","Metropolitian ","Cloudy","Medium ",1
"23/03/2022","18:15:00","18:30:00",18,"Snack ",23,4.9,17,"motorcycle ",0,"No ","Metropolitian ","Sunny","Medium ",1
"17/03/2022","21:20:00","21:30:00",25,"Meal ",32,4.6,4,"scooter ",2,"No ","Metropolitian ","Fog","Jam ",0
"11/03/2022","17:35:00","17:40:00",31,"Meal ",32,4.1,13,"scooter ",1,"No ","Metropolitian ","Sandstorms","Medium ",1
"2/04/2022","19:55:00","20:10:00",42,"Meal ",32,4.5,11,"motorcycle ",0,"No ","Metropolitian ","Cloudy","Jam ",2
"2/03/2022","23:10:00","23:20:00",26,"Snack ",38,4.7,13,"scooter ",2,"No ","Metropolitian ","Windy","Low ",1
"11/03/2022","22:55:00","23:10:00",28,"Meal ",35,4.5,15,"scooter ",1,"No ","Metropolitian ","Sandstorms","Low ",1
"8/03/2022","20:30:00","20:40:00",10,"Drinks ",22,4.6,14,"scooter ",2,"No ","Metropolitian ","Sunny","Jam ",1
"16/03/2022","22:55:00","23:05:00",23,"Buffet ",35,4.7,17,"motorcycle ",2,"No ","Metropolitian ","Windy","Low ",1
"11/03/2022","20:30:00","20:45:00",34,"Drinks ",36,5,23,"motorcycle ",0,"No ","Metropolitian ","Windy","Jam ",1
"30/03/2022","18:35:00","18:40:00",21,"Snack ",36,4.8,19,"scooter ",2,"No ","Metropolitian ","Sunny","Medium ",0
"9/03/2022","9:15:00","9:30:00",33,"Meal ",33,4,7,"motorcycle ",0,"No ","Metropolitian ","Sandstorms","Low ",1
"14/03/2022","18:15:00","18:20:00",41,"Snack ",35,4.8,18,"motorcycle ",0,"No ","Metropolitian ","Sandstorms","Medium ",1
"7/03/2022","13:10:00","13:20:00",15,"Meal ",21,4.7,16,"motorcycle ",0,"No ","Metropolitian ","Windy","High ",1
"18/02/2022","20:35:00","20:50:00",29,"Drinks ",33,4.6,4,"scooter ",2,"No ","Metropolitian ","Sandstorms","Jam ",1
"6/03/2022","23:10:00","23:15:00",28,"Buffet ",37,4.8,12,"electric_scooter ",2,"No ","Metropolitian ","Windy","Low ",1
"9/03/2022","21:25:00","21:40:00",24,"Drinks ",20,4.9,23,"electric_scooter ",2,"No ","Metropolitian ","Windy","Jam ",1
"16/03/2022","20:55:00","21:10:00",15,"Meal ",29,5,23,"motorcycle ",0,"No ","Urban ","Sunny","Jam ",0
"30/03/2022","21:15:00","21:20:00",23,"Snack ",23,4.8,18,"motorcycle ",0,"No ","Metropolitian ","Windy","Jam ",1
"10/03/2022","18:15:00","18:20:00",21,"Meal ",34,5,23,"scooter ",2,"No ","Metropolitian ","Sandstorms","Medium ",1
"27/03/2022","17:50:00","18:05:00",49,"Drinks ",31,4.5,2,"motorcycle ",0,"Yes ","Metropolitian ","Cloudy","Medium ",1
"7/03/2022","23:10:00","23:15:00",17,"Snack ",31,4.9,23,"motorcycle ",1,"No ","Metropolitian ","Sunny","Low ",0
"16/02/2022","19:45:00","19:55:00",27,"Drinks ",22,4.9,3,"scooter ",1,"No ","Metropolitian ","Stormy","Jam ",1
"19/03/2022","20:15:00","20:20:00",10,"Meal ",25,4.9,21,"motorcycle ",1,"No ","Urban ","Windy","Jam ",0
"5/03/2022","22:35:00","22:40:00",22,"Drinks ",36,4.1,3,"motorcycle ",0,"No ","Urban ","Sandstorms","Low ",1
"21/03/2022","23:40:00","23:50:00",27,"Drinks ",38,4.4,21,"motorcycle ",0,"No ","Metropolitian ","Stormy","Low ",1
"26/03/2022","21:35:00","21:40:00",30,"Meal ",31,4.9,4,"scooter ",2,"No ","Metropolitian ","Sandstorms","Jam ",0
"16/02/2022","19:50:00","19:55:00",31,"Snack ",23,4.7,6,"electric_scooter ",2,"No ","Metropolitian ","Fog","Jam ",1
"1/03/2022","18:00:00","18:05:00",29,"Drinks ",20,4.9,19,"motorcycle ",0,"No ","Metropolitian ","Stormy","Medium ",1
"11/02/2022","14:50:00","15:00:00",33,"Snack ",27,4.8,2,"motorcycle ",2,"No ","Metropolitian ","Fog","High ",0
"15/03/2022","14:45:00","14:50:00",11,"Buffet ",28,4.6,13,"motorcycle ",1,"No ","Metropolitian ","Sandstorms","High ",0
"2/03/2022","17:55:00","18:05:00",32,"Drinks ",21,4.8,17,"motorcycle ",0,"No ","Metropolitian ","Fog","Medium ",0
"17/03/2022","22:40:00","22:45:00",23,"Meal ",27,4.7,5,"motorcycle ",2,"No ","Metropolitian ","Sunny","Low ",0
"26/03/2022","21:20:00","21:25:00",29,"Meal ",35,4.5,1,"motorcycle ",1,"No ","Urban ","Windy","Jam ",1
"14/02/2022","22:20:00","22:30:00",40,"Drinks ",32,4.7,5,"motorcycle ",0,"Yes ","Metropolitian ","Stormy","Low ",1
"17/02/2022","19:35:00","19:45:00",19,"Snack ",39,4.9,5,"scooter ",1,"No ","Metropolitian ","Fog","Jam ",1
"10/03/2022","20:40:00","20:45:00",38,"Meal ",20,4.9,13,"scooter ",1,"No ","Metropolitian ","Cloudy","Jam ",1
"29/03/2022","19:35:00","19:45:00",30,"Snack ",28,4.7,9,"motorcycle ",1,"No ","Metropolitian ","Fog","Jam ",1
"20/03/2022","19:20:00","19:35:00",21,"Buffet ",33,4.7,23,"motorcycle ",2,"No ","Metropolitian ","Sunny","Jam ",1
"17/02/2022","18:50:00","19:00:00",28,"Drinks ",36,4.6,7,"motorcycle ",0,"No ","Metropolitian ","Fog","Medium ",1
"31/03/2022","22:10:00","22:25:00",40,"Snack ",36,4.8,3,"motorcycle ",0,"No ","Metropolitian ","Fog","Low ",1
"17/03/2022","11:20:00","11:30:00",27,"Drinks ",35,4.8,3,"motorcycle ",2,"No ","Metropolitian ","Cloudy","High ",1
"4/03/2022","20:00:00","20:15:00",23,"Buffet ",27,4.6,19,"scooter ",2,"No ","Metropolitian ","Sunny","Jam ",1
"13/03/2022","10:35:00","10:45:00",19,"Meal ",34,4.7,12,"motorcycle ",2,"No ","Metropolitian ","Cloudy","Low ",0
"1/03/2022","8:35:00","8:40:00",19,"Buffet ",22,4.7,21,"scooter ",1,"No ","Metropolitian ","Sunny","Low ",0
"18/02/2022","18:30:00","18:40:00",23,"Buffet ",29,4.9,4,"motorcycle ",2,"No ","Metropolitian ","Sandstorms","Medium ",1
"18/02/2022","22:35:00","22:50:00",18,"Drinks ",39,4.6,3,"scooter ",1,"No ","Metropolitian ","Stormy","Low ",0
"13/02/2022","20:55:00","21:05:00",33,"Snack ",26,4.1,14,"motorcycle ",1,"No ","Metropolitian ","Fog","Jam ",1
"16/02/2022","18:35:00","18:40:00",43,"Snack ",39,4.9,2,"motorcycle ",0,"No ","Metropolitian ","Stormy","Medium ",2
"16/03/2022","18:20:00","18:25:00",30,"Snack ",33,4.6,9,"motorcycle ",1,"No ","Metropolitian ","Sandstorms","Medium ",1
"28/03/2022","21:15:00","21:30:00",13,"Buffet ",21,4.8,15,"motorcycle ",1,"No ","Metropolitian ","Windy","Jam ",0
"4/03/2022","21:25:00","21:40:00",29,"Buffet ",27,4.6,21,"motorcycle ",0,"No ","Metropolitian ","Sandstorms","Jam ",1
"5/04/2022","19:10:00","19:15:00",49,"Snack ",37,4.1,2,"motorcycle ",0,"No ","Metropolitian ","Stormy","Jam ",3
"3/04/2022","17:25:00","17:40:00",38,"Buffet ",34,4.7,9,"motorcycle ",0,"No ","Metropolitian ","Windy","Medium ",0
"15/03/2022","14:25:00","14:30:00",32,"Meal ",34,4,5,"scooter ",1,"No ","Metropolitian ","Cloudy","High ",1
"5/04/2022","20:10:00","20:15:00",35,"Snack ",30,4.8,16,"scooter ",2,"No ","Metropolitian ","Fog","Jam ",1
"16/03/2022","20:45:00","21:00:00",42,"Buffet ",21,4.7,18,"motorcycle ",1,"No ","Metropolitian ","Cloudy","Jam ",1
"31/03/2022","23:15:00","23:20:00",44,"Drinks ",33,4.8,4,"motorcycle ",0,"No ","Metropolitian ","Fog","Low ",1
"1/03/2022","18:25:00","18:35:00",22,"Drinks ",25,5,17,"motorcycle ",1,"No ","Metropolitian ","Stormy","Medium ",1
"15/02/2022","15:35:00","15:40:00",18,"Meal ",38,4.9,3,"scooter ",1,"No ","Metropolitian ","Stormy","Medium ",1
"19/03/2022","8:15:00","8:20:00",17,"Buffet ",29,4.6,19,"scooter ",1,"No ","Urban ","Stormy","Low ",1
"3/03/2022","10:15:00","10:30:00",15,"Drinks ",27,4.7,9,"electric_scooter ",2,"No ","Metropolitian ","Stormy","Low ",1
"27/03/2022","23:00:00","23:15:00",22,"Drinks ",20,4.8,23,"scooter ",1,"No ","Metropolitian ","Fog","Low ",1
"11/03/2022","15:25:00","15:30:00",28,"Drinks ",37,4.5,18,"electric_scooter ",2,"No ","Metropolitian ","Stormy","Medium ",1
"13/02/2022","22:20:00","22:25:00",19,"Buffet ",27,4.8,6,"motorcycle ",0,"No ","Metropolitian ","Stormy","Low ",1
"29/03/2022","20:20:00","20:30:00",39,"Buffet ",37,4.4,2,"motorcycle ",2,"No ","Metropolitian ","Windy","Jam ",1
"3/04/2022","12:00:00","12:05:00",31,"Buffet ",39,4.3,15,"scooter ",1,"No ","Metropolitian ","Cloudy","High ",1
"30/03/2022","21:55:00","22:00:00",29,"Meal ",34,4.9,5,"scooter ",1,"No ","Urban ","Sandstorms","Jam ",0
"1/04/2022","10:25:00","10:30:00",21,"Snack ",31,4.8,1,"scooter ",1,"No ","Urban ","Stormy","Low ",1
"21/03/2022","0:00:00","0:15:00",26,"Snack ",35,4.8,22,"scooter ",1,"No ","Urban ","Windy","Low ",1
"30/03/2022","17:15:00","17:25:00",16,"Meal ",35,4.5,2,"electric_scooter ",2,"No ","Urban ","Fog","Medium ",0
"1/04/2022","21:35:00","21:40:00",27,"Drinks ",23,4.5,5,"motorcycle ",2,"No ","Urban ","Fog","Jam ",1
"17/03/2022","17:10:00","17:25:00",15,"Meal ",33,4.6,21,"motorcycle ",1,"No ","Urban ","Cloudy","Medium ",0
"28/03/2022","18:55:00","19:10:00",39,"Snack ",39,4.8,1,"motorcycle ",0,"No ","Metropolitian ","Stormy","Medium ",1
"3/04/2022","23:40:00","23:50:00",18,"Meal ",27,4.9,23,"motorcycle ",2,"No ","Metropolitian ","Windy","Low ",0
"31/03/2022","17:40:00","17:55:00",19,"Snack ",35,4.8,4,"scooter ",1,"No ","Urban ","Sunny","Medium ",1
"9/03/2022","21:10:00","21:15:00",26,"Meal ",33,4.6,21,"scooter ",1,"No ","Urban ","Stormy","Jam ",1
"19/03/2022","23:15:00","23:25:00",16,"Buffet ",25,4.6,22,"motorcycle ",0,"No ","Metropolitian ","Sunny","Low ",0
"18/02/2022","17:55:00","18:00:00",31,"Snack ",32,4.8,5,"motorcycle ",1,"No ","Metropolitian ","Fog","Medium ",1
"17/03/2022","21:55:00","22:00:00",25,"Snack ",35,5,18,"motorcycle ",1,"No ","Metropolitian ","Windy","Jam ",1
"19/03/2022","19:50:00","19:55:00",30,"Buffet ",25,4.7,12,"scooter ",2,"No ","Metropolitian ","Fog","Jam ",1
"26/03/2022","8:20:00","8:30:00",23,"Snack ",33,4.9,14,"motorcycle ",2,"No ","Metropolitian ","Sandstorms","Low ",1
"3/04/2022","21:55:00","22:05:00",26,"Meal ",34,4.8,21,"motorcycle ",2,"No ","Metropolitian ","Windy","Jam ",1
"18/02/2022","17:30:00","17:35:00",15,"Snack ",23,4.9,19,"motorcycle ",2,"No ","Urban ","Stormy","Medium ",1
"28/03/2022","13:45:00","13:50:00",22,"Buffet ",33,4.7,18,"motorcycle ",0,"No ","Urban ","Sunny","High ",0
"1/03/2022","22:10:00","22:15:00",17,"Meal ",22,4.7,21,"motorcycle ",1,"No ","Urban ","Sandstorms","Low ",0
"27/03/2022","17:20:00","17:30:00",43,"Buffet ",36,4.9,9,"scooter ",1,"No ","Metropolitian ","Cloudy","Medium ",2
"10/03/2022","0:00:00","0:15:00",43,"Buffet ",37,4.6,9,"motorcycle ",0,"No ","Metropolitian ","Fog","Low ",2
"29/03/2022","19:40:00","19:50:00",15,"Snack ",27,4.6,17,"motorcycle ",0,"No ","Metropolitian ","Sunny","Jam ",0
"11/02/2022","9:45:00","10:00:00",20,"Snack ",29,4.1,16,"motorcycle ",0,"No ","Metropolitian ","Stormy","Low ",1
"4/04/2022","21:20:00","21:25:00",41,"Buffet ",22,4.3,14,"scooter ",2,"No ","Metropolitian ","Cloudy","Jam ",1
"3/03/2022","14:40:00","14:50:00",36,"Meal ",37,4.3,18,"scooter ",1,"No ","Metropolitian ","Fog","High ",0
"13/02/2022","10:55:00","11:00:00",17,"Buffet ",21,4.6,3,"motorcycle ",2,"No ","Metropolitian ","Fog","Low ",0
"14/02/2022","18:30:00","18:40:00",37,"Meal ",38,5,8,"scooter ",2,"No ","Metropolitian ","Fog","Medium ",1
"1/04/2022","9:30:00","9:35:00",14,"Drinks ",37,4.9,19,"motorcycle ",1,"No ","Urban ","Sunny","Low ",1
"24/03/2022","11:20:00","11:30:00",30,"Meal ",22,4.7,4,"motorcycle ",0,"No ","Metropolitian ","Windy","High ",0
"14/02/2022","21:15:00","21:20:00",21,"Drinks ",26,4.9,17,"scooter ",2,"No ","Urban ","Sandstorms","Jam ",1
"1/03/2022","23:40:00","23:55:00",22,"Buffet ",28,4.6,18,"motorcycle ",0,"No ","Urban ","Cloudy","Low ",1
"11/03/2022","10:40:00","10:55:00",24,"Buffet ",32,4.9,17,"motorcycle ",0,"No ","Metropolitian ","Fog","Low ",1
"4/03/2022","19:10:00","19:15:00",17,"Drinks ",27,4.8,16,"motorcycle ",0,"No ","Urban ","Stormy","Jam ",1
"3/03/2022","8:45:00","8:55:00",15,"Snack ",23,4.7,16,"motorcycle ",1,"No ","Metropolitian ","Stormy","Low ",1
"2/04/2022","22:45:00","22:55:00",24,"Meal ",21,4.6,17,"motorcycle ",0,"No ","Urban ","Windy","Low ",1
"1/04/2022","23:40:00","23:55:00",17,"Snack ",30,4.5,23,"motorcycle ",1,"No ","Metropolitian ","Fog","Low ",1
"16/02/2022","18:10:00","18:20:00",36,"Buffet ",36,4.9,9,"electric_scooter ",2,"No ","Metropolitian ","Stormy","Medium ",1
"4/04/2022","21:40:00","21:45:00",31,"Buffet ",36,4.1,5,"electric_scooter ",2,"No ","Metropolitian ","Sunny","Jam ",1
"18/03/2022","17:55:00","18:10:00",46,"Snack ",33,4.6,9,"motorcycle ",0,"No ","Metropolitian ","Windy","Medium ",1
"11/03/2022","10:25:00","10:40:00",26,"Snack ",30,4.9,22,"motorcycle ",1,"No ","Metropolitian ","Windy","Low ",1
"3/04/2022","19:00:00","19:15:00",30,"Buffet ",39,4.7,5,"motorcycle ",0,"No ","Metropolitian ","Cloudy","Medium ",1
"17/03/2022","9:10:00","9:20:00",19,"Drinks ",27,4.6,22,"motorcycle ",0,"No ","Urban ","Cloudy","Low ",1
"1/04/2022","19:45:00","20:00:00",16,"Drinks ",22,4.7,22,"motorcycle ",1,"No ","Metropolitian ","Sunny","Jam ",0
"7/03/2022","9:20:00","9:25:00",26,"Buffet ",30,4.9,17,"scooter ",1,"No ","Metropolitian ","Stormy","Low ",1
"6/03/2022","18:25:00","18:40:00",39,"Meal ",32,4,3,"motorcycle ",1,"No ","Metropolitian ","Fog","Medium ",2
"23/03/2022","17:50:00","18:00:00",34,"Snack ",32,4,3,"motorcycle ",0,"No ","Metropolitian ","Stormy","Medium ",2
"31/03/2022","18:35:00","18:45:00",27,"Snack ",25,4.7,23,"motorcycle ",2,"No ","Metropolitian ","Windy","Medium ",1
"2/03/2022","20:30:00","20:35:00",11,"Drinks ",24,4.9,16,"scooter ",2,"No ","Urban ","Sunny","Jam ",1
"15/03/2022","11:50:00","12:05:00",26,"Buffet ",39,4.8,13,"motorcycle ",0,"No ","Metropolitian ","Sunny","High ",0
"13/02/2022","10:20:00","10:25:00",28,"Buffet ",36,4.5,7,"electric_scooter ",2,"No ","Metropolitian ","Stormy","Low ",1
"9/03/2022","20:10:00","20:20:00",19,"Snack ",26,4.7,15,"electric_scooter ",2,"No ","Metropolitian ","Windy","Jam ",1
"30/03/2022","19:50:00","20:00:00",32,"Buffet ",36,5,7,"motorcycle ",2,"No ","Metropolitian ","Sandstorms","Jam ",0
"12/02/2022","22:35:00","22:45:00",25,"Drinks ",32,4.7,4,"motorcycle ",2,"No ","Metropolitian ","Windy","Low ",1
"6/03/2022","22:35:00","22:50:00",21,"Meal ",28,4.5,9,"motorcycle ",2,"No ","Metropolitian ","Fog","Low ",1
"13/02/2022","18:20:00","18:25:00",27,"Meal ",29,4.9,3,"motorcycle ",1,"No ","Metropolitian ","Stormy","Medium ",1
"17/02/2022","23:20:00","23:35:00",16,"Meal ",37,4.5,7,"scooter ",2,"No ","Metropolitian ","Sandstorms","Low ",0
"19/03/2022","14:45:00","14:50:00",23,"Buffet ",36,4.8,8,"scooter ",2,"No ","Metropolitian ","Sunny","High ",1
"15/02/2022","18:15:00","18:25:00",30,"Drinks ",30,4.5,4,"electric_scooter ",2,"No ","Urban ","Windy","Medium ",0
"12/03/2022","21:40:00","21:50:00",26,"Meal ",36,4.6,23,"motorcycle ",1,"No ","Metropolitian ","Windy","Jam ",1
"18/02/2022","18:45:00","19:00:00",17,"Snack ",27,4.5,2,"motorcycle ",2,"No ","Urban ","Sandstorms","Medium ",1
"27/03/2022","18:10:00","18:20:00",24,"Buffet ",21,4.8,9,"electric_scooter ",2,"No ","Metropolitian ","Sandstorms","Medium ",0
"1/04/2022","8:15:00","8:30:00",29,"Meal ",38,4.6,14,"motorcycle ",0,"No ","Metropolitian ","Sunny","Low ",1
"17/02/2022","11:10:00","11:25:00",26,"Snack ",28,5,3,"motorcycle ",1,"No ","Metropolitian ","Sandstorms","High ",0
"18/02/2022","0:00:00","0:10:00",25,"Snack ",31,4.6,8,"scooter ",1,"No ","Metropolitian ","Fog","Low ",1
"11/03/2022","17:30:00","17:45:00",25,"Meal ",34,4.9,13,"motorcycle ",0,"No ","Metropolitian ","Cloudy","Medium ",0
"21/03/2022","12:30:00","12:45:00",16,"Meal ",20,4.6,17,"motorcycle ",0,"No ","Metropolitian ","Stormy","High ",1
"7/03/2022","10:00:00","10:05:00",24,"Buffet ",30,4.5,9,"motorcycle ",0,"No ","Metropolitian ","Sunny","Low ",1
"26/03/2022","20:55:00","21:10:00",33,"Buffet ",34,4.6,9,"electric_scooter ",2,"No ","Metropolitian ","Fog","Jam ",1
"28/03/2022","11:25:00","11:40:00",44,"Meal ",35,4.4,3,"motorcycle ",0,"Yes ","Metropolitian ","Windy","High ",0
"16/03/2022","19:40:00","19:50:00",29,"Snack ",35,4.6,13,"scooter ",1,"No ","Metropolitian ","Stormy","Jam ",1
"1/03/2022","20:40:00","20:50:00",21,"Snack ",25,4.5,14,"motorcycle ",0,"No ","Metropolitian ","Windy","Jam ",0
"21/03/2022","8:20:00","8:30:00",24,"Drinks ",30,4.7,22,"motorcycle ",0,"No ","Urban ","Cloudy","Low ",1
"5/03/2022","20:15:00","20:30:00",14,"Meal ",21,4.5,5,"scooter ",2,"No ","Urban ","Stormy","Jam ",0
"5/04/2022","17:40:00","17:45:00",20,"Drinks ",23,4.6,23,"motorcycle ",0,"No ","Urban ","Stormy","Medium ",0
"14/03/2022","19:55:00","20:05:00",27,"Snack ",26,4.9,23,"scooter ",2,"No ","Metropolitian ","Stormy","Jam ",1
"18/02/2022","17:15:00","17:25:00",35,"Meal ",34,4.6,5,"motorcycle ",0,"No ","Metropolitian ","Fog","Medium ",1
"17/03/2022","17:20:00","17:25:00",20,"Meal ",27,4.9,15,"motorcycle ",0,"No ","Urban ","Sunny","Medium ",1
"29/03/2022","18:55:00","19:00:00",47,"Meal ",37,4.6,6,"motorcycle ",0,"No ","Metropolitian ","Fog","Medium ",1
"6/03/2022","19:45:00","19:55:00",30,"Snack ",23,5,17,"scooter ",2,"No ","Urban ","Stormy","Jam ",0
"3/03/2022","11:20:00","11:35:00",26,"Drinks ",36,4.8,21,"scooter ",2,"No ","Urban ","Cloudy","High ",0
"4/03/2022","23:20:00","23:30:00",31,"Snack ",34,3.7,5,"motorcycle ",1,"No ","Metropolitian ","Stormy","Low ",0
"14/03/2022","17:10:00","17:25:00",27,"Drinks ",28,4.6,16,"motorcycle ",2,"No ","Metropolitian ","Sandstorms","Medium ",1
"11/03/2022","20:00:00","20:05:00",24,"Drinks ",23,4.5,21,"electric_scooter ",2,"No ","Metropolitian ","Cloudy","Jam ",1
"19/03/2022","8:10:00","8:20:00",19,"Buffet ",28,4.8,19,"scooter ",2,"No ","Metropolitian ","Windy","Low ",0
"28/03/2022","11:45:00","11:55:00",31,"Snack ",27,4.4,3,"motorcycle ",0,"No ","Metropolitian ","Windy","High ",1
"18/02/2022","18:50:00","19:00:00",43,"Buffet ",21,4.6,2,"motorcycle ",0,"No ","Metropolitian ","Sandstorms","Medium ",1
"11/03/2022","8:25:00","8:30:00",24,"Meal ",23,4.8,23,"scooter ",2,"No ","Metropolitian ","Sunny","Low ",0
"11/03/2022","16:35:00","16:40:00",33,"Meal ",37,4.4,16,"motorcycle ",2,"No ","Metropolitian ","Stormy","Medium ",1
"12/03/2022","18:35:00","18:40:00",33,"Buffet ",30,4.3,23,"motorcycle ",0,"No ","Metropolitian ","Sunny","Medium ",0
"16/03/2022","20:55:00","21:10:00",41,"Meal ",36,4.5,23,"motorcycle ",0,"No ","Metropolitian ","Cloudy","Jam ",1
"15/03/2022","17:30:00","17:35:00",17,"Drinks ",26,4.6,15,"scooter ",2,"No ","Metropolitian ","Cloudy","Medium ",1
"5/04/2022","18:25:00","18:35:00",24,"Meal ",22,4.9,21,"scooter ",2,"No ","Metropolitian ","Sandstorms","Medium ",1
"18/03/2022","20:00:00","20:05:00",48,"Drinks ",37,4.8,14,"motorcycle ",0,"No ","Metropolitian ","Windy","Jam ",2
"17/02/2022","12:00:00","12:10:00",23,"Meal ",38,5,6,"motorcycle ",0,"No ","Metropolitian ","Fog","High ",1
"19/03/2022","21:40:00","21:50:00",28,"Meal ",20,4.6,13,"motorcycle ",0,"No ","Metropolitian ","Cloudy","Jam ",1
"2/04/2022","0:00:00","0:05:00",41,"Drinks ",22,3.5,11,"scooter ",2,"Yes ","Metropolitian ","Sunny","Low ",1
"3/04/2022","18:35:00","18:45:00",28,"Meal ",21,4.6,21,"scooter ",2,"No ","Metropolitian ","Sandstorms","Medium ",1
"18/03/2022","17:20:00","17:30:00",32,"Snack ",34,4.1,12,"motorcycle ",1,"No ","Metropolitian ","Sandstorms","Medium ",0
"8/03/2022","22:50:00","23:05:00",24,"Meal ",24,4.8,14,"motorcycle ",0,"No ","Metropolitian ","Fog","Low ",1
"29/03/2022","22:00:00","22:15:00",36,"Meal ",35,4.7,13,"motorcycle ",0,"No ","Metropolitian ","Stormy","Jam ",1
"18/03/2022","20:30:00","20:35:00",20,"Meal ",27,4.6,2,"scooter ",2,"No ","Metropolitian ","Sandstorms","Jam ",1
"2/04/2022","22:00:00","22:05:00",41,"Drinks ",27,4.7,9,"motorcycle ",0,"No ","Metropolitian ","Cloudy","Jam ",0
"16/02/2022","18:10:00","18:20:00",38,"Meal ",20,4.6,5,"motorcycle ",0,"No ","Metropolitian ","Windy","Medium ",1
"26/03/2022","18:35:00","18:40:00",27,"Buffet ",29,4.7,21,"motorcycle ",0,"No ","Metropolitian ","Sandstorms","Medium ",1
"3/04/2022","10:00:00","10:10:00",24,"Buffet ",31,4.6,23,"motorcycle ",0,"No ","Metropolitian ","Cloudy","Low ",1
"17/02/2022","8:40:00","8:45:00",14,"Buffet ",27,4.9,8,"scooter ",2,"No ","Metropolitian ","Sandstorms","Low ",0
"2/04/2022","22:55:00","23:00:00",28,"Drinks ",37,4.8,18,"scooter ",2,"No ","Metropolitian ","Windy","Low ",0
"26/03/2022","22:30:00","22:45:00",15,"Meal ",26,5,23,"motorcycle ",0,"No ","Metropolitian ","Sunny","Low ",1
"15/03/2022","9:30:00","9:40:00",23,"Drinks ",25,5,15,"scooter ",2,"No ","Metropolitian ","Sunny","Low ",1
"18/02/2022","19:35:00","19:50:00",22,"Meal ",28,4.5,3,"motorcycle ",1,"No ","Urban ","Sunny","Jam ",0
"3/04/2022","8:25:00","8:30:00",33,"Buffet ",38,4,4,"motorcycle ",0,"No ","Metropolitian ","Windy","Low ",0
"29/03/2022","20:10:00","20:20:00",54,"Snack ",35,4.1,6,"motorcycle ",0,"No ","Semi-Urban ","Windy","Jam ",3
"5/03/2022","16:15:00","16:30:00",18,"Meal ",24,4.9,23,"scooter ",2,"No ","Metropolitian ","Stormy","Medium ",1
"16/02/2022","23:35:00","23:50:00",35,"Snack ",34,4.7,6,"motorcycle ",0,"No ","Metropolitian ","Fog","Low ",1
"6/04/2022","20:55:00","21:05:00",48,"Meal ",31,5,17,"scooter ",1,"No ","Metropolitian ","Cloudy","Jam ",3
"18/03/2022","17:20:00","17:25:00",35,"Drinks ",39,5,23,"motorcycle ",0,"No ","Metropolitian ","Fog","Medium ",1
"28/03/2022","12:55:00","13:10:00",24,"Buffet ",29,4.6,21,"motorcycle ",1,"No ","Urban ","Sandstorms","High ",1
"2/04/2022","21:25:00","21:40:00",38,"Snack ",39,3.5,3,"scooter ",2,"No ","Metropolitian ","Windy","Jam ",0
"5/03/2022","23:35:00","23:40:00",27,"Drinks ",36,4.3,23,"motorcycle ",0,"No ","Metropolitian ","Windy","Low ",1
"21/03/2022","23:40:00","23:45:00",21,"Buffet ",26,4.9,14,"scooter ",2,"No ","Metropolitian ","Sunny","Low ",0
"11/02/2022","17:20:00","17:25:00",22,"Buffet ",32,4.6,22,"motorcycle ",0,"No ","Urban ","Sunny","Medium ",1
"21/03/2022","20:55:00","21:00:00",19,"Meal ",27,4.6,17,"electric_scooter ",2,"No ","Metropolitian ","Windy","Jam ",1
"2/04/2022","21:45:00","21:55:00",35,"Drinks ",20,4.3,9,"motorcycle ",0,"No ","Metropolitian ","Sandstorms","Jam ",1
"25/03/2022","23:15:00","23:25:00",26,"Meal ",37,4.9,19,"electric_scooter ",2,"No ","Metropolitian ","Cloudy","Low ",1
"2/03/2022","22:40:00","22:55:00",25,"Drinks ",30,4.9,14,"electric_scooter ",2,"No ","Metropolitian ","Windy","Low ",0
"17/03/2022","16:40:00","16:45:00",27,"Snack ",32,5,15,"motorcycle ",0,"No ","Metropolitian ","Stormy","Medium ",1
"12/02/2022","22:25:00","22:40:00",12,"Buffet ",27,4.6,23,"scooter ",1,"No ","Urban ","Sandstorms","Low ",1
"3/03/2022","11:15:00","11:30:00",26,"Snack ",25,5,19,"motorcycle ",0,"No ","Urban ","Cloudy","High ",1
"12/03/2022","19:00:00","19:05:00",36,"Snack ",38,4.5,13,"scooter ",2,"No ","Metropolitian ","Stormy","Medium ",1
"21/03/2022","20:30:00","20:45:00",18,"Snack ",24,4.7,17,"motorcycle ",0,"No ","Urban ","Windy","Jam ",1
"27/03/2022","17:15:00","17:20:00",31,"Buffet ",39,4.3,3,"scooter ",1,"No ","Urban ","Stormy","Medium ",1
"18/03/2022","21:35:00","21:40:00",22,"Snack ",38,5,6,"scooter ",1,"No ","Metropolitian ","Sunny","Jam ",0
"17/03/2022","13:30:00","13:35:00",21,"Meal ",24,4.6,7,"electric_scooter ",2,"No ","Metropolitian ","Fog","High ",1
"5/03/2022","18:25:00","18:40:00",16,"Buffet ",22,4.8,13,"scooter ",1,"No ","Metropolitian ","Fog","Medium ",0
"17/03/2022","17:15:00","17:25:00",26,"Snack ",39,4.9,2,"scooter ",1,"No ","Metropolitian ","Sandstorms","Medium ",0
"19/03/2022","15:55:00","16:10:00",18,"Drinks ",33,4.6,22,"motorcycle ",1,"No ","Urban ","Fog","Medium ",0
"23/03/2022","19:25:00","19:35:00",17,"Drinks ",26,4.5,14,"scooter ",1,"No ","Metropolitian ","Sandstorms","Jam ",0
"3/04/2022","22:35:00","22:40:00",26,"Snack ",35,4.9,23,"scooter ",2,"No ","Metropolitian ","Stormy","Low ",0
"11/02/2022","20:35:00","20:50:00",21,"Drinks ",28,4.7,8,"scooter ",2,"No ","Metropolitian ","Sandstorms","Jam ",0
"24/03/2022","10:10:00","10:25:00",25,"Snack ",34,4.4,12,"motorcycle ",0,"No ","Metropolitian ","Sandstorms","Low ",1
"25/03/2022","20:30:00","20:40:00",48,"Meal ",34,4.3,2,"scooter ",2,"Yes ","Metropolitian ","Fog","Jam ",1
"18/03/2022","19:00:00","19:10:00",29,"Snack ",26,5,23,"scooter ",1,"No ","Urban ","Cloudy","Medium ",1
"18/03/2022","23:10:00","23:15:00",15,"Drinks ",25,5,6,"motorcycle ",2,"No ","Metropolitian ","Stormy","Low ",0
"5/03/2022","20:20:00","20:30:00",10,"Buffet ",23,4.6,21,"motorcycle ",1,"No ","Metropolitian ","Stormy","Jam ",0
"14/02/2022","18:25:00","18:35:00",24,"Meal ",22,4.8,7,"scooter ",2,"No ","Metropolitian ","Windy","Medium ",1
"6/03/2022","17:20:00","17:25:00",20,"Snack ",32,4.6,16,"motorcycle ",2,"No ","Metropolitian ","Stormy","Medium ",1
"5/03/2022","17:20:00","17:35:00",28,"Buffet ",31,4.8,18,"scooter ",2,"No ","Urban ","Stormy","Medium ",0
"9/03/2022","12:55:00","13:00:00",11,"Buffet ",26,4.9,17,"scooter ",1,"No ","Urban ","Stormy","High ",1
"14/02/2022","21:30:00","21:45:00",31,"Buffet ",26,4.3,9,"scooter ",2,"No ","Metropolitian ","Stormy","Jam ",1
"4/03/2022","20:10:00","20:25:00",21,"Drinks ",24,4.7,23,"scooter ",1,"No ","Urban ","Stormy","Jam ",1
"31/03/2022","23:35:00","23:50:00",25,"Snack ",25,4.8,15,"motorcycle ",2,"No ","Metropolitian ","Fog","Low ",1
"1/04/2022","11:20:00","11:30:00",27,"Drinks ",21,4.5,9,"motorcycle ",0,"No ","Metropolitian ","Sandstorms","High ",1
"6/04/2022","21:45:00","22:00:00",45,"Buffet ",35,4.4,1,"motorcycle ",1,"No ","Metropolitian ","Fog","Jam ",1
"3/03/2022","16:55:00","17:10:00",28,"Meal ",34,4.5,15,"motorcycle ",0,"No ","Metropolitian ","Fog","Medium ",0
"30/03/2022","23:40:00","23:50:00",16,"Buffet ",26,4.7,6,"motorcycle ",0,"No ","Urban ","Sunny","Low ",1
"21/03/2022","10:00:00","10:15:00",19,"Drinks ",21,4.5,3,"motorcycle ",0,"No ","Urban ","Sunny","Low ",1
"16/03/2022","17:30:00","17:40:00",26,"Buffet ",26,5,17,"motorcycle ",1,"No ","Urban ","Windy","Medium ",1
"1/04/2022","18:10:00","18:15:00",19,"Buffet ",20,4.8,22,"scooter ",2,"No ","Metropolitian ","Cloudy","Medium ",1
"10/03/2022","20:45:00","20:50:00",33,"Meal ",35,4.3,15,"motorcycle ",0,"No ","Metropolitian ","Sunny","Jam ",1
"1/04/2022","12:35:00","12:40:00",29,"Buffet ",32,4.9,13,"scooter ",1,"No ","Metropolitian ","Sandstorms","High ",1
"4/03/2022","21:00:00","21:15:00",49,"Buffet ",27,4.6,22,"motorcycle ",0,"Yes ","Metropolitian ","Fog","Jam ",1
"30/03/2022","20:00:00","20:15:00",19,"Meal ",20,4.8,13,"motorcycle ",1,"No ","Metropolitian ","Windy","Jam ",1
"4/04/2022","20:00:00","20:10:00",35,"Buffet ",23,4.7,22,"motorcycle ",0,"No ","Urban ","Fog","Jam ",1
"8/03/2022","23:45:00","0:00:00",20,"Snack ",37,4.7,12,"scooter ",2,"No ","Metropolitian ","Sunny","Low ",1
"21/03/2022","0:00:00","0:15:00",16,"Buffet ",35,4.8,22,"scooter ",1,"No ","Urban ","Sunny","Low ",1
"11/03/2022","18:35:00","18:50:00",32,"Buffet ",39,4.6,21,"motorcycle ",2,"No ","Urban ","Sandstorms","Medium ",0
"20/03/2022","21:40:00","21:50:00",20,"Meal ",22,4.9,21,"motorcycle ",1,"No ","Urban ","Sandstorms","Jam ",1
"30/03/2022","18:20:00","18:35:00",32,"Snack ",37,4,4,"scooter ",1,"No ","Metropolitian ","Stormy","Medium ",0
"26/03/2022","23:30:00","23:45:00",23,"Drinks ",23,4.8,23,"scooter ",2,"No ","Urban ","Sunny","Low ",1
"7/03/2022","12:50:00","13:00:00",29,"Meal ",25,4.9,17,"motorcycle ",2,"No ","Metropolitian ","Windy","High ",1
"1/04/2022","8:25:00","8:35:00",25,"Meal ",34,4.6,22,"motorcycle ",1,"No ","Metropolitian ","Windy","Low ",1
"14/02/2022","19:15:00","19:20:00",21,"Snack ",22,4.8,3,"scooter ",1,"No ","Metropolitian ","Sunny","Jam ",1
"3/04/2022","9:00:00","9:15:00",23,"Drinks ",30,4.6,19,"motorcycle ",0,"No ","Metropolitian ","Fog","Low ",1
"13/03/2022","17:20:00","17:25:00",31,"Meal ",39,4.4,12,"motorcycle ",0,"No ","Metropolitian ","Sandstorms","Medium ",1
"28/03/2022","18:20:00","18:25:00",31,"Snack ",39,5,18,"motorcycle ",2,"No ","Urban ","Windy","Medium ",1
"28/03/2022","11:30:00","11:40:00",14,"Snack ",20,4.8,23,"motorcycle ",1,"No ","Metropolitian ","Sunny","High ",0
"9/03/2022","21:20:00","21:35:00",35,"Buffet ",32,4.6,18,"electric_scooter ",2,"No ","Urban ","Fog","Jam ",1
"6/03/2022","22:15:00","22:25:00",25,"Snack ",28,4.9,15,"scooter ",1,"No ","Metropolitian ","Fog","Low ",1
"6/04/2022","22:25:00","22:30:00",29,"Snack ",38,4.7,19,"scooter ",1,"No ","Metropolitian ","Stormy","Low ",1
"3/04/2022","8:50:00","8:55:00",15,"Snack ",37,4.5,23,"motorcycle ",2,"No ","Metropolitian ","Cloudy","Low ",0
"1/03/2022","17:35:00","17:40:00",12,"Drinks ",25,4.8,9,"motorcycle ",1,"No ","Metropolitian ","Fog","Medium ",0
"11/02/2022","14:45:00","15:00:00",34,"Snack ",23,4,2,"scooter ",1,"No ","Urban ","Cloudy","High ",2
"5/04/2022","20:35:00","20:50:00",26,"Meal ",35,4.7,15,"motorcycle ",1,"No ","Metropolitian ","Sandstorms","Jam ",0
"16/02/2022","18:45:00","18:55:00",26,"Snack ",24,4.8,2,"scooter ",1,"No ","Metropolitian ","Sandstorms","Medium ",0
"20/03/2022","20:35:00","20:50:00",48,"Buffet ",35,4.8,11,"motorcycle ",1,"No ","Metropolitian ","Fog","Jam ",0
"29/03/2022","22:35:00","22:45:00",41,"Meal ",36,4.4,3,"motorcycle ",0,"No ","Metropolitian ","Cloudy","Low ",2
"6/03/2022","22:50:00","23:05:00",20,"Meal ",27,4.9,17,"motorcycle ",0,"No ","Metropolitian ","Sandstorms","Low ",0
"19/03/2022","19:10:00","19:25:00",27,"Buffet ",34,4.9,11,"scooter ",2,"No ","Metropolitian ","Fog","Jam ",1
"23/03/2022","19:10:00","19:20:00",25,"Buffet ",35,5,17,"motorcycle ",1,"No ","Metropolitian ","Stormy","Jam ",1
"23/03/2022","18:55:00","19:00:00",39,"Buffet ",28,4.9,22,"motorcycle ",0,"No ","Urban ","Fog","Medium ",1
"4/04/2022","21:10:00","21:15:00",34,"Snack ",28,4.6,9,"motorcycle ",0,"No ","Metropolitian ","Sandstorms","Jam ",1
"11/03/2022","18:00:00","18:15:00",21,"Drinks ",32,5,14,"motorcycle ",0,"No ","Metropolitian ","Sunny","Medium ",0
"17/03/2022","21:10:00","21:25:00",24,"Buffet ",21,4.7,1,"electric_scooter ",2,"No ","Metropolitian ","Fog","Jam ",0
"29/03/2022","23:45:00","23:50:00",25,"Buffet ",22,4.5,15,"scooter ",2,"No ","Metropolitian ","Fog","Low ",1
"6/04/2022","22:20:00","22:35:00",18,"Meal ",33,4.7,16,"scooter ",1,"No ","Metropolitian ","Windy","Low ",0
"10/03/2022","22:45:00","22:50:00",24,"Snack ",27,4.5,17,"motorcycle ",0,"No ","Metropolitian ","Fog","Low ",0
"15/03/2022","8:40:00","8:45:00",24,"Buffet ",25,4,6,"motorcycle ",0,"No ","Metropolitian ","Stormy","Low ",1
"16/03/2022","17:15:00","17:25:00",15,"Snack ",20,4.8,14,"motorcycle ",1,"No ","Metropolitian ","Sunny","Medium ",0
"17/02/2022","23:15:00","23:20:00",27,"Snack ",39,5,18,"motorcycle ",0,"No ","Urban ","Fog","Low ",1
"8/03/2022","23:35:00","23:50:00",10,"Meal ",28,4.8,21,"electric_scooter ",2,"No ","Metropolitian ","Sandstorms","Low ",0
"13/03/2022","11:35:00","11:40:00",20,"Drinks ",24,4.8,15,"motorcycle ",0,"No ","Metropolitian ","Stormy","High ",0
"4/04/2022","21:40:00","21:55:00",41,"Meal ",33,4.7,13,"motorcycle ",0,"No ","Metropolitian ","Stormy","Jam ",2
"3/03/2022","15:55:00","16:10:00",33,"Meal ",33,4.8,18,"motorcycle ",2,"No ","Metropolitian ","Stormy","Medium ",1
"3/04/2022","23:45:00","0:00:00",14,"Drinks ",29,4.7,23,"motorcycle ",1,"No ","Metropolitian ","Windy","Low ",1
"14/03/2022","21:35:00","21:45:00",31,"Buffet ",25,4.3,18,"motorcycle ",0,"No ","Metropolitian ","Sunny","Jam ",1
"27/03/2022","17:55:00","18:00:00",36,"Meal ",37,4.9,23,"motorcycle ",2,"No ","Urban ","Cloudy","Medium ",2
"3/03/2022","11:55:00","12:05:00",36,"Meal ",31,4.6,9,"motorcycle ",0,"No ","Metropolitian ","Sandstorms","High ",1
"24/03/2022","13:35:00","13:40:00",32,"Buffet ",24,4,7,"motorcycle ",1,"No ","Metropolitian ","Cloudy","High ",1
"1/03/2022","13:55:00","14:00:00",35,"Meal ",37,4.3,2,"motorcycle ",0,"No ","Urban ","Stormy","High ",1
"28/03/2022","20:10:00","20:25:00",22,"Drinks ",28,4.6,9,"motorcycle ",0,"No ","Metropolitian ","Stormy","Jam ",1
"18/03/2022","19:25:00","19:40:00",11,"Meal ",23,4.5,13,"electric_scooter ",2,"No ","Metropolitian ","Sunny","Jam ",0
"12/02/2022","18:10:00","18:25:00",39,"Snack ",27,4.8,9,"scooter ",1,"No ","Metropolitian ","Fog","Medium ",1
"30/03/2022","8:35:00","8:40:00",25,"Buffet ",36,4.8,16,"motorcycle ",0,"No ","Metropolitian ","Cloudy","Low ",1
"29/03/2022","23:45:00","23:55:00",21,"Drinks ",26,4.6,14,"motorcycle ",0,"No ","Metropolitian ","Fog","Low ",1
"11/02/2022","21:10:00","21:20:00",20,"Meal ",38,4.8,9,"motorcycle ",2,"No ","Metropolitian ","Sunny","Jam ",1
"17/03/2022","18:25:00","18:30:00",25,"Buffet ",21,4.8,13,"motorcycle ",0,"No ","Metropolitian ","Fog","Medium ",1
"21/03/2022","11:50:00","12:05:00",14,"Drinks ",20,4.7,15,"motorcycle ",1,"No ","Urban ","Stormy","High ",0
"9/03/2022","9:55:00","10:10:00",18,"Meal ",25,4.9,17,"scooter ",1,"No ","Metropolitian ","Sandstorms","Low ",1
"15/02/2022","16:50:00","17:05:00",29,"Buffet ",29,4.5,3,"motorcycle ",0,"No ","Metropolitian ","Fog","Medium ",1
"18/03/2022","23:45:00","23:50:00",28,"Buffet ",30,4.6,7,"motorcycle ",1,"No ","Metropolitian ","Fog","Low ",1
"12/03/2022","18:35:00","18:50:00",21,"Buffet ",39,4.9,19,"scooter ",2,"No ","Urban ","Windy","Medium ",0
"9/03/2022","18:50:00","19:05:00",27,"Buffet ",33,5,23,"motorcycle ",0,"No ","Metropolitian ","Stormy","Medium ",1
"20/03/2022","18:50:00","18:55:00",46,"Snack ",37,4.6,13,"motorcycle ",0,"No ","Metropolitian ","Fog","Medium ",1
"2/04/2022","17:40:00","17:50:00",34,"Snack ",34,3.9,15,"scooter ",2,"No ","Metropolitian ","Sandstorms","Medium ",0
"17/02/2022","21:40:00","21:50:00",31,"Buffet ",32,4.9,5,"scooter ",1,"No ","Metropolitian ","Fog","Jam ",1
"18/03/2022","20:30:00","20:35:00",41,"Buffet ",27,4.1,19,"scooter ",1,"No ","Metropolitian ","Cloudy","Jam ",1
"14/03/2022","17:30:00","17:45:00",32,"Meal ",39,4,6,"motorcycle ",1,"No ","Metropolitian ","Fog","Medium ",2
"8/03/2022","17:55:00","18:00:00",37,"Meal ",28,4.1,3,"electric_scooter ",2,"No ","Metropolitian ","Fog","Medium ",1
"3/04/2022","18:15:00","18:30:00",26,"Snack ",38,4.9,21,"motorcycle ",1,"No ","Metropolitian ","Stormy","Medium ",1
"31/03/2022","17:55:00","18:05:00",26,"Meal ",26,4.8,5,"motorcycle ",2,"No ","Urban ","Cloudy","Medium ",1
"3/04/2022","8:10:00","8:20:00",21,"Drinks ",33,4.7,21,"motorcycle ",0,"No ","Metropolitian ","Cloudy","Low ",1
"10/03/2022","19:50:00","20:00:00",35,"Snack ",27,4.6,22,"motorcycle ",0,"No ","Metropolitian ","Fog","Jam ",1
"23/03/2022","21:45:00","21:50:00",34,"Drinks ",29,4.7,8,"scooter ",2,"No ","Metropolitian ","Cloudy","Jam ",1
"5/04/2022","21:50:00","22:05:00",25,"Meal ",38,4.6,15,"motorcycle ",2,"No ","Metropolitian ","Windy","Jam ",0
"27/03/2022","17:55:00","18:05:00",24,"Snack ",29,4.6,22,"motorcycle ",1,"No ","Metropolitian ","Windy","Medium ",1
"6/04/2022","23:45:00","23:55:00",23,"Drinks ",29,4.8,16,"motorcycle ",1,"No ","Metropolitian ","Cloudy","Low ",1
"4/03/2022","19:00:00","19:10:00",26,"Meal ",26,4.8,21,"scooter ",2,"No ","Metropolitian ","Stormy","Medium ",1
"3/04/2022","23:40:00","23:50:00",27,"Drinks ",34,4.7,9,"motorcycle ",0,"No ","Metropolitian ","Fog","Low ",1
"15/02/2022","10:55:00","11:10:00",15,"Snack ",25,4.7,23,"motorcycle ",1,"No ","Urban ","Windy","Low ",0
"6/04/2022","23:50:00","0:00:00",22,"Meal ",23,4.9,17,"motorcycle ",0,"No ","Metropolitian ","Sunny","Low ",1
"19/03/2022","21:40:00","21:50:00",23,"Snack ",25,4.7,19,"motorcycle ",0,"No ","Metropolitian ","Fog","Jam ",0
"13/02/2022","22:10:00","22:25:00",20,"Drinks ",26,4.5,8,"motorcycle ",0,"No ","Metropolitian ","Stormy","Low ",1
"3/03/2022","14:40:00","14:55:00",25,"Buffet ",25,4.7,16,"motorcycle ",1,"No ","Urban ","Fog","High ",0
"5/04/2022","14:35:00","14:40:00",38,"Meal ",33,4.1,3,"scooter ",2,"No ","Urban ","Fog","High ",1
"29/03/2022","21:50:00","22:05:00",30,"Buffet ",36,4.6,13,"scooter ",1,"No ","Metropolitian ","Sandstorms","Jam ",1
"2/03/2022","21:15:00","21:30:00",17,"Buffet ",21,4.8,18,"motorcycle ",2,"No ","Urban ","Stormy","Jam ",1
"16/02/2022","18:00:00","18:15:00",38,"Snack ",39,4.4,5,"motorcycle ",0,"No ","Urban ","Stormy","Medium ",1
"2/03/2022","22:35:00","22:50:00",21,"Meal ",33,4.5,17,"scooter ",1,"No ","Metropolitian ","Sunny","Low ",0
"5/03/2022","12:30:00","12:45:00",43,"Snack ",29,4.1,6,"motorcycle ",0,"No ","Metropolitian ","Stormy","High ",2
"2/04/2022","17:10:00","17:25:00",29,"Buffet ",23,4.8,2,"scooter ",2,"No ","Metropolitian ","Windy","Medium ",0
"2/03/2022","17:15:00","17:20:00",37,"Drinks ",33,3.7,7,"scooter ",2,"No ","Metropolitian ","Stormy","Medium ",2
"18/02/2022","17:30:00","17:45:00",30,"Meal ",36,4.7,7,"motorcycle ",0,"No ","Metropolitian ","Sandstorms","Medium ",1
"11/02/2022","18:10:00","18:15:00",32,"Drinks ",30,5,5,"motorcycle ",1,"No ","Metropolitian ","Stormy","Medium ",1
"12/03/2022","23:50:00","23:55:00",14,"Snack ",23,5,19,"scooter ",1,"No ","Metropolitian ","Stormy","Low ",0
"30/03/2022","17:00:00","17:10:00",18,"Buffet ",38,4.8,5,"scooter ",2,"No ","Urban ","Sunny","Medium ",1
"30/03/2022","9:55:00","10:00:00",20,"Buffet ",39,4.7,18,"motorcycle ",0,"No ","Metropolitian ","Sunny","Low ",1
"4/03/2022","18:40:00","18:55:00",22,"Drinks ",37,4.8,14,"motorcycle ",1,"No ","Metropolitian ","Stormy","Medium ",0
"6/04/2022","20:55:00","21:00:00",44,"Snack ",21,4.7,21,"motorcycle ",0,"No ","Metropolitian ","Cloudy","Jam ",3
"31/03/2022","23:15:00","23:20:00",18,"Snack ",35,4.7,21,"scooter ",2,"No ","Metropolitian ","Stormy","Low ",1
"11/03/2022","23:35:00","23:45:00",16,"Drinks ",25,4.9,23,"motorcycle ",0,"No ","Urban ","Fog","Low ",1
"28/03/2022","23:00:00","23:05:00",16,"Snack ",26,4.7,17,"scooter ",1,"No ","Urban ","Sandstorms","Low ",1
"10/03/2022","20:25:00","20:35:00",34,"Buffet ",36,3.6,9,"motorcycle ",1,"No ","Metropolitian ","Sandstorms","Jam ",1
"21/03/2022","17:25:00","17:40:00",31,"Drinks ",37,5,3,"motorcycle ",0,"No ","Metropolitian ","Fog","Medium ",1
"4/04/2022","20:15:00","20:30:00",28,"Snack ",35,4.9,23,"scooter ",2,"No ","Metropolitian ","Sandstorms","Jam ",1
"13/02/2022","13:30:00","13:35:00",19,"Drinks ",38,4.8,4,"scooter ",2,"No ","Metropolitian ","Sunny","High ",0
"17/03/2022","8:20:00","8:35:00",17,"Meal ",37,4.5,5,"scooter ",2,"No ","Metropolitian ","Fog","Low ",0
"14/03/2022","21:15:00","21:30:00",36,"Snack ",23,4.6,15,"motorcycle ",1,"No ","Urban ","Cloudy","Jam ",1
"26/03/2022","20:15:00","20:30:00",29,"Buffet ",35,4.8,4,"scooter ",2,"No ","Metropolitian ","Fog","Jam ",0
"1/03/2022","22:15:00","22:25:00",20,"Meal ",39,4.7,13,"motorcycle ",2,"No ","Metropolitian ","Windy","Low ",0
"13/03/2022","20:40:00","20:45:00",21,"Buffet ",26,4.5,22,"scooter ",2,"No ","Metropolitian ","Windy","Jam ",1
"14/02/2022","21:00:00","21:10:00",37,"Buffet ",37,4.1,6,"motorcycle ",0,"No ","Urban ","Sandstorms","Jam ",0
"14/02/2022","23:40:00","23:50:00",27,"Buffet ",27,4.9,2,"scooter ",1,"No ","Metropolitian ","Stormy","Low ",1
"30/03/2022","16:20:00","16:30:00",22,"Meal ",25,5,19,"motorcycle ",0,"No ","Metropolitian ","Sandstorms","Medium ",1
"28/03/2022","20:20:00","20:30:00",32,"Snack ",31,5,1,"motorcycle ",0,"No ","Metropolitian ","Sandstorms","Jam ",1
"11/03/2022","22:25:00","22:35:00",23,"Meal ",25,4,3,"motorcycle ",0,"No ","Urban ","Windy","Low ",1
"14/02/2022","18:50:00","19:05:00",38,"Snack ",30,4.6,7,"motorcycle ",0,"No ","Metropolitian ","Fog","Medium ",1
"3/04/2022","10:00:00","10:10:00",23,"Snack ",21,4.2,17,"motorcycle ",0,"No ","Urban ","Windy","Low ",0
"28/03/2022","11:20:00","11:35:00",29,"Drinks ",31,4.5,7,"motorcycle ",1,"No ","Metropolitian ","Stormy","High ",0
"30/03/2022","16:20:00","16:35:00",15,"Meal ",30,4.7,17,"motorcycle ",1,"No ","Metropolitian ","Cloudy","Medium ",1
"16/03/2022","22:20:00","22:25:00",10,"Snack ",27,4.7,18,"electric_scooter ",2,"No ","Urban ","Sandstorms","Low ",0
"9/03/2022","13:55:00","14:05:00",27,"Meal ",25,4.6,23,"scooter ",2,"No ","Urban ","Stormy","High ",1
"12/03/2022","19:40:00","19:55:00",44,"Buffet ",29,4.2,9,"scooter ",2,"No ","Metropolitian ","Cloudy","Jam ",3
"4/03/2022","20:20:00","20:30:00",33,"Meal ",35,3.9,1,"motorcycle ",1,"No ","Metropolitian ","Sunny","Jam ",1
"5/04/2022","18:50:00","19:00:00",27,"Snack ",28,5,18,"motorcycle ",0,"No ","Metropolitian ","Windy","Medium ",0
"1/04/2022","10:15:00","10:30:00",24,"Meal ",30,4.6,19,"motorcycle ",0,"No ","Metropolitian ","Fog","Low ",1
"17/02/2022","23:10:00","23:20:00",20,"Meal ",38,4.8,4,"motorcycle ",1,"No ","Metropolitian ","Windy","Low ",1
"3/04/2022","23:55:00","0:00:00",19,"Buffet ",21,5,19,"scooter ",2,"No ","Metropolitian ","Windy","Low ",1
"30/03/2022","17:40:00","17:55:00",26,"Drinks ",39,4.5,22,"motorcycle ",0,"No ","Metropolitian ","Fog","Medium ",1
"11/02/2022","8:30:00","8:35:00",23,"Meal ",34,4.5,5,"electric_scooter ",2,"No ","Metropolitian ","Windy","Low ",1
"18/02/2022","18:00:00","18:10:00",17,"Buffet ",26,4.9,23,"motorcycle ",0,"No ","Urban ","Sunny","Medium ",0
"28/03/2022","18:50:00","19:00:00",26,"Buffet ",29,4.6,21,"electric_scooter ",2,"No ","Metropolitian ","Stormy","Medium ",1
"20/03/2022","18:45:00","19:00:00",16,"Snack ",29,4.6,13,"scooter ",2,"No ","Metropolitian ","Sandstorms","Medium ",0
"13/03/2022","22:15:00","22:30:00",23,"Meal ",36,4.7,22,"motorcycle ",2,"No ","Metropolitian ","Stormy","Low ",1
"5/04/2022","13:50:00","14:05:00",33,"Buffet ",30,4.3,3,"scooter ",2,"No ","Metropolitian ","Sandstorms","High ",1
"2/03/2022","17:15:00","17:20:00",37,"Drinks ",33,3.7,7,"scooter ",2,"No ","Metropolitian ","Stormy","Medium ",2
"11/02/2022","18:25:00","18:30:00",28,"Drinks ",37,4.7,4,"motorcycle ",1,"No ","Metropolitian ","Windy","Medium ",1
"5/04/2022","11:45:00","12:00:00",34,"Drinks ",24,4.1,4,"scooter ",1,"No ","Metropolitian ","Fog","High ",1
"6/04/2022","19:40:00","19:50:00",43,"Snack ",25,4.1,5,"electric_scooter ",2,"No ","Metropolitian ","Fog","Jam ",1
"12/03/2022","21:35:00","21:45:00",44,"Meal ",37,3.5,3,"electric_scooter ",2,"No ","Metropolitian ","Windy","Jam ",1
"18/02/2022","22:15:00","22:20:00",20,"Buffet ",36,4.9,16,"scooter ",2,"No ","Urban ","Sunny","Low ",1
"5/04/2022","9:25:00","9:30:00",16,"Buffet ",39,4.8,15,"scooter ",2,"No ","Metropolitian ","Fog","Low ",0
"9/03/2022","17:45:00","17:50:00",28,"Snack ",37,4.6,16,"motorcycle ",0,"No ","Urban ","Stormy","Medium ",1
"3/04/2022","20:45:00","20:55:00",31,"Snack ",38,4.1,5,"motorcycle ",0,"No ","Metropolitian ","Sandstorms","Jam ",1
"23/03/2022","0:00:00","0:15:00",24,"Meal ",32,4.6,21,"scooter ",2,"No ","Metropolitian ","Stormy","Low ",1
"25/03/2022","18:25:00","18:40:00",38,"Drinks ",26,4.8,1,"motorcycle ",0,"No ","Metropolitian ","Fog","Medium ",1
"1/03/2022","9:30:00","9:35:00",29,"Meal ",36,4.2,7,"motorcycle ",0,"No ","Metropolitian ","Windy","Low ",1
"6/03/2022","22:20:00","22:30:00",19,"Buffet ",39,4.7,12,"scooter ",2,"No ","Metropolitian ","Windy","Low ",1
"1/03/2022","14:55:00","15:10:00",28,"Buffet ",21,4.9,12,"scooter ",1,"No ","Metropolitian ","Stormy","High ",0
"23/03/2022","20:50:00","21:05:00",16,"Meal ",37,4.6,15,"electric_scooter ",2,"No ","Metropolitian ","Sunny","Jam ",1
"25/03/2022","19:55:00","20:00:00",44,"Snack ",39,4.4,5,"motorcycle ",0,"No ","Urban ","Sandstorms","Jam ",1
"2/04/2022","22:50:00","23:00:00",23,"Snack ",31,4.7,19,"motorcycle ",0,"No ","Metropolitian ","Sandstorms","Low ",1
"5/03/2022","22:00:00","22:15:00",33,"Snack ",35,4.1,4,"motorcycle ",0,"No ","Metropolitian ","Fog","Jam ",1
"21/03/2022","8:45:00","8:55:00",11,"Buffet ",26,4.6,16,"motorcycle ",2,"No ","Urban ","Stormy","Low ",0
"15/02/2022","9:45:00","10:00:00",20,"Buffet ",37,4.9,7,"scooter ",2,"No ","Metropolitian ","Windy","Low ",1
"16/02/2022","19:15:00","19:30:00",27,"Buffet ",24,4.8,7,"electric_scooter ",2,"No ","Metropolitian ","Stormy","Jam ",1
"12/03/2022","20:35:00","20:40:00",25,"Drinks ",36,5,17,"scooter ",1,"No ","Metropolitian ","Windy","Jam ",1
"19/03/2022","16:10:00","16:15:00",29,"Buffet ",22,4.8,6,"electric_scooter ",2,"No ","Metropolitian ","Windy","Medium ",1
"27/03/2022","21:55:00","22:00:00",19,"Meal ",21,5,23,"motorcycle ",1,"No ","Metropolitian ","Sunny","Jam ",0
"20/03/2022","18:50:00","19:05:00",28,"Drinks ",31,4.5,23,"electric_scooter ",2,"No ","Metropolitian ","Sandstorms","Medium ",1
"11/02/2022","17:15:00","17:20:00",20,"Drinks ",25,5,21,"motorcycle ",0,"No ","Urban ","Fog","Medium ",1
"2/03/2022","19:10:00","19:25:00",32,"Buffet ",37,4.4,16,"motorcycle ",1,"No ","Metropolitian ","Windy","Jam ",2
"14/03/2022","20:45:00","20:55:00",16,"Meal ",20,4.8,16,"scooter ",1,"No ","Metropolitian ","Sunny","Jam ",0
"13/03/2022","19:15:00","19:25:00",28,"Drinks ",29,4.9,23,"motorcycle ",0,"No ","Metropolitian ","Cloudy","Jam ",0
"6/03/2022","20:20:00","20:25:00",52,"Buffet ",37,4.6,21,"motorcycle ",0,"No ","Semi-Urban ","Fog","Jam ",1
"6/03/2022","19:15:00","19:20:00",36,"Meal ",20,4.9,15,"electric_scooter ",2,"No ","Metropolitian ","Fog","Jam ",1
"26/03/2022","18:45:00","19:00:00",21,"Drinks ",22,4.5,12,"scooter ",1,"No ","Metropolitian ","Sandstorms","Medium ",0
"28/03/2022","8:15:00","8:25:00",19,"Meal ",22,4.8,13,"motorcycle ",2,"No ","Metropolitian ","Stormy","Low ",0
"25/03/2022","17:35:00","17:45:00",31,"Meal ",39,4.2,6,"electric_scooter ",2,"No ","Urban ","Sandstorms","Medium ",0
"4/03/2022","22:00:00","22:15:00",25,"Buffet ",27,4.8,16,"motorcycle ",2,"No ","Metropolitian ","Windy","Jam ",1
"23/03/2022","18:00:00","18:15:00",21,"Meal ",38,4.6,23,"scooter ",2,"No ","Metropolitian ","Sunny","Medium ",1
"29/03/2022","21:30:00","21:40:00",43,"Snack ",33,4.9,8,"motorcycle ",0,"Yes ","Metropolitian ","Fog","Jam ",0
"1/03/2022","22:45:00","22:50:00",27,"Buffet ",34,4.9,12,"motorcycle ",0,"No ","Metropolitian ","Fog","Low ",1
"1/03/2022","8:50:00","9:00:00",17,"Meal ",27,4.8,9,"motorcycle ",0,"No ","Metropolitian ","Stormy","Low ",0
"3/03/2022","10:15:00","10:20:00",14,"Meal ",27,4.5,2,"scooter ",1,"No ","Urban ","Windy","Low ",0
"27/03/2022","23:10:00","23:20:00",21,"Buffet ",39,4.7,19,"scooter ",1,"No ","Metropolitian ","Sandstorms","Low ",1
"7/03/2022","8:45:00","8:55:00",22,"Snack ",25,4.5,14,"motorcycle ",0,"No ","Metropolitian ","Stormy","Low ",0
"6/04/2022","18:20:00","18:25:00",34,"Drinks ",29,5,22,"motorcycle ",0,"No ","Metropolitian ","Stormy","Medium ",1
"3/03/2022","15:45:00","15:50:00",25,"Buffet ",21,4.7,18,"scooter ",2,"No ","Metropolitian ","Stormy","Medium ",0
"8/03/2022","22:50:00","22:55:00",29,"Snack ",39,4.9,23,"motorcycle ",1,"No ","Metropolitian ","Sunny","Low ",1
"1/04/2022","14:20:00","14:25:00",17,"Snack ",22,4.7,21,"motorcycle ",0,"No ","Metropolitian ","Stormy","High ",1
"18/02/2022","20:40:00","20:55:00",30,"Buffet ",29,4.9,3,"scooter ",2,"No ","Metropolitian ","Sandstorms","Jam ",1
"3/04/2022","8:20:00","8:25:00",10,"Drinks ",38,4.7,23,"scooter ",2,"No ","Metropolitian ","Sunny","Low ",0
"15/03/2022","12:10:00","12:15:00",24,"Snack ",37,4.6,23,"electric_scooter ",2,"No ","Metropolitian ","Sunny","High ",1
"26/03/2022","11:00:00","11:10:00",18,"Buffet ",28,4.5,1,"scooter ",2,"No ","Urban ","Cloudy","Low ",0
"7/03/2022","10:20:00","10:30:00",12,"Meal ",22,4.7,23,"motorcycle ",1,"No ","Urban ","Stormy","Low ",0
"12/03/2022","21:20:00","21:30:00",33,"Meal ",29,4,5,"motorcycle ",0,"No ","Urban ","Stormy","Jam ",1
"5/04/2022","18:50:00","19:00:00",33,"Snack ",32,4.6,22,"motorcycle ",0,"No ","Metropolitian ","Cloudy","Medium ",1
"12/03/2022","17:25:00","17:35:00",33,"Meal ",29,4.7,15,"motorcycle ",0,"No ","Metropolitian ","Windy","Medium ",1
"4/03/2022","18:00:00","18:15:00",37,"Meal ",23,4.6,19,"motorcycle ",0,"No ","Metropolitian ","Fog","Medium ",0
"3/04/2022","18:40:00","18:55:00",25,"Drinks ",38,5,21,"motorcycle ",0,"No ","Metropolitian ","Sandstorms","Medium ",0
"16/03/2022","20:30:00","20:40:00",36,"Drinks ",24,4.9,19,"scooter ",1,"No ","Urban ","Cloudy","Jam ",0
"15/03/2022","8:40:00","8:50:00",29,"Snack ",35,4.5,1,"motorcycle ",1,"No ","Urban ","Windy","Low ",1
"4/04/2022","21:50:00","22:05:00",47,"Snack ",27,4.9,13,"motorcycle ",0,"No ","Metropolitian ","Cloudy","Jam ",2
"1/04/2022","17:35:00","17:45:00",29,"Drinks ",23,5,3,"motorcycle ",0,"No ","Metropolitian ","Cloudy","Medium ",0
"9/03/2022","11:30:00","11:35:00",16,"Snack ",29,4.5,22,"motorcycle ",1,"No ","Metropolitian ","Sandstorms","High ",0
"17/03/2022","18:55:00","19:05:00",34,"Snack ",35,5,17,"scooter ",1,"No ","Urban ","Windy","Medium ",1
"24/03/2022","11:15:00","11:30:00",32,"Buffet ",36,4.3,3,"scooter ",2,"No ","Metropolitian ","Fog","High ",1
"28/03/2022","10:25:00","10:30:00",19,"Drinks ",25,4.8,18,"scooter ",2,"No ","Metropolitian ","Stormy","Low ",1
"5/04/2022","22:15:00","22:30:00",29,"Drinks ",38,4.9,16,"motorcycle ",0,"No ","Metropolitian ","Fog","Low ",0
"3/03/2022","17:50:00","18:00:00",16,"Snack ",38,5,9,"scooter ",2,"No ","Metropolitian ","Fog","Medium ",1
"18/03/2022","22:20:00","22:35:00",25,"Snack ",34,4.9,7,"scooter ",2,"No ","Metropolitian ","Sunny","Low ",1
"10/03/2022","20:15:00","20:25:00",48,"Drinks ",31,4.4,15,"scooter ",2,"No ","Metropolitian ","Cloudy","Jam ",1
"20/03/2022","20:10:00","20:20:00",29,"Snack ",20,4.6,9,"motorcycle ",2,"No ","Metropolitian ","Windy","Jam ",1
"13/02/2022","11:10:00","11:25:00",19,"Snack ",23,4.7,15,"motorcycle ",0,"No ","Urban ","Windy","High ",0
"16/02/2022","18:10:00","18:20:00",15,"Meal ",23,4.7,19,"motorcycle ",2,"No ","Urban ","Sunny","Medium ",0
"25/03/2022","18:00:00","18:05:00",15,"Buffet ",28,4.9,9,"scooter ",1,"No ","Metropolitian ","Sunny","Medium ",0
"15/03/2022","20:30:00","20:45:00",17,"Meal ",22,4.9,12,"scooter ",2,"No ","Metropolitian ","Sunny","Jam ",1
"18/03/2022","17:40:00","17:45:00",27,"Buffet ",23,4.8,6,"motorcycle ",0,"No ","Metropolitian ","Windy","Medium ",1
"12/02/2022","17:25:00","17:35:00",27,"Drinks ",20,4.8,2,"scooter ",1,"No ","Metropolitian ","Fog","Medium ",0
"15/02/2022","15:00:00","15:05:00",24,"Meal ",22,4.7,4,"motorcycle ",0,"No ","Metropolitian ","Stormy","High ",1
"4/03/2022","0:00:00","0:05:00",27,"Drinks ",32,4.9,18,"motorcycle ",0,"No ","Metropolitian ","Sandstorms","Low ",1
"1/04/2022","17:55:00","18:00:00",25,"Snack ",35,4.6,19,"motorcycle ",2,"No ","Metropolitian ","Sandstorms","Medium ",1
"31/03/2022","23:45:00","23:55:00",16,"Buffet ",34,4.5,22,"motorcycle ",1,"No ","Metropolitian ","Sunny","Low ",0
"29/03/2022","23:40:00","23:55:00",19,"Meal ",28,4.9,13,"motorcycle ",0,"No ","Metropolitian ","Stormy","Low ",0
"2/04/2022","20:35:00","20:50:00",28,"Snack ",39,4.6,22,"motorcycle ",0,"No ","Metropolitian ","Sunny","Jam ",0
"15/02/2022","23:00:00","23:15:00",15,"Snack ",35,4.6,9,"scooter ",2,"No ","Metropolitian ","Stormy","Low ",0
"19/03/2022","20:10:00","20:25:00",29,"Buffet ",34,4.6,4,"motorcycle ",0,"No ","Metropolitian ","Cloudy","Jam ",1
"13/02/2022","8:50:00","9:05:00",26,"Drinks ",30,4.5,9,"motorcycle ",1,"No ","Metropolitian ","Stormy","Low ",1
"3/03/2022","10:25:00","10:40:00",15,"Buffet ",29,4.8,15,"motorcycle ",0,"No ","Urban ","Sunny","Low ",1
"4/04/2022","18:30:00","18:35:00",15,"Snack ",26,4.5,16,"motorcycle ",0,"No ","Urban ","Sunny","Medium ",0
"17/02/2022","23:40:00","23:50:00",34,"Snack ",39,4.2,4,"motorcycle ",0,"No ","Metropolitian ","Windy","Low ",1
"28/03/2022","12:00:00","12:05:00",16,"Buffet ",28,4.8,16,"motorcycle ",0,"No ","Urban ","Stormy","High ",1
"25/03/2022","19:00:00","19:15:00",35,"Snack ",37,3.5,6,"motorcycle ",1,"No ","Metropolitian ","Stormy","Medium ",1
"3/03/2022","21:30:00","21:40:00",42,"Drinks ",29,3.8,3,"motorcycle ",0,"No ","Metropolitian ","Sunny","Jam ",0
"18/02/2022","17:25:00","17:40:00",27,"Drinks ",28,4.8,2,"scooter ",1,"No ","Metropolitian ","Fog","Medium ",1
"12/02/2022","19:55:00","20:05:00",51,"Meal ",30,4.7,3,"motorcycle ",0,"No ","Metropolitian ","Stormy","Jam ",1
"2/03/2022","19:35:00","19:40:00",32,"Drinks ",22,4.3,14,"motorcycle ",0,"No ","Metropolitian ","Windy","Jam ",1
"29/03/2022","20:30:00","20:45:00",43,"Meal ",38,4.9,7,"motorcycle ",0,"No ","Metropolitian ","Sandstorms","Jam ",1
"3/03/2022","19:10:00","19:20:00",23,"Buffet ",24,4.7,21,"motorcycle ",0,"No ","Metropolitian ","Sandstorms","Jam ",1
"31/03/2022","21:25:00","21:40:00",42,"Drinks ",38,4.1,2,"motorcycle ",2,"No ","Metropolitian ","Fog","Jam ",1
"1/03/2022","9:40:00","9:50:00",15,"Drinks ",36,4.7,21,"scooter ",1,"No ","Metropolitian ","Fog","Low ",0
"2/03/2022","17:40:00","17:50:00",18,"Buffet ",22,4.6,17,"electric_scooter ",2,"No ","Metropolitian ","Windy","Medium ",1
"6/04/2022","19:55:00","20:10:00",45,"Snack ",31,4.6,22,"motorcycle ",0,"No ","Metropolitian ","Fog","Jam ",1
"18/03/2022","23:55:00","0:05:00",29,"Meal ",35,4.9,3,"scooter ",1,"No ","Metropolitian ","Stormy","Low ",0
"24/03/2022","23:10:00","23:20:00",19,"Snack ",25,4.6,21,"scooter ",1,"No ","Urban ","Cloudy","Low ",0
"30/03/2022","13:30:00","13:45:00",48,"Snack ",36,4.9,5,"motorcycle ",0,"No ","Metropolitian ","Sandstorms","High ",0
"12/02/2022","18:10:00","18:25:00",39,"Snack ",27,4.8,9,"scooter ",1,"No ","Metropolitian ","Fog","Medium ",1
"18/03/2022","18:35:00","18:45:00",17,"Meal ",28,5,9,"scooter ",1,"No ","Metropolitian ","Sandstorms","Medium ",0
"18/03/2022","21:20:00","21:35:00",46,"Drinks ",31,4.3,5,"scooter ",2,"No ","Semi-Urban ","Fog","Jam ",0
"18/03/2022","20:50:00","21:05:00",31,"Drinks ",26,4.7,19,"motorcycle ",0,"No ","Metropolitian ","Sandstorms","Jam ",0
"13/02/2022","11:55:00","12:00:00",25,"Drinks ",32,4.6,9,"scooter ",2,"No ","Metropolitian ","Sandstorms","High ",1
"13/03/2022","17:40:00","17:45:00",24,"Snack ",22,4.9,9,"motorcycle ",0,"No ","Metropolitian ","Windy","Medium ",0
"13/02/2022","12:30:00","12:35:00",26,"Snack ",33,4.7,8,"scooter ",2,"No ","Metropolitian ","Fog","High ",1
"4/03/2022","22:25:00","22:30:00",42,"Drinks ",27,2.9,5,"motorcycle ",2,"Yes ","Metropolitian ","Sunny","Low ",2
"24/03/2022","20:50:00","21:00:00",25,"Buffet ",29,4.7,16,"scooter ",2,"No ","Metropolitian ","Stormy","Jam ",1
"10/03/2022","22:35:00","22:40:00",25,"Snack ",39,4.9,15,"motorcycle ",1,"No ","Metropolitian ","Stormy","Low ",0
"11/03/2022","12:55:00","13:10:00",32,"Buffet ",31,4.7,23,"motorcycle ",0,"No ","Metropolitian ","Stormy","High ",1
"3/04/2022","20:50:00","21:00:00",36,"Meal ",26,4.9,12,"motorcycle ",0,"No ","Metropolitian ","Windy","Jam ",1
"10/03/2022","21:40:00","21:50:00",48,"Snack ",35,4.1,3,"scooter ",1,"No ","Semi-Urban ","Cloudy","Jam ",1
"3/03/2022","19:15:00","19:25:00",26,"Meal ",38,4.8,23,"electric_scooter ",2,"No ","Metropolitian ","Stormy","Jam ",0
"19/03/2022","9:20:00","9:30:00",17,"Meal ",27,4.4,13,"motorcycle ",0,"No ","Metropolitian ","Windy","Low ",1
"5/03/2022","14:50:00","15:05:00",28,"Drinks ",38,4.9,16,"electric_scooter ",2,"No ","Urban ","Stormy","High ",1
"11/03/2022","19:50:00","20:05:00",29,"Drinks ",34,4.7,16,"motorcycle ",0,"No ","Metropolitian ","Sunny","Jam ",1
"14/02/2022","17:15:00","17:30:00",18,"Drinks ",28,4.9,4,"scooter ",1,"No ","Metropolitian ","Sandstorms","Medium ",1
"7/03/2022","16:10:00","16:25:00",26,"Drinks ",31,4.6,22,"motorcycle ",0,"No ","Urban ","Stormy","Medium ",0
"24/03/2022","23:45:00","23:50:00",13,"Drinks ",27,4.8,15,"motorcycle ",1,"No ","Urban ","Windy","Low ",0
"13/03/2022","20:00:00","20:10:00",36,"Drinks ",31,4.3,3,"motorcycle ",1,"No ","Urban ","Cloudy","Jam ",2
"24/03/2022","8:10:00","8:25:00",19,"Buffet ",26,4.3,5,"motorcycle ",0,"No ","Urban ","Stormy","Low ",0
"16/02/2022","18:15:00","18:20:00",31,"Meal ",24,4.6,6,"motorcycle ",0,"No ","Metropolitian ","Windy","Medium ",0
"27/03/2022","17:45:00","17:55:00",28,"Drinks ",25,4.8,16,"motorcycle ",2,"No ","Metropolitian ","Stormy","Medium ",1
"1/03/2022","18:25:00","18:35:00",29,"Buffet ",30,4.5,19,"motorcycle ",0,"No ","Metropolitian ","Stormy","Medium ",1
"6/03/2022","18:40:00","18:45:00",29,"Buffet ",23,4.8,16,"scooter ",2,"No ","Metropolitian ","Windy","Medium ",1
"25/03/2022","22:30:00","22:40:00",15,"Buffet ",23,5,22,"motorcycle ",2,"No ","Metropolitian ","Stormy","Low ",1
"17/03/2022","11:50:00","12:05:00",47,"Buffet ",33,5,12,"motorcycle ",0,"Yes ","Metropolitian ","Sandstorms","High ",0
"9/03/2022","19:30:00","19:45:00",23,"Meal ",20,4.6,13,"electric_scooter ",2,"No ","Metropolitian ","Sandstorms","Jam ",1
"2/03/2022","23:55:00","0:10:00",19,"Snack ",29,4.6,17,"electric_scooter ",2,"No ","Metropolitian ","Sandstorms","Low ",1
"17/02/2022","21:35:00","21:50:00",28,"Drinks ",26,4.8,5,"motorcycle ",1,"No ","Metropolitian ","Sandstorms","Jam ",1
"27/03/2022","22:20:00","22:25:00",25,"Drinks ",34,4.9,23,"motorcycle ",0,"No ","Metropolitian ","Stormy","Low ",1
"14/03/2022","21:20:00","21:30:00",24,"Meal ",33,4.8,16,"motorcycle ",2,"No ","Metropolitian ","Sunny","Jam ",1
"3/04/2022","14:45:00","15:00:00",19,"Snack ",24,4.9,21,"electric_scooter ",2,"No ","Metropolitian ","Sunny","High ",1
"7/03/2022","10:30:00","10:35:00",18,"Drinks ",24,4.8,22,"scooter ",1,"No ","Urban ","Stormy","Low ",0
"6/03/2022","18:25:00","18:35:00",44,"Meal ",31,4.6,21,"motorcycle ",0,"No ","Urban ","Sandstorms","Medium ",0
"30/03/2022","21:50:00","22:00:00",32,"Snack ",25,4.8,9,"scooter ",1,"No ","Metropolitian ","Cloudy","Jam ",0
"4/04/2022","22:25:00","22:40:00",29,"Meal ",32,4.7,17,"motorcycle ",0,"No ","Urban ","Windy","Low ",1
"2/03/2022","21:40:00","21:55:00",45,"Buffet ",33,4.3,9,"scooter ",2,"No ","Metropolitian ","Stormy","Jam ",1
"3/04/2022","13:40:00","13:45:00",21,"Snack ",20,4.6,18,"electric_scooter ",2,"No ","Metropolitian ","Stormy","High ",0
"11/02/2022","13:30:00","13:35:00",25,"Meal ",35,4.7,4,"motorcycle ",1,"No ","Metropolitian ","Stormy","High ",1
"28/03/2022","10:15:00","10:30:00",18,"Drinks ",20,4.9,15,"motorcycle ",2,"No ","Urban ","Fog","Low ",0
"7/03/2022","22:20:00","22:35:00",17,"Snack ",36,4.7,18,"electric_scooter ",2,"No ","Metropolitian ","Sunny","Low ",0
"1/03/2022","11:00:00","11:10:00",19,"Meal ",23,4.9,13,"motorcycle ",1,"No ","Metropolitian ","Stormy","Low ",0
"16/02/2022","23:00:00","23:05:00",22,"Meal ",20,4.8,8,"motorcycle ",0,"No ","Metropolitian ","Windy","Low ",0
"6/03/2022","18:50:00","19:00:00",37,"Meal ",20,4.9,9,"motorcycle ",0,"No ","Metropolitian ","Fog","Medium ",2
"20/03/2022","22:20:00","22:30:00",26,"Drinks ",23,4.7,12,"electric_scooter ",2,"No ","Metropolitian ","Fog","Low ",0
"3/04/2022","9:30:00","9:35:00",16,"Meal ",23,4.8,23,"motorcycle ",0,"No ","Metropolitian ","Fog","Low ",1
"6/03/2022","17:35:00","17:40:00",14,"Meal ",24,4.9,23,"scooter ",1,"No ","Metropolitian ","Sunny","Medium ",1
"14/03/2022","20:35:00","20:50:00",48,"Buffet ",37,4.8,21,"motorcycle ",0,"No ","Metropolitian ","Windy","Jam ",1
"1/04/2022","22:10:00","22:15:00",34,"Snack ",37,4.3,14,"motorcycle ",0,"No ","Metropolitian ","Sandstorms","Low ",1
"18/03/2022","20:25:00","20:35:00",40,"Buffet ",30,3.8,21,"scooter ",2,"Yes ","Metropolitian ","Windy","Jam ",1
"29/03/2022","21:55:00","22:00:00",30,"Meal ",25,5,3,"motorcycle ",0,"No ","Metropolitian ","Sandstorms","Jam ",0
"17/02/2022","11:00:00","11:05:00",20,"Snack ",22,4.6,7,"motorcycle ",0,"No ","Metropolitian ","Sandstorms","Low ",0
"17/02/2022","18:55:00","19:10:00",38,"Snack ",35,4.6,17,"motorcycle ",0,"No ","Urban ","Windy","Medium ",1
"18/02/2022","22:25:00","22:35:00",19,"Drinks ",27,4.6,5,"motorcycle ",0,"No ","Metropolitian ","Windy","Low ",0
"28/03/2022","9:40:00","9:50:00",15,"Snack ",22,5,19,"motorcycle ",1,"No ","Metropolitian ","Windy","Low ",0
"13/02/2022","20:35:00","20:40:00",27,"Buffet ",22,4.6,6,"scooter ",2,"No ","Metropolitian ","Fog","Jam ",1
"13/02/2022","21:50:00","22:00:00",30,"Buffet ",38,4.5,5,"motorcycle ",0,"No ","Metropolitian ","Stormy","Jam ",1
"1/03/2022","20:15:00","20:30:00",30,"Buffet ",32,4.7,18,"motorcycle ",0,"No ","Metropolitian ","Stormy","Jam ",0
"27/03/2022","22:10:00","22:25:00",22,"Snack ",33,4.7,23,"motorcycle ",0,"No ","Metropolitian ","Sunny","Low ",1
"17/03/2022","11:40:00","11:55:00",13,"Drinks ",25,4.9,22,"scooter ",1,"No ","Urban ","Sunny","High ",0
"2/04/2022","18:15:00","18:25:00",30,"Meal ",34,4.7,15,"motorcycle ",2,"No ","Metropolitian ","Fog","Medium ",1
"13/03/2022","22:50:00","23:05:00",20,"Buffet ",32,4.9,13,"motorcycle ",1,"No ","Metropolitian ","Stormy","Low ",1
"18/03/2022","19:30:00","19:45:00",48,"Drinks ",30,4.3,15,"motorcycle ",0,"Yes ","Metropolitian ","Sandstorms","Jam ",0
"5/04/2022","11:55:00","12:00:00",27,"Buffet ",31,5,23,"motorcycle ",0,"No ","Metropolitian ","Sunny","High ",1
"1/04/2022","23:30:00","23:45:00",24,"Snack ",39,5,19,"motorcycle ",0,"No ","Metropolitian ","Cloudy","Low ",0
"14/02/2022","23:25:00","23:35:00",22,"Meal ",27,5,4,"motorcycle ",0,"No ","Metropolitian ","Stormy","Low ",1
"24/03/2022","10:30:00","10:35:00",10,"Snack ",22,4.8,22,"scooter ",2,"No ","Metropolitian ","Fog","Low ",1
"26/03/2022","18:40:00","18:45:00",26,"Snack ",23,4.5,18,"scooter ",2,"No ","Metropolitian ","Sandstorms","Medium ",1
"24/03/2022","10:30:00","10:40:00",18,"Meal ",22,4.2,23,"motorcycle ",0,"No ","Metropolitian ","Stormy","Low ",1
"20/03/2022","21:55:00","22:00:00",30,"Drinks ",34,4.9,9,"electric_scooter ",2,"No ","Metropolitian ","Windy","Jam ",1
"18/03/2022","19:30:00","19:40:00",37,"Snack ",35,4.9,16,"scooter ",1,"No ","Metropolitian ","Cloudy","Jam ",2
"21/03/2022","23:45:00","23:55:00",17,"Buffet ",37,4.7,22,"motorcycle ",2,"No ","Urban ","Cloudy","Low ",1
"15/03/2022","10:45:00","10:50:00",26,"Buffet ",33,4.1,5,"motorcycle ",0,"No ","Urban ","Stormy","Low ",1
"1/03/2022","16:45:00","16:50:00",18,"Meal ",31,4.7,17,"scooter ",1,"No ","Metropolitian ","Sunny","Medium ",1
"19/03/2022","10:45:00","10:55:00",17,"Meal ",20,4.7,15,"electric_scooter ",2,"No ","Urban ","Windy","Low ",1
"15/02/2022","15:15:00","15:20:00",21,"Buffet ",39,4.7,2,"scooter ",2,"No ","Metropolitian ","Sunny","Medium ",1
"30/03/2022","23:10:00","23:15:00",12,"Meal ",22,4.8,13,"scooter ",1,"No ","Metropolitian ","Sandstorms","Low ",1
"4/03/2022","21:45:00","22:00:00",21,"Meal ",23,4.8,12,"scooter ",2,"No ","Metropolitian ","Sunny","Jam ",0
"29/03/2022","21:25:00","21:30:00",17,"Drinks ",27,4.6,13,"scooter ",2,"No ","Metropolitian ","Windy","Jam ",1
"26/03/2022","9:30:00","9:45:00",20,"Buffet ",35,4.9,17,"scooter ",2,"No ","Metropolitian ","Sandstorms","Low ",0
"26/03/2022","12:50:00","12:55:00",15,"Snack ",21,4.7,21,"motorcycle ",0,"No ","Urban ","Windy","High ",1
"17/03/2022","15:30:00","15:40:00",24,"Buffet ",29,4.6,13,"scooter ",2,"No ","Metropolitian ","Windy","Medium ",1
"7/03/2022","17:30:00","17:45:00",15,"Meal ",20,4.7,22,"motorcycle ",0,"No ","Urban ","Stormy","Medium ",0
"13/02/2022","9:30:00","9:35:00",21,"Snack ",31,4.7,18,"scooter ",1,"No ","Urban ","Sandstorms","Low ",0
"23/03/2022","20:50:00","20:55:00",18,"Snack ",27,5,23,"scooter ",2,"No ","Metropolitian ","Stormy","Jam ",0
"3/03/2022","13:45:00","13:50:00",30,"Drinks ",39,4.8,23,"scooter ",1,"No ","Urban ","Cloudy","High ",1
"25/03/2022","19:30:00","19:40:00",39,"Snack ",25,4.3,5,"electric_scooter ",2,"No ","Metropolitian ","Cloudy","Jam ",1
"11/02/2022","8:25:00","8:30:00",14,"Buffet ",27,4.9,4,"electric_scooter ",2,"No ","Metropolitian ","Sandstorms","Low ",1
"29/03/2022","23:35:00","23:50:00",25,"Snack ",32,4.5,18,"motorcycle ",2,"No ","Metropolitian ","Stormy","Low ",1
"9/03/2022","19:35:00","19:40:00",18,"Snack ",36,4.6,15,"motorcycle ",1,"No ","Metropolitian ","Sunny","Jam ",1
"11/02/2022","15:55:00","16:05:00",18,"Drinks ",28,4.6,2,"motorcycle ",1,"No ","Metropolitian ","Fog","Medium ",1
"10/03/2022","17:55:00","18:00:00",19,"Buffet ",24,4.7,23,"motorcycle ",0,"No ","Urban ","Sunny","Medium ",0
"23/03/2022","18:00:00","18:15:00",37,"Buffet ",35,4.2,2,"scooter ",1,"No ","Metropolitian ","Cloudy","Medium ",1
"29/03/2022","21:15:00","21:20:00",44,"Buffet ",36,4.3,2,"motorcycle ",0,"No ","Metropolitian ","Windy","Jam ",1
"14/02/2022","19:30:00","19:45:00",31,"Meal ",21,4.6,6,"motorcycle ",1,"No ","Metropolitian ","Stormy","Jam ",1
"18/02/2022","20:50:00","20:55:00",46,"Snack ",38,4.7,5,"motorcycle ",0,"No ","Metropolitian ","Fog","Jam ",1
"31/03/2022","22:10:00","22:15:00",17,"Drinks ",21,4.9,18,"motorcycle ",1,"No ","Metropolitian ","Stormy","Low ",0
"17/02/2022","21:45:00","21:50:00",12,"Drinks ",29,4.6,16,"scooter ",1,"No ","Urban ","Sunny","Jam ",0
"3/03/2022","15:50:00","16:00:00",28,"Meal ",23,4.8,13,"motorcycle ",0,"No ","Metropolitian ","Sandstorms","Medium ",1
"9/03/2022","20:35:00","20:50:00",29,"Buffet ",33,4.6,15,"motorcycle ",0,"No ","Urban ","Fog","Jam ",1
"12/03/2022","19:10:00","19:15:00",26,"Snack ",28,4.9,13,"scooter ",1,"No ","Metropolitian ","Windy","Jam ",1
"13/03/2022","18:00:00","18:10:00",23,"Meal ",20,4.8,12,"electric_scooter ",2,"No ","Metropolitian ","Windy","Medium ",0
"31/03/2022","23:50:00","23:55:00",18,"Drinks ",20,4.7,23,"motorcycle ",1,"No ","Metropolitian ","Sandstorms","Low ",1
"16/02/2022","19:15:00","19:30:00",51,"Meal ",32,4.8,3,"motorcycle ",0,"No ","Metropolitian ","Stormy","Jam ",3
"15/03/2022","22:40:00","22:50:00",24,"Buffet ",31,4.9,14,"scooter ",1,"No ","Metropolitian ","Sandstorms","Low ",0
"18/03/2022","17:30:00","17:35:00",33,"Drinks ",38,5,9,"scooter ",1,"No ","Metropolitian ","Cloudy","Medium ",1
"8/03/2022","17:45:00","18:00:00",32,"Snack ",28,4.6,18,"scooter ",1,"No ","Metropolitian ","Sunny","Medium ",2
"3/03/2022","9:00:00","9:10:00",20,"Drinks ",35,4.5,15,"motorcycle ",1,"No ","Metropolitian ","Sandstorms","Low ",0
"5/03/2022","18:00:00","18:15:00",21,"Buffet ",35,4.9,23,"scooter ",1,"No ","Metropolitian ","Stormy","Medium ",1
"6/03/2022","23:50:00","0:05:00",11,"Meal ",28,4.6,23,"motorcycle ",2,"No ","Urban ","Stormy","Low ",1
"6/04/2022","17:25:00","17:30:00",31,"Drinks ",23,4.7,15,"motorcycle ",1,"No ","Urban ","Cloudy","Medium ",1
"7/03/2022","18:10:00","18:25:00",34,"Snack ",32,4.2,11,"scooter ",2,"No ","Metropolitian ","Windy","Medium ",1
"11/03/2022","21:45:00","22:00:00",29,"Meal ",32,4.5,3,"motorcycle ",1,"No ","Urban ","Windy","Jam ",0
"25/03/2022","21:30:00","21:35:00",31,"Drinks ",39,4.5,13,"electric_scooter ",2,"No ","Metropolitian ","Sunny","Jam ",1
"4/03/2022","19:25:00","19:35:00",26,"Snack ",24,4.7,18,"scooter ",1,"No ","Metropolitian ","Stormy","Jam ",1
"5/04/2022","9:55:00","10:05:00",23,"Buffet ",33,4.8,15,"motorcycle ",0,"No ","Metropolitian ","Fog","Low ",1
"16/02/2022","17:40:00","17:55:00",45,"Snack ",31,4.3,7,"motorcycle ",0,"No ","Metropolitian ","Sandstorms","Medium ",1
"15/03/2022","18:35:00","18:45:00",19,"Buffet ",25,4.7,19,"scooter ",1,"No ","Metropolitian ","Sunny","Medium ",1
"16/03/2022","19:50:00","20:00:00",29,"Buffet ",33,4.9,12,"electric_scooter ",2,"No ","Metropolitian ","Windy","Jam ",1
"7/03/2022","23:25:00","23:35:00",21,"Meal ",32,4.6,15,"electric_scooter ",2,"No ","Metropolitian ","Sandstorms","Low ",1
"10/03/2022","21:15:00","21:20:00",37,"Meal ",23,4.9,12,"motorcycle ",0,"No ","Metropolitian ","Windy","Jam ",1
"15/02/2022","22:20:00","22:35:00",18,"Drinks ",22,4.5,3,"scooter ",1,"No ","Metropolitian ","Sandstorms","Low ",1
"13/02/2022","18:45:00","18:50:00",28,"Buffet ",28,4.9,9,"motorcycle ",1,"No ","Metropolitian ","Sandstorms","Medium ",1
"1/04/2022","8:45:00","8:50:00",12,"Snack ",33,4.9,21,"scooter ",2,"No ","Metropolitian ","Sunny","Low ",0
"24/03/2022","14:00:00","14:10:00",32,"Drinks ",32,5,22,"scooter ",1,"No ","Urban ","Sandstorms","High ",1
"1/04/2022","8:15:00","8:30:00",29,"Meal ",38,4.6,14,"motorcycle ",0,"No ","Metropolitian ","Sunny","Low ",1
"14/03/2022","21:50:00","22:05:00",25,"Snack ",36,4.6,23,"scooter ",1,"No ","Metropolitian ","Windy","Jam ",1
"30/03/2022","13:15:00","13:30:00",31,"Meal ",35,4.9,6,"motorcycle ",1,"No ","Urban ","Stormy","High ",1
"9/03/2022","12:10:00","12:20:00",20,"Drinks ",20,4.8,19,"scooter ",1,"No ","Urban ","Stormy","High ",1
"17/02/2022","22:40:00","22:55:00",14,"Drinks ",23,4.8,4,"motorcycle ",1,"No ","Metropolitian ","Sandstorms","Low ",0
"6/04/2022","22:50:00","23:00:00",25,"Meal ",33,4.6,15,"scooter ",2,"No ","Metropolitian ","Windy","Low ",1
"19/03/2022","9:55:00","10:05:00",22,"Drinks ",30,4.6,2,"scooter ",2,"No ","Metropolitian ","Windy","Low ",1
"14/03/2022","18:55:00","19:05:00",23,"Snack ",29,4.7,16,"scooter ",2,"No ","Metropolitian ","Sandstorms","Medium ",1
"1/03/2022","13:00:00","13:15:00",15,"Snack ",22,4.8,13,"scooter ",1,"No ","Metropolitian ","Stormy","High ",1
"18/03/2022","20:20:00","20:35:00",17,"Meal ",22,5,13,"motorcycle ",1,"No ","Metropolitian ","Sandstorms","Jam ",1
"30/03/2022","21:35:00","21:45:00",25,"Snack ",23,5,12,"scooter ",2,"No ","Metropolitian ","Cloudy","Jam ",1
"31/03/2022","20:20:00","20:25:00",27,"Buffet ",24,4.9,16,"scooter ",2,"No ","Urban ","Stormy","Jam ",0
"2/03/2022","22:00:00","22:10:00",41,"Buffet ",24,4.6,18,"motorcycle ",0,"No ","Urban ","Fog","Jam ",1
"14/02/2022","20:40:00","20:55:00",16,"Snack ",34,4.8,9,"scooter ",2,"No ","Metropolitian ","Sunny","Jam ",1
"2/03/2022","18:55:00","19:10:00",35,"Snack ",29,4.1,3,"scooter ",1,"No ","Metropolitian ","Stormy","Medium ",0
"14/02/2022","20:00:00","20:05:00",26,"Meal ",22,4.8,6,"scooter ",2,"No ","Metropolitian ","Windy","Jam ",1
"27/03/2022","21:25:00","21:30:00",36,"Drinks ",37,4.9,8,"motorcycle ",0,"No ","Metropolitian ","Sandstorms","Jam ",1
"6/03/2022","23:35:00","23:50:00",29,"Buffet ",23,4.9,23,"motorcycle ",0,"No ","Metropolitian ","Sunny","Low ",1
"5/04/2022","11:10:00","11:25:00",10,"Meal ",25,4.6,23,"motorcycle ",2,"No ","Urban ","Sandstorms","High ",0
"23/03/2022","23:45:00","23:50:00",15,"Buffet ",33,4.8,15,"motorcycle ",2,"No ","Metropolitian ","Stormy","Low ",1
"14/03/2022","17:25:00","17:30:00",31,"Meal ",37,4.2,1,"scooter ",1,"No ","Metropolitian ","Fog","Medium ",1
"30/03/2022","10:25:00","10:30:00",29,"Drinks ",39,4.6,1,"motorcycle ",1,"No ","Metropolitian ","Sandstorms","Low ",1
"6/04/2022","19:45:00","20:00:00",30,"Drinks ",23,4.8,23,"motorcycle ",2,"No ","Urban ","Fog","Jam ",0
"12/03/2022","21:35:00","21:45:00",41,"Snack ",39,4.1,3,"scooter ",2,"No ","Urban ","Fog","Jam ",1
"3/04/2022","11:35:00","11:45:00",26,"Buffet ",38,4.7,19,"motorcycle ",2,"No ","Metropolitian ","Windy","High ",1
"15/02/2022","17:45:00","18:00:00",13,"Snack ",25,4.9,4,"electric_scooter ",2,"No ","Metropolitian ","Stormy","Medium ",1
"19/03/2022","20:30:00","20:45:00",31,"Drinks ",35,4.9,15,"scooter ",2,"No ","Metropolitian ","Sandstorms","Jam ",1
"7/03/2022","9:30:00","9:35:00",23,"Snack ",32,4.9,16,"motorcycle ",0,"No ","Urban ","Sunny","Low ",1
"31/03/2022","22:35:00","22:40:00",24,"Snack ",29,4.5,12,"motorcycle ",0,"No ","Metropolitian ","Cloudy","Low ",1
"31/03/2022","17:55:00","18:10:00",26,"Snack ",31,4.6,18,"motorcycle ",0,"No ","Metropolitian ","Sunny","Medium ",1
"9/03/2022","20:10:00","20:20:00",36,"Snack ",27,4.7,9,"motorcycle ",0,"No ","Metropolitian ","Windy","Jam ",1
"25/03/2022","22:10:00","22:20:00",29,"Meal ",34,4.7,11,"motorcycle ",1,"No ","Metropolitian ","Sunny","Low ",1
"4/04/2022","21:30:00","21:45:00",26,"Meal ",27,4.6,21,"scooter ",2,"No ","Urban ","Stormy","Jam ",1
"15/02/2022","16:00:00","16:05:00",15,"Meal ",38,4.7,15,"scooter ",1,"No ","Urban ","Fog","Medium ",1
"27/03/2022","21:40:00","21:45:00",20,"Buffet ",29,5,9,"scooter ",2,"No ","Metropolitian ","Stormy","Jam ",0
"16/03/2022","18:10:00","18:25:00",24,"Snack ",27,4.8,12,"motorcycle ",1,"No ","Metropolitian ","Windy","Medium ",1
"10/03/2022","18:35:00","18:45:00",36,"Snack ",28,4.6,23,"motorcycle ",0,"No ","Metropolitian ","Cloudy","Medium ",1
"9/03/2022","22:00:00","22:10:00",34,"Drinks ",26,4.2,3,"motorcycle ",0,"No ","Metropolitian ","Stormy","Jam ",1
"14/03/2022","23:20:00","23:25:00",13,"Drinks ",20,4.5,4,"scooter ",1,"No ","Urban ","Sandstorms","Low ",0
"29/03/2022","18:40:00","18:45:00",35,"Snack ",37,4,2,"motorcycle ",1,"No ","Urban ","Cloudy","Medium ",1
"16/02/2022","17:35:00","17:40:00",30,"Buffet ",31,4.8,9,"motorcycle ",0,"No ","Metropolitian ","Sandstorms","Medium ",0
"5/04/2022","22:45:00","22:50:00",13,"Snack ",21,4.9,22,"motorcycle ",0,"No ","Metropolitian ","Sunny","Low ",0
"9/03/2022","17:30:00","17:40:00",34,"Meal ",33,4.8,15,"motorcycle ",0,"No ","Metropolitian ","Fog","Medium ",1
"14/03/2022","21:15:00","21:25:00",43,"Snack ",39,4.9,18,"motorcycle ",0,"No ","Urban ","Windy","Jam ",2
"15/02/2022","11:50:00","12:05:00",30,"Buffet ",33,4.7,7,"motorcycle ",0,"No ","Metropolitian ","Stormy","High ",1
"1/04/2022","14:50:00","15:05:00",26,"Drinks ",23,4.7,22,"motorcycle ",1,"No ","Metropolitian ","Cloudy","High ",1
"5/04/2022","21:15:00","21:25:00",30,"Meal ",38,4.9,22,"motorcycle ",0,"No ","Metropolitian ","Cloudy","Jam ",0
"9/03/2022","13:00:00","13:10:00",33,"Buffet ",35,4.3,23,"motorcycle ",0,"No ","Metropolitian ","Fog","High ",1
"1/03/2022","8:40:00","8:55:00",21,"Meal ",31,4.9,13,"motorcycle ",1,"No ","Metropolitian ","Sandstorms","Low ",1
"3/04/2022","9:15:00","9:30:00",19,"Drinks ",28,5,9,"motorcycle ",0,"No ","Metropolitian ","Cloudy","Low ",1
"21/03/2022","10:45:00","10:55:00",22,"Buffet ",32,4.1,9,"motorcycle ",0,"No ","Metropolitian ","Stormy","Low ",1
"24/03/2022","14:25:00","14:40:00",46,"Meal ",20,4.3,7,"motorcycle ",0,"No ","Metropolitian ","Sunny","High ",0
"15/02/2022","9:45:00","10:00:00",12,"Meal ",33,4.7,3,"motorcycle ",1,"No ","Metropolitian ","Sunny","Low ",1
"4/04/2022","20:10:00","20:15:00",17,"Meal ",29,4.7,21,"scooter ",1,"No ","Urban ","Sandstorms","Jam ",0
"12/03/2022","23:15:00","23:30:00",38,"Buffet ",34,4.6,23,"motorcycle ",0,"No ","Metropolitian ","Fog","Low ",1
"23/03/2022","22:55:00","23:10:00",25,"Meal ",39,4.9,9,"electric_scooter ",2,"No ","Metropolitian ","Sandstorms","Low ",1
"15/03/2022","9:25:00","9:35:00",17,"Buffet ",29,4.9,23,"motorcycle ",1,"No ","Urban ","Sunny","Low ",1
"14/03/2022","21:00:00","21:10:00",44,"Meal ",25,4.4,9,"motorcycle ",1,"Yes ","Metropolitian ","Fog","Jam ",1
"17/03/2022","13:15:00","13:30:00",18,"Buffet ",23,4.9,8,"scooter ",2,"No ","Metropolitian ","Sunny","High ",0
"13/03/2022","10:40:00","10:55:00",17,"Drinks ",35,4.8,22,"motorcycle ",1,"No ","Metropolitian ","Cloudy","Low ",0
"2/03/2022","22:45:00","22:50:00",20,"Drinks ",32,4.8,16,"motorcycle ",0,"No ","Metropolitian ","Windy","Low ",1
"9/03/2022","22:10:00","22:15:00",16,"Meal ",35,5,21,"scooter ",2,"No ","Metropolitian ","Cloudy","Low ",1
"2/04/2022","21:00:00","21:05:00",38,"Buffet ",29,4.7,8,"motorcycle ",1,"No ","Metropolitian ","Fog","Jam ",1
"3/04/2022","19:25:00","19:30:00",26,"Buffet ",20,4.9,21,"scooter ",1,"No ","Metropolitian ","Fog","Jam ",0
"20/03/2022","21:00:00","21:05:00",47,"Snack ",35,4.1,11,"motorcycle ",2,"No ","Metropolitian ","Cloudy","Jam ",1
"12/02/2022","18:50:00","19:00:00",37,"Buffet ",32,4.3,2,"motorcycle ",0,"No ","Urban ","Sunny","Medium ",1
"3/03/2022","11:15:00","11:30:00",26,"Snack ",25,5,19,"motorcycle ",0,"No ","Urban ","Cloudy","High ",1
"1/03/2022","17:30:00","17:45:00",29,"Meal ",27,5,17,"motorcycle ",2,"No ","Metropolitian ","Stormy","Medium ",0
"19/03/2022","20:50:00","21:00:00",25,"Snack ",24,4.6,7,"motorcycle ",1,"No ","Metropolitian ","Windy","Jam ",1
"20/03/2022","22:55:00","23:00:00",17,"Buffet ",38,4.8,21,"scooter ",2,"No ","Metropolitian ","Stormy","Low ",0
"11/03/2022","19:15:00","19:20:00",25,"Meal ",31,4.7,9,"motorcycle ",2,"No ","Metropolitian ","Sandstorms","Jam ",1
"9/03/2022","10:00:00","10:05:00",12,"Drinks ",27,5,17,"scooter ",1,"No ","Urban ","Fog","Low ",0
"23/03/2022","0:00:00","0:15:00",22,"Snack ",25,5,17,"motorcycle ",2,"No ","Urban ","Cloudy","Low ",0
"28/03/2022","9:35:00","9:45:00",29,"Meal ",35,4.1,7,"motorcycle ",0,"No ","Metropolitian ","Sandstorms","Low ",1
"11/02/2022","10:10:00","10:15:00",24,"Drinks ",21,4.8,6,"motorcycle ",0,"No ","Metropolitian ","Stormy","Low ",1
"1/04/2022","8:35:00","8:50:00",28,"Meal ",30,4.6,22,"scooter ",1,"No ","Metropolitian ","Stormy","Low ",1
"30/03/2022","17:50:00","18:05:00",27,"Drinks ",27,4.8,23,"scooter ",2,"No ","Metropolitian ","Windy","Medium ",1
"29/03/2022","23:50:00","0:05:00",16,"Drinks ",28,5,1,"electric_scooter ",2,"No ","Urban ","Windy","Low ",1
"4/04/2022","20:15:00","20:30:00",31,"Meal ",22,4.4,1,"motorcycle ",2,"No ","Metropolitian ","Cloudy","Jam ",1
"16/03/2022","23:45:00","23:55:00",39,"Drinks ",36,4.1,13,"motorcycle ",0,"No ","Metropolitian ","Fog","Low ",1
"13/03/2022","11:50:00","12:05:00",29,"Snack ",22,4.6,9,"motorcycle ",0,"No ","Metropolitian ","Cloudy","High ",1
"1/03/2022","11:15:00","11:25:00",10,"Meal ",22,4.9,13,"motorcycle ",1,"No ","Metropolitian ","Sunny","High ",0
"3/03/2022","22:30:00","22:35:00",25,"Meal ",36,4.9,14,"motorcycle ",1,"No ","Metropolitian ","Windy","Low ",1
"31/03/2022","23:35:00","23:50:00",35,"Snack ",39,4.3,1,"motorcycle ",0,"No ","Metropolitian ","Cloudy","Low ",1
"9/03/2022","22:40:00","22:50:00",10,"Drinks ",32,4.8,19,"scooter ",1,"No ","Metropolitian ","Sunny","Low ",0
"30/03/2022","8:50:00","9:00:00",15,"Snack ",27,4.9,4,"scooter ",1,"No ","Urban ","Sandstorms","Low ",1
"30/03/2022","19:30:00","19:35:00",24,"Meal ",38,4.9,21,"scooter ",2,"No ","Metropolitian ","Sunny","Jam ",1
"31/03/2022","20:35:00","20:40:00",33,"Snack ",21,4.9,9,"motorcycle ",0,"No ","Metropolitian ","Sandstorms","Jam ",1
"18/03/2022","18:35:00","18:45:00",28,"Drinks ",23,4.5,9,"motorcycle ",1,"No ","Metropolitian ","Stormy","Medium ",1
"1/04/2022","13:45:00","14:00:00",30,"Meal ",33,4.9,4,"scooter ",2,"No ","Metropolitian ","Fog","High ",1
"4/03/2022","23:15:00","23:25:00",11,"Drinks ",28,4.5,23,"scooter ",1,"No ","Metropolitian ","Windy","Low ",0
"5/03/2022","10:35:00","10:40:00",14,"Meal ",23,4.6,19,"scooter ",1,"No ","Urban ","Stormy","Low ",1
"2/03/2022","19:35:00","19:40:00",37,"Meal ",36,4.8,17,"motorcycle ",0,"No ","Metropolitian ","Windy","Jam ",0
"24/03/2022","20:40:00","20:50:00",39,"Snack ",36,4.8,1,"scooter ",1,"No ","Metropolitian ","Cloudy","Jam ",2
"4/04/2022","23:55:00","0:00:00",28,"Meal ",38,4.8,21,"motorcycle ",0,"No ","Metropolitian ","Stormy","Low ",1
"14/02/2022","17:30:00","17:35:00",41,"Snack ",32,5,4,"motorcycle ",0,"No ","Metropolitian ","Stormy","Medium ",2
"18/02/2022","18:50:00","18:55:00",35,"Buffet ",32,5,4,"scooter ",1,"No ","Metropolitian ","Sandstorms","Medium ",1
"14/02/2022","22:20:00","22:25:00",30,"Drinks ",29,4.7,4,"motorcycle ",1,"No ","Metropolitian ","Sunny","Low ",1
"8/03/2022","19:25:00","19:30:00",32,"Buffet ",22,4.1,6,"motorcycle ",0,"No ","Metropolitian ","Sandstorms","Jam ",0
"28/03/2022","21:45:00","21:50:00",26,"Snack ",39,4.7,15,"electric_scooter ",2,"No ","Metropolitian ","Sandstorms","Jam ",1
"5/03/2022","9:50:00","10:00:00",17,"Drinks ",37,4.6,16,"motorcycle ",1,"No ","Metropolitian ","Sunny","Low ",1
"14/02/2022","17:40:00","17:45:00",43,"Meal ",22,4.8,19,"motorcycle ",0,"Yes ","Urban ","Cloudy","Medium ",2
"17/03/2022","17:50:00","18:00:00",14,"Meal ",25,4.9,21,"motorcycle ",0,"No ","Metropolitian ","Sandstorms","Medium ",1
"21/03/2022","11:35:00","11:40:00",10,"Meal ",22,4.7,22,"motorcycle ",1,"No ","Urban ","Sandstorms","High ",0
"10/03/2022","19:10:00","19:20:00",40,"Meal ",33,4.6,19,"motorcycle ",1,"No ","Urban ","Cloudy","Jam ",1
"30/03/2022","22:00:00","22:10:00",15,"Drinks ",26,4.9,23,"motorcycle ",2,"No ","Metropolitian ","Sandstorms","Jam ",1
"25/03/2022","17:20:00","17:25:00",25,"Buffet ",24,4.6,9,"motorcycle ",0,"No ","Metropolitian ","Stormy","Medium ",1
"11/03/2022","16:45:00","16:55:00",20,"Drinks ",28,4.7,23,"motorcycle ",0,"No ","Metropolitian ","Fog","Medium ",0
"4/04/2022","21:30:00","21:35:00",39,"Meal ",31,4.4,4,"motorcycle ",0,"No ","Metropolitian ","Sandstorms","Jam ",1
"19/03/2022","21:45:00","22:00:00",24,"Buffet ",35,5,22,"electric_scooter ",2,"No ","Urban ","Sunny","Jam ",1
"26/03/2022","21:45:00","22:00:00",29,"Meal ",26,4.5,8,"scooter ",2,"No ","Metropolitian ","Fog","Jam ",1
"3/04/2022","10:25:00","10:40:00",17,"Buffet ",35,5,19,"scooter ",1,"No ","Metropolitian ","Cloudy","Low ",1
"28/03/2022","15:45:00","15:50:00",10,"Meal ",29,4.8,16,"scooter ",2,"No ","Urban ","Cloudy","Medium ",0
"28/03/2022","19:15:00","19:25:00",34,"Drinks ",33,4.8,6,"motorcycle ",1,"No ","Metropolitian ","Stormy","Jam ",2
"11/02/2022","18:15:00","18:20:00",18,"Meal ",23,4.6,4,"motorcycle ",1,"No ","Metropolitian ","Stormy","Medium ",1
"21/03/2022","9:40:00","9:45:00",18,"Meal ",25,4.9,14,"motorcycle ",0,"No ","Metropolitian ","Sunny","Low ",1
"7/03/2022","12:50:00","13:00:00",11,"Snack ",29,4.5,5,"scooter ",1,"No ","Urban ","Stormy","High ",0
"8/03/2022","20:30:00","20:45:00",39,"Buffet ",28,4.6,17,"scooter ",1,"No ","Urban ","Stormy","Jam ",1
"5/04/2022","21:30:00","21:40:00",38,"Snack ",24,5,18,"motorcycle ",0,"No ","Metropolitian ","Stormy","Jam ",1
"4/04/2022","23:40:00","23:50:00",24,"Snack ",28,4.7,21,"motorcycle ",0,"No ","Metropolitian ","Stormy","Low ",1
"9/03/2022","10:10:00","10:20:00",22,"Snack ",39,4.1,11,"motorcycle ",0,"No ","Metropolitian ","Stormy","Low ",1
"5/04/2022","18:35:00","18:40:00",35,"Meal ",37,5,17,"motorcycle ",0,"No ","Urban ","Windy","Medium ",2
"26/03/2022","19:45:00","20:00:00",22,"Buffet ",29,4.7,14,"motorcycle ",0,"No ","Metropolitian ","Cloudy","Jam ",1
"24/03/2022","20:00:00","20:10:00",29,"Drinks ",26,4.7,9,"scooter ",1,"No ","Metropolitian ","Windy","Jam ",1
"14/02/2022","19:15:00","19:25:00",35,"Meal ",38,4.6,17,"motorcycle ",0,"No ","Urban ","Sandstorms","Jam ",1
"31/03/2022","22:40:00","22:45:00",18,"Snack ",22,4.6,23,"motorcycle ",0,"No ","Metropolitian ","Stormy","Low ",1
"24/03/2022","8:10:00","8:25:00",21,"Buffet ",38,4.8,19,"motorcycle ",0,"No ","Metropolitian ","Cloudy","Low ",1
"6/03/2022","21:00:00","21:05:00",36,"Snack ",36,4.1,6,"scooter ",1,"No ","Urban ","Stormy","Jam ",1
"16/03/2022","20:35:00","20:40:00",47,"Meal ",35,4.9,16,"electric_scooter ",2,"No ","Metropolitian ","Cloudy","Jam ",2
"4/04/2022","22:25:00","22:30:00",21,"Snack ",32,4.6,18,"motorcycle ",1,"No ","Metropolitian ","Windy","Low ",1
"1/03/2022","21:00:00","21:15:00",32,"Buffet ",31,4.2,4,"motorcycle ",0,"No ","Urban ","Fog","Jam ",1
"11/02/2022","16:35:00","16:45:00",34,"Snack ",34,4.4,8,"motorcycle ",0,"No ","Metropolitian ","Sandstorms","Medium ",0
"29/03/2022","19:25:00","19:35:00",46,"Snack ",25,4.9,2,"motorcycle ",0,"No ","Metropolitian ","Cloudy","Jam ",0
"6/03/2022","17:20:00","17:30:00",36,"Drinks ",20,4.8,21,"scooter ",2,"No ","Metropolitian ","Fog","Medium ",1
"26/03/2022","18:00:00","18:05:00",10,"Snack ",25,4.6,23,"electric_scooter ",2,"No ","Metropolitian ","Fog","Medium ",0
"6/03/2022","22:25:00","22:40:00",33,"Buffet ",37,3.1,3,"motorcycle ",0,"No ","Metropolitian ","Sunny","Low ",1
"6/03/2022","20:10:00","20:15:00",43,"Buffet ",35,4.2,6,"motorcycle ",0,"No ","Metropolitian ","Stormy","Jam ",1
"15/03/2022","9:50:00","10:05:00",18,"Buffet ",21,4.9,22,"scooter ",1,"No ","Metropolitian ","Cloudy","Low ",0
"26/03/2022","11:55:00","12:00:00",26,"Snack ",35,4.8,13,"motorcycle ",1,"No ","Metropolitian ","Sandstorms","High ",1
"16/02/2022","17:20:00","17:30:00",28,"Drinks ",26,4.8,2,"motorcycle ",2,"No ","Metropolitian ","Stormy","Medium ",1
"15/03/2022","19:40:00","19:45:00",27,"Drinks ",31,4.8,23,"scooter ",1,"No ","Urban ","Sandstorms","Jam ",1
"4/04/2022","23:25:00","23:30:00",25,"Buffet ",37,4.9,18,"electric_scooter ",2,"No ","Metropolitian ","Sunny","Low ",1
"17/03/2022","15:50:00","16:00:00",15,"Buffet ",37,4.7,19,"scooter ",2,"No ","Urban ","Fog","Medium ",0
"10/03/2022","22:10:00","22:20:00",29,"Snack ",38,4.9,21,"scooter ",1,"No ","Urban ","Sandstorms","Low ",1
"4/03/2022","23:25:00","23:30:00",25,"Buffet ",34,5,15,"scooter ",2,"No ","Metropolitian ","Windy","Low ",1
"5/03/2022","9:00:00","9:10:00",11,"Meal ",33,4.7,14,"scooter ",2,"No ","Metropolitian ","Stormy","Low ",1
"12/03/2022","21:50:00","22:05:00",31,"Snack ",31,4.5,15,"scooter ",1,"No ","Metropolitian ","Sandstorms","Jam ",1
"18/02/2022","23:35:00","23:40:00",13,"Drinks ",24,4.7,21,"scooter ",2,"No ","Urban ","Stormy","Low ",0
"27/03/2022","17:20:00","17:35:00",39,"Meal ",24,4.3,2,"motorcycle ",1,"No ","Metropolitian ","Fog","Medium ",0
"2/04/2022","23:30:00","23:45:00",25,"Drinks ",33,4.7,23,"motorcycle ",0,"No ","Metropolitian ","Sandstorms","Low ",1
"11/02/2022","19:35:00","19:50:00",19,"Snack ",36,5,9,"motorcycle ",2,"No ","Metropolitian ","Sunny","Jam ",1
"5/03/2022","20:50:00","20:55:00",32,"Buffet ",29,4.9,18,"electric_scooter ",2,"No ","Metropolitian ","Sunny","Jam ",1
"17/03/2022","8:55:00","9:00:00",17,"Snack ",28,4.5,23,"motorcycle ",0,"No ","Metropolitian ","Sandstorms","Low ",1
"7/03/2022","11:45:00","11:50:00",20,"Snack ",28,4.6,21,"motorcycle ",0,"No ","Urban ","Stormy","High ",1
"10/03/2022","18:15:00","18:30:00",37,"Buffet ",31,4.7,18,"motorcycle ",0,"No ","Urban ","Sunny","Medium ",1
"28/03/2022","20:55:00","21:05:00",20,"Meal ",25,4.6,23,"scooter ",1,"No ","Metropolitian ","Sandstorms","Jam ",1
"31/03/2022","23:10:00","23:15:00",15,"Meal ",28,4.7,17,"motorcycle ",0,"No ","Metropolitian ","Stormy","Low ",0
"1/04/2022","17:15:00","17:30:00",34,"Snack ",39,4.6,1,"electric_scooter ",2,"No ","Metropolitian ","Stormy","Medium ",0
"29/03/2022","18:45:00","18:50:00",11,"Drinks ",21,4.6,1,"electric_scooter ",2,"No ","Urban ","Sunny","Medium ",0
"12/02/2022","18:00:00","18:05:00",41,"Snack ",37,5,2,"motorcycle ",0,"No ","Metropolitian ","Stormy","Medium ",2
"3/03/2022","10:25:00","10:30:00",16,"Meal ",32,4.9,9,"motorcycle ",2,"No ","Metropolitian ","Sunny","Low ",0
"8/03/2022","20:00:00","20:15:00",50,"Snack ",32,4.6,16,"motorcycle ",0,"No ","Metropolitian ","Sandstorms","Jam ",1
"14/02/2022","20:10:00","20:25:00",44,"Meal ",31,4,14,"motorcycle ",0,"No ","Metropolitian ","Windy","Jam ",2
"13/03/2022","18:20:00","18:30:00",10,"Buffet ",27,5,23,"scooter ",1,"No ","Metropolitian ","Fog","Medium ",0
"18/02/2022","17:10:00","17:20:00",25,"Snack ",27,4.9,22,"motorcycle ",1,"No ","Urban ","Sandstorms","Medium ",0
"15/02/2022","22:10:00","22:20:00",18,"Meal ",28,4.9,8,"scooter ",2,"No ","Metropolitian ","Stormy","Low ",0
"30/03/2022","8:25:00","8:30:00",15,"Meal ",24,4.7,16,"motorcycle ",0,"No ","Metropolitian ","Fog","Low ",1
"29/03/2022","22:00:00","22:15:00",36,"Snack ",21,4.7,3,"motorcycle ",0,"No ","Metropolitian ","Windy","Jam ",1
"30/03/2022","16:35:00","16:40:00",34,"Snack ",39,4.4,21,"motorcycle ",2,"No ","Urban ","Stormy","Medium ",0
"3/04/2022","17:15:00","17:25:00",27,"Snack ",38,4.5,21,"motorcycle ",0,"No ","Metropolitian ","Fog","Medium ",0
"19/03/2022","11:45:00","12:00:00",27,"Snack ",34,4.5,3,"scooter ",1,"No ","Urban ","Fog","High ",0
"16/03/2022","20:15:00","20:25:00",47,"Meal ",36,4.6,16,"motorcycle ",0,"No ","Metropolitian ","Cloudy","Jam ",2
"10/03/2022","18:40:00","18:55:00",38,"Meal ",34,3.7,13,"scooter ",2,"No ","Metropolitian ","Stormy","Medium ",1
"12/03/2022","22:20:00","22:25:00",25,"Drinks ",37,4.9,9,"motorcycle ",1,"No ","Metropolitian ","Fog","Low ",1
"5/03/2022","8:40:00","8:45:00",15,"Meal ",33,4.8,19,"scooter ",2,"No ","Urban ","Stormy","Low ",1
"19/03/2022","23:15:00","23:25:00",18,"Snack ",34,4.7,23,"motorcycle ",1,"No ","Urban ","Cloudy","Low ",0
"28/03/2022","21:55:00","22:00:00",18,"Buffet ",20,4.7,23,"scooter ",2,"No ","Metropolitian ","Sandstorms","Jam ",0
"14/03/2022","20:20:00","20:30:00",51,"Drinks ",34,4.7,12,"motorcycle ",0,"No ","Metropolitian ","Fog","Jam ",1
"21/03/2022","18:35:00","18:45:00",24,"Meal ",27,4.8,23,"motorcycle ",2,"No ","Urban ","Stormy","Medium ",0
"13/03/2022","21:50:00","22:05:00",41,"Meal ",33,4.9,19,"motorcycle ",0,"No ","Metropolitian ","Windy","Jam ",2
"2/04/2022","21:25:00","21:40:00",26,"Drinks ",24,4.9,22,"electric_scooter ",2,"No ","Metropolitian ","Windy","Jam ",0
"13/03/2022","22:45:00","23:00:00",19,"Buffet ",22,4.6,17,"scooter ",1,"No ","Metropolitian ","Sandstorms","Low ",0
"30/03/2022","8:55:00","9:05:00",15,"Drinks ",21,4.1,15,"motorcycle ",0,"No ","Metropolitian ","Sandstorms","Low ",1
"13/03/2022","9:20:00","9:30:00",15,"Drinks ",26,5,19,"electric_scooter ",2,"No ","Metropolitian ","Cloudy","Low ",1
"18/03/2022","17:30:00","17:35:00",33,"Drinks ",38,5,9,"scooter ",1,"No ","Metropolitian ","Cloudy","Medium ",1
"23/03/2022","18:45:00","18:50:00",34,"Drinks ",21,4.9,7,"motorcycle ",0,"No ","Metropolitian ","Fog","Medium ",1
"31/03/2022","17:55:00","18:00:00",27,"Meal ",24,4.9,23,"motorcycle ",0,"No ","Metropolitian ","Sunny","Medium ",1
"10/03/2022","23:45:00","23:55:00",28,"Drinks ",21,4.7,12,"scooter ",2,"No ","Metropolitian ","Fog","Low ",0
"19/03/2022","22:55:00","23:10:00",12,"Buffet ",25,4.7,3,"motorcycle ",0,"No ","Metropolitian ","Sunny","Low ",1
"12/02/2022","18:25:00","18:30:00",36,"Drinks ",37,4.1,5,"motorcycle ",0,"No ","Urban ","Sunny","Medium ",1
"28/03/2022","21:30:00","21:35:00",25,"Buffet ",22,4.7,13,"motorcycle ",0,"No ","Metropolitian ","Stormy","Jam ",1
"17/02/2022","20:35:00","20:40:00",39,"Buffet ",38,4.2,4,"scooter ",2,"No ","Metropolitian ","Fog","Jam ",1
"19/03/2022","13:35:00","13:45:00",30,"Snack ",28,4.7,13,"motorcycle ",2,"No ","Metropolitian ","Fog","High ",1
"11/03/2022","20:10:00","20:20:00",25,"Drinks ",31,4.7,12,"motorcycle ",0,"No ","Metropolitian ","Cloudy","Jam ",0
"13/02/2022","18:15:00","18:20:00",35,"Meal ",32,4.2,4,"motorcycle ",0,"No ","Metropolitian ","Sandstorms","Medium ",1
"13/02/2022","10:50:00","11:05:00",22,"Buffet ",36,4.8,7,"motorcycle ",1,"No ","Metropolitian ","Sandstorms","Low ",1
"18/02/2022","23:50:00","23:55:00",14,"Buffet ",21,4.8,4,"motorcycle ",2,"No ","Metropolitian ","Windy","Low ",0
"10/03/2022","19:15:00","19:30:00",36,"Drinks ",30,4.3,19,"scooter ",1,"No ","Metropolitian ","Cloudy","Jam ",1
"12/02/2022","21:25:00","21:35:00",43,"Meal ",26,4,13,"scooter ",1,"No ","Metropolitian ","Fog","Jam ",1
"7/03/2022","12:00:00","12:15:00",28,"Drinks ",32,4.7,17,"scooter ",1,"No ","Metropolitian ","Sandstorms","High ",1
"17/02/2022","21:25:00","21:30:00",12,"Buffet ",24,4.8,6,"scooter ",2,"No ","Metropolitian ","Sandstorms","Jam ",1
"30/03/2022","20:10:00","20:15:00",31,"Snack ",36,5,5,"scooter ",2,"No ","Metropolitian ","Sandstorms","Jam ",0
"15/02/2022","19:25:00","19:30:00",11,"Meal ",20,4.9,22,"scooter ",2,"No ","Urban ","Sunny","Jam ",0
"30/03/2022","18:10:00","18:25:00",16,"Snack ",22,4.8,22,"scooter ",2,"No ","Metropolitian ","Sunny","Medium ",1
"17/03/2022","9:55:00","10:05:00",18,"Snack ",26,4.8,19,"scooter ",1,"No ","Urban ","Stormy","Low ",1
"8/03/2022","23:10:00","23:15:00",12,"Snack ",25,5,17,"scooter ",2,"No ","Urban ","Stormy","Low ",0
"15/02/2022","16:25:00","16:30:00",32,"Snack ",35,4.7,19,"motorcycle ",0,"No ","Urban ","Windy","Medium ",1
"7/03/2022","15:15:00","15:30:00",19,"Buffet ",37,4.5,5,"electric_scooter ",2,"No ","Urban ","Stormy","Medium ",0
"14/03/2022","20:15:00","20:25:00",31,"Snack ",23,4.1,3,"motorcycle ",0,"No ","Metropolitian ","Windy","Jam ",1
"1/04/2022","12:55:00","13:00:00",17,"Drinks ",31,4.9,19,"motorcycle ",2,"No ","Metropolitian ","Sunny","High ",1
"13/02/2022","11:25:00","11:40:00",34,"Buffet ",23,4.8,7,"motorcycle ",0,"No ","Metropolitian ","Stormy","High ",1
"30/03/2022","23:15:00","23:20:00",18,"Drinks ",22,4.7,9,"electric_scooter ",2,"No ","Metropolitian ","Sunny","Low ",1
"2/03/2022","21:35:00","21:45:00",18,"Buffet ",30,4.7,16,"motorcycle ",2,"No ","Metropolitian ","Sunny","Jam ",0
"1/03/2022","17:40:00","17:50:00",18,"Buffet ",25,4.7,6,"scooter ",2,"No ","Metropolitian ","Fog","Medium ",1
"15/03/2022","19:50:00","20:00:00",28,"Snack ",39,4.6,19,"motorcycle ",1,"No ","Metropolitian ","Windy","Jam ",1
"1/04/2022","9:25:00","9:35:00",26,"Drinks ",33,4.4,23,"motorcycle ",0,"No ","Metropolitian ","Windy","Low ",1
"18/03/2022","20:15:00","20:30:00",15,"Meal ",23,4.8,3,"motorcycle ",2,"No ","Metropolitian ","Stormy","Jam ",0
"8/03/2022","23:50:00","23:55:00",26,"Meal ",21,5,23,"motorcycle ",0,"No ","Metropolitian ","Sunny","Low ",1
"18/03/2022","18:10:00","18:15:00",37,"Snack ",25,4.4,12,"scooter ",2,"No ","Metropolitian ","Cloudy","Medium ",1
"3/03/2022","23:35:00","23:50:00",20,"Meal ",27,4,4,"motorcycle ",0,"No ","Urban ","Sandstorms","Low ",0
"28/03/2022","19:55:00","20:00:00",27,"Drinks ",36,5,23,"scooter ",1,"No ","Metropolitian ","Stormy","Jam ",1
"30/03/2022","12:15:00","12:30:00",24,"Snack ",29,5,1,"motorcycle ",1,"No ","Urban ","Windy","High ",1
"1/04/2022","9:50:00","10:00:00",25,"Snack ",25,4.4,3,"motorcycle ",0,"No ","Urban ","Stormy","Low ",1
"3/03/2022","9:00:00","9:05:00",31,"Snack ",37,4.2,1,"motorcycle ",0,"No ","Urban ","Windy","Low ",1
"28/03/2022","19:00:00","19:10:00",17,"Drinks ",36,4.6,22,"scooter ",2,"No ","Metropolitian ","Fog","Medium ",1
"6/03/2022","17:25:00","17:40:00",26,"Snack ",28,4.9,14,"scooter ",2,"No ","Metropolitian ","Fog","Medium ",1
"2/03/2022","19:00:00","19:15:00",19,"Drinks ",22,4.9,23,"scooter ",1,"No ","Metropolitian ","Sandstorms","Medium ",1
"17/03/2022","8:40:00","8:55:00",26,"Drinks ",37,4.5,9,"scooter ",2,"No ","Metropolitian ","Windy","Low ",0
"7/03/2022","8:55:00","9:10:00",10,"Drinks ",34,4.8,18,"motorcycle ",1,"No ","Urban ","Sunny","Low ",1
"13/03/2022","12:20:00","12:30:00",22,"Drinks ",27,4.6,21,"motorcycle ",0,"No ","Metropolitian ","Windy","High ",0
"30/03/2022","23:10:00","23:25:00",24,"Meal ",34,4.8,19,"motorcycle ",0,"No ","Metropolitian ","Cloudy","Low ",0
"12/03/2022","19:30:00","19:35:00",28,"Snack ",36,4.7,17,"scooter ",1,"No ","Metropolitian ","Sunny","Jam ",1
"12/02/2022","21:10:00","21:25:00",30,"Snack ",32,4.9,3,"scooter ",1,"No ","Metropolitian ","Stormy","Jam ",1
"30/03/2022","14:50:00","15:05:00",28,"Snack ",30,5,23,"motorcycle ",1,"No ","Metropolitian ","Fog","High ",1
"18/02/2022","22:50:00","23:00:00",26,"Drinks ",38,4.8,2,"motorcycle ",2,"No ","Metropolitian ","Fog","Low ",1
"13/03/2022","16:20:00","16:30:00",26,"Snack ",25,4.8,9,"motorcycle ",1,"No ","Metropolitian ","Windy","Medium ",1
"25/03/2022","21:15:00","21:25:00",33,"Meal ",34,4.3,1,"motorcycle ",2,"No ","Metropolitian ","Windy","Jam ",1
"21/03/2022","9:00:00","9:10:00",25,"Meal ",33,5,22,"motorcycle ",0,"No ","Metropolitian ","Fog","Low ",1
"17/02/2022","8:50:00","9:00:00",26,"Snack ",30,4.8,3,"scooter ",2,"No ","Metropolitian ","Stormy","Low ",1
"3/03/2022","17:15:00","17:25:00",15,"Snack ",24,4.7,17,"scooter ",1,"No ","Metropolitian ","Fog","Medium ",1
"3/04/2022","18:55:00","19:00:00",27,"Snack ",21,4.7,15,"motorcycle ",0,"No ","Urban ","Fog","Medium ",1
"16/02/2022","17:10:00","17:25:00",20,"Meal ",39,4.7,3,"scooter ",1,"No ","Metropolitian ","Windy","Medium ",1
"3/04/2022","20:15:00","20:25:00",30,"Snack ",34,4.7,23,"motorcycle ",0,"No ","Urban ","Sandstorms","Jam ",1
"3/03/2022","8:20:00","8:30:00",11,"Drinks ",20,4.6,15,"motorcycle ",1,"No ","Urban ","Stormy","Low ",0
"24/03/2022","23:20:00","23:25:00",29,"Snack ",35,4.7,18,"scooter ",1,"No ","Urban ","Sandstorms","Low ",1
"4/03/2022","23:20:00","23:30:00",31,"Snack ",34,3.7,5,"motorcycle ",1,"No ","Metropolitian ","Stormy","Low ",0
"8/03/2022","17:25:00","17:35:00",43,"Buffet ",37,4.9,23,"scooter ",2,"No ","Metropolitian ","Sunny","Medium ",3
"16/03/2022","19:45:00","19:55:00",41,"Buffet ",20,4.4,12,"motorcycle ",1,"No ","Metropolitian ","Fog","Jam ",2
"26/03/2022","20:40:00","20:55:00",19,"Meal ",23,4.8,23,"scooter ",1,"No ","Urban ","Windy","Jam ",0
"28/03/2022","11:15:00","11:25:00",34,"Snack ",39,4.3,5,"motorcycle ",2,"No ","Metropolitian ","Sandstorms","High ",0
"13/02/2022","8:50:00","9:00:00",14,"Drinks ",30,5,4,"scooter ",1,"No ","Metropolitian ","Sunny","Low ",0
"18/03/2022","17:50:00","18:05:00",43,"Meal ",30,4.8,14,"motorcycle ",0,"No ","Metropolitian ","Fog","Medium ",2
"1/04/2022","14:25:00","14:35:00",13,"Buffet ",20,4.7,22,"motorcycle ",1,"No ","Metropolitian ","Sunny","High ",1
"16/03/2022","20:20:00","20:25:00",36,"Snack ",25,4.1,11,"motorcycle ",0,"No ","Metropolitian ","Sandstorms","Jam ",2
"12/03/2022","18:25:00","18:35:00",22,"Buffet ",27,4.5,15,"scooter ",2,"No ","Metropolitian ","Sandstorms","Medium ",1
"8/03/2022","21:40:00","21:55:00",37,"Drinks ",37,3.7,4,"scooter ",1,"No ","Metropolitian ","Sandstorms","Jam ",1
"5/03/2022","16:20:00","16:35:00",31,"Buffet ",33,4.6,22,"scooter ",2,"No ","Metropolitian ","Stormy","Medium ",1
"30/03/2022","22:15:00","22:25:00",19,"Meal ",29,4.9,18,"motorcycle ",2,"No ","Metropolitian ","Cloudy","Low ",1
"15/03/2022","17:40:00","17:45:00",26,"Meal ",39,4.6,16,"scooter ",2,"No ","Urban ","Stormy","Medium ",1
"1/04/2022","13:15:00","13:20:00",32,"Buffet ",31,4,3,"motorcycle ",0,"No ","Urban ","Fog","High ",1
"5/03/2022","9:10:00","9:25:00",14,"Buffet ",26,4.9,18,"scooter ",1,"No ","Metropolitian ","Sunny","Low ",1
"20/03/2022","19:50:00","20:05:00",31,"Buffet ",33,3.6,2,"scooter ",1,"No ","Metropolitian ","Sandstorms","Jam ",1
"4/04/2022","23:40:00","23:50:00",29,"Drinks ",36,4.7,22,"electric_scooter ",2,"No ","Metropolitian ","Sandstorms","Low ",0
"29/03/2022","20:35:00","20:45:00",39,"Meal ",37,4.5,7,"motorcycle ",2,"No ","Metropolitian ","Windy","Jam ",2
"26/03/2022","22:40:00","22:55:00",22,"Snack ",37,4.7,15,"scooter ",2,"No ","Metropolitian ","Sandstorms","Low ",1
"31/03/2022","17:45:00","18:00:00",19,"Meal ",20,4.9,23,"electric_scooter ",2,"No ","Metropolitian ","Windy","Medium ",1
"20/03/2022","22:35:00","22:50:00",40,"Snack ",35,4.6,6,"motorcycle ",0,"No ","Metropolitian ","Fog","Low ",0
"24/03/2022","10:35:00","10:45:00",19,"Meal ",22,4,14,"motorcycle ",0,"No ","Metropolitian ","Sandstorms","Low ",1
"10/03/2022","0:00:00","0:10:00",22,"Snack ",32,4.8,23,"motorcycle ",0,"No ","Urban ","Windy","Low ",1
"14/02/2022","18:30:00","18:40:00",19,"Buffet ",24,4.9,2,"scooter ",1,"No ","Metropolitian ","Stormy","Medium ",1
"14/03/2022","20:40:00","20:45:00",31,"Snack ",21,4.6,18,"electric_scooter ",2,"No ","Metropolitian ","Cloudy","Jam ",0
"12/03/2022","22:35:00","22:40:00",32,"Meal ",30,3.5,8,"motorcycle ",2,"No ","Metropolitian ","Cloudy","Low ",1
"29/03/2022","22:45:00","23:00:00",28,"Snack ",33,4.8,23,"scooter ",2,"No ","Metropolitian ","Stormy","Low ",1
"17/02/2022","12:20:00","12:30:00",20,"Meal ",31,5,9,"scooter ",2,"No ","Metropolitian ","Fog","High ",1
"13/03/2022","22:10:00","22:20:00",29,"Meal ",38,4.4,14,"motorcycle ",0,"No ","Metropolitian ","Windy","Low ",1
"6/04/2022","19:55:00","20:10:00",48,"Drinks ",36,4.7,15,"motorcycle ",0,"No ","Metropolitian ","Cloudy","Jam ",2
"24/03/2022","22:25:00","22:35:00",18,"Buffet ",23,4.6,23,"motorcycle ",0,"No ","Metropolitian ","Sunny","Low ",1
"3/04/2022","15:45:00","16:00:00",20,"Drinks ",31,4.7,23,"motorcycle ",0,"No ","Metropolitian ","Sunny","Medium ",1
"20/03/2022","23:20:00","23:30:00",41,"Buffet ",31,4.7,3,"motorcycle ",0,"No ","Metropolitian ","Fog","Low ",1
"24/03/2022","8:10:00","8:20:00",18,"Meal ",39,4.9,15,"electric_scooter ",2,"No ","Metropolitian ","Cloudy","Low ",0
"16/02/2022","20:10:00","20:15:00",20,"Snack ",22,4.7,9,"electric_scooter ",2,"No ","Metropolitian ","Sunny","Jam ",0
"3/03/2022","23:45:00","0:00:00",29,"Buffet ",36,4.8,14,"motorcycle ",0,"No ","Metropolitian ","Sunny","Low ",1
"7/03/2022","8:20:00","8:25:00",23,"Drinks ",35,5,19,"scooter ",2,"No ","Urban ","Stormy","Low ",0
"14/03/2022","21:50:00","22:05:00",25,"Snack ",36,4.6,23,"scooter ",1,"No ","Metropolitian ","Windy","Jam ",1
"4/04/2022","23:45:00","23:55:00",20,"Drinks ",30,4.5,18,"scooter ",1,"No ","Metropolitian ","Windy","Low ",1
"15/02/2022","21:25:00","21:35:00",39,"Snack ",38,4.3,9,"scooter ",1,"Yes ","Metropolitian ","Stormy","Jam ",1
"8/03/2022","23:45:00","0:00:00",19,"Meal ",30,5,13,"scooter ",2,"No ","Metropolitian ","Stormy","Low ",0
"29/03/2022","22:55:00","23:00:00",39,"Drinks ",20,2.8,4,"scooter ",1,"No ","Urban ","Sunny","Low ",2
"7/03/2022","8:10:00","8:20:00",18,"Buffet ",27,4.9,17,"electric_scooter ",2,"No ","Urban ","Stormy","Low ",1
"3/03/2022","19:45:00","19:50:00",11,"Buffet ",27,4.8,21,"motorcycle ",1,"No ","Metropolitian ","Sunny","Jam ",1
"11/02/2022","15:20:00","15:30:00",19,"Meal ",20,4.6,6,"scooter ",2,"No ","Metropolitian ","Sunny","Medium ",1
"14/03/2022","18:20:00","18:30:00",29,"Meal ",34,4.5,15,"scooter ",2,"No ","Metropolitian ","Sandstorms","Medium ",1
"9/03/2022","20:40:00","20:55:00",28,"Snack ",37,4.8,22,"electric_scooter ",2,"No ","Metropolitian ","Windy","Jam ",1
"15/02/2022","21:35:00","21:40:00",24,"Drinks ",20,5,18,"scooter ",1,"No ","Urban ","Fog","Jam ",1
"2/04/2022","23:45:00","23:50:00",28,"Snack ",23,4.7,9,"scooter ",2,"No ","Metropolitian ","Sunny","Low ",1
"17/02/2022","21:15:00","21:25:00",24,"Drinks ",27,4.6,2,"motorcycle ",2,"No ","Metropolitian ","Fog","Jam ",1
"11/02/2022","21:30:00","21:35:00",33,"Buffet ",33,4.2,9,"scooter ",2,"No ","Metropolitian ","Windy","Jam ",1
"23/03/2022","20:30:00","20:40:00",45,"Buffet ",31,4.6,15,"scooter ",1,"No ","Urban ","Cloudy","Jam ",1
"29/03/2022","18:35:00","18:40:00",31,"Buffet ",30,4.2,5,"scooter ",2,"No ","Metropolitian ","Cloudy","Medium ",1
"9/03/2022","21:55:00","22:00:00",17,"Buffet ",25,4.5,23,"motorcycle ",1,"No ","Metropolitian ","Sandstorms","Jam ",1
"4/03/2022","23:45:00","23:50:00",20,"Buffet ",37,4.7,19,"motorcycle ",1,"No ","Metropolitian ","Windy","Low ",1
"18/02/2022","21:00:00","21:15:00",26,"Buffet ",27,4.7,7,"scooter ",1,"No ","Metropolitian ","Sandstorms","Jam ",1
"26/03/2022","11:15:00","11:20:00",34,"Buffet ",33,4.9,6,"motorcycle ",2,"No ","Metropolitian ","Cloudy","High ",2
"19/03/2022","21:45:00","21:50:00",34,"Meal ",31,4,3,"motorcycle ",0,"No ","Urban ","Sandstorms","Jam ",1
"19/03/2022","11:25:00","11:40:00",33,"Buffet ",31,4.1,22,"motorcycle ",0,"No ","Metropolitian ","Cloudy","High ",1
"18/03/2022","17:35:00","17:45:00",34,"Snack ",34,4.8,23,"scooter ",1,"No ","Metropolitian ","Fog","Medium ",1
"16/02/2022","21:30:00","21:45:00",29,"Snack ",25,4.6,21,"scooter ",1,"No ","Urban ","Windy","Jam ",0
"12/02/2022","18:50:00","19:05:00",30,"Drinks ",36,5,17,"motorcycle ",0,"No ","Urban ","Stormy","Medium ",1
"16/02/2022","19:40:00","19:55:00",27,"Buffet ",33,4.8,8,"motorcycle ",2,"No ","Metropolitian ","Stormy","Jam ",1
"27/03/2022","23:30:00","23:40:00",22,"Drinks ",34,4.9,22,"motorcycle ",0,"No ","Metropolitian ","Sunny","Low ",0
"26/03/2022","12:20:00","12:35:00",23,"Buffet ",35,4.7,23,"scooter ",2,"No ","Urban ","Sunny","High ",1
"26/03/2022","11:45:00","12:00:00",32,"Snack ",28,4.1,4,"scooter ",1,"No ","Metropolitian ","Cloudy","High ",0
"5/04/2022","10:00:00","10:15:00",14,"Meal ",26,4.9,22,"scooter ",2,"No ","Metropolitian ","Stormy","Low ",1
"28/03/2022","10:55:00","11:05:00",10,"Drinks ",31,4.7,23,"motorcycle ",1,"No ","Urban ","Sunny","Low ",0
"4/03/2022","17:25:00","17:35:00",48,"Meal ",35,4.8,16,"motorcycle ",0,"No ","Metropolitian ","Fog","Medium ",3
"4/03/2022","19:55:00","20:05:00",28,"Drinks ",23,4.7,9,"motorcycle ",0,"No ","Metropolitian ","Windy","Jam ",1
"6/04/2022","22:40:00","22:55:00",12,"Buffet ",27,4.6,16,"electric_scooter ",2,"No ","Metropolitian ","Sandstorms","Low ",0
"15/03/2022","10:20:00","10:35:00",15,"Drinks ",21,4.6,21,"scooter ",2,"No ","Metropolitian ","Windy","Low ",1
"16/02/2022","23:35:00","23:50:00",35,"Snack ",34,4.7,6,"motorcycle ",0,"No ","Metropolitian ","Fog","Low ",1
"30/03/2022","23:10:00","23:15:00",12,"Meal ",22,4.8,13,"scooter ",1,"No ","Metropolitian ","Sandstorms","Low ",1
"16/03/2022","23:25:00","23:40:00",18,"Buffet ",23,4.8,13,"motorcycle ",2,"No ","Metropolitian ","Stormy","Low ",1
"4/03/2022","18:00:00","18:10:00",29,"Snack ",24,4.8,19,"motorcycle ",0,"No ","Metropolitian ","Stormy","Medium ",1
"16/03/2022","19:35:00","19:45:00",22,"Snack ",23,4.6,17,"scooter ",2,"No ","Urban ","Sandstorms","Jam ",0
"3/03/2022","9:00:00","9:10:00",15,"Snack ",29,4.9,12,"motorcycle ",0,"No ","Metropolitian ","Stormy","Low ",1
"18/02/2022","17:40:00","17:50:00",38,"Drinks ",26,4.7,8,"motorcycle ",0,"No ","Metropolitian ","Sandstorms","Medium ",2
"18/03/2022","23:20:00","23:25:00",16,"Meal ",27,4.5,3,"motorcycle ",0,"No ","Metropolitian ","Sandstorms","Low ",0
"3/03/2022","21:55:00","22:00:00",27,"Buffet ",29,4.6,18,"scooter ",1,"No ","Metropolitian ","Fog","Jam ",1
"7/03/2022","14:50:00","15:00:00",34,"Snack ",37,4.7,22,"motorcycle ",2,"No ","Metropolitian ","Fog","High ",1
"28/03/2022","21:15:00","21:25:00",34,"Meal ",25,4,8,"electric_scooter ",2,"No ","Metropolitian ","Cloudy","Jam ",0
"27/03/2022","17:55:00","18:05:00",35,"Snack ",20,4.3,13,"motorcycle ",1,"No ","Metropolitian ","Fog","Medium ",1
"3/03/2022","20:10:00","20:15:00",25,"Snack ",31,4.8,23,"motorcycle ",1,"No ","Metropolitian ","Windy","Jam ",0
"7/03/2022","9:00:00","9:10:00",19,"Buffet ",23,4.7,19,"motorcycle ",1,"No ","Urban ","Windy","Low ",1
"5/03/2022","9:15:00","9:30:00",30,"Meal ",33,4.4,16,"motorcycle ",0,"No ","Metropolitian ","Sunny","Low ",1
"2/03/2022","20:50:00","20:55:00",35,"Meal ",29,4.8,15,"motorcycle ",1,"No ","Metropolitian ","Stormy","Jam ",1
"13/02/2022","21:40:00","21:50:00",27,"Snack ",24,4.8,3,"motorcycle ",1,"No ","Metropolitian ","Windy","Jam ",0
"11/03/2022","23:50:00","0:00:00",21,"Drinks ",29,4.1,3,"motorcycle ",0,"No ","Metropolitian ","Windy","Low ",0
"1/03/2022","11:15:00","11:20:00",41,"Meal ",38,4.2,13,"motorcycle ",0,"Yes ","Metropolitian ","Windy","High ",1
"31/03/2022","22:15:00","22:20:00",15,"Buffet ",20,4.9,19,"motorcycle ",0,"No ","Metropolitian ","Windy","Low ",1
"20/03/2022","19:00:00","19:15:00",24,"Buffet ",36,4.8,13,"motorcycle ",1,"No ","Metropolitian ","Windy","Medium ",0
"21/03/2022","18:35:00","18:45:00",16,"Meal ",35,4.7,12,"motorcycle ",1,"No ","Metropolitian ","Cloudy","Medium ",1
"14/03/2022","19:45:00","19:50:00",15,"Meal ",27,4.5,3,"scooter ",2,"No ","Urban ","Windy","Jam ",1
"2/03/2022","19:10:00","19:20:00",21,"Snack ",37,4.5,23,"motorcycle ",1,"No ","Metropolitian ","Sunny","Jam ",1
"1/04/2022","22:00:00","22:05:00",30,"Buffet ",25,4.7,15,"motorcycle ",1,"No ","Metropolitian ","Fog","Jam ",1
"18/02/2022","18:50:00","19:00:00",43,"Buffet ",21,4.6,2,"motorcycle ",0,"No ","Metropolitian ","Sandstorms","Medium ",1
"20/03/2022","20:45:00","20:50:00",45,"Drinks ",38,5,19,"motorcycle ",2,"No ","Urban ","Fog","Jam ",1
"28/03/2022","20:50:00","21:00:00",25,"Buffet ",36,4.6,13,"motorcycle ",1,"No ","Metropolitian ","Sandstorms","Jam ",1
"18/02/2022","19:30:00","19:40:00",46,"Snack ",37,4.8,18,"motorcycle ",0,"No ","Urban ","Cloudy","Jam ",0
"14/03/2022","21:40:00","21:55:00",37,"Drinks ",37,4,6,"scooter ",2,"No ","Metropolitian ","Cloudy","Jam ",2
"29/03/2022","19:25:00","19:30:00",42,"Meal ",26,4.2,3,"scooter ",1,"No ","Metropolitian ","Fog","Jam ",1
"14/02/2022","22:25:00","22:30:00",17,"Drinks ",31,4.9,8,"scooter ",2,"No ","Metropolitian ","Stormy","Low ",0
"21/03/2022","12:00:00","12:05:00",34,"Buffet ",37,4,7,"motorcycle ",0,"No ","Metropolitian ","Stormy","High ",2
"17/02/2022","18:10:00","18:20:00",22,"Drinks ",22,4.5,6,"motorcycle ",0,"No ","Urban ","Sunny","Medium ",1
"23/03/2022","17:55:00","18:10:00",21,"Snack ",23,4.7,9,"motorcycle ",1,"No ","Metropolitian ","Sandstorms","Medium ",1
"16/02/2022","17:15:00","17:30:00",37,"Snack ",22,4.8,3,"motorcycle ",0,"No ","Metropolitian ","Fog","Medium ",1
"23/03/2022","20:50:00","21:05:00",33,"Meal ",38,3.8,6,"motorcycle ",1,"No ","Urban ","Sandstorms","Jam ",1
"2/04/2022","18:55:00","19:00:00",27,"Snack ",20,5,19,"electric_scooter ",2,"No ","Metropolitian ","Windy","Medium ",1
"26/03/2022","17:40:00","17:55:00",21,"Meal ",21,4.8,14,"motorcycle ",0,"No ","Metropolitian ","Fog","Medium ",1
"3/03/2022","11:40:00","11:45:00",22,"Buffet ",38,4.8,23,"motorcycle ",1,"No ","Metropolitian ","Sunny","High ",0
"13/02/2022","10:45:00","10:55:00",16,"Drinks ",24,4.1,3,"motorcycle ",0,"No ","Urban ","Sandstorms","Low ",0
"19/03/2022","10:35:00","10:45:00",18,"Buffet ",25,4.9,3,"motorcycle ",2,"No ","Metropolitian ","Sandstorms","Low ",1
"2/04/2022","18:15:00","18:20:00",34,"Snack ",32,4.1,7,"motorcycle ",0,"No ","Metropolitian ","Sunny","Medium ",1
"6/03/2022","23:50:00","0:00:00",25,"Snack ",31,4.6,17,"motorcycle ",1,"No ","Metropolitian ","Windy","Low ",1
"27/03/2022","19:30:00","19:40:00",35,"Buffet ",36,4.3,4,"motorcycle ",1,"No ","Metropolitian ","Cloudy","Jam ",1
"19/03/2022","10:25:00","10:30:00",16,"Drinks ",37,4.7,22,"scooter ",2,"No ","Metropolitian ","Fog","Low ",0
"3/03/2022","23:00:00","23:15:00",25,"Meal ",36,4.7,13,"motorcycle ",0,"No ","Metropolitian ","Sunny","Low ",1
"15/02/2022","17:00:00","17:15:00",17,"Buffet ",39,4.8,21,"scooter ",1,"No ","Urban ","Fog","Medium ",0
"11/02/2022","19:30:00","19:40:00",48,"Meal ",29,4.4,5,"motorcycle ",0,"No ","Urban ","Sunny","Jam ",3
"9/03/2022","11:55:00","12:10:00",26,"Snack ",37,4.9,9,"scooter ",2,"No ","Metropolitian ","Sandstorms","High ",0
"13/03/2022","8:40:00","8:55:00",14,"Snack ",22,4.6,17,"electric_scooter ",2,"No ","Urban ","Stormy","Low ",1
"8/03/2022","20:40:00","20:55:00",20,"Snack ",26,4.6,23,"scooter ",2,"No ","Metropolitian ","Sunny","Jam ",1
"17/03/2022","18:50:00","19:00:00",22,"Snack ",23,4.5,6,"motorcycle ",1,"No ","Urban ","Windy","Medium ",1
"28/03/2022","10:20:00","10:25:00",23,"Buffet ",33,4.7,9,"motorcycle ",2,"No ","Metropolitian ","Windy","Low ",1
"15/03/2022","20:00:00","20:10:00",33,"Snack ",25,4.6,14,"motorcycle ",0,"No ","Metropolitian ","Sandstorms","Jam ",1
"16/02/2022","19:10:00","19:20:00",34,"Meal ",34,3.7,6,"motorcycle ",2,"No ","Urban ","Sunny","Jam ",1
"17/03/2022","8:40:00","8:50:00",19,"Snack ",21,5,23,"motorcycle ",0,"No ","Metropolitian ","Sunny","Low ",1
"5/03/2022","18:00:00","18:05:00",20,"Snack ",25,4.8,21,"scooter ",2,"No ","Metropolitian ","Sandstorms","Medium ",0
"28/03/2022","10:25:00","10:30:00",28,"Drinks ",25,4.1,17,"motorcycle ",0,"No ","Metropolitian ","Stormy","Low ",1
"6/04/2022","21:35:00","21:45:00",36,"Drinks ",20,4.7,18,"motorcycle ",1,"No ","Metropolitian ","Cloudy","Jam ",1
"1/03/2022","11:20:00","11:25:00",12,"Snack ",26,4.5,9,"motorcycle ",2,"No ","Metropolitian ","Stormy","High ",1
"17/03/2022","22:10:00","22:25:00",10,"Drinks ",20,4.9,19,"motorcycle ",1,"No ","Urban ","Fog","Low ",1
"26/03/2022","10:40:00","10:55:00",23,"Buffet ",25,4.6,23,"motorcycle ",0,"No ","Metropolitian ","Cloudy","Low ",1
"19/03/2022","22:20:00","22:30:00",12,"Drinks ",29,4.8,18,"scooter ",1,"No ","Metropolitian ","Sandstorms","Low ",0
"3/03/2022","16:55:00","17:10:00",16,"Drinks ",31,5,16,"scooter ",2,"No ","Metropolitian ","Sunny","Medium ",1
"8/03/2022","19:15:00","19:25:00",27,"Snack ",24,5,22,"motorcycle ",0,"No ","Metropolitian ","Sunny","Jam ",0
"15/02/2022","23:30:00","23:35:00",21,"Snack ",21,4.8,8,"motorcycle ",0,"No ","Metropolitian ","Fog","Low ",1
"4/03/2022","17:45:00","18:00:00",25,"Snack ",34,4.5,3,"scooter ",1,"No ","Urban ","Stormy","Medium ",0
"5/04/2022","11:55:00","12:10:00",14,"Drinks ",26,4.7,16,"scooter ",2,"No ","Urban ","Sandstorms","High ",1
"5/04/2022","8:45:00","8:50:00",18,"Buffet ",34,4.8,19,"electric_scooter ",2,"No ","Metropolitian ","Cloudy","Low ",1
"17/03/2022","10:20:00","10:30:00",18,"Drinks ",36,4.8,3,"scooter ",1,"No ","Metropolitian ","Fog","Low ",0
"11/03/2022","12:50:00","13:05:00",25,"Buffet ",38,5,16,"motorcycle ",0,"No ","Urban ","Cloudy","High ",1
"4/04/2022","0:00:00","0:05:00",23,"Drinks ",32,4.8,23,"electric_scooter ",2,"No ","Metropolitian ","Sandstorms","Low ",1
"13/02/2022","15:25:00","15:35:00",16,"Drinks ",34,4.7,8,"motorcycle ",1,"No ","Metropolitian ","Stormy","Medium ",1
"5/04/2022","11:15:00","11:30:00",18,"Snack ",20,4.9,15,"motorcycle ",2,"No ","Metropolitian ","Stormy","High ",0
"13/02/2022","23:40:00","23:50:00",21,"Buffet ",31,4.4,9,"motorcycle ",0,"No ","Metropolitian ","Windy","Low ",1
"5/03/2022","9:20:00","9:30:00",31,"Snack ",37,4.1,6,"motorcycle ",0,"No ","Metropolitian ","Stormy","Low ",1
"29/03/2022","19:30:00","19:45:00",51,"Meal ",37,4.5,7,"motorcycle ",0,"No ","Metropolitian ","Fog","Jam ",2
"17/02/2022","17:20:00","17:25:00",15,"Meal ",33,4.6,23,"electric_scooter ",2,"No ","Urban ","Fog","Medium ",1
"11/02/2022","18:20:00","18:25:00",20,"Drinks ",28,4.5,2,"motorcycle ",0,"No ","Urban ","Cloudy","Medium ",1
"5/03/2022","8:10:00","8:25:00",14,"Meal ",23,4.6,17,"scooter ",1,"No ","Urban ","Stormy","Low ",1
"2/04/2022","23:40:00","23:50:00",34,"Buffet ",35,4.4,13,"scooter ",1,"No ","Metropolitian ","Cloudy","Low ",0
"1/04/2022","17:10:00","17:15:00",18,"Buffet ",32,4.8,23,"electric_scooter ",2,"No ","Metropolitian ","Sunny","Medium ",1
"14/02/2022","22:55:00","23:05:00",24,"Snack ",23,4.6,8,"scooter ",1,"No ","Metropolitian ","Stormy","Low ",1
"3/03/2022","9:35:00","9:50:00",18,"Snack ",28,4.8,13,"scooter ",1,"No ","Metropolitian ","Windy","Low ",1
"13/02/2022","11:45:00","11:55:00",35,"Buffet ",30,4.4,6,"motorcycle ",0,"No ","Metropolitian ","Sandstorms","High ",1
"1/03/2022","10:50:00","11:05:00",32,"Meal ",34,4.3,18,"motorcycle ",0,"No ","Metropolitian ","Sandstorms","Low ",0
"13/03/2022","18:45:00","18:50:00",33,"Buffet ",34,4,11,"motorcycle ",0,"No ","Metropolitian ","Fog","Medium ",1
"17/03/2022","16:45:00","16:50:00",26,"Buffet ",36,4.7,13,"motorcycle ",0,"No ","Metropolitian ","Windy","Medium ",1
"14/02/2022","17:25:00","17:35:00",35,"Meal ",33,4.8,9,"motorcycle ",0,"No ","Metropolitian ","Sandstorms","Medium ",1
"5/04/2022","8:15:00","8:25:00",29,"Snack ",30,4.3,6,"motorcycle ",0,"No ","Metropolitian ","Windy","Low ",1
"21/03/2022","8:15:00","8:25:00",14,"Buffet ",25,4.9,13,"motorcycle ",1,"No ","Metropolitian ","Cloudy","Low ",0
"28/03/2022","8:35:00","8:45:00",23,"Snack ",22,4.6,23,"motorcycle ",0,"No ","Metropolitian ","Fog","Low ",1
"6/04/2022","23:15:00","23:30:00",22,"Drinks ",35,4.9,17,"motorcycle ",0,"No ","Metropolitian ","Stormy","Low ",1
"3/03/2022","18:35:00","18:40:00",13,"Meal ",24,4.8,21,"scooter ",2,"No ","Metropolitian ","Sunny","Medium ",0
"14/03/2022","22:45:00","23:00:00",15,"Snack ",38,4.9,19,"scooter ",2,"No ","Urban ","Stormy","Low ",0
"18/03/2022","20:10:00","20:25:00",17,"Snack ",36,5,4,"motorcycle ",1,"No ","Metropolitian ","Sunny","Jam ",0
"11/02/2022","22:40:00","22:45:00",27,"Snack ",32,4.8,21,"scooter ",2,"No ","Urban ","Windy","Low ",1
"17/03/2022","17:35:00","17:50:00",24,"Drinks ",25,4.7,22,"scooter ",1,"No ","Urban ","Stormy","Medium ",1
"3/03/2022","19:50:00","20:00:00",27,"Meal ",26,4.8,16,"scooter ",2,"No ","Metropolitian ","Fog","Jam ",1
"4/03/2022","18:30:00","18:45:00",38,"Snack ",27,4,2,"motorcycle ",1,"No ","Metropolitian ","Stormy","Medium ",1
"5/03/2022","21:55:00","22:00:00",23,"Drinks ",28,4.7,18,"scooter ",2,"No ","Metropolitian ","Sunny","Jam ",1
"13/03/2022","19:50:00","20:05:00",31,"Drinks ",35,5,13,"motorcycle ",2,"No ","Metropolitian ","Sandstorms","Jam ",1
"12/03/2022","20:45:00","21:00:00",47,"Buffet ",35,4.6,13,"motorcycle ",0,"Yes ","Metropolitian ","Sandstorms","Jam ",1
"3/03/2022","22:55:00","23:05:00",22,"Snack ",34,4.7,14,"motorcycle ",0,"No ","Metropolitian ","Sunny","Low ",0
"4/03/2022","21:30:00","21:45:00",42,"Meal ",35,4,3,"motorcycle ",0,"No ","Urban ","Stormy","Jam ",1
"2/04/2022","23:30:00","23:40:00",24,"Meal ",35,4.8,18,"scooter ",2,"No ","Urban ","Windy","Low ",1
"17/03/2022","8:20:00","8:25:00",21,"Drinks ",36,4.1,13,"motorcycle ",0,"No ","Metropolitian ","Windy","Low ",0
"3/03/2022","8:45:00","8:50:00",25,"Drinks ",30,4.7,14,"scooter ",2,"No ","Metropolitian ","Sandstorms","Low ",1
"16/03/2022","18:25:00","18:30:00",24,"Buffet ",27,4.9,23,"motorcycle ",2,"No ","Metropolitian ","Sandstorms","Medium ",0
"6/03/2022","22:30:00","22:45:00",31,"Meal ",29,2.8,2,"scooter ",2,"No ","Metropolitian ","Sunny","Low ",1
"11/03/2022","19:50:00","20:05:00",29,"Drinks ",34,4.7,16,"motorcycle ",0,"No ","Metropolitian ","Sunny","Jam ",1
"17/02/2022","10:15:00","10:30:00",17,"Drinks ",28,4.6,8,"motorcycle ",0,"No ","Metropolitian ","Fog","Low ",0
"25/03/2022","19:35:00","19:45:00",44,"Drinks ",36,5,11,"motorcycle ",2,"No ","Metropolitian ","Cloudy","Jam ",3
"4/03/2022","21:15:00","21:30:00",22,"Buffet ",22,4.6,19,"scooter ",2,"No ","Metropolitian ","Windy","Jam ",1
"9/03/2022","0:00:00","0:05:00",19,"Snack ",26,4.9,12,"motorcycle ",0,"No ","Metropolitian ","Fog","Low ",1
"3/03/2022","10:00:00","10:05:00",21,"Buffet ",38,4.5,23,"motorcycle ",0,"No ","Metropolitian ","Stormy","Low ",0
"2/04/2022","18:40:00","18:50:00",23,"Buffet ",20,4.6,19,"motorcycle ",0,"No ","Metropolitian ","Stormy","Medium ",1
"7/03/2022","20:45:00","20:50:00",22,"Snack ",37,4.7,21,"motorcycle ",1,"No ","Urban ","Stormy","Jam ",1
"31/03/2022","22:50:00","23:05:00",24,"Snack ",25,5,22,"motorcycle ",0,"No ","Metropolitian ","Sandstorms","Low ",1
"26/03/2022","23:40:00","23:50:00",23,"Snack ",22,4.7,17,"motorcycle ",0,"No ","Urban ","Cloudy","Low ",1
"13/03/2022","21:55:00","22:10:00",18,"Snack ",22,4.9,13,"motorcycle ",1,"No ","Metropolitian ","Sunny","Jam ",1
"3/04/2022","8:20:00","8:30:00",18,"Buffet ",20,4.7,22,"scooter ",1,"No ","Urban ","Windy","Low ",1
"2/04/2022","19:45:00","19:50:00",29,"Meal ",23,4.6,11,"motorcycle ",0,"No ","Metropolitian ","Sandstorms","Jam ",0
"9/03/2022","17:35:00","17:50:00",22,"Drinks ",27,4.9,13,"scooter ",2,"No ","Metropolitian ","Stormy","Medium ",0
"16/02/2022","21:45:00","22:00:00",14,"Drinks ",23,4.7,9,"motorcycle ",1,"No ","Metropolitian ","Sunny","Jam ",0
"9/03/2022","22:45:00","22:50:00",16,"Meal ",26,4.8,12,"motorcycle ",1,"No ","Metropolitian ","Fog","Low ",1
"29/03/2022","23:35:00","23:45:00",23,"Meal ",24,5,22,"motorcycle ",0,"No ","Metropolitian ","Stormy","Low ",1
"1/03/2022","17:40:00","17:50:00",25,"Meal ",33,5,13,"motorcycle ",0,"No ","Metropolitian ","Stormy","Medium ",0
"4/03/2022","17:55:00","18:10:00",32,"Snack ",24,4.8,15,"motorcycle ",0,"No ","Metropolitian ","Sandstorms","Medium ",1
"11/02/2022","18:55:00","19:05:00",18,"Buffet ",27,4.5,9,"scooter ",2,"No ","Metropolitian ","Sunny","Medium ",1
"6/03/2022","20:45:00","20:50:00",41,"Drinks ",22,4.3,21,"motorcycle ",2,"No ","Metropolitian ","Fog","Jam ",1
"25/03/2022","17:50:00","18:05:00",20,"Buffet ",23,4.5,6,"motorcycle ",0,"No ","Urban ","Sandstorms","Medium ",1
"2/04/2022","17:55:00","18:00:00",15,"Meal ",26,4.5,18,"scooter ",1,"No ","Urban ","Sunny","Medium ",1
"3/03/2022","18:15:00","18:20:00",11,"Drinks ",25,4.9,23,"scooter ",2,"No ","Metropolitian ","Fog","Medium ",0
"5/04/2022","9:10:00","9:15:00",17,"Snack ",38,5,22,"motorcycle ",1,"No ","Urban ","Cloudy","Low ",0
"21/03/2022","14:25:00","14:35:00",32,"Meal ",29,4,3,"scooter ",2,"No ","Metropolitian ","Cloudy","High ",0
"26/03/2022","20:15:00","20:30:00",33,"Buffet ",31,4.9,2,"motorcycle ",1,"No ","Metropolitian ","Stormy","Jam ",1
"17/03/2022","21:20:00","21:30:00",22,"Drinks ",22,4.7,3,"scooter ",2,"No ","Metropolitian ","Fog","Jam ",0
"1/03/2022","22:55:00","23:10:00",18,"Meal ",21,4.3,4,"motorcycle ",0,"No ","Urban ","Sandstorms","Low ",1
"13/03/2022","11:25:00","11:35:00",21,"Buffet ",24,4.9,23,"scooter ",2,"No ","Urban ","Windy","High ",1
"17/03/2022","8:35:00","8:45:00",18,"Drinks ",27,4.8,15,"motorcycle ",1,"No ","Urban ","Stormy","Low ",1
"5/03/2022","19:40:00","19:45:00",20,"Snack ",22,4.9,16,"motorcycle ",1,"No ","Metropolitian ","Fog","Jam ",0
"25/03/2022","18:40:00","18:50:00",35,"Snack ",38,4.8,23,"motorcycle ",0,"No ","Urban ","Cloudy","Medium ",0
"18/03/2022","0:00:00","0:05:00",17,"Snack ",29,4.8,3,"motorcycle ",2,"No ","Metropolitian ","Windy","Low ",1
"10/03/2022","23:50:00","0:05:00",19,"Buffet ",25,4.9,15,"motorcycle ",0,"No ","Urban ","Stormy","Low ",0
"14/03/2022","18:00:00","18:05:00",15,"Drinks ",26,4.7,17,"motorcycle ",0,"No ","Urban ","Sunny","Medium ",1
"31/03/2022","18:35:00","18:40:00",18,"Drinks ",27,4.8,13,"electric_scooter ",2,"No ","Metropolitian ","Stormy","Medium ",0
"14/03/2022","19:00:00","19:05:00",28,"Buffet ",29,4.9,16,"motorcycle ",0,"No ","Metropolitian ","Windy","Medium ",1
"6/03/2022","0:00:00","0:10:00",31,"Buffet ",31,4.3,6,"scooter ",1,"No ","Urban ","Sandstorms","Low ",1
"21/03/2022","11:00:00","11:05:00",25,"Drinks ",37,4.2,15,"motorcycle ",0,"No ","Metropolitian ","Stormy","Low ",1
"8/03/2022","19:15:00","19:20:00",43,"Snack ",32,4,4,"motorcycle ",2,"Yes ","Urban ","Stormy","Jam ",1
"11/03/2022","19:50:00","19:55:00",26,"Meal ",20,4.7,23,"motorcycle ",0,"No ","Metropolitian ","Fog","Jam ",1
"2/03/2022","18:00:00","18:10:00",28,"Drinks ",28,4.6,9,"motorcycle ",0,"No ","Metropolitian ","Windy","Medium ",1
"17/03/2022","21:45:00","22:00:00",13,"Buffet ",26,4.9,6,"electric_scooter ",2,"No ","Metropolitian ","Windy","Jam ",0
"13/02/2022","15:00:00","15:10:00",28,"Buffet ",33,4.8,4,"electric_scooter ",2,"No ","Metropolitian ","Sandstorms","High ",1
"16/02/2022","20:20:00","20:25:00",16,"Snack ",25,4.5,7,"motorcycle ",1,"No ","Metropolitian ","Sunny","Jam ",1
"24/03/2022","20:00:00","20:10:00",23,"Snack ",29,5,18,"scooter ",2,"No ","Urban ","Fog","Jam ",1
"3/03/2022","10:45:00","10:55:00",16,"Buffet ",24,4.5,22,"scooter ",2,"No ","Metropolitian ","Fog","Low ",0
"13/03/2022","9:25:00","9:40:00",15,"Buffet ",26,4.6,14,"scooter ",1,"No ","Metropolitian ","Cloudy","Low ",0
"7/03/2022","21:20:00","21:25:00",16,"Buffet ",35,4.6,17,"scooter ",2,"No ","Metropolitian ","Sunny","Jam ",0
"1/04/2022","12:35:00","12:40:00",29,"Buffet ",32,4.9,13,"scooter ",1,"No ","Metropolitian ","Sandstorms","High ",1
"16/03/2022","18:45:00","18:50:00",47,"Meal ",31,4.7,12,"motorcycle ",0,"No ","Metropolitian ","Windy","Medium ",1
"8/03/2022","20:25:00","20:30:00",29,"Snack ",35,4.7,15,"motorcycle ",0,"No ","Metropolitian ","Sunny","Jam ",1
"16/02/2022","20:35:00","20:40:00",28,"Snack ",26,4.9,6,"scooter ",2,"No ","Metropolitian ","Windy","Jam ",1
"16/02/2022","18:40:00","18:55:00",29,"Drinks ",29,4.9,3,"scooter ",1,"No ","Metropolitian ","Stormy","Medium ",1
"17/03/2022","10:35:00","10:45:00",10,"Drinks ",27,4.7,22,"motorcycle ",2,"No ","Metropolitian ","Windy","Low ",1
"9/03/2022","0:00:00","0:15:00",10,"Drinks ",33,4.7,21,"scooter ",2,"No ","Metropolitian ","Sunny","Low ",0
"3/03/2022","20:40:00","20:50:00",25,"Snack ",20,4.7,21,"motorcycle ",0,"No ","Metropolitian ","Sandstorms","Jam ",1
"1/04/2022","21:40:00","21:45:00",24,"Buffet ",28,4.7,22,"motorcycle ",1,"No ","Urban ","Stormy","Jam ",0
"12/02/2022","23:55:00","0:05:00",18,"Drinks ",25,4.5,4,"motorcycle ",1,"No ","Urban ","Windy","Low ",1
"13/02/2022","21:50:00","22:00:00",25,"Meal ",24,4.6,3,"motorcycle ",1,"No ","Metropolitian ","Windy","Jam ",0
"8/03/2022","23:40:00","23:45:00",20,"Drinks ",23,4.5,1,"motorcycle ",0,"No ","Urban ","Stormy","Low ",0
"8/03/2022","21:35:00","21:50:00",25,"Snack ",35,4.8,9,"motorcycle ",0,"No ","Metropolitian ","Sunny","Jam ",0
"8/03/2022","19:10:00","19:20:00",39,"Buffet ",35,4.1,3,"scooter ",1,"No ","Metropolitian ","Sandstorms","Jam ",1
"2/03/2022","17:45:00","18:00:00",15,"Drinks ",21,4.7,17,"motorcycle ",1,"No ","Urban ","Sandstorms","Medium ",1
"19/03/2022","13:55:00","14:00:00",34,"Meal ",24,4.9,13,"motorcycle ",0,"No ","Metropolitian ","Sandstorms","High ",1
"29/03/2022","20:20:00","20:35:00",37,"Buffet ",26,4.9,3,"motorcycle ",0,"No ","Metropolitian ","Fog","Jam ",1
"20/03/2022","23:25:00","23:40:00",29,"Buffet ",31,5,2,"motorcycle ",0,"No ","Metropolitian ","Windy","Low ",1
"11/02/2022","19:25:00","19:30:00",28,"Meal ",32,4.9,4,"motorcycle ",0,"No ","Metropolitian ","Fog","Jam ",1
"17/02/2022","8:15:00","8:25:00",23,"Snack ",25,4.8,9,"motorcycle ",1,"No ","Metropolitian ","Sunny","Low ",1
"21/03/2022","20:55:00","21:00:00",37,"Drinks ",30,4.4,9,"scooter ",2,"No ","Metropolitian ","Cloudy","Jam ",1
"13/03/2022","11:30:00","11:45:00",26,"Buffet ",20,5,16,"scooter ",1,"No ","Metropolitian ","Fog","High ",1
"17/03/2022","23:00:00","23:05:00",15,"Meal ",21,4.9,16,"scooter ",1,"No ","Urban ","Cloudy","Low ",0
"8/03/2022","20:35:00","20:40:00",40,"Meal ",26,4.9,15,"scooter ",2,"No ","Urban ","Stormy","Jam ",1
"10/03/2022","22:00:00","22:05:00",38,"Drinks ",22,4.7,13,"motorcycle ",0,"No ","Metropolitian ","Sandstorms","Jam ",0
"30/03/2022","20:20:00","20:30:00",29,"Meal ",24,4.9,1,"motorcycle ",1,"No ","Metropolitian ","Sandstorms","Jam ",1
"2/04/2022","18:55:00","19:00:00",27,"Snack ",20,5,19,"electric_scooter ",2,"No ","Metropolitian ","Windy","Medium ",1
"16/03/2022","19:00:00","19:10:00",17,"Drinks ",27,4.9,18,"motorcycle ",1,"No ","Metropolitian ","Sunny","Medium ",0
"3/04/2022","8:20:00","8:35:00",10,"Meal ",21,5,9,"scooter ",1,"No ","Metropolitian ","Sandstorms","Low ",0
"28/03/2022","20:50:00","20:55:00",28,"Meal ",32,4.8,16,"scooter ",2,"No ","Metropolitian ","Fog","Jam ",1
"15/02/2022","22:20:00","22:35:00",26,"Snack ",29,4.4,4,"motorcycle ",0,"No ","Metropolitian ","Sandstorms","Low ",1
"11/03/2022","14:25:00","14:30:00",47,"Meal ",28,4.1,8,"motorcycle ",0,"Yes ","Metropolitian ","Sunny","High ",1
"6/04/2022","17:40:00","17:55:00",25,"Buffet ",29,4.6,19,"scooter ",1,"No ","Urban ","Fog","Medium ",1
"2/04/2022","18:55:00","19:00:00",35,"Snack ",34,4.5,3,"motorcycle ",0,"No ","Metropolitian ","Cloudy","Medium ",0
"27/03/2022","19:20:00","19:35:00",25,"Buffet ",39,4.7,22,"scooter ",2,"No ","Metropolitian ","Sandstorms","Jam ",1
"11/03/2022","11:10:00","11:15:00",34,"Drinks ",30,4,13,"scooter ",1,"No ","Metropolitian ","Cloudy","High ",1
"16/02/2022","20:40:00","20:55:00",35,"Snack ",32,4.7,7,"scooter ",1,"No ","Metropolitian ","Stormy","Jam ",1
"19/03/2022","22:10:00","22:15:00",24,"Meal ",38,4.8,9,"motorcycle ",0,"No ","Metropolitian ","Sunny","Low ",1
"8/03/2022","20:30:00","20:40:00",40,"Drinks ",36,3.7,8,"scooter ",1,"No ","Metropolitian ","Sandstorms","Jam ",1
"24/03/2022","9:10:00","9:25:00",22,"Buffet ",32,4.6,23,"electric_scooter ",2,"No ","Metropolitian ","Windy","Low ",1
"29/03/2022","23:50:00","0:00:00",21,"Buffet ",27,4.5,19,"motorcycle ",1,"No ","Metropolitian ","Cloudy","Low ",1
"1/04/2022","10:30:00","10:45:00",23,"Drinks ",32,4.6,18,"motorcycle ",0,"No ","Urban ","Sunny","Low ",0
"1/04/2022","17:20:00","17:25:00",39,"Drinks ",39,4.1,13,"motorcycle ",0,"No ","Metropolitian ","Windy","Medium ",1
"20/03/2022","21:55:00","22:05:00",32,"Meal ",33,4.7,2,"motorcycle ",0,"No ","Metropolitian ","Sunny","Jam ",1
"21/03/2022","8:15:00","8:30:00",25,"Meal ",35,4.6,16,"scooter ",1,"No ","Metropolitian ","Windy","Low ",0
"12/03/2022","18:35:00","18:40:00",36,"Snack ",34,4.7,19,"motorcycle ",0,"No ","Metropolitian ","Cloudy","Medium ",1
"8/03/2022","20:20:00","20:30:00",43,"Drinks ",35,4.9,17,"motorcycle ",0,"No ","Metropolitian ","Stormy","Jam ",0
"3/04/2022","8:40:00","8:45:00",22,"Buffet ",39,5,23,"scooter ",1,"No ","Metropolitian ","Windy","Low ",1
"17/02/2022","11:20:00","11:35:00",36,"Snack ",33,4.9,7,"motorcycle ",0,"No ","Metropolitian ","Fog","High ",1
"5/03/2022","17:20:00","17:30:00",27,"Drinks ",21,4.9,9,"scooter ",1,"No ","Metropolitian ","Windy","Medium ",0
"9/03/2022","10:30:00","10:35:00",24,"Snack ",31,4.6,17,"motorcycle ",2,"No ","Metropolitian ","Sandstorms","Low ",1
"6/04/2022","21:45:00","21:55:00",19,"Snack ",25,4.9,16,"motorcycle ",1,"No ","Metropolitian ","Stormy","Jam ",0
"10/03/2022","20:40:00","20:55:00",47,"Snack ",22,4.5,23,"motorcycle ",0,"No ","Metropolitian ","Fog","Jam ",1
"11/03/2022","10:45:00","10:50:00",15,"Buffet ",32,4.6,21,"motorcycle ",2,"No ","Urban ","Fog","Low ",1
"18/03/2022","17:30:00","17:35:00",24,"Buffet ",36,4.9,16,"scooter ",1,"No ","Urban ","Stormy","Medium ",1
"6/04/2022","0:00:00","0:05:00",39,"Meal ",30,4.4,3,"motorcycle ",1,"No ","Metropolitian ","Fog","Low ",2
"2/04/2022","18:45:00","18:50:00",22,"Meal ",29,4.9,21,"scooter ",2,"No ","Metropolitian ","Windy","Medium ",1
"30/03/2022","18:25:00","18:40:00",17,"Buffet ",22,4.7,3,"scooter ",2,"No ","Urban ","Fog","Medium ",1
"3/04/2022","19:00:00","19:15:00",30,"Buffet ",39,4.7,5,"motorcycle ",0,"No ","Metropolitian ","Cloudy","Medium ",1
"15/03/2022","10:45:00","10:50:00",26,"Meal ",33,4.5,23,"motorcycle ",0,"No ","Metropolitian ","Stormy","Low ",1
"7/03/2022","12:50:00","13:05:00",18,"Drinks ",20,4.6,13,"scooter ",1,"No ","Metropolitian ","Sunny","High ",0
"2/03/2022","18:10:00","18:20:00",35,"Meal ",35,3.8,4,"motorcycle ",1,"No ","Metropolitian ","Stormy","Medium ",1
"18/03/2022","21:25:00","21:30:00",37,"Drinks ",27,4.2,16,"motorcycle ",0,"No ","Metropolitian ","Sandstorms","Jam ",1
"9/03/2022","16:10:00","16:15:00",21,"Snack ",27,4.7,16,"motorcycle ",0,"No ","Metropolitian ","Sunny","Medium ",0
"3/04/2022","21:40:00","21:45:00",26,"Drinks ",39,4.7,18,"scooter ",2,"No ","Metropolitian ","Sandstorms","Jam ",0
"11/03/2022","10:20:00","10:35:00",24,"Buffet ",24,4.8,22,"motorcycle ",1,"No ","Metropolitian ","Sunny","Low ",0
"18/03/2022","17:50:00","17:55:00",37,"Drinks ",20,4.4,21,"scooter ",2,"No ","Metropolitian ","Fog","Medium ",1
"2/04/2022","17:55:00","18:10:00",39,"Drinks ",36,3.6,13,"scooter ",2,"No ","Metropolitian ","Windy","Medium ",1
"6/04/2022","20:20:00","20:25:00",26,"Buffet ",35,4.7,21,"motorcycle ",1,"No ","Urban ","Sandstorms","Jam ",1
"1/04/2022","10:55:00","11:05:00",11,"Snack ",25,4.6,19,"scooter ",1,"No ","Metropolitian ","Cloudy","Low ",1
"12/02/2022","18:35:00","18:40:00",21,"Buffet ",29,4.7,8,"motorcycle ",0,"No ","Metropolitian ","Sunny","Medium ",0
"24/03/2022","19:00:00","19:05:00",20,"Snack ",24,4.8,19,"motorcycle ",0,"No ","Metropolitian ","Fog","Medium ",1
"9/03/2022","17:10:00","17:15:00",17,"Meal ",23,4.8,17,"scooter ",2,"No ","Metropolitian ","Cloudy","Medium ",0
"26/03/2022","8:25:00","8:30:00",16,"Buffet ",30,4.9,19,"scooter ",1,"No ","Urban ","Fog","Low ",0
"19/03/2022","20:10:00","20:15:00",22,"Snack ",21,4.7,8,"scooter ",2,"No ","Metropolitian ","Windy","Jam ",1
"24/03/2022","17:50:00","18:00:00",17,"Drinks ",32,4.8,15,"scooter ",2,"No ","Urban ","Cloudy","Medium ",1
"23/03/2022","17:45:00","17:55:00",16,"Meal ",25,4.6,18,"motorcycle ",2,"No ","Metropolitian ","Windy","Medium ",0
"13/03/2022","20:15:00","20:20:00",29,"Meal ",33,4.7,14,"electric_scooter ",2,"No ","Metropolitian ","Cloudy","Jam ",0
"14/02/2022","22:45:00","23:00:00",27,"Snack ",39,4.6,4,"motorcycle ",1,"No ","Metropolitian ","Sunny","Low ",1
"16/02/2022","21:25:00","21:30:00",44,"Meal ",24,4.7,2,"motorcycle ",1,"No ","Metropolitian ","Fog","Jam ",0
"11/03/2022","15:00:00","15:10:00",25,"Buffet ",30,4.7,9,"scooter ",1,"No ","Metropolitian ","Sandstorms","High ",1
"7/03/2022","17:10:00","17:20:00",24,"Meal ",25,4.7,23,"motorcycle ",0,"No ","Metropolitian ","Stormy","Medium ",1
"3/03/2022","14:35:00","14:45:00",23,"Snack ",37,4.9,18,"motorcycle ",2,"No ","Metropolitian ","Sunny","High ",0
"14/03/2022","18:20:00","18:35:00",16,"Snack ",28,4.6,12,"scooter ",1,"No ","Metropolitian ","Sandstorms","Medium ",0
"16/02/2022","21:15:00","21:25:00",30,"Buffet ",36,4.6,3,"scooter ",1,"No ","Metropolitian ","Sunny","Jam ",0
"25/03/2022","19:15:00","19:30:00",34,"Meal ",34,4.6,16,"motorcycle ",0,"No ","Urban ","Sunny","Jam ",1
"12/03/2022","20:15:00","20:25:00",10,"Snack ",21,5,21,"motorcycle ",1,"No ","Metropolitian ","Sunny","Jam ",0
"5/03/2022","20:15:00","20:30:00",29,"Drinks ",31,4.9,22,"motorcycle ",1,"No ","Metropolitian ","Stormy","Jam ",1
"17/03/2022","21:55:00","22:05:00",28,"Buffet ",30,4.6,1,"scooter ",1,"No ","Metropolitian ","Stormy","Jam ",0
"27/03/2022","21:35:00","21:50:00",48,"Meal ",22,4.7,6,"motorcycle ",0,"No ","Metropolitian ","Cloudy","Jam ",0
"14/02/2022","19:50:00","19:55:00",36,"Buffet ",39,5,4,"scooter ",1,"No ","Metropolitian ","Stormy","Jam ",1
"2/04/2022","22:25:00","22:30:00",26,"Snack ",23,4.6,22,"scooter ",2,"No ","Metropolitian ","Sunny","Low ",0
"17/03/2022","16:40:00","16:45:00",21,"Buffet ",20,5,18,"scooter ",2,"No ","Metropolitian ","Sandstorms","Medium ",1
"24/03/2022","11:15:00","11:30:00",27,"Snack ",34,4.7,23,"motorcycle ",1,"No ","Metropolitian ","Stormy","High ",1
"13/02/2022","14:10:00","14:20:00",16,"Snack ",21,4.8,6,"motorcycle ",1,"No ","Metropolitian ","Sunny","High ",0
"2/03/2022","19:15:00","19:25:00",29,"Snack ",23,4.7,14,"scooter ",2,"No ","Metropolitian ","Windy","Jam ",1
"11/02/2022","9:50:00","9:55:00",23,"Meal ",32,4.2,5,"motorcycle ",0,"No ","Metropolitian ","Stormy","Low ",0
"9/03/2022","19:40:00","19:45:00",31,"Buffet ",39,5,19,"motorcycle ",0,"No ","Metropolitian ","Cloudy","Jam ",1
"28/03/2022","23:30:00","23:40:00",12,"Meal ",21,4.6,13,"motorcycle ",2,"No ","Metropolitian ","Fog","Low ",0
"23/03/2022","21:00:00","21:15:00",32,"Snack ",35,4.1,5,"scooter ",2,"No ","Metropolitian ","Sandstorms","Jam ",0
"7/03/2022","10:20:00","10:25:00",23,"Buffet ",30,4.3,19,"motorcycle ",0,"No ","Metropolitian ","Sandstorms","Low ",1
"7/03/2022","23:20:00","23:25:00",24,"Drinks ",22,4.2,13,"motorcycle ",0,"No ","Metropolitian ","Sandstorms","Low ",1
"31/03/2022","18:50:00","19:00:00",26,"Buffet ",30,4.9,15,"motorcycle ",1,"No ","Metropolitian ","Stormy","Medium ",1
"26/03/2022","21:55:00","22:00:00",25,"Snack ",30,4.9,14,"motorcycle ",0,"No ","Metropolitian ","Sunny","Jam ",1
"2/04/2022","20:20:00","20:35:00",26,"Buffet ",32,4.8,15,"motorcycle ",0,"No ","Urban ","Sunny","Jam ",1
"9/03/2022","17:45:00","17:50:00",28,"Snack ",37,4.6,16,"motorcycle ",0,"No ","Urban ","Stormy","Medium ",1
"31/03/2022","22:50:00","22:55:00",15,"Meal ",23,4.7,12,"motorcycle ",1,"No ","Metropolitian ","Stormy","Low ",1
"5/03/2022","13:55:00","14:05:00",32,"Meal ",26,5,18,"motorcycle ",1,"No ","Metropolitian ","Sunny","High ",1
"17/02/2022","8:55:00","9:10:00",18,"Buffet ",35,4.6,19,"scooter ",2,"No ","Urban ","Fog","Low ",0
"5/03/2022","22:50:00","22:55:00",12,"Drinks ",24,4.9,21,"scooter ",2,"No ","Urban ","Stormy","Low ",1
"10/03/2022","20:10:00","20:25:00",37,"Meal ",29,4.9,19,"scooter ",2,"No ","Urban ","Cloudy","Jam ",2
"31/03/2022","22:20:00","22:35:00",24,"Buffet ",22,4.9,21,"motorcycle ",2,"No ","Metropolitian ","Cloudy","Low ",0
"20/03/2022","19:10:00","19:15:00",37,"Buffet ",24,4.2,4,"motorcycle ",0,"No ","Metropolitian ","Sandstorms","Jam ",2
"10/03/2022","22:20:00","22:25:00",22,"Meal ",32,4.8,23,"motorcycle ",0,"No ","Metropolitian ","Windy","Low ",0
"9/03/2022","18:50:00","19:05:00",27,"Buffet ",33,5,23,"motorcycle ",0,"No ","Metropolitian ","Stormy","Medium ",1
"12/03/2022","19:55:00","20:05:00",32,"Drinks ",28,4.4,18,"motorcycle ",1,"No ","Metropolitian ","Fog","Jam ",1
"15/03/2022","15:15:00","15:25:00",13,"Drinks ",26,5,19,"motorcycle ",2,"No ","Metropolitian ","Cloudy","Medium ",1
"28/03/2022","23:20:00","23:25:00",20,"Buffet ",38,4.7,18,"motorcycle ",0,"No ","Metropolitian ","Fog","Low ",0
"6/03/2022","20:15:00","20:30:00",47,"Meal ",30,4.2,5,"motorcycle ",0,"No ","Metropolitian ","Windy","Jam ",1
"14/03/2022","22:55:00","23:05:00",38,"Buffet ",27,3.5,2,"scooter ",2,"No ","Metropolitian ","Sunny","Low ",1
"21/03/2022","16:30:00","16:45:00",16,"Drinks ",39,4.6,23,"scooter ",1,"No ","Metropolitian ","Cloudy","Medium ",1
"4/03/2022","22:25:00","22:35:00",16,"Snack ",29,4.8,23,"motorcycle ",0,"No ","Urban ","Stormy","Low ",1
"13/02/2022","17:55:00","18:05:00",26,"Buffet ",29,4.8,2,"motorcycle ",0,"No ","Metropolitian ","Stormy","Medium ",1
"7/03/2022","21:55:00","22:00:00",32,"Drinks ",26,4.9,21,"motorcycle ",2,"No ","Metropolitian ","Fog","Jam ",1
"14/03/2022","17:25:00","17:35:00",29,"Snack ",21,4.8,13,"motorcycle ",2,"No ","Metropolitian ","Sandstorms","Medium ",1
"20/03/2022","20:30:00","20:35:00",52,"Drinks ",30,4.8,2,"motorcycle ",0,"No ","Metropolitian ","Stormy","Jam ",0
"16/03/2022","22:35:00","22:40:00",24,"Drinks ",25,5,18,"motorcycle ",0,"No ","Metropolitian ","Windy","Low ",1
"16/03/2022","19:10:00","19:15:00",43,"Meal ",39,5,21,"electric_scooter ",2,"No ","Metropolitian ","Cloudy","Jam ",1
"18/03/2022","20:50:00","20:55:00",41,"Buffet ",39,4.3,16,"scooter ",2,"No ","Metropolitian ","Windy","Jam ",1
"19/03/2022","18:35:00","18:45:00",16,"Drinks ",32,4.7,18,"motorcycle ",1,"No ","Urban ","Cloudy","Medium ",1
"2/03/2022","23:20:00","23:35:00",35,"Drinks ",34,4.1,6,"motorcycle ",1,"No ","Urban ","Cloudy","Low ",1
"21/03/2022","19:40:00","19:45:00",26,"Snack ",23,4.7,14,"motorcycle ",1,"No ","Metropolitian ","Stormy","Jam ",1
"5/04/2022","14:40:00","14:55:00",17,"Buffet ",31,4.7,23,"motorcycle ",1,"No ","Metropolitian ","Sunny","High ",1
"17/03/2022","22:35:00","22:45:00",18,"Drinks ",34,4.8,23,"scooter ",2,"No ","Metropolitian ","Cloudy","Low ",1
"13/02/2022","21:25:00","21:40:00",20,"Buffet ",35,4.7,6,"motorcycle ",2,"No ","Metropolitian ","Sunny","Jam ",1
"15/03/2022","10:35:00","10:50:00",13,"Snack ",21,4.7,17,"motorcycle ",1,"No ","Urban ","Windy","Low ",0
"27/03/2022","19:35:00","19:40:00",29,"Drinks ",23,4.7,15,"scooter ",2,"No ","Urban ","Windy","Jam ",1
"26/03/2022","8:10:00","8:20:00",17,"Drinks ",37,4.8,15,"motorcycle ",1,"No ","Urban ","Cloudy","Low ",1
"29/03/2022","22:45:00","23:00:00",19,"Snack ",21,4.9,3,"motorcycle ",0,"No ","Urban ","Stormy","Low ",1
"1/04/2022","21:15:00","21:20:00",32,"Drinks ",22,4.6,14,"scooter ",1,"No ","Metropolitian ","Cloudy","Jam ",1
"1/04/2022","22:20:00","22:30:00",28,"Snack ",37,5,21,"motorcycle ",0,"No ","Metropolitian ","Sunny","Low ",0
"27/03/2022","17:50:00","18:05:00",27,"Buffet ",20,4.8,15,"motorcycle ",1,"No ","Urban ","Stormy","Medium ",1
"6/04/2022","23:40:00","23:50:00",18,"Buffet ",32,4.6,23,"motorcycle ",1,"No ","Urban ","Stormy","Low ",0
"2/04/2022","20:20:00","20:35:00",42,"Meal ",32,4.4,5,"electric_scooter ",2,"No ","Metropolitian ","Sandstorms","Jam ",0
"11/02/2022","22:10:00","22:25:00",23,"Snack ",22,4.6,5,"motorcycle ",0,"No ","Metropolitian ","Stormy","Low ",0
"16/02/2022","20:25:00","20:30:00",44,"Drinks ",24,4.1,14,"motorcycle ",2,"No ","Metropolitian ","Fog","Jam ",1
"15/03/2022","19:00:00","19:10:00",27,"Buffet ",31,4.9,16,"motorcycle ",0,"No ","Metropolitian ","Cloudy","Medium ",0
"28/03/2022","9:55:00","10:10:00",11,"Meal ",33,5,19,"scooter ",2,"No ","Urban ","Sunny","Low ",0
"15/02/2022","20:20:00","20:30:00",31,"Buffet ",20,4,4,"motorcycle ",0,"No ","Urban ","Stormy","Jam ",1
"4/04/2022","22:30:00","22:45:00",17,"Buffet ",39,4.9,23,"scooter ",2,"No ","Urban ","Windy","Low ",0
"13/03/2022","18:40:00","18:55:00",25,"Drinks ",39,4.8,15,"electric_scooter ",2,"No ","Urban ","Stormy","Medium ",1
"9/03/2022","9:35:00","9:45:00",33,"Snack ",30,4.2,2,"motorcycle ",0,"No ","Metropolitian ","Windy","Low ",0
"25/03/2022","23:15:00","23:25:00",22,"Snack ",22,5,17,"motorcycle ",0,"No ","Urban ","Fog","Low ",1
"17/03/2022","19:20:00","19:35:00",21,"Meal ",20,5,6,"motorcycle ",0,"No ","Metropolitian ","Cloudy","Jam ",0
"4/03/2022","19:35:00","19:40:00",33,"Drinks ",24,4.9,17,"motorcycle ",2,"No ","Metropolitian ","Fog","Jam ",1
"14/02/2022","19:40:00","19:45:00",47,"Snack ",30,4.9,4,"motorcycle ",2,"Yes ","Metropolitian ","Fog","Jam ",2
"21/03/2022","21:10:00","21:20:00",27,"Snack ",25,4.7,22,"scooter ",1,"No ","Metropolitian ","Fog","Jam ",0
"16/03/2022","17:15:00","17:25:00",15,"Snack ",20,4.8,14,"motorcycle ",1,"No ","Metropolitian ","Sunny","Medium ",0
"9/03/2022","23:40:00","23:50:00",16,"Drinks ",28,4.1,4,"motorcycle ",0,"No ","Urban ","Stormy","Low ",1
"28/03/2022","8:55:00","9:05:00",18,"Snack ",32,4.6,18,"motorcycle ",1,"No ","Metropolitian ","Fog","Low ",1
"20/03/2022","17:10:00","17:20:00",31,"Meal ",21,4,4,"electric_scooter ",2,"No ","Metropolitian ","Cloudy","Medium ",1
"14/03/2022","20:30:00","20:35:00",43,"Buffet ",33,4.7,19,"motorcycle ",0,"Yes ","Metropolitian ","Cloudy","Jam ",2
"13/02/2022","18:25:00","18:40:00",24,"Buffet ",28,4.6,5,"scooter ",2,"No ","Metropolitian ","Windy","Medium ",1
"16/02/2022","17:20:00","17:25:00",30,"Buffet ",25,4.8,15,"motorcycle ",1,"No ","Urban ","Cloudy","Medium ",0
"19/03/2022","16:30:00","16:40:00",17,"Buffet ",37,4.6,6,"motorcycle ",2,"No ","Metropolitian ","Fog","Medium ",1
"31/03/2022","21:15:00","21:20:00",39,"Buffet ",23,4.6,3,"scooter ",2,"No ","Urban ","Cloudy","Jam ",1
"4/03/2022","22:25:00","22:35:00",15,"Meal ",25,4.8,23,"motorcycle ",1,"No ","Metropolitian ","Sandstorms","Low ",1
"13/03/2022","18:10:00","18:15:00",36,"Buffet ",32,4.1,1,"motorcycle ",0,"No ","Metropolitian ","Stormy","Medium ",0
"30/03/2022","11:25:00","11:35:00",17,"Drinks ",25,4.9,14,"scooter ",1,"No ","Metropolitian ","Windy","High ",1
"16/02/2022","17:20:00","17:35:00",33,"Drinks ",37,4.3,6,"scooter ",1,"No ","Urban ","Cloudy","Medium ",0
"21/03/2022","8:15:00","8:25:00",14,"Buffet ",25,4.9,13,"motorcycle ",1,"No ","Metropolitian ","Cloudy","Low ",0
"3/04/2022","14:00:00","14:10:00",32,"Drinks ",25,4.7,12,"motorcycle ",0,"No ","Metropolitian ","Windy","High ",1
"18/02/2022","22:50:00","23:00:00",32,"Meal ",32,4.2,3,"motorcycle ",1,"No ","Metropolitian ","Fog","Low ",1
"1/04/2022","8:15:00","8:30:00",22,"Meal ",36,4.9,16,"motorcycle ",0,"No ","Urban ","Fog","Low ",0
"14/03/2022","20:00:00","20:10:00",21,"Snack ",23,4.7,21,"motorcycle ",1,"No ","Metropolitian ","Sunny","Jam ",0
"6/03/2022","17:40:00","17:45:00",26,"Snack ",29,4.6,12,"motorcycle ",0,"No ","Metropolitian ","Stormy","Medium ",0
"25/03/2022","22:40:00","22:55:00",15,"Buffet ",33,4.9,23,"motorcycle ",1,"No ","Urban ","Stormy","Low ",1
"17/02/2022","20:45:00","20:55:00",24,"Snack ",21,4.7,4,"motorcycle ",0,"No ","Metropolitian ","Fog","Jam ",1
"17/02/2022","10:55:00","11:05:00",25,"Buffet ",24,4.2,3,"motorcycle ",0,"No ","Metropolitian ","Stormy","Low ",1
"11/02/2022","11:00:00","11:15:00",24,"Meal ",20,4.8,9,"motorcycle ",2,"No ","Metropolitian ","Sunny","Low ",1
"30/03/2022","22:15:00","22:25:00",19,"Meal ",29,4.9,18,"motorcycle ",2,"No ","Metropolitian ","Cloudy","Low ",1
"15/02/2022","16:10:00","16:20:00",37,"Buffet ",36,5,7,"motorcycle ",0,"No ","Metropolitian ","Sandstorms","Medium ",1
"16/03/2022","22:00:00","22:10:00",44,"Drinks ",37,4.1,4,"electric_scooter ",2,"No ","Urban ","Stormy","Jam ",1
"12/02/2022","23:55:00","0:00:00",27,"Drinks ",28,4.5,3,"scooter ",1,"No ","Urban ","Cloudy","Low ",1
"17/02/2022","10:25:00","10:35:00",14,"Buffet ",20,5,17,"motorcycle ",0,"No ","Urban ","Sunny","Low ",0
"29/03/2022","23:45:00","23:55:00",32,"Buffet ",35,3.2,7,"motorcycle ",0,"No ","Metropolitian ","Sunny","Low ",1
"11/02/2022","20:45:00","20:50:00",14,"Buffet ",25,4.8,22,"scooter ",2,"No ","Urban ","Sandstorms","Jam ",0
"11/03/2022","20:55:00","21:00:00",29,"Drinks ",21,4.8,17,"motorcycle ",1,"No ","Metropolitian ","Cloudy","Jam ",1
"26/03/2022","21:10:00","21:15:00",45,"Drinks ",21,4.2,5,"motorcycle ",0,"No ","Metropolitian ","Sunny","Jam ",1
"2/04/2022","23:20:00","23:35:00",18,"Drinks ",25,5,18,"motorcycle ",0,"No ","Metropolitian ","Windy","Low ",0
"16/03/2022","18:20:00","18:30:00",42,"Buffet ",26,4.9,19,"motorcycle ",0,"No ","Urban ","Fog","Medium ",1
"23/03/2022","21:50:00","22:00:00",41,"Buffet ",26,4.3,1,"motorcycle ",1,"No ","Metropolitian ","Cloudy","Jam ",2
"30/03/2022","22:10:00","22:20:00",18,"Buffet ",27,4.6,14,"scooter ",1,"No ","Metropolitian ","Fog","Low ",1
"3/04/2022","14:35:00","14:40:00",35,"Snack ",30,4.9,13,"motorcycle ",1,"No ","Metropolitian ","Fog","High ",0
"7/03/2022","22:00:00","22:10:00",16,"Meal ",20,4.9,16,"motorcycle ",2,"No ","Urban ","Stormy","Jam ",0
"10/03/2022","19:00:00","19:10:00",25,"Buffet ",20,4.9,15,"scooter ",2,"No ","Metropolitian ","Stormy","Medium ",0
"13/03/2022","16:25:00","16:30:00",27,"Meal ",31,4.9,14,"motorcycle ",0,"No ","Metropolitian ","Windy","Medium ",1
"31/03/2022","18:30:00","18:35:00",30,"Drinks ",33,4.8,4,"scooter ",1,"No ","Metropolitian ","Sandstorms","Medium ",1
"12/03/2022","23:55:00","0:10:00",12,"Buffet ",29,4.8,23,"scooter ",1,"No ","Urban ","Windy","Low ",1
"13/03/2022","9:15:00","9:30:00",14,"Buffet ",26,4.5,5,"motorcycle ",0,"No ","Urban ","Sunny","Low ",0
"21/03/2022","17:30:00","17:40:00",34,"Buffet ",39,4.4,4,"motorcycle ",0,"No ","Metropolitian ","Sandstorms","Medium ",1
"13/02/2022","18:00:00","18:15:00",15,"Snack ",39,5,6,"electric_scooter ",2,"No ","Metropolitian ","Fog","Medium ",1
"17/03/2022","20:55:00","21:10:00",25,"Drinks ",30,4.9,21,"scooter ",2,"No ","Metropolitian ","Cloudy","Jam ",1
"11/02/2022","10:30:00","10:40:00",19,"Drinks ",34,4.9,17,"scooter ",2,"No ","Urban ","Sunny","Low ",0
"29/03/2022","21:55:00","22:05:00",51,"Drinks ",32,4.9,4,"motorcycle ",0,"Yes ","Metropolitian ","Fog","Jam ",0
"6/04/2022","17:40:00","17:55:00",35,"Drinks ",26,4.1,5,"motorcycle ",2,"No ","Metropolitian ","Cloudy","Medium ",0
"12/03/2022","21:55:00","22:00:00",23,"Buffet ",28,4.6,15,"scooter ",2,"No ","Urban ","Sandstorms","Jam ",1
"18/02/2022","22:00:00","22:10:00",22,"Snack ",27,5,3,"scooter ",1,"No ","Metropolitian ","Fog","Jam ",1
"17/03/2022","10:50:00","11:05:00",19,"Buffet ",25,4.8,19,"scooter ",2,"No ","Urban ","Windy","Low ",1
"2/03/2022","20:20:00","20:25:00",31,"Snack ",27,4.6,21,"scooter ",2,"No ","Metropolitian ","Fog","Jam ",1
"8/03/2022","20:55:00","21:10:00",32,"Drinks ",31,4.5,21,"scooter ",1,"No ","Metropolitian ","Stormy","Jam ",1
"29/03/2022","23:50:00","0:00:00",21,"Snack ",30,4.6,19,"motorcycle ",0,"No ","Metropolitian ","Sunny","Low ",1
"1/04/2022","10:10:00","10:15:00",18,"Meal ",20,4.9,19,"motorcycle ",2,"No ","Metropolitian ","Cloudy","Low ",1
"6/04/2022","19:10:00","19:25:00",22,"Snack ",24,4.7,18,"scooter ",2,"No ","Metropolitian ","Windy","Jam ",1
"1/03/2022","21:45:00","21:55:00",28,"Drinks ",21,4.9,13,"scooter ",1,"No ","Metropolitian ","Fog","Jam ",0
"25/03/2022","18:55:00","19:00:00",30,"Buffet ",22,4.6,5,"motorcycle ",1,"No ","Metropolitian ","Cloudy","Medium ",1
"24/03/2022","19:30:00","19:35:00",39,"Buffet ",34,4.3,13,"motorcycle ",1,"No ","Metropolitian ","Fog","Jam ",1
"4/03/2022","21:35:00","21:40:00",19,"Meal ",34,4.7,15,"scooter ",2,"No ","Urban ","Stormy","Jam ",1
"3/03/2022","10:00:00","10:05:00",21,"Buffet ",38,4.5,23,"motorcycle ",0,"No ","Metropolitian ","Stormy","Low ",0
"17/03/2022","19:25:00","19:40:00",30,"Meal ",22,4.6,18,"scooter ",1,"No ","Metropolitian ","Fog","Jam ",1
"1/03/2022","10:45:00","10:55:00",25,"Meal ",34,4.2,3,"motorcycle ",0,"No ","Metropolitian ","Windy","Low ",1
"3/03/2022","23:35:00","23:40:00",22,"Meal ",23,4.8,14,"scooter ",1,"No ","Metropolitian ","Sunny","Low ",1
"5/03/2022","21:35:00","21:45:00",27,"Buffet ",35,4.6,23,"scooter ",2,"No ","Metropolitian ","Sunny","Jam ",1
"3/04/2022","20:35:00","20:45:00",25,"Snack ",21,5,22,"motorcycle ",0,"No ","Metropolitian ","Fog","Jam ",0
"10/03/2022","20:40:00","20:55:00",33,"Meal ",21,4.1,3,"motorcycle ",1,"No ","Metropolitian ","Cloudy","Jam ",1
"1/04/2022","21:45:00","22:00:00",25,"Buffet ",35,4.9,9,"motorcycle ",1,"No ","Metropolitian ","Windy","Jam ",1
"31/03/2022","22:50:00","23:05:00",27,"Meal ",21,5,22,"electric_scooter ",2,"No ","Metropolitian ","Fog","Low ",1
"26/03/2022","22:45:00","22:55:00",14,"Snack ",35,4.8,12,"scooter ",2,"No ","Metropolitian ","Sunny","Low ",0
"18/02/2022","21:30:00","21:45:00",33,"Buffet ",23,4.7,2,"motorcycle ",1,"No ","Metropolitian ","Fog","Jam ",1
"31/03/2022","20:25:00","20:40:00",45,"Meal ",26,4.7,4,"motorcycle ",0,"Yes ","Metropolitian ","Cloudy","Jam ",1
"2/03/2022","19:35:00","19:45:00",46,"Drinks ",37,4.9,9,"motorcycle ",0,"Yes ","Metropolitian ","Fog","Jam ",1
"15/03/2022","18:55:00","19:10:00",32,"Snack ",32,4,4,"motorcycle ",0,"No ","Metropolitian ","Sandstorms","Medium ",1
"1/03/2022","23:25:00","23:35:00",11,"Snack ",24,4.9,22,"scooter ",1,"No ","Urban ","Cloudy","Low ",0
"5/04/2022","22:40:00","22:50:00",26,"Drinks ",33,4.9,19,"motorcycle ",1,"No ","Metropolitian ","Windy","Low ",1
"25/03/2022","17:30:00","17:40:00",12,"Meal ",20,4.8,16,"scooter ",2,"No ","Urban ","Sunny","Medium ",0
"8/03/2022","22:55:00","23:00:00",28,"Buffet ",32,4.8,21,"motorcycle ",0,"No ","Urban ","Stormy","Low ",1
"2/04/2022","22:10:00","22:20:00",28,"Snack ",28,4.9,18,"motorcycle ",1,"No ","Urban ","Cloudy","Low ",1
"5/03/2022","10:55:00","11:10:00",17,"Snack ",36,4.9,19,"scooter ",2,"No ","Urban ","Stormy","Low ",0
"17/03/2022","22:10:00","22:25:00",17,"Buffet ",22,4.6,13,"motorcycle ",0,"No ","Metropolitian ","Cloudy","Low ",0
"1/04/2022","8:40:00","8:50:00",12,"Drinks ",28,4.8,2,"scooter ",1,"No ","Urban ","Fog","Low ",1
"23/03/2022","22:40:00","22:50:00",22,"Drinks ",27,4.5,5,"motorcycle ",0,"No ","Urban ","Cloudy","Low ",1
"1/04/2022","8:15:00","8:30:00",29,"Meal ",38,4.6,14,"motorcycle ",0,"No ","Metropolitian ","Sunny","Low ",1
"28/03/2022","19:20:00","19:30:00",31,"Meal ",34,5,3,"scooter ",2,"No ","Metropolitian ","Sandstorms","Jam ",1
"4/03/2022","20:50:00","21:05:00",19,"Snack ",34,4.9,9,"motorcycle ",2,"No ","Metropolitian ","Sunny","Jam ",1
"29/03/2022","22:00:00","22:05:00",26,"Snack ",31,4.9,21,"scooter ",2,"No ","Metropolitian ","Sunny","Jam ",1
"12/02/2022","19:25:00","19:40:00",41,"Snack ",21,4.7,6,"scooter ",1,"No ","Metropolitian ","Fog","Jam ",2
"13/03/2022","15:55:00","16:10:00",32,"Buffet ",38,4,6,"scooter ",2,"No ","Metropolitian ","Sandstorms","Medium ",1
"2/04/2022","19:25:00","19:35:00",42,"Drinks ",37,4.3,16,"motorcycle ",1,"No ","Urban ","Stormy","Jam ",1
"26/03/2022","16:15:00","16:30:00",28,"Drinks ",39,4.6,17,"scooter ",1,"No ","Metropolitian ","Stormy","Medium ",1
"15/02/2022","17:40:00","17:55:00",22,"Buffet ",39,4.6,7,"motorcycle ",1,"No ","Metropolitian ","Sunny","Medium ",1
"11/02/2022","23:55:00","0:00:00",22,"Drinks ",38,4.2,8,"motorcycle ",0,"No ","Metropolitian ","Sandstorms","Low ",1
"9/03/2022","23:00:00","23:10:00",18,"Drinks ",32,4.6,18,"electric_scooter ",2,"No ","Urban ","Sandstorms","Low ",1
"5/04/2022","22:35:00","22:50:00",21,"Meal ",39,4.7,23,"electric_scooter ",2,"No ","Urban ","Windy","Low ",1
"3/04/2022","17:40:00","17:45:00",23,"Drinks ",25,4.8,23,"scooter ",2,"No ","Metropolitian ","Stormy","Medium ",1
"11/02/2022","12:25:00","12:40:00",28,"Drinks ",32,4.7,8,"motorcycle ",1,"No ","Metropolitian ","Stormy","High ",1
"16/02/2022","23:15:00","23:25:00",38,"Snack ",34,4.1,12,"motorcycle ",0,"No ","Metropolitian ","Stormy","Low ",1
"11/02/2022","11:45:00","11:50:00",25,"Snack ",37,4.8,6,"scooter ",1,"No ","Metropolitian ","Stormy","High ",0
"6/03/2022","20:25:00","20:30:00",32,"Drinks ",22,4.1,5,"scooter ",1,"No ","Metropolitian ","Fog","Jam ",0
"6/04/2022","20:55:00","21:05:00",26,"Buffet ",37,4.6,19,"scooter ",1,"No ","Metropolitian ","Sandstorms","Jam ",1
"9/03/2022","9:25:00","9:30:00",22,"Snack ",27,4.3,12,"motorcycle ",0,"No ","Metropolitian ","Stormy","Low ",0
"12/02/2022","17:55:00","18:00:00",21,"Drinks ",28,4.7,3,"motorcycle ",0,"No ","Metropolitian ","Windy","Medium ",1
"29/03/2022","17:15:00","17:20:00",49,"Drinks ",31,4.1,2,"motorcycle ",0,"Yes ","Semi-Urban ","Stormy","Medium ",3
"17/02/2022","9:35:00","9:45:00",23,"Drinks ",32,4.3,7,"motorcycle ",0,"No ","Metropolitian ","Stormy","Low ",1
"9/03/2022","9:25:00","9:40:00",11,"Snack ",22,4.7,9,"scooter ",2,"No ","Metropolitian ","Stormy","Low ",0
"6/04/2022","22:10:00","22:25:00",23,"Meal ",27,4.5,3,"motorcycle ",0,"No ","Metropolitian ","Cloudy","Low ",0
"18/03/2022","18:10:00","18:25:00",16,"Buffet ",22,5,23,"motorcycle ",1,"No ","Urban ","Windy","Medium ",0
"3/03/2022","13:20:00","13:25:00",12,"Buffet ",23,4.9,23,"motorcycle ",1,"No ","Metropolitian ","Windy","High ",0
"5/03/2022","12:40:00","12:55:00",37,"Drinks ",30,4.6,21,"electric_scooter ",2,"No ","Metropolitian ","Stormy","High ",2
"8/03/2022","19:30:00","19:40:00",16,"Buffet ",21,4.7,19,"motorcycle ",1,"No ","Urban ","Stormy","Jam ",0
"3/03/2022","22:20:00","22:30:00",31,"Meal ",37,4,3,"motorcycle ",0,"No ","Metropolitian ","Stormy","Low ",1
"24/03/2022","8:15:00","8:20:00",14,"Meal ",23,4.5,21,"motorcycle ",0,"No ","Metropolitian ","Sunny","Low ",1
"26/03/2022","20:45:00","20:50:00",33,"Drinks ",35,4.7,9,"motorcycle ",2,"No ","Metropolitian ","Fog","Jam ",0
"7/03/2022","13:35:00","13:45:00",30,"Meal ",35,4.7,17,"scooter ",1,"No ","Metropolitian ","Fog","High ",1
"3/03/2022","8:45:00","8:55:00",20,"Snack ",21,4.9,13,"motorcycle ",2,"No ","Metropolitian ","Sunny","Low ",1
"21/03/2022","19:20:00","19:30:00",28,"Snack ",21,4.9,14,"motorcycle ",0,"No ","Metropolitian ","Cloudy","Jam ",1
"29/03/2022","19:25:00","19:35:00",15,"Drinks ",25,4.9,1,"motorcycle ",2,"No ","Urban ","Stormy","Jam ",1
"13/02/2022","14:35:00","14:45:00",33,"Buffet ",20,4.7,4,"electric_scooter ",2,"No ","Metropolitian ","Fog","High ",1
"1/03/2022","22:35:00","22:45:00",16,"Buffet ",27,4.6,19,"scooter ",2,"No ","Urban ","Windy","Low ",1
"31/03/2022","23:50:00","23:55:00",24,"Buffet ",33,5,19,"motorcycle ",0,"No ","Urban ","Sandstorms","Low ",0
"3/04/2022","21:35:00","21:40:00",16,"Drinks ",26,4.5,19,"motorcycle ",0,"No ","Metropolitian ","Sandstorms","Jam ",0
"13/03/2022","11:25:00","11:35:00",21,"Buffet ",24,4.9,23,"scooter ",2,"No ","Urban ","Windy","High ",1
"20/03/2022","21:20:00","21:30:00",36,"Drinks ",39,4.9,21,"motorcycle ",0,"No ","Urban ","Sandstorms","Jam ",1
"23/03/2022","19:55:00","20:00:00",34,"Drinks ",24,4.6,22,"motorcycle ",0,"No ","Urban ","Stormy","Jam ",1
"3/04/2022","23:00:00","23:10:00",19,"Meal ",30,5,22,"scooter ",2,"No ","Metropolitian ","Cloudy","Low ",1
"13/02/2022","17:55:00","18:00:00",27,"Drinks ",26,5,5,"scooter ",2,"No ","Metropolitian ","Stormy","Medium ",1
"6/03/2022","23:00:00","23:05:00",36,"Snack ",38,4.1,13,"motorcycle ",2,"No ","Metropolitian ","Fog","Low ",1
"4/04/2022","19:00:00","19:15:00",39,"Drinks ",24,4.4,13,"scooter ",1,"No ","Metropolitian ","Fog","Medium ",1
"23/03/2022","19:55:00","20:00:00",23,"Buffet ",22,4.6,16,"scooter ",1,"No ","Urban ","Sandstorms","Jam ",1
"9/03/2022","11:45:00","11:50:00",25,"Drinks ",26,4.7,18,"scooter ",2,"No ","Metropolitian ","Cloudy","High ",0
"31/03/2022","20:45:00","21:00:00",44,"Snack ",39,4.2,6,"scooter ",2,"No ","Metropolitian ","Fog","Jam ",3
"5/03/2022","9:40:00","9:50:00",24,"Buffet ",30,4.7,21,"motorcycle ",0,"No ","Metropolitian ","Sunny","Low ",1
"13/02/2022","14:35:00","14:40:00",27,"Snack ",29,4.6,8,"scooter ",1,"No ","Metropolitian ","Fog","High ",1
"11/02/2022","18:40:00","18:45:00",31,"Meal ",35,5,6,"electric_scooter ",2,"No ","Metropolitian ","Windy","Medium ",1
"6/03/2022","17:30:00","17:45:00",24,"Drinks ",22,4.6,18,"electric_scooter ",2,"No ","Metropolitian ","Stormy","Medium ",1
"13/02/2022","15:55:00","16:10:00",28,"Drinks ",25,4.8,8,"motorcycle ",0,"No ","Metropolitian ","Stormy","Medium ",1
"15/02/2022","20:55:00","21:00:00",29,"Snack ",21,4.7,5,"motorcycle ",1,"No ","Metropolitian ","Stormy","Jam ",1
"3/03/2022","23:45:00","0:00:00",27,"Buffet ",38,4.9,19,"scooter ",2,"No ","Metropolitian ","Sandstorms","Low ",1
"6/03/2022","18:15:00","18:25:00",38,"Drinks ",29,5,9,"motorcycle ",0,"No ","Metropolitian ","Windy","Medium ",1
"19/03/2022","14:10:00","14:15:00",20,"Meal ",35,4.8,19,"scooter ",1,"No ","Urban ","Sunny","High ",1
"28/03/2022","17:30:00","17:35:00",37,"Meal ",33,4,3,"motorcycle ",0,"No ","Metropolitian ","Sandstorms","Medium ",1
"2/03/2022","19:50:00","20:00:00",25,"Snack ",21,4.9,22,"motorcycle ",2,"No ","Metropolitian ","Stormy","Jam ",1
"2/04/2022","17:30:00","17:45:00",23,"Drinks ",22,4.7,23,"scooter ",1,"No ","Metropolitian ","Stormy","Medium ",1
"11/02/2022","18:30:00","18:45:00",19,"Snack ",22,4.9,7,"motorcycle ",1,"No ","Metropolitian ","Fog","Medium ",1
"6/04/2022","22:10:00","22:25:00",23,"Snack ",32,4.6,18,"motorcycle ",1,"No ","Urban ","Sandstorms","Low ",0
"19/03/2022","9:45:00","10:00:00",17,"Drinks ",28,5,18,"motorcycle ",2,"No ","Metropolitian ","Sunny","Low ",0
"15/03/2022","20:10:00","20:25:00",20,"Drinks ",21,4.9,22,"scooter ",1,"No ","Urban ","Cloudy","Jam ",0
"2/04/2022","22:35:00","22:50:00",23,"Meal ",35,4.7,22,"motorcycle ",0,"No ","Metropolitian ","Stormy","Low ",0
"19/03/2022","0:00:00","0:05:00",17,"Drinks ",30,4.6,7,"scooter ",2,"No ","Metropolitian ","Cloudy","Low ",0
"30/03/2022","12:00:00","12:05:00",25,"Snack ",20,4.6,23,"electric_scooter ",2,"No ","Metropolitian ","Stormy","High ",1
"9/03/2022","18:45:00","18:50:00",26,"Meal ",34,4.5,23,"motorcycle ",0,"No ","Metropolitian ","Cloudy","Medium ",1
"28/03/2022","19:20:00","19:30:00",34,"Snack ",32,4.6,9,"motorcycle ",1,"No ","Metropolitian ","Windy","Jam ",2
"13/02/2022","8:30:00","8:45:00",13,"Drinks ",32,4.7,5,"motorcycle ",2,"No ","Metropolitian ","Sunny","Low ",0
"23/03/2022","23:25:00","23:35:00",23,"Drinks ",30,4.8,19,"motorcycle ",0,"No ","Urban ","Windy","Low ",1
"29/03/2022","22:55:00","23:00:00",18,"Meal ",26,4.9,17,"scooter ",2,"No ","Metropolitian ","Stormy","Low ",1
"6/04/2022","21:15:00","21:20:00",19,"Buffet ",25,4.5,3,"motorcycle ",2,"No ","Metropolitian ","Stormy","Jam ",0
"15/02/2022","0:00:00","0:10:00",18,"Drinks ",35,4.5,3,"electric_scooter ",2,"No ","Urban ","Cloudy","Low ",1
"28/03/2022","21:55:00","22:00:00",37,"Buffet ",33,4.8,13,"motorcycle ",2,"No ","Metropolitian ","Cloudy","Jam ",0
"1/03/2022","17:45:00","18:00:00",29,"Buffet ",28,4.8,17,"electric_scooter ",2,"No ","Metropolitian ","Sandstorms","Medium ",0
"6/04/2022","21:50:00","21:55:00",46,"Buffet ",32,4.1,6,"motorcycle ",0,"Yes ","Metropolitian ","Stormy","Jam ",2
"12/02/2022","23:10:00","23:15:00",25,"Snack ",36,5,2,"scooter ",1,"No ","Metropolitian ","Stormy","Low ",1
"20/03/2022","17:45:00","17:50:00",38,"Buffet ",25,4.7,5,"scooter ",1,"No ","Metropolitian ","Cloudy","Medium ",1
"26/03/2022","8:45:00","8:55:00",14,"Buffet ",21,4.7,21,"electric_scooter ",2,"No ","Metropolitian ","Cloudy","Low ",0
"20/03/2022","20:30:00","20:35:00",52,"Drinks ",30,4.8,2,"motorcycle ",0,"No ","Metropolitian ","Stormy","Jam ",0
"17/03/2022","9:35:00","9:40:00",12,"Buffet ",33,4.8,19,"electric_scooter ",2,"No ","Metropolitian ","Sunny","Low ",1
"3/04/2022","17:25:00","17:40:00",27,"Snack ",29,4.5,19,"scooter ",2,"No ","Metropolitian ","Stormy","Medium ",0
"31/03/2022","22:25:00","22:40:00",25,"Snack ",27,4.8,6,"motorcycle ",1,"No ","Urban ","Fog","Low ",1
"29/03/2022","18:50:00","19:05:00",32,"Meal ",32,4.4,4,"scooter ",2,"No ","Metropolitian ","Cloudy","Medium ",0
"4/03/2022","18:35:00","18:50:00",25,"Meal ",34,4.7,9,"scooter ",2,"No ","Metropolitian ","Sunny","Medium ",1
"27/03/2022","19:20:00","19:30:00",25,"Meal ",35,4.7,16,"scooter ",2,"No ","Metropolitian ","Sunny","Jam ",1
"17/03/2022","18:30:00","18:45:00",31,"Drinks ",33,4.2,8,"electric_scooter ",2,"No ","Metropolitian ","Stormy","Medium ",1
"28/03/2022","10:50:00","11:00:00",15,"Buffet ",23,4.8,21,"scooter ",2,"No ","Metropolitian ","Fog","Low ",1
"18/03/2022","18:40:00","18:50:00",23,"Meal ",20,4.6,2,"electric_scooter ",2,"No ","Metropolitian ","Stormy","Medium ",0
"2/03/2022","21:30:00","21:45:00",11,"Drinks ",29,4.9,9,"motorcycle ",1,"No ","Metropolitian ","Sunny","Jam ",0
"19/03/2022","11:35:00","11:40:00",41,"Meal ",34,4.7,17,"motorcycle ",0,"No ","Urban ","Stormy","High ",1
"3/03/2022","8:35:00","8:50:00",25,"Meal ",30,4.9,23,"scooter ",1,"No ","Urban ","Stormy","Low ",0
"12/02/2022","23:30:00","23:40:00",18,"Drinks ",26,4.7,4,"motorcycle ",0,"No ","Metropolitian ","Stormy","Low ",0
"3/03/2022","19:15:00","19:30:00",15,"Buffet ",28,4.6,12,"scooter ",1,"No ","Metropolitian ","Windy","Jam ",1
"12/02/2022","21:10:00","21:25:00",42,"Meal ",23,4.8,8,"motorcycle ",1,"No ","Metropolitian ","Fog","Jam ",2
"4/04/2022","22:10:00","22:25:00",21,"Meal ",26,4.6,22,"motorcycle ",0,"No ","Metropolitian ","Cloudy","Low ",1
"17/03/2022","10:30:00","10:35:00",23,"Buffet ",25,4.1,3,"motorcycle ",0,"No ","Urban ","Windy","Low ",0
"8/03/2022","22:00:00","22:15:00",40,"Drinks ",33,4.8,15,"scooter ",1,"Yes ","Urban ","Stormy","Jam ",2
"25/03/2022","18:25:00","18:40:00",47,"Meal ",33,4.6,3,"motorcycle ",0,"Yes ","Metropolitian ","Fog","Medium ",3
"31/03/2022","23:15:00","23:30:00",32,"Snack ",33,3.9,15,"motorcycle ",1,"No ","Urban ","Cloudy","Low ",1
"5/03/2022","20:25:00","20:30:00",25,"Buffet ",32,4.5,17,"electric_scooter ",2,"No ","Metropolitian ","Stormy","Jam ",1
"1/04/2022","11:30:00","11:40:00",25,"Drinks ",24,4.9,19,"motorcycle ",0,"No ","Metropolitian ","Cloudy","High ",1
"10/03/2022","22:35:00","22:50:00",19,"Snack ",25,4.7,22,"scooter ",1,"No ","Metropolitian ","Sandstorms","Low ",0
"30/03/2022","19:30:00","19:45:00",23,"Meal ",24,4.7,17,"motorcycle ",2,"No ","Metropolitian ","Fog","Jam ",0
"2/03/2022","20:30:00","20:35:00",29,"Meal ",26,4.8,23,"scooter ",2,"No ","Urban ","Windy","Jam ",0
"12/02/2022","23:40:00","23:50:00",25,"Drinks ",39,5,8,"motorcycle ",0,"No ","Metropolitian ","Stormy","Low ",1
"21/03/2022","13:35:00","13:45:00",46,"Drinks ",24,4.1,3,"motorcycle ",0,"No ","Metropolitian ","Sunny","High ",0
"23/03/2022","19:30:00","19:40:00",33,"Drinks ",28,4.1,1,"motorcycle ",2,"No ","Metropolitian ","Fog","Jam ",0
"2/03/2022","19:20:00","19:35:00",44,"Buffet ",33,4.3,15,"motorcycle ",2,"No ","Metropolitian ","Windy","Jam ",1
"21/03/2022","8:50:00","8:55:00",16,"Snack ",24,5,17,"electric_scooter ",2,"No ","Metropolitian ","Sunny","Low ",1
"23/03/2022","23:55:00","0:05:00",21,"Drinks ",24,4.9,16,"motorcycle ",0,"No ","Metropolitian ","Cloudy","Low ",1
"11/02/2022","11:45:00","12:00:00",27,"Snack ",32,4.6,5,"scooter ",1,"No ","Metropolitian ","Sandstorms","High ",1
"11/03/2022","13:20:00","13:30:00",46,"Snack ",33,5,15,"motorcycle ",0,"Yes ","Metropolitian ","Windy","High ",0
"19/03/2022","23:10:00","23:20:00",20,"Drinks ",39,4.7,2,"motorcycle ",1,"No ","Metropolitian ","Windy","Low ",1
"21/03/2022","18:20:00","18:25:00",16,"Snack ",38,4.8,17,"electric_scooter ",2,"No ","Urban ","Fog","Medium ",0
"6/04/2022","17:40:00","17:50:00",44,"Buffet ",35,4.8,15,"motorcycle ",1,"No ","Metropolitian ","Cloudy","Medium ",1
"10/03/2022","21:35:00","21:50:00",29,"Snack ",38,4.6,18,"scooter ",2,"No ","Urban ","Windy","Jam ",1
"28/03/2022","10:45:00","10:55:00",18,"Drinks ",30,4.9,17,"scooter ",2,"No ","Metropolitian ","Fog","Low ",1
"18/03/2022","20:00:00","20:05:00",48,"Drinks ",37,4.8,14,"motorcycle ",0,"No ","Metropolitian ","Windy","Jam ",2
"17/03/2022","22:50:00","22:55:00",10,"Snack ",22,4.8,17,"motorcycle ",1,"No ","Urban ","Stormy","Low ",1
"11/03/2022","12:45:00","12:55:00",26,"Meal ",32,4.9,13,"motorcycle ",0,"No ","Metropolitian ","Sunny","High ",1
"3/04/2022","18:45:00","18:55:00",17,"Drinks ",28,4.7,9,"motorcycle ",0,"No ","Metropolitian ","Sandstorms","Medium ",0
"11/03/2022","20:10:00","20:25:00",31,"Drinks ",34,5,13,"motorcycle ",0,"No ","Metropolitian ","Cloudy","Jam ",1
"18/02/2022","17:40:00","17:55:00",42,"Buffet ",36,4.8,2,"motorcycle ",0,"No ","Metropolitian ","Fog","Medium ",1
"23/03/2022","22:20:00","22:35:00",30,"Meal ",35,4.7,6,"motorcycle ",1,"No ","Metropolitian ","Cloudy","Low ",0
"28/03/2022","12:40:00","12:50:00",28,"Snack ",38,4.8,21,"motorcycle ",2,"No ","Metropolitian ","Cloudy","High ",1
"5/03/2022","23:50:00","0:00:00",17,"Buffet ",29,4.3,6,"motorcycle ",0,"No ","Urban ","Stormy","Low ",0
"17/03/2022","23:15:00","23:30:00",15,"Drinks ",21,4.8,21,"motorcycle ",1,"No ","Urban ","Sunny","Low ",0
"27/03/2022","21:55:00","22:05:00",38,"Meal ",38,4.2,6,"motorcycle ",0,"No ","Urban ","Stormy","Jam ",1
"9/03/2022","11:55:00","12:10:00",26,"Snack ",37,4.9,9,"scooter ",2,"No ","Metropolitian ","Sandstorms","High ",0
"16/03/2022","18:50:00","18:55:00",23,"Buffet ",26,4.8,23,"motorcycle ",1,"No ","Urban ","Stormy","Medium ",1
"11/03/2022","20:25:00","20:35:00",24,"Drinks ",39,4.6,23,"scooter ",2,"No ","Metropolitian ","Sunny","Jam ",1
"11/03/2022","23:50:00","0:00:00",19,"Meal ",23,5,23,"motorcycle ",1,"No ","Urban ","Stormy","Low ",1
"1/03/2022","15:40:00","15:50:00",26,"Meal ",20,4.8,13,"scooter ",2,"No ","Metropolitian ","Sandstorms","Medium ",1
"1/04/2022","22:35:00","22:50:00",12,"Drinks ",26,4.9,18,"scooter ",1,"No ","Metropolitian ","Fog","Low ",0
"24/03/2022","17:45:00","18:00:00",26,"Drinks ",22,4.5,19,"motorcycle ",2,"No ","Metropolitian ","Windy","Medium ",1
"2/04/2022","17:55:00","18:05:00",19,"Buffet ",24,4.5,18,"scooter ",2,"No ","Metropolitian ","Sunny","Medium ",1
"11/03/2022","18:45:00","18:50:00",26,"Snack ",32,4.8,23,"motorcycle ",0,"No ","Metropolitian ","Sunny","Medium ",1
"15/03/2022","13:10:00","13:20:00",44,"Drinks ",25,3.7,8,"motorcycle ",0,"No ","Metropolitian ","Sunny","High ",1
"6/03/2022","17:50:00","18:05:00",23,"Buffet ",27,4.5,14,"electric_scooter ",2,"No ","Metropolitian ","Windy","Medium ",0
"20/03/2022","19:45:00","19:50:00",36,"Drinks ",31,4.4,3,"scooter ",1,"No ","Urban ","Sandstorms","Jam ",1
"4/03/2022","17:30:00","17:40:00",28,"Snack ",37,5,17,"motorcycle ",0,"No ","Metropolitian ","Sunny","Medium ",1
"3/03/2022","9:25:00","9:30:00",26,"Drinks ",20,4.2,6,"motorcycle ",0,"No ","Metropolitian ","Sandstorms","Low ",0
"16/02/2022","21:25:00","21:30:00",22,"Drinks ",20,4.9,7,"motorcycle ",0,"No ","Metropolitian ","Sunny","Jam ",0
"19/03/2022","20:10:00","20:15:00",31,"Buffet ",23,4.2,13,"scooter ",1,"No ","Metropolitian ","Cloudy","Jam ",2
"1/03/2022","18:30:00","18:40:00",32,"Buffet ",38,4.3,18,"scooter ",2,"No ","Metropolitian ","Stormy","Medium ",1
"25/03/2022","20:00:00","20:10:00",35,"Snack ",34,4,11,"motorcycle ",1,"No ","Metropolitian ","Fog","Jam ",1
"15/02/2022","22:50:00","22:55:00",28,"Drinks ",35,4.9,17,"motorcycle ",0,"No ","Urban ","Cloudy","Low ",1
"12/03/2022","22:45:00","22:55:00",17,"Drinks ",35,4.6,17,"scooter ",1,"No ","Metropolitian ","Windy","Low ",1
"25/03/2022","17:30:00","17:45:00",36,"Snack ",22,4.9,4,"scooter ",2,"No ","Metropolitian ","Cloudy","Medium ",1
"1/03/2022","21:30:00","21:40:00",33,"Snack ",31,4.3,7,"motorcycle ",1,"No ","Metropolitian ","Fog","Jam ",2
"28/03/2022","0:00:00","0:05:00",23,"Meal ",25,4.8,23,"electric_scooter ",2,"No ","Metropolitian ","Sunny","Low ",1
"17/03/2022","13:55:00","14:00:00",15,"Buffet ",36,4.7,17,"scooter ",1,"No ","Urban ","Sunny","High ",1
"20/03/2022","23:10:00","23:25:00",15,"Drinks ",27,4.9,21,"motorcycle ",0,"No ","Metropolitian ","Stormy","Low ",1
"29/03/2022","21:10:00","21:15:00",37,"Drinks ",23,4.6,2,"motorcycle ",1,"No ","Metropolitian ","Cloudy","Jam ",1
"13/02/2022","8:35:00","8:40:00",17,"Snack ",30,4.7,6,"motorcycle ",2,"No ","Metropolitian ","Stormy","Low ",1
"18/02/2022","20:15:00","20:20:00",38,"Drinks ",27,4.2,5,"electric_scooter ",2,"No ","Metropolitian ","Stormy","Jam ",0
"3/04/2022","22:10:00","22:15:00",23,"Buffet ",37,5,19,"motorcycle ",0,"No ","Metropolitian ","Sunny","Low ",0
"17/03/2022","9:55:00","10:10:00",16,"Buffet ",22,4.9,1,"motorcycle ",1,"No ","Metropolitian ","Windy","Low ",0
"31/03/2022","17:35:00","17:50:00",23,"Meal ",39,4.5,15,"electric_scooter ",2,"No ","Metropolitian ","Windy","Medium ",1
"1/03/2022","11:55:00","12:00:00",27,"Snack ",32,5,12,"scooter ",2,"No ","Metropolitian ","Stormy","High ",1
"6/04/2022","17:35:00","17:50:00",25,"Meal ",23,5,15,"motorcycle ",2,"No ","Metropolitian ","Stormy","Medium ",0
"3/03/2022","10:00:00","10:15:00",16,"Meal ",34,4.9,16,"motorcycle ",1,"No ","Urban ","Cloudy","Low ",0
"14/02/2022","21:00:00","21:10:00",37,"Buffet ",37,4.1,6,"motorcycle ",0,"No ","Urban ","Sandstorms","Jam ",0
"2/04/2022","22:40:00","22:45:00",15,"Snack ",22,4.5,18,"motorcycle ",1,"No ","Urban ","Stormy","Low ",0
"30/03/2022","0:00:00","0:05:00",23,"Meal ",25,4.9,21,"scooter ",1,"No ","Metropolitian ","Sunny","Low ",1
"26/03/2022","22:35:00","22:45:00",24,"Meal ",23,5,22,"scooter ",2,"No ","Urban ","Sunny","Low ",1
"6/04/2022","23:00:00","23:15:00",22,"Drinks ",21,4.9,19,"motorcycle ",0,"No ","Metropolitian ","Fog","Low ",1
"3/04/2022","22:35:00","22:50:00",17,"Drinks ",27,4.6,22,"electric_scooter ",2,"No ","Urban ","Stormy","Low ",1
"4/03/2022","21:10:00","21:15:00",30,"Meal ",24,5,9,"motorcycle ",1,"No ","Metropolitian ","Fog","Jam ",1
"5/04/2022","23:25:00","23:40:00",17,"Buffet ",20,4.8,21,"motorcycle ",1,"No ","Metropolitian ","Stormy","Low ",1
"10/03/2022","17:30:00","17:35:00",24,"Buffet ",33,4.6,23,"motorcycle ",1,"No ","Metropolitian ","Stormy","Medium ",0
"23/03/2022","21:40:00","21:50:00",19,"Drinks ",22,4.7,18,"scooter ",2,"No ","Metropolitian ","Sandstorms","Jam ",1
"3/04/2022","19:45:00","19:55:00",28,"Drinks ",22,4.7,21,"scooter ",2,"No ","Urban ","Windy","Jam ",1
"8/03/2022","21:50:00","21:55:00",37,"Drinks ",28,4.1,9,"motorcycle ",1,"No ","Metropolitian ","Sunny","Jam ",1
"11/02/2022","22:35:00","22:50:00",20,"Drinks ",30,4.5,3,"electric_scooter ",2,"No ","Metropolitian ","Stormy","Low ",0
"4/03/2022","20:30:00","20:35:00",46,"Buffet ",38,4.2,7,"motorcycle ",0,"Yes ","Metropolitian ","Windy","Jam ",1
"5/03/2022","21:15:00","21:20:00",22,"Buffet ",24,4.7,17,"motorcycle ",1,"No ","Urban ","Stormy","Jam ",1
"21/03/2022","18:30:00","18:35:00",12,"Buffet ",27,5,19,"scooter ",1,"No ","Urban ","Fog","Medium ",1
"11/03/2022","10:45:00","11:00:00",22,"Snack ",33,4.3,23,"motorcycle ",0,"No ","Metropolitian ","Sandstorms","Low ",1
"12/02/2022","22:40:00","22:50:00",27,"Snack ",25,4.8,8,"scooter ",1,"No ","Metropolitian ","Fog","Low ",0
"27/03/2022","20:35:00","20:40:00",48,"Buffet ",37,4,4,"scooter ",2,"Yes ","Metropolitian ","Cloudy","Jam ",2
"18/03/2022","22:45:00","22:55:00",17,"Drinks ",24,4.8,8,"scooter ",1,"No ","Metropolitian ","Sandstorms","Low ",0
"11/03/2022","20:45:00","21:00:00",49,"Buffet ",24,4.1,7,"motorcycle ",0,"No ","Metropolitian ","Sunny","Jam ",2
"13/03/2022","22:00:00","22:05:00",27,"Buffet ",27,4.6,19,"motorcycle ",1,"No ","Urban ","Cloudy","Jam ",1
"2/04/2022","21:10:00","21:25:00",37,"Buffet ",37,4.5,1,"scooter ",2,"No ","Metropolitian ","Sandstorms","Jam ",1
"16/03/2022","21:20:00","21:25:00",30,"Drinks ",27,5,17,"scooter ",2,"No ","Urban ","Fog","Jam ",1
"12/02/2022","17:25:00","17:35:00",27,"Drinks ",20,4.8,2,"scooter ",1,"No ","Metropolitian ","Fog","Medium ",0
"20/03/2022","20:50:00","21:00:00",25,"Drinks ",28,4.9,15,"scooter ",2,"No ","Urban ","Stormy","Jam ",0
"29/03/2022","23:10:00","23:15:00",18,"Meal ",39,4.9,6,"motorcycle ",1,"No ","Urban ","Sandstorms","Low ",1
"21/03/2022","20:20:00","20:35:00",29,"Snack ",27,4.9,6,"scooter ",2,"No ","Metropolitian ","Cloudy","Jam ",1
"4/04/2022","23:10:00","23:15:00",16,"Meal ",21,4.8,22,"motorcycle ",1,"No ","Metropolitian ","Stormy","Low ",1
"28/03/2022","23:45:00","0:00:00",18,"Buffet ",20,4.8,17,"motorcycle ",1,"No ","Metropolitian ","Sandstorms","Low ",1
"12/02/2022","19:30:00","19:45:00",30,"Meal ",23,4.6,7,"motorcycle ",2,"No ","Metropolitian ","Fog","Jam ",1
"3/04/2022","19:15:00","19:30:00",31,"Drinks ",33,4,3,"motorcycle ",1,"No ","Metropolitian ","Sandstorms","Jam ",0
"1/03/2022","15:35:00","15:40:00",11,"Meal ",26,4.7,21,"motorcycle ",0,"No ","Urban ","Sandstorms","Medium ",0
"12/03/2022","21:15:00","21:25:00",38,"Snack ",27,4.6,16,"motorcycle ",0,"No ","Metropolitian ","Fog","Jam ",0
"11/03/2022","9:50:00","9:55:00",25,"Buffet ",36,4.7,19,"motorcycle ",1,"No ","Urban ","Stormy","Low ",0
"25/03/2022","23:50:00","0:00:00",37,"Meal ",33,3.9,11,"scooter ",1,"No ","Metropolitian ","Cloudy","Low ",1
"21/03/2022","21:50:00","21:55:00",16,"Snack ",22,4.8,19,"motorcycle ",0,"No ","Metropolitian ","Stormy","Jam ",1
"11/02/2022","19:35:00","19:45:00",22,"Buffet ",37,4.7,7,"motorcycle ",1,"No ","Metropolitian ","Sunny","Jam ",0
"24/03/2022","18:25:00","18:30:00",22,"Meal ",25,4.9,22,"motorcycle ",0,"No ","Metropolitian ","Sunny","Medium ",1
"1/04/2022","10:45:00","10:55:00",19,"Meal ",20,5,9,"scooter ",1,"No ","Metropolitian ","Stormy","Low ",1
"27/03/2022","19:45:00","19:50:00",27,"Drinks ",27,4.7,14,"motorcycle ",0,"No ","Metropolitian ","Stormy","Jam ",1
"5/03/2022","11:10:00","11:15:00",14,"Drinks ",28,4.8,9,"scooter ",2,"No ","Metropolitian ","Windy","High ",1
"28/03/2022","23:15:00","23:30:00",23,"Drinks ",37,4.9,12,"motorcycle ",2,"No ","Metropolitian ","Sandstorms","Low ",1
"1/03/2022","14:55:00","15:10:00",27,"Snack ",33,4.8,13,"motorcycle ",0,"No ","Metropolitian ","Sunny","High ",0
"13/03/2022","20:55:00","21:05:00",32,"Snack ",33,4.8,23,"scooter ",1,"No ","Metropolitian ","Cloudy","Jam ",1
"17/02/2022","10:25:00","10:30:00",11,"Snack ",39,5,2,"electric_scooter ",2,"No ","Metropolitian ","Sandstorms","Low ",0
"27/03/2022","18:35:00","18:50:00",20,"Meal ",38,4.6,12,"motorcycle ",1,"No ","Metropolitian ","Windy","Medium ",0
"4/03/2022","23:35:00","23:50:00",23,"Meal ",34,4.8,22,"electric_scooter ",2,"No ","Urban ","Stormy","Low ",1
"23/03/2022","20:45:00","21:00:00",50,"Snack ",37,4.8,5,"motorcycle ",0,"No ","Metropolitian ","Fog","Jam ",1
"25/03/2022","22:55:00","23:10:00",37,"Snack ",38,4.3,4,"motorcycle ",1,"No ","Urban ","Cloudy","Low ",1
"26/03/2022","17:50:00","18:05:00",22,"Snack ",26,4.8,22,"motorcycle ",0,"No ","Urban ","Cloudy","Medium ",1
"19/03/2022","17:10:00","17:20:00",29,"Snack ",35,4.9,18,"motorcycle ",1,"No ","Urban ","Stormy","Medium ",0
"13/03/2022","8:45:00","8:50:00",27,"Buffet ",37,4.6,13,"motorcycle ",0,"No ","Metropolitian ","Sunny","Low ",1
"18/03/2022","21:20:00","21:35:00",40,"Meal ",32,5,18,"motorcycle ",0,"No ","Metropolitian ","Cloudy","Jam ",1
"1/04/2022","11:40:00","11:45:00",30,"Drinks ",27,4.7,11,"scooter ",1,"No ","Metropolitian ","Fog","High ",0
"21/03/2022","11:55:00","12:10:00",47,"Meal ",32,4.9,11,"motorcycle ",0,"No ","Metropolitian ","Stormy","High ",1
"15/03/2022","10:30:00","10:35:00",16,"Snack ",33,4.8,23,"motorcycle ",1,"No ","Urban ","Sunny","Low ",0
"31/03/2022","23:35:00","23:40:00",13,"Snack ",25,4.8,22,"scooter ",1,"No ","Metropolitian ","Sandstorms","Low ",0
"4/04/2022","18:45:00","18:55:00",31,"Buffet ",21,4.9,19,"motorcycle ",1,"No ","Metropolitian ","Fog","Medium ",0
"3/04/2022","13:50:00","13:55:00",25,"Snack ",29,4.9,21,"scooter ",1,"No ","Metropolitian ","Cloudy","High ",0
"19/03/2022","12:55:00","13:05:00",38,"Drinks ",33,4.7,22,"scooter ",1,"No ","Metropolitian ","Cloudy","High ",1
"15/03/2022","20:45:00","21:00:00",29,"Meal ",23,4.5,12,"motorcycle ",1,"No ","Metropolitian ","Fog","Jam ",1
"30/03/2022","9:55:00","10:00:00",23,"Drinks ",28,4.5,16,"motorcycle ",0,"No ","Metropolitian ","Windy","Low ",1
"18/02/2022","23:00:00","23:05:00",26,"Snack ",29,5,9,"scooter ",2,"No ","Metropolitian ","Stormy","Low ",0
"1/03/2022","21:20:00","21:25:00",26,"Buffet ",39,4.9,23,"motorcycle ",2,"No ","Metropolitian ","Sandstorms","Jam ",1
"1/03/2022","19:35:00","19:50:00",33,"Meal ",37,5,18,"electric_scooter ",2,"No ","Urban ","Cloudy","Jam ",1
"1/04/2022","8:15:00","8:25:00",10,"Buffet ",20,4.9,16,"scooter ",1,"No ","Urban ","Stormy","Low ",0
"1/04/2022","8:15:00","8:20:00",27,"Snack ",31,4.5,18,"motorcycle ",0,"No ","Metropolitian ","Fog","Low ",1
"5/04/2022","14:30:00","14:45:00",39,"Buffet ",38,4.9,23,"motorcycle ",1,"No ","Metropolitian ","Cloudy","High ",1
"14/02/2022","21:15:00","21:20:00",20,"Drinks ",25,5,8,"motorcycle ",1,"No ","Metropolitian ","Stormy","Jam ",1
"3/04/2022","11:40:00","11:55:00",37,"Drinks ",28,4.3,14,"motorcycle ",0,"No ","Metropolitian ","Stormy","High ",0
"3/04/2022","14:00:00","14:05:00",29,"Drinks ",25,4.5,5,"motorcycle ",1,"No ","Metropolitian ","Sandstorms","High ",1
"8/03/2022","19:40:00","19:55:00",43,"Drinks ",24,4.9,22,"motorcycle ",0,"No ","Metropolitian ","Sunny","Jam ",1
"26/03/2022","20:15:00","20:30:00",17,"Drinks ",24,4.7,21,"motorcycle ",0,"No ","Urban ","Sandstorms","Jam ",0
"27/03/2022","19:15:00","19:25:00",41,"Snack ",31,3.9,3,"scooter ",2,"No ","Urban ","Sandstorms","Jam ",1
"11/03/2022","21:30:00","21:45:00",22,"Meal ",26,4.7,16,"electric_scooter ",2,"No ","Urban ","Cloudy","Jam ",0
"15/03/2022","13:45:00","13:55:00",46,"Buffet ",27,4.3,3,"motorcycle ",0,"No ","Semi-Urban ","Sunny","High ",0
"4/03/2022","19:40:00","19:50:00",35,"Drinks ",22,4.7,19,"motorcycle ",0,"No ","Metropolitian ","Fog","Jam ",1
"2/03/2022","20:30:00","20:35:00",29,"Meal ",26,4.8,23,"scooter ",2,"No ","Urban ","Windy","Jam ",0
"1/03/2022","10:50:00","11:05:00",32,"Meal ",34,4.3,18,"motorcycle ",0,"No ","Metropolitian ","Sandstorms","Low ",0
"16/03/2022","21:20:00","21:35:00",28,"Buffet ",39,4.7,19,"scooter ",2,"No ","Metropolitian ","Windy","Jam ",1
"19/03/2022","8:20:00","8:35:00",23,"Meal ",35,4.3,4,"motorcycle ",0,"No ","Metropolitian ","Windy","Low ",1
"19/03/2022","13:10:00","13:25:00",30,"Meal ",24,4.5,17,"scooter ",2,"No ","Metropolitian ","Cloudy","High ",1
"6/03/2022","18:15:00","18:30:00",47,"Buffet ",38,4.6,22,"motorcycle ",0,"No ","Metropolitian ","Stormy","Medium ",0
"1/03/2022","19:40:00","19:50:00",37,"Meal ",31,4.2,9,"scooter ",2,"No ","Metropolitian ","Fog","Jam ",0
"11/03/2022","8:50:00","9:05:00",21,"Meal ",33,4.9,9,"motorcycle ",0,"No ","Metropolitian ","Sunny","Low ",1
"3/03/2022","14:30:00","14:45:00",25,"Meal ",21,4.7,15,"scooter ",2,"No ","Metropolitian ","Stormy","High ",1
"12/02/2022","19:35:00","19:45:00",27,"Buffet ",34,4.5,3,"electric_scooter ",2,"No ","Urban ","Stormy","Jam ",1
"1/03/2022","13:30:00","13:35:00",31,"Snack ",38,5,22,"scooter ",2,"No ","Metropolitian ","Sandstorms","High ",0
"8/03/2022","22:30:00","22:40:00",27,"Drinks ",34,4.7,14,"electric_scooter ",2,"No ","Metropolitian ","Sunny","Low ",1
"16/03/2022","17:50:00","18:00:00",27,"Buffet ",34,4.7,16,"motorcycle ",0,"No ","Metropolitian ","Sunny","Medium ",1
"1/04/2022","21:25:00","21:30:00",34,"Drinks ",35,4,11,"scooter ",2,"No ","Metropolitian ","Windy","Jam ",1
"31/03/2022","18:40:00","18:50:00",15,"Drinks ",24,4.8,18,"motorcycle ",2,"No ","Metropolitian ","Sandstorms","Medium ",1
"11/02/2022","15:40:00","15:50:00",17,"Drinks ",33,4.9,3,"motorcycle ",1,"No ","Metropolitian ","Fog","Medium ",1
"17/03/2022","9:55:00","10:05:00",16,"Meal ",22,4.4,21,"motorcycle ",0,"No ","Metropolitian ","Sandstorms","Low ",1
"12/02/2022","17:45:00","17:50:00",47,"Drinks ",32,4.5,4,"motorcycle ",0,"No ","Metropolitian ","Stormy","Medium ",1
"29/03/2022","21:40:00","21:50:00",51,"Drinks ",37,4.7,5,"motorcycle ",0,"No ","Metropolitian ","Windy","Jam ",1
"5/04/2022","12:00:00","12:10:00",31,"Drinks ",35,5,15,"motorcycle ",1,"No ","Metropolitian ","Stormy","High ",1
"2/03/2022","19:45:00","19:50:00",28,"Snack ",25,4.6,9,"motorcycle ",0,"No ","Metropolitian ","Windy","Jam ",0
"16/03/2022","17:15:00","17:20:00",39,"Drinks ",35,4.1,3,"motorcycle ",0,"No ","Metropolitian ","Sunny","Medium ",1
"1/04/2022","23:50:00","23:55:00",19,"Meal ",33,5,21,"motorcycle ",1,"No ","Metropolitian ","Cloudy","Low ",1
"14/03/2022","23:20:00","23:35:00",27,"Buffet ",30,4.7,21,"motorcycle ",0,"No ","Urban ","Windy","Low ",1
"6/04/2022","19:20:00","19:30:00",50,"Meal ",32,4.7,17,"motorcycle ",0,"No ","Metropolitian ","Cloudy","Jam ",1
"15/03/2022","12:10:00","12:25:00",32,"Meal ",29,4.3,23,"motorcycle ",0,"No ","Metropolitian ","Sandstorms","High ",0
"12/03/2022","20:15:00","20:25:00",37,"Meal ",22,4.4,21,"motorcycle ",0,"No ","Metropolitian ","Sandstorms","Jam ",0
"14/03/2022","17:35:00","17:40:00",30,"Meal ",21,4.7,21,"motorcycle ",2,"No ","Metropolitian ","Fog","Medium ",1
"17/02/2022","21:20:00","21:35:00",17,"Snack ",34,5,9,"electric_scooter ",2,"No ","Metropolitian ","Fog","Jam ",0
"27/03/2022","20:20:00","20:30:00",39,"Meal ",31,4.1,5,"scooter ",2,"No ","Urban ","Fog","Jam ",1
"4/04/2022","18:50:00","18:55:00",37,"Buffet ",34,3.6,11,"scooter ",2,"No ","Metropolitian ","Stormy","Medium ",1
"15/02/2022","10:35:00","10:45:00",23,"Snack ",37,4.6,6,"motorcycle ",1,"No ","Metropolitian ","Windy","Low ",1
"4/03/2022","18:25:00","18:35:00",24,"Snack ",33,4.7,17,"scooter ",2,"No ","Metropolitian ","Sandstorms","Medium ",0
"8/03/2022","18:30:00","18:40:00",39,"Meal ",26,4.1,6,"motorcycle ",0,"No ","Metropolitian ","Windy","Medium ",1
"3/04/2022","22:45:00","22:55:00",16,"Meal ",21,4.6,18,"motorcycle ",1,"No ","Metropolitian ","Sandstorms","Low ",0
"13/02/2022","15:25:00","15:40:00",18,"Meal ",37,4.7,23,"motorcycle ",1,"No ","Urban ","Fog","Medium ",1
"29/03/2022","20:35:00","20:50:00",42,"Drinks ",35,5,3,"motorcycle ",2,"No ","Metropolitian ","Cloudy","Jam ",1
"23/03/2022","21:15:00","21:25:00",40,"Meal ",32,4.9,1,"motorcycle ",1,"No ","Metropolitian ","Cloudy","Jam ",1
"27/03/2022","20:15:00","20:25:00",38,"Buffet ",20,4.8,7,"motorcycle ",0,"No ","Metropolitian ","Cloudy","Jam ",1
"18/03/2022","22:15:00","22:30:00",20,"Meal ",24,4.5,6,"motorcycle ",0,"No ","Metropolitian ","Fog","Low ",1
"1/04/2022","14:35:00","14:40:00",23,"Meal ",33,4.6,2,"motorcycle ",1,"No ","Urban ","Sunny","High ",1
"30/03/2022","9:40:00","9:45:00",15,"Snack ",29,4.6,5,"scooter ",1,"No ","Urban ","Stormy","Low ",1
"28/03/2022","12:00:00","12:05:00",28,"Drinks ",34,4.6,15,"scooter ",1,"No ","Urban ","Windy","High ",1
"5/03/2022","11:40:00","11:45:00",32,"Drinks ",38,4.4,12,"scooter ",2,"No ","Metropolitian ","Windy","High ",0
"9/03/2022","8:25:00","8:30:00",31,"Drinks ",37,4.1,9,"motorcycle ",0,"No ","Metropolitian ","Stormy","Low ",1
"28/03/2022","11:00:00","11:10:00",17,"Drinks ",25,4.4,4,"motorcycle ",0,"No ","Urban ","Sandstorms","Low ",0
"28/03/2022","8:35:00","8:50:00",34,"Meal ",38,4.2,3,"motorcycle ",0,"No ","Metropolitian ","Windy","Low ",1
"19/03/2022","10:15:00","10:20:00",23,"Drinks ",31,4.6,17,"scooter ",2,"No ","Metropolitian ","Stormy","Low ",0
"21/03/2022","20:55:00","21:10:00",27,"Snack ",30,4.9,22,"scooter ",2,"No ","Metropolitian ","Stormy","Jam ",1
"6/04/2022","21:00:00","21:15:00",41,"Drinks ",32,4.4,5,"motorcycle ",0,"No ","Metropolitian ","Windy","Jam ",2
"28/03/2022","20:30:00","20:40:00",27,"Snack ",37,4.8,13,"scooter ",1,"No ","Metropolitian ","Windy","Jam ",1
"29/03/2022","22:25:00","22:35:00",15,"Meal ",33,4.6,17,"scooter ",1,"No ","Metropolitian ","Stormy","Low ",1
"20/03/2022","23:00:00","23:05:00",16,"Buffet ",28,4.8,13,"scooter ",2,"No ","Metropolitian ","Sandstorms","Low ",0
"5/03/2022","16:50:00","17:00:00",15,"Drinks ",21,4.9,9,"motorcycle ",1,"No ","Metropolitian ","Fog","Medium ",0
"4/03/2022","17:10:00","17:20:00",33,"Drinks ",39,4.7,17,"motorcycle ",1,"No ","Metropolitian ","Fog","Medium ",1
"1/03/2022","22:10:00","22:25:00",29,"Snack ",33,4.8,16,"motorcycle ",1,"No ","Metropolitian ","Stormy","Low ",1
"17/03/2022","22:10:00","22:25:00",18,"Snack ",28,4.9,19,"motorcycle ",0,"No ","Urban ","Sunny","Low ",1
"15/03/2022","22:50:00","23:05:00",20,"Snack ",31,4.6,13,"motorcycle ",1,"No ","Metropolitian ","Stormy","Low ",1
"7/03/2022","18:20:00","18:35:00",29,"Snack ",38,4.8,23,"motorcycle ",0,"No ","Metropolitian ","Fog","Medium ",0
"30/03/2022","14:25:00","14:35:00",26,"Meal ",35,5,23,"electric_scooter ",2,"No ","Metropolitian ","Fog","High ",1
"30/03/2022","21:20:00","21:30:00",29,"Drinks ",34,4.7,6,"scooter ",2,"No ","Metropolitian ","Windy","Jam ",1
"29/03/2022","22:25:00","22:35:00",23,"Buffet ",24,4.6,21,"motorcycle ",0,"No ","Metropolitian ","Fog","Low ",0
"28/03/2022","9:40:00","9:50:00",30,"Meal ",31,4,13,"motorcycle ",0,"No ","Metropolitian ","Stormy","Low ",1
"16/03/2022","23:35:00","23:40:00",16,"Buffet ",25,4.6,21,"motorcycle ",0,"No ","Urban ","Stormy","Low ",0
"3/04/2022","18:15:00","18:25:00",39,"Buffet ",30,5,13,"motorcycle ",0,"No ","Metropolitian ","Stormy","Medium ",1
"1/03/2022","13:15:00","13:20:00",27,"Drinks ",24,4.8,21,"motorcycle ",0,"No ","Metropolitian ","Fog","High ",1
"5/03/2022","18:55:00","19:00:00",15,"Snack ",39,4.6,21,"motorcycle ",2,"No ","Urban ","Stormy","Medium ",1
"24/03/2022","8:45:00","8:50:00",15,"Snack ",20,4.5,3,"scooter ",1,"No ","Urban ","Sandstorms","Low ",0
"20/03/2022","21:35:00","21:45:00",16,"Drinks ",35,4.6,15,"motorcycle ",1,"No ","Urban ","Sunny","Jam ",1
"30/03/2022","11:00:00","11:05:00",16,"Buffet ",27,4,19,"motorcycle ",0,"No ","Metropolitian ","Sandstorms","Low ",1
"17/02/2022","23:10:00","23:20:00",20,"Meal ",38,4.8,4,"motorcycle ",1,"No ","Metropolitian ","Windy","Low ",1
"12/02/2022","19:45:00","20:00:00",30,"Snack ",29,4.8,17,"motorcycle ",0,"No ","Urban ","Sandstorms","Jam ",1
"8/03/2022","18:40:00","18:55:00",13,"Snack ",21,4.7,15,"scooter ",1,"No ","Metropolitian ","Sunny","Medium ",1
"5/04/2022","11:35:00","11:40:00",28,"Buffet ",33,4.7,22,"electric_scooter ",2,"No ","Metropolitian ","Cloudy","High ",1
"3/04/2022","21:55:00","22:05:00",30,"Buffet ",38,4.7,6,"motorcycle ",0,"No ","Metropolitian ","Sandstorms","Jam ",0
"10/03/2022","17:30:00","17:35:00",27,"Meal ",25,4.7,13,"electric_scooter ",2,"No ","Metropolitian ","Windy","Medium ",1
"15/03/2022","9:10:00","9:20:00",17,"Meal ",36,4.6,17,"motorcycle ",2,"No ","Urban ","Cloudy","Low ",0
"31/03/2022","22:50:00","23:00:00",27,"Snack ",28,4.7,16,"scooter ",2,"No ","Metropolitian ","Cloudy","Low ",1
"16/02/2022","17:30:00","17:45:00",41,"Buffet ",31,4.1,12,"motorcycle ",0,"No ","Metropolitian ","Windy","Medium ",0
"9/03/2022","9:00:00","9:15:00",11,"Buffet ",29,5,14,"motorcycle ",1,"No ","Metropolitian ","Sandstorms","Low ",0
"31/03/2022","21:10:00","21:25:00",10,"Snack ",25,4.7,4,"scooter ",1,"No ","Urban ","Sunny","Jam ",1
"1/03/2022","15:15:00","15:20:00",15,"Buffet ",30,4.9,16,"scooter ",2,"No ","Urban ","Sunny","Medium ",0
"19/03/2022","9:00:00","9:10:00",10,"Drinks ",20,4.7,23,"electric_scooter ",2,"No ","Urban ","Stormy","Low ",1
"1/03/2022","15:50:00","16:05:00",32,"Drinks ",33,4.7,17,"electric_scooter ",2,"No ","Metropolitian ","Sandstorms","Medium ",1
"19/03/2022","10:20:00","10:35:00",14,"Meal ",21,4.9,7,"scooter ",1,"No ","Metropolitian ","Sandstorms","Low ",1
"14/03/2022","23:35:00","23:40:00",17,"Drinks ",25,4.5,12,"motorcycle ",0,"No ","Metropolitian ","Sandstorms","Low ",0
"2/04/2022","22:00:00","22:15:00",39,"Buffet ",24,4.8,4,"motorcycle ",0,"No ","Metropolitian ","Cloudy","Jam ",2
"4/03/2022","19:35:00","19:45:00",15,"Buffet ",29,4.6,17,"motorcycle ",0,"No ","Urban ","Stormy","Jam ",0
"13/03/2022","9:00:00","9:05:00",29,"Drinks ",33,4.8,17,"electric_scooter ",2,"No ","Urban ","Windy","Low ",0
"17/03/2022","9:10:00","9:20:00",19,"Drinks ",27,4.6,22,"motorcycle ",0,"No ","Urban ","Cloudy","Low ",1
"13/02/2022","10:50:00","11:05:00",19,"Snack ",29,4.9,4,"motorcycle ",2,"No ","Metropolitian ","Sunny","Low ",1
"21/03/2022","13:40:00","13:45:00",27,"Drinks ",35,4.6,17,"motorcycle ",2,"No ","Metropolitian ","Fog","High ",0
"11/03/2022","18:00:00","18:10:00",27,"Meal ",20,4.9,13,"motorcycle ",0,"No ","Metropolitian ","Windy","Medium ",0
"30/03/2022","17:45:00","17:50:00",20,"Meal ",27,4.6,13,"motorcycle ",1,"No ","Metropolitian ","Sandstorms","Medium ",1
"30/03/2022","15:15:00","15:20:00",17,"Snack ",28,4.8,5,"scooter ",1,"No ","Urban ","Cloudy","Medium ",1
"1/03/2022","13:00:00","13:15:00",32,"Meal ",28,4.3,5,"motorcycle ",0,"No ","Urban ","Stormy","High ",0
"26/03/2022","11:50:00","12:05:00",14,"Buffet ",26,4.6,19,"motorcycle ",1,"No ","Urban ","Sunny","High ",1
"12/03/2022","23:30:00","23:45:00",20,"Drinks ",35,5,19,"motorcycle ",1,"No ","Metropolitian ","Sunny","Low ",0
"10/03/2022","0:00:00","0:10:00",19,"Meal ",32,5,23,"electric_scooter ",2,"No ","Urban ","Windy","Low ",0
"25/03/2022","20:00:00","20:10:00",35,"Snack ",34,4,11,"motorcycle ",1,"No ","Metropolitian ","Fog","Jam ",1
"4/04/2022","21:35:00","21:45:00",27,"Drinks ",20,4.5,16,"motorcycle ",0,"No ","Urban ","Stormy","Jam ",0
"6/03/2022","23:50:00","0:00:00",21,"Drinks ",32,4.5,3,"motorcycle ",0,"No ","Urban ","Stormy","Low ",1
"11/02/2022","22:45:00","22:50:00",10,"Drinks ",25,4.9,15,"scooter ",2,"No ","Urban ","Stormy","Low ",0
"14/02/2022","17:40:00","17:50:00",10,"Buffet ",22,4.7,15,"motorcycle ",2,"No ","Urban ","Sunny","Medium ",0
"2/04/2022","18:45:00","18:50:00",31,"Meal ",22,4.2,3,"scooter ",2,"No ","Metropolitian ","Fog","Medium ",1
"20/03/2022","20:45:00","20:55:00",26,"Snack ",25,4.9,18,"scooter ",1,"No ","Metropolitian ","Sandstorms","Jam ",1
"1/03/2022","8:30:00","8:45:00",22,"Drinks ",30,4.3,4,"motorcycle ",0,"No ","Urban ","Windy","Low ",0
"16/02/2022","0:00:00","0:05:00",30,"Drinks ",36,5,6,"motorcycle ",1,"No ","Metropolitian ","Fog","Low ",1
"26/03/2022","8:55:00","9:05:00",19,"Snack ",29,5,22,"motorcycle ",1,"No ","Metropolitian ","Sunny","Low ",1
"15/03/2022","21:40:00","21:50:00",31,"Drinks ",24,4.9,9,"scooter ",1,"No ","Metropolitian ","Fog","Jam ",0
"12/03/2022","23:50:00","23:55:00",16,"Buffet ",27,4.9,16,"electric_scooter ",2,"No ","Metropolitian ","Windy","Low ",1
"31/03/2022","19:00:00","19:15:00",24,"Buffet ",25,4.8,23,"scooter ",1,"No ","Metropolitian ","Sandstorms","Medium ",0
"16/03/2022","18:40:00","18:50:00",48,"Drinks ",31,4,6,"motorcycle ",0,"No ","Metropolitian ","Sandstorms","Medium ",1
"9/03/2022","14:30:00","14:35:00",26,"Buffet ",35,4.8,9,"motorcycle ",0,"No ","Metropolitian ","Sunny","High ",1
"17/02/2022","19:40:00","19:55:00",31,"Snack ",35,4.6,8,"motorcycle ",0,"No ","Metropolitian ","Sandstorms","Jam ",1
"4/04/2022","23:30:00","23:45:00",35,"Snack ",35,4.3,16,"motorcycle ",1,"No ","Urban ","Cloudy","Low ",0
"28/03/2022","19:35:00","19:50:00",29,"Snack ",23,4.5,1,"motorcycle ",1,"No ","Urban ","Cloudy","Jam ",1
"16/02/2022","20:45:00","20:50:00",35,"Meal ",36,4.3,6,"motorcycle ",0,"No ","Metropolitian ","Windy","Jam ",1
"6/03/2022","18:40:00","18:45:00",24,"Meal ",33,4.5,23,"scooter ",2,"No ","Metropolitian ","Stormy","Medium ",1
"28/03/2022","10:25:00","10:30:00",17,"Snack ",34,4.6,21,"motorcycle ",1,"No ","Metropolitian ","Stormy","Low ",1
"28/03/2022","21:15:00","21:20:00",29,"Drinks ",34,4.8,1,"motorcycle ",0,"No ","Metropolitian ","Sunny","Jam ",1
"15/02/2022","9:45:00","10:00:00",20,"Buffet ",37,4.9,7,"scooter ",2,"No ","Metropolitian ","Windy","Low ",1
"24/03/2022","21:35:00","21:50:00",25,"Drinks ",31,5,23,"scooter ",1,"No ","Urban ","Cloudy","Jam ",1
"3/04/2022","17:15:00","17:20:00",25,"Snack ",27,4.9,23,"motorcycle ",2,"No ","Metropolitian ","Sandstorms","Medium ",0
"2/04/2022","19:30:00","19:45:00",43,"Drinks ",34,4.6,13,"motorcycle ",0,"No ","Metropolitian ","Windy","Jam ",1
"29/03/2022","18:50:00","19:00:00",22,"Buffet ",24,4.7,16,"motorcycle ",0,"No ","Metropolitian ","Stormy","Medium ",1
"13/02/2022","13:45:00","13:55:00",27,"Meal ",30,4.9,3,"motorcycle ",2,"No ","Metropolitian ","Sandstorms","High ",0
"15/02/2022","8:35:00","8:50:00",29,"Meal ",34,4.7,5,"scooter ",1,"No ","Metropolitian ","Windy","Low ",1
"13/03/2022","17:50:00","17:55:00",25,"Drinks ",30,5,18,"motorcycle ",0,"No ","Metropolitian ","Fog","Medium ",0
"11/03/2022","19:25:00","19:30:00",12,"Meal ",24,4.5,22,"motorcycle ",1,"No ","Metropolitian ","Sandstorms","Jam ",0
"6/04/2022","18:25:00","18:35:00",37,"Drinks ",38,4.9,21,"scooter ",1,"No ","Metropolitian ","Cloudy","Medium ",0
"5/04/2022","22:20:00","22:25:00",19,"Drinks ",29,4.8,17,"motorcycle ",1,"No ","Metropolitian ","Stormy","Low ",1
"3/04/2022","15:10:00","15:15:00",16,"Snack ",31,4.9,19,"motorcycle ",1,"No ","Metropolitian ","Fog","Medium ",1
"31/03/2022","18:25:00","18:35:00",33,"Buffet ",22,4.3,2,"scooter ",1,"No ","Metropolitian ","Fog","Medium ",0
"18/02/2022","18:45:00","18:50:00",39,"Meal ",22,4.2,7,"scooter ",1,"No ","Metropolitian ","Sandstorms","Medium ",1
"14/03/2022","22:40:00","22:50:00",29,"Buffet ",22,4.9,16,"motorcycle ",1,"No ","Urban ","Fog","Low ",0
"6/03/2022","22:35:00","22:50:00",21,"Meal ",28,4.5,9,"motorcycle ",2,"No ","Metropolitian ","Fog","Low ",1
"4/04/2022","17:45:00","17:50:00",43,"Snack ",37,4.2,3,"motorcycle ",2,"Yes ","Metropolitian ","Fog","Medium ",1
"27/03/2022","0:00:00","0:15:00",10,"Drinks ",22,5,23,"scooter ",2,"No ","Metropolitian ","Stormy","Low ",0
"1/04/2022","20:30:00","20:40:00",29,"Snack ",33,4.7,1,"electric_scooter ",2,"No ","Metropolitian ","Sandstorms","Jam ",0
"3/04/2022","20:35:00","20:45:00",39,"Snack ",36,4.1,13,"motorcycle ",0,"No ","Metropolitian ","Windy","Jam ",1
"18/02/2022","21:15:00","21:20:00",32,"Meal ",32,4.2,5,"motorcycle ",2,"No ","Urban ","Sunny","Jam ",1
"17/03/2022","23:35:00","23:50:00",17,"Drinks ",27,4.6,9,"scooter ",2,"No ","Metropolitian ","Stormy","Low ",1
"30/03/2022","22:00:00","22:10:00",17,"Buffet ",23,4.9,19,"scooter ",1,"No ","Metropolitian ","Sunny","Jam ",0
"17/02/2022","12:40:00","12:45:00",27,"Snack ",24,4.6,2,"motorcycle ",2,"No ","Metropolitian ","Fog","High ",0
"26/03/2022","19:55:00","20:10:00",39,"Buffet ",33,4.1,1,"motorcycle ",0,"No ","Metropolitian ","Stormy","Jam ",0
"28/03/2022","18:10:00","18:20:00",34,"Snack ",37,4.8,13,"motorcycle ",0,"No ","Metropolitian ","Stormy","Medium ",2
"4/04/2022","19:40:00","19:50:00",23,"Buffet ",23,4.7,17,"scooter ",1,"No ","Urban ","Sunny","Jam ",1
"30/03/2022","12:40:00","12:55:00",25,"Buffet ",33,4.7,6,"motorcycle ",2,"No ","Urban ","Stormy","High ",0
"19/03/2022","9:55:00","10:10:00",19,"Snack ",23,4.7,11,"scooter ",1,"No ","Metropolitian ","Windy","Low ",1
"10/03/2022","19:25:00","19:40:00",19,"Snack ",24,4.5,3,"scooter ",1,"No ","Urban ","Sandstorms","Jam ",1
"9/03/2022","18:35:00","18:40:00",25,"Buffet ",26,4.9,23,"motorcycle ",0,"No ","Metropolitian ","Cloudy","Medium ",1
"21/03/2022","14:40:00","14:55:00",28,"Drinks ",37,4.6,19,"motorcycle ",2,"No ","Metropolitian ","Stormy","High ",1
"1/03/2022","10:20:00","10:30:00",24,"Meal ",36,4.7,16,"motorcycle ",0,"No ","Urban ","Cloudy","Low ",1
"9/03/2022","15:20:00","15:25:00",18,"Snack ",21,4.9,16,"motorcycle ",1,"No ","Urban ","Stormy","Medium ",1
"14/02/2022","18:55:00","19:05:00",21,"Buffet ",36,4.7,7,"electric_scooter ",2,"No ","Metropolitian ","Sunny","Medium ",1
"3/03/2022","13:40:00","13:50:00",22,"Drinks ",29,4.5,22,"motorcycle ",0,"No ","Metropolitian ","Stormy","High ",0
"15/03/2022","8:50:00","8:55:00",18,"Drinks ",28,4.8,16,"scooter ",2,"No ","Metropolitian ","Windy","Low ",0
"4/03/2022","18:20:00","18:30:00",49,"Meal ",38,4.6,17,"motorcycle ",0,"No ","Metropolitian ","Windy","Medium ",0
"7/03/2022","12:25:00","12:30:00",24,"Meal ",24,4.5,2,"scooter ",1,"No ","Urban ","Stormy","High ",0
"10/03/2022","21:55:00","22:05:00",51,"Buffet ",34,4.4,23,"motorcycle ",0,"No ","Metropolitian ","Stormy","Jam ",2
"2/04/2022","0:00:00","0:15:00",16,"Buffet ",29,4.8,19,"scooter ",2,"No ","Metropolitian ","Stormy","Low ",0
"2/04/2022","17:15:00","17:30:00",34,"Meal ",30,4.3,6,"scooter ",2,"No ","Metropolitian ","Sandstorms","Medium ",2
"28/03/2022","10:25:00","10:30:00",28,"Snack ",37,4.5,16,"scooter ",2,"No ","Metropolitian ","Windy","Low ",0
"20/03/2022","19:40:00","19:55:00",35,"Buffet ",38,4.8,4,"motorcycle ",2,"No ","Metropolitian ","Cloudy","Jam ",1
"28/03/2022","8:50:00","9:05:00",25,"Snack ",30,4.7,15,"motorcycle ",2,"No ","Urban ","Stormy","Low ",1
"17/03/2022","10:35:00","10:45:00",21,"Snack ",38,4.6,12,"motorcycle ",1,"No ","Metropolitian ","Sandstorms","Low ",1
"24/03/2022","10:35:00","10:40:00",17,"Snack ",23,4.7,18,"motorcycle ",1,"No ","Metropolitian ","Stormy","Low ",0
"15/02/2022","14:45:00","14:50:00",43,"Buffet ",37,4,10,"motorcycle ",0,"No ","Metropolitian ","Windy","High ",1
"20/03/2022","21:20:00","21:30:00",27,"Meal ",30,5,22,"motorcycle ",1,"No ","Metropolitian ","Stormy","Jam ",1
"20/03/2022","18:25:00","18:40:00",21,"Snack ",21,4.5,12,"scooter ",1,"No ","Metropolitian ","Stormy","Medium ",1
"12/02/2022","18:30:00","18:35:00",27,"Meal ",37,4.7,9,"motorcycle ",1,"No ","Metropolitian ","Sunny","Medium ",1
"21/03/2022","17:20:00","17:25:00",23,"Drinks ",21,4.8,19,"motorcycle ",0,"No ","Metropolitian ","Windy","Medium ",1
"24/03/2022","12:00:00","12:15:00",28,"Meal ",24,4.8,23,"motorcycle ",0,"No ","Urban ","Cloudy","High ",1
"20/03/2022","17:20:00","17:25:00",17,"Meal ",28,4.9,17,"motorcycle ",0,"No ","Urban ","Sunny","Medium ",1
"1/03/2022","10:00:00","10:10:00",15,"Meal ",23,4.5,18,"motorcycle ",0,"No ","Metropolitian ","Sunny","Low ",0
"3/03/2022","10:10:00","10:20:00",15,"Drinks ",28,4.6,19,"motorcycle ",0,"No ","Urban ","Sunny","Low ",1
"2/03/2022","18:50:00","19:00:00",27,"Meal ",21,4.9,12,"scooter ",1,"No ","Metropolitian ","Fog","Medium ",1
"18/02/2022","17:20:00","17:35:00",15,"Meal ",25,4.6,5,"scooter ",1,"No ","Metropolitian ","Sandstorms","Medium ",1
"17/03/2022","9:25:00","9:30:00",14,"Snack ",20,4.8,15,"scooter ",2,"No ","Urban ","Windy","Low ",0
"15/02/2022","9:30:00","9:35:00",15,"Buffet ",22,4.6,2,"scooter ",2,"No ","Metropolitian ","Stormy","Low ",1
"3/03/2022","8:50:00","8:55:00",15,"Buffet ",28,4.9,23,"motorcycle ",1,"No ","Metropolitian ","Sandstorms","Low ",1
"14/02/2022","22:10:00","22:20:00",17,"Snack ",36,4.9,4,"scooter ",2,"No ","Metropolitian ","Sandstorms","Low ",1
"30/03/2022","17:45:00","17:50:00",26,"Buffet ",28,4.8,13,"scooter ",1,"No ","Metropolitian ","Stormy","Medium ",1
"1/04/2022","9:45:00","9:50:00",19,"Drinks ",28,4.3,23,"motorcycle ",0,"No ","Metropolitian ","Sandstorms","Low ",1
"13/03/2022","8:30:00","8:40:00",23,"Snack ",22,5,15,"motorcycle ",1,"No ","Metropolitian ","Sunny","Low ",1
"15/03/2022","20:00:00","20:10:00",26,"Buffet ",32,4.8,17,"motorcycle ",0,"No ","Metropolitian ","Cloudy","Jam ",0
"8/03/2022","22:15:00","22:25:00",24,"Meal ",27,5,23,"motorcycle ",1,"No ","Urban ","Stormy","Low ",0
"18/02/2022","20:20:00","20:30:00",24,"Meal ",28,5,8,"scooter ",2,"No ","Metropolitian ","Sandstorms","Jam ",1
"13/03/2022","8:55:00","9:10:00",15,"Drinks ",36,4.6,19,"electric_scooter ",2,"No ","Metropolitian ","Cloudy","Low ",0
"28/03/2022","9:25:00","9:35:00",13,"Drinks ",21,4.7,18,"motorcycle ",2,"No ","Metropolitian ","Sandstorms","Low ",1
"10/03/2022","21:10:00","21:15:00",31,"Drinks ",28,4.7,17,"motorcycle ",0,"No ","Metropolitian ","Stormy","Jam ",1
"19/03/2022","16:55:00","17:00:00",27,"Drinks ",38,4.6,6,"motorcycle ",0,"No ","Metropolitian ","Windy","Medium ",0
"7/03/2022","10:15:00","10:30:00",18,"Snack ",34,4.8,15,"scooter ",2,"No ","Metropolitian ","Fog","Low ",0
"18/03/2022","18:15:00","18:25:00",16,"Buffet ",24,4.7,13,"scooter ",2,"No ","Metropolitian ","Stormy","Medium ",0
"5/04/2022","13:35:00","13:50:00",26,"Buffet ",36,4.8,15,"motorcycle ",0,"No ","Metropolitian ","Cloudy","High ",1
"17/03/2022","9:00:00","9:15:00",12,"Meal ",35,4.7,1,"motorcycle ",1,"No ","Metropolitian ","Sunny","Low ",0
"16/03/2022","18:55:00","19:00:00",40,"Buffet ",35,4.7,19,"scooter ",2,"No ","Metropolitian ","Fog","Medium ",1
"15/03/2022","9:50:00","9:55:00",20,"Drinks ",21,4.4,19,"motorcycle ",0,"No ","Metropolitian ","Sandstorms","Low ",1
"17/03/2022","0:00:00","0:10:00",22,"Buffet ",30,4.8,1,"scooter ",1,"No ","Metropolitian ","Sandstorms","Low ",0
"17/02/2022","19:20:00","19:35:00",34,"Buffet ",38,4.2,9,"scooter ",2,"No ","Metropolitian ","Sandstorms","Jam ",0
"14/02/2022","18:55:00","19:10:00",49,"Meal ",32,4.2,3,"motorcycle ",0,"No ","Metropolitian ","Stormy","Medium ",0
"17/02/2022","23:45:00","23:55:00",15,"Meal ",29,4.8,4,"motorcycle ",0,"No ","Metropolitian ","Sunny","Low ",1
"4/04/2022","20:30:00","20:40:00",27,"Drinks ",21,4.7,18,"scooter ",2,"No ","Metropolitian ","Windy","Jam ",1
"8/03/2022","18:30:00","18:35:00",21,"Snack ",26,4.7,15,"motorcycle ",1,"No ","Metropolitian ","Sandstorms","Medium ",0
"26/03/2022","11:10:00","11:15:00",29,"Buffet ",23,4.6,19,"electric_scooter ",2,"No ","Urban ","Sandstorms","High ",1
"4/04/2022","17:20:00","17:25:00",41,"Drinks ",35,4.9,12,"motorcycle ",0,"No ","Metropolitian ","Stormy","Medium ",1
"10/03/2022","22:35:00","22:40:00",33,"Snack ",35,3.5,7,"scooter ",2,"No ","Metropolitian ","Fog","Low ",1
"11/02/2022","17:15:00","17:25:00",12,"Snack ",25,5,4,"electric_scooter ",2,"No ","Metropolitian ","Stormy","Medium ",0
"6/03/2022","22:45:00","22:55:00",14,"Snack ",29,4.5,23,"scooter ",2,"No ","Metropolitian ","Sandstorms","Low ",1
"6/04/2022","20:00:00","20:15:00",17,"Snack ",24,5,22,"scooter ",2,"No ","Metropolitian ","Stormy","Jam ",1
"5/04/2022","17:10:00","17:15:00",31,"Drinks ",36,4.2,2,"electric_scooter ",2,"No ","Metropolitian ","Windy","Medium ",0
"15/02/2022","21:40:00","21:55:00",23,"Drinks ",25,4.7,2,"motorcycle ",2,"No ","Metropolitian ","Stormy","Jam ",1
"14/03/2022","18:35:00","18:45:00",45,"Buffet ",35,5,23,"motorcycle ",0,"No ","Metropolitian ","Sandstorms","Medium ",0
"9/03/2022","17:30:00","17:35:00",34,"Snack ",39,4.2,2,"scooter ",2,"No ","Urban ","Stormy","Medium ",2
"10/03/2022","21:20:00","21:25:00",36,"Meal ",34,4.2,1,"electric_scooter ",2,"No ","Metropolitian ","Windy","Jam ",2
"30/03/2022","18:00:00","18:05:00",28,"Snack ",20,4.8,4,"electric_scooter ",2,"No ","Urban ","Stormy","Medium ",1
"1/03/2022","20:00:00","20:15:00",28,"Buffet ",28,5,22,"scooter ",1,"No ","Urban ","Sandstorms","Jam ",0
"24/03/2022","19:55:00","20:05:00",27,"Snack ",27,4.9,23,"motorcycle ",2,"No ","Urban ","Windy","Jam ",1
"5/04/2022","19:50:00","20:05:00",33,"Drinks ",36,4.1,3,"motorcycle ",1,"No ","Metropolitian ","Cloudy","Jam ",2
"2/04/2022","23:55:00","0:00:00",27,"Meal ",34,4.8,18,"electric_scooter ",2,"No ","Metropolitian ","Stormy","Low ",1
"1/03/2022","23:10:00","23:20:00",23,"Drinks ",36,4.8,22,"motorcycle ",1,"No ","Metropolitian ","Stormy","Low ",1
"5/03/2022","23:15:00","23:25:00",16,"Meal ",32,4.9,21,"electric_scooter ",2,"No ","Metropolitian ","Stormy","Low ",1
"18/02/2022","21:30:00","21:40:00",51,"Buffet ",32,4.3,7,"motorcycle ",0,"Yes ","Metropolitian ","Fog","Jam ",1
"20/03/2022","18:55:00","19:05:00",26,"Buffet ",20,4.7,23,"motorcycle ",0,"No ","Urban ","Sunny","Medium ",1
"26/03/2022","9:15:00","9:25:00",18,"Drinks ",35,4.9,19,"motorcycle ",2,"No ","Metropolitian ","Cloudy","Low ",1
"29/03/2022","22:50:00","22:55:00",21,"Meal ",25,4.8,12,"motorcycle ",0,"No ","Metropolitian ","Cloudy","Low ",0
"13/03/2022","9:20:00","9:30:00",28,"Snack ",30,4,7,"motorcycle ",0,"No ","Metropolitian ","Windy","Low ",1
"13/03/2022","9:25:00","9:30:00",29,"Drinks ",31,4.4,17,"motorcycle ",0,"No ","Metropolitian ","Windy","Low ",1
"3/04/2022","14:10:00","14:25:00",26,"Meal ",23,4.5,9,"scooter ",2,"No ","Metropolitian ","Sandstorms","High ",0
"21/03/2022","12:40:00","12:50:00",23,"Drinks ",20,4.8,22,"motorcycle ",1,"No ","Metropolitian ","Windy","High ",1
"4/03/2022","22:55:00","23:10:00",36,"Snack ",39,3.9,3,"motorcycle ",1,"No ","Urban ","Stormy","Low ",0
"14/03/2022","19:25:00","19:35:00",21,"Drinks ",21,4.8,23,"motorcycle ",1,"No ","Metropolitian ","Windy","Jam ",1
"9/03/2022","11:15:00","11:20:00",31,"Meal ",37,4.7,9,"electric_scooter ",2,"No ","Metropolitian ","Fog","High ",1
"15/02/2022","15:50:00","15:55:00",11,"Drinks ",23,5,23,"motorcycle ",0,"No ","Urban ","Windy","Medium ",1
"24/03/2022","16:10:00","16:15:00",28,"Buffet ",20,4.7,15,"motorcycle ",0,"No ","Metropolitian ","Fog","Medium ",1
"26/03/2022","21:10:00","21:25:00",27,"Buffet ",20,4.7,14,"motorcycle ",0,"No ","Metropolitian ","Cloudy","Jam ",1
"3/03/2022","20:20:00","20:30:00",40,"Drinks ",31,4.4,2,"motorcycle ",0,"No ","Urban ","Windy","Jam ",1
"12/02/2022","22:25:00","22:40:00",12,"Buffet ",27,4.6,23,"scooter ",1,"No ","Urban ","Sandstorms","Low ",1
"14/03/2022","20:30:00","20:35:00",45,"Meal ",28,4.8,18,"motorcycle ",0,"No ","Metropolitian ","Fog","Jam ",1
"16/02/2022","19:50:00","20:05:00",15,"Snack ",31,4.6,18,"scooter ",2,"No ","Urban ","Sunny","Jam ",0
"3/03/2022","20:10:00","20:15:00",27,"Snack ",38,4.6,9,"scooter ",1,"No ","Metropolitian ","Sandstorms","Jam ",1
"15/03/2022","11:25:00","11:40:00",26,"Meal ",27,4.8,14,"motorcycle ",1,"No ","Metropolitian ","Windy","High ",1
"1/04/2022","16:20:00","16:35:00",16,"Drinks ",30,5,21,"scooter ",1,"No ","Metropolitian ","Sunny","Medium ",0
"26/03/2022","11:50:00","12:05:00",46,"Buffet ",20,3.7,1,"motorcycle ",0,"No ","Metropolitian ","Sunny","High ",3
"5/04/2022","9:50:00","10:00:00",12,"Meal ",37,4.9,22,"motorcycle ",2,"No ","Metropolitian ","Sunny","Low ",0
"6/03/2022","19:20:00","19:35:00",54,"Meal ",31,4.7,14,"motorcycle ",0,"No ","Metropolitian ","Sunny","Jam ",1
"28/03/2022","10:40:00","10:50:00",20,"Drinks ",37,5,22,"scooter ",2,"No ","Metropolitian ","Stormy","Low ",1
"13/03/2022","11:25:00","11:30:00",26,"Buffet ",25,4.7,19,"motorcycle ",0,"No ","Metropolitian ","Fog","High ",1
"11/03/2022","22:55:00","23:00:00",25,"Drinks ",21,4.2,3,"motorcycle ",0,"No ","Urban ","Stormy","Low ",0
"2/03/2022","18:15:00","18:30:00",29,"Drinks ",33,4.9,18,"motorcycle ",1,"No ","Metropolitian ","Stormy","Medium ",0
"13/02/2022","22:15:00","22:30:00",18,"Drinks ",24,4.6,5,"motorcycle ",2,"No ","Metropolitian ","Stormy","Low ",1
"29/03/2022","0:00:00","0:15:00",26,"Drinks ",21,5,14,"scooter ",2,"No ","Metropolitian ","Cloudy","Low ",1
"20/03/2022","22:50:00","23:05:00",29,"Buffet ",37,4.5,13,"motorcycle ",1,"No ","Metropolitian ","Windy","Low ",1
"11/02/2022","19:35:00","19:45:00",18,"Buffet ",23,4.5,8,"scooter ",1,"No ","Metropolitian ","Sandstorms","Jam ",0
"31/03/2022","23:55:00","0:05:00",42,"Snack ",31,4.6,6,"motorcycle ",0,"No ","Metropolitian ","Fog","Low ",2
"5/04/2022","23:45:00","23:50:00",28,"Buffet ",30,4.6,23,"motorcycle ",1,"No ","Metropolitian ","Windy","Low ",1
"13/02/2022","18:50:00","18:55:00",17,"Buffet ",34,4.9,8,"scooter ",1,"No ","Metropolitian ","Fog","Medium ",1
"30/03/2022","10:30:00","10:35:00",26,"Buffet ",29,4.2,23,"motorcycle ",0,"No ","Urban ","Sandstorms","Low ",1
"19/03/2022","16:55:00","17:05:00",17,"Meal ",22,4.9,3,"motorcycle ",1,"No ","Metropolitian ","Cloudy","Medium ",0
"3/04/2022","11:20:00","11:30:00",21,"Snack ",37,4.7,19,"electric_scooter ",2,"No ","Metropolitian ","Sunny","High ",1
"1/03/2022","20:00:00","20:10:00",28,"Meal ",39,4.6,13,"motorcycle ",0,"No ","Metropolitian ","Sunny","Jam ",1
"6/04/2022","17:35:00","17:50:00",25,"Meal ",23,5,15,"motorcycle ",2,"No ","Metropolitian ","Stormy","Medium ",0
"13/03/2022","18:20:00","18:30:00",28,"Snack ",34,4.5,19,"electric_scooter ",2,"No ","Metropolitian ","Stormy","Medium ",1
"24/03/2022","21:15:00","21:30:00",20,"Meal ",22,4.5,5,"motorcycle ",0,"No ","Urban ","Fog","Jam ",0
"8/03/2022","23:20:00","23:35:00",29,"Meal ",28,4.6,16,"motorcycle ",1,"No ","Metropolitian ","Fog","Low ",0
"26/03/2022","10:40:00","10:55:00",24,"Buffet ",32,4.5,2,"scooter ",1,"No ","Urban ","Sandstorms","Low ",0
"6/04/2022","20:00:00","20:15:00",31,"Snack ",38,3.5,6,"scooter ",2,"No ","Metropolitian ","Sunny","Jam ",1
"7/03/2022","17:10:00","17:15:00",12,"Drinks ",22,4.6,14,"scooter ",2,"No ","Metropolitian ","Sunny","Medium ",0
"20/03/2022","21:30:00","21:40:00",10,"Snack ",28,4.5,2,"scooter ",1,"No ","Urban ","Sunny","Jam ",0
"1/03/2022","8:40:00","8:45:00",12,"Buffet ",35,4.9,14,"scooter ",1,"No ","Metropolitian ","Sunny","Low ",0
"3/04/2022","8:50:00","8:55:00",24,"Buffet ",36,4.9,22,"motorcycle ",1,"No ","Metropolitian ","Sandstorms","Low ",1
"26/03/2022","9:15:00","9:30:00",18,"Snack ",33,4.6,22,"scooter ",1,"No ","Urban ","Fog","Low ",1
"1/04/2022","21:20:00","21:35:00",25,"Buffet ",22,4.7,23,"scooter ",2,"No ","Metropolitian ","Windy","Jam ",1
"31/03/2022","23:35:00","23:45:00",29,"Drinks ",35,4.9,8,"electric_scooter ",2,"No ","Metropolitian ","Cloudy","Low ",1
"23/03/2022","19:00:00","19:15:00",29,"Buffet ",29,4.9,2,"motorcycle ",2,"No ","Metropolitian ","Fog","Medium ",1
"18/02/2022","18:45:00","18:55:00",46,"Drinks ",37,4.9,3,"motorcycle ",0,"Yes ","Metropolitian ","Fog","Medium ",2
"3/03/2022","18:25:00","18:35:00",25,"Meal ",21,4.7,18,"scooter ",1,"No ","Metropolitian ","Stormy","Medium ",1
"3/03/2022","14:50:00","15:05:00",27,"Snack ",35,4.9,15,"electric_scooter ",2,"No ","Metropolitian ","Stormy","High ",0
"10/03/2022","18:10:00","18:15:00",40,"Meal ",31,4.1,8,"scooter ",1,"No ","Metropolitian ","Cloudy","Medium ",0
"16/03/2022","18:00:00","18:10:00",27,"Meal ",32,4.9,23,"scooter ",2,"No ","Metropolitian ","Stormy","Medium ",1
"27/03/2022","17:35:00","17:45:00",34,"Drinks ",38,4.1,3,"scooter ",2,"No ","Urban ","Windy","Medium ",1
"31/03/2022","23:45:00","23:50:00",15,"Drinks ",34,4.7,3,"scooter ",2,"No ","Urban ","Windy","Low ",1
"18/02/2022","23:50:00","23:55:00",32,"Buffet ",35,4.4,9,"motorcycle ",1,"No ","Metropolitian ","Sandstorms","Low ",1
"13/02/2022","10:15:00","10:20:00",24,"Buffet ",32,4.8,8,"scooter ",2,"No ","Metropolitian ","Stormy","Low ",0
"15/02/2022","19:45:00","19:55:00",42,"Buffet ",35,4.6,2,"motorcycle ",0,"No ","Metropolitian ","Sandstorms","Jam ",1
"26/03/2022","9:50:00","9:55:00",24,"Meal ",36,4.9,14,"motorcycle ",0,"No ","Metropolitian ","Sunny","Low ",0
"29/03/2022","21:15:00","21:20:00",45,"Drinks ",36,4,5,"motorcycle ",0,"No ","Metropolitian ","Stormy","Jam ",1
"11/02/2022","23:30:00","23:40:00",16,"Snack ",36,4.9,8,"motorcycle ",1,"No ","Metropolitian ","Fog","Low ",0
"26/03/2022","10:30:00","10:45:00",19,"Buffet ",24,4.8,16,"motorcycle ",1,"No ","Metropolitian ","Sunny","Low ",1
"15/03/2022","9:50:00","10:00:00",15,"Snack ",39,4.8,9,"scooter ",2,"No ","Metropolitian ","Fog","Low ",1
"7/03/2022","16:10:00","16:15:00",17,"Meal ",24,4.9,19,"motorcycle ",0,"No ","Urban ","Stormy","Medium ",0
"30/03/2022","19:35:00","19:40:00",27,"Meal ",36,4.6,21,"motorcycle ",1,"No ","Metropolitian ","Fog","Jam ",1
"30/03/2022","8:50:00","9:00:00",18,"Drinks ",27,4.1,21,"motorcycle ",0,"No ","Metropolitian ","Windy","Low ",1
"2/04/2022","18:45:00","18:55:00",32,"Buffet ",27,4.8,17,"motorcycle ",2,"No ","Urban ","Fog","Medium ",0
"10/03/2022","17:50:00","17:55:00",38,"Meal ",21,4.6,23,"motorcycle ",0,"No ","Metropolitian ","Cloudy","Medium ",0
"15/02/2022","11:45:00","11:55:00",30,"Buffet ",30,4.8,21,"scooter ",1,"No ","Urban ","Sandstorms","High ",1
"15/02/2022","10:55:00","11:10:00",23,"Buffet ",36,4.8,6,"motorcycle ",1,"No ","Metropolitian ","Stormy","Low ",0
"3/04/2022","23:20:00","23:35:00",15,"Drinks ",30,4.8,16,"scooter ",2,"No ","Urban ","Cloudy","Low ",0
"1/03/2022","18:25:00","18:40:00",31,"Drinks ",32,5,13,"scooter ",2,"No ","Metropolitian ","Stormy","Medium ",1
"15/03/2022","8:50:00","9:05:00",18,"Buffet ",23,4.9,16,"scooter ",2,"No ","Metropolitian ","Stormy","Low ",0
"23/03/2022","21:45:00","22:00:00",26,"Drinks ",37,4.9,16,"scooter ",2,"No ","Metropolitian ","Windy","Jam ",1
"15/02/2022","21:10:00","21:25:00",21,"Snack ",33,4.6,7,"scooter ",1,"No ","Metropolitian ","Sunny","Jam ",0
"17/03/2022","21:50:00","22:05:00",49,"Snack ",32,4.8,12,"motorcycle ",0,"Yes ","Metropolitian ","Windy","Jam ",1
"21/03/2022","17:55:00","18:00:00",24,"Drinks ",26,4.6,23,"scooter ",1,"No ","Metropolitian ","Sandstorms","Medium ",0
"19/03/2022","18:10:00","18:15:00",30,"Buffet ",39,4.8,16,"scooter ",2,"No ","Urban ","Sandstorms","Medium ",1
"11/03/2022","19:55:00","20:00:00",39,"Buffet ",22,4.7,23,"motorcycle ",0,"Yes ","Metropolitian ","Stormy","Jam ",0
"5/04/2022","18:35:00","18:40:00",27,"Meal ",21,4.9,21,"scooter ",2,"No ","Metropolitian ","Windy","Medium ",0
"9/03/2022","19:45:00","20:00:00",29,"Drinks ",38,4.6,18,"motorcycle ",1,"No ","Metropolitian ","Sandstorms","Jam ",0
"26/03/2022","23:30:00","23:35:00",23,"Snack ",39,4.8,15,"scooter ",1,"No ","Metropolitian ","Windy","Low ",1
"30/03/2022","21:45:00","22:00:00",32,"Snack ",37,4.3,7,"scooter ",1,"No ","Metropolitian ","Windy","Jam ",1
"28/03/2022","10:45:00","10:50:00",13,"Drinks ",20,4.9,14,"scooter ",1,"No ","Metropolitian ","Sandstorms","Low ",1
"21/03/2022","20:55:00","21:00:00",26,"Snack ",20,4.7,23,"motorcycle ",0,"No ","Metropolitian ","Stormy","Jam ",1
"7/03/2022","16:20:00","16:35:00",31,"Buffet ",30,4.4,14,"motorcycle ",1,"No ","Metropolitian ","Windy","Medium ",1
"17/02/2022","10:20:00","10:25:00",28,"Drinks ",30,4.8,8,"electric_scooter ",2,"No ","Metropolitian ","Sandstorms","Low ",1
"28/03/2022","10:15:00","10:25:00",18,"Snack ",22,4.5,1,"scooter ",2,"No ","Urban ","Fog","Low ",0
"3/04/2022","17:35:00","17:50:00",17,"Buffet ",35,5,15,"scooter ",1,"No ","Urban ","Sunny","Medium ",0
"10/03/2022","17:40:00","17:50:00",33,"Drinks ",27,4.7,16,"motorcycle ",1,"No ","Metropolitian ","Cloudy","Medium ",1
"25/03/2022","21:20:00","21:35:00",36,"Buffet ",29,4.1,1,"motorcycle ",0,"No ","Metropolitian ","Windy","Jam ",1
"25/03/2022","18:25:00","18:35:00",28,"Drinks ",39,4.9,16,"scooter ",2,"No ","Urban ","Sandstorms","Medium ",1
"12/03/2022","17:45:00","17:55:00",26,"Drinks ",34,4.9,23,"scooter ",1,"No ","Metropolitian ","Sunny","Medium ",1
"1/04/2022","8:45:00","8:55:00",29,"Drinks ",38,4.7,13,"motorcycle ",2,"No ","Metropolitian ","Sandstorms","Low ",1
"7/03/2022","15:40:00","15:50:00",23,"Buffet ",29,4.8,23,"motorcycle ",2,"No ","Metropolitian ","Windy","Medium ",0
"6/03/2022","19:25:00","19:35:00",25,"Snack ",20,4.8,23,"scooter ",2,"No ","Metropolitian ","Sandstorms","Jam ",1
"15/03/2022","23:45:00","23:55:00",12,"Buffet ",28,4.6,19,"scooter ",2,"No ","Metropolitian ","Sandstorms","Low ",1
"23/03/2022","17:45:00","18:00:00",22,"Drinks ",27,4.5,15,"motorcycle ",1,"No ","Metropolitian ","Windy","Medium ",1
"12/02/2022","17:50:00","18:05:00",15,"Drinks ",38,4.9,15,"motorcycle ",1,"No ","Urban ","Sunny","Medium ",1
"4/04/2022","22:40:00","22:45:00",25,"Buffet ",35,4.9,19,"scooter ",1,"No ","Metropolitian ","Fog","Low ",1
"16/02/2022","0:00:00","0:10:00",27,"Meal ",21,4.8,2,"motorcycle ",2,"No ","Metropolitian ","Sunny","Low ",0
"16/03/2022","17:25:00","17:40:00",37,"Snack ",37,5,17,"scooter ",2,"No ","Metropolitian ","Cloudy","Medium ",0
"11/02/2022","18:00:00","18:15:00",19,"Snack ",32,4.8,5,"electric_scooter ",2,"No ","Metropolitian ","Stormy","Medium ",1
"24/03/2022","21:50:00","21:55:00",30,"Meal ",36,4.5,7,"scooter ",1,"No ","Metropolitian ","Cloudy","Jam ",1
"17/02/2022","8:20:00","8:25:00",12,"Snack ",24,4.6,2,"scooter ",1,"No ","Metropolitian ","Fog","Low ",0
"1/03/2022","17:30:00","17:45:00",29,"Meal ",27,5,17,"motorcycle ",2,"No ","Metropolitian ","Stormy","Medium ",0
"18/02/2022","20:00:00","20:15:00",38,"Meal ",33,4.8,8,"scooter ",2,"No ","Metropolitian ","Fog","Jam ",1
"13/02/2022","9:30:00","9:40:00",12,"Snack ",25,4.6,7,"motorcycle ",1,"No ","Metropolitian ","Sandstorms","Low ",1
"19/03/2022","20:55:00","21:05:00",49,"Meal ",33,4.9,9,"motorcycle ",0,"No ","Metropolitian ","Windy","Jam ",2
"14/03/2022","21:25:00","21:35:00",18,"Buffet ",28,4.9,21,"motorcycle ",1,"No ","Metropolitian ","Windy","Jam ",1
"27/03/2022","21:40:00","21:50:00",45,"Snack ",37,4.7,3,"motorcycle ",0,"No ","Metropolitian ","Fog","Jam ",2
"16/03/2022","20:20:00","20:35:00",38,"Buffet ",26,4.7,18,"scooter ",2,"No ","Metropolitian ","Cloudy","Jam ",0
"18/03/2022","22:30:00","22:35:00",19,"Snack ",37,4.6,23,"motorcycle ",2,"No ","Urban ","Sandstorms","Low ",1
"28/03/2022","10:20:00","10:35:00",14,"Drinks ",25,4.6,23,"motorcycle ",0,"No ","Metropolitian ","Sunny","Low ",1
"20/03/2022","20:20:00","20:35:00",42,"Meal ",39,4.8,15,"motorcycle ",0,"No ","Urban ","Cloudy","Jam ",0
"5/04/2022","22:10:00","22:15:00",13,"Meal ",34,4.9,16,"motorcycle ",1,"No ","Urban ","Sunny","Low ",1
"17/02/2022","9:15:00","9:20:00",24,"Buffet ",36,5,4,"motorcycle ",1,"No ","Metropolitian ","Stormy","Low ",1
"8/03/2022","20:50:00","21:05:00",38,"Drinks ",39,4,9,"motorcycle ",0,"No ","Metropolitian ","Stormy","Jam ",0
"15/02/2022","21:35:00","21:50:00",27,"Drinks ",30,5,3,"motorcycle ",0,"No ","Metropolitian ","Sunny","Jam ",1
"12/02/2022","21:15:00","21:20:00",37,"Snack ",24,4.9,7,"scooter ",1,"No ","Metropolitian ","Stormy","Jam ",2
"19/03/2022","10:10:00","10:20:00",25,"Buffet ",35,4.6,21,"motorcycle ",0,"No ","Urban ","Fog","Low ",0
"5/04/2022","18:55:00","19:10:00",34,"Buffet ",35,4.6,18,"motorcycle ",1,"No ","Metropolitian ","Windy","Medium ",2
"31/03/2022","23:35:00","23:50:00",22,"Snack ",22,4.7,23,"motorcycle ",0,"No ","Metropolitian ","Stormy","Low ",0
"6/04/2022","0:00:00","0:10:00",14,"Buffet ",20,4.6,23,"motorcycle ",1,"No ","Urban ","Stormy","Low ",0
"2/04/2022","22:45:00","23:00:00",27,"Snack ",34,4.9,22,"motorcycle ",1,"No ","Metropolitian ","Sunny","Low ",1
"6/04/2022","17:30:00","17:40:00",41,"Buffet ",39,4.1,4,"scooter ",2,"No ","Metropolitian ","Cloudy","Medium ",1
"30/03/2022","21:40:00","21:50:00",27,"Snack ",35,4.6,9,"motorcycle ",2,"No ","Metropolitian ","Fog","Jam ",1
"28/03/2022","21:15:00","21:30:00",39,"Snack ",37,4.9,11,"motorcycle ",2,"No ","Metropolitian ","Fog","Jam ",0
"13/03/2022","12:25:00","12:35:00",32,"Meal ",37,4.1,13,"scooter ",2,"No ","Metropolitian ","Sandstorms","High ",0
"28/03/2022","18:50:00","19:00:00",22,"Buffet ",31,4.7,18,"motorcycle ",0,"No ","Metropolitian ","Sunny","Medium ",1
"19/03/2022","21:40:00","21:50:00",23,"Snack ",25,4.7,19,"motorcycle ",0,"No ","Metropolitian ","Fog","Jam ",0
"28/03/2022","23:15:00","23:30:00",19,"Drinks ",38,4.8,12,"electric_scooter ",2,"No ","Metropolitian ","Cloudy","Low ",0
"13/02/2022","19:10:00","19:15:00",30,"Snack ",30,4.7,9,"motorcycle ",0,"No ","Metropolitian ","Windy","Jam ",1
"4/03/2022","19:40:00","19:55:00",44,"Drinks ",20,4,3,"scooter ",1,"No ","Metropolitian ","Fog","Jam ",1
"26/03/2022","19:20:00","19:35:00",29,"Drinks ",31,4.9,13,"scooter ",1,"No ","Metropolitian ","Sandstorms","Jam ",0
"4/04/2022","23:20:00","23:30:00",17,"Buffet ",26,4.6,19,"scooter ",2,"No ","Metropolitian ","Windy","Low ",0
"25/03/2022","18:00:00","18:10:00",29,"Buffet ",29,4.9,3,"motorcycle ",0,"No ","Metropolitian ","Sandstorms","Medium ",1
"2/04/2022","19:20:00","19:30:00",42,"Meal ",30,4.7,3,"motorcycle ",0,"No ","Metropolitian ","Sunny","Jam ",0
"14/03/2022","22:25:00","22:40:00",16,"Buffet ",27,4.6,18,"motorcycle ",0,"No ","Urban ","Sandstorms","Low ",1
"4/03/2022","17:10:00","17:25:00",25,"Buffet ",34,4.8,9,"motorcycle ",0,"No ","Metropolitian ","Sunny","Medium ",1
"12/03/2022","23:00:00","23:10:00",12,"Buffet ",24,4.7,16,"scooter ",1,"No ","Metropolitian ","Windy","Low ",0
"18/03/2022","20:35:00","20:50:00",10,"Drinks ",23,4.7,21,"scooter ",2,"No ","Urban ","Sunny","Jam ",1
"4/03/2022","20:35:00","20:45:00",33,"Buffet ",22,4.1,11,"motorcycle ",0,"No ","Metropolitian ","Sunny","Jam ",1
"26/03/2022","10:15:00","10:25:00",23,"Drinks ",32,4.8,22,"motorcycle ",0,"No ","Metropolitian ","Fog","Low ",1
"4/03/2022","22:35:00","22:50:00",17,"Drinks ",27,4.7,23,"scooter ",1,"No ","Urban ","Stormy","Low ",1
"13/03/2022","15:00:00","15:10:00",21,"Buffet ",39,4.7,14,"motorcycle ",0,"No ","Metropolitian ","Sunny","High ",1
"15/03/2022","17:25:00","17:40:00",18,"Buffet ",34,4.8,13,"scooter ",1,"No ","Metropolitian ","Cloudy","Medium ",0
"14/03/2022","19:10:00","19:20:00",44,"Drinks ",33,4.6,23,"electric_scooter ",2,"No ","Metropolitian ","Fog","Jam ",1
"8/03/2022","19:00:00","19:05:00",44,"Drinks ",24,4.7,16,"motorcycle ",0,"Yes ","Metropolitian ","Fog","Medium ",1
"18/03/2022","23:15:00","23:25:00",28,"Snack ",30,4.9,6,"motorcycle ",0,"No ","Metropolitian ","Sandstorms","Low ",0
"31/03/2022","22:15:00","22:25:00",23,"Drinks ",32,4.5,13,"motorcycle ",1,"No ","Metropolitian ","Stormy","Low ",0
"13/02/2022","23:50:00","0:05:00",13,"Snack ",20,4.6,9,"electric_scooter ",2,"No ","Metropolitian ","Fog","Low ",0
"12/02/2022","22:00:00","22:15:00",43,"Buffet ",32,4.3,9,"motorcycle ",1,"No ","Metropolitian ","Windy","Jam ",1
"13/03/2022","22:45:00","22:50:00",13,"Meal ",33,4.8,13,"scooter ",1,"No ","Metropolitian ","Sunny","Low ",1
"15/03/2022","17:10:00","17:20:00",16,"Buffet ",37,4.8,14,"motorcycle ",1,"No ","Metropolitian ","Fog","Medium ",1
"29/03/2022","19:35:00","19:50:00",29,"Drinks ",36,4.6,7,"motorcycle ",1,"No ","Metropolitian ","Sandstorms","Jam ",1
"3/04/2022","20:15:00","20:30:00",25,"Drinks ",31,4.7,21,"scooter ",1,"No ","Urban ","Stormy","Jam ",1
"14/03/2022","21:20:00","21:35:00",35,"Drinks ",29,4.9,21,"motorcycle ",0,"No ","Metropolitian ","Cloudy","Jam ",1
"17/03/2022","12:25:00","12:30:00",28,"Buffet ",25,4.6,18,"scooter ",1,"No ","Urban ","Stormy","High ",0
"14/02/2022","22:50:00","23:05:00",20,"Snack ",39,4.9,5,"motorcycle ",0,"No ","Metropolitian ","Sandstorms","Low ",1
"23/03/2022","17:30:00","17:40:00",34,"Buffet ",39,4.4,8,"motorcycle ",0,"No ","Metropolitian ","Stormy","Medium ",1
"27/03/2022","17:10:00","17:25:00",38,"Meal ",25,4,13,"motorcycle ",0,"No ","Metropolitian ","Windy","Medium ",1
"6/04/2022","21:15:00","21:30:00",49,"Meal ",39,4.7,15,"scooter ",1,"No ","Urban ","Cloudy","Jam ",1
"20/03/2022","20:25:00","20:40:00",39,"Snack ",25,5,8,"motorcycle ",2,"No ","Metropolitian ","Cloudy","Jam ",1
"5/03/2022","8:35:00","8:40:00",29,"Snack ",37,4.7,13,"scooter ",1,"No ","Metropolitian ","Sunny","Low ",1
"20/03/2022","21:35:00","21:40:00",43,"Drinks ",36,4.1,8,"electric_scooter ",2,"No ","Metropolitian ","Cloudy","Jam ",1
"1/04/2022","10:50:00","11:00:00",17,"Snack ",38,4.9,17,"scooter ",1,"No ","Urban ","Fog","Low ",1
"4/03/2022","23:30:00","23:45:00",19,"Buffet ",30,4.7,17,"scooter ",2,"No ","Urban ","Stormy","Low ",0
"25/03/2022","21:35:00","21:45:00",43,"Meal ",37,3.5,3,"motorcycle ",1,"No ","Metropolitian ","Windy","Jam ",2
"13/03/2022","14:10:00","14:15:00",32,"Meal ",27,4.6,23,"motorcycle ",1,"No ","Metropolitian ","Cloudy","High ",1
"25/03/2022","23:55:00","0:00:00",39,"Snack ",38,3.9,13,"motorcycle ",2,"No ","Metropolitian ","Fog","Low ",1
"5/03/2022","19:50:00","19:55:00",29,"Meal ",20,4.8,12,"motorcycle ",0,"No ","Metropolitian ","Fog","Jam ",1
"31/03/2022","22:15:00","22:25:00",22,"Meal ",27,4.8,12,"scooter ",1,"No ","Metropolitian ","Cloudy","Low ",1
"16/02/2022","18:10:00","18:15:00",44,"Buffet ",31,4.9,3,"motorcycle ",0,"No ","Metropolitian ","Fog","Medium ",1
"18/02/2022","21:50:00","22:05:00",31,"Meal ",21,4.3,9,"scooter ",1,"No ","Metropolitian ","Fog","Jam ",1
"13/03/2022","9:35:00","9:45:00",19,"Snack ",33,4.7,12,"scooter ",1,"No ","Metropolitian ","Sunny","Low ",1
"16/03/2022","21:10:00","21:15:00",34,"Snack ",21,4.1,8,"motorcycle ",0,"No ","Metropolitian ","Stormy","Jam ",0
"14/02/2022","19:35:00","19:45:00",25,"Meal ",26,4.5,9,"motorcycle ",2,"No ","Metropolitian ","Sandstorms","Jam ",1
"8/03/2022","19:10:00","19:20:00",38,"Meal ",38,4.6,23,"motorcycle ",2,"No ","Metropolitian ","Fog","Jam ",2
"16/03/2022","17:15:00","17:30:00",15,"Drinks ",26,4.6,18,"scooter ",2,"No ","Metropolitian ","Windy","Medium ",1
"28/03/2022","9:40:00","9:50:00",13,"Drinks ",26,4.8,21,"motorcycle ",1,"No ","Urban ","Fog","Low ",1
"14/03/2022","22:25:00","22:40:00",38,"Meal ",39,4,7,"motorcycle ",0,"No ","Metropolitian ","Fog","Low ",2
"12/03/2022","20:30:00","20:40:00",31,"Buffet ",36,3.9,3,"motorcycle ",2,"No ","Urban ","Sandstorms","Jam ",1
"3/03/2022","20:50:00","21:05:00",13,"Drinks ",22,4.8,16,"scooter ",2,"No ","Metropolitian ","Sandstorms","Jam ",0
"20/03/2022","17:35:00","17:50:00",42,"Buffet ",35,4.9,15,"electric_scooter ",2,"No ","Urban ","Cloudy","Medium ",1
"18/03/2022","23:25:00","23:30:00",29,"Drinks ",38,4.8,3,"motorcycle ",2,"No ","Metropolitian ","Stormy","Low ",0
"14/03/2022","20:35:00","20:50:00",41,"Drinks ",27,4.7,15,"motorcycle ",2,"No ","Metropolitian ","Fog","Jam ",0
"12/02/2022","20:55:00","21:05:00",32,"Snack ",30,4.4,6,"motorcycle ",0,"No ","Urban ","Sunny","Jam ",1
"11/03/2022","8:35:00","8:40:00",27,"Meal ",31,4.2,2,"motorcycle ",0,"No ","Metropolitian ","Sandstorms","Low ",1
"10/03/2022","21:45:00","22:00:00",49,"Drinks ",36,5,21,"motorcycle ",0,"No ","Urban ","Fog","Jam ",1
"12/02/2022","23:35:00","23:40:00",27,"Drinks ",31,4.8,8,"scooter ",1,"No ","Metropolitian ","Fog","Low ",1
"23/03/2022","20:00:00","20:05:00",31,"Snack ",31,4.2,11,"scooter ",1,"No ","Metropolitian ","Sandstorms","Jam ",1
"18/03/2022","18:30:00","18:35:00",16,"Buffet ",29,4.5,8,"motorcycle ",1,"No ","Metropolitian ","Sunny","Medium ",1
"19/03/2022","9:35:00","9:40:00",19,"Buffet ",26,4.5,4,"motorcycle ",0,"No ","Urban ","Stormy","Low ",0
"14/03/2022","23:25:00","23:35:00",25,"Meal ",30,4.8,17,"scooter ",2,"No ","Urban ","Stormy","Low ",1
"3/03/2022","20:35:00","20:40:00",24,"Buffet ",20,4.7,17,"electric_scooter ",2,"No ","Urban ","Fog","Jam ",1
"17/03/2022","13:40:00","13:50:00",38,"Meal ",32,4,16,"motorcycle ",0,"No ","Metropolitian ","Sandstorms","High ",1
"14/02/2022","20:30:00","20:45:00",33,"Snack ",34,3.5,5,"motorcycle ",1,"No ","Urban ","Windy","Jam ",1
"15/02/2022","20:15:00","20:30:00",15,"Snack ",39,4.6,4,"scooter ",2,"No ","Metropolitian ","Sunny","Jam ",0
"26/03/2022","14:10:00","14:25:00",34,"Meal ",30,4.2,2,"motorcycle ",0,"No ","Metropolitian ","Cloudy","High ",1
"12/02/2022","18:10:00","18:20:00",25,"Meal ",36,5,6,"motorcycle ",1,"No ","Metropolitian ","Windy","Medium ",0
"18/02/2022","20:50:00","21:05:00",34,"Meal ",22,4.1,18,"motorcycle ",1,"No ","Metropolitian ","Sandstorms","Jam ",1
"11/02/2022","22:40:00","22:50:00",22,"Buffet ",24,4.5,8,"motorcycle ",0,"No ","Metropolitian ","Stormy","Low ",1
"11/02/2022","8:10:00","8:20:00",27,"Drinks ",22,4.3,6,"motorcycle ",0,"No ","Urban ","Windy","Low ",0
"17/02/2022","20:40:00","20:55:00",23,"Buffet ",27,4.8,23,"motorcycle ",0,"No ","Urban ","Fog","Jam ",0
"1/04/2022","8:45:00","8:55:00",26,"Buffet ",21,4.3,9,"motorcycle ",0,"No ","Metropolitian ","Sandstorms","Low ",1
"9/03/2022","12:00:00","12:10:00",13,"Buffet ",21,4.9,23,"scooter ",1,"No ","Urban ","Sunny","High ",0
"14/03/2022","20:40:00","20:45:00",49,"Buffet ",34,5,23,"scooter ",1,"No ","Semi-Urban ","Fog","Jam ",1
"3/04/2022","19:45:00","19:50:00",20,"Meal ",31,4.9,18,"scooter ",1,"No ","Metropolitian ","Sunny","Jam ",0
"8/03/2022","19:50:00","20:05:00",25,"Drinks ",25,4.6,9,"scooter ",2,"No ","Metropolitian ","Sandstorms","Jam ",1
"5/03/2022","11:45:00","12:00:00",24,"Meal ",27,5,22,"scooter ",2,"No ","Metropolitian ","Stormy","High ",1
"9/03/2022","21:45:00","21:55:00",31,"Buffet ",25,4.2,4,"motorcycle ",2,"No ","Urban ","Stormy","Jam ",1
"16/03/2022","0:00:00","0:10:00",32,"Drinks ",20,2.8,1,"scooter ",2,"No ","Metropolitian ","Sunny","Low ",1
"4/03/2022","18:25:00","18:35:00",44,"Buffet ",38,4.1,11,"motorcycle ",1,"No ","Metropolitian ","Fog","Medium ",1
"3/03/2022","18:25:00","18:35:00",15,"Drinks ",21,4.6,17,"scooter ",1,"No ","Urban ","Cloudy","Medium ",0
"7/03/2022","11:45:00","12:00:00",17,"Meal ",38,4.8,23,"scooter ",2,"No ","Urban ","Stormy","High ",1
"1/03/2022","17:45:00","17:55:00",31,"Buffet ",34,4,8,"scooter ",1,"No ","Metropolitian ","Stormy","Medium ",1
"28/03/2022","21:35:00","21:50:00",31,"Meal ",36,4.7,3,"motorcycle ",0,"No ","Metropolitian ","Cloudy","Jam ",1
"5/03/2022","17:35:00","17:40:00",27,"Snack ",30,4.8,17,"motorcycle ",0,"No ","Metropolitian ","Sandstorms","Medium ",0
"7/03/2022","23:00:00","23:05:00",19,"Meal ",26,4.7,14,"scooter ",1,"No ","Metropolitian ","Stormy","Low ",0
"15/03/2022","9:40:00","9:55:00",21,"Drinks ",30,4.7,19,"motorcycle ",0,"No ","Metropolitian ","Sunny","Low ",1
"31/03/2022","17:30:00","17:35:00",26,"Buffet ",24,4.9,14,"motorcycle ",0,"No ","Metropolitian ","Sunny","Medium ",0
"21/03/2022","21:35:00","21:45:00",32,"Buffet ",22,4.9,8,"motorcycle ",1,"No ","Metropolitian ","Cloudy","Jam ",0
"4/03/2022","19:50:00","20:00:00",15,"Buffet ",27,5,22,"scooter ",2,"No ","Urban ","Sandstorms","Jam ",0
"1/04/2022","20:50:00","20:55:00",35,"Meal ",39,4.7,5,"motorcycle ",0,"No ","Urban ","Stormy","Jam ",1
"1/04/2022","21:20:00","21:30:00",28,"Meal ",30,4.8,19,"scooter ",1,"No ","Metropolitian ","Windy","Jam ",0
"18/03/2022","23:35:00","23:45:00",17,"Buffet ",31,4.8,15,"motorcycle ",1,"No ","Urban ","Sandstorms","Low ",0
"28/03/2022","17:40:00","17:45:00",21,"Drinks ",27,4.9,13,"scooter ",1,"No ","Metropolitian ","Stormy","Medium ",0
"10/03/2022","18:20:00","18:25:00",38,"Meal ",26,4.1,11,"motorcycle ",2,"No ","Metropolitian ","Cloudy","Medium ",1
"5/04/2022","11:35:00","11:45:00",31,"Drinks ",22,4.3,6,"scooter ",1,"No ","Metropolitian ","Fog","High ",1
"14/02/2022","17:35:00","17:40:00",41,"Meal ",32,5,7,"motorcycle ",0,"Yes ","Metropolitian ","Windy","Medium ",1
"13/02/2022","19:00:00","19:05:00",33,"Meal ",30,4.9,2,"motorcycle ",0,"No ","Metropolitian ","Windy","Medium ",1
"5/04/2022","10:00:00","10:15:00",18,"Meal ",37,4.6,23,"scooter ",1,"No ","Metropolitian ","Cloudy","Low ",0
"24/03/2022","20:15:00","20:20:00",30,"Meal ",39,4.7,6,"electric_scooter ",2,"No ","Metropolitian ","Cloudy","Jam ",1
"17/03/2022","22:30:00","22:45:00",13,"Drinks ",26,4.8,13,"scooter ",1,"No ","Metropolitian ","Cloudy","Low ",0
"21/03/2022","11:30:00","11:35:00",33,"Snack ",26,4.7,7,"motorcycle ",1,"No ","Metropolitian ","Fog","High ",1
"2/04/2022","21:50:00","22:05:00",22,"Snack ",33,5,23,"motorcycle ",2,"No ","Metropolitian ","Sunny","Jam ",0
"28/03/2022","15:45:00","15:50:00",17,"Drinks ",35,4.5,3,"scooter ",1,"No ","Urban ","Cloudy","Medium ",0
"12/02/2022","18:25:00","18:35:00",19,"Buffet ",23,4.9,5,"electric_scooter ",2,"No ","Metropolitian ","Sunny","Medium ",1
"17/02/2022","17:40:00","17:50:00",16,"Drinks ",30,4.6,9,"motorcycle ",1,"No ","Metropolitian ","Stormy","Medium ",1
"19/03/2022","11:55:00","12:05:00",26,"Buffet ",20,4.8,19,"motorcycle ",0,"No ","Urban ","Fog","High ",1
"6/03/2022","19:00:00","19:05:00",45,"Buffet ",39,4,1,"motorcycle ",0,"Yes ","Metropolitian ","Sandstorms","Medium ",1
"5/04/2022","12:35:00","12:40:00",30,"Drinks ",30,4.7,17,"motorcycle ",0,"No ","Metropolitian ","Cloudy","High ",1
"4/03/2022","19:50:00","20:00:00",15,"Drinks ",27,4.8,15,"scooter ",2,"No ","Urban ","Stormy","Jam ",0
"2/04/2022","22:25:00","22:30:00",17,"Drinks ",37,4.5,23,"motorcycle ",1,"No ","Metropolitian ","Sandstorms","Low ",0
"26/03/2022","22:10:00","22:25:00",26,"Snack ",37,4.7,22,"motorcycle ",0,"No ","Metropolitian ","Cloudy","Low ",0
"23/03/2022","20:00:00","20:05:00",31,"Snack ",31,4.2,11,"scooter ",1,"No ","Metropolitian ","Sandstorms","Jam ",1
"13/03/2022","17:25:00","17:30:00",14,"Snack ",21,4.8,14,"scooter ",2,"No ","Metropolitian ","Fog","Medium ",1
"21/03/2022","10:50:00","11:00:00",15,"Meal ",24,4.8,14,"scooter ",1,"No ","Metropolitian ","Stormy","Low ",0
"26/03/2022","17:30:00","17:35:00",24,"Snack ",28,4.7,21,"electric_scooter ",2,"No ","Metropolitian ","Sandstorms","Medium ",1
"16/03/2022","23:25:00","23:30:00",27,"Meal ",31,4.6,21,"motorcycle ",0,"No ","Metropolitian ","Windy","Low ",0
"3/03/2022","8:15:00","8:30:00",20,"Drinks ",30,4.6,23,"motorcycle ",1,"No ","Metropolitian ","Sandstorms","Low ",1
"6/03/2022","21:20:00","21:35:00",40,"Snack ",28,4.3,12,"motorcycle ",2,"No ","Metropolitian ","Sunny","Jam ",1
"21/03/2022","23:35:00","23:45:00",18,"Snack ",33,4.9,12,"motorcycle ",1,"No ","Metropolitian ","Cloudy","Low ",1
"14/03/2022","22:20:00","22:25:00",24,"Meal ",27,4.9,23,"motorcycle ",0,"No ","Metropolitian ","Sunny","Low ",1
"29/03/2022","23:40:00","23:55:00",27,"Drinks ",29,4.6,13,"scooter ",1,"No ","Metropolitian ","Fog","Low ",1
"28/03/2022","10:10:00","10:15:00",21,"Meal ",35,4.7,9,"motorcycle ",0,"No ","Metropolitian ","Fog","Low ",0
"11/03/2022","19:55:00","20:05:00",28,"Drinks ",37,4.5,2,"scooter ",2,"No ","Urban ","Fog","Jam ",0
"6/04/2022","22:35:00","22:50:00",42,"Drinks ",24,2.6,2,"motorcycle ",1,"Yes ","Metropolitian ","Sunny","Low ",1
"30/03/2022","10:40:00","10:50:00",21,"Snack ",38,4.3,22,"motorcycle ",0,"No ","Urban ","Sandstorms","Low ",0
"28/03/2022","22:50:00","23:05:00",12,"Drinks ",24,4.7,12,"scooter ",1,"No ","Metropolitian ","Fog","Low ",0
"3/03/2022","21:50:00","22:05:00",23,"Snack ",24,4.6,19,"scooter ",2,"No ","Metropolitian ","Fog","Jam ",0
"26/03/2022","18:55:00","19:00:00",15,"Drinks ",24,4.9,18,"scooter ",2,"No ","Metropolitian ","Sunny","Medium ",0
"7/03/2022","15:25:00","15:30:00",15,"Meal ",32,4.8,15,"motorcycle ",2,"No ","Metropolitian ","Sunny","Medium ",1
"2/03/2022","18:20:00","18:30:00",21,"Snack ",23,4.5,23,"motorcycle ",0,"No ","Metropolitian ","Stormy","Medium ",1
"1/04/2022","19:45:00","20:00:00",32,"Meal ",24,4.2,11,"motorcycle ",0,"No ","Metropolitian ","Stormy","Jam ",1
"14/02/2022","21:25:00","21:40:00",54,"Buffet ",34,4.2,3,"motorcycle ",0,"No ","Metropolitian ","Sandstorms","Jam ",3
"6/04/2022","23:25:00","23:35:00",21,"Snack ",23,4.9,23,"motorcycle ",0,"No ","Metropolitian ","Sandstorms","Low ",1
"7/03/2022","22:35:00","22:45:00",14,"Snack ",26,4.7,15,"motorcycle ",1,"No ","Metropolitian ","Sunny","Low ",1
"12/02/2022","23:10:00","23:25:00",11,"Buffet ",26,4.7,23,"motorcycle ",1,"No ","Urban ","Stormy","Low ",1
"23/03/2022","17:20:00","17:30:00",28,"Drinks ",25,4.6,22,"scooter ",2,"No ","Metropolitian ","Windy","Medium ",1
"26/03/2022","19:35:00","19:50:00",31,"Drinks ",33,4.4,1,"motorcycle ",0,"No ","Metropolitian ","Stormy","Jam ",1
"9/03/2022","23:40:00","23:50:00",12,"Meal ",22,4.6,17,"electric_scooter ",2,"No ","Metropolitian ","Stormy","Low ",0
"19/03/2022","15:55:00","16:05:00",25,"Buffet ",39,4.6,3,"scooter ",1,"No ","Metropolitian ","Sandstorms","Medium ",0
"14/03/2022","18:50:00","19:00:00",34,"Buffet ",20,4.6,22,"motorcycle ",0,"No ","Metropolitian ","Cloudy","Medium ",1
"17/02/2022","22:25:00","22:30:00",17,"Meal ",36,5,3,"motorcycle ",1,"No ","Metropolitian ","Sandstorms","Low ",0
"6/03/2022","19:00:00","19:10:00",22,"Snack ",32,4.9,16,"electric_scooter ",2,"No ","Metropolitian ","Sunny","Medium ",1
"9/03/2022","22:40:00","22:45:00",30,"Snack ",36,4.5,3,"motorcycle ",0,"No ","Urban ","Stormy","Low ",1
"26/03/2022","13:45:00","14:00:00",28,"Buffet ",34,4.9,22,"motorcycle ",2,"No ","Metropolitian ","Windy","High ",1
"2/04/2022","23:00:00","23:10:00",24,"Snack ",32,4.9,23,"motorcycle ",0,"No ","Urban ","Windy","Low ",0
"12/03/2022","17:50:00","18:05:00",31,"Snack ",39,4.4,15,"electric_scooter ",2,"No ","Metropolitian ","Sandstorms","Medium ",0
"7/03/2022","14:20:00","14:35:00",22,"Buffet ",23,4.7,16,"electric_scooter ",2,"No ","Urban ","Stormy","High ",0
"16/02/2022","20:25:00","20:30:00",14,"Meal ",23,4.9,3,"scooter ",1,"No ","Metropolitian ","Sunny","Jam ",1
"4/03/2022","17:20:00","17:25:00",40,"Drinks ",31,5,16,"scooter ",1,"Yes ","Metropolitian ","Stormy","Medium ",1
"14/03/2022","18:25:00","18:40:00",24,"Meal ",29,4.7,15,"scooter ",2,"No ","Urban ","Stormy","Medium ",1
"1/03/2022","20:35:00","20:45:00",33,"Meal ",32,4.3,23,"scooter ",1,"No ","Metropolitian ","Stormy","Jam ",0
"3/04/2022","8:50:00","9:00:00",18,"Snack ",22,4.8,23,"scooter ",1,"No ","Urban ","Stormy","Low ",0
"16/02/2022","17:35:00","17:40:00",30,"Buffet ",31,4.8,9,"motorcycle ",0,"No ","Metropolitian ","Sandstorms","Medium ",0
"26/03/2022","10:20:00","10:35:00",17,"Buffet ",22,4.8,19,"scooter ",2,"No ","Urban ","Sunny","Low ",1
"27/03/2022","22:20:00","22:30:00",15,"Snack ",23,4.6,18,"motorcycle ",0,"No ","Urban ","Windy","Low ",1
"12/02/2022","19:45:00","20:00:00",21,"Snack ",33,4.6,6,"motorcycle ",2,"No ","Metropolitian ","Sunny","Jam ",1
"30/03/2022","22:40:00","22:50:00",12,"Snack ",33,4.8,3,"motorcycle ",1,"No ","Urban ","Sunny","Low ",1
"18/02/2022","19:00:00","19:05:00",25,"Drinks ",25,4.5,8,"electric_scooter ",2,"No ","Metropolitian ","Sandstorms","Medium ",1
"31/03/2022","20:45:00","21:00:00",44,"Snack ",39,4.2,6,"scooter ",2,"No ","Metropolitian ","Fog","Jam ",3
"24/03/2022","21:25:00","21:30:00",36,"Snack ",32,4.8,7,"electric_scooter ",2,"No ","Metropolitian ","Fog","Jam ",1
"19/03/2022","21:15:00","21:30:00",35,"Buffet ",37,4.3,15,"scooter ",1,"No ","Metropolitian ","Fog","Jam ",1
"16/03/2022","20:20:00","20:25:00",39,"Snack ",24,4.7,18,"motorcycle ",0,"No ","Metropolitian ","Fog","Jam ",1
"24/03/2022","19:55:00","20:00:00",23,"Drinks ",39,4.5,17,"motorcycle ",0,"No ","Metropolitian ","Sunny","Jam ",1
"19/03/2022","11:15:00","11:30:00",25,"Buffet ",23,4.8,23,"electric_scooter ",2,"No ","Metropolitian ","Sandstorms","High ",0
"6/04/2022","17:10:00","17:25:00",37,"Drinks ",26,4.1,2,"scooter ",2,"No ","Metropolitian ","Cloudy","Medium ",1
"7/03/2022","10:20:00","10:30:00",10,"Meal ",20,4.6,15,"scooter ",1,"No ","Urban ","Sandstorms","Low ",1
"3/03/2022","11:40:00","11:50:00",33,"Snack ",35,4.2,11,"scooter ",2,"No ","Metropolitian ","Stormy","High ",0
"31/03/2022","21:20:00","21:35:00",40,"Meal ",38,4.2,3,"motorcycle ",1,"No ","Metropolitian ","Fog","Jam ",1
"12/02/2022","19:50:00","20:00:00",49,"Buffet ",39,4.2,3,"electric_scooter ",2,"Yes ","Urban ","Cloudy","Jam ",0
"11/03/2022","14:35:00","14:45:00",24,"Buffet ",27,4.7,9,"motorcycle ",0,"No ","Metropolitian ","Cloudy","High ",1
"11/03/2022","10:00:00","10:10:00",12,"Drinks ",24,4.8,15,"electric_scooter ",2,"No ","Urban ","Sandstorms","Low ",0
"24/03/2022","11:20:00","11:30:00",23,"Drinks ",28,4.5,5,"scooter ",2,"No ","Urban ","Sandstorms","High ",1
"15/03/2022","18:35:00","18:45:00",29,"Meal ",38,4.8,17,"motorcycle ",0,"No ","Metropolitian ","Windy","Medium ",1
"31/03/2022","23:10:00","23:20:00",27,"Buffet ",39,4.9,22,"motorcycle ",1,"No ","Metropolitian ","Fog","Low ",1
"31/03/2022","21:00:00","21:05:00",36,"Drinks ",37,4.1,21,"scooter ",2,"No ","Urban ","Stormy","Jam ",1
"1/03/2022","10:00:00","10:10:00",28,"Meal ",35,4.7,18,"scooter ",1,"No ","Metropolitian ","Windy","Low ",0
"17/03/2022","19:40:00","19:55:00",20,"Snack ",29,4.5,12,"motorcycle ",0,"No ","Metropolitian ","Fog","Jam ",1
"18/02/2022","18:30:00","18:45:00",28,"Snack ",28,4.9,23,"scooter ",2,"No ","Urban ","Sandstorms","Medium ",0
"3/04/2022","8:10:00","8:15:00",17,"Meal ",25,4.7,9,"electric_scooter ",2,"No ","Metropolitian ","Cloudy","Low ",0
"6/04/2022","20:10:00","20:25:00",17,"Drinks ",20,4.7,19,"scooter ",2,"No ","Metropolitian ","Sunny","Jam ",0
"26/03/2022","10:40:00","10:45:00",10,"Meal ",25,4.5,13,"motorcycle ",2,"No ","Metropolitian ","Fog","Low ",0
"11/02/2022","13:15:00","13:20:00",29,"Meal ",34,5,5,"motorcycle ",0,"No ","Metropolitian ","Sunny","High ",1
"18/03/2022","19:40:00","19:55:00",33,"Drinks ",31,4.5,14,"scooter ",1,"No ","Metropolitian ","Sandstorms","Jam ",1
"18/03/2022","23:15:00","23:25:00",28,"Snack ",30,4.9,6,"motorcycle ",0,"No ","Metropolitian ","Sandstorms","Low ",0
"30/03/2022","13:00:00","13:15:00",18,"Buffet ",21,4.8,22,"motorcycle ",1,"No ","Metropolitian ","Windy","High ",1
"28/03/2022","19:30:00","19:35:00",34,"Snack ",37,4.1,6,"scooter ",1,"No ","Metropolitian ","Windy","Jam ",0
"15/03/2022","8:25:00","8:40:00",18,"Drinks ",27,4.6,17,"motorcycle ",1,"No ","Metropolitian ","Sandstorms","Low ",1
"28/03/2022","20:10:00","20:15:00",30,"Drinks ",31,4.8,3,"motorcycle ",0,"No ","Metropolitian ","Windy","Jam ",1
"21/03/2022","11:35:00","11:40:00",27,"Buffet ",36,4.8,22,"motorcycle ",0,"No ","Metropolitian ","Cloudy","High ",1
"12/02/2022","20:40:00","20:50:00",25,"Snack ",35,5,15,"scooter ",2,"No ","Urban ","Stormy","Jam ",0
"6/04/2022","17:10:00","17:25:00",38,"Meal ",25,4.7,16,"motorcycle ",1,"No ","Metropolitian ","Cloudy","Medium ",2
"14/03/2022","22:50:00","22:55:00",26,"Buffet ",32,4.6,18,"motorcycle ",0,"No ","Metropolitian ","Stormy","Low ",0
"28/03/2022","21:25:00","21:30:00",29,"Snack ",38,4.6,2,"motorcycle ",2,"No ","Metropolitian ","Sandstorms","Jam ",1
"24/03/2022","20:15:00","20:30:00",45,"Drinks ",24,3.7,6,"motorcycle ",0,"Yes ","Urban ","Sunny","Jam ",1
"13/02/2022","10:55:00","11:05:00",21,"Meal ",29,4.1,16,"motorcycle ",0,"No ","Metropolitian ","Windy","Low ",1
"19/03/2022","9:30:00","9:45:00",22,"Meal ",22,4.5,4,"motorcycle ",0,"No ","Metropolitian ","Fog","Low ",1
"28/03/2022","21:15:00","21:30:00",13,"Buffet ",21,4.8,15,"motorcycle ",1,"No ","Metropolitian ","Windy","Jam ",0
"30/03/2022","12:00:00","12:05:00",30,"Buffet ",34,4.9,4,"scooter ",1,"No ","Metropolitian ","Sandstorms","High ",0
"30/03/2022","11:40:00","11:50:00",29,"Drinks ",24,4.8,4,"motorcycle ",2,"No ","Metropolitian ","Fog","High ",1
"16/02/2022","19:20:00","19:30:00",34,"Drinks ",28,4.1,3,"motorcycle ",0,"No ","Urban ","Sandstorms","Jam ",1
"15/02/2022","13:30:00","13:40:00",26,"Snack ",24,4.7,9,"scooter ",2,"No ","Metropolitian ","Fog","High ",1
"31/03/2022","23:45:00","23:50:00",28,"Buffet ",39,4.8,17,"scooter ",2,"No ","Metropolitian ","Fog","Low ",0
"15/02/2022","15:00:00","15:05:00",24,"Meal ",22,4.7,4,"motorcycle ",0,"No ","Metropolitian ","Stormy","High ",1
"1/03/2022","14:40:00","14:45:00",27,"Meal ",27,4.5,6,"motorcycle ",1,"No ","Urban ","Stormy","High ",1
"12/02/2022","17:25:00","17:35:00",27,"Drinks ",20,4.8,2,"scooter ",1,"No ","Metropolitian ","Fog","Medium ",0
"11/03/2022","23:50:00","0:00:00",21,"Buffet ",39,4.9,9,"scooter ",1,"No ","Metropolitian ","Sandstorms","Low ",1
"4/03/2022","18:50:00","18:55:00",26,"Buffet ",22,4.8,17,"motorcycle ",1,"No ","Metropolitian ","Stormy","Medium ",1
"16/02/2022","21:30:00","21:45:00",36,"Buffet ",39,4.2,3,"motorcycle ",1,"No ","Urban ","Sandstorms","Jam ",2
"14/02/2022","19:50:00","20:05:00",45,"Buffet ",36,4.4,2,"electric_scooter ",2,"No ","Metropolitian ","Fog","Jam ",2
"12/02/2022","21:20:00","21:30:00",41,"Meal ",34,3.7,14,"scooter ",2,"No ","Metropolitian ","Windy","Jam ",1
"5/03/2022","11:25:00","11:30:00",34,"Drinks ",30,4.7,18,"scooter ",1,"No ","Metropolitian ","Windy","High ",0
"1/04/2022","23:25:00","23:40:00",22,"Meal ",26,4.1,3,"motorcycle ",0,"No ","Urban ","Stormy","Low ",0
"30/03/2022","20:40:00","20:45:00",24,"Snack ",28,4.7,9,"scooter ",1,"No ","Metropolitian ","Stormy","Jam ",0
"17/02/2022","14:25:00","14:35:00",21,"Snack ",28,4.9,22,"motorcycle ",1,"No ","Urban ","Sandstorms","High ",0
"3/03/2022","19:10:00","19:20:00",31,"Snack ",21,4.4,17,"motorcycle ",0,"No ","Metropolitian ","Windy","Jam ",1
"15/03/2022","12:00:00","12:15:00",25,"Drinks ",37,5,21,"motorcycle ",1,"No ","Metropolitian ","Fog","High ",1
"11/03/2022","10:40:00","10:45:00",19,"Drinks ",29,4.6,22,"motorcycle ",1,"No ","Metropolitian ","Windy","Low ",0
"5/03/2022","23:55:00","0:10:00",19,"Buffet ",20,4.6,9,"scooter ",1,"No ","Metropolitian ","Stormy","Low ",1
"18/03/2022","17:35:00","17:50:00",19,"Drinks ",25,4.6,17,"motorcycle ",1,"No ","Urban ","Sandstorms","Medium ",0
"17/03/2022","15:15:00","15:20:00",21,"Meal ",22,4.6,15,"motorcycle ",1,"No ","Metropolitian ","Stormy","Medium ",1
"4/03/2022","19:50:00","20:00:00",38,"Meal ",36,4.8,16,"scooter ",1,"No ","Urban ","Stormy","Jam ",1
"5/03/2022","10:25:00","10:35:00",16,"Buffet ",37,5,18,"motorcycle ",1,"No ","Metropolitian ","Sunny","Low ",0
"2/04/2022","22:50:00","23:00:00",33,"Drinks ",22,2.9,12,"scooter ",2,"No ","Metropolitian ","Sunny","Low ",1
"24/03/2022","15:45:00","15:50:00",19,"Buffet ",34,4.5,19,"motorcycle ",1,"No ","Metropolitian ","Fog","Medium ",1
"15/03/2022","10:40:00","10:45:00",28,"Buffet ",32,4.8,12,"scooter ",2,"No ","Metropolitian ","Sandstorms","Low ",0
"12/02/2022","21:15:00","21:20:00",22,"Drinks ",35,4.6,7,"scooter ",1,"No ","Metropolitian ","Sunny","Jam ",1
"12/03/2022","23:30:00","23:45:00",24,"Snack ",38,4.8,17,"scooter ",2,"No ","Metropolitian ","Stormy","Low ",1
"19/03/2022","16:10:00","16:15:00",29,"Buffet ",22,4.8,6,"electric_scooter ",2,"No ","Metropolitian ","Windy","Medium ",1
"21/03/2022","17:50:00","17:55:00",29,"Buffet ",33,4.9,3,"scooter ",2,"No ","Metropolitian ","Sandstorms","Medium ",1
"2/04/2022","18:45:00","18:50:00",28,"Buffet ",21,4.6,19,"motorcycle ",0,"No ","Metropolitian ","Windy","Medium ",0
"15/03/2022","22:35:00","22:40:00",20,"Drinks ",26,4.6,23,"motorcycle ",0,"No ","Urban ","Cloudy","Low ",0
"7/03/2022","11:00:00","11:05:00",12,"Snack ",20,5,17,"scooter ",2,"No ","Urban ","Sandstorms","Low ",0
"11/02/2022","18:25:00","18:30:00",28,"Drinks ",37,4.7,4,"motorcycle ",1,"No ","Metropolitian ","Windy","Medium ",1
"2/03/2022","19:35:00","19:45:00",25,"Snack ",28,4.6,21,"motorcycle ",0,"No ","Metropolitian ","Sandstorms","Jam ",1
"9/03/2022","23:40:00","23:45:00",25,"Meal ",33,4.7,18,"scooter ",2,"No ","Metropolitian ","Stormy","Low ",1
"4/03/2022","18:20:00","18:25:00",46,"Snack ",39,4.5,17,"motorcycle ",0,"No ","Metropolitian ","Fog","Medium ",1
"15/03/2022","19:40:00","19:50:00",33,"Buffet ",29,4.7,14,"motorcycle ",0,"No ","Metropolitian ","Stormy","Jam ",1
"13/03/2022","12:10:00","12:25:00",15,"Snack ",28,4.6,23,"motorcycle ",1,"No ","Metropolitian ","Windy","High ",1
"18/02/2022","22:55:00","23:05:00",28,"Meal ",34,4.9,7,"scooter ",2,"No ","Metropolitian ","Fog","Low ",1
"11/02/2022","21:40:00","21:45:00",28,"Drinks ",37,4.5,3,"motorcycle ",1,"No ","Metropolitian ","Windy","Jam ",1
"7/03/2022","18:20:00","18:30:00",26,"Buffet ",29,4.7,19,"electric_scooter ",2,"No ","Metropolitian ","Windy","Medium ",1
"17/02/2022","8:15:00","8:30:00",16,"Drinks ",32,4.7,17,"scooter ",1,"No ","Urban ","Sunny","Low ",1
"2/04/2022","18:15:00","18:30:00",31,"Buffet ",26,4.7,1,"scooter ",2,"No ","Metropolitian ","Fog","Medium ",1
"5/04/2022","20:40:00","20:55:00",35,"Drinks ",30,4.9,16,"motorcycle ",1,"No ","Metropolitian ","Cloudy","Jam ",1
"2/03/2022","20:00:00","20:15:00",35,"Buffet ",32,4.7,17,"scooter ",2,"No ","Urban ","Fog","Jam ",2
"23/03/2022","17:25:00","17:35:00",38,"Drinks ",32,4.3,8,"motorcycle ",2,"No ","Metropolitian ","Stormy","Medium ",0
"4/04/2022","20:35:00","20:45:00",24,"Snack ",21,4.5,22,"scooter ",1,"No ","Urban ","Sunny","Jam ",1
"2/03/2022","19:20:00","19:35:00",32,"Drinks ",20,4.8,23,"motorcycle ",0,"No ","Metropolitian ","Windy","Jam ",1
"2/04/2022","18:30:00","18:45:00",30,"Snack ",30,4.9,13,"motorcycle ",2,"No ","Metropolitian ","Windy","Medium ",1
"17/03/2022","22:30:00","22:45:00",25,"Buffet ",33,5,8,"scooter ",1,"No ","Metropolitian ","Stormy","Low ",0
"16/03/2022","19:30:00","19:35:00",14,"Snack ",27,4.9,18,"motorcycle ",2,"No ","Urban ","Sunny","Jam ",1
"17/03/2022","11:40:00","11:55:00",25,"Buffet ",31,4.7,7,"motorcycle ",1,"No ","Metropolitian ","Fog","High ",1
"18/03/2022","18:35:00","18:45:00",37,"Snack ",27,4.9,18,"motorcycle ",0,"No ","Metropolitian ","Fog","Medium ",0
"20/03/2022","18:55:00","19:00:00",41,"Drinks ",32,4.8,9,"electric_scooter ",2,"No ","Metropolitian ","Fog","Medium ",1
"1/03/2022","14:40:00","14:50:00",27,"Drinks ",21,4.8,16,"scooter ",1,"No ","Urban ","Fog","High ",0
"8/03/2022","18:50:00","19:05:00",36,"Drinks ",35,3.8,4,"scooter ",2,"No ","Metropolitian ","Sandstorms","Medium ",1
"12/02/2022","20:55:00","21:00:00",43,"Drinks ",32,4.4,1,"motorcycle ",0,"No ","Urban ","Stormy","Jam ",1
"19/03/2022","18:25:00","18:40:00",27,"Buffet ",20,5,13,"motorcycle ",0,"No ","Metropolitian ","Cloudy","Medium ",0
"24/03/2022","8:55:00","9:05:00",19,"Snack ",34,4.7,22,"scooter ",1,"No ","Metropolitian ","Cloudy","Low ",1
"25/03/2022","22:50:00","23:05:00",19,"Meal ",26,4.9,23,"electric_scooter ",2,"No ","Metropolitian ","Stormy","Low ",1
"4/03/2022","17:25:00","17:30:00",47,"Meal ",36,4.1,8,"motorcycle ",0,"Yes ","Metropolitian ","Windy","Medium ",1
"30/03/2022","14:35:00","14:40:00",13,"Drinks ",24,4.6,9,"motorcycle ",1,"No ","Metropolitian ","Sunny","High ",1
"9/03/2022","22:00:00","22:15:00",31,"Meal ",36,4.6,18,"motorcycle ",1,"No ","Urban ","Fog","Jam ",1
"12/02/2022","20:40:00","20:50:00",25,"Snack ",35,5,15,"scooter ",2,"No ","Urban ","Stormy","Jam ",0
"6/03/2022","17:50:00","17:55:00",29,"Meal ",26,4.8,9,"scooter ",2,"No ","Metropolitian ","Sunny","Medium ",1
"29/03/2022","18:35:00","18:40:00",24,"Meal ",36,4.6,13,"motorcycle ",1,"No ","Metropolitian ","Sandstorms","Medium ",0
"27/03/2022","23:40:00","23:50:00",22,"Snack ",25,4.6,14,"electric_scooter ",2,"No ","Metropolitian ","Fog","Low ",1
"11/03/2022","12:45:00","12:55:00",26,"Meal ",32,4.9,13,"motorcycle ",0,"No ","Metropolitian ","Sunny","High ",1
"28/03/2022","0:00:00","0:15:00",21,"Meal ",27,4.3,3,"motorcycle ",0,"No ","Urban ","Windy","Low ",1
"5/04/2022","21:20:00","21:35:00",19,"Snack ",28,4.9,23,"motorcycle ",2,"No ","Metropolitian ","Sunny","Jam ",1
"25/03/2022","21:20:00","21:30:00",35,"Buffet ",27,4.3,11,"scooter ",1,"No ","Metropolitian ","Fog","Jam ",0
"17/03/2022","22:25:00","22:30:00",19,"Buffet ",38,4.5,19,"scooter ",1,"No ","Metropolitian ","Fog","Low ",1
"2/03/2022","22:50:00","23:00:00",18,"Buffet ",25,4.7,16,"motorcycle ",1,"No ","Metropolitian ","Stormy","Low ",0
"3/03/2022","13:35:00","13:45:00",36,"Meal ",38,4.7,16,"motorcycle ",0,"No ","Urban ","Stormy","High ",1
"21/03/2022","14:10:00","14:15:00",14,"Drinks ",24,4.6,17,"motorcycle ",2,"No ","Metropolitian ","Stormy","High ",0
"30/03/2022","19:45:00","19:50:00",29,"Buffet ",36,4.9,2,"motorcycle ",2,"No ","Metropolitian ","Windy","Jam ",1
"13/02/2022","11:15:00","11:20:00",31,"Snack ",37,5,2,"motorcycle ",0,"No ","Metropolitian ","Sandstorms","High ",1
"12/02/2022","19:10:00","19:15:00",27,"Meal ",27,4.6,4,"scooter ",2,"No ","Metropolitian ","Sandstorms","Jam ",0
"3/03/2022","15:25:00","15:35:00",20,"Drinks ",21,4.6,19,"scooter ",2,"No ","Metropolitian ","Stormy","Medium ",0
"2/03/2022","22:15:00","22:30:00",20,"Drinks ",28,4.7,18,"motorcycle ",0,"No ","Metropolitian ","Stormy","Low ",0
"9/03/2022","21:20:00","21:30:00",33,"Meal ",22,5,17,"motorcycle ",0,"No ","Metropolitian ","Stormy","Jam ",1
"12/03/2022","17:55:00","18:05:00",20,"Meal ",28,4.6,15,"electric_scooter ",2,"No ","Metropolitian ","Windy","Medium ",1
"11/03/2022","19:35:00","19:50:00",30,"Meal ",32,4.9,15,"motorcycle ",0,"No ","Urban ","Cloudy","Jam ",1
"18/03/2022","21:45:00","21:55:00",26,"Snack ",25,4.7,23,"motorcycle ",1,"No ","Urban ","Windy","Jam ",1
"1/04/2022","19:45:00","20:00:00",29,"Snack ",30,4.7,13,"electric_scooter ",2,"No ","Metropolitian ","Cloudy","Jam ",1
"11/02/2022","18:00:00","18:15:00",18,"Snack ",28,4.6,19,"electric_scooter ",2,"No ","Urban ","Fog","Medium ",0
"19/03/2022","16:55:00","17:00:00",27,"Drinks ",38,4.6,6,"motorcycle ",0,"No ","Metropolitian ","Windy","Medium ",0
"4/03/2022","19:55:00","20:10:00",35,"Drinks ",27,4.6,23,"scooter ",1,"No ","Metropolitian ","Stormy","Jam ",0
"5/03/2022","11:40:00","11:50:00",32,"Snack ",32,4.3,3,"motorcycle ",1,"No ","Urban ","Stormy","High ",0
"4/04/2022","17:15:00","17:25:00",29,"Snack ",30,4.6,16,"electric_scooter ",2,"No ","Urban ","Sandstorms","Medium ",0
"2/03/2022","22:45:00","22:55:00",27,"Buffet ",25,4.6,12,"motorcycle ",2,"No ","Metropolitian ","Sunny","Low ",0
"18/03/2022","23:35:00","23:40:00",24,"Meal ",21,5,22,"scooter ",2,"No ","Urban ","Fog","Low ",1
"6/03/2022","22:35:00","22:40:00",23,"Buffet ",26,4.5,21,"motorcycle ",0,"No ","Metropolitian ","Fog","Low ",0
"7/03/2022","19:10:00","19:15:00",25,"Buffet ",25,4.9,23,"scooter ",1,"No ","Urban ","Stormy","Jam ",1
"30/03/2022","18:40:00","18:55:00",14,"Meal ",20,4.5,1,"motorcycle ",2,"No ","Urban ","Fog","Medium ",0
"13/02/2022","11:55:00","12:00:00",25,"Drinks ",32,4.6,9,"scooter ",2,"No ","Metropolitian ","Sandstorms","High ",1
"1/03/2022","19:55:00","20:00:00",26,"Drinks ",28,4.6,15,"motorcycle ",1,"No ","Metropolitian ","Windy","Jam ",1
"1/04/2022","8:45:00","9:00:00",19,"Buffet ",21,4.5,9,"motorcycle ",0,"No ","Metropolitian ","Windy","Low ",1
"25/03/2022","18:20:00","18:25:00",18,"Buffet ",22,4.6,22,"scooter ",2,"No ","Metropolitian ","Sunny","Medium ",1
"1/03/2022","14:10:00","14:20:00",24,"Buffet ",31,4.6,17,"motorcycle ",0,"No ","Metropolitian ","Sunny","High ",0
"23/03/2022","19:30:00","19:40:00",33,"Drinks ",28,4.1,1,"motorcycle ",2,"No ","Metropolitian ","Fog","Jam ",0
"31/03/2022","17:30:00","17:40:00",26,"Meal ",36,4.9,19,"scooter ",2,"No ","Metropolitian ","Windy","Medium ",1
"5/03/2022","19:30:00","19:45:00",37,"Snack ",34,4.7,15,"motorcycle ",2,"No ","Metropolitian ","Fog","Jam ",1
"27/03/2022","17:50:00","17:55:00",41,"Meal ",24,5,11,"motorcycle ",0,"No ","Metropolitian ","Cloudy","Medium ",1
"31/03/2022","20:25:00","20:30:00",21,"Meal ",34,4.9,13,"scooter ",2,"No ","Metropolitian ","Sunny","Jam ",0
"5/04/2022","11:55:00","12:05:00",49,"Meal ",23,4.4,6,"motorcycle ",0,"No ","Metropolitian ","Sunny","High ",1
"9/03/2022","19:45:00","19:55:00",17,"Snack ",39,5,22,"motorcycle ",1,"No ","Urban ","Sunny","Jam ",0
"8/03/2022","18:40:00","18:45:00",14,"Buffet ",27,4.6,23,"scooter ",1,"No ","Metropolitian ","Sunny","Medium ",1
"2/04/2022","17:50:00","17:55:00",29,"Snack ",24,4.6,12,"motorcycle ",2,"No ","Metropolitian ","Stormy","Medium ",1
"3/03/2022","17:15:00","17:30:00",33,"Drinks ",35,4.9,9,"scooter ",2,"No ","Metropolitian ","Sandstorms","Medium ",1
"28/03/2022","8:15:00","8:30:00",17,"Buffet ",39,4.7,19,"scooter ",1,"No ","Urban ","Cloudy","Low ",1
"29/03/2022","19:20:00","19:30:00",33,"Buffet ",20,4.9,7,"motorcycle ",0,"No ","Metropolitian ","Stormy","Jam ",0
"7/03/2022","19:40:00","19:50:00",29,"Drinks ",35,4.9,12,"motorcycle ",0,"No ","Metropolitian ","Sunny","Jam ",1
"2/04/2022","17:25:00","17:30:00",24,"Snack ",30,4.7,18,"motorcycle ",1,"No ","Urban ","Sunny","Medium ",1
"6/03/2022","21:00:00","21:05:00",28,"Meal ",22,4.9,21,"motorcycle ",0,"No ","Metropolitian ","Windy","Jam ",1
"2/04/2022","22:20:00","22:30:00",16,"Buffet ",35,4.8,23,"scooter ",1,"No ","Metropolitian ","Windy","Low ",1
"2/04/2022","17:35:00","17:40:00",30,"Drinks ",30,4.9,2,"scooter ",1,"No ","Metropolitian ","Cloudy","Medium ",0
"8/03/2022","20:20:00","20:30:00",43,"Drinks ",35,4.9,17,"motorcycle ",0,"No ","Metropolitian ","Stormy","Jam ",0
"19/03/2022","8:15:00","8:30:00",15,"Drinks ",23,4,1,"motorcycle ",0,"No ","Urban ","Stormy","Low ",1
"23/03/2022","19:55:00","20:05:00",25,"Drinks ",25,4.7,14,"motorcycle ",0,"No ","Metropolitian ","Stormy","Jam ",1
"16/03/2022","17:50:00","18:05:00",34,"Meal ",20,4.7,23,"motorcycle ",0,"No ","Metropolitian ","Cloudy","Medium ",1
"13/02/2022","9:15:00","9:25:00",19,"Snack ",25,4.8,4,"scooter ",2,"No ","Metropolitian ","Fog","Low ",1
"18/02/2022","21:40:00","21:50:00",29,"Snack ",23,4.9,5,"motorcycle ",0,"No ","Metropolitian ","Fog","Jam ",1
"3/03/2022","10:15:00","10:20:00",18,"Drinks ",27,5,19,"motorcycle ",1,"No ","Metropolitian ","Sandstorms","Low ",1
"6/03/2022","22:55:00","23:10:00",34,"Buffet ",36,3.5,1,"scooter ",2,"No ","Metropolitian ","Sunny","Low ",1
"21/03/2022","11:10:00","11:15:00",28,"Buffet ",28,4.8,15,"scooter ",1,"No ","Metropolitian ","Fog","High ",1
"18/03/2022","18:00:00","18:05:00",18,"Buffet ",35,4.6,2,"scooter ",1,"No ","Metropolitian ","Sunny","Medium ",1
"21/03/2022","8:50:00","9:00:00",21,"Meal ",36,4.7,21,"motorcycle ",1,"No ","Urban ","Stormy","Low ",1
"2/03/2022","22:55:00","23:00:00",22,"Meal ",33,4.9,22,"scooter ",1,"No ","Metropolitian ","Stormy","Low ",1
"5/04/2022","22:00:00","22:15:00",26,"Snack ",35,4.9,22,"electric_scooter ",2,"No ","Metropolitian ","Windy","Jam ",1
"7/03/2022","19:55:00","20:05:00",36,"Drinks ",30,4.9,16,"motorcycle ",0,"No ","Metropolitian ","Windy","Jam ",2
"8/03/2022","18:55:00","19:10:00",24,"Snack ",32,4.6,16,"motorcycle ",1,"No ","Urban ","Sandstorms","Medium ",1
"8/03/2022","17:45:00","18:00:00",32,"Snack ",28,4.6,18,"scooter ",1,"No ","Metropolitian ","Sunny","Medium ",2
"23/03/2022","22:40:00","22:50:00",22,"Drinks ",27,4.5,5,"motorcycle ",0,"No ","Urban ","Cloudy","Low ",1
"16/03/2022","23:20:00","23:30:00",29,"Buffet ",27,4.9,13,"motorcycle ",0,"No ","Metropolitian ","Sunny","Low ",1
"16/02/2022","19:35:00","19:50:00",39,"Buffet ",31,4.5,5,"motorcycle ",1,"No ","Metropolitian ","Windy","Jam ",2
"5/03/2022","11:35:00","11:45:00",26,"Buffet ",20,4.9,16,"scooter ",1,"No ","Metropolitian ","Sandstorms","High ",1
"15/02/2022","21:30:00","21:35:00",38,"Drinks ",32,4.6,8,"motorcycle ",0,"No ","Metropolitian ","Windy","Jam ",0
"16/02/2022","18:40:00","18:50:00",28,"Meal ",31,4.8,7,"motorcycle ",0,"No ","Metropolitian ","Sunny","Medium ",0
"28/03/2022","8:15:00","8:20:00",29,"Drinks ",38,4.6,1,"motorcycle ",0,"No ","Metropolitian ","Fog","Low ",1
"30/03/2022","19:25:00","19:30:00",27,"Drinks ",24,4.9,19,"scooter ",1,"No ","Metropolitian ","Fog","Jam ",1
"12/02/2022","18:50:00","19:00:00",30,"Snack ",26,4.8,3,"motorcycle ",0,"No ","Metropolitian ","Stormy","Medium ",1
"16/02/2022","20:25:00","20:30:00",44,"Drinks ",24,4.1,14,"motorcycle ",2,"No ","Metropolitian ","Fog","Jam ",1
"31/03/2022","20:35:00","20:45:00",24,"Drinks ",23,4.7,9,"scooter ",1,"No ","Metropolitian ","Sandstorms","Jam ",1
"24/03/2022","11:40:00","11:45:00",32,"Snack ",22,4.7,5,"motorcycle ",0,"No ","Metropolitian ","Stormy","High ",1
"5/04/2022","11:20:00","11:25:00",31,"Snack ",27,4.7,16,"scooter ",1,"No ","Metropolitian ","Fog","High ",0
"16/03/2022","22:00:00","22:10:00",43,"Meal ",21,4.3,9,"motorcycle ",1,"No ","Metropolitian ","Fog","Jam ",3
"6/04/2022","17:25:00","17:40:00",32,"Meal ",34,4.1,2,"scooter ",1,"No ","Metropolitian ","Sandstorms","Medium ",1
"6/03/2022","20:25:00","20:40:00",20,"Buffet ",32,4.8,22,"scooter ",2,"No ","Urban ","Stormy","Jam ",1
"26/03/2022","19:55:00","20:05:00",23,"Snack ",33,4.5,18,"scooter ",1,"No ","Metropolitian ","Sunny","Jam ",1
"14/02/2022","23:00:00","23:05:00",29,"Drinks ",39,4.6,9,"scooter ",1,"No ","Metropolitian ","Sandstorms","Low ",1
"12/03/2022","19:25:00","19:30:00",26,"Buffet ",30,4.8,22,"scooter ",1,"No ","Metropolitian ","Stormy","Jam ",1
"9/03/2022","23:20:00","23:30:00",21,"Meal ",20,4.9,16,"scooter ",1,"No ","Urban ","Sunny","Low ",0
"18/03/2022","18:25:00","18:30:00",36,"Snack ",32,4.2,9,"motorcycle ",0,"No ","Metropolitian ","Windy","Medium ",2
"28/03/2022","19:30:00","19:35:00",35,"Meal ",26,4.2,5,"motorcycle ",0,"No ","Metropolitian ","Windy","Jam ",1
"15/02/2022","17:40:00","17:50:00",28,"Drinks ",36,4.9,3,"scooter ",2,"No ","Metropolitian ","Windy","Medium ",1
"29/03/2022","18:40:00","18:50:00",31,"Drinks ",37,5,2,"motorcycle ",0,"No ","Urban ","Sunny","Medium ",1
"10/03/2022","23:25:00","23:30:00",25,"Drinks ",32,5,14,"motorcycle ",1,"No ","Metropolitian ","Cloudy","Low ",1
"5/03/2022","20:45:00","21:00:00",39,"Meal ",32,5,19,"motorcycle ",1,"No ","Metropolitian ","Stormy","Jam ",2
"16/03/2022","17:10:00","17:15:00",36,"Snack ",37,4.7,21,"motorcycle ",0,"No ","Metropolitian ","Sunny","Medium ",1
"1/03/2022","12:00:00","12:05:00",27,"Buffet ",37,4.8,15,"scooter ",1,"No ","Urban ","Windy","High ",1
"13/02/2022","8:55:00","9:10:00",18,"Snack ",21,4.5,8,"scooter ",1,"No ","Metropolitian ","Sandstorms","Low ",1
"13/03/2022","13:00:00","13:10:00",32,"Snack ",32,4.2,9,"scooter ",2,"No ","Metropolitian ","Stormy","High ",1
"23/03/2022","17:10:00","17:25:00",16,"Snack ",22,4.6,19,"scooter ",1,"No ","Urban ","Windy","Medium ",0
"31/03/2022","22:35:00","22:50:00",28,"Buffet ",38,4.7,16,"electric_scooter ",2,"No ","Metropolitian ","Sunny","Low ",0
"31/03/2022","17:10:00","17:20:00",35,"Meal ",26,4.3,4,"motorcycle ",1,"No ","Metropolitian ","Cloudy","Medium ",0
"25/03/2022","0:00:00","0:15:00",15,"Meal ",22,4.6,17,"scooter ",2,"No ","Urban ","Stormy","Low ",0
"31/03/2022","22:10:00","22:15:00",27,"Buffet ",39,4.7,1,"scooter ",1,"No ","Urban ","Fog","Low ",0
"2/03/2022","21:30:00","21:40:00",45,"Snack ",28,4.8,17,"motorcycle ",0,"No ","Metropolitian ","Stormy","Jam ",3
"1/03/2022","23:25:00","23:35:00",23,"Snack ",37,4.8,22,"motorcycle ",0,"No ","Urban ","Cloudy","Low ",1
"24/03/2022","10:15:00","10:30:00",19,"Meal ",35,4.9,23,"scooter ",1,"No ","Metropolitian ","Fog","Low ",1
"1/04/2022","19:45:00","19:50:00",29,"Buffet ",33,4.7,13,"motorcycle ",0,"No ","Metropolitian ","Sunny","Jam ",1
"11/02/2022","19:00:00","19:10:00",31,"Buffet ",33,4.1,14,"motorcycle ",0,"No ","Metropolitian ","Stormy","Medium ",0
"9/03/2022","21:10:00","21:15:00",27,"Buffet ",30,4.8,15,"scooter ",2,"No ","Metropolitian ","Cloudy","Jam ",1
"5/04/2022","11:55:00","12:00:00",27,"Buffet ",31,5,23,"motorcycle ",0,"No ","Metropolitian ","Sunny","High ",1
"1/03/2022","20:40:00","20:50:00",27,"Snack ",28,4.5,23,"motorcycle ",0,"No ","Metropolitian ","Stormy","Jam ",1
"24/03/2022","9:35:00","9:40:00",16,"Meal ",20,4.3,18,"motorcycle ",0,"No ","Metropolitian ","Windy","Low ",0
"10/03/2022","19:30:00","19:40:00",19,"Meal ",35,4.8,17,"scooter ",1,"No ","Metropolitian ","Sunny","Jam ",1
"3/03/2022","14:30:00","14:35:00",24,"Snack ",23,4.6,17,"scooter ",2,"No ","Urban ","Cloudy","High ",0
"3/04/2022","21:35:00","21:45:00",17,"Meal ",24,4.6,18,"scooter ",1,"No ","Metropolitian ","Stormy","Jam ",0
"7/03/2022","15:25:00","15:40:00",26,"Snack ",25,4.9,19,"scooter ",2,"No ","Metropolitian ","Windy","Medium ",1
"21/03/2022","14:25:00","14:35:00",32,"Meal ",29,4,3,"scooter ",2,"No ","Metropolitian ","Cloudy","High ",0
"21/03/2022","16:20:00","16:25:00",33,"Meal ",31,4.1,9,"motorcycle ",0,"No ","Metropolitian ","Sandstorms","Medium ",0
"1/04/2022","10:35:00","10:50:00",14,"Snack ",20,4.6,18,"scooter ",2,"No ","Urban ","Fog","Low ",0
"3/03/2022","11:00:00","11:05:00",12,"Meal ",30,4.7,17,"motorcycle ",2,"No ","Urban ","Sunny","Low ",1
"30/03/2022","22:45:00","22:55:00",26,"Drinks ",39,4.8,21,"scooter ",1,"No ","Metropolitian ","Stormy","Low ",1
"19/03/2022","20:35:00","20:45:00",27,"Meal ",34,4.5,3,"electric_scooter ",2,"No ","Urban ","Cloudy","Jam ",0
"20/03/2022","17:55:00","18:00:00",39,"Drinks ",24,4.4,5,"motorcycle ",1,"No ","Urban ","Fog","Medium ",1
"27/03/2022","21:55:00","22:10:00",39,"Meal ",39,5,15,"scooter ",1,"No ","Urban ","Cloudy","Jam ",2
"3/04/2022","17:20:00","17:25:00",35,"Buffet ",35,4.6,4,"motorcycle ",0,"No ","Metropolitian ","Sandstorms","Medium ",1
"15/03/2022","11:15:00","11:25:00",28,"Meal ",38,4.8,23,"scooter ",1,"No ","Metropolitian ","Stormy","High ",0
"21/03/2022","9:40:00","9:45:00",18,"Meal ",25,4.9,14,"motorcycle ",0,"No ","Metropolitian ","Sunny","Low ",1
"3/04/2022","16:45:00","16:50:00",26,"Drinks ",34,4.7,18,"motorcycle ",2,"No ","Metropolitian ","Stormy","Medium ",1
"5/03/2022","16:40:00","16:55:00",16,"Meal ",25,4.9,9,"motorcycle ",0,"No ","Metropolitian ","Sandstorms","Medium ",0
"2/04/2022","23:35:00","23:50:00",17,"Buffet ",27,5,23,"electric_scooter ",2,"No ","Metropolitian ","Sandstorms","Low ",0
"8/03/2022","17:15:00","17:25:00",42,"Drinks ",27,4.8,21,"motorcycle ",0,"No ","Metropolitian ","Fog","Medium ",1
"16/03/2022","18:40:00","18:50:00",39,"Drinks ",22,4,2,"motorcycle ",0,"No ","Metropolitian ","Sandstorms","Medium ",1
"27/03/2022","17:10:00","17:20:00",26,"Drinks ",32,4.8,18,"motorcycle ",0,"No ","Urban ","Sunny","Medium ",0
"31/03/2022","21:35:00","21:50:00",47,"Drinks ",39,4.9,13,"motorcycle ",0,"Yes ","Metropolitian ","Fog","Jam ",0
"16/02/2022","21:50:00","22:05:00",18,"Meal ",21,5,2,"scooter ",2,"No ","Metropolitian ","Windy","Jam ",1
"5/03/2022","9:45:00","10:00:00",22,"Meal ",21,4.6,19,"motorcycle ",0,"No ","Urban ","Stormy","Low ",0
"19/03/2022","19:30:00","19:40:00",26,"Meal ",34,4.9,3,"motorcycle ",0,"No ","Metropolitian ","Sunny","Jam ",1
"18/02/2022","19:30:00","19:45:00",28,"Buffet ",24,4.6,9,"electric_scooter ",2,"No ","Metropolitian ","Sandstorms","Jam ",1
"20/03/2022","22:00:00","22:05:00",29,"Drinks ",29,4.7,4,"scooter ",2,"No ","Metropolitian ","Stormy","Jam ",1
"17/02/2022","11:00:00","11:05:00",14,"Buffet ",29,4.8,9,"scooter ",1,"No ","Metropolitian ","Sandstorms","Low ",0
"10/03/2022","18:45:00","18:50:00",29,"Buffet ",25,4.7,19,"motorcycle ",0,"No ","Metropolitian ","Stormy","Medium ",1
"9/03/2022","22:20:00","22:30:00",25,"Meal ",34,4.8,15,"scooter ",1,"No ","Metropolitian ","Windy","Low ",1
"16/02/2022","23:35:00","23:40:00",19,"Snack ",30,4.6,4,"motorcycle ",1,"No ","Metropolitian ","Sunny","Low ",1
"21/03/2022","23:55:00","0:00:00",14,"Snack ",24,4.6,23,"scooter ",2,"No ","Metropolitian ","Stormy","Low ",0
"5/03/2022","14:55:00","15:05:00",27,"Snack ",39,4.8,23,"scooter ",2,"No ","Metropolitian ","Windy","High ",1
"7/03/2022","11:00:00","11:10:00",16,"Buffet ",31,4.9,17,"scooter ",1,"No ","Metropolitian ","Sunny","Low ",0
"17/03/2022","22:55:00","23:05:00",24,"Drinks ",29,4.9,22,"motorcycle ",1,"No ","Urban ","Sunny","Low ",0
"2/03/2022","19:10:00","19:15:00",18,"Snack ",33,4.5,19,"scooter ",1,"No ","Metropolitian ","Sunny","Jam ",0
"5/03/2022","12:40:00","12:45:00",20,"Meal ",25,4.6,17,"scooter ",2,"No ","Urban ","Sandstorms","High ",1
"12/02/2022","21:15:00","21:30:00",20,"Meal ",29,4.8,5,"motorcycle ",0,"No ","Metropolitian ","Sunny","Jam ",1
"27/03/2022","22:50:00","23:05:00",11,"Buffet ",21,4.7,14,"electric_scooter ",2,"No ","Metropolitian ","Sandstorms","Low ",0
"20/03/2022","23:30:00","23:40:00",21,"Snack ",29,4.7,15,"motorcycle ",0,"No ","Metropolitian ","Sandstorms","Low ",1
"26/03/2022","13:30:00","13:45:00",33,"Snack ",33,4.1,2,"scooter ",2,"No ","Metropolitian ","Fog","High ",1
"3/04/2022","22:45:00","23:00:00",28,"Drinks ",37,4.8,9,"motorcycle ",1,"No ","Metropolitian ","Stormy","Low ",1
"29/03/2022","19:30:00","19:35:00",44,"Snack ",36,4.2,3,"scooter ",2,"No ","Metropolitian ","Fog","Jam ",1
"5/04/2022","11:00:00","11:05:00",18,"Meal ",28,4.6,21,"motorcycle ",0,"No ","Metropolitian ","Fog","Low ",0
"11/02/2022","23:20:00","23:35:00",18,"Snack ",22,4.7,2,"motorcycle ",1,"No ","Metropolitian ","Windy","Low ",1
"14/02/2022","20:40:00","20:45:00",36,"Snack ",30,4.3,6,"scooter ",2,"No ","Metropolitian ","Sandstorms","Jam ",2
"28/03/2022","18:35:00","18:40:00",27,"Snack ",39,4.7,15,"scooter ",2,"No ","Urban ","Sandstorms","Medium ",1
"5/03/2022","8:40:00","8:45:00",16,"Meal ",28,4.9,23,"motorcycle ",0,"No ","Metropolitian ","Sunny","Low ",0
"5/04/2022","14:55:00","15:00:00",36,"Buffet ",35,4.3,3,"motorcycle ",0,"No ","Metropolitian ","Stormy","High ",1
"29/03/2022","18:40:00","18:55:00",15,"Meal ",28,4.8,12,"scooter ",1,"No ","Metropolitian ","Sunny","Medium ",0
"1/04/2022","14:35:00","14:50:00",28,"Drinks ",24,4.6,21,"motorcycle ",0,"No ","Metropolitian ","Windy","High ",1
"24/03/2022","9:30:00","9:40:00",22,"Snack ",32,4.7,22,"motorcycle ",0,"No ","Urban ","Fog","Low ",0
"4/04/2022","22:35:00","22:40:00",41,"Meal ",26,3.4,3,"scooter ",1,"No ","Urban ","Sunny","Low ",2
"1/03/2022","13:50:00","14:00:00",34,"Meal ",34,4.1,3,"motorcycle ",0,"No ","Metropolitian ","Sandstorms","High ",1
"15/03/2022","18:25:00","18:40:00",39,"Buffet ",38,4.1,5,"motorcycle ",0,"No ","Urban ","Sandstorms","Medium ",0
"31/03/2022","21:35:00","21:45:00",37,"Drinks ",23,4.7,8,"motorcycle ",0,"No ","Metropolitian ","Cloudy","Jam ",1
"25/03/2022","20:45:00","20:55:00",41,"Buffet ",23,4.4,2,"motorcycle ",1,"No ","Metropolitian ","Cloudy","Jam ",1
"18/02/2022","23:55:00","0:00:00",19,"Meal ",30,4.8,2,"scooter ",1,"No ","Metropolitian ","Stormy","Low ",0
"17/03/2022","19:25:00","19:35:00",34,"Meal ",33,5,22,"scooter ",1,"No ","Metropolitian ","Windy","Jam ",1
"30/03/2022","21:40:00","21:50:00",27,"Snack ",35,4.6,9,"motorcycle ",2,"No ","Metropolitian ","Fog","Jam ",1
"24/03/2022","9:10:00","9:15:00",28,"Snack ",36,4.6,13,"motorcycle ",0,"No ","Metropolitian ","Sunny","Low ",1
"14/03/2022","20:00:00","20:15:00",42,"Snack ",27,4.9,14,"motorcycle ",0,"No ","Metropolitian ","Fog","Jam ",0
"1/03/2022","17:50:00","17:55:00",17,"Buffet ",23,4.9,16,"scooter ",2,"No ","Urban ","Sunny","Medium ",0
"15/03/2022","23:25:00","23:40:00",14,"Buffet ",24,4.6,19,"motorcycle ",1,"No ","Metropolitian ","Cloudy","Low ",0
"18/02/2022","18:50:00","18:55:00",21,"Snack ",23,5,9,"motorcycle ",2,"No ","Metropolitian ","Sandstorms","Medium ",1
"4/04/2022","22:55:00","23:05:00",26,"Drinks ",35,4.9,21,"motorcycle ",1,"No ","Metropolitian ","Windy","Low ",1
"2/04/2022","17:35:00","17:40:00",42,"Snack ",34,4.4,3,"motorcycle ",0,"No ","Metropolitian ","Stormy","Medium ",1
"11/02/2022","17:45:00","17:50:00",17,"Meal ",28,5,8,"electric_scooter ",2,"No ","Metropolitian ","Sunny","Medium ",1
"10/03/2022","20:55:00","21:10:00",36,"Drinks ",39,3.5,5,"motorcycle ",1,"No ","Metropolitian ","Sandstorms","Jam ",1
"3/04/2022","19:25:00","19:30:00",26,"Buffet ",20,4.9,21,"scooter ",1,"No ","Metropolitian ","Fog","Jam ",0
"6/04/2022","19:15:00","19:20:00",42,"Drinks ",20,4.1,5,"motorcycle ",2,"No ","Urban ","Fog","Jam ",1
"21/03/2022","15:40:00","15:45:00",19,"Meal ",27,4.8,15,"motorcycle ",1,"No ","Metropolitian ","Sunny","Medium ",1
"4/03/2022","21:15:00","21:30:00",26,"Meal ",22,4.6,23,"motorcycle ",0,"No ","Urban ","Stormy","Jam ",1
"15/02/2022","9:35:00","9:50:00",20,"Drinks ",38,4.5,6,"motorcycle ",0,"No ","Metropolitian ","Fog","Low ",1
"25/03/2022","17:30:00","17:40:00",38,"Meal ",35,4,1,"scooter ",1,"No ","Metropolitian ","Cloudy","Medium ",1
"17/03/2022","22:35:00","22:50:00",18,"Drinks ",31,4.8,17,"scooter ",2,"No ","Metropolitian ","Fog","Low ",1
"11/02/2022","11:25:00","11:30:00",30,"Buffet ",29,4.7,8,"scooter ",1,"No ","Metropolitian ","Fog","High ",1
"10/03/2022","23:30:00","23:35:00",18,"Snack ",33,4.5,18,"scooter ",1,"No ","Metropolitian ","Sandstorms","Low ",1
"13/03/2022","9:30:00","9:45:00",25,"Snack ",32,4.7,21,"electric_scooter ",2,"No ","Urban ","Windy","Low ",1
"2/03/2022","20:40:00","20:50:00",33,"Meal ",21,4.3,12,"motorcycle ",0,"No ","Metropolitian ","Sunny","Jam ",1
"17/02/2022","8:45:00","8:55:00",16,"Buffet ",25,5,2,"scooter ",2,"No ","Metropolitian ","Sunny","Low ",1
"19/03/2022","22:20:00","22:30:00",12,"Drinks ",29,4.8,18,"scooter ",1,"No ","Metropolitian ","Sandstorms","Low ",0
"4/03/2022","20:50:00","21:05:00",44,"Meal ",39,4.1,7,"motorcycle ",0,"No ","Metropolitian ","Sunny","Jam ",1
"25/03/2022","21:10:00","21:25:00",41,"Drinks ",34,4.2,2,"motorcycle ",0,"No ","Metropolitian ","Stormy","Jam ",0
"31/03/2022","20:35:00","20:45:00",33,"Drinks ",23,4.8,4,"motorcycle ",2,"No ","Urban ","Cloudy","Jam ",1
"16/03/2022","22:40:00","22:50:00",29,"Drinks ",38,4.7,23,"scooter ",1,"No ","Metropolitian ","Windy","Low ",0
"17/03/2022","8:10:00","8:20:00",17,"Meal ",21,4.8,18,"electric_scooter ",2,"No ","Metropolitian ","Fog","Low ",1
"17/03/2022","19:55:00","20:05:00",34,"Drinks ",37,4.6,12,"motorcycle ",1,"No ","Metropolitian ","Fog","Jam ",1
"1/04/2022","10:45:00","10:55:00",19,"Meal ",20,5,9,"scooter ",1,"No ","Metropolitian ","Stormy","Low ",1
"12/02/2022","22:45:00","23:00:00",26,"Snack ",27,4.8,8,"scooter ",1,"No ","Metropolitian ","Stormy","Low ",1
"14/02/2022","21:00:00","21:10:00",18,"Drinks ",38,4.8,9,"scooter ",2,"No ","Metropolitian ","Sunny","Jam ",1
"15/03/2022","14:10:00","14:20:00",28,"Drinks ",32,4.8,14,"motorcycle ",1,"No ","Metropolitian ","Windy","High ",1
"1/03/2022","13:50:00","14:00:00",26,"Meal ",39,4.7,16,"motorcycle ",0,"No ","Metropolitian ","Sunny","High ",1
"5/04/2022","22:10:00","22:25:00",24,"Meal ",25,4.8,17,"motorcycle ",0,"No ","Metropolitian ","Fog","Low ",1
"6/03/2022","20:50:00","20:55:00",41,"Buffet ",36,3.7,4,"scooter ",2,"No ","Metropolitian ","Windy","Jam ",1
"19/03/2022","0:00:00","0:10:00",15,"Snack ",38,4.9,11,"scooter ",1,"No ","Metropolitian ","Fog","Low ",1
"18/03/2022","21:25:00","21:30:00",37,"Drinks ",27,4.2,16,"motorcycle ",0,"No ","Metropolitian ","Sandstorms","Jam ",1
"5/04/2022","17:35:00","17:50:00",21,"Drinks ",21,4.7,22,"motorcycle ",1,"No ","Metropolitian ","Windy","Medium ",1
"31/03/2022","20:30:00","20:45:00",32,"Drinks ",28,4.9,2,"motorcycle ",0,"No ","Metropolitian ","Windy","Jam ",1
"2/03/2022","21:40:00","21:50:00",53,"Snack ",33,4.7,23,"motorcycle ",0,"No ","Metropolitian ","Stormy","Jam ",0
"14/03/2022","17:10:00","17:20:00",18,"Meal ",28,5,18,"scooter ",1,"No ","Metropolitian ","Sunny","Medium ",1
"6/04/2022","18:00:00","18:10:00",36,"Meal ",21,4.6,18,"scooter ",2,"No ","Metropolitian ","Cloudy","Medium ",0
"12/03/2022","20:45:00","20:50:00",37,"Snack ",30,4.7,9,"motorcycle ",0,"No ","Metropolitian ","Stormy","Jam ",1
"3/03/2022","15:50:00","16:05:00",28,"Snack ",38,4.7,23,"scooter ",1,"No ","Metropolitian ","Stormy","Medium ",1
"2/04/2022","19:55:00","20:00:00",33,"Snack ",35,3.5,13,"motorcycle ",2,"No ","Metropolitian ","Windy","Jam ",1
"14/03/2022","22:25:00","22:40:00",25,"Snack ",38,4.6,23,"electric_scooter ",2,"No ","Metropolitian ","Sandstorms","Low ",1
"17/03/2022","8:10:00","8:20:00",17,"Meal ",36,4.8,18,"scooter ",2,"No ","Urban ","Fog","Low ",1
"16/02/2022","19:35:00","19:45:00",36,"Buffet ",37,3.7,14,"scooter ",2,"No ","Metropolitian ","Stormy","Jam ",0
"5/04/2022","17:40:00","17:55:00",24,"Drinks ",20,4.6,19,"scooter ",1,"No ","Urban ","Sandstorms","Medium ",0
"24/03/2022","16:10:00","16:25:00",25,"Snack ",39,4.7,17,"scooter ",1,"No ","Urban ","Sandstorms","Medium ",0
"25/03/2022","17:50:00","17:55:00",32,"Meal ",33,3.7,1,"scooter ",2,"No ","Metropolitian ","Stormy","Medium ",1
"13/03/2022","18:10:00","18:25:00",20,"Snack ",38,4.7,18,"motorcycle ",1,"No ","Urban ","Sunny","Medium ",1
"19/03/2022","13:00:00","13:10:00",35,"Meal ",32,4.8,23,"scooter ",1,"No ","Metropolitian ","Fog","High ",2
"5/03/2022","19:45:00","19:50:00",33,"Meal ",39,4.3,23,"motorcycle ",1,"No ","Metropolitian ","Sunny","Jam ",2
"16/03/2022","18:25:00","18:30:00",42,"Drinks ",34,4.7,16,"electric_scooter ",2,"No ","Metropolitian ","Fog","Medium ",0
"28/03/2022","11:00:00","11:10:00",28,"Snack ",37,4.8,21,"scooter ",2,"No ","Metropolitian ","Sandstorms","Low ",1
"14/03/2022","19:40:00","19:55:00",32,"Snack ",21,5,9,"motorcycle ",0,"No ","Metropolitian ","Sandstorms","Jam ",0
"10/03/2022","18:50:00","18:55:00",23,"Drinks ",20,4.7,22,"scooter ",2,"No ","Urban ","Windy","Medium ",1
"23/03/2022","22:15:00","22:20:00",31,"Meal ",39,4.5,4,"motorcycle ",1,"No ","Urban ","Cloudy","Low ",1
"17/02/2022","11:50:00","12:05:00",38,"Drinks ",22,4.3,5,"motorcycle ",0,"No ","Metropolitian ","Fog","High ",1
"15/03/2022","20:35:00","20:50:00",12,"Snack ",22,4.7,19,"scooter ",1,"No ","Urban ","Sunny","Jam ",1
"13/03/2022","17:15:00","17:20:00",26,"Snack ",26,4.9,15,"scooter ",1,"No ","Metropolitian ","Windy","Medium ",0
"25/03/2022","21:55:00","22:05:00",17,"Drinks ",27,4.6,23,"electric_scooter ",2,"No ","Metropolitian ","Windy","Jam ",1
"9/03/2022","19:35:00","19:40:00",26,"Buffet ",32,4.7,15,"scooter ",2,"No ","Metropolitian ","Stormy","Jam ",1
"17/02/2022","9:20:00","9:25:00",29,"Snack ",37,4.8,6,"scooter ",2,"No ","Metropolitian ","Windy","Low ",1
"29/03/2022","23:30:00","23:35:00",18,"Snack ",20,4.7,1,"scooter ",1,"No ","Urban ","Sandstorms","Low ",0
"3/03/2022","10:20:00","10:30:00",21,"Drinks ",35,4.5,17,"scooter ",2,"No ","Metropolitian ","Sandstorms","Low ",0
"30/03/2022","10:40:00","10:50:00",18,"Snack ",27,4.6,22,"scooter ",2,"No ","Metropolitian ","Fog","Low ",1
"2/04/2022","17:40:00","17:45:00",33,"Snack ",34,4.6,1,"electric_scooter ",2,"No ","Metropolitian ","Fog","Medium ",2
"6/04/2022","18:10:00","18:20:00",26,"Buffet ",25,4.9,17,"motorcycle ",0,"No ","Metropolitian ","Windy","Medium ",0
"3/03/2022","10:40:00","10:55:00",18,"Buffet ",21,4.4,9,"motorcycle ",0,"No ","Metropolitian ","Stormy","Low ",1
"1/04/2022","15:25:00","15:40:00",11,"Drinks ",29,4.6,18,"motorcycle ",1,"No ","Urban ","Sunny","Medium ",0
"11/02/2022","23:55:00","0:10:00",18,"Buffet ",26,4.9,2,"motorcycle ",2,"No ","Metropolitian ","Sunny","Low ",1
"9/03/2022","11:25:00","11:35:00",26,"Meal ",23,4.6,9,"motorcycle ",0,"No ","Metropolitian ","Stormy","High ",1
"20/03/2022","21:00:00","21:10:00",43,"Snack ",33,4.2,4,"motorcycle ",0,"No ","Metropolitian ","Windy","Jam ",1
"15/02/2022","22:15:00","22:20:00",18,"Drinks ",29,4.9,5,"motorcycle ",0,"No ","Metropolitian ","Stormy","Low ",1
"11/02/2022","16:15:00","16:20:00",34,"Snack ",34,4.8,7,"motorcycle ",1,"No ","Metropolitian ","Windy","Medium ",1
"18/03/2022","23:30:00","23:45:00",28,"Meal ",34,4.7,11,"motorcycle ",0,"No ","Metropolitian ","Stormy","Low ",1
"11/02/2022","8:45:00","9:00:00",21,"Buffet ",21,4.6,8,"motorcycle ",0,"No ","Metropolitian ","Stormy","Low ",0
"17/03/2022","8:25:00","8:30:00",34,"Buffet ",32,4.1,6,"motorcycle ",0,"No ","Urban ","Sandstorms","Low ",0
"17/03/2022","8:35:00","8:45:00",26,"Snack ",38,4.8,21,"motorcycle ",0,"No ","Urban ","Fog","Low ",1
"27/03/2022","23:25:00","23:30:00",19,"Meal ",20,4.7,16,"motorcycle ",0,"No ","Urban ","Windy","Low ",1
"11/02/2022","22:20:00","22:25:00",22,"Buffet ",38,4.2,6,"motorcycle ",0,"No ","Urban ","Sandstorms","Low ",1
"4/04/2022","22:25:00","22:35:00",23,"Buffet ",26,4.8,16,"motorcycle ",0,"No ","Metropolitian ","Fog","Low ",0
"15/02/2022","22:40:00","22:55:00",17,"Buffet ",24,4.7,3,"motorcycle ",1,"No ","Metropolitian ","Sandstorms","Low ",0
"16/03/2022","22:25:00","22:35:00",39,"Buffet ",32,4.2,8,"scooter ",2,"No ","Metropolitian ","Fog","Low ",0
"14/02/2022","21:20:00","21:30:00",40,"Meal ",34,4.7,3,"motorcycle ",1,"No ","Metropolitian ","Stormy","Jam ",1
"3/04/2022","17:35:00","17:45:00",31,"Drinks ",37,4.2,4,"motorcycle ",0,"No ","Metropolitian ","Fog","Medium ",0
"5/04/2022","11:25:00","11:40:00",34,"Drinks ",35,4.2,4,"motorcycle ",1,"No ","Metropolitian ","Windy","High ",2
"28/03/2022","8:45:00","8:55:00",21,"Snack ",38,4.7,16,"electric_scooter ",2,"No ","Metropolitian ","Sandstorms","Low ",0
"13/02/2022","16:20:00","16:25:00",30,"Meal ",32,5,9,"motorcycle ",0,"No ","Metropolitian ","Stormy","Medium ",1
"5/03/2022","13:30:00","13:45:00",29,"Snack ",30,5,21,"motorcycle ",0,"No ","Metropolitian ","Sunny","High ",1
"19/03/2022","13:35:00","13:45:00",30,"Snack ",28,4.7,13,"motorcycle ",2,"No ","Metropolitian ","Fog","High ",1
"18/03/2022","20:40:00","20:50:00",36,"Drinks ",21,4.9,12,"motorcycle ",0,"No ","Metropolitian ","Cloudy","Jam ",1
"5/04/2022","22:20:00","22:25:00",15,"Drinks ",33,4.6,16,"motorcycle ",1,"No ","Metropolitian ","Cloudy","Low ",0
"6/03/2022","22:00:00","22:10:00",48,"Buffet ",21,5,12,"motorcycle ",0,"No ","Metropolitian ","Fog","Jam ",1
"12/03/2022","19:00:00","19:05:00",30,"Drinks ",31,4.8,12,"motorcycle ",0,"No ","Metropolitian ","Stormy","Medium ",1
"10/03/2022","17:50:00","18:00:00",42,"Drinks ",30,5,16,"motorcycle ",0,"No ","Metropolitian ","Cloudy","Medium ",0
"13/03/2022","18:10:00","18:15:00",30,"Drinks ",36,4.6,12,"motorcycle ",0,"No ","Metropolitian ","Fog","Medium ",1
"3/03/2022","11:50:00","12:00:00",35,"Meal ",35,4.8,14,"scooter ",2,"No ","Metropolitian ","Stormy","High ",0
"20/03/2022","23:25:00","23:30:00",23,"Drinks ",31,4.8,16,"scooter ",1,"No ","Metropolitian ","Stormy","Low ",1
"30/03/2022","11:35:00","11:50:00",15,"Buffet ",23,4.7,5,"motorcycle ",1,"No ","Urban ","Windy","High ",1
"2/03/2022","22:25:00","22:35:00",31,"Snack ",32,4.4,22,"scooter ",2,"No ","Metropolitian ","Stormy","Low ",0
"4/04/2022","23:15:00","23:20:00",20,"Snack ",28,4.7,18,"scooter ",2,"No ","Metropolitian ","Fog","Low ",0
"3/04/2022","17:10:00","17:25:00",18,"Meal ",31,4.8,21,"motorcycle ",1,"No ","Metropolitian ","Fog","Medium ",1
"4/03/2022","18:35:00","18:50:00",38,"Meal ",22,4.8,22,"motorcycle ",0,"No ","Urban ","Sandstorms","Medium ",2
"9/03/2022","15:55:00","16:05:00",26,"Snack ",32,5,21,"motorcycle ",0,"No ","Urban ","Sunny","Medium ",0
"14/02/2022","0:00:00","0:15:00",38,"Meal ",36,4.9,5,"motorcycle ",0,"No ","Metropolitian ","Fog","Low ",1
"6/03/2022","18:35:00","18:50:00",33,"Meal ",34,4.9,12,"motorcycle ",0,"No ","Metropolitian ","Sunny","Medium ",1
"11/02/2022","19:55:00","20:05:00",10,"Drinks ",20,4.9,7,"scooter ",1,"No ","Metropolitian ","Stormy","Jam ",0
"16/03/2022","19:50:00","20:00:00",23,"Drinks ",28,4.8,23,"electric_scooter ",2,"No ","Metropolitian ","Sandstorms","Jam ",0
"18/02/2022","17:55:00","18:10:00",40,"Meal ",38,4.8,3,"motorcycle ",0,"No ","Metropolitian ","Stormy","Medium ",0
"14/03/2022","21:10:00","21:25:00",38,"Snack ",39,4.9,21,"scooter ",2,"No ","Metropolitian ","Cloudy","Jam ",2
"20/03/2022","17:10:00","17:20:00",31,"Meal ",21,4,4,"electric_scooter ",2,"No ","Metropolitian ","Cloudy","Medium ",1
"3/04/2022","10:45:00","11:00:00",11,"Meal ",21,4.7,18,"motorcycle ",1,"No ","Urban ","Sandstorms","Low ",1
"13/03/2022","16:45:00","16:50:00",28,"Buffet ",27,4.9,21,"motorcycle ",2,"No ","Metropolitian ","Sandstorms","Medium ",0
"26/03/2022","23:50:00","0:05:00",29,"Snack ",33,4.7,17,"scooter ",1,"No ","Urban ","Windy","Low ",1
"31/03/2022","22:15:00","22:30:00",42,"Snack ",35,4.1,11,"motorcycle ",0,"No ","Metropolitian ","Cloudy","Low ",1
"3/04/2022","23:50:00","0:00:00",13,"Buffet ",27,4.8,19,"motorcycle ",1,"No ","Metropolitian ","Sandstorms","Low ",1
"12/03/2022","23:40:00","23:50:00",28,"Buffet ",27,4.9,13,"scooter ",2,"No ","Metropolitian ","Fog","Low ",1
"12/03/2022","18:45:00","19:00:00",39,"Snack ",32,5,19,"scooter ",1,"Yes ","Metropolitian ","Cloudy","Medium ",1
"7/03/2022","18:55:00","19:05:00",26,"Drinks ",23,4.7,21,"scooter ",1,"No ","Metropolitian ","Sandstorms","Medium ",1
"25/03/2022","17:30:00","17:40:00",38,"Meal ",35,4,1,"scooter ",1,"No ","Metropolitian ","Cloudy","Medium ",1
"15/02/2022","10:20:00","10:25:00",28,"Drinks ",34,4.6,5,"motorcycle ",0,"No ","Metropolitian ","Fog","Low ",1
"30/03/2022","20:20:00","20:30:00",32,"Meal ",33,4.1,13,"motorcycle ",1,"No ","Metropolitian ","Fog","Jam ",0
"13/03/2022","21:20:00","21:30:00",16,"Drinks ",33,4.9,12,"motorcycle ",1,"No ","Metropolitian ","Sunny","Jam ",1
"5/03/2022","10:00:00","10:10:00",18,"Meal ",21,4,3,"motorcycle ",0,"No ","Metropolitian ","Sandstorms","Low ",0
"9/03/2022","15:35:00","15:45:00",19,"Meal ",24,4.8,19,"motorcycle ",1,"No ","Urban ","Cloudy","Medium ",0
"31/03/2022","22:20:00","22:30:00",32,"Meal ",32,4.5,5,"scooter ",2,"No ","Metropolitian ","Fog","Low ",1
"24/03/2022","11:25:00","11:30:00",33,"Drinks ",32,4.2,2,"motorcycle ",1,"No ","Metropolitian ","Cloudy","High ",1
"24/03/2022","11:55:00","12:05:00",30,"Snack ",33,4.5,13,"scooter ",1,"No ","Metropolitian ","Sandstorms","High ",1
"28/03/2022","11:00:00","11:10:00",15,"Drinks ",23,4.8,18,"scooter ",2,"No ","Urban ","Cloudy","Low ",0
"2/04/2022","22:25:00","22:40:00",11,"Buffet ",25,4.6,16,"scooter ",1,"No ","Urban ","Stormy","Low ",0
"2/03/2022","21:35:00","21:45:00",18,"Buffet ",30,4.7,16,"motorcycle ",2,"No ","Metropolitian ","Sunny","Jam ",0
"16/03/2022","17:55:00","18:00:00",34,"Buffet ",27,5,9,"motorcycle ",0,"No ","Metropolitian ","Fog","Medium ",1
"17/02/2022","11:40:00","11:50:00",32,"Snack ",38,4.9,8,"motorcycle ",0,"No ","Metropolitian ","Windy","High ",2
"7/03/2022","14:50:00","15:00:00",37,"Meal ",38,4.6,16,"scooter ",1,"No ","Metropolitian ","Fog","High ",1
"3/04/2022","15:45:00","15:55:00",18,"Snack ",35,4.8,21,"scooter ",2,"No ","Metropolitian ","Sunny","Medium ",1
"4/04/2022","21:10:00","21:15:00",34,"Snack ",28,4.6,9,"motorcycle ",0,"No ","Metropolitian ","Sandstorms","Jam ",1
"5/03/2022","23:55:00","0:10:00",19,"Buffet ",20,4.6,9,"scooter ",1,"No ","Metropolitian ","Stormy","Low ",1
"2/03/2022","17:45:00","17:50:00",30,"Meal ",32,4.5,13,"scooter ",1,"No ","Metropolitian ","Stormy","Medium ",1
"14/03/2022","19:35:00","19:50:00",45,"Snack ",31,4,5,"motorcycle ",0,"No ","Metropolitian ","Sandstorms","Jam ",0
"14/03/2022","21:15:00","21:30:00",23,"Snack ",25,4.8,21,"motorcycle ",1,"No ","Metropolitian ","Sandstorms","Jam ",1
"3/03/2022","16:35:00","16:40:00",28,"Meal ",28,4.9,15,"motorcycle ",0,"No ","Metropolitian ","Sandstorms","Medium ",1
"11/03/2022","9:10:00","9:20:00",16,"Meal ",20,4.6,23,"motorcycle ",1,"No ","Metropolitian ","Sandstorms","Low ",0
"26/03/2022","9:10:00","9:20:00",23,"Snack ",26,4.8,19,"scooter ",2,"No ","Metropolitian ","Sunny","Low ",1
"28/03/2022","19:35:00","19:50:00",29,"Snack ",23,4.5,1,"motorcycle ",1,"No ","Urban ","Cloudy","Jam ",1
"2/03/2022","22:55:00","23:00:00",22,"Meal ",33,4.9,22,"scooter ",1,"No ","Metropolitian ","Stormy","Low ",1
"20/03/2022","18:00:00","18:10:00",44,"Drinks ",37,4.1,7,"scooter ",2,"No ","Metropolitian ","Cloudy","Medium ",2
"16/02/2022","20:20:00","20:35:00",35,"Buffet ",28,4.7,7,"motorcycle ",0,"No ","Metropolitian ","Windy","Jam ",0
"9/03/2022","9:40:00","9:50:00",14,"Snack ",24,4.5,23,"motorcycle ",0,"No ","Metropolitian ","Sunny","Low ",0
"21/03/2022","11:35:00","11:45:00",28,"Drinks ",36,4.6,18,"motorcycle ",2,"No ","Metropolitian ","Stormy","High ",0
"20/03/2022","21:00:00","21:15:00",21,"Snack ",21,4.7,21,"motorcycle ",2,"No ","Urban ","Windy","Jam ",0
"18/02/2022","18:15:00","18:25:00",36,"Snack ",30,4,3,"motorcycle ",0,"No ","Urban ","Stormy","Medium ",1
"3/04/2022","23:45:00","23:50:00",21,"Drinks ",27,4.2,19,"motorcycle ",0,"No ","Metropolitian ","Stormy","Low ",1
"28/03/2022","8:50:00","9:00:00",16,"Drinks ",24,4.9,17,"electric_scooter ",2,"No ","Urban ","Sandstorms","Low ",0
"26/03/2022","18:15:00","18:30:00",19,"Snack ",20,4.8,21,"motorcycle ",2,"No ","Urban ","Cloudy","Medium ",0
"6/04/2022","23:20:00","23:30:00",23,"Snack ",35,4.6,17,"motorcycle ",0,"No ","Urban ","Windy","Low ",1
"18/02/2022","22:45:00","22:50:00",25,"Drinks ",34,4.7,7,"electric_scooter ",2,"No ","Metropolitian ","Windy","Low ",0
"18/02/2022","22:50:00","22:55:00",28,"Buffet ",21,4.9,3,"motorcycle ",0,"No ","Metropolitian ","Sandstorms","Low ",1
"17/03/2022","11:15:00","11:20:00",42,"Meal ",30,4.6,21,"motorcycle ",0,"No ","Metropolitian ","Sandstorms","High ",1
"6/03/2022","18:55:00","19:10:00",43,"Meal ",35,4.2,4,"scooter ",2,"No ","Metropolitian ","Fog","Medium ",2
"2/03/2022","19:40:00","19:55:00",38,"Snack ",25,4.8,18,"motorcycle ",0,"No ","Metropolitian ","Sandstorms","Jam ",0
"14/03/2022","21:20:00","21:30:00",39,"Drinks ",29,4.8,19,"motorcycle ",0,"No ","Metropolitian ","Sandstorms","Jam ",2
"16/03/2022","22:10:00","22:20:00",25,"Meal ",33,5,18,"motorcycle ",0,"No ","Metropolitian ","Sunny","Low ",1
"10/03/2022","19:30:00","19:35:00",43,"Snack ",32,4.8,21,"motorcycle ",0,"Yes ","Urban ","Fog","Jam ",1
"20/03/2022","19:40:00","19:45:00",33,"Meal ",27,4.2,5,"motorcycle ",1,"No ","Metropolitian ","Fog","Jam ",0
"26/03/2022","20:45:00","20:50:00",23,"Snack ",28,4.8,23,"electric_scooter ",2,"No ","Urban ","Cloudy","Jam ",0
"19/03/2022","21:30:00","21:45:00",24,"Snack ",31,4.9,12,"motorcycle ",0,"No ","Metropolitian ","Sunny","Jam ",0
"29/03/2022","22:40:00","22:45:00",20,"Meal ",23,4.8,19,"motorcycle ",0,"No ","Metropolitian ","Stormy","Low ",1
"12/02/2022","19:35:00","19:40:00",28,"Meal ",24,4.7,9,"motorcycle ",0,"No ","Metropolitian ","Sunny","Jam ",1
"14/03/2022","17:40:00","17:50:00",24,"Buffet ",23,4.9,12,"motorcycle ",0,"No ","Metropolitian ","Sunny","Medium ",1
"16/03/2022","20:20:00","20:25:00",36,"Snack ",25,4.1,11,"motorcycle ",0,"No ","Metropolitian ","Sandstorms","Jam ",2
"28/03/2022","8:40:00","8:50:00",23,"Buffet ",33,4.7,14,"motorcycle ",0,"No ","Metropolitian ","Stormy","Low ",1
"4/03/2022","17:25:00","17:30:00",15,"Meal ",27,4.6,16,"scooter ",1,"No ","Metropolitian ","Sunny","Medium ",1
"5/04/2022","10:35:00","10:45:00",22,"Meal ",29,4.8,19,"scooter ",2,"No ","Metropolitian ","Sunny","Low ",0
"26/03/2022","9:00:00","9:15:00",17,"Snack ",36,4.6,23,"motorcycle ",1,"No ","Metropolitian ","Cloudy","Low ",1
"16/03/2022","21:15:00","21:25:00",34,"Meal ",34,3.7,1,"scooter ",1,"No ","Urban ","Stormy","Jam ",0
"11/02/2022","17:45:00","18:00:00",34,"Buffet ",33,4.7,3,"scooter ",1,"No ","Metropolitian ","Windy","Medium ",1
"30/03/2022","20:25:00","20:35:00",11,"Buffet ",27,4.5,21,"scooter ",2,"No ","Metropolitian ","Sunny","Jam ",0
"3/04/2022","9:25:00","9:35:00",17,"Buffet ",28,4.6,18,"motorcycle ",1,"No ","Metropolitian ","Sandstorms","Low ",1
"11/02/2022","9:00:00","9:10:00",27,"Buffet ",38,4,13,"motorcycle ",0,"No ","Metropolitian ","Sandstorms","Low ",1
"21/03/2022","15:30:00","15:40:00",20,"Drinks ",28,4.7,18,"motorcycle ",0,"No ","Metropolitian ","Stormy","Medium ",0
"15/03/2022","11:40:00","11:55:00",38,"Snack ",30,5,19,"scooter ",2,"No ","Metropolitian ","Fog","High ",1
"27/03/2022","17:55:00","18:05:00",24,"Snack ",29,4.6,22,"motorcycle ",1,"No ","Metropolitian ","Windy","Medium ",1
"27/03/2022","18:30:00","18:45:00",33,"Buffet ",35,4.9,18,"motorcycle ",0,"No ","Urban ","Stormy","Medium ",1
"15/02/2022","11:25:00","11:40:00",18,"Drinks ",22,4.9,19,"motorcycle ",2,"No ","Urban ","Sunny","High ",1
"28/03/2022","12:50:00","13:00:00",35,"Meal ",33,4.6,11,"motorcycle ",1,"No ","Metropolitian ","Cloudy","High ",0
"19/03/2022","10:35:00","10:40:00",20,"Drinks ",31,4.3,6,"motorcycle ",0,"No ","Urban ","Sandstorms","Low ",1
"14/02/2022","23:25:00","23:35:00",23,"Buffet ",24,4.6,8,"motorcycle ",0,"No ","Metropolitian ","Stormy","Low ",0
"11/02/2022","21:30:00","21:40:00",22,"Drinks ",21,4.8,16,"scooter ",2,"No ","Urban ","Sandstorms","Jam ",1
"5/04/2022","23:30:00","23:40:00",21,"Drinks ",39,4.1,3,"motorcycle ",0,"No ","Metropolitian ","Sandstorms","Low ",1
"18/03/2022","17:20:00","17:30:00",34,"Drinks ",35,4,5,"scooter ",2,"No ","Urban ","Cloudy","Medium ",2
"5/04/2022","17:25:00","17:35:00",27,"Meal ",39,5,22,"motorcycle ",0,"No ","Metropolitian ","Fog","Medium ",1
"17/03/2022","21:40:00","21:55:00",43,"Buffet ",36,4,7,"motorcycle ",0,"No ","Metropolitian ","Stormy","Jam ",1
"5/04/2022","17:55:00","18:05:00",28,"Meal ",38,4.6,23,"motorcycle ",1,"No ","Urban ","Windy","Medium ",1
"16/02/2022","20:40:00","20:55:00",35,"Snack ",32,4.7,7,"scooter ",1,"No ","Metropolitian ","Stormy","Jam ",1
"3/03/2022","17:35:00","17:40:00",34,"Snack ",35,4.4,5,"motorcycle ",0,"No ","Urban ","Stormy","Medium ",1
"3/04/2022","23:35:00","23:40:00",16,"Drinks ",22,4.6,23,"motorcycle ",1,"No ","Metropolitian ","Fog","Low ",0
"13/02/2022","14:15:00","14:25:00",28,"Drinks ",32,4.9,3,"scooter ",1,"No ","Metropolitian ","Sandstorms","High ",0
"29/03/2022","19:40:00","19:45:00",18,"Meal ",28,4.9,22,"scooter ",1,"No ","Metropolitian ","Windy","Jam ",1
"23/03/2022","23:55:00","0:05:00",21,"Drinks ",24,4.9,16,"motorcycle ",0,"No ","Metropolitian ","Cloudy","Low ",1
"16/03/2022","17:10:00","17:20:00",27,"Meal ",35,4.7,14,"scooter ",2,"No ","Metropolitian ","Stormy","Medium ",0
"13/03/2022","23:20:00","23:30:00",19,"Snack ",38,4.6,16,"scooter ",1,"No ","Urban ","Cloudy","Low ",1
"18/02/2022","19:20:00","19:35:00",42,"Snack ",37,3.5,18,"motorcycle ",2,"No ","Metropolitian ","Sandstorms","Jam ",1
"1/03/2022","22:30:00","22:45:00",29,"Meal ",37,4.8,18,"motorcycle ",0,"No ","Metropolitian ","Stormy","Low ",1
"12/03/2022","18:30:00","18:35:00",21,"Buffet ",21,4.5,4,"motorcycle ",1,"No ","Urban ","Windy","Medium ",0
"1/04/2022","20:30:00","20:35:00",46,"Snack ",29,4.5,8,"motorcycle ",0,"No ","Metropolitian ","Sunny","Jam ",1
"9/03/2022","15:00:00","15:10:00",25,"Drinks ",30,4.7,17,"scooter ",1,"No ","Metropolitian ","Fog","High ",1
"17/02/2022","0:00:00","0:10:00",18,"Buffet ",20,4.7,7,"scooter ",1,"No ","Metropolitian ","Sandstorms","Low ",0
"2/03/2022","17:55:00","18:10:00",27,"Snack ",21,4.9,12,"motorcycle ",1,"No ","Metropolitian ","Fog","Medium ",1
"11/02/2022","13:00:00","13:05:00",30,"Drinks ",21,4.7,3,"scooter ",2,"No ","Metropolitian ","Fog","High ",1
"12/03/2022","18:15:00","18:25:00",21,"Drinks ",36,4.5,13,"scooter ",1,"No ","Metropolitian ","Windy","Medium ",0
"11/03/2022","23:35:00","23:45:00",24,"Buffet ",28,4.7,19,"motorcycle ",0,"No ","Metropolitian ","Cloudy","Low ",1
"8/03/2022","22:00:00","22:10:00",43,"Drinks ",26,4,6,"motorcycle ",1,"No ","Urban ","Stormy","Jam ",3
"1/03/2022","15:35:00","15:50:00",18,"Drinks ",23,4.8,18,"electric_scooter ",2,"No ","Urban ","Fog","Medium ",1
"3/03/2022","8:55:00","9:10:00",13,"Snack ",35,4.8,12,"scooter ",1,"No ","Metropolitian ","Sunny","Low ",0
"12/03/2022","23:40:00","23:45:00",27,"Drinks ",33,4.6,16,"scooter ",1,"No ","Metropolitian ","Sandstorms","Low ",1
"12/02/2022","18:30:00","18:35:00",27,"Meal ",37,4.7,9,"motorcycle ",1,"No ","Metropolitian ","Sunny","Medium ",1
"1/03/2022","17:50:00","17:55:00",17,"Buffet ",23,4.9,16,"scooter ",2,"No ","Urban ","Sunny","Medium ",0
"26/03/2022","17:20:00","17:35:00",33,"Meal ",39,4.1,4,"motorcycle ",0,"No ","Metropolitian ","Windy","Medium ",1
"30/03/2022","18:10:00","18:15:00",17,"Buffet ",33,4.6,3,"scooter ",1,"No ","Urban ","Fog","Medium ",0
"3/04/2022","9:55:00","10:10:00",16,"Meal ",28,4.9,17,"motorcycle ",0,"No ","Urban ","Fog","Low ",1
"16/02/2022","23:10:00","23:20:00",44,"Drinks ",36,4,10,"motorcycle ",0,"Yes ","Metropolitian ","Stormy","Low ",1
"14/03/2022","18:30:00","18:40:00",49,"Snack ",36,4.9,17,"motorcycle ",0,"No ","Metropolitian ","Stormy","Medium ",0
"15/02/2022","19:20:00","19:35:00",29,"Meal ",31,4.6,4,"motorcycle ",0,"No ","Metropolitian ","Sunny","Jam ",1
"12/02/2022","21:25:00","21:40:00",31,"Drinks ",33,3.7,17,"scooter ",2,"No ","Metropolitian ","Sunny","Jam ",1
"27/03/2022","18:35:00","18:40:00",28,"Buffet ",30,4.8,21,"motorcycle ",0,"No ","Metropolitian ","Sunny","Medium ",1
"13/02/2022","16:15:00","16:25:00",33,"Snack ",35,4.2,2,"motorcycle ",1,"No ","Metropolitian ","Stormy","Medium ",0
"14/02/2022","18:45:00","19:00:00",17,"Drinks ",21,5,17,"motorcycle ",1,"No ","Urban ","Sunny","Medium ",0
"31/03/2022","17:40:00","17:50:00",32,"Drinks ",38,4.4,8,"scooter ",2,"No ","Metropolitian ","Stormy","Medium ",1
"9/03/2022","20:10:00","20:20:00",15,"Drinks ",29,4.9,18,"motorcycle ",1,"No ","Urban ","Sandstorms","Jam ",1
"13/02/2022","9:55:00","10:00:00",17,"Snack ",25,4.9,17,"motorcycle ",2,"No ","Urban ","Sandstorms","Low ",1
"12/03/2022","21:00:00","21:05:00",32,"Meal ",35,3.9,9,"scooter ",1,"No ","Metropolitian ","Stormy","Jam ",1
"15/02/2022","20:25:00","20:30:00",30,"Buffet ",23,4.5,4,"motorcycle ",2,"No ","Urban ","Fog","Jam ",1
"2/04/2022","22:10:00","22:20:00",28,"Snack ",28,4.9,18,"motorcycle ",1,"No ","Urban ","Cloudy","Low ",1
"18/03/2022","22:35:00","22:50:00",16,"Drinks ",38,4.7,23,"motorcycle ",1,"No ","Urban ","Sandstorms","Low ",0
"24/03/2022","17:15:00","17:30:00",27,"Buffet ",21,4.7,9,"scooter ",1,"No ","Metropolitian ","Windy","Medium ",0
"28/03/2022","17:35:00","17:45:00",29,"Buffet ",20,4.9,5,"scooter ",2,"No ","Metropolitian ","Stormy","Medium ",1
"21/03/2022","16:35:00","16:40:00",28,"Buffet ",33,4.9,16,"scooter ",1,"No ","Metropolitian ","Sandstorms","Medium ",1
"12/02/2022","19:55:00","20:05:00",51,"Meal ",30,4.7,3,"motorcycle ",0,"No ","Metropolitian ","Stormy","Jam ",1
"25/03/2022","18:00:00","18:05:00",26,"Buffet ",36,4.9,14,"motorcycle ",1,"No ","Metropolitian ","Windy","Medium ",0
"5/03/2022","23:20:00","23:25:00",28,"Meal ",38,4.6,12,"scooter ",2,"No ","Metropolitian ","Sunny","Low ",1
"4/03/2022","17:40:00","17:55:00",30,"Drinks ",27,4.9,23,"motorcycle ",0,"No ","Metropolitian ","Stormy","Medium ",1
"21/03/2022","19:50:00","20:05:00",25,"Meal ",30,4.8,9,"scooter ",1,"No ","Metropolitian ","Stormy","Jam ",1
"31/03/2022","23:10:00","23:15:00",22,"Drinks ",25,4.5,21,"motorcycle ",0,"No ","Metropolitian ","Cloudy","Low ",1
"31/03/2022","17:55:00","18:05:00",27,"Drinks ",20,4.9,1,"electric_scooter ",2,"No ","Urban ","Cloudy","Medium ",1
"27/03/2022","21:30:00","21:40:00",18,"Snack ",26,4.8,17,"scooter ",2,"No ","Urban ","Sunny","Jam ",0
"15/03/2022","10:15:00","10:20:00",13,"Meal ",24,4.7,12,"motorcycle ",0,"No ","Metropolitian ","Sunny","Low ",1
"11/03/2022","13:55:00","14:05:00",54,"Meal ",27,4.4,3,"motorcycle ",0,"Yes ","Urban ","Sunny","High ",2
"2/03/2022","21:25:00","21:40:00",17,"Meal ",24,4.9,12,"scooter ",1,"No ","Metropolitian ","Sunny","Jam ",1
"15/03/2022","9:35:00","9:40:00",20,"Snack ",36,4.7,18,"scooter ",2,"No ","Metropolitian ","Windy","Low ",1
"1/04/2022","8:40:00","8:50:00",12,"Snack ",29,4.9,9,"scooter ",2,"No ","Metropolitian ","Stormy","Low ",1
"1/04/2022","21:35:00","21:40:00",28,"Meal ",20,4.6,21,"scooter ",1,"No ","Metropolitian ","Stormy","Jam ",1
"23/03/2022","22:40:00","22:55:00",14,"Drinks ",23,4.5,1,"scooter ",1,"No ","Urban ","Sandstorms","Low ",0
"24/03/2022","15:55:00","16:00:00",34,"Snack ",34,4.6,13,"scooter ",2,"No ","Metropolitian ","Sandstorms","Medium ",1
"19/03/2022","10:55:00","11:00:00",17,"Drinks ",29,4.5,9,"scooter ",2,"No ","Metropolitian ","Fog","Low ",1
"29/03/2022","17:25:00","17:35:00",10,"Snack ",26,4.8,3,"motorcycle ",2,"No ","Urban ","Sunny","Medium ",0
"13/02/2022","14:00:00","14:15:00",26,"Buffet ",27,4.6,3,"scooter ",1,"No ","Metropolitian ","Stormy","High ",1
"3/03/2022","9:30:00","9:45:00",20,"Snack ",32,4.9,16,"motorcycle ",0,"No ","Urban ","Cloudy","Low ",0
"17/02/2022","11:10:00","11:15:00",25,"Drinks ",39,4.9,7,"motorcycle ",0,"No ","Metropolitian ","Sandstorms","High ",1
"28/03/2022","9:40:00","9:55:00",16,"Buffet ",26,4.8,17,"scooter ",2,"No ","Urban ","Sunny","Low ",1
"8/03/2022","22:10:00","22:20:00",27,"Drinks ",37,4.8,13,"motorcycle ",0,"No ","Metropolitian ","Windy","Low ",1
"13/03/2022","22:30:00","22:45:00",16,"Buffet ",31,5,17,"scooter ",1,"No ","Metropolitian ","Cloudy","Low ",0
"14/03/2022","22:10:00","22:15:00",24,"Drinks ",22,4.8,22,"scooter ",1,"No ","Metropolitian ","Fog","Low ",0
"1/03/2022","16:50:00","17:05:00",15,"Snack ",30,4.7,9,"motorcycle ",2,"No ","Metropolitian ","Fog","Medium ",1
"1/04/2022","12:30:00","12:35:00",18,"Drinks ",23,4.6,22,"motorcycle ",0,"No ","Metropolitian ","Sandstorms","High ",1
"2/03/2022","18:50:00","19:00:00",27,"Meal ",21,4.9,12,"scooter ",1,"No ","Metropolitian ","Fog","Medium ",1
"6/03/2022","20:15:00","20:20:00",28,"Buffet ",30,4.8,19,"motorcycle ",0,"No ","Urban ","Stormy","Jam ",1
"9/03/2022","23:35:00","23:40:00",17,"Drinks ",36,5,9,"motorcycle ",2,"No ","Metropolitian ","Sunny","Low ",1
"12/02/2022","20:55:00","21:00:00",31,"Snack ",33,4.7,2,"motorcycle ",0,"No ","Metropolitian ","Sunny","Jam ",1
"10/03/2022","18:00:00","18:10:00",14,"Drinks ",20,4.7,21,"scooter ",1,"No ","Metropolitian ","Sunny","Medium ",0
"15/03/2022","18:40:00","18:45:00",26,"Drinks ",38,5,12,"scooter ",2,"No ","Metropolitian ","Windy","Medium ",0
"21/03/2022","17:35:00","17:50:00",16,"Buffet ",28,4.9,13,"scooter ",2,"No ","Metropolitian ","Sunny","Medium ",1
"31/03/2022","21:20:00","21:30:00",34,"Drinks ",38,4.2,2,"scooter ",1,"No ","Urban ","Windy","Jam ",1
"6/04/2022","19:50:00","20:05:00",27,"Meal ",32,4.9,19,"scooter ",2,"No ","Metropolitian ","Stormy","Jam ",0
"18/03/2022","18:00:00","18:10:00",35,"Meal ",21,4.2,13,"electric_scooter ",2,"No ","Metropolitian ","Cloudy","Medium ",1
"8/03/2022","22:20:00","22:25:00",21,"Buffet ",27,4.7,17,"motorcycle ",0,"No ","Metropolitian ","Stormy","Low ",1
"17/03/2022","16:20:00","16:35:00",15,"Buffet ",30,4.9,23,"scooter ",1,"No ","Metropolitian ","Fog","Medium ",1
"19/03/2022","9:40:00","9:50:00",26,"Drinks ",38,4.8,1,"motorcycle ",0,"No ","Metropolitian ","Fog","Low ",1
"4/04/2022","18:00:00","18:10:00",39,"Buffet ",35,4.6,1,"motorcycle ",0,"No ","Metropolitian ","Fog","Medium ",1
"25/03/2022","23:15:00","23:30:00",14,"Snack ",29,4.7,22,"scooter ",2,"No ","Metropolitian ","Sandstorms","Low ",1
"11/02/2022","16:10:00","16:20:00",29,"Snack ",39,4.7,8,"scooter ",2,"No ","Metropolitian ","Sandstorms","Medium ",1
"3/03/2022","10:45:00","10:50:00",29,"Meal ",33,4.6,13,"motorcycle ",0,"No ","Metropolitian ","Stormy","Low ",0
"15/02/2022","15:00:00","15:05:00",24,"Meal ",22,4.7,4,"motorcycle ",0,"No ","Metropolitian ","Stormy","High ",1
"19/03/2022","20:15:00","20:25:00",15,"Buffet ",30,4.9,17,"scooter ",1,"No ","Urban ","Sunny","Jam ",0
"23/03/2022","20:40:00","20:50:00",53,"Snack ",36,4.4,1,"motorcycle ",0,"No ","Semi-Urban ","Stormy","Jam ",1
"18/03/2022","18:40:00","18:50:00",16,"Meal ",29,4.5,1,"motorcycle ",1,"No ","Metropolitian ","Stormy","Medium ",1
"3/04/2022","10:35:00","10:45:00",15,"Snack ",20,4.8,19,"motorcycle ",2,"No ","Metropolitian ","Windy","Low ",1
"25/03/2022","20:35:00","20:50:00",35,"Drinks ",36,4.3,4,"scooter ",2,"No ","Metropolitian ","Windy","Jam ",1
"7/03/2022","18:15:00","18:25:00",28,"Buffet ",26,4.9,16,"scooter ",1,"No ","Urban ","Stormy","Medium ",1
"7/03/2022","8:35:00","8:50:00",17,"Snack ",27,4.5,23,"electric_scooter ",2,"No ","Metropolitian ","Windy","Low ",0
"9/03/2022","22:50:00","23:05:00",20,"Snack ",34,4.7,19,"scooter ",1,"No ","Urban ","Sandstorms","Low ",1
"24/03/2022","21:35:00","21:45:00",29,"Meal ",30,4.6,9,"motorcycle ",0,"No ","Metropolitian ","Fog","Jam ",1
"15/03/2022","19:45:00","19:50:00",30,"Meal ",29,4.9,23,"scooter ",2,"No ","Metropolitian ","Fog","Jam ",0
"3/04/2022","9:15:00","9:30:00",27,"Meal ",31,4.8,17,"motorcycle ",2,"No ","Urban ","Stormy","Low ",1
"1/04/2022","9:10:00","9:25:00",27,"Drinks ",33,4.4,23,"motorcycle ",0,"No ","Metropolitian ","Stormy","Low ",0
"16/03/2022","20:20:00","20:25:00",36,"Snack ",25,4.1,11,"motorcycle ",0,"No ","Metropolitian ","Sandstorms","Jam ",2
"15/02/2022","17:10:00","17:15:00",39,"Snack ",36,4.9,5,"motorcycle ",0,"No ","Metropolitian ","Sandstorms","Medium ",1
"3/04/2022","22:45:00","23:00:00",28,"Drinks ",37,4.8,9,"motorcycle ",1,"No ","Metropolitian ","Stormy","Low ",1
"18/03/2022","18:00:00","18:10:00",42,"Drinks ",30,4.1,13,"scooter ",1,"Yes ","Metropolitian ","Cloudy","Medium ",1
"27/03/2022","23:30:00","23:45:00",15,"Drinks ",22,4.6,14,"motorcycle ",0,"No ","Metropolitian ","Stormy","Low ",1
"16/02/2022","17:45:00","17:55:00",30,"Snack ",23,4.6,9,"motorcycle ",0,"No ","Metropolitian ","Stormy","Medium ",0
"5/03/2022","15:15:00","15:20:00",29,"Drinks ",25,4.9,12,"scooter ",2,"No ","Metropolitian ","Stormy","Medium ",1
"4/03/2022","18:40:00","18:55:00",40,"Meal ",32,4.1,4,"scooter ",2,"No ","Urban ","Cloudy","Medium ",1
"6/03/2022","20:25:00","20:30:00",32,"Drinks ",22,4.1,5,"scooter ",1,"No ","Metropolitian ","Fog","Jam ",0
"3/04/2022","20:55:00","21:00:00",18,"Drinks ",38,4.8,18,"scooter ",1,"No ","Metropolitian ","Sunny","Jam ",1
"16/02/2022","18:30:00","18:35:00",29,"Meal ",22,5,8,"motorcycle ",0,"No ","Metropolitian ","Sandstorms","Medium ",1
"25/03/2022","19:15:00","19:20:00",38,"Meal ",24,4.9,4,"motorcycle ",2,"No ","Metropolitian ","Fog","Jam ",1
"8/03/2022","20:45:00","20:55:00",43,"Snack ",25,4.2,3,"motorcycle ",2,"No ","Metropolitian ","Fog","Jam ",1
"6/04/2022","21:50:00","21:55:00",43,"Drinks ",21,4.9,17,"motorcycle ",0,"Yes ","Urban ","Cloudy","Jam ",1
"28/03/2022","10:20:00","10:35:00",25,"Drinks ",32,4.5,16,"scooter ",2,"No ","Metropolitian ","Stormy","Low ",0
"3/03/2022","9:15:00","9:20:00",15,"Meal ",27,4.6,16,"scooter ",1,"No ","Metropolitian ","Fog","Low ",0
"23/03/2022","23:10:00","23:25:00",23,"Buffet ",33,4.9,16,"motorcycle ",0,"No ","Metropolitian ","Sandstorms","Low ",1
"15/03/2022","14:40:00","14:45:00",32,"Meal ",36,4.7,18,"motorcycle ",0,"No ","Metropolitian ","Stormy","High ",1
"30/03/2022","19:55:00","20:00:00",12,"Buffet ",22,4.6,1,"motorcycle ",2,"No ","Urban ","Sunny","Jam ",0
"24/03/2022","19:15:00","19:30:00",21,"Snack ",28,4.6,17,"scooter ",2,"No ","Metropolitian ","Cloudy","Jam ",0
"14/02/2022","21:10:00","21:25:00",37,"Meal ",22,5,5,"motorcycle ",0,"No ","Metropolitian ","Fog","Jam ",1
"28/03/2022","8:50:00","9:00:00",16,"Drinks ",24,4.9,17,"electric_scooter ",2,"No ","Urban ","Sandstorms","Low ",0
"8/03/2022","22:20:00","22:30:00",25,"Drinks ",38,4.6,13,"scooter ",2,"No ","Metropolitian ","Fog","Low ",1
"10/03/2022","17:15:00","17:20:00",31,"Drinks ",29,4.3,13,"motorcycle ",0,"No ","Metropolitian ","Windy","Medium ",1
"5/04/2022","13:40:00","13:45:00",31,"Drinks ",28,5,17,"motorcycle ",0,"No ","Metropolitian ","Stormy","High ",1
"18/02/2022","22:50:00","23:00:00",14,"Meal ",29,4.8,22,"scooter ",1,"No ","Urban ","Stormy","Low ",1
"28/03/2022","15:50:00","15:55:00",34,"Meal ",31,4,4,"motorcycle ",0,"No ","Metropolitian ","Sandstorms","Medium ",1
"26/03/2022","19:50:00","20:00:00",32,"Snack ",21,5,6,"motorcycle ",2,"No ","Metropolitian ","Fog","Jam ",1
"13/03/2022","17:15:00","17:20:00",26,"Snack ",26,4.9,15,"scooter ",1,"No ","Metropolitian ","Windy","Medium ",0
"23/03/2022","20:25:00","20:40:00",17,"Meal ",21,4.8,13,"scooter ",1,"No ","Metropolitian ","Windy","Jam ",0
"7/03/2022","20:45:00","21:00:00",39,"Buffet ",35,4.2,9,"motorcycle ",2,"No ","Metropolitian ","Fog","Jam ",0
"21/03/2022","23:45:00","23:50:00",23,"Drinks ",39,4.6,17,"motorcycle ",0,"No ","Urban ","Sunny","Low ",1
"29/03/2022","20:55:00","21:00:00",28,"Drinks ",27,4.8,12,"motorcycle ",0,"No ","Metropolitian ","Windy","Jam ",1
"12/03/2022","19:10:00","19:25:00",26,"Meal ",31,4.6,13,"electric_scooter ",2,"No ","Metropolitian ","Sandstorms","Jam ",0
"16/02/2022","22:10:00","22:25:00",37,"Meal ",31,4.1,11,"scooter ",1,"No ","Metropolitian ","Fog","Low ",0
"16/03/2022","17:10:00","17:20:00",20,"Snack ",34,4.5,22,"motorcycle ",1,"No ","Metropolitian ","Sandstorms","Medium ",0
"13/03/2022","15:55:00","16:10:00",25,"Snack ",23,4.8,12,"motorcycle ",1,"No ","Metropolitian ","Sandstorms","Medium ",0
"18/03/2022","22:55:00","23:05:00",39,"Snack ",30,4.5,17,"motorcycle ",1,"No ","Metropolitian ","Fog","Low ",2
"18/03/2022","17:30:00","17:35:00",36,"Drinks ",33,4,19,"scooter ",1,"No ","Metropolitian ","Cloudy","Medium ",1
"28/03/2022","20:30:00","20:35:00",36,"Snack ",36,4.6,11,"scooter ",2,"No ","Metropolitian ","Fog","Jam ",2
"3/03/2022","20:40:00","20:50:00",23,"Buffet ",28,4.8,18,"scooter ",1,"No ","Metropolitian ","Stormy","Jam ",1
"20/03/2022","19:45:00","19:50:00",34,"Snack ",29,4.4,3,"motorcycle ",2,"No ","Metropolitian ","Cloudy","Jam ",1
"7/03/2022","20:45:00","20:55:00",36,"Meal ",34,4.4,16,"motorcycle ",1,"No ","Metropolitian ","Fog","Jam ",0
"6/04/2022","19:50:00","20:05:00",48,"Buffet ",38,4.3,1,"scooter ",2,"No ","Metropolitian ","Fog","Jam ",1
"16/03/2022","22:35:00","22:45:00",24,"Buffet ",36,4.6,12,"motorcycle ",0,"No ","Metropolitian ","Sunny","Low ",1
"18/03/2022","21:40:00","21:45:00",39,"Snack ",31,4.5,19,"electric_scooter ",2,"No ","Metropolitian ","Sandstorms","Jam ",1
"14/03/2022","17:15:00","17:30:00",39,"Drinks ",32,4.3,12,"scooter ",2,"No ","Metropolitian ","Stormy","Medium ",1
"13/03/2022","11:15:00","11:20:00",25,"Drinks ",20,4.7,13,"scooter ",1,"No ","Metropolitian ","Fog","High ",1
"15/03/2022","18:30:00","18:40:00",15,"Meal ",25,4.8,23,"motorcycle ",0,"No ","Metropolitian ","Stormy","Medium ",0
"5/04/2022","23:55:00","0:00:00",26,"Meal ",26,4.2,5,"motorcycle ",0,"No ","Metropolitian ","Stormy","Low ",1
"17/02/2022","15:20:00","15:35:00",29,"Meal ",30,4.5,7,"motorcycle ",0,"No ","Metropolitian ","Sunny","Medium ",1
"7/03/2022","10:40:00","10:45:00",23,"Snack ",30,4.9,16,"scooter ",1,"No ","Metropolitian ","Sandstorms","Low ",1
"10/03/2022","19:30:00","19:40:00",34,"Snack ",23,4.3,19,"motorcycle ",1,"No ","Metropolitian ","Fog","Jam ",1
"7/03/2022","16:25:00","16:30:00",25,"Drinks ",30,4.9,13,"motorcycle ",0,"No ","Metropolitian ","Sunny","Medium ",1
"11/02/2022","9:35:00","9:45:00",17,"Drinks ",21,4.5,7,"motorcycle ",0,"No ","Metropolitian ","Fog","Low ",1
"16/02/2022","19:25:00","19:30:00",31,"Meal ",39,3.9,20,"scooter ",2,"No ","Metropolitian ","Windy","Jam ",0
"9/03/2022","18:30:00","18:40:00",28,"Drinks ",29,4.8,23,"motorcycle ",0,"No ","Metropolitian ","Fog","Medium ",1
"15/02/2022","17:10:00","17:15:00",27,"Meal ",32,4.9,2,"motorcycle ",2,"No ","Metropolitian ","Windy","Medium ",0
"8/03/2022","21:15:00","21:30:00",31,"Buffet ",27,4.2,1,"motorcycle ",0,"No ","Urban ","Stormy","Jam ",1
"5/04/2022","9:40:00","9:55:00",15,"Buffet ",33,4.9,23,"motorcycle ",1,"No ","Metropolitian ","Fog","Low ",1
"11/03/2022","20:50:00","20:55:00",28,"Drinks ",33,4.6,23,"motorcycle ",0,"No ","Metropolitian ","Fog","Jam ",1
"9/03/2022","21:15:00","21:20:00",21,"Meal ",30,4.7,22,"motorcycle ",0,"No ","Metropolitian ","Sunny","Jam ",1
"16/03/2022","17:25:00","17:40:00",19,"Drinks ",21,4.8,14,"electric_scooter ",2,"No ","Metropolitian ","Stormy","Medium ",1
"18/03/2022","21:15:00","21:25:00",42,"Meal ",39,4.1,14,"motorcycle ",0,"No ","Metropolitian ","Stormy","Jam ",0
"3/04/2022","10:10:00","10:15:00",19,"Snack ",33,4.8,21,"scooter ",1,"No ","Metropolitian ","Sunny","Low ",1
"7/03/2022","22:15:00","22:25:00",25,"Buffet ",34,4.8,13,"motorcycle ",0,"No ","Metropolitian ","Sunny","Low ",1
"15/02/2022","23:20:00","23:25:00",12,"Meal ",28,4.7,23,"motorcycle ",1,"No ","Urban ","Sandstorms","Low ",0
"4/04/2022","20:45:00","20:55:00",44,"Snack ",33,4.2,9,"scooter ",2,"No ","Metropolitian ","Fog","Jam ",2
"24/03/2022","12:35:00","12:50:00",47,"Snack ",35,4.1,9,"motorcycle ",0,"No ","Metropolitian ","Stormy","High ",2
"15/03/2022","23:55:00","0:00:00",10,"Meal ",24,4.6,19,"motorcycle ",1,"No ","Metropolitian ","Sandstorms","Low ",0
"16/03/2022","17:10:00","17:25:00",38,"Buffet ",38,4.3,3,"scooter ",2,"No ","Urban ","Fog","Medium ",1
"6/04/2022","22:25:00","22:30:00",29,"Snack ",38,4.7,19,"scooter ",1,"No ","Metropolitian ","Stormy","Low ",1
"11/02/2022","23:50:00","0:00:00",21,"Buffet ",35,4.7,18,"motorcycle ",0,"No ","Urban ","Sunny","Low ",0
"13/02/2022","21:30:00","21:40:00",19,"Drinks ",22,4.7,4,"electric_scooter ",2,"No ","Metropolitian ","Windy","Jam ",1
"5/03/2022","22:45:00","22:50:00",12,"Snack ",20,4.7,17,"motorcycle ",0,"No ","Metropolitian ","Sunny","Low ",0
"5/03/2022","11:35:00","11:40:00",24,"Drinks ",34,4.9,12,"scooter ",2,"No ","Metropolitian ","Sunny","High ",0
"31/03/2022","22:30:00","22:35:00",27,"Meal ",32,4.8,23,"motorcycle ",1,"No ","Metropolitian ","Cloudy","Low ",1
"12/03/2022","18:50:00","18:55:00",33,"Snack ",36,4.4,4,"motorcycle ",0,"No ","Urban ","Sunny","Medium ",1
"16/03/2022","22:25:00","22:35:00",39,"Buffet ",32,4.2,8,"scooter ",2,"No ","Metropolitian ","Fog","Low ",0
"24/03/2022","18:30:00","18:45:00",17,"Drinks ",22,5,12,"scooter ",1,"No ","Metropolitian ","Fog","Medium ",1
"3/03/2022","19:00:00","19:15:00",21,"Drinks ",21,4.6,22,"motorcycle ",0,"No ","Metropolitian ","Stormy","Medium ",1
"5/03/2022","11:55:00","12:00:00",32,"Snack ",31,4,4,"electric_scooter ",2,"No ","Metropolitian ","Stormy","High ",1
"25/03/2022","23:10:00","23:25:00",14,"Buffet ",20,4.9,16,"motorcycle ",1,"No ","Metropolitian ","Sandstorms","Low ",1
"15/03/2022","17:55:00","18:00:00",18,"Snack ",27,4.9,18,"scooter ",1,"No ","Metropolitian ","Fog","Medium ",0
"3/03/2022","9:35:00","9:45:00",17,"Snack ",36,5,21,"motorcycle ",1,"No ","Urban ","Fog","Low ",0
"17/02/2022","11:50:00","12:05:00",42,"Snack ",34,4.9,7,"motorcycle ",0,"No ","Metropolitian ","Stormy","High ",2
"18/03/2022","21:45:00","22:00:00",28,"Meal ",35,4.7,1,"motorcycle ",2,"No ","Metropolitian ","Sandstorms","Jam ",1
"15/02/2022","12:10:00","12:15:00",21,"Drinks ",25,4.8,5,"motorcycle ",2,"No ","Metropolitian ","Stormy","High ",0
"3/04/2022","11:15:00","11:30:00",23,"Drinks ",23,4.6,23,"motorcycle ",0,"No ","Metropolitian ","Fog","High ",1
"5/03/2022","20:40:00","20:55:00",27,"Meal ",27,4.7,18,"scooter ",2,"No ","Metropolitian ","Windy","Jam ",0
"8/03/2022","22:35:00","22:40:00",23,"Buffet ",22,4.7,18,"motorcycle ",0,"No ","Metropolitian ","Windy","Low ",1
"11/03/2022","20:20:00","20:30:00",39,"Snack ",30,4.6,21,"motorcycle ",0,"No ","Urban ","Windy","Jam ",1
"1/03/2022","20:20:00","20:25:00",26,"Buffet ",33,4.9,15,"scooter ",1,"No ","Metropolitian ","Fog","Jam ",0
"1/03/2022","23:35:00","23:45:00",24,"Meal ",24,4.8,19,"scooter ",2,"No ","Metropolitian ","Sunny","Low ",0
"1/03/2022","11:40:00","11:45:00",28,"Buffet ",34,4.6,19,"motorcycle ",1,"No ","Metropolitian ","Stormy","High ",1
"1/04/2022","13:25:00","13:35:00",23,"Snack ",32,4.9,22,"scooter ",1,"No ","Urban ","Sunny","High ",1
"13/02/2022","8:25:00","8:35:00",15,"Drinks ",22,4.9,22,"motorcycle ",1,"No ","Urban ","Fog","Low ",0
"18/03/2022","22:10:00","22:25:00",39,"Meal ",33,4.1,22,"scooter ",2,"No ","Metropolitian ","Fog","Low ",1
"14/03/2022","18:10:00","18:25:00",38,"Snack ",35,4.1,6,"motorcycle ",1,"No ","Metropolitian ","Fog","Medium ",1
"13/02/2022","10:20:00","10:30:00",26,"Drinks ",34,4.9,19,"motorcycle ",0,"No ","Urban ","Sunny","Low ",0
"14/03/2022","20:10:00","20:15:00",43,"Buffet ",25,4.2,3,"scooter ",1,"No ","Urban ","Cloudy","Jam ",2
"1/03/2022","17:35:00","17:40:00",16,"Snack ",37,5,17,"motorcycle ",1,"No ","Urban ","Cloudy","Medium ",1
"13/02/2022","16:25:00","16:30:00",21,"Snack ",22,4.8,9,"scooter ",1,"No ","Metropolitian ","Sandstorms","Medium ",1
"27/03/2022","19:10:00","19:20:00",28,"Snack ",25,4.6,21,"scooter ",2,"No ","Urban ","Stormy","Jam ",1
"3/04/2022","19:15:00","19:30:00",28,"Buffet ",39,4.5,23,"scooter ",1,"No ","Metropolitian ","Cloudy","Jam ",1
"26/03/2022","19:20:00","19:35:00",29,"Drinks ",31,4.9,13,"scooter ",1,"No ","Metropolitian ","Sandstorms","Jam ",0
"12/02/2022","22:00:00","22:10:00",19,"Buffet ",20,4.6,21,"motorcycle ",2,"No ","Urban ","Sunny","Jam ",1
"12/03/2022","22:30:00","22:35:00",26,"Buffet ",37,4.6,18,"scooter ",1,"No ","Metropolitian ","Sandstorms","Low ",1
"5/03/2022","15:30:00","15:45:00",15,"Snack ",21,4.8,16,"motorcycle ",0,"No ","Metropolitian ","Stormy","Medium ",1
"26/03/2022","18:45:00","18:55:00",14,"Meal ",25,4.5,23,"electric_scooter ",2,"No ","Metropolitian ","Fog","Medium ",0
"3/04/2022","23:55:00","0:10:00",16,"Meal ",31,4.8,23,"scooter ",2,"No ","Metropolitian ","Fog","Low ",1
"2/04/2022","22:45:00","23:00:00",35,"Meal ",35,4.6,4,"motorcycle ",0,"No ","Metropolitian ","Cloudy","Low ",2
"18/03/2022","17:35:00","17:45:00",32,"Snack ",37,4.6,16,"motorcycle ",1,"No ","Urban ","Cloudy","Medium ",1
"4/03/2022","19:25:00","19:40:00",47,"Meal ",32,4.7,13,"motorcycle ",0,"No ","Metropolitian ","Fog","Jam ",1
"13/03/2022","23:00:00","23:15:00",29,"Snack ",35,4.5,23,"electric_scooter ",2,"No ","Metropolitian ","Windy","Low ",0
"14/02/2022","19:00:00","19:10:00",38,"Snack ",28,4.8,8,"motorcycle ",2,"No ","Metropolitian ","Fog","Medium ",1
"4/04/2022","20:20:00","20:35:00",49,"Buffet ",37,4.8,16,"motorcycle ",0,"No ","Metropolitian ","Fog","Jam ",0
"17/03/2022","19:15:00","19:30:00",30,"Buffet ",39,4.9,23,"motorcycle ",2,"No ","Metropolitian ","Windy","Jam ",1
"13/03/2022","19:15:00","19:20:00",32,"Meal ",39,4.8,15,"electric_scooter ",2,"No ","Metropolitian ","Windy","Jam ",1
"1/04/2022","19:30:00","19:45:00",33,"Meal ",25,4.8,7,"scooter ",2,"No ","Metropolitian ","Fog","Jam ",0
"26/03/2022","19:20:00","19:35:00",37,"Buffet ",25,4.8,8,"motorcycle ",0,"No ","Metropolitian ","Stormy","Jam ",1
"21/03/2022","16:45:00","17:00:00",14,"Snack ",24,4.7,17,"scooter ",1,"No ","Urban ","Sunny","Medium ",1
"6/04/2022","23:30:00","23:45:00",44,"Meal ",35,4.8,19,"motorcycle ",0,"No ","Metropolitian ","Cloudy","Low ",2
"1/03/2022","12:55:00","13:10:00",38,"Drinks ",28,4,7,"motorcycle ",0,"No ","Metropolitian ","Sandstorms","High ",1
"18/02/2022","20:00:00","20:15:00",22,"Snack ",26,4.9,5,"scooter ",2,"No ","Metropolitian ","Fog","Jam ",1
"17/02/2022","11:30:00","11:35:00",44,"Drinks ",28,4.5,5,"motorcycle ",0,"No ","Metropolitian ","Sandstorms","High ",1
"28/03/2022","13:35:00","13:40:00",28,"Meal ",38,4.9,14,"scooter ",1,"No ","Metropolitian ","Sandstorms","High ",1
"2/04/2022","20:35:00","20:40:00",38,"Buffet ",33,4.3,4,"electric_scooter ",2,"No ","Metropolitian ","Windy","Jam ",1
"21/03/2022","9:50:00","10:05:00",24,"Snack ",31,4.9,22,"scooter ",2,"No ","Metropolitian ","Sandstorms","Low ",1
"30/03/2022","22:45:00","22:55:00",28,"Snack ",38,4.1,13,"motorcycle ",0,"No ","Metropolitian ","Windy","Low ",1
"20/03/2022","20:25:00","20:40:00",43,"Drinks ",21,4.8,7,"motorcycle ",0,"No ","Metropolitian ","Cloudy","Jam ",1
"13/03/2022","16:20:00","16:30:00",26,"Snack ",25,4.8,9,"motorcycle ",1,"No ","Metropolitian ","Windy","Medium ",1
"16/03/2022","19:20:00","19:35:00",25,"Snack ",26,4.9,9,"motorcycle ",0,"No ","Metropolitian ","Sunny","Jam ",1
"28/03/2022","17:40:00","17:50:00",29,"Drinks ",35,4.9,18,"motorcycle ",0,"No ","Urban ","Sunny","Medium ",1
"25/03/2022","21:30:00","21:40:00",51,"Meal ",36,4.6,6,"motorcycle ",0,"No ","Metropolitian ","Cloudy","Jam ",1
"3/03/2022","9:35:00","9:50:00",29,"Snack ",31,4.6,15,"scooter ",2,"No ","Urban ","Sandstorms","Low ",1
"17/02/2022","18:00:00","18:05:00",21,"Buffet ",23,4.9,6,"electric_scooter ",2,"No ","Metropolitian ","Sandstorms","Medium ",0
"27/03/2022","20:50:00","21:00:00",47,"Snack ",25,5,1,"motorcycle ",0,"No ","Metropolitian ","Fog","Jam ",1
"11/02/2022","13:15:00","13:25:00",33,"Buffet ",35,4.4,6,"motorcycle ",0,"No ","Metropolitian ","Windy","High ",0
"1/03/2022","20:50:00","20:55:00",27,"Meal ",29,4.6,15,"scooter ",1,"No ","Urban ","Fog","Jam ",1
"1/03/2022","21:55:00","22:10:00",46,"Drinks ",31,4.8,7,"motorcycle ",0,"No ","Metropolitian ","Stormy","Jam ",2
"17/03/2022","16:40:00","16:45:00",27,"Snack ",32,5,15,"motorcycle ",0,"No ","Metropolitian ","Stormy","Medium ",1
"3/04/2022","8:45:00","8:50:00",13,"Snack ",20,4.9,18,"motorcycle ",0,"No ","Metropolitian ","Sunny","Low ",1
"23/03/2022","21:10:00","21:15:00",30,"Drinks ",36,4.6,23,"motorcycle ",0,"No ","Urban ","Sunny","Jam ",1
"15/03/2022","18:15:00","18:30:00",18,"Meal ",26,4.7,17,"motorcycle ",2,"No ","Metropolitian ","Cloudy","Medium ",1
"15/03/2022","8:35:00","8:50:00",11,"Snack ",23,4.7,16,"electric_scooter ",2,"No ","Urban ","Sandstorms","Low ",0
"9/03/2022","19:40:00","19:45:00",30,"Buffet ",34,4.5,5,"scooter ",1,"No ","Urban ","Stormy","Jam ",0
"16/02/2022","18:50:00","19:00:00",41,"Meal ",39,4.8,9,"motorcycle ",0,"Yes ","Metropolitian ","Stormy","Medium ",1
"17/03/2022","15:10:00","15:15:00",13,"Drinks ",24,4.6,23,"scooter ",2,"No ","Urban ","Cloudy","Medium ",0
"13/02/2022","9:55:00","10:05:00",10,"Snack ",20,4.7,18,"motorcycle ",1,"No ","Urban ","Sandstorms","Low ",0
"17/03/2022","15:10:00","15:15:00",13,"Drinks ",24,4.6,23,"scooter ",2,"No ","Urban ","Cloudy","Medium ",0
"9/03/2022","12:00:00","12:15:00",31,"Buffet ",29,4.6,19,"motorcycle ",0,"No ","Metropolitian ","Sandstorms","High ",0
"14/02/2022","23:20:00","23:35:00",18,"Meal ",25,4.8,3,"motorcycle ",1,"No ","Metropolitian ","Sandstorms","Low ",1
"18/02/2022","17:20:00","17:25:00",26,"Snack ",27,4.9,3,"scooter ",1,"No ","Metropolitian ","Sandstorms","Medium ",0
"11/03/2022","8:10:00","8:20:00",21,"Snack ",30,4.3,2,"motorcycle ",0,"No ","Urban ","Sandstorms","Low ",1
"6/04/2022","17:55:00","18:10:00",25,"Snack ",24,4.5,3,"scooter ",1,"No ","Metropolitian ","Cloudy","Medium ",1
"5/04/2022","21:10:00","21:25:00",29,"Meal ",34,4.8,19,"motorcycle ",0,"No ","Metropolitian ","Fog","Jam ",1
"19/03/2022","10:45:00","11:00:00",22,"Meal ",31,4.9,3,"motorcycle ",0,"No ","Metropolitian ","Sunny","Low ",1
"18/02/2022","17:35:00","17:40:00",38,"Drinks ",37,3.5,12,"scooter ",1,"No ","Metropolitian ","Fog","Medium ",1
"16/02/2022","17:10:00","17:20:00",38,"Buffet ",21,4.3,1,"electric_scooter ",2,"No ","Urban ","Cloudy","Medium ",0
"28/03/2022","10:35:00","10:40:00",28,"Meal ",33,4.7,16,"motorcycle ",0,"No ","Urban ","Sunny","Low ",1
"9/03/2022","17:55:00","18:05:00",22,"Snack ",29,5,22,"motorcycle ",0,"No ","Urban ","Stormy","Medium ",0
"4/03/2022","20:35:00","20:40:00",31,"Buffet ",23,4.6,12,"motorcycle ",0,"No ","Metropolitian ","Sunny","Jam ",0
"18/03/2022","18:20:00","18:35:00",24,"Drinks ",24,4.9,23,"motorcycle ",0,"No ","Urban ","Sandstorms","Medium ",1
"10/03/2022","21:30:00","21:45:00",40,"Snack ",34,3.6,8,"scooter ",1,"No ","Metropolitian ","Windy","Jam ",1
"15/03/2022","18:55:00","19:10:00",32,"Snack ",32,4,4,"motorcycle ",0,"No ","Metropolitian ","Sandstorms","Medium ",1
"3/03/2022","16:00:00","16:05:00",21,"Meal ",25,4.9,19,"scooter ",2,"No ","Urban ","Stormy","Medium ",1
"1/03/2022","23:50:00","23:55:00",15,"Snack ",33,5,23,"motorcycle ",2,"No ","Metropolitian ","Fog","Low ",0
"26/03/2022","18:40:00","18:55:00",19,"Drinks ",34,4.8,21,"scooter ",1,"No ","Metropolitian ","Fog","Medium ",1
"10/03/2022","19:50:00","20:05:00",43,"Buffet ",21,4.6,15,"motorcycle ",1,"No ","Metropolitian ","Fog","Jam ",1
"6/04/2022","23:25:00","23:30:00",21,"Buffet ",27,4.9,19,"motorcycle ",0,"No ","Metropolitian ","Stormy","Low ",1
"6/03/2022","21:30:00","21:45:00",38,"Buffet ",20,4.7,9,"motorcycle ",0,"No ","Metropolitian ","Fog","Jam ",1
"1/03/2022","17:15:00","17:30:00",23,"Snack ",22,4.9,4,"motorcycle ",0,"No ","Metropolitian ","Fog","Medium ",1
"10/03/2022","20:55:00","21:10:00",36,"Drinks ",39,3.5,5,"motorcycle ",1,"No ","Metropolitian ","Sandstorms","Jam ",1
"5/04/2022","17:30:00","17:35:00",28,"Snack ",31,4.6,19,"motorcycle ",0,"No ","Urban ","Stormy","Medium ",0
"3/04/2022","9:00:00","9:05:00",18,"Buffet ",31,5,21,"electric_scooter ",2,"No ","Metropolitian ","Sunny","Low ",0
"1/04/2022","18:25:00","18:30:00",22,"Buffet ",23,4.6,18,"scooter ",1,"No ","Metropolitian ","Windy","Medium ",1
"18/03/2022","21:35:00","21:40:00",47,"Meal ",39,4.8,21,"motorcycle ",0,"No ","Metropolitian ","Cloudy","Jam ",1
"11/02/2022","12:00:00","12:15:00",19,"Snack ",21,4.7,23,"scooter ",2,"No ","Urban ","Sunny","High ",0
"16/02/2022","18:50:00","19:05:00",34,"Snack ",32,4.6,22,"motorcycle ",0,"No ","Urban ","Windy","Medium ",1
"2/04/2022","23:25:00","23:30:00",24,"Snack ",28,4.6,19,"motorcycle ",0,"No ","Urban ","Fog","Low ",1
"20/03/2022","23:25:00","23:40:00",27,"Drinks ",22,4.7,23,"scooter ",1,"No ","Metropolitian ","Cloudy","Low ",1
"6/04/2022","17:10:00","17:15:00",24,"Buffet ",35,4.7,17,"scooter ",2,"No ","Metropolitian ","Sunny","Medium ",0
"12/02/2022","22:15:00","22:25:00",29,"Meal ",31,5,19,"motorcycle ",0,"No ","Urban ","Sandstorms","Low ",1
"12/02/2022","19:40:00","19:50:00",18,"Snack ",20,4.6,6,"electric_scooter ",2,"No ","Metropolitian ","Sandstorms","Jam ",0
"2/04/2022","21:15:00","21:25:00",39,"Meal ",34,4.4,19,"scooter ",2,"No ","Urban ","Sandstorms","Jam ",2
"15/03/2022","21:00:00","21:15:00",23,"Buffet ",39,4.9,12,"motorcycle ",0,"No ","Metropolitian ","Sunny","Jam ",1
"6/03/2022","20:15:00","20:20:00",41,"Buffet ",36,4.5,23,"scooter ",1,"No ","Metropolitian ","Windy","Jam ",2
"17/02/2022","23:35:00","23:50:00",15,"Buffet ",36,4.5,5,"scooter ",1,"No ","Urban ","Cloudy","Low ",0
"19/03/2022","21:50:00","22:00:00",26,"Meal ",31,4.5,3,"motorcycle ",1,"No ","Metropolitian ","Stormy","Jam ",1
"3/04/2022","0:00:00","0:10:00",10,"Meal ",21,4.6,18,"motorcycle ",1,"No ","Urban ","Sandstorms","Low ",1
"5/03/2022","12:45:00","13:00:00",20,"Buffet ",35,4.8,19,"motorcycle ",0,"No ","Metropolitian ","Sunny","High ",1
"18/02/2022","18:35:00","18:40:00",38,"Drinks ",31,3.7,18,"scooter ",1,"No ","Metropolitian ","Sandstorms","Medium ",2
"15/02/2022","15:35:00","15:50:00",15,"Meal ",31,4.7,23,"scooter ",1,"No ","Urban ","Sunny","Medium ",1
"18/03/2022","21:30:00","21:40:00",44,"Meal ",39,3.8,17,"scooter ",1,"No ","Metropolitian ","Sandstorms","Jam ",0
"11/02/2022","18:45:00","19:00:00",19,"Snack ",29,5,5,"scooter ",1,"No ","Metropolitian ","Fog","Medium ",1
"3/04/2022","18:55:00","19:00:00",16,"Drinks ",23,4.7,15,"motorcycle ",1,"No ","Urban ","Sunny","Medium ",1
"17/02/2022","19:10:00","19:25:00",33,"Buffet ",34,4.4,2,"motorcycle ",0,"No ","Metropolitian ","Fog","Jam ",0
"8/03/2022","22:25:00","22:40:00",12,"Drinks ",22,4.9,18,"scooter ",1,"No ","Urban ","Stormy","Low ",0
"13/03/2022","9:00:00","9:15:00",17,"Meal ",24,4.9,23,"motorcycle ",0,"No ","Urban ","Cloudy","Low ",0
"21/03/2022","23:30:00","23:45:00",23,"Snack ",38,4.8,23,"motorcycle ",0,"No ","Urban ","Sunny","Low ",1
"8/03/2022","21:50:00","21:55:00",29,"Snack ",27,4.8,19,"scooter ",2,"No ","Metropolitian ","Stormy","Jam ",1
"15/02/2022","17:55:00","18:05:00",17,"Buffet ",20,5,9,"motorcycle ",0,"No ","Metropolitian ","Sunny","Medium ",0
"14/03/2022","19:15:00","19:30:00",27,"Snack ",39,4.6,12,"motorcycle ",2,"No ","Metropolitian ","Stormy","Jam ",1
"31/03/2022","19:00:00","19:10:00",19,"Snack ",35,4.5,21,"motorcycle ",2,"No ","Metropolitian ","Sunny","Medium ",1
"6/03/2022","23:40:00","23:45:00",22,"Drinks ",20,4.6,17,"scooter ",1,"No ","Urban ","Stormy","Low ",1
"25/03/2022","18:15:00","18:25:00",20,"Meal ",31,4.9,12,"electric_scooter ",2,"No ","Metropolitian ","Windy","Medium ",1
"8/03/2022","23:20:00","23:30:00",31,"Snack ",20,2.5,9,"scooter ",2,"No ","Metropolitian ","Sunny","Low ",0
"28/03/2022","9:25:00","9:35:00",16,"Meal ",23,4.4,3,"motorcycle ",0,"No ","Urban ","Stormy","Low ",1
"23/03/2022","17:25:00","17:35:00",23,"Buffet ",23,4.8,22,"motorcycle ",0,"No ","Metropolitian ","Sandstorms","Medium ",1
"23/03/2022","23:55:00","0:00:00",26,"Meal ",23,4.7,13,"electric_scooter ",2,"No ","Metropolitian ","Fog","Low ",0
"11/02/2022","10:20:00","10:35:00",11,"Buffet ",24,4.6,16,"motorcycle ",1,"No ","Urban ","Stormy","Low ",1
"26/03/2022","22:20:00","22:30:00",17,"Drinks ",38,4.9,23,"motorcycle ",1,"No ","Metropolitian ","Cloudy","Low ",1
"12/02/2022","19:15:00","19:30:00",41,"Buffet ",33,3.6,14,"scooter ",2,"No ","Metropolitian ","Sandstorms","Jam ",1
"17/03/2022","11:40:00","11:50:00",22,"Snack ",22,4.8,9,"motorcycle ",0,"No ","Metropolitian ","Cloudy","High ",1
"10/03/2022","20:30:00","20:35:00",38,"Snack ",29,5,19,"scooter ",2,"No ","Metropolitian ","Fog","Jam ",0
"3/03/2022","17:30:00","17:35:00",27,"Drinks ",33,4.8,23,"scooter ",2,"No ","Metropolitian ","Stormy","Medium ",1
"2/03/2022","21:20:00","21:25:00",28,"Snack ",36,4.5,18,"scooter ",2,"No ","Metropolitian ","Windy","Jam ",0
"20/03/2022","19:45:00","19:55:00",46,"Meal ",32,4.1,9,"scooter ",2,"No ","Metropolitian ","Fog","Jam ",1
"8/03/2022","18:25:00","18:40:00",22,"Snack ",28,4.8,21,"motorcycle ",0,"No ","Metropolitian ","Sunny","Medium ",1
"3/04/2022","13:45:00","13:55:00",33,"Drinks ",39,5,6,"scooter ",2,"No ","Metropolitian ","Stormy","High ",1
"15/03/2022","22:30:00","22:45:00",19,"Buffet ",31,4.8,19,"motorcycle ",1,"No ","Metropolitian ","Cloudy","Low ",1
"24/03/2022","17:20:00","17:30:00",10,"Buffet ",28,4.7,16,"motorcycle ",0,"No ","Urban ","Stormy","Medium ",0
"24/03/2022","0:00:00","0:15:00",17,"Drinks ",37,4.8,17,"scooter ",1,"No ","Metropolitian ","Sunny","Low ",0
"11/02/2022","19:35:00","19:45:00",22,"Buffet ",37,4.7,7,"motorcycle ",1,"No ","Metropolitian ","Sunny","Jam ",0
"19/03/2022","21:35:00","21:45:00",28,"Drinks ",32,4.8,5,"motorcycle ",2,"No ","Metropolitian ","Windy","Jam ",1
"19/03/2022","8:50:00","9:00:00",20,"Drinks ",28,4,9,"motorcycle ",0,"No ","Metropolitian ","Stormy","Low ",1
"18/03/2022","22:40:00","22:55:00",19,"Snack ",29,4.9,6,"scooter ",2,"No ","Metropolitian ","Stormy","Low ",0
"2/03/2022","22:25:00","22:30:00",41,"Snack ",37,4.9,22,"motorcycle ",0,"No ","Urban ","Cloudy","Low ",1
"1/04/2022","20:50:00","20:55:00",39,"Meal ",20,4.6,12,"motorcycle ",0,"No ","Metropolitian ","Windy","Jam ",1
"7/03/2022","11:55:00","12:05:00",26,"Drinks ",36,4.6,17,"motorcycle ",0,"No ","Metropolitian ","Fog","High ",1
"5/04/2022","18:15:00","18:30:00",16,"Drinks ",25,4.9,17,"scooter ",1,"No ","Metropolitian ","Fog","Medium ",0
"19/03/2022","14:55:00","15:00:00",30,"Buffet ",28,4.7,18,"motorcycle ",0,"No ","Metropolitian ","Stormy","High ",1
"5/04/2022","23:20:00","23:25:00",24,"Snack ",31,4.5,3,"motorcycle ",0,"No ","Metropolitian ","Sandstorms","Low ",1
"1/03/2022","16:25:00","16:30:00",20,"Buffet ",26,4.7,16,"scooter ",2,"No ","Metropolitian ","Windy","Medium ",1
"8/03/2022","23:45:00","0:00:00",20,"Snack ",37,4.7,12,"scooter ",2,"No ","Metropolitian ","Sunny","Low ",1
"16/03/2022","19:45:00","19:55:00",18,"Buffet ",23,4.7,16,"motorcycle ",2,"No ","Urban ","Stormy","Jam ",1
"10/03/2022","22:20:00","22:25:00",22,"Meal ",32,4.8,23,"motorcycle ",0,"No ","Metropolitian ","Windy","Low ",0
"3/03/2022","9:20:00","9:25:00",10,"Meal ",25,4.7,22,"motorcycle ",2,"No ","Metropolitian ","Fog","Low ",1
"8/03/2022","18:25:00","18:40:00",22,"Snack ",28,4.8,21,"motorcycle ",0,"No ","Metropolitian ","Sunny","Medium ",1
"20/03/2022","19:20:00","19:35:00",28,"Drinks ",28,4.9,22,"scooter ",2,"No ","Urban ","Stormy","Jam ",1
"29/03/2022","22:40:00","22:55:00",25,"Meal ",29,4.7,12,"motorcycle ",1,"No ","Metropolitian ","Fog","Low ",1
"11/02/2022","20:45:00","20:50:00",22,"Meal ",30,4.8,3,"motorcycle ",0,"No ","Metropolitian ","Sunny","Jam ",0
"11/03/2022","20:20:00","20:25:00",34,"Snack ",37,4.6,17,"motorcycle ",2,"No ","Metropolitian ","Sandstorms","Jam ",0
"18/02/2022","18:15:00","18:20:00",31,"Meal ",25,4.9,2,"motorcycle ",1,"No ","Metropolitian ","Fog","Medium ",1
"20/03/2022","19:45:00","19:50:00",22,"Snack ",25,4.7,12,"motorcycle ",1,"No ","Metropolitian ","Stormy","Jam ",0
"29/03/2022","23:30:00","23:40:00",25,"Buffet ",26,4.7,15,"electric_scooter ",2,"No ","Metropolitian ","Sunny","Low ",1
"5/03/2022","17:35:00","17:50:00",16,"Drinks ",34,5,17,"electric_scooter ",2,"No ","Metropolitian ","Stormy","Medium ",1
"10/03/2022","19:45:00","20:00:00",35,"Buffet ",28,4.8,13,"motorcycle ",0,"No ","Metropolitian ","Sandstorms","Jam ",1
"3/04/2022","19:10:00","19:25:00",35,"Buffet ",25,5,23,"motorcycle ",0,"No ","Urban ","Stormy","Jam ",2
"28/03/2022","14:35:00","14:45:00",10,"Meal ",25,4.7,15,"scooter ",1,"No ","Metropolitian ","Sunny","High ",0
"20/03/2022","17:10:00","17:15:00",39,"Meal ",24,4.1,2,"motorcycle ",0,"No ","Metropolitian ","Windy","Medium ",1
"13/02/2022","16:55:00","17:00:00",16,"Snack ",30,4.8,19,"scooter ",1,"No ","Urban ","Fog","Medium ",1
"12/03/2022","23:40:00","23:50:00",20,"Buffet ",22,4.9,21,"motorcycle ",0,"No ","Urban ","Stormy","Low ",0
"1/04/2022","23:45:00","23:55:00",24,"Meal ",31,4.5,19,"motorcycle ",0,"No ","Urban ","Sunny","Low ",0
"14/03/2022","17:35:00","17:40:00",30,"Meal ",21,4.7,21,"motorcycle ",2,"No ","Metropolitian ","Fog","Medium ",1
"3/04/2022","16:40:00","16:50:00",16,"Drinks ",27,4.8,21,"scooter ",1,"No ","Metropolitian ","Fog","Medium ",0
"6/04/2022","17:40:00","17:45:00",36,"Snack ",20,4.9,22,"electric_scooter ",2,"No ","Metropolitian ","Fog","Medium ",1
"4/04/2022","20:35:00","20:50:00",40,"Snack ",22,4.2,13,"motorcycle ",2,"Yes ","Metropolitian ","Fog","Jam ",2
"12/03/2022","19:55:00","20:10:00",15,"Snack ",21,5,17,"motorcycle ",0,"No ","Urban ","Sunny","Jam ",1
"17/02/2022","10:10:00","10:25:00",11,"Buffet ",21,4.7,8,"scooter ",1,"No ","Metropolitian ","Sandstorms","Low ",0
"24/03/2022","14:10:00","14:20:00",24,"Meal ",25,4.7,21,"motorcycle ",0,"No ","Urban ","Fog","High ",0
"13/03/2022","19:25:00","19:40:00",14,"Meal ",26,4.6,18,"scooter ",2,"No ","Urban ","Windy","Jam ",1
"11/03/2022","8:15:00","8:25:00",17,"Buffet ",28,4.2,1,"motorcycle ",0,"No ","Metropolitian ","Sandstorms","Low ",1
"31/03/2022","21:25:00","21:35:00",48,"Snack ",26,4.7,2,"motorcycle ",0,"Yes ","Urban ","Cloudy","Jam ",1
"24/03/2022","10:00:00","10:05:00",26,"Buffet ",32,4.5,14,"motorcycle ",0,"No ","Metropolitian ","Sunny","Low ",1
"20/03/2022","18:50:00","19:00:00",22,"Drinks ",21,4.8,9,"motorcycle ",1,"No ","Metropolitian ","Windy","Medium ",1
"11/03/2022","19:40:00","19:45:00",25,"Buffet ",37,4.9,22,"scooter ",1,"No ","Urban ","Fog","Jam ",1
"11/02/2022","22:50:00","23:00:00",15,"Drinks ",29,4.7,7,"electric_scooter ",2,"No ","Metropolitian ","Stormy","Low ",0
"17/03/2022","12:35:00","12:50:00",28,"Buffet ",25,4.9,16,"motorcycle ",0,"No ","Urban ","Fog","High ",1
"4/04/2022","22:10:00","22:25:00",29,"Meal ",32,4.6,2,"scooter ",1,"No ","Metropolitian ","Windy","Low ",1
"7/03/2022","22:10:00","22:20:00",15,"Meal ",37,4.9,23,"scooter ",1,"No ","Urban ","Sunny","Low ",1
"24/03/2022","10:30:00","10:40:00",21,"Buffet ",38,4.6,15,"scooter ",2,"No ","Metropolitian ","Stormy","Low ",1
"2/03/2022","17:15:00","17:30:00",28,"Buffet ",24,4.5,17,"scooter ",2,"No ","Metropolitian ","Sandstorms","Medium ",1
"3/04/2022","19:35:00","19:45:00",29,"Drinks ",28,4.9,13,"electric_scooter ",2,"No ","Metropolitian ","Cloudy","Jam ",1
"8/03/2022","21:50:00","21:55:00",29,"Snack ",27,4.8,19,"scooter ",2,"No ","Metropolitian ","Stormy","Jam ",1
"27/03/2022","21:25:00","21:35:00",43,"Meal ",35,3.5,11,"motorcycle ",1,"No ","Metropolitian ","Sandstorms","Jam ",2
"3/03/2022","10:10:00","10:20:00",10,"Buffet ",24,4.9,15,"scooter ",1,"No ","Urban ","Sandstorms","Low ",0
"15/03/2022","21:55:00","22:10:00",30,"Meal ",34,4.7,17,"scooter ",1,"No ","Urban ","Windy","Jam ",1
"13/02/2022","9:15:00","9:25:00",17,"Meal ",20,4.6,9,"motorcycle ",0,"No ","Metropolitian ","Sunny","Low ",1
"7/03/2022","19:25:00","19:40:00",30,"Drinks ",28,4.9,19,"scooter ",2,"No ","Metropolitian ","Fog","Jam ",1
"11/03/2022","20:55:00","21:10:00",33,"Buffet ",31,4.8,17,"motorcycle ",0,"No ","Metropolitian ","Cloudy","Jam ",2
"26/03/2022","9:10:00","9:25:00",11,"Drinks ",28,4.9,22,"scooter ",2,"No ","Urban ","Windy","Low ",0
"6/03/2022","19:10:00","19:25:00",37,"Drinks ",21,4.1,13,"motorcycle ",0,"No ","Metropolitian ","Windy","Jam ",0
"15/03/2022","9:50:00","10:00:00",15,"Buffet ",21,4.6,18,"scooter ",2,"No ","Urban ","Cloudy","Low ",1
"5/03/2022","8:40:00","8:45:00",12,"Meal ",20,4.8,16,"scooter ",2,"No ","Urban ","Stormy","Low ",0
"7/03/2022","8:15:00","8:20:00",19,"Drinks ",26,4.9,18,"scooter ",1,"No ","Metropolitian ","Sunny","Low ",1
"23/03/2022","22:50:00","22:55:00",29,"Meal ",32,4.9,2,"scooter ",2,"No ","Metropolitian ","Stormy","Low ",1
"20/03/2022","20:00:00","20:15:00",44,"Meal ",34,4.9,3,"motorcycle ",1,"No ","Metropolitian ","Cloudy","Jam ",2
"16/03/2022","17:10:00","17:15:00",35,"Drinks ",31,3.7,1,"motorcycle ",1,"No ","Metropolitian ","Sandstorms","Medium ",0
"1/04/2022","21:15:00","21:20:00",30,"Buffet ",34,4.8,2,"electric_scooter ",2,"No ","Metropolitian ","Windy","Jam ",0
"15/02/2022","11:15:00","11:20:00",22,"Buffet ",22,4.7,4,"motorcycle ",1,"No ","Metropolitian ","Windy","High ",0
"4/03/2022","18:20:00","18:30:00",49,"Meal ",38,4.6,17,"motorcycle ",0,"No ","Metropolitian ","Windy","Medium ",0
"8/03/2022","20:35:00","20:40:00",54,"Drinks ",34,4.7,13,"motorcycle ",0,"No ","Metropolitian ","Fog","Jam ",1
"10/03/2022","19:20:00","19:25:00",40,"Snack ",34,4.2,2,"motorcycle ",1,"No ","Urban ","Stormy","Jam ",0
"27/03/2022","21:00:00","21:15:00",43,"Buffet ",32,5,8,"motorcycle ",0,"No ","Metropolitian ","Windy","Jam ",1
"2/04/2022","22:30:00","22:45:00",13,"Meal ",22,4.5,23,"motorcycle ",2,"No ","Metropolitian ","Sandstorms","Low ",1
"30/03/2022","11:15:00","11:20:00",23,"Snack ",35,5,16,"motorcycle ",0,"No ","Metropolitian ","Sunny","High ",1
"28/03/2022","10:15:00","10:20:00",13,"Buffet ",23,4.7,21,"scooter ",1,"No ","Urban ","Cloudy","Low ",0
"23/03/2022","20:45:00","21:00:00",42,"Snack ",39,4.6,15,"scooter ",2,"No ","Urban ","Fog","Jam ",0
"15/03/2022","10:55:00","11:00:00",19,"Snack ",28,4.9,21,"scooter ",2,"No ","Urban ","Sunny","Low ",0
"16/03/2022","19:40:00","19:45:00",37,"Buffet ",32,4.5,13,"motorcycle ",1,"No ","Metropolitian ","Sandstorms","Jam ",0
"16/03/2022","23:50:00","0:00:00",39,"Meal ",33,4.9,9,"motorcycle ",0,"No ","Metropolitian ","Fog","Low ",1
"19/03/2022","23:20:00","23:35:00",17,"Snack ",29,4.9,2,"motorcycle ",1,"No ","Metropolitian ","Windy","Low ",1
"3/03/2022","19:55:00","20:00:00",26,"Buffet ",34,4.6,12,"motorcycle ",0,"No ","Metropolitian ","Fog","Jam ",0
"10/03/2022","17:25:00","17:30:00",18,"Meal ",33,4.6,23,"motorcycle ",2,"No ","Metropolitian ","Sunny","Medium ",0
"5/04/2022","9:15:00","9:25:00",23,"Drinks ",36,4.9,15,"motorcycle ",0,"No ","Metropolitian ","Cloudy","Low ",1
"5/03/2022","20:50:00","20:55:00",32,"Buffet ",29,4.9,18,"electric_scooter ",2,"No ","Metropolitian ","Sunny","Jam ",1
"30/03/2022","9:45:00","9:50:00",22,"Meal ",35,4.3,23,"motorcycle ",0,"No ","Metropolitian ","Windy","Low ",1
"6/04/2022","20:35:00","20:50:00",40,"Buffet ",30,5,22,"motorcycle ",0,"No ","Metropolitian ","Sunny","Jam ",1
"4/04/2022","21:45:00","21:50:00",29,"Meal ",29,4.6,23,"motorcycle ",0,"No ","Urban ","Windy","Jam ",1
"3/04/2022","9:50:00","9:55:00",25,"Drinks ",24,4.5,23,"motorcycle ",0,"No ","Metropolitian ","Sandstorms","Low ",0
"6/04/2022","23:30:00","23:40:00",15,"Meal ",28,4.7,18,"motorcycle ",1,"No ","Metropolitian ","Stormy","Low ",0
"18/03/2022","20:45:00","20:55:00",18,"Drinks ",23,4.9,6,"scooter ",1,"No ","Metropolitian ","Windy","Jam ",1
"4/04/2022","21:25:00","21:40:00",24,"Meal ",26,4.8,18,"motorcycle ",0,"No ","Metropolitian ","Sunny","Jam ",0
"24/03/2022","19:20:00","19:30:00",16,"Drinks ",26,4.6,17,"motorcycle ",0,"No ","Metropolitian ","Windy","Jam ",0
"25/03/2022","17:30:00","17:40:00",38,"Meal ",35,4,1,"scooter ",1,"No ","Metropolitian ","Cloudy","Medium ",1
"13/03/2022","21:15:00","21:30:00",26,"Meal ",34,4.8,13,"motorcycle ",1,"No ","Metropolitian ","Cloudy","Jam ",0
"6/03/2022","17:35:00","17:40:00",39,"Drinks ",26,4,8,"motorcycle ",0,"No ","Metropolitian ","Windy","Medium ",1
"16/03/2022","17:15:00","17:25:00",39,"Meal ",27,5,19,"motorcycle ",0,"No ","Metropolitian ","Windy","Medium ",0
"25/03/2022","21:55:00","22:05:00",22,"Buffet ",21,4.6,16,"scooter ",1,"No ","Metropolitian ","Sunny","Jam ",0
"19/03/2022","20:10:00","20:20:00",25,"Snack ",34,4.5,6,"motorcycle ",0,"No ","Metropolitian ","Sunny","Jam ",1
"3/04/2022","19:55:00","20:10:00",24,"Buffet ",24,4.9,22,"electric_scooter ",2,"No ","Metropolitian ","Stormy","Jam ",0
"4/03/2022","20:50:00","21:00:00",30,"Buffet ",38,4.6,12,"electric_scooter ",2,"No ","Metropolitian ","Sunny","Jam ",1
"15/02/2022","17:25:00","17:40:00",19,"Meal ",39,4.8,8,"motorcycle ",1,"No ","Metropolitian ","Stormy","Medium ",1
"19/03/2022","17:00:00","17:05:00",21,"Drinks ",27,4.9,15,"motorcycle ",0,"No ","Urban ","Fog","Medium ",0
"4/04/2022","22:55:00","23:05:00",26,"Drinks ",35,4.9,21,"motorcycle ",1,"No ","Metropolitian ","Windy","Low ",1
"11/03/2022","20:40:00","20:55:00",29,"Meal ",38,4.7,21,"electric_scooter ",2,"No ","Metropolitian ","Sandstorms","Jam ",1
"28/03/2022","19:15:00","19:25:00",14,"Meal ",23,4.5,1,"motorcycle ",1,"No ","Urban ","Stormy","Jam ",1
"9/03/2022","21:50:00","21:55:00",32,"Buffet ",36,4,9,"motorcycle ",1,"No ","Metropolitian ","Sandstorms","Jam ",1
"10/03/2022","21:25:00","21:40:00",38,"Drinks ",30,3.8,9,"motorcycle ",1,"No ","Metropolitian ","Windy","Jam ",1
"8/03/2022","22:45:00","22:50:00",34,"Buffet ",21,3.1,3,"scooter ",1,"No ","Metropolitian ","Sunny","Low ",0
"13/02/2022","16:25:00","16:30:00",18,"Buffet ",22,4.6,21,"electric_scooter ",2,"No ","Urban ","Fog","Medium ",1
"23/03/2022","17:55:00","18:10:00",28,"Drinks ",22,4.7,19,"scooter ",1,"No ","Urban ","Stormy","Medium ",1
"9/03/2022","21:45:00","21:55:00",31,"Buffet ",25,4.2,4,"motorcycle ",2,"No ","Urban ","Stormy","Jam ",1
"2/03/2022","23:00:00","23:15:00",21,"Buffet ",36,4.9,14,"motorcycle ",2,"No ","Metropolitian ","Windy","Low ",0
"4/03/2022","21:35:00","21:45:00",36,"Drinks ",38,4.3,12,"motorcycle ",1,"No ","Metropolitian ","Stormy","Jam ",1
"1/04/2022","17:40:00","17:50:00",17,"Meal ",37,4.6,23,"electric_scooter ",2,"No ","Metropolitian ","Cloudy","Medium ",1
"15/03/2022","14:50:00","15:00:00",36,"Buffet ",35,4.9,23,"motorcycle ",2,"No ","Metropolitian ","Fog","High ",1
"16/02/2022","22:15:00","22:20:00",20,"Meal ",26,4.6,9,"motorcycle ",0,"No ","Metropolitian ","Stormy","Low ",1
"3/03/2022","9:50:00","9:55:00",19,"Snack ",25,4.8,23,"scooter ",2,"No ","Metropolitian ","Sandstorms","Low ",1
"31/03/2022","23:50:00","0:05:00",38,"Meal ",35,4.4,3,"scooter ",2,"No ","Urban ","Fog","Low ",0
"31/03/2022","18:25:00","18:30:00",42,"Meal ",33,4.7,3,"scooter ",1,"No ","Metropolitian ","Fog","Medium ",0
"9/03/2022","17:30:00","17:35:00",19,"Meal ",36,4.9,19,"scooter ",2,"No ","Metropolitian ","Fog","Medium ",1
"9/03/2022","17:10:00","17:15:00",22,"Drinks ",24,4.9,15,"scooter ",2,"No ","Urban ","Stormy","Medium ",1
"18/02/2022","20:25:00","20:35:00",23,"Drinks ",25,5,5,"electric_scooter ",2,"No ","Metropolitian ","Sandstorms","Jam ",0
"12/02/2022","23:00:00","23:10:00",41,"Snack ",38,4.4,9,"motorcycle ",0,"No ","Metropolitian ","Stormy","Low ",1
"3/04/2022","18:40:00","18:50:00",25,"Drinks ",25,4.9,9,"motorcycle ",0,"No ","Metropolitian ","Cloudy","Medium ",1
"7/03/2022","23:25:00","23:30:00",12,"Snack ",20,4.9,14,"scooter ",1,"No ","Metropolitian ","Windy","Low ",1
"28/03/2022","10:20:00","10:30:00",17,"Buffet ",38,4.9,9,"scooter ",2,"No ","Metropolitian ","Fog","Low ",1
"25/03/2022","18:20:00","18:25:00",18,"Buffet ",22,4.6,22,"scooter ",2,"No ","Metropolitian ","Sunny","Medium ",1
"2/03/2022","22:45:00","22:55:00",35,"Buffet ",39,3.5,4,"scooter ",2,"No ","Metropolitian ","Fog","Low ",1
"27/03/2022","22:30:00","22:40:00",29,"Snack ",38,4.6,8,"scooter ",2,"No ","Metropolitian ","Cloudy","Low ",1
"20/03/2022","20:35:00","20:50:00",33,"Snack ",24,4.2,5,"scooter ",2,"No ","Metropolitian ","Cloudy","Jam ",0
"4/03/2022","17:10:00","17:15:00",43,"Meal ",35,4.9,22,"motorcycle ",0,"No ","Metropolitian ","Stormy","Medium ",1
"6/04/2022","17:25:00","17:40:00",40,"Snack ",36,4.7,15,"motorcycle ",2,"No ","Metropolitian ","Cloudy","Medium ",2
"3/04/2022","8:30:00","8:45:00",12,"Buffet ",25,5,23,"scooter ",1,"No ","Metropolitian ","Sandstorms","Low ",1
"17/02/2022","16:40:00","16:50:00",28,"Snack ",28,4.6,8,"scooter ",2,"No ","Metropolitian ","Stormy","Medium ",1
"6/04/2022","21:40:00","21:55:00",12,"Meal ",28,4.8,17,"motorcycle ",1,"No ","Metropolitian ","Sunny","Jam ",1
"17/02/2022","22:30:00","22:45:00",27,"Meal ",34,4.6,8,"scooter ",2,"No ","Metropolitian ","Sandstorms","Low ",0
"7/03/2022","19:40:00","19:50:00",20,"Drinks ",23,5,23,"motorcycle ",0,"No ","Metropolitian ","Sandstorms","Jam ",1
"2/03/2022","19:00:00","19:15:00",29,"Buffet ",23,4.7,18,"motorcycle ",0,"No ","Metropolitian ","Stormy","Medium ",1
"3/03/2022","10:55:00","11:10:00",23,"Meal ",27,4.1,11,"motorcycle ",0,"No ","Metropolitian ","Sandstorms","Low ",1
"4/03/2022","17:15:00","17:25:00",22,"Meal ",26,4.8,13,"motorcycle ",0,"No ","Metropolitian ","Sandstorms","Medium ",1
"16/03/2022","17:55:00","18:10:00",22,"Meal ",36,4.9,12,"scooter ",1,"No ","Metropolitian ","Sandstorms","Medium ",0
"11/03/2022","21:25:00","21:30:00",28,"Buffet ",22,4.5,21,"motorcycle ",0,"No ","Metropolitian ","Fog","Jam ",1
"4/04/2022","19:45:00","19:50:00",17,"Snack ",20,4.6,22,"motorcycle ",1,"No ","Metropolitian ","Sunny","Jam ",1
"7/03/2022","19:15:00","19:25:00",11,"Meal ",26,4.9,17,"scooter ",1,"No ","Urban ","Stormy","Jam ",1
"16/02/2022","21:10:00","21:15:00",26,"Buffet ",33,4.8,6,"motorcycle ",1,"No ","Metropolitian ","Sandstorms","Jam ",1
"18/03/2022","21:50:00","22:00:00",34,"Meal ",23,4.6,15,"motorcycle ",1,"No ","Metropolitian ","Fog","Jam ",1
"18/03/2022","21:10:00","21:25:00",31,"Drinks ",32,4.4,2,"scooter ",1,"No ","Urban ","Windy","Jam ",1
"1/04/2022","8:30:00","8:45:00",22,"Meal ",33,4.9,23,"scooter ",2,"No ","Metropolitian ","Windy","Low ",1
"12/03/2022","21:10:00","21:20:00",36,"Buffet ",28,4.8,19,"motorcycle ",0,"No ","Urban ","Fog","Jam ",1
"27/03/2022","23:10:00","23:15:00",14,"Drinks ",25,4.5,22,"motorcycle ",1,"No ","Metropolitian ","Sandstorms","Low ",0
"11/02/2022","17:25:00","17:30:00",29,"Drinks ",21,5,9,"scooter ",1,"No ","Metropolitian ","Sandstorms","Medium ",1
"19/03/2022","17:50:00","17:55:00",17,"Meal ",30,4.6,22,"electric_scooter ",2,"No ","Urban ","Fog","Medium ",0
"18/02/2022","23:30:00","23:45:00",42,"Buffet ",37,4.6,15,"motorcycle ",0,"Yes ","Urban ","Fog","Low ",2
"15/02/2022","12:55:00","13:05:00",20,"Snack ",26,5,19,"motorcycle ",2,"No ","Urban ","Windy","High ",1
"1/03/2022","9:15:00","9:20:00",20,"Snack ",32,4.7,14,"motorcycle ",0,"No ","Metropolitian ","Stormy","Low ",1
"15/02/2022","19:35:00","19:40:00",26,"Buffet ",35,4.6,8,"motorcycle ",0,"No ","Metropolitian ","Fog","Jam ",1
"19/03/2022","12:55:00","13:05:00",38,"Drinks ",33,4.7,22,"scooter ",1,"No ","Metropolitian ","Cloudy","High ",1
"9/03/2022","18:55:00","19:05:00",27,"Buffet ",28,4.9,13,"motorcycle ",2,"No ","Metropolitian ","Sandstorms","Medium ",1
"31/03/2022","21:25:00","21:40:00",41,"Snack ",20,5,15,"motorcycle ",0,"No ","Urban ","Fog","Jam ",0
"12/02/2022","19:15:00","19:20:00",23,"Snack ",24,4.8,4,"scooter ",1,"No ","Metropolitian ","Sandstorms","Jam ",0
"15/03/2022","12:30:00","12:35:00",20,"Snack ",21,5,18,"motorcycle ",0,"No ","Metropolitian ","Windy","High ",1
"8/03/2022","19:50:00","19:55:00",48,"Snack ",25,4.7,16,"motorcycle ",0,"No ","Metropolitian ","Fog","Jam ",1
"13/03/2022","17:20:00","17:25:00",31,"Meal ",39,4.4,12,"motorcycle ",0,"No ","Metropolitian ","Sandstorms","Medium ",1
"15/03/2022","10:45:00","10:55:00",23,"Meal ",39,4.5,6,"motorcycle ",1,"No ","Urban ","Sandstorms","Low ",1
"21/03/2022","23:00:00","23:05:00",25,"Buffet ",31,4.8,17,"scooter ",2,"No ","Metropolitian ","Windy","Low ",1
"8/03/2022","21:35:00","21:45:00",35,"Snack ",32,3.5,5,"scooter ",1,"No ","Urban ","Stormy","Jam ",0
"21/03/2022","18:20:00","18:35:00",29,"Meal ",21,4.8,3,"scooter ",2,"No ","Metropolitian ","Sandstorms","Medium ",1
"4/03/2022","20:55:00","21:10:00",27,"Drinks ",22,4.6,12,"electric_scooter ",2,"No ","Metropolitian ","Sandstorms","Jam ",1
"21/03/2022","9:55:00","10:10:00",21,"Meal ",39,4.4,14,"motorcycle ",0,"No ","Metropolitian ","Sandstorms","Low ",1
"2/04/2022","23:55:00","0:05:00",36,"Snack ",31,3.6,13,"electric_scooter ",2,"No ","Metropolitian ","Cloudy","Low ",0
"6/03/2022","23:30:00","23:35:00",29,"Snack ",36,4.6,17,"electric_scooter ",2,"No ","Metropolitian ","Windy","Low ",1
"16/02/2022","22:40:00","22:50:00",40,"Drinks ",33,4.8,3,"motorcycle ",0,"No ","Metropolitian ","Fog","Low ",1
"14/02/2022","23:50:00","23:55:00",22,"Drinks ",28,4.8,6,"motorcycle ",0,"No ","Metropolitian ","Sunny","Low ",1
"18/03/2022","20:35:00","20:45:00",23,"Meal ",21,4.7,3,"motorcycle ",1,"No ","Metropolitian ","Stormy","Jam ",0
"8/03/2022","18:40:00","18:55:00",17,"Meal ",27,4.6,13,"scooter ",2,"No ","Metropolitian ","Sunny","Medium ",1
"2/03/2022","18:45:00","18:55:00",45,"Snack ",31,4.9,23,"motorcycle ",0,"No ","Metropolitian ","Fog","Medium ",3
"6/03/2022","20:30:00","20:35:00",29,"Meal ",30,4.8,21,"motorcycle ",1,"No ","Metropolitian ","Sandstorms","Jam ",1
"6/04/2022","19:55:00","20:00:00",39,"Drinks ",37,4.5,3,"motorcycle ",2,"No ","Metropolitian ","Sandstorms","Jam ",1
"15/03/2022","12:40:00","12:55:00",25,"Drinks ",36,4.6,23,"scooter ",1,"No ","Metropolitian ","Cloudy","High ",0
"17/03/2022","19:20:00","19:30:00",31,"Snack ",31,4.4,22,"motorcycle ",1,"No ","Metropolitian ","Sandstorms","Jam ",1
"9/03/2022","17:15:00","17:25:00",27,"Meal ",25,5,23,"scooter ",2,"No ","Metropolitian ","Sandstorms","Medium ",1
"12/03/2022","19:40:00","19:45:00",20,"Meal ",24,4.6,12,"motorcycle ",1,"No ","Metropolitian ","Sandstorms","Jam ",0
"9/03/2022","22:20:00","22:30:00",25,"Meal ",34,4.8,15,"scooter ",1,"No ","Metropolitian ","Windy","Low ",1
"5/03/2022","9:35:00","9:40:00",23,"Buffet ",30,4.6,22,"motorcycle ",2,"No ","Urban ","Stormy","Low ",1
"17/02/2022","22:25:00","22:30:00",17,"Meal ",36,5,3,"motorcycle ",1,"No ","Metropolitian ","Sandstorms","Low ",0
"31/03/2022","23:10:00","23:15:00",22,"Drinks ",25,4.5,21,"motorcycle ",0,"No ","Metropolitian ","Cloudy","Low ",1
"18/02/2022","20:50:00","21:05:00",20,"Meal ",29,4.9,17,"scooter ",1,"No ","Urban ","Sandstorms","Jam ",1
"12/03/2022","23:35:00","23:40:00",33,"Snack ",34,3.8,1,"motorcycle ",1,"No ","Urban ","Fog","Low ",1
"2/03/2022","22:50:00","22:55:00",21,"Drinks ",35,4.6,9,"motorcycle ",0,"No ","Metropolitian ","Windy","Low ",1
"14/02/2022","17:25:00","17:40:00",41,"Meal ",21,4.9,5,"motorcycle ",0,"No ","Metropolitian ","Fog","Medium ",0
"7/03/2022","9:55:00","10:00:00",23,"Drinks ",36,4.9,16,"scooter ",2,"No ","Urban ","Sandstorms","Low ",1
"5/04/2022","10:15:00","10:30:00",21,"Drinks ",23,4.9,17,"motorcycle ",0,"No ","Metropolitian ","Fog","Low ",1
"8/03/2022","20:15:00","20:20:00",26,"Snack ",20,4.6,17,"motorcycle ",1,"No ","Metropolitian ","Windy","Jam ",1
"3/04/2022","12:25:00","12:40:00",27,"Snack ",32,4.6,22,"scooter ",1,"No ","Metropolitian ","Stormy","High ",1
"29/03/2022","23:35:00","23:50:00",17,"Meal ",24,4.6,3,"scooter ",1,"No ","Urban ","Sandstorms","Low ",1
"12/03/2022","18:20:00","18:30:00",21,"Meal ",30,4.7,17,"scooter ",2,"No ","Metropolitian ","Sandstorms","Medium ",1
"19/03/2022","22:20:00","22:35:00",19,"Meal ",20,4.1,7,"motorcycle ",0,"No ","Metropolitian ","Windy","Low ",1
"27/03/2022","23:45:00","0:00:00",26,"Snack ",33,4.6,23,"motorcycle ",0,"No ","Urban ","Sandstorms","Low ",1
"3/04/2022","18:00:00","18:05:00",18,"Meal ",26,4.8,22,"scooter ",1,"No ","Metropolitian ","Sunny","Medium ",0
"6/04/2022","17:35:00","17:45:00",16,"Meal ",23,5,21,"scooter ",1,"No ","Metropolitian ","Sunny","Medium ",0
"5/03/2022","8:30:00","8:45:00",26,"Snack ",38,4.4,13,"motorcycle ",0,"No ","Metropolitian ","Stormy","Low ",1
"29/03/2022","21:55:00","22:00:00",30,"Meal ",25,5,3,"motorcycle ",0,"No ","Metropolitian ","Sandstorms","Jam ",0
"25/03/2022","18:25:00","18:40:00",47,"Meal ",33,4.6,3,"motorcycle ",0,"Yes ","Metropolitian ","Fog","Medium ",3
"18/02/2022","17:25:00","17:30:00",30,"Snack ",38,4.6,5,"motorcycle ",1,"No ","Metropolitian ","Sandstorms","Medium ",1
"20/03/2022","19:55:00","20:10:00",23,"Drinks ",31,4.5,2,"scooter ",2,"No ","Urban ","Sunny","Jam ",0
"6/03/2022","22:10:00","22:25:00",21,"Snack ",32,4.9,21,"motorcycle ",0,"No ","Metropolitian ","Sandstorms","Low ",1
"3/04/2022","16:20:00","16:25:00",17,"Snack ",39,4.6,22,"electric_scooter ",2,"No ","Urban ","Cloudy","Medium ",0
"14/03/2022","19:30:00","19:45:00",39,"Buffet ",36,4.1,3,"motorcycle ",1,"No ","Metropolitian ","Cloudy","Jam ",1
"28/03/2022","23:50:00","23:55:00",19,"Buffet ",22,4.7,18,"motorcycle ",2,"No ","Metropolitian ","Fog","Low ",0
"10/03/2022","18:30:00","18:35:00",32,"Meal ",32,4.3,22,"motorcycle ",1,"No ","Metropolitian ","Sandstorms","Medium ",1
"12/03/2022","18:20:00","18:25:00",21,"Meal ",26,5,16,"motorcycle ",0,"No ","Metropolitian ","Windy","Medium ",1
"3/03/2022","23:45:00","23:55:00",17,"Snack ",22,4.7,15,"motorcycle ",0,"No ","Urban ","Fog","Low ",1
"15/03/2022","9:50:00","10:00:00",15,"Snack ",39,4.8,9,"scooter ",2,"No ","Metropolitian ","Fog","Low ",1
"5/03/2022","13:20:00","13:25:00",34,"Snack ",30,5,18,"scooter ",1,"No ","Metropolitian ","Sunny","High ",1
"17/03/2022","19:00:00","19:05:00",30,"Drinks ",30,4.8,22,"electric_scooter ",2,"No ","Metropolitian ","Sandstorms","Medium ",0
"18/02/2022","19:00:00","19:10:00",31,"Drinks ",23,4.9,19,"motorcycle ",0,"No ","Urban ","Cloudy","Medium ",1
"27/03/2022","18:45:00","18:50:00",35,"Meal ",30,4.9,1,"motorcycle ",0,"No ","Metropolitian ","Cloudy","Medium ",1
"16/03/2022","17:15:00","17:20:00",39,"Drinks ",35,4.1,3,"motorcycle ",0,"No ","Metropolitian ","Sunny","Medium ",1
"9/03/2022","9:15:00","9:30:00",13,"Meal ",22,4.8,19,"scooter ",2,"No ","Urban ","Stormy","Low ",1
"27/03/2022","22:45:00","22:55:00",30,"Meal ",35,4.9,2,"scooter ",2,"No ","Metropolitian ","Fog","Low ",1
"6/04/2022","19:15:00","19:20:00",42,"Drinks ",20,4.1,5,"motorcycle ",2,"No ","Urban ","Fog","Jam ",1
"31/03/2022","17:50:00","18:05:00",36,"Drinks ",36,4.2,21,"scooter ",1,"No ","Urban ","Windy","Medium ",1
"17/03/2022","21:15:00","21:30:00",32,"Buffet ",38,4.8,23,"electric_scooter ",2,"No ","Urban ","Sandstorms","Jam ",1
"5/04/2022","15:10:00","15:20:00",22,"Buffet ",29,4.8,15,"motorcycle ",2,"No ","Metropolitian ","Sandstorms","Medium ",1
"21/03/2022","20:55:00","21:00:00",19,"Meal ",27,4.6,17,"electric_scooter ",2,"No ","Metropolitian ","Windy","Jam ",1
"11/02/2022","12:35:00","12:45:00",25,"Buffet ",30,4.7,9,"scooter ",1,"No ","Metropolitian ","Stormy","High ",1
"16/02/2022","17:35:00","17:40:00",38,"Drinks ",28,4.2,3,"motorcycle ",0,"No ","Metropolitian ","Stormy","Medium ",0
"1/04/2022","22:35:00","22:40:00",24,"Snack ",32,4.7,18,"motorcycle ",0,"No ","Metropolitian ","Sunny","Low ",0
"17/03/2022","8:25:00","8:30:00",18,"Meal ",24,4.7,7,"motorcycle ",0,"No ","Metropolitian ","Cloudy","Low ",0
"15/03/2022","12:00:00","12:05:00",31,"Buffet ",31,4.9,16,"motorcycle ",0,"No ","Metropolitian ","Fog","High ",1
"1/04/2022","9:40:00","9:50:00",11,"Drinks ",25,5,23,"motorcycle ",2,"No ","Metropolitian ","Windy","Low ",0
"19/03/2022","10:25:00","10:40:00",22,"Drinks ",29,4.3,9,"motorcycle ",0,"No ","Metropolitian ","Stormy","Low ",1
"5/03/2022","10:40:00","10:55:00",20,"Buffet ",39,4.8,18,"scooter ",1,"No ","Metropolitian ","Stormy","Low ",1
"23/03/2022","23:40:00","23:55:00",12,"Snack ",27,4.8,22,"motorcycle ",1,"No ","Metropolitian ","Windy","Low ",0
"13/02/2022","9:45:00","10:00:00",28,"Meal ",24,4.2,4,"motorcycle ",0,"No ","Metropolitian ","Windy","Low ",1
"28/03/2022","22:00:00","22:15:00",29,"Drinks ",36,4.7,21,"scooter ",1,"No ","Urban ","Stormy","Jam ",1
"21/03/2022","17:20:00","17:35:00",25,"Snack ",26,4.6,23,"motorcycle ",0,"No ","Metropolitian ","Fog","Medium ",1
"5/04/2022","21:40:00","21:50:00",53,"Meal ",28,3.6,5,"motorcycle ",0,"No ","Metropolitian ","Sunny","Jam ",1
"15/02/2022","10:35:00","10:45:00",23,"Snack ",37,4.6,6,"motorcycle ",1,"No ","Metropolitian ","Windy","Low ",1
"7/03/2022","18:25:00","18:30:00",18,"Buffet ",21,4.9,21,"motorcycle ",1,"No ","Metropolitian ","Fog","Medium ",1
"2/03/2022","20:00:00","20:05:00",52,"Buffet ",30,5,9,"motorcycle ",0,"No ","Metropolitian ","Windy","Jam ",3
"16/02/2022","18:00:00","18:05:00",30,"Meal ",24,4.7,7,"motorcycle ",0,"No ","Metropolitian ","Windy","Medium ",1
"6/03/2022","17:25:00","17:40:00",35,"Drinks ",34,4.6,15,"motorcycle ",0,"No ","Urban ","Stormy","Medium ",2
"9/03/2022","11:25:00","11:35:00",29,"Drinks ",28,5,17,"scooter ",1,"No ","Metropolitian ","Stormy","High ",0
"30/03/2022","20:00:00","20:05:00",28,"Snack ",28,4.7,17,"motorcycle ",2,"No ","Metropolitian ","Fog","Jam ",1
"31/03/2022","18:10:00","18:20:00",20,"Buffet ",38,4.6,19,"motorcycle ",1,"No ","Metropolitian ","Windy","Medium ",0
"6/04/2022","23:55:00","0:00:00",40,"Meal ",32,4.1,2,"motorcycle ",0,"No ","Metropolitian ","Cloudy","Low ",2
"14/02/2022","23:35:00","23:40:00",28,"Buffet ",26,5,16,"motorcycle ",0,"No ","Urban ","Sunny","Low ",1
"6/04/2022","19:40:00","19:55:00",27,"Drinks ",21,4.9,23,"scooter ",1,"No ","Metropolitian ","Stormy","Jam ",1
"8/03/2022","19:40:00","19:55:00",20,"Buffet ",39,4.7,23,"motorcycle ",1,"No ","Metropolitian ","Sunny","Jam ",1
"6/03/2022","22:45:00","22:50:00",33,"Drinks ",35,3.5,8,"scooter ",1,"No ","Metropolitian ","Sunny","Low ",1
"5/03/2022","21:00:00","21:15:00",25,"Meal ",36,4.7,18,"scooter ",2,"No ","Metropolitian ","Windy","Jam ",1
"31/03/2022","17:50:00","18:00:00",27,"Buffet ",36,4.9,21,"motorcycle ",1,"No ","Metropolitian ","Windy","Medium ",1
"12/02/2022","18:15:00","18:30:00",26,"Snack ",33,4.9,19,"electric_scooter ",2,"No ","Urban ","Sandstorms","Medium ",0
"13/02/2022","20:15:00","20:30:00",25,"Drinks ",34,4.6,4,"scooter ",2,"No ","Metropolitian ","Stormy","Jam ",0
"11/03/2022","18:30:00","18:35:00",22,"Snack ",28,4.6,15,"motorcycle ",0,"No ","Metropolitian ","Windy","Medium ",1
"10/03/2022","18:15:00","18:25:00",39,"Meal ",39,4.5,13,"scooter ",1,"No ","Metropolitian ","Stormy","Medium ",0
"4/04/2022","17:15:00","17:30:00",16,"Drinks ",23,4.5,23,"scooter ",2,"No ","Urban ","Windy","Medium ",1
"2/04/2022","17:35:00","17:50:00",34,"Buffet ",29,4,11,"scooter ",1,"No ","Metropolitian ","Fog","Medium ",0
"27/03/2022","18:30:00","18:35:00",29,"Meal ",26,4.8,2,"scooter ",2,"No ","Metropolitian ","Sandstorms","Medium ",1
"19/03/2022","21:35:00","21:50:00",16,"Drinks ",26,4.7,22,"electric_scooter ",2,"No ","Urban ","Sunny","Jam ",1
"1/03/2022","17:40:00","17:55:00",16,"Snack ",30,4.8,9,"scooter ",1,"No ","Metropolitian ","Stormy","Medium ",0
"23/03/2022","20:45:00","21:00:00",45,"Snack ",39,4.9,21,"motorcycle ",0,"No ","Urban ","Fog","Jam ",2
"14/02/2022","18:00:00","18:10:00",38,"Snack ",33,4.3,5,"electric_scooter ",2,"No ","Metropolitian ","Stormy","Medium ",1
"17/03/2022","17:30:00","17:45:00",14,"Snack ",28,4.8,23,"motorcycle ",0,"No ","Urban ","Windy","Medium ",0
"2/03/2022","21:35:00","21:50:00",35,"Snack ",29,4.9,18,"motorcycle ",0,"No ","Metropolitian ","Fog","Jam ",0
"5/03/2022","20:10:00","20:15:00",19,"Drinks ",24,4.9,15,"motorcycle ",1,"No ","Metropolitian ","Sunny","Jam ",1
"6/03/2022","18:30:00","18:40:00",43,"Buffet ",39,4.7,9,"motorcycle ",0,"No ","Metropolitian ","Stormy","Medium ",1
"9/03/2022","11:00:00","11:05:00",19,"Meal ",32,5,15,"scooter ",2,"No ","Urban ","Cloudy","Low ",0
"17/03/2022","22:25:00","22:30:00",23,"Buffet ",37,4.8,23,"motorcycle ",0,"No ","Metropolitian ","Sunny","Low ",1
"10/03/2022","17:45:00","17:55:00",34,"Buffet ",29,4.8,18,"motorcycle ",0,"No ","Metropolitian ","Sandstorms","Medium ",0
"12/03/2022","22:25:00","22:30:00",21,"Meal ",21,4.8,23,"scooter ",2,"No ","Metropolitian ","Cloudy","Low ",1
"24/03/2022","17:35:00","17:50:00",27,"Snack ",31,4.8,23,"scooter ",2,"No ","Metropolitian ","Stormy","Medium ",1
"6/04/2022","22:40:00","22:45:00",21,"Buffet ",33,4.8,18,"electric_scooter ",2,"No ","Metropolitian ","Sandstorms","Low ",1
"2/04/2022","22:40:00","22:50:00",15,"Snack ",35,4.6,16,"electric_scooter ",2,"No ","Urban ","Stormy","Low ",0
"1/03/2022","10:45:00","11:00:00",15,"Snack ",21,5,13,"motorcycle ",2,"No ","Metropolitian ","Sunny","Low ",1
"2/03/2022","17:45:00","17:50:00",30,"Meal ",32,4.5,13,"scooter ",1,"No ","Metropolitian ","Stormy","Medium ",1
"30/03/2022","9:10:00","9:20:00",19,"Snack ",39,4.6,6,"electric_scooter ",2,"No ","Urban ","Cloudy","Low ",0
"6/03/2022","21:15:00","21:20:00",22,"Buffet ",29,4.9,19,"scooter ",2,"No ","Urban ","Stormy","Jam ",1
"12/03/2022","23:00:00","23:05:00",22,"Meal ",37,4.6,18,"scooter ",1,"No ","Metropolitian ","Windy","Low ",1
"14/03/2022","23:25:00","23:35:00",23,"Meal ",35,4.8,19,"motorcycle ",0,"No ","Metropolitian ","Stormy","Low ",1
"5/04/2022","20:15:00","20:20:00",27,"Buffet ",21,4.8,23,"motorcycle ",1,"No ","Metropolitian ","Windy","Jam ",1
"11/03/2022","23:35:00","23:40:00",24,"Meal ",23,4.8,23,"scooter ",2,"No ","Metropolitian ","Sunny","Low ",0
"8/03/2022","17:25:00","17:40:00",30,"Meal ",34,4.7,23,"scooter ",2,"No ","Metropolitian ","Sandstorms","Medium ",1
"14/02/2022","21:15:00","21:30:00",45,"Drinks ",29,4.6,4,"motorcycle ",0,"No ","Metropolitian ","Fog","Jam ",2
"16/02/2022","20:25:00","20:35:00",51,"Drinks ",30,4.7,18,"motorcycle ",0,"Yes ","Urban ","Stormy","Jam ",2
"18/03/2022","23:30:00","23:35:00",30,"Meal ",30,4.9,22,"scooter ",2,"No ","Metropolitian ","Cloudy","Low ",0
"2/04/2022","20:35:00","20:40:00",41,"Buffet ",30,4.8,6,"motorcycle ",0,"No ","Metropolitian ","Cloudy","Jam ",1
"31/03/2022","19:00:00","19:15:00",24,"Buffet ",25,4.8,23,"scooter ",1,"No ","Metropolitian ","Sandstorms","Medium ",0
"21/03/2022","19:15:00","19:30:00",19,"Meal ",27,5,23,"scooter ",1,"No ","Metropolitian ","Sunny","Jam ",1
"30/03/2022","23:55:00","0:05:00",23,"Drinks ",24,4.1,12,"motorcycle ",0,"No ","Metropolitian ","Sandstorms","Low ",1
"28/03/2022","9:50:00","10:05:00",17,"Drinks ",26,4.7,21,"scooter ",2,"No ","Metropolitian ","Stormy","Low ",1
"24/03/2022","20:15:00","20:30:00",32,"Meal ",38,4.6,1,"electric_scooter ",2,"No ","Metropolitian ","Windy","Jam ",1
"16/02/2022","21:20:00","21:35:00",38,"Buffet ",32,4.3,7,"motorcycle ",1,"No ","Metropolitian ","Sandstorms","Jam ",2
"15/02/2022","23:25:00","23:35:00",28,"Snack ",32,4.7,3,"motorcycle ",1,"No ","Metropolitian ","Windy","Low ",1
"21/03/2022","9:45:00","10:00:00",17,"Snack ",39,4.8,12,"motorcycle ",1,"No ","Metropolitian ","Fog","Low ",1
"14/03/2022","18:35:00","18:45:00",31,"Meal ",32,3.7,9,"scooter ",2,"No ","Metropolitian ","Stormy","Medium ",1
"7/03/2022","10:10:00","10:25:00",25,"Meal ",27,4.4,22,"motorcycle ",0,"No ","Metropolitian ","Stormy","Low ",1
"6/04/2022","22:50:00","23:00:00",29,"Drinks ",39,4.6,23,"electric_scooter ",2,"No ","Metropolitian ","Stormy","Low ",1
"7/03/2022","9:20:00","9:25:00",26,"Buffet ",30,4.9,17,"scooter ",1,"No ","Metropolitian ","Stormy","Low ",1
"1/03/2022","20:15:00","20:20:00",31,"Buffet ",25,4.1,3,"scooter ",2,"No ","Urban ","Cloudy","Jam ",0
"29/03/2022","18:00:00","18:15:00",30,"Buffet ",23,4.7,6,"motorcycle ",0,"No ","Metropolitian ","Cloudy","Medium ",1
"7/03/2022","11:00:00","11:05:00",26,"Drinks ",36,4.9,17,"scooter ",1,"No ","Urban ","Stormy","Low ",0
"12/03/2022","17:25:00","17:30:00",26,"Buffet ",39,4.8,21,"scooter ",1,"No ","Urban ","Stormy","Medium ",0
"1/04/2022","15:35:00","15:40:00",23,"Drinks ",20,4.6,4,"motorcycle ",0,"No ","Urban ","Stormy","Medium ",1
"1/03/2022","20:15:00","20:30:00",16,"Drinks ",24,4.8,16,"motorcycle ",1,"No ","Metropolitian ","Windy","Jam ",0
"6/04/2022","22:20:00","22:25:00",20,"Meal ",25,4.6,19,"scooter ",1,"No ","Metropolitian ","Cloudy","Low ",1
"16/03/2022","21:10:00","21:20:00",44,"Drinks ",38,5,21,"motorcycle ",0,"No ","Metropolitian ","Cloudy","Jam ",0
"19/03/2022","8:35:00","8:45:00",19,"Snack ",27,4.7,23,"scooter ",2,"No ","Urban ","Windy","Low ",0
"30/03/2022","9:00:00","9:05:00",16,"Buffet ",21,4.6,5,"electric_scooter ",2,"No ","Urban ","Fog","Low ",1
"31/03/2022","23:30:00","23:40:00",20,"Meal ",29,4.7,22,"electric_scooter ",2,"No ","Metropolitian ","Fog","Low ",1
"23/03/2022","19:50:00","19:55:00",20,"Meal ",28,4.9,14,"motorcycle ",1,"No ","Metropolitian ","Stormy","Jam ",0
"26/03/2022","17:35:00","17:50:00",17,"Snack ",30,4.6,18,"scooter ",1,"No ","Urban ","Sunny","Medium ",1
"13/02/2022","10:30:00","10:40:00",24,"Drinks ",30,4.4,4,"motorcycle ",0,"No ","Metropolitian ","Sandstorms","Low ",1
"19/03/2022","19:55:00","20:10:00",27,"Meal ",34,5,16,"motorcycle ",0,"No ","Urban ","Sunny","Jam ",1
"12/03/2022","23:20:00","23:30:00",22,"Snack ",28,4.5,17,"motorcycle ",0,"No ","Metropolitian ","Cloudy","Low ",0
"29/03/2022","20:10:00","20:25:00",34,"Drinks ",23,4.3,1,"scooter ",1,"No ","Metropolitian ","Cloudy","Jam ",1
"17/03/2022","21:55:00","22:05:00",28,"Buffet ",30,4.6,1,"scooter ",1,"No ","Metropolitian ","Stormy","Jam ",0
"11/02/2022","9:20:00","9:25:00",17,"Buffet ",27,4.8,6,"scooter ",1,"No ","Metropolitian ","Fog","Low ",0
"4/04/2022","22:25:00","22:40:00",17,"Buffet ",27,5,23,"motorcycle ",0,"No ","Urban ","Sandstorms","Low ",0
"18/03/2022","20:35:00","20:50:00",44,"Buffet ",20,4.6,18,"motorcycle ",0,"Yes ","Metropolitian ","Fog","Jam ",0
"18/02/2022","20:25:00","20:35:00",39,"Buffet ",30,4.4,4,"motorcycle ",1,"No ","Metropolitian ","Fog","Jam ",1
"9/03/2022","11:30:00","11:35:00",31,"Drinks ",32,4.9,21,"scooter ",1,"No ","Metropolitian ","Sandstorms","High ",1
"3/03/2022","20:00:00","20:05:00",13,"Snack ",27,5,18,"scooter ",2,"No ","Metropolitian ","Stormy","Jam ",1
"19/03/2022","20:00:00","20:10:00",29,"Snack ",28,4.9,18,"motorcycle ",1,"No ","Urban ","Cloudy","Jam ",0
"6/04/2022","19:35:00","19:50:00",31,"Meal ",37,4.4,1,"motorcycle ",1,"No ","Metropolitian ","Stormy","Jam ",1
"17/03/2022","9:55:00","10:05:00",26,"Snack ",30,4.4,23,"motorcycle ",0,"No ","Metropolitian ","Windy","Low ",1
"10/03/2022","22:00:00","22:15:00",38,"Buffet ",26,4.2,3,"motorcycle ",1,"No ","Urban ","Cloudy","Jam ",1
"4/03/2022","18:50:00","19:05:00",30,"Buffet ",28,4.8,21,"scooter ",2,"No ","Metropolitian ","Fog","Medium ",1
"23/03/2022","20:50:00","21:00:00",20,"Drinks ",22,4.6,19,"motorcycle ",1,"No ","Urban ","Windy","Jam ",1
"3/03/2022","17:55:00","18:10:00",26,"Meal ",23,4.6,23,"motorcycle ",0,"No ","Metropolitian ","Fog","Medium ",1
"13/02/2022","10:50:00","10:55:00",33,"Drinks ",39,4.2,3,"motorcycle ",0,"No ","Metropolitian ","Stormy","Low ",1
"18/02/2022","22:20:00","22:35:00",27,"Buffet ",36,4.9,7,"motorcycle ",0,"No ","Metropolitian ","Fog","Low ",1
"19/03/2022","16:20:00","16:35:00",16,"Drinks ",37,4.8,9,"scooter ",2,"No ","Metropolitian ","Sunny","Medium ",0
"18/02/2022","22:35:00","22:45:00",40,"Buffet ",33,4.6,4,"motorcycle ",0,"No ","Metropolitian ","Sandstorms","Low ",1
"11/02/2022","19:40:00","19:55:00",28,"Meal ",24,4.9,5,"scooter ",2,"No ","Metropolitian ","Sandstorms","Jam ",1
"4/03/2022","22:55:00","23:05:00",36,"Buffet ",33,5,19,"motorcycle ",0,"No ","Metropolitian ","Fog","Low ",1
"4/03/2022","21:55:00","22:00:00",47,"Meal ",29,4.5,21,"motorcycle ",0,"No ","Metropolitian ","Fog","Jam ",3
"14/02/2022","21:40:00","21:50:00",34,"Buffet ",23,4.8,2,"motorcycle ",0,"No ","Metropolitian ","Stormy","Jam ",1
"17/03/2022","20:15:00","20:20:00",32,"Meal ",30,5,23,"scooter ",2,"No ","Metropolitian ","Sandstorms","Jam ",0
"6/04/2022","19:25:00","19:30:00",35,"Meal ",33,4.2,5,"motorcycle ",1,"No ","Metropolitian ","Fog","Jam ",1
"2/04/2022","23:15:00","23:30:00",21,"Drinks ",20,4.6,23,"motorcycle ",2,"No ","Metropolitian ","Cloudy","Low ",1
"28/03/2022","19:55:00","20:10:00",43,"Buffet ",36,4.2,2,"motorcycle ",0,"Yes ","Urban ","Stormy","Jam ",1
"5/03/2022","10:50:00","11:05:00",16,"Buffet ",39,4.6,18,"scooter ",1,"No ","Urban ","Stormy","Low ",1
"7/03/2022","8:35:00","8:40:00",10,"Buffet ",22,4.7,23,"motorcycle ",2,"No ","Urban ","Stormy","Low ",0
"26/03/2022","8:30:00","8:45:00",27,"Meal ",37,4.9,17,"motorcycle ",1,"No ","Metropolitian ","Stormy","Low ",1
"12/03/2022","23:50:00","0:00:00",20,"Snack ",26,4.7,17,"motorcycle ",0,"No ","Urban ","Fog","Low ",1
"9/03/2022","18:45:00","19:00:00",10,"Snack ",20,4.6,16,"motorcycle ",1,"No ","Metropolitian ","Sunny","Medium ",1
"1/04/2022","10:45:00","10:55:00",19,"Meal ",20,5,9,"scooter ",1,"No ","Metropolitian ","Stormy","Low ",1
"27/03/2022","22:20:00","22:25:00",44,"Buffet ",20,3.2,11,"motorcycle ",2,"No ","Metropolitian ","Sunny","Low ",1
"8/03/2022","21:55:00","22:05:00",17,"Snack ",23,4.9,23,"motorcycle ",1,"No ","Metropolitian ","Windy","Jam ",1
"23/03/2022","18:30:00","18:40:00",20,"Snack ",23,4.9,22,"scooter ",2,"No ","Urban ","Stormy","Medium ",0
"14/02/2022","22:20:00","22:35:00",26,"Buffet ",39,4.6,7,"motorcycle ",0,"No ","Metropolitian ","Windy","Low ",1
"29/03/2022","23:25:00","23:35:00",28,"Drinks ",22,4.5,12,"electric_scooter ",2,"No ","Metropolitian ","Cloudy","Low ",0
"2/04/2022","22:10:00","22:25:00",32,"Drinks ",22,3.3,7,"electric_scooter ",2,"No ","Metropolitian ","Sunny","Low ",2
"28/03/2022","9:45:00","9:50:00",18,"Buffet ",23,4.9,12,"motorcycle ",0,"No ","Metropolitian ","Cloudy","Low ",0
"18/02/2022","21:45:00","21:55:00",25,"Drinks ",24,4.9,7,"electric_scooter ",2,"No ","Metropolitian ","Stormy","Jam ",0
"9/03/2022","11:50:00","12:05:00",28,"Buffet ",22,5,16,"motorcycle ",0,"No ","Urban ","Stormy","High ",1
"5/03/2022","21:45:00","21:50:00",23,"Meal ",35,4.8,23,"scooter ",1,"No ","Metropolitian ","Sunny","Jam ",1
"13/02/2022","9:10:00","9:25:00",13,"Drinks ",37,4.7,23,"scooter ",1,"No ","Urban ","Sunny","Low ",0
"26/03/2022","13:35:00","13:40:00",27,"Drinks ",33,4.9,18,"motorcycle ",0,"No ","Urban ","Fog","High ",0
"5/03/2022","13:15:00","13:20:00",22,"Drinks ",25,4.7,17,"motorcycle ",0,"No ","Metropolitian ","Sunny","High ",0
"13/03/2022","23:25:00","23:35:00",12,"Buffet ",28,5,22,"motorcycle ",1,"No ","Urban ","Windy","Low ",1
"13/03/2022","10:45:00","11:00:00",15,"Meal ",30,4.9,16,"scooter ",1,"No ","Urban ","Fog","Low ",1
"10/03/2022","18:55:00","19:05:00",38,"Meal ",31,4.4,12,"motorcycle ",1,"No ","Metropolitian ","Fog","Medium ",1
"19/03/2022","17:40:00","17:50:00",17,"Drinks ",29,4.6,18,"scooter ",1,"No ","Urban ","Sunny","Medium ",1
"15/03/2022","8:50:00","9:05:00",18,"Buffet ",23,4.9,16,"scooter ",2,"No ","Metropolitian ","Stormy","Low ",0
"11/03/2022","12:10:00","12:20:00",18,"Buffet ",33,4.7,16,"motorcycle ",1,"No ","Metropolitian ","Sunny","High ",1
"23/03/2022","19:15:00","19:25:00",25,"Meal ",29,4.9,9,"motorcycle ",1,"No ","Metropolitian ","Sandstorms","Jam ",1
"17/03/2022","11:25:00","11:35:00",34,"Snack ",22,4.6,23,"scooter ",1,"No ","Metropolitian ","Fog","High ",2
"20/03/2022","22:50:00","23:05:00",19,"Buffet ",34,4.7,19,"scooter ",2,"No ","Urban ","Sandstorms","Low ",0
"25/03/2022","22:50:00","23:00:00",20,"Buffet ",31,4.9,9,"electric_scooter ",2,"No ","Metropolitian ","Stormy","Low ",1
"2/04/2022","20:30:00","20:45:00",20,"Buffet ",31,4.7,23,"scooter ",2,"No ","Metropolitian ","Sunny","Jam ",1
"1/03/2022","23:10:00","23:20:00",19,"Buffet ",20,4.9,9,"scooter ",2,"No ","Metropolitian ","Sunny","Low ",1
"26/03/2022","11:30:00","11:40:00",39,"Meal ",30,4.1,8,"motorcycle ",1,"No ","Metropolitian ","Cloudy","High ",1
"28/03/2022","22:45:00","23:00:00",21,"Buffet ",27,4,4,"motorcycle ",0,"No ","Urban ","Sandstorms","Low ",1
"14/02/2022","22:15:00","22:20:00",28,"Drinks ",36,4.9,4,"motorcycle ",0,"No ","Metropolitian ","Stormy","Low ",0
"26/03/2022","22:40:00","22:45:00",21,"Meal ",26,4.7,16,"motorcycle ",0,"No ","Metropolitian ","Fog","Low ",1
"15/03/2022","15:40:00","15:50:00",16,"Snack ",26,4.8,18,"electric_scooter ",2,"No ","Metropolitian ","Sunny","Medium ",1
"18/03/2022","22:00:00","22:15:00",45,"Meal ",38,4.4,12,"motorcycle ",2,"No ","Metropolitian ","Cloudy","Jam ",1
"2/03/2022","20:10:00","20:15:00",29,"Snack ",32,5,21,"motorcycle ",1,"No ","Metropolitian ","Sandstorms","Jam ",0
"15/02/2022","11:10:00","11:25:00",14,"Meal ",23,4.5,4,"motorcycle ",2,"No ","Metropolitian ","Windy","High ",0
"21/03/2022","17:50:00","17:55:00",29,"Buffet ",33,4.9,3,"scooter ",2,"No ","Metropolitian ","Sandstorms","Medium ",1
"25/03/2022","18:15:00","18:25:00",32,"Snack ",23,4,3,"motorcycle ",0,"No ","Metropolitian ","Stormy","Medium ",1
"24/03/2022","8:25:00","8:40:00",25,"Meal ",37,4.6,16,"scooter ",2,"No ","Metropolitian ","Sandstorms","Low ",1
"13/03/2022","11:00:00","11:15:00",16,"Buffet ",28,4.7,15,"motorcycle ",0,"No ","Urban ","Sunny","Low ",0
"26/03/2022","8:50:00","9:05:00",11,"Buffet ",29,4.9,13,"scooter ",1,"No ","Metropolitian ","Sandstorms","Low ",0
"16/02/2022","20:30:00","20:40:00",40,"Snack ",27,5,8,"electric_scooter ",2,"No ","Metropolitian ","Fog","Jam ",1
"21/03/2022","14:20:00","14:35:00",35,"Snack ",23,4.1,7,"motorcycle ",0,"No ","Metropolitian ","Windy","High ",1
"27/03/2022","17:40:00","17:45:00",39,"Drinks ",26,4.8,3,"motorcycle ",0,"No ","Metropolitian ","Windy","Medium ",2
"16/03/2022","21:20:00","21:35:00",46,"Buffet ",37,4.6,17,"motorcycle ",0,"Yes ","Metropolitian ","Cloudy","Jam ",2
"10/03/2022","23:35:00","23:40:00",34,"Meal ",34,3.3,3,"motorcycle ",0,"No ","Metropolitian ","Sunny","Low ",1
"27/03/2022","22:45:00","22:55:00",19,"Buffet ",33,4.7,23,"scooter ",2,"No ","Metropolitian ","Stormy","Low ",0
"17/02/2022","10:55:00","11:05:00",14,"Drinks ",33,4.7,8,"scooter ",2,"No ","Metropolitian ","Fog","Low ",0
"15/02/2022","10:45:00","10:55:00",20,"Meal ",31,4.8,4,"scooter ",2,"No ","Metropolitian ","Windy","Low ",1
"21/03/2022","12:00:00","12:05:00",34,"Buffet ",37,4,7,"motorcycle ",0,"No ","Metropolitian ","Stormy","High ",2
"14/03/2022","21:30:00","21:40:00",31,"Meal ",25,4.9,21,"electric_scooter ",2,"No ","Metropolitian ","Cloudy","Jam ",1
"5/04/2022","18:50:00","19:00:00",27,"Snack ",28,5,18,"motorcycle ",0,"No ","Metropolitian ","Windy","Medium ",0
"18/03/2022","18:45:00","18:55:00",33,"Snack ",32,4.1,9,"electric_scooter ",2,"No ","Metropolitian ","Fog","Medium ",1
"18/02/2022","22:55:00","23:05:00",22,"Drinks ",29,4.8,9,"motorcycle ",0,"No ","Metropolitian ","Stormy","Low ",0
"19/03/2022","11:00:00","11:15:00",12,"Drinks ",27,4.6,17,"scooter ",2,"No ","Metropolitian ","Stormy","Low ",0
"4/04/2022","22:15:00","22:20:00",23,"Meal ",25,4.9,19,"motorcycle ",0,"No ","Metropolitian ","Sunny","Low ",1
"3/03/2022","13:20:00","13:30:00",22,"Meal ",25,4.5,23,"scooter ",1,"No ","Metropolitian ","Fog","High ",0
"13/02/2022","16:55:00","17:00:00",16,"Snack ",30,4.8,19,"scooter ",1,"No ","Urban ","Fog","Medium ",1
"6/04/2022","22:30:00","22:40:00",29,"Meal ",33,4.7,23,"scooter ",2,"No ","Metropolitian ","Windy","Low ",1
"7/03/2022","12:40:00","12:50:00",32,"Meal ",34,4,5,"scooter ",1,"No ","Urban ","Stormy","High ",1
"6/03/2022","17:30:00","17:35:00",18,"Snack ",26,4.6,18,"scooter ",2,"No ","Metropolitian ","Sunny","Medium ",1
"14/03/2022","20:45:00","20:50:00",24,"Drinks ",22,4.8,9,"motorcycle ",0,"No ","Metropolitian ","Sunny","Jam ",0
"24/03/2022","22:10:00","22:25:00",13,"Snack ",28,4.7,21,"motorcycle ",0,"No ","Metropolitian ","Sunny","Low ",0
"3/04/2022","19:35:00","19:50:00",26,"Meal ",29,4.8,23,"scooter ",2,"No ","Metropolitian ","Sandstorms","Jam ",1
"21/03/2022","9:45:00","9:55:00",24,"Snack ",31,4.5,5,"motorcycle ",0,"No ","Urban ","Stormy","Low ",1
"1/03/2022","22:00:00","22:10:00",30,"Snack ",38,4.6,23,"motorcycle ",0,"No ","Metropolitian ","Sandstorms","Jam ",0
"4/03/2022","21:40:00","21:50:00",47,"Snack ",39,4.6,23,"motorcycle ",0,"Yes ","Metropolitian ","Stormy","Jam ",2
"16/02/2022","18:50:00","19:00:00",41,"Meal ",39,4.8,9,"motorcycle ",0,"Yes ","Metropolitian ","Stormy","Medium ",1
"30/03/2022","8:10:00","8:25:00",19,"Snack ",32,4.8,23,"scooter ",2,"No ","Metropolitian ","Cloudy","Low ",1
"14/02/2022","21:25:00","21:40:00",48,"Meal ",21,4.8,21,"motorcycle ",0,"No ","Semi-Urban ","Fog","Jam ",2
"15/02/2022","23:25:00","23:35:00",23,"Drinks ",26,5,6,"motorcycle ",1,"No ","Metropolitian ","Sunny","Low ",1
"15/02/2022","19:25:00","19:35:00",22,"Meal ",39,4.6,7,"scooter ",1,"No ","Metropolitian ","Sunny","Jam ",1
"2/03/2022","18:55:00","19:05:00",34,"Drinks ",28,4,11,"motorcycle ",2,"No ","Metropolitian ","Fog","Medium ",0
"20/03/2022","22:00:00","22:10:00",43,"Snack ",36,4.9,1,"motorcycle ",0,"No ","Metropolitian ","Fog","Jam ",0
"25/03/2022","20:55:00","21:00:00",28,"Snack ",25,4.9,23,"scooter ",1,"No ","Metropolitian ","Sandstorms","Jam ",1
"6/04/2022","22:40:00","22:55:00",30,"Drinks ",37,4.8,17,"scooter ",1,"No ","Urban ","Fog","Low ",1
"4/04/2022","20:20:00","20:35:00",41,"Snack ",31,4.9,19,"motorcycle ",0,"No ","Metropolitian ","Fog","Jam ",0
"19/03/2022","20:00:00","20:10:00",29,"Snack ",28,4.9,18,"motorcycle ",1,"No ","Urban ","Cloudy","Jam ",0
"12/03/2022","22:20:00","22:35:00",34,"Drinks ",37,3.7,9,"scooter ",2,"No ","Metropolitian ","Cloudy","Low ",1
"24/03/2022","0:00:00","0:05:00",22,"Snack ",38,4.5,1,"motorcycle ",0,"No ","Urban ","Stormy","Low ",0
"19/03/2022","9:35:00","9:45:00",26,"Buffet ",35,4.5,1,"electric_scooter ",2,"No ","Metropolitian ","Windy","Low ",1
"6/04/2022","20:15:00","20:20:00",21,"Drinks ",26,4.5,3,"scooter ",2,"No ","Metropolitian ","Sunny","Jam ",0
"4/04/2022","20:45:00","20:55:00",42,"Snack ",37,3.8,15,"motorcycle ",1,"No ","Metropolitian ","Sandstorms","Jam ",1
"4/04/2022","23:25:00","23:35:00",29,"Drinks ",25,4.5,1,"motorcycle ",1,"No ","Metropolitian ","Cloudy","Low ",1
"15/03/2022","18:25:00","18:40:00",39,"Buffet ",38,4.1,5,"motorcycle ",0,"No ","Urban ","Sandstorms","Medium ",0
"8/03/2022","18:30:00","18:35:00",21,"Snack ",26,4.7,15,"motorcycle ",1,"No ","Metropolitian ","Sandstorms","Medium ",0
"20/03/2022","19:30:00","19:40:00",36,"Drinks ",27,4.3,11,"scooter ",1,"No ","Metropolitian ","Fog","Jam ",2
"23/03/2022","20:00:00","20:10:00",31,"Snack ",33,4.1,2,"motorcycle ",2,"No ","Metropolitian ","Sunny","Jam ",1
"10/03/2022","22:15:00","22:20:00",12,"Meal ",22,4.6,12,"motorcycle ",1,"No ","Metropolitian ","Windy","Low ",1
"14/03/2022","21:20:00","21:25:00",24,"Drinks ",35,4.6,15,"motorcycle ",1,"No ","Metropolitian ","Sunny","Jam ",1
"30/03/2022","11:10:00","11:20:00",26,"Drinks ",30,4.7,23,"scooter ",2,"No ","Metropolitian ","Stormy","High ",1
"8/03/2022","20:25:00","20:30:00",27,"Meal ",37,4.6,22,"motorcycle ",2,"No ","Metropolitian ","Sandstorms","Jam ",0
"9/03/2022","23:15:00","23:30:00",27,"Snack ",35,4.9,16,"scooter ",2,"No ","Urban ","Windy","Low ",0
"20/03/2022","20:00:00","20:05:00",22,"Snack ",29,4.7,19,"electric_scooter ",2,"No ","Urban ","Stormy","Jam ",1
"3/03/2022","13:25:00","13:35:00",33,"Drinks ",30,4.6,9,"scooter ",1,"No ","Metropolitian ","Stormy","High ",1
"3/04/2022","13:00:00","13:10:00",14,"Drinks ",23,4.8,21,"electric_scooter ",2,"No ","Metropolitian ","Sunny","High ",0
"5/04/2022","10:20:00","10:25:00",21,"Snack ",20,4.8,17,"motorcycle ",1,"No ","Urban ","Sunny","Low ",0
"6/04/2022","22:55:00","23:05:00",26,"Drinks ",29,4.9,16,"scooter ",1,"No ","Metropolitian ","Cloudy","Low ",0
"11/02/2022","19:40:00","19:55:00",48,"Buffet ",32,4.9,5,"motorcycle ",0,"Yes ","Metropolitian ","Sandstorms","Jam ",2
"19/03/2022","22:20:00","22:30:00",12,"Drinks ",29,4.8,18,"scooter ",1,"No ","Metropolitian ","Sandstorms","Low ",0
"20/03/2022","19:35:00","19:40:00",37,"Snack ",21,4.4,4,"motorcycle ",0,"No ","Urban ","Sandstorms","Jam ",0
"4/04/2022","22:15:00","22:25:00",13,"Buffet ",27,4.9,23,"scooter ",1,"No ","Metropolitian ","Sandstorms","Low ",1
"19/03/2022","9:55:00","10:05:00",18,"Snack ",26,4.8,9,"motorcycle ",0,"No ","Metropolitian ","Cloudy","Low ",1
"9/03/2022","10:15:00","10:25:00",22,"Drinks ",29,4.3,4,"motorcycle ",0,"No ","Urban ","Sandstorms","Low ",0
"9/03/2022","20:10:00","20:20:00",36,"Snack ",27,4.7,9,"motorcycle ",0,"No ","Metropolitian ","Windy","Jam ",1
"4/04/2022","23:55:00","0:00:00",33,"Snack ",33,3.8,4,"motorcycle ",1,"No ","Urban ","Cloudy","Low ",1
"8/03/2022","19:00:00","19:10:00",37,"Snack ",23,4.6,17,"motorcycle ",0,"No ","Metropolitian ","Sandstorms","Medium ",2
"31/03/2022","0:00:00","0:05:00",26,"Snack ",27,4.7,22,"scooter ",1,"No ","Metropolitian ","Fog","Low ",1
"16/02/2022","23:25:00","23:30:00",25,"Drinks ",28,4.8,19,"scooter ",2,"No ","Urban ","Cloudy","Low ",1
"6/03/2022","19:35:00","19:40:00",41,"Buffet ",23,4.9,17,"motorcycle ",0,"No ","Metropolitian ","Sunny","Jam ",1
"7/03/2022","21:55:00","22:10:00",28,"Snack ",34,4.5,9,"motorcycle ",0,"No ","Metropolitian ","Sunny","Jam ",0
"16/02/2022","21:50:00","22:05:00",20,"Drinks ",29,4.5,7,"scooter ",2,"No ","Metropolitian ","Windy","Jam ",0
"15/03/2022","17:10:00","17:15:00",26,"Drinks ",24,4.9,9,"motorcycle ",0,"No ","Metropolitian ","Windy","Medium ",1
"3/04/2022","18:55:00","19:10:00",12,"Meal ",28,4.9,18,"motorcycle ",1,"No ","Urban ","Cloudy","Medium ",0
"3/03/2022","20:40:00","20:50:00",25,"Snack ",20,4.7,21,"motorcycle ",0,"No ","Metropolitian ","Sandstorms","Jam ",1
"30/03/2022","20:10:00","20:15:00",31,"Snack ",36,5,5,"scooter ",2,"No ","Metropolitian ","Sandstorms","Jam ",0
"28/03/2022","15:45:00","15:50:00",10,"Meal ",29,4.8,16,"scooter ",2,"No ","Urban ","Cloudy","Medium ",0
"12/02/2022","20:15:00","20:25:00",19,"Snack ",26,4.6,5,"scooter ",1,"No ","Metropolitian ","Sandstorms","Jam ",0
"1/04/2022","14:15:00","14:20:00",28,"Drinks ",39,4.5,23,"motorcycle ",1,"No ","Metropolitian ","Stormy","High ",1
"8/03/2022","18:40:00","18:50:00",44,"Buffet ",36,4.3,12,"scooter ",1,"No ","Metropolitian ","Sunny","Medium ",3
"30/03/2022","10:50:00","10:55:00",23,"Buffet ",30,4.8,12,"motorcycle ",0,"No ","Metropolitian ","Cloudy","Low ",1
"2/04/2022","18:40:00","18:50:00",25,"Drinks ",26,4.6,18,"electric_scooter ",2,"No ","Urban ","Cloudy","Medium ",0
"10/03/2022","22:00:00","22:10:00",39,"Meal ",28,4.9,18,"motorcycle ",0,"No ","Metropolitian ","Stormy","Jam ",1
"14/03/2022","19:15:00","19:25:00",49,"Snack ",20,4.8,15,"motorcycle ",0,"Yes ","Urban ","Fog","Jam ",1
"6/04/2022","23:30:00","23:40:00",15,"Meal ",28,4.7,18,"motorcycle ",1,"No ","Metropolitian ","Stormy","Low ",0
"13/02/2022","9:40:00","9:45:00",33,"Drinks ",39,4.2,2,"motorcycle ",0,"No ","Metropolitian ","Stormy","Low ",1
"12/03/2022","18:40:00","18:50:00",28,"Meal ",27,5,22,"motorcycle ",1,"No ","Metropolitian ","Windy","Medium ",0
"19/03/2022","13:45:00","13:50:00",13,"Drinks ",27,4.9,14,"motorcycle ",1,"No ","Metropolitian ","Stormy","High ",0
"18/02/2022","23:30:00","23:45:00",42,"Buffet ",37,4.6,15,"motorcycle ",0,"Yes ","Urban ","Fog","Low ",2
"5/03/2022","12:00:00","12:15:00",31,"Meal ",33,4.1,5,"scooter ",2,"No ","Metropolitian ","Stormy","High ",1
"29/03/2022","20:10:00","20:20:00",54,"Snack ",35,4.1,6,"motorcycle ",0,"No ","Semi-Urban ","Windy","Jam ",3
"21/03/2022","10:50:00","11:00:00",18,"Meal ",23,4.6,15,"motorcycle ",1,"No ","Urban ","Fog","Low ",1
"17/02/2022","9:45:00","9:50:00",18,"Buffet ",20,4.6,5,"scooter ",1,"No ","Metropolitian ","Sandstorms","Low ",0
"1/03/2022","11:00:00","11:15:00",17,"Snack ",27,4.8,23,"scooter ",1,"No ","Metropolitian ","Stormy","Low ",1
"20/03/2022","22:35:00","22:45:00",28,"Meal ",33,4.7,15,"motorcycle ",0,"No ","Metropolitian ","Sandstorms","Low ",0
"17/03/2022","20:25:00","20:30:00",27,"Meal ",25,4.7,18,"scooter ",1,"No ","Metropolitian ","Windy","Jam ",1
"13/03/2022","20:40:00","20:45:00",29,"Buffet ",37,4.9,19,"scooter ",2,"No ","Metropolitian ","Cloudy","Jam ",1
"20/03/2022","22:00:00","22:05:00",23,"Snack ",25,4.9,12,"scooter ",1,"No ","Metropolitian ","Windy","Jam ",0
"11/03/2022","9:45:00","9:50:00",30,"Snack ",38,4.3,5,"motorcycle ",0,"No ","Urban ","Windy","Low ",1
"17/03/2022","11:40:00","11:45:00",21,"Meal ",32,4.7,3,"motorcycle ",2,"No ","Metropolitian ","Sunny","High ",1
"14/02/2022","22:25:00","22:40:00",17,"Buffet ",21,4.9,6,"scooter ",1,"No ","Metropolitian ","Windy","Low ",0
"17/03/2022","14:50:00","15:00:00",22,"Buffet ",20,5,2,"electric_scooter ",2,"No ","Metropolitian ","Cloudy","High ",0
"17/02/2022","18:25:00","18:40:00",16,"Drinks ",25,4.8,9,"motorcycle ",2,"No ","Metropolitian ","Stormy","Medium ",1
"1/04/2022","21:40:00","21:50:00",33,"Buffet ",34,4.7,13,"scooter ",2,"No ","Metropolitian ","Cloudy","Jam ",1
"6/04/2022","21:10:00","21:15:00",21,"Meal ",26,4.5,6,"motorcycle ",1,"No ","Metropolitian ","Sandstorms","Jam ",0
"7/03/2022","10:25:00","10:35:00",19,"Meal ",38,5,18,"motorcycle ",2,"No ","Metropolitian ","Fog","Low ",1
"17/02/2022","11:40:00","11:55:00",26,"Buffet ",24,4.8,3,"motorcycle ",0,"No ","Metropolitian ","Fog","High ",1
"13/02/2022","14:50:00","14:55:00",25,"Meal ",20,4.9,5,"scooter ",2,"No ","Metropolitian ","Fog","High ",1
"21/03/2022","21:10:00","21:20:00",27,"Snack ",25,4.7,22,"scooter ",1,"No ","Metropolitian ","Fog","Jam ",0
"25/03/2022","21:30:00","21:45:00",40,"Drinks ",36,4.6,13,"motorcycle ",0,"No ","Metropolitian ","Stormy","Jam ",1
"15/03/2022","21:40:00","21:45:00",11,"Meal ",26,4.7,19,"scooter ",1,"No ","Urban ","Windy","Jam ",0
"18/02/2022","17:15:00","17:30:00",31,"Snack ",36,4.9,9,"electric_scooter ",2,"No ","Metropolitian ","Sandstorms","Medium ",1
"16/02/2022","21:35:00","21:45:00",15,"Meal ",24,4.5,5,"motorcycle ",2,"No ","Urban ","Windy","Jam ",1
"5/04/2022","9:00:00","9:15:00",20,"Buffet ",36,4.3,1,"motorcycle ",0,"No ","Metropolitian ","Stormy","Low ",1
"5/04/2022","19:10:00","19:20:00",26,"Meal ",39,4.6,22,"motorcycle ",0,"No ","Metropolitian ","Cloudy","Jam ",1
"27/03/2022","17:50:00","18:05:00",41,"Snack ",37,4.8,3,"scooter ",1,"Yes ","Metropolitian ","Fog","Medium ",1
"28/03/2022","23:50:00","0:00:00",15,"Drinks ",30,4.9,16,"scooter ",2,"No ","Metropolitian ","Cloudy","Low ",1
"31/03/2022","23:35:00","23:45:00",44,"Drinks ",23,3.3,13,"scooter ",1,"Yes ","Metropolitian ","Sunny","Low ",1
"6/04/2022","19:55:00","20:00:00",45,"Buffet ",33,4.1,3,"electric_scooter ",2,"No ","Metropolitian ","Fog","Jam ",2
"5/04/2022","11:35:00","11:40:00",28,"Buffet ",33,4.7,22,"electric_scooter ",2,"No ","Metropolitian ","Cloudy","High ",1
"19/03/2022","18:30:00","18:40:00",32,"Snack ",30,4.1,15,"motorcycle ",1,"No ","Metropolitian ","Windy","Medium ",1
"17/02/2022","20:10:00","20:20:00",28,"Drinks ",29,4.7,5,"motorcycle ",0,"No ","Metropolitian ","Sandstorms","Jam ",1
"2/03/2022","21:35:00","21:45:00",40,"Buffet ",24,5,16,"scooter ",2,"No ","Metropolitian ","Fog","Jam ",1
"18/02/2022","19:35:00","19:50:00",22,"Meal ",28,4.5,3,"motorcycle ",1,"No ","Urban ","Sunny","Jam ",0
"9/03/2022","23:45:00","23:55:00",15,"Drinks ",28,4.7,18,"scooter ",2,"No ","Urban ","Stormy","Low ",1
"30/03/2022","22:30:00","22:35:00",26,"Meal ",35,4.8,18,"scooter ",2,"No ","Metropolitian ","Sandstorms","Low ",1
"2/04/2022","20:55:00","21:05:00",26,"Drinks ",29,5,9,"motorcycle ",1,"No ","Metropolitian ","Windy","Jam ",0
"18/03/2022","20:45:00","21:00:00",46,"Snack ",37,4.9,19,"motorcycle ",0,"No ","Metropolitian ","Sandstorms","Jam ",1
"17/02/2022","22:55:00","23:00:00",11,"Drinks ",21,4.9,18,"scooter ",1,"No ","Urban ","Sandstorms","Low ",0
"11/03/2022","18:00:00","18:15:00",18,"Snack ",31,4.8,16,"scooter ",1,"No ","Urban ","Sunny","Medium ",0
"3/04/2022","17:20:00","17:30:00",25,"Buffet ",25,4.9,17,"scooter ",1,"No ","Urban ","Sandstorms","Medium ",1
"14/03/2022","22:55:00","23:10:00",28,"Drinks ",39,4.8,23,"scooter ",1,"No ","Metropolitian ","Sandstorms","Low ",0
"2/03/2022","0:00:00","0:05:00",41,"Drinks ",32,4.8,16,"motorcycle ",0,"No ","Metropolitian ","Stormy","Low ",1
"12/03/2022","18:35:00","18:50:00",33,"Buffet ",33,3.5,9,"scooter ",2,"No ","Metropolitian ","Windy","Medium ",1
"17/03/2022","19:00:00","19:05:00",25,"Buffet ",28,4.5,6,"motorcycle ",0,"No ","Metropolitian ","Windy","Medium ",0
"29/03/2022","23:25:00","23:40:00",28,"Drinks ",35,4.8,9,"motorcycle ",2,"No ","Metropolitian ","Windy","Low ",1
"5/04/2022","23:20:00","23:35:00",15,"Meal ",22,4.2,3,"motorcycle ",0,"No ","Metropolitian ","Stormy","Low ",1
"4/04/2022","22:30:00","22:40:00",22,"Buffet ",24,5,21,"motorcycle ",1,"No ","Urban ","Fog","Low ",0
"7/03/2022","11:25:00","11:30:00",27,"Meal ",23,5,21,"motorcycle ",0,"No ","Metropolitian ","Sandstorms","High ",1
"3/04/2022","20:35:00","20:40:00",26,"Snack ",36,5,22,"motorcycle ",2,"No ","Metropolitian ","Sandstorms","Jam ",1
"27/03/2022","18:30:00","18:40:00",22,"Buffet ",20,4.9,18,"motorcycle ",1,"No ","Urban ","Windy","Medium ",0
"11/02/2022","10:00:00","10:15:00",24,"Buffet ",33,4.9,7,"motorcycle ",0,"No ","Metropolitian ","Stormy","Low ",1
"1/03/2022","14:40:00","14:55:00",37,"Buffet ",21,5,17,"motorcycle ",0,"No ","Metropolitian ","Windy","High ",0
"2/04/2022","19:35:00","19:50:00",38,"Snack ",26,4.1,5,"scooter ",2,"No ","Metropolitian ","Cloudy","Jam ",1
"23/03/2022","17:55:00","18:10:00",28,"Meal ",33,4.5,2,"motorcycle ",1,"No ","Urban ","Stormy","Medium ",1
"18/03/2022","20:35:00","20:50:00",10,"Drinks ",23,4.7,21,"scooter ",2,"No ","Urban ","Sunny","Jam ",1
"18/02/2022","22:35:00","22:50:00",27,"Meal ",36,5,2,"motorcycle ",0,"No ","Metropolitian ","Sandstorms","Low ",1
"4/03/2022","21:30:00","21:45:00",42,"Meal ",35,4,3,"motorcycle ",0,"No ","Urban ","Stormy","Jam ",1
"17/03/2022","23:40:00","23:55:00",16,"Meal ",26,4.1,11,"motorcycle ",0,"No ","Metropolitian ","Stormy","Low ",0
"24/03/2022","14:00:00","14:15:00",18,"Buffet ",23,4.9,22,"scooter ",2,"No ","Metropolitian ","Windy","High ",1
"2/03/2022","20:20:00","20:25:00",49,"Meal ",32,4.1,6,"motorcycle ",1,"No ","Metropolitian ","Stormy","Jam ",1
"18/03/2022","17:10:00","17:20:00",21,"Buffet ",22,4.6,2,"motorcycle ",1,"No ","Metropolitian ","Windy","Medium ",0
"31/03/2022","22:50:00","22:55:00",28,"Drinks ",35,4.7,6,"motorcycle ",0,"No ","Urban ","Stormy","Low ",1
"3/04/2022","8:10:00","8:20:00",11,"Meal ",20,4.9,21,"motorcycle ",1,"No ","Urban ","Stormy","Low ",1
"6/04/2022","20:20:00","20:35:00",47,"Meal ",33,5,16,"motorcycle ",0,"No ","Metropolitian ","Cloudy","Jam ",1
"1/03/2022","18:55:00","19:10:00",15,"Meal ",29,4.6,4,"motorcycle ",2,"No ","Metropolitian ","Stormy","Medium ",1
"28/03/2022","17:55:00","18:05:00",28,"Buffet ",27,5,17,"motorcycle ",0,"No ","Metropolitian ","Windy","Medium ",1
"30/03/2022","23:30:00","23:40:00",23,"Meal ",20,4.1,19,"motorcycle ",0,"No ","Metropolitian ","Windy","Low ",0
"13/03/2022","23:30:00","23:35:00",14,"Buffet ",25,4.8,23,"motorcycle ",1,"No ","Metropolitian ","Sandstorms","Low ",1
"26/03/2022","22:50:00","22:55:00",15,"Snack ",30,4.6,19,"scooter ",1,"No ","Urban ","Cloudy","Low ",0
"30/03/2022","11:10:00","11:25:00",21,"Snack ",24,4.7,5,"scooter ",1,"No ","Urban ","Fog","High ",1
"5/04/2022","11:25:00","11:40:00",10,"Buffet ",23,4.7,19,"scooter ",1,"No ","Metropolitian ","Sunny","High ",0
"30/03/2022","11:25:00","11:30:00",44,"Drinks ",36,4.6,2,"motorcycle ",0,"No ","Metropolitian ","Windy","High ",1
"7/03/2022","12:15:00","12:20:00",18,"Meal ",29,4.6,21,"scooter ",1,"No ","Metropolitian ","Sandstorms","High ",1
"11/02/2022","11:40:00","11:55:00",24,"Buffet ",33,4.8,4,"motorcycle ",0,"No ","Metropolitian ","Sunny","High ",1
"1/03/2022","13:10:00","13:20:00",34,"Buffet ",28,4.4,14,"motorcycle ",1,"No ","Metropolitian ","Stormy","High ",1
"7/03/2022","15:40:00","15:55:00",19,"Snack ",34,5,22,"scooter ",1,"No ","Urban ","Stormy","Medium ",0
"1/03/2022","10:50:00","10:55:00",23,"Drinks ",24,5,14,"motorcycle ",0,"No ","Metropolitian ","Fog","Low ",1
"9/03/2022","19:50:00","20:00:00",29,"Buffet ",24,5,9,"scooter ",2,"No ","Metropolitian ","Fog","Jam ",0
"4/03/2022","19:50:00","20:00:00",15,"Drinks ",27,4.8,15,"scooter ",2,"No ","Urban ","Stormy","Jam ",0
"28/03/2022","18:10:00","18:20:00",11,"Snack ",24,4.9,16,"motorcycle ",1,"No ","Urban ","Sunny","Medium ",0
"28/03/2022","18:30:00","18:45:00",26,"Drinks ",22,4.7,16,"scooter ",2,"No ","Metropolitian ","Windy","Medium ",1
"2/04/2022","21:50:00","21:55:00",47,"Snack ",37,4.6,1,"motorcycle ",1,"Yes ","Metropolitian ","Fog","Jam ",1
"25/03/2022","20:40:00","20:50:00",39,"Buffet ",38,3.6,6,"motorcycle ",1,"No ","Metropolitian ","Windy","Jam ",1
"1/03/2022","20:55:00","21:10:00",38,"Meal ",33,4.3,13,"scooter ",1,"No ","Metropolitian ","Fog","Jam ",1
"14/02/2022","22:00:00","22:05:00",35,"Snack ",32,4.4,6,"motorcycle ",1,"No ","Urban ","Sandstorms","Jam ",1
"3/03/2022","20:50:00","21:05:00",14,"Buffet ",29,4.7,15,"motorcycle ",1,"No ","Urban ","Sunny","Jam ",1
"21/03/2022","20:25:00","20:30:00",15,"Snack ",26,4.6,18,"scooter ",1,"No ","Metropolitian ","Stormy","Jam ",1
"11/02/2022","20:45:00","20:50:00",14,"Buffet ",25,4.8,22,"scooter ",2,"No ","Urban ","Sandstorms","Jam ",0
"16/03/2022","19:15:00","19:20:00",33,"Snack ",23,4.7,23,"motorcycle ",0,"No ","Metropolitian ","Windy","Jam ",0
"18/03/2022","19:40:00","19:55:00",38,"Buffet ",23,4.9,21,"motorcycle ",0,"No ","Metropolitian ","Fog","Jam ",2
"15/03/2022","18:25:00","18:35:00",25,"Meal ",28,4.9,9,"scooter ",1,"No ","Metropolitian ","Sandstorms","Medium ",1
"12/03/2022","22:10:00","22:15:00",25,"Buffet ",36,5,19,"motorcycle ",1,"No ","Metropolitian ","Stormy","Low ",1
"1/03/2022","9:00:00","9:05:00",22,"Snack ",36,4.6,22,"motorcycle ",0,"No ","Metropolitian ","Stormy","Low ",1
"1/03/2022","13:55:00","14:05:00",21,"Buffet ",21,4.6,17,"motorcycle ",0,"No ","Metropolitian ","Fog","High ",1
"15/03/2022","19:50:00","20:05:00",29,"Buffet ",28,4.7,23,"motorcycle ",0,"No ","Metropolitian ","Cloudy","Jam ",1
"27/03/2022","20:45:00","20:55:00",34,"Buffet ",28,4,6,"motorcycle ",1,"No ","Metropolitian ","Fog","Jam ",1
"16/03/2022","22:45:00","23:00:00",27,"Buffet ",29,4.8,15,"scooter ",1,"No ","Metropolitian ","Cloudy","Low ",1
"28/03/2022","9:10:00","9:25:00",19,"Drinks ",27,4.9,13,"motorcycle ",0,"No ","Metropolitian ","Fog","Low ",0
"1/04/2022","14:35:00","14:50:00",28,"Drinks ",24,4.6,21,"motorcycle ",0,"No ","Metropolitian ","Windy","High ",1
"2/03/2022","19:35:00","19:40:00",32,"Drinks ",22,4.3,14,"motorcycle ",0,"No ","Metropolitian ","Windy","Jam ",1
"23/03/2022","23:35:00","23:50:00",22,"Drinks ",23,5,12,"motorcycle ",1,"No ","Metropolitian ","Cloudy","Low ",1
"30/03/2022","11:45:00","11:50:00",28,"Meal ",26,4.9,21,"scooter ",1,"No ","Metropolitian ","Fog","High ",1
"15/02/2022","20:10:00","20:25:00",26,"Meal ",35,4.6,15,"scooter ",1,"No ","Urban ","Cloudy","Jam ",1
"4/03/2022","23:00:00","23:10:00",21,"Buffet ",38,4.9,23,"motorcycle ",2,"No ","Metropolitian ","Windy","Low ",1
"4/04/2022","19:25:00","19:40:00",11,"Buffet ",22,4.6,9,"motorcycle ",2,"No ","Metropolitian ","Sunny","Jam ",1
"4/03/2022","23:30:00","23:40:00",26,"Meal ",20,4.6,21,"motorcycle ",2,"No ","Metropolitian ","Fog","Low ",1
"6/03/2022","17:55:00","18:00:00",47,"Snack ",38,4.7,17,"motorcycle ",0,"No ","Metropolitian ","Fog","Medium ",0
"19/03/2022","8:15:00","8:30:00",17,"Drinks ",29,4.7,11,"electric_scooter ",2,"No ","Metropolitian ","Fog","Low ",1
"25/03/2022","18:25:00","18:40:00",32,"Snack ",27,4.7,11,"motorcycle ",0,"No ","Metropolitian ","Cloudy","Medium ",0
"28/03/2022","21:55:00","22:10:00",21,"Meal ",27,4.6,18,"motorcycle ",0,"No ","Metropolitian ","Cloudy","Jam ",1
"13/03/2022","10:30:00","10:40:00",18,"Buffet ",37,4.8,13,"scooter ",1,"No ","Metropolitian ","Cloudy","Low ",1
"15/03/2022","22:00:00","22:10:00",23,"Buffet ",26,5,15,"motorcycle ",2,"No ","Metropolitian ","Sandstorms","Jam ",1
"2/03/2022","18:35:00","18:45:00",24,"Drinks ",33,4.9,15,"scooter ",2,"No ","Metropolitian ","Windy","Medium ",1
"1/03/2022","20:35:00","20:45:00",31,"Snack ",34,5,19,"motorcycle ",0,"No ","Urban ","Windy","Jam ",0
"29/03/2022","17:55:00","18:05:00",48,"Buffet ",39,4.2,4,"motorcycle ",0,"No ","Metropolitian ","Sandstorms","Medium ",1
"27/03/2022","23:30:00","23:40:00",34,"Snack ",33,3.9,11,"electric_scooter ",2,"No ","Metropolitian ","Fog","Low ",1
"1/03/2022","13:15:00","13:25:00",34,"Buffet ",25,4.3,13,"motorcycle ",0,"No ","Metropolitian ","Sandstorms","High ",1
"25/03/2022","21:35:00","21:40:00",30,"Drinks ",34,4.8,1,"scooter ",1,"No ","Metropolitian ","Windy","Jam ",1
"17/02/2022","9:15:00","9:25:00",15,"Meal ",33,4.5,5,"motorcycle ",2,"No ","Urban ","Cloudy","Low ",1
"1/04/2022","12:15:00","12:25:00",25,"Buffet ",34,5,22,"scooter ",1,"No ","Metropolitian ","Windy","High ",1
"16/02/2022","22:25:00","22:40:00",11,"Drinks ",26,4.9,16,"motorcycle ",1,"No ","Urban ","Sandstorms","Low ",0
"1/03/2022","20:20:00","20:30:00",21,"Meal ",37,4.8,18,"motorcycle ",0,"No ","Metropolitian ","Sunny","Jam ",1
"24/03/2022","17:20:00","17:25:00",18,"Snack ",37,5,15,"scooter ",1,"No ","Metropolitian ","Cloudy","Medium ",0
"21/03/2022","14:50:00","15:05:00",33,"Meal ",30,4.3,5,"motorcycle ",2,"No ","Metropolitian ","Stormy","High ",1
"16/03/2022","22:40:00","22:55:00",25,"Snack ",36,4.8,13,"scooter ",1,"No ","Metropolitian ","Windy","Low ",1
"5/03/2022","23:10:00","23:15:00",24,"Snack ",31,4.7,23,"electric_scooter ",2,"No ","Metropolitian ","Sandstorms","Low ",0
"27/03/2022","22:45:00","22:55:00",30,"Meal ",35,4.9,2,"scooter ",2,"No ","Metropolitian ","Fog","Low ",1
"1/03/2022","14:15:00","14:30:00",27,"Snack ",37,4.9,19,"motorcycle ",1,"No ","Urban ","Sandstorms","High ",1
"3/04/2022","15:50:00","16:00:00",21,"Buffet ",27,4.5,23,"scooter ",1,"No ","Metropolitian ","Sandstorms","Medium ",0
"14/03/2022","20:20:00","20:25:00",35,"Meal ",21,4,3,"motorcycle ",0,"No ","Metropolitian ","Sandstorms","Jam ",1
"26/03/2022","19:20:00","19:35:00",29,"Drinks ",31,4.9,13,"scooter ",1,"No ","Metropolitian ","Sandstorms","Jam ",0
"12/03/2022","22:40:00","22:45:00",22,"Meal ",20,4.8,22,"motorcycle ",0,"No ","Urban ","Cloudy","Low ",1
"16/02/2022","20:40:00","20:45:00",24,"Drinks ",22,4.6,4,"motorcycle ",0,"No ","Metropolitian ","Sunny","Jam ",1
"17/03/2022","10:20:00","10:30:00",18,"Drinks ",36,4.8,3,"scooter ",1,"No ","Metropolitian ","Fog","Low ",0
"11/03/2022","18:20:00","18:35:00",11,"Meal ",25,4.8,23,"motorcycle ",1,"No ","Metropolitian ","Sunny","Medium ",0
"13/03/2022","22:30:00","22:45:00",25,"Drinks ",33,4.7,23,"scooter ",1,"No ","Metropolitian ","Windy","Low ",1
"5/03/2022","18:55:00","19:05:00",29,"Meal ",39,4.7,16,"motorcycle ",0,"No ","Metropolitian ","Sunny","Medium ",0
"6/03/2022","18:00:00","18:05:00",17,"Buffet ",23,5,16,"scooter ",2,"No ","Metropolitian ","Stormy","Medium ",0
"12/03/2022","18:25:00","18:35:00",31,"Snack ",39,4.4,16,"motorcycle ",0,"No ","Metropolitian ","Sunny","Medium ",0
"3/04/2022","21:25:00","21:40:00",15,"Drinks ",22,4.7,16,"scooter ",2,"No ","Urban ","Sunny","Jam ",1
"12/03/2022","21:30:00","21:40:00",33,"Snack ",24,4.9,19,"motorcycle ",0,"No ","Metropolitian ","Sandstorms","Jam ",1
"4/04/2022","17:55:00","18:00:00",36,"Drinks ",26,5,15,"scooter ",1,"No ","Urban ","Cloudy","Medium ",1
"4/04/2022","21:20:00","21:35:00",42,"Buffet ",28,5,16,"electric_scooter ",2,"No ","Metropolitian ","Cloudy","Jam ",0
"27/03/2022","20:35:00","20:45:00",37,"Snack ",32,3.6,3,"scooter ",2,"No ","Metropolitian ","Windy","Jam ",2
"18/03/2022","20:50:00","20:55:00",19,"Snack ",21,4.6,8,"scooter ",2,"No ","Metropolitian ","Sandstorms","Jam ",0
"16/03/2022","22:10:00","22:20:00",25,"Meal ",33,5,18,"motorcycle ",0,"No ","Metropolitian ","Sunny","Low ",1
"29/03/2022","23:00:00","23:15:00",22,"Meal ",27,5,14,"motorcycle ",0,"No ","Metropolitian ","Stormy","Low ",0
"25/03/2022","19:30:00","19:45:00",44,"Snack ",26,4.2,6,"scooter ",2,"No ","Urban ","Fog","Jam ",1
"23/03/2022","20:25:00","20:35:00",49,"Drinks ",36,4.6,9,"motorcycle ",0,"No ","Metropolitian ","Fog","Jam ",2
"14/03/2022","17:25:00","17:30:00",24,"Meal ",25,4.8,14,"motorcycle ",0,"No ","Metropolitian ","Sunny","Medium ",1
"25/03/2022","23:30:00","23:45:00",30,"Drinks ",39,4.8,7,"scooter ",1,"No ","Metropolitian ","Cloudy","Low ",0
"17/02/2022","18:40:00","18:50:00",32,"Drinks ",38,4.7,3,"motorcycle ",2,"No ","Metropolitian ","Sandstorms","Medium ",0
"15/02/2022","8:10:00","8:25:00",18,"Snack ",28,4.7,3,"motorcycle ",1,"No ","Metropolitian ","Sandstorms","Low ",1
"28/03/2022","12:00:00","12:15:00",32,"Drinks ",36,4.4,2,"scooter ",2,"No ","Metropolitian ","Stormy","High ",1
"7/03/2022","16:20:00","16:30:00",10,"Snack ",28,4.9,18,"scooter ",2,"No ","Urban ","Stormy","Medium ",0
"1/03/2022","21:55:00","22:00:00",16,"Buffet ",25,4.7,22,"motorcycle ",1,"No ","Urban ","Windy","Jam ",0
"17/03/2022","11:00:00","11:05:00",16,"Drinks ",20,4.9,16,"scooter ",2,"No ","Metropolitian ","Stormy","Low ",1
"12/02/2022","23:15:00","23:25:00",21,"Meal ",25,4.9,3,"motorcycle ",0,"No ","Metropolitian ","Stormy","Low ",1
"30/03/2022","23:50:00","23:55:00",16,"Drinks ",22,4.8,4,"motorcycle ",1,"No ","Urban ","Fog","Low ",0
"16/03/2022","23:55:00","0:05:00",32,"Drinks ",30,4.5,15,"scooter ",2,"No ","Metropolitian ","Cloudy","Low ",0
"13/03/2022","22:10:00","22:25:00",14,"Meal ",26,4.9,14,"scooter ",2,"No ","Metropolitian ","Cloudy","Low ",1
"5/03/2022","22:20:00","22:30:00",29,"Buffet ",24,4.1,11,"motorcycle ",0,"No ","Metropolitian ","Stormy","Low ",1
"18/02/2022","19:45:00","19:55:00",40,"Snack ",38,4.1,13,"motorcycle ",0,"No ","Metropolitian ","Sandstorms","Jam ",1
"4/03/2022","22:35:00","22:45:00",23,"Snack ",25,4.7,23,"motorcycle ",0,"No ","Metropolitian ","Windy","Low ",1
"14/02/2022","18:30:00","18:40:00",19,"Buffet ",24,4.9,2,"scooter ",1,"No ","Metropolitian ","Stormy","Medium ",1
"4/03/2022","17:40:00","17:50:00",33,"Meal ",27,4.7,23,"scooter ",1,"No ","Metropolitian ","Stormy","Medium ",1
"26/03/2022","21:40:00","21:50:00",27,"Snack ",34,4.8,19,"motorcycle ",1,"No ","Metropolitian ","Sandstorms","Jam ",1
"24/03/2022","20:55:00","21:05:00",41,"Snack ",35,4.7,8,"motorcycle ",0,"No ","Metropolitian ","Windy","Jam ",0
"31/03/2022","18:45:00","18:50:00",35,"Meal ",36,4.8,4,"motorcycle ",1,"No ","Urban ","Fog","Medium ",1
"15/03/2022","22:25:00","22:40:00",17,"Drinks ",27,4.6,15,"scooter ",2,"No ","Urban ","Fog","Low ",1
"31/03/2022","17:45:00","18:00:00",19,"Meal ",20,4.9,23,"electric_scooter ",2,"No ","Metropolitian ","Windy","Medium ",1
"21/03/2022","9:00:00","9:10:00",18,"Drinks ",33,5,19,"electric_scooter ",2,"No ","Metropolitian ","Cloudy","Low ",1
"23/03/2022","19:55:00","20:00:00",23,"Meal ",38,4.6,18,"motorcycle ",1,"No ","Urban ","Sunny","Jam ",1
"6/03/2022","21:10:00","21:20:00",33,"Meal ",26,4.4,22,"scooter ",1,"No ","Metropolitian ","Sunny","Jam ",1
"19/03/2022","11:30:00","11:45:00",24,"Snack ",37,4.9,15,"motorcycle ",2,"No ","Urban ","Sunny","High ",0
"18/02/2022","19:35:00","19:50:00",40,"Buffet ",38,4.5,7,"electric_scooter ",2,"No ","Metropolitian ","Windy","Jam ",0
"2/03/2022","20:35:00","20:50:00",38,"Meal ",39,3.8,2,"motorcycle ",1,"No ","Metropolitian ","Windy","Jam ",1
"19/03/2022","23:25:00","23:40:00",11,"Drinks ",28,4.8,21,"scooter ",1,"No ","Urban ","Cloudy","Low ",0
"27/03/2022","22:45:00","22:55:00",18,"Snack ",36,4.8,12,"scooter ",1,"No ","Metropolitian ","Sandstorms","Low ",1
"1/03/2022","23:35:00","23:50:00",16,"Meal ",25,4.9,22,"motorcycle ",1,"No ","Metropolitian ","Sandstorms","Low ",1
"17/02/2022","11:55:00","12:00:00",26,"Buffet ",21,4.8,9,"motorcycle ",0,"No ","Metropolitian ","Fog","High ",1
"24/03/2022","8:10:00","8:25:00",21,"Buffet ",38,4.8,19,"motorcycle ",0,"No ","Metropolitian ","Cloudy","Low ",1
"16/03/2022","18:00:00","18:15:00",37,"Meal ",28,4.6,15,"motorcycle ",0,"No ","Metropolitian ","Fog","Medium ",1
"14/03/2022","19:50:00","20:05:00",32,"Buffet ",29,4.4,16,"motorcycle ",0,"No ","Metropolitian ","Windy","Jam ",0
"1/04/2022","22:40:00","22:55:00",15,"Drinks ",37,4.7,22,"motorcycle ",1,"No ","Metropolitian ","Cloudy","Low ",1
"9/03/2022","16:15:00","16:20:00",39,"Drinks ",37,4.8,14,"motorcycle ",0,"No ","Metropolitian ","Sandstorms","Medium ",2
"15/02/2022","11:55:00","12:00:00",37,"Meal ",36,4.8,4,"motorcycle ",2,"No ","Metropolitian ","Fog","High ",1
"28/03/2022","9:15:00","9:30:00",22,"Drinks ",31,4.9,9,"motorcycle ",1,"No ","Metropolitian ","Windy","Low ",1
"4/03/2022","19:30:00","19:35:00",24,"Drinks ",28,4.7,9,"motorcycle ",1,"No ","Metropolitian ","Windy","Jam ",1
"11/03/2022","11:35:00","11:40:00",22,"Snack ",32,4.9,12,"motorcycle ",1,"No ","Metropolitian ","Sunny","High ",1
"12/03/2022","18:10:00","18:20:00",26,"Buffet ",35,4.9,16,"electric_scooter ",2,"No ","Metropolitian ","Stormy","Medium ",0
"26/03/2022","9:50:00","10:00:00",18,"Snack ",25,4.7,22,"scooter ",2,"No ","Metropolitian ","Stormy","Low ",1
"27/03/2022","20:55:00","21:10:00",52,"Drinks ",33,4.6,5,"motorcycle ",0,"No ","Metropolitian ","Cloudy","Jam ",2
"26/03/2022","23:55:00","0:10:00",25,"Snack ",35,4.7,18,"motorcycle ",1,"No ","Metropolitian ","Sandstorms","Low ",1
"6/03/2022","21:20:00","21:30:00",19,"Snack ",27,4.6,23,"electric_scooter ",2,"No ","Metropolitian ","Sandstorms","Jam ",1
"25/03/2022","19:50:00","19:55:00",33,"Drinks ",24,4.2,3,"motorcycle ",1,"No ","Urban ","Fog","Jam ",1
"5/04/2022","19:15:00","19:25:00",22,"Drinks ",22,4.7,22,"electric_scooter ",2,"No ","Metropolitian ","Fog","Jam ",0
"18/02/2022","23:55:00","0:05:00",21,"Meal ",29,4.8,6,"scooter ",1,"No ","Metropolitian ","Sandstorms","Low ",1
"23/03/2022","20:30:00","20:35:00",26,"Snack ",29,4.9,16,"motorcycle ",1,"No ","Metropolitian ","Stormy","Jam ",1
"24/03/2022","9:40:00","9:55:00",17,"Buffet ",27,4.9,22,"motorcycle ",2,"No ","Urban ","Sandstorms","Low ",1
"17/03/2022","9:50:00","10:00:00",25,"Snack ",33,4.3,14,"motorcycle ",0,"No ","Metropolitian ","Sandstorms","Low ",1
"24/03/2022","18:55:00","19:05:00",22,"Snack ",27,4.7,15,"motorcycle ",0,"No ","Urban ","Fog","Medium ",1
"8/03/2022","22:40:00","22:45:00",28,"Snack ",20,4.8,16,"scooter ",2,"No ","Metropolitian ","Sunny","Low ",1
"16/03/2022","18:20:00","18:35:00",38,"Meal ",27,4,5,"scooter ",2,"No ","Metropolitian ","Cloudy","Medium ",0
"24/03/2022","15:20:00","15:30:00",27,"Drinks ",31,4.8,14,"motorcycle ",0,"No ","Metropolitian ","Sandstorms","Medium ",1
"16/03/2022","18:50:00","18:55:00",24,"Snack ",36,4.8,23,"motorcycle ",2,"No ","Urban ","Sunny","Medium ",1
"14/03/2022","18:25:00","18:40:00",22,"Buffet ",33,4.7,16,"motorcycle ",1,"No ","Metropolitian ","Sandstorms","Medium ",1
"13/02/2022","19:55:00","20:05:00",27,"Meal ",23,4.9,2,"motorcycle ",0,"No ","Metropolitian ","Stormy","Jam ",1
"4/03/2022","18:30:00","18:40:00",19,"Snack ",25,4.9,18,"scooter ",1,"No ","Urban ","Stormy","Medium ",1
"2/03/2022","22:55:00","23:10:00",39,"Meal ",31,4.7,12,"motorcycle ",0,"No ","Metropolitian ","Fog","Low ",1
"5/04/2022","11:30:00","11:35:00",19,"Meal ",27,4.7,18,"motorcycle ",1,"No ","Urban ","Windy","High ",1
"8/03/2022","22:10:00","22:15:00",24,"Drinks ",26,4.9,19,"motorcycle ",0,"No ","Urban ","Stormy","Low ",0
"5/03/2022","11:40:00","11:55:00",30,"Snack ",32,4.7,23,"motorcycle ",1,"No ","Urban ","Stormy","High ",1
"11/03/2022","11:55:00","12:10:00",19,"Drinks ",25,4.9,14,"scooter ",2,"No ","Metropolitian ","Sandstorms","High ",1
"17/02/2022","9:20:00","9:25:00",29,"Snack ",37,4.8,6,"scooter ",2,"No ","Metropolitian ","Windy","Low ",1
"29/03/2022","20:25:00","20:35:00",54,"Snack ",33,4.1,13,"motorcycle ",0,"No ","Metropolitian ","Stormy","Jam ",2
"25/03/2022","17:50:00","18:00:00",24,"Drinks ",20,4.8,23,"scooter ",1,"No ","Metropolitian ","Stormy","Medium ",1
"1/04/2022","9:50:00","10:05:00",26,"Buffet ",38,4.9,19,"scooter ",2,"No ","Metropolitian ","Sandstorms","Low ",0
"29/03/2022","17:40:00","17:50:00",29,"Buffet ",32,4.6,4,"scooter ",1,"No ","Metropolitian ","Sunny","Medium ",1
"15/02/2022","19:10:00","19:20:00",49,"Meal ",38,4.6,8,"motorcycle ",0,"Yes ","Metropolitian ","Windy","Jam ",1
"3/04/2022","23:55:00","0:10:00",18,"Drinks ",39,4.6,19,"scooter ",1,"No ","Metropolitian ","Fog","Low ",1
"1/03/2022","17:35:00","17:45:00",23,"Meal ",37,4.7,23,"scooter ",2,"No ","Metropolitian ","Sunny","Medium ",1
"29/03/2022","23:30:00","23:45:00",10,"Drinks ",20,5,23,"motorcycle ",1,"No ","Metropolitian ","Sandstorms","Low ",0
"14/02/2022","20:00:00","20:05:00",25,"Buffet ",25,5,3,"scooter ",2,"No ","Metropolitian ","Sandstorms","Jam ",0
"28/03/2022","8:30:00","8:35:00",15,"Meal ",34,4.7,13,"electric_scooter ",2,"No ","Metropolitian ","Cloudy","Low ",0
"11/02/2022","23:15:00","23:25:00",10,"Meal ",35,4.9,23,"motorcycle ",2,"No ","Urban ","Sunny","Low ",0
"27/03/2022","20:45:00","21:00:00",18,"Buffet ",26,4.6,14,"electric_scooter ",2,"No ","Metropolitian ","Windy","Jam ",0
"15/02/2022","9:20:00","9:30:00",16,"Snack ",23,4.9,17,"scooter ",1,"No ","Urban ","Stormy","Low ",0
"15/02/2022","21:40:00","21:45:00",30,"Buffet ",36,4.8,7,"motorcycle ",0,"No ","Metropolitian ","Windy","Jam ",1
"16/03/2022","20:55:00","21:05:00",20,"Buffet ",28,4.5,15,"scooter ",1,"No ","Metropolitian ","Windy","Jam ",1
"1/04/2022","23:45:00","0:00:00",15,"Buffet ",28,5,18,"motorcycle ",2,"No ","Urban ","Sunny","Low ",0
"8/03/2022","22:10:00","22:15:00",22,"Buffet ",37,4.8,15,"scooter ",1,"No ","Metropolitian ","Stormy","Low ",1
"25/03/2022","23:25:00","23:40:00",42,"Meal ",31,4.8,4,"motorcycle ",0,"Yes ","Metropolitian ","Cloudy","Low ",1
"12/02/2022","23:25:00","23:35:00",35,"Meal ",34,4.4,3,"motorcycle ",1,"No ","Urban ","Fog","Low ",1
"21/03/2022","18:10:00","18:15:00",31,"Meal ",34,4.3,13,"motorcycle ",2,"No ","Metropolitian ","Windy","Medium ",1
"16/03/2022","18:25:00","18:30:00",42,"Drinks ",34,4.7,16,"electric_scooter ",2,"No ","Metropolitian ","Fog","Medium ",0
"25/03/2022","21:50:00","22:00:00",25,"Meal ",35,4.8,23,"motorcycle ",1,"No ","Metropolitian ","Sandstorms","Jam ",1
"14/02/2022","23:30:00","23:35:00",37,"Snack ",35,4.7,7,"motorcycle ",0,"No ","Metropolitian ","Fog","Low ",1
"2/04/2022","21:10:00","21:20:00",36,"Meal ",36,4.1,4,"electric_scooter ",2,"No ","Metropolitian ","Stormy","Jam ",1
"4/04/2022","21:55:00","22:00:00",36,"Buffet ",25,4.2,13,"motorcycle ",2,"No ","Metropolitian ","Cloudy","Jam ",1
"4/03/2022","20:15:00","20:25:00",35,"Drinks ",31,4,9,"motorcycle ",0,"No ","Metropolitian ","Windy","Jam ",1
"5/03/2022","10:25:00","10:40:00",29,"Snack ",36,5,13,"scooter ",1,"No ","Metropolitian ","Sunny","Low ",1
"30/03/2022","22:45:00","23:00:00",24,"Meal ",21,4.9,23,"motorcycle ",0,"No ","Metropolitian ","Fog","Low ",1
"26/03/2022","19:35:00","19:45:00",25,"Snack ",35,4.6,17,"motorcycle ",1,"No ","Metropolitian ","Fog","Jam ",1
"13/02/2022","15:35:00","15:40:00",16,"Drinks ",35,5,23,"electric_scooter ",2,"No ","Urban ","Fog","Medium ",1
"15/03/2022","18:50:00","19:05:00",22,"Buffet ",36,4.9,17,"scooter ",2,"No ","Metropolitian ","Sunny","Medium ",1
"12/02/2022","21:20:00","21:35:00",28,"Drinks ",27,4.6,6,"scooter ",2,"No ","Metropolitian ","Windy","Jam ",0
"26/03/2022","13:40:00","13:55:00",13,"Buffet ",27,4.6,19,"scooter ",1,"No ","Metropolitian ","Sandstorms","High ",1
"14/03/2022","21:50:00","22:05:00",25,"Snack ",36,4.6,23,"scooter ",1,"No ","Metropolitian ","Windy","Jam ",1
"2/04/2022","17:35:00","17:45:00",39,"Meal ",39,4.6,2,"motorcycle ",0,"No ","Metropolitian ","Sunny","Medium ",0
"4/03/2022","19:40:00","19:55:00",32,"Buffet ",30,3.5,2,"motorcycle ",1,"No ","Metropolitian ","Stormy","Jam ",0
"13/03/2022","14:10:00","14:20:00",49,"Snack ",31,4.7,23,"motorcycle ",0,"Yes ","Semi-Urban ","Windy","High ",3
"31/03/2022","17:20:00","17:30:00",38,"Drinks ",21,4.8,11,"motorcycle ",0,"No ","Metropolitian ","Cloudy","Medium ",1
"17/03/2022","9:35:00","9:50:00",19,"Meal ",35,4.8,23,"motorcycle ",1,"No ","Metropolitian ","Sunny","Low ",1
"28/03/2022","20:30:00","20:35:00",23,"Drinks ",20,4.8,23,"motorcycle ",1,"No ","Metropolitian ","Fog","Jam ",0
"4/04/2022","17:20:00","17:30:00",25,"Drinks ",29,4.5,1,"scooter ",1,"No ","Metropolitian ","Cloudy","Medium ",0
"26/03/2022","8:45:00","8:55:00",26,"Meal ",36,4.6,16,"electric_scooter ",2,"No ","Metropolitian ","Windy","Low ",1
"17/02/2022","21:40:00","21:55:00",32,"Drinks ",39,4,16,"scooter ",1,"No ","Metropolitian ","Fog","Jam ",1
"20/03/2022","19:40:00","19:55:00",18,"Meal ",20,4.9,23,"motorcycle ",2,"No ","Metropolitian ","Stormy","Jam ",1
"5/03/2022","10:25:00","10:40:00",29,"Snack ",36,5,13,"scooter ",1,"No ","Metropolitian ","Sunny","Low ",1
"11/03/2022","19:15:00","19:20:00",17,"Meal ",28,4.7,19,"motorcycle ",1,"No ","Urban ","Sunny","Jam ",1
"11/02/2022","8:25:00","8:35:00",27,"Snack ",36,4,14,"motorcycle ",0,"No ","Metropolitian ","Stormy","Low ",0
"17/03/2022","23:15:00","23:20:00",27,"Drinks ",39,4.9,12,"motorcycle ",2,"No ","Metropolitian ","Sandstorms","Low ",1
"11/02/2022","23:50:00","0:00:00",19,"Meal ",31,4.6,8,"motorcycle ",1,"No ","Metropolitian ","Fog","Low ",1
"17/02/2022","19:50:00","20:00:00",13,"Buffet ",27,4.7,16,"motorcycle ",1,"No ","Urban ","Windy","Jam ",1
"7/03/2022","16:30:00","16:45:00",24,"Buffet ",28,4.8,23,"motorcycle ",0,"No ","Metropolitian ","Sunny","Medium ",1
"30/03/2022","23:30:00","23:35:00",19,"Drinks ",38,5,9,"scooter ",1,"No ","Metropolitian ","Fog","Low ",0
"13/03/2022","23:40:00","23:55:00",12,"Snack ",24,4.9,23,"scooter ",1,"No ","Urban ","Windy","Low ",0
"29/03/2022","21:25:00","21:30:00",37,"Drinks ",30,4.4,4,"motorcycle ",1,"No ","Metropolitian ","Fog","Jam ",0
"5/04/2022","11:25:00","11:30:00",17,"Drinks ",23,4.8,16,"motorcycle ",0,"No ","Urban ","Windy","High ",1
"14/03/2022","22:20:00","22:35:00",16,"Meal ",25,4.7,23,"scooter ",2,"No ","Metropolitian ","Sandstorms","Low ",1
"11/03/2022","17:50:00","18:00:00",21,"Buffet ",29,4.7,21,"motorcycle ",0,"No ","Metropolitian ","Sunny","Medium ",1
"24/03/2022","16:25:00","16:30:00",29,"Meal ",36,4.6,8,"motorcycle ",0,"No ","Metropolitian ","Stormy","Medium ",1
"5/04/2022","11:55:00","12:00:00",33,"Meal ",39,4.1,6,"motorcycle ",1,"No ","Metropolitian ","Windy","High ",1
"2/03/2022","22:35:00","22:40:00",39,"Buffet ",38,3.7,3,"scooter ",1,"No ","Metropolitian ","Fog","Low ",1
"16/02/2022","21:35:00","21:45:00",48,"Meal ",34,4.7,8,"scooter ",2,"No ","Metropolitian ","Stormy","Jam ",0
"3/04/2022","14:50:00","15:00:00",33,"Meal ",20,4,15,"scooter ",2,"No ","Metropolitian ","Fog","High ",1
"29/03/2022","21:55:00","22:00:00",30,"Meal ",25,5,3,"motorcycle ",0,"No ","Metropolitian ","Sandstorms","Jam ",0
"1/03/2022","18:15:00","18:20:00",36,"Drinks ",33,4.8,6,"motorcycle ",0,"No ","Metropolitian ","Windy","Medium ",2
"15/03/2022","12:40:00","12:45:00",33,"Meal ",34,5,9,"motorcycle ",0,"No ","Metropolitian ","Windy","High ",1
"27/03/2022","23:00:00","23:10:00",22,"Meal ",34,4.6,19,"motorcycle ",0,"No ","Metropolitian ","Sunny","Low ",1
"8/03/2022","20:55:00","21:00:00",41,"Buffet ",37,4.2,8,"scooter ",1,"No ","Metropolitian ","Windy","Jam ",1
"26/03/2022","9:30:00","9:40:00",21,"Meal ",27,4.5,18,"motorcycle ",0,"No ","Metropolitian ","Cloudy","Low ",1
"17/02/2022","21:20:00","21:30:00",14,"Drinks ",28,4.6,15,"electric_scooter ",2,"No ","Urban ","Sunny","Jam ",0
"2/03/2022","22:55:00","23:05:00",24,"Buffet ",29,5,23,"scooter ",2,"No ","Urban ","Cloudy","Low ",1
"4/04/2022","18:45:00","18:55:00",49,"Buffet ",34,4.6,13,"motorcycle ",0,"No ","Metropolitian ","Fog","Medium ",1
"4/03/2022","0:00:00","0:10:00",23,"Meal ",28,4.6,15,"motorcycle ",0,"No ","Urban ","Stormy","Low ",1
"14/03/2022","18:30:00","18:35:00",36,"Buffet ",35,4,3,"scooter ",2,"No ","Urban ","Cloudy","Medium ",1
"2/03/2022","22:30:00","22:45:00",26,"Snack ",27,4.8,13,"motorcycle ",1,"No ","Metropolitian ","Fog","Low ",1
"4/04/2022","22:50:00","23:05:00",34,"Drinks ",31,4.5,16,"motorcycle ",2,"No ","Urban ","Fog","Low ",1
"14/02/2022","18:25:00","18:40:00",47,"Snack ",36,4.5,2,"motorcycle ",0,"Yes ","Urban ","Cloudy","Medium ",1
"23/03/2022","19:10:00","19:20:00",25,"Buffet ",35,5,17,"motorcycle ",1,"No ","Metropolitian ","Stormy","Jam ",1
"28/03/2022","21:00:00","21:10:00",30,"Drinks ",31,4.8,9,"motorcycle ",0,"No ","Metropolitian ","Cloudy","Jam ",1
"23/03/2022","19:55:00","20:00:00",44,"Drinks ",27,4.7,2,"motorcycle ",0,"No ","Metropolitian ","Cloudy","Jam ",1
"12/03/2022","21:10:00","21:20:00",32,"Buffet ",29,4.7,16,"scooter ",1,"No ","Metropolitian ","Fog","Jam ",1
"11/03/2022","22:35:00","22:45:00",18,"Meal ",21,4.6,14,"motorcycle ",0,"No ","Metropolitian ","Fog","Low ",0
"3/03/2022","13:35:00","13:45:00",30,"Meal ",26,4.8,17,"motorcycle ",1,"No ","Metropolitian ","Fog","High ",1
"2/03/2022","22:45:00","22:55:00",35,"Buffet ",39,3.5,4,"scooter ",2,"No ","Metropolitian ","Fog","Low ",1
"29/03/2022","17:15:00","17:25:00",49,"Meal ",31,4.7,11,"motorcycle ",0,"No ","Metropolitian ","Fog","Medium ",3
"2/04/2022","17:45:00","18:00:00",24,"Buffet ",21,5,15,"motorcycle ",0,"No ","Urban ","Windy","Medium ",1
"2/04/2022","19:30:00","19:35:00",26,"Meal ",23,4.6,21,"motorcycle ",0,"No ","Metropolitian ","Windy","Jam ",1
"31/03/2022","23:35:00","23:40:00",22,"Drinks ",27,4.8,23,"motorcycle ",0,"No ","Metropolitian ","Fog","Low ",1
"12/02/2022","22:55:00","23:10:00",35,"Buffet ",31,3.8,12,"motorcycle ",1,"No ","Metropolitian ","Fog","Low ",2
"3/04/2022","10:55:00","11:05:00",25,"Snack ",30,4.4,9,"motorcycle ",0,"No ","Metropolitian ","Windy","Low ",1
"26/03/2022","20:20:00","20:30:00",29,"Meal ",38,5,4,"motorcycle ",2,"No ","Metropolitian ","Cloudy","Jam ",1
"25/03/2022","18:35:00","18:40:00",31,"Snack ",34,4.9,6,"motorcycle ",0,"No ","Metropolitian ","Windy","Medium ",0
"3/03/2022","16:25:00","16:35:00",19,"Meal ",35,4.5,6,"electric_scooter ",2,"No ","Urban ","Fog","Medium ",1
"9/03/2022","8:30:00","8:45:00",20,"Meal ",33,4.2,2,"motorcycle ",0,"No ","Metropolitian ","Stormy","Low ",0
"26/03/2022","21:45:00","21:50:00",21,"Buffet ",34,4.8,18,"motorcycle ",0,"No ","Urban ","Sunny","Jam ",0
"3/03/2022","13:15:00","13:30:00",33,"Snack ",31,4.7,23,"scooter ",2,"No ","Metropolitian ","Stormy","High ",1
"11/03/2022","9:30:00","9:45:00",22,"Snack ",33,4.8,9,"scooter ",2,"No ","Metropolitian ","Windy","Low ",0
"13/03/2022","11:10:00","11:25:00",31,"Buffet ",33,5,13,"scooter ",2,"No ","Metropolitian ","Cloudy","High ",0
"29/03/2022","18:35:00","18:40:00",37,"Buffet ",28,4.9,3,"electric_scooter ",2,"No ","Metropolitian ","Fog","Medium ",2
"4/03/2022","19:10:00","19:15:00",42,"Drinks ",33,4.1,9,"motorcycle ",1,"No ","Metropolitian ","Sandstorms","Jam ",1
"12/03/2022","17:20:00","17:35:00",39,"Drinks ",37,4.8,21,"motorcycle ",0,"No ","Metropolitian ","Cloudy","Medium ",1
"21/03/2022","9:15:00","9:20:00",25,"Snack ",31,5,19,"scooter ",1,"No ","Metropolitian ","Stormy","Low ",0
"25/03/2022","22:20:00","22:25:00",14,"Meal ",24,4.7,12,"scooter ",2,"No ","Metropolitian ","Stormy","Low ",0
"13/03/2022","21:40:00","21:45:00",17,"Meal ",22,4.6,19,"scooter ",1,"No ","Metropolitian ","Sunny","Jam ",1
"25/03/2022","18:20:00","18:25:00",18,"Buffet ",22,4.6,22,"scooter ",2,"No ","Metropolitian ","Sunny","Medium ",1
"4/04/2022","19:45:00","19:50:00",22,"Buffet ",20,4.6,19,"electric_scooter ",2,"No ","Metropolitian ","Stormy","Jam ",0
"4/04/2022","19:10:00","19:25:00",42,"Buffet ",22,4.3,13,"electric_scooter ",2,"No ","Metropolitian ","Cloudy","Jam ",2
"24/03/2022","16:10:00","16:15:00",27,"Snack ",25,4.9,18,"motorcycle ",1,"No ","Urban ","Stormy","Medium ",1
"5/03/2022","11:40:00","11:55:00",30,"Snack ",32,4.7,23,"motorcycle ",1,"No ","Urban ","Stormy","High ",1
"23/03/2022","23:30:00","23:35:00",19,"Meal ",31,4.9,19,"motorcycle ",1,"No ","Urban ","Sunny","Low ",1
"5/04/2022","8:45:00","8:50:00",12,"Snack ",28,4.9,23,"scooter ",2,"No ","Metropolitian ","Windy","Low ",0
"16/03/2022","22:20:00","22:25:00",10,"Snack ",27,4.7,18,"electric_scooter ",2,"No ","Urban ","Sandstorms","Low ",0
"7/03/2022","19:35:00","19:50:00",32,"Buffet ",32,4.7,22,"motorcycle ",1,"No ","Metropolitian ","Sunny","Jam ",1
"19/03/2022","18:55:00","19:05:00",24,"Buffet ",22,4.5,1,"motorcycle ",0,"No ","Urban ","Windy","Medium ",0
"16/02/2022","17:40:00","17:55:00",19,"Buffet ",25,4.5,9,"electric_scooter ",2,"No ","Metropolitian ","Sunny","Medium ",1
"2/03/2022","23:20:00","23:30:00",28,"Drinks ",31,4.9,15,"scooter ",2,"No ","Metropolitian ","Fog","Low ",1
"27/03/2022","20:35:00","20:45:00",36,"Meal ",37,4.8,3,"motorcycle ",0,"No ","Metropolitian ","Windy","Jam ",0
"12/03/2022","23:50:00","23:55:00",14,"Snack ",23,5,19,"scooter ",1,"No ","Metropolitian ","Stormy","Low ",0
"21/03/2022","11:30:00","11:40:00",24,"Drinks ",32,4.6,19,"motorcycle ",1,"No ","Metropolitian ","Sunny","High ",1
"12/03/2022","23:35:00","23:50:00",31,"Drinks ",37,4.2,11,"motorcycle ",2,"No ","Metropolitian ","Cloudy","Low ",1
"13/02/2022","21:25:00","21:30:00",35,"Buffet ",34,4.9,5,"scooter ",2,"No ","Metropolitian ","Fog","Jam ",1
"15/03/2022","8:35:00","8:45:00",23,"Drinks ",38,4.6,13,"electric_scooter ",2,"No ","Metropolitian ","Sandstorms","Low ",1
"21/03/2022","23:00:00","23:15:00",19,"Meal ",36,4.7,16,"motorcycle ",2,"No ","Urban ","Cloudy","Low ",1
"1/04/2022","9:20:00","9:35:00",23,"Drinks ",22,4.1,23,"motorcycle ",0,"No ","Metropolitian ","Sandstorms","Low ",1
"24/03/2022","20:40:00","20:55:00",24,"Snack ",24,4.9,9,"motorcycle ",1,"No ","Metropolitian ","Stormy","Jam ",0
"18/02/2022","21:10:00","21:25:00",42,"Meal ",37,4.9,5,"motorcycle ",0,"No ","Metropolitian ","Fog","Jam ",1
"27/03/2022","23:00:00","23:05:00",15,"Buffet ",21,4.6,19,"motorcycle ",2,"No ","Metropolitian ","Sandstorms","Low ",0
"25/03/2022","19:50:00","19:55:00",30,"Snack ",22,4.8,3,"motorcycle ",0,"No ","Metropolitian ","Sandstorms","Jam ",1
"18/03/2022","17:50:00","18:05:00",17,"Drinks ",20,4.8,4,"scooter ",1,"No ","Metropolitian ","Sandstorms","Medium ",1
"16/02/2022","17:15:00","17:30:00",24,"Buffet ",31,4.6,6,"motorcycle ",2,"No ","Metropolitian ","Stormy","Medium ",0
"13/03/2022","23:40:00","23:45:00",12,"Meal ",25,4.8,23,"motorcycle ",1,"No ","Metropolitian ","Sandstorms","Low ",1
"9/03/2022","22:20:00","22:30:00",28,"Meal ",37,4.5,12,"motorcycle ",0,"No ","Metropolitian ","Windy","Low ",1
"3/03/2022","21:50:00","22:05:00",24,"Snack ",20,5,18,"motorcycle ",1,"No ","Metropolitian ","Fog","Jam ",1
"13/03/2022","17:40:00","17:45:00",18,"Buffet ",35,4.7,19,"scooter ",1,"No ","Urban ","Fog","Medium ",1
"11/03/2022","21:50:00","22:05:00",31,"Snack ",30,4.4,23,"motorcycle ",0,"No ","Metropolitian ","Windy","Jam ",1
"4/04/2022","23:50:00","23:55:00",24,"Drinks ",38,4.6,23,"motorcycle ",0,"No ","Metropolitian ","Windy","Low ",1
"28/03/2022","10:35:00","10:50:00",15,"Buffet ",23,4.9,15,"electric_scooter ",2,"No ","Metropolitian ","Sandstorms","Low ",0
"25/03/2022","17:25:00","17:35:00",42,"Meal ",20,4.9,4,"motorcycle ",0,"No ","Metropolitian ","Fog","Medium ",1
"16/03/2022","17:30:00","17:35:00",42,"Drinks ",26,4.9,16,"motorcycle ",0,"No ","Metropolitian ","Cloudy","Medium ",1
"15/02/2022","10:40:00","10:50:00",19,"Meal ",26,4.8,18,"motorcycle ",1,"No ","Urban ","Fog","Low ",1
"6/04/2022","22:45:00","23:00:00",23,"Snack ",38,4.5,2,"motorcycle ",0,"No ","Metropolitian ","Sunny","Low ",1
"2/04/2022","19:00:00","19:15:00",34,"Drinks ",20,4.1,2,"electric_scooter ",2,"No ","Metropolitian ","Fog","Medium ",0
"17/02/2022","15:25:00","15:40:00",33,"Buffet ",33,4.6,22,"electric_scooter ",2,"No ","Urban ","Sandstorms","Medium ",1
"25/03/2022","18:30:00","18:45:00",36,"Snack ",30,4,8,"motorcycle ",0,"No ","Metropolitian ","Sunny","Medium ",1
"19/03/2022","11:45:00","11:50:00",31,"Meal ",33,5,22,"motorcycle ",1,"No ","Metropolitian ","Windy","High ",1
"25/03/2022","21:30:00","21:40:00",51,"Meal ",36,4.6,6,"motorcycle ",0,"No ","Metropolitian ","Cloudy","Jam ",1
"6/04/2022","22:10:00","22:25:00",23,"Snack ",32,4.6,18,"motorcycle ",1,"No ","Urban ","Sandstorms","Low ",0
"14/02/2022","21:15:00","21:30:00",45,"Drinks ",29,4.6,4,"motorcycle ",0,"No ","Metropolitian ","Fog","Jam ",2
"12/03/2022","21:25:00","21:30:00",50,"Meal ",33,4.7,22,"motorcycle ",0,"No ","Metropolitian ","Cloudy","Jam ",1
"11/02/2022","17:15:00","17:25:00",29,"Snack ",37,4.9,8,"motorcycle ",0,"No ","Metropolitian ","Sandstorms","Medium ",1
"23/03/2022","23:50:00","23:55:00",23,"Snack ",32,4.7,18,"scooter ",2,"No ","Urban ","Windy","Low ",1
"3/03/2022","17:25:00","17:40:00",10,"Drinks ",29,4.8,17,"motorcycle ",1,"No ","Metropolitian ","Stormy","Medium ",0
"13/03/2022","8:30:00","8:35:00",24,"Drinks ",37,4.9,23,"scooter ",1,"No ","Urban ","Windy","Low ",1
"19/03/2022","20:55:00","21:00:00",25,"Buffet ",33,5,23,"scooter ",2,"No ","Metropolitian ","Fog","Jam ",0
"11/03/2022","10:35:00","10:45:00",23,"Meal ",33,4.7,16,"scooter ",2,"No ","Metropolitian ","Windy","Low ",0
"3/03/2022","17:55:00","18:05:00",31,"Drinks ",30,4.7,19,"scooter ",2,"No ","Metropolitian ","Windy","Medium ",1
"6/03/2022","22:20:00","22:30:00",28,"Buffet ",35,4.7,16,"scooter ",2,"No ","Metropolitian ","Windy","Low ",1
"21/03/2022","9:20:00","9:30:00",24,"Drinks ",24,4.2,1,"motorcycle ",0,"No ","Urban ","Sandstorms","Low ",1
"17/03/2022","9:10:00","9:20:00",29,"Drinks ",34,4.8,16,"scooter ",2,"No ","Metropolitian ","Sandstorms","Low ",1
"14/03/2022","23:30:00","23:45:00",20,"Meal ",22,4.9,12,"motorcycle ",0,"No ","Metropolitian ","Cloudy","Low ",1
"11/02/2022","13:35:00","13:45:00",31,"Drinks ",38,5,4,"scooter ",1,"No ","Metropolitian ","Windy","High ",1
"1/04/2022","17:15:00","17:25:00",31,"Snack ",39,4.4,9,"motorcycle ",0,"No ","Metropolitian ","Sandstorms","Medium ",1
"31/03/2022","22:15:00","22:30:00",21,"Meal ",20,4.9,12,"motorcycle ",0,"No ","Metropolitian ","Sandstorms","Low ",1
"13/02/2022","16:25:00","16:40:00",21,"Drinks ",20,4.9,7,"scooter ",2,"No ","Metropolitian ","Stormy","Medium ",0
"5/04/2022","9:40:00","9:50:00",24,"Drinks ",36,5,17,"scooter ",2,"No ","Metropolitian ","Stormy","Low ",1
"3/04/2022","11:35:00","11:40:00",25,"Drinks ",25,5,19,"motorcycle ",1,"No ","Urban ","Stormy","High ",0
"17/02/2022","11:40:00","11:45:00",26,"Buffet ",32,4.8,7,"electric_scooter ",2,"No ","Metropolitian ","Sandstorms","High ",1
"15/02/2022","21:50:00","21:55:00",38,"Meal ",38,4.3,6,"electric_scooter ",2,"No ","Metropolitian ","Fog","Jam ",1
"1/04/2022","8:30:00","8:45:00",26,"Snack ",33,4.2,22,"motorcycle ",0,"No ","Metropolitian ","Sandstorms","Low ",1
"12/03/2022","19:40:00","19:55:00",24,"Meal ",22,5,16,"scooter ",2,"No ","Urban ","Stormy","Jam ",1
"21/03/2022","18:50:00","19:00:00",30,"Buffet ",36,5,1,"motorcycle ",1,"No ","Metropolitian ","Stormy","Medium ",1
"5/04/2022","22:10:00","22:15:00",13,"Meal ",34,4.9,16,"motorcycle ",1,"No ","Urban ","Sunny","Low ",1
"5/04/2022","16:35:00","16:45:00",25,"Snack ",30,4.9,21,"motorcycle ",0,"No ","Metropolitian ","Stormy","Medium ",1
"26/03/2022","14:45:00","15:00:00",32,"Meal ",35,5,15,"electric_scooter ",2,"No ","Urban ","Sandstorms","High ",0
"12/03/2022","22:55:00","23:10:00",20,"Meal ",22,5,23,"scooter ",1,"No ","Metropolitian ","Cloudy","Low ",1
"11/03/2022","18:30:00","18:35:00",35,"Drinks ",38,4.3,18,"motorcycle ",0,"No ","Metropolitian ","Windy","Medium ",0
"1/03/2022","23:45:00","0:00:00",10,"Snack ",26,4.6,22,"motorcycle ",1,"No ","Urban ","Sandstorms","Low ",0
"12/02/2022","19:35:00","19:50:00",34,"Buffet ",29,4.9,6,"motorcycle ",0,"No ","Metropolitian ","Sandstorms","Jam ",0
"21/03/2022","23:30:00","23:45:00",23,"Snack ",38,4.8,23,"motorcycle ",0,"No ","Urban ","Sunny","Low ",1
"13/03/2022","10:40:00","10:55:00",13,"Meal ",29,4.6,17,"scooter ",2,"No ","Urban ","Fog","Low ",0
"1/03/2022","9:50:00","9:55:00",11,"Drinks ",20,5,15,"motorcycle ",1,"No ","Metropolitian ","Sandstorms","Low ",0
"27/03/2022","18:25:00","18:30:00",25,"Snack ",35,5,9,"scooter ",2,"No ","Metropolitian ","Windy","Medium ",1
"21/03/2022","18:35:00","18:50:00",16,"Snack ",29,4.8,14,"scooter ",2,"No ","Metropolitian ","Cloudy","Medium ",0
"11/02/2022","19:45:00","19:55:00",34,"Buffet ",34,4.3,9,"scooter ",1,"No ","Metropolitian ","Windy","Jam ",0
"18/03/2022","20:10:00","20:20:00",34,"Meal ",29,4.8,9,"motorcycle ",0,"No ","Metropolitian ","Stormy","Jam ",1
"4/04/2022","23:15:00","23:20:00",16,"Drinks ",20,4.8,23,"motorcycle ",0,"No ","Metropolitian ","Stormy","Low ",1
"19/03/2022","8:50:00","9:05:00",15,"Snack ",38,4.9,7,"scooter ",2,"No ","Metropolitian ","Cloudy","Low ",0
"14/03/2022","18:45:00","19:00:00",31,"Buffet ",23,4.7,23,"scooter ",1,"No ","Urban ","Fog","Medium ",1
"27/03/2022","18:00:00","18:10:00",37,"Drinks ",34,5,15,"motorcycle ",0,"No ","Urban ","Fog","Medium ",1
"8/03/2022","20:45:00","20:50:00",33,"Snack ",28,4.1,1,"scooter ",2,"No ","Metropolitian ","Fog","Jam ",1
"21/03/2022","11:20:00","11:30:00",39,"Buffet ",37,4.3,3,"electric_scooter ",2,"No ","Metropolitian ","Fog","High ",1
"9/03/2022","17:30:00","17:35:00",26,"Buffet ",24,4.7,23,"scooter ",2,"No ","Metropolitian ","Windy","Medium ",1
"21/03/2022","10:50:00","10:55:00",12,"Meal ",28,4.8,23,"motorcycle ",2,"No ","Metropolitian ","Cloudy","Low ",0
"25/03/2022","17:35:00","17:45:00",34,"Drinks ",27,4.6,16,"motorcycle ",0,"No ","Urban ","Cloudy","Medium ",1
"2/04/2022","19:20:00","19:30:00",28,"Drinks ",29,4.9,15,"scooter ",1,"No ","Urban ","Sandstorms","Jam ",0
"17/03/2022","13:30:00","13:35:00",21,"Meal ",24,4.6,7,"electric_scooter ",2,"No ","Metropolitian ","Fog","High ",1
"12/02/2022","0:00:00","0:05:00",22,"Snack ",26,4.8,2,"motorcycle ",0,"No ","Metropolitian ","Fog","Low ",0
"1/03/2022","14:50:00","15:05:00",27,"Snack ",39,5,14,"scooter ",2,"No ","Metropolitian ","Stormy","High ",1
"27/03/2022","17:55:00","18:05:00",37,"Buffet ",33,5,2,"motorcycle ",0,"No ","Metropolitian ","Windy","Medium ",1
"24/03/2022","0:00:00","0:05:00",22,"Snack ",39,4.3,22,"motorcycle ",0,"No ","Metropolitian ","Windy","Low ",1
"18/03/2022","21:40:00","21:50:00",40,"Snack ",33,4.6,18,"motorcycle ",0,"No ","Metropolitian ","Cloudy","Jam ",1
"13/03/2022","21:10:00","21:25:00",19,"Snack ",37,4.9,16,"electric_scooter ",2,"No ","Urban ","Sunny","Jam ",1
"1/03/2022","8:25:00","8:30:00",15,"Snack ",29,4.4,5,"motorcycle ",0,"No ","Urban ","Sandstorms","Low ",0
"31/03/2022","20:45:00","21:00:00",31,"Drinks ",31,4.9,4,"motorcycle ",0,"No ","Metropolitian ","Sunny","Jam ",1
"3/03/2022","12:30:00","12:40:00",32,"Meal ",36,4,3,"motorcycle ",2,"No ","Metropolitian ","Windy","High ",1
"16/03/2022","18:35:00","18:45:00",16,"Snack ",25,4.9,21,"scooter ",1,"No ","Metropolitian ","Stormy","Medium ",1
"15/03/2022","17:30:00","17:40:00",28,"Drinks ",23,4.6,18,"scooter ",2,"No ","Urban ","Sandstorms","Medium ",0
"19/03/2022","11:00:00","11:15:00",12,"Drinks ",27,4.6,17,"scooter ",2,"No ","Metropolitian ","Stormy","Low ",0
"28/03/2022","21:50:00","22:05:00",32,"Meal ",32,4.2,11,"motorcycle ",0,"No ","Metropolitian ","Fog","Jam ",1
"11/03/2022","10:15:00","10:30:00",10,"Meal ",23,4.6,15,"electric_scooter ",2,"No ","Urban ","Cloudy","Low ",1
"18/02/2022","22:00:00","22:10:00",28,"Snack ",30,4.8,4,"scooter ",2,"No ","Metropolitian ","Fog","Jam ",1
"1/03/2022","17:40:00","17:50:00",27,"Drinks ",30,4.6,13,"scooter ",2,"No ","Metropolitian ","Windy","Medium ",1
"16/03/2022","22:40:00","22:50:00",26,"Meal ",31,4.7,16,"motorcycle ",0,"No ","Metropolitian ","Sandstorms","Low ",1
"8/03/2022","17:35:00","17:45:00",13,"Buffet ",24,4.5,3,"electric_scooter ",2,"No ","Urban ","Sandstorms","Medium ",0
"12/02/2022","17:50:00","18:05:00",26,"Snack ",21,4.6,9,"electric_scooter ",2,"No ","Metropolitian ","Sandstorms","Medium ",1
"18/03/2022","21:15:00","21:25:00",18,"Meal ",29,4.6,4,"scooter ",2,"No ","Metropolitian ","Windy","Jam ",1
"2/03/2022","20:25:00","20:35:00",27,"Buffet ",38,4.6,18,"scooter ",1,"No ","Metropolitian ","Sandstorms","Jam ",1
"3/03/2022","8:25:00","8:30:00",16,"Meal ",23,4.6,23,"scooter ",2,"No ","Metropolitian ","Fog","Low ",0
"17/02/2022","22:45:00","23:00:00",10,"Meal ",20,4.8,8,"motorcycle ",2,"No ","Metropolitian ","Sandstorms","Low ",1
"5/03/2022","10:35:00","10:50:00",18,"Buffet ",32,4.7,18,"scooter ",1,"No ","Urban ","Stormy","Low ",1
"15/02/2022","9:50:00","10:00:00",22,"Meal ",34,4.3,4,"motorcycle ",0,"No ","Urban ","Windy","Low ",0
"25/03/2022","21:50:00","22:00:00",34,"Snack ",27,4.1,2,"motorcycle ",0,"No ","Metropolitian ","Sunny","Jam ",0
"30/03/2022","10:55:00","11:10:00",19,"Drinks ",29,4.4,14,"motorcycle ",0,"No ","Metropolitian ","Windy","Low ",1
"4/03/2022","23:30:00","23:45:00",19,"Snack ",21,4.8,9,"motorcycle ",0,"No ","Metropolitian ","Windy","Low ",0
"3/04/2022","15:55:00","16:00:00",26,"Snack ",31,4.8,16,"scooter ",1,"No ","Urban ","Sandstorms","Medium ",0
"5/04/2022","15:55:00","16:10:00",33,"Buffet ",32,4.9,19,"motorcycle ",0,"No ","Metropolitian ","Sandstorms","Medium ",0
"13/03/2022","9:40:00","9:45:00",22,"Drinks ",34,4.9,18,"scooter ",2,"No ","Urban ","Stormy","Low ",1
"17/02/2022","21:35:00","21:40:00",20,"Drinks ",26,4.5,4,"motorcycle ",0,"No ","Metropolitian ","Sandstorms","Jam ",1
"16/02/2022","20:50:00","21:00:00",45,"Meal ",36,4.4,5,"scooter ",2,"No ","Metropolitian ","Fog","Jam ",2
"9/03/2022","23:30:00","23:35:00",10,"Meal ",24,4.7,15,"scooter ",1,"No ","Metropolitian ","Windy","Low ",0
"14/02/2022","21:10:00","21:25:00",24,"Snack ",26,4.7,19,"motorcycle ",2,"No ","Urban ","Windy","Jam ",0
"19/03/2022","20:40:00","20:55:00",20,"Snack ",29,5,23,"motorcycle ",0,"No ","Urban ","Sandstorms","Jam ",1
"5/03/2022","20:10:00","20:25:00",34,"Drinks ",30,4,6,"motorcycle ",0,"No ","Metropolitian ","Stormy","Jam ",1
"26/03/2022","20:30:00","20:45:00",26,"Snack ",35,4.8,16,"scooter ",1,"No ","Metropolitian ","Windy","Jam ",0
"19/03/2022","22:45:00","23:00:00",22,"Snack ",36,4.2,14,"motorcycle ",0,"No ","Metropolitian ","Stormy","Low ",0
"3/03/2022","12:30:00","12:35:00",39,"Drinks ",37,4.1,1,"motorcycle ",0,"No ","Metropolitian ","Sandstorms","High ",1
"12/03/2022","21:30:00","21:45:00",45,"Snack ",31,4.8,16,"motorcycle ",1,"Yes ","Urban ","Cloudy","Jam ",1
"23/03/2022","17:20:00","17:25:00",36,"Snack ",33,4.4,1,"scooter ",1,"No ","Metropolitian ","Fog","Medium ",1
"11/02/2022","20:45:00","20:55:00",22,"Buffet ",33,5,3,"motorcycle ",0,"No ","Metropolitian ","Sunny","Jam ",0
"20/03/2022","22:45:00","22:55:00",28,"Buffet ",24,4.7,22,"electric_scooter ",2,"No ","Urban ","Cloudy","Low ",1
"25/03/2022","21:35:00","21:45:00",44,"Drinks ",31,4.3,8,"motorcycle ",1,"No ","Metropolitian ","Windy","Jam ",0
"10/03/2022","22:25:00","22:30:00",17,"Snack ",24,4.6,15,"electric_scooter ",2,"No ","Metropolitian ","Sandstorms","Low ",0
"12/02/2022","19:00:00","19:10:00",18,"Drinks ",22,4.6,6,"motorcycle ",1,"No ","Metropolitian ","Sunny","Medium ",0
"19/03/2022","22:35:00","22:40:00",17,"Meal ",37,4.7,4,"motorcycle ",1,"No ","Metropolitian ","Fog","Low ",1
"5/04/2022","12:30:00","12:45:00",35,"Meal ",25,4.2,21,"motorcycle ",0,"No ","Urban ","Sandstorms","High ",1
"2/04/2022","18:35:00","18:45:00",36,"Drinks ",34,4.6,3,"scooter ",1,"No ","Metropolitian ","Cloudy","Medium ",1
"25/03/2022","22:15:00","22:30:00",25,"Buffet ",37,4.9,14,"scooter ",1,"No ","Metropolitian ","Sandstorms","Low ",0
"2/03/2022","20:55:00","21:10:00",31,"Meal ",28,4.1,3,"motorcycle ",0,"No ","Metropolitian ","Windy","Jam ",1
"9/03/2022","17:55:00","18:00:00",27,"Buffet ",38,4.8,9,"motorcycle ",0,"No ","Metropolitian ","Fog","Medium ",0
"4/04/2022","23:45:00","0:00:00",28,"Snack ",38,4.6,16,"scooter ",2,"No ","Urban ","Stormy","Low ",1
"28/03/2022","11:55:00","12:10:00",26,"Meal ",35,4.7,21,"motorcycle ",2,"No ","Metropolitian ","Sandstorms","High ",0
"2/04/2022","21:00:00","21:15:00",26,"Snack ",23,4.6,22,"motorcycle ",1,"No ","Metropolitian ","Sandstorms","Jam ",0
"24/03/2022","16:10:00","16:25:00",25,"Snack ",39,4.7,17,"scooter ",1,"No ","Urban ","Sandstorms","Medium ",0
"4/04/2022","23:55:00","0:05:00",25,"Buffet ",31,4.6,17,"electric_scooter ",2,"No ","Urban ","Cloudy","Low ",1
"14/02/2022","23:50:00","0:00:00",35,"Meal ",37,4.2,6,"electric_scooter ",2,"No ","Metropolitian ","Fog","Low ",0
"1/04/2022","23:45:00","23:55:00",19,"Snack ",32,5,21,"motorcycle ",2,"No ","Metropolitian ","Fog","Low ",0
"10/03/2022","21:15:00","21:20:00",39,"Meal ",38,4.4,15,"motorcycle ",1,"No ","Metropolitian ","Cloudy","Jam ",1
"14/03/2022","19:40:00","19:50:00",33,"Meal ",39,4.4,14,"motorcycle ",2,"No ","Metropolitian ","Stormy","Jam ",1
"5/04/2022","12:50:00","13:00:00",24,"Snack ",21,4.8,21,"motorcycle ",1,"No ","Metropolitian ","Fog","High ",1
"15/03/2022","20:55:00","21:00:00",30,"Snack ",27,4.5,15,"scooter ",2,"No ","Metropolitian ","Fog","Jam ",1
"11/03/2022","22:35:00","22:50:00",19,"Drinks ",37,4.9,21,"motorcycle ",1,"No ","Urban ","Cloudy","Low ",1
"10/03/2022","17:55:00","18:10:00",29,"Drinks ",25,4.5,23,"motorcycle ",1,"No ","Metropolitian ","Cloudy","Medium ",1
"3/03/2022","19:15:00","19:25:00",13,"Drinks ",29,4.7,14,"scooter ",1,"No ","Metropolitian ","Stormy","Jam ",0
"4/03/2022","21:15:00","21:30:00",44,"Buffet ",24,5,9,"motorcycle ",0,"No ","Metropolitian ","Stormy","Jam ",0
"5/04/2022","18:10:00","18:20:00",22,"Buffet ",26,4.8,19,"motorcycle ",0,"No ","Metropolitian ","Cloudy","Medium ",1
"30/03/2022","9:45:00","9:50:00",11,"Drinks ",29,4.7,3,"electric_scooter ",2,"No ","Urban ","Sandstorms","Low ",1
"23/03/2022","20:40:00","20:50:00",48,"Snack ",39,4.7,17,"motorcycle ",0,"No ","Semi-Urban ","Cloudy","Jam ",1
"9/03/2022","20:35:00","20:40:00",45,"Meal ",33,4,8,"motorcycle ",0,"No ","Metropolitian ","Stormy","Jam ",1
"11/02/2022","10:30:00","10:35:00",19,"Snack ",25,4.7,3,"scooter ",2,"No ","Metropolitian ","Stormy","Low ",0
"24/03/2022","9:15:00","9:25:00",26,"Meal ",32,4.8,23,"motorcycle ",2,"No ","Metropolitian ","Sandstorms","Low ",1
"3/03/2022","10:40:00","10:50:00",19,"Snack ",25,4.9,17,"scooter ",2,"No ","Urban ","Sunny","Low ",1
"14/03/2022","21:25:00","21:35:00",17,"Buffet ",33,4.9,19,"scooter ",1,"No ","Metropolitian ","Sunny","Jam ",1
"12/03/2022","23:55:00","0:10:00",22,"Buffet ",37,4.5,2,"scooter ",1,"No ","Urban ","Stormy","Low ",1
"16/02/2022","22:10:00","22:25:00",37,"Meal ",31,4.1,11,"scooter ",1,"No ","Metropolitian ","Fog","Low ",0
"7/03/2022","18:25:00","18:30:00",18,"Buffet ",21,4.9,21,"motorcycle ",1,"No ","Metropolitian ","Fog","Medium ",1
"3/03/2022","23:55:00","0:00:00",20,"Snack ",38,4.6,13,"motorcycle ",1,"No ","Metropolitian ","Stormy","Low ",0
"28/03/2022","12:15:00","12:30:00",44,"Meal ",29,3.6,7,"motorcycle ",0,"No ","Metropolitian ","Sunny","High ",0
"9/03/2022","20:45:00","20:55:00",31,"Buffet ",36,4.1,11,"motorcycle ",0,"No ","Metropolitian ","Fog","Jam ",1
"13/03/2022","11:15:00","11:20:00",25,"Drinks ",20,4.7,13,"scooter ",1,"No ","Metropolitian ","Fog","High ",1
"13/02/2022","8:35:00","8:40:00",28,"Drinks ",32,4.6,6,"scooter ",2,"No ","Metropolitian ","Stormy","Low ",1
"2/04/2022","21:50:00","22:05:00",22,"Snack ",33,5,23,"motorcycle ",2,"No ","Metropolitian ","Sunny","Jam ",0
"19/03/2022","22:55:00","23:10:00",21,"Snack ",28,4.6,1,"motorcycle ",0,"No ","Metropolitian ","Fog","Low ",1
"3/04/2022","19:50:00","20:05:00",15,"Snack ",33,4.8,21,"motorcycle ",1,"No ","Urban ","Sunny","Jam ",1
"17/03/2022","8:30:00","8:35:00",25,"Drinks ",20,4,4,"motorcycle ",0,"No ","Urban ","Windy","Low ",1
"8/03/2022","23:25:00","23:30:00",23,"Snack ",26,4.7,16,"motorcycle ",0,"No ","Metropolitian ","Sunny","Low ",1
"3/04/2022","17:45:00","17:55:00",30,"Snack ",30,4.5,13,"motorcycle ",1,"No ","Metropolitian ","Stormy","Medium ",1
"18/03/2022","17:50:00","17:55:00",22,"Drinks ",34,4.6,8,"electric_scooter ",2,"No ","Metropolitian ","Stormy","Medium ",1
"21/03/2022","8:10:00","8:20:00",17,"Drinks ",38,4.6,9,"scooter ",2,"No ","Metropolitian ","Cloudy","Low ",1
"24/03/2022","11:50:00","11:55:00",15,"Drinks ",36,4.5,6,"scooter ",2,"No ","Urban ","Sunny","High ",1
"1/03/2022","0:00:00","0:10:00",15,"Buffet ",35,4.5,21,"scooter ",2,"No ","Metropolitian ","Stormy","Low ",0
"17/02/2022","17:45:00","18:00:00",23,"Snack ",27,4.7,22,"motorcycle ",0,"No ","Urban ","Windy","Medium ",0
"12/03/2022","22:40:00","22:50:00",27,"Buffet ",38,4.8,18,"motorcycle ",2,"No ","Metropolitian ","Cloudy","Low ",1
"1/03/2022","9:35:00","9:45:00",26,"Drinks ",30,4.6,22,"motorcycle ",0,"No ","Metropolitian ","Sunny","Low ",0
"8/03/2022","20:00:00","20:15:00",39,"Meal ",27,4.6,23,"motorcycle ",0,"No ","Metropolitian ","Stormy","Jam ",1
"18/03/2022","20:50:00","21:05:00",31,"Drinks ",27,4.9,21,"motorcycle ",1,"No ","Metropolitian ","Cloudy","Jam ",1
"23/03/2022","22:20:00","22:25:00",23,"Buffet ",20,4.8,16,"motorcycle ",2,"No ","Metropolitian ","Cloudy","Low ",1
"3/04/2022","9:50:00","9:55:00",20,"Meal ",39,4.8,22,"motorcycle ",0,"No ","Metropolitian ","Fog","Low ",1
"15/03/2022","23:15:00","23:30:00",15,"Meal ",24,4.5,5,"scooter ",2,"No ","Urban ","Windy","Low ",1
"2/03/2022","18:20:00","18:25:00",34,"Buffet ",35,4.2,6,"scooter ",2,"No ","Metropolitian ","Stormy","Medium ",1
"11/02/2022","11:40:00","11:50:00",17,"Drinks ",38,4.9,4,"motorcycle ",2,"No ","Metropolitian ","Sunny","High ",0
"11/02/2022","18:40:00","18:55:00",21,"Meal ",25,4.8,16,"scooter ",1,"No ","Urban ","Windy","Medium ",0
"5/04/2022","11:20:00","11:35:00",26,"Drinks ",38,4.8,23,"motorcycle ",0,"No ","Metropolitian ","Sunny","High ",0
"13/03/2022","23:45:00","23:50:00",17,"Buffet ",21,4.7,9,"electric_scooter ",2,"No ","Metropolitian ","Stormy","Low ",0
"17/03/2022","11:00:00","11:05:00",13,"Meal ",21,5,15,"motorcycle ",1,"No ","Urban ","Cloudy","Low ",1
"5/04/2022","14:45:00","14:55:00",32,"Drinks ",35,4.1,5,"motorcycle ",0,"No ","Urban ","Sandstorms","High ",2
"30/03/2022","18:35:00","18:45:00",24,"Snack ",26,4.8,16,"motorcycle ",0,"No ","Metropolitian ","Sunny","Medium ",0
"3/04/2022","10:00:00","10:10:00",24,"Buffet ",31,4.6,23,"motorcycle ",0,"No ","Metropolitian ","Cloudy","Low ",1
"23/03/2022","20:25:00","20:30:00",33,"Drinks ",24,5,4,"motorcycle ",0,"No ","Metropolitian ","Stormy","Jam ",1
"25/03/2022","21:30:00","21:45:00",34,"Meal ",24,4.7,13,"motorcycle ",0,"No ","Metropolitian ","Windy","Jam ",0
"10/03/2022","21:15:00","21:20:00",45,"Meal ",29,4.5,17,"motorcycle ",0,"No ","Metropolitian ","Fog","Jam ",0
"2/04/2022","21:55:00","22:10:00",23,"Buffet ",29,4.7,22,"motorcycle ",2,"No ","Metropolitian ","Windy","Jam ",1
"7/03/2022","13:50:00","14:00:00",24,"Buffet ",33,4.5,16,"electric_scooter ",2,"No ","Metropolitian ","Sunny","High ",0
"2/03/2022","19:15:00","19:20:00",39,"Drinks ",22,4.8,13,"scooter ",1,"No ","Metropolitian ","Fog","Jam ",0
"27/03/2022","21:00:00","21:15:00",24,"Buffet ",26,4.8,23,"scooter ",2,"No ","Metropolitian ","Windy","Jam ",1
"27/03/2022","23:50:00","0:00:00",34,"Buffet ",33,3.5,7,"scooter ",1,"No ","Metropolitian ","Cloudy","Low ",1
"13/03/2022","13:50:00","13:55:00",16,"Snack ",35,4.8,22,"motorcycle ",1,"No ","Urban ","Sunny","High ",1
"29/03/2022","18:35:00","18:40:00",37,"Buffet ",28,4.9,3,"electric_scooter ",2,"No ","Metropolitian ","Fog","Medium ",2
"7/03/2022","17:15:00","17:30:00",21,"Meal ",39,5,17,"motorcycle ",2,"No ","Metropolitian ","Sunny","Medium ",0
"7/03/2022","17:00:00","17:05:00",27,"Drinks ",22,4.6,18,"motorcycle ",2,"No ","Metropolitian ","Stormy","Medium ",1
"5/03/2022","11:20:00","11:35:00",44,"Drinks ",22,3.5,6,"motorcycle ",0,"Yes ","Metropolitian ","Sunny","High ",1
"24/03/2022","8:40:00","8:50:00",21,"Snack ",27,5,16,"scooter ",1,"No ","Urban ","Sunny","Low ",0
"11/02/2022","9:00:00","9:05:00",16,"Meal ",24,4.9,6,"scooter ",2,"No ","Metropolitian ","Sandstorms","Low ",1
"5/04/2022","15:00:00","15:15:00",23,"Drinks ",23,4.6,23,"scooter ",2,"No ","Metropolitian ","Stormy","High ",1
"28/03/2022","9:45:00","10:00:00",24,"Snack ",28,4.6,14,"motorcycle ",0,"No ","Metropolitian ","Cloudy","Low ",1
"18/03/2022","23:40:00","23:55:00",27,"Buffet ",32,4.9,16,"scooter ",1,"No ","Urban ","Cloudy","Low ",1
"19/03/2022","20:00:00","20:10:00",29,"Snack ",28,4.9,18,"motorcycle ",1,"No ","Urban ","Cloudy","Jam ",0
"25/03/2022","20:35:00","20:45:00",40,"Drinks ",35,4.2,5,"motorcycle ",0,"No ","Metropolitian ","Windy","Jam ",1
"4/04/2022","20:30:00","20:45:00",42,"Buffet ",38,4.7,11,"scooter ",2,"Yes ","Metropolitian ","Fog","Jam ",1
"11/03/2022","12:00:00","12:10:00",13,"Drinks ",24,4.7,17,"electric_scooter ",2,"No ","Urban ","Sunny","High ",0
